realcoeff,binnedcoeff
2.2176449,2.2176449
-0.2243748,-0.2243748
-2.185611,-2.185611
0.607393,0.607393
0.0934048,0.0934048
-0.3635265,-0.3635265
0.1740214,0.1740214
-0.8556454,-0.8556454
0.7011917,0.7011917
-1.6116333,-1.6116333
-0.7391248,-0.7391248
0.3761599,0.3761599
-1.9465059,-1.9465059
-0.3379525,-0.3379525
0.2582278,0.2582278
-0.9547478,-0.9547478
0.1157765,0.1157765
1.2049741,1.2049741
-1.5005117,-1.5005117
-2.2176449,-2.2176449
-2.4420197,-2.4420197
-4.4032559,-4.4032559
-1.6102519,-1.6102519
-2.1242401,-2.1242401
-2.5811714,-2.5811714
-2.0436235,-2.0436235
-3.0732903,-3.0732903
-1.5164532,-1.5164532
-3.8292782,-3.8292782
-2.9567697,-2.9567697
-1.841485,-1.841485
-4.1641508,-4.1641508
-2.5555974,-2.5555974
-1.9594171,-1.9594171
-3.1723927,-3.1723927
-2.1018684,-2.1018684
-1.0126708,-1.0126708
-3.7181566,-3.7181566
0.2243748,0.2243748
2.4420197,2.4420197
-1.9612362,-1.9612362
0.8317678,0.8317678
0.3177796,0.3177796
-0.1391517,-0.1391517
0.3983962,0.3983962
-0.6312706,-0.6312706
0.9255665,0.9255665
-1.3872585,-1.3872585
-0.51475,-0.51475
0.6005347,0.6005347
-1.7221311,-1.7221311
-0.1135777,-0.1135777
0.4826026,0.4826026
-0.730373,-0.730373
0.3401513,0.3401513
1.4293489,1.4293489
-1.2761369,-1.2761369
2.185611,2.185611
4.4032559,4.4032559
1.9612362,1.9612362
2.793004,2.793004
2.2790158,2.2790158
1.8220845,1.8220845
2.3596324,2.3596324
1.3299656,1.3299656
2.8868027,2.8868027
0.5739777,0.5739777
1.4464862,1.4464862
2.5617709,2.5617709
0.2391051,0.2391051
1.8476585,1.8476585
2.4438388,2.4438388
1.2308632,1.2308632
2.3013875,2.3013875
3.3905851,3.3905851
0.6850993,0.6850993
-0.607393,-0.607393
1.6102519,1.6102519
-0.8317678,-0.8317678
-2.793004,-2.793004
-0.5139882,-0.5139882
-0.9709195,-0.9709195
-0.4333716,-0.4333716
-1.4630384,-1.4630384
0.0937987,0.0937987
-2.2190263,-2.2190263
-1.3465178,-1.3465178
-0.2312331,-0.2312331
-2.5538989,-2.5538989
-0.9453455,-0.9453455
-0.3491652,-0.3491652
-1.5621408,-1.5621408
-0.4916165,-0.4916165
0.5975811,0.5975811
-2.1079047,-2.1079047
-0.0934048,-0.0934048
2.1242401,2.1242401
-0.3177796,-0.3177796
-2.2790158,-2.2790158
0.5139882,0.5139882
-0.4569313,-0.4569313
0.0806166,0.0806166
-0.9490502,-0.9490502
0.6077869,0.6077869
-1.7050381,-1.7050381
-0.8325296,-0.8325296
0.2827551,0.2827551
-2.0399107,-2.0399107
-0.4313573,-0.4313573
0.164823,0.164823
-1.0481526,-1.0481526
0.0223717,0.0223717
1.1115693,1.1115693
-1.5939165,-1.5939165
0.3635265,0.3635265
2.5811714,2.5811714
0.1391517,0.1391517
-1.8220845,-1.8220845
0.9709195,0.9709195
0.4569313,0.4569313
0.5375479,0.5375479
-0.4921189,-0.4921189
1.0647182,1.0647182
-1.2481068,-1.2481068
-0.3755983,-0.3755983
0.7396864,0.7396864
-1.5829794,-1.5829794
0.025574,0.025574
0.6217543,0.6217543
-0.5912213,-0.5912213
0.479303,0.479303
1.5685006,1.5685006
-1.1369852,-1.1369852
-0.1740214,-0.1740214
2.0436235,2.0436235
-0.3983962,-0.3983962
-2.3596324,-2.3596324
0.4333716,0.4333716
-0.0806166,-0.0806166
-0.5375479,-0.5375479
-1.0296668,-1.0296668
0.5271703,0.5271703
-1.7856547,-1.7856547
-0.9131462,-0.9131462
0.2021385,0.2021385
-2.1205273,-2.1205273
-0.5119739,-0.5119739
0.0842064,0.0842064
-1.1287692,-1.1287692
-0.0582449,-0.0582449
1.0309527,1.0309527
-1.6745331,-1.6745331
0.8556454,0.8556454
3.0732903,3.0732903
0.6312706,0.6312706
-1.3299656,-1.3299656
1.4630384,1.4630384
0.9490502,0.9490502
0.4921189,0.4921189
1.0296668,1.0296668
1.5568371,1.5568371
-0.7559879,-0.7559879
0.1165206,0.1165206
1.2318053,1.2318053
-1.0908605,-1.0908605
0.5176929,0.5176929
1.1138732,1.1138732
-0.0991024,-0.0991024
0.9714219,0.9714219
2.0606195,2.0606195
-0.6448663,-0.6448663
-0.7011917,-0.7011917
1.5164532,1.5164532
-0.9255665,-0.9255665
-2.8868027,-2.8868027
-0.0937987,-0.0937987
-0.6077869,-0.6077869
-1.0647182,-1.0647182
-0.5271703,-0.5271703
-1.5568371,-1.5568371
-2.312825,-2.312825
-1.4403165,-1.4403165
-0.3250318,-0.3250318
-2.6476976,-2.6476976
-1.0391442,-1.0391442
-0.4429639,-0.4429639
-1.6559395,-1.6559395
-0.5854152,-0.5854152
0.5037824,0.5037824
-2.2017034,-2.2017034
1.6116333,1.6116333
3.8292782,3.8292782
1.3872585,1.3872585
-0.5739777,-0.5739777
2.2190263,2.2190263
1.7050381,1.7050381
1.2481068,1.2481068
1.7856547,1.7856547
0.7559879,0.7559879
2.312825,2.312825
0.8725085,0.8725085
1.9877932,1.9877932
-0.3348726,-0.3348726
1.2736808,1.2736808
1.8698611,1.8698611
0.6568855,0.6568855
1.7274098,1.7274098
2.8166074,2.8166074
0.1111216,0.1111216
0.7391248,0.7391248
2.9567697,2.9567697
0.51475,0.51475
-1.4464862,-1.4464862
1.3465178,1.3465178
0.8325296,0.8325296
0.3755983,0.3755983
0.9131462,0.9131462
-0.1165206,-0.1165206
1.4403165,1.4403165
-0.8725085,-0.8725085
1.1152847,1.1152847
-1.2073811,-1.2073811
0.4011723,0.4011723
0.9973526,0.9973526
-0.215623,-0.215623
0.8549013,0.8549013
1.9440989,1.9440989
-0.7613869,-0.7613869
-0.3761599,-0.3761599
1.841485,1.841485
-0.6005347,-0.6005347
-2.5617709,-2.5617709
0.2312331,0.2312331
-0.2827551,-0.2827551
-0.7396864,-0.7396864
-0.2021385,-0.2021385
-1.2318053,-1.2318053
0.3250318,0.3250318
-1.9877932,-1.9877932
-1.1152847,-1.1152847
-2.3226658,-2.3226658
-0.7141124,-0.7141124
-0.1179321,-0.1179321
-1.3309077,-1.3309077
-0.2603834,-0.2603834
0.8288142,0.8288142
-1.8766716,-1.8766716
1.9465059,1.9465059
4.1641508,4.1641508
1.7221311,1.7221311
-0.2391051,-0.2391051
2.5538989,2.5538989
2.0399107,2.0399107
1.5829794,1.5829794
2.1205273,2.1205273
1.0908605,1.0908605
2.6476976,2.6476976
0.3348726,0.3348726
1.2073811,1.2073811
2.3226658,2.3226658
1.6085534,1.6085534
2.2047337,2.2047337
0.9917581,0.9917581
2.0622824,2.0622824
3.15148,3.15148
0.4459942,0.4459942
0.3379525,0.3379525
2.5555974,2.5555974
0.1135777,0.1135777
-1.8476585,-1.8476585
0.9453455,0.9453455
0.4313573,0.4313573
-0.025574,-0.025574
0.5119739,0.5119739
-0.5176929,-0.5176929
1.0391442,1.0391442
-1.2736808,-1.2736808
-0.4011723,-0.4011723
0.7141124,0.7141124
-1.6085534,-1.6085534
0.5961803,0.5961803
-0.6167953,-0.6167953
0.453729,0.453729
1.5429266,1.5429266
-1.1625592,-1.1625592
-0.2582278,-0.2582278
1.9594171,1.9594171
-0.4826026,-0.4826026
-2.4438388,-2.4438388
0.3491652,0.3491652
-0.164823,-0.164823
-0.6217543,-0.6217543
-0.0842064,-0.0842064
-1.1138732,-1.1138732
0.4429639,0.4429639
-1.8698611,-1.8698611
-0.9973526,-0.9973526
0.1179321,0.1179321
-2.2047337,-2.2047337
-0.5961803,-0.5961803
-1.2129756,-1.2129756
-0.1424513,-0.1424513
0.9467463,0.9467463
-1.7587395,-1.7587395
0.9547478,0.9547478
3.1723927,3.1723927
0.730373,0.730373
-1.2308632,-1.2308632
1.5621408,1.5621408
1.0481526,1.0481526
0.5912213,0.5912213
1.1287692,1.1287692
0.0991024,0.0991024
1.6559395,1.6559395
-0.6568855,-0.6568855
0.215623,0.215623
1.3309077,1.3309077
-0.9917581,-0.9917581
0.6167953,0.6167953
1.2129756,1.2129756
1.0705243,1.0705243
2.1597219,2.1597219
-0.5457639,-0.5457639
-0.1157765,-0.1157765
2.1018684,2.1018684
-0.3401513,-0.3401513
-2.3013875,-2.3013875
0.4916165,0.4916165
-0.0223717,-0.0223717
-0.479303,-0.479303
0.0582449,0.0582449
-0.9714219,-0.9714219
0.5854152,0.5854152
-1.7274098,-1.7274098
-0.8549013,-0.8549013
0.2603834,0.2603834
-2.0622824,-2.0622824
-0.453729,-0.453729
0.1424513,0.1424513
-1.0705243,-1.0705243
1.0891976,1.0891976
-1.6162882,-1.6162882
-1.2049741,-1.2049741
1.0126708,1.0126708
-1.4293489,-1.4293489
-3.3905851,-3.3905851
-0.5975811,-0.5975811
-1.1115693,-1.1115693
-1.5685006,-1.5685006
-1.0309527,-1.0309527
-2.0606195,-2.0606195
-0.5037824,-0.5037824
-2.8166074,-2.8166074
-1.9440989,-1.9440989
-0.8288142,-0.8288142
-3.15148,-3.15148
-1.5429266,-1.5429266
-0.9467463,-0.9467463
-2.1597219,-2.1597219
-1.0891976,-1.0891976
-2.7054858,-2.7054858
1.5005117,1.5005117
3.7181566,3.7181566
1.2761369,1.2761369
-0.6850993,-0.6850993
2.1079047,2.1079047
1.5939165,1.5939165
1.1369852,1.1369852
1.6745331,1.6745331
0.6448663,0.6448663
2.2017034,2.2017034
-0.1111216,-0.1111216
0.7613869,0.7613869
1.8766716,1.8766716
-0.4459942,-0.4459942
1.1625592,1.1625592
1.7587395,1.7587395
0.5457639,0.5457639
1.6162882,1.6162882
2.7054858,2.7054858
2.3603512,2.3603512
0.7812859,0.7812859
-0.8614118,-0.8614118
0.0559309,0.0559309
0.7110867,0.7110867
1.0162849,1.0162849
1.4330078,1.4330078
0.6646903,0.6646903
-0.8532441,-0.8532441
0.8136572,0.8136572
-0.2851072,-0.2851072
1.479105,1.479105
-3.3692959,-3.3692959
0.9720954,0.9720954
1.2127282,1.2127282
1.0519657,1.0519657
0.1400517,0.1400517
4.031657,4.031657
1.9850396,1.9850396
-2.3603512,-2.3603512
-1.5790653,-1.5790653
-3.221763,-3.221763
-2.3044203,-2.3044203
-1.6492645,-1.6492645
-1.3440663,-1.3440663
-0.9273434,-0.9273434
-1.6956609,-1.6956609
-3.2135953,-3.2135953
-1.546694,-1.546694
-2.6454584,-2.6454584
-0.8812462,-0.8812462
-5.7296471,-5.7296471
-1.3882558,-1.3882558
-1.147623,-1.147623
-1.3083855,-1.3083855
-2.2202995,-2.2202995
1.6713058,1.6713058
-0.3753116,-0.3753116
-0.7812859,-0.7812859
1.5790653,1.5790653
-1.6426977,-1.6426977
-0.725355,-0.725355
-0.0701992,-0.0701992
0.234999,0.234999
0.6517219,0.6517219
-0.1165956,-0.1165956
-1.63453,-1.63453
0.0323713,0.0323713
-1.0663931,-1.0663931
0.6978191,0.6978191
-4.1505818,-4.1505818
0.1908095,0.1908095
0.4314423,0.4314423
0.2706798,0.2706798
-0.6412342,-0.6412342
3.2503711,3.2503711
1.2037537,1.2037537
0.8614118,0.8614118
3.221763,3.221763
1.6426977,1.6426977
0.9173427,0.9173427
1.5724985,1.5724985
1.8776967,1.8776967
2.2944196,2.2944196
1.5261021,1.5261021
0.0081677,0.0081677
1.675069,1.675069
0.5763046,0.5763046
2.3405168,2.3405168
-2.5078841,-2.5078841
1.8335072,1.8335072
2.07414,2.07414
1.9133775,1.9133775
1.0014635,1.0014635
4.8930688,4.8930688
2.8464514,2.8464514
-0.0559309,-0.0559309
2.3044203,2.3044203
0.725355,0.725355
-0.9173427,-0.9173427
0.6551558,0.6551558
0.960354,0.960354
1.3770769,1.3770769
0.6087594,0.6087594
-0.909175,-0.909175
0.7577263,0.7577263
-0.3410381,-0.3410381
1.4231741,1.4231741
-3.4252268,-3.4252268
0.9161645,0.9161645
1.1567973,1.1567973
0.9960348,0.9960348
0.0841208,0.0841208
3.9757261,3.9757261
1.9291087,1.9291087
-0.7110867,-0.7110867
1.6492645,1.6492645
0.0701992,0.0701992
-1.5724985,-1.5724985
-0.6551558,-0.6551558
0.3051982,0.3051982
0.7219211,0.7219211
-0.0463964,-0.0463964
-1.5643308,-1.5643308
0.1025705,0.1025705
-0.9961939,-0.9961939
0.7680183,0.7680183
-4.0803826,-4.0803826
0.2610087,0.2610087
0.5016415,0.5016415
0.340879,0.340879
-0.571035,-0.571035
3.3205703,3.3205703
1.2739529,1.2739529
-1.0162849,-1.0162849
1.3440663,1.3440663
-0.234999,-0.234999
-1.8776967,-1.8776967
-0.960354,-0.960354
-0.3051982,-0.3051982
0.4167229,0.4167229
-0.3515946,-0.3515946
-1.869529,-1.869529
-0.2026277,-0.2026277
-1.3013921,-1.3013921
0.4628201,0.4628201
-4.3855808,-4.3855808
-0.0441895,-0.0441895
0.1964433,0.1964433
0.0356808,0.0356808
-0.8762332,-0.8762332
3.0153721,3.0153721
0.9687547,0.9687547
-1.4330078,-1.4330078
0.9273434,0.9273434
-0.6517219,-0.6517219
-2.2944196,-2.2944196
-1.3770769,-1.3770769
-0.7219211,-0.7219211
-0.4167229,-0.4167229
-0.7683175,-0.7683175
-2.2862519,-2.2862519
-0.6193506,-0.6193506
-1.718115,-1.718115
0.0460972,0.0460972
-4.8023037,-4.8023037
-0.4609124,-0.4609124
-0.2202796,-0.2202796
-0.3810421,-0.3810421
-1.2929561,-1.2929561
2.5986492,2.5986492
0.5520318,0.5520318
-0.6646903,-0.6646903
1.6956609,1.6956609
0.1165956,0.1165956
-1.5261021,-1.5261021
-0.6087594,-0.6087594
0.0463964,0.0463964
0.3515946,0.3515946
0.7683175,0.7683175
-1.5179344,-1.5179344
0.1489669,0.1489669
-0.9497975,-0.9497975
0.8144147,0.8144147
-4.0339862,-4.0339862
0.3074051,0.3074051
0.5480379,0.5480379
0.3872754,0.3872754
-0.5246386,-0.5246386
3.3669667,3.3669667
1.3203493,1.3203493
0.8532441,0.8532441
3.2135953,3.2135953
1.63453,1.63453
-0.0081677,-0.0081677
0.909175,0.909175
1.5643308,1.5643308
1.869529,1.869529
2.2862519,2.2862519
1.5179344,1.5179344
1.6669013,1.6669013
0.5681369,0.5681369
2.3323491,2.3323491
-2.5160518,-2.5160518
1.8253395,1.8253395
2.0659723,2.0659723
1.9052098,1.9052098
0.9932958,0.9932958
4.8849011,4.8849011
2.8382837,2.8382837
-0.8136572,-0.8136572
1.546694,1.546694
-0.0323713,-0.0323713
-1.675069,-1.675069
-0.7577263,-0.7577263
-0.1025705,-0.1025705
0.2026277,0.2026277
0.6193506,0.6193506
-0.1489669,-0.1489669
-1.6669013,-1.6669013
-1.0987644,-1.0987644
0.6654478,0.6654478
-4.1829531,-4.1829531
0.1584382,0.1584382
0.399071,0.399071
0.2383085,0.2383085
-0.6736055,-0.6736055
3.2179998,3.2179998
1.1713824,1.1713824
0.2851072,0.2851072
2.6454584,2.6454584
1.0663931,1.0663931
-0.5763046,-0.5763046
0.3410381,0.3410381
0.9961939,0.9961939
1.3013921,1.3013921
1.718115,1.718115
0.9497975,0.9497975
-0.5681369,-0.5681369
1.0987644,1.0987644
1.7642122,1.7642122
-3.0841887,-3.0841887
1.2572026,1.2572026
1.4978354,1.4978354
1.3370729,1.3370729
0.4251589,0.4251589
4.3167642,4.3167642
2.2701468,2.2701468
-1.479105,-1.479105
0.8812462,0.8812462
-0.6978191,-0.6978191
-2.3405168,-2.3405168
-1.4231741,-1.4231741
-0.7680183,-0.7680183
-0.4628201,-0.4628201
-0.0460972,-0.0460972
-0.8144147,-0.8144147
-2.3323491,-2.3323491
-0.6654478,-0.6654478
-1.7642122,-1.7642122
-4.8484009,-4.8484009
-0.5070096,-0.5070096
-0.2663768,-0.2663768
-0.4271393,-0.4271393
-1.3390533,-1.3390533
2.552552,2.552552
0.5059346,0.5059346
3.3692959,3.3692959
5.7296471,5.7296471
4.1505818,4.1505818
2.5078841,2.5078841
3.4252268,3.4252268
4.0803826,4.0803826
4.3855808,4.3855808
4.8023037,4.8023037
4.0339862,4.0339862
2.5160518,2.5160518
4.1829531,4.1829531
3.0841887,3.0841887
4.8484009,4.8484009
4.3413913,4.3413913
4.5820241,4.5820241
4.4212616,4.4212616
3.5093476,3.5093476
7.4009529,7.4009529
5.3543355,5.3543355
-0.9720954,-0.9720954
1.3882558,1.3882558
-0.1908095,-0.1908095
-1.8335072,-1.8335072
-0.9161645,-0.9161645
-0.2610087,-0.2610087
0.0441895,0.0441895
0.4609124,0.4609124
-0.3074051,-0.3074051
-1.8253395,-1.8253395
-0.1584382,-0.1584382
-1.2572026,-1.2572026
0.5070096,0.5070096
-4.3413913,-4.3413913
0.2406328,0.2406328
0.0798703,0.0798703
-0.8320437,-0.8320437
3.0595616,3.0595616
1.0129442,1.0129442
-1.2127282,-1.2127282
1.147623,1.147623
-0.4314423,-0.4314423
-2.07414,-2.07414
-1.1567973,-1.1567973
-0.5016415,-0.5016415
-0.1964433,-0.1964433
0.2202796,0.2202796
-0.5480379,-0.5480379
-2.0659723,-2.0659723
-0.399071,-0.399071
-1.4978354,-1.4978354
0.2663768,0.2663768
-4.5820241,-4.5820241
-0.2406328,-0.2406328
-0.1607625,-0.1607625
-1.0726765,-1.0726765
2.8189288,2.8189288
0.7723114,0.7723114
-1.0519657,-1.0519657
1.3083855,1.3083855
-0.2706798,-0.2706798
-1.9133775,-1.9133775
-0.9960348,-0.9960348
-0.340879,-0.340879
-0.0356808,-0.0356808
0.3810421,0.3810421
-0.3872754,-0.3872754
-1.9052098,-1.9052098
-0.2383085,-0.2383085
-1.3370729,-1.3370729
0.4271393,0.4271393
-4.4212616,-4.4212616
-0.0798703,-0.0798703
0.1607625,0.1607625
-0.911914,-0.911914
2.9796913,2.9796913
0.9330739,0.9330739
-0.1400517,-0.1400517
2.2202995,2.2202995
0.6412342,0.6412342
-1.0014635,-1.0014635
-0.0841208,-0.0841208
0.571035,0.571035
0.8762332,0.8762332
1.2929561,1.2929561
0.5246386,0.5246386
-0.9932958,-0.9932958
0.6736055,0.6736055
-0.4251589,-0.4251589
1.3390533,1.3390533
-3.5093476,-3.5093476
0.8320437,0.8320437
1.0726765,1.0726765
0.911914,0.911914
3.8916053,3.8916053
1.8449879,1.8449879
-4.031657,-4.031657
-1.6713058,-1.6713058
-3.2503711,-3.2503711
-4.8930688,-4.8930688
-3.9757261,-3.9757261
-3.3205703,-3.3205703
-3.0153721,-3.0153721
-2.5986492,-2.5986492
-3.3669667,-3.3669667
-4.8849011,-4.8849011
-3.2179998,-3.2179998
-4.3167642,-4.3167642
-2.552552,-2.552552
-7.4009529,-7.4009529
-3.0595616,-3.0595616
-2.8189288,-2.8189288
-2.9796913,-2.9796913
-3.8916053,-3.8916053
-2.0466174,-2.0466174
-1.9850396,-1.9850396
0.3753116,0.3753116
-1.2037537,-1.2037537
-2.8464514,-2.8464514
-1.9291087,-1.9291087
-1.2739529,-1.2739529
-0.9687547,-0.9687547
-0.5520318,-0.5520318
-1.3203493,-1.3203493
-2.8382837,-2.8382837
-1.1713824,-1.1713824
-2.2701468,-2.2701468
-0.5059346,-0.5059346
-5.3543355,-5.3543355
-1.0129442,-1.0129442
-0.7723114,-0.7723114
-0.9330739,-0.9330739
-1.8449879,-1.8449879
2.0466174,2.0466174
-1.0794896,-1.0794896
0.9422544,0.9422544
0.3352546,0.3352546
-2.7809561,-2.7809561
0.5720533,0.5720533
12.9839012,-10.0
-2.4404818,-2.4404818
3.8535121,3.8535121
-2.0537325,-2.0537325
-1.1365725,-1.1365725
0.0633196,0.0633196
3.4423907,3.4423907
10.6415799,-10.0
2.1013749,2.1013749
1.2220934,1.2220934
-1.2822957,-1.2822957
-1.6108479,-1.6108479
-2.3254041,-2.3254041
-1.5687721,-1.5687721
1.0794896,1.0794896
2.021744,2.021744
1.4147442,1.4147442
-1.7014665,-1.7014665
1.6515429,1.6515429
14.0633908,-10.0
-1.3609922,-1.3609922
4.9330017,4.9330017
-0.9742429,-0.9742429
-0.0570829,-0.0570829
1.1428092,1.1428092
4.5218803,4.5218803
11.7210695,-10.0
3.1808645,3.1808645
2.301583,2.301583
-0.2028061,-0.2028061
-0.5313583,-0.5313583
-1.2459145,-1.2459145
-0.4892825,-0.4892825
-0.9422544,-0.9422544
-2.021744,-2.021744
-0.6069998,-0.6069998
-3.7232105,-3.7232105
-0.3702011,-0.3702011
12.0416468,-10.0
-3.3827362,-3.3827362
2.9112577,2.9112577
-2.9959869,-2.9959869
-2.0788269,-2.0788269
-0.8789348,-0.8789348
2.5001363,2.5001363
9.6993255,9.6993255
1.1591205,1.1591205
0.279839,0.279839
-2.2245501,-2.2245501
-2.5531023,-2.5531023
-3.2676585,-3.2676585
-2.5110265,-2.5110265
-0.3352546,-0.3352546
-1.4147442,-1.4147442
0.6069998,0.6069998
-3.1162107,-3.1162107
0.2367987,0.2367987
12.6486466,-10.0
-2.7757364,-2.7757364
3.5182575,3.5182575
-2.3889871,-2.3889871
-1.4718271,-1.4718271
-0.271935,-0.271935
3.1071361,3.1071361
10.3063253,-10.0
1.7661203,1.7661203
0.8868388,0.8868388
-1.6175503,-1.6175503
-1.9461025,-1.9461025
-2.6606587,-2.6606587
-1.9040267,-1.9040267
2.7809561,2.7809561
1.7014665,1.7014665
3.7232105,3.7232105
3.1162107,3.1162107
3.3530094,3.3530094
15.7648573,-10.0
0.3404743,0.3404743
6.6344682,6.6344682
0.7272236,0.7272236
1.6443836,1.6443836
2.8442757,2.8442757
6.2233468,6.2233468
13.422536,-10.0
4.882331,4.882331
4.0030495,4.0030495
1.4986604,1.4986604
1.1701082,1.1701082
0.455552,0.455552
1.212184,1.212184
-0.5720533,-0.5720533
-1.6515429,-1.6515429
0.3702011,0.3702011
-0.2367987,-0.2367987
-3.3530094,-3.3530094
12.4118479,-10.0
-3.0125351,-3.0125351
3.2814588,3.2814588
-2.6257858,-2.6257858
-1.7086258,-1.7086258
-0.5087337,-0.5087337
2.8703374,2.8703374
10.0695266,-10.0
1.5293216,1.5293216
0.6500401,0.6500401
-1.854349,-1.854349
-2.1829012,-2.1829012
-2.8974574,-2.8974574
-2.1408254,-2.1408254
-12.9839012,-10.0
-14.0633908,-10.0
-12.0416468,-10.0
-12.6486466,-10.0
-15.7648573,-10.0
-12.4118479,-10.0
-15.424383,-10.0
-9.1303891,-9.1303891
-15.0376337,-10.0
-14.1204737,-10.0
-12.9205816,-10.0
-9.5415105,-9.5415105
-2.3423213,-2.3423213
-10.8825263,-10.0
-11.7618078,-10.0
-14.2661969,-10.0
-14.5947491,-10.0
-15.3093053,-10.0
-14.5526733,-10.0
2.4404818,2.4404818
1.3609922,1.3609922
3.3827362,3.3827362
2.7757364,2.7757364
-0.3404743,-0.3404743
3.0125351,3.0125351
15.424383,-10.0
6.2939939,6.2939939
0.3867493,0.3867493
1.3039093,1.3039093
2.5038014,2.5038014
5.8828725,5.8828725
13.0820617,-10.0
4.5418567,4.5418567
3.6625752,3.6625752
1.1581861,1.1581861
0.8296339,0.8296339
0.1150777,0.1150777
0.8717097,0.8717097
-3.8535121,-3.8535121
-4.9330017,-4.9330017
-2.9112577,-2.9112577
-3.5182575,-3.5182575
-6.6344682,-6.6344682
-3.2814588,-3.2814588
9.1303891,9.1303891
-6.2939939,-6.2939939
-5.9072446,-5.9072446
-4.9900846,-4.9900846
-3.7901925,-3.7901925
-0.4111214,-0.4111214
6.7880678,6.7880678
-1.7521372,-1.7521372
-2.6314187,-2.6314187
-5.1358078,-5.1358078
-5.46436,-5.46436
-6.1789162,-6.1789162
-5.4222842,-5.4222842
2.0537325,2.0537325
0.9742429,0.9742429
2.9959869,2.9959869
2.3889871,2.3889871
-0.7272236,-0.7272236
2.6257858,2.6257858
15.0376337,-10.0
-0.3867493,-0.3867493
5.9072446,5.9072446
0.91716,0.91716
2.1170521,2.1170521
5.4961232,5.4961232
12.6953124,-10.0
4.1551074,4.1551074
3.2758259,3.2758259
0.7714368,0.7714368
0.4428846,0.4428846
-0.2716716,-0.2716716
0.4849604,0.4849604
1.1365725,1.1365725
0.0570829,0.0570829
2.0788269,2.0788269
1.4718271,1.4718271
-1.6443836,-1.6443836
1.7086258,1.7086258
14.1204737,-10.0
-1.3039093,-1.3039093
4.9900846,4.9900846
-0.91716,-0.91716
1.1998921,1.1998921
4.5789632,4.5789632
11.7781524,-10.0
3.2379474,3.2379474
2.3586659,2.3586659
-0.1457232,-0.1457232
-0.4742754,-0.4742754
-1.1888316,-1.1888316
-0.4321996,-0.4321996
-0.0633196,-0.0633196
-1.1428092,-1.1428092
0.8789348,0.8789348
0.271935,0.271935
-2.8442757,-2.8442757
0.5087337,0.5087337
12.9205816,-10.0
-2.5038014,-2.5038014
3.7901925,3.7901925
-2.1170521,-2.1170521
-1.1998921,-1.1998921
3.3790711,3.3790711
10.5782603,-10.0
2.0380553,2.0380553
1.1587738,1.1587738
-1.3456153,-1.3456153
-1.6741675,-1.6741675
-2.3887237,-2.3887237
-1.6320917,-1.6320917
-3.4423907,-3.4423907
-4.5218803,-4.5218803
-2.5001363,-2.5001363
-3.1071361,-3.1071361
-6.2233468,-6.2233468
-2.8703374,-2.8703374
9.5415105,9.5415105
-5.8828725,-5.8828725
0.4111214,0.4111214
-5.4961232,-5.4961232
-4.5789632,-4.5789632
-3.3790711,-3.3790711
7.1991892,7.1991892
-1.3410158,-1.3410158
-2.2202973,-2.2202973
-4.7246864,-4.7246864
-5.0532386,-5.0532386
-5.7677948,-5.7677948
-5.0111628,-5.0111628
-10.6415799,-10.0
-11.7210695,-10.0
-9.6993255,-9.6993255
-10.3063253,-10.0
-13.422536,-10.0
-10.0695266,-10.0
2.3423213,2.3423213
-13.0820617,-10.0
-6.7880678,-6.7880678
-12.6953124,-10.0
-11.7781524,-10.0
-10.5782603,-10.0
-7.1991892,-7.1991892
-8.540205,-8.540205
-9.4194865,-9.4194865
-11.9238756,-10.0
-12.2524278,-10.0
-12.966984,-10.0
-12.210352,-10.0
-2.1013749,-2.1013749
-3.1808645,-3.1808645
-1.1591205,-1.1591205
-1.7661203,-1.7661203
-4.882331,-4.882331
-1.5293216,-1.5293216
10.8825263,-10.0
-4.5418567,-4.5418567
1.7521372,1.7521372
-4.1551074,-4.1551074
-3.2379474,-3.2379474
-2.0380553,-2.0380553
1.3410158,1.3410158
8.540205,8.540205
-0.8792815,-0.8792815
-3.3836706,-3.3836706
-3.7122228,-3.7122228
-4.426779,-4.426779
-3.670147,-3.670147
-1.2220934,-1.2220934
-2.301583,-2.301583
-0.279839,-0.279839
-0.8868388,-0.8868388
-4.0030495,-4.0030495
-0.6500401,-0.6500401
11.7618078,-10.0
-3.6625752,-3.6625752
2.6314187,2.6314187
-3.2758259,-3.2758259
-2.3586659,-2.3586659
-1.1587738,-1.1587738
2.2202973,2.2202973
9.4194865,9.4194865
0.8792815,0.8792815
-2.5043891,-2.5043891
-2.8329413,-2.8329413
-3.5474975,-3.5474975
-2.7908655,-2.7908655
1.2822957,1.2822957
0.2028061,0.2028061
2.2245501,2.2245501
1.6175503,1.6175503
-1.4986604,-1.4986604
1.854349,1.854349
14.2661969,-10.0
-1.1581861,-1.1581861
5.1358078,5.1358078
-0.7714368,-0.7714368
0.1457232,0.1457232
1.3456153,1.3456153
4.7246864,4.7246864
11.9238756,-10.0
3.3836706,3.3836706
2.5043891,2.5043891
-0.3285522,-0.3285522
-1.0431084,-1.0431084
-0.2864764,-0.2864764
1.6108479,1.6108479
0.5313583,0.5313583
2.5531023,2.5531023
1.9461025,1.9461025
-1.1701082,-1.1701082
2.1829012,2.1829012
14.5947491,-10.0
-0.8296339,-0.8296339
5.46436,5.46436
-0.4428846,-0.4428846
0.4742754,0.4742754
1.6741675,1.6741675
5.0532386,5.0532386
12.2524278,-10.0
3.7122228,3.7122228
2.8329413,2.8329413
0.3285522,0.3285522
-0.7145562,-0.7145562
0.0420758,0.0420758
2.3254041,2.3254041
1.2459145,1.2459145
3.2676585,3.2676585
2.6606587,2.6606587
-0.455552,-0.455552
2.8974574,2.8974574
15.3093053,-10.0
-0.1150777,-0.1150777
6.1789162,6.1789162
0.2716716,0.2716716
1.1888316,1.1888316
2.3887237,2.3887237
5.7677948,5.7677948
12.966984,-10.0
4.426779,4.426779
3.5474975,3.5474975
1.0431084,1.0431084
0.7145562,0.7145562
0.756632,0.756632
1.5687721,1.5687721
0.4892825,0.4892825
2.5110265,2.5110265
1.9040267,1.9040267
-1.212184,-1.212184
2.1408254,2.1408254
14.5526733,-10.0
-0.8717097,-0.8717097
5.4222842,5.4222842
-0.4849604,-0.4849604
0.4321996,0.4321996
1.6320917,1.6320917
5.0111628,5.0111628
12.210352,-10.0
3.670147,3.670147
2.7908655,2.7908655
0.2864764,0.2864764
-0.0420758,-0.0420758
-0.756632,-0.756632
-1.0256061,-1.0256061
0.710866,0.710866
-0.3834816,-0.3834816
-2.6661148,-2.6661148
-0.3233526,-0.3233526
-0.896827,-0.896827
-1.1621607,-1.1621607
-3.1523843,-3.1523843
-1.7249039,-1.7249039
-1.3586105,-1.3586105
-0.1788328,-0.1788328
1.1332595,1.1332595
-3.141793,-3.141793
-0.9283671,-0.9283671
-0.4462182,-0.4462182
0.2283676,0.2283676
-0.8070703,-0.8070703
-3.1614067,-3.1614067
-2.4532053,-2.4532053
1.0256061,1.0256061
1.7364721,1.7364721
0.6421245,0.6421245
-1.6405087,-1.6405087
0.7022535,0.7022535
0.1287791,0.1287791
-0.1365546,-0.1365546
-2.1267782,-2.1267782
-0.6992978,-0.6992978
-0.3330044,-0.3330044
0.8467733,0.8467733
2.1588656,2.1588656
-2.1161869,-2.1161869
0.097239,0.097239
0.5793879,0.5793879
1.2539737,1.2539737
0.2185358,0.2185358
-2.1358006,-2.1358006
-1.4275992,-1.4275992
-0.710866,-0.710866
-1.7364721,-1.7364721
-1.0943476,-1.0943476
-3.3769808,-3.3769808
-1.0342186,-1.0342186
-1.607693,-1.607693
-1.8730267,-1.8730267
-3.8632503,-3.8632503
-2.4357699,-2.4357699
-2.0694765,-2.0694765
-0.8896988,-0.8896988
0.4223935,0.4223935
-3.852659,-3.852659
-1.6392331,-1.6392331
-1.1570842,-1.1570842
-0.4824984,-0.4824984
-1.5179363,-1.5179363
-3.8722727,-3.8722727
-3.1640713,-3.1640713
0.3834816,0.3834816
-0.6421245,-0.6421245
1.0943476,1.0943476
-2.2826332,-2.2826332
0.060129,0.060129
-0.5133454,-0.5133454
-0.7786791,-0.7786791
-2.7689027,-2.7689027
-1.3414223,-1.3414223
-0.9751289,-0.9751289
0.2046488,0.2046488
1.5167411,1.5167411
-2.7583114,-2.7583114
-0.5448855,-0.5448855
-0.0627366,-0.0627366
0.6118492,0.6118492
-0.4235887,-0.4235887
-2.7779251,-2.7779251
-2.0697237,-2.0697237
2.6661148,2.6661148
1.6405087,1.6405087
3.3769808,3.3769808
2.2826332,2.2826332
2.3427622,2.3427622
1.7692878,1.7692878
1.5039541,1.5039541
-0.4862695,-0.4862695
0.9412109,0.9412109
1.3075043,1.3075043
2.487282,2.487282
3.7993743,3.7993743
-0.4756782,-0.4756782
1.7377477,1.7377477
2.2198966,2.2198966
2.8944824,2.8944824
1.8590445,1.8590445
-0.4952919,-0.4952919
0.2129095,0.2129095
0.3233526,0.3233526
-0.7022535,-0.7022535
1.0342186,1.0342186
-0.060129,-0.060129
-2.3427622,-2.3427622
-0.5734744,-0.5734744
-0.8388081,-0.8388081
-2.8290317,-2.8290317
-1.4015513,-1.4015513
-1.0352579,-1.0352579
0.1445198,0.1445198
1.4566121,1.4566121
-2.8184404,-2.8184404
-0.6050145,-0.6050145
-0.1228656,-0.1228656
0.5517202,0.5517202
-0.4837177,-0.4837177
-2.8380541,-2.8380541
-2.1298527,-2.1298527
0.896827,0.896827
-0.1287791,-0.1287791
1.607693,1.607693
0.5133454,0.5133454
-1.7692878,-1.7692878
0.5734744,0.5734744
-0.2653337,-0.2653337
-2.2555573,-2.2555573
-0.8280769,-0.8280769
-0.4617835,-0.4617835
0.7179942,0.7179942
2.0300865,2.0300865
-2.244966,-2.244966
-0.0315401,-0.0315401
0.4506088,0.4506088
1.1251946,1.1251946
0.0897567,0.0897567
-2.2645797,-2.2645797
-1.5563783,-1.5563783
1.1621607,1.1621607
0.1365546,0.1365546
1.8730267,1.8730267
0.7786791,0.7786791
-1.5039541,-1.5039541
0.8388081,0.8388081
0.2653337,0.2653337
-1.9902236,-1.9902236
-0.5627432,-0.5627432
-0.1964498,-0.1964498
0.9833279,0.9833279
2.2954202,2.2954202
-1.9796323,-1.9796323
0.2337936,0.2337936
0.7159425,0.7159425
1.3905283,1.3905283
0.3550904,0.3550904
-1.999246,-1.999246
-1.2910446,-1.2910446
3.1523843,3.1523843
2.1267782,2.1267782
3.8632503,3.8632503
2.7689027,2.7689027
0.4862695,0.4862695
2.8290317,2.8290317
2.2555573,2.2555573
1.9902236,1.9902236
1.4274804,1.4274804
1.7937738,1.7937738
2.9735515,2.9735515
4.2856438,4.2856438
0.0105913,0.0105913
2.2240172,2.2240172
2.7061661,2.7061661
3.3807519,3.3807519
2.345314,2.345314
-0.0090224,-0.0090224
0.699179,0.699179
1.7249039,1.7249039
0.6992978,0.6992978
2.4357699,2.4357699
1.3414223,1.3414223
-0.9412109,-0.9412109
1.4015513,1.4015513
0.8280769,0.8280769
0.5627432,0.5627432
-1.4274804,-1.4274804
0.3662934,0.3662934
1.5460711,1.5460711
2.8581634,2.8581634
-1.4168891,-1.4168891
0.7965368,0.7965368
1.2786857,1.2786857
1.9532715,1.9532715
0.9178336,0.9178336
-1.4365028,-1.4365028
-0.7283014,-0.7283014
1.3586105,1.3586105
0.3330044,0.3330044
2.0694765,2.0694765
0.9751289,0.9751289
-1.3075043,-1.3075043
1.0352579,1.0352579
0.4617835,0.4617835
0.1964498,0.1964498
-1.7937738,-1.7937738
-0.3662934,-0.3662934
1.1797777,1.1797777
2.49187,2.49187
-1.7831825,-1.7831825
0.4302434,0.4302434
0.9123923,0.9123923
1.5869781,1.5869781
0.5515402,0.5515402
-1.8027962,-1.8027962
-1.0945948,-1.0945948
0.1788328,0.1788328
-0.8467733,-0.8467733
0.8896988,0.8896988
-0.2046488,-0.2046488
-2.487282,-2.487282
-0.1445198,-0.1445198
-0.7179942,-0.7179942
-0.9833279,-0.9833279
-2.9735515,-2.9735515
-1.5460711,-1.5460711
-1.1797777,-1.1797777
1.3120923,1.3120923
-2.9629602,-2.9629602
-0.7495343,-0.7495343
-0.2673854,-0.2673854
0.4072004,0.4072004
-0.6282375,-0.6282375
-2.9825739,-2.9825739
-2.2743725,-2.2743725
-1.1332595,-1.1332595
-2.1588656,-2.1588656
-0.4223935,-0.4223935
-1.5167411,-1.5167411
-3.7993743,-3.7993743
-1.4566121,-1.4566121
-2.0300865,-2.0300865
-2.2954202,-2.2954202
-4.2856438,-4.2856438
-2.8581634,-2.8581634
-2.49187,-2.49187
-1.3120923,-1.3120923
-4.2750525,-4.2750525
-2.0616266,-2.0616266
-1.5794777,-1.5794777
-0.9048919,-0.9048919
-1.9403298,-1.9403298
-4.2946662,-4.2946662
-3.5864648,-3.5864648
3.141793,3.141793
2.1161869,2.1161869
3.852659,3.852659
2.7583114,2.7583114
0.4756782,0.4756782
2.8184404,2.8184404
2.244966,2.244966
1.9796323,1.9796323
-0.0105913,-0.0105913
1.4168891,1.4168891
1.7831825,1.7831825
2.9629602,2.9629602
4.2750525,4.2750525
2.2134259,2.2134259
2.6955748,2.6955748
3.3701606,3.3701606
2.3347227,2.3347227
-0.0196137,-0.0196137
0.6885877,0.6885877
0.9283671,0.9283671
-0.097239,-0.097239
1.6392331,1.6392331
0.5448855,0.5448855
-1.7377477,-1.7377477
0.6050145,0.6050145
0.0315401,0.0315401
-0.2337936,-0.2337936
-2.2240172,-2.2240172
-0.7965368,-0.7965368
-0.4302434,-0.4302434
0.7495343,0.7495343
2.0616266,2.0616266
-2.2134259,-2.2134259
0.4821489,0.4821489
1.1567347,1.1567347
0.1212968,0.1212968
-2.2330396,-2.2330396
-1.5248382,-1.5248382
0.4462182,0.4462182
-0.5793879,-0.5793879
1.1570842,1.1570842
0.0627366,0.0627366
-2.2198966,-2.2198966
0.1228656,0.1228656
-0.4506088,-0.4506088
-0.7159425,-0.7159425
-2.7061661,-2.7061661
-1.2786857,-1.2786857
-0.9123923,-0.9123923
0.2673854,0.2673854
1.5794777,1.5794777
-2.6955748,-2.6955748
-0.4821489,-0.4821489
0.6745858,0.6745858
-0.3608521,-0.3608521
-2.7151885,-2.7151885
-2.0069871,-2.0069871
-0.2283676,-0.2283676
-1.2539737,-1.2539737
0.4824984,0.4824984
-0.6118492,-0.6118492
-2.8944824,-2.8944824
-0.5517202,-0.5517202
-1.1251946,-1.1251946
-1.3905283,-1.3905283
-3.3807519,-3.3807519
-1.9532715,-1.9532715
-1.5869781,-1.5869781
-0.4072004,-0.4072004
0.9048919,0.9048919
-3.3701606,-3.3701606
-1.1567347,-1.1567347
-0.6745858,-0.6745858
-1.0354379,-1.0354379
-3.3897743,-3.3897743
-2.6815729,-2.6815729
0.8070703,0.8070703
-0.2185358,-0.2185358
1.5179363,1.5179363
0.4235887,0.4235887
-1.8590445,-1.8590445
0.4837177,0.4837177
-0.0897567,-0.0897567
-0.3550904,-0.3550904
-2.345314,-2.345314
-0.9178336,-0.9178336
-0.5515402,-0.5515402
0.6282375,0.6282375
1.9403298,1.9403298
-2.3347227,-2.3347227
-0.1212968,-0.1212968
0.3608521,0.3608521
1.0354379,1.0354379
-2.3543364,-2.3543364
-1.646135,-1.646135
3.1614067,3.1614067
2.1358006,2.1358006
3.8722727,3.8722727
2.7779251,2.7779251
0.4952919,0.4952919
2.8380541,2.8380541
2.2645797,2.2645797
1.999246,1.999246
0.0090224,0.0090224
1.4365028,1.4365028
1.8027962,1.8027962
2.9825739,2.9825739
4.2946662,4.2946662
0.0196137,0.0196137
2.2330396,2.2330396
2.7151885,2.7151885
3.3897743,3.3897743
2.3543364,2.3543364
0.7082014,0.7082014
2.4532053,2.4532053
1.4275992,1.4275992
3.1640713,3.1640713
2.0697237,2.0697237
-0.2129095,-0.2129095
2.1298527,2.1298527
1.5563783,1.5563783
1.2910446,1.2910446
-0.699179,-0.699179
0.7283014,0.7283014
1.0945948,1.0945948
2.2743725,2.2743725
3.5864648,3.5864648
-0.6885877,-0.6885877
1.5248382,1.5248382
2.0069871,2.0069871
2.6815729,2.6815729
1.646135,1.646135
-0.7082014,-0.7082014
3.2439861,3.2439861
2.7468705,2.7468705
1.5102173,1.5102173
1.1877044,1.1877044
2.6639335,2.6639335
1.6635903,1.6635903
-0.1523603,-0.1523603
1.6401994,1.6401994
0.0093092,0.0093092
0.6258772,0.6258772
1.8295973,1.8295973
3.9303065,3.9303065
0.2556983,0.2556983
2.7946406,2.7946406
1.4835797,1.4835797
0.5273069,0.5273069
0.4078588,0.4078588
-1.1864533,-1.1864533
0.6740662,0.6740662
-3.2439861,-3.2439861
-0.4971156,-0.4971156
-1.7337688,-1.7337688
-2.0562817,-2.0562817
-0.5800526,-0.5800526
-1.5803958,-1.5803958
-3.3963464,-3.3963464
-1.6037867,-1.6037867
-3.2346769,-3.2346769
-2.6181089,-2.6181089
-1.4143888,-1.4143888
0.6863204,0.6863204
-2.9882878,-2.9882878
-0.4493455,-0.4493455
-1.7604064,-1.7604064
-2.7166792,-2.7166792
-2.8361273,-2.8361273
-4.4304394,-4.4304394
-2.5699199,-2.5699199
-2.7468705,-2.7468705
0.4971156,0.4971156
-1.2366532,-1.2366532
-1.5591661,-1.5591661
-0.082937,-0.082937
-1.0832802,-1.0832802
-2.8992308,-2.8992308
-1.1066711,-1.1066711
-2.7375613,-2.7375613
-2.1209933,-2.1209933
-0.9172732,-0.9172732
1.183436,1.183436
-2.4911722,-2.4911722
0.0477701,0.0477701
-1.2632908,-1.2632908
-2.2195636,-2.2195636
-2.3390117,-2.3390117
-3.9333238,-3.9333238
-2.0728043,-2.0728043
-1.5102173,-1.5102173
1.7337688,1.7337688
1.2366532,1.2366532
-0.3225129,-0.3225129
1.1537162,1.1537162
0.153373,0.153373
-1.6625776,-1.6625776
0.1299821,0.1299821
-1.5009081,-1.5009081
-0.8843401,-0.8843401
0.31938,0.31938
2.4200892,2.4200892
-1.254519,-1.254519
1.2844233,1.2844233
-0.0266376,-0.0266376
-0.9829104,-0.9829104
-1.1023585,-1.1023585
-2.6966706,-2.6966706
-0.8361511,-0.8361511
-1.1877044,-1.1877044
2.0562817,2.0562817
1.5591661,1.5591661
0.3225129,0.3225129
1.4762291,1.4762291
0.4758859,0.4758859
-1.3400647,-1.3400647
0.452495,0.452495
-1.1783952,-1.1783952
-0.5618272,-0.5618272
0.6418929,0.6418929
2.7426021,2.7426021
-0.9320061,-0.9320061
1.6069362,1.6069362
0.2958753,0.2958753
-0.6603975,-0.6603975
-0.7798456,-0.7798456
-2.3741577,-2.3741577
-0.5136382,-0.5136382
-2.6639335,-2.6639335
0.5800526,0.5800526
0.082937,0.082937
-1.1537162,-1.1537162
-1.4762291,-1.4762291
-1.0003432,-1.0003432
-2.8162938,-2.8162938
-1.0237341,-1.0237341
-2.6546243,-2.6546243
-2.0380563,-2.0380563
-0.8343362,-0.8343362
1.266373,1.266373
-2.4082352,-2.4082352
0.1307071,0.1307071
-1.1803538,-1.1803538
-2.1366266,-2.1366266
-2.2560747,-2.2560747
-3.8503868,-3.8503868
-1.9898673,-1.9898673
-1.6635903,-1.6635903
1.5803958,1.5803958
1.0832802,1.0832802
-0.153373,-0.153373
-0.4758859,-0.4758859
1.0003432,1.0003432
-1.8159506,-1.8159506
-0.0233909,-0.0233909
-1.6542811,-1.6542811
-1.0377131,-1.0377131
0.166007,0.166007
2.2667162,2.2667162
-1.407892,-1.407892
1.1310503,1.1310503
-0.1800106,-0.1800106
-1.1362834,-1.1362834
-1.2557315,-1.2557315
-2.8500436,-2.8500436
-0.9895241,-0.9895241
0.1523603,0.1523603
3.3963464,3.3963464
2.8992308,2.8992308
1.6625776,1.6625776
1.3400647,1.3400647
2.8162938,2.8162938
1.8159506,1.8159506
1.7925597,1.7925597
0.1616695,0.1616695
0.7782375,0.7782375
1.9819576,1.9819576
4.0826668,4.0826668
0.4080586,0.4080586
2.9470009,2.9470009
1.63594,1.63594
0.6796672,0.6796672
0.5602191,0.5602191
-1.034093,-1.034093
0.8264265,0.8264265
-1.6401994,-1.6401994
1.6037867,1.6037867
1.1066711,1.1066711
-0.1299821,-0.1299821
-0.452495,-0.452495
1.0237341,1.0237341
0.0233909,0.0233909
-1.7925597,-1.7925597
-1.6308902,-1.6308902
-1.0143222,-1.0143222
0.1893979,0.1893979
2.2901071,2.2901071
-1.3845011,-1.3845011
1.1544412,1.1544412
-0.1566197,-0.1566197
-1.1128925,-1.1128925
-1.2323406,-1.2323406
-2.8266527,-2.8266527
-0.9661332,-0.9661332
-0.0093092,-0.0093092
3.2346769,3.2346769
2.7375613,2.7375613
1.5009081,1.5009081
1.1783952,1.1783952
2.6546243,2.6546243
1.6542811,1.6542811
-0.1616695,-0.1616695
1.6308902,1.6308902
0.616568,0.616568
1.8202881,1.8202881
3.9209973,3.9209973
0.2463891,0.2463891
2.7853314,2.7853314
1.4742705,1.4742705
0.5179977,0.5179977
0.3985496,0.3985496
-1.1957625,-1.1957625
0.664757,0.664757
-0.6258772,-0.6258772
2.6181089,2.6181089
2.1209933,2.1209933
0.8843401,0.8843401
0.5618272,0.5618272
2.0380563,2.0380563
1.0377131,1.0377131
-0.7782375,-0.7782375
1.0143222,1.0143222
-0.616568,-0.616568
1.2037201,1.2037201
3.3044293,3.3044293
-0.3701789,-0.3701789
2.1687634,2.1687634
0.8577025,0.8577025
-0.0985703,-0.0985703
-0.2180184,-0.2180184
-1.8123305,-1.8123305
0.048189,0.048189
-1.8295973,-1.8295973
1.4143888,1.4143888
0.9172732,0.9172732
-0.31938,-0.31938
-0.6418929,-0.6418929
0.8343362,0.8343362
-0.166007,-0.166007
-1.9819576,-1.9819576
-0.1893979,-0.1893979
-1.8202881,-1.8202881
-1.2037201,-1.2037201
2.1007092,2.1007092
-1.573899,-1.573899
0.9650433,0.9650433
-0.3460176,-0.3460176
-1.3022904,-1.3022904
-1.4217385,-1.4217385
-3.0160506,-3.0160506
-1.1555311,-1.1555311
-3.9303065,-3.9303065
-0.6863204,-0.6863204
-1.183436,-1.183436
-2.4200892,-2.4200892
-2.7426021,-2.7426021
-1.266373,-1.266373
-2.2667162,-2.2667162
-4.0826668,-4.0826668
-2.2901071,-2.2901071
-3.9209973,-3.9209973
-3.3044293,-3.3044293
-2.1007092,-2.1007092
-3.6746082,-3.6746082
-1.1356659,-1.1356659
-2.4467268,-2.4467268
-3.4029996,-3.4029996
-3.5224477,-3.5224477
-5.1167598,-5.1167598
-3.2562403,-3.2562403
-0.2556983,-0.2556983
2.9882878,2.9882878
2.4911722,2.4911722
1.254519,1.254519
0.9320061,0.9320061
2.4082352,2.4082352
1.407892,1.407892
-0.4080586,-0.4080586
1.3845011,1.3845011
-0.2463891,-0.2463891
0.3701789,0.3701789
1.573899,1.573899
3.6746082,3.6746082
2.5389423,2.5389423
1.2278814,1.2278814
0.2716086,0.2716086
0.1521605,0.1521605
-1.4421516,-1.4421516
0.4183679,0.4183679
-2.7946406,-2.7946406
0.4493455,0.4493455
-0.0477701,-0.0477701
-1.2844233,-1.2844233
-1.6069362,-1.6069362
-0.1307071,-0.1307071
-1.1310503,-1.1310503
-2.9470009,-2.9470009
-1.1544412,-1.1544412
-2.7853314,-2.7853314
-2.1687634,-2.1687634
-0.9650433,-0.9650433
1.1356659,1.1356659
-2.5389423,-2.5389423
-1.3110609,-1.3110609
-2.2673337,-2.2673337
-2.3867818,-2.3867818
-3.9810939,-3.9810939
-2.1205744,-2.1205744
-1.4835797,-1.4835797
1.7604064,1.7604064
1.2632908,1.2632908
0.0266376,0.0266376
-0.2958753,-0.2958753
1.1803538,1.1803538
0.1800106,0.1800106
-1.63594,-1.63594
0.1566197,0.1566197
-1.4742705,-1.4742705
-0.8577025,-0.8577025
0.3460176,0.3460176
2.4467268,2.4467268
-1.2278814,-1.2278814
1.3110609,1.3110609
-0.9562728,-0.9562728
-1.0757209,-1.0757209
-2.670033,-2.670033
-0.8095135,-0.8095135
-0.5273069,-0.5273069
2.7166792,2.7166792
2.2195636,2.2195636
0.9829104,0.9829104
0.6603975,0.6603975
2.1366266,2.1366266
1.1362834,1.1362834
-0.6796672,-0.6796672
1.1128925,1.1128925
-0.5179977,-0.5179977
0.0985703,0.0985703
1.3022904,1.3022904
3.4029996,3.4029996
-0.2716086,-0.2716086
2.2673337,2.2673337
0.9562728,0.9562728
-0.1194481,-0.1194481
-1.7137602,-1.7137602
0.1467593,0.1467593
-0.4078588,-0.4078588
2.8361273,2.8361273
2.3390117,2.3390117
1.1023585,1.1023585
0.7798456,0.7798456
2.2560747,2.2560747
1.2557315,1.2557315
-0.5602191,-0.5602191
1.2323406,1.2323406
-0.3985496,-0.3985496
0.2180184,0.2180184
1.4217385,1.4217385
3.5224477,3.5224477
-0.1521605,-0.1521605
2.3867818,2.3867818
1.0757209,1.0757209
0.1194481,0.1194481
-1.5943121,-1.5943121
0.2662074,0.2662074
1.1864533,1.1864533
4.4304394,4.4304394
3.9333238,3.9333238
2.6966706,2.6966706
2.3741577,2.3741577
3.8503868,3.8503868
2.8500436,2.8500436
1.034093,1.034093
2.8266527,2.8266527
1.1957625,1.1957625
1.8123305,1.8123305
3.0160506,3.0160506
5.1167598,5.1167598
1.4421516,1.4421516
3.9810939,3.9810939
2.670033,2.670033
1.7137602,1.7137602
1.5943121,1.5943121
1.8605195,1.8605195
-0.6740662,-0.6740662
2.5699199,2.5699199
2.0728043,2.0728043
0.8361511,0.8361511
0.5136382,0.5136382
1.9898673,1.9898673
0.9895241,0.9895241
-0.8264265,-0.8264265
0.9661332,0.9661332
-0.664757,-0.664757
-0.048189,-0.048189
1.1555311,1.1555311
3.2562403,3.2562403
-0.4183679,-0.4183679
2.1205744,2.1205744
0.8095135,0.8095135
-0.1467593,-0.1467593
-0.2662074,-0.2662074
-1.8605195,-1.8605195
-1.759334,-1.759334
1.2657246,1.2657246
0.8964132,0.8964132
-0.1313419,-0.1313419
1.6809396,1.6809396
11.1229852,-10.0
-1.7591362,-1.7591362
0.4463812,0.4463812
-2.5783374,-2.5783374
-1.8102783,-1.8102783
-1.5505825,-1.5505825
8.9633956,8.9633956
13.5560376,-10.0
2.852134,2.852134
0.416443,0.416443
1.2561527,1.2561527
-1.2743201,-1.2743201
3.5353488,3.5353488
1.1104449,1.1104449
1.759334,1.759334
3.0250586,3.0250586
2.6557472,2.6557472
1.6279921,1.6279921
3.4402736,3.4402736
12.8823192,-10.0
0.0001978,0.0001978
2.2057152,2.2057152
-0.8190034,-0.8190034
-0.0509443,-0.0509443
0.2087515,0.2087515
10.7227296,-10.0
15.3153716,-10.0
4.611468,4.611468
2.175777,2.175777
3.0154867,3.0154867
0.4850139,0.4850139
5.2946828,5.2946828
2.8697789,2.8697789
-1.2657246,-1.2657246
-3.0250586,-3.0250586
-0.3693114,-0.3693114
-1.3970665,-1.3970665
0.415215,0.415215
9.8572606,9.8572606
-3.0248608,-3.0248608
-0.8193434,-0.8193434
-3.844062,-3.844062
-3.0760029,-3.0760029
-2.8163071,-2.8163071
7.697671,7.697671
12.290313,-10.0
1.5864094,1.5864094
-0.8492816,-0.8492816
-0.0095719,-0.0095719
-2.5400447,-2.5400447
2.2696242,2.2696242
-0.1552797,-0.1552797
-0.8964132,-0.8964132
-2.6557472,-2.6557472
0.3693114,0.3693114
-1.0277551,-1.0277551
0.7845264,0.7845264
10.226572,-10.0
-2.6555494,-2.6555494
-0.450032,-0.450032
-3.4747506,-3.4747506
-2.7066915,-2.7066915
-2.4469957,-2.4469957
8.0669824,8.0669824
12.6596244,-10.0
1.9557208,1.9557208
-0.4799702,-0.4799702
0.3597395,0.3597395
-2.1707333,-2.1707333
2.6389356,2.6389356
0.2140317,0.2140317
0.1313419,0.1313419
-1.6279921,-1.6279921
1.3970665,1.3970665
1.0277551,1.0277551
1.8122815,1.8122815
11.2543271,-10.0
-1.6277943,-1.6277943
0.5777231,0.5777231
-2.4469955,-2.4469955
-1.6789364,-1.6789364
-1.4192406,-1.4192406
9.0947375,9.0947375
13.6873795,-10.0
2.9834759,2.9834759
0.5477849,0.5477849
1.3874946,1.3874946
-1.1429782,-1.1429782
3.6666907,3.6666907
1.2417868,1.2417868
-1.6809396,-1.6809396
-3.4402736,-3.4402736
-0.415215,-0.415215
-0.7845264,-0.7845264
-1.8122815,-1.8122815
9.4420456,9.4420456
-3.4400758,-3.4400758
-1.2345584,-1.2345584
-4.259277,-4.259277
-3.4912179,-3.4912179
-3.2315221,-3.2315221
7.282456,7.282456
11.875098,-10.0
1.1711944,1.1711944
-1.2644966,-1.2644966
-0.4247869,-0.4247869
-2.9552597,-2.9552597
1.8544092,1.8544092
-0.5704947,-0.5704947
-11.1229852,-10.0
-12.8823192,-10.0
-9.8572606,-9.8572606
-10.226572,-10.0
-11.2543271,-10.0
-9.4420456,-9.4420456
-12.8821214,-10.0
-10.676604,-10.0
-13.7013226,-10.0
-12.9332635,-10.0
-12.6735677,-10.0
-2.1595896,-2.1595896
2.4330524,2.4330524
-8.2708512,-8.2708512
-10.7065422,-10.0
-9.8668325,-9.8668325
-12.3973053,-10.0
-7.5876364,-7.5876364
-10.0125403,-10.0
1.7591362,1.7591362
-0.0001978,-0.0001978
3.0248608,3.0248608
2.6555494,2.6555494
1.6277943,1.6277943
3.4400758,3.4400758
12.8821214,-10.0
2.2055174,2.2055174
-0.8192012,-0.8192012
-0.0511421,-0.0511421
0.2085537,0.2085537
10.7225318,-10.0
15.3151738,-10.0
4.6112702,4.6112702
2.1755792,2.1755792
3.0152889,3.0152889
0.4848161,0.4848161
5.294485,5.294485
2.8695811,2.8695811
-0.4463812,-0.4463812
-2.2057152,-2.2057152
0.8193434,0.8193434
0.450032,0.450032
-0.5777231,-0.5777231
1.2345584,1.2345584
10.676604,-10.0
-2.2055174,-2.2055174
-3.0247186,-3.0247186
-2.2566595,-2.2566595
-1.9969637,-1.9969637
8.5170144,8.5170144
13.1096564,-10.0
2.4057528,2.4057528
-0.0299382,-0.0299382
0.8097715,0.8097715
-1.7207013,-1.7207013
3.0889676,3.0889676
0.6640637,0.6640637
2.5783374,2.5783374
0.8190034,0.8190034
3.844062,3.844062
3.4747506,3.4747506
2.4469955,2.4469955
4.259277,4.259277
13.7013226,-10.0
0.8192012,0.8192012
3.0247186,3.0247186
0.7680591,0.7680591
1.0277549,1.0277549
11.541733,-10.0
16.134375,-10.0
5.4304714,5.4304714
2.9947804,2.9947804
3.8344901,3.8344901
1.3040173,1.3040173
6.1136862,6.1136862
3.6887823,3.6887823
1.8102783,1.8102783
0.0509443,0.0509443
3.0760029,3.0760029
2.7066915,2.7066915
1.6789364,1.6789364
3.4912179,3.4912179
12.9332635,-10.0
0.0511421,0.0511421
2.2566595,2.2566595
-0.7680591,-0.7680591
0.2596958,0.2596958
10.7736739,-10.0
15.3663159,-10.0
4.6624123,4.6624123
2.2267213,2.2267213
3.066431,3.066431
0.5359582,0.5359582
5.3456271,5.3456271
2.9207232,2.9207232
1.5505825,1.5505825
-0.2087515,-0.2087515
2.8163071,2.8163071
2.4469957,2.4469957
1.4192406,1.4192406
3.2315221,3.2315221
12.6735677,-10.0
-0.2085537,-0.2085537
1.9969637,1.9969637
-1.0277549,-1.0277549
-0.2596958,-0.2596958
10.5139781,-10.0
15.1066201,-10.0
4.4027165,4.4027165
1.9670255,1.9670255
2.8067352,2.8067352
0.2762624,0.2762624
5.0859313,5.0859313
2.6610274,2.6610274
-8.9633956,-8.9633956
-10.7227296,-10.0
-7.697671,-7.697671
-8.0669824,-8.0669824
-9.0947375,-9.0947375
-7.282456,-7.282456
2.1595896,2.1595896
-10.7225318,-10.0
-8.5170144,-8.5170144
-11.541733,-10.0
-10.7736739,-10.0
-10.5139781,-10.0
4.592642,4.592642
-6.1112616,-6.1112616
-8.5469526,-8.5469526
-7.7072429,-7.7072429
-10.2377157,-10.0
-5.4280468,-5.4280468
-7.8529507,-7.8529507
-13.5560376,-10.0
-15.3153716,-10.0
-12.290313,-10.0
-12.6596244,-10.0
-13.6873795,-10.0
-11.875098,-10.0
-2.4330524,-2.4330524
-15.3151738,-10.0
-13.1096564,-10.0
-16.134375,-10.0
-15.3663159,-10.0
-15.1066201,-10.0
-4.592642,-4.592642
-10.7039036,-10.0
-13.1395946,-10.0
-12.2998849,-10.0
-14.8303577,-10.0
-10.0206888,-10.0
-12.4455927,-10.0
-2.852134,-2.852134
-4.611468,-4.611468
-1.5864094,-1.5864094
-1.9557208,-1.9557208
-2.9834759,-2.9834759
-1.1711944,-1.1711944
8.2708512,8.2708512
-4.6112702,-4.6112702
-2.4057528,-2.4057528
-5.4304714,-5.4304714
-4.6624123,-4.6624123
-4.4027165,-4.4027165
6.1112616,6.1112616
10.7039036,-10.0
-2.435691,-2.435691
-1.5959813,-1.5959813
-4.1264541,-4.1264541
0.6832148,0.6832148
-1.7416891,-1.7416891
-0.416443,-0.416443
-2.175777,-2.175777
0.8492816,0.8492816
0.4799702,0.4799702
-0.5477849,-0.5477849
1.2644966,1.2644966
10.7065422,-10.0
-2.1755792,-2.1755792
0.0299382,0.0299382
-2.9947804,-2.9947804
-2.2267213,-2.2267213
-1.9670255,-1.9670255
8.5469526,8.5469526
13.1395946,-10.0
2.435691,2.435691
0.8397097,0.8397097
-1.6907631,-1.6907631
3.1189058,3.1189058
0.6940019,0.6940019
-1.2561527,-1.2561527
-3.0154867,-3.0154867
0.0095719,0.0095719
-0.3597395,-0.3597395
-1.3874946,-1.3874946
0.4247869,0.4247869
9.8668325,9.8668325
-3.0152889,-3.0152889
-0.8097715,-0.8097715
-3.8344901,-3.8344901
-3.066431,-3.066431
-2.8067352,-2.8067352
7.7072429,7.7072429
12.2998849,-10.0
1.5959813,1.5959813
-0.8397097,-0.8397097
-2.5304728,-2.5304728
2.2791961,2.2791961
-0.1457078,-0.1457078
1.2743201,1.2743201
-0.4850139,-0.4850139
2.5400447,2.5400447
2.1707333,2.1707333
1.1429782,1.1429782
2.9552597,2.9552597
12.3973053,-10.0
-0.4848161,-0.4848161
1.7207013,1.7207013
-1.3040173,-1.3040173
-0.5359582,-0.5359582
-0.2762624,-0.2762624
10.2377157,-10.0
14.8303577,-10.0
4.1264541,4.1264541
1.6907631,1.6907631
2.5304728,2.5304728
4.8096689,4.8096689
2.384765,2.384765
-3.5353488,-3.5353488
-5.2946828,-5.2946828
-2.2696242,-2.2696242
-2.6389356,-2.6389356
-3.6666907,-3.6666907
-1.8544092,-1.8544092
7.5876364,7.5876364
-5.294485,-5.294485
-3.0889676,-3.0889676
-6.1136862,-6.1136862
-5.3456271,-5.3456271
-5.0859313,-5.0859313
5.4280468,5.4280468
10.0206888,-10.0
-0.6832148,-0.6832148
-3.1189058,-3.1189058
-2.2791961,-2.2791961
-4.8096689,-4.8096689
-2.4249039,-2.4249039
-1.1104449,-1.1104449
-2.8697789,-2.8697789
0.1552797,0.1552797
-0.2140317,-0.2140317
-1.2417868,-1.2417868
0.5704947,0.5704947
10.0125403,-10.0
-2.8695811,-2.8695811
-0.6640637,-0.6640637
-3.6887823,-3.6887823
-2.9207232,-2.9207232
-2.6610274,-2.6610274
7.8529507,7.8529507
12.4455927,-10.0
1.7416891,1.7416891
-0.6940019,-0.6940019
0.1457078,0.1457078
-2.384765,-2.384765
2.4249039,2.4249039
0.393408,0.393408
14.554933,-10.0
1.5580483,1.5580483
-0.5418586,-0.5418586
0.6932502,0.6932502
1.9404969,1.9404969
-0.2529581,-0.2529581
0.7768423,0.7768423
-0.9284158,-0.9284158
-0.6605122,-0.6605122
1.9850995,1.9850995
2.8242447,2.8242447
0.265898,0.265898
3.1237314,3.1237314
0.7034911,0.7034911
-0.6327742,-0.6327742
-0.3764876,-0.3764876
-2.7562185,-2.7562185
-0.0294625,-0.0294625
-0.393408,-0.393408
14.161525,-10.0
1.1646403,1.1646403
-0.9352666,-0.9352666
0.2998422,0.2998422
1.5470889,1.5470889
-0.6463661,-0.6463661
0.3834343,0.3834343
-1.3218238,-1.3218238
-1.0539202,-1.0539202
1.5916915,1.5916915
2.4308367,2.4308367
-0.12751,-0.12751
2.7303234,2.7303234
0.3100831,0.3100831
-1.0261822,-1.0261822
-0.7698956,-0.7698956
-3.1496265,-3.1496265
-0.4228705,-0.4228705
-14.554933,-10.0
-14.161525,-10.0
-12.9968847,-10.0
-15.0967916,-10.0
-13.8616828,-10.0
-12.6144361,-10.0
-14.8078911,-10.0
-13.7780907,-10.0
-15.4833488,-10.0
-15.2154452,-10.0
-12.5698335,-10.0
-11.7306883,-10.0
-14.289035,-10.0
-11.4312016,-10.0
-13.8514419,-10.0
-15.1877072,-10.0
-14.9314206,-10.0
-17.3111515,-10.0
-14.5843955,-10.0
-1.5580483,-1.5580483
-1.1646403,-1.1646403
12.9968847,-10.0
-2.0999069,-2.0999069
-0.8647981,-0.8647981
0.3824486,0.3824486
-1.8110064,-1.8110064
-0.781206,-0.781206
-2.4864641,-2.4864641
-2.2185605,-2.2185605
0.4270512,0.4270512
1.2661964,1.2661964
-1.2921503,-1.2921503
1.5656831,1.5656831
-0.8545572,-0.8545572
-2.1908225,-2.1908225
-1.9345359,-1.9345359
-4.3142668,-4.3142668
-1.5875108,-1.5875108
0.5418586,0.5418586
0.9352666,0.9352666
15.0967916,-10.0
2.0999069,2.0999069
1.2351088,1.2351088
2.4823555,2.4823555
0.2889005,0.2889005
1.3187009,1.3187009
-0.3865572,-0.3865572
-0.1186536,-0.1186536
2.5269581,2.5269581
3.3661033,3.3661033
0.8077566,0.8077566
3.66559,3.66559
1.2453497,1.2453497
-0.0909156,-0.0909156
0.165371,0.165371
-2.2143599,-2.2143599
0.5123961,0.5123961
-0.6932502,-0.6932502
-0.2998422,-0.2998422
13.8616828,-10.0
0.8647981,0.8647981
-1.2351088,-1.2351088
1.2472467,1.2472467
-0.9462083,-0.9462083
0.0835921,0.0835921
-1.621666,-1.621666
-1.3537624,-1.3537624
1.2918493,1.2918493
2.1309945,2.1309945
-0.4273522,-0.4273522
2.4304812,2.4304812
0.0102409,0.0102409
-1.3260244,-1.3260244
-1.0697378,-1.0697378
-3.4494687,-3.4494687
-0.7227127,-0.7227127
-1.9404969,-1.9404969
-1.5470889,-1.5470889
12.6144361,-10.0
-0.3824486,-0.3824486
-2.4823555,-2.4823555
-1.2472467,-1.2472467
-2.193455,-2.193455
-1.1636546,-1.1636546
-2.8689127,-2.8689127
-2.6010091,-2.6010091
0.0446026,0.0446026
0.8837478,0.8837478
-1.6745989,-1.6745989
1.1832345,1.1832345
-1.2370058,-1.2370058
-2.5732711,-2.5732711
-2.3169845,-2.3169845
-4.6967154,-4.6967154
-1.9699594,-1.9699594
0.2529581,0.2529581
0.6463661,0.6463661
14.8078911,-10.0
1.8110064,1.8110064
-0.2889005,-0.2889005
0.9462083,0.9462083
2.193455,2.193455
1.0298004,1.0298004
-0.6754577,-0.6754577
-0.4075541,-0.4075541
2.2380576,2.2380576
3.0772028,3.0772028
0.5188561,0.5188561
3.3766895,3.3766895
0.9564492,0.9564492
-0.3798161,-0.3798161
-0.1235295,-0.1235295
-2.5032604,-2.5032604
0.2234956,0.2234956
-0.7768423,-0.7768423
-0.3834343,-0.3834343
13.7780907,-10.0
0.781206,0.781206
-1.3187009,-1.3187009
-0.0835921,-0.0835921
1.1636546,1.1636546
-1.0298004,-1.0298004
-1.7052581,-1.7052581
-1.4373545,-1.4373545
1.2082572,1.2082572
2.0474024,2.0474024
-0.5109443,-0.5109443
2.3468891,2.3468891
-0.0733512,-0.0733512
-1.4096165,-1.4096165
-1.1533299,-1.1533299
-3.5330608,-3.5330608
-0.8063048,-0.8063048
0.9284158,0.9284158
1.3218238,1.3218238
15.4833488,-10.0
2.4864641,2.4864641
0.3865572,0.3865572
1.621666,1.621666
2.8689127,2.8689127
0.6754577,0.6754577
1.7052581,1.7052581
0.2679036,0.2679036
2.9135153,2.9135153
3.7526605,3.7526605
1.1943138,1.1943138
4.0521472,4.0521472
1.6319069,1.6319069
0.2956416,0.2956416
0.5519282,0.5519282
-1.8278027,-1.8278027
0.8989533,0.8989533
0.6605122,0.6605122
1.0539202,1.0539202
15.2154452,-10.0
2.2185605,2.2185605
0.1186536,0.1186536
1.3537624,1.3537624
2.6010091,2.6010091
0.4075541,0.4075541
1.4373545,1.4373545
-0.2679036,-0.2679036
2.6456117,2.6456117
3.4847569,3.4847569
0.9264102,0.9264102
3.7842436,3.7842436
1.3640033,1.3640033
0.027738,0.027738
0.2840246,0.2840246
-2.0957063,-2.0957063
0.6310497,0.6310497
-1.9850995,-1.9850995
-1.5916915,-1.5916915
12.5698335,-10.0
-0.4270512,-0.4270512
-2.5269581,-2.5269581
-1.2918493,-1.2918493
-0.0446026,-0.0446026
-2.2380576,-2.2380576
-1.2082572,-1.2082572
-2.9135153,-2.9135153
-2.6456117,-2.6456117
0.8391452,0.8391452
-1.7192015,-1.7192015
1.1386319,1.1386319
-1.2816084,-1.2816084
-2.6178737,-2.6178737
-2.3615871,-2.3615871
-4.741318,-4.741318
-2.014562,-2.014562
-2.8242447,-2.8242447
-2.4308367,-2.4308367
11.7306883,-10.0
-1.2661964,-1.2661964
-3.3661033,-3.3661033
-2.1309945,-2.1309945
-0.8837478,-0.8837478
-3.0772028,-3.0772028
-2.0474024,-2.0474024
-3.7526605,-3.7526605
-3.4847569,-3.4847569
-0.8391452,-0.8391452
-2.5583467,-2.5583467
0.2994867,0.2994867
-2.1207536,-2.1207536
-3.4570189,-3.4570189
-3.2007323,-3.2007323
-5.5804632,-5.5804632
-2.8537072,-2.8537072
-0.265898,-0.265898
0.12751,0.12751
14.289035,-10.0
1.2921503,1.2921503
-0.8077566,-0.8077566
0.4273522,0.4273522
1.6745989,1.6745989
-0.5188561,-0.5188561
0.5109443,0.5109443
-1.1943138,-1.1943138
-0.9264102,-0.9264102
1.7192015,1.7192015
2.5583467,2.5583467
2.8578334,2.8578334
0.4375931,0.4375931
-0.8986722,-0.8986722
-0.6423856,-0.6423856
-3.0221165,-3.0221165
-0.2953605,-0.2953605
-3.1237314,-3.1237314
-2.7303234,-2.7303234
11.4312016,-10.0
-1.5656831,-1.5656831
-3.66559,-3.66559
-2.4304812,-2.4304812
-1.1832345,-1.1832345
-3.3766895,-3.3766895
-2.3468891,-2.3468891
-4.0521472,-4.0521472
-3.7842436,-3.7842436
-1.1386319,-1.1386319
-0.2994867,-0.2994867
-2.8578334,-2.8578334
-2.4202403,-2.4202403
-3.7565056,-3.7565056
-3.500219,-3.500219
-5.8799499,-5.8799499
-3.1531939,-3.1531939
-0.7034911,-0.7034911
-0.3100831,-0.3100831
13.8514419,-10.0
0.8545572,0.8545572
-1.2453497,-1.2453497
-0.0102409,-0.0102409
1.2370058,1.2370058
-0.9564492,-0.9564492
0.0733512,0.0733512
-1.6319069,-1.6319069
-1.3640033,-1.3640033
1.2816084,1.2816084
2.1207536,2.1207536
-0.4375931,-0.4375931
2.4202403,2.4202403
-1.3362653,-1.3362653
-1.0799787,-1.0799787
-3.4597096,-3.4597096
-0.7329536,-0.7329536
0.6327742,0.6327742
1.0261822,1.0261822
15.1877072,-10.0
2.1908225,2.1908225
0.0909156,0.0909156
1.3260244,1.3260244
2.5732711,2.5732711
0.3798161,0.3798161
1.4096165,1.4096165
-0.2956416,-0.2956416
-0.027738,-0.027738
2.6178737,2.6178737
3.4570189,3.4570189
0.8986722,0.8986722
3.7565056,3.7565056
1.3362653,1.3362653
0.2562866,0.2562866
-2.1234443,-2.1234443
0.6033117,0.6033117
0.3764876,0.3764876
0.7698956,0.7698956
14.9314206,-10.0
1.9345359,1.9345359
-0.165371,-0.165371
1.0697378,1.0697378
2.3169845,2.3169845
0.1235295,0.1235295
1.1533299,1.1533299
-0.5519282,-0.5519282
-0.2840246,-0.2840246
2.3615871,2.3615871
3.2007323,3.2007323
0.6423856,0.6423856
3.500219,3.500219
1.0799787,1.0799787
-0.2562866,-0.2562866
-2.3797309,-2.3797309
0.3470251,0.3470251
2.7562185,2.7562185
3.1496265,3.1496265
17.3111515,-10.0
4.3142668,4.3142668
2.2143599,2.2143599
3.4494687,3.4494687
4.6967154,4.6967154
2.5032604,2.5032604
3.5330608,3.5330608
1.8278027,1.8278027
2.0957063,2.0957063
4.741318,4.741318
5.5804632,5.5804632
3.0221165,3.0221165
5.8799499,5.8799499
3.4597096,3.4597096
2.1234443,2.1234443
2.3797309,2.3797309
2.726756,2.726756
0.0294625,0.0294625
0.4228705,0.4228705
14.5843955,-10.0
1.5875108,1.5875108
-0.5123961,-0.5123961
0.7227127,0.7227127
1.9699594,1.9699594
-0.2234956,-0.2234956
0.8063048,0.8063048
-0.8989533,-0.8989533
-0.6310497,-0.6310497
2.014562,2.014562
2.8537072,2.8537072
0.2953605,0.2953605
3.1531939,3.1531939
0.7329536,0.7329536
-0.6033117,-0.6033117
-0.3470251,-0.3470251
-2.726756,-2.726756
0.5358433,0.5358433
-0.9316675,-0.9316675
0.6482586,0.6482586
1.0388116,1.0388116
1.3177076,1.3177076
0.4652343,0.4652343
-0.0432455,-0.0432455
-1.2976825,-1.2976825
0.4649529,0.4649529
-0.5732239,-0.5732239
0.3430634,0.3430634
2.0918345,2.0918345
-0.2517831,-0.2517831
-0.4954686,-0.4954686
0.2557777,0.2557777
0.5609822,0.5609822
0.311238,0.311238
-3.331927,-3.331927
-0.396151,-0.396151
-0.5358433,-0.5358433
-1.4675108,-1.4675108
0.1124153,0.1124153
0.5029683,0.5029683
0.7818643,0.7818643
-0.070609,-0.070609
-0.5790888,-0.5790888
-1.8335258,-1.8335258
-0.0708904,-0.0708904
-1.1090672,-1.1090672
-0.1927799,-0.1927799
1.5559912,1.5559912
-0.7876264,-0.7876264
-1.0313119,-1.0313119
-0.2800656,-0.2800656
0.0251389,0.0251389
-0.2246053,-0.2246053
-3.8677703,-3.8677703
-0.9319943,-0.9319943
0.9316675,0.9316675
1.4675108,1.4675108
1.5799261,1.5799261
1.9704791,1.9704791
2.2493751,2.2493751
1.3969018,1.3969018
0.888422,0.888422
-0.366015,-0.366015
1.3966204,1.3966204
0.3584436,0.3584436
1.2747309,1.2747309
3.023502,3.023502
0.6798844,0.6798844
0.4361989,0.4361989
1.1874452,1.1874452
1.4926497,1.4926497
1.2429055,1.2429055
-2.4002595,-2.4002595
0.5355165,0.5355165
-0.6482586,-0.6482586
-0.1124153,-0.1124153
-1.5799261,-1.5799261
0.390553,0.390553
0.669449,0.669449
-0.1830243,-0.1830243
-0.6915041,-0.6915041
-1.9459411,-1.9459411
-0.1833057,-0.1833057
-1.2214825,-1.2214825
-0.3051952,-0.3051952
1.4435759,1.4435759
-0.9000417,-0.9000417
-1.1437272,-1.1437272
-0.3924809,-0.3924809
-0.0872764,-0.0872764
-0.3370206,-0.3370206
-3.9801856,-3.9801856
-1.0444096,-1.0444096
-1.0388116,-1.0388116
-0.5029683,-0.5029683
-1.9704791,-1.9704791
-0.390553,-0.390553
0.278896,0.278896
-0.5735773,-0.5735773
-1.0820571,-1.0820571
-2.3364941,-2.3364941
-0.5738587,-0.5738587
-1.6120355,-1.6120355
-0.6957482,-0.6957482
1.0530229,1.0530229
-1.2905947,-1.2905947
-1.5342802,-1.5342802
-0.7830339,-0.7830339
-0.4778294,-0.4778294
-0.7275736,-0.7275736
-4.3707386,-4.3707386
-1.4349626,-1.4349626
-1.3177076,-1.3177076
-0.7818643,-0.7818643
-2.2493751,-2.2493751
-0.669449,-0.669449
-0.278896,-0.278896
-0.8524733,-0.8524733
-1.3609531,-1.3609531
-2.6153901,-2.6153901
-0.8527547,-0.8527547
-1.8909315,-1.8909315
-0.9746442,-0.9746442
0.7741269,0.7741269
-1.5694907,-1.5694907
-1.8131762,-1.8131762
-1.0619299,-1.0619299
-0.7567254,-0.7567254
-1.0064696,-1.0064696
-4.6496346,-4.6496346
-1.7138586,-1.7138586
-0.4652343,-0.4652343
0.070609,0.070609
-1.3969018,-1.3969018
0.1830243,0.1830243
0.5735773,0.5735773
0.8524733,0.8524733
-0.5084798,-0.5084798
-1.7629168,-1.7629168
-0.0002814,-0.0002814
-1.0384582,-1.0384582
-0.1221709,-0.1221709
1.6266002,1.6266002
-0.7170174,-0.7170174
-0.9607029,-0.9607029
-0.2094566,-0.2094566
0.0957479,0.0957479
-0.1539963,-0.1539963
-3.7971613,-3.7971613
-0.8613853,-0.8613853
0.0432455,0.0432455
0.5790888,0.5790888
-0.888422,-0.888422
0.6915041,0.6915041
1.0820571,1.0820571
1.3609531,1.3609531
0.5084798,0.5084798
-1.254437,-1.254437
0.5081984,0.5081984
-0.5299784,-0.5299784
0.3863089,0.3863089
2.13508,2.13508
-0.2085376,-0.2085376
-0.4522231,-0.4522231
0.2990232,0.2990232
0.6042277,0.6042277
0.3544835,0.3544835
-3.2886815,-3.2886815
-0.3529055,-0.3529055
1.2976825,1.2976825
1.8335258,1.8335258
0.366015,0.366015
1.9459411,1.9459411
2.3364941,2.3364941
2.6153901,2.6153901
1.7629168,1.7629168
1.254437,1.254437
1.7626354,1.7626354
0.7244586,0.7244586
1.6407459,1.6407459
3.389517,3.389517
1.0458994,1.0458994
0.8022139,0.8022139
1.5534602,1.5534602
1.8586647,1.8586647
1.6089205,1.6089205
-2.0342445,-2.0342445
0.9015315,0.9015315
-0.4649529,-0.4649529
0.0708904,0.0708904
-1.3966204,-1.3966204
0.1833057,0.1833057
0.5738587,0.5738587
0.8527547,0.8527547
0.0002814,0.0002814
-0.5081984,-0.5081984
-1.7626354,-1.7626354
-1.0381768,-1.0381768
-0.1218895,-0.1218895
1.6268816,1.6268816
-0.716736,-0.716736
-0.9604215,-0.9604215
-0.2091752,-0.2091752
0.0960293,0.0960293
-0.1537149,-0.1537149
-3.7968799,-3.7968799
-0.8611039,-0.8611039
0.5732239,0.5732239
1.1090672,1.1090672
-0.3584436,-0.3584436
1.2214825,1.2214825
1.6120355,1.6120355
1.8909315,1.8909315
1.0384582,1.0384582
0.5299784,0.5299784
-0.7244586,-0.7244586
1.0381768,1.0381768
0.9162873,0.9162873
2.6650584,2.6650584
0.3214408,0.3214408
0.0777553,0.0777553
0.8290016,0.8290016
1.1342061,1.1342061
0.8844619,0.8844619
-2.7587031,-2.7587031
0.1770729,0.1770729
-0.3430634,-0.3430634
0.1927799,0.1927799
-1.2747309,-1.2747309
0.3051952,0.3051952
0.6957482,0.6957482
0.9746442,0.9746442
0.1221709,0.1221709
-0.3863089,-0.3863089
-1.6407459,-1.6407459
0.1218895,0.1218895
-0.9162873,-0.9162873
1.7487711,1.7487711
-0.5948465,-0.5948465
-0.838532,-0.838532
-0.0872857,-0.0872857
0.2179188,0.2179188
-0.0318254,-0.0318254
-3.6749904,-3.6749904
-0.7392144,-0.7392144
-2.0918345,-2.0918345
-1.5559912,-1.5559912
-3.023502,-3.023502
-1.4435759,-1.4435759
-1.0530229,-1.0530229
-0.7741269,-0.7741269
-1.6266002,-1.6266002
-2.13508,-2.13508
-3.389517,-3.389517
-1.6268816,-1.6268816
-2.6650584,-2.6650584
-1.7487711,-1.7487711
-2.3436176,-2.3436176
-2.5873031,-2.5873031
-1.8360568,-1.8360568
-1.5308523,-1.5308523
-1.7805965,-1.7805965
-5.4237615,-5.4237615
-2.4879855,-2.4879855
0.2517831,0.2517831
0.7876264,0.7876264
-0.6798844,-0.6798844
0.9000417,0.9000417
1.2905947,1.2905947
1.5694907,1.5694907
0.7170174,0.7170174
0.2085376,0.2085376
-1.0458994,-1.0458994
0.716736,0.716736
-0.3214408,-0.3214408
0.5948465,0.5948465
2.3436176,2.3436176
-0.2436855,-0.2436855
0.5075608,0.5075608
0.8127653,0.8127653
0.5630211,0.5630211
-3.0801439,-3.0801439
-0.1443679,-0.1443679
0.4954686,0.4954686
1.0313119,1.0313119
-0.4361989,-0.4361989
1.1437272,1.1437272
1.5342802,1.5342802
1.8131762,1.8131762
0.9607029,0.9607029
0.4522231,0.4522231
-0.8022139,-0.8022139
0.9604215,0.9604215
-0.0777553,-0.0777553
0.838532,0.838532
2.5873031,2.5873031
0.2436855,0.2436855
0.7512463,0.7512463
1.0564508,1.0564508
0.8067066,0.8067066
-2.8364584,-2.8364584
0.0993176,0.0993176
-0.2557777,-0.2557777
0.2800656,0.2800656
-1.1874452,-1.1874452
0.3924809,0.3924809
0.7830339,0.7830339
1.0619299,1.0619299
0.2094566,0.2094566
-0.2990232,-0.2990232
-1.5534602,-1.5534602
0.2091752,0.2091752
-0.8290016,-0.8290016
0.0872857,0.0872857
1.8360568,1.8360568
-0.5075608,-0.5075608
-0.7512463,-0.7512463
0.3052045,0.3052045
0.0554603,0.0554603
-3.5877047,-3.5877047
-0.6519287,-0.6519287
-0.5609822,-0.5609822
-0.0251389,-0.0251389
-1.4926497,-1.4926497
0.0872764,0.0872764
0.4778294,0.4778294
0.7567254,0.7567254
-0.0957479,-0.0957479
-0.6042277,-0.6042277
-1.8586647,-1.8586647
-0.0960293,-0.0960293
-1.1342061,-1.1342061
-0.2179188,-0.2179188
1.5308523,1.5308523
-0.8127653,-0.8127653
-1.0564508,-1.0564508
-0.3052045,-0.3052045
-0.2497442,-0.2497442
-3.8929092,-3.8929092
-0.9571332,-0.9571332
-0.311238,-0.311238
0.2246053,0.2246053
-1.2429055,-1.2429055
0.3370206,0.3370206
0.7275736,0.7275736
1.0064696,1.0064696
0.1539963,0.1539963
-0.3544835,-0.3544835
-1.6089205,-1.6089205
0.1537149,0.1537149
-0.8844619,-0.8844619
0.0318254,0.0318254
1.7805965,1.7805965
-0.5630211,-0.5630211
-0.8067066,-0.8067066
-0.0554603,-0.0554603
0.2497442,0.2497442
-3.643165,-3.643165
-0.707389,-0.707389
3.331927,3.331927
3.8677703,3.8677703
2.4002595,2.4002595
3.9801856,3.9801856
4.3707386,4.3707386
4.6496346,4.6496346
3.7971613,3.7971613
3.2886815,3.2886815
2.0342445,2.0342445
3.7968799,3.7968799
2.7587031,2.7587031
3.6749904,3.6749904
5.4237615,5.4237615
3.0801439,3.0801439
2.8364584,2.8364584
3.5877047,3.5877047
3.8929092,3.8929092
3.643165,3.643165
2.935776,2.935776
0.396151,0.396151
0.9319943,0.9319943
-0.5355165,-0.5355165
1.0444096,1.0444096
1.4349626,1.4349626
1.7138586,1.7138586
0.8613853,0.8613853
0.3529055,0.3529055
-0.9015315,-0.9015315
0.8611039,0.8611039
-0.1770729,-0.1770729
0.7392144,0.7392144
2.4879855,2.4879855
0.1443679,0.1443679
-0.0993176,-0.0993176
0.6519287,0.6519287
0.9571332,0.9571332
0.707389,0.707389
-2.935776,-2.935776
16.7091258,-10.0
16.4057766,-10.0
8.1711063,8.1711063
0.4665533,0.4665533
1.964511,1.964511
9.1246101,9.1246101
2.600904,2.600904
-0.1839072,-0.1839072
2.9499975,2.9499975
10.6743839,-10.0
1.7058509,1.7058509
11.9834497,-10.0
0.8386062,0.8386062
-0.7463798,-0.7463798
2.2511037,2.2511037
4.0120303,4.0120303
2.6143621,2.6143621
2.2018032,2.2018032
0.0443218,0.0443218
-16.7091258,-10.0
-0.3033492,-0.3033492
-8.5380195,-8.5380195
-16.2425725,-10.0
-14.7446148,-10.0
-7.5845157,-7.5845157
-14.1082218,-10.0
-16.893033,-10.0
-13.7591283,-10.0
-6.0347419,-6.0347419
-15.0032749,-10.0
-4.7256761,-4.7256761
-15.8705196,-10.0
-17.4555056,-10.0
-14.4580221,-10.0
-12.6970955,-10.0
-14.0947637,-10.0
-14.5073226,-10.0
-16.664804,-10.0
-16.4057766,-10.0
0.3033492,0.3033492
-8.2346703,-8.2346703
-15.9392233,-10.0
-14.4412656,-10.0
-7.2811665,-7.2811665
-13.8048726,-10.0
-16.5896838,-10.0
-13.4557791,-10.0
-5.7313927,-5.7313927
-14.6999257,-10.0
-4.4223269,-4.4223269
-15.5671704,-10.0
-17.1521564,-10.0
-14.1546729,-10.0
-12.3937463,-10.0
-13.7914145,-10.0
-14.2039734,-10.0
-16.3614548,-10.0
-8.1711063,-8.1711063
8.5380195,8.5380195
8.2346703,8.2346703
-7.704553,-7.704553
-6.2065953,-6.2065953
0.9535038,0.9535038
-5.5702023,-5.5702023
-8.3550135,-8.3550135
-5.2211088,-5.2211088
2.5032776,2.5032776
-6.4652554,-6.4652554
3.8123434,3.8123434
-7.3325001,-7.3325001
-8.9174861,-8.9174861
-5.9200026,-5.9200026
-4.159076,-4.159076
-5.5567442,-5.5567442
-5.9693031,-5.9693031
-8.1267845,-8.1267845
-0.4665533,-0.4665533
16.2425725,-10.0
15.9392233,-10.0
7.704553,7.704553
1.4979577,1.4979577
8.6580568,8.6580568
2.1343507,2.1343507
-0.6504605,-0.6504605
2.4834442,2.4834442
10.2078306,-10.0
1.2392976,1.2392976
11.5168964,-10.0
0.3720529,0.3720529
-1.2129331,-1.2129331
1.7845504,1.7845504
3.545477,3.545477
2.1478088,2.1478088
1.7352499,1.7352499
-0.4222315,-0.4222315
-1.964511,-1.964511
14.7446148,-10.0
14.4412656,-10.0
6.2065953,6.2065953
-1.4979577,-1.4979577
7.1600991,7.1600991
0.636393,0.636393
-2.1484182,-2.1484182
0.9854865,0.9854865
8.7098729,8.7098729
-0.2586601,-0.2586601
10.0189387,-10.0
-1.1259048,-1.1259048
-2.7108908,-2.7108908
0.2865927,0.2865927
2.0475193,2.0475193
0.6498511,0.6498511
0.2372922,0.2372922
-1.9201892,-1.9201892
-9.1246101,-9.1246101
7.5845157,7.5845157
7.2811665,7.2811665
-0.9535038,-0.9535038
-8.6580568,-8.6580568
-7.1600991,-7.1600991
-6.5237061,-6.5237061
-9.3085173,-9.3085173
-6.1746126,-6.1746126
1.5497738,1.5497738
-7.4187592,-7.4187592
2.8588396,2.8588396
-8.2860039,-8.2860039
-9.8709899,-9.8709899
-6.8735064,-6.8735064
-5.1125798,-5.1125798
-6.510248,-6.510248
-6.9228069,-6.9228069
-9.0802883,-9.0802883
-2.600904,-2.600904
14.1082218,-10.0
13.8048726,-10.0
5.5702023,5.5702023
-2.1343507,-2.1343507
-0.636393,-0.636393
6.5237061,6.5237061
-2.7848112,-2.7848112
0.3490935,0.3490935
8.0734799,8.0734799
-0.8950531,-0.8950531
9.3825457,9.3825457
-1.7622978,-1.7622978
-3.3472838,-3.3472838
-0.3498003,-0.3498003
1.4111263,1.4111263
0.0134581,0.0134581
-0.3991008,-0.3991008
-2.5565822,-2.5565822
0.1839072,0.1839072
16.893033,-10.0
16.5896838,-10.0
8.3550135,8.3550135
0.6504605,0.6504605
2.1484182,2.1484182
9.3085173,9.3085173
2.7848112,2.7848112
3.1339047,3.1339047
10.8582911,-10.0
1.8897581,1.8897581
12.1673569,-10.0
1.0225134,1.0225134
-0.5624726,-0.5624726
2.4350109,2.4350109
4.1959375,4.1959375
2.7982693,2.7982693
2.3857104,2.3857104
0.228229,0.228229
-2.9499975,-2.9499975
13.7591283,-10.0
13.4557791,-10.0
5.2211088,5.2211088
-2.4834442,-2.4834442
-0.9854865,-0.9854865
6.1746126,6.1746126
-0.3490935,-0.3490935
-3.1339047,-3.1339047
7.7243864,7.7243864
-1.2441466,-1.2441466
9.0334522,9.0334522
-2.1113913,-2.1113913
-3.6963773,-3.6963773
-0.6988938,-0.6988938
1.0620328,1.0620328
-0.3356354,-0.3356354
-0.7481943,-0.7481943
-2.9056757,-2.9056757
-10.6743839,-10.0
6.0347419,6.0347419
5.7313927,5.7313927
-2.5032776,-2.5032776
-10.2078306,-10.0
-8.7098729,-8.7098729
-1.5497738,-1.5497738
-8.0734799,-8.0734799
-10.8582911,-10.0
-7.7243864,-7.7243864
-8.968533,-8.968533
1.3090658,1.3090658
-9.8357777,-9.8357777
-11.4207637,-10.0
-8.4232802,-8.4232802
-6.6623536,-6.6623536
-8.0600218,-8.0600218
-8.4725807,-8.4725807
-10.6300621,-10.0
-1.7058509,-1.7058509
15.0032749,-10.0
14.6999257,-10.0
6.4652554,6.4652554
-1.2392976,-1.2392976
0.2586601,0.2586601
7.4187592,7.4187592
0.8950531,0.8950531
-1.8897581,-1.8897581
1.2441466,1.2441466
8.968533,8.968533
10.2775988,-10.0
-0.8672447,-0.8672447
-2.4522307,-2.4522307
0.5452528,0.5452528
2.3061794,2.3061794
0.9085112,0.9085112
0.4959523,0.4959523
-1.6615291,-1.6615291
-11.9834497,-10.0
4.7256761,4.7256761
4.4223269,4.4223269
-3.8123434,-3.8123434
-11.5168964,-10.0
-10.0189387,-10.0
-2.8588396,-2.8588396
-9.3825457,-9.3825457
-12.1673569,-10.0
-9.0334522,-9.0334522
-1.3090658,-1.3090658
-10.2775988,-10.0
-11.1448435,-10.0
-12.7298295,-10.0
-9.732346,-9.732346
-7.9714194,-7.9714194
-9.3690876,-9.3690876
-9.7816465,-9.7816465
-11.9391279,-10.0
-0.8386062,-0.8386062
15.8705196,-10.0
15.5671704,-10.0
7.3325001,7.3325001
-0.3720529,-0.3720529
1.1259048,1.1259048
8.2860039,8.2860039
1.7622978,1.7622978
-1.0225134,-1.0225134
2.1113913,2.1113913
9.8357777,9.8357777
0.8672447,0.8672447
11.1448435,-10.0
-1.584986,-1.584986
1.4124975,1.4124975
3.1734241,3.1734241
1.7757559,1.7757559
1.363197,1.363197
-0.7942844,-0.7942844
0.7463798,0.7463798
17.4555056,-10.0
17.1521564,-10.0
8.9174861,8.9174861
1.2129331,1.2129331
2.7108908,2.7108908
9.8709899,9.8709899
3.3472838,3.3472838
0.5624726,0.5624726
3.6963773,3.6963773
11.4207637,-10.0
2.4522307,2.4522307
12.7298295,-10.0
1.584986,1.584986
2.9974835,2.9974835
4.7584101,4.7584101
3.3607419,3.3607419
2.948183,2.948183
0.7907016,0.7907016
-2.2511037,-2.2511037
14.4580221,-10.0
14.1546729,-10.0
5.9200026,5.9200026
-1.7845504,-1.7845504
-0.2865927,-0.2865927
6.8735064,6.8735064
0.3498003,0.3498003
-2.4350109,-2.4350109
0.6988938,0.6988938
8.4232802,8.4232802
-0.5452528,-0.5452528
9.732346,9.732346
-1.4124975,-1.4124975
-2.9974835,-2.9974835
1.7609266,1.7609266
0.3632584,0.3632584
-0.0493005,-0.0493005
-2.2067819,-2.2067819
-4.0120303,-4.0120303
12.6970955,-10.0
12.3937463,-10.0
4.159076,4.159076
-3.545477,-3.545477
-2.0475193,-2.0475193
5.1125798,5.1125798
-1.4111263,-1.4111263
-4.1959375,-4.1959375
-1.0620328,-1.0620328
6.6623536,6.6623536
-2.3061794,-2.3061794
7.9714194,7.9714194
-3.1734241,-3.1734241
-4.7584101,-4.7584101
-1.7609266,-1.7609266
-1.3976682,-1.3976682
-1.8102271,-1.8102271
-3.9677085,-3.9677085
-2.6143621,-2.6143621
14.0947637,-10.0
13.7914145,-10.0
5.5567442,5.5567442
-2.1478088,-2.1478088
-0.6498511,-0.6498511
6.510248,6.510248
-0.0134581,-0.0134581
-2.7982693,-2.7982693
0.3356354,0.3356354
8.0600218,8.0600218
-0.9085112,-0.9085112
9.3690876,9.3690876
-1.7757559,-1.7757559
-3.3607419,-3.3607419
-0.3632584,-0.3632584
1.3976682,1.3976682
-0.4125589,-0.4125589
-2.5700403,-2.5700403
-2.2018032,-2.2018032
14.5073226,-10.0
14.2039734,-10.0
5.9693031,5.9693031
-1.7352499,-1.7352499
-0.2372922,-0.2372922
6.9228069,6.9228069
0.3991008,0.3991008
-2.3857104,-2.3857104
0.7481943,0.7481943
8.4725807,8.4725807
-0.4959523,-0.4959523
9.7816465,9.7816465
-1.363197,-1.363197
-2.948183,-2.948183
0.0493005,0.0493005
1.8102271,1.8102271
0.4125589,0.4125589
-2.1574814,-2.1574814
-0.0443218,-0.0443218
16.664804,-10.0
16.3614548,-10.0
8.1267845,8.1267845
0.4222315,0.4222315
1.9201892,1.9201892
9.0802883,9.0802883
2.5565822,2.5565822
-0.228229,-0.228229
2.9056757,2.9056757
10.6300621,-10.0
1.6615291,1.6615291
11.9391279,-10.0
0.7942844,0.7942844
-0.7907016,-0.7907016
2.2067819,2.2067819
3.9677085,3.9677085
2.5700403,2.5700403
2.1574814,2.1574814
0.9468685,0.9468685
-1.9055787,-1.9055787
-3.1875707,-3.1875707
0.5260764,0.5260764
-0.4628855,-0.4628855
-0.1514211,-0.1514211
0.7788307,0.7788307
0.8524189,0.8524189
0.4728637,0.4728637
-1.1306606,-1.1306606
-2.2511987,-2.2511987
2.3058274,2.3058274
-2.4876331,-2.4876331
0.7046101,0.7046101
-0.3846717,-0.3846717
-0.632826,-0.632826
0.4026422,0.4026422
13.7294139,-10.0
0.7343681,0.7343681
-0.9468685,-0.9468685
-2.8524472,-2.8524472
-4.1344392,-4.1344392
-0.4207921,-0.4207921
-1.409754,-1.409754
-1.0982896,-1.0982896
-0.1680378,-0.1680378
-0.0944496,-0.0944496
-0.4740048,-0.4740048
-2.0775291,-2.0775291
-3.1980672,-3.1980672
1.3589589,1.3589589
-3.4345016,-3.4345016
-0.2422584,-0.2422584
-1.3315402,-1.3315402
-1.5796945,-1.5796945
-0.5442263,-0.5442263
12.7825454,-10.0
-0.2125004,-0.2125004
1.9055787,1.9055787
2.8524472,2.8524472
-1.281992,-1.281992
2.4316551,2.4316551
1.4426932,1.4426932
1.7541576,1.7541576
2.6844094,2.6844094
2.7579976,2.7579976
2.3784424,2.3784424
0.7749181,0.7749181
-0.34562,-0.34562
4.2114061,4.2114061
-0.5820544,-0.5820544
2.6101888,2.6101888
1.520907,1.520907
1.2727527,1.2727527
2.3082209,2.3082209
15.6349926,-10.0
2.6399468,2.6399468
3.1875707,3.1875707
4.1344392,4.1344392
1.281992,1.281992
3.7136471,3.7136471
2.7246852,2.7246852
3.0361496,3.0361496
3.9664014,3.9664014
4.0399896,4.0399896
3.6604344,3.6604344
2.0569101,2.0569101
0.936372,0.936372
5.4933981,5.4933981
0.6999376,0.6999376
3.8921808,3.8921808
2.802899,2.802899
2.5547447,2.5547447
3.5902129,3.5902129
16.9169846,-10.0
3.9219388,3.9219388
-0.5260764,-0.5260764
0.4207921,0.4207921
-2.4316551,-2.4316551
-3.7136471,-3.7136471
-0.9889619,-0.9889619
-0.6774975,-0.6774975
0.2527543,0.2527543
0.3263425,0.3263425
-0.0532127,-0.0532127
-1.656737,-1.656737
-2.7772751,-2.7772751
1.779751,1.779751
-3.0137095,-3.0137095
0.1785337,0.1785337
-0.9107481,-0.9107481
-1.1589024,-1.1589024
-0.1234342,-0.1234342
13.2033375,-10.0
0.2082917,0.2082917
0.4628855,0.4628855
1.409754,1.409754
-1.4426932,-1.4426932
-2.7246852,-2.7246852
0.9889619,0.9889619
0.3114644,0.3114644
1.2417162,1.2417162
1.3153044,1.3153044
0.9357492,0.9357492
-0.6677751,-0.6677751
-1.7883132,-1.7883132
2.7687129,2.7687129
-2.0247476,-2.0247476
1.1674956,1.1674956
0.0782138,0.0782138
-0.1699405,-0.1699405
0.8655277,0.8655277
14.1922994,-10.0
1.1972536,1.1972536
0.1514211,0.1514211
1.0982896,1.0982896
-1.7541576,-1.7541576
-3.0361496,-3.0361496
0.6774975,0.6774975
-0.3114644,-0.3114644
0.9302518,0.9302518
1.00384,1.00384
0.6242848,0.6242848
-0.9792395,-0.9792395
-2.0997776,-2.0997776
2.4572485,2.4572485
-2.336212,-2.336212
0.8560312,0.8560312
-0.2332506,-0.2332506
-0.4814049,-0.4814049
0.5540633,0.5540633
13.880835,-10.0
0.8857892,0.8857892
-0.7788307,-0.7788307
0.1680378,0.1680378
-2.6844094,-2.6844094
-3.9664014,-3.9664014
-0.2527543,-0.2527543
-1.2417162,-1.2417162
-0.9302518,-0.9302518
0.0735882,0.0735882
-0.305967,-0.305967
-1.9094913,-1.9094913
-3.0300294,-3.0300294
1.5269967,1.5269967
-3.2664638,-3.2664638
-0.0742206,-0.0742206
-1.1635024,-1.1635024
-1.4116567,-1.4116567
-0.3761885,-0.3761885
12.9505832,-10.0
-0.0444626,-0.0444626
-0.8524189,-0.8524189
0.0944496,0.0944496
-2.7579976,-2.7579976
-4.0399896,-4.0399896
-0.3263425,-0.3263425
-1.3153044,-1.3153044
-1.00384,-1.00384
-0.0735882,-0.0735882
-0.3795552,-0.3795552
-1.9830795,-1.9830795
-3.1036176,-3.1036176
1.4534085,1.4534085
-3.340052,-3.340052
-0.1478088,-0.1478088
-1.2370906,-1.2370906
-1.4852449,-1.4852449
-0.4497767,-0.4497767
12.876995,-10.0
-0.1180508,-0.1180508
-0.4728637,-0.4728637
0.4740048,0.4740048
-2.3784424,-2.3784424
-3.6604344,-3.6604344
0.0532127,0.0532127
-0.9357492,-0.9357492
-0.6242848,-0.6242848
0.305967,0.305967
0.3795552,0.3795552
-1.6035243,-1.6035243
-2.7240624,-2.7240624
1.8329637,1.8329637
-2.9604968,-2.9604968
0.2317464,0.2317464
-0.8575354,-0.8575354
-1.1056897,-1.1056897
-0.0702215,-0.0702215
13.2565502,-10.0
0.2615044,0.2615044
1.1306606,1.1306606
2.0775291,2.0775291
-0.7749181,-0.7749181
-2.0569101,-2.0569101
1.656737,1.656737
0.6677751,0.6677751
0.9792395,0.9792395
1.9094913,1.9094913
1.9830795,1.9830795
1.6035243,1.6035243
-1.1205381,-1.1205381
3.436488,3.436488
-1.3569725,-1.3569725
1.8352707,1.8352707
0.7459889,0.7459889
0.4978346,0.4978346
1.5333028,1.5333028
14.8600745,-10.0
1.8650287,1.8650287
2.2511987,2.2511987
3.1980672,3.1980672
0.34562,0.34562
-0.936372,-0.936372
2.7772751,2.7772751
1.7883132,1.7883132
2.0997776,2.0997776
3.0300294,3.0300294
3.1036176,3.1036176
2.7240624,2.7240624
1.1205381,1.1205381
4.5570261,4.5570261
-0.2364344,-0.2364344
2.9558088,2.9558088
1.866527,1.866527
1.6183727,1.6183727
2.6538409,2.6538409
15.9806126,-10.0
2.9855668,2.9855668
-2.3058274,-2.3058274
-1.3589589,-1.3589589
-4.2114061,-4.2114061
-5.4933981,-5.4933981
-1.779751,-1.779751
-2.7687129,-2.7687129
-2.4572485,-2.4572485
-1.5269967,-1.5269967
-1.4534085,-1.4534085
-1.8329637,-1.8329637
-3.436488,-3.436488
-4.5570261,-4.5570261
-4.7934605,-4.7934605
-1.6012173,-1.6012173
-2.6904991,-2.6904991
-2.9386534,-2.9386534
-1.9031852,-1.9031852
11.4235865,-10.0
-1.5714593,-1.5714593
2.4876331,2.4876331
3.4345016,3.4345016
0.5820544,0.5820544
-0.6999376,-0.6999376
3.0137095,3.0137095
2.0247476,2.0247476
2.336212,2.336212
3.2664638,3.2664638
3.340052,3.340052
2.9604968,2.9604968
1.3569725,1.3569725
0.2364344,0.2364344
4.7934605,4.7934605
3.1922432,3.1922432
2.1029614,2.1029614
1.8548071,1.8548071
2.8902753,2.8902753
16.217047,-10.0
3.2220012,3.2220012
-0.7046101,-0.7046101
0.2422584,0.2422584
-2.6101888,-2.6101888
-3.8921808,-3.8921808
-0.1785337,-0.1785337
-1.1674956,-1.1674956
-0.8560312,-0.8560312
0.0742206,0.0742206
0.1478088,0.1478088
-0.2317464,-0.2317464
-1.8352707,-1.8352707
-2.9558088,-2.9558088
1.6012173,1.6012173
-3.1922432,-3.1922432
-1.0892818,-1.0892818
-1.3374361,-1.3374361
-0.3019679,-0.3019679
13.0248038,-10.0
0.029758,0.029758
0.3846717,0.3846717
1.3315402,1.3315402
-1.520907,-1.520907
-2.802899,-2.802899
0.9107481,0.9107481
-0.0782138,-0.0782138
0.2332506,0.2332506
1.1635024,1.1635024
1.2370906,1.2370906
0.8575354,0.8575354
-0.7459889,-0.7459889
-1.866527,-1.866527
2.6904991,2.6904991
-2.1029614,-2.1029614
1.0892818,1.0892818
-0.2481543,-0.2481543
0.7873139,0.7873139
14.1140856,-10.0
1.1190398,1.1190398
0.632826,0.632826
1.5796945,1.5796945
-1.2727527,-1.2727527
-2.5547447,-2.5547447
1.1589024,1.1589024
0.1699405,0.1699405
0.4814049,0.4814049
1.4116567,1.4116567
1.4852449,1.4852449
1.1056897,1.1056897
-0.4978346,-0.4978346
-1.6183727,-1.6183727
2.9386534,2.9386534
-1.8548071,-1.8548071
1.3374361,1.3374361
0.2481543,0.2481543
1.0354682,1.0354682
14.3622399,-10.0
1.3671941,1.3671941
-0.4026422,-0.4026422
0.5442263,0.5442263
-2.3082209,-2.3082209
-3.5902129,-3.5902129
0.1234342,0.1234342
-0.8655277,-0.8655277
-0.5540633,-0.5540633
0.3761885,0.3761885
0.4497767,0.4497767
0.0702215,0.0702215
-1.5333028,-1.5333028
-2.6538409,-2.6538409
1.9031852,1.9031852
-2.8902753,-2.8902753
0.3019679,0.3019679
-0.7873139,-0.7873139
-1.0354682,-1.0354682
13.3267717,-10.0
0.3317259,0.3317259
-13.7294139,-10.0
-12.7825454,-10.0
-15.6349926,-10.0
-16.9169846,-10.0
-13.2033375,-10.0
-14.1922994,-10.0
-13.880835,-10.0
-12.9505832,-10.0
-12.876995,-10.0
-13.2565502,-10.0
-14.8600745,-10.0
-15.9806126,-10.0
-11.4235865,-10.0
-16.217047,-10.0
-13.0248038,-10.0
-14.1140856,-10.0
-14.3622399,-10.0
-13.3267717,-10.0
-12.9950458,-10.0
-0.7343681,-0.7343681
0.2125004,0.2125004
-2.6399468,-2.6399468
-3.9219388,-3.9219388
-0.2082917,-0.2082917
-1.1972536,-1.1972536
-0.8857892,-0.8857892
0.0444626,0.0444626
0.1180508,0.1180508
-0.2615044,-0.2615044
-1.8650287,-1.8650287
-2.9855668,-2.9855668
1.5714593,1.5714593
-3.2220012,-3.2220012
-0.029758,-0.029758
-1.1190398,-1.1190398
-1.3671941,-1.3671941
-0.3317259,-0.3317259
12.9950458,-10.0
0.2344037,0.2344037
-0.2865499,-0.2865499
11.0914589,-10.0
-2.4318321,-2.4318321
1.7926287,1.7926287
-0.1488482,-0.1488482
-2.039343,-2.039343
0.0339254,0.0339254
-1.1232076,-1.1232076
-1.6970666,-1.6970666
-1.7282428,-1.7282428
6.0904146,6.0904146
0.1853179,0.1853179
0.4267827,0.4267827
-0.1540929,-0.1540929
-0.4222099,-0.4222099
-0.6105847,-0.6105847
-3.8898392,-3.8898392
-1.2206961,-1.2206961
-0.2344037,-0.2344037
-0.5209536,-0.5209536
10.8570552,-10.0
-2.6662358,-2.6662358
1.558225,1.558225
-0.3832519,-0.3832519
-2.2737467,-2.2737467
-0.2004783,-0.2004783
-1.3576113,-1.3576113
-1.9314703,-1.9314703
-1.9626465,-1.9626465
5.8560109,5.8560109
-0.0490858,-0.0490858
0.192379,0.192379
-0.3884966,-0.3884966
-0.6566136,-0.6566136
-0.8449884,-0.8449884
-4.1242429,-4.1242429
-1.4550998,-1.4550998
0.2865499,0.2865499
0.5209536,0.5209536
11.3780088,-10.0
-2.1452822,-2.1452822
2.0791786,2.0791786
0.1377017,0.1377017
-1.7527931,-1.7527931
0.3204753,0.3204753
-0.8366577,-0.8366577
-1.4105167,-1.4105167
-1.4416929,-1.4416929
6.3769645,6.3769645
0.4718678,0.4718678
0.7133326,0.7133326
0.132457,0.132457
-0.13566,-0.13566
-0.3240348,-0.3240348
-3.6032893,-3.6032893
-0.9341462,-0.9341462
-11.0914589,-10.0
-10.8570552,-10.0
-11.3780088,-10.0
-13.523291,-10.0
-9.2988302,-9.2988302
-11.2403071,-10.0
-13.1308019,-10.0
-11.0575335,-10.0
-12.2146665,-10.0
-12.7885255,-10.0
-12.8197017,-10.0
-5.0010443,-5.0010443
-10.906141,-10.0
-10.6646762,-10.0
-11.2455518,-10.0
-11.5136688,-10.0
-11.7020436,-10.0
-14.9812981,-10.0
-12.312155,-10.0
2.4318321,2.4318321
2.6662358,2.6662358
2.1452822,2.1452822
13.523291,-10.0
4.2244608,4.2244608
2.2829839,2.2829839
0.3924891,0.3924891
2.4657575,2.4657575
1.3086245,1.3086245
0.7347655,0.7347655
0.7035893,0.7035893
8.5222467,8.5222467
2.61715,2.61715
2.8586148,2.8586148
2.2777392,2.2777392
2.0096222,2.0096222
1.8212474,1.8212474
-1.4580071,-1.4580071
1.211136,1.211136
-1.7926287,-1.7926287
-1.558225,-1.558225
-2.0791786,-2.0791786
9.2988302,9.2988302
-4.2244608,-4.2244608
-1.9414769,-1.9414769
-3.8319717,-3.8319717
-1.7587033,-1.7587033
-2.9158363,-2.9158363
-3.4896953,-3.4896953
-3.5208715,-3.5208715
4.2977859,4.2977859
-1.6073108,-1.6073108
-1.365846,-1.365846
-1.9467216,-1.9467216
-2.2148386,-2.2148386
-2.4032134,-2.4032134
-5.6824679,-5.6824679
-3.0133248,-3.0133248
0.1488482,0.1488482
0.3832519,0.3832519
-0.1377017,-0.1377017
11.2403071,-10.0
-2.2829839,-2.2829839
1.9414769,1.9414769
-1.8904948,-1.8904948
0.1827736,0.1827736
-0.9743594,-0.9743594
-1.5482184,-1.5482184
-1.5793946,-1.5793946
6.2392628,6.2392628
0.3341661,0.3341661
0.5756309,0.5756309
-0.0052447,-0.0052447
-0.2733617,-0.2733617
-0.4617365,-0.4617365
-3.740991,-3.740991
-1.0718479,-1.0718479
2.039343,2.039343
2.2737467,2.2737467
1.7527931,1.7527931
13.1308019,-10.0
-0.3924891,-0.3924891
3.8319717,3.8319717
1.8904948,1.8904948
2.0732684,2.0732684
0.9161354,0.9161354
0.3422764,0.3422764
0.3111002,0.3111002
8.1297576,8.1297576
2.2246609,2.2246609
2.4661257,2.4661257
1.8852501,1.8852501
1.6171331,1.6171331
1.4287583,1.4287583
-1.8504962,-1.8504962
0.8186469,0.8186469
-0.0339254,-0.0339254
0.2004783,0.2004783
-0.3204753,-0.3204753
11.0575335,-10.0
-2.4657575,-2.4657575
1.7587033,1.7587033
-0.1827736,-0.1827736
-2.0732684,-2.0732684
-1.157133,-1.157133
-1.730992,-1.730992
-1.7621682,-1.7621682
6.0564892,6.0564892
0.1513925,0.1513925
0.3928573,0.3928573
-0.1880183,-0.1880183
-0.4561353,-0.4561353
-0.6445101,-0.6445101
-3.9237646,-3.9237646
-1.2546215,-1.2546215
1.1232076,1.1232076
1.3576113,1.3576113
0.8366577,0.8366577
12.2146665,-10.0
-1.3086245,-1.3086245
2.9158363,2.9158363
0.9743594,0.9743594
-0.9161354,-0.9161354
1.157133,1.157133
-0.573859,-0.573859
-0.6050352,-0.6050352
7.2136222,7.2136222
1.3085255,1.3085255
1.5499903,1.5499903
0.9691147,0.9691147
0.7009977,0.7009977
0.5126229,0.5126229
-2.7666316,-2.7666316
-0.0974885,-0.0974885
1.6970666,1.6970666
1.9314703,1.9314703
1.4105167,1.4105167
12.7885255,-10.0
-0.7347655,-0.7347655
3.4896953,3.4896953
1.5482184,1.5482184
-0.3422764,-0.3422764
1.730992,1.730992
0.573859,0.573859
-0.0311762,-0.0311762
7.7874812,7.7874812
1.8823845,1.8823845
2.1238493,2.1238493
1.5429737,1.5429737
1.2748567,1.2748567
1.0864819,1.0864819
-2.1927726,-2.1927726
0.4763705,0.4763705
1.7282428,1.7282428
1.9626465,1.9626465
1.4416929,1.4416929
12.8197017,-10.0
-0.7035893,-0.7035893
3.5208715,3.5208715
1.5793946,1.5793946
-0.3111002,-0.3111002
1.7621682,1.7621682
0.6050352,0.6050352
0.0311762,0.0311762
7.8186574,7.8186574
1.9135607,1.9135607
2.1550255,2.1550255
1.5741499,1.5741499
1.3060329,1.3060329
1.1176581,1.1176581
-2.1615964,-2.1615964
0.5075467,0.5075467
-6.0904146,-6.0904146
-5.8560109,-5.8560109
-6.3769645,-6.3769645
5.0010443,5.0010443
-8.5222467,-8.5222467
-4.2977859,-4.2977859
-6.2392628,-6.2392628
-8.1297576,-8.1297576
-6.0564892,-6.0564892
-7.2136222,-7.2136222
-7.7874812,-7.7874812
-7.8186574,-7.8186574
-5.9050967,-5.9050967
-5.6636319,-5.6636319
-6.2445075,-6.2445075
-6.5126245,-6.5126245
-6.7009993,-6.7009993
-9.9802538,-9.9802538
-7.3111107,-7.3111107
-0.1853179,-0.1853179
0.0490858,0.0490858
-0.4718678,-0.4718678
10.906141,-10.0
-2.61715,-2.61715
1.6073108,1.6073108
-0.3341661,-0.3341661
-2.2246609,-2.2246609
-0.1513925,-0.1513925
-1.3085255,-1.3085255
-1.8823845,-1.8823845
-1.9135607,-1.9135607
5.9050967,5.9050967
0.2414648,0.2414648
-0.3394108,-0.3394108
-0.6075278,-0.6075278
-0.7959026,-0.7959026
-4.0751571,-4.0751571
-1.406014,-1.406014
-0.4267827,-0.4267827
-0.192379,-0.192379
-0.7133326,-0.7133326
10.6646762,-10.0
-2.8586148,-2.8586148
1.365846,1.365846
-0.5756309,-0.5756309
-2.4661257,-2.4661257
-0.3928573,-0.3928573
-1.5499903,-1.5499903
-2.1238493,-2.1238493
-2.1550255,-2.1550255
5.6636319,5.6636319
-0.2414648,-0.2414648
-0.5808756,-0.5808756
-0.8489926,-0.8489926
-1.0373674,-1.0373674
-4.3166219,-4.3166219
-1.6474788,-1.6474788
0.1540929,0.1540929
0.3884966,0.3884966
-0.132457,-0.132457
11.2455518,-10.0
-2.2777392,-2.2777392
1.9467216,1.9467216
0.0052447,0.0052447
-1.8852501,-1.8852501
0.1880183,0.1880183
-0.9691147,-0.9691147
-1.5429737,-1.5429737
-1.5741499,-1.5741499
6.2445075,6.2445075
0.3394108,0.3394108
0.5808756,0.5808756
-0.268117,-0.268117
-0.4564918,-0.4564918
-3.7357463,-3.7357463
-1.0666032,-1.0666032
0.4222099,0.4222099
0.6566136,0.6566136
0.13566,0.13566
11.5136688,-10.0
-2.0096222,-2.0096222
2.2148386,2.2148386
0.2733617,0.2733617
-1.6171331,-1.6171331
0.4561353,0.4561353
-0.7009977,-0.7009977
-1.2748567,-1.2748567
-1.3060329,-1.3060329
6.5126245,6.5126245
0.6075278,0.6075278
0.8489926,0.8489926
0.268117,0.268117
-0.1883748,-0.1883748
-3.4676293,-3.4676293
-0.7984862,-0.7984862
0.6105847,0.6105847
0.8449884,0.8449884
0.3240348,0.3240348
11.7020436,-10.0
-1.8212474,-1.8212474
2.4032134,2.4032134
0.4617365,0.4617365
-1.4287583,-1.4287583
0.6445101,0.6445101
-0.5126229,-0.5126229
-1.0864819,-1.0864819
-1.1176581,-1.1176581
6.7009993,6.7009993
0.7959026,0.7959026
1.0373674,1.0373674
0.4564918,0.4564918
0.1883748,0.1883748
-3.2792545,-3.2792545
-0.6101114,-0.6101114
3.8898392,3.8898392
4.1242429,4.1242429
3.6032893,3.6032893
14.9812981,-10.0
1.4580071,1.4580071
5.6824679,5.6824679
3.740991,3.740991
1.8504962,1.8504962
3.9237646,3.9237646
2.7666316,2.7666316
2.1927726,2.1927726
2.1615964,2.1615964
9.9802538,9.9802538
4.0751571,4.0751571
4.3166219,4.3166219
3.7357463,3.7357463
3.4676293,3.4676293
3.2792545,3.2792545
2.6691431,2.6691431
1.2206961,1.2206961
1.4550998,1.4550998
0.9341462,0.9341462
12.312155,-10.0
-1.211136,-1.211136
3.0133248,3.0133248
1.0718479,1.0718479
-0.8186469,-0.8186469
1.2546215,1.2546215
0.0974885,0.0974885
-0.4763705,-0.4763705
-0.5075467,-0.5075467
7.3111107,7.3111107
1.406014,1.406014
1.6474788,1.6474788
1.0666032,1.0666032
0.7984862,0.7984862
0.6101114,0.6101114
-2.6691431,-2.6691431
2.2325618,2.2325618
2.2881239,2.2881239
-0.0074865,-0.0074865
1.3249901,1.3249901
2.962225,2.962225
1.1515682,1.1515682
-1.482051,-1.482051
-3.1373448,-3.1373448
-1.2893121,-1.2893121
-1.3800895,-1.3800895
0.7114022,0.7114022
1.6136066,1.6136066
-2.0426673,-2.0426673
-0.0681343,-0.0681343
0.8034102,0.8034102
-0.2546281,-0.2546281
-0.1045416,-0.1045416
0.4709032,0.4709032
2.5852247,2.5852247
-2.2325618,-2.2325618
0.0555621,0.0555621
-2.2400483,-2.2400483
-0.9075717,-0.9075717
0.7296632,0.7296632
-1.0809936,-1.0809936
-3.7146128,-3.7146128
-5.3699066,-5.3699066
-3.5218739,-3.5218739
-3.6126513,-3.6126513
-1.5211596,-1.5211596
-0.6189552,-0.6189552
-4.2752291,-4.2752291
-2.3006961,-2.3006961
-1.4291516,-1.4291516
-2.4871899,-2.4871899
-2.3371034,-2.3371034
-1.7616586,-1.7616586
0.3526629,0.3526629
-2.2881239,-2.2881239
-0.0555621,-0.0555621
-2.2956104,-2.2956104
-0.9631338,-0.9631338
0.6741011,0.6741011
-1.1365557,-1.1365557
-3.7701749,-3.7701749
-5.4254687,-5.4254687
-3.577436,-3.577436
-3.6682134,-3.6682134
-1.5767217,-1.5767217
-0.6745173,-0.6745173
-4.3307912,-4.3307912
-2.3562582,-2.3562582
-1.4847137,-1.4847137
-2.542752,-2.542752
-2.3926655,-2.3926655
-1.8172207,-1.8172207
0.2971008,0.2971008
0.0074865,0.0074865
2.2400483,2.2400483
2.2956104,2.2956104
1.3324766,1.3324766
2.9697115,2.9697115
1.1590547,1.1590547
-1.4745645,-1.4745645
-3.1298583,-3.1298583
-1.2818256,-1.2818256
-1.372603,-1.372603
0.7188887,0.7188887
1.6210931,1.6210931
-2.0351808,-2.0351808
-0.0606478,-0.0606478
0.8108967,0.8108967
-0.2471416,-0.2471416
-0.0970551,-0.0970551
0.4783897,0.4783897
2.5927112,2.5927112
-1.3249901,-1.3249901
0.9075717,0.9075717
0.9631338,0.9631338
-1.3324766,-1.3324766
1.6372349,1.6372349
-0.1734219,-0.1734219
-2.8070411,-2.8070411
-4.4623349,-4.4623349
-2.6143022,-2.6143022
-2.7050796,-2.7050796
-0.6135879,-0.6135879
0.2886165,0.2886165
-3.3676574,-3.3676574
-1.3931244,-1.3931244
-0.5215799,-0.5215799
-1.5796182,-1.5796182
-1.4295317,-1.4295317
-0.8540869,-0.8540869
1.2602346,1.2602346
-2.962225,-2.962225
-0.7296632,-0.7296632
-0.6741011,-0.6741011
-2.9697115,-2.9697115
-1.6372349,-1.6372349
-1.8106568,-1.8106568
-4.444276,-4.444276
-6.0995698,-6.0995698
-4.2515371,-4.2515371
-4.3423145,-4.3423145
-2.2508228,-2.2508228
-1.3486184,-1.3486184
-5.0048923,-5.0048923
-3.0303593,-3.0303593
-2.1588148,-2.1588148
-3.2168531,-3.2168531
-3.0667666,-3.0667666
-2.4913218,-2.4913218
-0.3770003,-0.3770003
-1.1515682,-1.1515682
1.0809936,1.0809936
1.1365557,1.1365557
-1.1590547,-1.1590547
0.1734219,0.1734219
1.8106568,1.8106568
-2.6336192,-2.6336192
-4.288913,-4.288913
-2.4408803,-2.4408803
-2.5316577,-2.5316577
-0.440166,-0.440166
0.4620384,0.4620384
-3.1942355,-3.1942355
-1.2197025,-1.2197025
-0.348158,-0.348158
-1.4061963,-1.4061963
-1.2561098,-1.2561098
-0.680665,-0.680665
1.4336565,1.4336565
1.482051,1.482051
3.7146128,3.7146128
3.7701749,3.7701749
1.4745645,1.4745645
2.8070411,2.8070411
4.444276,4.444276
2.6336192,2.6336192
-1.6552938,-1.6552938
0.1927389,0.1927389
0.1019615,0.1019615
2.1934532,2.1934532
3.0956576,3.0956576
-0.5606163,-0.5606163
1.4139167,1.4139167
2.2854612,2.2854612
1.2274229,1.2274229
1.3775094,1.3775094
1.9529542,1.9529542
4.0672757,4.0672757
3.1373448,3.1373448
5.3699066,5.3699066
5.4254687,5.4254687
3.1298583,3.1298583
4.4623349,4.4623349
6.0995698,6.0995698
4.288913,4.288913
1.6552938,1.6552938
1.8480327,1.8480327
1.7572553,1.7572553
3.848747,3.848747
4.7509514,4.7509514
1.0946775,1.0946775
3.0692105,3.0692105
3.940755,3.940755
2.8827167,2.8827167
3.0328032,3.0328032
3.608248,3.608248
5.7225695,5.7225695
1.2893121,1.2893121
3.5218739,3.5218739
3.577436,3.577436
1.2818256,1.2818256
2.6143022,2.6143022
4.2515371,4.2515371
2.4408803,2.4408803
-0.1927389,-0.1927389
-1.8480327,-1.8480327
-0.0907774,-0.0907774
2.0007143,2.0007143
2.9029187,2.9029187
-0.7533552,-0.7533552
1.2211778,1.2211778
2.0927223,2.0927223
1.034684,1.034684
1.1847705,1.1847705
1.7602153,1.7602153
3.8745368,3.8745368
1.3800895,1.3800895
3.6126513,3.6126513
3.6682134,3.6682134
1.372603,1.372603
2.7050796,2.7050796
4.3423145,4.3423145
2.5316577,2.5316577
-0.1019615,-0.1019615
-1.7572553,-1.7572553
0.0907774,0.0907774
2.0914917,2.0914917
2.9936961,2.9936961
-0.6625778,-0.6625778
1.3119552,1.3119552
2.1834997,2.1834997
1.1254614,1.1254614
1.2755479,1.2755479
1.8509927,1.8509927
3.9653142,3.9653142
-0.7114022,-0.7114022
1.5211596,1.5211596
1.5767217,1.5767217
-0.7188887,-0.7188887
0.6135879,0.6135879
2.2508228,2.2508228
0.440166,0.440166
-2.1934532,-2.1934532
-3.848747,-3.848747
-2.0007143,-2.0007143
-2.0914917,-2.0914917
0.9022044,0.9022044
-2.7540695,-2.7540695
-0.7795365,-0.7795365
0.092008,0.092008
-0.9660303,-0.9660303
-0.8159438,-0.8159438
-0.240499,-0.240499
1.8738225,1.8738225
-1.6136066,-1.6136066
0.6189552,0.6189552
0.6745173,0.6745173
-1.6210931,-1.6210931
-0.2886165,-0.2886165
1.3486184,1.3486184
-0.4620384,-0.4620384
-3.0956576,-3.0956576
-4.7509514,-4.7509514
-2.9029187,-2.9029187
-2.9936961,-2.9936961
-0.9022044,-0.9022044
-3.6562739,-3.6562739
-1.6817409,-1.6817409
-0.8101964,-0.8101964
-1.8682347,-1.8682347
-1.7181482,-1.7181482
-1.1427034,-1.1427034
0.9716181,0.9716181
2.0426673,2.0426673
4.2752291,4.2752291
4.3307912,4.3307912
2.0351808,2.0351808
3.3676574,3.3676574
5.0048923,5.0048923
3.1942355,3.1942355
0.5606163,0.5606163
-1.0946775,-1.0946775
0.7533552,0.7533552
0.6625778,0.6625778
2.7540695,2.7540695
3.6562739,3.6562739
1.974533,1.974533
2.8460775,2.8460775
1.7880392,1.7880392
1.9381257,1.9381257
2.5135705,2.5135705
4.627892,4.627892
0.0681343,0.0681343
2.3006961,2.3006961
2.3562582,2.3562582
0.0606478,0.0606478
1.3931244,1.3931244
3.0303593,3.0303593
1.2197025,1.2197025
-1.4139167,-1.4139167
-3.0692105,-3.0692105
-1.2211778,-1.2211778
-1.3119552,-1.3119552
0.7795365,0.7795365
1.6817409,1.6817409
-1.974533,-1.974533
0.8715445,0.8715445
-0.1864938,-0.1864938
-0.0364073,-0.0364073
0.5390375,0.5390375
2.653359,2.653359
-0.8034102,-0.8034102
1.4291516,1.4291516
1.4847137,1.4847137
-0.8108967,-0.8108967
0.5215799,0.5215799
2.1588148,2.1588148
0.348158,0.348158
-2.2854612,-2.2854612
-3.940755,-3.940755
-2.0927223,-2.0927223
-2.1834997,-2.1834997
-0.092008,-0.092008
0.8101964,0.8101964
-2.8460775,-2.8460775
-0.8715445,-0.8715445
-1.0580383,-1.0580383
-0.9079518,-0.9079518
-0.332507,-0.332507
1.7818145,1.7818145
0.2546281,0.2546281
2.4871899,2.4871899
2.542752,2.542752
0.2471416,0.2471416
1.5796182,1.5796182
3.2168531,3.2168531
1.4061963,1.4061963
-1.2274229,-1.2274229
-2.8827167,-2.8827167
-1.034684,-1.034684
-1.1254614,-1.1254614
0.9660303,0.9660303
1.8682347,1.8682347
-1.7880392,-1.7880392
0.1864938,0.1864938
1.0580383,1.0580383
0.1500865,0.1500865
0.7255313,0.7255313
2.8398528,2.8398528
0.1045416,0.1045416
2.3371034,2.3371034
2.3926655,2.3926655
0.0970551,0.0970551
1.4295317,1.4295317
3.0667666,3.0667666
1.2561098,1.2561098
-1.3775094,-1.3775094
-3.0328032,-3.0328032
-1.1847705,-1.1847705
-1.2755479,-1.2755479
0.8159438,0.8159438
1.7181482,1.7181482
-1.9381257,-1.9381257
0.0364073,0.0364073
0.9079518,0.9079518
-0.1500865,-0.1500865
0.5754448,0.5754448
2.6897663,2.6897663
-0.4709032,-0.4709032
1.7616586,1.7616586
1.8172207,1.8172207
-0.4783897,-0.4783897
0.8540869,0.8540869
2.4913218,2.4913218
0.680665,0.680665
-1.9529542,-1.9529542
-3.608248,-3.608248
-1.7602153,-1.7602153
-1.8509927,-1.8509927
0.240499,0.240499
1.1427034,1.1427034
-2.5135705,-2.5135705
-0.5390375,-0.5390375
0.332507,0.332507
-0.7255313,-0.7255313
-0.5754448,-0.5754448
2.1143215,2.1143215
-2.5852247,-2.5852247
-0.3526629,-0.3526629
-0.2971008,-0.2971008
-2.5927112,-2.5927112
-1.2602346,-1.2602346
0.3770003,0.3770003
-1.4336565,-1.4336565
-4.0672757,-4.0672757
-5.7225695,-5.7225695
-3.8745368,-3.8745368
-3.9653142,-3.9653142
-1.8738225,-1.8738225
-0.9716181,-0.9716181
-4.627892,-4.627892
-2.653359,-2.653359
-1.7818145,-1.7818145
-2.8398528,-2.8398528
-2.6897663,-2.6897663
-2.1143215,-2.1143215
1.5808754,1.5808754
0.5514656,0.5514656
-0.2914389,-0.2914389
2.0315676,2.0315676
0.9899814,0.9899814
1.0493895,1.0493895
0.3311248,0.3311248
-0.9474748,-0.9474748
-0.3678477,-0.3678477
0.4998058,0.4998058
-0.9827621,-0.9827621
15.3790838,-10.0
-2.3970643,-2.3970643
-0.7259342,-0.7259342
0.5036947,0.5036947
-0.1962028,-0.1962028
0.4857801,0.4857801
3.6552265,3.6552265
1.9060402,1.9060402
-1.5808754,-1.5808754
-1.0294098,-1.0294098
-1.8723143,-1.8723143
0.4506922,0.4506922
-0.590894,-0.590894
-0.5314859,-0.5314859
-1.2497506,-1.2497506
-2.5283502,-2.5283502
-1.9487231,-1.9487231
-1.0810696,-1.0810696
-2.5636375,-2.5636375
13.7982084,-10.0
-3.9779397,-3.9779397
-2.3068096,-2.3068096
-1.0771807,-1.0771807
-1.7770782,-1.7770782
-1.0950953,-1.0950953
2.0743511,2.0743511
0.3251648,0.3251648
-0.5514656,-0.5514656
1.0294098,1.0294098
-0.8429045,-0.8429045
1.480102,1.480102
0.4385158,0.4385158
0.4979239,0.4979239
-0.2203408,-0.2203408
-1.4989404,-1.4989404
-0.9193133,-0.9193133
-0.0516598,-0.0516598
-1.5342277,-1.5342277
14.8276182,-10.0
-2.9485299,-2.9485299
-1.2773998,-1.2773998
-0.0477709,-0.0477709
-0.7476684,-0.7476684
-0.0656855,-0.0656855
3.1037609,3.1037609
1.3545746,1.3545746
0.2914389,0.2914389
1.8723143,1.8723143
0.8429045,0.8429045
2.3230065,2.3230065
1.2814203,1.2814203
1.3408284,1.3408284
0.6225637,0.6225637
-0.6560359,-0.6560359
-0.0764088,-0.0764088
0.7912447,0.7912447
-0.6913232,-0.6913232
15.6705227,-10.0
-2.1056254,-2.1056254
-0.4344953,-0.4344953
0.7951336,0.7951336
0.0952361,0.0952361
0.777219,0.777219
3.9466654,3.9466654
2.1974791,2.1974791
-2.0315676,-2.0315676
-0.4506922,-0.4506922
-1.480102,-1.480102
-2.3230065,-2.3230065
-1.0415862,-1.0415862
-0.9821781,-0.9821781
-1.7004428,-1.7004428
-2.9790424,-2.9790424
-2.3994153,-2.3994153
-1.5317618,-1.5317618
-3.0143297,-3.0143297
13.3475162,-10.0
-4.4286319,-4.4286319
-2.7575018,-2.7575018
-1.5278729,-1.5278729
-2.2277704,-2.2277704
-1.5457875,-1.5457875
1.6236589,1.6236589
-0.1255274,-0.1255274
-0.9899814,-0.9899814
0.590894,0.590894
-0.4385158,-0.4385158
-1.2814203,-1.2814203
1.0415862,1.0415862
0.0594081,0.0594081
-0.6588566,-0.6588566
-1.9374562,-1.9374562
-1.3578291,-1.3578291
-0.4901756,-0.4901756
-1.9727435,-1.9727435
14.3891024,-10.0
-3.3870457,-3.3870457
-1.7159156,-1.7159156
-0.4862867,-0.4862867
-1.1861842,-1.1861842
-0.5042013,-0.5042013
2.6652451,2.6652451
0.9160588,0.9160588
-1.0493895,-1.0493895
0.5314859,0.5314859
-0.4979239,-0.4979239
-1.3408284,-1.3408284
0.9821781,0.9821781
-0.0594081,-0.0594081
-0.7182647,-0.7182647
-1.9968643,-1.9968643
-1.4172372,-1.4172372
-0.5495837,-0.5495837
-2.0321516,-2.0321516
14.3296943,-10.0
-3.4464538,-3.4464538
-1.7753237,-1.7753237
-0.5456948,-0.5456948
-1.2455923,-1.2455923
-0.5636094,-0.5636094
2.605837,2.605837
0.8566507,0.8566507
-0.3311248,-0.3311248
1.2497506,1.2497506
0.2203408,0.2203408
-0.6225637,-0.6225637
1.7004428,1.7004428
0.6588566,0.6588566
0.7182647,0.7182647
-1.2785996,-1.2785996
-0.6989725,-0.6989725
0.168681,0.168681
-1.3138869,-1.3138869
15.047959,-10.0
-2.7281891,-2.7281891
-1.057059,-1.057059
0.1725699,0.1725699
-0.5273276,-0.5273276
0.1546553,0.1546553
3.3241017,3.3241017
1.5749154,1.5749154
0.9474748,0.9474748
2.5283502,2.5283502
1.4989404,1.4989404
0.6560359,0.6560359
2.9790424,2.9790424
1.9374562,1.9374562
1.9968643,1.9968643
1.2785996,1.2785996
0.5796271,0.5796271
1.4472806,1.4472806
-0.0352873,-0.0352873
16.3265586,-10.0
-1.4495895,-1.4495895
0.2215406,0.2215406
1.4511695,1.4511695
0.751272,0.751272
1.4332549,1.4332549
4.6027013,4.6027013
2.853515,2.853515
0.3678477,0.3678477
1.9487231,1.9487231
0.9193133,0.9193133
0.0764088,0.0764088
2.3994153,2.3994153
1.3578291,1.3578291
1.4172372,1.4172372
0.6989725,0.6989725
-0.5796271,-0.5796271
0.8676535,0.8676535
-0.6149144,-0.6149144
15.7469315,-10.0
-2.0292166,-2.0292166
-0.3580865,-0.3580865
0.8715424,0.8715424
0.1716449,0.1716449
0.8536278,0.8536278
4.0230742,4.0230742
2.2738879,2.2738879
-0.4998058,-0.4998058
1.0810696,1.0810696
0.0516598,0.0516598
-0.7912447,-0.7912447
1.5317618,1.5317618
0.4901756,0.4901756
0.5495837,0.5495837
-0.168681,-0.168681
-1.4472806,-1.4472806
-0.8676535,-0.8676535
-1.4825679,-1.4825679
14.879278,-10.0
-2.8968701,-2.8968701
-1.22574,-1.22574
0.0038889,0.0038889
-0.6960086,-0.6960086
-0.0140257,-0.0140257
3.1554207,3.1554207
1.4062344,1.4062344
0.9827621,0.9827621
2.5636375,2.5636375
1.5342277,1.5342277
0.6913232,0.6913232
3.0143297,3.0143297
1.9727435,1.9727435
2.0321516,2.0321516
1.3138869,1.3138869
0.0352873,0.0352873
0.6149144,0.6149144
1.4825679,1.4825679
16.3618459,-10.0
-1.4143022,-1.4143022
0.2568279,0.2568279
1.4864568,1.4864568
0.7865593,0.7865593
1.4685422,1.4685422
4.6379886,4.6379886
2.8888023,2.8888023
-15.3790838,-10.0
-13.7982084,-10.0
-14.8276182,-10.0
-15.6705227,-10.0
-13.3475162,-10.0
-14.3891024,-10.0
-14.3296943,-10.0
-15.047959,-10.0
-16.3265586,-10.0
-15.7469315,-10.0
-14.879278,-10.0
-16.3618459,-10.0
-17.7761481,-10.0
-16.105018,-10.0
-14.8753891,-10.0
-15.5752866,-10.0
-14.8933037,-10.0
-11.7238573,-10.0
-13.4730436,-10.0
2.3970643,2.3970643
3.9779397,3.9779397
2.9485299,2.9485299
2.1056254,2.1056254
4.4286319,4.4286319
3.3870457,3.3870457
3.4464538,3.4464538
2.7281891,2.7281891
1.4495895,1.4495895
2.0292166,2.0292166
2.8968701,2.8968701
1.4143022,1.4143022
17.7761481,-10.0
1.6711301,1.6711301
2.900759,2.900759
2.2008615,2.2008615
2.8828444,2.8828444
6.0522908,6.0522908
4.3031045,4.3031045
0.7259342,0.7259342
2.3068096,2.3068096
1.2773998,1.2773998
0.4344953,0.4344953
2.7575018,2.7575018
1.7159156,1.7159156
1.7753237,1.7753237
1.057059,1.057059
-0.2215406,-0.2215406
0.3580865,0.3580865
1.22574,1.22574
-0.2568279,-0.2568279
16.105018,-10.0
-1.6711301,-1.6711301
1.2296289,1.2296289
0.5297314,0.5297314
1.2117143,1.2117143
4.3811607,4.3811607
2.6319744,2.6319744
-0.5036947,-0.5036947
1.0771807,1.0771807
0.0477709,0.0477709
-0.7951336,-0.7951336
1.5278729,1.5278729
0.4862867,0.4862867
0.5456948,0.5456948
-0.1725699,-0.1725699
-1.4511695,-1.4511695
-0.8715424,-0.8715424
-0.0038889,-0.0038889
-1.4864568,-1.4864568
14.8753891,-10.0
-2.900759,-2.900759
-1.2296289,-1.2296289
-0.6998975,-0.6998975
-0.0179146,-0.0179146
3.1515318,3.1515318
1.4023455,1.4023455
0.1962028,0.1962028
1.7770782,1.7770782
0.7476684,0.7476684
-0.0952361,-0.0952361
2.2277704,2.2277704
1.1861842,1.1861842
1.2455923,1.2455923
0.5273276,0.5273276
-0.751272,-0.751272
-0.1716449,-0.1716449
0.6960086,0.6960086
-0.7865593,-0.7865593
15.5752866,-10.0
-2.2008615,-2.2008615
-0.5297314,-0.5297314
0.6998975,0.6998975
0.6819829,0.6819829
3.8514293,3.8514293
2.102243,2.102243
-0.4857801,-0.4857801
1.0950953,1.0950953
0.0656855,0.0656855
-0.777219,-0.777219
1.5457875,1.5457875
0.5042013,0.5042013
0.5636094,0.5636094
-0.1546553,-0.1546553
-1.4332549,-1.4332549
-0.8536278,-0.8536278
0.0140257,0.0140257
-1.4685422,-1.4685422
14.8933037,-10.0
-2.8828444,-2.8828444
-1.2117143,-1.2117143
0.0179146,0.0179146
-0.6819829,-0.6819829
3.1694464,3.1694464
1.4202601,1.4202601
-3.6552265,-3.6552265
-2.0743511,-2.0743511
-3.1037609,-3.1037609
-3.9466654,-3.9466654
-1.6236589,-1.6236589
-2.6652451,-2.6652451
-2.605837,-2.605837
-3.3241017,-3.3241017
-4.6027013,-4.6027013
-4.0230742,-4.0230742
-3.1554207,-3.1554207
-4.6379886,-4.6379886
11.7238573,-10.0
-6.0522908,-6.0522908
-4.3811607,-4.3811607
-3.1515318,-3.1515318
-3.8514293,-3.8514293
-3.1694464,-3.1694464
-1.7491863,-1.7491863
-1.9060402,-1.9060402
-0.3251648,-0.3251648
-1.3545746,-1.3545746
-2.1974791,-2.1974791
0.1255274,0.1255274
-0.9160588,-0.9160588
-0.8566507,-0.8566507
-1.5749154,-1.5749154
-2.853515,-2.853515
-2.2738879,-2.2738879
-1.4062344,-1.4062344
-2.8888023,-2.8888023
13.4730436,-10.0
-4.3031045,-4.3031045
-2.6319744,-2.6319744
-1.4023455,-1.4023455
-2.102243,-2.102243
-1.4202601,-1.4202601
1.7491863,1.7491863
15.726489,-10.0
2.4420523,2.4420523
2.3981905,2.3981905
-0.2618513,-0.2618513
3.3941409,3.3941409
2.8968855,2.8968855
0.1937688,0.1937688
-0.3172808,-0.3172808
0.5835511,0.5835511
-1.1489259,-1.1489259
1.8378077,1.8378077
6.4473324,6.4473324
-0.4668874,-0.4668874
-0.0147956,-0.0147956
1.8161196,1.8161196
0.9005301,0.9005301
1.1124171,1.1124171
-1.1246448,-1.1246448
-1.0156824,-1.0156824
-15.726489,-10.0
-13.2844367,-10.0
-13.3282985,-10.0
-15.9883403,-10.0
-12.3323481,-10.0
-12.8296035,-10.0
-15.5327202,-10.0
-16.0437698,-10.0
-15.1429379,-10.0
-16.8754149,-10.0
-13.8886813,-10.0
-9.2791566,-9.2791566
-16.1933764,-10.0
-15.7412846,-10.0
-13.9103694,-10.0
-14.8259589,-10.0
-14.6140719,-10.0
-16.8511338,-10.0
-16.7421714,-10.0
-2.4420523,-2.4420523
13.2844367,-10.0
-0.0438618,-0.0438618
-2.7039036,-2.7039036
0.9520886,0.9520886
0.4548332,0.4548332
-2.2482835,-2.2482835
-2.7593331,-2.7593331
-1.8585012,-1.8585012
-3.5909782,-3.5909782
-0.6042446,-0.6042446
4.0052801,4.0052801
-2.9089397,-2.9089397
-2.4568479,-2.4568479
-0.6259327,-0.6259327
-1.5415222,-1.5415222
-1.3296352,-1.3296352
-3.5666971,-3.5666971
-3.4577347,-3.4577347
-2.3981905,-2.3981905
13.3282985,-10.0
0.0438618,0.0438618
-2.6600418,-2.6600418
0.9959504,0.9959504
0.498695,0.498695
-2.2044217,-2.2044217
-2.7154713,-2.7154713
-1.8146394,-1.8146394
-3.5471164,-3.5471164
-0.5603828,-0.5603828
4.0491419,4.0491419
-2.8650779,-2.8650779
-2.4129861,-2.4129861
-0.5820709,-0.5820709
-1.4976604,-1.4976604
-1.2857734,-1.2857734
-3.5228353,-3.5228353
-3.4138729,-3.4138729
0.2618513,0.2618513
15.9883403,-10.0
2.7039036,2.7039036
2.6600418,2.6600418
3.6559922,3.6559922
3.1587368,3.1587368
0.4556201,0.4556201
-0.0554295,-0.0554295
0.8454024,0.8454024
-0.8870746,-0.8870746
2.099659,2.099659
6.7091837,6.7091837
-0.2050361,-0.2050361
0.2470557,0.2470557
2.0779709,2.0779709
1.1623814,1.1623814
1.3742684,1.3742684
-0.8627935,-0.8627935
-0.7538311,-0.7538311
-3.3941409,-3.3941409
12.3323481,-10.0
-0.9520886,-0.9520886
-0.9959504,-0.9959504
-3.6559922,-3.6559922
-0.4972554,-0.4972554
-3.2003721,-3.2003721
-3.7114217,-3.7114217
-2.8105898,-2.8105898
-4.5430668,-4.5430668
-1.5563332,-1.5563332
3.0531915,3.0531915
-3.8610283,-3.8610283
-3.4089365,-3.4089365
-1.5780213,-1.5780213
-2.4936108,-2.4936108
-2.2817238,-2.2817238
-4.5187857,-4.5187857
-4.4098233,-4.4098233
-2.8968855,-2.8968855
12.8296035,-10.0
-0.4548332,-0.4548332
-0.498695,-0.498695
-3.1587368,-3.1587368
0.4972554,0.4972554
-2.7031167,-2.7031167
-3.2141663,-3.2141663
-2.3133344,-2.3133344
-4.0458114,-4.0458114
-1.0590778,-1.0590778
3.5504469,3.5504469
-3.3637729,-3.3637729
-2.9116811,-2.9116811
-1.0807659,-1.0807659
-1.9963554,-1.9963554
-1.7844684,-1.7844684
-4.0215303,-4.0215303
-3.9125679,-3.9125679
-0.1937688,-0.1937688
15.5327202,-10.0
2.2482835,2.2482835
2.2044217,2.2044217
-0.4556201,-0.4556201
3.2003721,3.2003721
2.7031167,2.7031167
-0.5110496,-0.5110496
0.3897823,0.3897823
-1.3426947,-1.3426947
1.6440389,1.6440389
6.2535636,6.2535636
-0.6606562,-0.6606562
-0.2085644,-0.2085644
1.6223508,1.6223508
0.7067613,0.7067613
0.9186483,0.9186483
-1.3184136,-1.3184136
-1.2094512,-1.2094512
0.3172808,0.3172808
16.0437698,-10.0
2.7593331,2.7593331
2.7154713,2.7154713
0.0554295,0.0554295
3.7114217,3.7114217
3.2141663,3.2141663
0.5110496,0.5110496
0.9008319,0.9008319
-0.8316451,-0.8316451
2.1550885,2.1550885
6.7646132,6.7646132
-0.1496066,-0.1496066
0.3024852,0.3024852
2.1334004,2.1334004
1.2178109,1.2178109
1.4296979,1.4296979
-0.807364,-0.807364
-0.6984016,-0.6984016
-0.5835511,-0.5835511
15.1429379,-10.0
1.8585012,1.8585012
1.8146394,1.8146394
-0.8454024,-0.8454024
2.8105898,2.8105898
2.3133344,2.3133344
-0.3897823,-0.3897823
-0.9008319,-0.9008319
-1.732477,-1.732477
1.2542566,1.2542566
5.8637813,5.8637813
-1.0504385,-1.0504385
-0.5983467,-0.5983467
1.2325685,1.2325685
0.316979,0.316979
0.528866,0.528866
-1.7081959,-1.7081959
-1.5992335,-1.5992335
1.1489259,1.1489259
16.8754149,-10.0
3.5909782,3.5909782
3.5471164,3.5471164
0.8870746,0.8870746
4.5430668,4.5430668
4.0458114,4.0458114
1.3426947,1.3426947
0.8316451,0.8316451
1.732477,1.732477
2.9867336,2.9867336
7.5962583,7.5962583
0.6820385,0.6820385
1.1341303,1.1341303
2.9650455,2.9650455
2.049456,2.049456
2.261343,2.261343
0.0242811,0.0242811
0.1332435,0.1332435
-1.8378077,-1.8378077
13.8886813,-10.0
0.6042446,0.6042446
0.5603828,0.5603828
-2.099659,-2.099659
1.5563332,1.5563332
1.0590778,1.0590778
-1.6440389,-1.6440389
-2.1550885,-2.1550885
-1.2542566,-1.2542566
-2.9867336,-2.9867336
4.6095247,4.6095247
-2.3046951,-2.3046951
-1.8526033,-1.8526033
-0.0216881,-0.0216881
-0.9372776,-0.9372776
-0.7253906,-0.7253906
-2.9624525,-2.9624525
-2.8534901,-2.8534901
-6.4473324,-6.4473324
9.2791566,9.2791566
-4.0052801,-4.0052801
-4.0491419,-4.0491419
-6.7091837,-6.7091837
-3.0531915,-3.0531915
-3.5504469,-3.5504469
-6.2535636,-6.2535636
-6.7646132,-6.7646132
-5.8637813,-5.8637813
-7.5962583,-7.5962583
-4.6095247,-4.6095247
-6.9142198,-6.9142198
-6.462128,-6.462128
-4.6312128,-4.6312128
-5.5468023,-5.5468023
-5.3349153,-5.3349153
-7.5719772,-7.5719772
-7.4630148,-7.4630148
0.4668874,0.4668874
16.1933764,-10.0
2.9089397,2.9089397
2.8650779,2.8650779
0.2050361,0.2050361
3.8610283,3.8610283
3.3637729,3.3637729
0.6606562,0.6606562
0.1496066,0.1496066
1.0504385,1.0504385
-0.6820385,-0.6820385
2.3046951,2.3046951
6.9142198,6.9142198
0.4520918,0.4520918
2.283007,2.283007
1.3674175,1.3674175
1.5793045,1.5793045
-0.6577574,-0.6577574
-0.548795,-0.548795
0.0147956,0.0147956
15.7412846,-10.0
2.4568479,2.4568479
2.4129861,2.4129861
-0.2470557,-0.2470557
3.4089365,3.4089365
2.9116811,2.9116811
0.2085644,0.2085644
-0.3024852,-0.3024852
0.5983467,0.5983467
-1.1341303,-1.1341303
1.8526033,1.8526033
6.462128,6.462128
-0.4520918,-0.4520918
1.8309152,1.8309152
0.9153257,0.9153257
1.1272127,1.1272127
-1.1098492,-1.1098492
-1.0008868,-1.0008868
-1.8161196,-1.8161196
13.9103694,-10.0
0.6259327,0.6259327
0.5820709,0.5820709
-2.0779709,-2.0779709
1.5780213,1.5780213
1.0807659,1.0807659
-1.6223508,-1.6223508
-2.1334004,-2.1334004
-1.2325685,-1.2325685
-2.9650455,-2.9650455
0.0216881,0.0216881
4.6312128,4.6312128
-2.283007,-2.283007
-1.8309152,-1.8309152
-0.9155895,-0.9155895
-0.7037025,-0.7037025
-2.9407644,-2.9407644
-2.831802,-2.831802
-0.9005301,-0.9005301
14.8259589,-10.0
1.5415222,1.5415222
1.4976604,1.4976604
-1.1623814,-1.1623814
2.4936108,2.4936108
1.9963554,1.9963554
-0.7067613,-0.7067613
-1.2178109,-1.2178109
-0.316979,-0.316979
-2.049456,-2.049456
0.9372776,0.9372776
5.5468023,5.5468023
-1.3674175,-1.3674175
-0.9153257,-0.9153257
0.9155895,0.9155895
0.211887,0.211887
-2.0251749,-2.0251749
-1.9162125,-1.9162125
-1.1124171,-1.1124171
14.6140719,-10.0
1.3296352,1.3296352
1.2857734,1.2857734
-1.3742684,-1.3742684
2.2817238,2.2817238
1.7844684,1.7844684
-0.9186483,-0.9186483
-1.4296979,-1.4296979
-0.528866,-0.528866
-2.261343,-2.261343
0.7253906,0.7253906
5.3349153,5.3349153
-1.5793045,-1.5793045
-1.1272127,-1.1272127
0.7037025,0.7037025
-0.211887,-0.211887
-2.2370619,-2.2370619
-2.1280995,-2.1280995
1.1246448,1.1246448
16.8511338,-10.0
3.5666971,3.5666971
3.5228353,3.5228353
0.8627935,0.8627935
4.5187857,4.5187857
4.0215303,4.0215303
1.3184136,1.3184136
0.807364,0.807364
1.7081959,1.7081959
-0.0242811,-0.0242811
2.9624525,2.9624525
7.5719772,7.5719772
0.6577574,0.6577574
1.1098492,1.1098492
2.9407644,2.9407644
2.0251749,2.0251749
2.2370619,2.2370619
0.1089624,0.1089624
1.0156824,1.0156824
16.7421714,-10.0
3.4577347,3.4577347
3.4138729,3.4138729
0.7538311,0.7538311
4.4098233,4.4098233
3.9125679,3.9125679
1.2094512,1.2094512
0.6984016,0.6984016
1.5992335,1.5992335
-0.1332435,-0.1332435
2.8534901,2.8534901
7.4630148,7.4630148
0.548795,0.548795
1.0008868,1.0008868
2.831802,2.831802
1.9162125,1.9162125
2.1280995,2.1280995
-0.1089624,-0.1089624
0.2840243,0.2840243
13.9526092,-10.0
6.0425586,6.0425586
-1.8614786,-1.8614786
1.1590106,1.1590106
7.2913299,7.2913299
-1.0104462,-1.0104462
-2.7539379,-2.7539379
-0.6014905,-0.6014905
0.2846295,0.2846295
1.1983345,1.1983345
1.5585864,1.5585864
0.1896343,0.1896343
0.3569731,0.3569731
0.3216359,0.3216359
0.3603249,0.3603249
0.257959,0.257959
-2.8155066,-2.8155066
-3.6758525,-3.6758525
-0.2840243,-0.2840243
13.6685849,-10.0
5.7585343,5.7585343
-2.1455029,-2.1455029
0.8749863,0.8749863
7.0073056,7.0073056
-1.2944705,-1.2944705
-3.0379622,-3.0379622
-0.8855148,-0.8855148
0.0006052,0.0006052
0.9143102,0.9143102
1.2745621,1.2745621
-0.09439,-0.09439
0.0729488,0.0729488
0.0376116,0.0376116
0.0763006,0.0763006
-0.0260653,-0.0260653
-3.0995309,-3.0995309
-3.9598768,-3.9598768
-13.9526092,-10.0
-13.6685849,-10.0
-7.9100506,-7.9100506
-15.8140878,-10.0
-12.7935986,-10.0
-6.6612793,-6.6612793
-14.9630554,-10.0
-16.7065471,-10.0
-14.5540997,-10.0
-13.6679797,-10.0
-12.7542747,-10.0
-12.3940228,-10.0
-13.7629749,-10.0
-13.5956361,-10.0
-13.6309733,-10.0
-13.5922843,-10.0
-13.6946502,-10.0
-16.7681158,-10.0
-17.6284617,-10.0
-6.0425586,-6.0425586
-5.7585343,-5.7585343
7.9100506,7.9100506
-7.9040372,-7.9040372
-4.883548,-4.883548
1.2487713,1.2487713
-7.0530048,-7.0530048
-8.7964965,-8.7964965
-6.6440491,-6.6440491
-5.7579291,-5.7579291
-4.8442241,-4.8442241
-4.4839722,-4.4839722
-5.8529243,-5.8529243
-5.6855855,-5.6855855
-5.7209227,-5.7209227
-5.6822337,-5.6822337
-5.7845996,-5.7845996
-8.8580652,-8.8580652
-9.7184111,-9.7184111
1.8614786,1.8614786
2.1455029,2.1455029
15.8140878,-10.0
7.9040372,7.9040372
3.0204892,3.0204892
9.1528085,9.1528085
0.8510324,0.8510324
-0.8924593,-0.8924593
1.2599881,1.2599881
2.1461081,2.1461081
3.0598131,3.0598131
3.420065,3.420065
2.0511129,2.0511129
2.2184517,2.2184517
2.1831145,2.1831145
2.2218035,2.2218035
2.1194376,2.1194376
-0.954028,-0.954028
-1.8143739,-1.8143739
-1.1590106,-1.1590106
-0.8749863,-0.8749863
12.7935986,-10.0
4.883548,4.883548
-3.0204892,-3.0204892
6.1323193,6.1323193
-2.1694568,-2.1694568
-3.9129485,-3.9129485
-1.7605011,-1.7605011
-0.8743811,-0.8743811
0.0393239,0.0393239
0.3995758,0.3995758
-0.9693763,-0.9693763
-0.8020375,-0.8020375
-0.8373747,-0.8373747
-0.7986857,-0.7986857
-0.9010516,-0.9010516
-3.9745172,-3.9745172
-4.8348631,-4.8348631
-7.2913299,-7.2913299
-7.0073056,-7.0073056
6.6612793,6.6612793
-1.2487713,-1.2487713
-9.1528085,-9.1528085
-6.1323193,-6.1323193
-8.3017761,-8.3017761
-10.0452678,-10.0
-7.8928204,-7.8928204
-7.0067004,-7.0067004
-6.0929954,-6.0929954
-5.7327435,-5.7327435
-7.1016956,-7.1016956
-6.9343568,-6.9343568
-6.969694,-6.969694
-6.931005,-6.931005
-7.0333709,-7.0333709
-10.1068365,-10.0
-10.9671824,-10.0
1.0104462,1.0104462
1.2944705,1.2944705
14.9630554,-10.0
7.0530048,7.0530048
-0.8510324,-0.8510324
2.1694568,2.1694568
8.3017761,8.3017761
-1.7434917,-1.7434917
0.4089557,0.4089557
1.2950757,1.2950757
2.2087807,2.2087807
2.5690326,2.5690326
1.2000805,1.2000805
1.3674193,1.3674193
1.3320821,1.3320821
1.3707711,1.3707711
1.2684052,1.2684052
-1.8050604,-1.8050604
-2.6654063,-2.6654063
2.7539379,2.7539379
3.0379622,3.0379622
16.7065471,-10.0
8.7964965,8.7964965
0.8924593,0.8924593
3.9129485,3.9129485
10.0452678,-10.0
1.7434917,1.7434917
2.1524474,2.1524474
3.0385674,3.0385674
3.9522724,3.9522724
4.3125243,4.3125243
2.9435722,2.9435722
3.110911,3.110911
3.0755738,3.0755738
3.1142628,3.1142628
3.0118969,3.0118969
-0.0615687,-0.0615687
-0.9219146,-0.9219146
0.6014905,0.6014905
0.8855148,0.8855148
14.5540997,-10.0
6.6440491,6.6440491
-1.2599881,-1.2599881
1.7605011,1.7605011
7.8928204,7.8928204
-0.4089557,-0.4089557
-2.1524474,-2.1524474
0.88612,0.88612
1.799825,1.799825
2.1600769,2.1600769
0.7911248,0.7911248
0.9584636,0.9584636
0.9231264,0.9231264
0.9618154,0.9618154
0.8594495,0.8594495
-2.2140161,-2.2140161
-3.074362,-3.074362
-0.2846295,-0.2846295
-0.0006052,-0.0006052
13.6679797,-10.0
5.7579291,5.7579291
-2.1461081,-2.1461081
0.8743811,0.8743811
7.0067004,7.0067004
-1.2950757,-1.2950757
-3.0385674,-3.0385674
-0.88612,-0.88612
0.913705,0.913705
1.2739569,1.2739569
-0.0949952,-0.0949952
0.0723436,0.0723436
0.0370064,0.0370064
0.0756954,0.0756954
-0.0266705,-0.0266705
-3.1001361,-3.1001361
-3.960482,-3.960482
-1.1983345,-1.1983345
-0.9143102,-0.9143102
12.7542747,-10.0
4.8442241,4.8442241
-3.0598131,-3.0598131
-0.0393239,-0.0393239
6.0929954,6.0929954
-2.2087807,-2.2087807
-3.9522724,-3.9522724
-1.799825,-1.799825
-0.913705,-0.913705
0.3602519,0.3602519
-1.0087002,-1.0087002
-0.8413614,-0.8413614
-0.8766986,-0.8766986
-0.8380096,-0.8380096
-0.9403755,-0.9403755
-4.0138411,-4.0138411
-4.874187,-4.874187
-1.5585864,-1.5585864
-1.2745621,-1.2745621
12.3940228,-10.0
4.4839722,4.4839722
-3.420065,-3.420065
-0.3995758,-0.3995758
5.7327435,5.7327435
-2.5690326,-2.5690326
-4.3125243,-4.3125243
-2.1600769,-2.1600769
-1.2739569,-1.2739569
-0.3602519,-0.3602519
-1.3689521,-1.3689521
-1.2016133,-1.2016133
-1.2369505,-1.2369505
-1.1982615,-1.1982615
-1.3006274,-1.3006274
-4.374093,-4.374093
-5.2344389,-5.2344389
-0.1896343,-0.1896343
0.09439,0.09439
13.7629749,-10.0
5.8529243,5.8529243
-2.0511129,-2.0511129
0.9693763,0.9693763
7.1016956,7.1016956
-1.2000805,-1.2000805
-2.9435722,-2.9435722
-0.7911248,-0.7911248
0.0949952,0.0949952
1.0087002,1.0087002
1.3689521,1.3689521
0.1673388,0.1673388
0.1320016,0.1320016
0.1706906,0.1706906
0.0683247,0.0683247
-3.0051409,-3.0051409
-3.8654868,-3.8654868
-0.3569731,-0.3569731
-0.0729488,-0.0729488
13.5956361,-10.0
5.6855855,5.6855855
-2.2184517,-2.2184517
0.8020375,0.8020375
6.9343568,6.9343568
-1.3674193,-1.3674193
-3.110911,-3.110911
-0.9584636,-0.9584636
-0.0723436,-0.0723436
0.8413614,0.8413614
1.2016133,1.2016133
-0.1673388,-0.1673388
-0.0353372,-0.0353372
0.0033518,0.0033518
-0.0990141,-0.0990141
-3.1724797,-3.1724797
-4.0328256,-4.0328256
-0.3216359,-0.3216359
-0.0376116,-0.0376116
13.6309733,-10.0
5.7209227,5.7209227
-2.1831145,-2.1831145
0.8373747,0.8373747
6.969694,6.969694
-1.3320821,-1.3320821
-3.0755738,-3.0755738
-0.9231264,-0.9231264
-0.0370064,-0.0370064
0.8766986,0.8766986
1.2369505,1.2369505
-0.1320016,-0.1320016
0.0353372,0.0353372
0.038689,0.038689
-0.0636769,-0.0636769
-3.1371425,-3.1371425
-3.9974884,-3.9974884
-0.3603249,-0.3603249
-0.0763006,-0.0763006
13.5922843,-10.0
5.6822337,5.6822337
-2.2218035,-2.2218035
0.7986857,0.7986857
6.931005,6.931005
-1.3707711,-1.3707711
-3.1142628,-3.1142628
-0.9618154,-0.9618154
-0.0756954,-0.0756954
0.8380096,0.8380096
1.1982615,1.1982615
-0.1706906,-0.1706906
-0.0033518,-0.0033518
-0.038689,-0.038689
-0.1023659,-0.1023659
-3.1758315,-3.1758315
-4.0361774,-4.0361774
-0.257959,-0.257959
0.0260653,0.0260653
13.6946502,-10.0
5.7845996,5.7845996
-2.1194376,-2.1194376
0.9010516,0.9010516
7.0333709,7.0333709
-1.2684052,-1.2684052
-3.0118969,-3.0118969
-0.8594495,-0.8594495
0.0266705,0.0266705
0.9403755,0.9403755
1.3006274,1.3006274
-0.0683247,-0.0683247
0.0990141,0.0990141
0.0636769,0.0636769
0.1023659,0.1023659
-3.0734656,-3.0734656
-3.9338115,-3.9338115
2.8155066,2.8155066
3.0995309,3.0995309
16.7681158,-10.0
8.8580652,8.8580652
0.954028,0.954028
3.9745172,3.9745172
10.1068365,-10.0
1.8050604,1.8050604
0.0615687,0.0615687
2.2140161,2.2140161
3.1001361,3.1001361
4.0138411,4.0138411
4.374093,4.374093
3.0051409,3.0051409
3.1724797,3.1724797
3.1371425,3.1371425
3.1758315,3.1758315
3.0734656,3.0734656
-0.8603459,-0.8603459
3.6758525,3.6758525
3.9598768,3.9598768
17.6284617,-10.0
9.7184111,9.7184111
1.8143739,1.8143739
4.8348631,4.8348631
10.9671824,-10.0
2.6654063,2.6654063
0.9219146,0.9219146
3.074362,3.074362
3.960482,3.960482
4.874187,4.874187
5.2344389,5.2344389
3.8654868,3.8654868
4.0328256,4.0328256
3.9974884,3.9974884
4.0361774,4.0361774
3.9338115,3.9338115
0.8603459,0.8603459
12.7010889,-10.0
0.7858483,0.7858483
3.36207,3.36207
-2.4495871,-2.4495871
-1.4175077,-1.4175077
-0.2389151,-0.2389151
1.0637563,1.0637563
-3.1670292,-3.1670292
-0.1334382,-0.1334382
4.3533131,4.3533131
-0.9695928,-0.9695928
1.6341797,1.6341797
-2.8001161,-2.8001161
-3.5922798,-3.5922798
-0.7516259,-0.7516259
-0.0312046,-0.0312046
2.7693718,2.7693718
3.5006422,3.5006422
7.5186399,7.5186399
-12.7010889,-10.0
-11.9152406,-10.0
-9.3390189,-9.3390189
-15.150676,-10.0
-14.1185966,-10.0
-12.940004,-10.0
-11.6373326,-10.0
-15.8681181,-10.0
-12.8345271,-10.0
-8.3477758,-8.3477758
-13.6706817,-10.0
-11.0669092,-10.0
-15.501205,-10.0
-16.2933687,-10.0
-13.4527148,-10.0
-12.7322935,-10.0
-9.9317171,-9.9317171
-9.2004467,-9.2004467
-5.182449,-5.182449
-0.7858483,-0.7858483
11.9152406,-10.0
2.5762217,2.5762217
-3.2354354,-3.2354354
-2.203356,-2.203356
-1.0247634,-1.0247634
0.277908,0.277908
-3.9528775,-3.9528775
-0.9192865,-0.9192865
3.5674648,3.5674648
-1.7554411,-1.7554411
0.8483314,0.8483314
-3.5859644,-3.5859644
-4.3781281,-4.3781281
-1.5374742,-1.5374742
-0.8170529,-0.8170529
1.9835235,1.9835235
2.7147939,2.7147939
6.7327916,6.7327916
-3.36207,-3.36207
9.3390189,9.3390189
-2.5762217,-2.5762217
-5.8116571,-5.8116571
-4.7795777,-4.7795777
-3.6009851,-3.6009851
-2.2983137,-2.2983137
-6.5290992,-6.5290992
-3.4955082,-3.4955082
0.9912431,0.9912431
-4.3316628,-4.3316628
-1.7278903,-1.7278903
-6.1621861,-6.1621861
-6.9543498,-6.9543498
-4.1136959,-4.1136959
-3.3932746,-3.3932746
-0.5926982,-0.5926982
0.1385722,0.1385722
4.1565699,4.1565699
2.4495871,2.4495871
15.150676,-10.0
3.2354354,3.2354354
5.8116571,5.8116571
1.0320794,1.0320794
2.210672,2.210672
3.5133434,3.5133434
-0.7174421,-0.7174421
2.3161489,2.3161489
6.8029002,6.8029002
1.4799943,1.4799943
4.0837668,4.0837668
-0.350529,-0.350529
-1.1426927,-1.1426927
1.6979612,1.6979612
2.4183825,2.4183825
5.2189589,5.2189589
5.9502293,5.9502293
9.968227,9.968227
1.4175077,1.4175077
14.1185966,-10.0
2.203356,2.203356
4.7795777,4.7795777
-1.0320794,-1.0320794
1.1785926,1.1785926
2.481264,2.481264
-1.7495215,-1.7495215
1.2840695,1.2840695
5.7708208,5.7708208
0.4479149,0.4479149
3.0516874,3.0516874
-1.3826084,-1.3826084
-2.1747721,-2.1747721
0.6658818,0.6658818
1.3863031,1.3863031
4.1868795,4.1868795
4.9181499,4.9181499
8.9361476,8.9361476
0.2389151,0.2389151
12.940004,-10.0
1.0247634,1.0247634
3.6009851,3.6009851
-2.210672,-2.210672
-1.1785926,-1.1785926
1.3026714,1.3026714
-2.9281141,-2.9281141
0.1054769,0.1054769
4.5922282,4.5922282
-0.7306777,-0.7306777
1.8730948,1.8730948
-2.561201,-2.561201
-3.3533647,-3.3533647
-0.5127108,-0.5127108
0.2077105,0.2077105
3.0082869,3.0082869
3.7395573,3.7395573
7.757555,7.757555
-1.0637563,-1.0637563
11.6373326,-10.0
-0.277908,-0.277908
2.2983137,2.2983137
-3.5133434,-3.5133434
-2.481264,-2.481264
-1.3026714,-1.3026714
-4.2307855,-4.2307855
-1.1971945,-1.1971945
3.2895568,3.2895568
-2.0333491,-2.0333491
0.5704234,0.5704234
-3.8638724,-3.8638724
-4.6560361,-4.6560361
-1.8153822,-1.8153822
-1.0949609,-1.0949609
1.7056155,1.7056155
2.4368859,2.4368859
6.4548836,6.4548836
3.1670292,3.1670292
15.8681181,-10.0
3.9528775,3.9528775
6.5290992,6.5290992
0.7174421,0.7174421
1.7495215,1.7495215
2.9281141,2.9281141
4.2307855,4.2307855
3.033591,3.033591
7.5203423,7.5203423
2.1974364,2.1974364
4.8012089,4.8012089
0.3669131,0.3669131
-0.4252506,-0.4252506
2.4154033,2.4154033
3.1358246,3.1358246
5.936401,5.936401
6.6676714,6.6676714
10.6856691,-10.0
0.1334382,0.1334382
12.8345271,-10.0
0.9192865,0.9192865
3.4955082,3.4955082
-2.3161489,-2.3161489
-1.2840695,-1.2840695
-0.1054769,-0.1054769
1.1971945,1.1971945
-3.033591,-3.033591
4.4867513,4.4867513
-0.8361546,-0.8361546
1.7676179,1.7676179
-2.6666779,-2.6666779
-3.4588416,-3.4588416
-0.6181877,-0.6181877
0.1022336,0.1022336
2.90281,2.90281
3.6340804,3.6340804
7.6520781,7.6520781
-4.3533131,-4.3533131
8.3477758,8.3477758
-3.5674648,-3.5674648
-0.9912431,-0.9912431
-6.8029002,-6.8029002
-5.7708208,-5.7708208
-4.5922282,-4.5922282
-3.2895568,-3.2895568
-7.5203423,-7.5203423
-4.4867513,-4.4867513
-5.3229059,-5.3229059
-2.7191334,-2.7191334
-7.1534292,-7.1534292
-7.9455929,-7.9455929
-5.104939,-5.104939
-4.3845177,-4.3845177
-1.5839413,-1.5839413
-0.8526709,-0.8526709
3.1653268,3.1653268
0.9695928,0.9695928
13.6706817,-10.0
1.7554411,1.7554411
4.3316628,4.3316628
-1.4799943,-1.4799943
-0.4479149,-0.4479149
0.7306777,0.7306777
2.0333491,2.0333491
-2.1974364,-2.1974364
0.8361546,0.8361546
5.3229059,5.3229059
2.6037725,2.6037725
-1.8305233,-1.8305233
-2.622687,-2.622687
0.2179669,0.2179669
0.9383882,0.9383882
3.7389646,3.7389646
4.470235,4.470235
8.4882327,8.4882327
-1.6341797,-1.6341797
11.0669092,-10.0
-0.8483314,-0.8483314
1.7278903,1.7278903
-4.0837668,-4.0837668
-3.0516874,-3.0516874
-1.8730948,-1.8730948
-0.5704234,-0.5704234
-4.8012089,-4.8012089
-1.7676179,-1.7676179
2.7191334,2.7191334
-2.6037725,-2.6037725
-4.4342958,-4.4342958
-5.2264595,-5.2264595
-2.3858056,-2.3858056
-1.6653843,-1.6653843
1.1351921,1.1351921
1.8664625,1.8664625
5.8844602,5.8844602
2.8001161,2.8001161
15.501205,-10.0
3.5859644,3.5859644
6.1621861,6.1621861
0.350529,0.350529
1.3826084,1.3826084
2.561201,2.561201
3.8638724,3.8638724
-0.3669131,-0.3669131
2.6666779,2.6666779
7.1534292,7.1534292
1.8305233,1.8305233
4.4342958,4.4342958
-0.7921637,-0.7921637
2.0484902,2.0484902
2.7689115,2.7689115
5.5694879,5.5694879
6.3007583,6.3007583
10.318756,-10.0
3.5922798,3.5922798
16.2933687,-10.0
4.3781281,4.3781281
6.9543498,6.9543498
1.1426927,1.1426927
2.1747721,2.1747721
3.3533647,3.3533647
4.6560361,4.6560361
0.4252506,0.4252506
3.4588416,3.4588416
7.9455929,7.9455929
2.622687,2.622687
5.2264595,5.2264595
0.7921637,0.7921637
2.8406539,2.8406539
3.5610752,3.5610752
6.3616516,6.3616516
7.092922,7.092922
11.1109197,-10.0
0.7516259,0.7516259
13.4527148,-10.0
1.5374742,1.5374742
4.1136959,4.1136959
-1.6979612,-1.6979612
-0.6658818,-0.6658818
0.5127108,0.5127108
1.8153822,1.8153822
-2.4154033,-2.4154033
0.6181877,0.6181877
5.104939,5.104939
-0.2179669,-0.2179669
2.3858056,2.3858056
-2.0484902,-2.0484902
-2.8406539,-2.8406539
0.7204213,0.7204213
3.5209977,3.5209977
4.2522681,4.2522681
8.2702658,8.2702658
0.0312046,0.0312046
12.7322935,-10.0
0.8170529,0.8170529
3.3932746,3.3932746
-2.4183825,-2.4183825
-1.3863031,-1.3863031
-0.2077105,-0.2077105
1.0949609,1.0949609
-3.1358246,-3.1358246
-0.1022336,-0.1022336
4.3845177,4.3845177
-0.9383882,-0.9383882
1.6653843,1.6653843
-2.7689115,-2.7689115
-3.5610752,-3.5610752
-0.7204213,-0.7204213
2.8005764,2.8005764
3.5318468,3.5318468
7.5498445,7.5498445
-2.7693718,-2.7693718
9.9317171,9.9317171
-1.9835235,-1.9835235
0.5926982,0.5926982
-5.2189589,-5.2189589
-4.1868795,-4.1868795
-3.0082869,-3.0082869
-1.7056155,-1.7056155
-5.936401,-5.936401
-2.90281,-2.90281
1.5839413,1.5839413
-3.7389646,-3.7389646
-1.1351921,-1.1351921
-5.5694879,-5.5694879
-6.3616516,-6.3616516
-3.5209977,-3.5209977
-2.8005764,-2.8005764
0.7312704,0.7312704
4.7492681,4.7492681
-3.5006422,-3.5006422
9.2004467,9.2004467
-2.7147939,-2.7147939
-0.1385722,-0.1385722
-5.9502293,-5.9502293
-4.9181499,-4.9181499
-3.7395573,-3.7395573
-2.4368859,-2.4368859
-6.6676714,-6.6676714
-3.6340804,-3.6340804
0.8526709,0.8526709
-4.470235,-4.470235
-1.8664625,-1.8664625
-6.3007583,-6.3007583
-7.092922,-7.092922
-4.2522681,-4.2522681
-3.5318468,-3.5318468
-0.7312704,-0.7312704
4.0179977,4.0179977
-7.5186399,-7.5186399
5.182449,5.182449
-6.7327916,-6.7327916
-4.1565699,-4.1565699
-9.968227,-9.968227
-8.9361476,-8.9361476
-7.757555,-7.757555
-6.4548836,-6.4548836
-10.6856691,-10.0
-7.6520781,-7.6520781
-3.1653268,-3.1653268
-8.4882327,-8.4882327
-5.8844602,-5.8844602
-10.318756,-10.0
-11.1109197,-10.0
-8.2702658,-8.2702658
-7.5498445,-7.5498445
-4.7492681,-4.7492681
-4.0179977,-4.0179977
12.7267047,-10.0
-2.5807552,-2.5807552
-0.9829396,-0.9829396
1.061432,1.061432
-0.3897338,-0.3897338
-0.4312713,-0.4312713
-0.7252952,-0.7252952
-0.069511,-0.069511
2.4201445,2.4201445
-1.056622,-1.056622
-2.3572271,-2.3572271
2.1759425,2.1759425
-1.0923615,-1.0923615
-0.4862508,-0.4862508
-0.7349989,-0.7349989
-0.9038934,-0.9038934
0.437061,0.437061
13.1411746,-10.0
0.7857117,0.7857117
-12.7267047,-10.0
-15.3074599,-10.0
-13.7096443,-10.0
-11.6652727,-10.0
-13.1164385,-10.0
-13.157976,-10.0
-13.4519999,-10.0
-12.7962157,-10.0
-10.3065602,-10.0
-13.7833267,-10.0
-15.0839318,-10.0
-10.5507622,-10.0
-13.8190662,-10.0
-13.2129555,-10.0
-13.4617036,-10.0
-13.6305981,-10.0
-12.2896437,-10.0
0.4144699,0.4144699
-11.940993,-10.0
2.5807552,2.5807552
15.3074599,-10.0
1.5978156,1.5978156
3.6421872,3.6421872
2.1910214,2.1910214
2.1494839,2.1494839
1.85546,1.85546
2.5112442,2.5112442
5.0008997,5.0008997
1.5241332,1.5241332
0.2235281,0.2235281
4.7566977,4.7566977
1.4883937,1.4883937
2.0945044,2.0945044
1.8457563,1.8457563
1.6768618,1.6768618
3.0178162,3.0178162
15.7219298,-10.0
3.3664669,3.3664669
0.9829396,0.9829396
13.7096443,-10.0
-1.5978156,-1.5978156
2.0443716,2.0443716
0.5932058,0.5932058
0.5516683,0.5516683
0.2576444,0.2576444
0.9134286,0.9134286
3.4030841,3.4030841
-0.0736824,-0.0736824
-1.3742875,-1.3742875
3.1588821,3.1588821
-0.1094219,-0.1094219
0.4966888,0.4966888
0.2479407,0.2479407
0.0790462,0.0790462
1.4200006,1.4200006
14.1241142,-10.0
1.7686513,1.7686513
-1.061432,-1.061432
11.6652727,-10.0
-3.6421872,-3.6421872
-2.0443716,-2.0443716
-1.4511658,-1.4511658
-1.4927033,-1.4927033
-1.7867272,-1.7867272
-1.130943,-1.130943
1.3587125,1.3587125
-2.118054,-2.118054
-3.4186591,-3.4186591
1.1145105,1.1145105
-2.1537935,-2.1537935
-1.5476828,-1.5476828
-1.7964309,-1.7964309
-1.9653254,-1.9653254
-0.624371,-0.624371
12.0797426,-10.0
-0.2757203,-0.2757203
0.3897338,0.3897338
13.1164385,-10.0
-2.1910214,-2.1910214
-0.5932058,-0.5932058
1.4511658,1.4511658
-0.0415375,-0.0415375
-0.3355614,-0.3355614
0.3202228,0.3202228
2.8098783,2.8098783
-0.6668882,-0.6668882
-1.9674933,-1.9674933
2.5656763,2.5656763
-0.7026277,-0.7026277
-0.096517,-0.096517
-0.3452651,-0.3452651
-0.5141596,-0.5141596
0.8267948,0.8267948
13.5309084,-10.0
1.1754455,1.1754455
0.4312713,0.4312713
13.157976,-10.0
-2.1494839,-2.1494839
-0.5516683,-0.5516683
1.4927033,1.4927033
0.0415375,0.0415375
-0.2940239,-0.2940239
0.3617603,0.3617603
2.8514158,2.8514158
-0.6253507,-0.6253507
-1.9259558,-1.9259558
2.6072138,2.6072138
-0.6610902,-0.6610902
-0.0549795,-0.0549795
-0.3037276,-0.3037276
-0.4726221,-0.4726221
0.8683323,0.8683323
13.5724459,-10.0
1.216983,1.216983
0.7252952,0.7252952
13.4519999,-10.0
-1.85546,-1.85546
-0.2576444,-0.2576444
1.7867272,1.7867272
0.3355614,0.3355614
0.2940239,0.2940239
0.6557842,0.6557842
3.1454397,3.1454397
-0.3313268,-0.3313268
-1.6319319,-1.6319319
2.9012377,2.9012377
-0.3670663,-0.3670663
0.2390444,0.2390444
-0.0097037,-0.0097037
-0.1785982,-0.1785982
1.1623562,1.1623562
13.8664698,-10.0
1.5110069,1.5110069
0.069511,0.069511
12.7962157,-10.0
-2.5112442,-2.5112442
-0.9134286,-0.9134286
1.130943,1.130943
-0.3202228,-0.3202228
-0.3617603,-0.3617603
-0.6557842,-0.6557842
2.4896555,2.4896555
-0.987111,-0.987111
-2.2877161,-2.2877161
2.2454535,2.2454535
-1.0228505,-1.0228505
-0.4167398,-0.4167398
-0.6654879,-0.6654879
-0.8343824,-0.8343824
0.506572,0.506572
13.2106856,-10.0
0.8552227,0.8552227
-2.4201445,-2.4201445
10.3065602,-10.0
-5.0008997,-5.0008997
-3.4030841,-3.4030841
-1.3587125,-1.3587125
-2.8098783,-2.8098783
-2.8514158,-2.8514158
-3.1454397,-3.1454397
-2.4896555,-2.4896555
-3.4767665,-3.4767665
-4.7773716,-4.7773716
-0.244202,-0.244202
-3.512506,-3.512506
-2.9063953,-2.9063953
-3.1551434,-3.1551434
-3.3240379,-3.3240379
-1.9830835,-1.9830835
10.7210301,-10.0
-1.6344328,-1.6344328
1.056622,1.056622
13.7833267,-10.0
-1.5241332,-1.5241332
0.0736824,0.0736824
2.118054,2.118054
0.6668882,0.6668882
0.6253507,0.6253507
0.3313268,0.3313268
0.987111,0.987111
3.4767665,3.4767665
-1.3006051,-1.3006051
3.2325645,3.2325645
-0.0357395,-0.0357395
0.5703712,0.5703712
0.3216231,0.3216231
0.1527286,0.1527286
1.493683,1.493683
14.1977966,-10.0
1.8423337,1.8423337
2.3572271,2.3572271
15.0839318,-10.0
-0.2235281,-0.2235281
1.3742875,1.3742875
3.4186591,3.4186591
1.9674933,1.9674933
1.9259558,1.9259558
1.6319319,1.6319319
2.2877161,2.2877161
4.7773716,4.7773716
1.3006051,1.3006051
4.5331696,4.5331696
1.2648656,1.2648656
1.8709763,1.8709763
1.6222282,1.6222282
1.4533337,1.4533337
2.7942881,2.7942881
15.4984017,-10.0
3.1429388,3.1429388
-2.1759425,-2.1759425
10.5507622,-10.0
-4.7566977,-4.7566977
-3.1588821,-3.1588821
-1.1145105,-1.1145105
-2.5656763,-2.5656763
-2.6072138,-2.6072138
-2.9012377,-2.9012377
-2.2454535,-2.2454535
0.244202,0.244202
-3.2325645,-3.2325645
-4.5331696,-4.5331696
-3.268304,-3.268304
-2.6621933,-2.6621933
-2.9109414,-2.9109414
-3.0798359,-3.0798359
-1.7388815,-1.7388815
10.9652321,-10.0
-1.3902308,-1.3902308
1.0923615,1.0923615
13.8190662,-10.0
-1.4883937,-1.4883937
0.1094219,0.1094219
2.1537935,2.1537935
0.7026277,0.7026277
0.6610902,0.6610902
0.3670663,0.3670663
1.0228505,1.0228505
3.512506,3.512506
0.0357395,0.0357395
-1.2648656,-1.2648656
3.268304,3.268304
0.6061107,0.6061107
0.3573626,0.3573626
0.1884681,0.1884681
1.5294225,1.5294225
14.2335361,-10.0
1.8780732,1.8780732
0.4862508,0.4862508
13.2129555,-10.0
-2.0945044,-2.0945044
-0.4966888,-0.4966888
1.5476828,1.5476828
0.096517,0.096517
0.0549795,0.0549795
-0.2390444,-0.2390444
0.4167398,0.4167398
2.9063953,2.9063953
-0.5703712,-0.5703712
-1.8709763,-1.8709763
2.6621933,2.6621933
-0.6061107,-0.6061107
-0.2487481,-0.2487481
-0.4176426,-0.4176426
0.9233118,0.9233118
13.6274254,-10.0
1.2719625,1.2719625
0.7349989,0.7349989
13.4617036,-10.0
-1.8457563,-1.8457563
-0.2479407,-0.2479407
1.7964309,1.7964309
0.3452651,0.3452651
0.3037276,0.3037276
0.0097037,0.0097037
0.6654879,0.6654879
3.1551434,3.1551434
-0.3216231,-0.3216231
-1.6222282,-1.6222282
2.9109414,2.9109414
-0.3573626,-0.3573626
0.2487481,0.2487481
-0.1688945,-0.1688945
1.1720599,1.1720599
13.8761735,-10.0
1.5207106,1.5207106
0.9038934,0.9038934
13.6305981,-10.0
-1.6768618,-1.6768618
-0.0790462,-0.0790462
1.9653254,1.9653254
0.5141596,0.5141596
0.4726221,0.4726221
0.1785982,0.1785982
0.8343824,0.8343824
3.3240379,3.3240379
-0.1527286,-0.1527286
-1.4533337,-1.4533337
3.0798359,3.0798359
-0.1884681,-0.1884681
0.4176426,0.4176426
0.1688945,0.1688945
1.3409544,1.3409544
14.045068,-10.0
1.6896051,1.6896051
-0.437061,-0.437061
12.2896437,-10.0
-3.0178162,-3.0178162
-1.4200006,-1.4200006
0.624371,0.624371
-0.8267948,-0.8267948
-0.8683323,-0.8683323
-1.1623562,-1.1623562
-0.506572,-0.506572
1.9830835,1.9830835
-1.493683,-1.493683
-2.7942881,-2.7942881
1.7388815,1.7388815
-1.5294225,-1.5294225
-0.9233118,-0.9233118
-1.1720599,-1.1720599
-1.3409544,-1.3409544
12.7041136,-10.0
0.3486507,0.3486507
-13.1411746,-10.0
-0.4144699,-0.4144699
-15.7219298,-10.0
-14.1241142,-10.0
-12.0797426,-10.0
-13.5309084,-10.0
-13.5724459,-10.0
-13.8664698,-10.0
-13.2106856,-10.0
-10.7210301,-10.0
-14.1977966,-10.0
-15.4984017,-10.0
-10.9652321,-10.0
-14.2335361,-10.0
-13.6274254,-10.0
-13.8761735,-10.0
-14.045068,-10.0
-12.7041136,-10.0
-12.3554629,-10.0
-0.7857117,-0.7857117
11.940993,-10.0
-3.3664669,-3.3664669
-1.7686513,-1.7686513
0.2757203,0.2757203
-1.1754455,-1.1754455
-1.216983,-1.216983
-1.5110069,-1.5110069
-0.8552227,-0.8552227
1.6344328,1.6344328
-1.8423337,-1.8423337
-3.1429388,-3.1429388
1.3902308,1.3902308
-1.8780732,-1.8780732
-1.2719625,-1.2719625
-1.5207106,-1.5207106
-1.6896051,-1.6896051
-0.3486507,-0.3486507
12.3554629,-10.0
13.8952841,-10.0
0.0483559,0.0483559
-0.0262224,-0.0262224
0.2938148,0.2938148
0.8301631,0.8301631
0.9641397,0.9641397
1.3511472,1.3511472
-1.4464062,-1.4464062
1.6788908,1.6788908
-0.2077095,-0.2077095
-0.2908734,-0.2908734
-1.5965854,-1.5965854
0.0536618,0.0536618
-0.2096749,-0.2096749
-0.6121279,-0.6121279
0.3683179,0.3683179
0.8196442,0.8196442
-2.3960609,-2.3960609
-0.1994653,-0.1994653
-13.8952841,-10.0
-13.8469282,-10.0
-13.9215065,-10.0
-13.6014693,-10.0
-13.065121,-10.0
-12.9311444,-10.0
-12.5441369,-10.0
-15.3416903,-10.0
-12.2163933,-10.0
-14.1029936,-10.0
-14.1861575,-10.0
-15.4918695,-10.0
-13.8416223,-10.0
-14.104959,-10.0
-14.507412,-10.0
-13.5269662,-10.0
-13.0756399,-10.0
-16.291345,-10.0
-14.0947494,-10.0
-0.0483559,-0.0483559
13.8469282,-10.0
-0.0745783,-0.0745783
0.2454589,0.2454589
0.7818072,0.7818072
0.9157838,0.9157838
1.3027913,1.3027913
-1.4947621,-1.4947621
1.6305349,1.6305349
-0.2560654,-0.2560654
-0.3392293,-0.3392293
-1.6449413,-1.6449413
0.0053059,0.0053059
-0.2580308,-0.2580308
-0.6604838,-0.6604838
0.319962,0.319962
0.7712883,0.7712883
-2.4444168,-2.4444168
-0.2478212,-0.2478212
0.0262224,0.0262224
13.9215065,-10.0
0.0745783,0.0745783
0.3200372,0.3200372
0.8563855,0.8563855
0.9903621,0.9903621
1.3773696,1.3773696
-1.4201838,-1.4201838
1.7051132,1.7051132
-0.1814871,-0.1814871
-0.264651,-0.264651
-1.570363,-1.570363
0.0798842,0.0798842
-0.1834525,-0.1834525
-0.5859055,-0.5859055
0.3945403,0.3945403
0.8458666,0.8458666
-2.3698385,-2.3698385
-0.1732429,-0.1732429
-0.2938148,-0.2938148
13.6014693,-10.0
-0.2454589,-0.2454589
-0.3200372,-0.3200372
0.5363483,0.5363483
0.6703249,0.6703249
1.0573324,1.0573324
-1.740221,-1.740221
1.385076,1.385076
-0.5015243,-0.5015243
-0.5846882,-0.5846882
-1.8904002,-1.8904002
-0.240153,-0.240153
-0.5034897,-0.5034897
-0.9059427,-0.9059427
0.0745031,0.0745031
0.5258294,0.5258294
-2.6898757,-2.6898757
-0.4932801,-0.4932801
-0.8301631,-0.8301631
13.065121,-10.0
-0.7818072,-0.7818072
-0.8563855,-0.8563855
-0.5363483,-0.5363483
0.1339766,0.1339766
0.5209841,0.5209841
-2.2765693,-2.2765693
0.8487277,0.8487277
-1.0378726,-1.0378726
-1.1210365,-1.1210365
-2.4267485,-2.4267485
-0.7765013,-0.7765013
-1.039838,-1.039838
-1.442291,-1.442291
-0.4618452,-0.4618452
-0.0105189,-0.0105189
-3.226224,-3.226224
-1.0296284,-1.0296284
-0.9641397,-0.9641397
12.9311444,-10.0
-0.9157838,-0.9157838
-0.9903621,-0.9903621
-0.6703249,-0.6703249
-0.1339766,-0.1339766
0.3870075,0.3870075
-2.4105459,-2.4105459
0.7147511,0.7147511
-1.1718492,-1.1718492
-1.2550131,-1.2550131
-2.5607251,-2.5607251
-0.9104779,-0.9104779
-1.1738146,-1.1738146
-1.5762676,-1.5762676
-0.5958218,-0.5958218
-0.1444955,-0.1444955
-3.3602006,-3.3602006
-1.163605,-1.163605
-1.3511472,-1.3511472
12.5441369,-10.0
-1.3027913,-1.3027913
-1.3773696,-1.3773696
-1.0573324,-1.0573324
-0.5209841,-0.5209841
-0.3870075,-0.3870075
-2.7975534,-2.7975534
0.3277436,0.3277436
-1.5588567,-1.5588567
-1.6420206,-1.6420206
-2.9477326,-2.9477326
-1.2974854,-1.2974854
-1.5608221,-1.5608221
-1.9632751,-1.9632751
-0.9828293,-0.9828293
-0.531503,-0.531503
-3.7472081,-3.7472081
-1.5506125,-1.5506125
1.4464062,1.4464062
15.3416903,-10.0
1.4947621,1.4947621
1.4201838,1.4201838
1.740221,1.740221
2.2765693,2.2765693
2.4105459,2.4105459
2.7975534,2.7975534
3.125297,3.125297
1.2386967,1.2386967
1.1555328,1.1555328
-0.1501792,-0.1501792
1.500068,1.500068
1.2367313,1.2367313
0.8342783,0.8342783
1.8147241,1.8147241
2.2660504,2.2660504
-0.9496547,-0.9496547
1.2469409,1.2469409
-1.6788908,-1.6788908
12.2163933,-10.0
-1.6305349,-1.6305349
-1.7051132,-1.7051132
-1.385076,-1.385076
-0.8487277,-0.8487277
-0.7147511,-0.7147511
-0.3277436,-0.3277436
-3.125297,-3.125297
-1.8866003,-1.8866003
-1.9697642,-1.9697642
-3.2754762,-3.2754762
-1.625229,-1.625229
-1.8885657,-1.8885657
-2.2910187,-2.2910187
-1.3105729,-1.3105729
-0.8592466,-0.8592466
-4.0749517,-4.0749517
-1.8783561,-1.8783561
0.2077095,0.2077095
14.1029936,-10.0
0.2560654,0.2560654
0.1814871,0.1814871
0.5015243,0.5015243
1.0378726,1.0378726
1.1718492,1.1718492
1.5588567,1.5588567
-1.2386967,-1.2386967
1.8866003,1.8866003
-0.0831639,-0.0831639
-1.3888759,-1.3888759
0.2613713,0.2613713
-0.0019654,-0.0019654
-0.4044184,-0.4044184
0.5760274,0.5760274
1.0273537,1.0273537
-2.1883514,-2.1883514
0.0082442,0.0082442
0.2908734,0.2908734
14.1861575,-10.0
0.3392293,0.3392293
0.264651,0.264651
0.5846882,0.5846882
1.1210365,1.1210365
1.2550131,1.2550131
1.6420206,1.6420206
-1.1555328,-1.1555328
1.9697642,1.9697642
0.0831639,0.0831639
-1.305712,-1.305712
0.3445352,0.3445352
0.0811985,0.0811985
-0.3212545,-0.3212545
0.6591913,0.6591913
1.1105176,1.1105176
-2.1051875,-2.1051875
0.0914081,0.0914081
1.5965854,1.5965854
15.4918695,-10.0
1.6449413,1.6449413
1.570363,1.570363
1.8904002,1.8904002
2.4267485,2.4267485
2.5607251,2.5607251
2.9477326,2.9477326
0.1501792,0.1501792
3.2754762,3.2754762
1.3888759,1.3888759
1.305712,1.305712
1.6502472,1.6502472
1.3869105,1.3869105
0.9844575,0.9844575
1.9649033,1.9649033
2.4162296,2.4162296
-0.7994755,-0.7994755
1.3971201,1.3971201
-0.0536618,-0.0536618
13.8416223,-10.0
-0.0053059,-0.0053059
-0.0798842,-0.0798842
0.240153,0.240153
0.7765013,0.7765013
0.9104779,0.9104779
1.2974854,1.2974854
-1.500068,-1.500068
1.625229,1.625229
-0.2613713,-0.2613713
-0.3445352,-0.3445352
-1.6502472,-1.6502472
-0.2633367,-0.2633367
-0.6657897,-0.6657897
0.3146561,0.3146561
0.7659824,0.7659824
-2.4497227,-2.4497227
-0.2531271,-0.2531271
0.2096749,0.2096749
14.104959,-10.0
0.2580308,0.2580308
0.1834525,0.1834525
0.5034897,0.5034897
1.039838,1.039838
1.1738146,1.1738146
1.5608221,1.5608221
-1.2367313,-1.2367313
1.8885657,1.8885657
0.0019654,0.0019654
-0.0811985,-0.0811985
-1.3869105,-1.3869105
0.2633367,0.2633367
-0.402453,-0.402453
0.5779928,0.5779928
1.0293191,1.0293191
-2.186386,-2.186386
0.0102096,0.0102096
0.6121279,0.6121279
14.507412,-10.0
0.6604838,0.6604838
0.5859055,0.5859055
0.9059427,0.9059427
1.442291,1.442291
1.5762676,1.5762676
1.9632751,1.9632751
-0.8342783,-0.8342783
2.2910187,2.2910187
0.4044184,0.4044184
0.3212545,0.3212545
-0.9844575,-0.9844575
0.6657897,0.6657897
0.402453,0.402453
0.9804458,0.9804458
1.4317721,1.4317721
-1.783933,-1.783933
0.4126626,0.4126626
-0.3683179,-0.3683179
13.5269662,-10.0
-0.319962,-0.319962
-0.3945403,-0.3945403
-0.0745031,-0.0745031
0.4618452,0.4618452
0.5958218,0.5958218
0.9828293,0.9828293
-1.8147241,-1.8147241
1.3105729,1.3105729
-0.5760274,-0.5760274
-0.6591913,-0.6591913
-1.9649033,-1.9649033
-0.3146561,-0.3146561
-0.5779928,-0.5779928
-0.9804458,-0.9804458
0.4513263,0.4513263
-2.7643788,-2.7643788
-0.5677832,-0.5677832
-0.8196442,-0.8196442
13.0756399,-10.0
-0.7712883,-0.7712883
-0.8458666,-0.8458666
-0.5258294,-0.5258294
0.0105189,0.0105189
0.1444955,0.1444955
0.531503,0.531503
-2.2660504,-2.2660504
0.8592466,0.8592466
-1.0273537,-1.0273537
-1.1105176,-1.1105176
-2.4162296,-2.4162296
-0.7659824,-0.7659824
-1.0293191,-1.0293191
-1.4317721,-1.4317721
-0.4513263,-0.4513263
-3.2157051,-3.2157051
-1.0191095,-1.0191095
2.3960609,2.3960609
16.291345,-10.0
2.4444168,2.4444168
2.3698385,2.3698385
2.6898757,2.6898757
3.226224,3.226224
3.3602006,3.3602006
3.7472081,3.7472081
0.9496547,0.9496547
4.0749517,4.0749517
2.1883514,2.1883514
2.1051875,2.1051875
0.7994755,0.7994755
2.4497227,2.4497227
2.186386,2.186386
1.783933,1.783933
2.7643788,2.7643788
3.2157051,3.2157051
2.1965956,2.1965956
0.1994653,0.1994653
14.0947494,-10.0
0.2478212,0.2478212
0.1732429,0.1732429
0.4932801,0.4932801
1.0296284,1.0296284
1.163605,1.163605
1.5506125,1.5506125
-1.2469409,-1.2469409
1.8783561,1.8783561
-0.0082442,-0.0082442
-0.0914081,-0.0914081
-1.3971201,-1.3971201
0.2531271,0.2531271
-0.0102096,-0.0102096
-0.4126626,-0.4126626
0.5677832,0.5677832
1.0191095,1.0191095
-2.1965956,-2.1965956
13.9239118,-10.0
2.5929704,2.5929704
0.4481978,0.4481978
-0.8283521,-0.8283521
1.3924521,1.3924521
0.6271919,0.6271919
-1.1839943,-1.1839943
0.3104494,0.3104494
-1.7937702,-1.7937702
-1.3263776,-1.3263776
-1.0261453,-1.0261453
2.4003043,2.4003043
-1.6918151,-1.6918151
2.0735247,2.0735247
-0.1883671,-0.1883671
-0.2554267,-0.2554267
-0.153202,-0.153202
12.940286,-10.0
-3.2949281,-3.2949281
-13.9239118,-10.0
-11.3309414,-10.0
-13.475714,-10.0
-14.7522639,-10.0
-12.5314597,-10.0
-13.2967199,-10.0
-15.1079061,-10.0
-13.6134624,-10.0
-15.717682,-10.0
-15.2502894,-10.0
-14.9500571,-10.0
-11.5236075,-10.0
-15.6157269,-10.0
-11.8503871,-10.0
-14.1122789,-10.0
-14.1793385,-10.0
-14.0771138,-10.0
-0.9836258,-0.9836258
-17.2188399,-10.0
-2.5929704,-2.5929704
11.3309414,-10.0
-2.1447726,-2.1447726
-3.4213225,-3.4213225
-1.2005183,-1.2005183
-1.9657785,-1.9657785
-3.7769647,-3.7769647
-2.282521,-2.282521
-4.3867406,-4.3867406
-3.919348,-3.919348
-3.6191157,-3.6191157
-0.1926661,-0.1926661
-4.2847855,-4.2847855
-0.5194457,-0.5194457
-2.7813375,-2.7813375
-2.8483971,-2.8483971
-2.7461724,-2.7461724
10.3473156,-10.0
-5.8878985,-5.8878985
-0.4481978,-0.4481978
13.475714,-10.0
2.1447726,2.1447726
-1.2765499,-1.2765499
0.9442543,0.9442543
0.1789941,0.1789941
-1.6321921,-1.6321921
-0.1377484,-0.1377484
-2.241968,-2.241968
-1.7745754,-1.7745754
-1.4743431,-1.4743431
1.9521065,1.9521065
-2.1400129,-2.1400129
1.6253269,1.6253269
-0.6365649,-0.6365649
-0.7036245,-0.7036245
-0.6013998,-0.6013998
12.4920882,-10.0
-3.7431259,-3.7431259
0.8283521,0.8283521
14.7522639,-10.0
3.4213225,3.4213225
1.2765499,1.2765499
2.2208042,2.2208042
1.455544,1.455544
-0.3556422,-0.3556422
1.1388015,1.1388015
-0.9654181,-0.9654181
-0.4980255,-0.4980255
-0.1977932,-0.1977932
3.2286564,3.2286564
-0.863463,-0.863463
2.9018768,2.9018768
0.639985,0.639985
0.5729254,0.5729254
0.6751501,0.6751501
13.7686381,-10.0
-2.466576,-2.466576
-1.3924521,-1.3924521
12.5314597,-10.0
1.2005183,1.2005183
-0.9442543,-0.9442543
-2.2208042,-2.2208042
-0.7652602,-0.7652602
-2.5764464,-2.5764464
-1.0820027,-1.0820027
-3.1862223,-3.1862223
-2.7188297,-2.7188297
-2.4185974,-2.4185974
1.0078522,1.0078522
-3.0842672,-3.0842672
0.6810726,0.6810726
-1.5808192,-1.5808192
-1.6478788,-1.6478788
-1.5456541,-1.5456541
11.5478339,-10.0
-4.6873802,-4.6873802
-0.6271919,-0.6271919
13.2967199,-10.0
1.9657785,1.9657785
-0.1789941,-0.1789941
-1.455544,-1.455544
0.7652602,0.7652602
-1.8111862,-1.8111862
-0.3167425,-0.3167425
-2.4209621,-2.4209621
-1.9535695,-1.9535695
-1.6533372,-1.6533372
1.7731124,1.7731124
-2.319007,-2.319007
1.4463328,1.4463328
-0.815559,-0.815559
-0.8826186,-0.8826186
-0.7803939,-0.7803939
12.3130941,-10.0
-3.92212,-3.92212
1.1839943,1.1839943
15.1079061,-10.0
3.7769647,3.7769647
1.6321921,1.6321921
0.3556422,0.3556422
2.5764464,2.5764464
1.8111862,1.8111862
1.4944437,1.4944437
-0.6097759,-0.6097759
-0.1423833,-0.1423833
0.157849,0.157849
3.5842986,3.5842986
-0.5078208,-0.5078208
3.257519,3.257519
0.9956272,0.9956272
0.9285676,0.9285676
1.0307923,1.0307923
14.1242803,-10.0
-2.1109338,-2.1109338
-0.3104494,-0.3104494
13.6134624,-10.0
2.282521,2.282521
0.1377484,0.1377484
-1.1388015,-1.1388015
1.0820027,1.0820027
0.3167425,0.3167425
-1.4944437,-1.4944437
-2.1042196,-2.1042196
-1.636827,-1.636827
-1.3365947,-1.3365947
2.0898549,2.0898549
-2.0022645,-2.0022645
1.7630753,1.7630753
-0.4988165,-0.4988165
-0.5658761,-0.5658761
-0.4636514,-0.4636514
12.6298366,-10.0
-3.6053775,-3.6053775
1.7937702,1.7937702
15.717682,-10.0
4.3867406,4.3867406
2.241968,2.241968
0.9654181,0.9654181
3.1862223,3.1862223
2.4209621,2.4209621
0.6097759,0.6097759
2.1042196,2.1042196
0.4673926,0.4673926
0.7676249,0.7676249
4.1940745,4.1940745
0.1019551,0.1019551
3.8672949,3.8672949
1.6054031,1.6054031
1.5383435,1.5383435
1.6405682,1.6405682
14.7340562,-10.0
-1.5011579,-1.5011579
1.3263776,1.3263776
15.2502894,-10.0
3.919348,3.919348
1.7745754,1.7745754
0.4980255,0.4980255
2.7188297,2.7188297
1.9535695,1.9535695
0.1423833,0.1423833
1.636827,1.636827
-0.4673926,-0.4673926
0.3002323,0.3002323
3.7266819,3.7266819
-0.3654375,-0.3654375
3.3999023,3.3999023
1.1380105,1.1380105
1.0709509,1.0709509
1.1731756,1.1731756
14.2666636,-10.0
-1.9685505,-1.9685505
1.0261453,1.0261453
14.9500571,-10.0
3.6191157,3.6191157
1.4743431,1.4743431
0.1977932,0.1977932
2.4185974,2.4185974
1.6533372,1.6533372
-0.157849,-0.157849
1.3365947,1.3365947
-0.7676249,-0.7676249
-0.3002323,-0.3002323
3.4264496,3.4264496
-0.6656698,-0.6656698
3.09967,3.09967
0.8377782,0.8377782
0.7707186,0.7707186
0.8729433,0.8729433
13.9664313,-10.0
-2.2687828,-2.2687828
-2.4003043,-2.4003043
11.5236075,-10.0
0.1926661,0.1926661
-1.9521065,-1.9521065
-3.2286564,-3.2286564
-1.0078522,-1.0078522
-1.7731124,-1.7731124
-3.5842986,-3.5842986
-2.0898549,-2.0898549
-4.1940745,-4.1940745
-3.7266819,-3.7266819
-3.4264496,-3.4264496
-4.0921194,-4.0921194
-0.3267796,-0.3267796
-2.5886714,-2.5886714
-2.655731,-2.655731
-2.5535063,-2.5535063
10.5399817,-10.0
-5.6952324,-5.6952324
1.6918151,1.6918151
15.6157269,-10.0
4.2847855,4.2847855
2.1400129,2.1400129
0.863463,0.863463
3.0842672,3.0842672
2.319007,2.319007
0.5078208,0.5078208
2.0022645,2.0022645
-0.1019551,-0.1019551
0.3654375,0.3654375
0.6656698,0.6656698
4.0921194,4.0921194
3.7653398,3.7653398
1.503448,1.503448
1.4363884,1.4363884
1.5386131,1.5386131
14.6321011,-10.0
-1.603113,-1.603113
-2.0735247,-2.0735247
11.8503871,-10.0
0.5194457,0.5194457
-1.6253269,-1.6253269
-2.9018768,-2.9018768
-0.6810726,-0.6810726
-1.4463328,-1.4463328
-3.257519,-3.257519
-1.7630753,-1.7630753
-3.8672949,-3.8672949
-3.3999023,-3.3999023
-3.09967,-3.09967
0.3267796,0.3267796
-3.7653398,-3.7653398
-2.2618918,-2.2618918
-2.3289514,-2.3289514
-2.2267267,-2.2267267
10.8667613,-10.0
-5.3684528,-5.3684528
0.1883671,0.1883671
14.1122789,-10.0
2.7813375,2.7813375
0.6365649,0.6365649
-0.639985,-0.639985
1.5808192,1.5808192
0.815559,0.815559
-0.9956272,-0.9956272
0.4988165,0.4988165
-1.6054031,-1.6054031
-1.1380105,-1.1380105
-0.8377782,-0.8377782
2.5886714,2.5886714
-1.503448,-1.503448
2.2618918,2.2618918
-0.0670596,-0.0670596
0.0351651,0.0351651
13.1286531,-10.0
-3.106561,-3.106561
0.2554267,0.2554267
14.1793385,-10.0
2.8483971,2.8483971
0.7036245,0.7036245
-0.5729254,-0.5729254
1.6478788,1.6478788
0.8826186,0.8826186
-0.9285676,-0.9285676
0.5658761,0.5658761
-1.5383435,-1.5383435
-1.0709509,-1.0709509
-0.7707186,-0.7707186
2.655731,2.655731
-1.4363884,-1.4363884
2.3289514,2.3289514
0.0670596,0.0670596
0.1022247,0.1022247
13.1957127,-10.0
-3.0395014,-3.0395014
0.153202,0.153202
14.0771138,-10.0
2.7461724,2.7461724
0.6013998,0.6013998
-0.6751501,-0.6751501
1.5456541,1.5456541
0.7803939,0.7803939
-1.0307923,-1.0307923
0.4636514,0.4636514
-1.6405682,-1.6405682
-1.1731756,-1.1731756
-0.8729433,-0.8729433
2.5535063,2.5535063
-1.5386131,-1.5386131
2.2267267,2.2267267
-0.0351651,-0.0351651
-0.1022247,-0.1022247
13.093488,-10.0
-3.1417261,-3.1417261
-12.940286,-10.0
0.9836258,0.9836258
-10.3473156,-10.0
-12.4920882,-10.0
-13.7686381,-10.0
-11.5478339,-10.0
-12.3130941,-10.0
-14.1242803,-10.0
-12.6298366,-10.0
-14.7340562,-10.0
-14.2666636,-10.0
-13.9664313,-10.0
-10.5399817,-10.0
-14.6321011,-10.0
-10.8667613,-10.0
-13.1286531,-10.0
-13.1957127,-10.0
-13.093488,-10.0
-16.2352141,-10.0
3.2949281,3.2949281
17.2188399,-10.0
5.8878985,5.8878985
3.7431259,3.7431259
2.466576,2.466576
4.6873802,4.6873802
3.92212,3.92212
2.1109338,2.1109338
3.6053775,3.6053775
1.5011579,1.5011579
1.9685505,1.9685505
2.2687828,2.2687828
5.6952324,5.6952324
1.603113,1.603113
5.3684528,5.3684528
3.106561,3.106561
3.0395014,3.0395014
3.1417261,3.1417261
16.2352141,-10.0
9.7345768,9.7345768
-0.3332605,-0.3332605
0.0597814,0.0597814
-1.9281581,-1.9281581
-3.6977333,-3.6977333
0.673999,0.673999
-2.0570145,-2.0570145
-0.8777634,-0.8777634
-1.7977338,-1.7977338
-1.3326576,-1.3326576
-2.3720043,-2.3720043
0.1590325,0.1590325
-1.5706042,-1.5706042
-0.9436921,-0.9436921
-0.7909212,-0.7909212
-2.3758936,-2.3758936
-0.785517,-0.785517
0.1898136,0.1898136
-2.4125864,-2.4125864
-9.7345768,-9.7345768
-10.0678373,-10.0
-9.6747954,-9.6747954
-11.6627349,-10.0
-13.4323101,-10.0
-9.0605778,-9.0605778
-11.7915913,-10.0
-10.6123402,-10.0
-11.5323106,-10.0
-11.0672344,-10.0
-12.1065811,-10.0
-9.5755443,-9.5755443
-11.305181,-10.0
-10.6782689,-10.0
-10.525498,-10.0
-12.1104704,-10.0
-10.5200938,-10.0
-9.5447632,-9.5447632
-12.1471632,-10.0
0.3332605,0.3332605
10.0678373,-10.0
0.3930419,0.3930419
-1.5948976,-1.5948976
-3.3644728,-3.3644728
1.0072595,1.0072595
-1.723754,-1.723754
-0.5445029,-0.5445029
-1.4644733,-1.4644733
-0.9993971,-0.9993971
-2.0387438,-2.0387438
0.492293,0.492293
-1.2373437,-1.2373437
-0.6104316,-0.6104316
-0.4576607,-0.4576607
-2.0426331,-2.0426331
-0.4522565,-0.4522565
0.5230741,0.5230741
-2.0793259,-2.0793259
-0.0597814,-0.0597814
9.6747954,9.6747954
-0.3930419,-0.3930419
-1.9879395,-1.9879395
-3.7575147,-3.7575147
0.6142176,0.6142176
-2.1167959,-2.1167959
-0.9375448,-0.9375448
-1.8575152,-1.8575152
-1.392439,-1.392439
-2.4317857,-2.4317857
0.0992511,0.0992511
-1.6303856,-1.6303856
-1.0034735,-1.0034735
-0.8507026,-0.8507026
-2.435675,-2.435675
-0.8452984,-0.8452984
0.1300322,0.1300322
-2.4723678,-2.4723678
1.9281581,1.9281581
11.6627349,-10.0
1.5948976,1.5948976
1.9879395,1.9879395
-1.7695752,-1.7695752
2.6021571,2.6021571
-0.1288564,-0.1288564
1.0503947,1.0503947
0.1304243,0.1304243
0.5955005,0.5955005
-0.4438462,-0.4438462
2.0871906,2.0871906
0.3575539,0.3575539
0.984466,0.984466
1.1372369,1.1372369
-0.4477355,-0.4477355
1.1426411,1.1426411
2.1179717,2.1179717
-0.4844283,-0.4844283
3.6977333,3.6977333
13.4323101,-10.0
3.3644728,3.3644728
3.7575147,3.7575147
1.7695752,1.7695752
4.3717323,4.3717323
1.6407188,1.6407188
2.8199699,2.8199699
1.8999995,1.8999995
2.3650757,2.3650757
1.325729,1.325729
3.8567658,3.8567658
2.1271291,2.1271291
2.7540412,2.7540412
2.9068121,2.9068121
1.3218397,1.3218397
2.9122163,2.9122163
3.8875469,3.8875469
1.2851469,1.2851469
-0.673999,-0.673999
9.0605778,9.0605778
-1.0072595,-1.0072595
-0.6142176,-0.6142176
-2.6021571,-2.6021571
-4.3717323,-4.3717323
-2.7310135,-2.7310135
-1.5517624,-1.5517624
-2.4717328,-2.4717328
-2.0066566,-2.0066566
-3.0460033,-3.0460033
-0.5149665,-0.5149665
-2.2446032,-2.2446032
-1.6176911,-1.6176911
-1.4649202,-1.4649202
-3.0498926,-3.0498926
-1.459516,-1.459516
-0.4841854,-0.4841854
-3.0865854,-3.0865854
2.0570145,2.0570145
11.7915913,-10.0
1.723754,1.723754
2.1167959,2.1167959
0.1288564,0.1288564
-1.6407188,-1.6407188
2.7310135,2.7310135
1.1792511,1.1792511
0.2592807,0.2592807
0.7243569,0.7243569
-0.3149898,-0.3149898
2.216047,2.216047
0.4864103,0.4864103
1.1133224,1.1133224
1.2660933,1.2660933
-0.3188791,-0.3188791
1.2714975,1.2714975
2.2468281,2.2468281
-0.3555719,-0.3555719
0.8777634,0.8777634
10.6123402,-10.0
0.5445029,0.5445029
0.9375448,0.9375448
-1.0503947,-1.0503947
-2.8199699,-2.8199699
1.5517624,1.5517624
-1.1792511,-1.1792511
-0.9199704,-0.9199704
-0.4548942,-0.4548942
-1.4942409,-1.4942409
1.0367959,1.0367959
-0.6928408,-0.6928408
-0.0659287,-0.0659287
0.0868422,0.0868422
-1.4981302,-1.4981302
0.0922464,0.0922464
1.067577,1.067577
-1.534823,-1.534823
1.7977338,1.7977338
11.5323106,-10.0
1.4644733,1.4644733
1.8575152,1.8575152
-0.1304243,-0.1304243
-1.8999995,-1.8999995
2.4717328,2.4717328
-0.2592807,-0.2592807
0.9199704,0.9199704
0.4650762,0.4650762
-0.5742705,-0.5742705
1.9567663,1.9567663
0.2271296,0.2271296
0.8540417,0.8540417
1.0068126,1.0068126
-0.5781598,-0.5781598
1.0122168,1.0122168
1.9875474,1.9875474
-0.6148526,-0.6148526
1.3326576,1.3326576
11.0672344,-10.0
0.9993971,0.9993971
1.392439,1.392439
-0.5955005,-0.5955005
-2.3650757,-2.3650757
2.0066566,2.0066566
-0.7243569,-0.7243569
0.4548942,0.4548942
-0.4650762,-0.4650762
-1.0393467,-1.0393467
1.4916901,1.4916901
-0.2379466,-0.2379466
0.3889655,0.3889655
0.5417364,0.5417364
-1.043236,-1.043236
0.5471406,0.5471406
1.5224712,1.5224712
-1.0799288,-1.0799288
2.3720043,2.3720043
12.1065811,-10.0
2.0387438,2.0387438
2.4317857,2.4317857
0.4438462,0.4438462
-1.325729,-1.325729
3.0460033,3.0460033
0.3149898,0.3149898
1.4942409,1.4942409
0.5742705,0.5742705
1.0393467,1.0393467
2.5310368,2.5310368
0.8014001,0.8014001
1.4283122,1.4283122
1.5810831,1.5810831
-0.0038893,-0.0038893
1.5864873,1.5864873
2.5618179,2.5618179
-0.0405821,-0.0405821
-0.1590325,-0.1590325
9.5755443,9.5755443
-0.492293,-0.492293
-0.0992511,-0.0992511
-2.0871906,-2.0871906
-3.8567658,-3.8567658
0.5149665,0.5149665
-2.216047,-2.216047
-1.0367959,-1.0367959
-1.9567663,-1.9567663
-1.4916901,-1.4916901
-2.5310368,-2.5310368
-1.7296367,-1.7296367
-1.1027246,-1.1027246
-0.9499537,-0.9499537
-2.5349261,-2.5349261
-0.9445495,-0.9445495
0.0307811,0.0307811
-2.5716189,-2.5716189
1.5706042,1.5706042
11.305181,-10.0
1.2373437,1.2373437
1.6303856,1.6303856
-0.3575539,-0.3575539
-2.1271291,-2.1271291
2.2446032,2.2446032
-0.4864103,-0.4864103
0.6928408,0.6928408
-0.2271296,-0.2271296
0.2379466,0.2379466
-0.8014001,-0.8014001
1.7296367,1.7296367
0.6269121,0.6269121
0.779683,0.779683
-0.8052894,-0.8052894
0.7850872,0.7850872
1.7604178,1.7604178
-0.8419822,-0.8419822
0.9436921,0.9436921
10.6782689,-10.0
0.6104316,0.6104316
1.0034735,1.0034735
-0.984466,-0.984466
-2.7540412,-2.7540412
1.6176911,1.6176911
-1.1133224,-1.1133224
0.0659287,0.0659287
-0.8540417,-0.8540417
-0.3889655,-0.3889655
-1.4283122,-1.4283122
1.1027246,1.1027246
-0.6269121,-0.6269121
0.1527709,0.1527709
-1.4322015,-1.4322015
0.1581751,0.1581751
1.1335057,1.1335057
-1.4688943,-1.4688943
0.7909212,0.7909212
10.525498,-10.0
0.4576607,0.4576607
0.8507026,0.8507026
-1.1372369,-1.1372369
-2.9068121,-2.9068121
1.4649202,1.4649202
-1.2660933,-1.2660933
-0.0868422,-0.0868422
-1.0068126,-1.0068126
-0.5417364,-0.5417364
-1.5810831,-1.5810831
0.9499537,0.9499537
-0.779683,-0.779683
-0.1527709,-0.1527709
-1.5849724,-1.5849724
0.0054042,0.0054042
0.9807348,0.9807348
-1.6216652,-1.6216652
2.3758936,2.3758936
12.1104704,-10.0
2.0426331,2.0426331
2.435675,2.435675
0.4477355,0.4477355
-1.3218397,-1.3218397
3.0498926,3.0498926
0.3188791,0.3188791
1.4981302,1.4981302
0.5781598,0.5781598
1.043236,1.043236
0.0038893,0.0038893
2.5349261,2.5349261
0.8052894,0.8052894
1.4322015,1.4322015
1.5849724,1.5849724
1.5903766,1.5903766
2.5657072,2.5657072
-0.0366928,-0.0366928
0.785517,0.785517
10.5200938,-10.0
0.4522565,0.4522565
0.8452984,0.8452984
-1.1426411,-1.1426411
-2.9122163,-2.9122163
1.459516,1.459516
-1.2714975,-1.2714975
-0.0922464,-0.0922464
-1.0122168,-1.0122168
-0.5471406,-0.5471406
-1.5864873,-1.5864873
0.9445495,0.9445495
-0.7850872,-0.7850872
-0.1581751,-0.1581751
-0.0054042,-0.0054042
-1.5903766,-1.5903766
0.9753306,0.9753306
-1.6270694,-1.6270694
-0.1898136,-0.1898136
9.5447632,9.5447632
-0.5230741,-0.5230741
-0.1300322,-0.1300322
-2.1179717,-2.1179717
-3.8875469,-3.8875469
0.4841854,0.4841854
-2.2468281,-2.2468281
-1.067577,-1.067577
-1.9875474,-1.9875474
-1.5224712,-1.5224712
-2.5618179,-2.5618179
-0.0307811,-0.0307811
-1.7604178,-1.7604178
-1.1335057,-1.1335057
-0.9807348,-0.9807348
-2.5657072,-2.5657072
-0.9753306,-0.9753306
-2.6024,-2.6024
2.4125864,2.4125864
12.1471632,-10.0
2.0793259,2.0793259
2.4723678,2.4723678
0.4844283,0.4844283
-1.2851469,-1.2851469
3.0865854,3.0865854
0.3555719,0.3555719
1.534823,1.534823
0.6148526,0.6148526
1.0799288,1.0799288
0.0405821,0.0405821
2.5716189,2.5716189
0.8419822,0.8419822
1.4688943,1.4688943
1.6216652,1.6216652
0.0366928,0.0366928
1.6270694,1.6270694
2.6024,2.6024
2.2040806,2.2040806
2.7162195,2.7162195
5.314843,5.314843
-0.2084634,-0.2084634
1.6751485,1.6751485
1.7378951,1.7378951
-0.4459892,-0.4459892
0.6213349,0.6213349
-0.6004469,-0.6004469
0.3990217,0.3990217
1.5996244,1.5996244
2.81045,2.81045
1.5116718,1.5116718
1.6236811,1.6236811
2.4046006,2.4046006
1.1773379,1.1773379
0.0931149,0.0931149
-2.1695688,-2.1695688
0.2622512,0.2622512
-2.2040806,-2.2040806
0.5121389,0.5121389
3.1107624,3.1107624
-2.412544,-2.412544
-0.5289321,-0.5289321
-0.4661855,-0.4661855
-2.6500698,-2.6500698
-1.5827457,-1.5827457
-2.8045275,-2.8045275
-1.8050589,-1.8050589
-0.6044562,-0.6044562
0.6063694,0.6063694
-0.6924088,-0.6924088
-0.5803995,-0.5803995
0.20052,0.20052
-1.0267427,-1.0267427
-2.1109657,-2.1109657
-4.3736494,-4.3736494
-1.9418294,-1.9418294
-2.7162195,-2.7162195
-0.5121389,-0.5121389
2.5986235,2.5986235
-2.9246829,-2.9246829
-1.041071,-1.041071
-0.9783244,-0.9783244
-3.1622087,-3.1622087
-2.0948846,-2.0948846
-3.3166664,-3.3166664
-2.3171978,-2.3171978
-1.1165951,-1.1165951
0.0942305,0.0942305
-1.2045477,-1.2045477
-1.0925384,-1.0925384
-0.3116189,-0.3116189
-1.5388816,-1.5388816
-2.6231046,-2.6231046
-4.8857883,-4.8857883
-2.4539683,-2.4539683
-5.314843,-5.314843
-3.1107624,-3.1107624
-2.5986235,-2.5986235
-5.5233064,-5.5233064
-3.6396945,-3.6396945
-3.5769479,-3.5769479
-5.7608322,-5.7608322
-4.6935081,-4.6935081
-5.9152899,-5.9152899
-4.9158213,-4.9158213
-3.7152186,-3.7152186
-2.504393,-2.504393
-3.8031712,-3.8031712
-3.6911619,-3.6911619
-2.9102424,-2.9102424
-4.1375051,-4.1375051
-5.2217281,-5.2217281
-7.4844118,-7.4844118
-5.0525918,-5.0525918
0.2084634,0.2084634
2.412544,2.412544
2.9246829,2.9246829
5.5233064,5.5233064
1.8836119,1.8836119
1.9463585,1.9463585
-0.2375258,-0.2375258
0.8297983,0.8297983
-0.3919835,-0.3919835
0.6074851,0.6074851
1.8080878,1.8080878
3.0189134,3.0189134
1.7201352,1.7201352
1.8321445,1.8321445
2.613064,2.613064
1.3858013,1.3858013
0.3015783,0.3015783
-1.9611054,-1.9611054
0.4707146,0.4707146
-1.6751485,-1.6751485
0.5289321,0.5289321
1.041071,1.041071
3.6396945,3.6396945
-1.8836119,-1.8836119
0.0627466,0.0627466
-2.1211377,-2.1211377
-1.0538136,-1.0538136
-2.2755954,-2.2755954
-1.2761268,-1.2761268
-0.0755241,-0.0755241
1.1353015,1.1353015
-0.1634767,-0.1634767
-0.0514674,-0.0514674
0.7294521,0.7294521
-0.4978106,-0.4978106
-1.5820336,-1.5820336
-3.8447173,-3.8447173
-1.4128973,-1.4128973
-1.7378951,-1.7378951
0.4661855,0.4661855
0.9783244,0.9783244
3.5769479,3.5769479
-1.9463585,-1.9463585
-0.0627466,-0.0627466
-2.1838843,-2.1838843
-1.1165602,-1.1165602
-2.338342,-2.338342
-1.3388734,-1.3388734
-0.1382707,-0.1382707
1.0725549,1.0725549
-0.2262233,-0.2262233
-0.114214,-0.114214
0.6667055,0.6667055
-0.5605572,-0.5605572
-1.6447802,-1.6447802
-3.9074639,-3.9074639
-1.4756439,-1.4756439
0.4459892,0.4459892
2.6500698,2.6500698
3.1622087,3.1622087
5.7608322,5.7608322
0.2375258,0.2375258
2.1211377,2.1211377
2.1838843,2.1838843
1.0673241,1.0673241
-0.1544577,-0.1544577
0.8450109,0.8450109
2.0456136,2.0456136
3.2564392,3.2564392
1.957661,1.957661
2.0696703,2.0696703
2.8505898,2.8505898
1.6233271,1.6233271
0.5391041,0.5391041
-1.7235796,-1.7235796
0.7082404,0.7082404
-0.6213349,-0.6213349
1.5827457,1.5827457
2.0948846,2.0948846
4.6935081,4.6935081
-0.8297983,-0.8297983
1.0538136,1.0538136
1.1165602,1.1165602
-1.0673241,-1.0673241
-1.2217818,-1.2217818
-0.2223132,-0.2223132
0.9782895,0.9782895
2.1891151,2.1891151
0.8903369,0.8903369
1.0023462,1.0023462
1.7832657,1.7832657
0.556003,0.556003
-0.52822,-0.52822
-2.7909037,-2.7909037
-0.3590837,-0.3590837
0.6004469,0.6004469
2.8045275,2.8045275
3.3166664,3.3166664
5.9152899,5.9152899
0.3919835,0.3919835
2.2755954,2.2755954
2.338342,2.338342
0.1544577,0.1544577
1.2217818,1.2217818
0.9994686,0.9994686
2.2000713,2.2000713
3.4108969,3.4108969
2.1121187,2.1121187
2.224128,2.224128
3.0050475,3.0050475
1.7777848,1.7777848
0.6935618,0.6935618
-1.5691219,-1.5691219
0.8626981,0.8626981
-0.3990217,-0.3990217
1.8050589,1.8050589
2.3171978,2.3171978
4.9158213,4.9158213
-0.6074851,-0.6074851
1.2761268,1.2761268
1.3388734,1.3388734
-0.8450109,-0.8450109
0.2223132,0.2223132
-0.9994686,-0.9994686
1.2006027,1.2006027
2.4114283,2.4114283
1.1126501,1.1126501
1.2246594,1.2246594
2.0055789,2.0055789
0.7783162,0.7783162
-0.3059068,-0.3059068
-2.5685905,-2.5685905
-0.1367705,-0.1367705
-1.5996244,-1.5996244
0.6044562,0.6044562
1.1165951,1.1165951
3.7152186,3.7152186
-1.8080878,-1.8080878
0.0755241,0.0755241
0.1382707,0.1382707
-2.0456136,-2.0456136
-0.9782895,-0.9782895
-2.2000713,-2.2000713
-1.2006027,-1.2006027
1.2108256,1.2108256
-0.0879526,-0.0879526
0.0240567,0.0240567
0.8049762,0.8049762
-0.4222865,-0.4222865
-1.5065095,-1.5065095
-3.7691932,-3.7691932
-1.3373732,-1.3373732
-2.81045,-2.81045
-0.6063694,-0.6063694
-0.0942305,-0.0942305
2.504393,2.504393
-3.0189134,-3.0189134
-1.1353015,-1.1353015
-1.0725549,-1.0725549
-3.2564392,-3.2564392
-2.1891151,-2.1891151
-3.4108969,-3.4108969
-2.4114283,-2.4114283
-1.2108256,-1.2108256
-1.2987782,-1.2987782
-1.1867689,-1.1867689
-0.4058494,-0.4058494
-1.6331121,-1.6331121
-2.7173351,-2.7173351
-4.9800188,-4.9800188
-2.5481988,-2.5481988
-1.5116718,-1.5116718
0.6924088,0.6924088
1.2045477,1.2045477
3.8031712,3.8031712
-1.7201352,-1.7201352
0.1634767,0.1634767
0.2262233,0.2262233
-1.957661,-1.957661
-0.8903369,-0.8903369
-2.1121187,-2.1121187
-1.1126501,-1.1126501
0.0879526,0.0879526
1.2987782,1.2987782
0.1120093,0.1120093
0.8929288,0.8929288
-0.3343339,-0.3343339
-1.4185569,-1.4185569
-3.6812406,-3.6812406
-1.2494206,-1.2494206
-1.6236811,-1.6236811
0.5803995,0.5803995
1.0925384,1.0925384
3.6911619,3.6911619
-1.8321445,-1.8321445
0.0514674,0.0514674
0.114214,0.114214
-2.0696703,-2.0696703
-1.0023462,-1.0023462
-2.224128,-2.224128
-1.2246594,-1.2246594
-0.0240567,-0.0240567
1.1867689,1.1867689
-0.1120093,-0.1120093
0.7809195,0.7809195
-0.4463432,-0.4463432
-1.5305662,-1.5305662
-3.7932499,-3.7932499
-1.3614299,-1.3614299
-2.4046006,-2.4046006
-0.20052,-0.20052
0.3116189,0.3116189
2.9102424,2.9102424
-2.613064,-2.613064
-0.7294521,-0.7294521
-0.6667055,-0.6667055
-2.8505898,-2.8505898
-1.7832657,-1.7832657
-3.0050475,-3.0050475
-2.0055789,-2.0055789
-0.8049762,-0.8049762
0.4058494,0.4058494
-0.8929288,-0.8929288
-0.7809195,-0.7809195
-1.2272627,-1.2272627
-2.3114857,-2.3114857
-4.5741694,-4.5741694
-2.1423494,-2.1423494
-1.1773379,-1.1773379
1.0267427,1.0267427
1.5388816,1.5388816
4.1375051,4.1375051
-1.3858013,-1.3858013
0.4978106,0.4978106
0.5605572,0.5605572
-1.6233271,-1.6233271
-0.556003,-0.556003
-1.7777848,-1.7777848
-0.7783162,-0.7783162
0.4222865,0.4222865
1.6331121,1.6331121
0.3343339,0.3343339
0.4463432,0.4463432
1.2272627,1.2272627
-1.084223,-1.084223
-3.3469067,-3.3469067
-0.9150867,-0.9150867
-0.0931149,-0.0931149
2.1109657,2.1109657
2.6231046,2.6231046
5.2217281,5.2217281
-0.3015783,-0.3015783
1.5820336,1.5820336
1.6447802,1.6447802
-0.5391041,-0.5391041
0.52822,0.52822
-0.6935618,-0.6935618
0.3059068,0.3059068
1.5065095,1.5065095
2.7173351,2.7173351
1.4185569,1.4185569
1.5305662,1.5305662
2.3114857,2.3114857
1.084223,1.084223
-2.2626837,-2.2626837
0.1691363,0.1691363
2.1695688,2.1695688
4.3736494,4.3736494
4.8857883,4.8857883
7.4844118,7.4844118
1.9611054,1.9611054
3.8447173,3.8447173
3.9074639,3.9074639
1.7235796,1.7235796
2.7909037,2.7909037
1.5691219,1.5691219
2.5685905,2.5685905
3.7691932,3.7691932
4.9800188,4.9800188
3.6812406,3.6812406
3.7932499,3.7932499
4.5741694,4.5741694
3.3469067,3.3469067
2.2626837,2.2626837
2.43182,2.43182
-0.2622512,-0.2622512
1.9418294,1.9418294
2.4539683,2.4539683
5.0525918,5.0525918
-0.4707146,-0.4707146
1.4128973,1.4128973
1.4756439,1.4756439
-0.7082404,-0.7082404
0.3590837,0.3590837
-0.8626981,-0.8626981
0.1367705,0.1367705
1.3373732,1.3373732
2.5481988,2.5481988
1.2494206,1.2494206
1.3614299,1.3614299
2.1423494,2.1423494
0.9150867,0.9150867
-0.1691363,-0.1691363
-2.43182,-2.43182
2.484187,2.484187
1.9302981,1.9302981
2.6501802,2.6501802
-0.131892,-0.131892
0.4290114,0.4290114
5.2602867,5.2602867
0.5716053,0.5716053
2.3548771,2.3548771
0.6526598,0.6526598
-1.1965763,-1.1965763
0.5498453,0.5498453
0.9949411,0.9949411
0.7074324,0.7074324
3.5632234,3.5632234
0.1223719,0.1223719
-0.3258458,-0.3258458
0.2192276,0.2192276
-3.4528979,-3.4528979
15.3222889,-10.0
-2.484187,-2.484187
-0.5538889,-0.5538889
0.1659932,0.1659932
-2.616079,-2.616079
-2.0551756,-2.0551756
2.7760997,2.7760997
-1.9125817,-1.9125817
-0.1293099,-0.1293099
-1.8315272,-1.8315272
-3.6807633,-3.6807633
-1.9343417,-1.9343417
-1.4892459,-1.4892459
-1.7767546,-1.7767546
1.0790364,1.0790364
-2.3618151,-2.3618151
-2.8100328,-2.8100328
-2.2649594,-2.2649594
-5.9370849,-5.9370849
12.8381019,-10.0
-1.9302981,-1.9302981
0.5538889,0.5538889
0.7198821,0.7198821
-2.0621901,-2.0621901
-1.5012867,-1.5012867
3.3299886,3.3299886
-1.3586928,-1.3586928
0.424579,0.424579
-1.2776383,-1.2776383
-3.1268744,-3.1268744
-1.3804528,-1.3804528
-0.935357,-0.935357
-1.2228657,-1.2228657
1.6329253,1.6329253
-1.8079262,-1.8079262
-2.2561439,-2.2561439
-1.7110705,-1.7110705
-5.383196,-5.383196
13.3919908,-10.0
-2.6501802,-2.6501802
-0.1659932,-0.1659932
-0.7198821,-0.7198821
-2.7820722,-2.7820722
-2.2211688,-2.2211688
2.6101065,2.6101065
-2.0785749,-2.0785749
-0.2953031,-0.2953031
-1.9975204,-1.9975204
-3.8467565,-3.8467565
-2.1003349,-2.1003349
-1.6552391,-1.6552391
-1.9427478,-1.9427478
0.9130432,0.9130432
-2.5278083,-2.5278083
-2.976026,-2.976026
-2.4309526,-2.4309526
-6.1030781,-6.1030781
12.6721087,-10.0
0.131892,0.131892
2.616079,2.616079
2.0621901,2.0621901
2.7820722,2.7820722
0.5609034,0.5609034
5.3921787,5.3921787
0.7034973,0.7034973
2.4867691,2.4867691
0.7845518,0.7845518
-1.0646843,-1.0646843
0.6817373,0.6817373
1.1268331,1.1268331
0.8393244,0.8393244
3.6951154,3.6951154
0.2542639,0.2542639
-0.1939538,-0.1939538
0.3511196,0.3511196
-3.3210059,-3.3210059
15.4541809,-10.0
-0.4290114,-0.4290114
2.0551756,2.0551756
1.5012867,1.5012867
2.2211688,2.2211688
-0.5609034,-0.5609034
4.8312753,4.8312753
0.1425939,0.1425939
1.9258657,1.9258657
0.2236484,0.2236484
-1.6255877,-1.6255877
0.1208339,0.1208339
0.5659297,0.5659297
0.278421,0.278421
3.134212,3.134212
-0.3066395,-0.3066395
-0.7548572,-0.7548572
-0.2097838,-0.2097838
-3.8819093,-3.8819093
14.8932775,-10.0
-5.2602867,-5.2602867
-2.7760997,-2.7760997
-3.3299886,-3.3299886
-2.6101065,-2.6101065
-5.3921787,-5.3921787
-4.8312753,-4.8312753
-4.6886814,-4.6886814
-2.9054096,-2.9054096
-4.6076269,-4.6076269
-6.456863,-6.456863
-4.7104414,-4.7104414
-4.2653456,-4.2653456
-4.5528543,-4.5528543
-1.6970633,-1.6970633
-5.1379148,-5.1379148
-5.5861325,-5.5861325
-5.0410591,-5.0410591
-8.7131846,-8.7131846
10.0620022,-10.0
-0.5716053,-0.5716053
1.9125817,1.9125817
1.3586928,1.3586928
2.0785749,2.0785749
-0.7034973,-0.7034973
-0.1425939,-0.1425939
4.6886814,4.6886814
1.7832718,1.7832718
0.0810545,0.0810545
-1.7681816,-1.7681816
-0.02176,-0.02176
0.4233358,0.4233358
0.1358271,0.1358271
2.9916181,2.9916181
-0.4492334,-0.4492334
-0.8974511,-0.8974511
-0.3523777,-0.3523777
-4.0245032,-4.0245032
14.7506836,-10.0
-2.3548771,-2.3548771
0.1293099,0.1293099
-0.424579,-0.424579
0.2953031,0.2953031
-2.4867691,-2.4867691
-1.9258657,-1.9258657
2.9054096,2.9054096
-1.7832718,-1.7832718
-1.7022173,-1.7022173
-3.5514534,-3.5514534
-1.8050318,-1.8050318
-1.359936,-1.359936
-1.6474447,-1.6474447
1.2083463,1.2083463
-2.2325052,-2.2325052
-2.6807229,-2.6807229
-2.1356495,-2.1356495
-5.807775,-5.807775
12.9674118,-10.0
-0.6526598,-0.6526598
1.8315272,1.8315272
1.2776383,1.2776383
1.9975204,1.9975204
-0.7845518,-0.7845518
-0.2236484,-0.2236484
4.6076269,4.6076269
-0.0810545,-0.0810545
1.7022173,1.7022173
-1.8492361,-1.8492361
-0.1028145,-0.1028145
0.3422813,0.3422813
0.0547726,0.0547726
2.9105636,2.9105636
-0.5302879,-0.5302879
-0.9785056,-0.9785056
-0.4334322,-0.4334322
-4.1055577,-4.1055577
14.6696291,-10.0
1.1965763,1.1965763
3.6807633,3.6807633
3.1268744,3.1268744
3.8467565,3.8467565
1.0646843,1.0646843
1.6255877,1.6255877
6.456863,6.456863
1.7681816,1.7681816
3.5514534,3.5514534
1.8492361,1.8492361
1.7464216,1.7464216
2.1915174,2.1915174
1.9040087,1.9040087
4.7597997,4.7597997
1.3189482,1.3189482
0.8707305,0.8707305
1.4158039,1.4158039
-2.2563216,-2.2563216
16.5188652,-10.0
-0.5498453,-0.5498453
1.9343417,1.9343417
1.3804528,1.3804528
2.1003349,2.1003349
-0.6817373,-0.6817373
-0.1208339,-0.1208339
4.7104414,4.7104414
0.02176,0.02176
1.8050318,1.8050318
0.1028145,0.1028145
-1.7464216,-1.7464216
0.4450958,0.4450958
0.1575871,0.1575871
3.0133781,3.0133781
-0.4274734,-0.4274734
-0.8756911,-0.8756911
-0.3306177,-0.3306177
-4.0027432,-4.0027432
14.7724436,-10.0
-0.9949411,-0.9949411
1.4892459,1.4892459
0.935357,0.935357
1.6552391,1.6552391
-1.1268331,-1.1268331
-0.5659297,-0.5659297
4.2653456,4.2653456
-0.4233358,-0.4233358
1.359936,1.359936
-0.3422813,-0.3422813
-2.1915174,-2.1915174
-0.4450958,-0.4450958
-0.2875087,-0.2875087
2.5682823,2.5682823
-0.8725692,-0.8725692
-1.3207869,-1.3207869
-0.7757135,-0.7757135
-4.447839,-4.447839
14.3273478,-10.0
-0.7074324,-0.7074324
1.7767546,1.7767546
1.2228657,1.2228657
1.9427478,1.9427478
-0.8393244,-0.8393244
-0.278421,-0.278421
4.5528543,4.5528543
-0.1358271,-0.1358271
1.6474447,1.6474447
-0.0547726,-0.0547726
-1.9040087,-1.9040087
-0.1575871,-0.1575871
0.2875087,0.2875087
2.855791,2.855791
-0.5850605,-0.5850605
-1.0332782,-1.0332782
-0.4882048,-0.4882048
-4.1603303,-4.1603303
14.6148565,-10.0
-3.5632234,-3.5632234
-1.0790364,-1.0790364
-1.6329253,-1.6329253
-0.9130432,-0.9130432
-3.6951154,-3.6951154
-3.134212,-3.134212
1.6970633,1.6970633
-2.9916181,-2.9916181
-1.2083463,-1.2083463
-2.9105636,-2.9105636
-4.7597997,-4.7597997
-3.0133781,-3.0133781
-2.5682823,-2.5682823
-2.855791,-2.855791
-3.4408515,-3.4408515
-3.8890692,-3.8890692
-3.3439958,-3.3439958
-7.0161213,-7.0161213
11.7590655,-10.0
-0.1223719,-0.1223719
2.3618151,2.3618151
1.8079262,1.8079262
2.5278083,2.5278083
-0.2542639,-0.2542639
0.3066395,0.3066395
5.1379148,5.1379148
0.4492334,0.4492334
2.2325052,2.2325052
0.5302879,0.5302879
-1.3189482,-1.3189482
0.4274734,0.4274734
0.8725692,0.8725692
0.5850605,0.5850605
3.4408515,3.4408515
-0.4482177,-0.4482177
0.0968557,0.0968557
-3.5752698,-3.5752698
15.199917,-10.0
0.3258458,0.3258458
2.8100328,2.8100328
2.2561439,2.2561439
2.976026,2.976026
0.1939538,0.1939538
0.7548572,0.7548572
5.5861325,5.5861325
0.8974511,0.8974511
2.6807229,2.6807229
0.9785056,0.9785056
-0.8707305,-0.8707305
0.8756911,0.8756911
1.3207869,1.3207869
1.0332782,1.0332782
3.8890692,3.8890692
0.4482177,0.4482177
0.5450734,0.5450734
-3.1270521,-3.1270521
15.6481347,-10.0
-0.2192276,-0.2192276
2.2649594,2.2649594
1.7110705,1.7110705
2.4309526,2.4309526
-0.3511196,-0.3511196
0.2097838,0.2097838
5.0410591,5.0410591
0.3523777,0.3523777
2.1356495,2.1356495
0.4334322,0.4334322
-1.4158039,-1.4158039
0.3306177,0.3306177
0.7757135,0.7757135
0.4882048,0.4882048
3.3439958,3.3439958
-0.0968557,-0.0968557
-0.5450734,-0.5450734
-3.6721255,-3.6721255
15.1030613,-10.0
3.4528979,3.4528979
5.9370849,5.9370849
5.383196,5.383196
6.1030781,6.1030781
3.3210059,3.3210059
3.8819093,3.8819093
8.7131846,8.7131846
4.0245032,4.0245032
5.807775,5.807775
4.1055577,4.1055577
2.2563216,2.2563216
4.0027432,4.0027432
4.447839,4.447839
4.1603303,4.1603303
7.0161213,7.0161213
3.5752698,3.5752698
3.1270521,3.1270521
3.6721255,3.6721255
18.7751868,-10.0
-15.3222889,-10.0
-12.8381019,-10.0
-13.3919908,-10.0
-12.6721087,-10.0
-15.4541809,-10.0
-14.8932775,-10.0
-10.0620022,-10.0
-14.7506836,-10.0
-12.9674118,-10.0
-14.6696291,-10.0
-16.5188652,-10.0
-14.7724436,-10.0
-14.3273478,-10.0
-14.6148565,-10.0
-11.7590655,-10.0
-15.199917,-10.0
-15.6481347,-10.0
-15.1030613,-10.0
-18.7751868,-10.0
5.6502883,5.6502883
1.5984472,1.5984472
1.8355706,1.8355706
1.8265382,1.8265382
0.6104377,0.6104377
0.8683637,0.8683637
1.1900743,1.1900743
-2.7647501,-2.7647501
0.8752209,0.8752209
-0.7399385,-0.7399385
-1.0425784,-1.0425784
-0.1998908,-0.1998908
-1.2606277,-1.2606277
-1.5562305,-1.5562305
-0.4546329,-0.4546329
0.4626242,0.4626242
1.224075,1.224075
9.9243616,9.9243616
3.180863,3.180863
-5.6502883,-5.6502883
-4.0518411,-4.0518411
-3.8147177,-3.8147177
-3.8237501,-3.8237501
-5.0398506,-5.0398506
-4.7819246,-4.7819246
-4.460214,-4.460214
-8.4150384,-8.4150384
-4.7750674,-4.7750674
-6.3902268,-6.3902268
-6.6928667,-6.6928667
-5.8501791,-5.8501791
-6.910916,-6.910916
-7.2065188,-7.2065188
-6.1049212,-6.1049212
-5.1876641,-5.1876641
-4.4262133,-4.4262133
4.2740733,4.2740733
-2.4694253,-2.4694253
-1.5984472,-1.5984472
4.0518411,4.0518411
0.2371234,0.2371234
0.228091,0.228091
-0.9880095,-0.9880095
-0.7300835,-0.7300835
-0.4083729,-0.4083729
-4.3631973,-4.3631973
-0.7232263,-0.7232263
-2.3383857,-2.3383857
-2.6410256,-2.6410256
-1.798338,-1.798338
-2.8590749,-2.8590749
-3.1546777,-3.1546777
-2.0530801,-2.0530801
-1.135823,-1.135823
-0.3743722,-0.3743722
8.3259144,8.3259144
1.5824158,1.5824158
-1.8355706,-1.8355706
3.8147177,3.8147177
-0.2371234,-0.2371234
-0.0090324,-0.0090324
-1.2251329,-1.2251329
-0.9672069,-0.9672069
-0.6454963,-0.6454963
-4.6003207,-4.6003207
-0.9603497,-0.9603497
-2.5755091,-2.5755091
-2.878149,-2.878149
-2.0354614,-2.0354614
-3.0961983,-3.0961983
-3.3918011,-3.3918011
-2.2902035,-2.2902035
-1.3729464,-1.3729464
-0.6114956,-0.6114956
8.088791,8.088791
1.3452924,1.3452924
-1.8265382,-1.8265382
3.8237501,3.8237501
-0.228091,-0.228091
0.0090324,0.0090324
-1.2161005,-1.2161005
-0.9581745,-0.9581745
-0.6364639,-0.6364639
-4.5912883,-4.5912883
-0.9513173,-0.9513173
-2.5664767,-2.5664767
-2.8691166,-2.8691166
-2.026429,-2.026429
-3.0871659,-3.0871659
-3.3827687,-3.3827687
-2.2811711,-2.2811711
-1.363914,-1.363914
-0.6024632,-0.6024632
8.0978234,8.0978234
1.3543248,1.3543248
-0.6104377,-0.6104377
5.0398506,5.0398506
0.9880095,0.9880095
1.2251329,1.2251329
1.2161005,1.2161005
0.257926,0.257926
0.5796366,0.5796366
-3.3751878,-3.3751878
0.2647832,0.2647832
-1.3503762,-1.3503762
-1.6530161,-1.6530161
-0.8103285,-0.8103285
-1.8710654,-1.8710654
-2.1666682,-2.1666682
-1.0650706,-1.0650706
-0.1478135,-0.1478135
0.6136373,0.6136373
9.3139239,9.3139239
2.5704253,2.5704253
-0.8683637,-0.8683637
4.7819246,4.7819246
0.7300835,0.7300835
0.9672069,0.9672069
0.9581745,0.9581745
-0.257926,-0.257926
0.3217106,0.3217106
-3.6331138,-3.6331138
0.0068572,0.0068572
-1.6083022,-1.6083022
-1.9109421,-1.9109421
-1.0682545,-1.0682545
-2.1289914,-2.1289914
-2.4245942,-2.4245942
-1.3229966,-1.3229966
-0.4057395,-0.4057395
0.3557113,0.3557113
9.0559979,9.0559979
2.3124993,2.3124993
-1.1900743,-1.1900743
4.460214,4.460214
0.4083729,0.4083729
0.6454963,0.6454963
0.6364639,0.6364639
-0.5796366,-0.5796366
-0.3217106,-0.3217106
-3.9548244,-3.9548244
-0.3148534,-0.3148534
-1.9300128,-1.9300128
-2.2326527,-2.2326527
-1.3899651,-1.3899651
-2.450702,-2.450702
-2.7463048,-2.7463048
-1.6447072,-1.6447072
-0.7274501,-0.7274501
0.0340007,0.0340007
8.7342873,8.7342873
1.9907887,1.9907887
2.7647501,2.7647501
8.4150384,8.4150384
4.3631973,4.3631973
4.6003207,4.6003207
4.5912883,4.5912883
3.3751878,3.3751878
3.6331138,3.6331138
3.9548244,3.9548244
3.639971,3.639971
2.0248116,2.0248116
1.7221717,1.7221717
2.5648593,2.5648593
1.5041224,1.5041224
1.2085196,1.2085196
2.3101172,2.3101172
3.2273743,3.2273743
3.9888251,3.9888251
12.6891117,-10.0
5.9456131,5.9456131
-0.8752209,-0.8752209
4.7750674,4.7750674
0.7232263,0.7232263
0.9603497,0.9603497
0.9513173,0.9513173
-0.2647832,-0.2647832
-0.0068572,-0.0068572
0.3148534,0.3148534
-3.639971,-3.639971
-1.6151594,-1.6151594
-1.9177993,-1.9177993
-1.0751117,-1.0751117
-2.1358486,-2.1358486
-2.4314514,-2.4314514
-1.3298538,-1.3298538
-0.4125967,-0.4125967
0.3488541,0.3488541
9.0491407,9.0491407
2.3056421,2.3056421
0.7399385,0.7399385
6.3902268,6.3902268
2.3383857,2.3383857
2.5755091,2.5755091
2.5664767,2.5664767
1.3503762,1.3503762
1.6083022,1.6083022
1.9300128,1.9300128
-2.0248116,-2.0248116
1.6151594,1.6151594
-0.3026399,-0.3026399
0.5400477,0.5400477
-0.5206892,-0.5206892
-0.816292,-0.816292
0.2853056,0.2853056
1.2025627,1.2025627
1.9640135,1.9640135
10.6643001,-10.0
3.9208015,3.9208015
1.0425784,1.0425784
6.6928667,6.6928667
2.6410256,2.6410256
2.878149,2.878149
2.8691166,2.8691166
1.6530161,1.6530161
1.9109421,1.9109421
2.2326527,2.2326527
-1.7221717,-1.7221717
1.9177993,1.9177993
0.3026399,0.3026399
0.8426876,0.8426876
-0.2180493,-0.2180493
-0.5136521,-0.5136521
0.5879455,0.5879455
1.5052026,1.5052026
2.2666534,2.2666534
10.96694,-10.0
4.2234414,4.2234414
0.1998908,0.1998908
5.8501791,5.8501791
1.798338,1.798338
2.0354614,2.0354614
2.026429,2.026429
0.8103285,0.8103285
1.0682545,1.0682545
1.3899651,1.3899651
-2.5648593,-2.5648593
1.0751117,1.0751117
-0.5400477,-0.5400477
-0.8426876,-0.8426876
-1.0607369,-1.0607369
-1.3563397,-1.3563397
-0.2547421,-0.2547421
0.662515,0.662515
1.4239658,1.4239658
10.1242524,-10.0
3.3807538,3.3807538
1.2606277,1.2606277
6.910916,6.910916
2.8590749,2.8590749
3.0961983,3.0961983
3.0871659,3.0871659
1.8710654,1.8710654
2.1289914,2.1289914
2.450702,2.450702
-1.5041224,-1.5041224
2.1358486,2.1358486
0.5206892,0.5206892
0.2180493,0.2180493
1.0607369,1.0607369
-0.2956028,-0.2956028
0.8059948,0.8059948
1.7232519,1.7232519
2.4847027,2.4847027
11.1849893,-10.0
4.4414907,4.4414907
1.5562305,1.5562305
7.2065188,7.2065188
3.1546777,3.1546777
3.3918011,3.3918011
3.3827687,3.3827687
2.1666682,2.1666682
2.4245942,2.4245942
2.7463048,2.7463048
-1.2085196,-1.2085196
2.4314514,2.4314514
0.816292,0.816292
0.5136521,0.5136521
1.3563397,1.3563397
0.2956028,0.2956028
1.1015976,1.1015976
2.0188547,2.0188547
2.7803055,2.7803055
11.4805921,-10.0
4.7370935,4.7370935
0.4546329,0.4546329
6.1049212,6.1049212
2.0530801,2.0530801
2.2902035,2.2902035
2.2811711,2.2811711
1.0650706,1.0650706
1.3229966,1.3229966
1.6447072,1.6447072
-2.3101172,-2.3101172
1.3298538,1.3298538
-0.2853056,-0.2853056
-0.5879455,-0.5879455
0.2547421,0.2547421
-0.8059948,-0.8059948
-1.1015976,-1.1015976
0.9172571,0.9172571
1.6787079,1.6787079
10.3789945,-10.0
3.6354959,3.6354959
-0.4626242,-0.4626242
5.1876641,5.1876641
1.135823,1.135823
1.3729464,1.3729464
1.363914,1.363914
0.1478135,0.1478135
0.4057395,0.4057395
0.7274501,0.7274501
-3.2273743,-3.2273743
0.4125967,0.4125967
-1.2025627,-1.2025627
-1.5052026,-1.5052026
-0.662515,-0.662515
-1.7232519,-1.7232519
-2.0188547,-2.0188547
-0.9172571,-0.9172571
0.7614508,0.7614508
9.4617374,9.4617374
2.7182388,2.7182388
-1.224075,-1.224075
4.4262133,4.4262133
0.3743722,0.3743722
0.6114956,0.6114956
0.6024632,0.6024632
-0.6136373,-0.6136373
-0.3557113,-0.3557113
-0.0340007,-0.0340007
-3.9888251,-3.9888251
-0.3488541,-0.3488541
-1.9640135,-1.9640135
-2.2666534,-2.2666534
-1.4239658,-1.4239658
-2.4847027,-2.4847027
-2.7803055,-2.7803055
-1.6787079,-1.6787079
-0.7614508,-0.7614508
8.7002866,8.7002866
1.956788,1.956788
-9.9243616,-9.9243616
-4.2740733,-4.2740733
-8.3259144,-8.3259144
-8.088791,-8.088791
-8.0978234,-8.0978234
-9.3139239,-9.3139239
-9.0559979,-9.0559979
-8.7342873,-8.7342873
-12.6891117,-10.0
-9.0491407,-9.0491407
-10.6643001,-10.0
-10.96694,-10.0
-10.1242524,-10.0
-11.1849893,-10.0
-11.4805921,-10.0
-10.3789945,-10.0
-9.4617374,-9.4617374
-8.7002866,-8.7002866
-6.7434986,-6.7434986
-3.180863,-3.180863
2.4694253,2.4694253
-1.5824158,-1.5824158
-1.3452924,-1.3452924
-1.3543248,-1.3543248
-2.5704253,-2.5704253
-2.3124993,-2.3124993
-1.9907887,-1.9907887
-5.9456131,-5.9456131
-2.3056421,-2.3056421
-3.9208015,-3.9208015
-4.2234414,-4.2234414
-3.3807538,-3.3807538
-4.4414907,-4.4414907
-4.7370935,-4.7370935
-3.6354959,-3.6354959
-2.7182388,-2.7182388
-1.956788,-1.956788
6.7434986,6.7434986
2.3563822,2.3563822
2.5752399,2.5752399
5.4581369,5.4581369
-1.0563919,-1.0563919
2.029741,2.029741
2.8137681,2.8137681
-1.5985837,-1.5985837
1.6023562,1.6023562
-0.5810854,-0.5810854
-0.3906866,-0.3906866
2.1677797,2.1677797
1.9306542,1.9306542
0.5988823,0.5988823
4.6403175,4.6403175
1.7509724,1.7509724
-0.4886689,-0.4886689
-0.6692001,-0.6692001
-0.8062512,-0.8062512
0.6070042,0.6070042
-2.3563822,-2.3563822
0.2188577,0.2188577
3.1017547,3.1017547
-3.4127741,-3.4127741
-0.3266412,-0.3266412
0.4573859,0.4573859
-3.9549659,-3.9549659
-0.754026,-0.754026
-2.9374676,-2.9374676
-2.7470688,-2.7470688
-0.1886025,-0.1886025
-0.425728,-0.425728
-1.7574999,-1.7574999
2.2839353,2.2839353
-0.6054098,-0.6054098
-2.8450511,-2.8450511
-3.0255823,-3.0255823
-3.1626334,-3.1626334
-1.749378,-1.749378
-2.5752399,-2.5752399
-0.2188577,-0.2188577
2.882897,2.882897
-3.6316318,-3.6316318
-0.5454989,-0.5454989
0.2385282,0.2385282
-4.1738236,-4.1738236
-0.9728837,-0.9728837
-3.1563253,-3.1563253
-2.9659265,-2.9659265
-0.4074602,-0.4074602
-0.6445857,-0.6445857
-1.9763576,-1.9763576
2.0650776,2.0650776
-0.8242675,-0.8242675
-3.0639088,-3.0639088
-3.24444,-3.24444
-3.3814911,-3.3814911
-1.9682357,-1.9682357
-5.4581369,-5.4581369
-3.1017547,-3.1017547
-2.882897,-2.882897
-6.5145288,-6.5145288
-3.4283959,-3.4283959
-2.6443688,-2.6443688
-7.0567206,-7.0567206
-3.8557807,-3.8557807
-6.0392223,-6.0392223
-5.8488235,-5.8488235
-3.2903572,-3.2903572
-3.5274827,-3.5274827
-4.8592546,-4.8592546
-0.8178194,-0.8178194
-3.7071645,-3.7071645
-5.9468058,-5.9468058
-6.127337,-6.127337
-6.2643881,-6.2643881
-4.8511327,-4.8511327
1.0563919,1.0563919
3.4127741,3.4127741
3.6316318,3.6316318
6.5145288,6.5145288
3.0861329,3.0861329
3.87016,3.87016
-0.5421918,-0.5421918
2.6587481,2.6587481
0.4753065,0.4753065
0.6657053,0.6657053
3.2241716,3.2241716
2.9870461,2.9870461
1.6552742,1.6552742
5.6967094,5.6967094
2.8073643,2.8073643
0.567723,0.567723
0.3871918,0.3871918
0.2501407,0.2501407
1.6633961,1.6633961
-2.029741,-2.029741
0.3266412,0.3266412
0.5454989,0.5454989
3.4283959,3.4283959
-3.0861329,-3.0861329
0.7840271,0.7840271
-3.6283247,-3.6283247
-0.4273848,-0.4273848
-2.6108264,-2.6108264
-2.4204276,-2.4204276
0.1380387,0.1380387
-0.0990868,-0.0990868
-1.4308587,-1.4308587
2.6105765,2.6105765
-0.2787686,-0.2787686
-2.5184099,-2.5184099
-2.6989411,-2.6989411
-2.8359922,-2.8359922
-1.4227368,-1.4227368
-2.8137681,-2.8137681
-0.4573859,-0.4573859
-0.2385282,-0.2385282
2.6443688,2.6443688
-3.87016,-3.87016
-0.7840271,-0.7840271
-4.4123518,-4.4123518
-1.2114119,-1.2114119
-3.3948535,-3.3948535
-3.2044547,-3.2044547
-0.6459884,-0.6459884
-0.8831139,-0.8831139
-2.2148858,-2.2148858
1.8265494,1.8265494
-1.0627957,-1.0627957
-3.302437,-3.302437
-3.4829682,-3.4829682
-3.6200193,-3.6200193
-2.2067639,-2.2067639
1.5985837,1.5985837
3.9549659,3.9549659
4.1738236,4.1738236
7.0567206,7.0567206
0.5421918,0.5421918
3.6283247,3.6283247
4.4123518,4.4123518
3.2009399,3.2009399
1.0174983,1.0174983
1.2078971,1.2078971
3.7663634,3.7663634
3.5292379,3.5292379
2.197466,2.197466
6.2389012,6.2389012
3.3495561,3.3495561
1.1099148,1.1099148
0.9293836,0.9293836
0.7923325,0.7923325
2.2055879,2.2055879
-1.6023562,-1.6023562
0.754026,0.754026
0.9728837,0.9728837
3.8557807,3.8557807
-2.6587481,-2.6587481
0.4273848,0.4273848
1.2114119,1.2114119
-3.2009399,-3.2009399
-2.1834416,-2.1834416
-1.9930428,-1.9930428
0.5654235,0.5654235
0.328298,0.328298
-1.0034739,-1.0034739
3.0379613,3.0379613
0.1486162,0.1486162
-2.0910251,-2.0910251
-2.2715563,-2.2715563
-2.4086074,-2.4086074
-0.995352,-0.995352
0.5810854,0.5810854
2.9374676,2.9374676
3.1563253,3.1563253
6.0392223,6.0392223
-0.4753065,-0.4753065
2.6108264,2.6108264
3.3948535,3.3948535
-1.0174983,-1.0174983
2.1834416,2.1834416
0.1903988,0.1903988
2.7488651,2.7488651
2.5117396,2.5117396
1.1799677,1.1799677
5.2214029,5.2214029
2.3320578,2.3320578
0.0924165,0.0924165
-0.0881147,-0.0881147
-0.2251658,-0.2251658
1.1880896,1.1880896
0.3906866,0.3906866
2.7470688,2.7470688
2.9659265,2.9659265
5.8488235,5.8488235
-0.6657053,-0.6657053
2.4204276,2.4204276
3.2044547,3.2044547
-1.2078971,-1.2078971
1.9930428,1.9930428
-0.1903988,-0.1903988
2.5584663,2.5584663
2.3213408,2.3213408
0.9895689,0.9895689
5.0310041,5.0310041
2.141659,2.141659
-0.0979823,-0.0979823
-0.2785135,-0.2785135
-0.4155646,-0.4155646
0.9976908,0.9976908
-2.1677797,-2.1677797
0.1886025,0.1886025
0.4074602,0.4074602
3.2903572,3.2903572
-3.2241716,-3.2241716
-0.1380387,-0.1380387
0.6459884,0.6459884
-3.7663634,-3.7663634
-0.5654235,-0.5654235
-2.7488651,-2.7488651
-2.5584663,-2.5584663
-0.2371255,-0.2371255
-1.5688974,-1.5688974
2.4725378,2.4725378
-0.4168073,-0.4168073
-2.6564486,-2.6564486
-2.8369798,-2.8369798
-2.9740309,-2.9740309
-1.5607755,-1.5607755
-1.9306542,-1.9306542
0.425728,0.425728
0.6445857,0.6445857
3.5274827,3.5274827
-2.9870461,-2.9870461
0.0990868,0.0990868
0.8831139,0.8831139
-3.5292379,-3.5292379
-0.328298,-0.328298
-2.5117396,-2.5117396
-2.3213408,-2.3213408
0.2371255,0.2371255
-1.3317719,-1.3317719
2.7096633,2.7096633
-0.1796818,-0.1796818
-2.4193231,-2.4193231
-2.5998543,-2.5998543
-2.7369054,-2.7369054
-1.32365,-1.32365
-0.5988823,-0.5988823
1.7574999,1.7574999
1.9763576,1.9763576
4.8592546,4.8592546
-1.6552742,-1.6552742
1.4308587,1.4308587
2.2148858,2.2148858
-2.197466,-2.197466
1.0034739,1.0034739
-1.1799677,-1.1799677
-0.9895689,-0.9895689
1.5688974,1.5688974
1.3317719,1.3317719
4.0414352,4.0414352
1.1520901,1.1520901
-1.0875512,-1.0875512
-1.2680824,-1.2680824
-1.4051335,-1.4051335
0.0081219,0.0081219
-4.6403175,-4.6403175
-2.2839353,-2.2839353
-2.0650776,-2.0650776
0.8178194,0.8178194
-5.6967094,-5.6967094
-2.6105765,-2.6105765
-1.8265494,-1.8265494
-6.2389012,-6.2389012
-3.0379613,-3.0379613
-5.2214029,-5.2214029
-5.0310041,-5.0310041
-2.4725378,-2.4725378
-2.7096633,-2.7096633
-4.0414352,-4.0414352
-2.8893451,-2.8893451
-5.1289864,-5.1289864
-5.3095176,-5.3095176
-5.4465687,-5.4465687
-4.0333133,-4.0333133
-1.7509724,-1.7509724
0.6054098,0.6054098
0.8242675,0.8242675
3.7071645,3.7071645
-2.8073643,-2.8073643
0.2787686,0.2787686
1.0627957,1.0627957
-3.3495561,-3.3495561
-0.1486162,-0.1486162
-2.3320578,-2.3320578
-2.141659,-2.141659
0.4168073,0.4168073
0.1796818,0.1796818
-1.1520901,-1.1520901
2.8893451,2.8893451
-2.2396413,-2.2396413
-2.4201725,-2.4201725
-2.5572236,-2.5572236
-1.1439682,-1.1439682
0.4886689,0.4886689
2.8450511,2.8450511
3.0639088,3.0639088
5.9468058,5.9468058
-0.567723,-0.567723
2.5184099,2.5184099
3.302437,3.302437
-1.1099148,-1.1099148
2.0910251,2.0910251
-0.0924165,-0.0924165
0.0979823,0.0979823
2.6564486,2.6564486
2.4193231,2.4193231
1.0875512,1.0875512
5.1289864,5.1289864
2.2396413,2.2396413
-0.1805312,-0.1805312
-0.3175823,-0.3175823
1.0956731,1.0956731
0.6692001,0.6692001
3.0255823,3.0255823
3.24444,3.24444
6.127337,6.127337
-0.3871918,-0.3871918
2.6989411,2.6989411
3.4829682,3.4829682
-0.9293836,-0.9293836
2.2715563,2.2715563
0.0881147,0.0881147
0.2785135,0.2785135
2.8369798,2.8369798
2.5998543,2.5998543
1.2680824,1.2680824
5.3095176,5.3095176
2.4201725,2.4201725
0.1805312,0.1805312
-0.1370511,-0.1370511
1.2762043,1.2762043
0.8062512,0.8062512
3.1626334,3.1626334
3.3814911,3.3814911
6.2643881,6.2643881
-0.2501407,-0.2501407
2.8359922,2.8359922
3.6200193,3.6200193
-0.7923325,-0.7923325
2.4086074,2.4086074
0.2251658,0.2251658
0.4155646,0.4155646
2.9740309,2.9740309
2.7369054,2.7369054
1.4051335,1.4051335
5.4465687,5.4465687
2.5572236,2.5572236
0.3175823,0.3175823
0.1370511,0.1370511
1.4132554,1.4132554
-0.6070042,-0.6070042
1.749378,1.749378
1.9682357,1.9682357
4.8511327,4.8511327
-1.6633961,-1.6633961
1.4227368,1.4227368
2.2067639,2.2067639
-2.2055879,-2.2055879
0.995352,0.995352
-1.1880896,-1.1880896
-0.9976908,-0.9976908
1.5607755,1.5607755
1.32365,1.32365
-0.0081219,-0.0081219
4.0333133,4.0333133
1.1439682,1.1439682
-1.0956731,-1.0956731
-1.2762043,-1.2762043
-1.4132554,-1.4132554
1.7214225,1.7214225
14.98924,-10.0
13.3478666,-10.0
-0.4551926,-0.4551926
1.0512303,1.0512303
1.9295172,1.9295172
-1.0565552,-1.0565552
1.3643311,1.3643311
-0.1166427,-0.1166427
0.2136375,0.2136375
2.5267432,2.5267432
3.0021519,3.0021519
0.6950393,0.6950393
2.2348755,2.2348755
1.8997016,1.8997016
1.7603647,1.7603647
0.1342569,0.1342569
7.0104263,7.0104263
2.69163,2.69163
-1.7214225,-1.7214225
13.2678175,-10.0
11.6264441,-10.0
-2.1766151,-2.1766151
-0.6701922,-0.6701922
0.2080947,0.2080947
-2.7779777,-2.7779777
-0.3570914,-0.3570914
-1.8380652,-1.8380652
-1.507785,-1.507785
0.8053207,0.8053207
1.2807294,1.2807294
-1.0263832,-1.0263832
0.513453,0.513453
0.1782791,0.1782791
0.0389422,0.0389422
-1.5871656,-1.5871656
5.2890038,5.2890038
0.9702075,0.9702075
-14.98924,-10.0
-13.2678175,-10.0
-1.6413734,-1.6413734
-15.4444326,-10.0
-13.9380097,-10.0
-13.0597228,-10.0
-16.0457952,-10.0
-13.6249089,-10.0
-15.1058827,-10.0
-14.7756025,-10.0
-12.4624968,-10.0
-11.9870881,-10.0
-14.2942007,-10.0
-12.7543645,-10.0
-13.0895384,-10.0
-13.2288753,-10.0
-14.8549831,-10.0
-7.9788137,-7.9788137
-12.29761,-10.0
-13.3478666,-10.0
-11.6264441,-10.0
1.6413734,1.6413734
-13.8030592,-10.0
-12.2966363,-10.0
-11.4183494,-10.0
-14.4044218,-10.0
-11.9835355,-10.0
-13.4645093,-10.0
-13.1342291,-10.0
-10.8211234,-10.0
-10.3457147,-10.0
-12.6528273,-10.0
-11.1129911,-10.0
-11.448165,-10.0
-11.5875019,-10.0
-13.2136097,-10.0
-6.3374403,-6.3374403
-10.6562366,-10.0
0.4551926,0.4551926
2.1766151,2.1766151
15.4444326,-10.0
13.8030592,-10.0
1.5064229,1.5064229
2.3847098,2.3847098
-0.6013626,-0.6013626
1.8195237,1.8195237
0.3385499,0.3385499
0.6688301,0.6688301
2.9819358,2.9819358
3.4573445,3.4573445
1.1502319,1.1502319
2.6900681,2.6900681
2.3548942,2.3548942
2.2155573,2.2155573
0.5894495,0.5894495
7.4656189,7.4656189
3.1468226,3.1468226
-1.0512303,-1.0512303
0.6701922,0.6701922
13.9380097,-10.0
12.2966363,-10.0
-1.5064229,-1.5064229
0.8782869,0.8782869
-2.1077855,-2.1077855
0.3131008,0.3131008
-1.167873,-1.167873
-0.8375928,-0.8375928
1.4755129,1.4755129
1.9509216,1.9509216
-0.356191,-0.356191
1.1836452,1.1836452
0.8484713,0.8484713
0.7091344,0.7091344
-0.9169734,-0.9169734
5.959196,5.959196
1.6403997,1.6403997
-1.9295172,-1.9295172
-0.2080947,-0.2080947
13.0597228,-10.0
11.4183494,-10.0
-2.3847098,-2.3847098
-0.8782869,-0.8782869
-2.9860724,-2.9860724
-0.5651861,-0.5651861
-2.0461599,-2.0461599
-1.7158797,-1.7158797
0.597226,0.597226
1.0726347,1.0726347
-1.2344779,-1.2344779
0.3053583,0.3053583
-0.0298156,-0.0298156
-0.1691525,-0.1691525
-1.7952603,-1.7952603
5.0809091,5.0809091
0.7621128,0.7621128
1.0565552,1.0565552
2.7779777,2.7779777
16.0457952,-10.0
14.4044218,-10.0
0.6013626,0.6013626
2.1077855,2.1077855
2.9860724,2.9860724
2.4208863,2.4208863
0.9399125,0.9399125
1.2701927,1.2701927
3.5832984,3.5832984
4.0587071,4.0587071
1.7515945,1.7515945
3.2914307,3.2914307
2.9562568,2.9562568
2.8169199,2.8169199
1.1908121,1.1908121
8.0669815,8.0669815
3.7481852,3.7481852
-1.3643311,-1.3643311
0.3570914,0.3570914
13.6249089,-10.0
11.9835355,-10.0
-1.8195237,-1.8195237
-0.3131008,-0.3131008
0.5651861,0.5651861
-2.4208863,-2.4208863
-1.4809738,-1.4809738
-1.1506936,-1.1506936
1.1624121,1.1624121
1.6378208,1.6378208
-0.6692918,-0.6692918
0.8705444,0.8705444
0.5353705,0.5353705
0.3960336,0.3960336
-1.2300742,-1.2300742
5.6460952,5.6460952
1.3272989,1.3272989
0.1166427,0.1166427
1.8380652,1.8380652
15.1058827,-10.0
13.4645093,-10.0
-0.3385499,-0.3385499
1.167873,1.167873
2.0461599,2.0461599
-0.9399125,-0.9399125
1.4809738,1.4809738
0.3302802,0.3302802
2.6433859,2.6433859
3.1187946,3.1187946
0.811682,0.811682
2.3515182,2.3515182
2.0163443,2.0163443
1.8770074,1.8770074
0.2508996,0.2508996
7.127069,7.127069
2.8082727,2.8082727
-0.2136375,-0.2136375
1.507785,1.507785
14.7756025,-10.0
13.1342291,-10.0
-0.6688301,-0.6688301
0.8375928,0.8375928
1.7158797,1.7158797
-1.2701927,-1.2701927
1.1506936,1.1506936
-0.3302802,-0.3302802
2.3131057,2.3131057
2.7885144,2.7885144
0.4814018,0.4814018
2.021238,2.021238
1.6860641,1.6860641
1.5467272,1.5467272
-0.0793806,-0.0793806
6.7967888,6.7967888
2.4779925,2.4779925
-2.5267432,-2.5267432
-0.8053207,-0.8053207
12.4624968,-10.0
10.8211234,-10.0
-2.9819358,-2.9819358
-1.4755129,-1.4755129
-0.597226,-0.597226
-3.5832984,-3.5832984
-1.1624121,-1.1624121
-2.6433859,-2.6433859
-2.3131057,-2.3131057
0.4754087,0.4754087
-1.8317039,-1.8317039
-0.2918677,-0.2918677
-0.6270416,-0.6270416
-0.7663785,-0.7663785
-2.3924863,-2.3924863
4.4836831,4.4836831
0.1648868,0.1648868
-3.0021519,-3.0021519
-1.2807294,-1.2807294
11.9870881,-10.0
10.3457147,-10.0
-3.4573445,-3.4573445
-1.9509216,-1.9509216
-1.0726347,-1.0726347
-4.0587071,-4.0587071
-1.6378208,-1.6378208
-3.1187946,-3.1187946
-2.7885144,-2.7885144
-0.4754087,-0.4754087
-2.3071126,-2.3071126
-0.7672764,-0.7672764
-1.1024503,-1.1024503
-1.2417872,-1.2417872
-2.867895,-2.867895
4.0082744,4.0082744
-0.3105219,-0.3105219
-0.6950393,-0.6950393
1.0263832,1.0263832
14.2942007,-10.0
12.6528273,-10.0
-1.1502319,-1.1502319
0.356191,0.356191
1.2344779,1.2344779
-1.7515945,-1.7515945
0.6692918,0.6692918
-0.811682,-0.811682
-0.4814018,-0.4814018
1.8317039,1.8317039
2.3071126,2.3071126
1.5398362,1.5398362
1.2046623,1.2046623
1.0653254,1.0653254
-0.5607824,-0.5607824
6.315387,6.315387
1.9965907,1.9965907
-2.2348755,-2.2348755
-0.513453,-0.513453
12.7543645,-10.0
11.1129911,-10.0
-2.6900681,-2.6900681
-1.1836452,-1.1836452
-0.3053583,-0.3053583
-3.2914307,-3.2914307
-0.8705444,-0.8705444
-2.3515182,-2.3515182
-2.021238,-2.021238
0.2918677,0.2918677
0.7672764,0.7672764
-1.5398362,-1.5398362
-0.3351739,-0.3351739
-0.4745108,-0.4745108
-2.1006186,-2.1006186
4.7755508,4.7755508
0.4567545,0.4567545
-1.8997016,-1.8997016
-0.1782791,-0.1782791
13.0895384,-10.0
11.448165,-10.0
-2.3548942,-2.3548942
-0.8484713,-0.8484713
0.0298156,0.0298156
-2.9562568,-2.9562568
-0.5353705,-0.5353705
-2.0163443,-2.0163443
-1.6860641,-1.6860641
0.6270416,0.6270416
1.1024503,1.1024503
-1.2046623,-1.2046623
0.3351739,0.3351739
-0.1393369,-0.1393369
-1.7654447,-1.7654447
5.1107247,5.1107247
0.7919284,0.7919284
-1.7603647,-1.7603647
-0.0389422,-0.0389422
13.2288753,-10.0
11.5875019,-10.0
-2.2155573,-2.2155573
-0.7091344,-0.7091344
0.1691525,0.1691525
-2.8169199,-2.8169199
-0.3960336,-0.3960336
-1.8770074,-1.8770074
-1.5467272,-1.5467272
0.7663785,0.7663785
1.2417872,1.2417872
-1.0653254,-1.0653254
0.4745108,0.4745108
0.1393369,0.1393369
-1.6261078,-1.6261078
5.2500616,5.2500616
0.9312653,0.9312653
-0.1342569,-0.1342569
1.5871656,1.5871656
14.8549831,-10.0
13.2136097,-10.0
-0.5894495,-0.5894495
0.9169734,0.9169734
1.7952603,1.7952603
-1.1908121,-1.1908121
1.2300742,1.2300742
-0.2508996,-0.2508996
0.0793806,0.0793806
2.3924863,2.3924863
2.867895,2.867895
0.5607824,0.5607824
2.1006186,2.1006186
1.7654447,1.7654447
1.6261078,1.6261078
6.8761694,6.8761694
2.5573731,2.5573731
-7.0104263,-7.0104263
-5.2890038,-5.2890038
7.9788137,7.9788137
6.3374403,6.3374403
-7.4656189,-7.4656189
-5.959196,-5.959196
-5.0809091,-5.0809091
-8.0669815,-8.0669815
-5.6460952,-5.6460952
-7.127069,-7.127069
-6.7967888,-6.7967888
-4.4836831,-4.4836831
-4.0082744,-4.0082744
-6.315387,-6.315387
-4.7755508,-4.7755508
-5.1107247,-5.1107247
-5.2500616,-5.2500616
-6.8761694,-6.8761694
-4.3187963,-4.3187963
-2.69163,-2.69163
-0.9702075,-0.9702075
12.29761,-10.0
10.6562366,-10.0
-3.1468226,-3.1468226
-1.6403997,-1.6403997
-0.7621128,-0.7621128
-3.7481852,-3.7481852
-1.3272989,-1.3272989
-2.8082727,-2.8082727
-2.4779925,-2.4779925
-0.1648868,-0.1648868
0.3105219,0.3105219
-1.9965907,-1.9965907
-0.4567545,-0.4567545
-0.7919284,-0.7919284
-0.9312653,-0.9312653
-2.5573731,-2.5573731
4.3187963,4.3187963
5.2242361,5.2242361
-0.3379972,-0.3379972
-1.4776426,-1.4776426
-0.2170057,-0.2170057
0.4815013,0.4815013
0.059566,0.059566
-0.3278788,-0.3278788
-1.1395498,-1.1395498
0.0978394,0.0978394
-2.6683818,-2.6683818
-1.872363,-1.872363
2.2248156,2.2248156
-3.5259824,-3.5259824
0.1723865,0.1723865
0.1611205,0.1611205
-1.2288047,-1.2288047
0.7442604,0.7442604
10.1849571,-10.0
1.9855286,1.9855286
-5.2242361,-5.2242361
-5.5622333,-5.5622333
-6.7018787,-6.7018787
-5.4412418,-5.4412418
-4.7427348,-4.7427348
-5.1646701,-5.1646701
-5.5521149,-5.5521149
-6.3637859,-6.3637859
-5.1263967,-5.1263967
-7.8926179,-7.8926179
-7.0965991,-7.0965991
-2.9994205,-2.9994205
-8.7502185,-8.7502185
-5.0518496,-5.0518496
-5.0631156,-5.0631156
-6.4530408,-6.4530408
-4.4799757,-4.4799757
4.960721,4.960721
-3.2387075,-3.2387075
0.3379972,0.3379972
5.5622333,5.5622333
-1.1396454,-1.1396454
0.1209915,0.1209915
0.8194985,0.8194985
0.3975632,0.3975632
0.0101184,0.0101184
-0.8015526,-0.8015526
0.4358366,0.4358366
-2.3303846,-2.3303846
-1.5343658,-1.5343658
2.5628128,2.5628128
-3.1879852,-3.1879852
0.5103837,0.5103837
0.4991177,0.4991177
-0.8908075,-0.8908075
1.0822576,1.0822576
10.5229543,-10.0
2.3235258,2.3235258
1.4776426,1.4776426
6.7018787,6.7018787
1.1396454,1.1396454
1.2606369,1.2606369
1.9591439,1.9591439
1.5372086,1.5372086
1.1497638,1.1497638
0.3380928,0.3380928
1.575482,1.575482
-1.1907392,-1.1907392
-0.3947204,-0.3947204
3.7024582,3.7024582
-2.0483398,-2.0483398
1.6500291,1.6500291
1.6387631,1.6387631
0.2488379,0.2488379
2.221903,2.221903
11.6625997,-10.0
3.4631712,3.4631712
0.2170057,0.2170057
5.4412418,5.4412418
-0.1209915,-0.1209915
-1.2606369,-1.2606369
0.698507,0.698507
0.2765717,0.2765717
-0.1108731,-0.1108731
-0.9225441,-0.9225441
0.3148451,0.3148451
-2.4513761,-2.4513761
-1.6553573,-1.6553573
2.4418213,2.4418213
-3.3089767,-3.3089767
0.3893922,0.3893922
0.3781262,0.3781262
-1.011799,-1.011799
0.9612661,0.9612661
10.4019628,-10.0
2.2025343,2.2025343
-0.4815013,-0.4815013
4.7427348,4.7427348
-0.8194985,-0.8194985
-1.9591439,-1.9591439
-0.698507,-0.698507
-0.4219353,-0.4219353
-0.8093801,-0.8093801
-1.6210511,-1.6210511
-0.3836619,-0.3836619
-3.1498831,-3.1498831
-2.3538643,-2.3538643
1.7433143,1.7433143
-4.0074837,-4.0074837
-0.3091148,-0.3091148
-0.3203808,-0.3203808
-1.710306,-1.710306
0.2627591,0.2627591
9.7034558,9.7034558
1.5040273,1.5040273
-0.059566,-0.059566
5.1646701,5.1646701
-0.3975632,-0.3975632
-1.5372086,-1.5372086
-0.2765717,-0.2765717
0.4219353,0.4219353
-0.3874448,-0.3874448
-1.1991158,-1.1991158
0.0382734,0.0382734
-2.7279478,-2.7279478
-1.931929,-1.931929
2.1652496,2.1652496
-3.5855484,-3.5855484
0.1128205,0.1128205
0.1015545,0.1015545
-1.2883707,-1.2883707
0.6846944,0.6846944
10.1253911,-10.0
1.9259626,1.9259626
0.3278788,0.3278788
5.5521149,5.5521149
-0.0101184,-0.0101184
-1.1497638,-1.1497638
0.1108731,0.1108731
0.8093801,0.8093801
0.3874448,0.3874448
-0.811671,-0.811671
0.4257182,0.4257182
-2.340503,-2.340503
-1.5444842,-1.5444842
2.5526944,2.5526944
-3.1981036,-3.1981036
0.5002653,0.5002653
0.4889993,0.4889993
-0.9009259,-0.9009259
1.0721392,1.0721392
10.5128359,-10.0
2.3134074,2.3134074
1.1395498,1.1395498
6.3637859,6.3637859
0.8015526,0.8015526
-0.3380928,-0.3380928
0.9225441,0.9225441
1.6210511,1.6210511
1.1991158,1.1991158
0.811671,0.811671
1.2373892,1.2373892
-1.528832,-1.528832
-0.7328132,-0.7328132
3.3643654,3.3643654
-2.3864326,-2.3864326
1.3119363,1.3119363
1.3006703,1.3006703
-0.0892549,-0.0892549
1.8838102,1.8838102
11.3245069,-10.0
3.1250784,3.1250784
-0.0978394,-0.0978394
5.1263967,5.1263967
-0.4358366,-0.4358366
-1.575482,-1.575482
-0.3148451,-0.3148451
0.3836619,0.3836619
-0.0382734,-0.0382734
-0.4257182,-0.4257182
-1.2373892,-1.2373892
-2.7662212,-2.7662212
-1.9702024,-1.9702024
2.1269762,2.1269762
-3.6238218,-3.6238218
0.0745471,0.0745471
0.0632811,0.0632811
-1.3266441,-1.3266441
0.646421,0.646421
10.0871177,-10.0
1.8876892,1.8876892
2.6683818,2.6683818
7.8926179,7.8926179
2.3303846,2.3303846
1.1907392,1.1907392
2.4513761,2.4513761
3.1498831,3.1498831
2.7279478,2.7279478
2.340503,2.340503
1.528832,1.528832
2.7662212,2.7662212
0.7960188,0.7960188
4.8931974,4.8931974
-0.8576006,-0.8576006
2.8407683,2.8407683
2.8295023,2.8295023
1.4395771,1.4395771
3.4126422,3.4126422
12.8533389,-10.0
4.6539104,4.6539104
1.872363,1.872363
7.0965991,7.0965991
1.5343658,1.5343658
0.3947204,0.3947204
1.6553573,1.6553573
2.3538643,2.3538643
1.931929,1.931929
1.5444842,1.5444842
0.7328132,0.7328132
1.9702024,1.9702024
-0.7960188,-0.7960188
4.0971786,4.0971786
-1.6536194,-1.6536194
2.0447495,2.0447495
2.0334835,2.0334835
0.6435583,0.6435583
2.6166234,2.6166234
12.0573201,-10.0
3.8578916,3.8578916
-2.2248156,-2.2248156
2.9994205,2.9994205
-2.5628128,-2.5628128
-3.7024582,-3.7024582
-2.4418213,-2.4418213
-1.7433143,-1.7433143
-2.1652496,-2.1652496
-2.5526944,-2.5526944
-3.3643654,-3.3643654
-2.1269762,-2.1269762
-4.8931974,-4.8931974
-4.0971786,-4.0971786
-5.750798,-5.750798
-2.0524291,-2.0524291
-2.0636951,-2.0636951
-3.4536203,-3.4536203
-1.4805552,-1.4805552
7.9601415,7.9601415
-0.239287,-0.239287
3.5259824,3.5259824
8.7502185,8.7502185
3.1879852,3.1879852
2.0483398,2.0483398
3.3089767,3.3089767
4.0074837,4.0074837
3.5855484,3.5855484
3.1981036,3.1981036
2.3864326,2.3864326
3.6238218,3.6238218
0.8576006,0.8576006
1.6536194,1.6536194
5.750798,5.750798
3.6983689,3.6983689
3.6871029,3.6871029
2.2971777,2.2971777
4.2702428,4.2702428
13.7109395,-10.0
5.511511,5.511511
-0.1723865,-0.1723865
5.0518496,5.0518496
-0.5103837,-0.5103837
-1.6500291,-1.6500291
-0.3893922,-0.3893922
0.3091148,0.3091148
-0.1128205,-0.1128205
-0.5002653,-0.5002653
-1.3119363,-1.3119363
-0.0745471,-0.0745471
-2.8407683,-2.8407683
-2.0447495,-2.0447495
2.0524291,2.0524291
-3.6983689,-3.6983689
-0.011266,-0.011266
-1.4011912,-1.4011912
0.5718739,0.5718739
10.0125706,-10.0
1.8131421,1.8131421
-0.1611205,-0.1611205
5.0631156,5.0631156
-0.4991177,-0.4991177
-1.6387631,-1.6387631
-0.3781262,-0.3781262
0.3203808,0.3203808
-0.1015545,-0.1015545
-0.4889993,-0.4889993
-1.3006703,-1.3006703
-0.0632811,-0.0632811
-2.8295023,-2.8295023
-2.0334835,-2.0334835
2.0636951,2.0636951
-3.6871029,-3.6871029
0.011266,0.011266
-1.3899252,-1.3899252
0.5831399,0.5831399
10.0238366,-10.0
1.8244081,1.8244081
1.2288047,1.2288047
6.4530408,6.4530408
0.8908075,0.8908075
-0.2488379,-0.2488379
1.011799,1.011799
1.710306,1.710306
1.2883707,1.2883707
0.9009259,0.9009259
0.0892549,0.0892549
1.3266441,1.3266441
-1.4395771,-1.4395771
-0.6435583,-0.6435583
3.4536203,3.4536203
-2.2971777,-2.2971777
1.4011912,1.4011912
1.3899252,1.3899252
1.9730651,1.9730651
11.4137618,-10.0
3.2143333,3.2143333
-0.7442604,-0.7442604
4.4799757,4.4799757
-1.0822576,-1.0822576
-2.221903,-2.221903
-0.9612661,-0.9612661
-0.2627591,-0.2627591
-0.6846944,-0.6846944
-1.0721392,-1.0721392
-1.8838102,-1.8838102
-0.646421,-0.646421
-3.4126422,-3.4126422
-2.6166234,-2.6166234
1.4805552,1.4805552
-4.2702428,-4.2702428
-0.5718739,-0.5718739
-0.5831399,-0.5831399
-1.9730651,-1.9730651
9.4406967,9.4406967
1.2412682,1.2412682
-10.1849571,-10.0
-4.960721,-4.960721
-10.5229543,-10.0
-11.6625997,-10.0
-10.4019628,-10.0
-9.7034558,-9.7034558
-10.1253911,-10.0
-10.5128359,-10.0
-11.3245069,-10.0
-10.0871177,-10.0
-12.8533389,-10.0
-12.0573201,-10.0
-7.9601415,-7.9601415
-13.7109395,-10.0
-10.0125706,-10.0
-10.0238366,-10.0
-11.4137618,-10.0
-9.4406967,-9.4406967
-8.1994285,-8.1994285
-1.9855286,-1.9855286
3.2387075,3.2387075
-2.3235258,-2.3235258
-3.4631712,-3.4631712
-2.2025343,-2.2025343
-1.5040273,-1.5040273
-1.9259626,-1.9259626
-2.3134074,-2.3134074
-3.1250784,-3.1250784
-1.8876892,-1.8876892
-4.6539104,-4.6539104
-3.8578916,-3.8578916
0.239287,0.239287
-5.511511,-5.511511
-1.8131421,-1.8131421
-1.8244081,-1.8244081
-3.2143333,-3.2143333
-1.2412682,-1.2412682
8.1994285,8.1994285
0.0166788,0.0166788
0.6156468,0.6156468
1.5743565,1.5743565
1.8217024,1.8217024
0.8252215,0.8252215
-1.5483909,-1.5483909
-0.6106458,-0.6106458
-0.5632463,-0.5632463
0.7066728,0.7066728
-0.8689559,-0.8689559
-1.3652059,-1.3652059
-2.3217638,-2.3217638
-0.2187708,-0.2187708
2.6651837,2.6651837
-0.2211236,-0.2211236
-1.3511719,-1.3511719
0.2227223,0.2227223
6.642088,6.642088
-0.4184379,-0.4184379
-0.0166788,-0.0166788
0.598968,0.598968
1.5576777,1.5576777
1.8050236,1.8050236
0.8085427,0.8085427
-1.5650697,-1.5650697
-0.6273246,-0.6273246
-0.5799251,-0.5799251
0.689994,0.689994
-0.8856347,-0.8856347
-1.3818847,-1.3818847
-2.3384426,-2.3384426
-0.2354496,-0.2354496
2.6485049,2.6485049
-0.2378024,-0.2378024
-1.3678507,-1.3678507
0.2060435,0.2060435
6.6254092,6.6254092
-0.4351167,-0.4351167
-0.6156468,-0.6156468
-0.598968,-0.598968
0.9587097,0.9587097
1.2060556,1.2060556
0.2095747,0.2095747
-2.1640377,-2.1640377
-1.2262926,-1.2262926
-1.1788931,-1.1788931
0.091026,0.091026
-1.4846027,-1.4846027
-1.9808527,-1.9808527
-2.9374106,-2.9374106
-0.8344176,-0.8344176
2.0495369,2.0495369
-0.8367704,-0.8367704
-1.9668187,-1.9668187
-0.3929245,-0.3929245
6.0264412,6.0264412
-1.0340847,-1.0340847
-1.5743565,-1.5743565
-1.5576777,-1.5576777
-0.9587097,-0.9587097
0.2473459,0.2473459
-0.749135,-0.749135
-3.1227474,-3.1227474
-2.1850023,-2.1850023
-2.1376028,-2.1376028
-0.8676837,-0.8676837
-2.4433124,-2.4433124
-2.9395624,-2.9395624
-3.8961203,-3.8961203
-1.7931273,-1.7931273
1.0908272,1.0908272
-1.7954801,-1.7954801
-2.9255284,-2.9255284
-1.3516342,-1.3516342
5.0677315,5.0677315
-1.9927944,-1.9927944
-1.8217024,-1.8217024
-1.8050236,-1.8050236
-1.2060556,-1.2060556
-0.2473459,-0.2473459
-0.9964809,-0.9964809
-3.3700933,-3.3700933
-2.4323482,-2.4323482
-2.3849487,-2.3849487
-1.1150296,-1.1150296
-2.6906583,-2.6906583
-3.1869083,-3.1869083
-4.1434662,-4.1434662
-2.0404732,-2.0404732
0.8434813,0.8434813
-2.042826,-2.042826
-3.1728743,-3.1728743
-1.5989801,-1.5989801
4.8203856,4.8203856
-2.2401403,-2.2401403
-0.8252215,-0.8252215
-0.8085427,-0.8085427
-0.2095747,-0.2095747
0.749135,0.749135
0.9964809,0.9964809
-2.3736124,-2.3736124
-1.4358673,-1.4358673
-1.3884678,-1.3884678
-0.1185487,-0.1185487
-1.6941774,-1.6941774
-2.1904274,-2.1904274
-3.1469853,-3.1469853
-1.0439923,-1.0439923
1.8399622,1.8399622
-1.0463451,-1.0463451
-2.1763934,-2.1763934
-0.6024992,-0.6024992
5.8168665,5.8168665
-1.2436594,-1.2436594
1.5483909,1.5483909
1.5650697,1.5650697
2.1640377,2.1640377
3.1227474,3.1227474
3.3700933,3.3700933
2.3736124,2.3736124
0.9377451,0.9377451
0.9851446,0.9851446
2.2550637,2.2550637
0.679435,0.679435
0.183185,0.183185
-0.7733729,-0.7733729
1.3296201,1.3296201
4.2135746,4.2135746
1.3272673,1.3272673
0.197219,0.197219
1.7711132,1.7711132
8.1904789,8.1904789
1.129953,1.129953
0.6106458,0.6106458
0.6273246,0.6273246
1.2262926,1.2262926
2.1850023,2.1850023
2.4323482,2.4323482
1.4358673,1.4358673
-0.9377451,-0.9377451
0.0473995,0.0473995
1.3173186,1.3173186
-0.2583101,-0.2583101
-0.7545601,-0.7545601
-1.711118,-1.711118
0.391875,0.391875
3.2758295,3.2758295
0.3895222,0.3895222
-0.7405261,-0.7405261
0.8333681,0.8333681
7.2527338,7.2527338
0.1922079,0.1922079
0.5632463,0.5632463
0.5799251,0.5799251
1.1788931,1.1788931
2.1376028,2.1376028
2.3849487,2.3849487
1.3884678,1.3884678
-0.9851446,-0.9851446
-0.0473995,-0.0473995
1.2699191,1.2699191
-0.3057096,-0.3057096
-0.8019596,-0.8019596
-1.7585175,-1.7585175
0.3444755,0.3444755
3.22843,3.22843
0.3421227,0.3421227
-0.7879256,-0.7879256
0.7859686,0.7859686
7.2053343,7.2053343
0.1448084,0.1448084
-0.7066728,-0.7066728
-0.689994,-0.689994
-0.091026,-0.091026
0.8676837,0.8676837
1.1150296,1.1150296
0.1185487,0.1185487
-2.2550637,-2.2550637
-1.3173186,-1.3173186
-1.2699191,-1.2699191
-1.5756287,-1.5756287
-2.0718787,-2.0718787
-3.0284366,-3.0284366
-0.9254436,-0.9254436
1.9585109,1.9585109
-0.9277964,-0.9277964
-2.0578447,-2.0578447
-0.4839505,-0.4839505
5.9354152,5.9354152
-1.1251107,-1.1251107
0.8689559,0.8689559
0.8856347,0.8856347
1.4846027,1.4846027
2.4433124,2.4433124
2.6906583,2.6906583
1.6941774,1.6941774
-0.679435,-0.679435
0.2583101,0.2583101
0.3057096,0.3057096
1.5756287,1.5756287
-0.49625,-0.49625
-1.4528079,-1.4528079
0.6501851,0.6501851
3.5341396,3.5341396
0.6478323,0.6478323
-0.482216,-0.482216
1.0916782,1.0916782
7.5110439,7.5110439
0.450518,0.450518
1.3652059,1.3652059
1.3818847,1.3818847
1.9808527,1.9808527
2.9395624,2.9395624
3.1869083,3.1869083
2.1904274,2.1904274
-0.183185,-0.183185
0.7545601,0.7545601
0.8019596,0.8019596
2.0718787,2.0718787
0.49625,0.49625
-0.9565579,-0.9565579
1.1464351,1.1464351
4.0303896,4.0303896
1.1440823,1.1440823
0.014034,0.014034
1.5879282,1.5879282
8.0072939,8.0072939
0.946768,0.946768
2.3217638,2.3217638
2.3384426,2.3384426
2.9374106,2.9374106
3.8961203,3.8961203
4.1434662,4.1434662
3.1469853,3.1469853
0.7733729,0.7733729
1.711118,1.711118
1.7585175,1.7585175
3.0284366,3.0284366
1.4528079,1.4528079
0.9565579,0.9565579
2.102993,2.102993
4.9869475,4.9869475
2.1006402,2.1006402
0.9705919,0.9705919
2.5444861,2.5444861
8.9638518,8.9638518
1.9033259,1.9033259
0.2187708,0.2187708
0.2354496,0.2354496
0.8344176,0.8344176
1.7931273,1.7931273
2.0404732,2.0404732
1.0439923,1.0439923
-1.3296201,-1.3296201
-0.391875,-0.391875
-0.3444755,-0.3444755
0.9254436,0.9254436
-0.6501851,-0.6501851
-1.1464351,-1.1464351
-2.102993,-2.102993
2.8839545,2.8839545
-0.0023528,-0.0023528
-1.1324011,-1.1324011
0.4414931,0.4414931
6.8608588,6.8608588
-0.1996671,-0.1996671
-2.6651837,-2.6651837
-2.6485049,-2.6485049
-2.0495369,-2.0495369
-1.0908272,-1.0908272
-0.8434813,-0.8434813
-1.8399622,-1.8399622
-4.2135746,-4.2135746
-3.2758295,-3.2758295
-3.22843,-3.22843
-1.9585109,-1.9585109
-3.5341396,-3.5341396
-4.0303896,-4.0303896
-4.9869475,-4.9869475
-2.8839545,-2.8839545
-2.8863073,-2.8863073
-4.0163556,-4.0163556
-2.4424614,-2.4424614
3.9769043,3.9769043
-3.0836216,-3.0836216
0.2211236,0.2211236
0.2378024,0.2378024
0.8367704,0.8367704
1.7954801,1.7954801
2.042826,2.042826
1.0463451,1.0463451
-1.3272673,-1.3272673
-0.3895222,-0.3895222
-0.3421227,-0.3421227
0.9277964,0.9277964
-0.6478323,-0.6478323
-1.1440823,-1.1440823
-2.1006402,-2.1006402
0.0023528,0.0023528
2.8863073,2.8863073
-1.1300483,-1.1300483
0.4438459,0.4438459
6.8632116,6.8632116
-0.1973143,-0.1973143
1.3511719,1.3511719
1.3678507,1.3678507
1.9668187,1.9668187
2.9255284,2.9255284
3.1728743,3.1728743
2.1763934,2.1763934
-0.197219,-0.197219
0.7405261,0.7405261
0.7879256,0.7879256
2.0578447,2.0578447
0.482216,0.482216
-0.014034,-0.014034
-0.9705919,-0.9705919
1.1324011,1.1324011
4.0163556,4.0163556
1.1300483,1.1300483
1.5738942,1.5738942
7.9932599,7.9932599
0.932734,0.932734
-0.2227223,-0.2227223
-0.2060435,-0.2060435
0.3929245,0.3929245
1.3516342,1.3516342
1.5989801,1.5989801
0.6024992,0.6024992
-1.7711132,-1.7711132
-0.8333681,-0.8333681
-0.7859686,-0.7859686
0.4839505,0.4839505
-1.0916782,-1.0916782
-1.5879282,-1.5879282
-2.5444861,-2.5444861
-0.4414931,-0.4414931
2.4424614,2.4424614
-0.4438459,-0.4438459
-1.5738942,-1.5738942
6.4193657,6.4193657
-0.6411602,-0.6411602
-6.642088,-6.642088
-6.6254092,-6.6254092
-6.0264412,-6.0264412
-5.0677315,-5.0677315
-4.8203856,-4.8203856
-5.8168665,-5.8168665
-8.1904789,-8.1904789
-7.2527338,-7.2527338
-7.2053343,-7.2053343
-5.9354152,-5.9354152
-7.5110439,-7.5110439
-8.0072939,-8.0072939
-8.9638518,-8.9638518
-6.8608588,-6.8608588
-3.9769043,-3.9769043
-6.8632116,-6.8632116
-7.9932599,-7.9932599
-6.4193657,-6.4193657
-7.0605259,-7.0605259
0.4184379,0.4184379
0.4351167,0.4351167
1.0340847,1.0340847
1.9927944,1.9927944
2.2401403,2.2401403
1.2436594,1.2436594
-1.129953,-1.129953
-0.1922079,-0.1922079
-0.1448084,-0.1448084
1.1251107,1.1251107
-0.450518,-0.450518
-0.946768,-0.946768
-1.9033259,-1.9033259
0.1996671,0.1996671
3.0836216,3.0836216
0.1973143,0.1973143
-0.932734,-0.932734
0.6411602,0.6411602
7.0605259,7.0605259
2.2667125,2.2667125
2.5622035,2.5622035
-0.6936096,-0.6936096
-0.8314173,-0.8314173
1.0037459,1.0037459
3.7531361,3.7531361
-1.7990901,-1.7990901
8.7208266,8.7208266
-1.3289885,-1.3289885
-1.0782715,-1.0782715
6.2552905,6.2552905
3.8330891,3.8330891
0.5764372,0.5764372
3.1271922,3.1271922
0.4960867,0.4960867
-0.2935286,-0.2935286
-0.9652773,-0.9652773
13.376146,-10.0
1.581217,1.581217
-2.2667125,-2.2667125
0.295491,0.295491
-2.9603221,-2.9603221
-3.0981298,-3.0981298
-1.2629666,-1.2629666
1.4864236,1.4864236
-4.0658026,-4.0658026
6.4541141,6.4541141
-3.595701,-3.595701
-3.344984,-3.344984
3.988578,3.988578
1.5663766,1.5663766
-1.6902753,-1.6902753
0.8604797,0.8604797
-1.7706258,-1.7706258
-2.5602411,-2.5602411
-3.2319898,-3.2319898
11.1094335,-10.0
-0.6854955,-0.6854955
-2.5622035,-2.5622035
-0.295491,-0.295491
-3.2558131,-3.2558131
-3.3936208,-3.3936208
-1.5584576,-1.5584576
1.1909326,1.1909326
-4.3612936,-4.3612936
6.1586231,6.1586231
-3.891192,-3.891192
-3.640475,-3.640475
3.693087,3.693087
1.2708856,1.2708856
-1.9857663,-1.9857663
0.5649887,0.5649887
-2.0661168,-2.0661168
-2.8557321,-2.8557321
-3.5274808,-3.5274808
10.8139425,-10.0
-0.9809865,-0.9809865
0.6936096,0.6936096
2.9603221,2.9603221
3.2558131,3.2558131
-0.1378077,-0.1378077
1.6973555,1.6973555
4.4467457,4.4467457
-1.1054805,-1.1054805
9.4144362,9.4144362
-0.6353789,-0.6353789
-0.3846619,-0.3846619
6.9489001,6.9489001
4.5266987,4.5266987
1.2700468,1.2700468
3.8208018,3.8208018
1.1896963,1.1896963
0.400081,0.400081
-0.2716677,-0.2716677
14.0697556,-10.0
2.2748266,2.2748266
0.8314173,0.8314173
3.0981298,3.0981298
3.3936208,3.3936208
0.1378077,0.1378077
1.8351632,1.8351632
4.5845534,4.5845534
-0.9676728,-0.9676728
9.5522439,9.5522439
-0.4975712,-0.4975712
-0.2468542,-0.2468542
7.0867078,7.0867078
4.6645064,4.6645064
1.4078545,1.4078545
3.9586095,3.9586095
1.327504,1.327504
0.5378887,0.5378887
-0.13386,-0.13386
14.2075633,-10.0
2.4126343,2.4126343
-1.0037459,-1.0037459
1.2629666,1.2629666
1.5584576,1.5584576
-1.6973555,-1.6973555
-1.8351632,-1.8351632
2.7493902,2.7493902
-2.802836,-2.802836
7.7170807,7.7170807
-2.3327344,-2.3327344
-2.0820174,-2.0820174
5.2515446,5.2515446
2.8293432,2.8293432
-0.4273087,-0.4273087
2.1234463,2.1234463
-0.5076592,-0.5076592
-1.2972745,-1.2972745
-1.9690232,-1.9690232
12.3724001,-10.0
0.5774711,0.5774711
-3.7531361,-3.7531361
-1.4864236,-1.4864236
-1.1909326,-1.1909326
-4.4467457,-4.4467457
-4.5845534,-4.5845534
-2.7493902,-2.7493902
-5.5522262,-5.5522262
4.9676905,4.9676905
-5.0821246,-5.0821246
-4.8314076,-4.8314076
2.5021544,2.5021544
0.079953,0.079953
-3.1766989,-3.1766989
-0.6259439,-0.6259439
-3.2570494,-3.2570494
-4.0466647,-4.0466647
-4.7184134,-4.7184134
9.6230099,9.6230099
-2.1719191,-2.1719191
1.7990901,1.7990901
4.0658026,4.0658026
4.3612936,4.3612936
1.1054805,1.1054805
0.9676728,0.9676728
2.802836,2.802836
5.5522262,5.5522262
10.5199167,-10.0
0.4701016,0.4701016
0.7208186,0.7208186
8.0543806,8.0543806
5.6321792,5.6321792
2.3755273,2.3755273
4.9262823,4.9262823
2.2951768,2.2951768
1.5055615,1.5055615
0.8338128,0.8338128
15.1752361,-10.0
3.3803071,3.3803071
-8.7208266,-8.7208266
-6.4541141,-6.4541141
-6.1586231,-6.1586231
-9.4144362,-9.4144362
-9.5522439,-9.5522439
-7.7170807,-7.7170807
-4.9676905,-4.9676905
-10.5199167,-10.0
-10.0498151,-10.0
-9.7990981,-9.7990981
-2.4655361,-2.4655361
-4.8877375,-4.8877375
-8.1443894,-8.1443894
-5.5936344,-5.5936344
-8.2247399,-8.2247399
-9.0143552,-9.0143552
-9.6861039,-9.6861039
4.6553194,4.6553194
-7.1396096,-7.1396096
1.3289885,1.3289885
3.595701,3.595701
3.891192,3.891192
0.6353789,0.6353789
0.4975712,0.4975712
2.3327344,2.3327344
5.0821246,5.0821246
-0.4701016,-0.4701016
10.0498151,-10.0
0.250717,0.250717
7.584279,7.584279
5.1620776,5.1620776
1.9054257,1.9054257
4.4561807,4.4561807
1.8250752,1.8250752
1.0354599,1.0354599
0.3637112,0.3637112
14.7051345,-10.0
2.9102055,2.9102055
1.0782715,1.0782715
3.344984,3.344984
3.640475,3.640475
0.3846619,0.3846619
0.2468542,0.2468542
2.0820174,2.0820174
4.8314076,4.8314076
-0.7208186,-0.7208186
9.7990981,9.7990981
-0.250717,-0.250717
7.333562,7.333562
4.9113606,4.9113606
1.6547087,1.6547087
4.2054637,4.2054637
1.5743582,1.5743582
0.7847429,0.7847429
0.1129942,0.1129942
14.4544175,-10.0
2.6594885,2.6594885
-6.2552905,-6.2552905
-3.988578,-3.988578
-3.693087,-3.693087
-6.9489001,-6.9489001
-7.0867078,-7.0867078
-5.2515446,-5.2515446
-2.5021544,-2.5021544
-8.0543806,-8.0543806
2.4655361,2.4655361
-7.584279,-7.584279
-7.333562,-7.333562
-2.4222014,-2.4222014
-5.6788533,-5.6788533
-3.1280983,-3.1280983
-5.7592038,-5.7592038
-6.5488191,-6.5488191
-7.2205678,-7.2205678
7.1208555,7.1208555
-4.6740735,-4.6740735
-3.8330891,-3.8330891
-1.5663766,-1.5663766
-1.2708856,-1.2708856
-4.5266987,-4.5266987
-4.6645064,-4.6645064
-2.8293432,-2.8293432
-0.079953,-0.079953
-5.6321792,-5.6321792
4.8877375,4.8877375
-5.1620776,-5.1620776
-4.9113606,-4.9113606
2.4222014,2.4222014
-3.2566519,-3.2566519
-0.7058969,-0.7058969
-3.3370024,-3.3370024
-4.1266177,-4.1266177
-4.7983664,-4.7983664
9.5430569,9.5430569
-2.2518721,-2.2518721
-0.5764372,-0.5764372
1.6902753,1.6902753
1.9857663,1.9857663
-1.2700468,-1.2700468
-1.4078545,-1.4078545
0.4273087,0.4273087
3.1766989,3.1766989
-2.3755273,-2.3755273
8.1443894,8.1443894
-1.9054257,-1.9054257
-1.6547087,-1.6547087
5.6788533,5.6788533
3.2566519,3.2566519
2.550755,2.550755
-0.0803505,-0.0803505
-0.8699658,-0.8699658
-1.5417145,-1.5417145
12.7997088,-10.0
1.0047798,1.0047798
-3.1271922,-3.1271922
-0.8604797,-0.8604797
-0.5649887,-0.5649887
-3.8208018,-3.8208018
-3.9586095,-3.9586095
-2.1234463,-2.1234463
0.6259439,0.6259439
-4.9262823,-4.9262823
5.5936344,5.5936344
-4.4561807,-4.4561807
-4.2054637,-4.2054637
3.1280983,3.1280983
0.7058969,0.7058969
-2.550755,-2.550755
-2.6311055,-2.6311055
-3.4207208,-3.4207208
-4.0924695,-4.0924695
10.2489538,-10.0
-1.5459752,-1.5459752
-0.4960867,-0.4960867
1.7706258,1.7706258
2.0661168,2.0661168
-1.1896963,-1.1896963
-1.327504,-1.327504
0.5076592,0.5076592
3.2570494,3.2570494
-2.2951768,-2.2951768
8.2247399,8.2247399
-1.8250752,-1.8250752
-1.5743582,-1.5743582
5.7592038,5.7592038
3.3370024,3.3370024
0.0803505,0.0803505
2.6311055,2.6311055
-0.7896153,-0.7896153
-1.461364,-1.461364
12.8800593,-10.0
1.0851303,1.0851303
0.2935286,0.2935286
2.5602411,2.5602411
2.8557321,2.8557321
-0.400081,-0.400081
-0.5378887,-0.5378887
1.2972745,1.2972745
4.0466647,4.0466647
-1.5055615,-1.5055615
9.0143552,9.0143552
-1.0354599,-1.0354599
-0.7847429,-0.7847429
6.5488191,6.5488191
4.1266177,4.1266177
0.8699658,0.8699658
3.4207208,3.4207208
0.7896153,0.7896153
-0.6717487,-0.6717487
13.6696746,-10.0
1.8747456,1.8747456
0.9652773,0.9652773
3.2319898,3.2319898
3.5274808,3.5274808
0.2716677,0.2716677
0.13386,0.13386
1.9690232,1.9690232
4.7184134,4.7184134
-0.8338128,-0.8338128
9.6861039,9.6861039
-0.3637112,-0.3637112
-0.1129942,-0.1129942
7.2205678,7.2205678
4.7983664,4.7983664
1.5417145,1.5417145
4.0924695,4.0924695
1.461364,1.461364
0.6717487,0.6717487
14.3414233,-10.0
2.5464943,2.5464943
-13.376146,-10.0
-11.1094335,-10.0
-10.8139425,-10.0
-14.0697556,-10.0
-14.2075633,-10.0
-12.3724001,-10.0
-9.6230099,-9.6230099
-15.1752361,-10.0
-4.6553194,-4.6553194
-14.7051345,-10.0
-14.4544175,-10.0
-7.1208555,-7.1208555
-9.5430569,-9.5430569
-12.7997088,-10.0
-10.2489538,-10.0
-12.8800593,-10.0
-13.6696746,-10.0
-14.3414233,-10.0
-11.794929,-10.0
-1.581217,-1.581217
0.6854955,0.6854955
0.9809865,0.9809865
-2.2748266,-2.2748266
-2.4126343,-2.4126343
-0.5774711,-0.5774711
2.1719191,2.1719191
-3.3803071,-3.3803071
7.1396096,7.1396096
-2.9102055,-2.9102055
-2.6594885,-2.6594885
4.6740735,4.6740735
2.2518721,2.2518721
-1.0047798,-1.0047798
1.5459752,1.5459752
-1.0851303,-1.0851303
-1.8747456,-1.8747456
-2.5464943,-2.5464943
11.794929,-10.0
1.5180113,1.5180113
3.0179637,3.0179637
2.3054969,2.3054969
0.0698077,0.0698077
1.0503537,1.0503537
4.2224027,4.2224027
-0.2446302,-0.2446302
1.711264,1.711264
0.1203542,0.1203542
0.0552776,0.0552776
2.7732283,2.7732283
6.8520706,6.8520706
2.070294,2.070294
3.1598687,3.1598687
1.4253551,1.4253551
1.5652353,1.5652353
-0.2220925,-0.2220925
13.6263582,-10.0
6.706155,6.706155
-1.5180113,-1.5180113
1.4999524,1.4999524
0.7874856,0.7874856
-1.4482036,-1.4482036
-0.4676576,-0.4676576
2.7043914,2.7043914
-1.7626415,-1.7626415
0.1932527,0.1932527
-1.3976571,-1.3976571
-1.4627337,-1.4627337
1.255217,1.255217
5.3340593,5.3340593
0.5522827,0.5522827
1.6418574,1.6418574
-0.0926562,-0.0926562
0.047224,0.047224
-1.7401038,-1.7401038
12.1083469,-10.0
5.1881437,5.1881437
-3.0179637,-3.0179637
-1.4999524,-1.4999524
-0.7124668,-0.7124668
-2.948156,-2.948156
-1.96761,-1.96761
1.204439,1.204439
-3.2625939,-3.2625939
-1.3066997,-1.3066997
-2.8976095,-2.8976095
-2.9626861,-2.9626861
-0.2447354,-0.2447354
3.8341069,3.8341069
-0.9476697,-0.9476697
0.141905,0.141905
-1.5926086,-1.5926086
-1.4527284,-1.4527284
-3.2400562,-3.2400562
10.6083945,-10.0
3.6881913,3.6881913
-2.3054969,-2.3054969
-0.7874856,-0.7874856
0.7124668,0.7124668
-2.2356892,-2.2356892
-1.2551432,-1.2551432
1.9169058,1.9169058
-2.5501271,-2.5501271
-0.5942329,-0.5942329
-2.1851427,-2.1851427
-2.2502193,-2.2502193
0.4677314,0.4677314
4.5465737,4.5465737
-0.2352029,-0.2352029
0.8543718,0.8543718
-0.8801418,-0.8801418
-0.7402616,-0.7402616
-2.5275894,-2.5275894
11.3208613,-10.0
4.4006581,4.4006581
-0.0698077,-0.0698077
1.4482036,1.4482036
2.948156,2.948156
2.2356892,2.2356892
0.980546,0.980546
4.152595,4.152595
-0.3144379,-0.3144379
1.6414563,1.6414563
0.0505465,0.0505465
-0.0145301,-0.0145301
2.7034206,2.7034206
6.7822629,6.7822629
2.0004863,2.0004863
3.090061,3.090061
1.3555474,1.3555474
1.4954276,1.4954276
-0.2919002,-0.2919002
13.5565505,-10.0
6.6363473,6.6363473
-1.0503537,-1.0503537
0.4676576,0.4676576
1.96761,1.96761
1.2551432,1.2551432
-0.980546,-0.980546
3.172049,3.172049
-1.2949839,-1.2949839
0.6609103,0.6609103
-0.9299995,-0.9299995
-0.9950761,-0.9950761
1.7228746,1.7228746
5.8017169,5.8017169
1.0199403,1.0199403
2.109515,2.109515
0.3750014,0.3750014
0.5148816,0.5148816
-1.2724462,-1.2724462
12.5760045,-10.0
5.6558013,5.6558013
-4.2224027,-4.2224027
-2.7043914,-2.7043914
-1.204439,-1.204439
-1.9169058,-1.9169058
-4.152595,-4.152595
-3.172049,-3.172049
-4.4670329,-4.4670329
-2.5111387,-2.5111387
-4.1020485,-4.1020485
-4.1671251,-4.1671251
-1.4491744,-1.4491744
2.6296679,2.6296679
-2.1521087,-2.1521087
-1.062534,-1.062534
-2.7970476,-2.7970476
-2.6571674,-2.6571674
-4.4444952,-4.4444952
9.4039555,9.4039555
2.4837523,2.4837523
0.2446302,0.2446302
1.7626415,1.7626415
3.2625939,3.2625939
2.5501271,2.5501271
0.3144379,0.3144379
1.2949839,1.2949839
4.4670329,4.4670329
1.9558942,1.9558942
0.3649844,0.3649844
0.2999078,0.2999078
3.0178585,3.0178585
7.0967008,7.0967008
2.3149242,2.3149242
3.4044989,3.4044989
1.6699853,1.6699853
1.8098655,1.8098655
0.0225377,0.0225377
13.8709884,-10.0
6.9507852,6.9507852
-1.711264,-1.711264
-0.1932527,-0.1932527
1.3066997,1.3066997
0.5942329,0.5942329
-1.6414563,-1.6414563
-0.6609103,-0.6609103
2.5111387,2.5111387
-1.9558942,-1.9558942
-1.5909098,-1.5909098
-1.6559864,-1.6559864
1.0619643,1.0619643
5.1408066,5.1408066
0.35903,0.35903
1.4486047,1.4486047
-0.2859089,-0.2859089
-0.1460287,-0.1460287
-1.9333565,-1.9333565
11.9150942,-10.0
4.994891,4.994891
-0.1203542,-0.1203542
1.3976571,1.3976571
2.8976095,2.8976095
2.1851427,2.1851427
-0.0505465,-0.0505465
0.9299995,0.9299995
4.1020485,4.1020485
-0.3649844,-0.3649844
1.5909098,1.5909098
-0.0650766,-0.0650766
2.6528741,2.6528741
6.7317164,6.7317164
1.9499398,1.9499398
3.0395145,3.0395145
1.3050009,1.3050009
1.4448811,1.4448811
-0.3424467,-0.3424467
13.506004,-10.0
6.5858008,6.5858008
-0.0552776,-0.0552776
1.4627337,1.4627337
2.9626861,2.9626861
2.2502193,2.2502193
0.0145301,0.0145301
0.9950761,0.9950761
4.1671251,4.1671251
-0.2999078,-0.2999078
1.6559864,1.6559864
0.0650766,0.0650766
2.7179507,2.7179507
6.796793,6.796793
2.0150164,2.0150164
3.1045911,3.1045911
1.3700775,1.3700775
1.5099577,1.5099577
-0.2773701,-0.2773701
13.5710806,-10.0
6.6508774,6.6508774
-2.7732283,-2.7732283
-1.255217,-1.255217
0.2447354,0.2447354
-0.4677314,-0.4677314
-2.7034206,-2.7034206
-1.7228746,-1.7228746
1.4491744,1.4491744
-3.0178585,-3.0178585
-1.0619643,-1.0619643
-2.6528741,-2.6528741
-2.7179507,-2.7179507
4.0788423,4.0788423
-0.7029343,-0.7029343
0.3866404,0.3866404
-1.3478732,-1.3478732
-1.207993,-1.207993
-2.9953208,-2.9953208
10.8531299,-10.0
3.9329267,3.9329267
-6.8520706,-6.8520706
-5.3340593,-5.3340593
-3.8341069,-3.8341069
-4.5465737,-4.5465737
-6.7822629,-6.7822629
-5.8017169,-5.8017169
-2.6296679,-2.6296679
-7.0967008,-7.0967008
-5.1408066,-5.1408066
-6.7317164,-6.7317164
-6.796793,-6.796793
-4.0788423,-4.0788423
-4.7817766,-4.7817766
-3.6922019,-3.6922019
-5.4267155,-5.4267155
-5.2868353,-5.2868353
-7.0741631,-7.0741631
6.7742876,6.7742876
-0.1459156,-0.1459156
-2.070294,-2.070294
-0.5522827,-0.5522827
0.9476697,0.9476697
0.2352029,0.2352029
-2.0004863,-2.0004863
-1.0199403,-1.0199403
2.1521087,2.1521087
-2.3149242,-2.3149242
-0.35903,-0.35903
-1.9499398,-1.9499398
-2.0150164,-2.0150164
0.7029343,0.7029343
4.7817766,4.7817766
1.0895747,1.0895747
-0.6449389,-0.6449389
-0.5050587,-0.5050587
-2.2923865,-2.2923865
11.5560642,-10.0
4.635861,4.635861
-3.1598687,-3.1598687
-1.6418574,-1.6418574
-0.141905,-0.141905
-0.8543718,-0.8543718
-3.090061,-3.090061
-2.109515,-2.109515
1.062534,1.062534
-3.4044989,-3.4044989
-1.4486047,-1.4486047
-3.0395145,-3.0395145
-3.1045911,-3.1045911
-0.3866404,-0.3866404
3.6922019,3.6922019
-1.0895747,-1.0895747
-1.7345136,-1.7345136
-1.5946334,-1.5946334
-3.3819612,-3.3819612
10.4664895,-10.0
3.5462863,3.5462863
-1.4253551,-1.4253551
0.0926562,0.0926562
1.5926086,1.5926086
0.8801418,0.8801418
-1.3555474,-1.3555474
-0.3750014,-0.3750014
2.7970476,2.7970476
-1.6699853,-1.6699853
0.2859089,0.2859089
-1.3050009,-1.3050009
-1.3700775,-1.3700775
1.3478732,1.3478732
5.4267155,5.4267155
0.6449389,0.6449389
1.7345136,1.7345136
0.1398802,0.1398802
-1.6474476,-1.6474476
12.2010031,-10.0
5.2807999,5.2807999
-1.5652353,-1.5652353
-0.047224,-0.047224
1.4527284,1.4527284
0.7402616,0.7402616
-1.4954276,-1.4954276
-0.5148816,-0.5148816
2.6571674,2.6571674
-1.8098655,-1.8098655
0.1460287,0.1460287
-1.4448811,-1.4448811
-1.5099577,-1.5099577
1.207993,1.207993
5.2868353,5.2868353
0.5050587,0.5050587
1.5946334,1.5946334
-0.1398802,-0.1398802
-1.7873278,-1.7873278
12.0611229,-10.0
5.1409197,5.1409197
0.2220925,0.2220925
1.7401038,1.7401038
3.2400562,3.2400562
2.5275894,2.5275894
0.2919002,0.2919002
1.2724462,1.2724462
4.4444952,4.4444952
-0.0225377,-0.0225377
1.9333565,1.9333565
0.3424467,0.3424467
0.2773701,0.2773701
2.9953208,2.9953208
7.0741631,7.0741631
2.2923865,2.2923865
3.3819612,3.3819612
1.6474476,1.6474476
1.7873278,1.7873278
13.8484507,-10.0
6.9282475,6.9282475
-13.6263582,-10.0
-12.1083469,-10.0
-10.6083945,-10.0
-11.3208613,-10.0
-13.5565505,-10.0
-12.5760045,-10.0
-9.4039555,-9.4039555
-13.8709884,-10.0
-11.9150942,-10.0
-13.506004,-10.0
-13.5710806,-10.0
-10.8531299,-10.0
-6.7742876,-6.7742876
-11.5560642,-10.0
-10.4664895,-10.0
-12.2010031,-10.0
-12.0611229,-10.0
-13.8484507,-10.0
-6.9202032,-6.9202032
-6.706155,-6.706155
-5.1881437,-5.1881437
-3.6881913,-3.6881913
-4.4006581,-4.4006581
-6.6363473,-6.6363473
-5.6558013,-5.6558013
-2.4837523,-2.4837523
-6.9507852,-6.9507852
-4.994891,-4.994891
-6.5858008,-6.5858008
-6.6508774,-6.6508774
-3.9329267,-3.9329267
0.1459156,0.1459156
-4.635861,-4.635861
-3.5462863,-3.5462863
-5.2807999,-5.2807999
-5.1409197,-5.1409197
-6.9282475,-6.9282475
6.9202032,6.9202032
0.8685079,0.8685079
2.0515309,2.0515309
8.6858495,8.6858495
-0.7272679,-0.7272679
1.5033743,1.5033743
-0.2666932,-0.2666932
-1.6981765,-1.6981765
-0.1162306,-0.1162306
-1.4175341,-1.4175341
-3.6078419,-3.6078419
-1.0448908,-1.0448908
0.8949388,0.8949388
-3.2812807,-3.2812807
1.5977445,1.5977445
-0.0642124,-0.0642124
-0.9368654,-0.9368654
-0.8369149,-0.8369149
-2.4501689,-2.4501689
-1.6872785,-1.6872785
-0.8685079,-0.8685079
1.183023,1.183023
7.8173416,7.8173416
-1.5957758,-1.5957758
0.6348664,0.6348664
-1.1352011,-1.1352011
-2.5666844,-2.5666844
-0.9847385,-0.9847385
-2.286042,-2.286042
-4.4763498,-4.4763498
-1.9133987,-1.9133987
0.0264309,0.0264309
-4.1497886,-4.1497886
0.7292366,0.7292366
-0.9327203,-0.9327203
-1.8053733,-1.8053733
-1.7054228,-1.7054228
-3.3186768,-3.3186768
-2.5557864,-2.5557864
-2.0515309,-2.0515309
-1.183023,-1.183023
6.6343186,6.6343186
-2.7787988,-2.7787988
-0.5481566,-0.5481566
-2.3182241,-2.3182241
-3.7497074,-3.7497074
-2.1677615,-2.1677615
-3.469065,-3.469065
-5.6593728,-5.6593728
-3.0964217,-3.0964217
-1.1565921,-1.1565921
-5.3328116,-5.3328116
-0.4537864,-0.4537864
-2.1157433,-2.1157433
-2.9883963,-2.9883963
-2.8884458,-2.8884458
-4.5016998,-4.5016998
-3.7388094,-3.7388094
-8.6858495,-8.6858495
-7.8173416,-7.8173416
-6.6343186,-6.6343186
-9.4131174,-9.4131174
-7.1824752,-7.1824752
-8.9525427,-8.9525427
-10.384026,-10.0
-8.8020801,-8.8020801
-10.1033836,-10.0
-12.2936914,-10.0
-9.7307403,-9.7307403
-7.7909107,-7.7909107
-11.9671302,-10.0
-7.088105,-7.088105
-8.7500619,-8.7500619
-9.6227149,-9.6227149
-9.5227644,-9.5227644
-11.1360184,-10.0
-10.373128,-10.0
0.7272679,0.7272679
1.5957758,1.5957758
2.7787988,2.7787988
9.4131174,9.4131174
2.2306422,2.2306422
0.4605747,0.4605747
-0.9709086,-0.9709086
0.6110373,0.6110373
-0.6902662,-0.6902662
-2.880574,-2.880574
-0.3176229,-0.3176229
1.6222067,1.6222067
-2.5540128,-2.5540128
2.3250124,2.3250124
0.6630555,0.6630555
-0.2095975,-0.2095975
-0.109647,-0.109647
-1.722901,-1.722901
-0.9600106,-0.9600106
-1.5033743,-1.5033743
-0.6348664,-0.6348664
0.5481566,0.5481566
7.1824752,7.1824752
-2.2306422,-2.2306422
-1.7700675,-1.7700675
-3.2015508,-3.2015508
-1.6196049,-1.6196049
-2.9209084,-2.9209084
-5.1112162,-5.1112162
-2.5482651,-2.5482651
-0.6084355,-0.6084355
-4.784655,-4.784655
0.0943702,0.0943702
-1.5675867,-1.5675867
-2.4402397,-2.4402397
-2.3402892,-2.3402892
-3.9535432,-3.9535432
-3.1906528,-3.1906528
0.2666932,0.2666932
1.1352011,1.1352011
2.3182241,2.3182241
8.9525427,8.9525427
-0.4605747,-0.4605747
1.7700675,1.7700675
-1.4314833,-1.4314833
0.1504626,0.1504626
-1.1508409,-1.1508409
-3.3411487,-3.3411487
-0.7781976,-0.7781976
1.161632,1.161632
-3.0145875,-3.0145875
1.8644377,1.8644377
0.2024808,0.2024808
-0.6701722,-0.6701722
-0.5702217,-0.5702217
-2.1834757,-2.1834757
-1.4205853,-1.4205853
1.6981765,1.6981765
2.5666844,2.5666844
3.7497074,3.7497074
10.384026,-10.0
0.9709086,0.9709086
3.2015508,3.2015508
1.4314833,1.4314833
1.5819459,1.5819459
0.2806424,0.2806424
-1.9096654,-1.9096654
0.6532857,0.6532857
2.5931153,2.5931153
-1.5831042,-1.5831042
3.295921,3.295921
1.6339641,1.6339641
0.7613111,0.7613111
0.8612616,0.8612616
-0.7519924,-0.7519924
0.010898,0.010898
0.1162306,0.1162306
0.9847385,0.9847385
2.1677615,2.1677615
8.8020801,8.8020801
-0.6110373,-0.6110373
1.6196049,1.6196049
-0.1504626,-0.1504626
-1.5819459,-1.5819459
-1.3013035,-1.3013035
-3.4916113,-3.4916113
-0.9286602,-0.9286602
1.0111694,1.0111694
-3.1650501,-3.1650501
1.7139751,1.7139751
0.0520182,0.0520182
-0.8206348,-0.8206348
-0.7206843,-0.7206843
-2.3339383,-2.3339383
-1.5710479,-1.5710479
1.4175341,1.4175341
2.286042,2.286042
3.469065,3.469065
10.1033836,-10.0
0.6902662,0.6902662
2.9209084,2.9209084
1.1508409,1.1508409
-0.2806424,-0.2806424
1.3013035,1.3013035
-2.1903078,-2.1903078
0.3726433,0.3726433
2.3124729,2.3124729
-1.8637466,-1.8637466
3.0152786,3.0152786
1.3533217,1.3533217
0.4806687,0.4806687
0.5806192,0.5806192
-1.0326348,-1.0326348
-0.2697444,-0.2697444
3.6078419,3.6078419
4.4763498,4.4763498
5.6593728,5.6593728
12.2936914,-10.0
2.880574,2.880574
5.1112162,5.1112162
3.3411487,3.3411487
1.9096654,1.9096654
3.4916113,3.4916113
2.1903078,2.1903078
2.5629511,2.5629511
4.5027807,4.5027807
0.3265612,0.3265612
5.2055864,5.2055864
3.5436295,3.5436295
2.6709765,2.6709765
2.770927,2.770927
1.157673,1.157673
1.9205634,1.9205634
1.0448908,1.0448908
1.9133987,1.9133987
3.0964217,3.0964217
9.7307403,9.7307403
0.3176229,0.3176229
2.5482651,2.5482651
0.7781976,0.7781976
-0.6532857,-0.6532857
0.9286602,0.9286602
-0.3726433,-0.3726433
-2.5629511,-2.5629511
1.9398296,1.9398296
-2.2363899,-2.2363899
2.6426353,2.6426353
0.9806784,0.9806784
0.1080254,0.1080254
0.2079759,0.2079759
-1.4052781,-1.4052781
-0.6423877,-0.6423877
-0.8949388,-0.8949388
-0.0264309,-0.0264309
1.1565921,1.1565921
7.7909107,7.7909107
-1.6222067,-1.6222067
0.6084355,0.6084355
-1.161632,-1.161632
-2.5931153,-2.5931153
-1.0111694,-1.0111694
-2.3124729,-2.3124729
-4.5027807,-4.5027807
-1.9398296,-1.9398296
-4.1762195,-4.1762195
0.7028057,0.7028057
-0.9591512,-0.9591512
-1.8318042,-1.8318042
-1.7318537,-1.7318537
-3.3451077,-3.3451077
-2.5822173,-2.5822173
3.2812807,3.2812807
4.1497886,4.1497886
5.3328116,5.3328116
11.9671302,-10.0
2.5540128,2.5540128
4.784655,4.784655
3.0145875,3.0145875
1.5831042,1.5831042
3.1650501,3.1650501
1.8637466,1.8637466
-0.3265612,-0.3265612
2.2363899,2.2363899
4.1762195,4.1762195
4.8790252,4.8790252
3.2170683,3.2170683
2.3444153,2.3444153
2.4443658,2.4443658
0.8311118,0.8311118
1.5940022,1.5940022
-1.5977445,-1.5977445
-0.7292366,-0.7292366
0.4537864,0.4537864
7.088105,7.088105
-2.3250124,-2.3250124
-0.0943702,-0.0943702
-1.8644377,-1.8644377
-3.295921,-3.295921
-1.7139751,-1.7139751
-3.0152786,-3.0152786
-5.2055864,-5.2055864
-2.6426353,-2.6426353
-0.7028057,-0.7028057
-4.8790252,-4.8790252
-1.6619569,-1.6619569
-2.5346099,-2.5346099
-2.4346594,-2.4346594
-4.0479134,-4.0479134
-3.285023,-3.285023
0.0642124,0.0642124
0.9327203,0.9327203
2.1157433,2.1157433
8.7500619,8.7500619
-0.6630555,-0.6630555
1.5675867,1.5675867
-0.2024808,-0.2024808
-1.6339641,-1.6339641
-0.0520182,-0.0520182
-1.3533217,-1.3533217
-3.5436295,-3.5436295
-0.9806784,-0.9806784
0.9591512,0.9591512
-3.2170683,-3.2170683
1.6619569,1.6619569
-0.872653,-0.872653
-0.7727025,-0.7727025
-2.3859565,-2.3859565
-1.6230661,-1.6230661
0.9368654,0.9368654
1.8053733,1.8053733
2.9883963,2.9883963
9.6227149,9.6227149
0.2095975,0.2095975
2.4402397,2.4402397
0.6701722,0.6701722
-0.7613111,-0.7613111
0.8206348,0.8206348
-0.4806687,-0.4806687
-2.6709765,-2.6709765
-0.1080254,-0.1080254
1.8318042,1.8318042
-2.3444153,-2.3444153
2.5346099,2.5346099
0.872653,0.872653
0.0999505,0.0999505
-1.5133035,-1.5133035
-0.7504131,-0.7504131
0.8369149,0.8369149
1.7054228,1.7054228
2.8884458,2.8884458
9.5227644,9.5227644
0.109647,0.109647
2.3402892,2.3402892
0.5702217,0.5702217
-0.8612616,-0.8612616
0.7206843,0.7206843
-0.5806192,-0.5806192
-2.770927,-2.770927
-0.2079759,-0.2079759
1.7318537,1.7318537
-2.4443658,-2.4443658
2.4346594,2.4346594
0.7727025,0.7727025
-0.0999505,-0.0999505
-1.613254,-1.613254
-0.8503636,-0.8503636
2.4501689,2.4501689
3.3186768,3.3186768
4.5016998,4.5016998
11.1360184,-10.0
1.722901,1.722901
3.9535432,3.9535432
2.1834757,2.1834757
0.7519924,0.7519924
2.3339383,2.3339383
1.0326348,1.0326348
-1.157673,-1.157673
1.4052781,1.4052781
3.3451077,3.3451077
-0.8311118,-0.8311118
4.0479134,4.0479134
2.3859565,2.3859565
1.5133035,1.5133035
1.613254,1.613254
0.7628904,0.7628904
1.6872785,1.6872785
2.5557864,2.5557864
3.7388094,3.7388094
10.373128,-10.0
0.9600106,0.9600106
3.1906528,3.1906528
1.4205853,1.4205853
-0.010898,-0.010898
1.5710479,1.5710479
0.2697444,0.2697444
-1.9205634,-1.9205634
0.6423877,0.6423877
2.5822173,2.5822173
-1.5940022,-1.5940022
3.285023,3.285023
1.6230661,1.6230661
0.7504131,0.7504131
0.8503636,0.8503636
-0.7628904,-0.7628904
2.5378689,2.5378689
2.2706603,2.2706603
1.9532198,1.9532198
0.6011579,0.6011579
-0.528711,-0.528711
4.161894,4.161894
0.9833996,0.9833996
3.0900105,3.0900105
1.2436317,1.2436317
0.5587762,0.5587762
2.5092693,2.5092693
3.7679006,3.7679006
3.1424083,3.1424083
5.5890651,5.5890651
0.8029805,0.8029805
1.5970548,1.5970548
3.2194774,3.2194774
8.8119008,8.8119008
2.139274,2.139274
-2.5378689,-2.5378689
-0.2672086,-0.2672086
-0.5846491,-0.5846491
-1.936711,-1.936711
-3.0665799,-3.0665799
1.6240251,1.6240251
-1.5544693,-1.5544693
0.5521416,0.5521416
-1.2942372,-1.2942372
-1.9790927,-1.9790927
-0.0285996,-0.0285996
1.2300317,1.2300317
0.6045394,0.6045394
3.0511962,3.0511962
-1.7348884,-1.7348884
-0.9408141,-0.9408141
0.6816085,0.6816085
6.2740319,6.2740319
-0.3985949,-0.3985949
-2.2706603,-2.2706603
0.2672086,0.2672086
-0.3174405,-0.3174405
-1.6695024,-1.6695024
-2.7993713,-2.7993713
1.8912337,1.8912337
-1.2872607,-1.2872607
0.8193502,0.8193502
-1.0270286,-1.0270286
-1.7118841,-1.7118841
0.238609,0.238609
1.4972403,1.4972403
0.871748,0.871748
3.3184048,3.3184048
-1.4676798,-1.4676798
-0.6736055,-0.6736055
0.9488171,0.9488171
6.5412405,6.5412405
-0.1313863,-0.1313863
-1.9532198,-1.9532198
0.5846491,0.5846491
0.3174405,0.3174405
-1.3520619,-1.3520619
-2.4819308,-2.4819308
2.2086742,2.2086742
-0.9698202,-0.9698202
1.1367907,1.1367907
-0.7095881,-0.7095881
-1.3944436,-1.3944436
0.5560495,0.5560495
1.8146808,1.8146808
1.1891885,1.1891885
3.6358453,3.6358453
-1.1502393,-1.1502393
-0.356165,-0.356165
1.2662576,1.2662576
6.858681,6.858681
0.1860542,0.1860542
-0.6011579,-0.6011579
1.936711,1.936711
1.6695024,1.6695024
1.3520619,1.3520619
-1.1298689,-1.1298689
3.5607361,3.5607361
0.3822417,0.3822417
2.4888526,2.4888526
0.6424738,0.6424738
-0.0423817,-0.0423817
1.9081114,1.9081114
3.1667427,3.1667427
2.5412504,2.5412504
4.9879072,4.9879072
0.2018226,0.2018226
0.9958969,0.9958969
2.6183195,2.6183195
8.2107429,8.2107429
1.5381161,1.5381161
0.528711,0.528711
3.0665799,3.0665799
2.7993713,2.7993713
2.4819308,2.4819308
1.1298689,1.1298689
4.690605,4.690605
1.5121106,1.5121106
3.6187215,3.6187215
1.7723427,1.7723427
1.0874872,1.0874872
3.0379803,3.0379803
4.2966116,4.2966116
3.6711193,3.6711193
6.1177761,6.1177761
1.3316915,1.3316915
2.1257658,2.1257658
3.7481884,3.7481884
9.3406118,9.3406118
2.667985,2.667985
-4.161894,-4.161894
-1.6240251,-1.6240251
-1.8912337,-1.8912337
-2.2086742,-2.2086742
-3.5607361,-3.5607361
-4.690605,-4.690605
-3.1784944,-3.1784944
-1.0718835,-1.0718835
-2.9182623,-2.9182623
-3.6031178,-3.6031178
-1.6526247,-1.6526247
-0.3939934,-0.3939934
-1.0194857,-1.0194857
1.4271711,1.4271711
-3.3589135,-3.3589135
-2.5648392,-2.5648392
-0.9424166,-0.9424166
4.6500068,4.6500068
-2.02262,-2.02262
-0.9833996,-0.9833996
1.5544693,1.5544693
1.2872607,1.2872607
0.9698202,0.9698202
-0.3822417,-0.3822417
-1.5121106,-1.5121106
3.1784944,3.1784944
2.1066109,2.1066109
0.2602321,0.2602321
-0.4246234,-0.4246234
1.5258697,1.5258697
2.784501,2.784501
2.1590087,2.1590087
4.6056655,4.6056655
-0.1804191,-0.1804191
0.6136552,0.6136552
2.2360778,2.2360778
7.8285012,7.8285012
1.1558744,1.1558744
-3.0900105,-3.0900105
-0.5521416,-0.5521416
-0.8193502,-0.8193502
-1.1367907,-1.1367907
-2.4888526,-2.4888526
-3.6187215,-3.6187215
1.0718835,1.0718835
-2.1066109,-2.1066109
-1.8463788,-1.8463788
-2.5312343,-2.5312343
-0.5807412,-0.5807412
0.6778901,0.6778901
0.0523978,0.0523978
2.4990546,2.4990546
-2.28703,-2.28703
-1.4929557,-1.4929557
0.1294669,0.1294669
5.7218903,5.7218903
-0.9507365,-0.9507365
-1.2436317,-1.2436317
1.2942372,1.2942372
1.0270286,1.0270286
0.7095881,0.7095881
-0.6424738,-0.6424738
-1.7723427,-1.7723427
2.9182623,2.9182623
-0.2602321,-0.2602321
1.8463788,1.8463788
-0.6848555,-0.6848555
1.2656376,1.2656376
2.5242689,2.5242689
1.8987766,1.8987766
4.3454334,4.3454334
-0.4406512,-0.4406512
0.3534231,0.3534231
1.9758457,1.9758457
7.5682691,7.5682691
0.8956423,0.8956423
-0.5587762,-0.5587762
1.9790927,1.9790927
1.7118841,1.7118841
1.3944436,1.3944436
0.0423817,0.0423817
-1.0874872,-1.0874872
3.6031178,3.6031178
0.4246234,0.4246234
2.5312343,2.5312343
0.6848555,0.6848555
1.9504931,1.9504931
3.2091244,3.2091244
2.5836321,2.5836321
5.0302889,5.0302889
0.2442043,0.2442043
1.0382786,1.0382786
2.6607012,2.6607012
8.2531246,8.2531246
1.5804978,1.5804978
-2.5092693,-2.5092693
0.0285996,0.0285996
-0.238609,-0.238609
-0.5560495,-0.5560495
-1.9081114,-1.9081114
-3.0379803,-3.0379803
1.6526247,1.6526247
-1.5258697,-1.5258697
0.5807412,0.5807412
-1.2656376,-1.2656376
-1.9504931,-1.9504931
1.2586313,1.2586313
0.633139,0.633139
3.0797958,3.0797958
-1.7062888,-1.7062888
-0.9122145,-0.9122145
0.7102081,0.7102081
6.3026315,6.3026315
-0.3699953,-0.3699953
-3.7679006,-3.7679006
-1.2300317,-1.2300317
-1.4972403,-1.4972403
-1.8146808,-1.8146808
-3.1667427,-3.1667427
-4.2966116,-4.2966116
0.3939934,0.3939934
-2.784501,-2.784501
-0.6778901,-0.6778901
-2.5242689,-2.5242689
-3.2091244,-3.2091244
-1.2586313,-1.2586313
-0.6254923,-0.6254923
1.8211645,1.8211645
-2.9649201,-2.9649201
-2.1708458,-2.1708458
-0.5484232,-0.5484232
5.0440002,5.0440002
-1.6286266,-1.6286266
-3.1424083,-3.1424083
-0.6045394,-0.6045394
-0.871748,-0.871748
-1.1891885,-1.1891885
-2.5412504,-2.5412504
-3.6711193,-3.6711193
1.0194857,1.0194857
-2.1590087,-2.1590087
-0.0523978,-0.0523978
-1.8987766,-1.8987766
-2.5836321,-2.5836321
-0.633139,-0.633139
0.6254923,0.6254923
2.4466568,2.4466568
-2.3394278,-2.3394278
-1.5453535,-1.5453535
0.0770691,0.0770691
5.6694925,5.6694925
-1.0031343,-1.0031343
-5.5890651,-5.5890651
-3.0511962,-3.0511962
-3.3184048,-3.3184048
-3.6358453,-3.6358453
-4.9879072,-4.9879072
-6.1177761,-6.1177761
-1.4271711,-1.4271711
-4.6056655,-4.6056655
-2.4990546,-2.4990546
-4.3454334,-4.3454334
-5.0302889,-5.0302889
-3.0797958,-3.0797958
-1.8211645,-1.8211645
-2.4466568,-2.4466568
-4.7860846,-4.7860846
-3.9920103,-3.9920103
-2.3695877,-2.3695877
3.2228357,3.2228357
-3.4497911,-3.4497911
-0.8029805,-0.8029805
1.7348884,1.7348884
1.4676798,1.4676798
1.1502393,1.1502393
-0.2018226,-0.2018226
-1.3316915,-1.3316915
3.3589135,3.3589135
0.1804191,0.1804191
2.28703,2.28703
0.4406512,0.4406512
-0.2442043,-0.2442043
1.7062888,1.7062888
2.9649201,2.9649201
2.3394278,2.3394278
4.7860846,4.7860846
0.7940743,0.7940743
2.4164969,2.4164969
8.0089203,8.0089203
1.3362935,1.3362935
-1.5970548,-1.5970548
0.9408141,0.9408141
0.6736055,0.6736055
0.356165,0.356165
-0.9958969,-0.9958969
-2.1257658,-2.1257658
2.5648392,2.5648392
-0.6136552,-0.6136552
1.4929557,1.4929557
-0.3534231,-0.3534231
-1.0382786,-1.0382786
0.9122145,0.9122145
2.1708458,2.1708458
1.5453535,1.5453535
3.9920103,3.9920103
-0.7940743,-0.7940743
1.6224226,1.6224226
7.214846,7.214846
0.5422192,0.5422192
-3.2194774,-3.2194774
-0.6816085,-0.6816085
-0.9488171,-0.9488171
-1.2662576,-1.2662576
-2.6183195,-2.6183195
-3.7481884,-3.7481884
0.9424166,0.9424166
-2.2360778,-2.2360778
-0.1294669,-0.1294669
-1.9758457,-1.9758457
-2.6607012,-2.6607012
-0.7102081,-0.7102081
0.5484232,0.5484232
-0.0770691,-0.0770691
2.3695877,2.3695877
-2.4164969,-2.4164969
-1.6224226,-1.6224226
5.5924234,5.5924234
-1.0802034,-1.0802034
-8.8119008,-8.8119008
-6.2740319,-6.2740319
-6.5412405,-6.5412405
-6.858681,-6.858681
-8.2107429,-8.2107429
-9.3406118,-9.3406118
-4.6500068,-4.6500068
-7.8285012,-7.8285012
-5.7218903,-5.7218903
-7.5682691,-7.5682691
-8.2531246,-8.2531246
-6.3026315,-6.3026315
-5.0440002,-5.0440002
-5.6694925,-5.6694925
-3.2228357,-3.2228357
-8.0089203,-8.0089203
-7.214846,-7.214846
-5.5924234,-5.5924234
-6.6726268,-6.6726268
-2.139274,-2.139274
0.3985949,0.3985949
0.1313863,0.1313863
-0.1860542,-0.1860542
-1.5381161,-1.5381161
-2.667985,-2.667985
2.02262,2.02262
-1.1558744,-1.1558744
0.9507365,0.9507365
-0.8956423,-0.8956423
-1.5804978,-1.5804978
0.3699953,0.3699953
1.6286266,1.6286266
1.0031343,1.0031343
3.4497911,3.4497911
-1.3362935,-1.3362935
-0.5422192,-0.5422192
1.0802034,1.0802034
6.6726268,6.6726268
1.3689383,1.3689383
14.1346943,-10.0
13.7400423,-10.0
-1.0408307,-1.0408307
1.2739898,1.2739898
11.2455878,-10.0
-1.1193839,-1.1193839
11.9206803,-10.0
-0.8742575,-0.8742575
0.3614327,0.3614327
12.2121821,-10.0
1.6081144,1.6081144
9.9485727,9.9485727
2.4965199,2.4965199
1.5872268,1.5872268
-0.1218642,-0.1218642
-0.1564867,-0.1564867
13.5288957,-10.0
1.0702261,1.0702261
-1.3689383,-1.3689383
12.765756,-10.0
12.371104,-10.0
-2.409769,-2.409769
-0.0949485,-0.0949485
9.8766495,9.8766495
-2.4883222,-2.4883222
10.551742,-10.0
-2.2431958,-2.2431958
-1.0075056,-1.0075056
10.8432438,-10.0
0.2391761,0.2391761
8.5796344,8.5796344
1.1275816,1.1275816
0.2182885,0.2182885
-1.4908025,-1.4908025
-1.525425,-1.525425
12.1599574,-10.0
-0.2987122,-0.2987122
-14.1346943,-10.0
-12.765756,-10.0
-0.394652,-0.394652
-15.175525,-10.0
-12.8607045,-10.0
-2.8891065,-2.8891065
-15.2540782,-10.0
-2.214014,-2.214014
-15.0089518,-10.0
-13.7732616,-10.0
-1.9225122,-1.9225122
-12.5265799,-10.0
-4.1861216,-4.1861216
-11.6381744,-10.0
-12.5474675,-10.0
-14.2565585,-10.0
-14.291181,-10.0
-0.6057986,-0.6057986
-13.0644682,-10.0
-13.7400423,-10.0
-12.371104,-10.0
0.394652,0.394652
-14.780873,-10.0
-12.4660525,-10.0
-2.4944545,-2.4944545
-14.8594262,-10.0
-1.819362,-1.819362
-14.6142998,-10.0
-13.3786096,-10.0
-1.5278602,-1.5278602
-12.1319279,-10.0
-3.7914696,-3.7914696
-11.2435224,-10.0
-12.1528155,-10.0
-13.8619065,-10.0
-13.896529,-10.0
-0.2111466,-0.2111466
-12.6698162,-10.0
1.0408307,1.0408307
2.409769,2.409769
15.175525,-10.0
14.780873,-10.0
2.3148205,2.3148205
12.2864185,-10.0
-0.0785532,-0.0785532
12.961511,-10.0
0.1665732,0.1665732
1.4022634,1.4022634
13.2530128,-10.0
2.6489451,2.6489451
10.9894034,-10.0
3.5373506,3.5373506
2.6280575,2.6280575
0.9189665,0.9189665
0.884344,0.884344
14.5697264,-10.0
2.1110568,2.1110568
-1.2739898,-1.2739898
0.0949485,0.0949485
12.8607045,-10.0
12.4660525,-10.0
-2.3148205,-2.3148205
9.971598,9.971598
-2.3933737,-2.3933737
10.6466905,-10.0
-2.1482473,-2.1482473
-0.9125571,-0.9125571
10.9381923,-10.0
0.3341246,0.3341246
8.6745829,8.6745829
1.2225301,1.2225301
0.313237,0.313237
-1.395854,-1.395854
-1.4304765,-1.4304765
12.2549059,-10.0
-0.2037637,-0.2037637
-11.2455878,-10.0
-9.8766495,-9.8766495
2.8891065,2.8891065
2.4944545,2.4944545
-12.2864185,-10.0
-9.971598,-9.971598
-12.3649717,-10.0
0.6750925,0.6750925
-12.1198453,-10.0
-10.8841551,-10.0
0.9665943,0.9665943
-9.6374734,-9.6374734
-1.2970151,-1.2970151
-8.7490679,-8.7490679
-9.658361,-9.658361
-11.367452,-10.0
-11.4020745,-10.0
2.2833079,2.2833079
-10.1753617,-10.0
1.1193839,1.1193839
2.4883222,2.4883222
15.2540782,-10.0
14.8594262,-10.0
0.0785532,0.0785532
2.3933737,2.3933737
12.3649717,-10.0
13.0400642,-10.0
0.2451264,0.2451264
1.4808166,1.4808166
13.331566,-10.0
2.7274983,2.7274983
11.0679566,-10.0
3.6159038,3.6159038
2.7066107,2.7066107
0.9975197,0.9975197
0.9628972,0.9628972
14.6482796,-10.0
2.18961,2.18961
-11.9206803,-10.0
-10.551742,-10.0
2.214014,2.214014
1.819362,1.819362
-12.961511,-10.0
-10.6466905,-10.0
-0.6750925,-0.6750925
-13.0400642,-10.0
-12.7949378,-10.0
-11.5592476,-10.0
0.2915018,0.2915018
-10.3125659,-10.0
-1.9721076,-1.9721076
-9.4241604,-9.4241604
-10.3334535,-10.0
-12.0425445,-10.0
-12.077167,-10.0
1.6082154,1.6082154
-10.8504542,-10.0
0.8742575,0.8742575
2.2431958,2.2431958
15.0089518,-10.0
14.6142998,-10.0
-0.1665732,-0.1665732
2.1482473,2.1482473
12.1198453,-10.0
-0.2451264,-0.2451264
12.7949378,-10.0
1.2356902,1.2356902
13.0864396,-10.0
2.4823719,2.4823719
10.8228302,-10.0
3.3707774,3.3707774
2.4614843,2.4614843
0.7523933,0.7523933
0.7177708,0.7177708
14.4031532,-10.0
1.9444836,1.9444836
-0.3614327,-0.3614327
1.0075056,1.0075056
13.7732616,-10.0
13.3786096,-10.0
-1.4022634,-1.4022634
0.9125571,0.9125571
10.8841551,-10.0
-1.4808166,-1.4808166
11.5592476,-10.0
-1.2356902,-1.2356902
11.8507494,-10.0
1.2466817,1.2466817
9.58714,9.58714
2.1350872,2.1350872
1.2257941,1.2257941
-0.4832969,-0.4832969
-0.5179194,-0.5179194
13.167463,-10.0
0.7087934,0.7087934
-12.2121821,-10.0
-10.8432438,-10.0
1.9225122,1.9225122
1.5278602,1.5278602
-13.2530128,-10.0
-10.9381923,-10.0
-0.9665943,-0.9665943
-13.331566,-10.0
-0.2915018,-0.2915018
-13.0864396,-10.0
-11.8507494,-10.0
-10.6040677,-10.0
-2.2636094,-2.2636094
-9.7156622,-9.7156622
-10.6249553,-10.0
-12.3340463,-10.0
-12.3686688,-10.0
1.3167136,1.3167136
-11.141956,-10.0
-1.6081144,-1.6081144
-0.2391761,-0.2391761
12.5265799,-10.0
12.1319279,-10.0
-2.6489451,-2.6489451
-0.3341246,-0.3341246
9.6374734,9.6374734
-2.7274983,-2.7274983
10.3125659,-10.0
-2.4823719,-2.4823719
-1.2466817,-1.2466817
10.6040677,-10.0
8.3404583,8.3404583
0.8884055,0.8884055
-0.0208876,-0.0208876
-1.7299786,-1.7299786
-1.7646011,-1.7646011
11.9207813,-10.0
-0.5378883,-0.5378883
-9.9485727,-9.9485727
-8.5796344,-8.5796344
4.1861216,4.1861216
3.7914696,3.7914696
-10.9894034,-10.0
-8.6745829,-8.6745829
1.2970151,1.2970151
-11.0679566,-10.0
1.9721076,1.9721076
-10.8228302,-10.0
-9.58714,-9.58714
2.2636094,2.2636094
-8.3404583,-8.3404583
-7.4520528,-7.4520528
-8.3613459,-8.3613459
-10.0704369,-10.0
-10.1050594,-10.0
3.580323,3.580323
-8.8783466,-8.8783466
-2.4965199,-2.4965199
-1.1275816,-1.1275816
11.6381744,-10.0
11.2435224,-10.0
-3.5373506,-3.5373506
-1.2225301,-1.2225301
8.7490679,8.7490679
-3.6159038,-3.6159038
9.4241604,9.4241604
-3.3707774,-3.3707774
-2.1350872,-2.1350872
9.7156622,9.7156622
-0.8884055,-0.8884055
7.4520528,7.4520528
-0.9092931,-0.9092931
-2.6183841,-2.6183841
-2.6530066,-2.6530066
11.0323758,-10.0
-1.4262938,-1.4262938
-1.5872268,-1.5872268
-0.2182885,-0.2182885
12.5474675,-10.0
12.1528155,-10.0
-2.6280575,-2.6280575
-0.313237,-0.313237
9.658361,9.658361
-2.7066107,-2.7066107
10.3334535,-10.0
-2.4614843,-2.4614843
-1.2257941,-1.2257941
10.6249553,-10.0
0.0208876,0.0208876
8.3613459,8.3613459
0.9092931,0.9092931
-1.709091,-1.709091
-1.7437135,-1.7437135
11.9416689,-10.0
-0.5170007,-0.5170007
0.1218642,0.1218642
1.4908025,1.4908025
14.2565585,-10.0
13.8619065,-10.0
-0.9189665,-0.9189665
1.395854,1.395854
11.367452,-10.0
-0.9975197,-0.9975197
12.0425445,-10.0
-0.7523933,-0.7523933
0.4832969,0.4832969
12.3340463,-10.0
1.7299786,1.7299786
10.0704369,-10.0
2.6183841,2.6183841
1.709091,1.709091
-0.0346225,-0.0346225
13.6507599,-10.0
1.1920903,1.1920903
0.1564867,0.1564867
1.525425,1.525425
14.291181,-10.0
13.896529,-10.0
-0.884344,-0.884344
1.4304765,1.4304765
11.4020745,-10.0
-0.9628972,-0.9628972
12.077167,-10.0
-0.7177708,-0.7177708
0.5179194,0.5179194
12.3686688,-10.0
1.7646011,1.7646011
10.1050594,-10.0
2.6530066,2.6530066
1.7437135,1.7437135
0.0346225,0.0346225
13.6853824,-10.0
1.2267128,1.2267128
-13.5288957,-10.0
-12.1599574,-10.0
0.6057986,0.6057986
0.2111466,0.2111466
-14.5697264,-10.0
-12.2549059,-10.0
-2.2833079,-2.2833079
-14.6482796,-10.0
-1.6082154,-1.6082154
-14.4031532,-10.0
-13.167463,-10.0
-1.3167136,-1.3167136
-11.9207813,-10.0
-3.580323,-3.580323
-11.0323758,-10.0
-11.9416689,-10.0
-13.6507599,-10.0
-13.6853824,-10.0
-12.4586696,-10.0
-1.0702261,-1.0702261
0.2987122,0.2987122
13.0644682,-10.0
12.6698162,-10.0
-2.1110568,-2.1110568
0.2037637,0.2037637
10.1753617,-10.0
-2.18961,-2.18961
10.8504542,-10.0
-1.9444836,-1.9444836
-0.7087934,-0.7087934
11.141956,-10.0
0.5378883,0.5378883
8.8783466,8.8783466
1.4262938,1.4262938
0.5170007,0.5170007
-1.1920903,-1.1920903
-1.2267128,-1.2267128
12.4586696,-10.0
0.5688443,0.5688443
1.1165953,1.1165953
5.4010515,5.4010515
-2.0671696,-2.0671696
0.3624839,0.3624839
1.0565788,1.0565788
-2.6773236,-2.6773236
1.5363482,1.5363482
-1.5023028,-1.5023028
-1.7558721,-1.7558721
1.1285158,1.1285158
1.4636498,1.4636498
3.4693396,3.4693396
2.7513166,2.7513166
0.6134407,0.6134407
0.3265789,0.3265789
-2.3835293,-2.3835293
12.5539863,-10.0
0.7161695,0.7161695
-0.5688443,-0.5688443
0.547751,0.547751
4.8322072,4.8322072
-2.6360139,-2.6360139
-0.2063604,-0.2063604
0.4877345,0.4877345
-3.2461679,-3.2461679
0.9675039,0.9675039
-2.0711471,-2.0711471
-2.3247164,-2.3247164
0.5596715,0.5596715
0.8948055,0.8948055
2.9004953,2.9004953
2.1824723,2.1824723
0.0445964,0.0445964
-0.2422654,-0.2422654
-2.9523736,-2.9523736
11.985142,-10.0
0.1473252,0.1473252
-1.1165953,-1.1165953
-0.547751,-0.547751
4.2844562,4.2844562
-3.1837649,-3.1837649
-0.7541114,-0.7541114
-0.0600165,-0.0600165
-3.7939189,-3.7939189
0.4197529,0.4197529
-2.6188981,-2.6188981
-2.8724674,-2.8724674
0.0119205,0.0119205
0.3470545,0.3470545
2.3527443,2.3527443
1.6347213,1.6347213
-0.5031546,-0.5031546
-0.7900164,-0.7900164
-3.5001246,-3.5001246
11.437391,-10.0
-0.4004258,-0.4004258
-5.4010515,-5.4010515
-4.8322072,-4.8322072
-4.2844562,-4.2844562
-7.4682211,-7.4682211
-5.0385676,-5.0385676
-4.3444727,-4.3444727
-8.0783751,-8.0783751
-3.8647033,-3.8647033
-6.9033543,-6.9033543
-7.1569236,-7.1569236
-4.2725357,-4.2725357
-3.9374017,-3.9374017
-1.9317119,-1.9317119
-2.6497349,-2.6497349
-4.7876108,-4.7876108
-5.0744726,-5.0744726
-7.7845808,-7.7845808
7.1529348,7.1529348
-4.684882,-4.684882
2.0671696,2.0671696
2.6360139,2.6360139
3.1837649,3.1837649
7.4682211,7.4682211
2.4296535,2.4296535
3.1237484,3.1237484
-0.610154,-0.610154
3.6035178,3.6035178
0.5648668,0.5648668
0.3112975,0.3112975
3.1956854,3.1956854
3.5308194,3.5308194
5.5365092,5.5365092
4.8184862,4.8184862
2.6806103,2.6806103
2.3937485,2.3937485
-0.3163597,-0.3163597
14.6211559,-10.0
2.7833391,2.7833391
-0.3624839,-0.3624839
0.2063604,0.2063604
0.7541114,0.7541114
5.0385676,5.0385676
-2.4296535,-2.4296535
0.6940949,0.6940949
-3.0398075,-3.0398075
1.1738643,1.1738643
-1.8647867,-1.8647867
-2.118356,-2.118356
0.7660319,0.7660319
1.1011659,1.1011659
3.1068557,3.1068557
2.3888327,2.3888327
0.2509568,0.2509568
-0.035905,-0.035905
-2.7460132,-2.7460132
12.1915024,-10.0
0.3536856,0.3536856
-1.0565788,-1.0565788
-0.4877345,-0.4877345
0.0600165,0.0600165
4.3444727,4.3444727
-3.1237484,-3.1237484
-0.6940949,-0.6940949
-3.7339024,-3.7339024
0.4797694,0.4797694
-2.5588816,-2.5588816
-2.8124509,-2.8124509
0.071937,0.071937
0.407071,0.407071
2.4127608,2.4127608
1.6947378,1.6947378
-0.4431381,-0.4431381
-0.7299999,-0.7299999
-3.4401081,-3.4401081
11.4974075,-10.0
-0.3404093,-0.3404093
2.6773236,2.6773236
3.2461679,3.2461679
3.7939189,3.7939189
8.0783751,8.0783751
0.610154,0.610154
3.0398075,3.0398075
3.7339024,3.7339024
4.2136718,4.2136718
1.1750208,1.1750208
0.9214515,0.9214515
3.8058394,3.8058394
4.1409734,4.1409734
6.1466632,6.1466632
5.4286402,5.4286402
3.2907643,3.2907643
3.0039025,3.0039025
0.2937943,0.2937943
15.2313099,-10.0
3.3934931,3.3934931
-1.5363482,-1.5363482
-0.9675039,-0.9675039
-0.4197529,-0.4197529
3.8647033,3.8647033
-3.6035178,-3.6035178
-1.1738643,-1.1738643
-0.4797694,-0.4797694
-4.2136718,-4.2136718
-3.038651,-3.038651
-3.2922203,-3.2922203
-0.4078324,-0.4078324
-0.0726984,-0.0726984
1.9329914,1.9329914
1.2149684,1.2149684
-0.9229075,-0.9229075
-1.2097693,-1.2097693
-3.9198775,-3.9198775
11.0176381,-10.0
-0.8201787,-0.8201787
1.5023028,1.5023028
2.0711471,2.0711471
2.6188981,2.6188981
6.9033543,6.9033543
-0.5648668,-0.5648668
1.8647867,1.8647867
2.5588816,2.5588816
-1.1750208,-1.1750208
3.038651,3.038651
-0.2535693,-0.2535693
2.6308186,2.6308186
2.9659526,2.9659526
4.9716424,4.9716424
4.2536194,4.2536194
2.1157435,2.1157435
1.8288817,1.8288817
-0.8812265,-0.8812265
14.0562891,-10.0
2.2184723,2.2184723
1.7558721,1.7558721
2.3247164,2.3247164
2.8724674,2.8724674
7.1569236,7.1569236
-0.3112975,-0.3112975
2.118356,2.118356
2.8124509,2.8124509
-0.9214515,-0.9214515
3.2922203,3.2922203
0.2535693,0.2535693
2.8843879,2.8843879
3.2195219,3.2195219
5.2252117,5.2252117
4.5071887,4.5071887
2.3693128,2.3693128
2.082451,2.082451
-0.6276572,-0.6276572
14.3098584,-10.0
2.4720416,2.4720416
-1.1285158,-1.1285158
-0.5596715,-0.5596715
-0.0119205,-0.0119205
4.2725357,4.2725357
-3.1956854,-3.1956854
-0.7660319,-0.7660319
-0.071937,-0.071937
-3.8058394,-3.8058394
0.4078324,0.4078324
-2.6308186,-2.6308186
-2.8843879,-2.8843879
0.335134,0.335134
2.3408238,2.3408238
1.6228008,1.6228008
-0.5150751,-0.5150751
-0.8019369,-0.8019369
-3.5120451,-3.5120451
11.4254705,-10.0
-0.4123463,-0.4123463
-1.4636498,-1.4636498
-0.8948055,-0.8948055
-0.3470545,-0.3470545
3.9374017,3.9374017
-3.5308194,-3.5308194
-1.1011659,-1.1011659
-0.407071,-0.407071
-4.1409734,-4.1409734
0.0726984,0.0726984
-2.9659526,-2.9659526
-3.2195219,-3.2195219
-0.335134,-0.335134
2.0056898,2.0056898
1.2876668,1.2876668
-0.8502091,-0.8502091
-1.1370709,-1.1370709
-3.8471791,-3.8471791
11.0903365,-10.0
-0.7474803,-0.7474803
-3.4693396,-3.4693396
-2.9004953,-2.9004953
-2.3527443,-2.3527443
1.9317119,1.9317119
-5.5365092,-5.5365092
-3.1068557,-3.1068557
-2.4127608,-2.4127608
-6.1466632,-6.1466632
-1.9329914,-1.9329914
-4.9716424,-4.9716424
-5.2252117,-5.2252117
-2.3408238,-2.3408238
-2.0056898,-2.0056898
-0.718023,-0.718023
-2.8558989,-2.8558989
-3.1427607,-3.1427607
-5.8528689,-5.8528689
9.0846467,9.0846467
-2.7531701,-2.7531701
-2.7513166,-2.7513166
-2.1824723,-2.1824723
-1.6347213,-1.6347213
2.6497349,2.6497349
-4.8184862,-4.8184862
-2.3888327,-2.3888327
-1.6947378,-1.6947378
-5.4286402,-5.4286402
-1.2149684,-1.2149684
-4.2536194,-4.2536194
-4.5071887,-4.5071887
-1.6228008,-1.6228008
-1.2876668,-1.2876668
0.718023,0.718023
-2.1378759,-2.1378759
-2.4247377,-2.4247377
-5.1348459,-5.1348459
9.8026697,9.8026697
-2.0351471,-2.0351471
-0.6134407,-0.6134407
-0.0445964,-0.0445964
0.5031546,0.5031546
4.7876108,4.7876108
-2.6806103,-2.6806103
-0.2509568,-0.2509568
0.4431381,0.4431381
-3.2907643,-3.2907643
0.9229075,0.9229075
-2.1157435,-2.1157435
-2.3693128,-2.3693128
0.5150751,0.5150751
0.8502091,0.8502091
2.8558989,2.8558989
2.1378759,2.1378759
-0.2868618,-0.2868618
-2.99697,-2.99697
11.9405456,-10.0
0.1027288,0.1027288
-0.3265789,-0.3265789
0.2422654,0.2422654
0.7900164,0.7900164
5.0744726,5.0744726
-2.3937485,-2.3937485
0.035905,0.035905
0.7299999,0.7299999
-3.0039025,-3.0039025
1.2097693,1.2097693
-1.8288817,-1.8288817
-2.082451,-2.082451
0.8019369,0.8019369
1.1370709,1.1370709
3.1427607,3.1427607
2.4247377,2.4247377
0.2868618,0.2868618
-2.7101082,-2.7101082
12.2274074,-10.0
0.3895906,0.3895906
2.3835293,2.3835293
2.9523736,2.9523736
3.5001246,3.5001246
7.7845808,7.7845808
0.3163597,0.3163597
2.7460132,2.7460132
3.4401081,3.4401081
-0.2937943,-0.2937943
3.9198775,3.9198775
0.8812265,0.8812265
0.6276572,0.6276572
3.5120451,3.5120451
3.8471791,3.8471791
5.8528689,5.8528689
5.1348459,5.1348459
2.99697,2.99697
2.7101082,2.7101082
14.9375156,-10.0
3.0996988,3.0996988
-12.5539863,-10.0
-11.985142,-10.0
-11.437391,-10.0
-7.1529348,-7.1529348
-14.6211559,-10.0
-12.1915024,-10.0
-11.4974075,-10.0
-15.2313099,-10.0
-11.0176381,-10.0
-14.0562891,-10.0
-14.3098584,-10.0
-11.4254705,-10.0
-11.0903365,-10.0
-9.0846467,-9.0846467
-9.8026697,-9.8026697
-11.9405456,-10.0
-12.2274074,-10.0
-14.9375156,-10.0
-11.8378168,-10.0
-0.7161695,-0.7161695
-0.1473252,-0.1473252
0.4004258,0.4004258
4.684882,4.684882
-2.7833391,-2.7833391
-0.3536856,-0.3536856
0.3404093,0.3404093
-3.3934931,-3.3934931
0.8201787,0.8201787
-2.2184723,-2.2184723
-2.4720416,-2.4720416
0.4123463,0.4123463
0.7474803,0.7474803
2.7531701,2.7531701
2.0351471,2.0351471
-0.1027288,-0.1027288
-0.3895906,-0.3895906
-3.0996988,-3.0996988
11.8378168,-10.0
1.052658,1.052658
2.0227969,2.0227969
0.3658187,0.3658187
-1.9328543,-1.9328543
1.0848349,1.0848349
13.3444421,-10.0
-1.4701553,-1.4701553
1.9564967,1.9564967
-0.8617171,-0.8617171
-0.1298686,-0.1298686
0.6885804,0.6885804
1.445223,1.445223
-0.0019845,-0.0019845
2.1959992,2.1959992
1.7467822,1.7467822
-0.0520174,-0.0520174
-0.2219447,-0.2219447
4.7472245,4.7472245
-1.0558716,-1.0558716
-1.052658,-1.052658
0.9701389,0.9701389
-0.6868393,-0.6868393
-2.9855123,-2.9855123
0.0321769,0.0321769
12.2917841,-10.0
-2.5228133,-2.5228133
0.9038387,0.9038387
-1.9143751,-1.9143751
-1.1825266,-1.1825266
-0.3640776,-0.3640776
0.392565,0.392565
-1.0546425,-1.0546425
1.1433412,1.1433412
0.6941242,0.6941242
-1.1046754,-1.1046754
-1.2746027,-1.2746027
3.6945665,3.6945665
-2.1085296,-2.1085296
-2.0227969,-2.0227969
-0.9701389,-0.9701389
-1.6569782,-1.6569782
-3.9556512,-3.9556512
-0.937962,-0.937962
11.3216452,-10.0
-3.4929522,-3.4929522
-0.0663002,-0.0663002
-2.884514,-2.884514
-2.1526655,-2.1526655
-1.3342165,-1.3342165
-0.5775739,-0.5775739
-2.0247814,-2.0247814
0.1732023,0.1732023
-0.2760147,-0.2760147
-2.0748143,-2.0748143
-2.2447416,-2.2447416
2.7244276,2.7244276
-3.0786685,-3.0786685
-0.3658187,-0.3658187
0.6868393,0.6868393
1.6569782,1.6569782
-2.298673,-2.298673
0.7190162,0.7190162
12.9786234,-10.0
-1.835974,-1.835974
1.590678,1.590678
-1.2275358,-1.2275358
-0.4956873,-0.4956873
0.3227617,0.3227617
1.0794043,1.0794043
-0.3678032,-0.3678032
1.8301805,1.8301805
1.3809635,1.3809635
-0.4178361,-0.4178361
-0.5877634,-0.5877634
4.3814058,4.3814058
-1.4216903,-1.4216903
1.9328543,1.9328543
2.9855123,2.9855123
3.9556512,3.9556512
2.298673,2.298673
3.0176892,3.0176892
15.2772964,-10.0
0.462699,0.462699
3.889351,3.889351
1.0711372,1.0711372
1.8029857,1.8029857
2.6214347,2.6214347
3.3780773,3.3780773
1.9308698,1.9308698
4.1288535,4.1288535
3.6796365,3.6796365
1.8808369,1.8808369
1.7109096,1.7109096
6.6800788,6.6800788
0.8769827,0.8769827
-1.0848349,-1.0848349
-0.0321769,-0.0321769
0.937962,0.937962
-0.7190162,-0.7190162
-3.0176892,-3.0176892
12.2596072,-10.0
-2.5549902,-2.5549902
0.8716618,0.8716618
-1.946552,-1.946552
-1.2147035,-1.2147035
-0.3962545,-0.3962545
0.3603881,0.3603881
-1.0868194,-1.0868194
1.1111643,1.1111643
0.6619473,0.6619473
-1.1368523,-1.1368523
-1.3067796,-1.3067796
3.6623896,3.6623896
-2.1407065,-2.1407065
-13.3444421,-10.0
-12.2917841,-10.0
-11.3216452,-10.0
-12.9786234,-10.0
-15.2772964,-10.0
-12.2596072,-10.0
-14.8145974,-10.0
-11.3879454,-10.0
-14.2061592,-10.0
-13.4743107,-10.0
-12.6558617,-10.0
-11.8992191,-10.0
-13.3464266,-10.0
-11.1484429,-10.0
-11.5976599,-10.0
-13.3964595,-10.0
-13.5663868,-10.0
-8.5972176,-8.5972176
-14.4003137,-10.0
1.4701553,1.4701553
2.5228133,2.5228133
3.4929522,3.4929522
1.835974,1.835974
-0.462699,-0.462699
2.5549902,2.5549902
14.8145974,-10.0
3.426652,3.426652
0.6084382,0.6084382
1.3402867,1.3402867
2.1587357,2.1587357
2.9153783,2.9153783
1.4681708,1.4681708
3.6661545,3.6661545
3.2169375,3.2169375
1.4181379,1.4181379
1.2482106,1.2482106
6.2173798,6.2173798
0.4142837,0.4142837
-1.9564967,-1.9564967
-0.9038387,-0.9038387
0.0663002,0.0663002
-1.590678,-1.590678
-3.889351,-3.889351
-0.8716618,-0.8716618
11.3879454,-10.0
-3.426652,-3.426652
-2.8182138,-2.8182138
-2.0863653,-2.0863653
-1.2679163,-1.2679163
-0.5112737,-0.5112737
-1.9584812,-1.9584812
0.2395025,0.2395025
-0.2097145,-0.2097145
-2.0085141,-2.0085141
-2.1784414,-2.1784414
2.7907278,2.7907278
-3.0123683,-3.0123683
0.8617171,0.8617171
1.9143751,1.9143751
2.884514,2.884514
1.2275358,1.2275358
-1.0711372,-1.0711372
1.946552,1.946552
14.2061592,-10.0
-0.6084382,-0.6084382
2.8182138,2.8182138
0.7318485,0.7318485
1.5502975,1.5502975
2.3069401,2.3069401
0.8597326,0.8597326
3.0577163,3.0577163
2.6084993,2.6084993
0.8096997,0.8096997
0.6397724,0.6397724
5.6089416,5.6089416
-0.1941545,-0.1941545
0.1298686,0.1298686
1.1825266,1.1825266
2.1526655,2.1526655
0.4956873,0.4956873
-1.8029857,-1.8029857
1.2147035,1.2147035
13.4743107,-10.0
-1.3402867,-1.3402867
2.0863653,2.0863653
-0.7318485,-0.7318485
0.818449,0.818449
1.5750916,1.5750916
0.1278841,0.1278841
2.3258678,2.3258678
1.8766508,1.8766508
0.0778512,0.0778512
-0.0920761,-0.0920761
4.8770931,4.8770931
-0.926003,-0.926003
-0.6885804,-0.6885804
0.3640776,0.3640776
1.3342165,1.3342165
-0.3227617,-0.3227617
-2.6214347,-2.6214347
0.3962545,0.3962545
12.6558617,-10.0
-2.1587357,-2.1587357
1.2679163,1.2679163
-1.5502975,-1.5502975
-0.818449,-0.818449
0.7566426,0.7566426
-0.6905649,-0.6905649
1.5074188,1.5074188
1.0582018,1.0582018
-0.7405978,-0.7405978
-0.9105251,-0.9105251
4.0586441,4.0586441
-1.744452,-1.744452
-1.445223,-1.445223
-0.392565,-0.392565
0.5775739,0.5775739
-1.0794043,-1.0794043
-3.3780773,-3.3780773
-0.3603881,-0.3603881
11.8992191,-10.0
-2.9153783,-2.9153783
0.5112737,0.5112737
-2.3069401,-2.3069401
-1.5750916,-1.5750916
-0.7566426,-0.7566426
-1.4472075,-1.4472075
0.7507762,0.7507762
0.3015592,0.3015592
-1.4972404,-1.4972404
-1.6671677,-1.6671677
3.3020015,3.3020015
-2.5010946,-2.5010946
0.0019845,0.0019845
1.0546425,1.0546425
2.0247814,2.0247814
0.3678032,0.3678032
-1.9308698,-1.9308698
1.0868194,1.0868194
13.3464266,-10.0
-1.4681708,-1.4681708
1.9584812,1.9584812
-0.8597326,-0.8597326
-0.1278841,-0.1278841
0.6905649,0.6905649
1.4472075,1.4472075
2.1979837,2.1979837
1.7487667,1.7487667
-0.0500329,-0.0500329
-0.2199602,-0.2199602
4.749209,4.749209
-1.0538871,-1.0538871
-2.1959992,-2.1959992
-1.1433412,-1.1433412
-0.1732023,-0.1732023
-1.8301805,-1.8301805
-4.1288535,-4.1288535
-1.1111643,-1.1111643
11.1484429,-10.0
-3.6661545,-3.6661545
-0.2395025,-0.2395025
-3.0577163,-3.0577163
-2.3258678,-2.3258678
-1.5074188,-1.5074188
-0.7507762,-0.7507762
-2.1979837,-2.1979837
-0.449217,-0.449217
-2.2480166,-2.2480166
-2.4179439,-2.4179439
2.5512253,2.5512253
-3.2518708,-3.2518708
-1.7467822,-1.7467822
-0.6941242,-0.6941242
0.2760147,0.2760147
-1.3809635,-1.3809635
-3.6796365,-3.6796365
-0.6619473,-0.6619473
11.5976599,-10.0
-3.2169375,-3.2169375
0.2097145,0.2097145
-2.6084993,-2.6084993
-1.8766508,-1.8766508
-1.0582018,-1.0582018
-0.3015592,-0.3015592
-1.7487667,-1.7487667
0.449217,0.449217
-1.7987996,-1.7987996
-1.9687269,-1.9687269
3.0004423,3.0004423
-2.8026538,-2.8026538
0.0520174,0.0520174
1.1046754,1.1046754
2.0748143,2.0748143
0.4178361,0.4178361
-1.8808369,-1.8808369
1.1368523,1.1368523
13.3964595,-10.0
-1.4181379,-1.4181379
2.0085141,2.0085141
-0.8096997,-0.8096997
-0.0778512,-0.0778512
0.7405978,0.7405978
1.4972404,1.4972404
0.0500329,0.0500329
2.2480166,2.2480166
1.7987996,1.7987996
-0.1699273,-0.1699273
4.7992419,4.7992419
-1.0038542,-1.0038542
0.2219447,0.2219447
1.2746027,1.2746027
2.2447416,2.2447416
0.5877634,0.5877634
-1.7109096,-1.7109096
1.3067796,1.3067796
13.5663868,-10.0
-1.2482106,-1.2482106
2.1784414,2.1784414
-0.6397724,-0.6397724
0.0920761,0.0920761
0.9105251,0.9105251
1.6671677,1.6671677
0.2199602,0.2199602
2.4179439,2.4179439
1.9687269,1.9687269
0.1699273,0.1699273
4.9691692,4.9691692
-0.8339269,-0.8339269
-4.7472245,-4.7472245
-3.6945665,-3.6945665
-2.7244276,-2.7244276
-4.3814058,-4.3814058
-6.6800788,-6.6800788
-3.6623896,-3.6623896
8.5972176,8.5972176
-6.2173798,-6.2173798
-2.7907278,-2.7907278
-5.6089416,-5.6089416
-4.8770931,-4.8770931
-4.0586441,-4.0586441
-3.3020015,-3.3020015
-4.749209,-4.749209
-2.5512253,-2.5512253
-3.0004423,-3.0004423
-4.7992419,-4.7992419
-4.9691692,-4.9691692
-5.8030961,-5.8030961
1.0558716,1.0558716
2.1085296,2.1085296
3.0786685,3.0786685
1.4216903,1.4216903
-0.8769827,-0.8769827
2.1407065,2.1407065
14.4003137,-10.0
-0.4142837,-0.4142837
3.0123683,3.0123683
0.1941545,0.1941545
0.926003,0.926003
1.744452,1.744452
2.5010946,2.5010946
1.0538871,1.0538871
3.2518708,3.2518708
2.8026538,2.8026538
1.0038542,1.0038542
0.8339269,0.8339269
5.8030961,5.8030961
1.9353937,1.9353937
2.3365106,2.3365106
2.010896,2.010896
1.877198,1.877198
-2.7640621,-2.7640621
1.055428,1.055428
4.0917585,4.0917585
1.39346,1.39346
2.4420447,2.4420447
-0.701573,-0.701573
1.5565037,1.5565037
2.523088,2.523088
1.4847484,1.4847484
1.1860546,1.1860546
0.2442447,0.2442447
-0.1731973,-0.1731973
0.5419269,0.5419269
-0.1770138,-0.1770138
1.3320013,1.3320013
-1.9353937,-1.9353937
0.4011169,0.4011169
0.0755023,0.0755023
-0.0581957,-0.0581957
-4.6994558,-4.6994558
-0.8799657,-0.8799657
2.1563648,2.1563648
-0.5419337,-0.5419337
0.506651,0.506651
-2.6369667,-2.6369667
-0.37889,-0.37889
0.5876943,0.5876943
-0.4506453,-0.4506453
-0.7493391,-0.7493391
-1.691149,-1.691149
-2.108591,-2.108591
-1.3934668,-1.3934668
-2.1124075,-2.1124075
-0.6033924,-0.6033924
-2.3365106,-2.3365106
-0.4011169,-0.4011169
-0.3256146,-0.3256146
-0.4593126,-0.4593126
-5.1005727,-5.1005727
-1.2810826,-1.2810826
1.7552479,1.7552479
-0.9430506,-0.9430506
0.1055341,0.1055341
-3.0380836,-3.0380836
-0.7800069,-0.7800069
0.1865774,0.1865774
-0.8517622,-0.8517622
-1.150456,-1.150456
-2.0922659,-2.0922659
-2.5097079,-2.5097079
-1.7945837,-1.7945837
-2.5135244,-2.5135244
-1.0045093,-1.0045093
-2.010896,-2.010896
-0.0755023,-0.0755023
0.3256146,0.3256146
-0.133698,-0.133698
-4.7749581,-4.7749581
-0.955468,-0.955468
2.0808625,2.0808625
-0.617436,-0.617436
0.4311487,0.4311487
-2.712469,-2.712469
-0.4543923,-0.4543923
0.512192,0.512192
-0.5261476,-0.5261476
-0.8248414,-0.8248414
-1.7666513,-1.7666513
-2.1840933,-2.1840933
-1.4689691,-1.4689691
-2.1879098,-2.1879098
-0.6788947,-0.6788947
-1.877198,-1.877198
0.0581957,0.0581957
0.4593126,0.4593126
0.133698,0.133698
-4.6412601,-4.6412601
-0.82177,-0.82177
2.2145605,2.2145605
-0.483738,-0.483738
0.5648467,0.5648467
-2.578771,-2.578771
-0.3206943,-0.3206943
0.64589,0.64589
-0.3924496,-0.3924496
-0.6911434,-0.6911434
-1.6329533,-1.6329533
-2.0503953,-2.0503953
-1.3352711,-1.3352711
-2.0542118,-2.0542118
-0.5451967,-0.5451967
2.7640621,2.7640621
4.6994558,4.6994558
5.1005727,5.1005727
4.7749581,4.7749581
4.6412601,4.6412601
3.8194901,3.8194901
6.8558206,6.8558206
4.1575221,4.1575221
5.2061068,5.2061068
2.0624891,2.0624891
4.3205658,4.3205658
5.2871501,5.2871501
4.2488105,4.2488105
3.9501167,3.9501167
3.0083068,3.0083068
2.5908648,2.5908648
3.305989,3.305989
2.5870483,2.5870483
4.0960634,4.0960634
-1.055428,-1.055428
0.8799657,0.8799657
1.2810826,1.2810826
0.955468,0.955468
0.82177,0.82177
-3.8194901,-3.8194901
3.0363305,3.0363305
0.338032,0.338032
1.3866167,1.3866167
-1.757001,-1.757001
0.5010757,0.5010757
1.46766,1.46766
0.4293204,0.4293204
0.1306266,0.1306266
-0.8111833,-0.8111833
-1.2286253,-1.2286253
-0.5135011,-0.5135011
-1.2324418,-1.2324418
0.2765733,0.2765733
-4.0917585,-4.0917585
-2.1563648,-2.1563648
-1.7552479,-1.7552479
-2.0808625,-2.0808625
-2.2145605,-2.2145605
-6.8558206,-6.8558206
-3.0363305,-3.0363305
-2.6982985,-2.6982985
-1.6497138,-1.6497138
-4.7933315,-4.7933315
-2.5352548,-2.5352548
-1.5686705,-1.5686705
-2.6070101,-2.6070101
-2.9057039,-2.9057039
-3.8475138,-3.8475138
-4.2649558,-4.2649558
-3.5498316,-3.5498316
-4.2687723,-4.2687723
-2.7597572,-2.7597572
-1.39346,-1.39346
0.5419337,0.5419337
0.9430506,0.9430506
0.617436,0.617436
0.483738,0.483738
-4.1575221,-4.1575221
-0.338032,-0.338032
2.6982985,2.6982985
1.0485847,1.0485847
-2.095033,-2.095033
0.1630437,0.1630437
1.129628,1.129628
0.0912884,0.0912884
-0.2074054,-0.2074054
-1.1492153,-1.1492153
-1.5666573,-1.5666573
-0.8515331,-0.8515331
-1.5704738,-1.5704738
-0.0614587,-0.0614587
-2.4420447,-2.4420447
-0.506651,-0.506651
-0.1055341,-0.1055341
-0.4311487,-0.4311487
-0.5648467,-0.5648467
-5.2061068,-5.2061068
-1.3866167,-1.3866167
1.6497138,1.6497138
-1.0485847,-1.0485847
-3.1436177,-3.1436177
-0.885541,-0.885541
0.0810433,0.0810433
-0.9572963,-0.9572963
-1.2559901,-1.2559901
-2.1978,-2.1978
-2.615242,-2.615242
-1.9001178,-1.9001178
-2.6190585,-2.6190585
-1.1100434,-1.1100434
0.701573,0.701573
2.6369667,2.6369667
3.0380836,3.0380836
2.712469,2.712469
2.578771,2.578771
-2.0624891,-2.0624891
1.757001,1.757001
4.7933315,4.7933315
2.095033,2.095033
3.1436177,3.1436177
2.2580767,2.2580767
3.224661,3.224661
2.1863214,2.1863214
1.8876276,1.8876276
0.9458177,0.9458177
0.5283757,0.5283757
1.2434999,1.2434999
0.5245592,0.5245592
2.0335743,2.0335743
-1.5565037,-1.5565037
0.37889,0.37889
0.7800069,0.7800069
0.4543923,0.4543923
0.3206943,0.3206943
-4.3205658,-4.3205658
-0.5010757,-0.5010757
2.5352548,2.5352548
-0.1630437,-0.1630437
0.885541,0.885541
-2.2580767,-2.2580767
0.9665843,0.9665843
-0.0717553,-0.0717553
-0.3704491,-0.3704491
-1.312259,-1.312259
-1.729701,-1.729701
-1.0145768,-1.0145768
-1.7335175,-1.7335175
-0.2245024,-0.2245024
-2.523088,-2.523088
-0.5876943,-0.5876943
-0.1865774,-0.1865774
-0.512192,-0.512192
-0.64589,-0.64589
-5.2871501,-5.2871501
-1.46766,-1.46766
1.5686705,1.5686705
-1.129628,-1.129628
-0.0810433,-0.0810433
-3.224661,-3.224661
-0.9665843,-0.9665843
-1.0383396,-1.0383396
-1.3370334,-1.3370334
-2.2788433,-2.2788433
-2.6962853,-2.6962853
-1.9811611,-1.9811611
-2.7001018,-2.7001018
-1.1910867,-1.1910867
-1.4847484,-1.4847484
0.4506453,0.4506453
0.8517622,0.8517622
0.5261476,0.5261476
0.3924496,0.3924496
-4.2488105,-4.2488105
-0.4293204,-0.4293204
2.6070101,2.6070101
-0.0912884,-0.0912884
0.9572963,0.9572963
-2.1863214,-2.1863214
0.0717553,0.0717553
1.0383396,1.0383396
-0.2986938,-0.2986938
-1.2405037,-1.2405037
-1.6579457,-1.6579457
-0.9428215,-0.9428215
-1.6617622,-1.6617622
-0.1527471,-0.1527471
-1.1860546,-1.1860546
0.7493391,0.7493391
1.150456,1.150456
0.8248414,0.8248414
0.6911434,0.6911434
-3.9501167,-3.9501167
-0.1306266,-0.1306266
2.9057039,2.9057039
0.2074054,0.2074054
1.2559901,1.2559901
-1.8876276,-1.8876276
0.3704491,0.3704491
1.3370334,1.3370334
0.2986938,0.2986938
-0.9418099,-0.9418099
-1.3592519,-1.3592519
-0.6441277,-0.6441277
-1.3630684,-1.3630684
0.1459467,0.1459467
-0.2442447,-0.2442447
1.691149,1.691149
2.0922659,2.0922659
1.7666513,1.7666513
1.6329533,1.6329533
-3.0083068,-3.0083068
0.8111833,0.8111833
3.8475138,3.8475138
1.1492153,1.1492153
2.1978,2.1978
-0.9458177,-0.9458177
1.312259,1.312259
2.2788433,2.2788433
1.2405037,1.2405037
0.9418099,0.9418099
-0.417442,-0.417442
0.2976822,0.2976822
-0.4212585,-0.4212585
1.0877566,1.0877566
0.1731973,0.1731973
2.108591,2.108591
2.5097079,2.5097079
2.1840933,2.1840933
2.0503953,2.0503953
-2.5908648,-2.5908648
1.2286253,1.2286253
4.2649558,4.2649558
1.5666573,1.5666573
2.615242,2.615242
-0.5283757,-0.5283757
1.729701,1.729701
2.6962853,2.6962853
1.6579457,1.6579457
1.3592519,1.3592519
0.417442,0.417442
0.7151242,0.7151242
-0.0038165,-0.0038165
1.5051986,1.5051986
-0.5419269,-0.5419269
1.3934668,1.3934668
1.7945837,1.7945837
1.4689691,1.4689691
1.3352711,1.3352711
-3.305989,-3.305989
0.5135011,0.5135011
3.5498316,3.5498316
0.8515331,0.8515331
1.9001178,1.9001178
-1.2434999,-1.2434999
1.0145768,1.0145768
1.9811611,1.9811611
0.9428215,0.9428215
0.6441277,0.6441277
-0.2976822,-0.2976822
-0.7151242,-0.7151242
-0.7189407,-0.7189407
0.7900744,0.7900744
0.1770138,0.1770138
2.1124075,2.1124075
2.5135244,2.5135244
2.1879098,2.1879098
2.0542118,2.0542118
-2.5870483,-2.5870483
1.2324418,1.2324418
4.2687723,4.2687723
1.5704738,1.5704738
2.6190585,2.6190585
-0.5245592,-0.5245592
1.7335175,1.7335175
2.7001018,2.7001018
1.6617622,1.6617622
1.3630684,1.3630684
0.4212585,0.4212585
0.0038165,0.0038165
0.7189407,0.7189407
1.5090151,1.5090151
-1.3320013,-1.3320013
0.6033924,0.6033924
1.0045093,1.0045093
0.6788947,0.6788947
0.5451967,0.5451967
-4.0960634,-4.0960634
-0.2765733,-0.2765733
2.7597572,2.7597572
0.0614587,0.0614587
1.1100434,1.1100434
-2.0335743,-2.0335743
0.2245024,0.2245024
1.1910867,1.1910867
0.1527471,0.1527471
-0.1459467,-0.1459467
-1.0877566,-1.0877566
-1.5051986,-1.5051986
-0.7900744,-0.7900744
-1.5090151,-1.5090151
4.745193,4.745193
1.8434024,1.8434024
2.4005285,2.4005285
-1.6577163,-1.6577163
1.0863153,1.0863153
1.5384851,1.5384851
-0.0701741,-0.0701741
0.4831855,0.4831855
-0.650155,-0.650155
-0.2790886,-0.2790886
-0.0867684,-0.0867684
1.7417685,1.7417685
1.0168909,1.0168909
11.8334193,-10.0
-0.7490904,-0.7490904
-1.3948245,-1.3948245
-0.0902545,-0.0902545
0.6035193,0.6035193
-0.1493457,-0.1493457
-4.745193,-4.745193
-2.9017906,-2.9017906
-2.3446645,-2.3446645
-6.4029093,-6.4029093
-3.6588777,-3.6588777
-3.2067079,-3.2067079
-4.8153671,-4.8153671
-4.2620075,-4.2620075
-5.395348,-5.395348
-5.0242816,-5.0242816
-4.8319614,-4.8319614
-3.0034245,-3.0034245
-3.7283021,-3.7283021
7.0882263,7.0882263
-5.4942834,-5.4942834
-6.1400175,-6.1400175
-4.8354475,-4.8354475
-4.1416737,-4.1416737
-4.8945387,-4.8945387
-1.8434024,-1.8434024
2.9017906,2.9017906
0.5571261,0.5571261
-3.5011187,-3.5011187
-0.7570871,-0.7570871
-0.3049173,-0.3049173
-1.9135765,-1.9135765
-1.3602169,-1.3602169
-2.4935574,-2.4935574
-2.122491,-2.122491
-1.9301708,-1.9301708
-0.1016339,-0.1016339
-0.8265115,-0.8265115
9.9900169,9.9900169
-2.5924928,-2.5924928
-3.2382269,-3.2382269
-1.9336569,-1.9336569
-1.2398831,-1.2398831
-1.9927481,-1.9927481
-2.4005285,-2.4005285
2.3446645,2.3446645
-0.5571261,-0.5571261
-4.0582448,-4.0582448
-1.3142132,-1.3142132
-0.8620434,-0.8620434
-2.4707026,-2.4707026
-1.917343,-1.917343
-3.0506835,-3.0506835
-2.6796171,-2.6796171
-2.4872969,-2.4872969
-0.65876,-0.65876
-1.3836376,-1.3836376
9.4328908,9.4328908
-3.1496189,-3.1496189
-3.795353,-3.795353
-2.490783,-2.490783
-1.7970092,-1.7970092
-2.5498742,-2.5498742
1.6577163,1.6577163
6.4029093,6.4029093
3.5011187,3.5011187
4.0582448,4.0582448
2.7440316,2.7440316
3.1962014,3.1962014
1.5875422,1.5875422
2.1409018,2.1409018
1.0075613,1.0075613
1.3786277,1.3786277
1.5709479,1.5709479
3.3994848,3.3994848
2.6746072,2.6746072
13.4911356,-10.0
0.9086259,0.9086259
0.2628918,0.2628918
1.5674618,1.5674618
2.2612356,2.2612356
1.5083706,1.5083706
-1.0863153,-1.0863153
3.6588777,3.6588777
0.7570871,0.7570871
1.3142132,1.3142132
-2.7440316,-2.7440316
0.4521698,0.4521698
-1.1564894,-1.1564894
-0.6031298,-0.6031298
-1.7364703,-1.7364703
-1.3654039,-1.3654039
-1.1730837,-1.1730837
0.6554532,0.6554532
-0.0694244,-0.0694244
10.747104,-10.0
-1.8354057,-1.8354057
-2.4811398,-2.4811398
-1.1765698,-1.1765698
-0.482796,-0.482796
-1.235661,-1.235661
-1.5384851,-1.5384851
3.2067079,3.2067079
0.3049173,0.3049173
0.8620434,0.8620434
-3.1962014,-3.1962014
-0.4521698,-0.4521698
-1.6086592,-1.6086592
-1.0552996,-1.0552996
-2.1886401,-2.1886401
-1.8175737,-1.8175737
-1.6252535,-1.6252535
0.2032834,0.2032834
-0.5215942,-0.5215942
10.2949342,-10.0
-2.2875755,-2.2875755
-2.9333096,-2.9333096
-1.6287396,-1.6287396
-0.9349658,-0.9349658
-1.6878308,-1.6878308
0.0701741,0.0701741
4.8153671,4.8153671
1.9135765,1.9135765
2.4707026,2.4707026
-1.5875422,-1.5875422
1.1564894,1.1564894
1.6086592,1.6086592
0.5533596,0.5533596
-0.5799809,-0.5799809
-0.2089145,-0.2089145
-0.0165943,-0.0165943
1.8119426,1.8119426
1.087065,1.087065
11.9035934,-10.0
-0.6789163,-0.6789163
-1.3246504,-1.3246504
-0.0200804,-0.0200804
0.6736934,0.6736934
-0.0791716,-0.0791716
-0.4831855,-0.4831855
4.2620075,4.2620075
1.3602169,1.3602169
1.917343,1.917343
-2.1409018,-2.1409018
0.6031298,0.6031298
1.0552996,1.0552996
-0.5533596,-0.5533596
-1.1333405,-1.1333405
-0.7622741,-0.7622741
-0.5699539,-0.5699539
1.258583,1.258583
0.5337054,0.5337054
11.3502338,-10.0
-1.2322759,-1.2322759
-1.87801,-1.87801
-0.57344,-0.57344
0.1203338,0.1203338
-0.6325312,-0.6325312
0.650155,0.650155
5.395348,5.395348
2.4935574,2.4935574
3.0506835,3.0506835
-1.0075613,-1.0075613
1.7364703,1.7364703
2.1886401,2.1886401
0.5799809,0.5799809
1.1333405,1.1333405
0.3710664,0.3710664
0.5633866,0.5633866
2.3919235,2.3919235
1.6670459,1.6670459
12.4835743,-10.0
-0.0989354,-0.0989354
-0.7446695,-0.7446695
0.5599005,0.5599005
1.2536743,1.2536743
0.5008093,0.5008093
0.2790886,0.2790886
5.0242816,5.0242816
2.122491,2.122491
2.6796171,2.6796171
-1.3786277,-1.3786277
1.3654039,1.3654039
1.8175737,1.8175737
0.2089145,0.2089145
0.7622741,0.7622741
-0.3710664,-0.3710664
0.1923202,0.1923202
2.0208571,2.0208571
1.2959795,1.2959795
12.1125079,-10.0
-0.4700018,-0.4700018
-1.1157359,-1.1157359
0.1888341,0.1888341
0.8826079,0.8826079
0.1297429,0.1297429
0.0867684,0.0867684
4.8319614,4.8319614
1.9301708,1.9301708
2.4872969,2.4872969
-1.5709479,-1.5709479
1.1730837,1.1730837
1.6252535,1.6252535
0.0165943,0.0165943
0.5699539,0.5699539
-0.5633866,-0.5633866
-0.1923202,-0.1923202
1.8285369,1.8285369
1.1036593,1.1036593
11.9201877,-10.0
-0.662322,-0.662322
-1.3080561,-1.3080561
-0.0034861,-0.0034861
0.6902877,0.6902877
-0.0625773,-0.0625773
-1.7417685,-1.7417685
3.0034245,3.0034245
0.1016339,0.1016339
0.65876,0.65876
-3.3994848,-3.3994848
-0.6554532,-0.6554532
-0.2032834,-0.2032834
-1.8119426,-1.8119426
-1.258583,-1.258583
-2.3919235,-2.3919235
-2.0208571,-2.0208571
-1.8285369,-1.8285369
-0.7248776,-0.7248776
10.0916508,-10.0
-2.4908589,-2.4908589
-3.136593,-3.136593
-1.832023,-1.832023
-1.1382492,-1.1382492
-1.8911142,-1.8911142
-1.0168909,-1.0168909
3.7283021,3.7283021
0.8265115,0.8265115
1.3836376,1.3836376
-2.6746072,-2.6746072
0.0694244,0.0694244
0.5215942,0.5215942
-1.087065,-1.087065
-0.5337054,-0.5337054
-1.6670459,-1.6670459
-1.2959795,-1.2959795
-1.1036593,-1.1036593
0.7248776,0.7248776
10.8165284,-10.0
-1.7659813,-1.7659813
-2.4117154,-2.4117154
-1.1071454,-1.1071454
-0.4133716,-0.4133716
-1.1662366,-1.1662366
-11.8334193,-10.0
-7.0882263,-7.0882263
-9.9900169,-9.9900169
-9.4328908,-9.4328908
-13.4911356,-10.0
-10.747104,-10.0
-10.2949342,-10.0
-11.9035934,-10.0
-11.3502338,-10.0
-12.4835743,-10.0
-12.1125079,-10.0
-11.9201877,-10.0
-10.0916508,-10.0
-10.8165284,-10.0
-12.5825097,-10.0
-13.2282438,-10.0
-11.9236738,-10.0
-11.2299,-10.0
-11.982765,-10.0
0.7490904,0.7490904
5.4942834,5.4942834
2.5924928,2.5924928
3.1496189,3.1496189
-0.9086259,-0.9086259
1.8354057,1.8354057
2.2875755,2.2875755
0.6789163,0.6789163
1.2322759,1.2322759
0.0989354,0.0989354
0.4700018,0.4700018
0.662322,0.662322
2.4908589,2.4908589
1.7659813,1.7659813
12.5825097,-10.0
-0.6457341,-0.6457341
0.6588359,0.6588359
1.3526097,1.3526097
0.5997447,0.5997447
1.3948245,1.3948245
6.1400175,6.1400175
3.2382269,3.2382269
3.795353,3.795353
-0.2628918,-0.2628918
2.4811398,2.4811398
2.9333096,2.9333096
1.3246504,1.3246504
1.87801,1.87801
0.7446695,0.7446695
1.1157359,1.1157359
1.3080561,1.3080561
3.136593,3.136593
2.4117154,2.4117154
13.2282438,-10.0
0.6457341,0.6457341
1.30457,1.30457
1.9983438,1.9983438
1.2454788,1.2454788
0.0902545,0.0902545
4.8354475,4.8354475
1.9336569,1.9336569
2.490783,2.490783
-1.5674618,-1.5674618
1.1765698,1.1765698
1.6287396,1.6287396
0.0200804,0.0200804
0.57344,0.57344
-0.5599005,-0.5599005
-0.1888341,-0.1888341
0.0034861,0.0034861
1.832023,1.832023
1.1071454,1.1071454
11.9236738,-10.0
-0.6588359,-0.6588359
-1.30457,-1.30457
0.6937738,0.6937738
-0.0590912,-0.0590912
-0.6035193,-0.6035193
4.1416737,4.1416737
1.2398831,1.2398831
1.7970092,1.7970092
-2.2612356,-2.2612356
0.482796,0.482796
0.9349658,0.9349658
-0.6736934,-0.6736934
-0.1203338,-0.1203338
-1.2536743,-1.2536743
-0.8826079,-0.8826079
-0.6902877,-0.6902877
1.1382492,1.1382492
0.4133716,0.4133716
11.2299,-10.0
-1.3526097,-1.3526097
-1.9983438,-1.9983438
-0.6937738,-0.6937738
-0.752865,-0.752865
0.1493457,0.1493457
4.8945387,4.8945387
1.9927481,1.9927481
2.5498742,2.5498742
-1.5083706,-1.5083706
1.235661,1.235661
1.6878308,1.6878308
0.0791716,0.0791716
0.6325312,0.6325312
-0.5008093,-0.5008093
-0.1297429,-0.1297429
0.0625773,0.0625773
1.8911142,1.8911142
1.1662366,1.1662366
11.982765,-10.0
-0.5997447,-0.5997447
-1.2454788,-1.2454788
0.0590912,0.0590912
0.752865,0.752865
0.6152146,0.6152146
2.1855136,2.1855136
14.0124369,-10.0
1.3570781,1.3570781
-0.2947394,-0.2947394
3.7999905,3.7999905
-1.6418703,-1.6418703
1.1029346,1.1029346
-1.3618473,-1.3618473
-1.6105635,-1.6105635
1.0852035,1.0852035
0.8485457,0.8485457
13.032962,-10.0
1.8250576,1.8250576
0.6498341,0.6498341
0.0733534,0.0733534
-1.9236715,-1.9236715
14.6860274,-10.0
14.7217482,-10.0
-0.6152146,-0.6152146
1.570299,1.570299
13.3972223,-10.0
0.7418635,0.7418635
-0.909954,-0.909954
3.1847759,3.1847759
-2.2570849,-2.2570849
0.48772,0.48772
-1.9770619,-1.9770619
-2.2257781,-2.2257781
0.4699889,0.4699889
0.2333311,0.2333311
12.4177474,-10.0
1.209843,1.209843
0.0346195,0.0346195
-0.5418612,-0.5418612
-2.5388861,-2.5388861
14.0708128,-10.0
14.1065336,-10.0
-2.1855136,-2.1855136
-1.570299,-1.570299
11.8269233,-10.0
-0.8284355,-0.8284355
-2.480253,-2.480253
1.6144769,1.6144769
-3.8273839,-3.8273839
-1.082579,-1.082579
-3.5473609,-3.5473609
-3.7960771,-3.7960771
-1.1003101,-1.1003101
-1.3369679,-1.3369679
10.8474484,-10.0
-0.360456,-0.360456
-1.5356795,-1.5356795
-2.1121602,-2.1121602
-4.1091851,-4.1091851
12.5005138,-10.0
12.5362346,-10.0
-14.0124369,-10.0
-13.3972223,-10.0
-11.8269233,-10.0
-12.6553588,-10.0
-14.3071763,-10.0
-10.2124464,-10.0
-15.6543072,-10.0
-12.9095023,-10.0
-15.3742842,-10.0
-15.6230004,-10.0
-12.9272334,-10.0
-13.1638912,-10.0
-0.9794749,-0.9794749
-12.1873793,-10.0
-13.3626028,-10.0
-13.9390835,-10.0
-15.9361084,-10.0
0.6735905,0.6735905
0.7093113,0.7093113
-1.3570781,-1.3570781
-0.7418635,-0.7418635
0.8284355,0.8284355
12.6553588,-10.0
-1.6518175,-1.6518175
2.4429124,2.4429124
-2.9989484,-2.9989484
-0.2541435,-0.2541435
-2.7189254,-2.7189254
-2.9676416,-2.9676416
-0.2718746,-0.2718746
-0.5085324,-0.5085324
11.6758839,-10.0
0.4679795,0.4679795
-0.707244,-0.707244
-1.2837247,-1.2837247
-3.2807496,-3.2807496
13.3289493,-10.0
13.3646701,-10.0
0.2947394,0.2947394
0.909954,0.909954
2.480253,2.480253
14.3071763,-10.0
1.6518175,1.6518175
4.0947299,4.0947299
-1.3471309,-1.3471309
1.397674,1.397674
-1.0671079,-1.0671079
-1.3158241,-1.3158241
1.3799429,1.3799429
1.1432851,1.1432851
13.3277014,-10.0
2.119797,2.119797
0.9445735,0.9445735
0.3680928,0.3680928
-1.6289321,-1.6289321
14.9807668,-10.0
15.0164876,-10.0
-3.7999905,-3.7999905
-3.1847759,-3.1847759
-1.6144769,-1.6144769
10.2124464,-10.0
-2.4429124,-2.4429124
-4.0947299,-4.0947299
-5.4418608,-5.4418608
-2.6970559,-2.6970559
-5.1618378,-5.1618378
-5.410554,-5.410554
-2.714787,-2.714787
-2.9514448,-2.9514448
9.2329715,9.2329715
-1.9749329,-1.9749329
-3.1501564,-3.1501564
-3.7266371,-3.7266371
-5.723662,-5.723662
10.8860369,-10.0
10.9217577,-10.0
1.6418703,1.6418703
2.2570849,2.2570849
3.8273839,3.8273839
15.6543072,-10.0
2.9989484,2.9989484
1.3471309,1.3471309
5.4418608,5.4418608
2.7448049,2.7448049
0.280023,0.280023
0.0313068,0.0313068
2.7270738,2.7270738
2.490416,2.490416
14.6748323,-10.0
3.4669279,3.4669279
2.2917044,2.2917044
1.7152237,1.7152237
-0.2818012,-0.2818012
16.3278977,-10.0
16.3636185,-10.0
-1.1029346,-1.1029346
-0.48772,-0.48772
1.082579,1.082579
12.9095023,-10.0
0.2541435,0.2541435
-1.397674,-1.397674
2.6970559,2.6970559
-2.7448049,-2.7448049
-2.4647819,-2.4647819
-2.7134981,-2.7134981
-0.0177311,-0.0177311
-0.2543889,-0.2543889
11.9300274,-10.0
0.722123,0.722123
-0.4531005,-0.4531005
-1.0295812,-1.0295812
-3.0266061,-3.0266061
13.5830928,-10.0
13.6188136,-10.0
1.3618473,1.3618473
1.9770619,1.9770619
3.5473609,3.5473609
15.3742842,-10.0
2.7189254,2.7189254
1.0671079,1.0671079
5.1618378,5.1618378
-0.280023,-0.280023
2.4647819,2.4647819
-0.2487162,-0.2487162
2.4470508,2.4470508
2.210393,2.210393
14.3948093,-10.0
3.1869049,3.1869049
2.0116814,2.0116814
1.4352007,1.4352007
-0.5618242,-0.5618242
16.0478747,-10.0
16.0835955,-10.0
1.6105635,1.6105635
2.2257781,2.2257781
3.7960771,3.7960771
15.6230004,-10.0
2.9676416,2.9676416
1.3158241,1.3158241
5.410554,5.410554
-0.0313068,-0.0313068
2.7134981,2.7134981
0.2487162,0.2487162
2.695767,2.695767
2.4591092,2.4591092
14.6435255,-10.0
3.4356211,3.4356211
2.2603976,2.2603976
1.6839169,1.6839169
-0.313108,-0.313108
16.2965909,-10.0
16.3323117,-10.0
-1.0852035,-1.0852035
-0.4699889,-0.4699889
1.1003101,1.1003101
12.9272334,-10.0
0.2718746,0.2718746
-1.3799429,-1.3799429
2.714787,2.714787
-2.7270738,-2.7270738
0.0177311,0.0177311
-2.4470508,-2.4470508
-2.695767,-2.695767
-0.2366578,-0.2366578
11.9477585,-10.0
0.7398541,0.7398541
-0.4353694,-0.4353694
-1.0118501,-1.0118501
-3.008875,-3.008875
13.6008239,-10.0
13.6365447,-10.0
-0.8485457,-0.8485457
-0.2333311,-0.2333311
1.3369679,1.3369679
13.1638912,-10.0
0.5085324,0.5085324
-1.1432851,-1.1432851
2.9514448,2.9514448
-2.490416,-2.490416
0.2543889,0.2543889
-2.210393,-2.210393
-2.4591092,-2.4591092
0.2366578,0.2366578
12.1844163,-10.0
0.9765119,0.9765119
-0.1987116,-0.1987116
-0.7751923,-0.7751923
-2.7722172,-2.7722172
13.8374817,-10.0
13.8732025,-10.0
-13.032962,-10.0
-12.4177474,-10.0
-10.8474484,-10.0
0.9794749,0.9794749
-11.6758839,-10.0
-13.3277014,-10.0
-9.2329715,-9.2329715
-14.6748323,-10.0
-11.9300274,-10.0
-14.3948093,-10.0
-14.6435255,-10.0
-11.9477585,-10.0
-12.1844163,-10.0
-11.2079044,-10.0
-12.3831279,-10.0
-12.9596086,-10.0
-14.9566335,-10.0
1.6530654,1.6530654
1.6887862,1.6887862
-1.8250576,-1.8250576
-1.209843,-1.209843
0.360456,0.360456
12.1873793,-10.0
-0.4679795,-0.4679795
-2.119797,-2.119797
1.9749329,1.9749329
-3.4669279,-3.4669279
-0.722123,-0.722123
-3.1869049,-3.1869049
-3.4356211,-3.4356211
-0.7398541,-0.7398541
-0.9765119,-0.9765119
11.2079044,-10.0
-1.1752235,-1.1752235
-1.7517042,-1.7517042
-3.7487291,-3.7487291
12.8609698,-10.0
12.8966906,-10.0
-0.6498341,-0.6498341
-0.0346195,-0.0346195
1.5356795,1.5356795
13.3626028,-10.0
0.707244,0.707244
-0.9445735,-0.9445735
3.1501564,3.1501564
-2.2917044,-2.2917044
0.4531005,0.4531005
-2.0116814,-2.0116814
-2.2603976,-2.2603976
0.4353694,0.4353694
0.1987116,0.1987116
12.3831279,-10.0
1.1752235,1.1752235
-0.5764807,-0.5764807
-2.5735056,-2.5735056
14.0361933,-10.0
14.0719141,-10.0
-0.0733534,-0.0733534
0.5418612,0.5418612
2.1121602,2.1121602
13.9390835,-10.0
1.2837247,1.2837247
-0.3680928,-0.3680928
3.7266371,3.7266371
-1.7152237,-1.7152237
1.0295812,1.0295812
-1.4352007,-1.4352007
-1.6839169,-1.6839169
1.0118501,1.0118501
0.7751923,0.7751923
12.9596086,-10.0
1.7517042,1.7517042
0.5764807,0.5764807
-1.9970249,-1.9970249
14.612674,-10.0
14.6483948,-10.0
1.9236715,1.9236715
2.5388861,2.5388861
4.1091851,4.1091851
15.9361084,-10.0
3.2807496,3.2807496
1.6289321,1.6289321
5.723662,5.723662
0.2818012,0.2818012
3.0266061,3.0266061
0.5618242,0.5618242
0.313108,0.313108
3.008875,3.008875
2.7722172,2.7722172
14.9566335,-10.0
3.7487291,3.7487291
2.5735056,2.5735056
1.9970249,1.9970249
16.6096989,-10.0
16.6454197,-10.0
-14.6860274,-10.0
-14.0708128,-10.0
-12.5005138,-10.0
-0.6735905,-0.6735905
-13.3289493,-10.0
-14.9807668,-10.0
-10.8860369,-10.0
-16.3278977,-10.0
-13.5830928,-10.0
-16.0478747,-10.0
-16.2965909,-10.0
-13.6008239,-10.0
-13.8374817,-10.0
-1.6530654,-1.6530654
-12.8609698,-10.0
-14.0361933,-10.0
-14.612674,-10.0
-16.6096989,-10.0
0.0357208,0.0357208
-14.7217482,-10.0
-14.1065336,-10.0
-12.5362346,-10.0
-0.7093113,-0.7093113
-13.3646701,-10.0
-15.0164876,-10.0
-10.9217577,-10.0
-16.3636185,-10.0
-13.6188136,-10.0
-16.0835955,-10.0
-16.3323117,-10.0
-13.6365447,-10.0
-13.8732025,-10.0
-1.6887862,-1.6887862
-12.8966906,-10.0
-14.0719141,-10.0
-14.6483948,-10.0
-16.6454197,-10.0
-0.0357208,-0.0357208
-1.5520653,-1.5520653
1.0251989,1.0251989
0.8158811,0.8158811
-5.441374,-5.441374
1.2236556,1.2236556
15.5586259,-10.0
-1.7392064,-1.7392064
0.166378,0.166378
-1.7623943,-1.7623943
-0.8309688,-0.8309688
-1.1095634,-1.1095634
-0.6513817,-0.6513817
0.9749762,0.9749762
14.0893646,-10.0
1.1920205,1.1920205
12.7921837,-10.0
-0.0113889,-0.0113889
-5.9675309,-5.9675309
-4.1442775,-4.1442775
1.5520653,1.5520653
2.5772642,2.5772642
2.3679464,2.3679464
-3.8893087,-3.8893087
2.7757209,2.7757209
17.1106912,-10.0
-0.1871411,-0.1871411
1.7184433,1.7184433
-0.210329,-0.210329
0.7210965,0.7210965
0.4425019,0.4425019
0.9006836,0.9006836
2.5270415,2.5270415
15.6414299,-10.0
2.7440858,2.7440858
14.344249,-10.0
1.5406764,1.5406764
-4.4154656,-4.4154656
-2.5922122,-2.5922122
-1.0251989,-1.0251989
-2.5772642,-2.5772642
-0.2093178,-0.2093178
-6.4665729,-6.4665729
0.1984567,0.1984567
14.533427,-10.0
-2.7644053,-2.7644053
-0.8588209,-0.8588209
-2.7875932,-2.7875932
-1.8561677,-1.8561677
-2.1347623,-2.1347623
-1.6765806,-1.6765806
-0.0502227,-0.0502227
13.0641657,-10.0
0.1668216,0.1668216
11.7669848,-10.0
-1.0365878,-1.0365878
-6.9927298,-6.9927298
-5.1694764,-5.1694764
-0.8158811,-0.8158811
-2.3679464,-2.3679464
0.2093178,0.2093178
-6.2572551,-6.2572551
0.4077745,0.4077745
14.7427448,-10.0
-2.5550875,-2.5550875
-0.6495031,-0.6495031
-2.5782754,-2.5782754
-1.6468499,-1.6468499
-1.9254445,-1.9254445
-1.4672628,-1.4672628
0.1590951,0.1590951
13.2734835,-10.0
0.3761394,0.3761394
11.9763026,-10.0
-0.82727,-0.82727
-6.783412,-6.783412
-4.9601586,-4.9601586
5.441374,5.441374
3.8893087,3.8893087
6.4665729,6.4665729
6.2572551,6.2572551
6.6650296,6.6650296
20.9999999,-10.0
3.7021676,3.7021676
5.607752,5.607752
3.6789797,3.6789797
4.6104052,4.6104052
4.3318106,4.3318106
4.7899923,4.7899923
6.4163502,6.4163502
19.5307386,-10.0
6.6333945,6.6333945
18.2335577,-10.0
5.4299851,5.4299851
-0.5261569,-0.5261569
1.2970965,1.2970965
-1.2236556,-1.2236556
-2.7757209,-2.7757209
-0.1984567,-0.1984567
-0.4077745,-0.4077745
-6.6650296,-6.6650296
14.3349703,-10.0
-2.962862,-2.962862
-1.0572776,-1.0572776
-2.9860499,-2.9860499
-2.0546244,-2.0546244
-2.333219,-2.333219
-1.8750373,-1.8750373
-0.2486794,-0.2486794
12.865709,-10.0
-0.0316351,-0.0316351
11.5685281,-10.0
-1.2350445,-1.2350445
-7.1911865,-7.1911865
-5.3679331,-5.3679331
-15.5586259,-10.0
-17.1106912,-10.0
-14.533427,-10.0
-14.7427448,-10.0
-20.9999999,-10.0
-14.3349703,-10.0
-17.2978323,-10.0
-15.3922479,-10.0
-17.3210202,-10.0
-16.3895947,-10.0
-16.6681893,-10.0
-16.2100076,-10.0
-14.5836497,-10.0
-1.4692613,-1.4692613
-14.3666054,-10.0
-2.7664422,-2.7664422
-15.5700148,-10.0
-21.5261568,-10.0
-19.7029034,-10.0
1.7392064,1.7392064
0.1871411,0.1871411
2.7644053,2.7644053
2.5550875,2.5550875
-3.7021676,-3.7021676
2.962862,2.962862
17.2978323,-10.0
1.9055844,1.9055844
-0.0231879,-0.0231879
0.9082376,0.9082376
0.629643,0.629643
1.0878247,1.0878247
2.7141826,2.7141826
15.828571,-10.0
2.9312269,2.9312269
14.5313901,-10.0
1.7278175,1.7278175
-4.2283245,-4.2283245
-2.4050711,-2.4050711
-0.166378,-0.166378
-1.7184433,-1.7184433
0.8588209,0.8588209
0.6495031,0.6495031
-5.607752,-5.607752
1.0572776,1.0572776
15.3922479,-10.0
-1.9055844,-1.9055844
-1.9287723,-1.9287723
-0.9973468,-0.9973468
-1.2759414,-1.2759414
-0.8177597,-0.8177597
0.8085982,0.8085982
13.9229866,-10.0
1.0256425,1.0256425
12.6258057,-10.0
-0.1777669,-0.1777669
-6.1339089,-6.1339089
-4.3106555,-4.3106555
1.7623943,1.7623943
0.210329,0.210329
2.7875932,2.7875932
2.5782754,2.5782754
-3.6789797,-3.6789797
2.9860499,2.9860499
17.3210202,-10.0
0.0231879,0.0231879
1.9287723,1.9287723
0.9314255,0.9314255
0.6528309,0.6528309
1.1110126,1.1110126
2.7373705,2.7373705
15.8517589,-10.0
2.9544148,2.9544148
14.554578,-10.0
1.7510054,1.7510054
-4.2051366,-4.2051366
-2.3818832,-2.3818832
0.8309688,0.8309688
-0.7210965,-0.7210965
1.8561677,1.8561677
1.6468499,1.6468499
-4.6104052,-4.6104052
2.0546244,2.0546244
16.3895947,-10.0
-0.9082376,-0.9082376
0.9973468,0.9973468
-0.9314255,-0.9314255
-0.2785946,-0.2785946
0.1795871,0.1795871
1.805945,1.805945
14.9203334,-10.0
2.0229893,2.0229893
13.6231525,-10.0
0.8195799,0.8195799
-5.1365621,-5.1365621
-3.3133087,-3.3133087
1.1095634,1.1095634
-0.4425019,-0.4425019
2.1347623,2.1347623
1.9254445,1.9254445
-4.3318106,-4.3318106
2.333219,2.333219
16.6681893,-10.0
-0.629643,-0.629643
1.2759414,1.2759414
-0.6528309,-0.6528309
0.2785946,0.2785946
0.4581817,0.4581817
2.0845396,2.0845396
15.198928,-10.0
2.3015839,2.3015839
13.9017471,-10.0
1.0981745,1.0981745
-4.8579675,-4.8579675
-3.0347141,-3.0347141
0.6513817,0.6513817
-0.9006836,-0.9006836
1.6765806,1.6765806
1.4672628,1.4672628
-4.7899923,-4.7899923
1.8750373,1.8750373
16.2100076,-10.0
-1.0878247,-1.0878247
0.8177597,0.8177597
-1.1110126,-1.1110126
-0.1795871,-0.1795871
-0.4581817,-0.4581817
1.6263579,1.6263579
14.7407463,-10.0
1.8434022,1.8434022
13.4435654,-10.0
0.6399928,0.6399928
-5.3161492,-5.3161492
-3.4928958,-3.4928958
-0.9749762,-0.9749762
-2.5270415,-2.5270415
0.0502227,0.0502227
-0.1590951,-0.1590951
-6.4163502,-6.4163502
0.2486794,0.2486794
14.5836497,-10.0
-2.7141826,-2.7141826
-0.8085982,-0.8085982
-2.7373705,-2.7373705
-1.805945,-1.805945
-2.0845396,-2.0845396
-1.6263579,-1.6263579
13.1143884,-10.0
0.2170443,0.2170443
11.8172075,-10.0
-0.9863651,-0.9863651
-6.9425071,-6.9425071
-5.1192537,-5.1192537
-14.0893646,-10.0
-15.6414299,-10.0
-13.0641657,-10.0
-13.2734835,-10.0
-19.5307386,-10.0
-12.865709,-10.0
1.4692613,1.4692613
-15.828571,-10.0
-13.9229866,-10.0
-15.8517589,-10.0
-14.9203334,-10.0
-15.198928,-10.0
-14.7407463,-10.0
-13.1143884,-10.0
-12.8973441,-10.0
-1.2971809,-1.2971809
-14.1007535,-10.0
-20.0568955,-10.0
-18.2336421,-10.0
-1.1920205,-1.1920205
-2.7440858,-2.7440858
-0.1668216,-0.1668216
-0.3761394,-0.3761394
-6.6333945,-6.6333945
0.0316351,0.0316351
14.3666054,-10.0
-2.9312269,-2.9312269
-1.0256425,-1.0256425
-2.9544148,-2.9544148
-2.0229893,-2.0229893
-2.3015839,-2.3015839
-1.8434022,-1.8434022
-0.2170443,-0.2170443
12.8973441,-10.0
11.6001632,-10.0
-1.2034094,-1.2034094
-7.1595514,-7.1595514
-5.336298,-5.336298
-12.7921837,-10.0
-14.344249,-10.0
-11.7669848,-10.0
-11.9763026,-10.0
-18.2335577,-10.0
-11.5685281,-10.0
2.7664422,2.7664422
-14.5313901,-10.0
-12.6258057,-10.0
-14.554578,-10.0
-13.6231525,-10.0
-13.9017471,-10.0
-13.4435654,-10.0
-11.8172075,-10.0
1.2971809,1.2971809
-11.6001632,-10.0
-12.8035726,-10.0
-18.7597146,-10.0
-16.9364612,-10.0
0.0113889,0.0113889
-1.5406764,-1.5406764
1.0365878,1.0365878
0.82727,0.82727
-5.4299851,-5.4299851
1.2350445,1.2350445
15.5700148,-10.0
-1.7278175,-1.7278175
0.1777669,0.1777669
-1.7510054,-1.7510054
-0.8195799,-0.8195799
-1.0981745,-1.0981745
-0.6399928,-0.6399928
0.9863651,0.9863651
14.1007535,-10.0
1.2034094,1.2034094
12.8035726,-10.0
-5.956142,-5.956142
-4.1328886,-4.1328886
5.9675309,5.9675309
4.4154656,4.4154656
6.9927298,6.9927298
6.783412,6.783412
0.5261569,0.5261569
7.1911865,7.1911865
21.5261568,-10.0
4.2283245,4.2283245
6.1339089,6.1339089
4.2051366,4.2051366
5.1365621,5.1365621
4.8579675,4.8579675
5.3161492,5.3161492
6.9425071,6.9425071
20.0568955,-10.0
7.1595514,7.1595514
18.7597146,-10.0
5.956142,5.956142
1.8232534,1.8232534
4.1442775,4.1442775
2.5922122,2.5922122
5.1694764,5.1694764
4.9601586,4.9601586
-1.2970965,-1.2970965
5.3679331,5.3679331
19.7029034,-10.0
2.4050711,2.4050711
4.3106555,4.3106555
2.3818832,2.3818832
3.3133087,3.3133087
3.0347141,3.0347141
3.4928958,3.4928958
5.1192537,5.1192537
18.2336421,-10.0
5.336298,5.336298
16.9364612,-10.0
4.1328886,4.1328886
-1.8232534,-1.8232534
1.3845573,1.3845573
0.407472,0.407472
-0.2320269,-0.2320269
-1.1820132,-1.1820132
-1.9671654,-1.9671654
-0.3532704,-0.3532704
1.511529,1.511529
-0.8283191,-0.8283191
-0.8458465,-0.8458465
0.7622249,0.7622249
1.738287,1.738287
0.639414,0.639414
-0.8561236,-0.8561236
0.6851562,0.6851562
-0.4520409,-0.4520409
0.5762362,0.5762362
0.7812024,0.7812024
-4.6842389,-4.6842389
-1.7400151,-1.7400151
-1.3845573,-1.3845573
-0.9770853,-0.9770853
-1.6165842,-1.6165842
-2.5665705,-2.5665705
-3.3517227,-3.3517227
-1.7378277,-1.7378277
0.1269717,0.1269717
-2.2128764,-2.2128764
-2.2304038,-2.2304038
-0.6223324,-0.6223324
0.3537297,0.3537297
-0.7451433,-0.7451433
-2.2406809,-2.2406809
-0.6994011,-0.6994011
-1.8365982,-1.8365982
-0.8083211,-0.8083211
-0.6033549,-0.6033549
-6.0687962,-6.0687962
-3.1245724,-3.1245724
-0.407472,-0.407472
0.9770853,0.9770853
-0.6394989,-0.6394989
-1.5894852,-1.5894852
-2.3746374,-2.3746374
-0.7607424,-0.7607424
1.104057,1.104057
-1.2357911,-1.2357911
-1.2533185,-1.2533185
0.3547529,0.3547529
1.330815,1.330815
0.231942,0.231942
-1.2635956,-1.2635956
0.2776842,0.2776842
-0.8595129,-0.8595129
0.1687642,0.1687642
0.3737304,0.3737304
-5.0917109,-5.0917109
-2.1474871,-2.1474871
0.2320269,0.2320269
1.6165842,1.6165842
0.6394989,0.6394989
-0.9499863,-0.9499863
-1.7351385,-1.7351385
-0.1212435,-0.1212435
1.7435559,1.7435559
-0.5962922,-0.5962922
-0.6138196,-0.6138196
0.9942518,0.9942518
1.9703139,1.9703139
0.8714409,0.8714409
-0.6240967,-0.6240967
0.9171831,0.9171831
-0.220014,-0.220014
0.8082631,0.8082631
1.0132293,1.0132293
-4.452212,-4.452212
-1.5079882,-1.5079882
1.1820132,1.1820132
2.5665705,2.5665705
1.5894852,1.5894852
0.9499863,0.9499863
-0.7851522,-0.7851522
0.8287428,0.8287428
2.6935422,2.6935422
0.3536941,0.3536941
0.3361667,0.3361667
1.9442381,1.9442381
2.9203002,2.9203002
1.8214272,1.8214272
0.3258896,0.3258896
1.8671694,1.8671694
0.7299723,0.7299723
1.7582494,1.7582494
1.9632156,1.9632156
-3.5022257,-3.5022257
-0.5580019,-0.5580019
1.9671654,1.9671654
3.3517227,3.3517227
2.3746374,2.3746374
1.7351385,1.7351385
0.7851522,0.7851522
1.613895,1.613895
3.4786944,3.4786944
1.1388463,1.1388463
1.1213189,1.1213189
2.7293903,2.7293903
3.7054524,3.7054524
2.6065794,2.6065794
1.1110418,1.1110418
2.6523216,2.6523216
1.5151245,1.5151245
2.5434016,2.5434016
2.7483678,2.7483678
-2.7170735,-2.7170735
0.2271503,0.2271503
0.3532704,0.3532704
1.7378277,1.7378277
0.7607424,0.7607424
0.1212435,0.1212435
-0.8287428,-0.8287428
-1.613895,-1.613895
1.8647994,1.8647994
-0.4750487,-0.4750487
-0.4925761,-0.4925761
1.1154953,1.1154953
2.0915574,2.0915574
0.9926844,0.9926844
-0.5028532,-0.5028532
1.0384266,1.0384266
-0.0987705,-0.0987705
0.9295066,0.9295066
1.1344728,1.1344728
-4.3309685,-4.3309685
-1.3867447,-1.3867447
-1.511529,-1.511529
-0.1269717,-0.1269717
-1.104057,-1.104057
-1.7435559,-1.7435559
-2.6935422,-2.6935422
-3.4786944,-3.4786944
-1.8647994,-1.8647994
-2.3398481,-2.3398481
-2.3573755,-2.3573755
-0.7493041,-0.7493041
0.226758,0.226758
-0.872115,-0.872115
-2.3676526,-2.3676526
-0.8263728,-0.8263728
-1.9635699,-1.9635699
-0.9352928,-0.9352928
-0.7303266,-0.7303266
-6.1957679,-6.1957679
-3.2515441,-3.2515441
0.8283191,0.8283191
2.2128764,2.2128764
1.2357911,1.2357911
0.5962922,0.5962922
-0.3536941,-0.3536941
-1.1388463,-1.1388463
0.4750487,0.4750487
2.3398481,2.3398481
-0.0175274,-0.0175274
1.590544,1.590544
2.5666061,2.5666061
1.4677331,1.4677331
-0.0278045,-0.0278045
1.5134753,1.5134753
0.3762782,0.3762782
1.4045553,1.4045553
1.6095215,1.6095215
-3.8559198,-3.8559198
-0.911696,-0.911696
0.8458465,0.8458465
2.2304038,2.2304038
1.2533185,1.2533185
0.6138196,0.6138196
-0.3361667,-0.3361667
-1.1213189,-1.1213189
0.4925761,0.4925761
2.3573755,2.3573755
0.0175274,0.0175274
1.6080714,1.6080714
2.5841335,2.5841335
1.4852605,1.4852605
-0.0102771,-0.0102771
1.5310027,1.5310027
0.3938056,0.3938056
1.4220827,1.4220827
1.6270489,1.6270489
-3.8383924,-3.8383924
-0.8941686,-0.8941686
-0.7622249,-0.7622249
0.6223324,0.6223324
-0.3547529,-0.3547529
-0.9942518,-0.9942518
-1.9442381,-1.9442381
-2.7293903,-2.7293903
-1.1154953,-1.1154953
0.7493041,0.7493041
-1.590544,-1.590544
-1.6080714,-1.6080714
0.9760621,0.9760621
-0.1228109,-0.1228109
-1.6183485,-1.6183485
-0.0770687,-0.0770687
-1.2142658,-1.2142658
-0.1859887,-0.1859887
0.0189775,0.0189775
-5.4464638,-5.4464638
-2.50224,-2.50224
-1.738287,-1.738287
-0.3537297,-0.3537297
-1.330815,-1.330815
-1.9703139,-1.9703139
-2.9203002,-2.9203002
-3.7054524,-3.7054524
-2.0915574,-2.0915574
-0.226758,-0.226758
-2.5666061,-2.5666061
-2.5841335,-2.5841335
-0.9760621,-0.9760621
-1.098873,-1.098873
-2.5944106,-2.5944106
-1.0531308,-1.0531308
-2.1903279,-2.1903279
-1.1620508,-1.1620508
-0.9570846,-0.9570846
-6.4225259,-6.4225259
-3.4783021,-3.4783021
-0.639414,-0.639414
0.7451433,0.7451433
-0.231942,-0.231942
-0.8714409,-0.8714409
-1.8214272,-1.8214272
-2.6065794,-2.6065794
-0.9926844,-0.9926844
0.872115,0.872115
-1.4677331,-1.4677331
-1.4852605,-1.4852605
0.1228109,0.1228109
1.098873,1.098873
-1.4955376,-1.4955376
0.0457422,0.0457422
-1.0914549,-1.0914549
-0.0631778,-0.0631778
0.1417884,0.1417884
-5.3236529,-5.3236529
-2.3794291,-2.3794291
0.8561236,0.8561236
2.2406809,2.2406809
1.2635956,1.2635956
0.6240967,0.6240967
-0.3258896,-0.3258896
-1.1110418,-1.1110418
0.5028532,0.5028532
2.3676526,2.3676526
0.0278045,0.0278045
0.0102771,0.0102771
1.6183485,1.6183485
2.5944106,2.5944106
1.4955376,1.4955376
1.5412798,1.5412798
0.4040827,0.4040827
1.4323598,1.4323598
1.637326,1.637326
-3.8281153,-3.8281153
-0.8838915,-0.8838915
-0.6851562,-0.6851562
0.6994011,0.6994011
-0.2776842,-0.2776842
-0.9171831,-0.9171831
-1.8671694,-1.8671694
-2.6523216,-2.6523216
-1.0384266,-1.0384266
0.8263728,0.8263728
-1.5134753,-1.5134753
-1.5310027,-1.5310027
0.0770687,0.0770687
1.0531308,1.0531308
-0.0457422,-0.0457422
-1.5412798,-1.5412798
-1.1371971,-1.1371971
-0.10892,-0.10892
0.0960462,0.0960462
-5.3693951,-5.3693951
-2.4251713,-2.4251713
0.4520409,0.4520409
1.8365982,1.8365982
0.8595129,0.8595129
0.220014,0.220014
-0.7299723,-0.7299723
-1.5151245,-1.5151245
0.0987705,0.0987705
1.9635699,1.9635699
-0.3762782,-0.3762782
-0.3938056,-0.3938056
1.2142658,1.2142658
2.1903279,2.1903279
1.0914549,1.0914549
-0.4040827,-0.4040827
1.1371971,1.1371971
1.0282771,1.0282771
1.2332433,1.2332433
-4.232198,-4.232198
-1.2879742,-1.2879742
-0.5762362,-0.5762362
0.8083211,0.8083211
-0.1687642,-0.1687642
-0.8082631,-0.8082631
-1.7582494,-1.7582494
-2.5434016,-2.5434016
-0.9295066,-0.9295066
0.9352928,0.9352928
-1.4045553,-1.4045553
-1.4220827,-1.4220827
0.1859887,0.1859887
1.1620508,1.1620508
0.0631778,0.0631778
-1.4323598,-1.4323598
0.10892,0.10892
-1.0282771,-1.0282771
0.2049662,0.2049662
-5.2604751,-5.2604751
-2.3162513,-2.3162513
-0.7812024,-0.7812024
0.6033549,0.6033549
-0.3737304,-0.3737304
-1.0132293,-1.0132293
-1.9632156,-1.9632156
-2.7483678,-2.7483678
-1.1344728,-1.1344728
0.7303266,0.7303266
-1.6095215,-1.6095215
-1.6270489,-1.6270489
-0.0189775,-0.0189775
0.9570846,0.9570846
-0.1417884,-0.1417884
-1.637326,-1.637326
-0.0960462,-0.0960462
-1.2332433,-1.2332433
-0.2049662,-0.2049662
-5.4654413,-5.4654413
-2.5212175,-2.5212175
4.6842389,4.6842389
6.0687962,6.0687962
5.0917109,5.0917109
4.452212,4.452212
3.5022257,3.5022257
2.7170735,2.7170735
4.3309685,4.3309685
6.1957679,6.1957679
3.8559198,3.8559198
3.8383924,3.8383924
5.4464638,5.4464638
6.4225259,6.4225259
5.3236529,5.3236529
3.8281153,3.8281153
5.3693951,5.3693951
4.232198,4.232198
5.2604751,5.2604751
5.4654413,5.4654413
2.9442238,2.9442238
1.7400151,1.7400151
3.1245724,3.1245724
2.1474871,2.1474871
1.5079882,1.5079882
0.5580019,0.5580019
-0.2271503,-0.2271503
1.3867447,1.3867447
3.2515441,3.2515441
0.911696,0.911696
0.8941686,0.8941686
2.50224,2.50224
3.4783021,3.4783021
2.3794291,2.3794291
0.8838915,0.8838915
2.4251713,2.4251713
1.2879742,1.2879742
2.3162513,2.3162513
2.5212175,2.5212175
-2.9442238,-2.9442238
6.2745807,6.2745807
12.3671284,-10.0
1.9261473,1.9261473
0.4917274,0.4917274
-0.6619235,-0.6619235
5.3704754,5.3704754
-0.1648293,-0.1648293
0.2496554,0.2496554
0.0927486,0.0927486
-1.0502958,-1.0502958
0.2365413,0.2365413
-1.4318856,-1.4318856
-0.4788752,-0.4788752
1.5269768,1.5269768
1.4683323,1.4683323
1.3488947,1.3488947
-0.0677187,-0.0677187
15.1926168,-10.0
1.4087939,1.4087939
-6.2745807,-6.2745807
6.0925477,6.0925477
-4.3484334,-4.3484334
-5.7828533,-5.7828533
-6.9365042,-6.9365042
-0.9041053,-0.9041053
-6.43941,-6.43941
-6.0249253,-6.0249253
-6.1818321,-6.1818321
-7.3248765,-7.3248765
-6.0380394,-6.0380394
-7.7064663,-7.7064663
-6.7534559,-6.7534559
-4.7476039,-4.7476039
-4.8062484,-4.8062484
-4.925686,-4.925686
-6.3422994,-6.3422994
8.9180361,8.9180361
-4.8657868,-4.8657868
-12.3671284,-10.0
-6.0925477,-6.0925477
-10.4409811,-10.0
-11.875401,-10.0
-13.0290519,-10.0
-6.996653,-6.996653
-12.5319577,-10.0
-12.117473,-10.0
-12.2743798,-10.0
-13.4174242,-10.0
-12.1305871,-10.0
-13.799014,-10.0
-12.8460036,-10.0
-10.8401516,-10.0
-10.8987961,-10.0
-11.0182337,-10.0
-12.4348471,-10.0
2.8254884,2.8254884
-10.9583345,-10.0
-1.9261473,-1.9261473
4.3484334,4.3484334
10.4409811,-10.0
-1.4344199,-1.4344199
-2.5880708,-2.5880708
3.4443281,3.4443281
-2.0909766,-2.0909766
-1.6764919,-1.6764919
-1.8333987,-1.8333987
-2.9764431,-2.9764431
-1.689606,-1.689606
-3.3580329,-3.3580329
-2.4050225,-2.4050225
-0.3991705,-0.3991705
-0.457815,-0.457815
-0.5772526,-0.5772526
-1.993866,-1.993866
13.2664695,-10.0
-0.5173534,-0.5173534
-0.4917274,-0.4917274
5.7828533,5.7828533
11.875401,-10.0
1.4344199,1.4344199
-1.1536509,-1.1536509
4.878748,4.878748
-0.6565567,-0.6565567
-0.242072,-0.242072
-0.3989788,-0.3989788
-1.5420232,-1.5420232
-0.2551861,-0.2551861
-1.923613,-1.923613
-0.9706026,-0.9706026
1.0352494,1.0352494
0.9766049,0.9766049
0.8571673,0.8571673
-0.5594461,-0.5594461
14.7008894,-10.0
0.9170665,0.9170665
0.6619235,0.6619235
6.9365042,6.9365042
13.0290519,-10.0
2.5880708,2.5880708
1.1536509,1.1536509
6.0323989,6.0323989
0.4970942,0.4970942
0.9115789,0.9115789
0.7546721,0.7546721
-0.3883723,-0.3883723
0.8984648,0.8984648
-0.7699621,-0.7699621
0.1830483,0.1830483
2.1889003,2.1889003
2.1302558,2.1302558
2.0108182,2.0108182
0.5942048,0.5942048
15.8545403,-10.0
2.0707174,2.0707174
-5.3704754,-5.3704754
0.9041053,0.9041053
6.996653,6.996653
-3.4443281,-3.4443281
-4.878748,-4.878748
-6.0323989,-6.0323989
-5.5353047,-5.5353047
-5.12082,-5.12082
-5.2777268,-5.2777268
-6.4207712,-6.4207712
-5.1339341,-5.1339341
-6.802361,-6.802361
-5.8493506,-5.8493506
-3.8434986,-3.8434986
-3.9021431,-3.9021431
-4.0215807,-4.0215807
-5.4381941,-5.4381941
9.8221414,9.8221414
-3.9616815,-3.9616815
0.1648293,0.1648293
6.43941,6.43941
12.5319577,-10.0
2.0909766,2.0909766
0.6565567,0.6565567
-0.4970942,-0.4970942
5.5353047,5.5353047
0.4144847,0.4144847
0.2575779,0.2575779
-0.8854665,-0.8854665
0.4013706,0.4013706
-1.2670563,-1.2670563
-0.3140459,-0.3140459
1.6918061,1.6918061
1.6331616,1.6331616
1.513724,1.513724
0.0971106,0.0971106
15.3574461,-10.0
1.5736232,1.5736232
-0.2496554,-0.2496554
6.0249253,6.0249253
12.117473,-10.0
1.6764919,1.6764919
0.242072,0.242072
-0.9115789,-0.9115789
5.12082,5.12082
-0.4144847,-0.4144847
-0.1569068,-0.1569068
-1.2999512,-1.2999512
-0.0131141,-0.0131141
-1.681541,-1.681541
-0.7285306,-0.7285306
1.2773214,1.2773214
1.2186769,1.2186769
1.0992393,1.0992393
-0.3173741,-0.3173741
14.9429614,-10.0
1.1591385,1.1591385
-0.0927486,-0.0927486
6.1818321,6.1818321
12.2743798,-10.0
1.8333987,1.8333987
0.3989788,0.3989788
-0.7546721,-0.7546721
5.2777268,5.2777268
-0.2575779,-0.2575779
0.1569068,0.1569068
-1.1430444,-1.1430444
0.1437927,0.1437927
-1.5246342,-1.5246342
-0.5716238,-0.5716238
1.4342282,1.4342282
1.3755837,1.3755837
1.2561461,1.2561461
-0.1604673,-0.1604673
15.0998682,-10.0
1.3160453,1.3160453
1.0502958,1.0502958
7.3248765,7.3248765
13.4174242,-10.0
2.9764431,2.9764431
1.5420232,1.5420232
0.3883723,0.3883723
6.4207712,6.4207712
0.8854665,0.8854665
1.2999512,1.2999512
1.1430444,1.1430444
1.2868371,1.2868371
-0.3815898,-0.3815898
0.5714206,0.5714206
2.5772726,2.5772726
2.5186281,2.5186281
2.3991905,2.3991905
0.9825771,0.9825771
16.2429126,-10.0
2.4590897,2.4590897
-0.2365413,-0.2365413
6.0380394,6.0380394
12.1305871,-10.0
1.689606,1.689606
0.2551861,0.2551861
-0.8984648,-0.8984648
5.1339341,5.1339341
-0.4013706,-0.4013706
0.0131141,0.0131141
-0.1437927,-0.1437927
-1.2868371,-1.2868371
-1.6684269,-1.6684269
-0.7154165,-0.7154165
1.2904355,1.2904355
1.231791,1.231791
1.1123534,1.1123534
-0.30426,-0.30426
14.9560755,-10.0
1.1722526,1.1722526
1.4318856,1.4318856
7.7064663,7.7064663
13.799014,-10.0
3.3580329,3.3580329
1.923613,1.923613
0.7699621,0.7699621
6.802361,6.802361
1.2670563,1.2670563
1.681541,1.681541
1.5246342,1.5246342
0.3815898,0.3815898
1.6684269,1.6684269
0.9530104,0.9530104
2.9588624,2.9588624
2.9002179,2.9002179
2.7807803,2.7807803
1.3641669,1.3641669
16.6245024,-10.0
2.8406795,2.8406795
0.4788752,0.4788752
6.7534559,6.7534559
12.8460036,-10.0
2.4050225,2.4050225
0.9706026,0.9706026
-0.1830483,-0.1830483
5.8493506,5.8493506
0.3140459,0.3140459
0.7285306,0.7285306
0.5716238,0.5716238
-0.5714206,-0.5714206
0.7154165,0.7154165
-0.9530104,-0.9530104
2.005852,2.005852
1.9472075,1.9472075
1.8277699,1.8277699
0.4111565,0.4111565
15.671492,-10.0
1.8876691,1.8876691
-1.5269768,-1.5269768
4.7476039,4.7476039
10.8401516,-10.0
0.3991705,0.3991705
-1.0352494,-1.0352494
-2.1889003,-2.1889003
3.8434986,3.8434986
-1.6918061,-1.6918061
-1.2773214,-1.2773214
-1.4342282,-1.4342282
-2.5772726,-2.5772726
-1.2904355,-1.2904355
-2.9588624,-2.9588624
-2.005852,-2.005852
-0.0586445,-0.0586445
-0.1780821,-0.1780821
-1.5946955,-1.5946955
13.66564,-10.0
-0.1181829,-0.1181829
-1.4683323,-1.4683323
4.8062484,4.8062484
10.8987961,-10.0
0.457815,0.457815
-0.9766049,-0.9766049
-2.1302558,-2.1302558
3.9021431,3.9021431
-1.6331616,-1.6331616
-1.2186769,-1.2186769
-1.3755837,-1.3755837
-2.5186281,-2.5186281
-1.231791,-1.231791
-2.9002179,-2.9002179
-1.9472075,-1.9472075
0.0586445,0.0586445
-0.1194376,-0.1194376
-1.536051,-1.536051
13.7242845,-10.0
-0.0595384,-0.0595384
-1.3488947,-1.3488947
4.925686,4.925686
11.0182337,-10.0
0.5772526,0.5772526
-0.8571673,-0.8571673
-2.0108182,-2.0108182
4.0215807,4.0215807
-1.513724,-1.513724
-1.0992393,-1.0992393
-1.2561461,-1.2561461
-2.3991905,-2.3991905
-1.1123534,-1.1123534
-2.7807803,-2.7807803
-1.8277699,-1.8277699
0.1780821,0.1780821
0.1194376,0.1194376
-1.4166134,-1.4166134
13.8437221,-10.0
0.0598992,0.0598992
0.0677187,0.0677187
6.3422994,6.3422994
12.4348471,-10.0
1.993866,1.993866
0.5594461,0.5594461
-0.5942048,-0.5942048
5.4381941,5.4381941
-0.0971106,-0.0971106
0.3173741,0.3173741
0.1604673,0.1604673
-0.9825771,-0.9825771
0.30426,0.30426
-1.3641669,-1.3641669
-0.4111565,-0.4111565
1.5946955,1.5946955
1.536051,1.536051
1.4166134,1.4166134
15.2603355,-10.0
1.4765126,1.4765126
-15.1926168,-10.0
-8.9180361,-8.9180361
-2.8254884,-2.8254884
-13.2664695,-10.0
-14.7008894,-10.0
-15.8545403,-10.0
-9.8221414,-9.8221414
-15.3574461,-10.0
-14.9429614,-10.0
-15.0998682,-10.0
-16.2429126,-10.0
-14.9560755,-10.0
-16.6245024,-10.0
-15.671492,-10.0
-13.66564,-10.0
-13.7242845,-10.0
-13.8437221,-10.0
-15.2603355,-10.0
-13.7838229,-10.0
-1.4087939,-1.4087939
4.8657868,4.8657868
10.9583345,-10.0
0.5173534,0.5173534
-0.9170665,-0.9170665
-2.0707174,-2.0707174
3.9616815,3.9616815
-1.5736232,-1.5736232
-1.1591385,-1.1591385
-1.3160453,-1.3160453
-2.4590897,-2.4590897
-1.1722526,-1.1722526
-2.8406795,-2.8406795
-1.8876691,-1.8876691
0.1181829,0.1181829
0.0595384,0.0595384
-0.0598992,-0.0598992
-1.4765126,-1.4765126
13.7838229,-10.0
4.2678803,4.2678803
3.3412372,3.3412372
4.6355104,4.6355104
0.3742786,0.3742786
-1.7844501,-1.7844501
2.0324394,2.0324394
0.0988223,0.0988223
1.8326572,1.8326572
1.06921,1.06921
-1.0055488,-1.0055488
-0.2955564,-0.2955564
2.8207818,2.8207818
6.4560589,6.4560589
2.7089755,2.7089755
0.4858837,0.4858837
1.7352036,1.7352036
1.1063352,1.1063352
-1.2470297,-1.2470297
-0.5355009,-0.5355009
-4.2678803,-4.2678803
-0.9266431,-0.9266431
0.3676301,0.3676301
-3.8936017,-3.8936017
-6.0523304,-6.0523304
-2.2354409,-2.2354409
-4.169058,-4.169058
-2.4352231,-2.4352231
-3.1986703,-3.1986703
-5.2734291,-5.2734291
-4.5634367,-4.5634367
-1.4470985,-1.4470985
2.1881786,2.1881786
-1.5589048,-1.5589048
-3.7819966,-3.7819966
-2.5326767,-2.5326767
-3.1615451,-3.1615451
-5.51491,-5.51491
-4.8033812,-4.8033812
-3.3412372,-3.3412372
0.9266431,0.9266431
1.2942732,1.2942732
-2.9669586,-2.9669586
-5.1256873,-5.1256873
-1.3087978,-1.3087978
-3.2424149,-3.2424149
-1.50858,-1.50858
-2.2720272,-2.2720272
-4.346786,-4.346786
-3.6367936,-3.6367936
-0.5204554,-0.5204554
3.1148217,3.1148217
-0.6322617,-0.6322617
-2.8553535,-2.8553535
-1.6060336,-1.6060336
-2.234902,-2.234902
-4.5882669,-4.5882669
-3.8767381,-3.8767381
-4.6355104,-4.6355104
-0.3676301,-0.3676301
-1.2942732,-1.2942732
-4.2612318,-4.2612318
-6.4199605,-6.4199605
-2.603071,-2.603071
-4.5366881,-4.5366881
-2.8028532,-2.8028532
-3.5663004,-3.5663004
-5.6410592,-5.6410592
-4.9310668,-4.9310668
-1.8147286,-1.8147286
1.8205485,1.8205485
-1.9265349,-1.9265349
-4.1496267,-4.1496267
-2.9003068,-2.9003068
-3.5291752,-3.5291752
-5.8825401,-5.8825401
-5.1710113,-5.1710113
-0.3742786,-0.3742786
3.8936017,3.8936017
2.9669586,2.9669586
4.2612318,4.2612318
-2.1587287,-2.1587287
1.6581608,1.6581608
-0.2754563,-0.2754563
1.4583786,1.4583786
0.6949314,0.6949314
-1.3798274,-1.3798274
-0.669835,-0.669835
2.4465032,2.4465032
6.0817803,6.0817803
2.3346969,2.3346969
0.1116051,0.1116051
1.360925,1.360925
0.7320566,0.7320566
-1.6213083,-1.6213083
-0.9097795,-0.9097795
1.7844501,1.7844501
6.0523304,6.0523304
5.1256873,5.1256873
6.4199605,6.4199605
2.1587287,2.1587287
3.8168895,3.8168895
1.8832724,1.8832724
3.6171073,3.6171073
2.8536601,2.8536601
0.7789013,0.7789013
1.4888937,1.4888937
4.6052319,4.6052319
8.240509,8.240509
4.4934256,4.4934256
2.2703338,2.2703338
3.5196537,3.5196537
2.8907853,2.8907853
0.5374204,0.5374204
1.2489492,1.2489492
-2.0324394,-2.0324394
2.2354409,2.2354409
1.3087978,1.3087978
2.603071,2.603071
-1.6581608,-1.6581608
-3.8168895,-3.8168895
-1.9336171,-1.9336171
-0.1997822,-0.1997822
-0.9632294,-0.9632294
-3.0379882,-3.0379882
-2.3279958,-2.3279958
0.7883424,0.7883424
4.4236195,4.4236195
0.6765361,0.6765361
-1.5465557,-1.5465557
-0.2972358,-0.2972358
-0.9261042,-0.9261042
-3.2794691,-3.2794691
-2.5679403,-2.5679403
-0.0988223,-0.0988223
4.169058,4.169058
3.2424149,3.2424149
4.5366881,4.5366881
0.2754563,0.2754563
-1.8832724,-1.8832724
1.9336171,1.9336171
1.7338349,1.7338349
0.9703877,0.9703877
-1.1043711,-1.1043711
-0.3943787,-0.3943787
2.7219595,2.7219595
6.3572366,6.3572366
2.6101532,2.6101532
0.3870614,0.3870614
1.6363813,1.6363813
1.0075129,1.0075129
-1.345852,-1.345852
-0.6343232,-0.6343232
-1.8326572,-1.8326572
2.4352231,2.4352231
1.50858,1.50858
2.8028532,2.8028532
-1.4583786,-1.4583786
-3.6171073,-3.6171073
0.1997822,0.1997822
-1.7338349,-1.7338349
-0.7634472,-0.7634472
-2.838206,-2.838206
-2.1282136,-2.1282136
0.9881246,0.9881246
4.6234017,4.6234017
0.8763183,0.8763183
-1.3467735,-1.3467735
-0.0974536,-0.0974536
-0.726322,-0.726322
-3.0796869,-3.0796869
-2.3681581,-2.3681581
-1.06921,-1.06921
3.1986703,3.1986703
2.2720272,2.2720272
3.5663004,3.5663004
-0.6949314,-0.6949314
-2.8536601,-2.8536601
0.9632294,0.9632294
-0.9703877,-0.9703877
0.7634472,0.7634472
-2.0747588,-2.0747588
-1.3647664,-1.3647664
1.7515718,1.7515718
5.3868489,5.3868489
1.6397655,1.6397655
-0.5833263,-0.5833263
0.6659936,0.6659936
0.0371252,0.0371252
-2.3162397,-2.3162397
-1.6047109,-1.6047109
1.0055488,1.0055488
5.2734291,5.2734291
4.346786,4.346786
5.6410592,5.6410592
1.3798274,1.3798274
-0.7789013,-0.7789013
3.0379882,3.0379882
1.1043711,1.1043711
2.838206,2.838206
2.0747588,2.0747588
0.7099924,0.7099924
3.8263306,3.8263306
7.4616077,7.4616077
3.7145243,3.7145243
1.4914325,1.4914325
2.7407524,2.7407524
2.111884,2.111884
-0.2414809,-0.2414809
0.4700479,0.4700479
0.2955564,0.2955564
4.5634367,4.5634367
3.6367936,3.6367936
4.9310668,4.9310668
0.669835,0.669835
-1.4888937,-1.4888937
2.3279958,2.3279958
0.3943787,0.3943787
2.1282136,2.1282136
1.3647664,1.3647664
-0.7099924,-0.7099924
3.1163382,3.1163382
6.7516153,6.7516153
3.0045319,3.0045319
0.7814401,0.7814401
2.03076,2.03076
1.4018916,1.4018916
-0.9514733,-0.9514733
-0.2399445,-0.2399445
-2.8207818,-2.8207818
1.4470985,1.4470985
0.5204554,0.5204554
1.8147286,1.8147286
-2.4465032,-2.4465032
-4.6052319,-4.6052319
-0.7883424,-0.7883424
-2.7219595,-2.7219595
-0.9881246,-0.9881246
-1.7515718,-1.7515718
-3.8263306,-3.8263306
-3.1163382,-3.1163382
3.6352771,3.6352771
-0.1118063,-0.1118063
-2.3348981,-2.3348981
-1.0855782,-1.0855782
-1.7144466,-1.7144466
-4.0678115,-4.0678115
-3.3562827,-3.3562827
-6.4560589,-6.4560589
-2.1881786,-2.1881786
-3.1148217,-3.1148217
-1.8205485,-1.8205485
-6.0817803,-6.0817803
-8.240509,-8.240509
-4.4236195,-4.4236195
-6.3572366,-6.3572366
-4.6234017,-4.6234017
-5.3868489,-5.3868489
-7.4616077,-7.4616077
-6.7516153,-6.7516153
-3.6352771,-3.6352771
-3.7470834,-3.7470834
-5.9701752,-5.9701752
-4.7208553,-4.7208553
-5.3497237,-5.3497237
-7.7030886,-7.7030886
-6.9915598,-6.9915598
-2.7089755,-2.7089755
1.5589048,1.5589048
0.6322617,0.6322617
1.9265349,1.9265349
-2.3346969,-2.3346969
-4.4934256,-4.4934256
-0.6765361,-0.6765361
-2.6101532,-2.6101532
-0.8763183,-0.8763183
-1.6397655,-1.6397655
-3.7145243,-3.7145243
-3.0045319,-3.0045319
0.1118063,0.1118063
3.7470834,3.7470834
-2.2230918,-2.2230918
-0.9737719,-0.9737719
-1.6026403,-1.6026403
-3.9560052,-3.9560052
-3.2444764,-3.2444764
-0.4858837,-0.4858837
3.7819966,3.7819966
2.8553535,2.8553535
4.1496267,4.1496267
-0.1116051,-0.1116051
-2.2703338,-2.2703338
1.5465557,1.5465557
-0.3870614,-0.3870614
1.3467735,1.3467735
0.5833263,0.5833263
-1.4914325,-1.4914325
-0.7814401,-0.7814401
2.3348981,2.3348981
5.9701752,5.9701752
2.2230918,2.2230918
1.2493199,1.2493199
0.6204515,0.6204515
-1.7329134,-1.7329134
-1.0213846,-1.0213846
-1.7352036,-1.7352036
2.5326767,2.5326767
1.6060336,1.6060336
2.9003068,2.9003068
-1.360925,-1.360925
-3.5196537,-3.5196537
0.2972358,0.2972358
-1.6363813,-1.6363813
0.0974536,0.0974536
-0.6659936,-0.6659936
-2.7407524,-2.7407524
-2.03076,-2.03076
1.0855782,1.0855782
4.7208553,4.7208553
0.9737719,0.9737719
-1.2493199,-1.2493199
-0.6288684,-0.6288684
-2.9822333,-2.9822333
-2.2707045,-2.2707045
-1.1063352,-1.1063352
3.1615451,3.1615451
2.234902,2.234902
3.5291752,3.5291752
-0.7320566,-0.7320566
-2.8907853,-2.8907853
0.9261042,0.9261042
-1.0075129,-1.0075129
0.726322,0.726322
-0.0371252,-0.0371252
-2.111884,-2.111884
-1.4018916,-1.4018916
1.7144466,1.7144466
5.3497237,5.3497237
1.6026403,1.6026403
-0.6204515,-0.6204515
0.6288684,0.6288684
-2.3533649,-2.3533649
-1.6418361,-1.6418361
1.2470297,1.2470297
5.51491,5.51491
4.5882669,4.5882669
5.8825401,5.8825401
1.6213083,1.6213083
-0.5374204,-0.5374204
3.2794691,3.2794691
1.345852,1.345852
3.0796869,3.0796869
2.3162397,2.3162397
0.2414809,0.2414809
0.9514733,0.9514733
4.0678115,4.0678115
7.7030886,7.7030886
3.9560052,3.9560052
1.7329134,1.7329134
2.9822333,2.9822333
2.3533649,2.3533649
0.7115288,0.7115288
0.5355009,0.5355009
4.8033812,4.8033812
3.8767381,3.8767381
5.1710113,5.1710113
0.9097795,0.9097795
-1.2489492,-1.2489492
2.5679403,2.5679403
0.6343232,0.6343232
2.3681581,2.3681581
1.6047109,1.6047109
-0.4700479,-0.4700479
0.2399445,0.2399445
3.3562827,3.3562827
6.9915598,6.9915598
3.2444764,3.2444764
1.0213846,1.0213846
2.2707045,2.2707045
1.6418361,1.6418361
-0.7115288,-0.7115288
0.8497907,0.8497907
5.447046,5.447046
3.3262461,3.3262461
-0.8710733,-0.8710733
3.5548366,3.5548366
3.3187226,3.3187226
-0.1181228,-0.1181228
5.4617178,5.4617178
-0.4829583,-0.4829583
-0.1750911,-0.1750911
3.0232241,3.0232241
16.5358661,-10.0
3.470323,3.470323
17.0391629,-10.0
1.4752989,1.4752989
2.0125196,2.0125196
0.4641371,0.4641371
2.1854847,2.1854847
1.2304545,1.2304545
-0.8497907,-0.8497907
4.5972553,4.5972553
2.4764554,2.4764554
-1.720864,-1.720864
2.7050459,2.7050459
2.4689319,2.4689319
-0.9679135,-0.9679135
4.6119271,4.6119271
-1.332749,-1.332749
-1.0248818,-1.0248818
2.1734334,2.1734334
15.6860754,-10.0
2.6205323,2.6205323
16.1893722,-10.0
0.6255082,0.6255082
1.1627289,1.1627289
-0.3856536,-0.3856536
1.335694,1.335694
0.3806638,0.3806638
-5.447046,-5.447046
-4.5972553,-4.5972553
-2.1207999,-2.1207999
-6.3181193,-6.3181193
-1.8922094,-1.8922094
-2.1283234,-2.1283234
-5.5651688,-5.5651688
0.0146718,0.0146718
-5.9300043,-5.9300043
-5.6221371,-5.6221371
-2.4238219,-2.4238219
11.0888201,-10.0
-1.976723,-1.976723
11.5921169,-10.0
-3.9717471,-3.9717471
-3.4345264,-3.4345264
-4.9829089,-4.9829089
-3.2615613,-3.2615613
-4.2165915,-4.2165915
-3.3262461,-3.3262461
-2.4764554,-2.4764554
2.1207999,2.1207999
-4.1973194,-4.1973194
0.2285905,0.2285905
-0.0075235,-0.0075235
-3.4443689,-3.4443689
2.1354717,2.1354717
-3.8092044,-3.8092044
-3.5013372,-3.5013372
-0.303022,-0.303022
13.20962,-10.0
0.1440769,0.1440769
13.7129168,-10.0
-1.8509472,-1.8509472
-1.3137265,-1.3137265
-2.862109,-2.862109
-1.1407614,-1.1407614
-2.0957916,-2.0957916
0.8710733,0.8710733
1.720864,1.720864
6.3181193,6.3181193
4.1973194,4.1973194
4.4259099,4.4259099
4.1897959,4.1897959
0.7529505,0.7529505
6.3327911,6.3327911
0.388115,0.388115
0.6959822,0.6959822
3.8942974,3.8942974
17.4069394,-10.0
4.3413963,4.3413963
17.9102362,-10.0
2.3463722,2.3463722
2.8835929,2.8835929
1.3352104,1.3352104
3.056558,3.056558
2.1015278,2.1015278
-3.5548366,-3.5548366
-2.7050459,-2.7050459
1.8922094,1.8922094
-0.2285905,-0.2285905
-4.4259099,-4.4259099
-0.236114,-0.236114
-3.6729594,-3.6729594
1.9068812,1.9068812
-4.0377949,-4.0377949
-3.7299277,-3.7299277
-0.5316125,-0.5316125
12.9810295,-10.0
-0.0845136,-0.0845136
13.4843263,-10.0
-2.0795377,-2.0795377
-1.542317,-1.542317
-3.0906995,-3.0906995
-1.3693519,-1.3693519
-2.3243821,-2.3243821
-3.3187226,-3.3187226
-2.4689319,-2.4689319
2.1283234,2.1283234
0.0075235,0.0075235
-4.1897959,-4.1897959
0.236114,0.236114
-3.4368454,-3.4368454
2.1429952,2.1429952
-3.8016809,-3.8016809
-3.4938137,-3.4938137
-0.2954985,-0.2954985
13.2171435,-10.0
0.1516004,0.1516004
13.7204403,-10.0
-1.8434237,-1.8434237
-1.306203,-1.306203
-2.8545855,-2.8545855
-1.1332379,-1.1332379
-2.0882681,-2.0882681
0.1181228,0.1181228
0.9679135,0.9679135
5.5651688,5.5651688
3.4443689,3.4443689
-0.7529505,-0.7529505
3.6729594,3.6729594
3.4368454,3.4368454
5.5798406,5.5798406
-0.3648355,-0.3648355
-0.0569683,-0.0569683
3.1413469,3.1413469
16.6539889,-10.0
3.5884458,3.5884458
17.1572857,-10.0
1.5934217,1.5934217
2.1306424,2.1306424
0.5822599,0.5822599
2.3036075,2.3036075
1.3485773,1.3485773
-5.4617178,-5.4617178
-4.6119271,-4.6119271
-0.0146718,-0.0146718
-2.1354717,-2.1354717
-6.3327911,-6.3327911
-1.9068812,-1.9068812
-2.1429952,-2.1429952
-5.5798406,-5.5798406
-5.9446761,-5.9446761
-5.6368089,-5.6368089
-2.4384937,-2.4384937
11.0741483,-10.0
-1.9913948,-1.9913948
11.5774451,-10.0
-3.9864189,-3.9864189
-3.4491982,-3.4491982
-4.9975807,-4.9975807
-3.2762331,-3.2762331
-4.2312633,-4.2312633
0.4829583,0.4829583
1.332749,1.332749
5.9300043,5.9300043
3.8092044,3.8092044
-0.388115,-0.388115
4.0377949,4.0377949
3.8016809,3.8016809
0.3648355,0.3648355
5.9446761,5.9446761
0.3078672,0.3078672
3.5061824,3.5061824
17.0188244,-10.0
3.9532813,3.9532813
17.5221212,-10.0
1.9582572,1.9582572
2.4954779,2.4954779
0.9470954,0.9470954
2.668443,2.668443
1.7134128,1.7134128
0.1750911,0.1750911
1.0248818,1.0248818
5.6221371,5.6221371
3.5013372,3.5013372
-0.6959822,-0.6959822
3.7299277,3.7299277
3.4938137,3.4938137
0.0569683,0.0569683
5.6368089,5.6368089
-0.3078672,-0.3078672
3.1983152,3.1983152
16.7109572,-10.0
3.6454141,3.6454141
17.214254,-10.0
1.65039,1.65039
2.1876107,2.1876107
0.6392282,0.6392282
2.3605758,2.3605758
1.4055456,1.4055456
-3.0232241,-3.0232241
-2.1734334,-2.1734334
2.4238219,2.4238219
0.303022,0.303022
-3.8942974,-3.8942974
0.5316125,0.5316125
0.2954985,0.2954985
-3.1413469,-3.1413469
2.4384937,2.4384937
-3.5061824,-3.5061824
-3.1983152,-3.1983152
13.512642,-10.0
0.4470989,0.4470989
14.0159388,-10.0
-1.5479252,-1.5479252
-1.0107045,-1.0107045
-2.559087,-2.559087
-0.8377394,-0.8377394
-1.7927696,-1.7927696
-16.5358661,-10.0
-15.6860754,-10.0
-11.0888201,-10.0
-13.20962,-10.0
-17.4069394,-10.0
-12.9810295,-10.0
-13.2171435,-10.0
-16.6539889,-10.0
-11.0741483,-10.0
-17.0188244,-10.0
-16.7109572,-10.0
-13.512642,-10.0
-13.0655431,-10.0
0.5032968,0.5032968
-15.0605672,-10.0
-14.5233465,-10.0
-16.071729,-10.0
-14.3503814,-10.0
-15.3054116,-10.0
-3.470323,-3.470323
-2.6205323,-2.6205323
1.976723,1.976723
-0.1440769,-0.1440769
-4.3413963,-4.3413963
0.0845136,0.0845136
-0.1516004,-0.1516004
-3.5884458,-3.5884458
1.9913948,1.9913948
-3.9532813,-3.9532813
-3.6454141,-3.6454141
-0.4470989,-0.4470989
13.0655431,-10.0
13.5688399,-10.0
-1.9950241,-1.9950241
-1.4578034,-1.4578034
-3.0061859,-3.0061859
-1.2848383,-1.2848383
-2.2398685,-2.2398685
-17.0391629,-10.0
-16.1893722,-10.0
-11.5921169,-10.0
-13.7129168,-10.0
-17.9102362,-10.0
-13.4843263,-10.0
-13.7204403,-10.0
-17.1572857,-10.0
-11.5774451,-10.0
-17.5221212,-10.0
-17.214254,-10.0
-14.0159388,-10.0
-0.5032968,-0.5032968
-13.5688399,-10.0
-15.563864,-10.0
-15.0266433,-10.0
-16.5750258,-10.0
-14.8536782,-10.0
-15.8087084,-10.0
-1.4752989,-1.4752989
-0.6255082,-0.6255082
3.9717471,3.9717471
1.8509472,1.8509472
-2.3463722,-2.3463722
2.0795377,2.0795377
1.8434237,1.8434237
-1.5934217,-1.5934217
3.9864189,3.9864189
-1.9582572,-1.9582572
-1.65039,-1.65039
1.5479252,1.5479252
15.0605672,-10.0
1.9950241,1.9950241
15.563864,-10.0
0.5372207,0.5372207
-1.0111618,-1.0111618
0.7101858,0.7101858
-0.2448444,-0.2448444
-2.0125196,-2.0125196
-1.1627289,-1.1627289
3.4345264,3.4345264
1.3137265,1.3137265
-2.8835929,-2.8835929
1.542317,1.542317
1.306203,1.306203
-2.1306424,-2.1306424
3.4491982,3.4491982
-2.4954779,-2.4954779
-2.1876107,-2.1876107
1.0107045,1.0107045
14.5233465,-10.0
1.4578034,1.4578034
15.0266433,-10.0
-0.5372207,-0.5372207
-1.5483825,-1.5483825
0.1729651,0.1729651
-0.7820651,-0.7820651
-0.4641371,-0.4641371
0.3856536,0.3856536
4.9829089,4.9829089
2.862109,2.862109
-1.3352104,-1.3352104
3.0906995,3.0906995
2.8545855,2.8545855
-0.5822599,-0.5822599
4.9975807,4.9975807
-0.9470954,-0.9470954
-0.6392282,-0.6392282
2.559087,2.559087
16.071729,-10.0
3.0061859,3.0061859
16.5750258,-10.0
1.0111618,1.0111618
1.5483825,1.5483825
1.7213476,1.7213476
0.7663174,0.7663174
-2.1854847,-2.1854847
-1.335694,-1.335694
3.2615613,3.2615613
1.1407614,1.1407614
-3.056558,-3.056558
1.3693519,1.3693519
1.1332379,1.1332379
-2.3036075,-2.3036075
3.2762331,3.2762331
-2.668443,-2.668443
-2.3605758,-2.3605758
0.8377394,0.8377394
14.3503814,-10.0
1.2848383,1.2848383
14.8536782,-10.0
-0.7101858,-0.7101858
-0.1729651,-0.1729651
-1.7213476,-1.7213476
-0.9550302,-0.9550302
-1.2304545,-1.2304545
-0.3806638,-0.3806638
4.2165915,4.2165915
2.0957916,2.0957916
-2.1015278,-2.1015278
2.3243821,2.3243821
2.0882681,2.0882681
-1.3485773,-1.3485773
4.2312633,4.2312633
-1.7134128,-1.7134128
-1.4055456,-1.4055456
1.7927696,1.7927696
15.3054116,-10.0
2.2398685,2.2398685
15.8087084,-10.0
0.2448444,0.2448444
0.7820651,0.7820651
-0.7663174,-0.7663174
0.9550302,0.9550302
0.2344446,0.2344446
14.1993639,-10.0
3.1776995,3.1776995
-1.4783789,-1.4783789
1.4118333,1.4118333
14.3143755,-10.0
-2.227035,-2.227035
0.5252001,0.5252001
-1.8545309,-1.8545309
-2.844211,-2.844211
14.4042156,-10.0
2.7246876,2.7246876
0.0654028,0.0654028
14.0403788,-10.0
0.3003998,0.3003998
-0.3333835,-0.3333835
-1.0214993,-1.0214993
6.8619932,6.8619932
1.5622642,1.5622642
-0.2344446,-0.2344446
13.9649193,-10.0
2.9432549,2.9432549
-1.7128235,-1.7128235
1.1773887,1.1773887
14.0799309,-10.0
-2.4614796,-2.4614796
0.2907555,0.2907555
-2.0889755,-2.0889755
-3.0786556,-3.0786556
14.169771,-10.0
2.490243,2.490243
-0.1690418,-0.1690418
13.8059342,-10.0
0.0659552,0.0659552
-0.5678281,-0.5678281
-1.2559439,-1.2559439
6.6275486,6.6275486
1.3278196,1.3278196
-14.1993639,-10.0
-13.9649193,-10.0
-11.0216644,-10.0
-15.6777428,-10.0
-12.7875306,-10.0
0.1150116,0.1150116
-16.4263989,-10.0
-13.6741638,-10.0
-16.0538948,-10.0
-17.0435749,-10.0
0.2048517,0.2048517
-11.4746763,-10.0
-14.1339611,-10.0
-0.1589851,-0.1589851
-13.8989641,-10.0
-14.5327474,-10.0
-15.2208632,-10.0
-7.3373707,-7.3373707
-12.6370997,-10.0
-3.1776995,-3.1776995
-2.9432549,-2.9432549
11.0216644,-10.0
-4.6560784,-4.6560784
-1.7658662,-1.7658662
11.136676,-10.0
-5.4047345,-5.4047345
-2.6524994,-2.6524994
-5.0322304,-5.0322304
-6.0219105,-6.0219105
11.2265161,-10.0
-0.4530119,-0.4530119
-3.1122967,-3.1122967
10.8626793,-10.0
-2.8772997,-2.8772997
-3.511083,-3.511083
-4.1991988,-4.1991988
3.6842937,3.6842937
-1.6154353,-1.6154353
1.4783789,1.4783789
1.7128235,1.7128235
15.6777428,-10.0
4.6560784,4.6560784
2.8902122,2.8902122
15.7927544,-10.0
-0.7486561,-0.7486561
2.003579,2.003579
-0.376152,-0.376152
-1.3658321,-1.3658321
15.8825945,-10.0
4.2030665,4.2030665
1.5437817,1.5437817
15.5187577,-10.0
1.7787787,1.7787787
1.1449954,1.1449954
0.4568796,0.4568796
8.3403721,8.3403721
3.0406431,3.0406431
-1.4118333,-1.4118333
-1.1773887,-1.1773887
12.7875306,-10.0
1.7658662,1.7658662
-2.8902122,-2.8902122
12.9025422,-10.0
-3.6388683,-3.6388683
-0.8866332,-0.8866332
-3.2663642,-3.2663642
-4.2560443,-4.2560443
12.9923823,-10.0
1.3128543,1.3128543
-1.3464305,-1.3464305
12.6285455,-10.0
-1.1114335,-1.1114335
-1.7452168,-1.7452168
-2.4333326,-2.4333326
5.4501599,5.4501599
0.1504309,0.1504309
-14.3143755,-10.0
-14.0799309,-10.0
-0.1150116,-0.1150116
-11.136676,-10.0
-15.7927544,-10.0
-12.9025422,-10.0
-16.5414105,-10.0
-13.7891754,-10.0
-16.1689064,-10.0
-17.1585865,-10.0
0.0898401,0.0898401
-11.5896879,-10.0
-14.2489727,-10.0
-0.2739967,-0.2739967
-14.0139757,-10.0
-14.647759,-10.0
-15.3358748,-10.0
-7.4523823,-7.4523823
-12.7521113,-10.0
2.227035,2.227035
2.4614796,2.4614796
16.4263989,-10.0
5.4047345,5.4047345
0.7486561,0.7486561
3.6388683,3.6388683
16.5414105,-10.0
2.7522351,2.7522351
0.3725041,0.3725041
-0.617176,-0.617176
16.6312506,-10.0
4.9517226,4.9517226
2.2924378,2.2924378
16.2674138,-10.0
2.5274348,2.5274348
1.8936515,1.8936515
1.2055357,1.2055357
9.0890282,9.0890282
3.7892992,3.7892992
-0.5252001,-0.5252001
-0.2907555,-0.2907555
13.6741638,-10.0
2.6524994,2.6524994
-2.003579,-2.003579
0.8866332,0.8866332
13.7891754,-10.0
-2.7522351,-2.7522351
-2.379731,-2.379731
-3.3694111,-3.3694111
13.8790155,-10.0
2.1994875,2.1994875
-0.4597973,-0.4597973
13.5151787,-10.0
-0.2248003,-0.2248003
-0.8585836,-0.8585836
-1.5466994,-1.5466994
6.3367931,6.3367931
1.0370641,1.0370641
1.8545309,1.8545309
2.0889755,2.0889755
16.0538948,-10.0
5.0322304,5.0322304
0.376152,0.376152
3.2663642,3.2663642
16.1689064,-10.0
-0.3725041,-0.3725041
2.379731,2.379731
-0.9896801,-0.9896801
16.2587465,-10.0
4.5792185,4.5792185
1.9199337,1.9199337
15.8949097,-10.0
2.1549307,2.1549307
1.5211474,1.5211474
0.8330316,0.8330316
8.7165241,8.7165241
3.4167951,3.4167951
2.844211,2.844211
3.0786556,3.0786556
17.0435749,-10.0
6.0219105,6.0219105
1.3658321,1.3658321
4.2560443,4.2560443
17.1585865,-10.0
0.617176,0.617176
3.3694111,3.3694111
0.9896801,0.9896801
17.2484266,-10.0
5.5688986,5.5688986
2.9096138,2.9096138
16.8845898,-10.0
3.1446108,3.1446108
2.5108275,2.5108275
1.8227117,1.8227117
9.7062042,9.7062042
4.4064752,4.4064752
-14.4042156,-10.0
-14.169771,-10.0
-0.2048517,-0.2048517
-11.2265161,-10.0
-15.8825945,-10.0
-12.9923823,-10.0
-0.0898401,-0.0898401
-16.6312506,-10.0
-13.8790155,-10.0
-16.2587465,-10.0
-17.2484266,-10.0
-11.679528,-10.0
-14.3388128,-10.0
-0.3638368,-0.3638368
-14.1038158,-10.0
-14.7375991,-10.0
-15.4257149,-10.0
-7.5422224,-7.5422224
-12.8419514,-10.0
-2.7246876,-2.7246876
-2.490243,-2.490243
11.4746763,-10.0
0.4530119,0.4530119
-4.2030665,-4.2030665
-1.3128543,-1.3128543
11.5896879,-10.0
-4.9517226,-4.9517226
-2.1994875,-2.1994875
-4.5792185,-4.5792185
-5.5688986,-5.5688986
11.679528,-10.0
-2.6592848,-2.6592848
11.3156912,-10.0
-2.4242878,-2.4242878
-3.0580711,-3.0580711
-3.7461869,-3.7461869
4.1373056,4.1373056
-1.1624234,-1.1624234
-0.0654028,-0.0654028
0.1690418,0.1690418
14.1339611,-10.0
3.1122967,3.1122967
-1.5437817,-1.5437817
1.3464305,1.3464305
14.2489727,-10.0
-2.2924378,-2.2924378
0.4597973,0.4597973
-1.9199337,-1.9199337
-2.9096138,-2.9096138
14.3388128,-10.0
2.6592848,2.6592848
13.974976,-10.0
0.234997,0.234997
-0.3987863,-0.3987863
-1.0869021,-1.0869021
6.7965904,6.7965904
1.4968614,1.4968614
-14.0403788,-10.0
-13.8059342,-10.0
0.1589851,0.1589851
-10.8626793,-10.0
-15.5187577,-10.0
-12.6285455,-10.0
0.2739967,0.2739967
-16.2674138,-10.0
-13.5151787,-10.0
-15.8949097,-10.0
-16.8845898,-10.0
0.3638368,0.3638368
-11.3156912,-10.0
-13.974976,-10.0
-13.739979,-10.0
-14.3737623,-10.0
-15.0618781,-10.0
-7.1783856,-7.1783856
-12.4781146,-10.0
-0.3003998,-0.3003998
-0.0659552,-0.0659552
13.8989641,-10.0
2.8772997,2.8772997
-1.7787787,-1.7787787
1.1114335,1.1114335
14.0139757,-10.0
-2.5274348,-2.5274348
0.2248003,0.2248003
-2.1549307,-2.1549307
-3.1446108,-3.1446108
14.1038158,-10.0
2.4242878,2.4242878
-0.234997,-0.234997
13.739979,-10.0
-0.6337833,-0.6337833
-1.3218991,-1.3218991
6.5615934,6.5615934
1.2618644,1.2618644
0.3333835,0.3333835
0.5678281,0.5678281
14.5327474,-10.0
3.511083,3.511083
-1.1449954,-1.1449954
1.7452168,1.7452168
14.647759,-10.0
-1.8936515,-1.8936515
0.8585836,0.8585836
-1.5211474,-1.5211474
-2.5108275,-2.5108275
14.7375991,-10.0
3.0580711,3.0580711
0.3987863,0.3987863
14.3737623,-10.0
0.6337833,0.6337833
-0.6881158,-0.6881158
7.1953767,7.1953767
1.8956477,1.8956477
1.0214993,1.0214993
1.2559439,1.2559439
15.2208632,-10.0
4.1991988,4.1991988
-0.4568796,-0.4568796
2.4333326,2.4333326
15.3358748,-10.0
-1.2055357,-1.2055357
1.5466994,1.5466994
-0.8330316,-0.8330316
-1.8227117,-1.8227117
15.4257149,-10.0
3.7461869,3.7461869
1.0869021,1.0869021
15.0618781,-10.0
1.3218991,1.3218991
0.6881158,0.6881158
7.8834925,7.8834925
2.5837635,2.5837635
-6.8619932,-6.8619932
-6.6275486,-6.6275486
7.3373707,7.3373707
-3.6842937,-3.6842937
-8.3403721,-8.3403721
-5.4501599,-5.4501599
7.4523823,7.4523823
-9.0890282,-9.0890282
-6.3367931,-6.3367931
-8.7165241,-8.7165241
-9.7062042,-9.7062042
7.5422224,7.5422224
-4.1373056,-4.1373056
-6.7965904,-6.7965904
7.1783856,7.1783856
-6.5615934,-6.5615934
-7.1953767,-7.1953767
-7.8834925,-7.8834925
-5.299729,-5.299729
-1.5622642,-1.5622642
-1.3278196,-1.3278196
12.6370997,-10.0
1.6154353,1.6154353
-3.0406431,-3.0406431
-0.1504309,-0.1504309
12.7521113,-10.0
-3.7892992,-3.7892992
-1.0370641,-1.0370641
-3.4167951,-3.4167951
-4.4064752,-4.4064752
12.8419514,-10.0
1.1624234,1.1624234
-1.4968614,-1.4968614
12.4781146,-10.0
-1.2618644,-1.2618644
-1.8956477,-1.8956477
-2.5837635,-2.5837635
5.299729,5.299729
1.8737839,1.8737839
16.2840933,-10.0
15.5468462,-10.0
-1.4064115,-1.4064115
0.7938193,0.7938193
7.5246168,7.5246168
0.3900363,0.3900363
15.1009025,-10.0
1.7050438,1.7050438
-0.851065,-0.851065
15.8329718,-10.0
7.9904328,7.9904328
0.2570945,0.2570945
16.3321077,-10.0
1.0799888,1.0799888
1.6881959,1.6881959
0.5273878,0.5273878
7.5054408,7.5054408
-0.7409642,-0.7409642
-1.8737839,-1.8737839
14.4103094,-10.0
13.6730623,-10.0
-3.2801954,-3.2801954
-1.0799646,-1.0799646
5.6508329,5.6508329
-1.4837476,-1.4837476
13.2271186,-10.0
-0.1687401,-0.1687401
-2.7248489,-2.7248489
13.9591879,-10.0
6.1166489,6.1166489
-1.6166894,-1.6166894
14.4583238,-10.0
-0.7937951,-0.7937951
-0.185588,-0.185588
-1.3463961,-1.3463961
5.6316569,5.6316569
-2.6147481,-2.6147481
-16.2840933,-10.0
-14.4103094,-10.0
-0.7372471,-0.7372471
-17.6905048,-10.0
-15.490274,-10.0
-8.7594765,-8.7594765
-15.894057,-10.0
-1.1831908,-1.1831908
-14.5790495,-10.0
-17.1351583,-10.0
-0.4511215,-0.4511215
-8.2936605,-8.2936605
-16.0269988,-10.0
0.0480144,0.0480144
-15.2041045,-10.0
-14.5958974,-10.0
-15.7567055,-10.0
-8.7786525,-8.7786525
-17.0250575,-10.0
-15.5468462,-10.0
-13.6730623,-10.0
0.7372471,0.7372471
-16.9532577,-10.0
-14.7530269,-10.0
-8.0222294,-8.0222294
-15.1568099,-10.0
-0.4459437,-0.4459437
-13.8418024,-10.0
-16.3979112,-10.0
0.2861256,0.2861256
-7.5564134,-7.5564134
-15.2897517,-10.0
0.7852615,0.7852615
-14.4668574,-10.0
-13.8586503,-10.0
-15.0194584,-10.0
-8.0414054,-8.0414054
-16.2878104,-10.0
1.4064115,1.4064115
3.2801954,3.2801954
17.6905048,-10.0
16.9532577,-10.0
2.2002308,2.2002308
8.9310283,8.9310283
1.7964478,1.7964478
16.507314,-10.0
3.1114553,3.1114553
0.5553465,0.5553465
17.2393833,-10.0
9.3968443,9.3968443
1.663506,1.663506
17.7385192,-10.0
2.4864003,2.4864003
3.0946074,3.0946074
1.9337993,1.9337993
8.9118523,8.9118523
0.6654473,0.6654473
-0.7938193,-0.7938193
1.0799646,1.0799646
15.490274,-10.0
14.7530269,-10.0
-2.2002308,-2.2002308
6.7307975,6.7307975
-0.403783,-0.403783
14.3070832,-10.0
0.9112245,0.9112245
-1.6448843,-1.6448843
15.0391525,-10.0
7.1966135,7.1966135
-0.5367248,-0.5367248
15.5382884,-10.0
0.2861695,0.2861695
0.8943766,0.8943766
-0.2664315,-0.2664315
6.7116215,6.7116215
-1.5347835,-1.5347835
-7.5246168,-7.5246168
-5.6508329,-5.6508329
8.7594765,8.7594765
8.0222294,8.0222294
-8.9310283,-8.9310283
-6.7307975,-6.7307975
-7.1345805,-7.1345805
7.5762857,7.5762857
-5.819573,-5.819573
-8.3756818,-8.3756818
8.308355,8.308355
0.465816,0.465816
-7.2675223,-7.2675223
8.8074909,8.8074909
-6.444628,-6.444628
-5.8364209,-5.8364209
-6.997229,-6.997229
-0.019176,-0.019176
-8.265581,-8.265581
-0.3900363,-0.3900363
1.4837476,1.4837476
15.894057,-10.0
15.1568099,-10.0
-1.7964478,-1.7964478
0.403783,0.403783
7.1345805,7.1345805
14.7108662,-10.0
1.3150075,1.3150075
-1.2411013,-1.2411013
15.4429355,-10.0
7.6003965,7.6003965
-0.1329418,-0.1329418
15.9420714,-10.0
0.6899525,0.6899525
1.2981596,1.2981596
0.1373515,0.1373515
7.1154045,7.1154045
-1.1310005,-1.1310005
-15.1009025,-10.0
-13.2271186,-10.0
1.1831908,1.1831908
0.4459437,0.4459437
-16.507314,-10.0
-14.3070832,-10.0
-7.5762857,-7.5762857
-14.7108662,-10.0
-13.3958587,-10.0
-15.9519675,-10.0
0.7320693,0.7320693
-7.1104697,-7.1104697
-14.843808,-10.0
1.2312052,1.2312052
-14.0209137,-10.0
-13.4127066,-10.0
-14.5735147,-10.0
-7.5954617,-7.5954617
-15.8418667,-10.0
-1.7050438,-1.7050438
0.1687401,0.1687401
14.5790495,-10.0
13.8418024,-10.0
-3.1114553,-3.1114553
-0.9112245,-0.9112245
5.819573,5.819573
-1.3150075,-1.3150075
13.3958587,-10.0
-2.5561088,-2.5561088
14.127928,-10.0
6.285389,6.285389
-1.4479493,-1.4479493
14.6270639,-10.0
-0.625055,-0.625055
-0.0168479,-0.0168479
-1.177656,-1.177656
5.800397,5.800397
-2.446008,-2.446008
0.851065,0.851065
2.7248489,2.7248489
17.1351583,-10.0
16.3979112,-10.0
-0.5553465,-0.5553465
1.6448843,1.6448843
8.3756818,8.3756818
1.2411013,1.2411013
15.9519675,-10.0
2.5561088,2.5561088
16.6840368,-10.0
8.8414978,8.8414978
1.1081595,1.1081595
17.1831727,-10.0
1.9310538,1.9310538
2.5392609,2.5392609
1.3784528,1.3784528
8.3565058,8.3565058
0.1101008,0.1101008
-15.8329718,-10.0
-13.9591879,-10.0
0.4511215,0.4511215
-0.2861256,-0.2861256
-17.2393833,-10.0
-15.0391525,-10.0
-8.308355,-8.308355
-15.4429355,-10.0
-0.7320693,-0.7320693
-14.127928,-10.0
-16.6840368,-10.0
-7.842539,-7.842539
-15.5758773,-10.0
0.4991359,0.4991359
-14.752983,-10.0
-14.1447759,-10.0
-15.305584,-10.0
-8.327531,-8.327531
-16.573936,-10.0
-7.9904328,-7.9904328
-6.1166489,-6.1166489
8.2936605,8.2936605
7.5564134,7.5564134
-9.3968443,-9.3968443
-7.1966135,-7.1966135
-0.465816,-0.465816
-7.6003965,-7.6003965
7.1104697,7.1104697
-6.285389,-6.285389
-8.8414978,-8.8414978
7.842539,7.842539
-7.7333383,-7.7333383
8.3416749,8.3416749
-6.910444,-6.910444
-6.3022369,-6.3022369
-7.463045,-7.463045
-0.484992,-0.484992
-8.731397,-8.731397
-0.2570945,-0.2570945
1.6166894,1.6166894
16.0269988,-10.0
15.2897517,-10.0
-1.663506,-1.663506
0.5367248,0.5367248
7.2675223,7.2675223
0.1329418,0.1329418
14.843808,-10.0
1.4479493,1.4479493
-1.1081595,-1.1081595
15.5758773,-10.0
7.7333383,7.7333383
16.0750132,-10.0
0.8228943,0.8228943
1.4311014,1.4311014
0.2702933,0.2702933
7.2483463,7.2483463
-0.9980587,-0.9980587
-16.3321077,-10.0
-14.4583238,-10.0
-0.0480144,-0.0480144
-0.7852615,-0.7852615
-17.7385192,-10.0
-15.5382884,-10.0
-8.8074909,-8.8074909
-15.9420714,-10.0
-1.2312052,-1.2312052
-14.6270639,-10.0
-17.1831727,-10.0
-0.4991359,-0.4991359
-8.3416749,-8.3416749
-16.0750132,-10.0
-15.2521189,-10.0
-14.6439118,-10.0
-15.8047199,-10.0
-8.8266669,-8.8266669
-17.0730719,-10.0
-1.0799888,-1.0799888
0.7937951,0.7937951
15.2041045,-10.0
14.4668574,-10.0
-2.4864003,-2.4864003
-0.2861695,-0.2861695
6.444628,6.444628
-0.6899525,-0.6899525
14.0209137,-10.0
0.625055,0.625055
-1.9310538,-1.9310538
14.752983,-10.0
6.910444,6.910444
-0.8228943,-0.8228943
15.2521189,-10.0
0.6082071,0.6082071
-0.552601,-0.552601
6.425452,6.425452
-1.820953,-1.820953
-1.6881959,-1.6881959
0.185588,0.185588
14.5958974,-10.0
13.8586503,-10.0
-3.0946074,-3.0946074
-0.8943766,-0.8943766
5.8364209,5.8364209
-1.2981596,-1.2981596
13.4127066,-10.0
0.0168479,0.0168479
-2.5392609,-2.5392609
14.1447759,-10.0
6.3022369,6.3022369
-1.4311014,-1.4311014
14.6439118,-10.0
-0.6082071,-0.6082071
-1.1608081,-1.1608081
5.8172449,5.8172449
-2.4291601,-2.4291601
-0.5273878,-0.5273878
1.3463961,1.3463961
15.7567055,-10.0
15.0194584,-10.0
-1.9337993,-1.9337993
0.2664315,0.2664315
6.997229,6.997229
-0.1373515,-0.1373515
14.5735147,-10.0
1.177656,1.177656
-1.3784528,-1.3784528
15.305584,-10.0
7.463045,7.463045
-0.2702933,-0.2702933
15.8047199,-10.0
0.552601,0.552601
1.1608081,1.1608081
6.978053,6.978053
-1.268352,-1.268352
-7.5054408,-7.5054408
-5.6316569,-5.6316569
8.7786525,8.7786525
8.0414054,8.0414054
-8.9118523,-8.9118523
-6.7116215,-6.7116215
0.019176,0.019176
-7.1154045,-7.1154045
7.5954617,7.5954617
-5.800397,-5.800397
-8.3565058,-8.3565058
8.327531,8.327531
0.484992,0.484992
-7.2483463,-7.2483463
8.8266669,8.8266669
-6.425452,-6.425452
-5.8172449,-5.8172449
-6.978053,-6.978053
-8.246405,-8.246405
0.7409642,0.7409642
2.6147481,2.6147481
17.0250575,-10.0
16.2878104,-10.0
-0.6654473,-0.6654473
1.5347835,1.5347835
8.265581,8.265581
1.1310005,1.1310005
15.8418667,-10.0
2.446008,2.446008
-0.1101008,-0.1101008
16.573936,-10.0
8.731397,8.731397
0.9980587,0.9980587
17.0730719,-10.0
1.820953,1.820953
2.4291601,2.4291601
1.268352,1.268352
8.246405,8.246405
19.4788994,-10.0
18.2829962,-10.0
10.9628591,-10.0
-1.5211006,-1.5211006
-1.3493176,-1.3493176
4.2717852,4.2717852
0.6406997,0.6406997
3.6617393,3.6617393
1.0319588,1.0319588
-1.4262788,-1.4262788
0.8040827,0.8040827
13.4625483,-10.0
-0.9954614,-0.9954614
15.3876187,-10.0
1.9116876,1.9116876
0.1698779,0.1698779
1.4717576,1.4717576
-0.0324367,-0.0324367
0.6657788,0.6657788
-19.4788994,-10.0
-1.1959032,-1.1959032
-8.5160403,-8.5160403
-21.0,-10.0
-20.828217,-10.0
-15.2071142,-10.0
-18.8381997,-10.0
-15.8171601,-10.0
-18.4469406,-10.0
-20.9051782,-10.0
-18.6748167,-10.0
-6.0163511,-6.0163511
-20.4743608,-10.0
-4.0912807,-4.0912807
-17.5672118,-10.0
-19.3090215,-10.0
-18.0071418,-10.0
-19.5113361,-10.0
-18.8131206,-10.0
-18.2829962,-10.0
1.1959032,1.1959032
-7.3201371,-7.3201371
-19.8040968,-10.0
-19.6323138,-10.0
-14.011211,-10.0
-17.6422965,-10.0
-14.6212569,-10.0
-17.2510374,-10.0
-19.709275,-10.0
-17.4789135,-10.0
-4.8204479,-4.8204479
-19.2784576,-10.0
-2.8953775,-2.8953775
-16.3713086,-10.0
-18.1131183,-10.0
-16.8112386,-10.0
-18.3154329,-10.0
-17.6172174,-10.0
-10.9628591,-10.0
8.5160403,8.5160403
7.3201371,7.3201371
-12.4839597,-10.0
-12.3121767,-10.0
-6.6910739,-6.6910739
-10.3221594,-10.0
-7.3011198,-7.3011198
-9.9309003,-9.9309003
-12.3891379,-10.0
-10.1587764,-10.0
2.4996892,2.4996892
-11.9583205,-10.0
4.4247596,4.4247596
-9.0511715,-9.0511715
-10.7929812,-10.0
-9.4911015,-9.4911015
-10.9952958,-10.0
-10.2970803,-10.0
1.5211006,1.5211006
21.0,-10.0
19.8040968,-10.0
12.4839597,-10.0
0.171783,0.171783
5.7928858,5.7928858
2.1618003,2.1618003
5.1828399,5.1828399
2.5530594,2.5530594
0.0948218,0.0948218
2.3251833,2.3251833
14.9836489,-10.0
0.5256392,0.5256392
16.9087193,-10.0
3.4327882,3.4327882
1.6909785,1.6909785
2.9928582,2.9928582
1.4886639,1.4886639
2.1868794,2.1868794
1.3493176,1.3493176
20.828217,-10.0
19.6323138,-10.0
12.3121767,-10.0
-0.171783,-0.171783
5.6211028,5.6211028
1.9900173,1.9900173
5.0110569,5.0110569
2.3812764,2.3812764
-0.0769612,-0.0769612
2.1534003,2.1534003
14.8118659,-10.0
0.3538562,0.3538562
16.7369363,-10.0
3.2610052,3.2610052
1.5191955,1.5191955
2.8210752,2.8210752
1.3168809,1.3168809
2.0150964,2.0150964
-4.2717852,-4.2717852
15.2071142,-10.0
14.011211,-10.0
6.6910739,6.6910739
-5.7928858,-5.7928858
-5.6211028,-5.6211028
-3.6310855,-3.6310855
-0.6100459,-0.6100459
-3.2398264,-3.2398264
-5.698064,-5.698064
-3.4677025,-3.4677025
9.1907631,9.1907631
-5.2672466,-5.2672466
11.1158335,-10.0
-2.3600976,-2.3600976
-4.1019073,-4.1019073
-2.8000276,-2.8000276
-4.3042219,-4.3042219
-3.6060064,-3.6060064
-0.6406997,-0.6406997
18.8381997,-10.0
17.6422965,-10.0
10.3221594,-10.0
-2.1618003,-2.1618003
-1.9900173,-1.9900173
3.6310855,3.6310855
3.0210396,3.0210396
0.3912591,0.3912591
-2.0669785,-2.0669785
0.163383,0.163383
12.8218486,-10.0
-1.6361611,-1.6361611
14.746919,-10.0
1.2709879,1.2709879
-0.4708218,-0.4708218
0.8310579,0.8310579
-0.6731364,-0.6731364
0.0250791,0.0250791
-3.6617393,-3.6617393
15.8171601,-10.0
14.6212569,-10.0
7.3011198,7.3011198
-5.1828399,-5.1828399
-5.0110569,-5.0110569
0.6100459,0.6100459
-3.0210396,-3.0210396
-2.6297805,-2.6297805
-5.0880181,-5.0880181
-2.8576566,-2.8576566
9.800809,9.800809
-4.6572007,-4.6572007
11.7258794,-10.0
-1.7500517,-1.7500517
-3.4918614,-3.4918614
-2.1899817,-2.1899817
-3.694176,-3.694176
-2.9959605,-2.9959605
-1.0319588,-1.0319588
18.4469406,-10.0
17.2510374,-10.0
9.9309003,9.9309003
-2.5530594,-2.5530594
-2.3812764,-2.3812764
3.2398264,3.2398264
-0.3912591,-0.3912591
2.6297805,2.6297805
-2.4582376,-2.4582376
-0.2278761,-0.2278761
12.4305895,-10.0
-2.0274202,-2.0274202
14.3556599,-10.0
0.8797288,0.8797288
-0.8620809,-0.8620809
0.4397988,0.4397988
-1.0643955,-1.0643955
-0.36618,-0.36618
1.4262788,1.4262788
20.9051782,-10.0
19.709275,-10.0
12.3891379,-10.0
-0.0948218,-0.0948218
0.0769612,0.0769612
5.698064,5.698064
2.0669785,2.0669785
5.0880181,5.0880181
2.4582376,2.4582376
2.2303615,2.2303615
14.8888271,-10.0
0.4308174,0.4308174
16.8138975,-10.0
3.3379664,3.3379664
1.5961567,1.5961567
2.8980364,2.8980364
1.3938421,1.3938421
2.0920576,2.0920576
-0.8040827,-0.8040827
18.6748167,-10.0
17.4789135,-10.0
10.1587764,-10.0
-2.3251833,-2.3251833
-2.1534003,-2.1534003
3.4677025,3.4677025
-0.163383,-0.163383
2.8576566,2.8576566
0.2278761,0.2278761
-2.2303615,-2.2303615
12.6584656,-10.0
-1.7995441,-1.7995441
14.583536,-10.0
1.1076049,1.1076049
-0.6342048,-0.6342048
0.6676749,0.6676749
-0.8365194,-0.8365194
-0.1383039,-0.1383039
-13.4625483,-10.0
6.0163511,6.0163511
4.8204479,4.8204479
-2.4996892,-2.4996892
-14.9836489,-10.0
-14.8118659,-10.0
-9.1907631,-9.1907631
-12.8218486,-10.0
-9.800809,-9.800809
-12.4305895,-10.0
-14.8888271,-10.0
-12.6584656,-10.0
-14.4580097,-10.0
1.9250704,1.9250704
-11.5508607,-10.0
-13.2926704,-10.0
-11.9907907,-10.0
-13.494985,-10.0
-12.7967695,-10.0
0.9954614,0.9954614
20.4743608,-10.0
19.2784576,-10.0
11.9583205,-10.0
-0.5256392,-0.5256392
-0.3538562,-0.3538562
5.2672466,5.2672466
1.6361611,1.6361611
4.6572007,4.6572007
2.0274202,2.0274202
-0.4308174,-0.4308174
1.7995441,1.7995441
14.4580097,-10.0
16.3830801,-10.0
2.907149,2.907149
1.1653393,1.1653393
2.467219,2.467219
0.9630247,0.9630247
1.6612402,1.6612402
-15.3876187,-10.0
4.0912807,4.0912807
2.8953775,2.8953775
-4.4247596,-4.4247596
-16.9087193,-10.0
-16.7369363,-10.0
-11.1158335,-10.0
-14.746919,-10.0
-11.7258794,-10.0
-14.3556599,-10.0
-16.8138975,-10.0
-14.583536,-10.0
-1.9250704,-1.9250704
-16.3830801,-10.0
-13.4759311,-10.0
-15.2177408,-10.0
-13.9158611,-10.0
-15.4200554,-10.0
-14.7218399,-10.0
-1.9116876,-1.9116876
17.5672118,-10.0
16.3713086,-10.0
9.0511715,9.0511715
-3.4327882,-3.4327882
-3.2610052,-3.2610052
2.3600976,2.3600976
-1.2709879,-1.2709879
1.7500517,1.7500517
-0.8797288,-0.8797288
-3.3379664,-3.3379664
-1.1076049,-1.1076049
11.5508607,-10.0
-2.907149,-2.907149
13.4759311,-10.0
-1.7418097,-1.7418097
-0.43993,-0.43993
-1.9441243,-1.9441243
-1.2459088,-1.2459088
-0.1698779,-0.1698779
19.3090215,-10.0
18.1131183,-10.0
10.7929812,-10.0
-1.6909785,-1.6909785
-1.5191955,-1.5191955
4.1019073,4.1019073
0.4708218,0.4708218
3.4918614,3.4918614
0.8620809,0.8620809
-1.5961567,-1.5961567
0.6342048,0.6342048
13.2926704,-10.0
-1.1653393,-1.1653393
15.2177408,-10.0
1.7418097,1.7418097
1.3018797,1.3018797
-0.2023146,-0.2023146
0.4959009,0.4959009
-1.4717576,-1.4717576
18.0071418,-10.0
16.8112386,-10.0
9.4911015,9.4911015
-2.9928582,-2.9928582
-2.8210752,-2.8210752
2.8000276,2.8000276
-0.8310579,-0.8310579
2.1899817,2.1899817
-0.4397988,-0.4397988
-2.8980364,-2.8980364
-0.6676749,-0.6676749
11.9907907,-10.0
-2.467219,-2.467219
13.9158611,-10.0
0.43993,0.43993
-1.3018797,-1.3018797
-1.5041943,-1.5041943
-0.8059788,-0.8059788
0.0324367,0.0324367
19.5113361,-10.0
18.3154329,-10.0
10.9952958,-10.0
-1.4886639,-1.4886639
-1.3168809,-1.3168809
4.3042219,4.3042219
0.6731364,0.6731364
3.694176,3.694176
1.0643955,1.0643955
-1.3938421,-1.3938421
0.8365194,0.8365194
13.494985,-10.0
-0.9630247,-0.9630247
15.4200554,-10.0
1.9441243,1.9441243
0.2023146,0.2023146
1.5041943,1.5041943
0.6982155,0.6982155
-0.6657788,-0.6657788
18.8131206,-10.0
17.6172174,-10.0
10.2970803,-10.0
-2.1868794,-2.1868794
-2.0150964,-2.0150964
3.6060064,3.6060064
-0.0250791,-0.0250791
2.9959605,2.9959605
0.36618,0.36618
-2.0920576,-2.0920576
0.1383039,0.1383039
12.7967695,-10.0
-1.6612402,-1.6612402
14.7218399,-10.0
1.2459088,1.2459088
-0.4959009,-0.4959009
0.8059788,0.8059788
-0.6982155,-0.6982155
1.8188819,1.8188819
10.3553798,-10.0
1.9212029,1.9212029
0.0679321,0.0679321
1.777572,1.777572
1.8844139,1.8844139
-0.5780254,-0.5780254
2.8081462,2.8081462
0.4160882,0.4160882
-1.3626889,-1.3626889
0.7308344,0.7308344
16.1982223,-10.0
0.0460432,0.0460432
16.1053866,-10.0
-0.3493687,-0.3493687
0.0252751,0.0252751
1.0364335,1.0364335
7.0362707,7.0362707
1.7902635,1.7902635
-1.8188819,-1.8188819
8.5364979,8.5364979
0.102321,0.102321
-1.7509498,-1.7509498
-0.0413099,-0.0413099
0.065532,0.065532
-2.3969073,-2.3969073
0.9892643,0.9892643
-1.4027937,-1.4027937
-3.1815708,-3.1815708
-1.0880475,-1.0880475
14.3793404,-10.0
-1.7728387,-1.7728387
14.2865047,-10.0
-2.1682506,-2.1682506
-1.7936068,-1.7936068
-0.7824484,-0.7824484
5.2173888,5.2173888
-0.0286184,-0.0286184
-10.3553798,-10.0
-8.5364979,-8.5364979
-8.4341769,-8.4341769
-10.2874477,-10.0
-8.5778078,-8.5778078
-8.4709659,-8.4709659
-10.9334052,-10.0
-7.5472336,-7.5472336
-9.9392916,-9.9392916
-11.7180687,-10.0
-9.6245454,-9.6245454
5.8428425,5.8428425
-10.3093366,-10.0
5.7500068,5.7500068
-10.7047485,-10.0
-10.3301047,-10.0
-9.3189463,-9.3189463
-3.3191091,-3.3191091
-8.5651163,-8.5651163
-1.9212029,-1.9212029
-0.102321,-0.102321
8.4341769,8.4341769
-1.8532708,-1.8532708
-0.1436309,-0.1436309
-0.036789,-0.036789
-2.4992283,-2.4992283
0.8869433,0.8869433
-1.5051147,-1.5051147
-3.2838918,-3.2838918
-1.1903685,-1.1903685
14.2770194,-10.0
-1.8751597,-1.8751597
14.1841837,-10.0
-2.2705716,-2.2705716
-1.8959278,-1.8959278
-0.8847694,-0.8847694
5.1150678,5.1150678
-0.1309394,-0.1309394
-0.0679321,-0.0679321
1.7509498,1.7509498
10.2874477,-10.0
1.8532708,1.8532708
1.7096399,1.7096399
1.8164818,1.8164818
-0.6459575,-0.6459575
2.7402141,2.7402141
0.3481561,0.3481561
-1.430621,-1.430621
0.6629023,0.6629023
16.1302902,-10.0
-0.0218889,-0.0218889
16.0374545,-10.0
-0.4173008,-0.4173008
-0.042657,-0.042657
0.9685014,0.9685014
6.9683386,6.9683386
1.7223314,1.7223314
-1.777572,-1.777572
0.0413099,0.0413099
8.5778078,8.5778078
0.1436309,0.1436309
-1.7096399,-1.7096399
0.1068419,0.1068419
-2.3555974,-2.3555974
1.0305742,1.0305742
-1.3614838,-1.3614838
-3.1402609,-3.1402609
-1.0467376,-1.0467376
14.4206503,-10.0
-1.7315288,-1.7315288
14.3278146,-10.0
-2.1269407,-2.1269407
-1.7522969,-1.7522969
-0.7411385,-0.7411385
5.2586987,5.2586987
0.0126915,0.0126915
-1.8844139,-1.8844139
-0.065532,-0.065532
8.4709659,8.4709659
0.036789,0.036789
-1.8164818,-1.8164818
-0.1068419,-0.1068419
-2.4624393,-2.4624393
0.9237323,0.9237323
-1.4683257,-1.4683257
-3.2471028,-3.2471028
-1.1535795,-1.1535795
14.3138084,-10.0
-1.8383707,-1.8383707
14.2209727,-10.0
-2.2337826,-2.2337826
-1.8591388,-1.8591388
-0.8479804,-0.8479804
5.1518568,5.1518568
-0.0941504,-0.0941504
0.5780254,0.5780254
2.3969073,2.3969073
10.9334052,-10.0
2.4992283,2.4992283
0.6459575,0.6459575
2.3555974,2.3555974
2.4624393,2.4624393
3.3861716,3.3861716
0.9941136,0.9941136
-0.7846635,-0.7846635
1.3088598,1.3088598
16.7762477,-10.0
0.6240686,0.6240686
16.683412,-10.0
0.2286567,0.2286567
0.6033005,0.6033005
1.6144589,1.6144589
7.6142961,7.6142961
2.3682889,2.3682889
-2.8081462,-2.8081462
-0.9892643,-0.9892643
7.5472336,7.5472336
-0.8869433,-0.8869433
-2.7402141,-2.7402141
-1.0305742,-1.0305742
-0.9237323,-0.9237323
-3.3861716,-3.3861716
-2.392058,-2.392058
-4.1708351,-4.1708351
-2.0773118,-2.0773118
13.3900761,-10.0
-2.762103,-2.762103
13.2972404,-10.0
-3.1575149,-3.1575149
-2.7828711,-2.7828711
-1.7717127,-1.7717127
4.2281245,4.2281245
-1.0178827,-1.0178827
-0.4160882,-0.4160882
1.4027937,1.4027937
9.9392916,9.9392916
1.5051147,1.5051147
-0.3481561,-0.3481561
1.3614838,1.3614838
1.4683257,1.4683257
-0.9941136,-0.9941136
2.392058,2.392058
-1.7787771,-1.7787771
0.3147462,0.3147462
15.7821341,-10.0
-0.370045,-0.370045
15.6892984,-10.0
-0.7654569,-0.7654569
-0.3908131,-0.3908131
0.6203453,0.6203453
6.6201825,6.6201825
1.3741753,1.3741753
1.3626889,1.3626889
3.1815708,3.1815708
11.7180687,-10.0
3.2838918,3.2838918
1.430621,1.430621
3.1402609,3.1402609
3.2471028,3.2471028
0.7846635,0.7846635
4.1708351,4.1708351
1.7787771,1.7787771
2.0935233,2.0935233
17.5609112,-10.0
1.4087321,1.4087321
17.4680755,-10.0
1.0133202,1.0133202
1.387964,1.387964
2.3991224,2.3991224
8.3989596,8.3989596
3.1529524,3.1529524
-0.7308344,-0.7308344
1.0880475,1.0880475
9.6245454,9.6245454
1.1903685,1.1903685
-0.6629023,-0.6629023
1.0467376,1.0467376
1.1535795,1.1535795
-1.3088598,-1.3088598
2.0773118,2.0773118
-0.3147462,-0.3147462
-2.0935233,-2.0935233
15.4673879,-10.0
-0.6847912,-0.6847912
15.3745522,-10.0
-1.0802031,-1.0802031
-0.7055593,-0.7055593
0.3055991,0.3055991
6.3054363,6.3054363
1.0594291,1.0594291
-16.1982223,-10.0
-14.3793404,-10.0
-5.8428425,-5.8428425
-14.2770194,-10.0
-16.1302902,-10.0
-14.4206503,-10.0
-14.3138084,-10.0
-16.7762477,-10.0
-13.3900761,-10.0
-15.7821341,-10.0
-17.5609112,-10.0
-15.4673879,-10.0
-16.1521791,-10.0
-0.0928357,-0.0928357
-16.547591,-10.0
-16.1729472,-10.0
-15.1617888,-10.0
-9.1619516,-9.1619516
-14.4079588,-10.0
-0.0460432,-0.0460432
1.7728387,1.7728387
10.3093366,-10.0
1.8751597,1.8751597
0.0218889,0.0218889
1.7315288,1.7315288
1.8383707,1.8383707
-0.6240686,-0.6240686
2.762103,2.762103
0.370045,0.370045
-1.4087321,-1.4087321
0.6847912,0.6847912
16.1521791,-10.0
16.0593434,-10.0
-0.3954119,-0.3954119
-0.0207681,-0.0207681
0.9903903,0.9903903
6.9902275,6.9902275
1.7442203,1.7442203
-16.1053866,-10.0
-14.2865047,-10.0
-5.7500068,-5.7500068
-14.1841837,-10.0
-16.0374545,-10.0
-14.3278146,-10.0
-14.2209727,-10.0
-16.683412,-10.0
-13.2972404,-10.0
-15.6892984,-10.0
-17.4680755,-10.0
-15.3745522,-10.0
0.0928357,0.0928357
-16.0593434,-10.0
-16.4547553,-10.0
-16.0801115,-10.0
-15.0689531,-10.0
-9.0691159,-9.0691159
-14.3151231,-10.0
0.3493687,0.3493687
2.1682506,2.1682506
10.7047485,-10.0
2.2705716,2.2705716
0.4173008,0.4173008
2.1269407,2.1269407
2.2337826,2.2337826
-0.2286567,-0.2286567
3.1575149,3.1575149
0.7654569,0.7654569
-1.0133202,-1.0133202
1.0802031,1.0802031
16.547591,-10.0
0.3954119,0.3954119
16.4547553,-10.0
0.3746438,0.3746438
1.3858022,1.3858022
7.3856394,7.3856394
2.1396322,2.1396322
-0.0252751,-0.0252751
1.7936068,1.7936068
10.3301047,-10.0
1.8959278,1.8959278
0.042657,0.042657
1.7522969,1.7522969
1.8591388,1.8591388
-0.6033005,-0.6033005
2.7828711,2.7828711
0.3908131,0.3908131
-1.387964,-1.387964
0.7055593,0.7055593
16.1729472,-10.0
0.0207681,0.0207681
16.0801115,-10.0
-0.3746438,-0.3746438
1.0111584,1.0111584
7.0109956,7.0109956
1.7649884,1.7649884
-1.0364335,-1.0364335
0.7824484,0.7824484
9.3189463,9.3189463
0.8847694,0.8847694
-0.9685014,-0.9685014
0.7411385,0.7411385
0.8479804,0.8479804
-1.6144589,-1.6144589
1.7717127,1.7717127
-0.6203453,-0.6203453
-2.3991224,-2.3991224
-0.3055991,-0.3055991
15.1617888,-10.0
-0.9903903,-0.9903903
15.0689531,-10.0
-1.3858022,-1.3858022
-1.0111584,-1.0111584
5.9998372,5.9998372
0.75383,0.75383
-7.0362707,-7.0362707
-5.2173888,-5.2173888
3.3191091,3.3191091
-5.1150678,-5.1150678
-6.9683386,-6.9683386
-5.2586987,-5.2586987
-5.1518568,-5.1518568
-7.6142961,-7.6142961
-4.2281245,-4.2281245
-6.6201825,-6.6201825
-8.3989596,-8.3989596
-6.3054363,-6.3054363
9.1619516,9.1619516
-6.9902275,-6.9902275
9.0691159,9.0691159
-7.3856394,-7.3856394
-7.0109956,-7.0109956
-5.9998372,-5.9998372
-5.2460072,-5.2460072
-1.7902635,-1.7902635
0.0286184,0.0286184
8.5651163,8.5651163
0.1309394,0.1309394
-1.7223314,-1.7223314
-0.0126915,-0.0126915
0.0941504,0.0941504
-2.3682889,-2.3682889
1.0178827,1.0178827
-1.3741753,-1.3741753
-3.1529524,-3.1529524
-1.0594291,-1.0594291
14.4079588,-10.0
-1.7442203,-1.7442203
14.3151231,-10.0
-2.1396322,-2.1396322
-1.7649884,-1.7649884
-0.75383,-0.75383
5.2460072,5.2460072
1.1645857,1.1645857
13.3622746,-10.0
4.9573288,4.9573288
1.0402042,1.0402042
1.9261707,1.9261707
14.8969693,-10.0
-0.6315529,-0.6315529
15.0328458,-10.0
0.526159,0.526159
-0.1770838,-0.1770838
15.0034101,-10.0
3.4976105,3.4976105
2.2309735,2.2309735
10.9883319,-10.0
1.6039144,1.6039144
0.2047893,0.2047893
-0.0455044,-0.0455044
7.1198374,7.1198374
2.8893041,2.8893041
-1.1645857,-1.1645857
12.1976889,-10.0
3.7927431,3.7927431
-0.1243815,-0.1243815
0.761585,0.761585
13.7323836,-10.0
-1.7961386,-1.7961386
13.8682601,-10.0
-0.6384267,-0.6384267
-1.3416695,-1.3416695
13.8388244,-10.0
2.3330248,2.3330248
1.0663878,1.0663878
9.8237462,9.8237462
0.4393287,0.4393287
-0.9597964,-0.9597964
-1.2100901,-1.2100901
5.9552517,5.9552517
1.7247184,1.7247184
-13.3622746,-10.0
-12.1976889,-10.0
-8.4049458,-8.4049458
-12.3220704,-10.0
-11.4361039,-10.0
1.5346947,1.5346947
-13.9938275,-10.0
1.6705712,1.6705712
-12.8361156,-10.0
-13.5393584,-10.0
1.6411355,1.6411355
-9.8646641,-9.8646641
-11.1313011,-10.0
-2.3739427,-2.3739427
-11.7583602,-10.0
-13.1574853,-10.0
-13.407779,-10.0
-6.2424372,-6.2424372
-10.4729705,-10.0
-4.9573288,-4.9573288
-3.7927431,-3.7927431
8.4049458,8.4049458
-3.9171246,-3.9171246
-3.0311581,-3.0311581
9.9396405,9.9396405
-5.5888817,-5.5888817
10.075517,-10.0
-4.4311698,-4.4311698
-5.1344126,-5.1344126
10.0460813,-10.0
-1.4597183,-1.4597183
-2.7263553,-2.7263553
6.0310031,6.0310031
-3.3534144,-3.3534144
-4.7525395,-4.7525395
-5.0028332,-5.0028332
2.1625086,2.1625086
-2.0680247,-2.0680247
-1.0402042,-1.0402042
0.1243815,0.1243815
12.3220704,-10.0
3.9171246,3.9171246
0.8859665,0.8859665
13.8567651,-10.0
-1.6717571,-1.6717571
13.9926416,-10.0
-0.5140452,-0.5140452
-1.217288,-1.217288
13.9632059,-10.0
2.4574063,2.4574063
1.1907693,1.1907693
9.9481277,9.9481277
0.5637102,0.5637102
-0.8354149,-0.8354149
-1.0857086,-1.0857086
6.0796332,6.0796332
1.8490999,1.8490999
-1.9261707,-1.9261707
-0.761585,-0.761585
11.4361039,-10.0
3.0311581,3.0311581
-0.8859665,-0.8859665
12.9707986,-10.0
-2.5577236,-2.5577236
13.1066751,-10.0
-1.4000117,-1.4000117
-2.1032545,-2.1032545
13.0772394,-10.0
1.5714398,1.5714398
0.3048028,0.3048028
9.0621612,9.0621612
-0.3222563,-0.3222563
-1.7213814,-1.7213814
-1.9716751,-1.9716751
5.1936667,5.1936667
0.9631334,0.9631334
-14.8969693,-10.0
-13.7323836,-10.0
-1.5346947,-1.5346947
-9.9396405,-9.9396405
-13.8567651,-10.0
-12.9707986,-10.0
-15.5285222,-10.0
0.1358765,0.1358765
-14.3708103,-10.0
-15.0740531,-10.0
0.1064408,0.1064408
-11.3993588,-10.0
-12.6659958,-10.0
-3.9086374,-3.9086374
-13.2930549,-10.0
-14.69218,-10.0
-14.9424737,-10.0
-7.7771319,-7.7771319
-12.0076652,-10.0
0.6315529,0.6315529
1.7961386,1.7961386
13.9938275,-10.0
5.5888817,5.5888817
1.6717571,1.6717571
2.5577236,2.5577236
15.5285222,-10.0
15.6643987,-10.0
1.1577119,1.1577119
0.4544691,0.4544691
15.634963,-10.0
4.1291634,4.1291634
2.8625264,2.8625264
11.6198848,-10.0
2.2354673,2.2354673
0.8363422,0.8363422
0.5860485,0.5860485
7.7513903,7.7513903
3.520857,3.520857
-15.0328458,-10.0
-13.8682601,-10.0
-1.6705712,-1.6705712
-10.075517,-10.0
-13.9926416,-10.0
-13.1066751,-10.0
-0.1358765,-0.1358765
-15.6643987,-10.0
-14.5066868,-10.0
-15.2099296,-10.0
-0.0294357,-0.0294357
-11.5352353,-10.0
-12.8018723,-10.0
-4.0445139,-4.0445139
-13.4289314,-10.0
-14.8280565,-10.0
-15.0783502,-10.0
-7.9130084,-7.9130084
-12.1435417,-10.0
-0.526159,-0.526159
0.6384267,0.6384267
12.8361156,-10.0
4.4311698,4.4311698
0.5140452,0.5140452
1.4000117,1.4000117
14.3708103,-10.0
-1.1577119,-1.1577119
14.5066868,-10.0
-0.7032428,-0.7032428
14.4772511,-10.0
2.9714515,2.9714515
1.7048145,1.7048145
10.4621729,-10.0
1.0777554,1.0777554
-0.3213697,-0.3213697
-0.5716634,-0.5716634
6.5936784,6.5936784
2.3631451,2.3631451
0.1770838,0.1770838
1.3416695,1.3416695
13.5393584,-10.0
5.1344126,5.1344126
1.217288,1.217288
2.1032545,2.1032545
15.0740531,-10.0
-0.4544691,-0.4544691
15.2099296,-10.0
0.7032428,0.7032428
15.1804939,-10.0
3.6746943,3.6746943
2.4080573,2.4080573
11.1654157,-10.0
1.7809982,1.7809982
0.3818731,0.3818731
0.1315794,0.1315794
7.2969212,7.2969212
3.0663879,3.0663879
-15.0034101,-10.0
-13.8388244,-10.0
-1.6411355,-1.6411355
-10.0460813,-10.0
-13.9632059,-10.0
-13.0772394,-10.0
-0.1064408,-0.1064408
-15.634963,-10.0
0.0294357,0.0294357
-14.4772511,-10.0
-15.1804939,-10.0
-11.5057996,-10.0
-12.7724366,-10.0
-4.0150782,-4.0150782
-13.3994957,-10.0
-14.7986208,-10.0
-15.0489145,-10.0
-7.8835727,-7.8835727
-12.114106,-10.0
-3.4976105,-3.4976105
-2.3330248,-2.3330248
9.8646641,9.8646641
1.4597183,1.4597183
-2.4574063,-2.4574063
-1.5714398,-1.5714398
11.3993588,-10.0
-4.1291634,-4.1291634
11.5352353,-10.0
-2.9714515,-2.9714515
-3.6746943,-3.6746943
11.5057996,-10.0
-1.266637,-1.266637
7.4907214,7.4907214
-1.8936961,-1.8936961
-3.2928212,-3.2928212
-3.5431149,-3.5431149
3.6222269,3.6222269
-0.6083064,-0.6083064
-2.2309735,-2.2309735
-1.0663878,-1.0663878
11.1313011,-10.0
2.7263553,2.7263553
-1.1907693,-1.1907693
-0.3048028,-0.3048028
12.6659958,-10.0
-2.8625264,-2.8625264
12.8018723,-10.0
-1.7048145,-1.7048145
-2.4080573,-2.4080573
12.7724366,-10.0
1.266637,1.266637
8.7573584,8.7573584
-0.6270591,-0.6270591
-2.0261842,-2.0261842
-2.2764779,-2.2764779
4.8888639,4.8888639
0.6583306,0.6583306
-10.9883319,-10.0
-9.8237462,-9.8237462
2.3739427,2.3739427
-6.0310031,-6.0310031
-9.9481277,-9.9481277
-9.0621612,-9.0621612
3.9086374,3.9086374
-11.6198848,-10.0
4.0445139,4.0445139
-10.4621729,-10.0
-11.1654157,-10.0
4.0150782,4.0150782
-7.4907214,-7.4907214
-8.7573584,-8.7573584
-9.3844175,-9.3844175
-10.7835426,-10.0
-11.0338363,-10.0
-3.8684945,-3.8684945
-8.0990278,-8.0990278
-1.6039144,-1.6039144
-0.4393287,-0.4393287
11.7583602,-10.0
3.3534144,3.3534144
-0.5637102,-0.5637102
0.3222563,0.3222563
13.2930549,-10.0
-2.2354673,-2.2354673
13.4289314,-10.0
-1.0777554,-1.0777554
-1.7809982,-1.7809982
13.3994957,-10.0
1.8936961,1.8936961
0.6270591,0.6270591
9.3844175,9.3844175
-1.3991251,-1.3991251
-1.6494188,-1.6494188
5.515923,5.515923
1.2853897,1.2853897
-0.2047893,-0.2047893
0.9597964,0.9597964
13.1574853,-10.0
4.7525395,4.7525395
0.8354149,0.8354149
1.7213814,1.7213814
14.69218,-10.0
-0.8363422,-0.8363422
14.8280565,-10.0
0.3213697,0.3213697
-0.3818731,-0.3818731
14.7986208,-10.0
3.2928212,3.2928212
2.0261842,2.0261842
10.7835426,-10.0
1.3991251,1.3991251
-0.2502937,-0.2502937
6.9150481,6.9150481
2.6845148,2.6845148
0.0455044,0.0455044
1.2100901,1.2100901
13.407779,-10.0
5.0028332,5.0028332
1.0857086,1.0857086
1.9716751,1.9716751
14.9424737,-10.0
-0.5860485,-0.5860485
15.0783502,-10.0
0.5716634,0.5716634
-0.1315794,-0.1315794
15.0489145,-10.0
3.5431149,3.5431149
2.2764779,2.2764779
11.0338363,-10.0
1.6494188,1.6494188
0.2502937,0.2502937
7.1653418,7.1653418
2.9348085,2.9348085
-7.1198374,-7.1198374
-5.9552517,-5.9552517
6.2424372,6.2424372
-2.1625086,-2.1625086
-6.0796332,-6.0796332
-5.1936667,-5.1936667
7.7771319,7.7771319
-7.7513903,-7.7513903
7.9130084,7.9130084
-6.5936784,-6.5936784
-7.2969212,-7.2969212
7.8835727,7.8835727
-3.6222269,-3.6222269
-4.8888639,-4.8888639
3.8684945,3.8684945
-5.515923,-5.515923
-6.9150481,-6.9150481
-7.1653418,-7.1653418
-4.2305333,-4.2305333
-2.8893041,-2.8893041
-1.7247184,-1.7247184
10.4729705,-10.0
2.0680247,2.0680247
-1.8490999,-1.8490999
-0.9631334,-0.9631334
12.0076652,-10.0
-3.520857,-3.520857
12.1435417,-10.0
-2.3631451,-2.3631451
-3.0663879,-3.0663879
12.114106,-10.0
0.6083064,0.6083064
-0.6583306,-0.6583306
8.0990278,8.0990278
-1.2853897,-1.2853897
-2.6845148,-2.6845148
-2.9348085,-2.9348085
4.2305333,4.2305333
0.7073695,0.7073695
1.6310298,1.6310298
7.7066807,7.7066807
-1.5752318,-1.5752318
0.2318341,0.2318341
4.7039562,4.7039562
-1.8145642,-1.8145642
12.2384989,-10.0
-1.7403443,-1.7403443
-2.7884736,-2.7884736
1.3129628,1.3129628
0.1705807,0.1705807
-0.787782,-0.787782
2.4401224,2.4401224
0.4456325,0.4456325
-1.91775,-1.91775
-0.8049276,-0.8049276
1.9349558,1.9349558
13.849581,-10.0
-0.7073695,-0.7073695
0.9236603,0.9236603
6.9993112,6.9993112
-2.2826013,-2.2826013
-0.4755354,-0.4755354
3.9965867,3.9965867
-2.5219337,-2.5219337
11.5311294,-10.0
-2.4477138,-2.4477138
-3.4958431,-3.4958431
0.6055933,0.6055933
-0.5367888,-0.5367888
-1.4951515,-1.4951515
1.7327529,1.7327529
-0.261737,-0.261737
-2.6251195,-2.6251195
-1.5122971,-1.5122971
1.2275863,1.2275863
13.1422115,-10.0
-1.6310298,-1.6310298
-0.9236603,-0.9236603
6.0756509,6.0756509
-3.2062616,-3.2062616
-1.3991957,-1.3991957
3.0729264,3.0729264
-3.445594,-3.445594
10.6074691,-10.0
-3.3713741,-3.3713741
-4.4195034,-4.4195034
-0.318067,-0.318067
-1.4604491,-1.4604491
-2.4188118,-2.4188118
0.8090926,0.8090926
-1.1853973,-1.1853973
-3.5487798,-3.5487798
-2.4359574,-2.4359574
0.303926,0.303926
12.2185512,-10.0
-7.7066807,-7.7066807
-6.9993112,-6.9993112
-6.0756509,-6.0756509
-9.2819125,-9.2819125
-7.4748466,-7.4748466
-3.0027245,-3.0027245
-9.5212449,-9.5212449
4.5318182,4.5318182
-9.447025,-9.447025
-10.4951543,-10.0
-6.3937179,-6.3937179
-7.5361,-7.5361
-8.4944627,-8.4944627
-5.2665583,-5.2665583
-7.2610482,-7.2610482
-9.6244307,-9.6244307
-8.5116083,-8.5116083
-5.7717249,-5.7717249
6.1429003,6.1429003
1.5752318,1.5752318
2.2826013,2.2826013
3.2062616,3.2062616
9.2819125,9.2819125
1.8070659,1.8070659
6.279188,6.279188
-0.2393324,-0.2393324
13.8137307,-10.0
-0.1651125,-0.1651125
-1.2132418,-1.2132418
2.8881946,2.8881946
1.7458125,1.7458125
0.7874498,0.7874498
4.0153542,4.0153542
2.0208643,2.0208643
-0.3425182,-0.3425182
0.7703042,0.7703042
3.5101876,3.5101876
15.4248128,-10.0
-0.2318341,-0.2318341
0.4755354,0.4755354
1.3991957,1.3991957
7.4748466,7.4748466
-1.8070659,-1.8070659
4.4721221,4.4721221
-2.0463983,-2.0463983
12.0066648,-10.0
-1.9721784,-1.9721784
-3.0203077,-3.0203077
1.0811287,1.0811287
-0.0612534,-0.0612534
-1.0196161,-1.0196161
2.2082883,2.2082883
0.2137984,0.2137984
-2.1495841,-2.1495841
-1.0367617,-1.0367617
1.7031217,1.7031217
13.6177469,-10.0
-4.7039562,-4.7039562
-3.9965867,-3.9965867
-3.0729264,-3.0729264
3.0027245,3.0027245
-6.279188,-6.279188
-4.4721221,-4.4721221
-6.5185204,-6.5185204
7.5345427,7.5345427
-6.4443005,-6.4443005
-7.4924298,-7.4924298
-3.3909934,-3.3909934
-4.5333755,-4.5333755
-5.4917382,-5.4917382
-2.2638338,-2.2638338
-4.2583237,-4.2583237
-6.6217062,-6.6217062
-5.5088838,-5.5088838
-2.7690004,-2.7690004
9.1456248,9.1456248
1.8145642,1.8145642
2.5219337,2.5219337
3.445594,3.445594
9.5212449,9.5212449
0.2393324,0.2393324
2.0463983,2.0463983
6.5185204,6.5185204
14.0530631,-10.0
0.0742199,0.0742199
-0.9739094,-0.9739094
3.127527,3.127527
1.9851449,1.9851449
1.0267822,1.0267822
4.2546866,4.2546866
2.2601967,2.2601967
-0.1031858,-0.1031858
1.0096366,1.0096366
3.74952,3.74952
15.6641452,-10.0
-12.2384989,-10.0
-11.5311294,-10.0
-10.6074691,-10.0
-4.5318182,-4.5318182
-13.8137307,-10.0
-12.0066648,-10.0
-7.5345427,-7.5345427
-14.0530631,-10.0
-13.9788432,-10.0
-15.0269725,-10.0
-10.9255361,-10.0
-12.0679182,-10.0
-13.0262809,-10.0
-9.7983765,-9.7983765
-11.7928664,-10.0
-14.1562489,-10.0
-13.0434265,-10.0
-10.3035431,-10.0
1.6110821,1.6110821
1.7403443,1.7403443
2.4477138,2.4477138
3.3713741,3.3713741
9.447025,9.447025
0.1651125,0.1651125
1.9721784,1.9721784
6.4443005,6.4443005
-0.0742199,-0.0742199
13.9788432,-10.0
-1.0481293,-1.0481293
3.0533071,3.0533071
1.910925,1.910925
0.9525623,0.9525623
4.1804667,4.1804667
2.1859768,2.1859768
-0.1774057,-0.1774057
0.9354167,0.9354167
3.6753001,3.6753001
15.5899253,-10.0
2.7884736,2.7884736
3.4958431,3.4958431
4.4195034,4.4195034
10.4951543,-10.0
1.2132418,1.2132418
3.0203077,3.0203077
7.4924298,7.4924298
0.9739094,0.9739094
15.0269725,-10.0
1.0481293,1.0481293
4.1014364,4.1014364
2.9590543,2.9590543
2.0006916,2.0006916
5.228596,5.228596
3.2341061,3.2341061
0.8707236,0.8707236
1.983546,1.983546
4.7234294,4.7234294
16.6380546,-10.0
-1.3129628,-1.3129628
-0.6055933,-0.6055933
0.318067,0.318067
6.3937179,6.3937179
-2.8881946,-2.8881946
-1.0811287,-1.0811287
3.3909934,3.3909934
-3.127527,-3.127527
10.9255361,-10.0
-3.0533071,-3.0533071
-4.1014364,-4.1014364
-1.1423821,-1.1423821
-2.1007448,-2.1007448
1.1271596,1.1271596
-0.8673303,-0.8673303
-3.2307128,-3.2307128
-2.1178904,-2.1178904
0.621993,0.621993
12.5366182,-10.0
-0.1705807,-0.1705807
0.5367888,0.5367888
1.4604491,1.4604491
7.5361,7.5361
-1.7458125,-1.7458125
0.0612534,0.0612534
4.5333755,4.5333755
-1.9851449,-1.9851449
12.0679182,-10.0
-1.910925,-1.910925
-2.9590543,-2.9590543
1.1423821,1.1423821
-0.9583627,-0.9583627
2.2695417,2.2695417
0.2750518,0.2750518
-2.0883307,-2.0883307
-0.9755083,-0.9755083
1.7643751,1.7643751
13.6790003,-10.0
0.787782,0.787782
1.4951515,1.4951515
2.4188118,2.4188118
8.4944627,8.4944627
-0.7874498,-0.7874498
1.0196161,1.0196161
5.4917382,5.4917382
-1.0267822,-1.0267822
13.0262809,-10.0
-0.9525623,-0.9525623
-2.0006916,-2.0006916
2.1007448,2.1007448
0.9583627,0.9583627
3.2279044,3.2279044
1.2334145,1.2334145
-1.129968,-1.129968
-0.0171456,-0.0171456
2.7227378,2.7227378
14.637363,-10.0
-2.4401224,-2.4401224
-1.7327529,-1.7327529
-0.8090926,-0.8090926
5.2665583,5.2665583
-4.0153542,-4.0153542
-2.2082883,-2.2082883
2.2638338,2.2638338
-4.2546866,-4.2546866
9.7983765,9.7983765
-4.1804667,-4.1804667
-5.228596,-5.228596
-1.1271596,-1.1271596
-2.2695417,-2.2695417
-3.2279044,-3.2279044
-1.9944899,-1.9944899
-4.3578724,-4.3578724
-3.24505,-3.24505
-0.5051666,-0.5051666
11.4094586,-10.0
-0.4456325,-0.4456325
0.261737,0.261737
1.1853973,1.1853973
7.2610482,7.2610482
-2.0208643,-2.0208643
-0.2137984,-0.2137984
4.2583237,4.2583237
-2.2601967,-2.2601967
11.7928664,-10.0
-2.1859768,-2.1859768
-3.2341061,-3.2341061
0.8673303,0.8673303
-0.2750518,-0.2750518
-1.2334145,-1.2334145
1.9944899,1.9944899
-2.3633825,-2.3633825
-1.2505601,-1.2505601
1.4893233,1.4893233
13.4039485,-10.0
1.91775,1.91775
2.6251195,2.6251195
3.5487798,3.5487798
9.6244307,9.6244307
0.3425182,0.3425182
2.1495841,2.1495841
6.6217062,6.6217062
0.1031858,0.1031858
14.1562489,-10.0
0.1774057,0.1774057
-0.8707236,-0.8707236
3.2307128,3.2307128
2.0883307,2.0883307
1.129968,1.129968
4.3578724,4.3578724
2.3633825,2.3633825
1.1128224,1.1128224
3.8527058,3.8527058
15.767331,-10.0
0.8049276,0.8049276
1.5122971,1.5122971
2.4359574,2.4359574
8.5116083,8.5116083
-0.7703042,-0.7703042
1.0367617,1.0367617
5.5088838,5.5088838
-1.0096366,-1.0096366
13.0434265,-10.0
-0.9354167,-0.9354167
-1.983546,-1.983546
2.1178904,2.1178904
0.9755083,0.9755083
0.0171456,0.0171456
3.24505,3.24505
1.2505601,1.2505601
-1.1128224,-1.1128224
2.7398834,2.7398834
14.6545086,-10.0
-1.9349558,-1.9349558
-1.2275863,-1.2275863
-0.303926,-0.303926
5.7717249,5.7717249
-3.5101876,-3.5101876
-1.7031217,-1.7031217
2.7690004,2.7690004
-3.74952,-3.74952
10.3035431,-10.0
-3.6753001,-3.6753001
-4.7234294,-4.7234294
-0.621993,-0.621993
-1.7643751,-1.7643751
-2.7227378,-2.7227378
0.5051666,0.5051666
-1.4893233,-1.4893233
-3.8527058,-3.8527058
-2.7398834,-2.7398834
11.9146252,-10.0
-13.849581,-10.0
-13.1422115,-10.0
-12.2185512,-10.0
-6.1429003,-6.1429003
-15.4248128,-10.0
-13.6177469,-10.0
-9.1456248,-9.1456248
-15.6641452,-10.0
-1.6110821,-1.6110821
-15.5899253,-10.0
-16.6380546,-10.0
-12.5366182,-10.0
-13.6790003,-10.0
-14.637363,-10.0
-11.4094586,-10.0
-13.4039485,-10.0
-15.767331,-10.0
-14.6545086,-10.0
-11.9146252,-10.0
0.5738593,0.5738593
0.7894212,0.7894212
-1.8732468,-1.8732468
-3.2307796,-3.2307796
-1.1214676,-1.1214676
-0.5703215,-0.5703215
-1.0312172,-1.0312172
1.9196773,1.9196773
-0.2071146,-0.2071146
-3.5419783,-3.5419783
-1.3828022,-1.3828022
3.3616512,3.3616512
-0.6359022,-0.6359022
2.1133429,2.1133429
0.7155376,0.7155376
-1.5946891,-1.5946891
-0.8257367,-0.8257367
-3.8152262,-3.8152262
-1.0486602,-1.0486602
-0.5738593,-0.5738593
0.2155619,0.2155619
-2.4471061,-2.4471061
-3.8046389,-3.8046389
-1.6953269,-1.6953269
-1.1441808,-1.1441808
-1.6050765,-1.6050765
1.345818,1.345818
-0.7809739,-0.7809739
-4.1158376,-4.1158376
-1.9566615,-1.9566615
2.7877919,2.7877919
-1.2097615,-1.2097615
1.5394836,1.5394836
0.1416783,0.1416783
-2.1685484,-2.1685484
-1.399596,-1.399596
-4.3890855,-4.3890855
-1.6225195,-1.6225195
-0.7894212,-0.7894212
-0.2155619,-0.2155619
-2.662668,-2.662668
-4.0202008,-4.0202008
-1.9108888,-1.9108888
-1.3597427,-1.3597427
-1.8206384,-1.8206384
1.1302561,1.1302561
-0.9965358,-0.9965358
-4.3313995,-4.3313995
-2.1722234,-2.1722234
2.57223,2.57223
-1.4253234,-1.4253234
1.3239217,1.3239217
-0.0738836,-0.0738836
-2.3841103,-2.3841103
-1.6151579,-1.6151579
-4.6046474,-4.6046474
-1.8380814,-1.8380814
1.8732468,1.8732468
2.4471061,2.4471061
2.662668,2.662668
-1.3575328,-1.3575328
0.7517792,0.7517792
1.3029253,1.3029253
0.8420296,0.8420296
3.7929241,3.7929241
1.6661322,1.6661322
-1.6687315,-1.6687315
0.4904446,0.4904446
5.234898,5.234898
1.2373446,1.2373446
3.9865897,3.9865897
2.5887844,2.5887844
0.2785577,0.2785577
1.0475101,1.0475101
-1.9419794,-1.9419794
0.8245866,0.8245866
3.2307796,3.2307796
3.8046389,3.8046389
4.0202008,4.0202008
1.3575328,1.3575328
2.109312,2.109312
2.6604581,2.6604581
2.1995624,2.1995624
5.1504569,5.1504569
3.023665,3.023665
-0.3111987,-0.3111987
1.8479774,1.8479774
6.5924308,6.5924308
2.5948774,2.5948774
5.3441225,5.3441225
3.9463172,3.9463172
1.6360905,1.6360905
2.4050429,2.4050429
-0.5844466,-0.5844466
2.1821194,2.1821194
1.1214676,1.1214676
1.6953269,1.6953269
1.9108888,1.9108888
-0.7517792,-0.7517792
-2.109312,-2.109312
0.5511461,0.5511461
0.0902504,0.0902504
3.0411449,3.0411449
0.914353,0.914353
-2.4205107,-2.4205107
-0.2613346,-0.2613346
4.4831188,4.4831188
0.4855654,0.4855654
3.2348105,3.2348105
1.8370052,1.8370052
-0.4732215,-0.4732215
0.2957309,0.2957309
-2.6937586,-2.6937586
0.0728074,0.0728074
0.5703215,0.5703215
1.1441808,1.1441808
1.3597427,1.3597427
-1.3029253,-1.3029253
-2.6604581,-2.6604581
-0.5511461,-0.5511461
-0.4608957,-0.4608957
2.4899988,2.4899988
0.3632069,0.3632069
-2.9716568,-2.9716568
-0.8124807,-0.8124807
3.9319727,3.9319727
-0.0655807,-0.0655807
2.6836644,2.6836644
1.2858591,1.2858591
-1.0243676,-1.0243676
-0.2554152,-0.2554152
-3.2449047,-3.2449047
-0.4783387,-0.4783387
1.0312172,1.0312172
1.6050765,1.6050765
1.8206384,1.8206384
-0.8420296,-0.8420296
-2.1995624,-2.1995624
-0.0902504,-0.0902504
0.4608957,0.4608957
2.9508945,2.9508945
0.8241026,0.8241026
-2.5107611,-2.5107611
-0.351585,-0.351585
4.3928684,4.3928684
0.395315,0.395315
3.1445601,3.1445601
1.7467548,1.7467548
-0.5634719,-0.5634719
0.2054805,0.2054805
-2.784009,-2.784009
-0.017443,-0.017443
-1.9196773,-1.9196773
-1.345818,-1.345818
-1.1302561,-1.1302561
-3.7929241,-3.7929241
-5.1504569,-5.1504569
-3.0411449,-3.0411449
-2.4899988,-2.4899988
-2.9508945,-2.9508945
-2.1267919,-2.1267919
-5.4616556,-5.4616556
-3.3024795,-3.3024795
1.4419739,1.4419739
-2.5555795,-2.5555795
0.1936656,0.1936656
-1.2041397,-1.2041397
-3.5143664,-3.5143664
-2.745414,-2.745414
-5.7349035,-5.7349035
-2.9683375,-2.9683375
0.2071146,0.2071146
0.7809739,0.7809739
0.9965358,0.9965358
-1.6661322,-1.6661322
-3.023665,-3.023665
-0.914353,-0.914353
-0.3632069,-0.3632069
-0.8241026,-0.8241026
2.1267919,2.1267919
-3.3348637,-3.3348637
-1.1756876,-1.1756876
3.5687658,3.5687658
-0.4287876,-0.4287876
2.3204575,2.3204575
0.9226522,0.9226522
-1.3875745,-1.3875745
-0.6186221,-0.6186221
-3.6081116,-3.6081116
-0.8415456,-0.8415456
3.5419783,3.5419783
4.1158376,4.1158376
4.3313995,4.3313995
1.6687315,1.6687315
0.3111987,0.3111987
2.4205107,2.4205107
2.9716568,2.9716568
2.5107611,2.5107611
5.4616556,5.4616556
3.3348637,3.3348637
2.1591761,2.1591761
6.9036295,6.9036295
2.9060761,2.9060761
5.6553212,5.6553212
4.2575159,4.2575159
1.9472892,1.9472892
2.7162416,2.7162416
-0.2732479,-0.2732479
2.4933181,2.4933181
1.3828022,1.3828022
1.9566615,1.9566615
2.1722234,2.1722234
-0.4904446,-0.4904446
-1.8479774,-1.8479774
0.2613346,0.2613346
0.8124807,0.8124807
0.351585,0.351585
3.3024795,3.3024795
1.1756876,1.1756876
-2.1591761,-2.1591761
4.7444534,4.7444534
0.7469,0.7469
3.4961451,3.4961451
2.0983398,2.0983398
-0.2118869,-0.2118869
0.5570655,0.5570655
-2.432424,-2.432424
0.334142,0.334142
-3.3616512,-3.3616512
-2.7877919,-2.7877919
-2.57223,-2.57223
-5.234898,-5.234898
-6.5924308,-6.5924308
-4.4831188,-4.4831188
-3.9319727,-3.9319727
-4.3928684,-4.3928684
-1.4419739,-1.4419739
-3.5687658,-3.5687658
-6.9036295,-6.9036295
-4.7444534,-4.7444534
-3.9975534,-3.9975534
-1.2483083,-1.2483083
-2.6461136,-2.6461136
-4.9563403,-4.9563403
-4.1873879,-4.1873879
-7.1768774,-7.1768774
-4.4103114,-4.4103114
0.6359022,0.6359022
1.2097615,1.2097615
1.4253234,1.4253234
-1.2373446,-1.2373446
-2.5948774,-2.5948774
-0.4855654,-0.4855654
0.0655807,0.0655807
-0.395315,-0.395315
2.5555795,2.5555795
0.4287876,0.4287876
-2.9060761,-2.9060761
-0.7469,-0.7469
3.9975534,3.9975534
2.7492451,2.7492451
1.3514398,1.3514398
-0.9587869,-0.9587869
-0.1898345,-0.1898345
-3.179324,-3.179324
-0.412758,-0.412758
-2.1133429,-2.1133429
-1.5394836,-1.5394836
-1.3239217,-1.3239217
-3.9865897,-3.9865897
-5.3441225,-5.3441225
-3.2348105,-3.2348105
-2.6836644,-2.6836644
-3.1445601,-3.1445601
-0.1936656,-0.1936656
-2.3204575,-2.3204575
-5.6553212,-5.6553212
-3.4961451,-3.4961451
1.2483083,1.2483083
-2.7492451,-2.7492451
-1.3978053,-1.3978053
-3.708032,-3.708032
-2.9390796,-2.9390796
-5.9285691,-5.9285691
-3.1620031,-3.1620031
-0.7155376,-0.7155376
-0.1416783,-0.1416783
0.0738836,0.0738836
-2.5887844,-2.5887844
-3.9463172,-3.9463172
-1.8370052,-1.8370052
-1.2858591,-1.2858591
-1.7467548,-1.7467548
1.2041397,1.2041397
-0.9226522,-0.9226522
-4.2575159,-4.2575159
-2.0983398,-2.0983398
2.6461136,2.6461136
-1.3514398,-1.3514398
1.3978053,1.3978053
-2.3102267,-2.3102267
-1.5412743,-1.5412743
-4.5307638,-4.5307638
-1.7641978,-1.7641978
1.5946891,1.5946891
2.1685484,2.1685484
2.3841103,2.3841103
-0.2785577,-0.2785577
-1.6360905,-1.6360905
0.4732215,0.4732215
1.0243676,1.0243676
0.5634719,0.5634719
3.5143664,3.5143664
1.3875745,1.3875745
-1.9472892,-1.9472892
0.2118869,0.2118869
4.9563403,4.9563403
0.9587869,0.9587869
3.708032,3.708032
2.3102267,2.3102267
0.7689524,0.7689524
-2.2205371,-2.2205371
0.5460289,0.5460289
0.8257367,0.8257367
1.399596,1.399596
1.6151579,1.6151579
-1.0475101,-1.0475101
-2.4050429,-2.4050429
-0.2957309,-0.2957309
0.2554152,0.2554152
-0.2054805,-0.2054805
2.745414,2.745414
0.6186221,0.6186221
-2.7162416,-2.7162416
-0.5570655,-0.5570655
4.1873879,4.1873879
0.1898345,0.1898345
2.9390796,2.9390796
1.5412743,1.5412743
-0.7689524,-0.7689524
-2.9894895,-2.9894895
-0.2229235,-0.2229235
3.8152262,3.8152262
4.3890855,4.3890855
4.6046474,4.6046474
1.9419794,1.9419794
0.5844466,0.5844466
2.6937586,2.6937586
3.2449047,3.2449047
2.784009,2.784009
5.7349035,5.7349035
3.6081116,3.6081116
0.2732479,0.2732479
2.432424,2.432424
7.1768774,7.1768774
3.179324,3.179324
5.9285691,5.9285691
4.5307638,4.5307638
2.2205371,2.2205371
2.9894895,2.9894895
2.766566,2.766566
1.0486602,1.0486602
1.6225195,1.6225195
1.8380814,1.8380814
-0.8245866,-0.8245866
-2.1821194,-2.1821194
-0.0728074,-0.0728074
0.4783387,0.4783387
0.017443,0.017443
2.9683375,2.9683375
0.8415456,0.8415456
-2.4933181,-2.4933181
-0.334142,-0.334142
4.4103114,4.4103114
0.412758,0.412758
3.1620031,3.1620031
1.7641978,1.7641978
-0.5460289,-0.5460289
0.2229235,0.2229235
-2.766566,-2.766566
14.9335866,-10.0
7.6046772,7.6046772
0.3576943,0.3576943
-0.9453571,-0.9453571
-1.2764778,-1.2764778
-0.0444005,-0.0444005
-1.2597945,-1.2597945
3.2623449,3.2623449
-1.6275035,-1.6275035
-2.3239822,-2.3239822
-1.5850738,-1.5850738
0.6962395,0.6962395
-1.7864672,-1.7864672
2.1813299,2.1813299
0.3365231,0.3365231
-0.3529115,-0.3529115
-0.6394673,-0.6394673
-3.6659784,-3.6659784
-0.2488257,-0.2488257
-14.9335866,-10.0
-7.3289094,-7.3289094
-14.5758923,-10.0
-15.8789437,-10.0
-16.2100644,-10.0
-14.9779871,-10.0
-16.1933811,-10.0
-11.6712417,-10.0
-16.5610901,-10.0
-17.2575688,-10.0
-16.5186604,-10.0
-14.2373471,-10.0
-16.7200538,-10.0
-12.7522567,-10.0
-14.5970635,-10.0
-15.2864981,-10.0
-15.5730539,-10.0
-18.599565,-10.0
-15.1824123,-10.0
-7.6046772,-7.6046772
7.3289094,7.3289094
-7.2469829,-7.2469829
-8.5500343,-8.5500343
-8.881155,-8.881155
-7.6490777,-7.6490777
-8.8644717,-8.8644717
-4.3423323,-4.3423323
-9.2321807,-9.2321807
-9.9286594,-9.9286594
-9.189751,-9.189751
-6.9084377,-6.9084377
-9.3911444,-9.3911444
-5.4233473,-5.4233473
-7.2681541,-7.2681541
-7.9575887,-7.9575887
-8.2441445,-8.2441445
-11.2706556,-10.0
-7.8535029,-7.8535029
-0.3576943,-0.3576943
14.5758923,-10.0
7.2469829,7.2469829
-1.3030514,-1.3030514
-1.6341721,-1.6341721
-0.4020948,-0.4020948
-1.6174888,-1.6174888
2.9046506,2.9046506
-1.9851978,-1.9851978
-2.6816765,-2.6816765
-1.9427681,-1.9427681
0.3385452,0.3385452
-2.1441615,-2.1441615
1.8236356,1.8236356
-0.0211712,-0.0211712
-0.7106058,-0.7106058
-0.9971616,-0.9971616
-4.0236727,-4.0236727
-0.60652,-0.60652
0.9453571,0.9453571
15.8789437,-10.0
8.5500343,8.5500343
1.3030514,1.3030514
-0.3311207,-0.3311207
0.9009566,0.9009566
-0.3144374,-0.3144374
4.207702,4.207702
-0.6821464,-0.6821464
-1.3786251,-1.3786251
-0.6397167,-0.6397167
1.6415966,1.6415966
-0.8411101,-0.8411101
3.126687,3.126687
1.2818802,1.2818802
0.5924456,0.5924456
0.3058898,0.3058898
-2.7206213,-2.7206213
0.6965314,0.6965314
1.2764778,1.2764778
16.2100644,-10.0
8.881155,8.881155
1.6341721,1.6341721
0.3311207,0.3311207
1.2320773,1.2320773
0.0166833,0.0166833
4.5388227,4.5388227
-0.3510257,-0.3510257
-1.0475044,-1.0475044
-0.308596,-0.308596
1.9727173,1.9727173
-0.5099894,-0.5099894
3.4578077,3.4578077
1.6130009,1.6130009
0.9235663,0.9235663
0.6370105,0.6370105
-2.3895006,-2.3895006
1.0276521,1.0276521
0.0444005,0.0444005
14.9779871,-10.0
7.6490777,7.6490777
0.4020948,0.4020948
-0.9009566,-0.9009566
-1.2320773,-1.2320773
-1.215394,-1.215394
3.3067454,3.3067454
-1.583103,-1.583103
-2.2795817,-2.2795817
-1.5406733,-1.5406733
0.74064,0.74064
-1.7420667,-1.7420667
2.2257304,2.2257304
0.3809236,0.3809236
-0.308511,-0.308511
-0.5950668,-0.5950668
-3.6215779,-3.6215779
-0.2044252,-0.2044252
1.2597945,1.2597945
16.1933811,-10.0
8.8644717,8.8644717
1.6174888,1.6174888
0.3144374,0.3144374
-0.0166833,-0.0166833
1.215394,1.215394
4.5221394,4.5221394
-0.367709,-0.367709
-1.0641877,-1.0641877
-0.3252793,-0.3252793
1.956034,1.956034
-0.5266727,-0.5266727
3.4411244,3.4411244
1.5963176,1.5963176
0.906883,0.906883
0.6203272,0.6203272
-2.4061839,-2.4061839
1.0109688,1.0109688
-3.2623449,-3.2623449
11.6712417,-10.0
4.3423323,4.3423323
-2.9046506,-2.9046506
-4.207702,-4.207702
-4.5388227,-4.5388227
-3.3067454,-3.3067454
-4.5221394,-4.5221394
-4.8898484,-4.8898484
-5.5863271,-5.5863271
-4.8474187,-4.8474187
-2.5661054,-2.5661054
-5.0488121,-5.0488121
-1.081015,-1.081015
-2.9258218,-2.9258218
-3.6152564,-3.6152564
-3.9018122,-3.9018122
-6.9283233,-6.9283233
-3.5111706,-3.5111706
1.6275035,1.6275035
16.5610901,-10.0
9.2321807,9.2321807
1.9851978,1.9851978
0.6821464,0.6821464
0.3510257,0.3510257
1.583103,1.583103
0.367709,0.367709
4.8898484,4.8898484
-0.6964787,-0.6964787
0.0424297,0.0424297
2.323743,2.323743
-0.1589637,-0.1589637
3.8088334,3.8088334
1.9640266,1.9640266
1.274592,1.274592
0.9880362,0.9880362
-2.0384749,-2.0384749
1.3786778,1.3786778
2.3239822,2.3239822
17.2575688,-10.0
9.9286594,9.9286594
2.6816765,2.6816765
1.3786251,1.3786251
1.0475044,1.0475044
2.2795817,2.2795817
1.0641877,1.0641877
5.5863271,5.5863271
0.6964787,0.6964787
0.7389084,0.7389084
3.0202217,3.0202217
0.537515,0.537515
4.5053121,4.5053121
2.6605053,2.6605053
1.9710707,1.9710707
1.6845149,1.6845149
-1.3419962,-1.3419962
2.0751565,2.0751565
1.5850738,1.5850738
16.5186604,-10.0
9.189751,9.189751
1.9427681,1.9427681
0.6397167,0.6397167
0.308596,0.308596
1.5406733,1.5406733
0.3252793,0.3252793
4.8474187,4.8474187
-0.0424297,-0.0424297
-0.7389084,-0.7389084
2.2813133,2.2813133
-0.2013934,-0.2013934
3.7664037,3.7664037
1.9215969,1.9215969
1.2321623,1.2321623
0.9456065,0.9456065
-2.0809046,-2.0809046
1.3362481,1.3362481
-0.6962395,-0.6962395
14.2373471,-10.0
6.9084377,6.9084377
-0.3385452,-0.3385452
-1.6415966,-1.6415966
-1.9727173,-1.9727173
-0.74064,-0.74064
-1.956034,-1.956034
2.5661054,2.5661054
-2.323743,-2.323743
-3.0202217,-3.0202217
-2.2813133,-2.2813133
-2.4827067,-2.4827067
1.4850904,1.4850904
-0.3597164,-0.3597164
-1.049151,-1.049151
-1.3357068,-1.3357068
-4.3622179,-4.3622179
-0.9450652,-0.9450652
1.7864672,1.7864672
16.7200538,-10.0
9.3911444,9.3911444
2.1441615,2.1441615
0.8411101,0.8411101
0.5099894,0.5099894
1.7420667,1.7420667
0.5266727,0.5266727
5.0488121,5.0488121
0.1589637,0.1589637
-0.537515,-0.537515
0.2013934,0.2013934
2.4827067,2.4827067
3.9677971,3.9677971
2.1229903,2.1229903
1.4335557,1.4335557
1.1469999,1.1469999
-1.8795112,-1.8795112
1.5376415,1.5376415
-2.1813299,-2.1813299
12.7522567,-10.0
5.4233473,5.4233473
-1.8236356,-1.8236356
-3.126687,-3.126687
-3.4578077,-3.4578077
-2.2257304,-2.2257304
-3.4411244,-3.4411244
1.081015,1.081015
-3.8088334,-3.8088334
-4.5053121,-4.5053121
-3.7664037,-3.7664037
-1.4850904,-1.4850904
-3.9677971,-3.9677971
-1.8448068,-1.8448068
-2.5342414,-2.5342414
-2.8207972,-2.8207972
-5.8473083,-5.8473083
-2.4301556,-2.4301556
-0.3365231,-0.3365231
14.5970635,-10.0
7.2681541,7.2681541
0.0211712,0.0211712
-1.2818802,-1.2818802
-1.6130009,-1.6130009
-0.3809236,-0.3809236
-1.5963176,-1.5963176
2.9258218,2.9258218
-1.9640266,-1.9640266
-2.6605053,-2.6605053
-1.9215969,-1.9215969
0.3597164,0.3597164
-2.1229903,-2.1229903
1.8448068,1.8448068
-0.6894346,-0.6894346
-0.9759904,-0.9759904
-4.0025015,-4.0025015
-0.5853488,-0.5853488
0.3529115,0.3529115
15.2864981,-10.0
7.9575887,7.9575887
0.7106058,0.7106058
-0.5924456,-0.5924456
-0.9235663,-0.9235663
0.308511,0.308511
-0.906883,-0.906883
3.6152564,3.6152564
-1.274592,-1.274592
-1.9710707,-1.9710707
-1.2321623,-1.2321623
1.049151,1.049151
-1.4335557,-1.4335557
2.5342414,2.5342414
0.6894346,0.6894346
-0.2865558,-0.2865558
-3.3130669,-3.3130669
0.1040858,0.1040858
0.6394673,0.6394673
15.5730539,-10.0
8.2441445,8.2441445
0.9971616,0.9971616
-0.3058898,-0.3058898
-0.6370105,-0.6370105
0.5950668,0.5950668
-0.6203272,-0.6203272
3.9018122,3.9018122
-0.9880362,-0.9880362
-1.6845149,-1.6845149
-0.9456065,-0.9456065
1.3357068,1.3357068
-1.1469999,-1.1469999
2.8207972,2.8207972
0.9759904,0.9759904
0.2865558,0.2865558
-3.0265111,-3.0265111
0.3906416,0.3906416
3.6659784,3.6659784
18.599565,-10.0
11.2706556,-10.0
4.0236727,4.0236727
2.7206213,2.7206213
2.3895006,2.3895006
3.6215779,3.6215779
2.4061839,2.4061839
6.9283233,6.9283233
2.0384749,2.0384749
1.3419962,1.3419962
2.0809046,2.0809046
4.3622179,4.3622179
1.8795112,1.8795112
5.8473083,5.8473083
4.0025015,4.0025015
3.3130669,3.3130669
3.0265111,3.0265111
3.4171527,3.4171527
0.2488257,0.2488257
15.1824123,-10.0
7.8535029,7.8535029
0.60652,0.60652
-0.6965314,-0.6965314
-1.0276521,-1.0276521
0.2044252,0.2044252
-1.0109688,-1.0109688
3.5111706,3.5111706
-1.3786778,-1.3786778
-2.0751565,-2.0751565
-1.3362481,-1.3362481
0.9450652,0.9450652
-1.5376415,-1.5376415
2.4301556,2.4301556
0.5853488,0.5853488
-0.1040858,-0.1040858
-0.3906416,-0.3906416
-3.4171527,-3.4171527
0.9191511,0.9191511
15.8742342,-10.0
15.5000637,-10.0
-0.9999575,-0.9999575
0.0871348,0.0871348
1.9367353,1.9367353
1.6063966,1.6063966
4.3818427,4.3818427
1.1705249,1.1705249
0.0031176,0.0031176
1.361899,1.361899
1.811833,1.811833
16.0156256,-10.0
16.5383757,-10.0
0.3338811,0.3338811
1.140476,1.140476
1.3554249,1.3554249
0.78618,0.78618
1.9694059,1.9694059
-0.9191511,-0.9191511
14.9550831,-10.0
14.5809126,-10.0
-1.9191086,-1.9191086
-0.8320163,-0.8320163
1.0175842,1.0175842
0.6872455,0.6872455
3.4626916,3.4626916
0.2513738,0.2513738
-0.9160335,-0.9160335
0.4427479,0.4427479
0.8926819,0.8926819
15.0964745,-10.0
15.6192246,-10.0
-0.58527,-0.58527
0.2213249,0.2213249
0.4362738,0.4362738
-0.1329711,-0.1329711
1.0502548,1.0502548
-15.8742342,-10.0
-14.9550831,-10.0
-0.3741705,-0.3741705
-16.8741917,-10.0
-15.7870994,-10.0
-13.9374989,-10.0
-14.2678376,-10.0
-11.4923915,-10.0
-14.7037093,-10.0
-15.8711166,-10.0
-14.5123352,-10.0
-14.0624012,-10.0
0.1413914,0.1413914
0.6641415,0.6641415
-15.5403531,-10.0
-14.7337582,-10.0
-14.5188093,-10.0
-15.0880542,-10.0
-13.9048283,-10.0
-15.5000637,-10.0
-14.5809126,-10.0
0.3741705,0.3741705
-16.5000212,-10.0
-15.4129289,-10.0
-13.5633284,-10.0
-13.8936671,-10.0
-11.118221,-10.0
-14.3295388,-10.0
-15.4969461,-10.0
-14.1381647,-10.0
-13.6882307,-10.0
0.5155619,0.5155619
1.038312,1.038312
-15.1661826,-10.0
-14.3595877,-10.0
-14.1446388,-10.0
-14.7138837,-10.0
-13.5306578,-10.0
0.9999575,0.9999575
1.9191086,1.9191086
16.8741917,-10.0
16.5000212,-10.0
1.0870923,1.0870923
2.9366928,2.9366928
2.6063541,2.6063541
5.3818002,5.3818002
2.1704824,2.1704824
1.0030751,1.0030751
2.3618565,2.3618565
2.8117905,2.8117905
17.0155831,-10.0
17.5383332,-10.0
1.3338386,1.3338386
2.1404335,2.1404335
2.3553824,2.3553824
1.7861375,1.7861375
2.9693634,2.9693634
-0.0871348,-0.0871348
0.8320163,0.8320163
15.7870994,-10.0
15.4129289,-10.0
-1.0870923,-1.0870923
1.8496005,1.8496005
1.5192618,1.5192618
4.2947079,4.2947079
1.0833901,1.0833901
-0.0840172,-0.0840172
1.2747642,1.2747642
1.7246982,1.7246982
15.9284908,-10.0
16.4512409,-10.0
0.2467463,0.2467463
1.0533412,1.0533412
1.2682901,1.2682901
0.6990452,0.6990452
1.8822711,1.8822711
-1.9367353,-1.9367353
-1.0175842,-1.0175842
13.9374989,-10.0
13.5633284,-10.0
-2.9366928,-2.9366928
-1.8496005,-1.8496005
-0.3303387,-0.3303387
2.4451074,2.4451074
-0.7662104,-0.7662104
-1.9336177,-1.9336177
-0.5748363,-0.5748363
-0.1249023,-0.1249023
14.0788903,-10.0
14.6016404,-10.0
-1.6028542,-1.6028542
-0.7962593,-0.7962593
-0.5813104,-0.5813104
-1.1505553,-1.1505553
0.0326706,0.0326706
-1.6063966,-1.6063966
-0.6872455,-0.6872455
14.2678376,-10.0
13.8936671,-10.0
-2.6063541,-2.6063541
-1.5192618,-1.5192618
0.3303387,0.3303387
2.7754461,2.7754461
-0.4358717,-0.4358717
-1.603279,-1.603279
-0.2444976,-0.2444976
0.2054364,0.2054364
14.409229,-10.0
14.9319791,-10.0
-1.2725155,-1.2725155
-0.4659206,-0.4659206
-0.2509717,-0.2509717
-0.8202166,-0.8202166
0.3630093,0.3630093
-4.3818427,-4.3818427
-3.4626916,-3.4626916
11.4923915,-10.0
11.118221,-10.0
-5.3818002,-5.3818002
-4.2947079,-4.2947079
-2.4451074,-2.4451074
-2.7754461,-2.7754461
-3.2113178,-3.2113178
-4.3787251,-4.3787251
-3.0199437,-3.0199437
-2.5700097,-2.5700097
11.6337829,-10.0
12.156533,-10.0
-4.0479616,-4.0479616
-3.2413667,-3.2413667
-3.0264178,-3.0264178
-3.5956627,-3.5956627
-2.4124368,-2.4124368
-1.1705249,-1.1705249
-0.2513738,-0.2513738
14.7037093,-10.0
14.3295388,-10.0
-2.1704824,-2.1704824
-1.0833901,-1.0833901
0.7662104,0.7662104
0.4358717,0.4358717
3.2113178,3.2113178
-1.1674073,-1.1674073
0.1913741,0.1913741
0.6413081,0.6413081
14.8451007,-10.0
15.3678508,-10.0
-0.8366438,-0.8366438
-0.0300489,-0.0300489
0.1849,0.1849
-0.3843449,-0.3843449
0.798881,0.798881
-0.0031176,-0.0031176
0.9160335,0.9160335
15.8711166,-10.0
15.4969461,-10.0
-1.0030751,-1.0030751
0.0840172,0.0840172
1.9336177,1.9336177
1.603279,1.603279
4.3787251,4.3787251
1.1674073,1.1674073
1.3587814,1.3587814
1.8087154,1.8087154
16.012508,-10.0
16.5352581,-10.0
0.3307635,0.3307635
1.1373584,1.1373584
1.3523073,1.3523073
0.7830624,0.7830624
1.9662883,1.9662883
-1.361899,-1.361899
-0.4427479,-0.4427479
14.5123352,-10.0
14.1381647,-10.0
-2.3618565,-2.3618565
-1.2747642,-1.2747642
0.5748363,0.5748363
0.2444976,0.2444976
3.0199437,3.0199437
-0.1913741,-0.1913741
-1.3587814,-1.3587814
0.449934,0.449934
14.6537266,-10.0
15.1764767,-10.0
-1.0280179,-1.0280179
-0.221423,-0.221423
-0.0064741,-0.0064741
-0.575719,-0.575719
0.6075069,0.6075069
-1.811833,-1.811833
-0.8926819,-0.8926819
14.0624012,-10.0
13.6882307,-10.0
-2.8117905,-2.8117905
-1.7246982,-1.7246982
0.1249023,0.1249023
-0.2054364,-0.2054364
2.5700097,2.5700097
-0.6413081,-0.6413081
-1.8087154,-1.8087154
-0.449934,-0.449934
14.2037926,-10.0
14.7265427,-10.0
-1.4779519,-1.4779519
-0.671357,-0.671357
-0.4564081,-0.4564081
-1.025653,-1.025653
0.1575729,0.1575729
-16.0156256,-10.0
-15.0964745,-10.0
-0.1413914,-0.1413914
-0.5155619,-0.5155619
-17.0155831,-10.0
-15.9284908,-10.0
-14.0788903,-10.0
-14.409229,-10.0
-11.6337829,-10.0
-14.8451007,-10.0
-16.012508,-10.0
-14.6537266,-10.0
-14.2037926,-10.0
0.5227501,0.5227501
-15.6817445,-10.0
-14.8751496,-10.0
-14.6602007,-10.0
-15.2294456,-10.0
-14.0462197,-10.0
-16.5383757,-10.0
-15.6192246,-10.0
-0.6641415,-0.6641415
-1.038312,-1.038312
-17.5383332,-10.0
-16.4512409,-10.0
-14.6016404,-10.0
-14.9319791,-10.0
-12.156533,-10.0
-15.3678508,-10.0
-16.5352581,-10.0
-15.1764767,-10.0
-14.7265427,-10.0
-0.5227501,-0.5227501
-16.2044946,-10.0
-15.3978997,-10.0
-15.1829508,-10.0
-15.7521957,-10.0
-14.5689698,-10.0
-0.3338811,-0.3338811
0.58527,0.58527
15.5403531,-10.0
15.1661826,-10.0
-1.3338386,-1.3338386
-0.2467463,-0.2467463
1.6028542,1.6028542
1.2725155,1.2725155
4.0479616,4.0479616
0.8366438,0.8366438
-0.3307635,-0.3307635
1.0280179,1.0280179
1.4779519,1.4779519
15.6817445,-10.0
16.2044946,-10.0
0.8065949,0.8065949
1.0215438,1.0215438
0.4522989,0.4522989
1.6355248,1.6355248
-1.140476,-1.140476
-0.2213249,-0.2213249
14.7337582,-10.0
14.3595877,-10.0
-2.1404335,-2.1404335
-1.0533412,-1.0533412
0.7962593,0.7962593
0.4659206,0.4659206
3.2413667,3.2413667
0.0300489,0.0300489
-1.1373584,-1.1373584
0.221423,0.221423
0.671357,0.671357
14.8751496,-10.0
15.3978997,-10.0
-0.8065949,-0.8065949
0.2149489,0.2149489
-0.354296,-0.354296
0.8289299,0.8289299
-1.3554249,-1.3554249
-0.4362738,-0.4362738
14.5188093,-10.0
14.1446388,-10.0
-2.3553824,-2.3553824
-1.2682901,-1.2682901
0.5813104,0.5813104
0.2509717,0.2509717
3.0264178,3.0264178
-0.1849,-0.1849
-1.3523073,-1.3523073
0.0064741,0.0064741
0.4564081,0.4564081
14.6602007,-10.0
15.1829508,-10.0
-1.0215438,-1.0215438
-0.2149489,-0.2149489
-0.5692449,-0.5692449
0.613981,0.613981
-0.78618,-0.78618
0.1329711,0.1329711
15.0880542,-10.0
14.7138837,-10.0
-1.7861375,-1.7861375
-0.6990452,-0.6990452
1.1505553,1.1505553
0.8202166,0.8202166
3.5956627,3.5956627
0.3843449,0.3843449
-0.7830624,-0.7830624
0.575719,0.575719
1.025653,1.025653
15.2294456,-10.0
15.7521957,-10.0
-0.4522989,-0.4522989
0.354296,0.354296
0.5692449,0.5692449
1.1832259,1.1832259
-1.9694059,-1.9694059
-1.0502548,-1.0502548
13.9048283,-10.0
13.5306578,-10.0
-2.9693634,-2.9693634
-1.8822711,-1.8822711
-0.0326706,-0.0326706
-0.3630093,-0.3630093
2.4124368,2.4124368
-0.798881,-0.798881
-1.9662883,-1.9662883
-0.6075069,-0.6075069
-0.1575729,-0.1575729
14.0462197,-10.0
14.5689698,-10.0
-1.6355248,-1.6355248
-0.8289299,-0.8289299
-0.613981,-0.613981
-1.1832259,-1.1832259
0.8384758,0.8384758
15.498603,-10.0
-1.5062691,-1.5062691
-0.0430965,-0.0430965
-0.107543,-0.107543
14.3145077,-10.0
-0.2853881,-0.2853881
14.1024092,-10.0
-0.1346319,-0.1346319
-1.3945936,-1.3945936
-1.0515237,-1.0515237
0.391017,0.391017
0.0922687,0.0922687
3.6392796,3.6392796
0.0391905,0.0391905
0.0680787,0.0680787
1.0387667,1.0387667
15.311796,-10.0
15.2021524,-10.0
-0.8384758,-0.8384758
14.6601272,-10.0
-2.3447449,-2.3447449
-0.8815723,-0.8815723
-0.9460188,-0.9460188
13.4760319,-10.0
-1.1238639,-1.1238639
13.2639334,-10.0
-0.9731077,-0.9731077
-2.2330694,-2.2330694
-1.8899995,-1.8899995
-0.4474588,-0.4474588
-0.7462071,-0.7462071
2.8008038,2.8008038
-0.7992853,-0.7992853
-0.7703971,-0.7703971
0.2002909,0.2002909
14.4733202,-10.0
14.3636766,-10.0
-15.498603,-10.0
-14.6601272,-10.0
-17.0048721,-10.0
-15.5416995,-10.0
-15.606146,-10.0
-1.1840953,-1.1840953
-15.7839911,-10.0
-1.3961938,-1.3961938
-15.6332349,-10.0
-16.8931966,-10.0
-16.5501267,-10.0
-15.107586,-10.0
-15.4063343,-10.0
-11.8593234,-10.0
-15.4594125,-10.0
-15.4305243,-10.0
-14.4598363,-10.0
-0.186807,-0.186807
-0.2964506,-0.2964506
1.5062691,1.5062691
2.3447449,2.3447449
17.0048721,-10.0
1.4631726,1.4631726
1.3987261,1.3987261
15.8207768,-10.0
1.220881,1.220881
15.6086783,-10.0
1.3716372,1.3716372
0.1116755,0.1116755
0.4547454,0.4547454
1.8972861,1.8972861
1.5985378,1.5985378
5.1455487,5.1455487
1.5454596,1.5454596
1.5743478,1.5743478
2.5450358,2.5450358
16.8180651,-10.0
16.7084215,-10.0
0.0430965,0.0430965
0.8815723,0.8815723
15.5416995,-10.0
-1.4631726,-1.4631726
-0.0644465,-0.0644465
14.3576042,-10.0
-0.2422916,-0.2422916
14.1455057,-10.0
-0.0915354,-0.0915354
-1.3514971,-1.3514971
-1.0084272,-1.0084272
0.4341135,0.4341135
0.1353652,0.1353652
3.6823761,3.6823761
0.082287,0.082287
0.1111752,0.1111752
1.0818632,1.0818632
15.3548925,-10.0
15.2452489,-10.0
0.107543,0.107543
0.9460188,0.9460188
15.606146,-10.0
-1.3987261,-1.3987261
0.0644465,0.0644465
14.4220507,-10.0
-0.1778451,-0.1778451
14.2099522,-10.0
-0.0270889,-0.0270889
-1.2870506,-1.2870506
-0.9439807,-0.9439807
0.49856,0.49856
0.1998117,0.1998117
3.7468226,3.7468226
0.1467335,0.1467335
0.1756217,0.1756217
1.1463097,1.1463097
15.419339,-10.0
15.3096954,-10.0
-14.3145077,-10.0
-13.4760319,-10.0
1.1840953,1.1840953
-15.8207768,-10.0
-14.3576042,-10.0
-14.4220507,-10.0
-14.5998958,-10.0
-0.2120985,-0.2120985
-14.4491396,-10.0
-15.7091013,-10.0
-15.3660314,-10.0
-13.9234907,-10.0
-14.222239,-10.0
-10.6752281,-10.0
-14.2753172,-10.0
-14.246429,-10.0
-13.275741,-10.0
0.9972883,0.9972883
0.8876447,0.8876447
0.2853881,0.2853881
1.1238639,1.1238639
15.7839911,-10.0
-1.220881,-1.220881
0.2422916,0.2422916
0.1778451,0.1778451
14.5998958,-10.0
14.3877973,-10.0
0.1507562,0.1507562
-1.1092055,-1.1092055
-0.7661356,-0.7661356
0.6764051,0.6764051
0.3776568,0.3776568
3.9246677,3.9246677
0.3245786,0.3245786
0.3534668,0.3534668
1.3241548,1.3241548
15.5971841,-10.0
15.4875405,-10.0
-14.1024092,-10.0
-13.2639334,-10.0
1.3961938,1.3961938
-15.6086783,-10.0
-14.1455057,-10.0
-14.2099522,-10.0
0.2120985,0.2120985
-14.3877973,-10.0
-14.2370411,-10.0
-15.4970028,-10.0
-15.1539329,-10.0
-13.7113922,-10.0
-14.0101405,-10.0
-10.4631296,-10.0
-14.0632187,-10.0
-14.0343305,-10.0
-13.0636425,-10.0
1.2093868,1.2093868
1.0997432,1.0997432
0.1346319,0.1346319
0.9731077,0.9731077
15.6332349,-10.0
-1.3716372,-1.3716372
0.0915354,0.0915354
0.0270889,0.0270889
14.4491396,-10.0
-0.1507562,-0.1507562
14.2370411,-10.0
-1.2599617,-1.2599617
-0.9168918,-0.9168918
0.5256489,0.5256489
0.2269006,0.2269006
3.7739115,3.7739115
0.1738224,0.1738224
0.2027106,0.2027106
1.1733986,1.1733986
15.4464279,-10.0
15.3367843,-10.0
1.3945936,1.3945936
2.2330694,2.2330694
16.8931966,-10.0
-0.1116755,-0.1116755
1.3514971,1.3514971
1.2870506,1.2870506
15.7091013,-10.0
1.1092055,1.1092055
15.4970028,-10.0
1.2599617,1.2599617
0.3430699,0.3430699
1.7856106,1.7856106
1.4868623,1.4868623
5.0338732,5.0338732
1.4337841,1.4337841
1.4626723,1.4626723
2.4333603,2.4333603
16.7063896,-10.0
16.596746,-10.0
1.0515237,1.0515237
1.8899995,1.8899995
16.5501267,-10.0
-0.4547454,-0.4547454
1.0084272,1.0084272
0.9439807,0.9439807
15.3660314,-10.0
0.7661356,0.7661356
15.1539329,-10.0
0.9168918,0.9168918
-0.3430699,-0.3430699
1.4425407,1.4425407
1.1437924,1.1437924
4.6908033,4.6908033
1.0907142,1.0907142
1.1196024,1.1196024
2.0902904,2.0902904
16.3633197,-10.0
16.2536761,-10.0
-0.391017,-0.391017
0.4474588,0.4474588
15.107586,-10.0
-1.8972861,-1.8972861
-0.4341135,-0.4341135
-0.49856,-0.49856
13.9234907,-10.0
-0.6764051,-0.6764051
13.7113922,-10.0
-0.5256489,-0.5256489
-1.7856106,-1.7856106
-1.4425407,-1.4425407
-0.2987483,-0.2987483
3.2482626,3.2482626
-0.3518265,-0.3518265
-0.3229383,-0.3229383
0.6477497,0.6477497
14.920779,-10.0
14.8111354,-10.0
-0.0922687,-0.0922687
0.7462071,0.7462071
15.4063343,-10.0
-1.5985378,-1.5985378
-0.1353652,-0.1353652
-0.1998117,-0.1998117
14.222239,-10.0
-0.3776568,-0.3776568
14.0101405,-10.0
-0.2269006,-0.2269006
-1.4868623,-1.4868623
-1.1437924,-1.1437924
0.2987483,0.2987483
3.5470109,3.5470109
-0.0530782,-0.0530782
-0.02419,-0.02419
0.946498,0.946498
15.2195273,-10.0
15.1098837,-10.0
-3.6392796,-3.6392796
-2.8008038,-2.8008038
11.8593234,-10.0
-5.1455487,-5.1455487
-3.6823761,-3.6823761
-3.7468226,-3.7468226
10.6752281,-10.0
-3.9246677,-3.9246677
10.4631296,-10.0
-3.7739115,-3.7739115
-5.0338732,-5.0338732
-4.6908033,-4.6908033
-3.2482626,-3.2482626
-3.5470109,-3.5470109
-3.6000891,-3.6000891
-3.5712009,-3.5712009
-2.6005129,-2.6005129
11.6725164,-10.0
11.5628728,-10.0
-0.0391905,-0.0391905
0.7992853,0.7992853
15.4594125,-10.0
-1.5454596,-1.5454596
-0.082287,-0.082287
-0.1467335,-0.1467335
14.2753172,-10.0
-0.3245786,-0.3245786
14.0632187,-10.0
-0.1738224,-0.1738224
-1.4337841,-1.4337841
-1.0907142,-1.0907142
0.3518265,0.3518265
0.0530782,0.0530782
3.6000891,3.6000891
0.0288882,0.0288882
0.9995762,0.9995762
15.2726055,-10.0
15.1629619,-10.0
-0.0680787,-0.0680787
0.7703971,0.7703971
15.4305243,-10.0
-1.5743478,-1.5743478
-0.1111752,-0.1111752
-0.1756217,-0.1756217
14.246429,-10.0
-0.3534668,-0.3534668
14.0343305,-10.0
-0.2027106,-0.2027106
-1.4626723,-1.4626723
-1.1196024,-1.1196024
0.3229383,0.3229383
0.02419,0.02419
3.5712009,3.5712009
-0.0288882,-0.0288882
0.970688,0.970688
15.2437173,-10.0
15.1340737,-10.0
-1.0387667,-1.0387667
-0.2002909,-0.2002909
14.4598363,-10.0
-2.5450358,-2.5450358
-1.0818632,-1.0818632
-1.1463097,-1.1463097
13.275741,-10.0
-1.3241548,-1.3241548
13.0636425,-10.0
-1.1733986,-1.1733986
-2.4333603,-2.4333603
-2.0902904,-2.0902904
-0.6477497,-0.6477497
-0.946498,-0.946498
2.6005129,2.6005129
-0.9995762,-0.9995762
-0.970688,-0.970688
14.2730293,-10.0
14.1633857,-10.0
-15.311796,-10.0
-14.4733202,-10.0
0.186807,0.186807
-16.8180651,-10.0
-15.3548925,-10.0
-15.419339,-10.0
-0.9972883,-0.9972883
-15.5971841,-10.0
-1.2093868,-1.2093868
-15.4464279,-10.0
-16.7063896,-10.0
-16.3633197,-10.0
-14.920779,-10.0
-15.2195273,-10.0
-11.6725164,-10.0
-15.2726055,-10.0
-15.2437173,-10.0
-14.2730293,-10.0
-0.1096436,-0.1096436
-15.2021524,-10.0
-14.3636766,-10.0
0.2964506,0.2964506
-16.7084215,-10.0
-15.2452489,-10.0
-15.3096954,-10.0
-0.8876447,-0.8876447
-15.4875405,-10.0
-1.0997432,-1.0997432
-15.3367843,-10.0
-16.596746,-10.0
-16.2536761,-10.0
-14.8111354,-10.0
-15.1098837,-10.0
-11.5628728,-10.0
-15.1629619,-10.0
-15.1340737,-10.0
-14.1633857,-10.0
0.1096436,0.1096436
1.3093472,1.3093472
5.6738411,5.6738411
1.468136,1.468136
0.100757,0.100757
1.6043559,1.6043559
3.7346649,3.7346649
-0.5655018,-0.5655018
2.6455616,2.6455616
0.467532,0.467532
-2.1647684,-2.1647684
-0.2335834,-0.2335834
13.6209149,-10.0
-0.9164256,-0.9164256
7.235583,7.235583
1.8870434,1.8870434
0.6682445,0.6682445
0.4139403,0.4139403
2.6140496,2.6140496
2.3776664,2.3776664
-1.3093472,-1.3093472
4.3644939,4.3644939
0.1587888,0.1587888
-1.2085902,-1.2085902
0.2950087,0.2950087
2.4253177,2.4253177
-1.874849,-1.874849
1.3362144,1.3362144
-0.8418152,-0.8418152
-3.4741156,-3.4741156
-1.5429306,-1.5429306
12.3115677,-10.0
-2.2257728,-2.2257728
5.9262358,5.9262358
0.5776962,0.5776962
-0.6411027,-0.6411027
-0.8954069,-0.8954069
1.3047024,1.3047024
1.0683192,1.0683192
-5.6738411,-5.6738411
-4.3644939,-4.3644939
-4.2057051,-4.2057051
-5.5730841,-5.5730841
-4.0694852,-4.0694852
-1.9391762,-1.9391762
-6.2393429,-6.2393429
-3.0282795,-3.0282795
-5.2063091,-5.2063091
-7.8386095,-7.8386095
-5.9074245,-5.9074245
7.9470738,7.9470738
-6.5902667,-6.5902667
1.5617419,1.5617419
-3.7867977,-3.7867977
-5.0055966,-5.0055966
-5.2599008,-5.2599008
-3.0597915,-3.0597915
-3.2961747,-3.2961747
-1.468136,-1.468136
-0.1587888,-0.1587888
4.2057051,4.2057051
-1.367379,-1.367379
0.1362199,0.1362199
2.2665289,2.2665289
-2.0336378,-2.0336378
1.1774256,1.1774256
-1.000604,-1.000604
-3.6329044,-3.6329044
-1.7017194,-1.7017194
12.1527789,-10.0
-2.3845616,-2.3845616
5.767447,5.767447
0.4189074,0.4189074
-0.7998915,-0.7998915
-1.0541957,-1.0541957
1.1459136,1.1459136
0.9095304,0.9095304
-0.100757,-0.100757
1.2085902,1.2085902
5.5730841,5.5730841
1.367379,1.367379
1.5035989,1.5035989
3.6339079,3.6339079
-0.6662588,-0.6662588
2.5448046,2.5448046
0.366775,0.366775
-2.2655254,-2.2655254
-0.3343404,-0.3343404
13.5201579,-10.0
-1.0171826,-1.0171826
7.134826,7.134826
1.7862864,1.7862864
0.5674875,0.5674875
0.3131833,0.3131833
2.5132926,2.5132926
2.2769094,2.2769094
-1.6043559,-1.6043559
-0.2950087,-0.2950087
4.0694852,4.0694852
-0.1362199,-0.1362199
-1.5035989,-1.5035989
2.130309,2.130309
-2.1698577,-2.1698577
1.0412057,1.0412057
-1.1368239,-1.1368239
-3.7691243,-3.7691243
-1.8379393,-1.8379393
12.016559,-10.0
-2.5207815,-2.5207815
5.6312271,5.6312271
0.2826875,0.2826875
-0.9361114,-0.9361114
-1.1904156,-1.1904156
1.0096937,1.0096937
0.7733105,0.7733105
-3.7346649,-3.7346649
-2.4253177,-2.4253177
1.9391762,1.9391762
-2.2665289,-2.2665289
-3.6339079,-3.6339079
-2.130309,-2.130309
-4.3001667,-4.3001667
-1.0891033,-1.0891033
-3.2671329,-3.2671329
-5.8994333,-5.8994333
-3.9682483,-3.9682483
9.88625,9.88625
-4.6510905,-4.6510905
3.5009181,3.5009181
-1.8476215,-1.8476215
-3.0664204,-3.0664204
-3.3207246,-3.3207246
-1.1206153,-1.1206153
-1.3569985,-1.3569985
0.5655018,0.5655018
1.874849,1.874849
6.2393429,6.2393429
2.0336378,2.0336378
0.6662588,0.6662588
2.1698577,2.1698577
4.3001667,4.3001667
3.2110634,3.2110634
1.0330338,1.0330338
-1.5992666,-1.5992666
0.3319184,0.3319184
14.1864167,-10.0
-0.3509238,-0.3509238
7.8010848,7.8010848
2.4525452,2.4525452
1.2337463,1.2337463
0.9794421,0.9794421
3.1795514,3.1795514
2.9431682,2.9431682
-2.6455616,-2.6455616
-1.3362144,-1.3362144
3.0282795,3.0282795
-1.1774256,-1.1774256
-2.5448046,-2.5448046
-1.0412057,-1.0412057
1.0891033,1.0891033
-3.2110634,-3.2110634
-2.1780296,-2.1780296
-4.81033,-4.81033
-2.879145,-2.879145
10.9753533,-10.0
-3.5619872,-3.5619872
4.5900214,4.5900214
-0.7585182,-0.7585182
-1.9773171,-1.9773171
-2.2316213,-2.2316213
-0.031512,-0.031512
-0.2678952,-0.2678952
-0.467532,-0.467532
0.8418152,0.8418152
5.2063091,5.2063091
1.000604,1.000604
-0.366775,-0.366775
1.1368239,1.1368239
3.2671329,3.2671329
-1.0330338,-1.0330338
2.1780296,2.1780296
-2.6323004,-2.6323004
-0.7011154,-0.7011154
13.1533829,-10.0
-1.3839576,-1.3839576
6.768051,6.768051
1.4195114,1.4195114
0.2007125,0.2007125
-0.0535917,-0.0535917
2.1465176,2.1465176
1.9101344,1.9101344
2.1647684,2.1647684
3.4741156,3.4741156
7.8386095,7.8386095
3.6329044,3.6329044
2.2655254,2.2655254
3.7691243,3.7691243
5.8994333,5.8994333
1.5992666,1.5992666
4.81033,4.81033
2.6323004,2.6323004
1.931185,1.931185
15.7856833,-10.0
1.2483428,1.2483428
9.4003514,9.4003514
4.0518118,4.0518118
2.8330129,2.8330129
2.5787087,2.5787087
4.778818,4.778818
4.5424348,4.5424348
0.2335834,0.2335834
1.5429306,1.5429306
5.9074245,5.9074245
1.7017194,1.7017194
0.3343404,0.3343404
1.8379393,1.8379393
3.9682483,3.9682483
-0.3319184,-0.3319184
2.879145,2.879145
0.7011154,0.7011154
-1.931185,-1.931185
13.8544983,-10.0
-0.6828422,-0.6828422
7.4691664,7.4691664
2.1206268,2.1206268
0.9018279,0.9018279
0.6475237,0.6475237
2.847633,2.847633
2.6112498,2.6112498
-13.6209149,-10.0
-12.3115677,-10.0
-7.9470738,-7.9470738
-12.1527789,-10.0
-13.5201579,-10.0
-12.016559,-10.0
-9.88625,-9.88625
-14.1864167,-10.0
-10.9753533,-10.0
-13.1533829,-10.0
-15.7856833,-10.0
-13.8544983,-10.0
-14.5373405,-10.0
-6.3853319,-6.3853319
-11.7338715,-10.0
-12.9526704,-10.0
-13.2069746,-10.0
-11.0068653,-10.0
-11.2432485,-10.0
0.9164256,0.9164256
2.2257728,2.2257728
6.5902667,6.5902667
2.3845616,2.3845616
1.0171826,1.0171826
2.5207815,2.5207815
4.6510905,4.6510905
0.3509238,0.3509238
3.5619872,3.5619872
1.3839576,1.3839576
-1.2483428,-1.2483428
0.6828422,0.6828422
14.5373405,-10.0
8.1520086,8.1520086
2.803469,2.803469
1.5846701,1.5846701
1.3303659,1.3303659
3.5304752,3.5304752
3.294092,3.294092
-7.235583,-7.235583
-5.9262358,-5.9262358
-1.5617419,-1.5617419
-5.767447,-5.767447
-7.134826,-7.134826
-5.6312271,-5.6312271
-3.5009181,-3.5009181
-7.8010848,-7.8010848
-4.5900214,-4.5900214
-6.768051,-6.768051
-9.4003514,-9.4003514
-7.4691664,-7.4691664
6.3853319,6.3853319
-8.1520086,-8.1520086
-5.3485396,-5.3485396
-6.5673385,-6.5673385
-6.8216427,-6.8216427
-4.6215334,-4.6215334
-4.8579166,-4.8579166
-1.8870434,-1.8870434
-0.5776962,-0.5776962
3.7867977,3.7867977
-0.4189074,-0.4189074
-1.7862864,-1.7862864
-0.2826875,-0.2826875
1.8476215,1.8476215
-2.4525452,-2.4525452
0.7585182,0.7585182
-1.4195114,-1.4195114
-4.0518118,-4.0518118
-2.1206268,-2.1206268
11.7338715,-10.0
-2.803469,-2.803469
5.3485396,5.3485396
-1.2187989,-1.2187989
-1.4731031,-1.4731031
0.7270062,0.7270062
0.490623,0.490623
-0.6682445,-0.6682445
0.6411027,0.6411027
5.0055966,5.0055966
0.7998915,0.7998915
-0.5674875,-0.5674875
0.9361114,0.9361114
3.0664204,3.0664204
-1.2337463,-1.2337463
1.9773171,1.9773171
-0.2007125,-0.2007125
-2.8330129,-2.8330129
-0.9018279,-0.9018279
12.9526704,-10.0
-1.5846701,-1.5846701
6.5673385,6.5673385
1.2187989,1.2187989
-0.2543042,-0.2543042
1.9458051,1.9458051
1.7094219,1.7094219
-0.4139403,-0.4139403
0.8954069,0.8954069
5.2599008,5.2599008
1.0541957,1.0541957
-0.3131833,-0.3131833
1.1904156,1.1904156
3.3207246,3.3207246
-0.9794421,-0.9794421
2.2316213,2.2316213
0.0535917,0.0535917
-2.5787087,-2.5787087
-0.6475237,-0.6475237
13.2069746,-10.0
-1.3303659,-1.3303659
6.8216427,6.8216427
1.4731031,1.4731031
0.2543042,0.2543042
2.2001093,2.2001093
1.9637261,1.9637261
-2.6140496,-2.6140496
-1.3047024,-1.3047024
3.0597915,3.0597915
-1.1459136,-1.1459136
-2.5132926,-2.5132926
-1.0096937,-1.0096937
1.1206153,1.1206153
-3.1795514,-3.1795514
0.031512,0.031512
-2.1465176,-2.1465176
-4.778818,-4.778818
-2.847633,-2.847633
11.0068653,-10.0
-3.5304752,-3.5304752
4.6215334,4.6215334
-0.7270062,-0.7270062
-1.9458051,-1.9458051
-2.2001093,-2.2001093
-0.2363832,-0.2363832
-2.3776664,-2.3776664
-1.0683192,-1.0683192
3.2961747,3.2961747
-0.9095304,-0.9095304
-2.2769094,-2.2769094
-0.7733105,-0.7733105
1.3569985,1.3569985
-2.9431682,-2.9431682
0.2678952,0.2678952
-1.9101344,-1.9101344
-4.5424348,-4.5424348
-2.6112498,-2.6112498
11.2432485,-10.0
-3.294092,-3.294092
4.8579166,4.8579166
-0.490623,-0.490623
-1.7094219,-1.7094219
-1.9637261,-1.9637261
0.2363832,0.2363832
2.374257,2.374257
0.9911376,0.9911376
0.8519999,0.8519999
-0.8119582,-0.8119582
0.1293733,0.1293733
2.7185666,2.7185666
-0.2612037,-0.2612037
3.0882433,3.0882433
0.3045349,0.3045349
-1.5866344,-1.5866344
-0.3187003,-0.3187003
1.735207,1.735207
-1.3247098,-1.3247098
5.5348484,5.5348484
-0.692262,-0.692262
-0.8960923,-0.8960923
0.4684566,0.4684566
-0.0016889,-0.0016889
-0.0894894,-0.0894894
-2.374257,-2.374257
-1.3831194,-1.3831194
-1.5222571,-1.5222571
-3.1862152,-3.1862152
-2.2448837,-2.2448837
0.3443096,0.3443096
-2.6354607,-2.6354607
0.7139863,0.7139863
-2.0697221,-2.0697221
-3.9608914,-3.9608914
-2.6929573,-2.6929573
-0.63905,-0.63905
-3.6989668,-3.6989668
3.1605914,3.1605914
-3.066519,-3.066519
-3.2703493,-3.2703493
-1.9058004,-1.9058004
-2.3759459,-2.3759459
-2.4637464,-2.4637464
-0.9911376,-0.9911376
1.3831194,1.3831194
-0.1391377,-0.1391377
-1.8030958,-1.8030958
-0.8617643,-0.8617643
1.727429,1.727429
-1.2523413,-1.2523413
2.0971057,2.0971057
-0.6866027,-0.6866027
-2.577772,-2.577772
-1.3098379,-1.3098379
0.7440694,0.7440694
-2.3158474,-2.3158474
4.5437108,4.5437108
-1.6833996,-1.6833996
-1.8872299,-1.8872299
-0.522681,-0.522681
-0.9928265,-0.9928265
-1.080627,-1.080627
-0.8519999,-0.8519999
1.5222571,1.5222571
0.1391377,0.1391377
-1.6639581,-1.6639581
-0.7226266,-0.7226266
1.8665667,1.8665667
-1.1132036,-1.1132036
2.2362434,2.2362434
-0.547465,-0.547465
-2.4386343,-2.4386343
-1.1707002,-1.1707002
0.8832071,0.8832071
-2.1767097,-2.1767097
4.6828485,4.6828485
-1.5442619,-1.5442619
-1.7480922,-1.7480922
-0.3835433,-0.3835433
-0.8536888,-0.8536888
-0.9414893,-0.9414893
0.8119582,0.8119582
3.1862152,3.1862152
1.8030958,1.8030958
1.6639581,1.6639581
0.9413315,0.9413315
3.5305248,3.5305248
0.5507545,0.5507545
3.9002015,3.9002015
1.1164931,1.1164931
-0.7746762,-0.7746762
0.4932579,0.4932579
2.5471652,2.5471652
-0.5127516,-0.5127516
6.3468066,6.3468066
0.1196962,0.1196962
-0.0841341,-0.0841341
1.2804148,1.2804148
0.8102693,0.8102693
0.7224688,0.7224688
-0.1293733,-0.1293733
2.2448837,2.2448837
0.8617643,0.8617643
0.7226266,0.7226266
-0.9413315,-0.9413315
2.5891933,2.5891933
-0.390577,-0.390577
2.95887,2.95887
0.1751616,0.1751616
-1.7160077,-1.7160077
-0.4480736,-0.4480736
1.6058337,1.6058337
-1.4540831,-1.4540831
5.4054751,5.4054751
-0.8216353,-0.8216353
-1.0254656,-1.0254656
0.3390833,0.3390833
-0.1310622,-0.1310622
-0.2188627,-0.2188627
-2.7185666,-2.7185666
-0.3443096,-0.3443096
-1.727429,-1.727429
-1.8665667,-1.8665667
-3.5305248,-3.5305248
-2.5891933,-2.5891933
-2.9797703,-2.9797703
0.3696767,0.3696767
-2.4140317,-2.4140317
-4.305201,-4.305201
-3.0372669,-3.0372669
-0.9833596,-0.9833596
-4.0432764,-4.0432764
2.8162818,2.8162818
-3.4108286,-3.4108286
-3.6146589,-3.6146589
-2.25011,-2.25011
-2.7202555,-2.7202555
-2.808056,-2.808056
0.2612037,0.2612037
2.6354607,2.6354607
1.2523413,1.2523413
1.1132036,1.1132036
-0.5507545,-0.5507545
0.390577,0.390577
2.9797703,2.9797703
3.349447,3.349447
0.5657386,0.5657386
-1.3254307,-1.3254307
-0.0574966,-0.0574966
1.9964107,1.9964107
-1.0635061,-1.0635061
5.7960521,5.7960521
-0.4310583,-0.4310583
-0.6348886,-0.6348886
0.7296603,0.7296603
0.2595148,0.2595148
0.1717143,0.1717143
-3.0882433,-3.0882433
-0.7139863,-0.7139863
-2.0971057,-2.0971057
-2.2362434,-2.2362434
-3.9002015,-3.9002015
-2.95887,-2.95887
-0.3696767,-0.3696767
-3.349447,-3.349447
-2.7837084,-2.7837084
-4.6748777,-4.6748777
-3.4069436,-3.4069436
-1.3530363,-1.3530363
-4.4129531,-4.4129531
2.4466051,2.4466051
-3.7805053,-3.7805053
-3.9843356,-3.9843356
-2.6197867,-2.6197867
-3.0899322,-3.0899322
-3.1777327,-3.1777327
-0.3045349,-0.3045349
2.0697221,2.0697221
0.6866027,0.6866027
0.547465,0.547465
-1.1164931,-1.1164931
-0.1751616,-0.1751616
2.4140317,2.4140317
-0.5657386,-0.5657386
2.7837084,2.7837084
-1.8911693,-1.8911693
-0.6232352,-0.6232352
1.4306721,1.4306721
-1.6292447,-1.6292447
5.2303135,5.2303135
-0.9967969,-0.9967969
-1.2006272,-1.2006272
0.1639217,0.1639217
-0.3062238,-0.3062238
-0.3940243,-0.3940243
1.5866344,1.5866344
3.9608914,3.9608914
2.577772,2.577772
2.4386343,2.4386343
0.7746762,0.7746762
1.7160077,1.7160077
4.305201,4.305201
1.3254307,1.3254307
4.6748777,4.6748777
1.8911693,1.8911693
1.2679341,1.2679341
3.3218414,3.3218414
0.2619246,0.2619246
7.1214828,7.1214828
0.8943724,0.8943724
0.6905421,0.6905421
2.055091,2.055091
1.5849455,1.5849455
1.497145,1.497145
0.3187003,0.3187003
2.6929573,2.6929573
1.3098379,1.3098379
1.1707002,1.1707002
-0.4932579,-0.4932579
0.4480736,0.4480736
3.0372669,3.0372669
0.0574966,0.0574966
3.4069436,3.4069436
0.6232352,0.6232352
-1.2679341,-1.2679341
2.0539073,2.0539073
-1.0060095,-1.0060095
5.8535487,5.8535487
-0.3735617,-0.3735617
-0.577392,-0.577392
0.7871569,0.7871569
0.3170114,0.3170114
0.2292109,0.2292109
-1.735207,-1.735207
0.63905,0.63905
-0.7440694,-0.7440694
-0.8832071,-0.8832071
-2.5471652,-2.5471652
-1.6058337,-1.6058337
0.9833596,0.9833596
-1.9964107,-1.9964107
1.3530363,1.3530363
-1.4306721,-1.4306721
-3.3218414,-3.3218414
-2.0539073,-2.0539073
-3.0599168,-3.0599168
3.7996414,3.7996414
-2.427469,-2.427469
-2.6312993,-2.6312993
-1.2667504,-1.2667504
-1.7368959,-1.7368959
-1.8246964,-1.8246964
1.3247098,1.3247098
3.6989668,3.6989668
2.3158474,2.3158474
2.1767097,2.1767097
0.5127516,0.5127516
1.4540831,1.4540831
4.0432764,4.0432764
1.0635061,1.0635061
4.4129531,4.4129531
1.6292447,1.6292447
-0.2619246,-0.2619246
1.0060095,1.0060095
3.0599168,3.0599168
6.8595582,6.8595582
0.6324478,0.6324478
0.4286175,0.4286175
1.7931664,1.7931664
1.3230209,1.3230209
1.2352204,1.2352204
-5.5348484,-5.5348484
-3.1605914,-3.1605914
-4.5437108,-4.5437108
-4.6828485,-4.6828485
-6.3468066,-6.3468066
-5.4054751,-5.4054751
-2.8162818,-2.8162818
-5.7960521,-5.7960521
-2.4466051,-2.4466051
-5.2303135,-5.2303135
-7.1214828,-7.1214828
-5.8535487,-5.8535487
-3.7996414,-3.7996414
-6.8595582,-6.8595582
-6.2271104,-6.2271104
-6.4309407,-6.4309407
-5.0663918,-5.0663918
-5.5365373,-5.5365373
-5.6243378,-5.6243378
0.692262,0.692262
3.066519,3.066519
1.6833996,1.6833996
1.5442619,1.5442619
-0.1196962,-0.1196962
0.8216353,0.8216353
3.4108286,3.4108286
0.4310583,0.4310583
3.7805053,3.7805053
0.9967969,0.9967969
-0.8943724,-0.8943724
0.3735617,0.3735617
2.427469,2.427469
-0.6324478,-0.6324478
6.2271104,6.2271104
-0.2038303,-0.2038303
1.1607186,1.1607186
0.6905731,0.6905731
0.6027726,0.6027726
0.8960923,0.8960923
3.2703493,3.2703493
1.8872299,1.8872299
1.7480922,1.7480922
0.0841341,0.0841341
1.0254656,1.0254656
3.6146589,3.6146589
0.6348886,0.6348886
3.9843356,3.9843356
1.2006272,1.2006272
-0.6905421,-0.6905421
0.577392,0.577392
2.6312993,2.6312993
-0.4286175,-0.4286175
6.4309407,6.4309407
0.2038303,0.2038303
1.3645489,1.3645489
0.8944034,0.8944034
0.8066029,0.8066029
-0.4684566,-0.4684566
1.9058004,1.9058004
0.522681,0.522681
0.3835433,0.3835433
-1.2804148,-1.2804148
-0.3390833,-0.3390833
2.25011,2.25011
-0.7296603,-0.7296603
2.6197867,2.6197867
-0.1639217,-0.1639217
-2.055091,-2.055091
-0.7871569,-0.7871569
1.2667504,1.2667504
-1.7931664,-1.7931664
5.0663918,5.0663918
-1.1607186,-1.1607186
-1.3645489,-1.3645489
-0.4701455,-0.4701455
-0.557946,-0.557946
0.0016889,0.0016889
2.3759459,2.3759459
0.9928265,0.9928265
0.8536888,0.8536888
-0.8102693,-0.8102693
0.1310622,0.1310622
2.7202555,2.7202555
-0.2595148,-0.2595148
3.0899322,3.0899322
0.3062238,0.3062238
-1.5849455,-1.5849455
-0.3170114,-0.3170114
1.7368959,1.7368959
-1.3230209,-1.3230209
5.5365373,5.5365373
-0.6905731,-0.6905731
-0.8944034,-0.8944034
0.4701455,0.4701455
-0.0878005,-0.0878005
0.0894894,0.0894894
2.4637464,2.4637464
1.080627,1.080627
0.9414893,0.9414893
-0.7224688,-0.7224688
0.2188627,0.2188627
2.808056,2.808056
-0.1717143,-0.1717143
3.1777327,3.1777327
0.3940243,0.3940243
-1.497145,-1.497145
-0.2292109,-0.2292109
1.8246964,1.8246964
-1.2352204,-1.2352204
5.6243378,5.6243378
-0.6027726,-0.6027726
-0.8066029,-0.8066029
0.557946,0.557946
0.0878005,0.0878005
1.4154383,1.4154383
1.7980989,1.7980989
-1.9266427,-1.9266427
4.9159794,4.9159794
-0.908435,-0.908435
2.9601399,2.9601399
1.2621196,1.2621196
0.8191043,0.8191043
1.4696368,1.4696368
-0.6197311,-0.6197311
-0.5056857,-0.5056857
1.101432,1.101432
-1.0119067,-1.0119067
2.0825628,2.0825628
-0.201203,-0.201203
0.3683289,0.3683289
1.2658755,1.2658755
3.0505764,3.0505764
1.1511105,1.1511105
-1.4154383,-1.4154383
0.3826606,0.3826606
-3.342081,-3.342081
3.5005411,3.5005411
-2.3238733,-2.3238733
1.5447016,1.5447016
-0.1533187,-0.1533187
-0.596334,-0.596334
0.0541985,0.0541985
-2.0351694,-2.0351694
-1.921124,-1.921124
-0.3140063,-0.3140063
-2.427345,-2.427345
0.6671245,0.6671245
-1.6166413,-1.6166413
-1.0471094,-1.0471094
-0.1495628,-0.1495628
1.6351381,1.6351381
-0.2643278,-0.2643278
-1.7980989,-1.7980989
-0.3826606,-0.3826606
-3.7247416,-3.7247416
3.1178805,3.1178805
-2.7065339,-2.7065339
1.162041,1.162041
-0.5359793,-0.5359793
-0.9789946,-0.9789946
-0.3284621,-0.3284621
-2.41783,-2.41783
-2.3037846,-2.3037846
-0.6966669,-0.6966669
-2.8100056,-2.8100056
0.2844639,0.2844639
-1.9993019,-1.9993019
-1.42977,-1.42977
-0.5322234,-0.5322234
1.2524775,1.2524775
-0.6469884,-0.6469884
1.9266427,1.9266427
3.342081,3.342081
3.7247416,3.7247416
6.8426221,6.8426221
1.0182077,1.0182077
4.8867826,4.8867826
3.1887623,3.1887623
2.745747,2.745747
3.3962795,3.3962795
1.3069116,1.3069116
1.420957,1.420957
3.0280747,3.0280747
0.914736,0.914736
4.0092055,4.0092055
1.7254397,1.7254397
2.2949716,2.2949716
3.1925182,3.1925182
4.9772191,4.9772191
3.0777532,3.0777532
-4.9159794,-4.9159794
-3.5005411,-3.5005411
-3.1178805,-3.1178805
-6.8426221,-6.8426221
-5.8244144,-5.8244144
-1.9558395,-1.9558395
-3.6538598,-3.6538598
-4.0968751,-4.0968751
-3.4463426,-3.4463426
-5.5357105,-5.5357105
-5.4216651,-5.4216651
-3.8145474,-3.8145474
-5.9278861,-5.9278861
-2.8334166,-2.8334166
-5.1171824,-5.1171824
-4.5476505,-4.5476505
-3.6501039,-3.6501039
-1.865403,-1.865403
-3.7648689,-3.7648689
0.908435,0.908435
2.3238733,2.3238733
2.7065339,2.7065339
-1.0182077,-1.0182077
5.8244144,5.8244144
3.8685749,3.8685749
2.1705546,2.1705546
1.7275393,1.7275393
2.3780718,2.3780718
0.2887039,0.2887039
0.4027493,0.4027493
2.009867,2.009867
-0.1034717,-0.1034717
2.9909978,2.9909978
0.707232,0.707232
1.2767639,1.2767639
2.1743105,2.1743105
3.9590114,3.9590114
2.0595455,2.0595455
-2.9601399,-2.9601399
-1.5447016,-1.5447016
-1.162041,-1.162041
-4.8867826,-4.8867826
1.9558395,1.9558395
-3.8685749,-3.8685749
-1.6980203,-1.6980203
-2.1410356,-2.1410356
-1.4905031,-1.4905031
-3.579871,-3.579871
-3.4658256,-3.4658256
-1.8587079,-1.8587079
-3.9720466,-3.9720466
-0.8775771,-0.8775771
-3.1613429,-3.1613429
-2.591811,-2.591811
-1.6942644,-1.6942644
0.0904365,0.0904365
-1.8090294,-1.8090294
-1.2621196,-1.2621196
0.1533187,0.1533187
0.5359793,0.5359793
-3.1887623,-3.1887623
3.6538598,3.6538598
-2.1705546,-2.1705546
1.6980203,1.6980203
-0.4430153,-0.4430153
0.2075172,0.2075172
-1.8818507,-1.8818507
-1.7678053,-1.7678053
-0.1606876,-0.1606876
-2.2740263,-2.2740263
0.8204432,0.8204432
-1.4633226,-1.4633226
-0.8937907,-0.8937907
0.0037559,0.0037559
1.7884568,1.7884568
-0.1110091,-0.1110091
-0.8191043,-0.8191043
0.596334,0.596334
0.9789946,0.9789946
-2.745747,-2.745747
4.0968751,4.0968751
-1.7275393,-1.7275393
2.1410356,2.1410356
0.4430153,0.4430153
0.6505325,0.6505325
-1.4388354,-1.4388354
-1.32479,-1.32479
0.2823277,0.2823277
-1.831011,-1.831011
1.2634585,1.2634585
-1.0203073,-1.0203073
-0.4507754,-0.4507754
0.4467712,0.4467712
2.2314721,2.2314721
0.3320062,0.3320062
-1.4696368,-1.4696368
-0.0541985,-0.0541985
0.3284621,0.3284621
-3.3962795,-3.3962795
3.4463426,3.4463426
-2.3780718,-2.3780718
1.4905031,1.4905031
-0.2075172,-0.2075172
-0.6505325,-0.6505325
-2.0893679,-2.0893679
-1.9753225,-1.9753225
-0.3682048,-0.3682048
-2.4815435,-2.4815435
0.612926,0.612926
-1.6708398,-1.6708398
-1.1013079,-1.1013079
-0.2037613,-0.2037613
1.5809396,1.5809396
-0.3185263,-0.3185263
0.6197311,0.6197311
2.0351694,2.0351694
2.41783,2.41783
-1.3069116,-1.3069116
5.5357105,5.5357105
-0.2887039,-0.2887039
3.579871,3.579871
1.8818507,1.8818507
1.4388354,1.4388354
2.0893679,2.0893679
0.1140454,0.1140454
1.7211631,1.7211631
-0.3921756,-0.3921756
2.7022939,2.7022939
0.4185281,0.4185281
0.98806,0.98806
1.8856066,1.8856066
3.6703075,3.6703075
1.7708416,1.7708416
0.5056857,0.5056857
1.921124,1.921124
2.3037846,2.3037846
-1.420957,-1.420957
5.4216651,5.4216651
-0.4027493,-0.4027493
3.4658256,3.4658256
1.7678053,1.7678053
1.32479,1.32479
1.9753225,1.9753225
-0.1140454,-0.1140454
1.6071177,1.6071177
-0.506221,-0.506221
2.5882485,2.5882485
0.3044827,0.3044827
0.8740146,0.8740146
1.7715612,1.7715612
3.5562621,3.5562621
1.6567962,1.6567962
-1.101432,-1.101432
0.3140063,0.3140063
0.6966669,0.6966669
-3.0280747,-3.0280747
3.8145474,3.8145474
-2.009867,-2.009867
1.8587079,1.8587079
0.1606876,0.1606876
-0.2823277,-0.2823277
0.3682048,0.3682048
-1.7211631,-1.7211631
-1.6071177,-1.6071177
-2.1133387,-2.1133387
0.9811308,0.9811308
-1.302635,-1.302635
-0.7331031,-0.7331031
0.1644435,0.1644435
1.9491444,1.9491444
0.0496785,0.0496785
1.0119067,1.0119067
2.427345,2.427345
2.8100056,2.8100056
-0.914736,-0.914736
5.9278861,5.9278861
0.1034717,0.1034717
3.9720466,3.9720466
2.2740263,2.2740263
1.831011,1.831011
2.4815435,2.4815435
0.3921756,0.3921756
0.506221,0.506221
2.1133387,2.1133387
3.0944695,3.0944695
0.8107037,0.8107037
1.3802356,1.3802356
2.2777822,2.2777822
4.0624831,4.0624831
2.1630172,2.1630172
-2.0825628,-2.0825628
-0.6671245,-0.6671245
-0.2844639,-0.2844639
-4.0092055,-4.0092055
2.8334166,2.8334166
-2.9909978,-2.9909978
0.8775771,0.8775771
-0.8204432,-0.8204432
-1.2634585,-1.2634585
-0.612926,-0.612926
-2.7022939,-2.7022939
-2.5882485,-2.5882485
-0.9811308,-0.9811308
-3.0944695,-3.0944695
-2.2837658,-2.2837658
-1.7142339,-1.7142339
-0.8166873,-0.8166873
0.9680136,0.9680136
-0.9314523,-0.9314523
0.201203,0.201203
1.6166413,1.6166413
1.9993019,1.9993019
-1.7254397,-1.7254397
5.1171824,5.1171824
-0.707232,-0.707232
3.1613429,3.1613429
1.4633226,1.4633226
1.0203073,1.0203073
1.6708398,1.6708398
-0.4185281,-0.4185281
-0.3044827,-0.3044827
1.302635,1.302635
-0.8107037,-0.8107037
2.2837658,2.2837658
0.5695319,0.5695319
1.4670785,1.4670785
3.2517794,3.2517794
1.3523135,1.3523135
-0.3683289,-0.3683289
1.0471094,1.0471094
1.42977,1.42977
-2.2949716,-2.2949716
4.5476505,4.5476505
-1.2767639,-1.2767639
2.591811,2.591811
0.8937907,0.8937907
0.4507754,0.4507754
1.1013079,1.1013079
-0.98806,-0.98806
-0.8740146,-0.8740146
0.7331031,0.7331031
-1.3802356,-1.3802356
1.7142339,1.7142339
-0.5695319,-0.5695319
0.8975466,0.8975466
2.6822475,2.6822475
0.7827816,0.7827816
-1.2658755,-1.2658755
0.1495628,0.1495628
0.5322234,0.5322234
-3.1925182,-3.1925182
3.6501039,3.6501039
-2.1743105,-2.1743105
1.6942644,1.6942644
-0.0037559,-0.0037559
-0.4467712,-0.4467712
0.2037613,0.2037613
-1.8856066,-1.8856066
-1.7715612,-1.7715612
-0.1644435,-0.1644435
-2.2777822,-2.2777822
0.8166873,0.8166873
-1.4670785,-1.4670785
-0.8975466,-0.8975466
1.7847009,1.7847009
-0.114765,-0.114765
-3.0505764,-3.0505764
-1.6351381,-1.6351381
-1.2524775,-1.2524775
-4.9772191,-4.9772191
1.865403,1.865403
-3.9590114,-3.9590114
-0.0904365,-0.0904365
-1.7884568,-1.7884568
-2.2314721,-2.2314721
-1.5809396,-1.5809396
-3.6703075,-3.6703075
-3.5562621,-3.5562621
-1.9491444,-1.9491444
-4.0624831,-4.0624831
-0.9680136,-0.9680136
-3.2517794,-3.2517794
-2.6822475,-2.6822475
-1.7847009,-1.7847009
-1.8994659,-1.8994659
-1.1511105,-1.1511105
0.2643278,0.2643278
0.6469884,0.6469884
-3.0777532,-3.0777532
3.7648689,3.7648689
-2.0595455,-2.0595455
1.8090294,1.8090294
0.1110091,0.1110091
-0.3320062,-0.3320062
0.3185263,0.3185263
-1.7708416,-1.7708416
-1.6567962,-1.6567962
-0.0496785,-0.0496785
-2.1630172,-2.1630172
0.9314523,0.9314523
-1.3523135,-1.3523135
-0.7827816,-0.7827816
0.114765,0.114765
1.8994659,1.8994659
5.4986426,5.4986426
2.3316677,2.3316677
1.5028312,1.5028312
1.1328258,1.1328258
2.0827619,2.0827619
2.7569516,2.7569516
-1.1875725,-1.1875725
1.1764358,1.1764358
0.0823339,0.0823339
-1.1669203,-1.1669203
0.895752,0.895752
2.5472664,2.5472664
0.9717789,0.9717789
1.6198756,1.6198756
0.4040539,0.4040539
0.423364,0.423364
-0.5255003,-0.5255003
6.9491095,6.9491095
1.9192818,1.9192818
-5.4986426,-5.4986426
-3.1669749,-3.1669749
-3.9958114,-3.9958114
-4.3658168,-4.3658168
-3.4158807,-3.4158807
-2.741691,-2.741691
-6.6862151,-6.6862151
-4.3222068,-4.3222068
-5.4163087,-5.4163087
-6.6655629,-6.6655629
-4.6028906,-4.6028906
-2.9513762,-2.9513762
-4.5268637,-4.5268637
-3.878767,-3.878767
-5.0945887,-5.0945887
-5.0752786,-5.0752786
-6.0241429,-6.0241429
1.4504669,1.4504669
-3.5793608,-3.5793608
-2.3316677,-2.3316677
3.1669749,3.1669749
-0.8288365,-0.8288365
-1.1988419,-1.1988419
-0.2489058,-0.2489058
0.4252839,0.4252839
-3.5192402,-3.5192402
-1.1552319,-1.1552319
-2.2493338,-2.2493338
-3.498588,-3.498588
-1.4359157,-1.4359157
0.2155987,0.2155987
-1.3598888,-1.3598888
-0.7117921,-0.7117921
-1.9276138,-1.9276138
-1.9083037,-1.9083037
-2.857168,-2.857168
4.6174418,4.6174418
-0.4123859,-0.4123859
-1.5028312,-1.5028312
3.9958114,3.9958114
0.8288365,0.8288365
-0.3700054,-0.3700054
0.5799307,0.5799307
1.2541204,1.2541204
-2.6904037,-2.6904037
-0.3263954,-0.3263954
-1.4204973,-1.4204973
-2.6697515,-2.6697515
-0.6070792,-0.6070792
1.0444352,1.0444352
-0.5310523,-0.5310523
0.1170444,0.1170444
-1.0987773,-1.0987773
-1.0794672,-1.0794672
-2.0283315,-2.0283315
5.4462783,5.4462783
0.4164506,0.4164506
-1.1328258,-1.1328258
4.3658168,4.3658168
1.1988419,1.1988419
0.3700054,0.3700054
0.9499361,0.9499361
1.6241258,1.6241258
-2.3203983,-2.3203983
0.04361,0.04361
-1.0504919,-1.0504919
-2.2997461,-2.2997461
-0.2370738,-0.2370738
1.4144406,1.4144406
-0.1610469,-0.1610469
0.4870498,0.4870498
-0.7287719,-0.7287719
-0.7094618,-0.7094618
-1.6583261,-1.6583261
5.8162837,5.8162837
0.786456,0.786456
-2.0827619,-2.0827619
3.4158807,3.4158807
0.2489058,0.2489058
-0.5799307,-0.5799307
-0.9499361,-0.9499361
0.6741897,0.6741897
-3.2703344,-3.2703344
-0.9063261,-0.9063261
-2.000428,-2.000428
-3.2496822,-3.2496822
-1.1870099,-1.1870099
0.4645045,0.4645045
-1.110983,-1.110983
-0.4628863,-0.4628863
-1.678708,-1.678708
-1.6593979,-1.6593979
-2.6082622,-2.6082622
4.8663476,4.8663476
-0.1634801,-0.1634801
-2.7569516,-2.7569516
2.741691,2.741691
-0.4252839,-0.4252839
-1.2541204,-1.2541204
-1.6241258,-1.6241258
-0.6741897,-0.6741897
-3.9445241,-3.9445241
-1.5805158,-1.5805158
-2.6746177,-2.6746177
-3.9238719,-3.9238719
-1.8611996,-1.8611996
-0.2096852,-0.2096852
-1.7851727,-1.7851727
-1.137076,-1.137076
-2.3528977,-2.3528977
-2.3335876,-2.3335876
-3.2824519,-3.2824519
4.1921579,4.1921579
-0.8376698,-0.8376698
1.1875725,1.1875725
6.6862151,6.6862151
3.5192402,3.5192402
2.6904037,2.6904037
2.3203983,2.3203983
3.2703344,3.2703344
3.9445241,3.9445241
2.3640083,2.3640083
1.2699064,1.2699064
0.0206522,0.0206522
2.0833245,2.0833245
3.7348389,3.7348389
2.1593514,2.1593514
2.8074481,2.8074481
1.5916264,1.5916264
1.6109365,1.6109365
0.6620722,0.6620722
8.136682,8.136682
3.1068543,3.1068543
-1.1764358,-1.1764358
4.3222068,4.3222068
1.1552319,1.1552319
0.3263954,0.3263954
-0.04361,-0.04361
0.9063261,0.9063261
1.5805158,1.5805158
-2.3640083,-2.3640083
-1.0941019,-1.0941019
-2.3433561,-2.3433561
-0.2806838,-0.2806838
1.3708306,1.3708306
-0.2046569,-0.2046569
0.4434398,0.4434398
-0.7723819,-0.7723819
-0.7530718,-0.7530718
-1.7019361,-1.7019361
5.7726737,5.7726737
0.742846,0.742846
-0.0823339,-0.0823339
5.4163087,5.4163087
2.2493338,2.2493338
1.4204973,1.4204973
1.0504919,1.0504919
2.000428,2.000428
2.6746177,2.6746177
-1.2699064,-1.2699064
1.0941019,1.0941019
-1.2492542,-1.2492542
0.8134181,0.8134181
2.4649325,2.4649325
0.889445,0.889445
1.5375417,1.5375417
0.32172,0.32172
0.3410301,0.3410301
-0.6078342,-0.6078342
6.8667756,6.8667756
1.8369479,1.8369479
1.1669203,1.1669203
6.6655629,6.6655629
3.498588,3.498588
2.6697515,2.6697515
2.2997461,2.2997461
3.2496822,3.2496822
3.9238719,3.9238719
-0.0206522,-0.0206522
2.3433561,2.3433561
1.2492542,1.2492542
2.0626723,2.0626723
3.7141867,3.7141867
2.1386992,2.1386992
2.7867959,2.7867959
1.5709742,1.5709742
1.5902843,1.5902843
0.64142,0.64142
8.1160298,8.1160298
3.0862021,3.0862021
-0.895752,-0.895752
4.6028906,4.6028906
1.4359157,1.4359157
0.6070792,0.6070792
0.2370738,0.2370738
1.1870099,1.1870099
1.8611996,1.8611996
-2.0833245,-2.0833245
0.2806838,0.2806838
-0.8134181,-0.8134181
-2.0626723,-2.0626723
1.6515144,1.6515144
0.0760269,0.0760269
0.7241236,0.7241236
-0.4916981,-0.4916981
-0.472388,-0.472388
-1.4212523,-1.4212523
6.0533575,6.0533575
1.0235298,1.0235298
-2.5472664,-2.5472664
2.9513762,2.9513762
-0.2155987,-0.2155987
-1.0444352,-1.0444352
-1.4144406,-1.4144406
-0.4645045,-0.4645045
0.2096852,0.2096852
-3.7348389,-3.7348389
-1.3708306,-1.3708306
-2.4649325,-2.4649325
-3.7141867,-3.7141867
-1.6515144,-1.6515144
-1.5754875,-1.5754875
-0.9273908,-0.9273908
-2.1432125,-2.1432125
-2.1239024,-2.1239024
-3.0727667,-3.0727667
4.4018431,4.4018431
-0.6279846,-0.6279846
-0.9717789,-0.9717789
4.5268637,4.5268637
1.3598888,1.3598888
0.5310523,0.5310523
0.1610469,0.1610469
1.110983,1.110983
1.7851727,1.7851727
-2.1593514,-2.1593514
0.2046569,0.2046569
-0.889445,-0.889445
-2.1386992,-2.1386992
-0.0760269,-0.0760269
1.5754875,1.5754875
0.6480967,0.6480967
-0.567725,-0.567725
-0.5484149,-0.5484149
-1.4972792,-1.4972792
5.9773306,5.9773306
0.9475029,0.9475029
-1.6198756,-1.6198756
3.878767,3.878767
0.7117921,0.7117921
-0.1170444,-0.1170444
-0.4870498,-0.4870498
0.4628863,0.4628863
1.137076,1.137076
-2.8074481,-2.8074481
-0.4434398,-0.4434398
-1.5375417,-1.5375417
-2.7867959,-2.7867959
-0.7241236,-0.7241236
0.9273908,0.9273908
-0.6480967,-0.6480967
-1.2158217,-1.2158217
-1.1965116,-1.1965116
-2.1453759,-2.1453759
5.3292339,5.3292339
0.2994062,0.2994062
-0.4040539,-0.4040539
5.0945887,5.0945887
1.9276138,1.9276138
1.0987773,1.0987773
0.7287719,0.7287719
1.678708,1.678708
2.3528977,2.3528977
-1.5916264,-1.5916264
0.7723819,0.7723819
-0.32172,-0.32172
-1.5709742,-1.5709742
0.4916981,0.4916981
2.1432125,2.1432125
0.567725,0.567725
1.2158217,1.2158217
0.0193101,0.0193101
-0.9295542,-0.9295542
6.5450556,6.5450556
1.5152279,1.5152279
-0.423364,-0.423364
5.0752786,5.0752786
1.9083037,1.9083037
1.0794672,1.0794672
0.7094618,0.7094618
1.6593979,1.6593979
2.3335876,2.3335876
-1.6109365,-1.6109365
0.7530718,0.7530718
-0.3410301,-0.3410301
-1.5902843,-1.5902843
0.472388,0.472388
2.1239024,2.1239024
0.5484149,0.5484149
1.1965116,1.1965116
-0.0193101,-0.0193101
-0.9488643,-0.9488643
6.5257455,6.5257455
1.4959178,1.4959178
0.5255003,0.5255003
6.0241429,6.0241429
2.857168,2.857168
2.0283315,2.0283315
1.6583261,1.6583261
2.6082622,2.6082622
3.2824519,3.2824519
-0.6620722,-0.6620722
1.7019361,1.7019361
0.6078342,0.6078342
-0.64142,-0.64142
1.4212523,1.4212523
3.0727667,3.0727667
1.4972792,1.4972792
2.1453759,2.1453759
0.9295542,0.9295542
0.9488643,0.9488643
7.4746098,7.4746098
2.4447821,2.4447821
-6.9491095,-6.9491095
-1.4504669,-1.4504669
-4.6174418,-4.6174418
-5.4462783,-5.4462783
-5.8162837,-5.8162837
-4.8663476,-4.8663476
-4.1921579,-4.1921579
-8.136682,-8.136682
-5.7726737,-5.7726737
-6.8667756,-6.8667756
-8.1160298,-8.1160298
-6.0533575,-6.0533575
-4.4018431,-4.4018431
-5.9773306,-5.9773306
-5.3292339,-5.3292339
-6.5450556,-6.5450556
-6.5257455,-6.5257455
-7.4746098,-7.4746098
-5.0298277,-5.0298277
-1.9192818,-1.9192818
3.5793608,3.5793608
0.4123859,0.4123859
-0.4164506,-0.4164506
-0.786456,-0.786456
0.1634801,0.1634801
0.8376698,0.8376698
-3.1068543,-3.1068543
-0.742846,-0.742846
-1.8369479,-1.8369479
-3.0862021,-3.0862021
-1.0235298,-1.0235298
0.6279846,0.6279846
-0.9475029,-0.9475029
-0.2994062,-0.2994062
-1.5152279,-1.5152279
-1.4959178,-1.4959178
-2.4447821,-2.4447821
5.0298277,5.0298277
1.6580691,1.6580691
1.1130949,1.1130949
0.4699097,0.4699097
-1.9525283,-1.9525283
1.0215409,1.0215409
0.514018,0.514018
-0.4288373,-0.4288373
2.2598845,2.2598845
-0.5227832,-0.5227832
-0.7152254,-0.7152254
-1.1572056,-1.1572056
-1.5275019,-1.5275019
0.4656197,0.4656197
13.362269,-10.0
0.2436206,0.2436206
0.0366003,0.0366003
-0.217482,-0.217482
8.1749911,8.1749911
-0.376302,-0.376302
-1.6580691,-1.6580691
-0.5449742,-0.5449742
-1.1881594,-1.1881594
-3.6105974,-3.6105974
-0.6365282,-0.6365282
-1.1440511,-1.1440511
-2.0869064,-2.0869064
0.6018154,0.6018154
-2.1808523,-2.1808523
-2.3732945,-2.3732945
-2.8152747,-2.8152747
-3.185571,-3.185571
-1.1924494,-1.1924494
11.7041999,-10.0
-1.4144485,-1.4144485
-1.6214688,-1.6214688
-1.8755511,-1.8755511
6.516922,6.516922
-2.0343711,-2.0343711
-1.1130949,-1.1130949
0.5449742,0.5449742
-0.6431852,-0.6431852
-3.0656232,-3.0656232
-0.091554,-0.091554
-0.5990769,-0.5990769
-1.5419322,-1.5419322
1.1467896,1.1467896
-1.6358781,-1.6358781
-1.8283203,-1.8283203
-2.2703005,-2.2703005
-2.6405968,-2.6405968
-0.6474752,-0.6474752
12.2491741,-10.0
-0.8694743,-0.8694743
-1.0764946,-1.0764946
-1.3305769,-1.3305769
7.0618962,7.0618962
-1.4893969,-1.4893969
-0.4699097,-0.4699097
1.1881594,1.1881594
0.6431852,0.6431852
-2.422438,-2.422438
0.5516312,0.5516312
0.0441083,0.0441083
-0.898747,-0.898747
1.7899748,1.7899748
-0.9926929,-0.9926929
-1.1851351,-1.1851351
-1.6271153,-1.6271153
-1.9974116,-1.9974116
-0.00429,-0.00429
12.8923593,-10.0
-0.2262891,-0.2262891
-0.4333094,-0.4333094
-0.6873917,-0.6873917
7.7050814,7.7050814
-0.8462117,-0.8462117
1.9525283,1.9525283
3.6105974,3.6105974
3.0656232,3.0656232
2.422438,2.422438
2.9740692,2.9740692
2.4665463,2.4665463
1.523691,1.523691
4.2124128,4.2124128
1.4297451,1.4297451
1.2373029,1.2373029
0.7953227,0.7953227
0.4250264,0.4250264
2.418148,2.418148
15.3147973,-10.0
2.1961489,2.1961489
1.9891286,1.9891286
1.7350463,1.7350463
10.1275194,-10.0
1.5762263,1.5762263
-1.0215409,-1.0215409
0.6365282,0.6365282
0.091554,0.091554
-0.5516312,-0.5516312
-2.9740692,-2.9740692
-0.5075229,-0.5075229
-1.4503782,-1.4503782
1.2383436,1.2383436
-1.5443241,-1.5443241
-1.7367663,-1.7367663
-2.1787465,-2.1787465
-2.5490428,-2.5490428
-0.5559212,-0.5559212
12.3407281,-10.0
-0.7779203,-0.7779203
-0.9849406,-0.9849406
-1.2390229,-1.2390229
7.1534502,7.1534502
-1.3978429,-1.3978429
-0.514018,-0.514018
1.1440511,1.1440511
0.5990769,0.5990769
-0.0441083,-0.0441083
-2.4665463,-2.4665463
0.5075229,0.5075229
-0.9428553,-0.9428553
1.7458665,1.7458665
-1.0368012,-1.0368012
-1.2292434,-1.2292434
-1.6712236,-1.6712236
-2.0415199,-2.0415199
-0.0483983,-0.0483983
12.848251,-10.0
-0.2703974,-0.2703974
-0.4774177,-0.4774177
-0.7315,-0.7315
7.6609731,7.6609731
-0.89032,-0.89032
0.4288373,0.4288373
2.0869064,2.0869064
1.5419322,1.5419322
0.898747,0.898747
-1.523691,-1.523691
1.4503782,1.4503782
0.9428553,0.9428553
2.6887218,2.6887218
-0.0939459,-0.0939459
-0.2863881,-0.2863881
-0.7283683,-0.7283683
-1.0986646,-1.0986646
0.894457,0.894457
13.7911063,-10.0
0.6724579,0.6724579
0.4654376,0.4654376
0.2113553,0.2113553
8.6038284,8.6038284
0.0525353,0.0525353
-2.2598845,-2.2598845
-0.6018154,-0.6018154
-1.1467896,-1.1467896
-1.7899748,-1.7899748
-4.2124128,-4.2124128
-1.2383436,-1.2383436
-1.7458665,-1.7458665
-2.6887218,-2.6887218
-2.7826677,-2.7826677
-2.9751099,-2.9751099
-3.4170901,-3.4170901
-3.7873864,-3.7873864
-1.7942648,-1.7942648
11.1023845,-10.0
-2.0162639,-2.0162639
-2.2232842,-2.2232842
-2.4773665,-2.4773665
5.9151066,5.9151066
-2.6361865,-2.6361865
0.5227832,0.5227832
2.1808523,2.1808523
1.6358781,1.6358781
0.9926929,0.9926929
-1.4297451,-1.4297451
1.5443241,1.5443241
1.0368012,1.0368012
0.0939459,0.0939459
2.7826677,2.7826677
-0.1924422,-0.1924422
-0.6344224,-0.6344224
-1.0047187,-1.0047187
0.9884029,0.9884029
13.8850522,-10.0
0.7664038,0.7664038
0.5593835,0.5593835
0.3053012,0.3053012
8.6977743,8.6977743
0.1464812,0.1464812
0.7152254,0.7152254
2.3732945,2.3732945
1.8283203,1.8283203
1.1851351,1.1851351
-1.2373029,-1.2373029
1.7367663,1.7367663
1.2292434,1.2292434
0.2863881,0.2863881
2.9751099,2.9751099
0.1924422,0.1924422
-0.4419802,-0.4419802
-0.8122765,-0.8122765
1.1808451,1.1808451
14.0774944,-10.0
0.958846,0.958846
0.7518257,0.7518257
0.4977434,0.4977434
8.8902165,8.8902165
0.3389234,0.3389234
1.1572056,1.1572056
2.8152747,2.8152747
2.2703005,2.2703005
1.6271153,1.6271153
-0.7953227,-0.7953227
2.1787465,2.1787465
1.6712236,1.6712236
0.7283683,0.7283683
3.4170901,3.4170901
0.6344224,0.6344224
0.4419802,0.4419802
-0.3702963,-0.3702963
1.6228253,1.6228253
14.5194746,-10.0
1.4008262,1.4008262
1.1938059,1.1938059
0.9397236,0.9397236
9.3321967,9.3321967
0.7809036,0.7809036
1.5275019,1.5275019
3.185571,3.185571
2.6405968,2.6405968
1.9974116,1.9974116
-0.4250264,-0.4250264
2.5490428,2.5490428
2.0415199,2.0415199
1.0986646,1.0986646
3.7873864,3.7873864
1.0047187,1.0047187
0.8122765,0.8122765
0.3702963,0.3702963
1.9931216,1.9931216
14.8897709,-10.0
1.7711225,1.7711225
1.5641022,1.5641022
1.3100199,1.3100199
9.702493,9.702493
1.1511999,1.1511999
-0.4656197,-0.4656197
1.1924494,1.1924494
0.6474752,0.6474752
0.00429,0.00429
-2.418148,-2.418148
0.5559212,0.5559212
0.0483983,0.0483983
-0.894457,-0.894457
1.7942648,1.7942648
-0.9884029,-0.9884029
-1.1808451,-1.1808451
-1.6228253,-1.6228253
-1.9931216,-1.9931216
12.8966493,-10.0
-0.2219991,-0.2219991
-0.4290194,-0.4290194
-0.6831017,-0.6831017
7.7093714,7.7093714
-0.8419217,-0.8419217
-13.362269,-10.0
-11.7041999,-10.0
-12.2491741,-10.0
-12.8923593,-10.0
-15.3147973,-10.0
-12.3407281,-10.0
-12.848251,-10.0
-13.7911063,-10.0
-11.1023845,-10.0
-13.8850522,-10.0
-14.0774944,-10.0
-14.5194746,-10.0
-14.8897709,-10.0
-12.8966493,-10.0
-13.1186484,-10.0
-13.3256687,-10.0
-13.579751,-10.0
-5.1872779,-5.1872779
-13.738571,-10.0
-0.2436206,-0.2436206
1.4144485,1.4144485
0.8694743,0.8694743
0.2262891,0.2262891
-2.1961489,-2.1961489
0.7779203,0.7779203
0.2703974,0.2703974
-0.6724579,-0.6724579
2.0162639,2.0162639
-0.7664038,-0.7664038
-0.958846,-0.958846
-1.4008262,-1.4008262
-1.7711225,-1.7711225
0.2219991,0.2219991
13.1186484,-10.0
-0.2070203,-0.2070203
-0.4611026,-0.4611026
7.9313705,7.9313705
-0.6199226,-0.6199226
-0.0366003,-0.0366003
1.6214688,1.6214688
1.0764946,1.0764946
0.4333094,0.4333094
-1.9891286,-1.9891286
0.9849406,0.9849406
0.4774177,0.4774177
-0.4654376,-0.4654376
2.2232842,2.2232842
-0.5593835,-0.5593835
-0.7518257,-0.7518257
-1.1938059,-1.1938059
-1.5641022,-1.5641022
0.4290194,0.4290194
13.3256687,-10.0
0.2070203,0.2070203
-0.2540823,-0.2540823
8.1383908,8.1383908
-0.4129023,-0.4129023
0.217482,0.217482
1.8755511,1.8755511
1.3305769,1.3305769
0.6873917,0.6873917
-1.7350463,-1.7350463
1.2390229,1.2390229
0.7315,0.7315
-0.2113553,-0.2113553
2.4773665,2.4773665
-0.3053012,-0.3053012
-0.4977434,-0.4977434
-0.9397236,-0.9397236
-1.3100199,-1.3100199
0.6831017,0.6831017
13.579751,-10.0
0.4611026,0.4611026
0.2540823,0.2540823
8.3924731,8.3924731
-0.15882,-0.15882
-8.1749911,-8.1749911
-6.516922,-6.516922
-7.0618962,-7.0618962
-7.7050814,-7.7050814
-10.1275194,-10.0
-7.1534502,-7.1534502
-7.6609731,-7.6609731
-8.6038284,-8.6038284
-5.9151066,-5.9151066
-8.6977743,-8.6977743
-8.8902165,-8.8902165
-9.3321967,-9.3321967
-9.702493,-9.702493
-7.7093714,-7.7093714
5.1872779,5.1872779
-7.9313705,-7.9313705
-8.1383908,-8.1383908
-8.3924731,-8.3924731
-8.5512931,-8.5512931
0.376302,0.376302
2.0343711,2.0343711
1.4893969,1.4893969
0.8462117,0.8462117
-1.5762263,-1.5762263
1.3978429,1.3978429
0.89032,0.89032
-0.0525353,-0.0525353
2.6361865,2.6361865
-0.1464812,-0.1464812
-0.3389234,-0.3389234
-0.7809036,-0.7809036
-1.1511999,-1.1511999
0.8419217,0.8419217
13.738571,-10.0
0.6199226,0.6199226
0.4129023,0.4129023
0.15882,0.15882
8.5512931,8.5512931
1.9138682,1.9138682
0.405868,0.405868
0.6376035,0.6376035
-1.0641412,-1.0641412
1.1718347,1.1718347
-0.3799993,-0.3799993
-1.3909878,-1.3909878
-0.6551235,-0.6551235
-0.7915238,-0.7915238
-1.701842,-1.701842
-0.9219924,-0.9219924
1.79974,1.79974
-0.301849,-0.301849
1.5997074,1.5997074
-0.4535653,-0.4535653
-0.8581502,-0.8581502
-1.0084312,-1.0084312
3.5257551,3.5257551
-0.5149353,-0.5149353
-1.9138682,-1.9138682
-1.5080002,-1.5080002
-1.2762647,-1.2762647
-2.9780094,-2.9780094
-0.7420335,-0.7420335
-2.2938675,-2.2938675
-3.304856,-3.304856
-2.5689917,-2.5689917
-2.705392,-2.705392
-3.6157102,-3.6157102
-2.8358606,-2.8358606
-0.1141282,-0.1141282
-2.2157172,-2.2157172
-0.3141608,-0.3141608
-2.3674335,-2.3674335
-2.7720184,-2.7720184
-2.9222994,-2.9222994
1.6118869,1.6118869
-2.4288035,-2.4288035
-0.405868,-0.405868
1.5080002,1.5080002
0.2317355,0.2317355
-1.4700092,-1.4700092
0.7659667,0.7659667
-0.7858673,-0.7858673
-1.7968558,-1.7968558
-1.0609915,-1.0609915
-1.1973918,-1.1973918
-2.10771,-2.10771
-1.3278604,-1.3278604
1.393872,1.393872
-0.707717,-0.707717
1.1938394,1.1938394
-0.8594333,-0.8594333
-1.2640182,-1.2640182
-1.4142992,-1.4142992
3.1198871,3.1198871
-0.9208033,-0.9208033
-0.6376035,-0.6376035
1.2762647,1.2762647
-0.2317355,-0.2317355
-1.7017447,-1.7017447
0.5342312,0.5342312
-1.0176028,-1.0176028
-2.0285913,-2.0285913
-1.292727,-1.292727
-1.4291273,-1.4291273
-2.3394455,-2.3394455
-1.5595959,-1.5595959
1.1621365,1.1621365
-0.9394525,-0.9394525
0.9621039,0.9621039
-1.0911688,-1.0911688
-1.4957537,-1.4957537
-1.6460347,-1.6460347
2.8881516,2.8881516
-1.1525388,-1.1525388
1.0641412,1.0641412
2.9780094,2.9780094
1.4700092,1.4700092
1.7017447,1.7017447
2.2359759,2.2359759
0.6841419,0.6841419
-0.3268466,-0.3268466
0.4090177,0.4090177
0.2726174,0.2726174
-0.6377008,-0.6377008
0.1421488,0.1421488
2.8638812,2.8638812
0.7622922,0.7622922
2.6638486,2.6638486
0.6105759,0.6105759
0.205991,0.205991
0.05571,0.05571
4.5898963,4.5898963
0.5492059,0.5492059
-1.1718347,-1.1718347
0.7420335,0.7420335
-0.7659667,-0.7659667
-0.5342312,-0.5342312
-2.2359759,-2.2359759
-1.551834,-1.551834
-2.5628225,-2.5628225
-1.8269582,-1.8269582
-1.9633585,-1.9633585
-2.8736767,-2.8736767
-2.0938271,-2.0938271
0.6279053,0.6279053
-1.4736837,-1.4736837
0.4278727,0.4278727
-1.6254,-1.6254
-2.0299849,-2.0299849
-2.1802659,-2.1802659
2.3539204,2.3539204
-1.68677,-1.68677
0.3799993,0.3799993
2.2938675,2.2938675
0.7858673,0.7858673
1.0176028,1.0176028
-0.6841419,-0.6841419
1.551834,1.551834
-1.0109885,-1.0109885
-0.2751242,-0.2751242
-0.4115245,-0.4115245
-1.3218427,-1.3218427
-0.5419931,-0.5419931
2.1797393,2.1797393
0.0781503,0.0781503
1.9797067,1.9797067
-0.073566,-0.073566
-0.4781509,-0.4781509
-0.6284319,-0.6284319
3.9057544,3.9057544
-0.134936,-0.134936
1.3909878,1.3909878
3.304856,3.304856
1.7968558,1.7968558
2.0285913,2.0285913
0.3268466,0.3268466
2.5628225,2.5628225
1.0109885,1.0109885
0.7358643,0.7358643
0.599464,0.599464
-0.3108542,-0.3108542
0.4689954,0.4689954
3.1907278,3.1907278
1.0891388,1.0891388
2.9906952,2.9906952
0.9374225,0.9374225
0.5328376,0.5328376
0.3825566,0.3825566
4.9167429,4.9167429
0.8760525,0.8760525
0.6551235,0.6551235
2.5689917,2.5689917
1.0609915,1.0609915
1.292727,1.292727
-0.4090177,-0.4090177
1.8269582,1.8269582
0.2751242,0.2751242
-0.7358643,-0.7358643
-0.1364003,-0.1364003
-1.0467185,-1.0467185
-0.2668689,-0.2668689
2.4548635,2.4548635
0.3532745,0.3532745
2.2548309,2.2548309
0.2015582,0.2015582
-0.2030267,-0.2030267
-0.3533077,-0.3533077
4.1808786,4.1808786
0.1401882,0.1401882
0.7915238,0.7915238
2.705392,2.705392
1.1973918,1.1973918
1.4291273,1.4291273
-0.2726174,-0.2726174
1.9633585,1.9633585
0.4115245,0.4115245
-0.599464,-0.599464
0.1364003,0.1364003
-0.9103182,-0.9103182
-0.1304686,-0.1304686
2.5912638,2.5912638
0.4896748,0.4896748
2.3912312,2.3912312
0.3379585,0.3379585
-0.0666264,-0.0666264
-0.2169074,-0.2169074
4.3172789,4.3172789
0.2765885,0.2765885
1.701842,1.701842
3.6157102,3.6157102
2.10771,2.10771
2.3394455,2.3394455
0.6377008,0.6377008
2.8736767,2.8736767
1.3218427,1.3218427
0.3108542,0.3108542
1.0467185,1.0467185
0.9103182,0.9103182
0.7798496,0.7798496
3.501582,3.501582
1.399993,1.399993
3.3015494,3.3015494
1.2482767,1.2482767
0.8436918,0.8436918
0.6934108,0.6934108
5.2275971,5.2275971
1.1869067,1.1869067
0.9219924,0.9219924
2.8358606,2.8358606
1.3278604,1.3278604
1.5595959,1.5595959
-0.1421488,-0.1421488
2.0938271,2.0938271
0.5419931,0.5419931
-0.4689954,-0.4689954
0.2668689,0.2668689
0.1304686,0.1304686
-0.7798496,-0.7798496
2.7217324,2.7217324
0.6201434,0.6201434
2.5216998,2.5216998
0.4684271,0.4684271
0.0638422,0.0638422
-0.0864388,-0.0864388
4.4477475,4.4477475
0.4070571,0.4070571
-1.79974,-1.79974
0.1141282,0.1141282
-1.393872,-1.393872
-1.1621365,-1.1621365
-2.8638812,-2.8638812
-0.6279053,-0.6279053
-2.1797393,-2.1797393
-3.1907278,-3.1907278
-2.4548635,-2.4548635
-2.5912638,-2.5912638
-3.501582,-3.501582
-2.7217324,-2.7217324
-2.101589,-2.101589
-0.2000326,-0.2000326
-2.2533053,-2.2533053
-2.6578902,-2.6578902
-2.8081712,-2.8081712
1.7260151,1.7260151
-2.3146753,-2.3146753
0.301849,0.301849
2.2157172,2.2157172
0.707717,0.707717
0.9394525,0.9394525
-0.7622922,-0.7622922
1.4736837,1.4736837
-0.0781503,-0.0781503
-1.0891388,-1.0891388
-0.3532745,-0.3532745
-0.4896748,-0.4896748
-1.399993,-1.399993
-0.6201434,-0.6201434
2.101589,2.101589
1.9015564,1.9015564
-0.1517163,-0.1517163
-0.5563012,-0.5563012
-0.7065822,-0.7065822
3.8276041,3.8276041
-0.2130863,-0.2130863
-1.5997074,-1.5997074
0.3141608,0.3141608
-1.1938394,-1.1938394
-0.9621039,-0.9621039
-2.6638486,-2.6638486
-0.4278727,-0.4278727
-1.9797067,-1.9797067
-2.9906952,-2.9906952
-2.2548309,-2.2548309
-2.3912312,-2.3912312
-3.3015494,-3.3015494
-2.5216998,-2.5216998
0.2000326,0.2000326
-1.9015564,-1.9015564
-2.0532727,-2.0532727
-2.4578576,-2.4578576
-2.6081386,-2.6081386
1.9260477,1.9260477
-2.1146427,-2.1146427
0.4535653,0.4535653
2.3674335,2.3674335
0.8594333,0.8594333
1.0911688,1.0911688
-0.6105759,-0.6105759
1.6254,1.6254
0.073566,0.073566
-0.9374225,-0.9374225
-0.2015582,-0.2015582
-0.3379585,-0.3379585
-1.2482767,-1.2482767
-0.4684271,-0.4684271
2.2533053,2.2533053
0.1517163,0.1517163
2.0532727,2.0532727
-0.4045849,-0.4045849
-0.5548659,-0.5548659
3.9793204,3.9793204
-0.06137,-0.06137
0.8581502,0.8581502
2.7720184,2.7720184
1.2640182,1.2640182
1.4957537,1.4957537
-0.205991,-0.205991
2.0299849,2.0299849
0.4781509,0.4781509
-0.5328376,-0.5328376
0.2030267,0.2030267
0.0666264,0.0666264
-0.8436918,-0.8436918
-0.0638422,-0.0638422
2.6578902,2.6578902
0.5563012,0.5563012
2.4578576,2.4578576
0.4045849,0.4045849
-0.150281,-0.150281
4.3839053,4.3839053
0.3432149,0.3432149
1.0084312,1.0084312
2.9222994,2.9222994
1.4142992,1.4142992
1.6460347,1.6460347
-0.05571,-0.05571
2.1802659,2.1802659
0.6284319,0.6284319
-0.3825566,-0.3825566
0.3533077,0.3533077
0.2169074,0.2169074
-0.6934108,-0.6934108
0.0864388,0.0864388
2.8081712,2.8081712
0.7065822,0.7065822
2.6081386,2.6081386
0.5548659,0.5548659
0.150281,0.150281
4.5341863,4.5341863
0.4934959,0.4934959
-3.5257551,-3.5257551
-1.6118869,-1.6118869
-3.1198871,-3.1198871
-2.8881516,-2.8881516
-4.5898963,-4.5898963
-2.3539204,-2.3539204
-3.9057544,-3.9057544
-4.9167429,-4.9167429
-4.1808786,-4.1808786
-4.3172789,-4.3172789
-5.2275971,-5.2275971
-4.4477475,-4.4477475
-1.7260151,-1.7260151
-3.8276041,-3.8276041
-1.9260477,-1.9260477
-3.9793204,-3.9793204
-4.3839053,-4.3839053
-4.5341863,-4.5341863
-4.0406904,-4.0406904
0.5149353,0.5149353
2.4288035,2.4288035
0.9208033,0.9208033
1.1525388,1.1525388
-0.5492059,-0.5492059
1.68677,1.68677
0.134936,0.134936
-0.8760525,-0.8760525
-0.1401882,-0.1401882
-0.2765885,-0.2765885
-1.1869067,-1.1869067
-0.4070571,-0.4070571
2.3146753,2.3146753
0.2130863,0.2130863
2.1146427,2.1146427
0.06137,0.06137
-0.3432149,-0.3432149
-0.4934959,-0.4934959
4.0406904,4.0406904
1.6872653,1.6872653
1.8728621,1.8728621
1.1717065,1.1717065
-3.3283086,-3.3283086
0.8504212,0.8504212
1.5135188,1.5135188
-0.8999485,-0.8999485
-0.5993982,-0.5993982
-0.8821037,-0.8821037
-2.010498,-2.010498
0.5240007,0.5240007
11.4700162,-10.0
-1.3981512,-1.3981512
-0.7950443,-0.7950443
-0.4976437,-0.4976437
-1.3074616,-1.3074616
-0.848821,-0.848821
-1.6759273,-1.6759273
-0.9542976,-0.9542976
-1.6872653,-1.6872653
0.1855968,0.1855968
-0.5155588,-0.5155588
-5.0155739,-5.0155739
-0.8368441,-0.8368441
-0.1737465,-0.1737465
-2.5872138,-2.5872138
-2.2866635,-2.2866635
-2.569369,-2.569369
-3.6977633,-3.6977633
-1.1632646,-1.1632646
9.7827509,9.7827509
-3.0854165,-3.0854165
-2.4823096,-2.4823096
-2.184909,-2.184909
-2.9947269,-2.9947269
-2.5360863,-2.5360863
-3.3631926,-3.3631926
-2.6415629,-2.6415629
-1.8728621,-1.8728621
-0.1855968,-0.1855968
-0.7011556,-0.7011556
-5.2011707,-5.2011707
-1.0224409,-1.0224409
-0.3593433,-0.3593433
-2.7728106,-2.7728106
-2.4722603,-2.4722603
-2.7549658,-2.7549658
-3.8833601,-3.8833601
-1.3488614,-1.3488614
9.5971541,9.5971541
-3.2710133,-3.2710133
-2.6679064,-2.6679064
-2.3705058,-2.3705058
-3.1803237,-3.1803237
-2.7216831,-2.7216831
-3.5487894,-3.5487894
-2.8271597,-2.8271597
-1.1717065,-1.1717065
0.5155588,0.5155588
0.7011556,0.7011556
-4.5000151,-4.5000151
-0.3212853,-0.3212853
0.3418123,0.3418123
-2.071655,-2.071655
-1.7711047,-1.7711047
-2.0538102,-2.0538102
-3.1822045,-3.1822045
-0.6477058,-0.6477058
10.2983097,-10.0
-2.5698577,-2.5698577
-1.9667508,-1.9667508
-1.6693502,-1.6693502
-2.4791681,-2.4791681
-2.0205275,-2.0205275
-2.8476338,-2.8476338
-2.1260041,-2.1260041
3.3283086,3.3283086
5.0155739,5.0155739
5.2011707,5.2011707
4.5000151,4.5000151
4.1787298,4.1787298
4.8418274,4.8418274
2.4283601,2.4283601
2.7289104,2.7289104
2.4462049,2.4462049
1.3178106,1.3178106
3.8523093,3.8523093
14.7983248,-10.0
1.9301574,1.9301574
2.5332643,2.5332643
2.8306649,2.8306649
2.020847,2.020847
2.4794876,2.4794876
1.6523813,1.6523813
2.374011,2.374011
-0.8504212,-0.8504212
0.8368441,0.8368441
1.0224409,1.0224409
0.3212853,0.3212853
-4.1787298,-4.1787298
0.6630976,0.6630976
-1.7503697,-1.7503697
-1.4498194,-1.4498194
-1.7325249,-1.7325249
-2.8609192,-2.8609192
-0.3264205,-0.3264205
10.619595,-10.0
-2.2485724,-2.2485724
-1.6454655,-1.6454655
-1.3480649,-1.3480649
-2.1578828,-2.1578828
-1.6992422,-1.6992422
-2.5263485,-2.5263485
-1.8047188,-1.8047188
-1.5135188,-1.5135188
0.1737465,0.1737465
0.3593433,0.3593433
-0.3418123,-0.3418123
-4.8418274,-4.8418274
-0.6630976,-0.6630976
-2.4134673,-2.4134673
-2.112917,-2.112917
-2.3956225,-2.3956225
-3.5240168,-3.5240168
-0.9895181,-0.9895181
9.9564974,9.9564974
-2.91167,-2.91167
-2.3085631,-2.3085631
-2.0111625,-2.0111625
-2.8209804,-2.8209804
-2.3623398,-2.3623398
-3.1894461,-3.1894461
-2.4678164,-2.4678164
0.8999485,0.8999485
2.5872138,2.5872138
2.7728106,2.7728106
2.071655,2.071655
-2.4283601,-2.4283601
1.7503697,1.7503697
2.4134673,2.4134673
0.3005503,0.3005503
0.0178448,0.0178448
-1.1105495,-1.1105495
1.4239492,1.4239492
12.3699647,-10.0
-0.4982027,-0.4982027
0.1049042,0.1049042
0.4023048,0.4023048
-0.4075131,-0.4075131
0.0511275,0.0511275
-0.7759788,-0.7759788
-0.0543491,-0.0543491
0.5993982,0.5993982
2.2866635,2.2866635
2.4722603,2.4722603
1.7711047,1.7711047
-2.7289104,-2.7289104
1.4498194,1.4498194
2.112917,2.112917
-0.3005503,-0.3005503
-0.2827055,-0.2827055
-1.4110998,-1.4110998
1.1233989,1.1233989
12.0694144,-10.0
-0.798753,-0.798753
-0.1956461,-0.1956461
0.1017545,0.1017545
-0.7080634,-0.7080634
-0.2494228,-0.2494228
-1.0765291,-1.0765291
-0.3548994,-0.3548994
0.8821037,0.8821037
2.569369,2.569369
2.7549658,2.7549658
2.0538102,2.0538102
-2.4462049,-2.4462049
1.7325249,1.7325249
2.3956225,2.3956225
-0.0178448,-0.0178448
0.2827055,0.2827055
-1.1283943,-1.1283943
1.4061044,1.4061044
12.3521199,-10.0
-0.5160475,-0.5160475
0.0870594,0.0870594
0.38446,0.38446
-0.4253579,-0.4253579
0.0332827,0.0332827
-0.7938236,-0.7938236
-0.0721939,-0.0721939
2.010498,2.010498
3.6977633,3.6977633
3.8833601,3.8833601
3.1822045,3.1822045
-1.3178106,-1.3178106
2.8609192,2.8609192
3.5240168,3.5240168
1.1105495,1.1105495
1.4110998,1.4110998
1.1283943,1.1283943
2.5344987,2.5344987
13.4805142,-10.0
0.6123468,0.6123468
1.2154537,1.2154537
1.5128543,1.5128543
0.7030364,0.7030364
1.161677,1.161677
0.3345707,0.3345707
1.0562004,1.0562004
-0.5240007,-0.5240007
1.1632646,1.1632646
1.3488614,1.3488614
0.6477058,0.6477058
-3.8523093,-3.8523093
0.3264205,0.3264205
0.9895181,0.9895181
-1.4239492,-1.4239492
-1.1233989,-1.1233989
-1.4061044,-1.4061044
-2.5344987,-2.5344987
10.9460155,-10.0
-1.9221519,-1.9221519
-1.319045,-1.319045
-1.0216444,-1.0216444
-1.8314623,-1.8314623
-1.3728217,-1.3728217
-2.199928,-2.199928
-1.4782983,-1.4782983
-11.4700162,-10.0
-9.7827509,-9.7827509
-9.5971541,-9.5971541
-10.2983097,-10.0
-14.7983248,-10.0
-10.619595,-10.0
-9.9564974,-9.9564974
-12.3699647,-10.0
-12.0694144,-10.0
-12.3521199,-10.0
-13.4805142,-10.0
-10.9460155,-10.0
-12.8681674,-10.0
-12.2650605,-10.0
-11.9676599,-10.0
-12.7774778,-10.0
-12.3188372,-10.0
-13.1459435,-10.0
-12.4243138,-10.0
1.3981512,1.3981512
3.0854165,3.0854165
3.2710133,3.2710133
2.5698577,2.5698577
-1.9301574,-1.9301574
2.2485724,2.2485724
2.91167,2.91167
0.4982027,0.4982027
0.798753,0.798753
0.5160475,0.5160475
-0.6123468,-0.6123468
1.9221519,1.9221519
12.8681674,-10.0
0.6031069,0.6031069
0.9005075,0.9005075
0.0906896,0.0906896
0.5493302,0.5493302
-0.2777761,-0.2777761
0.4438536,0.4438536
0.7950443,0.7950443
2.4823096,2.4823096
2.6679064,2.6679064
1.9667508,1.9667508
-2.5332643,-2.5332643
1.6454655,1.6454655
2.3085631,2.3085631
-0.1049042,-0.1049042
0.1956461,0.1956461
-0.0870594,-0.0870594
-1.2154537,-1.2154537
1.319045,1.319045
12.2650605,-10.0
-0.6031069,-0.6031069
0.2974006,0.2974006
-0.5124173,-0.5124173
-0.0537767,-0.0537767
-0.880883,-0.880883
-0.1592533,-0.1592533
0.4976437,0.4976437
2.184909,2.184909
2.3705058,2.3705058
1.6693502,1.6693502
-2.8306649,-2.8306649
1.3480649,1.3480649
2.0111625,2.0111625
-0.4023048,-0.4023048
-0.1017545,-0.1017545
-0.38446,-0.38446
-1.5128543,-1.5128543
1.0216444,1.0216444
11.9676599,-10.0
-0.9005075,-0.9005075
-0.2974006,-0.2974006
-0.8098179,-0.8098179
-0.3511773,-0.3511773
-1.1782836,-1.1782836
-0.4566539,-0.4566539
1.3074616,1.3074616
2.9947269,2.9947269
3.1803237,3.1803237
2.4791681,2.4791681
-2.020847,-2.020847
2.1578828,2.1578828
2.8209804,2.8209804
0.4075131,0.4075131
0.7080634,0.7080634
0.4253579,0.4253579
-0.7030364,-0.7030364
1.8314623,1.8314623
12.7774778,-10.0
-0.0906896,-0.0906896
0.5124173,0.5124173
0.8098179,0.8098179
0.4586406,0.4586406
-0.3684657,-0.3684657
0.353164,0.353164
0.848821,0.848821
2.5360863,2.5360863
2.7216831,2.7216831
2.0205275,2.0205275
-2.4794876,-2.4794876
1.6992422,1.6992422
2.3623398,2.3623398
-0.0511275,-0.0511275
0.2494228,0.2494228
-0.0332827,-0.0332827
-1.161677,-1.161677
1.3728217,1.3728217
12.3188372,-10.0
-0.5493302,-0.5493302
0.0537767,0.0537767
0.3511773,0.3511773
-0.4586406,-0.4586406
-0.8271063,-0.8271063
-0.1054766,-0.1054766
1.6759273,1.6759273
3.3631926,3.3631926
3.5487894,3.5487894
2.8476338,2.8476338
-1.6523813,-1.6523813
2.5263485,2.5263485
3.1894461,3.1894461
0.7759788,0.7759788
1.0765291,1.0765291
0.7938236,0.7938236
-0.3345707,-0.3345707
2.199928,2.199928
13.1459435,-10.0
0.2777761,0.2777761
0.880883,0.880883
1.1782836,1.1782836
0.3684657,0.3684657
0.8271063,0.8271063
0.7216297,0.7216297
0.9542976,0.9542976
2.6415629,2.6415629
2.8271597,2.8271597
2.1260041,2.1260041
-2.374011,-2.374011
1.8047188,1.8047188
2.4678164,2.4678164
0.0543491,0.0543491
0.3548994,0.3548994
0.0721939,0.0721939
-1.0562004,-1.0562004
1.4782983,1.4782983
12.4243138,-10.0
-0.4438536,-0.4438536
0.1592533,0.1592533
0.4566539,0.4566539
-0.353164,-0.353164
0.1054766,0.1054766
-0.7216297,-0.7216297
0.8889023,0.8889023
-2.011831,-2.011831
-2.729299,-2.729299
-1.553717,-1.553717
2.7406923,2.7406923
1.2263626,1.2263626
-2.0467126,-2.0467126
5.4265825,5.4265825
-0.219506,-0.219506
-1.7744536,-1.7744536
0.9029686,0.9029686
-0.8998225,-0.8998225
0.7469454,0.7469454
14.0572313,-10.0
-0.0378978,-0.0378978
0.7150961,0.7150961
-1.1818073,-1.1818073
-0.7789909,-0.7789909
-0.7220147,-0.7220147
-0.8889023,-0.8889023
-2.9007333,-2.9007333
-3.6182013,-3.6182013
-2.4426193,-2.4426193
1.85179,1.85179
0.3374603,0.3374603
-2.9356149,-2.9356149
4.5376802,4.5376802
-1.1084083,-1.1084083
-2.6633559,-2.6633559
0.0140663,0.0140663
-1.7887248,-1.7887248
-0.1419569,-0.1419569
13.168329,-10.0
-0.9268001,-0.9268001
-0.1738062,-0.1738062
-2.0707096,-2.0707096
-1.6678932,-1.6678932
-1.610917,-1.610917
2.011831,2.011831
2.9007333,2.9007333
-0.717468,-0.717468
0.458114,0.458114
4.7525233,4.7525233
3.2381936,3.2381936
-0.0348816,-0.0348816
7.4384135,7.4384135
1.792325,1.792325
0.2373774,0.2373774
2.9147996,2.9147996
1.1120085,1.1120085
2.7587764,2.7587764
16.0690623,-10.0
1.9739332,1.9739332
2.7269271,2.7269271
0.8300237,0.8300237
1.2328401,1.2328401
1.2898163,1.2898163
2.729299,2.729299
3.6182013,3.6182013
0.717468,0.717468
1.175582,1.175582
5.4699913,5.4699913
3.9556616,3.9556616
0.6825864,0.6825864
8.1558815,8.1558815
2.509793,2.509793
0.9548454,0.9548454
3.6322676,3.6322676
1.8294765,1.8294765
3.4762444,3.4762444
16.7865303,-10.0
2.6914012,2.6914012
3.4443951,3.4443951
1.5474917,1.5474917
1.9503081,1.9503081
2.0072843,2.0072843
1.553717,1.553717
2.4426193,2.4426193
-0.458114,-0.458114
-1.175582,-1.175582
4.2944093,4.2944093
2.7800796,2.7800796
-0.4929956,-0.4929956
6.9802995,6.9802995
1.334211,1.334211
-0.2207366,-0.2207366
2.4566856,2.4566856
0.6538945,0.6538945
2.3006624,2.3006624
15.6109483,-10.0
1.5158192,1.5158192
2.2688131,2.2688131
0.3719097,0.3719097
0.7747261,0.7747261
0.8317023,0.8317023
-2.7406923,-2.7406923
-1.85179,-1.85179
-4.7525233,-4.7525233
-5.4699913,-5.4699913
-4.2944093,-4.2944093
-1.5143297,-1.5143297
-4.7874049,-4.7874049
2.6858902,2.6858902
-2.9601983,-2.9601983
-4.5151459,-4.5151459
-1.8377237,-1.8377237
-3.6405148,-3.6405148
-1.9937469,-1.9937469
11.316539,-10.0
-2.7785901,-2.7785901
-2.0255962,-2.0255962
-3.9224996,-3.9224996
-3.5196832,-3.5196832
-3.462707,-3.462707
-1.2263626,-1.2263626
-0.3374603,-0.3374603
-3.2381936,-3.2381936
-3.9556616,-3.9556616
-2.7800796,-2.7800796
1.5143297,1.5143297
-3.2730752,-3.2730752
4.2002199,4.2002199
-1.4458686,-1.4458686
-3.0008162,-3.0008162
-0.323394,-0.323394
-2.1261851,-2.1261851
-0.4794172,-0.4794172
12.8308687,-10.0
-1.2642604,-1.2642604
-0.5112665,-0.5112665
-2.4081699,-2.4081699
-2.0053535,-2.0053535
-1.9483773,-1.9483773
2.0467126,2.0467126
2.9356149,2.9356149
0.0348816,0.0348816
-0.6825864,-0.6825864
0.4929956,0.4929956
4.7874049,4.7874049
3.2730752,3.2730752
7.4732951,7.4732951
1.8272066,1.8272066
0.272259,0.272259
2.9496812,2.9496812
1.1468901,1.1468901
2.793658,2.793658
16.1039439,-10.0
2.0088148,2.0088148
2.7618087,2.7618087
0.8649053,0.8649053
1.2677217,1.2677217
1.3246979,1.3246979
-5.4265825,-5.4265825
-4.5376802,-4.5376802
-7.4384135,-7.4384135
-8.1558815,-8.1558815
-6.9802995,-6.9802995
-2.6858902,-2.6858902
-4.2002199,-4.2002199
-7.4732951,-7.4732951
-5.6460885,-5.6460885
-7.2010361,-7.2010361
-4.5236139,-4.5236139
-6.326405,-6.326405
-4.6796371,-4.6796371
8.6306488,8.6306488
-5.4644803,-5.4644803
-4.7114864,-4.7114864
-6.6083898,-6.6083898
-6.2055734,-6.2055734
-6.1485972,-6.1485972
0.219506,0.219506
1.1084083,1.1084083
-1.792325,-1.792325
-2.509793,-2.509793
-1.334211,-1.334211
2.9601983,2.9601983
1.4458686,1.4458686
-1.8272066,-1.8272066
5.6460885,5.6460885
-1.5549476,-1.5549476
1.1224746,1.1224746
-0.6803165,-0.6803165
0.9664514,0.9664514
14.2767373,-10.0
0.1816082,0.1816082
0.9346021,0.9346021
-0.9623013,-0.9623013
-0.5594849,-0.5594849
-0.5025087,-0.5025087
1.7744536,1.7744536
2.6633559,2.6633559
-0.2373774,-0.2373774
-0.9548454,-0.9548454
0.2207366,0.2207366
4.5151459,4.5151459
3.0008162,3.0008162
-0.272259,-0.272259
7.2010361,7.2010361
1.5549476,1.5549476
2.6774222,2.6774222
0.8746311,0.8746311
2.521399,2.521399
15.8316849,-10.0
1.7365558,1.7365558
2.4895497,2.4895497
0.5926463,0.5926463
0.9954627,0.9954627
1.0524389,1.0524389
-0.9029686,-0.9029686
-0.0140663,-0.0140663
-2.9147996,-2.9147996
-3.6322676,-3.6322676
-2.4566856,-2.4566856
1.8377237,1.8377237
0.323394,0.323394
-2.9496812,-2.9496812
4.5236139,4.5236139
-1.1224746,-1.1224746
-2.6774222,-2.6774222
-1.8027911,-1.8027911
-0.1560232,-0.1560232
13.1542627,-10.0
-0.9408664,-0.9408664
-0.1878725,-0.1878725
-2.0847759,-2.0847759
-1.6819595,-1.6819595
-1.6249833,-1.6249833
0.8998225,0.8998225
1.7887248,1.7887248
-1.1120085,-1.1120085
-1.8294765,-1.8294765
-0.6538945,-0.6538945
3.6405148,3.6405148
2.1261851,2.1261851
-1.1468901,-1.1468901
6.326405,6.326405
0.6803165,0.6803165
-0.8746311,-0.8746311
1.8027911,1.8027911
1.6467679,1.6467679
14.9570538,-10.0
0.8619247,0.8619247
1.6149186,1.6149186
-0.2819848,-0.2819848
0.1208316,0.1208316
0.1778078,0.1778078
-0.7469454,-0.7469454
0.1419569,0.1419569
-2.7587764,-2.7587764
-3.4762444,-3.4762444
-2.3006624,-2.3006624
1.9937469,1.9937469
0.4794172,0.4794172
-2.793658,-2.793658
4.6796371,4.6796371
-0.9664514,-0.9664514
-2.521399,-2.521399
0.1560232,0.1560232
-1.6467679,-1.6467679
13.3102859,-10.0
-0.7848432,-0.7848432
-0.0318493,-0.0318493
-1.9287527,-1.9287527
-1.5259363,-1.5259363
-1.4689601,-1.4689601
-14.0572313,-10.0
-13.168329,-10.0
-16.0690623,-10.0
-16.7865303,-10.0
-15.6109483,-10.0
-11.316539,-10.0
-12.8308687,-10.0
-16.1039439,-10.0
-8.6306488,-8.6306488
-14.2767373,-10.0
-15.8316849,-10.0
-13.1542627,-10.0
-14.9570538,-10.0
-13.3102859,-10.0
-14.0951291,-10.0
-13.3421352,-10.0
-15.2390386,-10.0
-14.8362222,-10.0
-14.779246,-10.0
0.0378978,0.0378978
0.9268001,0.9268001
-1.9739332,-1.9739332
-2.6914012,-2.6914012
-1.5158192,-1.5158192
2.7785901,2.7785901
1.2642604,1.2642604
-2.0088148,-2.0088148
5.4644803,5.4644803
-0.1816082,-0.1816082
-1.7365558,-1.7365558
0.9408664,0.9408664
-0.8619247,-0.8619247
0.7848432,0.7848432
14.0951291,-10.0
0.7529939,0.7529939
-1.1439095,-1.1439095
-0.7410931,-0.7410931
-0.6841169,-0.6841169
-0.7150961,-0.7150961
0.1738062,0.1738062
-2.7269271,-2.7269271
-3.4443951,-3.4443951
-2.2688131,-2.2688131
2.0255962,2.0255962
0.5112665,0.5112665
-2.7618087,-2.7618087
4.7114864,4.7114864
-0.9346021,-0.9346021
-2.4895497,-2.4895497
0.1878725,0.1878725
-1.6149186,-1.6149186
0.0318493,0.0318493
13.3421352,-10.0
-0.7529939,-0.7529939
-1.8969034,-1.8969034
-1.494087,-1.494087
-1.4371108,-1.4371108
1.1818073,1.1818073
2.0707096,2.0707096
-0.8300237,-0.8300237
-1.5474917,-1.5474917
-0.3719097,-0.3719097
3.9224996,3.9224996
2.4081699,2.4081699
-0.8649053,-0.8649053
6.6083898,6.6083898
0.9623013,0.9623013
-0.5926463,-0.5926463
2.0847759,2.0847759
0.2819848,0.2819848
1.9287527,1.9287527
15.2390386,-10.0
1.1439095,1.1439095
1.8969034,1.8969034
0.4028164,0.4028164
0.4597926,0.4597926
0.7789909,0.7789909
1.6678932,1.6678932
-1.2328401,-1.2328401
-1.9503081,-1.9503081
-0.7747261,-0.7747261
3.5196832,3.5196832
2.0053535,2.0053535
-1.2677217,-1.2677217
6.2055734,6.2055734
0.5594849,0.5594849
-0.9954627,-0.9954627
1.6819595,1.6819595
-0.1208316,-0.1208316
1.5259363,1.5259363
14.8362222,-10.0
0.7410931,0.7410931
1.494087,1.494087
-0.4028164,-0.4028164
0.0569762,0.0569762
0.7220147,0.7220147
1.610917,1.610917
-1.2898163,-1.2898163
-2.0072843,-2.0072843
-0.8317023,-0.8317023
3.462707,3.462707
1.9483773,1.9483773
-1.3246979,-1.3246979
6.1485972,6.1485972
0.5025087,0.5025087
-1.0524389,-1.0524389
1.6249833,1.6249833
-0.1778078,-0.1778078
1.4689601,1.4689601
14.779246,-10.0
0.6841169,0.6841169
1.4371108,1.4371108
-0.4597926,-0.4597926
-0.0569762,-0.0569762
4.1307482,4.1307482
-0.5913767,-0.5913767
-1.9565967,-1.9565967
0.2968707,0.2968707
1.3801672,1.3801672
-0.4254373,-0.4254373
-1.0673087,-1.0673087
-3.8015194,-3.8015194
-0.308162,-0.308162
-1.5670233,-1.5670233
0.3435166,0.3435166
1.9497462,1.9497462
-3.227872,-3.227872
-1.6867445,-1.6867445
-0.0282395,-0.0282395
-0.3231102,-0.3231102
-0.5962954,-0.5962954
12.5100266,-10.0
-0.3869418,-0.3869418
-4.1307482,-4.1307482
-4.7221249,-4.7221249
-6.0873449,-6.0873449
-3.8338775,-3.8338775
-2.750581,-2.750581
-4.5561855,-4.5561855
-5.1980569,-5.1980569
-7.9322676,-7.9322676
-4.4389102,-4.4389102
-5.6977715,-5.6977715
-3.7872316,-3.7872316
-2.181002,-2.181002
-7.3586202,-7.3586202
-5.8174927,-5.8174927
-4.1589877,-4.1589877
-4.4538584,-4.4538584
-4.7270436,-4.7270436
8.3792784,8.3792784
-4.51769,-4.51769
0.5913767,0.5913767
4.7221249,4.7221249
-1.36522,-1.36522
0.8882474,0.8882474
1.9715439,1.9715439
0.1659394,0.1659394
-0.475932,-0.475932
-3.2101427,-3.2101427
0.2832147,0.2832147
-0.9756466,-0.9756466
0.9348933,0.9348933
2.5411229,2.5411229
-2.6364953,-2.6364953
-1.0953678,-1.0953678
0.5631372,0.5631372
0.2682665,0.2682665
-0.0049187,-0.0049187
13.1014033,-10.0
0.2044349,0.2044349
1.9565967,1.9565967
6.0873449,6.0873449
1.36522,1.36522
2.2534674,2.2534674
3.3367639,3.3367639
1.5311594,1.5311594
0.889288,0.889288
-1.8449227,-1.8449227
1.6484347,1.6484347
0.3895734,0.3895734
2.3001133,2.3001133
3.9063429,3.9063429
-1.2712753,-1.2712753
0.2698522,0.2698522
1.9283572,1.9283572
1.6334865,1.6334865
1.3603013,1.3603013
14.4666233,-10.0
1.5696549,1.5696549
-0.2968707,-0.2968707
3.8338775,3.8338775
-0.8882474,-0.8882474
-2.2534674,-2.2534674
1.0832965,1.0832965
-0.722308,-0.722308
-1.3641794,-1.3641794
-4.0983901,-4.0983901
-0.6050327,-0.6050327
-1.863894,-1.863894
0.0466459,0.0466459
1.6528755,1.6528755
-3.5247427,-3.5247427
-1.9836152,-1.9836152
-0.3251102,-0.3251102
-0.6199809,-0.6199809
-0.8931661,-0.8931661
12.2131559,-10.0
-0.6838125,-0.6838125
-1.3801672,-1.3801672
2.750581,2.750581
-1.9715439,-1.9715439
-3.3367639,-3.3367639
-1.0832965,-1.0832965
-1.8056045,-1.8056045
-2.4474759,-2.4474759
-5.1816866,-5.1816866
-1.6883292,-1.6883292
-2.9471905,-2.9471905
-1.0366506,-1.0366506
0.569579,0.569579
-4.6080392,-4.6080392
-3.0669117,-3.0669117
-1.4084067,-1.4084067
-1.7032774,-1.7032774
-1.9764626,-1.9764626
11.1298594,-10.0
-1.767109,-1.767109
0.4254373,0.4254373
4.5561855,4.5561855
-0.1659394,-0.1659394
-1.5311594,-1.5311594
0.722308,0.722308
1.8056045,1.8056045
-0.6418714,-0.6418714
-3.3760821,-3.3760821
0.1172753,0.1172753
-1.141586,-1.141586
0.7689539,0.7689539
2.3751835,2.3751835
-2.8024347,-2.8024347
-1.2613072,-1.2613072
0.3971978,0.3971978
0.1023271,0.1023271
-0.1708581,-0.1708581
12.9354639,-10.0
0.0384955,0.0384955
1.0673087,1.0673087
5.1980569,5.1980569
0.475932,0.475932
-0.889288,-0.889288
1.3641794,1.3641794
2.4474759,2.4474759
0.6418714,0.6418714
-2.7342107,-2.7342107
0.7591467,0.7591467
-0.4997146,-0.4997146
1.4108253,1.4108253
3.0170549,3.0170549
-2.1605633,-2.1605633
-0.6194358,-0.6194358
1.0390692,1.0390692
0.7441985,0.7441985
0.4710133,0.4710133
13.5773353,-10.0
0.6803669,0.6803669
3.8015194,3.8015194
7.9322676,7.9322676
3.2101427,3.2101427
1.8449227,1.8449227
4.0983901,4.0983901
5.1816866,5.1816866
3.3760821,3.3760821
2.7342107,2.7342107
3.4933574,3.4933574
2.2344961,2.2344961
4.145036,4.145036
5.7512656,5.7512656
0.5736474,0.5736474
2.1147749,2.1147749
3.7732799,3.7732799
3.4784092,3.4784092
3.205224,3.205224
16.311546,-10.0
3.4145776,3.4145776
0.308162,0.308162
4.4389102,4.4389102
-0.2832147,-0.2832147
-1.6484347,-1.6484347
0.6050327,0.6050327
1.6883292,1.6883292
-0.1172753,-0.1172753
-0.7591467,-0.7591467
-3.4933574,-3.4933574
-1.2588613,-1.2588613
0.6516786,0.6516786
2.2579082,2.2579082
-2.91971,-2.91971
-1.3785825,-1.3785825
0.2799225,0.2799225
-0.0149482,-0.0149482
-0.2881334,-0.2881334
12.8181886,-10.0
-0.0787798,-0.0787798
1.5670233,1.5670233
5.6977715,5.6977715
0.9756466,0.9756466
-0.3895734,-0.3895734
1.863894,1.863894
2.9471905,2.9471905
1.141586,1.141586
0.4997146,0.4997146
-2.2344961,-2.2344961
1.2588613,1.2588613
1.9105399,1.9105399
3.5167695,3.5167695
-1.6608487,-1.6608487
-0.1197212,-0.1197212
1.5387838,1.5387838
1.2439131,1.2439131
0.9707279,0.9707279
14.0770499,-10.0
1.1800815,1.1800815
-0.3435166,-0.3435166
3.7872316,3.7872316
-0.9348933,-0.9348933
-2.3001133,-2.3001133
-0.0466459,-0.0466459
1.0366506,1.0366506
-0.7689539,-0.7689539
-1.4108253,-1.4108253
-4.145036,-4.145036
-0.6516786,-0.6516786
-1.9105399,-1.9105399
1.6062296,1.6062296
-3.5713886,-3.5713886
-2.0302611,-2.0302611
-0.3717561,-0.3717561
-0.6666268,-0.6666268
-0.939812,-0.939812
12.16651,-10.0
-0.7304584,-0.7304584
-1.9497462,-1.9497462
2.181002,2.181002
-2.5411229,-2.5411229
-3.9063429,-3.9063429
-1.6528755,-1.6528755
-0.569579,-0.569579
-2.3751835,-2.3751835
-3.0170549,-3.0170549
-5.7512656,-5.7512656
-2.2579082,-2.2579082
-3.5167695,-3.5167695
-1.6062296,-1.6062296
-5.1776182,-5.1776182
-3.6364907,-3.6364907
-1.9779857,-1.9779857
-2.2728564,-2.2728564
-2.5460416,-2.5460416
10.5602804,-10.0
-2.336688,-2.336688
3.227872,3.227872
7.3586202,7.3586202
2.6364953,2.6364953
1.2712753,1.2712753
3.5247427,3.5247427
4.6080392,4.6080392
2.8024347,2.8024347
2.1605633,2.1605633
-0.5736474,-0.5736474
2.91971,2.91971
1.6608487,1.6608487
3.5713886,3.5713886
5.1776182,5.1776182
1.5411275,1.5411275
3.1996325,3.1996325
2.9047618,2.9047618
2.6315766,2.6315766
15.7378986,-10.0
2.8409302,2.8409302
1.6867445,1.6867445
5.8174927,5.8174927
1.0953678,1.0953678
-0.2698522,-0.2698522
1.9836152,1.9836152
3.0669117,3.0669117
1.2613072,1.2613072
0.6194358,0.6194358
-2.1147749,-2.1147749
1.3785825,1.3785825
0.1197212,0.1197212
2.0302611,2.0302611
3.6364907,3.6364907
-1.5411275,-1.5411275
1.658505,1.658505
1.3636343,1.3636343
1.0904491,1.0904491
14.1967711,-10.0
1.2998027,1.2998027
0.0282395,0.0282395
4.1589877,4.1589877
-0.5631372,-0.5631372
-1.9283572,-1.9283572
0.3251102,0.3251102
1.4084067,1.4084067
-0.3971978,-0.3971978
-1.0390692,-1.0390692
-3.7732799,-3.7732799
-0.2799225,-0.2799225
-1.5387838,-1.5387838
0.3717561,0.3717561
1.9779857,1.9779857
-3.1996325,-3.1996325
-1.658505,-1.658505
-0.2948707,-0.2948707
-0.5680559,-0.5680559
12.5382661,-10.0
-0.3587023,-0.3587023
0.3231102,0.3231102
4.4538584,4.4538584
-0.2682665,-0.2682665
-1.6334865,-1.6334865
0.6199809,0.6199809
1.7032774,1.7032774
-0.1023271,-0.1023271
-0.7441985,-0.7441985
-3.4784092,-3.4784092
0.0149482,0.0149482
-1.2439131,-1.2439131
0.6666268,0.6666268
2.2728564,2.2728564
-2.9047618,-2.9047618
-1.3636343,-1.3636343
0.2948707,0.2948707
-0.2731852,-0.2731852
12.8331368,-10.0
-0.0638316,-0.0638316
0.5962954,0.5962954
4.7270436,4.7270436
0.0049187,0.0049187
-1.3603013,-1.3603013
0.8931661,0.8931661
1.9764626,1.9764626
0.1708581,0.1708581
-0.4710133,-0.4710133
-3.205224,-3.205224
0.2881334,0.2881334
-0.9707279,-0.9707279
0.939812,0.939812
2.5460416,2.5460416
-2.6315766,-2.6315766
-1.0904491,-1.0904491
0.5680559,0.5680559
0.2731852,0.2731852
13.106322,-10.0
0.2093536,0.2093536
-12.5100266,-10.0
-8.3792784,-8.3792784
-13.1014033,-10.0
-14.4666233,-10.0
-12.2131559,-10.0
-11.1298594,-10.0
-12.9354639,-10.0
-13.5773353,-10.0
-16.311546,-10.0
-12.8181886,-10.0
-14.0770499,-10.0
-12.16651,-10.0
-10.5602804,-10.0
-15.7378986,-10.0
-14.1967711,-10.0
-12.5382661,-10.0
-12.8331368,-10.0
-13.106322,-10.0
-12.8969684,-10.0
0.3869418,0.3869418
4.51769,4.51769
-0.2044349,-0.2044349
-1.5696549,-1.5696549
0.6838125,0.6838125
1.767109,1.767109
-0.0384955,-0.0384955
-0.6803669,-0.6803669
-3.4145776,-3.4145776
0.0787798,0.0787798
-1.1800815,-1.1800815
0.7304584,0.7304584
2.336688,2.336688
-2.8409302,-2.8409302
-1.2998027,-1.2998027
0.3587023,0.3587023
0.0638316,0.0638316
-0.2093536,-0.2093536
12.8969684,-10.0
4.4596656,4.4596656
-1.4065267,-1.4065267
-3.5799132,-3.5799132
-0.881776,-0.881776
-1.0911142,-1.0911142
0.3842073,0.3842073
0.8266257,0.8266257
-0.8568055,-0.8568055
1.8363499,1.8363499
0.2464889,0.2464889
-0.2540588,-0.2540588
9.8940736,9.8940736
-2.6076417,-2.6076417
-0.5913343,-0.5913343
0.3713036,0.3713036
0.0908067,0.0908067
1.0308956,1.0308956
0.6820513,0.6820513
13.6752894,-10.0
-4.4596656,-4.4596656
-5.8661923,-5.8661923
-8.0395788,-8.0395788
-5.3414416,-5.3414416
-5.5507798,-5.5507798
-4.0754583,-4.0754583
-3.6330399,-3.6330399
-5.3164711,-5.3164711
-2.6233157,-2.6233157
-4.2131767,-4.2131767
-4.7137244,-4.7137244
5.434408,5.434408
-7.0673073,-7.0673073
-5.0509999,-5.0509999
-4.088362,-4.088362
-4.3688589,-4.3688589
-3.42877,-3.42877
-3.7776143,-3.7776143
9.2156238,9.2156238
1.4065267,1.4065267
5.8661923,5.8661923
-2.1733865,-2.1733865
0.5247507,0.5247507
0.3154125,0.3154125
1.790734,1.790734
2.2331524,2.2331524
0.5497212,0.5497212
3.2428766,3.2428766
1.6530156,1.6530156
1.1524679,1.1524679
11.3006003,-10.0
-1.201115,-1.201115
0.8151924,0.8151924
1.7778303,1.7778303
1.4973334,1.4973334
2.4374223,2.4374223
2.088578,2.088578
15.0818161,-10.0
3.5799132,3.5799132
8.0395788,8.0395788
2.1733865,2.1733865
2.6981372,2.6981372
2.488799,2.488799
3.9641205,3.9641205
4.4065389,4.4065389
2.7231077,2.7231077
5.4162631,5.4162631
3.8264021,3.8264021
3.3258544,3.3258544
13.4739868,-10.0
0.9722715,0.9722715
2.9885789,2.9885789
3.9512168,3.9512168
3.6707199,3.6707199
4.6108088,4.6108088
4.2619645,4.2619645
17.2552026,-10.0
0.881776,0.881776
5.3414416,5.3414416
-0.5247507,-0.5247507
-2.6981372,-2.6981372
-0.2093382,-0.2093382
1.2659833,1.2659833
1.7084017,1.7084017
0.0249705,0.0249705
2.7181259,2.7181259
1.1282649,1.1282649
0.6277172,0.6277172
10.7758496,-10.0
-1.7258657,-1.7258657
0.2904417,0.2904417
1.2530796,1.2530796
0.9725827,0.9725827
1.9126716,1.9126716
1.5638273,1.5638273
14.5570654,-10.0
1.0911142,1.0911142
5.5507798,5.5507798
-0.3154125,-0.3154125
-2.488799,-2.488799
0.2093382,0.2093382
1.4753215,1.4753215
1.9177399,1.9177399
0.2343087,0.2343087
2.9274641,2.9274641
1.3376031,1.3376031
0.8370554,0.8370554
10.9851878,-10.0
-1.5165275,-1.5165275
0.4997799,0.4997799
1.4624178,1.4624178
1.1819209,1.1819209
2.1220098,2.1220098
1.7731655,1.7731655
14.7664036,-10.0
-0.3842073,-0.3842073
4.0754583,4.0754583
-1.790734,-1.790734
-3.9641205,-3.9641205
-1.2659833,-1.2659833
-1.4753215,-1.4753215
0.4424184,0.4424184
-1.2410128,-1.2410128
1.4521426,1.4521426
-0.1377184,-0.1377184
-0.6382661,-0.6382661
9.5098663,9.5098663
-2.991849,-2.991849
-0.9755416,-0.9755416
-0.0129037,-0.0129037
-0.2934006,-0.2934006
0.6466883,0.6466883
0.297844,0.297844
13.2910821,-10.0
-0.8266257,-0.8266257
3.6330399,3.6330399
-2.2331524,-2.2331524
-4.4065389,-4.4065389
-1.7084017,-1.7084017
-1.9177399,-1.9177399
-0.4424184,-0.4424184
-1.6834312,-1.6834312
1.0097242,1.0097242
-0.5801368,-0.5801368
-1.0806845,-1.0806845
9.0674479,9.0674479
-3.4342674,-3.4342674
-1.41796,-1.41796
-0.4553221,-0.4553221
-0.735819,-0.735819
0.2042699,0.2042699
-0.1445744,-0.1445744
12.8486637,-10.0
0.8568055,0.8568055
5.3164711,5.3164711
-0.5497212,-0.5497212
-2.7231077,-2.7231077
-0.0249705,-0.0249705
-0.2343087,-0.2343087
1.2410128,1.2410128
1.6834312,1.6834312
2.6931554,2.6931554
1.1032944,1.1032944
0.6027467,0.6027467
10.7508791,-10.0
-1.7508362,-1.7508362
0.2654712,0.2654712
1.2281091,1.2281091
0.9476122,0.9476122
1.8877011,1.8877011
1.5388568,1.5388568
14.5320949,-10.0
-1.8363499,-1.8363499
2.6233157,2.6233157
-3.2428766,-3.2428766
-5.4162631,-5.4162631
-2.7181259,-2.7181259
-2.9274641,-2.9274641
-1.4521426,-1.4521426
-1.0097242,-1.0097242
-2.6931554,-2.6931554
-1.589861,-1.589861
-2.0904087,-2.0904087
8.0577237,8.0577237
-4.4439916,-4.4439916
-2.4276842,-2.4276842
-1.4650463,-1.4650463
-1.7455432,-1.7455432
-0.8054543,-0.8054543
-1.1542986,-1.1542986
11.8389395,-10.0
-0.2464889,-0.2464889
4.2131767,4.2131767
-1.6530156,-1.6530156
-3.8264021,-3.8264021
-1.1282649,-1.1282649
-1.3376031,-1.3376031
0.1377184,0.1377184
0.5801368,0.5801368
-1.1032944,-1.1032944
1.589861,1.589861
-0.5005477,-0.5005477
9.6475847,9.6475847
-2.8541306,-2.8541306
-0.8378232,-0.8378232
0.1248147,0.1248147
-0.1556822,-0.1556822
0.7844067,0.7844067
0.4355624,0.4355624
13.4288005,-10.0
0.2540588,0.2540588
4.7137244,4.7137244
-1.1524679,-1.1524679
-3.3258544,-3.3258544
-0.6277172,-0.6277172
-0.8370554,-0.8370554
0.6382661,0.6382661
1.0806845,1.0806845
-0.6027467,-0.6027467
2.0904087,2.0904087
0.5005477,0.5005477
10.1481324,-10.0
-2.3535829,-2.3535829
-0.3372755,-0.3372755
0.6253624,0.6253624
0.3448655,0.3448655
1.2849544,1.2849544
0.9361101,0.9361101
13.9293482,-10.0
-9.8940736,-9.8940736
-5.434408,-5.434408
-11.3006003,-10.0
-13.4739868,-10.0
-10.7758496,-10.0
-10.9851878,-10.0
-9.5098663,-9.5098663
-9.0674479,-9.0674479
-10.7508791,-10.0
-8.0577237,-8.0577237
-9.6475847,-9.6475847
-10.1481324,-10.0
-12.5017153,-10.0
-10.4854079,-10.0
-9.52277,-9.52277
-9.8032669,-9.8032669
-8.863178,-8.863178
-9.2120223,-9.2120223
3.7812158,3.7812158
2.6076417,2.6076417
7.0673073,7.0673073
1.201115,1.201115
-0.9722715,-0.9722715
1.7258657,1.7258657
1.5165275,1.5165275
2.991849,2.991849
3.4342674,3.4342674
1.7508362,1.7508362
4.4439916,4.4439916
2.8541306,2.8541306
2.3535829,2.3535829
12.5017153,-10.0
2.0163074,2.0163074
2.9789453,2.9789453
2.6984484,2.6984484
3.6385373,3.6385373
3.289693,3.289693
16.2829311,-10.0
0.5913343,0.5913343
5.0509999,5.0509999
-0.8151924,-0.8151924
-2.9885789,-2.9885789
-0.2904417,-0.2904417
-0.4997799,-0.4997799
0.9755416,0.9755416
1.41796,1.41796
-0.2654712,-0.2654712
2.4276842,2.4276842
0.8378232,0.8378232
0.3372755,0.3372755
10.4854079,-10.0
-2.0163074,-2.0163074
0.9626379,0.9626379
0.682141,0.682141
1.6222299,1.6222299
1.2733856,1.2733856
14.2666237,-10.0
-0.3713036,-0.3713036
4.088362,4.088362
-1.7778303,-1.7778303
-3.9512168,-3.9512168
-1.2530796,-1.2530796
-1.4624178,-1.4624178
0.0129037,0.0129037
0.4553221,0.4553221
-1.2281091,-1.2281091
1.4650463,1.4650463
-0.1248147,-0.1248147
-0.6253624,-0.6253624
9.52277,9.52277
-2.9789453,-2.9789453
-0.9626379,-0.9626379
-0.2804969,-0.2804969
0.659592,0.659592
0.3107477,0.3107477
13.3039858,-10.0
-0.0908067,-0.0908067
4.3688589,4.3688589
-1.4973334,-1.4973334
-3.6707199,-3.6707199
-0.9725827,-0.9725827
-1.1819209,-1.1819209
0.2934006,0.2934006
0.735819,0.735819
-0.9476122,-0.9476122
1.7455432,1.7455432
0.1556822,0.1556822
-0.3448655,-0.3448655
9.8032669,9.8032669
-2.6984484,-2.6984484
-0.682141,-0.682141
0.2804969,0.2804969
0.9400889,0.9400889
0.5912446,0.5912446
13.5844827,-10.0
-1.0308956,-1.0308956
3.42877,3.42877
-2.4374223,-2.4374223
-4.6108088,-4.6108088
-1.9126716,-1.9126716
-2.1220098,-2.1220098
-0.6466883,-0.6466883
-0.2042699,-0.2042699
-1.8877011,-1.8877011
0.8054543,0.8054543
-0.7844067,-0.7844067
-1.2849544,-1.2849544
8.863178,8.863178
-3.6385373,-3.6385373
-1.6222299,-1.6222299
-0.659592,-0.659592
-0.9400889,-0.9400889
-0.3488443,-0.3488443
12.6443938,-10.0
-0.6820513,-0.6820513
3.7776143,3.7776143
-2.088578,-2.088578
-4.2619645,-4.2619645
-1.5638273,-1.5638273
-1.7731655,-1.7731655
-0.297844,-0.297844
0.1445744,0.1445744
-1.5388568,-1.5388568
1.1542986,1.1542986
-0.4355624,-0.4355624
-0.9361101,-0.9361101
9.2120223,9.2120223
-3.289693,-3.289693
-1.2733856,-1.2733856
-0.3107477,-0.3107477
-0.5912446,-0.5912446
0.3488443,0.3488443
12.9932381,-10.0
-13.6752894,-10.0
-9.2156238,-9.2156238
-15.0818161,-10.0
-17.2552026,-10.0
-14.5570654,-10.0
-14.7664036,-10.0
-13.2910821,-10.0
-12.8486637,-10.0
-14.5320949,-10.0
-11.8389395,-10.0
-13.4288005,-10.0
-13.9293482,-10.0
-3.7812158,-3.7812158
-16.2829311,-10.0
-14.2666237,-10.0
-13.3039858,-10.0
-13.5844827,-10.0
-12.6443938,-10.0
-12.9932381,-10.0
13.6187984,-10.0
0.7653308,0.7653308
-0.0981159,-0.0981159
-1.759844,-1.759844
1.7643052,1.7643052
-0.1126657,-0.1126657
0.0825156,0.0825156
-1.5445694,-1.5445694
-1.0457291,-1.0457291
-2.3110898,-2.3110898
-2.314183,-2.314183
14.5263202,-10.0
-1.4565119,-1.4565119
-2.3760257,-2.3760257
-0.1755508,-0.1755508
-0.3905668,-0.3905668
0.999162,0.999162
0.0587728,0.0587728
0.165783,0.165783
-13.6187984,-10.0
-12.8534676,-10.0
-13.7169143,-10.0
-15.3786424,-10.0
-11.8544932,-10.0
-13.7314641,-10.0
-13.5362828,-10.0
-15.1633678,-10.0
-14.6645275,-10.0
-15.9298882,-10.0
-15.9329814,-10.0
0.9075218,0.9075218
-15.0753103,-10.0
-15.9948241,-10.0
-13.7943492,-10.0
-14.0093652,-10.0
-12.6196364,-10.0
-13.5600256,-10.0
-13.4530154,-10.0
-0.7653308,-0.7653308
12.8534676,-10.0
-0.8634467,-0.8634467
-2.5251748,-2.5251748
0.9989744,0.9989744
-0.8779965,-0.8779965
-0.6828152,-0.6828152
-2.3099002,-2.3099002
-1.8110599,-1.8110599
-3.0764206,-3.0764206
-3.0795138,-3.0795138
13.7609894,-10.0
-2.2218427,-2.2218427
-3.1413565,-3.1413565
-0.9408816,-0.9408816
-1.1558976,-1.1558976
0.2338312,0.2338312
-0.706558,-0.706558
-0.5995478,-0.5995478
0.0981159,0.0981159
13.7169143,-10.0
0.8634467,0.8634467
-1.6617281,-1.6617281
1.8624211,1.8624211
-0.0145498,-0.0145498
0.1806315,0.1806315
-1.4464535,-1.4464535
-0.9476132,-0.9476132
-2.2129739,-2.2129739
-2.2160671,-2.2160671
14.6244361,-10.0
-1.358396,-1.358396
-2.2779098,-2.2779098
-0.0774349,-0.0774349
-0.2924509,-0.2924509
1.0972779,1.0972779
0.1568887,0.1568887
0.2638989,0.2638989
1.759844,1.759844
15.3786424,-10.0
2.5251748,2.5251748
1.6617281,1.6617281
3.5241492,3.5241492
1.6471783,1.6471783
1.8423596,1.8423596
0.2152746,0.2152746
0.7141149,0.7141149
-0.5512458,-0.5512458
-0.554339,-0.554339
16.2861642,-10.0
0.3033321,0.3033321
-0.6161817,-0.6161817
1.5842932,1.5842932
1.3692772,1.3692772
2.759006,2.759006
1.8186168,1.8186168
1.925627,1.925627
-1.7643052,-1.7643052
11.8544932,-10.0
-0.9989744,-0.9989744
-1.8624211,-1.8624211
-3.5241492,-3.5241492
-1.8769709,-1.8769709
-1.6817896,-1.6817896
-3.3088746,-3.3088746
-2.8100343,-2.8100343
-4.075395,-4.075395
-4.0784882,-4.0784882
12.762015,-10.0
-3.2208171,-3.2208171
-4.1403309,-4.1403309
-1.939856,-1.939856
-2.154872,-2.154872
-0.7651432,-0.7651432
-1.7055324,-1.7055324
-1.5985222,-1.5985222
0.1126657,0.1126657
13.7314641,-10.0
0.8779965,0.8779965
0.0145498,0.0145498
-1.6471783,-1.6471783
1.8769709,1.8769709
0.1951813,0.1951813
-1.4319037,-1.4319037
-0.9330634,-0.9330634
-2.1984241,-2.1984241
-2.2015173,-2.2015173
14.6389859,-10.0
-1.3438462,-1.3438462
-2.26336,-2.26336
-0.0628851,-0.0628851
-0.2779011,-0.2779011
1.1118277,1.1118277
0.1714385,0.1714385
0.2784487,0.2784487
-0.0825156,-0.0825156
13.5362828,-10.0
0.6828152,0.6828152
-0.1806315,-0.1806315
-1.8423596,-1.8423596
1.6817896,1.6817896
-0.1951813,-0.1951813
-1.627085,-1.627085
-1.1282447,-1.1282447
-2.3936054,-2.3936054
-2.3966986,-2.3966986
14.4438046,-10.0
-1.5390275,-1.5390275
-2.4585413,-2.4585413
-0.2580664,-0.2580664
-0.4730824,-0.4730824
0.9166464,0.9166464
-0.0237428,-0.0237428
0.0832674,0.0832674
1.5445694,1.5445694
15.1633678,-10.0
2.3099002,2.3099002
1.4464535,1.4464535
-0.2152746,-0.2152746
3.3088746,3.3088746
1.4319037,1.4319037
1.627085,1.627085
0.4988403,0.4988403
-0.7665204,-0.7665204
-0.7696136,-0.7696136
16.0708896,-10.0
0.0880575,0.0880575
-0.8314563,-0.8314563
1.3690186,1.3690186
1.1540026,1.1540026
2.5437314,2.5437314
1.6033422,1.6033422
1.7103524,1.7103524
1.0457291,1.0457291
14.6645275,-10.0
1.8110599,1.8110599
0.9476132,0.9476132
-0.7141149,-0.7141149
2.8100343,2.8100343
0.9330634,0.9330634
1.1282447,1.1282447
-0.4988403,-0.4988403
-1.2653607,-1.2653607
-1.2684539,-1.2684539
15.5720493,-10.0
-0.4107828,-0.4107828
-1.3302966,-1.3302966
0.8701783,0.8701783
0.6551623,0.6551623
2.0448911,2.0448911
1.1045019,1.1045019
1.2115121,1.2115121
2.3110898,2.3110898
15.9298882,-10.0
3.0764206,3.0764206
2.2129739,2.2129739
0.5512458,0.5512458
4.075395,4.075395
2.1984241,2.1984241
2.3936054,2.3936054
0.7665204,0.7665204
1.2653607,1.2653607
-0.0030932,-0.0030932
16.83741,-10.0
0.8545779,0.8545779
-0.0649359,-0.0649359
2.135539,2.135539
1.920523,1.920523
3.3102518,3.3102518
2.3698626,2.3698626
2.4768728,2.4768728
2.314183,2.314183
15.9329814,-10.0
3.0795138,3.0795138
2.2160671,2.2160671
0.554339,0.554339
4.0784882,4.0784882
2.2015173,2.2015173
2.3966986,2.3966986
0.7696136,0.7696136
1.2684539,1.2684539
0.0030932,0.0030932
16.8405032,-10.0
0.8576711,0.8576711
-0.0618427,-0.0618427
2.1386322,2.1386322
1.9236162,1.9236162
3.313345,3.313345
2.3729558,2.3729558
2.479966,2.479966
-14.5263202,-10.0
-0.9075218,-0.9075218
-13.7609894,-10.0
-14.6244361,-10.0
-16.2861642,-10.0
-12.762015,-10.0
-14.6389859,-10.0
-14.4438046,-10.0
-16.0708896,-10.0
-15.5720493,-10.0
-16.83741,-10.0
-16.8405032,-10.0
-15.9828321,-10.0
-16.9023459,-10.0
-14.701871,-10.0
-14.916887,-10.0
-13.5271582,-10.0
-14.4675474,-10.0
-14.3605372,-10.0
1.4565119,1.4565119
15.0753103,-10.0
2.2218427,2.2218427
1.358396,1.358396
-0.3033321,-0.3033321
3.2208171,3.2208171
1.3438462,1.3438462
1.5390275,1.5390275
-0.0880575,-0.0880575
0.4107828,0.4107828
-0.8545779,-0.8545779
-0.8576711,-0.8576711
15.9828321,-10.0
-0.9195138,-0.9195138
1.2809611,1.2809611
1.0659451,1.0659451
2.4556739,2.4556739
1.5152847,1.5152847
1.6222949,1.6222949
2.3760257,2.3760257
15.9948241,-10.0
3.1413565,3.1413565
2.2779098,2.2779098
0.6161817,0.6161817
4.1403309,4.1403309
2.26336,2.26336
2.4585413,2.4585413
0.8314563,0.8314563
1.3302966,1.3302966
0.0649359,0.0649359
0.0618427,0.0618427
16.9023459,-10.0
0.9195138,0.9195138
2.2004749,2.2004749
1.9854589,1.9854589
3.3751877,3.3751877
2.4347985,2.4347985
2.5418087,2.5418087
0.1755508,0.1755508
13.7943492,-10.0
0.9408816,0.9408816
0.0774349,0.0774349
-1.5842932,-1.5842932
1.939856,1.939856
0.0628851,0.0628851
0.2580664,0.2580664
-1.3690186,-1.3690186
-0.8701783,-0.8701783
-2.135539,-2.135539
-2.1386322,-2.1386322
14.701871,-10.0
-1.2809611,-1.2809611
-2.2004749,-2.2004749
-0.215016,-0.215016
1.1747128,1.1747128
0.2343236,0.2343236
0.3413338,0.3413338
0.3905668,0.3905668
14.0093652,-10.0
1.1558976,1.1558976
0.2924509,0.2924509
-1.3692772,-1.3692772
2.154872,2.154872
0.2779011,0.2779011
0.4730824,0.4730824
-1.1540026,-1.1540026
-0.6551623,-0.6551623
-1.920523,-1.920523
-1.9236162,-1.9236162
14.916887,-10.0
-1.0659451,-1.0659451
-1.9854589,-1.9854589
0.215016,0.215016
1.3897288,1.3897288
0.4493396,0.4493396
0.5563498,0.5563498
-0.999162,-0.999162
12.6196364,-10.0
-0.2338312,-0.2338312
-1.0972779,-1.0972779
-2.759006,-2.759006
0.7651432,0.7651432
-1.1118277,-1.1118277
-0.9166464,-0.9166464
-2.5437314,-2.5437314
-2.0448911,-2.0448911
-3.3102518,-3.3102518
-3.313345,-3.313345
13.5271582,-10.0
-2.4556739,-2.4556739
-3.3751877,-3.3751877
-1.1747128,-1.1747128
-1.3897288,-1.3897288
-0.9403892,-0.9403892
-0.833379,-0.833379
-0.0587728,-0.0587728
13.5600256,-10.0
0.706558,0.706558
-0.1568887,-0.1568887
-1.8186168,-1.8186168
1.7055324,1.7055324
-0.1714385,-0.1714385
0.0237428,0.0237428
-1.6033422,-1.6033422
-1.1045019,-1.1045019
-2.3698626,-2.3698626
-2.3729558,-2.3729558
14.4675474,-10.0
-1.5152847,-1.5152847
-2.4347985,-2.4347985
-0.2343236,-0.2343236
-0.4493396,-0.4493396
0.9403892,0.9403892
0.1070102,0.1070102
-0.165783,-0.165783
13.4530154,-10.0
0.5995478,0.5995478
-0.2638989,-0.2638989
-1.925627,-1.925627
1.5985222,1.5985222
-0.2784487,-0.2784487
-0.0832674,-0.0832674
-1.7103524,-1.7103524
-1.2115121,-1.2115121
-2.4768728,-2.4768728
-2.479966,-2.479966
14.3605372,-10.0
-1.6222949,-1.6222949
-2.5418087,-2.5418087
-0.3413338,-0.3413338
-0.5563498,-0.5563498
0.833379,0.833379
-0.1070102,-0.1070102
3.2505449,3.2505449
-0.1048238,-0.1048238
-1.2921754,-1.2921754
2.308812,2.308812
-2.1319655,-2.1319655
1.5858063,1.5858063
0.4938993,0.4938993
-0.7381722,-0.7381722
3.8792877,3.8792877
-0.274941,-0.274941
0.3397158,0.3397158
-0.7907319,-0.7907319
1.0509282,1.0509282
0.2290078,0.2290078
0.8974609,0.8974609
0.6136191,0.6136191
1.5100422,1.5100422
14.12234,-10.0
1.4644073,1.4644073
-3.2505449,-3.2505449
-3.3553687,-3.3553687
-4.5427203,-4.5427203
-0.9417329,-0.9417329
-5.3825104,-5.3825104
-1.6647386,-1.6647386
-2.7566456,-2.7566456
-3.9887171,-3.9887171
0.6287428,0.6287428
-3.5254859,-3.5254859
-2.9108291,-2.9108291
-4.0412768,-4.0412768
-2.1996167,-2.1996167
-3.0215371,-3.0215371
-2.353084,-2.353084
-2.6369258,-2.6369258
-1.7405027,-1.7405027
10.8717951,-10.0
-1.7861376,-1.7861376
0.1048238,0.1048238
3.3553687,3.3553687
-1.1873516,-1.1873516
2.4136358,2.4136358
-2.0271417,-2.0271417
1.6906301,1.6906301
0.5987231,0.5987231
-0.6333484,-0.6333484
3.9841115,3.9841115
-0.1701172,-0.1701172
0.4445396,0.4445396
-0.6859081,-0.6859081
1.155752,1.155752
0.3338316,0.3338316
1.0022847,1.0022847
0.7184429,0.7184429
1.614866,1.614866
14.2271638,-10.0
1.5692311,1.5692311
1.2921754,1.2921754
4.5427203,4.5427203
1.1873516,1.1873516
3.6009874,3.6009874
-0.8397901,-0.8397901
2.8779817,2.8779817
1.7860747,1.7860747
0.5540032,0.5540032
5.1714631,5.1714631
1.0172344,1.0172344
1.6318912,1.6318912
0.5014435,0.5014435
2.3431036,2.3431036
1.5211832,1.5211832
2.1896363,2.1896363
1.9057945,1.9057945
2.8022176,2.8022176
15.4145154,-10.0
2.7565827,2.7565827
-2.308812,-2.308812
0.9417329,0.9417329
-2.4136358,-2.4136358
-3.6009874,-3.6009874
-4.4407775,-4.4407775
-0.7230057,-0.7230057
-1.8149127,-1.8149127
-3.0469842,-3.0469842
1.5704757,1.5704757
-2.583753,-2.583753
-1.9690962,-1.9690962
-3.0995439,-3.0995439
-1.2578838,-1.2578838
-2.0798042,-2.0798042
-1.4113511,-1.4113511
-1.6951929,-1.6951929
-0.7987698,-0.7987698
11.813528,-10.0
-0.8444047,-0.8444047
2.1319655,2.1319655
5.3825104,5.3825104
2.0271417,2.0271417
0.8397901,0.8397901
4.4407775,4.4407775
3.7177718,3.7177718
2.6258648,2.6258648
1.3937933,1.3937933
6.0112532,6.0112532
1.8570245,1.8570245
2.4716813,2.4716813
1.3412336,1.3412336
3.1828937,3.1828937
2.3609733,2.3609733
3.0294264,3.0294264
2.7455846,2.7455846
3.6420077,3.6420077
16.2543055,-10.0
3.5963728,3.5963728
-1.5858063,-1.5858063
1.6647386,1.6647386
-1.6906301,-1.6906301
-2.8779817,-2.8779817
0.7230057,0.7230057
-3.7177718,-3.7177718
-1.091907,-1.091907
-2.3239785,-2.3239785
2.2934814,2.2934814
-1.8607473,-1.8607473
-1.2460905,-1.2460905
-2.3765382,-2.3765382
-0.5348781,-0.5348781
-1.3567985,-1.3567985
-0.6883454,-0.6883454
-0.9721872,-0.9721872
-0.0757641,-0.0757641
12.5365337,-10.0
-0.121399,-0.121399
-0.4938993,-0.4938993
2.7566456,2.7566456
-0.5987231,-0.5987231
-1.7860747,-1.7860747
1.8149127,1.8149127
-2.6258648,-2.6258648
1.091907,1.091907
-1.2320715,-1.2320715
3.3853884,3.3853884
-0.7688403,-0.7688403
-0.1541835,-0.1541835
-1.2846312,-1.2846312
0.5570289,0.5570289
-0.2648915,-0.2648915
0.4035616,0.4035616
0.1197198,0.1197198
1.0161429,1.0161429
13.6284407,-10.0
0.970508,0.970508
0.7381722,0.7381722
3.9887171,3.9887171
0.6333484,0.6333484
-0.5540032,-0.5540032
3.0469842,3.0469842
-1.3937933,-1.3937933
2.3239785,2.3239785
1.2320715,1.2320715
4.6174599,4.6174599
0.4632312,0.4632312
1.077888,1.077888
-0.0525597,-0.0525597
1.7891004,1.7891004
0.96718,0.96718
1.6356331,1.6356331
1.3517913,1.3517913
2.2482144,2.2482144
14.8605122,-10.0
2.2025795,2.2025795
-3.8792877,-3.8792877
-0.6287428,-0.6287428
-3.9841115,-3.9841115
-5.1714631,-5.1714631
-1.5704757,-1.5704757
-6.0112532,-6.0112532
-2.2934814,-2.2934814
-3.3853884,-3.3853884
-4.6174599,-4.6174599
-4.1542287,-4.1542287
-3.5395719,-3.5395719
-4.6700196,-4.6700196
-2.8283595,-2.8283595
-3.6502799,-3.6502799
-2.9818268,-2.9818268
-3.2656686,-3.2656686
-2.3692455,-2.3692455
10.2430523,-10.0
-2.4148804,-2.4148804
0.274941,0.274941
3.5254859,3.5254859
0.1701172,0.1701172
-1.0172344,-1.0172344
2.583753,2.583753
-1.8570245,-1.8570245
1.8607473,1.8607473
0.7688403,0.7688403
-0.4632312,-0.4632312
4.1542287,4.1542287
0.6146568,0.6146568
-0.5157909,-0.5157909
1.3258692,1.3258692
0.5039488,0.5039488
1.1724019,1.1724019
0.8885601,0.8885601
1.7849832,1.7849832
14.397281,-10.0
1.7393483,1.7393483
-0.3397158,-0.3397158
2.9108291,2.9108291
-0.4445396,-0.4445396
-1.6318912,-1.6318912
1.9690962,1.9690962
-2.4716813,-2.4716813
1.2460905,1.2460905
0.1541835,0.1541835
-1.077888,-1.077888
3.5395719,3.5395719
-0.6146568,-0.6146568
-1.1304477,-1.1304477
0.7112124,0.7112124
-0.110708,-0.110708
0.5577451,0.5577451
0.2739033,0.2739033
1.1703264,1.1703264
13.7826242,-10.0
1.1246915,1.1246915
0.7907319,0.7907319
4.0412768,4.0412768
0.6859081,0.6859081
-0.5014435,-0.5014435
3.0995439,3.0995439
-1.3412336,-1.3412336
2.3765382,2.3765382
1.2846312,1.2846312
0.0525597,0.0525597
4.6700196,4.6700196
0.5157909,0.5157909
1.1304477,1.1304477
1.8416601,1.8416601
1.0197397,1.0197397
1.6881928,1.6881928
1.404351,1.404351
2.3007741,2.3007741
14.9130719,-10.0
2.2551392,2.2551392
-1.0509282,-1.0509282
2.1996167,2.1996167
-1.155752,-1.155752
-2.3431036,-2.3431036
1.2578838,1.2578838
-3.1828937,-3.1828937
0.5348781,0.5348781
-0.5570289,-0.5570289
-1.7891004,-1.7891004
2.8283595,2.8283595
-1.3258692,-1.3258692
-0.7112124,-0.7112124
-1.8416601,-1.8416601
-0.8219204,-0.8219204
-0.1534673,-0.1534673
-0.4373091,-0.4373091
0.459114,0.459114
13.0714118,-10.0
0.4134791,0.4134791
-0.2290078,-0.2290078
3.0215371,3.0215371
-0.3338316,-0.3338316
-1.5211832,-1.5211832
2.0798042,2.0798042
-2.3609733,-2.3609733
1.3567985,1.3567985
0.2648915,0.2648915
-0.96718,-0.96718
3.6502799,3.6502799
-0.5039488,-0.5039488
0.110708,0.110708
-1.0197397,-1.0197397
0.8219204,0.8219204
0.6684531,0.6684531
0.3846113,0.3846113
1.2810344,1.2810344
13.8933322,-10.0
1.2353995,1.2353995
-0.8974609,-0.8974609
2.353084,2.353084
-1.0022847,-1.0022847
-2.1896363,-2.1896363
1.4113511,1.4113511
-3.0294264,-3.0294264
0.6883454,0.6883454
-0.4035616,-0.4035616
-1.6356331,-1.6356331
2.9818268,2.9818268
-1.1724019,-1.1724019
-0.5577451,-0.5577451
-1.6881928,-1.6881928
0.1534673,0.1534673
-0.6684531,-0.6684531
-0.2838418,-0.2838418
0.6125813,0.6125813
13.2248791,-10.0
0.5669464,0.5669464
-0.6136191,-0.6136191
2.6369258,2.6369258
-0.7184429,-0.7184429
-1.9057945,-1.9057945
1.6951929,1.6951929
-2.7455846,-2.7455846
0.9721872,0.9721872
-0.1197198,-0.1197198
-1.3517913,-1.3517913
3.2656686,3.2656686
-0.8885601,-0.8885601
-0.2739033,-0.2739033
-1.404351,-1.404351
0.4373091,0.4373091
-0.3846113,-0.3846113
0.2838418,0.2838418
0.8964231,0.8964231
13.5087209,-10.0
0.8507882,0.8507882
-1.5100422,-1.5100422
1.7405027,1.7405027
-1.614866,-1.614866
-2.8022176,-2.8022176
0.7987698,0.7987698
-3.6420077,-3.6420077
0.0757641,0.0757641
-1.0161429,-1.0161429
-2.2482144,-2.2482144
2.3692455,2.3692455
-1.7849832,-1.7849832
-1.1703264,-1.1703264
-2.3007741,-2.3007741
-0.459114,-0.459114
-1.2810344,-1.2810344
-0.6125813,-0.6125813
-0.8964231,-0.8964231
12.6122978,-10.0
-0.0456349,-0.0456349
-14.12234,-10.0
-10.8717951,-10.0
-14.2271638,-10.0
-15.4145154,-10.0
-11.813528,-10.0
-16.2543055,-10.0
-12.5365337,-10.0
-13.6284407,-10.0
-14.8605122,-10.0
-10.2430523,-10.0
-14.397281,-10.0
-13.7826242,-10.0
-14.9130719,-10.0
-13.0714118,-10.0
-13.8933322,-10.0
-13.2248791,-10.0
-13.5087209,-10.0
-12.6122978,-10.0
-12.6579327,-10.0
-1.4644073,-1.4644073
1.7861376,1.7861376
-1.5692311,-1.5692311
-2.7565827,-2.7565827
0.8444047,0.8444047
-3.5963728,-3.5963728
0.121399,0.121399
-0.970508,-0.970508
-2.2025795,-2.2025795
2.4148804,2.4148804
-1.7393483,-1.7393483
-1.1246915,-1.1246915
-2.2551392,-2.2551392
-0.4134791,-0.4134791
-1.2353995,-1.2353995
-0.5669464,-0.5669464
-0.8507882,-0.8507882
0.0456349,0.0456349
12.6579327,-10.0
1.234197,1.234197
-1.3848238,-1.3848238
-1.7659451,-1.7659451
-3.3000398,-3.3000398
-1.8780057,-1.8780057
-1.1049035,-1.1049035
-4.3677536,-4.3677536
4.3054594,4.3054594
-3.1233337,-3.1233337
-3.4159842,-3.4159842
-3.7302407,-3.7302407
-0.777671,-0.777671
1.8218756,1.8218756
0.281233,0.281233
-2.3035008,-2.3035008
-3.3950142,-3.3950142
-4.4432284,-4.4432284
5.3429983,5.3429983
-1.7304517,-1.7304517
-1.234197,-1.234197
-2.6190208,-2.6190208
-3.0001421,-3.0001421
-4.5342368,-4.5342368
-3.1122027,-3.1122027
-2.3391005,-2.3391005
-5.6019506,-5.6019506
3.0712624,3.0712624
-4.3575307,-4.3575307
-4.6501812,-4.6501812
-4.9644377,-4.9644377
-2.011868,-2.011868
0.5876786,0.5876786
-0.952964,-0.952964
-3.5376978,-3.5376978
-4.6292112,-4.6292112
-5.6774254,-5.6774254
4.1088013,4.1088013
-2.9646487,-2.9646487
1.3848238,1.3848238
2.6190208,2.6190208
-0.3811213,-0.3811213
-1.915216,-1.915216
-0.4931819,-0.4931819
0.2799203,0.2799203
-2.9829298,-2.9829298
5.6902832,5.6902832
-1.7385099,-1.7385099
-2.0311604,-2.0311604
-2.3454169,-2.3454169
0.6071528,0.6071528
3.2066994,3.2066994
1.6660568,1.6660568
-0.918677,-0.918677
-2.0101904,-2.0101904
-3.0584046,-3.0584046
6.7278221,6.7278221
-0.3456279,-0.3456279
1.7659451,1.7659451
3.0001421,3.0001421
0.3811213,0.3811213
-1.5340947,-1.5340947
-0.1120606,-0.1120606
0.6610416,0.6610416
-2.6018085,-2.6018085
6.0714045,6.0714045
-1.3573886,-1.3573886
-1.6500391,-1.6500391
-1.9642956,-1.9642956
0.9882741,0.9882741
3.5878207,3.5878207
2.0471781,2.0471781
-0.5375557,-0.5375557
-1.6290691,-1.6290691
-2.6772833,-2.6772833
7.1089434,7.1089434
0.0354934,0.0354934
3.3000398,3.3000398
4.5342368,4.5342368
1.915216,1.915216
1.5340947,1.5340947
1.4220341,1.4220341
2.1951363,2.1951363
-1.0677138,-1.0677138
7.6054992,7.6054992
0.1767061,0.1767061
-0.1159444,-0.1159444
-0.4302009,-0.4302009
2.5223688,2.5223688
5.1219154,5.1219154
3.5812728,3.5812728
0.996539,0.996539
-0.0949744,-0.0949744
-1.1431886,-1.1431886
8.6430381,8.6430381
1.5695881,1.5695881
1.8780057,1.8780057
3.1122027,3.1122027
0.4931819,0.4931819
0.1120606,0.1120606
-1.4220341,-1.4220341
0.7731022,0.7731022
-2.4897479,-2.4897479
6.1834651,6.1834651
-1.245328,-1.245328
-1.5379785,-1.5379785
-1.852235,-1.852235
1.1003347,1.1003347
3.6998813,3.6998813
2.1592387,2.1592387
-0.4254951,-0.4254951
-1.5170085,-1.5170085
-2.5652227,-2.5652227
7.221004,7.221004
0.147554,0.147554
1.1049035,1.1049035
2.3391005,2.3391005
-0.2799203,-0.2799203
-0.6610416,-0.6610416
-2.1951363,-2.1951363
-0.7731022,-0.7731022
-3.2628501,-3.2628501
5.4103629,5.4103629
-2.0184302,-2.0184302
-2.3110807,-2.3110807
-2.6253372,-2.6253372
0.3272325,0.3272325
2.9267791,2.9267791
1.3861365,1.3861365
-1.1985973,-1.1985973
-2.2901107,-2.2901107
-3.3383249,-3.3383249
6.4479018,6.4479018
-0.6255482,-0.6255482
4.3677536,4.3677536
5.6019506,5.6019506
2.9829298,2.9829298
2.6018085,2.6018085
1.0677138,1.0677138
2.4897479,2.4897479
3.2628501,3.2628501
8.673213,8.673213
1.2444199,1.2444199
0.9517694,0.9517694
0.6375129,0.6375129
3.5900826,3.5900826
6.1896292,6.1896292
4.6489866,4.6489866
2.0642528,2.0642528
0.9727394,0.9727394
-0.0754748,-0.0754748
9.7107519,9.7107519
2.6373019,2.6373019
-4.3054594,-4.3054594
-3.0712624,-3.0712624
-5.6902832,-5.6902832
-6.0714045,-6.0714045
-7.6054992,-7.6054992
-6.1834651,-6.1834651
-5.4103629,-5.4103629
-8.673213,-8.673213
-7.4287931,-7.4287931
-7.7214436,-7.7214436
-8.0357001,-8.0357001
-5.0831304,-5.0831304
-2.4835838,-2.4835838
-4.0242264,-4.0242264
-6.6089602,-6.6089602
-7.7004736,-7.7004736
-8.7486878,-8.7486878
1.0375389,1.0375389
-6.0359111,-6.0359111
3.1233337,3.1233337
4.3575307,4.3575307
1.7385099,1.7385099
1.3573886,1.3573886
-0.1767061,-0.1767061
1.245328,1.245328
2.0184302,2.0184302
-1.2444199,-1.2444199
7.4287931,7.4287931
-0.2926505,-0.2926505
-0.606907,-0.606907
2.3456627,2.3456627
4.9452093,4.9452093
3.4045667,3.4045667
0.8198329,0.8198329
-0.2716805,-0.2716805
-1.3198947,-1.3198947
8.466332,8.466332
1.392882,1.392882
3.4159842,3.4159842
4.6501812,4.6501812
2.0311604,2.0311604
1.6500391,1.6500391
0.1159444,0.1159444
1.5379785,1.5379785
2.3110807,2.3110807
-0.9517694,-0.9517694
7.7214436,7.7214436
0.2926505,0.2926505
-0.3142565,-0.3142565
2.6383132,2.6383132
5.2378598,5.2378598
3.6972172,3.6972172
1.1124834,1.1124834
0.02097,0.02097
-1.0272442,-1.0272442
8.7589825,8.7589825
1.6855325,1.6855325
3.7302407,3.7302407
4.9644377,4.9644377
2.3454169,2.3454169
1.9642956,1.9642956
0.4302009,0.4302009
1.852235,1.852235
2.6253372,2.6253372
-0.6375129,-0.6375129
8.0357001,8.0357001
0.606907,0.606907
0.3142565,0.3142565
2.9525697,2.9525697
5.5521163,5.5521163
4.0114737,4.0114737
1.4267399,1.4267399
0.3352265,0.3352265
-0.7129877,-0.7129877
9.073239,9.073239
1.999789,1.999789
0.777671,0.777671
2.011868,2.011868
-0.6071528,-0.6071528
-0.9882741,-0.9882741
-2.5223688,-2.5223688
-1.1003347,-1.1003347
-0.3272325,-0.3272325
-3.5900826,-3.5900826
5.0831304,5.0831304
-2.3456627,-2.3456627
-2.6383132,-2.6383132
-2.9525697,-2.9525697
2.5995466,2.5995466
1.058904,1.058904
-1.5258298,-1.5258298
-2.6173432,-2.6173432
-3.6655574,-3.6655574
6.1206693,6.1206693
-0.9527807,-0.9527807
-1.8218756,-1.8218756
-0.5876786,-0.5876786
-3.2066994,-3.2066994
-3.5878207,-3.5878207
-5.1219154,-5.1219154
-3.6998813,-3.6998813
-2.9267791,-2.9267791
-6.1896292,-6.1896292
2.4835838,2.4835838
-4.9452093,-4.9452093
-5.2378598,-5.2378598
-5.5521163,-5.5521163
-2.5995466,-2.5995466
-1.5406426,-1.5406426
-4.1253764,-4.1253764
-5.2168898,-5.2168898
-6.265104,-6.265104
3.5211227,3.5211227
-3.5523273,-3.5523273
-0.281233,-0.281233
0.952964,0.952964
-1.6660568,-1.6660568
-2.0471781,-2.0471781
-3.5812728,-3.5812728
-2.1592387,-2.1592387
-1.3861365,-1.3861365
-4.6489866,-4.6489866
4.0242264,4.0242264
-3.4045667,-3.4045667
-3.6972172,-3.6972172
-4.0114737,-4.0114737
-1.058904,-1.058904
1.5406426,1.5406426
-2.5847338,-2.5847338
-3.6762472,-3.6762472
-4.7244614,-4.7244614
5.0617653,5.0617653
-2.0116847,-2.0116847
2.3035008,2.3035008
3.5376978,3.5376978
0.918677,0.918677
0.5375557,0.5375557
-0.996539,-0.996539
0.4254951,0.4254951
1.1985973,1.1985973
-2.0642528,-2.0642528
6.6089602,6.6089602
-0.8198329,-0.8198329
-1.1124834,-1.1124834
-1.4267399,-1.4267399
1.5258298,1.5258298
4.1253764,4.1253764
2.5847338,2.5847338
-1.0915134,-1.0915134
-2.1397276,-2.1397276
7.6464991,7.6464991
0.5730491,0.5730491
3.3950142,3.3950142
4.6292112,4.6292112
2.0101904,2.0101904
1.6290691,1.6290691
0.0949744,0.0949744
1.5170085,1.5170085
2.2901107,2.2901107
-0.9727394,-0.9727394
7.7004736,7.7004736
0.2716805,0.2716805
-0.02097,-0.02097
-0.3352265,-0.3352265
2.6173432,2.6173432
5.2168898,5.2168898
3.6762472,3.6762472
1.0915134,1.0915134
-1.0482142,-1.0482142
8.7380125,8.7380125
1.6645625,1.6645625
4.4432284,4.4432284
5.6774254,5.6774254
3.0584046,3.0584046
2.6772833,2.6772833
1.1431886,1.1431886
2.5652227,2.5652227
3.3383249,3.3383249
0.0754748,0.0754748
8.7486878,8.7486878
1.3198947,1.3198947
1.0272442,1.0272442
0.7129877,0.7129877
3.6655574,3.6655574
6.265104,6.265104
4.7244614,4.7244614
2.1397276,2.1397276
1.0482142,1.0482142
9.7862267,9.7862267
2.7127767,2.7127767
-5.3429983,-5.3429983
-4.1088013,-4.1088013
-6.7278221,-6.7278221
-7.1089434,-7.1089434
-8.6430381,-8.6430381
-7.221004,-7.221004
-6.4479018,-6.4479018
-9.7107519,-9.7107519
-1.0375389,-1.0375389
-8.466332,-8.466332
-8.7589825,-8.7589825
-9.073239,-9.073239
-6.1206693,-6.1206693
-3.5211227,-3.5211227
-5.0617653,-5.0617653
-7.6464991,-7.6464991
-8.7380125,-8.7380125
-9.7862267,-9.7862267
-7.07345,-7.07345
1.7304517,1.7304517
2.9646487,2.9646487
0.3456279,0.3456279
-0.0354934,-0.0354934
-1.5695881,-1.5695881
-0.147554,-0.147554
0.6255482,0.6255482
-2.6373019,-2.6373019
6.0359111,6.0359111
-1.392882,-1.392882
-1.6855325,-1.6855325
-1.999789,-1.999789
0.9527807,0.9527807
3.5523273,3.5523273
2.0116847,2.0116847
-0.5730491,-0.5730491
-1.6645625,-1.6645625
-2.7127767,-2.7127767
7.07345,7.07345
1.9156043,1.9156043
13.9204003,-10.0
13.3883889,-10.0
-3.4720322,-3.4720322
1.924784,1.924784
12.7803515,-10.0
-1.7243479,-1.7243479
11.1040404,-10.0
-2.4351365,-2.4351365
-2.211218,-2.211218
13.5570916,-10.0
14.4285769,-10.0
12.1295651,-10.0
14.5126192,-10.0
0.3271381,0.3271381
-0.3849787,-0.3849787
-1.7277273,-1.7277273
-2.2061536,-2.2061536
-2.7368719,-2.7368719
-1.9156043,-1.9156043
12.004796,-10.0
11.4727846,-10.0
-5.3876365,-5.3876365
0.0091797,0.0091797
10.8647472,-10.0
-3.6399522,-3.6399522
9.1884361,9.1884361
-4.3507408,-4.3507408
-4.1268223,-4.1268223
11.6414873,-10.0
12.5129726,-10.0
10.2139608,-10.0
12.5970149,-10.0
-1.5884662,-1.5884662
-2.300583,-2.300583
-3.6433316,-3.6433316
-4.1217579,-4.1217579
-4.6524762,-4.6524762
-13.9204003,-10.0
-12.004796,-10.0
-0.5320114,-0.5320114
-17.3924325,-10.0
-11.9956163,-10.0
-1.1400488,-1.1400488
-15.6447482,-10.0
-2.8163599,-2.8163599
-16.3555368,-10.0
-16.1316183,-10.0
-0.3633087,-0.3633087
0.5081766,0.5081766
-1.7908352,-1.7908352
0.5922189,0.5922189
-13.5932622,-10.0
-14.305379,-10.0
-15.6481276,-10.0
-16.1265539,-10.0
-16.6572722,-10.0
-13.3883889,-10.0
-11.4727846,-10.0
0.5320114,0.5320114
-16.8604211,-10.0
-11.4636049,-10.0
-0.6080374,-0.6080374
-15.1127368,-10.0
-2.2843485,-2.2843485
-15.8235254,-10.0
-15.5996069,-10.0
0.1687027,0.1687027
1.040188,1.040188
-1.2588238,-1.2588238
1.1242303,1.1242303
-13.0612508,-10.0
-13.7733676,-10.0
-15.1161162,-10.0
-15.5945425,-10.0
-16.1252608,-10.0
3.4720322,3.4720322
5.3876365,5.3876365
17.3924325,-10.0
16.8604211,-10.0
5.3968162,5.3968162
16.2523837,-10.0
1.7476843,1.7476843
14.5760726,-10.0
1.0368957,1.0368957
1.2608142,1.2608142
17.0291238,-10.0
17.9006091,-10.0
15.6015973,-10.0
17.9846514,-10.0
3.7991703,3.7991703
3.0870535,3.0870535
1.7443049,1.7443049
1.2658786,1.2658786
0.7351603,0.7351603
-1.924784,-1.924784
-0.0091797,-0.0091797
11.9956163,-10.0
11.4636049,-10.0
-5.3968162,-5.3968162
10.8555675,-10.0
-3.6491319,-3.6491319
9.1792564,9.1792564
-4.3599205,-4.3599205
-4.136002,-4.136002
11.6323076,-10.0
12.5037929,-10.0
10.2047811,-10.0
12.5878352,-10.0
-1.5976459,-1.5976459
-2.3097627,-2.3097627
-3.6525113,-3.6525113
-4.1309376,-4.1309376
-4.6616559,-4.6616559
-12.7803515,-10.0
-10.8647472,-10.0
1.1400488,1.1400488
0.6080374,0.6080374
-16.2523837,-10.0
-10.8555675,-10.0
-14.5046994,-10.0
-1.6763111,-1.6763111
-15.215488,-10.0
-14.9915695,-10.0
0.7767401,0.7767401
1.6482254,1.6482254
-0.6507864,-0.6507864
1.7322677,1.7322677
-12.4532134,-10.0
-13.1653302,-10.0
-14.5080788,-10.0
-14.9865051,-10.0
-15.5172234,-10.0
1.7243479,1.7243479
3.6399522,3.6399522
15.6447482,-10.0
15.1127368,-10.0
-1.7476843,-1.7476843
3.6491319,3.6491319
14.5046994,-10.0
12.8283883,-10.0
-0.7107886,-0.7107886
-0.4868701,-0.4868701
15.2814395,-10.0
16.1529248,-10.0
13.853913,-10.0
16.2369671,-10.0
2.051486,2.051486
1.3393692,1.3393692
-0.0033794,-0.0033794
-0.4818057,-0.4818057
-1.012524,-1.012524
-11.1040404,-10.0
-9.1884361,-9.1884361
2.8163599,2.8163599
2.2843485,2.2843485
-14.5760726,-10.0
-9.1792564,-9.1792564
1.6763111,1.6763111
-12.8283883,-10.0
-13.5391769,-10.0
-13.3152584,-10.0
2.4530512,2.4530512
3.3245365,3.3245365
1.0255247,1.0255247
3.4085788,3.4085788
-10.7769023,-10.0
-11.4890191,-10.0
-12.8317677,-10.0
-13.310194,-10.0
-13.8409123,-10.0
2.4351365,2.4351365
4.3507408,4.3507408
16.3555368,-10.0
15.8235254,-10.0
-1.0368957,-1.0368957
4.3599205,4.3599205
15.215488,-10.0
0.7107886,0.7107886
13.5391769,-10.0
0.2239185,0.2239185
15.9922281,-10.0
16.8637134,-10.0
14.5647016,-10.0
16.9477557,-10.0
2.7622746,2.7622746
2.0501578,2.0501578
0.7074092,0.7074092
0.2289829,0.2289829
-0.3017354,-0.3017354
2.211218,2.211218
4.1268223,4.1268223
16.1316183,-10.0
15.5996069,-10.0
-1.2608142,-1.2608142
4.136002,4.136002
14.9915695,-10.0
0.4868701,0.4868701
13.3152584,-10.0
-0.2239185,-0.2239185
15.7683096,-10.0
16.6397949,-10.0
14.3407831,-10.0
16.7238372,-10.0
2.5383561,2.5383561
1.8262393,1.8262393
0.4834907,0.4834907
0.0050644,0.0050644
-0.5256539,-0.5256539
-13.5570916,-10.0
-11.6414873,-10.0
0.3633087,0.3633087
-0.1687027,-0.1687027
-17.0291238,-10.0
-11.6323076,-10.0
-0.7767401,-0.7767401
-15.2814395,-10.0
-2.4530512,-2.4530512
-15.9922281,-10.0
-15.7683096,-10.0
0.8714853,0.8714853
-1.4275265,-1.4275265
0.9555276,0.9555276
-13.2299535,-10.0
-13.9420703,-10.0
-15.2848189,-10.0
-15.7632452,-10.0
-16.2939635,-10.0
-14.4285769,-10.0
-12.5129726,-10.0
-0.5081766,-0.5081766
-1.040188,-1.040188
-17.9006091,-10.0
-12.5037929,-10.0
-1.6482254,-1.6482254
-16.1529248,-10.0
-3.3245365,-3.3245365
-16.8637134,-10.0
-16.6397949,-10.0
-0.8714853,-0.8714853
-2.2990118,-2.2990118
0.0840423,0.0840423
-14.1014388,-10.0
-14.8135556,-10.0
-16.1563042,-10.0
-16.6347305,-10.0
-17.1654488,-10.0
-12.1295651,-10.0
-10.2139608,-10.0
1.7908352,1.7908352
1.2588238,1.2588238
-15.6015973,-10.0
-10.2047811,-10.0
0.6507864,0.6507864
-13.853913,-10.0
-1.0255247,-1.0255247
-14.5647016,-10.0
-14.3407831,-10.0
1.4275265,1.4275265
2.2990118,2.2990118
2.3830541,2.3830541
-11.802427,-10.0
-12.5145438,-10.0
-13.8572924,-10.0
-14.3357187,-10.0
-14.866437,-10.0
-14.5126192,-10.0
-12.5970149,-10.0
-0.5922189,-0.5922189
-1.1242303,-1.1242303
-17.9846514,-10.0
-12.5878352,-10.0
-1.7322677,-1.7322677
-16.2369671,-10.0
-3.4085788,-3.4085788
-16.9477557,-10.0
-16.7238372,-10.0
-0.9555276,-0.9555276
-0.0840423,-0.0840423
-2.3830541,-2.3830541
-14.1854811,-10.0
-14.8975979,-10.0
-16.2403465,-10.0
-16.7187728,-10.0
-17.2494911,-10.0
-0.3271381,-0.3271381
1.5884662,1.5884662
13.5932622,-10.0
13.0612508,-10.0
-3.7991703,-3.7991703
1.5976459,1.5976459
12.4532134,-10.0
-2.051486,-2.051486
10.7769023,-10.0
-2.7622746,-2.7622746
-2.5383561,-2.5383561
13.2299535,-10.0
14.1014388,-10.0
11.802427,-10.0
14.1854811,-10.0
-0.7121168,-0.7121168
-2.0548654,-2.0548654
-2.5332917,-2.5332917
-3.06401,-3.06401
0.3849787,0.3849787
2.300583,2.300583
14.305379,-10.0
13.7733676,-10.0
-3.0870535,-3.0870535
2.3097627,2.3097627
13.1653302,-10.0
-1.3393692,-1.3393692
11.4890191,-10.0
-2.0501578,-2.0501578
-1.8262393,-1.8262393
13.9420703,-10.0
14.8135556,-10.0
12.5145438,-10.0
14.8975979,-10.0
0.7121168,0.7121168
-1.3427486,-1.3427486
-1.8211749,-1.8211749
-2.3518932,-2.3518932
1.7277273,1.7277273
3.6433316,3.6433316
15.6481276,-10.0
15.1161162,-10.0
-1.7443049,-1.7443049
3.6525113,3.6525113
14.5080788,-10.0
0.0033794,0.0033794
12.8317677,-10.0
-0.7074092,-0.7074092
-0.4834907,-0.4834907
15.2848189,-10.0
16.1563042,-10.0
13.8572924,-10.0
16.2403465,-10.0
2.0548654,2.0548654
1.3427486,1.3427486
-0.4784263,-0.4784263
-1.0091446,-1.0091446
2.2061536,2.2061536
4.1217579,4.1217579
16.1265539,-10.0
15.5945425,-10.0
-1.2658786,-1.2658786
4.1309376,4.1309376
14.9865051,-10.0
0.4818057,0.4818057
13.310194,-10.0
-0.2289829,-0.2289829
-0.0050644,-0.0050644
15.7632452,-10.0
16.6347305,-10.0
14.3357187,-10.0
16.7187728,-10.0
2.5332917,2.5332917
1.8211749,1.8211749
0.4784263,0.4784263
-0.5307183,-0.5307183
2.7368719,2.7368719
4.6524762,4.6524762
16.6572722,-10.0
16.1252608,-10.0
-0.7351603,-0.7351603
4.6616559,4.6616559
15.5172234,-10.0
1.012524,1.012524
13.8409123,-10.0
0.3017354,0.3017354
0.5256539,0.5256539
16.2939635,-10.0
17.1654488,-10.0
14.866437,-10.0
17.2494911,-10.0
3.06401,3.06401
2.3518932,2.3518932
1.0091446,1.0091446
0.5307183,0.5307183
2.1835261,2.1835261
-0.3728964,-0.3728964
-1.6819262,-1.6819262
0.863466,0.863466
3.079644,3.079644
2.7716052,2.7716052
-0.3062196,-0.3062196
-0.9182275,-0.9182275
0.1225832,0.1225832
-0.7588374,-0.7588374
-0.5748435,-0.5748435
2.8177534,2.8177534
-0.4884054,-0.4884054
1.0068355,1.0068355
1.0105017,1.0105017
1.5270356,1.5270356
-0.5420893,-0.5420893
13.9305753,-10.0
-1.624022,-1.624022
-2.1835261,-2.1835261
-2.5564225,-2.5564225
-3.8654523,-3.8654523
-1.3200601,-1.3200601
0.8961179,0.8961179
0.5880791,0.5880791
-2.4897457,-2.4897457
-3.1017536,-3.1017536
-2.0609429,-2.0609429
-2.9423635,-2.9423635
-2.7583696,-2.7583696
0.6342273,0.6342273
-2.6719315,-2.6719315
-1.1766906,-1.1766906
-1.1730244,-1.1730244
-0.6564905,-0.6564905
-2.7256154,-2.7256154
11.7470492,-10.0
-3.8075481,-3.8075481
0.3728964,0.3728964
2.5564225,2.5564225
-1.3090298,-1.3090298
1.2363624,1.2363624
3.4525404,3.4525404
3.1445016,3.1445016
0.0666768,0.0666768
-0.5453311,-0.5453311
0.4954796,0.4954796
-0.385941,-0.385941
-0.2019471,-0.2019471
3.1906498,3.1906498
-0.115509,-0.115509
1.3797319,1.3797319
1.3833981,1.3833981
1.899932,1.899932
-0.1691929,-0.1691929
14.3034717,-10.0
-1.2511256,-1.2511256
1.6819262,1.6819262
3.8654523,3.8654523
1.3090298,1.3090298
2.5453922,2.5453922
4.7615702,4.7615702
4.4535314,4.4535314
1.3757066,1.3757066
0.7636987,0.7636987
1.8045094,1.8045094
0.9230888,0.9230888
1.1070827,1.1070827
4.4996796,4.4996796
1.1935208,1.1935208
2.6887617,2.6887617
2.6924279,2.6924279
3.2089618,3.2089618
1.1398369,1.1398369
15.6125015,-10.0
0.0579042,0.0579042
-0.863466,-0.863466
1.3200601,1.3200601
-1.2363624,-1.2363624
-2.5453922,-2.5453922
2.216178,2.216178
1.9081392,1.9081392
-1.1696856,-1.1696856
-1.7816935,-1.7816935
-0.7408828,-0.7408828
-1.6223034,-1.6223034
-1.4383095,-1.4383095
1.9542874,1.9542874
-1.3518714,-1.3518714
0.1433695,0.1433695
0.1470357,0.1470357
0.6635696,0.6635696
-1.4055553,-1.4055553
13.0671093,-10.0
-2.487488,-2.487488
-3.079644,-3.079644
-0.8961179,-0.8961179
-3.4525404,-3.4525404
-4.7615702,-4.7615702
-2.216178,-2.216178
-0.3080388,-0.3080388
-3.3858636,-3.3858636
-3.9978715,-3.9978715
-2.9570608,-2.9570608
-3.8384814,-3.8384814
-3.6544875,-3.6544875
-0.2618906,-0.2618906
-3.5680494,-3.5680494
-2.0728085,-2.0728085
-2.0691423,-2.0691423
-1.5526084,-1.5526084
-3.6217333,-3.6217333
10.8509313,-10.0
-4.703666,-4.703666
-2.7716052,-2.7716052
-0.5880791,-0.5880791
-3.1445016,-3.1445016
-4.4535314,-4.4535314
-1.9081392,-1.9081392
0.3080388,0.3080388
-3.0778248,-3.0778248
-3.6898327,-3.6898327
-2.649022,-2.649022
-3.5304426,-3.5304426
-3.3464487,-3.3464487
0.0461482,0.0461482
-3.2600106,-3.2600106
-1.7647697,-1.7647697
-1.7611035,-1.7611035
-1.2445696,-1.2445696
-3.3136945,-3.3136945
11.1589701,-10.0
-4.3956272,-4.3956272
0.3062196,0.3062196
2.4897457,2.4897457
-0.0666768,-0.0666768
-1.3757066,-1.3757066
1.1696856,1.1696856
3.3858636,3.3858636
3.0778248,3.0778248
-0.6120079,-0.6120079
0.4288028,0.4288028
-0.4526178,-0.4526178
-0.2686239,-0.2686239
3.123973,3.123973
-0.1821858,-0.1821858
1.3130551,1.3130551
1.3167213,1.3167213
1.8332552,1.8332552
-0.2358697,-0.2358697
14.2367949,-10.0
-1.3178024,-1.3178024
0.9182275,0.9182275
3.1017536,3.1017536
0.5453311,0.5453311
-0.7636987,-0.7636987
1.7816935,1.7816935
3.9978715,3.9978715
3.6898327,3.6898327
0.6120079,0.6120079
1.0408107,1.0408107
0.1593901,0.1593901
0.343384,0.343384
3.7359809,3.7359809
0.4298221,0.4298221
1.925063,1.925063
1.9287292,1.9287292
2.4452631,2.4452631
0.3761382,0.3761382
14.8488028,-10.0
-0.7057945,-0.7057945
-0.1225832,-0.1225832
2.0609429,2.0609429
-0.4954796,-0.4954796
-1.8045094,-1.8045094
0.7408828,0.7408828
2.9570608,2.9570608
2.649022,2.649022
-0.4288028,-0.4288028
-1.0408107,-1.0408107
-0.8814206,-0.8814206
-0.6974267,-0.6974267
2.6951702,2.6951702
-0.6109886,-0.6109886
0.8842523,0.8842523
0.8879185,0.8879185
1.4044524,1.4044524
-0.6646725,-0.6646725
13.8079921,-10.0
-1.7466052,-1.7466052
0.7588374,0.7588374
2.9423635,2.9423635
0.385941,0.385941
-0.9230888,-0.9230888
1.6223034,1.6223034
3.8384814,3.8384814
3.5304426,3.5304426
0.4526178,0.4526178
-0.1593901,-0.1593901
0.8814206,0.8814206
0.1839939,0.1839939
3.5765908,3.5765908
0.270432,0.270432
1.7656729,1.7656729
1.7693391,1.7693391
2.285873,2.285873
0.2167481,0.2167481
14.6894127,-10.0
-0.8651846,-0.8651846
0.5748435,0.5748435
2.7583696,2.7583696
0.2019471,0.2019471
-1.1070827,-1.1070827
1.4383095,1.4383095
3.6544875,3.6544875
3.3464487,3.3464487
0.2686239,0.2686239
-0.343384,-0.343384
0.6974267,0.6974267
-0.1839939,-0.1839939
3.3925969,3.3925969
0.0864381,0.0864381
1.581679,1.581679
1.5853452,1.5853452
2.1018791,2.1018791
0.0327542,0.0327542
14.5054188,-10.0
-1.0491785,-1.0491785
-2.8177534,-2.8177534
-0.6342273,-0.6342273
-3.1906498,-3.1906498
-4.4996796,-4.4996796
-1.9542874,-1.9542874
0.2618906,0.2618906
-0.0461482,-0.0461482
-3.123973,-3.123973
-3.7359809,-3.7359809
-2.6951702,-2.6951702
-3.5765908,-3.5765908
-3.3925969,-3.3925969
-3.3061588,-3.3061588
-1.8109179,-1.8109179
-1.8072517,-1.8072517
-1.2907178,-1.2907178
-3.3598427,-3.3598427
11.1128219,-10.0
-4.4417754,-4.4417754
0.4884054,0.4884054
2.6719315,2.6719315
0.115509,0.115509
-1.1935208,-1.1935208
1.3518714,1.3518714
3.5680494,3.5680494
3.2600106,3.2600106
0.1821858,0.1821858
-0.4298221,-0.4298221
0.6109886,0.6109886
-0.270432,-0.270432
-0.0864381,-0.0864381
3.3061588,3.3061588
1.4952409,1.4952409
1.4989071,1.4989071
2.015441,2.015441
-0.0536839,-0.0536839
14.4189807,-10.0
-1.1356166,-1.1356166
-1.0068355,-1.0068355
1.1766906,1.1766906
-1.3797319,-1.3797319
-2.6887617,-2.6887617
-0.1433695,-0.1433695
2.0728085,2.0728085
1.7647697,1.7647697
-1.3130551,-1.3130551
-1.925063,-1.925063
-0.8842523,-0.8842523
-1.7656729,-1.7656729
-1.581679,-1.581679
1.8109179,1.8109179
-1.4952409,-1.4952409
0.0036662,0.0036662
0.5202001,0.5202001
-1.5489248,-1.5489248
12.9237398,-10.0
-2.6308575,-2.6308575
-1.0105017,-1.0105017
1.1730244,1.1730244
-1.3833981,-1.3833981
-2.6924279,-2.6924279
-0.1470357,-0.1470357
2.0691423,2.0691423
1.7611035,1.7611035
-1.3167213,-1.3167213
-1.9287292,-1.9287292
-0.8879185,-0.8879185
-1.7693391,-1.7693391
-1.5853452,-1.5853452
1.8072517,1.8072517
-1.4989071,-1.4989071
-0.0036662,-0.0036662
0.5165339,0.5165339
-1.552591,-1.552591
12.9200736,-10.0
-2.6345237,-2.6345237
-1.5270356,-1.5270356
0.6564905,0.6564905
-1.899932,-1.899932
-3.2089618,-3.2089618
-0.6635696,-0.6635696
1.5526084,1.5526084
1.2445696,1.2445696
-1.8332552,-1.8332552
-2.4452631,-2.4452631
-1.4044524,-1.4044524
-2.285873,-2.285873
-2.1018791,-2.1018791
1.2907178,1.2907178
-2.015441,-2.015441
-0.5202001,-0.5202001
-0.5165339,-0.5165339
-2.0691249,-2.0691249
12.4035397,-10.0
-3.1510576,-3.1510576
0.5420893,0.5420893
2.7256154,2.7256154
0.1691929,0.1691929
-1.1398369,-1.1398369
1.4055553,1.4055553
3.6217333,3.6217333
3.3136945,3.3136945
0.2358697,0.2358697
-0.3761382,-0.3761382
0.6646725,0.6646725
-0.2167481,-0.2167481
-0.0327542,-0.0327542
3.3598427,3.3598427
0.0536839,0.0536839
1.5489248,1.5489248
1.552591,1.552591
2.0691249,2.0691249
14.4726646,-10.0
-1.0819327,-1.0819327
-13.9305753,-10.0
-11.7470492,-10.0
-14.3034717,-10.0
-15.6125015,-10.0
-13.0671093,-10.0
-10.8509313,-10.0
-11.1589701,-10.0
-14.2367949,-10.0
-14.8488028,-10.0
-13.8079921,-10.0
-14.6894127,-10.0
-14.5054188,-10.0
-11.1128219,-10.0
-14.4189807,-10.0
-12.9237398,-10.0
-12.9200736,-10.0
-12.4035397,-10.0
-14.4726646,-10.0
-15.5545973,-10.0
1.624022,1.624022
3.8075481,3.8075481
1.2511256,1.2511256
-0.0579042,-0.0579042
2.487488,2.487488
4.703666,4.703666
4.3956272,4.3956272
1.3178024,1.3178024
0.7057945,0.7057945
1.7466052,1.7466052
0.8651846,0.8651846
1.0491785,1.0491785
4.4417754,4.4417754
1.1356166,1.1356166
2.6308575,2.6308575
2.6345237,2.6345237
3.1510576,3.1510576
1.0819327,1.0819327
15.5545973,-10.0
12.760448,-10.0
-0.0219203,-0.0219203
-2.2866977,-2.2866977
-0.4801084,-0.4801084
0.8894448,0.8894448
-1.0339755,-1.0339755
1.5045291,1.5045291
-4.0228466,-4.0228466
1.1406076,1.1406076
7.0044002,7.0044002
0.318741,0.318741
2.5489993,2.5489993
-0.9248901,-0.9248901
-2.6225879,-2.6225879
-0.9098274,-0.9098274
0.0685783,0.0685783
0.6652734,0.6652734
12.6786493,-10.0
0.924007,0.924007
-12.760448,-10.0
-12.7823683,-10.0
-15.0471457,-10.0
-13.2405564,-10.0
-11.8710032,-10.0
-13.7944235,-10.0
-11.2559189,-10.0
-16.7832946,-10.0
-11.6198404,-10.0
-5.7560478,-5.7560478
-12.441707,-10.0
-10.2114487,-10.0
-13.6853381,-10.0
-15.3830359,-10.0
-13.6702754,-10.0
-12.6918697,-10.0
-12.0951746,-10.0
-0.0817987,-0.0817987
-11.836441,-10.0
0.0219203,0.0219203
12.7823683,-10.0
-2.2647774,-2.2647774
-0.4581881,-0.4581881
0.9113651,0.9113651
-1.0120552,-1.0120552
1.5264494,1.5264494
-4.0009263,-4.0009263
1.1625279,1.1625279
7.0263205,7.0263205
0.3406613,0.3406613
2.5709196,2.5709196
-0.9029698,-0.9029698
-2.6006676,-2.6006676
-0.8879071,-0.8879071
0.0904986,0.0904986
0.6871937,0.6871937
12.7005696,-10.0
0.9459273,0.9459273
2.2866977,2.2866977
15.0471457,-10.0
2.2647774,2.2647774
1.8065893,1.8065893
3.1761425,3.1761425
1.2527222,1.2527222
3.7912268,3.7912268
-1.7361489,-1.7361489
3.4273053,3.4273053
9.2910979,9.2910979
2.6054387,2.6054387
4.835697,4.835697
1.3618076,1.3618076
-0.3358902,-0.3358902
1.3768703,1.3768703
2.355276,2.355276
2.9519711,2.9519711
14.965347,-10.0
3.2107047,3.2107047
0.4801084,0.4801084
13.2405564,-10.0
0.4581881,0.4581881
-1.8065893,-1.8065893
1.3695532,1.3695532
-0.5538671,-0.5538671
1.9846375,1.9846375
-3.5427382,-3.5427382
1.620716,1.620716
7.4845086,7.4845086
0.7988494,0.7988494
3.0291077,3.0291077
-0.4447817,-0.4447817
-2.1424795,-2.1424795
-0.429719,-0.429719
0.5486867,0.5486867
1.1453818,1.1453818
13.1587577,-10.0
1.4041154,1.4041154
-0.8894448,-0.8894448
11.8710032,-10.0
-0.9113651,-0.9113651
-3.1761425,-3.1761425
-1.3695532,-1.3695532
-1.9234203,-1.9234203
0.6150843,0.6150843
-4.9122914,-4.9122914
0.2511628,0.2511628
6.1149554,6.1149554
-0.5707038,-0.5707038
1.6595545,1.6595545
-1.8143349,-1.8143349
-3.5120327,-3.5120327
-1.7992722,-1.7992722
-0.8208665,-0.8208665
-0.2241714,-0.2241714
11.7892045,-10.0
0.0345622,0.0345622
1.0339755,1.0339755
13.7944235,-10.0
1.0120552,1.0120552
-1.2527222,-1.2527222
0.5538671,0.5538671
1.9234203,1.9234203
2.5385046,2.5385046
-2.9888711,-2.9888711
2.1745831,2.1745831
8.0383757,8.0383757
1.3527165,1.3527165
3.5829748,3.5829748
0.1090854,0.1090854
-1.5886124,-1.5886124
0.1241481,0.1241481
1.1025538,1.1025538
1.6992489,1.6992489
13.7126248,-10.0
1.9579825,1.9579825
-1.5045291,-1.5045291
11.2559189,-10.0
-1.5264494,-1.5264494
-3.7912268,-3.7912268
-1.9846375,-1.9846375
-0.6150843,-0.6150843
-2.5385046,-2.5385046
-5.5273757,-5.5273757
-0.3639215,-0.3639215
5.4998711,5.4998711
-1.1857881,-1.1857881
1.0444702,1.0444702
-2.4294192,-2.4294192
-4.127117,-4.127117
-2.4143565,-2.4143565
-1.4359508,-1.4359508
-0.8392557,-0.8392557
11.1741202,-10.0
-0.5805221,-0.5805221
4.0228466,4.0228466
16.7832946,-10.0
4.0009263,4.0009263
1.7361489,1.7361489
3.5427382,3.5427382
4.9122914,4.9122914
2.9888711,2.9888711
5.5273757,5.5273757
5.1634542,5.1634542
11.0272468,-10.0
4.3415876,4.3415876
6.5718459,6.5718459
3.0979565,3.0979565
1.4002587,1.4002587
3.1130192,3.1130192
4.0914249,4.0914249
4.68812,4.68812
16.7014959,-10.0
4.9468536,4.9468536
-1.1406076,-1.1406076
11.6198404,-10.0
-1.1625279,-1.1625279
-3.4273053,-3.4273053
-1.620716,-1.620716
-0.2511628,-0.2511628
-2.1745831,-2.1745831
0.3639215,0.3639215
-5.1634542,-5.1634542
5.8637926,5.8637926
-0.8218666,-0.8218666
1.4083917,1.4083917
-2.0654977,-2.0654977
-3.7631955,-3.7631955
-2.050435,-2.050435
-1.0720293,-1.0720293
-0.4753342,-0.4753342
11.5380417,-10.0
-0.2166006,-0.2166006
-7.0044002,-7.0044002
5.7560478,5.7560478
-7.0263205,-7.0263205
-9.2910979,-9.2910979
-7.4845086,-7.4845086
-6.1149554,-6.1149554
-8.0383757,-8.0383757
-5.4998711,-5.4998711
-11.0272468,-10.0
-5.8637926,-5.8637926
-6.6856592,-6.6856592
-4.4554009,-4.4554009
-7.9292903,-7.9292903
-9.6269881,-9.6269881
-7.9142276,-7.9142276
-6.9358219,-6.9358219
-6.3391268,-6.3391268
5.6742491,5.6742491
-6.0803932,-6.0803932
-0.318741,-0.318741
12.441707,-10.0
-0.3406613,-0.3406613
-2.6054387,-2.6054387
-0.7988494,-0.7988494
0.5707038,0.5707038
-1.3527165,-1.3527165
1.1857881,1.1857881
-4.3415876,-4.3415876
0.8218666,0.8218666
6.6856592,6.6856592
2.2302583,2.2302583
-1.2436311,-1.2436311
-2.9413289,-2.9413289
-1.2285684,-1.2285684
-0.2501627,-0.2501627
0.3465324,0.3465324
12.3599083,-10.0
0.605266,0.605266
-2.5489993,-2.5489993
10.2114487,-10.0
-2.5709196,-2.5709196
-4.835697,-4.835697
-3.0291077,-3.0291077
-1.6595545,-1.6595545
-3.5829748,-3.5829748
-1.0444702,-1.0444702
-6.5718459,-6.5718459
-1.4083917,-1.4083917
4.4554009,4.4554009
-2.2302583,-2.2302583
-3.4738894,-3.4738894
-5.1715872,-5.1715872
-3.4588267,-3.4588267
-2.480421,-2.480421
-1.8837259,-1.8837259
10.12965,-10.0
-1.6249923,-1.6249923
0.9248901,0.9248901
13.6853381,-10.0
0.9029698,0.9029698
-1.3618076,-1.3618076
0.4447817,0.4447817
1.8143349,1.8143349
-0.1090854,-0.1090854
2.4294192,2.4294192
-3.0979565,-3.0979565
2.0654977,2.0654977
7.9292903,7.9292903
1.2436311,1.2436311
3.4738894,3.4738894
-1.6976978,-1.6976978
0.0150627,0.0150627
0.9934684,0.9934684
1.5901635,1.5901635
13.6035394,-10.0
1.8488971,1.8488971
2.6225879,2.6225879
15.3830359,-10.0
2.6006676,2.6006676
0.3358902,0.3358902
2.1424795,2.1424795
3.5120327,3.5120327
1.5886124,1.5886124
4.127117,4.127117
-1.4002587,-1.4002587
3.7631955,3.7631955
9.6269881,9.6269881
2.9413289,2.9413289
5.1715872,5.1715872
1.6976978,1.6976978
1.7127605,1.7127605
2.6911662,2.6911662
3.2878613,3.2878613
15.3012372,-10.0
3.5465949,3.5465949
0.9098274,0.9098274
13.6702754,-10.0
0.8879071,0.8879071
-1.3768703,-1.3768703
0.429719,0.429719
1.7992722,1.7992722
-0.1241481,-0.1241481
2.4143565,2.4143565
-3.1130192,-3.1130192
2.050435,2.050435
7.9142276,7.9142276
1.2285684,1.2285684
3.4588267,3.4588267
-0.0150627,-0.0150627
-1.7127605,-1.7127605
0.9784057,0.9784057
1.5751008,1.5751008
13.5884767,-10.0
1.8338344,1.8338344
-0.0685783,-0.0685783
12.6918697,-10.0
-0.0904986,-0.0904986
-2.355276,-2.355276
-0.5486867,-0.5486867
0.8208665,0.8208665
-1.1025538,-1.1025538
1.4359508,1.4359508
-4.0914249,-4.0914249
1.0720293,1.0720293
6.9358219,6.9358219
0.2501627,0.2501627
2.480421,2.480421
-0.9934684,-0.9934684
-2.6911662,-2.6911662
-0.9784057,-0.9784057
0.5966951,0.5966951
12.610071,-10.0
0.8554287,0.8554287
-0.6652734,-0.6652734
12.0951746,-10.0
-0.6871937,-0.6871937
-2.9519711,-2.9519711
-1.1453818,-1.1453818
0.2241714,0.2241714
-1.6992489,-1.6992489
0.8392557,0.8392557
-4.68812,-4.68812
0.4753342,0.4753342
6.3391268,6.3391268
-0.3465324,-0.3465324
1.8837259,1.8837259
-1.5901635,-1.5901635
-3.2878613,-3.2878613
-1.5751008,-1.5751008
-0.5966951,-0.5966951
12.0133759,-10.0
0.2587336,0.2587336
-12.6786493,-10.0
0.0817987,0.0817987
-12.7005696,-10.0
-14.965347,-10.0
-13.1587577,-10.0
-11.7892045,-10.0
-13.7126248,-10.0
-11.1741202,-10.0
-16.7014959,-10.0
-11.5380417,-10.0
-5.6742491,-5.6742491
-12.3599083,-10.0
-10.12965,-10.0
-13.6035394,-10.0
-15.3012372,-10.0
-13.5884767,-10.0
-12.610071,-10.0
-12.0133759,-10.0
-11.7546423,-10.0
-0.924007,-0.924007
11.836441,-10.0
-0.9459273,-0.9459273
-3.2107047,-3.2107047
-1.4041154,-1.4041154
-0.0345622,-0.0345622
-1.9579825,-1.9579825
0.5805221,0.5805221
-4.9468536,-4.9468536
0.2166006,0.2166006
6.0803932,6.0803932
-0.605266,-0.605266
1.6249923,1.6249923
-1.8488971,-1.8488971
-3.5465949,-3.5465949
-1.8338344,-1.8338344
-0.8554287,-0.8554287
-0.2587336,-0.2587336
11.7546423,-10.0
-0.8723349,-0.8723349
-2.1710038,-2.1710038
-5.9064391,-5.9064391
-2.5136065,-2.5136065
12.758496,-10.0
-4.2218305,-4.2218305
-2.5116657,-2.5116657
-4.4306397,-4.4306397
-3.3316788,-3.3316788
-2.8469365,-2.8469365
-0.3508995,-0.3508995
13.1188826,-10.0
-4.3328643,-4.3328643
0.5595661,0.5595661
0.3447557,0.3447557
-0.883562,-0.883562
-1.937891,-1.937891
10.2829602,-10.0
12.7112141,-10.0
0.8723349,0.8723349
-1.2986689,-1.2986689
-5.0341042,-5.0341042
-1.6412716,-1.6412716
13.6308309,-10.0
-3.3494956,-3.3494956
-1.6393308,-1.6393308
-3.5583048,-3.5583048
-2.4593439,-2.4593439
-1.9746016,-1.9746016
0.5214354,0.5214354
13.9912175,-10.0
-3.4605294,-3.4605294
1.431901,1.431901
1.2170906,1.2170906
-0.0112271,-0.0112271
-1.0655561,-1.0655561
11.1552951,-10.0
13.583549,-10.0
2.1710038,2.1710038
1.2986689,1.2986689
-3.7354353,-3.7354353
-0.3426027,-0.3426027
14.9294998,-10.0
-2.0508267,-2.0508267
-0.3406619,-0.3406619
-2.2596359,-2.2596359
-1.160675,-1.160675
-0.6759327,-0.6759327
1.8201043,1.8201043
15.2898864,-10.0
-2.1618605,-2.1618605
2.7305699,2.7305699
2.5157595,2.5157595
1.2874418,1.2874418
0.2331128,0.2331128
12.453964,-10.0
14.8822179,-10.0
5.9064391,5.9064391
5.0341042,5.0341042
3.7354353,3.7354353
3.3928326,3.3928326
18.6649351,-10.0
1.6846086,1.6846086
3.3947734,3.3947734
1.4757994,1.4757994
2.5747603,2.5747603
3.0595026,3.0595026
5.5555396,5.5555396
19.0253217,-10.0
1.5735748,1.5735748
6.4660052,6.4660052
6.2511948,6.2511948
5.0228771,5.0228771
3.9685481,3.9685481
16.1893993,-10.0
18.6176532,-10.0
2.5136065,2.5136065
1.6412716,1.6412716
0.3426027,0.3426027
-3.3928326,-3.3928326
15.2721025,-10.0
-1.708224,-1.708224
0.0019408,0.0019408
-1.9170332,-1.9170332
-0.8180723,-0.8180723
-0.33333,-0.33333
2.162707,2.162707
15.6324891,-10.0
-1.8192578,-1.8192578
3.0731726,3.0731726
2.8583622,2.8583622
1.6300445,1.6300445
0.5757155,0.5757155
12.7965667,-10.0
15.2248206,-10.0
-12.758496,-10.0
-13.6308309,-10.0
-14.9294998,-10.0
-18.6649351,-10.0
-15.2721025,-10.0
-16.9803265,-10.0
-15.2701617,-10.0
-17.1891357,-10.0
-16.0901748,-10.0
-15.6054325,-10.0
-13.1093955,-10.0
0.3603866,0.3603866
-17.0913603,-10.0
-12.1989299,-10.0
-12.4137403,-10.0
-13.642058,-10.0
-14.696387,-10.0
-2.4755358,-2.4755358
-0.0472819,-0.0472819
4.2218305,4.2218305
3.3494956,3.3494956
2.0508267,2.0508267
-1.6846086,-1.6846086
1.708224,1.708224
16.9803265,-10.0
1.7101648,1.7101648
-0.2088092,-0.2088092
0.8901517,0.8901517
1.374894,1.374894
3.870931,3.870931
17.3407131,-10.0
-0.1110338,-0.1110338
4.7813966,4.7813966
4.5665862,4.5665862
3.3382685,3.3382685
2.2839395,2.2839395
14.5047907,-10.0
16.9330446,-10.0
2.5116657,2.5116657
1.6393308,1.6393308
0.3406619,0.3406619
-3.3947734,-3.3947734
-0.0019408,-0.0019408
15.2701617,-10.0
-1.7101648,-1.7101648
-1.918974,-1.918974
-0.8200131,-0.8200131
-0.3352708,-0.3352708
2.1607662,2.1607662
15.6305483,-10.0
-1.8211986,-1.8211986
3.0712318,3.0712318
2.8564214,2.8564214
1.6281037,1.6281037
0.5737747,0.5737747
12.7946259,-10.0
15.2228798,-10.0
4.4306397,4.4306397
3.5583048,3.5583048
2.2596359,2.2596359
-1.4757994,-1.4757994
1.9170332,1.9170332
17.1891357,-10.0
0.2088092,0.2088092
1.918974,1.918974
1.0989609,1.0989609
1.5837032,1.5837032
4.0797402,4.0797402
17.5495223,-10.0
0.0977754,0.0977754
4.9902058,4.9902058
4.7753954,4.7753954
3.5470777,3.5470777
2.4927487,2.4927487
14.7135999,-10.0
17.1418538,-10.0
3.3316788,3.3316788
2.4593439,2.4593439
1.160675,1.160675
-2.5747603,-2.5747603
0.8180723,0.8180723
16.0901748,-10.0
-0.8901517,-0.8901517
0.8200131,0.8200131
-1.0989609,-1.0989609
0.4847423,0.4847423
2.9807793,2.9807793
16.4505614,-10.0
-1.0011855,-1.0011855
3.8912449,3.8912449
3.6764345,3.6764345
2.4481168,2.4481168
1.3937878,1.3937878
13.614639,-10.0
16.0428929,-10.0
2.8469365,2.8469365
1.9746016,1.9746016
0.6759327,0.6759327
-3.0595026,-3.0595026
0.33333,0.33333
15.6054325,-10.0
-1.374894,-1.374894
0.3352708,0.3352708
-1.5837032,-1.5837032
-0.4847423,-0.4847423
2.496037,2.496037
15.9658191,-10.0
-1.4859278,-1.4859278
3.4065026,3.4065026
3.1916922,3.1916922
1.9633745,1.9633745
0.9090455,0.9090455
13.1298967,-10.0
15.5581506,-10.0
0.3508995,0.3508995
-0.5214354,-0.5214354
-1.8201043,-1.8201043
-5.5555396,-5.5555396
-2.162707,-2.162707
13.1093955,-10.0
-3.870931,-3.870931
-2.1607662,-2.1607662
-4.0797402,-4.0797402
-2.9807793,-2.9807793
-2.496037,-2.496037
13.4697821,-10.0
-3.9819648,-3.9819648
0.9104656,0.9104656
0.6956552,0.6956552
-0.5326625,-0.5326625
-1.5869915,-1.5869915
10.6338597,-10.0
13.0621136,-10.0
-13.1188826,-10.0
-13.9912175,-10.0
-15.2898864,-10.0
-19.0253217,-10.0
-15.6324891,-10.0
-0.3603866,-0.3603866
-17.3407131,-10.0
-15.6305483,-10.0
-17.5495223,-10.0
-16.4505614,-10.0
-15.9658191,-10.0
-13.4697821,-10.0
-17.4517469,-10.0
-12.5593165,-10.0
-12.7741269,-10.0
-14.0024446,-10.0
-15.0567736,-10.0
-2.8359224,-2.8359224
-0.4076685,-0.4076685
4.3328643,4.3328643
3.4605294,3.4605294
2.1618605,2.1618605
-1.5735748,-1.5735748
1.8192578,1.8192578
17.0913603,-10.0
0.1110338,0.1110338
1.8211986,1.8211986
-0.0977754,-0.0977754
1.0011855,1.0011855
1.4859278,1.4859278
3.9819648,3.9819648
17.4517469,-10.0
4.8924304,4.8924304
4.67762,4.67762
3.4493023,3.4493023
2.3949733,2.3949733
14.6158245,-10.0
17.0440784,-10.0
-0.5595661,-0.5595661
-1.431901,-1.431901
-2.7305699,-2.7305699
-6.4660052,-6.4660052
-3.0731726,-3.0731726
12.1989299,-10.0
-4.7813966,-4.7813966
-3.0712318,-3.0712318
-4.9902058,-4.9902058
-3.8912449,-3.8912449
-3.4065026,-3.4065026
-0.9104656,-0.9104656
12.5593165,-10.0
-4.8924304,-4.8924304
-0.2148104,-0.2148104
-1.4431281,-1.4431281
-2.4974571,-2.4974571
9.7233941,9.7233941
12.151648,-10.0
-0.3447557,-0.3447557
-1.2170906,-1.2170906
-2.5157595,-2.5157595
-6.2511948,-6.2511948
-2.8583622,-2.8583622
12.4137403,-10.0
-4.5665862,-4.5665862
-2.8564214,-2.8564214
-4.7753954,-4.7753954
-3.6764345,-3.6764345
-3.1916922,-3.1916922
-0.6956552,-0.6956552
12.7741269,-10.0
-4.67762,-4.67762
0.2148104,0.2148104
-1.2283177,-1.2283177
-2.2826467,-2.2826467
9.9382045,9.9382045
12.3664584,-10.0
0.883562,0.883562
0.0112271,0.0112271
-1.2874418,-1.2874418
-5.0228771,-5.0228771
-1.6300445,-1.6300445
13.642058,-10.0
-3.3382685,-3.3382685
-1.6281037,-1.6281037
-3.5470777,-3.5470777
-2.4481168,-2.4481168
-1.9633745,-1.9633745
0.5326625,0.5326625
14.0024446,-10.0
-3.4493023,-3.4493023
1.4431281,1.4431281
1.2283177,1.2283177
-1.054329,-1.054329
11.1665222,-10.0
13.5947761,-10.0
1.937891,1.937891
1.0655561,1.0655561
-0.2331128,-0.2331128
-3.9685481,-3.9685481
-0.5757155,-0.5757155
14.696387,-10.0
-2.2839395,-2.2839395
-0.5737747,-0.5737747
-2.4927487,-2.4927487
-1.3937878,-1.3937878
-0.9090455,-0.9090455
1.5869915,1.5869915
15.0567736,-10.0
-2.3949733,-2.3949733
2.4974571,2.4974571
2.2826467,2.2826467
1.054329,1.054329
12.2208512,-10.0
14.6491051,-10.0
-10.2829602,-10.0
-11.1552951,-10.0
-12.453964,-10.0
-16.1893993,-10.0
-12.7965667,-10.0
2.4755358,2.4755358
-14.5047907,-10.0
-12.7946259,-10.0
-14.7135999,-10.0
-13.614639,-10.0
-13.1298967,-10.0
-10.6338597,-10.0
2.8359224,2.8359224
-14.6158245,-10.0
-9.7233941,-9.7233941
-9.9382045,-9.9382045
-11.1665222,-10.0
-12.2208512,-10.0
2.4282539,2.4282539
-12.7112141,-10.0
-13.583549,-10.0
-14.8822179,-10.0
-18.6176532,-10.0
-15.2248206,-10.0
0.0472819,0.0472819
-16.9330446,-10.0
-15.2228798,-10.0
-17.1418538,-10.0
-16.0428929,-10.0
-15.5581506,-10.0
-13.0621136,-10.0
0.4076685,0.4076685
-17.0440784,-10.0
-12.151648,-10.0
-12.3664584,-10.0
-13.5947761,-10.0
-14.6491051,-10.0
-2.4282539,-2.4282539
13.037605,-10.0
1.6847298,1.6847298
1.2158189,1.2158189
-1.561777,-1.561777
6.9985693,6.9985693
-1.0284064,-1.0284064
-0.4757225,-0.4757225
-1.1097984,-1.1097984
-2.0517103,-2.0517103
-1.2436192,-1.2436192
0.3211273,0.3211273
10.808173,-10.0
0.0075879,0.0075879
-1.8171281,-1.8171281
0.7111708,0.7111708
-0.6647185,-0.6647185
-0.2675548,-0.2675548
0.083472,0.083472
-0.7641658,-0.7641658
-13.037605,-10.0
-11.3528752,-10.0
-11.8217861,-10.0
-14.599382,-10.0
-6.0390357,-6.0390357
-14.0660114,-10.0
-13.5133275,-10.0
-14.1474034,-10.0
-15.0893153,-10.0
-14.2812242,-10.0
-12.7164777,-10.0
-2.229432,-2.229432
-13.0300171,-10.0
-14.8547331,-10.0
-12.3264342,-10.0
-13.7023235,-10.0
-13.3051598,-10.0
-12.954133,-10.0
-13.8017708,-10.0
-1.6847298,-1.6847298
11.3528752,-10.0
-0.4689109,-0.4689109
-3.2465068,-3.2465068
5.3138395,5.3138395
-2.7131362,-2.7131362
-2.1604523,-2.1604523
-2.7945282,-2.7945282
-3.7364401,-3.7364401
-2.928349,-2.928349
-1.3636025,-1.3636025
9.1234432,9.1234432
-1.6771419,-1.6771419
-3.5018579,-3.5018579
-0.973559,-0.973559
-2.3494483,-2.3494483
-1.9522846,-1.9522846
-1.6012578,-1.6012578
-2.4488956,-2.4488956
-1.2158189,-1.2158189
11.8217861,-10.0
0.4689109,0.4689109
-2.7775959,-2.7775959
5.7827504,5.7827504
-2.2442253,-2.2442253
-1.6915414,-1.6915414
-2.3256173,-2.3256173
-3.2675292,-3.2675292
-2.4594381,-2.4594381
-0.8946916,-0.8946916
9.5923541,9.5923541
-1.208231,-1.208231
-3.032947,-3.032947
-0.5046481,-0.5046481
-1.8805374,-1.8805374
-1.4833737,-1.4833737
-1.1323469,-1.1323469
-1.9799847,-1.9799847
1.561777,1.561777
14.599382,-10.0
3.2465068,3.2465068
2.7775959,2.7775959
8.5603463,8.5603463
0.5333706,0.5333706
1.0860545,1.0860545
0.4519786,0.4519786
-0.4899333,-0.4899333
0.3181578,0.3181578
1.8829043,1.8829043
12.36995,-10.0
1.5693649,1.5693649
-0.2553511,-0.2553511
2.2729478,2.2729478
0.8970585,0.8970585
1.2942222,1.2942222
1.645249,1.645249
0.7976112,0.7976112
-6.9985693,-6.9985693
6.0390357,6.0390357
-5.3138395,-5.3138395
-5.7827504,-5.7827504
-8.5603463,-8.5603463
-8.0269757,-8.0269757
-7.4742918,-7.4742918
-8.1083677,-8.1083677
-9.0502796,-9.0502796
-8.2421885,-8.2421885
-6.677442,-6.677442
3.8096037,3.8096037
-6.9909814,-6.9909814
-8.8156974,-8.8156974
-6.2873985,-6.2873985
-7.6632878,-7.6632878
-7.2661241,-7.2661241
-6.9150973,-6.9150973
-7.7627351,-7.7627351
1.0284064,1.0284064
14.0660114,-10.0
2.7131362,2.7131362
2.2442253,2.2442253
-0.5333706,-0.5333706
8.0269757,8.0269757
0.5526839,0.5526839
-0.081392,-0.081392
-1.0233039,-1.0233039
-0.2152128,-0.2152128
1.3495337,1.3495337
11.8365794,-10.0
1.0359943,1.0359943
-0.7887217,-0.7887217
1.7395772,1.7395772
0.3636879,0.3636879
0.7608516,0.7608516
1.1118784,1.1118784
0.2642406,0.2642406
0.4757225,0.4757225
13.5133275,-10.0
2.1604523,2.1604523
1.6915414,1.6915414
-1.0860545,-1.0860545
7.4742918,7.4742918
-0.5526839,-0.5526839
-0.6340759,-0.6340759
-1.5759878,-1.5759878
-0.7678967,-0.7678967
0.7968498,0.7968498
11.2838955,-10.0
0.4833104,0.4833104
-1.3414056,-1.3414056
1.1868933,1.1868933
-0.188996,-0.188996
0.2081677,0.2081677
0.5591945,0.5591945
-0.2884433,-0.2884433
1.1097984,1.1097984
14.1474034,-10.0
2.7945282,2.7945282
2.3256173,2.3256173
-0.4519786,-0.4519786
8.1083677,8.1083677
0.081392,0.081392
0.6340759,0.6340759
-0.9419119,-0.9419119
-0.1338208,-0.1338208
1.4309257,1.4309257
11.9179714,-10.0
1.1173863,1.1173863
-0.7073297,-0.7073297
1.8209692,1.8209692
0.4450799,0.4450799
0.8422436,0.8422436
1.1932704,1.1932704
0.3456326,0.3456326
2.0517103,2.0517103
15.0893153,-10.0
3.7364401,3.7364401
3.2675292,3.2675292
0.4899333,0.4899333
9.0502796,9.0502796
1.0233039,1.0233039
1.5759878,1.5759878
0.9419119,0.9419119
0.8080911,0.8080911
2.3728376,2.3728376
12.8598833,-10.0
2.0592982,2.0592982
0.2345822,0.2345822
2.7628811,2.7628811
1.3869918,1.3869918
1.7841555,1.7841555
2.1351823,2.1351823
1.2875445,1.2875445
1.2436192,1.2436192
14.2812242,-10.0
2.928349,2.928349
2.4594381,2.4594381
-0.3181578,-0.3181578
8.2421885,8.2421885
0.2152128,0.2152128
0.7678967,0.7678967
0.1338208,0.1338208
-0.8080911,-0.8080911
1.5647465,1.5647465
12.0517922,-10.0
1.2512071,1.2512071
-0.5735089,-0.5735089
1.95479,1.95479
0.5789007,0.5789007
0.9760644,0.9760644
1.3270912,1.3270912
0.4794534,0.4794534
-0.3211273,-0.3211273
12.7164777,-10.0
1.3636025,1.3636025
0.8946916,0.8946916
-1.8829043,-1.8829043
6.677442,6.677442
-1.3495337,-1.3495337
-0.7968498,-0.7968498
-1.4309257,-1.4309257
-2.3728376,-2.3728376
-1.5647465,-1.5647465
10.4870457,-10.0
-0.3135394,-0.3135394
-2.1382554,-2.1382554
0.3900435,0.3900435
-0.9858458,-0.9858458
-0.5886821,-0.5886821
-0.2376553,-0.2376553
-1.0852931,-1.0852931
-10.808173,-10.0
2.229432,2.229432
-9.1234432,-9.1234432
-9.5923541,-9.5923541
-12.36995,-10.0
-3.8096037,-3.8096037
-11.8365794,-10.0
-11.2838955,-10.0
-11.9179714,-10.0
-12.8598833,-10.0
-12.0517922,-10.0
-10.4870457,-10.0
-10.8005851,-10.0
-12.6253011,-10.0
-10.0970022,-10.0
-11.4728915,-10.0
-11.0757278,-10.0
-10.724701,-10.0
-11.5723388,-10.0
-0.0075879,-0.0075879
13.0300171,-10.0
1.6771419,1.6771419
1.208231,1.208231
-1.5693649,-1.5693649
6.9909814,6.9909814
-1.0359943,-1.0359943
-0.4833104,-0.4833104
-1.1173863,-1.1173863
-2.0592982,-2.0592982
-1.2512071,-1.2512071
0.3135394,0.3135394
10.8005851,-10.0
-1.824716,-1.824716
0.7035829,0.7035829
-0.6723064,-0.6723064
-0.2751427,-0.2751427
0.0758841,0.0758841
-0.7717537,-0.7717537
1.8171281,1.8171281
14.8547331,-10.0
3.5018579,3.5018579
3.032947,3.032947
0.2553511,0.2553511
8.8156974,8.8156974
0.7887217,0.7887217
1.3414056,1.3414056
0.7073297,0.7073297
-0.2345822,-0.2345822
0.5735089,0.5735089
2.1382554,2.1382554
12.6253011,-10.0
1.824716,1.824716
2.5282989,2.5282989
1.1524096,1.1524096
1.5495733,1.5495733
1.9006001,1.9006001
1.0529623,1.0529623
-0.7111708,-0.7111708
12.3264342,-10.0
0.973559,0.973559
0.5046481,0.5046481
-2.2729478,-2.2729478
6.2873985,6.2873985
-1.7395772,-1.7395772
-1.1868933,-1.1868933
-1.8209692,-1.8209692
-2.7628811,-2.7628811
-1.95479,-1.95479
-0.3900435,-0.3900435
10.0970022,-10.0
-0.7035829,-0.7035829
-2.5282989,-2.5282989
-1.3758893,-1.3758893
-0.9787256,-0.9787256
-0.6276988,-0.6276988
-1.4753366,-1.4753366
0.6647185,0.6647185
13.7023235,-10.0
2.3494483,2.3494483
1.8805374,1.8805374
-0.8970585,-0.8970585
7.6632878,7.6632878
-0.3636879,-0.3636879
0.188996,0.188996
-0.4450799,-0.4450799
-1.3869918,-1.3869918
-0.5789007,-0.5789007
0.9858458,0.9858458
11.4728915,-10.0
0.6723064,0.6723064
-1.1524096,-1.1524096
1.3758893,1.3758893
0.3971637,0.3971637
0.7481905,0.7481905
-0.0994473,-0.0994473
0.2675548,0.2675548
13.3051598,-10.0
1.9522846,1.9522846
1.4833737,1.4833737
-1.2942222,-1.2942222
7.2661241,7.2661241
-0.7608516,-0.7608516
-0.2081677,-0.2081677
-0.8422436,-0.8422436
-1.7841555,-1.7841555
-0.9760644,-0.9760644
0.5886821,0.5886821
11.0757278,-10.0
0.2751427,0.2751427
-1.5495733,-1.5495733
0.9787256,0.9787256
-0.3971637,-0.3971637
0.3510268,0.3510268
-0.496611,-0.496611
-0.083472,-0.083472
12.954133,-10.0
1.6012578,1.6012578
1.1323469,1.1323469
-1.645249,-1.645249
6.9150973,6.9150973
-1.1118784,-1.1118784
-0.5591945,-0.5591945
-1.1932704,-1.1932704
-2.1351823,-2.1351823
-1.3270912,-1.3270912
0.2376553,0.2376553
10.724701,-10.0
-0.0758841,-0.0758841
-1.9006001,-1.9006001
0.6276988,0.6276988
-0.7481905,-0.7481905
-0.3510268,-0.3510268
-0.8476378,-0.8476378
0.7641658,0.7641658
13.8017708,-10.0
2.4488956,2.4488956
1.9799847,1.9799847
-0.7976112,-0.7976112
7.7627351,7.7627351
-0.2642406,-0.2642406
0.2884433,0.2884433
-0.3456326,-0.3456326
-1.2875445,-1.2875445
-0.4794534,-0.4794534
1.0852931,1.0852931
11.5723388,-10.0
0.7717537,0.7717537
-1.0529623,-1.0529623
1.4753366,1.4753366
0.0994473,0.0994473
0.496611,0.496611
0.8476378,0.8476378
2.3043857,2.3043857
-0.1995889,-0.1995889
1.6008488,1.6008488
0.5737435,0.5737435
2.9166383,2.9166383
1.2052736,1.2052736
1.8645091,1.8645091
-0.4598899,-0.4598899
2.1746449,2.1746449
1.2905741,1.2905741
0.2746999,0.2746999
0.87533,0.87533
1.3798344,1.3798344
0.9505938,0.9505938
0.5665732,0.5665732
0.6156319,0.6156319
-0.1270239,-0.1270239
11.7784319,-10.0
-0.1312759,-0.1312759
-2.3043857,-2.3043857
-2.5039746,-2.5039746
-0.7035369,-0.7035369
-1.7306422,-1.7306422
0.6122526,0.6122526
-1.0991121,-1.0991121
-0.4398766,-0.4398766
-2.7642756,-2.7642756
-0.1297408,-0.1297408
-1.0138116,-1.0138116
-2.0296858,-2.0296858
-1.4290557,-1.4290557
-0.9245513,-0.9245513
-1.3537919,-1.3537919
-1.7378125,-1.7378125
-1.6887538,-1.6887538
-2.4314096,-2.4314096
9.4740462,9.4740462
-2.4356616,-2.4356616
0.1995889,0.1995889
2.5039746,2.5039746
1.8004377,1.8004377
0.7733324,0.7733324
3.1162272,3.1162272
1.4048625,1.4048625
2.064098,2.064098
-0.260301,-0.260301
2.3742338,2.3742338
1.490163,1.490163
0.4742888,0.4742888
1.0749189,1.0749189
1.5794233,1.5794233
1.1501827,1.1501827
0.7661621,0.7661621
0.8152208,0.8152208
0.072565,0.072565
11.9780208,-10.0
0.068313,0.068313
-1.6008488,-1.6008488
0.7035369,0.7035369
-1.8004377,-1.8004377
-1.0271053,-1.0271053
1.3157895,1.3157895
-0.3955752,-0.3955752
0.2636603,0.2636603
-2.0607387,-2.0607387
0.5737961,0.5737961
-0.3102747,-0.3102747
-1.3261489,-1.3261489
-0.7255188,-0.7255188
-0.2210144,-0.2210144
-0.650255,-0.650255
-1.0342756,-1.0342756
-0.9852169,-0.9852169
-1.7278727,-1.7278727
10.1775831,-10.0
-1.7321247,-1.7321247
-0.5737435,-0.5737435
1.7306422,1.7306422
-0.7733324,-0.7733324
1.0271053,1.0271053
2.3428948,2.3428948
0.6315301,0.6315301
1.2907656,1.2907656
-1.0336334,-1.0336334
1.6009014,1.6009014
0.7168306,0.7168306
-0.2990436,-0.2990436
0.3015865,0.3015865
0.8060909,0.8060909
0.3768503,0.3768503
-0.0071703,-0.0071703
0.0418884,0.0418884
-0.7007674,-0.7007674
11.2046884,-10.0
-0.7050194,-0.7050194
-2.9166383,-2.9166383
-0.6122526,-0.6122526
-3.1162272,-3.1162272
-1.3157895,-1.3157895
-2.3428948,-2.3428948
-1.7113647,-1.7113647
-1.0521292,-1.0521292
-3.3765282,-3.3765282
-0.7419934,-0.7419934
-1.6260642,-1.6260642
-2.6419384,-2.6419384
-2.0413083,-2.0413083
-1.5368039,-1.5368039
-1.9660445,-1.9660445
-2.3500651,-2.3500651
-2.3010064,-2.3010064
-3.0436622,-3.0436622
8.8617936,8.8617936
-3.0479142,-3.0479142
-1.2052736,-1.2052736
1.0991121,1.0991121
-1.4048625,-1.4048625
0.3955752,0.3955752
-0.6315301,-0.6315301
1.7113647,1.7113647
0.6592355,0.6592355
-1.6651635,-1.6651635
0.9693713,0.9693713
0.0853005,0.0853005
-0.9305737,-0.9305737
-0.3299436,-0.3299436
0.1745608,0.1745608
-0.2546798,-0.2546798
-0.6387004,-0.6387004
-0.5896417,-0.5896417
-1.3322975,-1.3322975
10.5731583,-10.0
-1.3365495,-1.3365495
-1.8645091,-1.8645091
0.4398766,0.4398766
-2.064098,-2.064098
-0.2636603,-0.2636603
-1.2907656,-1.2907656
1.0521292,1.0521292
-0.6592355,-0.6592355
-2.324399,-2.324399
0.3101358,0.3101358
-0.573935,-0.573935
-1.5898092,-1.5898092
-0.9891791,-0.9891791
-0.4846747,-0.4846747
-0.9139153,-0.9139153
-1.2979359,-1.2979359
-1.2488772,-1.2488772
-1.991533,-1.991533
9.9139228,9.9139228
-1.995785,-1.995785
0.4598899,0.4598899
2.7642756,2.7642756
0.260301,0.260301
2.0607387,2.0607387
1.0336334,1.0336334
3.3765282,3.3765282
1.6651635,1.6651635
2.324399,2.324399
2.6345348,2.6345348
1.750464,1.750464
0.7345898,0.7345898
1.3352199,1.3352199
1.8397243,1.8397243
1.4104837,1.4104837
1.0264631,1.0264631
1.0755218,1.0755218
0.332866,0.332866
12.2383218,-10.0
0.328614,0.328614
-2.1746449,-2.1746449
0.1297408,0.1297408
-2.3742338,-2.3742338
-0.5737961,-0.5737961
-1.6009014,-1.6009014
0.7419934,0.7419934
-0.9693713,-0.9693713
-0.3101358,-0.3101358
-2.6345348,-2.6345348
-0.8840708,-0.8840708
-1.899945,-1.899945
-1.2993149,-1.2993149
-0.7948105,-0.7948105
-1.2240511,-1.2240511
-1.6080717,-1.6080717
-1.559013,-1.559013
-2.3016688,-2.3016688
9.603787,9.603787
-2.3059208,-2.3059208
-1.2905741,-1.2905741
1.0138116,1.0138116
-1.490163,-1.490163
0.3102747,0.3102747
-0.7168306,-0.7168306
1.6260642,1.6260642
-0.0853005,-0.0853005
0.573935,0.573935
-1.750464,-1.750464
0.8840708,0.8840708
-1.0158742,-1.0158742
-0.4152441,-0.4152441
0.0892603,0.0892603
-0.3399803,-0.3399803
-0.7240009,-0.7240009
-0.6749422,-0.6749422
-1.417598,-1.417598
10.4878578,-10.0
-1.42185,-1.42185
-0.2746999,-0.2746999
2.0296858,2.0296858
-0.4742888,-0.4742888
1.3261489,1.3261489
0.2990436,0.2990436
2.6419384,2.6419384
0.9305737,0.9305737
1.5898092,1.5898092
-0.7345898,-0.7345898
1.899945,1.899945
1.0158742,1.0158742
0.6006301,0.6006301
1.1051345,1.1051345
0.6758939,0.6758939
0.2918733,0.2918733
0.340932,0.340932
-0.4017238,-0.4017238
11.503732,-10.0
-0.4059758,-0.4059758
-0.87533,-0.87533
1.4290557,1.4290557
-1.0749189,-1.0749189
0.7255188,0.7255188
-0.3015865,-0.3015865
2.0413083,2.0413083
0.3299436,0.3299436
0.9891791,0.9891791
-1.3352199,-1.3352199
1.2993149,1.2993149
0.4152441,0.4152441
-0.6006301,-0.6006301
0.5045044,0.5045044
0.0752638,0.0752638
-0.3087568,-0.3087568
-0.2596981,-0.2596981
-1.0023539,-1.0023539
10.9031019,-10.0
-1.0066059,-1.0066059
-1.3798344,-1.3798344
0.9245513,0.9245513
-1.5794233,-1.5794233
0.2210144,0.2210144
-0.8060909,-0.8060909
1.5368039,1.5368039
-0.1745608,-0.1745608
0.4846747,0.4846747
-1.8397243,-1.8397243
0.7948105,0.7948105
-0.0892603,-0.0892603
-1.1051345,-1.1051345
-0.5045044,-0.5045044
-0.4292406,-0.4292406
-0.8132612,-0.8132612
-0.7642025,-0.7642025
-1.5068583,-1.5068583
10.3985975,-10.0
-1.5111103,-1.5111103
-0.9505938,-0.9505938
1.3537919,1.3537919
-1.1501827,-1.1501827
0.650255,0.650255
-0.3768503,-0.3768503
1.9660445,1.9660445
0.2546798,0.2546798
0.9139153,0.9139153
-1.4104837,-1.4104837
1.2240511,1.2240511
0.3399803,0.3399803
-0.6758939,-0.6758939
-0.0752638,-0.0752638
0.4292406,0.4292406
-0.3840206,-0.3840206
-0.3349619,-0.3349619
-1.0776177,-1.0776177
10.8278381,-10.0
-1.0818697,-1.0818697
-0.5665732,-0.5665732
1.7378125,1.7378125
-0.7661621,-0.7661621
1.0342756,1.0342756
0.0071703,0.0071703
2.3500651,2.3500651
0.6387004,0.6387004
1.2979359,1.2979359
-1.0264631,-1.0264631
1.6080717,1.6080717
0.7240009,0.7240009
-0.2918733,-0.2918733
0.3087568,0.3087568
0.8132612,0.8132612
0.3840206,0.3840206
0.0490587,0.0490587
-0.6935971,-0.6935971
11.2118587,-10.0
-0.6978491,-0.6978491
-0.6156319,-0.6156319
1.6887538,1.6887538
-0.8152208,-0.8152208
0.9852169,0.9852169
-0.0418884,-0.0418884
2.3010064,2.3010064
0.5896417,0.5896417
1.2488772,1.2488772
-1.0755218,-1.0755218
1.559013,1.559013
0.6749422,0.6749422
-0.340932,-0.340932
0.2596981,0.2596981
0.7642025,0.7642025
0.3349619,0.3349619
-0.0490587,-0.0490587
-0.7426558,-0.7426558
11.1628,-10.0
-0.7469078,-0.7469078
0.1270239,0.1270239
2.4314096,2.4314096
-0.072565,-0.072565
1.7278727,1.7278727
0.7007674,0.7007674
3.0436622,3.0436622
1.3322975,1.3322975
1.991533,1.991533
-0.332866,-0.332866
2.3016688,2.3016688
1.417598,1.417598
0.4017238,0.4017238
1.0023539,1.0023539
1.5068583,1.5068583
1.0776177,1.0776177
0.6935971,0.6935971
0.7426558,0.7426558
11.9054558,-10.0
-0.004252,-0.004252
-11.7784319,-10.0
-9.4740462,-9.4740462
-11.9780208,-10.0
-10.1775831,-10.0
-11.2046884,-10.0
-8.8617936,-8.8617936
-10.5731583,-10.0
-9.9139228,-9.9139228
-12.2383218,-10.0
-9.603787,-9.603787
-10.4878578,-10.0
-11.503732,-10.0
-10.9031019,-10.0
-10.3985975,-10.0
-10.8278381,-10.0
-11.2118587,-10.0
-11.1628,-10.0
-11.9054558,-10.0
-11.9097078,-10.0
0.1312759,0.1312759
2.4356616,2.4356616
-0.068313,-0.068313
1.7321247,1.7321247
0.7050194,0.7050194
3.0479142,3.0479142
1.3365495,1.3365495
1.995785,1.995785
-0.328614,-0.328614
2.3059208,2.3059208
1.42185,1.42185
0.4059758,0.4059758
1.0066059,1.0066059
1.5111103,1.5111103
1.0818697,1.0818697
0.6978491,0.6978491
0.7469078,0.7469078
0.004252,0.004252
11.9097078,-10.0
4.2745275,4.2745275
1.8361773,1.8361773
16.0826213,-10.0
-0.7897785,-0.7897785
3.1930024,3.1930024
1.1134358,1.1134358
1.9502476,1.9502476
2.6760372,2.6760372
1.5225835,1.5225835
0.051593,0.051593
-0.4898549,-0.4898549
2.8169399,2.8169399
3.1440755,3.1440755
3.4297858,3.4297858
-0.2745133,-0.2745133
0.4354295,0.4354295
2.9498436,2.9498436
2.4308734,2.4308734
-0.7825367,-0.7825367
-4.2745275,-4.2745275
-2.4383502,-2.4383502
11.8080938,-10.0
-5.064306,-5.064306
-1.0815251,-1.0815251
-3.1610917,-3.1610917
-2.3242799,-2.3242799
-1.5984903,-1.5984903
-2.751944,-2.751944
-4.2229345,-4.2229345
-4.7643824,-4.7643824
-1.4575876,-1.4575876
-1.130452,-1.130452
-0.8447417,-0.8447417
-4.5490408,-4.5490408
-3.839098,-3.839098
-1.3246839,-1.3246839
-1.8436541,-1.8436541
-5.0570642,-5.0570642
-1.8361773,-1.8361773
2.4383502,2.4383502
14.246444,-10.0
-2.6259558,-2.6259558
1.3568251,1.3568251
-0.7227415,-0.7227415
0.1140703,0.1140703
0.8398599,0.8398599
-0.3135938,-0.3135938
-1.7845843,-1.7845843
-2.3260322,-2.3260322
0.9807626,0.9807626
1.3078982,1.3078982
1.5936085,1.5936085
-2.1106906,-2.1106906
-1.4007478,-1.4007478
1.1136663,1.1136663
0.5946961,0.5946961
-2.618714,-2.618714
-16.0826213,-10.0
-11.8080938,-10.0
-14.246444,-10.0
-16.8723998,-10.0
-12.8896189,-10.0
-14.9691855,-10.0
-14.1323737,-10.0
-13.4065841,-10.0
-14.5600378,-10.0
-16.0310283,-10.0
-16.5724762,-10.0
-13.2656814,-10.0
-12.9385458,-10.0
-12.6528355,-10.0
-16.3571346,-10.0
-15.6471918,-10.0
-13.1327777,-10.0
-13.6517479,-10.0
-16.865158,-10.0
0.7897785,0.7897785
5.064306,5.064306
2.6259558,2.6259558
16.8723998,-10.0
3.9827809,3.9827809
1.9032143,1.9032143
2.7400261,2.7400261
3.4658157,3.4658157
2.312362,2.312362
0.8413715,0.8413715
0.2999236,0.2999236
3.6067184,3.6067184
3.933854,3.933854
4.2195643,4.2195643
0.5152652,0.5152652
1.225208,1.225208
3.7396221,3.7396221
3.2206519,3.2206519
0.0072418,0.0072418
-3.1930024,-3.1930024
1.0815251,1.0815251
-1.3568251,-1.3568251
12.8896189,-10.0
-3.9827809,-3.9827809
-2.0795666,-2.0795666
-1.2427548,-1.2427548
-0.5169652,-0.5169652
-1.6704189,-1.6704189
-3.1414094,-3.1414094
-3.6828573,-3.6828573
-0.3760625,-0.3760625
-0.0489269,-0.0489269
0.2367834,0.2367834
-3.4675157,-3.4675157
-2.7575729,-2.7575729
-0.2431588,-0.2431588
-0.762129,-0.762129
-3.9755391,-3.9755391
-1.1134358,-1.1134358
3.1610917,3.1610917
0.7227415,0.7227415
14.9691855,-10.0
-1.9032143,-1.9032143
2.0795666,2.0795666
0.8368118,0.8368118
1.5626014,1.5626014
0.4091477,0.4091477
-1.0618428,-1.0618428
-1.6032907,-1.6032907
1.7035041,1.7035041
2.0306397,2.0306397
2.31635,2.31635
-1.3879491,-1.3879491
-0.6780063,-0.6780063
1.8364078,1.8364078
1.3174376,1.3174376
-1.8959725,-1.8959725
-1.9502476,-1.9502476
2.3242799,2.3242799
-0.1140703,-0.1140703
14.1323737,-10.0
-2.7400261,-2.7400261
1.2427548,1.2427548
-0.8368118,-0.8368118
0.7257896,0.7257896
-0.4276641,-0.4276641
-1.8986546,-1.8986546
-2.4401025,-2.4401025
0.8666923,0.8666923
1.1938279,1.1938279
1.4795382,1.4795382
-2.2247609,-2.2247609
-1.5148181,-1.5148181
0.999596,0.999596
0.4806258,0.4806258
-2.7327843,-2.7327843
-2.6760372,-2.6760372
1.5984903,1.5984903
-0.8398599,-0.8398599
13.4065841,-10.0
-3.4658157,-3.4658157
0.5169652,0.5169652
-1.5626014,-1.5626014
-0.7257896,-0.7257896
-1.1534537,-1.1534537
-2.6244442,-2.6244442
-3.1658921,-3.1658921
0.1409027,0.1409027
0.4680383,0.4680383
0.7537486,0.7537486
-2.9505505,-2.9505505
-2.2406077,-2.2406077
0.2738064,0.2738064
-0.2451638,-0.2451638
-3.4585739,-3.4585739
-1.5225835,-1.5225835
2.751944,2.751944
0.3135938,0.3135938
14.5600378,-10.0
-2.312362,-2.312362
1.6704189,1.6704189
-0.4091477,-0.4091477
0.4276641,0.4276641
1.1534537,1.1534537
-1.4709905,-1.4709905
-2.0124384,-2.0124384
1.2943564,1.2943564
1.621492,1.621492
1.9072023,1.9072023
-1.7970968,-1.7970968
-1.087154,-1.087154
1.4272601,1.4272601
0.9082899,0.9082899
-2.3051202,-2.3051202
-0.051593,-0.051593
4.2229345,4.2229345
1.7845843,1.7845843
16.0310283,-10.0
-0.8413715,-0.8413715
3.1414094,3.1414094
1.0618428,1.0618428
1.8986546,1.8986546
2.6244442,2.6244442
1.4709905,1.4709905
-0.5414479,-0.5414479
2.7653469,2.7653469
3.0924825,3.0924825
3.3781928,3.3781928
-0.3261063,-0.3261063
0.3838365,0.3838365
2.8982506,2.8982506
2.3792804,2.3792804
-0.8341297,-0.8341297
0.4898549,0.4898549
4.7643824,4.7643824
2.3260322,2.3260322
16.5724762,-10.0
-0.2999236,-0.2999236
3.6828573,3.6828573
1.6032907,1.6032907
2.4401025,2.4401025
3.1658921,3.1658921
2.0124384,2.0124384
0.5414479,0.5414479
3.3067948,3.3067948
3.6339304,3.6339304
3.9196407,3.9196407
0.2153416,0.2153416
0.9252844,0.9252844
3.4396985,3.4396985
2.9207283,2.9207283
-0.2926818,-0.2926818
-2.8169399,-2.8169399
1.4575876,1.4575876
-0.9807626,-0.9807626
13.2656814,-10.0
-3.6067184,-3.6067184
0.3760625,0.3760625
-1.7035041,-1.7035041
-0.8666923,-0.8666923
-0.1409027,-0.1409027
-1.2943564,-1.2943564
-2.7653469,-2.7653469
-3.3067948,-3.3067948
0.3271356,0.3271356
0.6128459,0.6128459
-3.0914532,-3.0914532
-2.3815104,-2.3815104
0.1329037,0.1329037
-0.3860665,-0.3860665
-3.5994766,-3.5994766
-3.1440755,-3.1440755
1.130452,1.130452
-1.3078982,-1.3078982
12.9385458,-10.0
-3.933854,-3.933854
0.0489269,0.0489269
-2.0306397,-2.0306397
-1.1938279,-1.1938279
-0.4680383,-0.4680383
-1.621492,-1.621492
-3.0924825,-3.0924825
-3.6339304,-3.6339304
-0.3271356,-0.3271356
0.2857103,0.2857103
-3.4185888,-3.4185888
-2.708646,-2.708646
-0.1942319,-0.1942319
-0.7132021,-0.7132021
-3.9266122,-3.9266122
-3.4297858,-3.4297858
0.8447417,0.8447417
-1.5936085,-1.5936085
12.6528355,-10.0
-4.2195643,-4.2195643
-0.2367834,-0.2367834
-2.31635,-2.31635
-1.4795382,-1.4795382
-0.7537486,-0.7537486
-1.9072023,-1.9072023
-3.3781928,-3.3781928
-3.9196407,-3.9196407
-0.6128459,-0.6128459
-0.2857103,-0.2857103
-3.7042991,-3.7042991
-2.9943563,-2.9943563
-0.4799422,-0.4799422
-0.9989124,-0.9989124
-4.2123225,-4.2123225
0.2745133,0.2745133
4.5490408,4.5490408
2.1106906,2.1106906
16.3571346,-10.0
-0.5152652,-0.5152652
3.4675157,3.4675157
1.3879491,1.3879491
2.2247609,2.2247609
2.9505505,2.9505505
1.7970968,1.7970968
0.3261063,0.3261063
-0.2153416,-0.2153416
3.0914532,3.0914532
3.4185888,3.4185888
3.7042991,3.7042991
0.7099428,0.7099428
3.2243569,3.2243569
2.7053867,2.7053867
-0.5080234,-0.5080234
-0.4354295,-0.4354295
3.839098,3.839098
1.4007478,1.4007478
15.6471918,-10.0
-1.225208,-1.225208
2.7575729,2.7575729
0.6780063,0.6780063
1.5148181,1.5148181
2.2406077,2.2406077
1.087154,1.087154
-0.3838365,-0.3838365
-0.9252844,-0.9252844
2.3815104,2.3815104
2.708646,2.708646
2.9943563,2.9943563
-0.7099428,-0.7099428
2.5144141,2.5144141
1.9954439,1.9954439
-1.2179662,-1.2179662
-2.9498436,-2.9498436
1.3246839,1.3246839
-1.1136663,-1.1136663
13.1327777,-10.0
-3.7396221,-3.7396221
0.2431588,0.2431588
-1.8364078,-1.8364078
-0.999596,-0.999596
-0.2738064,-0.2738064
-1.4272601,-1.4272601
-2.8982506,-2.8982506
-3.4396985,-3.4396985
-0.1329037,-0.1329037
0.1942319,0.1942319
0.4799422,0.4799422
-3.2243569,-3.2243569
-2.5144141,-2.5144141
-0.5189702,-0.5189702
-3.7323803,-3.7323803
-2.4308734,-2.4308734
1.8436541,1.8436541
-0.5946961,-0.5946961
13.6517479,-10.0
-3.2206519,-3.2206519
0.762129,0.762129
-1.3174376,-1.3174376
-0.4806258,-0.4806258
0.2451638,0.2451638
-0.9082899,-0.9082899
-2.3792804,-2.3792804
-2.9207283,-2.9207283
0.3860665,0.3860665
0.7132021,0.7132021
0.9989124,0.9989124
-2.7053867,-2.7053867
-1.9954439,-1.9954439
0.5189702,0.5189702
-3.2134101,-3.2134101
0.7825367,0.7825367
5.0570642,5.0570642
2.618714,2.618714
16.865158,-10.0
-0.0072418,-0.0072418
3.9755391,3.9755391
1.8959725,1.8959725
2.7327843,2.7327843
3.4585739,3.4585739
2.3051202,2.3051202
0.8341297,0.8341297
0.2926818,0.2926818
3.5994766,3.5994766
3.9266122,3.9266122
4.2123225,4.2123225
0.5080234,0.5080234
1.2179662,1.2179662
3.7323803,3.7323803
3.2134101,3.2134101
2.0215207,2.0215207
1.2980829,1.2980829
1.364646,1.364646
2.6176968,2.6176968
-0.5713357,-0.5713357
0.5850818,0.5850818
9.1684213,9.1684213
-2.1787483,-2.1787483
1.7373434,1.7373434
15.0436162,-10.0
-1.2502828,-1.2502828
-1.8241227,-1.8241227
0.250164,0.250164
0.0046411,0.0046411
1.2184764,1.2184764
15.2958339,-10.0
16.1201695,-10.0
15.4546464,-10.0
0.2525576,0.2525576
-2.0215207,-2.0215207
-0.7234378,-0.7234378
-0.6568747,-0.6568747
0.5961761,0.5961761
-2.5928564,-2.5928564
-1.4364389,-1.4364389
7.1469006,7.1469006
-4.200269,-4.200269
-0.2841773,-0.2841773
13.0220955,-10.0
-3.2718035,-3.2718035
-3.8456434,-3.8456434
-1.7713567,-1.7713567
-2.0168796,-2.0168796
-0.8030443,-0.8030443
13.2743132,-10.0
14.0986488,-10.0
13.4331257,-10.0
-1.7689631,-1.7689631
-1.2980829,-1.2980829
0.7234378,0.7234378
0.0665631,0.0665631
1.3196139,1.3196139
-1.8694186,-1.8694186
-0.7130011,-0.7130011
7.8703384,7.8703384
-3.4768312,-3.4768312
0.4392605,0.4392605
13.7455333,-10.0
-2.5483657,-2.5483657
-3.1222056,-3.1222056
-1.0479189,-1.0479189
-1.2934418,-1.2934418
-0.0796065,-0.0796065
13.997751,-10.0
14.8220866,-10.0
14.1565635,-10.0
-1.0455253,-1.0455253
-1.364646,-1.364646
0.6568747,0.6568747
-0.0665631,-0.0665631
1.2530508,1.2530508
-1.9359817,-1.9359817
-0.7795642,-0.7795642
7.8037753,7.8037753
-3.5433943,-3.5433943
0.3726974,0.3726974
13.6789702,-10.0
-2.6149288,-2.6149288
-3.1887687,-3.1887687
-1.114482,-1.114482
-1.3600049,-1.3600049
-0.1461696,-0.1461696
13.9311879,-10.0
14.7555235,-10.0
14.0900004,-10.0
-1.1120884,-1.1120884
-2.6176968,-2.6176968
-0.5961761,-0.5961761
-1.3196139,-1.3196139
-1.2530508,-1.2530508
-3.1890325,-3.1890325
-2.032615,-2.032615
6.5507245,6.5507245
-4.7964451,-4.7964451
-0.8803534,-0.8803534
12.4259194,-10.0
-3.8679796,-3.8679796
-4.4418195,-4.4418195
-2.3675328,-2.3675328
-2.6130557,-2.6130557
-1.3992204,-1.3992204
12.6781371,-10.0
13.5024727,-10.0
12.8369496,-10.0
-2.3651392,-2.3651392
0.5713357,0.5713357
2.5928564,2.5928564
1.8694186,1.8694186
1.9359817,1.9359817
3.1890325,3.1890325
1.1564175,1.1564175
9.739757,9.739757
-1.6074126,-1.6074126
2.3086791,2.3086791
15.6149519,-10.0
-0.6789471,-0.6789471
-1.252787,-1.252787
0.8214997,0.8214997
0.5759768,0.5759768
1.7898121,1.7898121
15.8671696,-10.0
16.6915052,-10.0
16.0259821,-10.0
0.8238933,0.8238933
-0.5850818,-0.5850818
1.4364389,1.4364389
0.7130011,0.7130011
0.7795642,0.7795642
2.032615,2.032615
-1.1564175,-1.1564175
8.5833395,8.5833395
-2.7638301,-2.7638301
1.1522616,1.1522616
14.4585344,-10.0
-1.8353646,-1.8353646
-2.4092045,-2.4092045
-0.3349178,-0.3349178
-0.5804407,-0.5804407
0.6333946,0.6333946
14.7107521,-10.0
15.5350877,-10.0
14.8695646,-10.0
-0.3325242,-0.3325242
-9.1684213,-9.1684213
-7.1469006,-7.1469006
-7.8703384,-7.8703384
-7.8037753,-7.8037753
-6.5507245,-6.5507245
-9.739757,-9.739757
-8.5833395,-8.5833395
-11.3471696,-10.0
-7.4310779,-7.4310779
5.8751949,5.8751949
-10.4187041,-10.0
-10.992544,-10.0
-8.9182573,-8.9182573
-9.1637802,-9.1637802
-7.9499449,-7.9499449
6.1274126,6.1274126
6.9517482,6.9517482
6.2862251,6.2862251
-8.9158637,-8.9158637
2.1787483,2.1787483
4.200269,4.200269
3.4768312,3.4768312
3.5433943,3.5433943
4.7964451,4.7964451
1.6074126,1.6074126
2.7638301,2.7638301
11.3471696,-10.0
3.9160917,3.9160917
17.2223645,-10.0
0.9284655,0.9284655
0.3546256,0.3546256
2.4289123,2.4289123
2.1833894,2.1833894
3.3972247,3.3972247
17.4745822,-10.0
18.2989178,-10.0
17.6333947,-10.0
2.4313059,2.4313059
-1.7373434,-1.7373434
0.2841773,0.2841773
-0.4392605,-0.4392605
-0.3726974,-0.3726974
0.8803534,0.8803534
-2.3086791,-2.3086791
-1.1522616,-1.1522616
7.4310779,7.4310779
-3.9160917,-3.9160917
13.3062728,-10.0
-2.9876262,-2.9876262
-3.5614661,-3.5614661
-1.4871794,-1.4871794
-1.7327023,-1.7327023
-0.518867,-0.518867
13.5584905,-10.0
14.3828261,-10.0
13.717303,-10.0
-1.4847858,-1.4847858
-15.0436162,-10.0
-13.0220955,-10.0
-13.7455333,-10.0
-13.6789702,-10.0
-12.4259194,-10.0
-15.6149519,-10.0
-14.4585344,-10.0
-5.8751949,-5.8751949
-17.2223645,-10.0
-13.3062728,-10.0
-16.293899,-10.0
-16.8677389,-10.0
-14.7934522,-10.0
-15.0389751,-10.0
-13.8251398,-10.0
0.2522177,0.2522177
1.0765533,1.0765533
0.4110302,0.4110302
-14.7910586,-10.0
1.2502828,1.2502828
3.2718035,3.2718035
2.5483657,2.5483657
2.6149288,2.6149288
3.8679796,3.8679796
0.6789471,0.6789471
1.8353646,1.8353646
10.4187041,-10.0
-0.9284655,-0.9284655
2.9876262,2.9876262
16.293899,-10.0
-0.5738399,-0.5738399
1.5004468,1.5004468
1.2549239,1.2549239
2.4687592,2.4687592
16.5461167,-10.0
17.3704523,-10.0
16.7049292,-10.0
1.5028404,1.5028404
1.8241227,1.8241227
3.8456434,3.8456434
3.1222056,3.1222056
3.1887687,3.1887687
4.4418195,4.4418195
1.252787,1.252787
2.4092045,2.4092045
10.992544,-10.0
-0.3546256,-0.3546256
3.5614661,3.5614661
16.8677389,-10.0
0.5738399,0.5738399
2.0742867,2.0742867
1.8287638,1.8287638
3.0425991,3.0425991
17.1199566,-10.0
17.9442922,-10.0
17.2787691,-10.0
2.0766803,2.0766803
-0.250164,-0.250164
1.7713567,1.7713567
1.0479189,1.0479189
1.114482,1.114482
2.3675328,2.3675328
-0.8214997,-0.8214997
0.3349178,0.3349178
8.9182573,8.9182573
-2.4289123,-2.4289123
1.4871794,1.4871794
14.7934522,-10.0
-1.5004468,-1.5004468
-2.0742867,-2.0742867
-0.2455229,-0.2455229
0.9683124,0.9683124
15.0456699,-10.0
15.8700055,-10.0
15.2044824,-10.0
0.0023936,0.0023936
-0.0046411,-0.0046411
2.0168796,2.0168796
1.2934418,1.2934418
1.3600049,1.3600049
2.6130557,2.6130557
-0.5759768,-0.5759768
0.5804407,0.5804407
9.1637802,9.1637802
-2.1833894,-2.1833894
1.7327023,1.7327023
15.0389751,-10.0
-1.2549239,-1.2549239
-1.8287638,-1.8287638
0.2455229,0.2455229
1.2138353,1.2138353
15.2911928,-10.0
16.1155284,-10.0
15.4500053,-10.0
0.2479165,0.2479165
-1.2184764,-1.2184764
0.8030443,0.8030443
0.0796065,0.0796065
0.1461696,0.1461696
1.3992204,1.3992204
-1.7898121,-1.7898121
-0.6333946,-0.6333946
7.9499449,7.9499449
-3.3972247,-3.3972247
0.518867,0.518867
13.8251398,-10.0
-2.4687592,-2.4687592
-3.0425991,-3.0425991
-0.9683124,-0.9683124
-1.2138353,-1.2138353
14.0773575,-10.0
14.9016931,-10.0
14.23617,-10.0
-0.9659188,-0.9659188
-15.2958339,-10.0
-13.2743132,-10.0
-13.997751,-10.0
-13.9311879,-10.0
-12.6781371,-10.0
-15.8671696,-10.0
-14.7107521,-10.0
-6.1274126,-6.1274126
-17.4745822,-10.0
-13.5584905,-10.0
-0.2522177,-0.2522177
-16.5461167,-10.0
-17.1199566,-10.0
-15.0456699,-10.0
-15.2911928,-10.0
-14.0773575,-10.0
0.8243356,0.8243356
0.1588125,0.1588125
-15.0432763,-10.0
-16.1201695,-10.0
-14.0986488,-10.0
-14.8220866,-10.0
-14.7555235,-10.0
-13.5024727,-10.0
-16.6915052,-10.0
-15.5350877,-10.0
-6.9517482,-6.9517482
-18.2989178,-10.0
-14.3828261,-10.0
-1.0765533,-1.0765533
-17.3704523,-10.0
-17.9442922,-10.0
-15.8700055,-10.0
-16.1155284,-10.0
-14.9016931,-10.0
-0.8243356,-0.8243356
-0.6655231,-0.6655231
-15.8676119,-10.0
-15.4546464,-10.0
-13.4331257,-10.0
-14.1565635,-10.0
-14.0900004,-10.0
-12.8369496,-10.0
-16.0259821,-10.0
-14.8695646,-10.0
-6.2862251,-6.2862251
-17.6333947,-10.0
-13.717303,-10.0
-0.4110302,-0.4110302
-16.7049292,-10.0
-17.2787691,-10.0
-15.2044824,-10.0
-15.4500053,-10.0
-14.23617,-10.0
-0.1588125,-0.1588125
0.6655231,0.6655231
-15.2020888,-10.0
-0.2525576,-0.2525576
1.7689631,1.7689631
1.0455253,1.0455253
1.1120884,1.1120884
2.3651392,2.3651392
-0.8238933,-0.8238933
0.3325242,0.3325242
8.9158637,8.9158637
-2.4313059,-2.4313059
1.4847858,1.4847858
14.7910586,-10.0
-1.5028404,-1.5028404
-2.0766803,-2.0766803
-0.0023936,-0.0023936
-0.2479165,-0.2479165
0.9659188,0.9659188
15.0432763,-10.0
15.8676119,-10.0
15.2020888,-10.0
15.6221706,-10.0
15.541908,-10.0
15.003939,-10.0
-0.8932938,-0.8932938
10.5222247,-10.0
1.0386312,1.0386312
-0.6755747,-0.6755747
0.8432095,0.8432095
-0.3668425,-0.3668425
-2.4945964,-2.4945964
0.4082727,0.4082727
2.2189946,2.2189946
1.8582924,1.8582924
0.9832271,0.9832271
2.097618,2.097618
-0.2028208,-0.2028208
-0.091308,-0.091308
-1.4356079,-1.4356079
-0.4534942,-0.4534942
-15.6221706,-10.0
-0.0802626,-0.0802626
-0.6182316,-0.6182316
-16.5154644,-10.0
-5.0999459,-5.0999459
-14.5835394,-10.0
-16.2977453,-10.0
-14.7789611,-10.0
-15.9890131,-10.0
-18.116767,-10.0
-15.2138979,-10.0
-13.403176,-10.0
-13.7638782,-10.0
-14.6389435,-10.0
-13.5245526,-10.0
-15.8249914,-10.0
-15.7134786,-10.0
-17.0577785,-10.0
-16.0756648,-10.0
-15.541908,-10.0
0.0802626,0.0802626
-0.537969,-0.537969
-16.4352018,-10.0
-5.0196833,-5.0196833
-14.5032768,-10.0
-16.2174827,-10.0
-14.6986985,-10.0
-15.9087505,-10.0
-18.0365044,-10.0
-15.1336353,-10.0
-13.3229134,-10.0
-13.6836156,-10.0
-14.5586809,-10.0
-13.44429,-10.0
-15.7447288,-10.0
-15.633216,-10.0
-16.9775159,-10.0
-15.9954022,-10.0
-15.003939,-10.0
0.6182316,0.6182316
0.537969,0.537969
-15.8972328,-10.0
-4.4817143,-4.4817143
-13.9653078,-10.0
-15.6795137,-10.0
-14.1607295,-10.0
-15.3707815,-10.0
-17.4985354,-10.0
-14.5956663,-10.0
-12.7849444,-10.0
-13.1456466,-10.0
-14.0207119,-10.0
-12.906321,-10.0
-15.2067598,-10.0
-15.095247,-10.0
-16.4395469,-10.0
-15.4574332,-10.0
0.8932938,0.8932938
16.5154644,-10.0
16.4352018,-10.0
15.8972328,-10.0
11.4155185,-10.0
1.931925,1.931925
0.2177191,0.2177191
1.7365033,1.7365033
0.5264513,0.5264513
-1.6013026,-1.6013026
1.3015665,1.3015665
3.1122884,3.1122884
2.7515862,2.7515862
1.8765209,1.8765209
2.9909118,2.9909118
0.690473,0.690473
0.8019858,0.8019858
-0.5423141,-0.5423141
0.4397996,0.4397996
-10.5222247,-10.0
5.0999459,5.0999459
5.0196833,5.0196833
4.4817143,4.4817143
-11.4155185,-10.0
-9.4835935,-9.4835935
-11.1977994,-10.0
-9.6790152,-9.6790152
-10.8890672,-10.0
-13.0168211,-10.0
-10.113952,-10.0
-8.3032301,-8.3032301
-8.6639323,-8.6639323
-9.5389976,-9.5389976
-8.4246067,-8.4246067
-10.7250455,-10.0
-10.6135327,-10.0
-11.9578326,-10.0
-10.9757189,-10.0
-1.0386312,-1.0386312
14.5835394,-10.0
14.5032768,-10.0
13.9653078,-10.0
-1.931925,-1.931925
9.4835935,9.4835935
-1.7142059,-1.7142059
-0.1954217,-0.1954217
-1.4054737,-1.4054737
-3.5332276,-3.5332276
-0.6303585,-0.6303585
1.1803634,1.1803634
0.8196612,0.8196612
-0.0554041,-0.0554041
1.0589868,1.0589868
-1.241452,-1.241452
-1.1299392,-1.1299392
-2.4742391,-2.4742391
-1.4921254,-1.4921254
0.6755747,0.6755747
16.2977453,-10.0
16.2174827,-10.0
15.6795137,-10.0
-0.2177191,-0.2177191
11.1977994,-10.0
1.7142059,1.7142059
1.5187842,1.5187842
0.3087322,0.3087322
-1.8190217,-1.8190217
1.0838474,1.0838474
2.8945693,2.8945693
2.5338671,2.5338671
1.6588018,1.6588018
2.7731927,2.7731927
0.4727539,0.4727539
0.5842667,0.5842667
-0.7600332,-0.7600332
0.2220805,0.2220805
-0.8432095,-0.8432095
14.7789611,-10.0
14.6986985,-10.0
14.1607295,-10.0
-1.7365033,-1.7365033
9.6790152,9.6790152
0.1954217,0.1954217
-1.5187842,-1.5187842
-1.210052,-1.210052
-3.3378059,-3.3378059
-0.4349368,-0.4349368
1.3757851,1.3757851
1.0150829,1.0150829
0.1400176,0.1400176
1.2544085,1.2544085
-1.0460303,-1.0460303
-0.9345175,-0.9345175
-2.2788174,-2.2788174
-1.2967037,-1.2967037
0.3668425,0.3668425
15.9890131,-10.0
15.9087505,-10.0
15.3707815,-10.0
-0.5264513,-0.5264513
10.8890672,-10.0
1.4054737,1.4054737
-0.3087322,-0.3087322
1.210052,1.210052
-2.1277539,-2.1277539
0.7751152,0.7751152
2.5858371,2.5858371
2.2251349,2.2251349
1.3500696,1.3500696
2.4644605,2.4644605
0.1640217,0.1640217
0.2755345,0.2755345
-1.0687654,-1.0687654
-0.0866517,-0.0866517
2.4945964,2.4945964
18.116767,-10.0
18.0365044,-10.0
17.4985354,-10.0
1.6013026,1.6013026
13.0168211,-10.0
3.5332276,3.5332276
1.8190217,1.8190217
3.3378059,3.3378059
2.1277539,2.1277539
2.9028691,2.9028691
4.713591,4.713591
4.3528888,4.3528888
3.4778235,3.4778235
4.5922144,4.5922144
2.2917756,2.2917756
2.4032884,2.4032884
1.0589885,1.0589885
2.0411022,2.0411022
-0.4082727,-0.4082727
15.2138979,-10.0
15.1336353,-10.0
14.5956663,-10.0
-1.3015665,-1.3015665
10.113952,-10.0
0.6303585,0.6303585
-1.0838474,-1.0838474
0.4349368,0.4349368
-0.7751152,-0.7751152
-2.9028691,-2.9028691
1.8107219,1.8107219
1.4500197,1.4500197
0.5749544,0.5749544
1.6893453,1.6893453
-0.6110935,-0.6110935
-0.4995807,-0.4995807
-1.8438806,-1.8438806
-0.8617669,-0.8617669
-2.2189946,-2.2189946
13.403176,-10.0
13.3229134,-10.0
12.7849444,-10.0
-3.1122884,-3.1122884
8.3032301,8.3032301
-1.1803634,-1.1803634
-2.8945693,-2.8945693
-1.3757851,-1.3757851
-2.5858371,-2.5858371
-4.713591,-4.713591
-1.8107219,-1.8107219
-0.3607022,-0.3607022
-1.2357675,-1.2357675
-0.1213766,-0.1213766
-2.4218154,-2.4218154
-2.3103026,-2.3103026
-3.6546025,-3.6546025
-2.6724888,-2.6724888
-1.8582924,-1.8582924
13.7638782,-10.0
13.6836156,-10.0
13.1456466,-10.0
-2.7515862,-2.7515862
8.6639323,8.6639323
-0.8196612,-0.8196612
-2.5338671,-2.5338671
-1.0150829,-1.0150829
-2.2251349,-2.2251349
-4.3528888,-4.3528888
-1.4500197,-1.4500197
0.3607022,0.3607022
-0.8750653,-0.8750653
0.2393256,0.2393256
-2.0611132,-2.0611132
-1.9496004,-1.9496004
-3.2939003,-3.2939003
-2.3117866,-2.3117866
-0.9832271,-0.9832271
14.6389435,-10.0
14.5586809,-10.0
14.0207119,-10.0
-1.8765209,-1.8765209
9.5389976,9.5389976
0.0554041,0.0554041
-1.6588018,-1.6588018
-0.1400176,-0.1400176
-1.3500696,-1.3500696
-3.4778235,-3.4778235
-0.5749544,-0.5749544
1.2357675,1.2357675
0.8750653,0.8750653
1.1143909,1.1143909
-1.1860479,-1.1860479
-1.0745351,-1.0745351
-2.418835,-2.418835
-1.4367213,-1.4367213
-2.097618,-2.097618
13.5245526,-10.0
13.44429,-10.0
12.906321,-10.0
-2.9909118,-2.9909118
8.4246067,8.4246067
-1.0589868,-1.0589868
-2.7731927,-2.7731927
-1.2544085,-1.2544085
-2.4644605,-2.4644605
-4.5922144,-4.5922144
-1.6893453,-1.6893453
0.1213766,0.1213766
-0.2393256,-0.2393256
-1.1143909,-1.1143909
-2.3004388,-2.3004388
-2.188926,-2.188926
-3.5332259,-3.5332259
-2.5511122,-2.5511122
0.2028208,0.2028208
15.8249914,-10.0
15.7447288,-10.0
15.2067598,-10.0
-0.690473,-0.690473
10.7250455,-10.0
1.241452,1.241452
-0.4727539,-0.4727539
1.0460303,1.0460303
-0.1640217,-0.1640217
-2.2917756,-2.2917756
0.6110935,0.6110935
2.4218154,2.4218154
2.0611132,2.0611132
1.1860479,1.1860479
2.3004388,2.3004388
0.1115128,0.1115128
-1.2327871,-1.2327871
-0.2506734,-0.2506734
0.091308,0.091308
15.7134786,-10.0
15.633216,-10.0
15.095247,-10.0
-0.8019858,-0.8019858
10.6135327,-10.0
1.1299392,1.1299392
-0.5842667,-0.5842667
0.9345175,0.9345175
-0.2755345,-0.2755345
-2.4032884,-2.4032884
0.4995807,0.4995807
2.3103026,2.3103026
1.9496004,1.9496004
1.0745351,1.0745351
2.188926,2.188926
-0.1115128,-0.1115128
-1.3442999,-1.3442999
-0.3621862,-0.3621862
1.4356079,1.4356079
17.0577785,-10.0
16.9775159,-10.0
16.4395469,-10.0
0.5423141,0.5423141
11.9578326,-10.0
2.4742391,2.4742391
0.7600332,0.7600332
2.2788174,2.2788174
1.0687654,1.0687654
-1.0589885,-1.0589885
1.8438806,1.8438806
3.6546025,3.6546025
3.2939003,3.2939003
2.418835,2.418835
3.5332259,3.5332259
1.2327871,1.2327871
1.3442999,1.3442999
0.9821137,0.9821137
0.4534942,0.4534942
16.0756648,-10.0
15.9954022,-10.0
15.4574332,-10.0
-0.4397996,-0.4397996
10.9757189,-10.0
1.4921254,1.4921254
-0.2220805,-0.2220805
1.2967037,1.2967037
0.0866517,0.0866517
-2.0411022,-2.0411022
0.8617669,0.8617669
2.6724888,2.6724888
2.3117866,2.3117866
1.4367213,1.4367213
2.5511122,2.5511122
0.2506734,0.2506734
0.3621862,0.3621862
-0.9821137,-0.9821137
-1.1881869,-1.1881869
0.0528123,0.0528123
13.0261806,-10.0
0.4828914,0.4828914
-1.5786275,-1.5786275
-3.8345826,-3.8345826
-1.9660384,-1.9660384
-3.2933237,-3.2933237
0.2201274,0.2201274
12.5477833,-10.0
-1.9061399,-1.9061399
-2.6179567,-2.6179567
-0.0970254,-0.0970254
-3.4553769,-3.4553769
-2.7056203,-2.7056203
-2.2336189,-2.2336189
-0.8953753,-0.8953753
-0.3488748,-0.3488748
2.9499064,2.9499064
1.1881869,1.1881869
1.2409992,1.2409992
14.2143675,-10.0
1.6710783,1.6710783
-0.3904406,-0.3904406
-2.6463957,-2.6463957
-0.7778515,-0.7778515
-2.1051368,-2.1051368
1.4083143,1.4083143
13.7359702,-10.0
-0.717953,-0.717953
-1.4297698,-1.4297698
1.0911615,1.0911615
-2.26719,-2.26719
-1.5174334,-1.5174334
-1.045432,-1.045432
0.2928116,0.2928116
0.8393121,0.8393121
4.1380933,4.1380933
-0.0528123,-0.0528123
-1.2409992,-1.2409992
12.9733683,-10.0
0.4300791,0.4300791
-1.6314398,-1.6314398
-3.8873949,-3.8873949
-2.0188507,-2.0188507
-3.346136,-3.346136
0.1673151,0.1673151
12.494971,-10.0
-1.9589522,-1.9589522
-2.670769,-2.670769
-0.1498377,-0.1498377
-3.5081892,-3.5081892
-2.7584326,-2.7584326
-2.2864312,-2.2864312
-0.9481876,-0.9481876
-0.4016871,-0.4016871
2.8970941,2.8970941
-13.0261806,-10.0
-14.2143675,-10.0
-12.9733683,-10.0
-12.5432892,-10.0
-14.6048081,-10.0
-16.8607632,-10.0
-14.992219,-10.0
-16.3195043,-10.0
-12.8060532,-10.0
-0.4783973,-0.4783973
-14.9323205,-10.0
-15.6441373,-10.0
-13.123206,-10.0
-16.4815575,-10.0
-15.7318009,-10.0
-15.2597995,-10.0
-13.9215559,-10.0
-13.3750554,-10.0
-10.0762742,-10.0
-0.4828914,-0.4828914
-1.6710783,-1.6710783
-0.4300791,-0.4300791
12.5432892,-10.0
-2.0615189,-2.0615189
-4.317474,-4.317474
-2.4489298,-2.4489298
-3.7762151,-3.7762151
-0.262764,-0.262764
12.0648919,-10.0
-2.3890313,-2.3890313
-3.1008481,-3.1008481
-0.5799168,-0.5799168
-3.9382683,-3.9382683
-3.1885117,-3.1885117
-2.7165103,-2.7165103
-1.3782667,-1.3782667
-0.8317662,-0.8317662
2.467015,2.467015
1.5786275,1.5786275
0.3904406,0.3904406
1.6314398,1.6314398
14.6048081,-10.0
2.0615189,2.0615189
-2.2559551,-2.2559551
-0.3874109,-0.3874109
-1.7146962,-1.7146962
1.7987549,1.7987549
14.1264108,-10.0
-0.3275124,-0.3275124
-1.0393292,-1.0393292
1.4816021,1.4816021
-1.8767494,-1.8767494
-1.1269928,-1.1269928
-0.6549914,-0.6549914
0.6832522,0.6832522
1.2297527,1.2297527
4.5285339,4.5285339
3.8345826,3.8345826
2.6463957,2.6463957
3.8873949,3.8873949
16.8607632,-10.0
4.317474,4.317474
2.2559551,2.2559551
1.8685442,1.8685442
0.5412589,0.5412589
4.05471,4.05471
16.3823659,-10.0
1.9284427,1.9284427
1.2166259,1.2166259
3.7375572,3.7375572
0.3792057,0.3792057
1.1289623,1.1289623
1.6009637,1.6009637
2.9392073,2.9392073
3.4857078,3.4857078
6.784489,6.784489
1.9660384,1.9660384
0.7778515,0.7778515
2.0188507,2.0188507
14.992219,-10.0
2.4489298,2.4489298
0.3874109,0.3874109
-1.8685442,-1.8685442
-1.3272853,-1.3272853
2.1861658,2.1861658
14.5138217,-10.0
0.0598985,0.0598985
-0.6519183,-0.6519183
1.869013,1.869013
-1.4893385,-1.4893385
-0.7395819,-0.7395819
-0.2675805,-0.2675805
1.0706631,1.0706631
1.6171636,1.6171636
4.9159448,4.9159448
3.2933237,3.2933237
2.1051368,2.1051368
3.346136,3.346136
16.3195043,-10.0
3.7762151,3.7762151
1.7146962,1.7146962
-0.5412589,-0.5412589
1.3272853,1.3272853
3.5134511,3.5134511
15.841107,-10.0
1.3871838,1.3871838
0.675367,0.675367
3.1962983,3.1962983
-0.1620532,-0.1620532
0.5877034,0.5877034
1.0597048,1.0597048
2.3979484,2.3979484
2.9444489,2.9444489
6.2432301,6.2432301
-0.2201274,-0.2201274
-1.4083143,-1.4083143
-0.1673151,-0.1673151
12.8060532,-10.0
0.262764,0.262764
-1.7987549,-1.7987549
-4.05471,-4.05471
-2.1861658,-2.1861658
-3.5134511,-3.5134511
12.3276559,-10.0
-2.1262673,-2.1262673
-2.8380841,-2.8380841
-0.3171528,-0.3171528
-3.6755043,-3.6755043
-2.9257477,-2.9257477
-2.4537463,-2.4537463
-1.1155027,-1.1155027
-0.5690022,-0.5690022
2.729779,2.729779
-12.5477833,-10.0
-13.7359702,-10.0
-12.494971,-10.0
0.4783973,0.4783973
-12.0648919,-10.0
-14.1264108,-10.0
-16.3823659,-10.0
-14.5138217,-10.0
-15.841107,-10.0
-12.3276559,-10.0
-14.4539232,-10.0
-15.16574,-10.0
-12.6448087,-10.0
-16.0031602,-10.0
-15.2534036,-10.0
-14.7814022,-10.0
-13.4431586,-10.0
-12.8966581,-10.0
-9.5978769,-9.5978769
1.9061399,1.9061399
0.717953,0.717953
1.9589522,1.9589522
14.9323205,-10.0
2.3890313,2.3890313
0.3275124,0.3275124
-1.9284427,-1.9284427
-0.0598985,-0.0598985
-1.3871838,-1.3871838
2.1262673,2.1262673
14.4539232,-10.0
-0.7118168,-0.7118168
1.8091145,1.8091145
-1.549237,-1.549237
-0.7994804,-0.7994804
-0.327479,-0.327479
1.0107646,1.0107646
1.5572651,1.5572651
4.8560463,4.8560463
2.6179567,2.6179567
1.4297698,1.4297698
2.670769,2.670769
15.6441373,-10.0
3.1008481,3.1008481
1.0393292,1.0393292
-1.2166259,-1.2166259
0.6519183,0.6519183
-0.675367,-0.675367
2.8380841,2.8380841
15.16574,-10.0
0.7118168,0.7118168
2.5209313,2.5209313
-0.8374202,-0.8374202
-0.0876636,-0.0876636
0.3843378,0.3843378
1.7225814,1.7225814
2.2690819,2.2690819
5.5678631,5.5678631
0.0970254,0.0970254
-1.0911615,-1.0911615
0.1498377,0.1498377
13.123206,-10.0
0.5799168,0.5799168
-1.4816021,-1.4816021
-3.7375572,-3.7375572
-1.869013,-1.869013
-3.1962983,-3.1962983
0.3171528,0.3171528
12.6448087,-10.0
-1.8091145,-1.8091145
-2.5209313,-2.5209313
-3.3583515,-3.3583515
-2.6085949,-2.6085949
-2.1365935,-2.1365935
-0.7983499,-0.7983499
-0.2518494,-0.2518494
3.0469318,3.0469318
3.4553769,3.4553769
2.26719,2.26719
3.5081892,3.5081892
16.4815575,-10.0
3.9382683,3.9382683
1.8767494,1.8767494
-0.3792057,-0.3792057
1.4893385,1.4893385
0.1620532,0.1620532
3.6755043,3.6755043
16.0031602,-10.0
1.549237,1.549237
0.8374202,0.8374202
3.3583515,3.3583515
0.7497566,0.7497566
1.221758,1.221758
2.5600016,2.5600016
3.1065021,3.1065021
6.4052833,6.4052833
2.7056203,2.7056203
1.5174334,1.5174334
2.7584326,2.7584326
15.7318009,-10.0
3.1885117,3.1885117
1.1269928,1.1269928
-1.1289623,-1.1289623
0.7395819,0.7395819
-0.5877034,-0.5877034
2.9257477,2.9257477
15.2534036,-10.0
0.7994804,0.7994804
0.0876636,0.0876636
2.6085949,2.6085949
-0.7497566,-0.7497566
0.4720014,0.4720014
1.810245,1.810245
2.3567455,2.3567455
5.6555267,5.6555267
2.2336189,2.2336189
1.045432,1.045432
2.2864312,2.2864312
15.2597995,-10.0
2.7165103,2.7165103
0.6549914,0.6549914
-1.6009637,-1.6009637
0.2675805,0.2675805
-1.0597048,-1.0597048
2.4537463,2.4537463
14.7814022,-10.0
0.327479,0.327479
-0.3843378,-0.3843378
2.1365935,2.1365935
-1.221758,-1.221758
-0.4720014,-0.4720014
1.3382436,1.3382436
1.8847441,1.8847441
5.1835253,5.1835253
0.8953753,0.8953753
-0.2928116,-0.2928116
0.9481876,0.9481876
13.9215559,-10.0
1.3782667,1.3782667
-0.6832522,-0.6832522
-2.9392073,-2.9392073
-1.0706631,-1.0706631
-2.3979484,-2.3979484
1.1155027,1.1155027
13.4431586,-10.0
-1.0107646,-1.0107646
-1.7225814,-1.7225814
0.7983499,0.7983499
-2.5600016,-2.5600016
-1.810245,-1.810245
-1.3382436,-1.3382436
0.5465005,0.5465005
3.8452817,3.8452817
0.3488748,0.3488748
-0.8393121,-0.8393121
0.4016871,0.4016871
13.3750554,-10.0
0.8317662,0.8317662
-1.2297527,-1.2297527
-3.4857078,-3.4857078
-1.6171636,-1.6171636
-2.9444489,-2.9444489
0.5690022,0.5690022
12.8966581,-10.0
-1.5572651,-1.5572651
-2.2690819,-2.2690819
0.2518494,0.2518494
-3.1065021,-3.1065021
-2.3567455,-2.3567455
-1.8847441,-1.8847441
-0.5465005,-0.5465005
3.2987812,3.2987812
-2.9499064,-2.9499064
-4.1380933,-4.1380933
-2.8970941,-2.8970941
10.0762742,-10.0
-2.467015,-2.467015
-4.5285339,-4.5285339
-6.784489,-6.784489
-4.9159448,-4.9159448
-6.2432301,-6.2432301
-2.729779,-2.729779
9.5978769,9.5978769
-4.8560463,-4.8560463
-5.5678631,-5.5678631
-3.0469318,-3.0469318
-6.4052833,-6.4052833
-5.6555267,-5.6555267
-5.1835253,-5.1835253
-3.8452817,-3.8452817
-3.2987812,-3.2987812
2.1416894,2.1416894
3.4456335,3.4456335
5.6442007,5.6442007
0.5551669,0.5551669
1.6408959,1.6408959
0.247752,0.247752
0.7922789,0.7922789
1.1478513,1.1478513
-0.4888758,-0.4888758
2.0608364,2.0608364
-0.1794405,-0.1794405
-1.0861157,-1.0861157
2.0533425,2.0533425
-0.354501,-0.354501
0.7400178,0.7400178
0.0966184,0.0966184
0.1832548,0.1832548
-1.9525635,-1.9525635
1.1146395,1.1146395
-2.1416894,-2.1416894
1.3039441,1.3039441
3.5025113,3.5025113
-1.5865225,-1.5865225
-0.5007935,-0.5007935
-1.8939374,-1.8939374
-1.3494105,-1.3494105
-0.9938381,-0.9938381
-2.6305652,-2.6305652
-0.080853,-0.080853
-2.3211299,-2.3211299
-3.2278051,-3.2278051
-0.0883469,-0.0883469
-2.4961904,-2.4961904
-1.4016716,-1.4016716
-2.045071,-2.045071
-1.9584346,-1.9584346
-4.0942529,-4.0942529
-1.0270499,-1.0270499
-3.4456335,-3.4456335
-1.3039441,-1.3039441
2.1985672,2.1985672
-2.8904666,-2.8904666
-1.8047376,-1.8047376
-3.1978815,-3.1978815
-2.6533546,-2.6533546
-2.2977822,-2.2977822
-3.9345093,-3.9345093
-1.3847971,-1.3847971
-3.625074,-3.625074
-4.5317492,-4.5317492
-1.392291,-1.392291
-3.8001345,-3.8001345
-2.7056157,-2.7056157
-3.3490151,-3.3490151
-3.2623787,-3.2623787
-5.398197,-5.398197
-2.330994,-2.330994
-5.6442007,-5.6442007
-3.5025113,-3.5025113
-2.1985672,-2.1985672
-5.0890338,-5.0890338
-4.0033048,-4.0033048
-5.3964487,-5.3964487
-4.8519218,-4.8519218
-4.4963494,-4.4963494
-6.1330765,-6.1330765
-3.5833643,-3.5833643
-5.8236412,-5.8236412
-6.7303164,-6.7303164
-3.5908582,-3.5908582
-5.9987017,-5.9987017
-4.9041829,-4.9041829
-5.5475823,-5.5475823
-5.4609459,-5.4609459
-7.5967642,-7.5967642
-4.5295612,-4.5295612
-0.5551669,-0.5551669
1.5865225,1.5865225
2.8904666,2.8904666
5.0890338,5.0890338
1.085729,1.085729
-0.3074149,-0.3074149
0.237112,0.237112
0.5926844,0.5926844
-1.0440427,-1.0440427
1.5056695,1.5056695
-0.7346074,-0.7346074
-1.6412826,-1.6412826
1.4981756,1.4981756
-0.9096679,-0.9096679
0.1848509,0.1848509
-0.4585485,-0.4585485
-0.3719121,-0.3719121
-2.5077304,-2.5077304
0.5594726,0.5594726
-1.6408959,-1.6408959
0.5007935,0.5007935
1.8047376,1.8047376
4.0033048,4.0033048
-1.085729,-1.085729
-1.3931439,-1.3931439
-0.848617,-0.848617
-0.4930446,-0.4930446
-2.1297717,-2.1297717
0.4199405,0.4199405
-1.8203364,-1.8203364
-2.7270116,-2.7270116
0.4124466,0.4124466
-1.9953969,-1.9953969
-0.9008781,-0.9008781
-1.5442775,-1.5442775
-1.4576411,-1.4576411
-3.5934594,-3.5934594
-0.5262564,-0.5262564
-0.247752,-0.247752
1.8939374,1.8939374
3.1978815,3.1978815
5.3964487,5.3964487
0.3074149,0.3074149
1.3931439,1.3931439
0.5445269,0.5445269
0.9000993,0.9000993
-0.7366278,-0.7366278
1.8130844,1.8130844
-0.4271925,-0.4271925
-1.3338677,-1.3338677
1.8055905,1.8055905
-0.602253,-0.602253
0.4922658,0.4922658
-0.1511336,-0.1511336
-0.0644972,-0.0644972
-2.2003155,-2.2003155
0.8668875,0.8668875
-0.7922789,-0.7922789
1.3494105,1.3494105
2.6533546,2.6533546
4.8519218,4.8519218
-0.237112,-0.237112
0.848617,0.848617
-0.5445269,-0.5445269
0.3555724,0.3555724
-1.2811547,-1.2811547
1.2685575,1.2685575
-0.9717194,-0.9717194
-1.8783946,-1.8783946
1.2610636,1.2610636
-1.1467799,-1.1467799
-0.0522611,-0.0522611
-0.6956605,-0.6956605
-0.6090241,-0.6090241
-2.7448424,-2.7448424
0.3223606,0.3223606
-1.1478513,-1.1478513
0.9938381,0.9938381
2.2977822,2.2977822
4.4963494,4.4963494
-0.5926844,-0.5926844
0.4930446,0.4930446
-0.9000993,-0.9000993
-0.3555724,-0.3555724
-1.6367271,-1.6367271
0.9129851,0.9129851
-1.3272918,-1.3272918
-2.233967,-2.233967
0.9054912,0.9054912
-1.5023523,-1.5023523
-0.4078335,-0.4078335
-1.0512329,-1.0512329
-0.9645965,-0.9645965
-3.1004148,-3.1004148
-0.0332118,-0.0332118
0.4888758,0.4888758
2.6305652,2.6305652
3.9345093,3.9345093
6.1330765,6.1330765
1.0440427,1.0440427
2.1297717,2.1297717
0.7366278,0.7366278
1.2811547,1.2811547
1.6367271,1.6367271
2.5497122,2.5497122
0.3094353,0.3094353
-0.5972399,-0.5972399
2.5422183,2.5422183
0.1343748,0.1343748
1.2288936,1.2288936
0.5854942,0.5854942
0.6721306,0.6721306
-1.4636877,-1.4636877
1.6035153,1.6035153
-2.0608364,-2.0608364
0.080853,0.080853
1.3847971,1.3847971
3.5833643,3.5833643
-1.5056695,-1.5056695
-0.4199405,-0.4199405
-1.8130844,-1.8130844
-1.2685575,-1.2685575
-0.9129851,-0.9129851
-2.5497122,-2.5497122
-2.2402769,-2.2402769
-3.1469521,-3.1469521
-0.0074939,-0.0074939
-2.4153374,-2.4153374
-1.3208186,-1.3208186
-1.964218,-1.964218
-1.8775816,-1.8775816
-4.0133999,-4.0133999
-0.9461969,-0.9461969
0.1794405,0.1794405
2.3211299,2.3211299
3.625074,3.625074
5.8236412,5.8236412
0.7346074,0.7346074
1.8203364,1.8203364
0.4271925,0.4271925
0.9717194,0.9717194
1.3272918,1.3272918
-0.3094353,-0.3094353
2.2402769,2.2402769
-0.9066752,-0.9066752
2.232783,2.232783
-0.1750605,-0.1750605
0.9194583,0.9194583
0.2760589,0.2760589
0.3626953,0.3626953
-1.773123,-1.773123
1.29408,1.29408
1.0861157,1.0861157
3.2278051,3.2278051
4.5317492,4.5317492
6.7303164,6.7303164
1.6412826,1.6412826
2.7270116,2.7270116
1.3338677,1.3338677
1.8783946,1.8783946
2.233967,2.233967
0.5972399,0.5972399
3.1469521,3.1469521
0.9066752,0.9066752
3.1394582,3.1394582
0.7316147,0.7316147
1.8261335,1.8261335
1.1827341,1.1827341
1.2693705,1.2693705
-0.8664478,-0.8664478
2.2007552,2.2007552
-2.0533425,-2.0533425
0.0883469,0.0883469
1.392291,1.392291
3.5908582,3.5908582
-1.4981756,-1.4981756
-0.4124466,-0.4124466
-1.8055905,-1.8055905
-1.2610636,-1.2610636
-0.9054912,-0.9054912
-2.5422183,-2.5422183
0.0074939,0.0074939
-2.232783,-2.232783
-3.1394582,-3.1394582
-2.4078435,-2.4078435
-1.3133247,-1.3133247
-1.9567241,-1.9567241
-1.8700877,-1.8700877
-4.005906,-4.005906
-0.938703,-0.938703
0.354501,0.354501
2.4961904,2.4961904
3.8001345,3.8001345
5.9987017,5.9987017
0.9096679,0.9096679
1.9953969,1.9953969
0.602253,0.602253
1.1467799,1.1467799
1.5023523,1.5023523
-0.1343748,-0.1343748
2.4153374,2.4153374
0.1750605,0.1750605
-0.7316147,-0.7316147
2.4078435,2.4078435
1.0945188,1.0945188
0.4511194,0.4511194
0.5377558,0.5377558
-1.5980625,-1.5980625
1.4691405,1.4691405
-0.7400178,-0.7400178
1.4016716,1.4016716
2.7056157,2.7056157
4.9041829,4.9041829
-0.1848509,-0.1848509
0.9008781,0.9008781
-0.4922658,-0.4922658
0.0522611,0.0522611
0.4078335,0.4078335
-1.2288936,-1.2288936
1.3208186,1.3208186
-0.9194583,-0.9194583
-1.8261335,-1.8261335
1.3133247,1.3133247
-1.0945188,-1.0945188
-0.6433994,-0.6433994
-0.556763,-0.556763
-2.6925813,-2.6925813
0.3746217,0.3746217
-0.0966184,-0.0966184
2.045071,2.045071
3.3490151,3.3490151
5.5475823,5.5475823
0.4585485,0.4585485
1.5442775,1.5442775
0.1511336,0.1511336
0.6956605,0.6956605
1.0512329,1.0512329
-0.5854942,-0.5854942
1.964218,1.964218
-0.2760589,-0.2760589
-1.1827341,-1.1827341
1.9567241,1.9567241
-0.4511194,-0.4511194
0.6433994,0.6433994
0.0866364,0.0866364
-2.0491819,-2.0491819
1.0180211,1.0180211
-0.1832548,-0.1832548
1.9584346,1.9584346
3.2623787,3.2623787
5.4609459,5.4609459
0.3719121,0.3719121
1.4576411,1.4576411
0.0644972,0.0644972
0.6090241,0.6090241
0.9645965,0.9645965
-0.6721306,-0.6721306
1.8775816,1.8775816
-0.3626953,-0.3626953
-1.2693705,-1.2693705
1.8700877,1.8700877
-0.5377558,-0.5377558
0.556763,0.556763
-0.0866364,-0.0866364
-2.1358183,-2.1358183
0.9313847,0.9313847
1.9525635,1.9525635
4.0942529,4.0942529
5.398197,5.398197
7.5967642,7.5967642
2.5077304,2.5077304
3.5934594,3.5934594
2.2003155,2.2003155
2.7448424,2.7448424
3.1004148,3.1004148
1.4636877,1.4636877
4.0133999,4.0133999
1.773123,1.773123
0.8664478,0.8664478
4.005906,4.005906
1.5980625,1.5980625
2.6925813,2.6925813
2.0491819,2.0491819
2.1358183,2.1358183
3.067203,3.067203
-1.1146395,-1.1146395
1.0270499,1.0270499
2.330994,2.330994
4.5295612,4.5295612
-0.5594726,-0.5594726
0.5262564,0.5262564
-0.8668875,-0.8668875
-0.3223606,-0.3223606
0.0332118,0.0332118
-1.6035153,-1.6035153
0.9461969,0.9461969
-1.29408,-1.29408
-2.2007552,-2.2007552
0.938703,0.938703
-1.4691405,-1.4691405
-0.3746217,-0.3746217
-1.0180211,-1.0180211
-0.9313847,-0.9313847
-3.067203,-3.067203
1.1632892,1.1632892
1.3714215,1.3714215
1.0629471,1.0629471
-1.4282723,-1.4282723
0.3105146,0.3105146
-0.0965094,-0.0965094
-0.0978516,-0.0978516
-0.9288518,-0.9288518
-0.400614,-0.400614
-0.1104686,-0.1104686
4.2293649,4.2293649
-0.5791825,-0.5791825
1.4264613,1.4264613
1.3858753,1.3858753
-0.7632342,-0.7632342
0.0507279,0.0507279
0.4149899,0.4149899
-3.9991455,-3.9991455
0.8076611,0.8076611
-1.1632892,-1.1632892
0.2081323,0.2081323
-0.1003421,-0.1003421
-2.5915615,-2.5915615
-0.8527746,-0.8527746
-1.2597986,-1.2597986
-1.2611408,-1.2611408
-2.092141,-2.092141
-1.5639032,-1.5639032
-1.2737578,-1.2737578
3.0660757,3.0660757
-1.7424717,-1.7424717
0.2631721,0.2631721
0.2225861,0.2225861
-1.9265234,-1.9265234
-1.1125613,-1.1125613
-0.7482993,-0.7482993
-5.1624347,-5.1624347
-0.3556281,-0.3556281
-1.3714215,-1.3714215
-0.2081323,-0.2081323
-0.3084744,-0.3084744
-2.7996938,-2.7996938
-1.0609069,-1.0609069
-1.4679309,-1.4679309
-1.4692731,-1.4692731
-2.3002733,-2.3002733
-1.7720355,-1.7720355
-1.4818901,-1.4818901
2.8579434,2.8579434
-1.950604,-1.950604
0.0550398,0.0550398
0.0144538,0.0144538
-2.1346557,-2.1346557
-1.3206936,-1.3206936
-0.9564316,-0.9564316
-5.370567,-5.370567
-0.5637604,-0.5637604
-1.0629471,-1.0629471
0.1003421,0.1003421
0.3084744,0.3084744
-2.4912194,-2.4912194
-0.7524325,-0.7524325
-1.1594565,-1.1594565
-1.1607987,-1.1607987
-1.9917989,-1.9917989
-1.4635611,-1.4635611
-1.1734157,-1.1734157
3.1664178,3.1664178
-1.6421296,-1.6421296
0.3635142,0.3635142
0.3229282,0.3229282
-1.8261813,-1.8261813
-1.0122192,-1.0122192
-0.6479572,-0.6479572
-5.0620926,-5.0620926
-0.255286,-0.255286
1.4282723,1.4282723
2.5915615,2.5915615
2.7996938,2.7996938
2.4912194,2.4912194
1.7387869,1.7387869
1.3317629,1.3317629
1.3304207,1.3304207
0.4994205,0.4994205
1.0276583,1.0276583
1.3178037,1.3178037
5.6576372,5.6576372
0.8490898,0.8490898
2.8547336,2.8547336
2.8141476,2.8141476
0.6650381,0.6650381
1.4790002,1.4790002
1.8432622,1.8432622
-2.5708732,-2.5708732
2.2359334,2.2359334
-0.3105146,-0.3105146
0.8527746,0.8527746
1.0609069,1.0609069
0.7524325,0.7524325
-1.7387869,-1.7387869
-0.407024,-0.407024
-0.4083662,-0.4083662
-1.2393664,-1.2393664
-0.7111286,-0.7111286
-0.4209832,-0.4209832
3.9188503,3.9188503
-0.8896971,-0.8896971
1.1159467,1.1159467
1.0753607,1.0753607
-1.0737488,-1.0737488
-0.2597867,-0.2597867
0.1044753,0.1044753
-4.3096601,-4.3096601
0.4971465,0.4971465
0.0965094,0.0965094
1.2597986,1.2597986
1.4679309,1.4679309
1.1594565,1.1594565
-1.3317629,-1.3317629
0.407024,0.407024
-0.0013422,-0.0013422
-0.8323424,-0.8323424
-0.3041046,-0.3041046
-0.0139592,-0.0139592
4.3258743,4.3258743
-0.4826731,-0.4826731
1.5229707,1.5229707
1.4823847,1.4823847
-0.6667248,-0.6667248
0.1472373,0.1472373
0.5114993,0.5114993
-3.9026361,-3.9026361
0.9041705,0.9041705
0.0978516,0.0978516
1.2611408,1.2611408
1.4692731,1.4692731
1.1607987,1.1607987
-1.3304207,-1.3304207
0.4083662,0.4083662
0.0013422,0.0013422
-0.8310002,-0.8310002
-0.3027624,-0.3027624
-0.012617,-0.012617
4.3272165,4.3272165
-0.4813309,-0.4813309
1.5243129,1.5243129
1.4837269,1.4837269
-0.6653826,-0.6653826
0.1485795,0.1485795
0.5128415,0.5128415
-3.9012939,-3.9012939
0.9055127,0.9055127
0.9288518,0.9288518
2.092141,2.092141
2.3002733,2.3002733
1.9917989,1.9917989
-0.4994205,-0.4994205
1.2393664,1.2393664
0.8323424,0.8323424
0.8310002,0.8310002
0.5282378,0.5282378
0.8183832,0.8183832
5.1582167,5.1582167
0.3496693,0.3496693
2.3553131,2.3553131
2.3147271,2.3147271
0.1656176,0.1656176
0.9795797,0.9795797
1.3438417,1.3438417
-3.0702937,-3.0702937
1.7365129,1.7365129
0.400614,0.400614
1.5639032,1.5639032
1.7720355,1.7720355
1.4635611,1.4635611
-1.0276583,-1.0276583
0.7111286,0.7111286
0.3041046,0.3041046
0.3027624,0.3027624
-0.5282378,-0.5282378
0.2901454,0.2901454
4.6299789,4.6299789
-0.1785685,-0.1785685
1.8270753,1.8270753
1.7864893,1.7864893
-0.3626202,-0.3626202
0.4513419,0.4513419
0.8156039,0.8156039
-3.5985315,-3.5985315
1.2082751,1.2082751
0.1104686,0.1104686
1.2737578,1.2737578
1.4818901,1.4818901
1.1734157,1.1734157
-1.3178037,-1.3178037
0.4209832,0.4209832
0.0139592,0.0139592
0.012617,0.012617
-0.8183832,-0.8183832
-0.2901454,-0.2901454
4.3398335,4.3398335
-0.4687139,-0.4687139
1.5369299,1.5369299
1.4963439,1.4963439
-0.6527656,-0.6527656
0.1611965,0.1611965
0.5254585,0.5254585
-3.8886769,-3.8886769
0.9181297,0.9181297
-4.2293649,-4.2293649
-3.0660757,-3.0660757
-2.8579434,-2.8579434
-3.1664178,-3.1664178
-5.6576372,-5.6576372
-3.9188503,-3.9188503
-4.3258743,-4.3258743
-4.3272165,-4.3272165
-5.1582167,-5.1582167
-4.6299789,-4.6299789
-4.3398335,-4.3398335
-4.8085474,-4.8085474
-2.8029036,-2.8029036
-2.8434896,-2.8434896
-4.9925991,-4.9925991
-4.178637,-4.178637
-3.814375,-3.814375
-8.2285104,-8.2285104
-3.4217038,-3.4217038
0.5791825,0.5791825
1.7424717,1.7424717
1.950604,1.950604
1.6421296,1.6421296
-0.8490898,-0.8490898
0.8896971,0.8896971
0.4826731,0.4826731
0.4813309,0.4813309
-0.3496693,-0.3496693
0.1785685,0.1785685
0.4687139,0.4687139
4.8085474,4.8085474
2.0056438,2.0056438
1.9650578,1.9650578
-0.1840517,-0.1840517
0.6299104,0.6299104
0.9941724,0.9941724
-3.419963,-3.419963
1.3868436,1.3868436
-1.4264613,-1.4264613
-0.2631721,-0.2631721
-0.0550398,-0.0550398
-0.3635142,-0.3635142
-2.8547336,-2.8547336
-1.1159467,-1.1159467
-1.5229707,-1.5229707
-1.5243129,-1.5243129
-2.3553131,-2.3553131
-1.8270753,-1.8270753
-1.5369299,-1.5369299
2.8029036,2.8029036
-2.0056438,-2.0056438
-0.040586,-0.040586
-2.1896955,-2.1896955
-1.3757334,-1.3757334
-1.0114714,-1.0114714
-5.4256068,-5.4256068
-0.6188002,-0.6188002
-1.3858753,-1.3858753
-0.2225861,-0.2225861
-0.0144538,-0.0144538
-0.3229282,-0.3229282
-2.8141476,-2.8141476
-1.0753607,-1.0753607
-1.4823847,-1.4823847
-1.4837269,-1.4837269
-2.3147271,-2.3147271
-1.7864893,-1.7864893
-1.4963439,-1.4963439
2.8434896,2.8434896
-1.9650578,-1.9650578
0.040586,0.040586
-2.1491095,-2.1491095
-1.3351474,-1.3351474
-0.9708854,-0.9708854
-5.3850208,-5.3850208
-0.5782142,-0.5782142
0.7632342,0.7632342
1.9265234,1.9265234
2.1346557,2.1346557
1.8261813,1.8261813
-0.6650381,-0.6650381
1.0737488,1.0737488
0.6667248,0.6667248
0.6653826,0.6653826
-0.1656176,-0.1656176
0.3626202,0.3626202
0.6527656,0.6527656
4.9925991,4.9925991
0.1840517,0.1840517
2.1896955,2.1896955
2.1491095,2.1491095
0.8139621,0.8139621
1.1782241,1.1782241
-3.2359113,-3.2359113
1.5708953,1.5708953
-0.0507279,-0.0507279
1.1125613,1.1125613
1.3206936,1.3206936
1.0122192,1.0122192
-1.4790002,-1.4790002
0.2597867,0.2597867
-0.1472373,-0.1472373
-0.1485795,-0.1485795
-0.9795797,-0.9795797
-0.4513419,-0.4513419
-0.1611965,-0.1611965
4.178637,4.178637
-0.6299104,-0.6299104
1.3757334,1.3757334
1.3351474,1.3351474
-0.8139621,-0.8139621
0.364262,0.364262
-4.0498734,-4.0498734
0.7569332,0.7569332
-0.4149899,-0.4149899
0.7482993,0.7482993
0.9564316,0.9564316
0.6479572,0.6479572
-1.8432622,-1.8432622
-0.1044753,-0.1044753
-0.5114993,-0.5114993
-0.5128415,-0.5128415
-1.3438417,-1.3438417
-0.8156039,-0.8156039
-0.5254585,-0.5254585
3.814375,3.814375
-0.9941724,-0.9941724
1.0114714,1.0114714
0.9708854,0.9708854
-1.1782241,-1.1782241
-0.364262,-0.364262
-4.4141354,-4.4141354
0.3926712,0.3926712
3.9991455,3.9991455
5.1624347,5.1624347
5.370567,5.370567
5.0620926,5.0620926
2.5708732,2.5708732
4.3096601,4.3096601
3.9026361,3.9026361
3.9012939,3.9012939
3.0702937,3.0702937
3.5985315,3.5985315
3.8886769,3.8886769
8.2285104,8.2285104
3.419963,3.419963
5.4256068,5.4256068
5.3850208,5.3850208
3.2359113,3.2359113
4.0498734,4.0498734
4.4141354,4.4141354
4.8068066,4.8068066
-0.8076611,-0.8076611
0.3556281,0.3556281
0.5637604,0.5637604
0.255286,0.255286
-2.2359334,-2.2359334
-0.4971465,-0.4971465
-0.9041705,-0.9041705
-0.9055127,-0.9055127
-1.7365129,-1.7365129
-1.2082751,-1.2082751
-0.9181297,-0.9181297
3.4217038,3.4217038
-1.3868436,-1.3868436
0.6188002,0.6188002
0.5782142,0.5782142
-1.5708953,-1.5708953
-0.7569332,-0.7569332
-0.3926712,-0.3926712
-4.8068066,-4.8068066
14.4682006,-10.0
0.9361411,0.9361411
0.1597873,0.1597873
2.2968069,2.2968069
4.0774883,4.0774883
2.7667715,2.7667715
1.3095085,1.3095085
9.4023669,9.4023669
2.1818122,2.1818122
1.286261,1.286261
2.8341174,2.8341174
1.0793647,1.0793647
2.6422035,2.6422035
4.0167571,4.0167571
0.9252664,0.9252664
0.8019761,0.8019761
1.2886656,1.2886656
2.218724,2.218724
2.7075897,2.7075897
-14.4682006,-10.0
-13.5320595,-10.0
-14.3084133,-10.0
-12.1713937,-10.0
-10.3907123,-10.0
-11.7014291,-10.0
-13.1586921,-10.0
-5.0658337,-5.0658337
-12.2863884,-10.0
-13.1819396,-10.0
-11.6340832,-10.0
-13.3888359,-10.0
-11.8259971,-10.0
-10.4514435,-10.0
-13.5429342,-10.0
-13.6662245,-10.0
-13.179535,-10.0
-12.2494766,-10.0
-11.7606109,-10.0
-0.9361411,-0.9361411
13.5320595,-10.0
-0.7763538,-0.7763538
1.3606658,1.3606658
3.1413472,3.1413472
1.8306304,1.8306304
0.3733674,0.3733674
8.4662258,8.4662258
1.2456711,1.2456711
0.3501199,0.3501199
1.8979763,1.8979763
0.1432236,0.1432236
1.7060624,1.7060624
3.080616,3.080616
-0.0108747,-0.0108747
-0.134165,-0.134165
0.3525245,0.3525245
1.2825829,1.2825829
1.7714486,1.7714486
-0.1597873,-0.1597873
14.3084133,-10.0
0.7763538,0.7763538
2.1370196,2.1370196
3.917701,3.917701
2.6069842,2.6069842
1.1497212,1.1497212
9.2425796,9.2425796
2.0220249,2.0220249
1.1264737,1.1264737
2.6743301,2.6743301
0.9195774,0.9195774
2.4824162,2.4824162
3.8569698,3.8569698
0.7654791,0.7654791
0.6421888,0.6421888
1.1288783,1.1288783
2.0589367,2.0589367
2.5478024,2.5478024
-2.2968069,-2.2968069
12.1713937,-10.0
-1.3606658,-1.3606658
-2.1370196,-2.1370196
1.7806814,1.7806814
0.4699646,0.4699646
-0.9872984,-0.9872984
7.10556,7.10556
-0.1149947,-0.1149947
-1.0105459,-1.0105459
0.5373105,0.5373105
-1.2174422,-1.2174422
0.3453966,0.3453966
1.7199502,1.7199502
-1.3715405,-1.3715405
-1.4948308,-1.4948308
-1.0081413,-1.0081413
-0.0780829,-0.0780829
0.4107828,0.4107828
-4.0774883,-4.0774883
10.3907123,-10.0
-3.1413472,-3.1413472
-3.917701,-3.917701
-1.7806814,-1.7806814
-1.3107168,-1.3107168
-2.7679798,-2.7679798
5.3248786,5.3248786
-1.8956761,-1.8956761
-2.7912273,-2.7912273
-1.2433709,-1.2433709
-2.9981236,-2.9981236
-1.4352848,-1.4352848
-0.0607312,-0.0607312
-3.1522219,-3.1522219
-3.2755122,-3.2755122
-2.7888227,-2.7888227
-1.8587643,-1.8587643
-1.3698986,-1.3698986
-2.7667715,-2.7667715
11.7014291,-10.0
-1.8306304,-1.8306304
-2.6069842,-2.6069842
-0.4699646,-0.4699646
1.3107168,1.3107168
-1.457263,-1.457263
6.6355954,6.6355954
-0.5849593,-0.5849593
-1.4805105,-1.4805105
0.0673459,0.0673459
-1.6874068,-1.6874068
-0.124568,-0.124568
1.2499856,1.2499856
-1.8415051,-1.8415051
-1.9647954,-1.9647954
-1.4781059,-1.4781059
-0.5480475,-0.5480475
-0.0591818,-0.0591818
-1.3095085,-1.3095085
13.1586921,-10.0
-0.3733674,-0.3733674
-1.1497212,-1.1497212
0.9872984,0.9872984
2.7679798,2.7679798
1.457263,1.457263
8.0928584,8.0928584
0.8723037,0.8723037
-0.0232475,-0.0232475
1.5246089,1.5246089
-0.2301438,-0.2301438
1.332695,1.332695
2.7072486,2.7072486
-0.3842421,-0.3842421
-0.5075324,-0.5075324
-0.0208429,-0.0208429
0.9092155,0.9092155
1.3980812,1.3980812
-9.4023669,-9.4023669
5.0658337,5.0658337
-8.4662258,-8.4662258
-9.2425796,-9.2425796
-7.10556,-7.10556
-5.3248786,-5.3248786
-6.6355954,-6.6355954
-8.0928584,-8.0928584
-7.2205547,-7.2205547
-8.1161059,-8.1161059
-6.5682495,-6.5682495
-8.3230022,-8.3230022
-6.7601634,-6.7601634
-5.3856098,-5.3856098
-8.4771005,-8.4771005
-8.6003908,-8.6003908
-8.1137013,-8.1137013
-7.1836429,-7.1836429
-6.6947772,-6.6947772
-2.1818122,-2.1818122
12.2863884,-10.0
-1.2456711,-1.2456711
-2.0220249,-2.0220249
0.1149947,0.1149947
1.8956761,1.8956761
0.5849593,0.5849593
-0.8723037,-0.8723037
7.2205547,7.2205547
-0.8955512,-0.8955512
0.6523052,0.6523052
-1.1024475,-1.1024475
0.4603913,0.4603913
1.8349449,1.8349449
-1.2565458,-1.2565458
-1.3798361,-1.3798361
-0.8931466,-0.8931466
0.0369118,0.0369118
0.5257775,0.5257775
-1.286261,-1.286261
13.1819396,-10.0
-0.3501199,-0.3501199
-1.1264737,-1.1264737
1.0105459,1.0105459
2.7912273,2.7912273
1.4805105,1.4805105
0.0232475,0.0232475
8.1161059,8.1161059
0.8955512,0.8955512
1.5478564,1.5478564
-0.2068963,-0.2068963
1.3559425,1.3559425
2.7304961,2.7304961
-0.3609946,-0.3609946
-0.4842849,-0.4842849
0.0024046,0.0024046
0.932463,0.932463
1.4213287,1.4213287
-2.8341174,-2.8341174
11.6340832,-10.0
-1.8979763,-1.8979763
-2.6743301,-2.6743301
-0.5373105,-0.5373105
1.2433709,1.2433709
-0.0673459,-0.0673459
-1.5246089,-1.5246089
6.5682495,6.5682495
-0.6523052,-0.6523052
-1.5478564,-1.5478564
-1.7547527,-1.7547527
-0.1919139,-0.1919139
1.1826397,1.1826397
-1.908851,-1.908851
-2.0321413,-2.0321413
-1.5454518,-1.5454518
-0.6153934,-0.6153934
-0.1265277,-0.1265277
-1.0793647,-1.0793647
13.3888359,-10.0
-0.1432236,-0.1432236
-0.9195774,-0.9195774
1.2174422,1.2174422
2.9981236,2.9981236
1.6874068,1.6874068
0.2301438,0.2301438
8.3230022,8.3230022
1.1024475,1.1024475
0.2068963,0.2068963
1.7547527,1.7547527
1.5628388,1.5628388
2.9373924,2.9373924
-0.1540983,-0.1540983
-0.2773886,-0.2773886
0.2093009,0.2093009
1.1393593,1.1393593
1.628225,1.628225
-2.6422035,-2.6422035
11.8259971,-10.0
-1.7060624,-1.7060624
-2.4824162,-2.4824162
-0.3453966,-0.3453966
1.4352848,1.4352848
0.124568,0.124568
-1.332695,-1.332695
6.7601634,6.7601634
-0.4603913,-0.4603913
-1.3559425,-1.3559425
0.1919139,0.1919139
-1.5628388,-1.5628388
1.3745536,1.3745536
-1.7169371,-1.7169371
-1.8402274,-1.8402274
-1.3535379,-1.3535379
-0.4234795,-0.4234795
0.0653862,0.0653862
-4.0167571,-4.0167571
10.4514435,-10.0
-3.080616,-3.080616
-3.8569698,-3.8569698
-1.7199502,-1.7199502
0.0607312,0.0607312
-1.2499856,-1.2499856
-2.7072486,-2.7072486
5.3856098,5.3856098
-1.8349449,-1.8349449
-2.7304961,-2.7304961
-1.1826397,-1.1826397
-2.9373924,-2.9373924
-1.3745536,-1.3745536
-3.0914907,-3.0914907
-3.214781,-3.214781
-2.7280915,-2.7280915
-1.7980331,-1.7980331
-1.3091674,-1.3091674
-0.9252664,-0.9252664
13.5429342,-10.0
0.0108747,0.0108747
-0.7654791,-0.7654791
1.3715405,1.3715405
3.1522219,3.1522219
1.8415051,1.8415051
0.3842421,0.3842421
8.4771005,8.4771005
1.2565458,1.2565458
0.3609946,0.3609946
1.908851,1.908851
0.1540983,0.1540983
1.7169371,1.7169371
3.0914907,3.0914907
-0.1232903,-0.1232903
0.3633992,0.3633992
1.2934576,1.2934576
1.7823233,1.7823233
-0.8019761,-0.8019761
13.6662245,-10.0
0.134165,0.134165
-0.6421888,-0.6421888
1.4948308,1.4948308
3.2755122,3.2755122
1.9647954,1.9647954
0.5075324,0.5075324
8.6003908,8.6003908
1.3798361,1.3798361
0.4842849,0.4842849
2.0321413,2.0321413
0.2773886,0.2773886
1.8402274,1.8402274
3.214781,3.214781
0.1232903,0.1232903
0.4866895,0.4866895
1.4167479,1.4167479
1.9056136,1.9056136
-1.2886656,-1.2886656
13.179535,-10.0
-0.3525245,-0.3525245
-1.1288783,-1.1288783
1.0081413,1.0081413
2.7888227,2.7888227
1.4781059,1.4781059
0.0208429,0.0208429
8.1137013,8.1137013
0.8931466,0.8931466
-0.0024046,-0.0024046
1.5454518,1.5454518
-0.2093009,-0.2093009
1.3535379,1.3535379
2.7280915,2.7280915
-0.3633992,-0.3633992
-0.4866895,-0.4866895
0.9300584,0.9300584
1.4189241,1.4189241
-2.218724,-2.218724
12.2494766,-10.0
-1.2825829,-1.2825829
-2.0589367,-2.0589367
0.0780829,0.0780829
1.8587643,1.8587643
0.5480475,0.5480475
-0.9092155,-0.9092155
7.1836429,7.1836429
-0.0369118,-0.0369118
-0.932463,-0.932463
0.6153934,0.6153934
-1.1393593,-1.1393593
0.4234795,0.4234795
1.7980331,1.7980331
-1.2934576,-1.2934576
-1.4167479,-1.4167479
-0.9300584,-0.9300584
0.4888657,0.4888657
-2.7075897,-2.7075897
11.7606109,-10.0
-1.7714486,-1.7714486
-2.5478024,-2.5478024
-0.4107828,-0.4107828
1.3698986,1.3698986
0.0591818,0.0591818
-1.3980812,-1.3980812
6.6947772,6.6947772
-0.5257775,-0.5257775
-1.4213287,-1.4213287
0.1265277,0.1265277
-1.628225,-1.628225
-0.0653862,-0.0653862
1.3091674,1.3091674
-1.7823233,-1.7823233
-1.9056136,-1.9056136
-1.4189241,-1.4189241
-0.4888657,-0.4888657
14.9407049,-10.0
0.4883416,0.4883416
-0.9731851,-0.9731851
-2.3493155,-2.3493155
9.4489299,9.4489299
1.8551705,1.8551705
-2.5172731,-2.5172731
14.2999097,-10.0
-0.2764172,-0.2764172
-0.9874103,-0.9874103
14.8886411,-10.0
2.6018099,2.6018099
2.0205078,2.0205078
1.4785987,1.4785987
0.3259442,0.3259442
-0.3840843,-0.3840843
-0.8457315,-0.8457315
-0.1980138,-0.1980138
-2.9973385,-2.9973385
-14.9407049,-10.0
-14.4523633,-10.0
-15.91389,-10.0
-17.2900204,-10.0
-5.491775,-5.491775
-13.0855344,-10.0
-17.457978,-10.0
-0.6407952,-0.6407952
-15.2171221,-10.0
-15.9281152,-10.0
-0.0520638,-0.0520638
-12.338895,-10.0
-12.9201971,-10.0
-13.4621062,-10.0
-14.6147607,-10.0
-15.3247892,-10.0
-15.7864364,-10.0
-15.1387187,-10.0
-17.9380434,-10.0
-0.4883416,-0.4883416
14.4523633,-10.0
-1.4615267,-1.4615267
-2.8376571,-2.8376571
8.9605883,8.9605883
1.3668289,1.3668289
-3.0056147,-3.0056147
13.8115681,-10.0
-0.7647588,-0.7647588
-1.4757519,-1.4757519
14.4002995,-10.0
2.1134683,2.1134683
1.5321662,1.5321662
0.9902571,0.9902571
-0.1623974,-0.1623974
-0.8724259,-0.8724259
-1.3340731,-1.3340731
-0.6863554,-0.6863554
-3.4856801,-3.4856801
0.9731851,0.9731851
15.91389,-10.0
1.4615267,1.4615267
-1.3761304,-1.3761304
10.422115,-10.0
2.8283556,2.8283556
-1.544088,-1.544088
15.2730948,-10.0
0.6967679,0.6967679
-0.0142252,-0.0142252
15.8618262,-10.0
3.574995,3.574995
2.9936929,2.9936929
2.4517838,2.4517838
1.2991293,1.2991293
0.5891008,0.5891008
0.1274536,0.1274536
0.7751713,0.7751713
-2.0241534,-2.0241534
2.3493155,2.3493155
17.2900204,-10.0
2.8376571,2.8376571
1.3761304,1.3761304
11.7982454,-10.0
4.204486,4.204486
-0.1679576,-0.1679576
16.6492252,-10.0
2.0728983,2.0728983
1.3619052,1.3619052
17.2379566,-10.0
4.9511254,4.9511254
4.3698233,4.3698233
3.8279142,3.8279142
2.6752597,2.6752597
1.9652312,1.9652312
1.503584,1.503584
2.1513017,2.1513017
-0.648023,-0.648023
-9.4489299,-9.4489299
5.491775,5.491775
-8.9605883,-8.9605883
-10.422115,-10.0
-11.7982454,-10.0
-7.5937594,-7.5937594
-11.966203,-10.0
4.8509798,4.8509798
-9.7253471,-9.7253471
-10.4363402,-10.0
5.4397112,5.4397112
-6.84712,-6.84712
-7.4284221,-7.4284221
-7.9703312,-7.9703312
-9.1229857,-9.1229857
-9.8330142,-9.8330142
-10.2946614,-10.0
-9.6469437,-9.6469437
-12.4462684,-10.0
-1.8551705,-1.8551705
13.0855344,-10.0
-1.3668289,-1.3668289
-2.8283556,-2.8283556
-4.204486,-4.204486
7.5937594,7.5937594
-4.3724436,-4.3724436
12.4447392,-10.0
-2.1315877,-2.1315877
-2.8425808,-2.8425808
13.0334706,-10.0
0.7466394,0.7466394
0.1653373,0.1653373
-0.3765718,-0.3765718
-1.5292263,-1.5292263
-2.2392548,-2.2392548
-2.700902,-2.700902
-2.0531843,-2.0531843
-4.852509,-4.852509
2.5172731,2.5172731
17.457978,-10.0
3.0056147,3.0056147
1.544088,1.544088
0.1679576,0.1679576
11.966203,-10.0
4.3724436,4.3724436
16.8171828,-10.0
2.2408559,2.2408559
1.5298628,1.5298628
17.4059142,-10.0
5.119083,5.119083
4.5377809,4.5377809
3.9958718,3.9958718
2.8432173,2.8432173
2.1331888,2.1331888
1.6715416,1.6715416
2.3192593,2.3192593
-0.4800654,-0.4800654
-14.2999097,-10.0
0.6407952,0.6407952
-13.8115681,-10.0
-15.2730948,-10.0
-16.6492252,-10.0
-4.8509798,-4.8509798
-12.4447392,-10.0
-16.8171828,-10.0
-14.5763269,-10.0
-15.28732,-10.0
0.5887314,0.5887314
-11.6980998,-10.0
-12.2794019,-10.0
-12.821311,-10.0
-13.9739655,-10.0
-14.683994,-10.0
-15.1456412,-10.0
-14.4979235,-10.0
-17.2972482,-10.0
0.2764172,0.2764172
15.2171221,-10.0
0.7647588,0.7647588
-0.6967679,-0.6967679
-2.0728983,-2.0728983
9.7253471,9.7253471
2.1315877,2.1315877
-2.2408559,-2.2408559
14.5763269,-10.0
-0.7109931,-0.7109931
15.1650583,-10.0
2.8782271,2.8782271
2.296925,2.296925
1.7550159,1.7550159
0.6023614,0.6023614
-0.1076671,-0.1076671
-0.5693143,-0.5693143
0.0784034,0.0784034
-2.7209213,-2.7209213
0.9874103,0.9874103
15.9281152,-10.0
1.4757519,1.4757519
0.0142252,0.0142252
-1.3619052,-1.3619052
10.4363402,-10.0
2.8425808,2.8425808
-1.5298628,-1.5298628
15.28732,-10.0
0.7109931,0.7109931
15.8760514,-10.0
3.5892202,3.5892202
3.0079181,3.0079181
2.466009,2.466009
1.3133545,1.3133545
0.603326,0.603326
0.1416788,0.1416788
0.7893965,0.7893965
-2.0099282,-2.0099282
-14.8886411,-10.0
0.0520638,0.0520638
-14.4002995,-10.0
-15.8618262,-10.0
-17.2379566,-10.0
-5.4397112,-5.4397112
-13.0334706,-10.0
-17.4059142,-10.0
-0.5887314,-0.5887314
-15.1650583,-10.0
-15.8760514,-10.0
-12.2868312,-10.0
-12.8681333,-10.0
-13.4100424,-10.0
-14.5626969,-10.0
-15.2727254,-10.0
-15.7343726,-10.0
-15.0866549,-10.0
-17.8859796,-10.0
-2.6018099,-2.6018099
12.338895,-10.0
-2.1134683,-2.1134683
-3.574995,-3.574995
-4.9511254,-4.9511254
6.84712,6.84712
-0.7466394,-0.7466394
-5.119083,-5.119083
11.6980998,-10.0
-2.8782271,-2.8782271
-3.5892202,-3.5892202
12.2868312,-10.0
-0.5813021,-0.5813021
-1.1232112,-1.1232112
-2.2758657,-2.2758657
-2.9858942,-2.9858942
-3.4475414,-3.4475414
-2.7998237,-2.7998237
-5.5991484,-5.5991484
-2.0205078,-2.0205078
12.9201971,-10.0
-1.5321662,-1.5321662
-2.9936929,-2.9936929
-4.3698233,-4.3698233
7.4284221,7.4284221
-0.1653373,-0.1653373
-4.5377809,-4.5377809
12.2794019,-10.0
-2.296925,-2.296925
-3.0079181,-3.0079181
12.8681333,-10.0
0.5813021,0.5813021
-0.5419091,-0.5419091
-1.6945636,-1.6945636
-2.4045921,-2.4045921
-2.8662393,-2.8662393
-2.2185216,-2.2185216
-5.0178463,-5.0178463
-1.4785987,-1.4785987
13.4621062,-10.0
-0.9902571,-0.9902571
-2.4517838,-2.4517838
-3.8279142,-3.8279142
7.9703312,7.9703312
0.3765718,0.3765718
-3.9958718,-3.9958718
12.821311,-10.0
-1.7550159,-1.7550159
-2.466009,-2.466009
13.4100424,-10.0
1.1232112,1.1232112
0.5419091,0.5419091
-1.1526545,-1.1526545
-1.862683,-1.862683
-2.3243302,-2.3243302
-1.6766125,-1.6766125
-4.4759372,-4.4759372
-0.3259442,-0.3259442
14.6147607,-10.0
0.1623974,0.1623974
-1.2991293,-1.2991293
-2.6752597,-2.6752597
9.1229857,9.1229857
1.5292263,1.5292263
-2.8432173,-2.8432173
13.9739655,-10.0
-0.6023614,-0.6023614
-1.3133545,-1.3133545
14.5626969,-10.0
2.2758657,2.2758657
1.6945636,1.6945636
1.1526545,1.1526545
-0.7100285,-0.7100285
-1.1716757,-1.1716757
-0.523958,-0.523958
-3.3232827,-3.3232827
0.3840843,0.3840843
15.3247892,-10.0
0.8724259,0.8724259
-0.5891008,-0.5891008
-1.9652312,-1.9652312
9.8330142,9.8330142
2.2392548,2.2392548
-2.1331888,-2.1331888
14.683994,-10.0
0.1076671,0.1076671
-0.603326,-0.603326
15.2727254,-10.0
2.9858942,2.9858942
2.4045921,2.4045921
1.862683,1.862683
0.7100285,0.7100285
-0.4616472,-0.4616472
0.1860705,0.1860705
-2.6132542,-2.6132542
0.8457315,0.8457315
15.7864364,-10.0
1.3340731,1.3340731
-0.1274536,-0.1274536
-1.503584,-1.503584
10.2946614,-10.0
2.700902,2.700902
-1.6715416,-1.6715416
15.1456412,-10.0
0.5693143,0.5693143
-0.1416788,-0.1416788
15.7343726,-10.0
3.4475414,3.4475414
2.8662393,2.8662393
2.3243302,2.3243302
1.1716757,1.1716757
0.4616472,0.4616472
0.6477177,0.6477177
-2.151607,-2.151607
0.1980138,0.1980138
15.1387187,-10.0
0.6863554,0.6863554
-0.7751713,-0.7751713
-2.1513017,-2.1513017
9.6469437,9.6469437
2.0531843,2.0531843
-2.3192593,-2.3192593
14.4979235,-10.0
-0.0784034,-0.0784034
-0.7893965,-0.7893965
15.0866549,-10.0
2.7998237,2.7998237
2.2185216,2.2185216
1.6766125,1.6766125
0.523958,0.523958
-0.1860705,-0.1860705
-0.6477177,-0.6477177
-2.7993247,-2.7993247
2.9973385,2.9973385
17.9380434,-10.0
3.4856801,3.4856801
2.0241534,2.0241534
0.648023,0.648023
12.4462684,-10.0
4.852509,4.852509
0.4800654,0.4800654
17.2972482,-10.0
2.7209213,2.7209213
2.0099282,2.0099282
17.8859796,-10.0
5.5991484,5.5991484
5.0178463,5.0178463
4.4759372,4.4759372
3.3232827,3.3232827
2.6132542,2.6132542
2.151607,2.151607
2.7993247,2.7993247
0.3138644,0.3138644
15.6702137,-10.0
3.178951,3.178951
-1.4427964,-1.4427964
2.7851957,2.7851957
0.7410742,0.7410742
-0.5996275,-0.5996275
1.8663141,1.8663141
0.7065544,0.7065544
-0.4121265,-0.4121265
15.3904121,-10.0
2.013701,2.013701
3.3571839,3.3571839
9.7411395,9.7411395
0.9082467,0.9082467
1.0668639,1.0668639
-0.0116503,-0.0116503
0.2681046,0.2681046
-1.9185577,-1.9185577
-0.3138644,-0.3138644
15.3563493,-10.0
2.8650866,2.8650866
-1.7566608,-1.7566608
2.4713313,2.4713313
0.4272098,0.4272098
-0.9134919,-0.9134919
1.5524497,1.5524497
0.39269,0.39269
-0.7259909,-0.7259909
15.0765477,-10.0
1.6998366,1.6998366
3.0433195,3.0433195
9.4272751,9.4272751
0.5943823,0.5943823
0.7529995,0.7529995
-0.3255147,-0.3255147
-0.0457598,-0.0457598
-2.2324221,-2.2324221
-15.6702137,-10.0
-15.3563493,-10.0
-12.4912627,-10.0
-17.1130101,-10.0
-12.885018,-10.0
-14.9291395,-10.0
-16.2698412,-10.0
-13.8038996,-10.0
-14.9636593,-10.0
-16.0823402,-10.0
-0.2798016,-0.2798016
-13.6565127,-10.0
-12.3130298,-10.0
-5.9290742,-5.9290742
-14.761967,-10.0
-14.6033498,-10.0
-15.681864,-10.0
-15.4021091,-10.0
-17.5887714,-10.0
-3.178951,-3.178951
-2.8650866,-2.8650866
12.4912627,-10.0
-4.6217474,-4.6217474
-0.3937553,-0.3937553
-2.4378768,-2.4378768
-3.7785785,-3.7785785
-1.3126369,-1.3126369
-2.4723966,-2.4723966
-3.5910775,-3.5910775
12.2114611,-10.0
-1.16525,-1.16525
0.1782329,0.1782329
6.5621885,6.5621885
-2.2707043,-2.2707043
-2.1120871,-2.1120871
-3.1906013,-3.1906013
-2.9108464,-2.9108464
-5.0975087,-5.0975087
1.4427964,1.4427964
1.7566608,1.7566608
17.1130101,-10.0
4.6217474,4.6217474
4.2279921,4.2279921
2.1838706,2.1838706
0.8431689,0.8431689
3.3091105,3.3091105
2.1493508,2.1493508
1.0306699,1.0306699
16.8332085,-10.0
3.4564974,3.4564974
4.7999803,4.7999803
11.1839359,-10.0
2.3510431,2.3510431
2.5096603,2.5096603
1.4311461,1.4311461
1.710901,1.710901
-0.4757613,-0.4757613
-2.7851957,-2.7851957
-2.4713313,-2.4713313
12.885018,-10.0
0.3937553,0.3937553
-4.2279921,-4.2279921
-2.0441215,-2.0441215
-3.3848232,-3.3848232
-0.9188816,-0.9188816
-2.0786413,-2.0786413
-3.1973222,-3.1973222
12.6052164,-10.0
-0.7714947,-0.7714947
0.5719882,0.5719882
6.9559438,6.9559438
-1.876949,-1.876949
-1.7183318,-1.7183318
-2.796846,-2.796846
-2.5170911,-2.5170911
-4.7037534,-4.7037534
-0.7410742,-0.7410742
-0.4272098,-0.4272098
14.9291395,-10.0
2.4378768,2.4378768
-2.1838706,-2.1838706
2.0441215,2.0441215
-1.3407017,-1.3407017
1.1252399,1.1252399
-0.0345198,-0.0345198
-1.1532007,-1.1532007
14.6493379,-10.0
1.2726268,1.2726268
2.6161097,2.6161097
9.0000653,9.0000653
0.1671725,0.1671725
0.3257897,0.3257897
-0.7527245,-0.7527245
-0.4729696,-0.4729696
-2.6596319,-2.6596319
0.5996275,0.5996275
0.9134919,0.9134919
16.2698412,-10.0
3.7785785,3.7785785
-0.8431689,-0.8431689
3.3848232,3.3848232
1.3407017,1.3407017
2.4659416,2.4659416
1.3061819,1.3061819
0.187501,0.187501
15.9900396,-10.0
2.6133285,2.6133285
3.9568114,3.9568114
10.340767,-10.0
1.5078742,1.5078742
1.6664914,1.6664914
0.5879772,0.5879772
0.8677321,0.8677321
-1.3189302,-1.3189302
-1.8663141,-1.8663141
-1.5524497,-1.5524497
13.8038996,-10.0
1.3126369,1.3126369
-3.3091105,-3.3091105
0.9188816,0.9188816
-1.1252399,-1.1252399
-2.4659416,-2.4659416
-1.1597597,-1.1597597
-2.2784406,-2.2784406
13.524098,-10.0
0.1473869,0.1473869
1.4908698,1.4908698
7.8748254,7.8748254
-0.9580674,-0.9580674
-0.7994502,-0.7994502
-1.8779644,-1.8779644
-1.5982095,-1.5982095
-3.7848718,-3.7848718
-0.7065544,-0.7065544
-0.39269,-0.39269
14.9636593,-10.0
2.4723966,2.4723966
-2.1493508,-2.1493508
2.0786413,2.0786413
0.0345198,0.0345198
-1.3061819,-1.3061819
1.1597597,1.1597597
-1.1186809,-1.1186809
14.6838577,-10.0
1.3071466,1.3071466
2.6506295,2.6506295
9.0345851,9.0345851
0.2016923,0.2016923
0.3603095,0.3603095
-0.7182047,-0.7182047
-0.4384498,-0.4384498
-2.6251121,-2.6251121
0.4121265,0.4121265
0.7259909,0.7259909
16.0823402,-10.0
3.5910775,3.5910775
-1.0306699,-1.0306699
3.1973222,3.1973222
1.1532007,1.1532007
-0.187501,-0.187501
2.2784406,2.2784406
1.1186809,1.1186809
15.8025386,-10.0
2.4258275,2.4258275
3.7693104,3.7693104
10.153266,-10.0
1.3203732,1.3203732
1.4789904,1.4789904
0.4004762,0.4004762
0.6802311,0.6802311
-1.5064312,-1.5064312
-15.3904121,-10.0
-15.0765477,-10.0
0.2798016,0.2798016
-12.2114611,-10.0
-16.8332085,-10.0
-12.6052164,-10.0
-14.6493379,-10.0
-15.9900396,-10.0
-13.524098,-10.0
-14.6838577,-10.0
-15.8025386,-10.0
-13.3767111,-10.0
-12.0332282,-10.0
-5.6492726,-5.6492726
-14.4821654,-10.0
-14.3235482,-10.0
-15.4020624,-10.0
-15.1223075,-10.0
-17.3089698,-10.0
-2.013701,-2.013701
-1.6998366,-1.6998366
13.6565127,-10.0
1.16525,1.16525
-3.4564974,-3.4564974
0.7714947,0.7714947
-1.2726268,-1.2726268
-2.6133285,-2.6133285
-0.1473869,-0.1473869
-1.3071466,-1.3071466
-2.4258275,-2.4258275
13.3767111,-10.0
1.3434829,1.3434829
7.7274385,7.7274385
-1.1054543,-1.1054543
-0.9468371,-0.9468371
-2.0253513,-2.0253513
-1.7455964,-1.7455964
-3.9322587,-3.9322587
-3.3571839,-3.3571839
-3.0433195,-3.0433195
12.3130298,-10.0
-0.1782329,-0.1782329
-4.7999803,-4.7999803
-0.5719882,-0.5719882
-2.6161097,-2.6161097
-3.9568114,-3.9568114
-1.4908698,-1.4908698
-2.6506295,-2.6506295
-3.7693104,-3.7693104
12.0332282,-10.0
-1.3434829,-1.3434829
6.3839556,6.3839556
-2.4489372,-2.4489372
-2.29032,-2.29032
-3.3688342,-3.3688342
-3.0890793,-3.0890793
-5.2757416,-5.2757416
-9.7411395,-9.7411395
-9.4272751,-9.4272751
5.9290742,5.9290742
-6.5621885,-6.5621885
-11.1839359,-10.0
-6.9559438,-6.9559438
-9.0000653,-9.0000653
-10.340767,-10.0
-7.8748254,-7.8748254
-9.0345851,-9.0345851
-10.153266,-10.0
5.6492726,5.6492726
-7.7274385,-7.7274385
-6.3839556,-6.3839556
-8.8328928,-8.8328928
-8.6742756,-8.6742756
-9.7527898,-9.7527898
-9.4730349,-9.4730349
-11.6596972,-10.0
-0.9082467,-0.9082467
-0.5943823,-0.5943823
14.761967,-10.0
2.2707043,2.2707043
-2.3510431,-2.3510431
1.876949,1.876949
-0.1671725,-0.1671725
-1.5078742,-1.5078742
0.9580674,0.9580674
-0.2016923,-0.2016923
-1.3203732,-1.3203732
14.4821654,-10.0
1.1054543,1.1054543
2.4489372,2.4489372
8.8328928,8.8328928
0.1586172,0.1586172
-0.919897,-0.919897
-0.6401421,-0.6401421
-2.8268044,-2.8268044
-1.0668639,-1.0668639
-0.7529995,-0.7529995
14.6033498,-10.0
2.1120871,2.1120871
-2.5096603,-2.5096603
1.7183318,1.7183318
-0.3257897,-0.3257897
-1.6664914,-1.6664914
0.7994502,0.7994502
-0.3603095,-0.3603095
-1.4789904,-1.4789904
14.3235482,-10.0
0.9468371,0.9468371
2.29032,2.29032
8.6742756,8.6742756
-0.1586172,-0.1586172
-1.0785142,-1.0785142
-0.7987593,-0.7987593
-2.9854216,-2.9854216
0.0116503,0.0116503
0.3255147,0.3255147
15.681864,-10.0
3.1906013,3.1906013
-1.4311461,-1.4311461
2.796846,2.796846
0.7527245,0.7527245
-0.5879772,-0.5879772
1.8779644,1.8779644
0.7182047,0.7182047
-0.4004762,-0.4004762
15.4020624,-10.0
2.0253513,2.0253513
3.3688342,3.3688342
9.7527898,9.7527898
0.919897,0.919897
1.0785142,1.0785142
0.2797549,0.2797549
-1.9069074,-1.9069074
-0.2681046,-0.2681046
0.0457598,0.0457598
15.4021091,-10.0
2.9108464,2.9108464
-1.710901,-1.710901
2.5170911,2.5170911
0.4729696,0.4729696
-0.8677321,-0.8677321
1.5982095,1.5982095
0.4384498,0.4384498
-0.6802311,-0.6802311
15.1223075,-10.0
1.7455964,1.7455964
3.0890793,3.0890793
9.4730349,9.4730349
0.6401421,0.6401421
0.7987593,0.7987593
-0.2797549,-0.2797549
-2.1866623,-2.1866623
1.9185577,1.9185577
2.2324221,2.2324221
17.5887714,-10.0
5.0975087,5.0975087
0.4757613,0.4757613
4.7037534,4.7037534
2.6596319,2.6596319
1.3189302,1.3189302
3.7848718,3.7848718
2.6251121,2.6251121
1.5064312,1.5064312
17.3089698,-10.0
3.9322587,3.9322587
5.2757416,5.2757416
11.6596972,-10.0
2.8268044,2.8268044
2.9854216,2.9854216
1.9069074,1.9069074
2.1866623,2.1866623
1.0026719,1.0026719
2.3044213,2.3044213
10.8485781,-10.0
-1.1828416,-1.1828416
1.3704027,1.3704027
12.1782907,-10.0
-1.1660748,-1.1660748
14.1165827,-10.0
-0.937434,-0.937434
-0.4160516,-0.4160516
2.1506929,2.1506929
4.319935,4.319935
12.9961353,-10.0
10.1151973,-10.0
1.8164042,1.8164042
0.2707996,0.2707996
-0.2703513,-0.2703513
0.1707472,0.1707472
1.8910804,1.8910804
-1.0026719,-1.0026719
1.3017494,1.3017494
9.8459062,9.8459062
-2.1855135,-2.1855135
0.3677308,0.3677308
11.1756188,-10.0
-2.1687467,-2.1687467
13.1139108,-10.0
-1.9401059,-1.9401059
-1.4187235,-1.4187235
1.148021,1.148021
3.3172631,3.3172631
11.9934634,-10.0
9.1125254,9.1125254
0.8137323,0.8137323
-0.7318723,-0.7318723
-1.2730232,-1.2730232
-0.8319247,-0.8319247
0.8884085,0.8884085
-2.3044213,-2.3044213
-1.3017494,-1.3017494
8.5441568,8.5441568
-3.4872629,-3.4872629
-0.9340186,-0.9340186
9.8738694,9.8738694
-3.4704961,-3.4704961
11.8121614,-10.0
-3.2418553,-3.2418553
-2.7204729,-2.7204729
-0.1537284,-0.1537284
2.0155137,2.0155137
10.691714,-10.0
7.810776,7.810776
-0.4880171,-0.4880171
-2.0336217,-2.0336217
-2.5747726,-2.5747726
-2.1336741,-2.1336741
-0.4133409,-0.4133409
-10.8485781,-10.0
-9.8459062,-9.8459062
-8.5441568,-8.5441568
-12.0314197,-10.0
-9.4781754,-9.4781754
1.3297126,1.3297126
-12.0146529,-10.0
3.2680046,3.2680046
-11.7860121,-10.0
-11.2646297,-10.0
-8.6978852,-8.6978852
-6.5286431,-6.5286431
2.1475572,2.1475572
-0.7333808,-0.7333808
-9.0321739,-9.0321739
-10.5777785,-10.0
-11.1189294,-10.0
-10.6778309,-10.0
-8.9574977,-8.9574977
1.1828416,1.1828416
2.1855135,2.1855135
3.4872629,3.4872629
12.0314197,-10.0
2.5532443,2.5532443
13.3611323,-10.0
0.0167668,0.0167668
15.2994243,-10.0
0.2454076,0.2454076
0.76679,0.76679
3.3335345,3.3335345
5.5027766,5.5027766
14.1789769,-10.0
11.2980389,-10.0
2.9992458,2.9992458
1.4536412,1.4536412
0.9124903,0.9124903
1.3535888,1.3535888
3.073922,3.073922
-1.3704027,-1.3704027
-0.3677308,-0.3677308
0.9340186,0.9340186
9.4781754,9.4781754
-2.5532443,-2.5532443
10.807888,-10.0
-2.5364775,-2.5364775
12.74618,-10.0
-2.3078367,-2.3078367
-1.7864543,-1.7864543
0.7802902,0.7802902
2.9495323,2.9495323
11.6257326,-10.0
8.7447946,8.7447946
0.4460015,0.4460015
-1.0996031,-1.0996031
-1.640754,-1.640754
-1.1996555,-1.1996555
0.5206777,0.5206777
-12.1782907,-10.0
-11.1756188,-10.0
-9.8738694,-9.8738694
-1.3297126,-1.3297126
-13.3611323,-10.0
-10.807888,-10.0
-13.3443655,-10.0
1.938292,1.938292
-13.1157247,-10.0
-12.5943423,-10.0
-10.0275978,-10.0
-7.8583557,-7.8583557
0.8178446,0.8178446
-2.0630934,-2.0630934
-10.3618865,-10.0
-11.9074911,-10.0
-12.448642,-10.0
-12.0075435,-10.0
-10.2872103,-10.0
1.1660748,1.1660748
2.1687467,2.1687467
3.4704961,3.4704961
12.0146529,-10.0
-0.0167668,-0.0167668
2.5364775,2.5364775
13.3443655,-10.0
15.2826575,-10.0
0.2286408,0.2286408
0.7500232,0.7500232
3.3167677,3.3167677
5.4860098,5.4860098
14.1622101,-10.0
11.2812721,-10.0
2.982479,2.982479
1.4368744,1.4368744
0.8957235,0.8957235
1.336822,1.336822
3.0571552,3.0571552
-14.1165827,-10.0
-13.1139108,-10.0
-11.8121614,-10.0
-3.2680046,-3.2680046
-15.2994243,-10.0
-12.74618,-10.0
-1.938292,-1.938292
-15.2826575,-10.0
-15.0540167,-10.0
-14.5326343,-10.0
-11.9658898,-10.0
-9.7966477,-9.7966477
-1.1204474,-1.1204474
-4.0013854,-4.0013854
-12.3001785,-10.0
-13.8457831,-10.0
-14.386934,-10.0
-13.9458355,-10.0
-12.2255023,-10.0
0.937434,0.937434
1.9401059,1.9401059
3.2418553,3.2418553
11.7860121,-10.0
-0.2454076,-0.2454076
2.3078367,2.3078367
13.1157247,-10.0
-0.2286408,-0.2286408
15.0540167,-10.0
0.5213824,0.5213824
3.0881269,3.0881269
5.257369,5.257369
13.9335693,-10.0
11.0526313,-10.0
2.7538382,2.7538382
1.2082336,1.2082336
0.6670827,0.6670827
1.1081812,1.1081812
2.8285144,2.8285144
0.4160516,0.4160516
1.4187235,1.4187235
2.7204729,2.7204729
11.2646297,-10.0
-0.76679,-0.76679
1.7864543,1.7864543
12.5943423,-10.0
-0.7500232,-0.7500232
14.5326343,-10.0
-0.5213824,-0.5213824
2.5667445,2.5667445
4.7359866,4.7359866
13.4121869,-10.0
10.5312489,-10.0
2.2324558,2.2324558
0.6868512,0.6868512
0.1457003,0.1457003
0.5867988,0.5867988
2.307132,2.307132
-2.1506929,-2.1506929
-1.148021,-1.148021
0.1537284,0.1537284
8.6978852,8.6978852
-3.3335345,-3.3335345
-0.7802902,-0.7802902
10.0275978,-10.0
-3.3167677,-3.3167677
11.9658898,-10.0
-3.0881269,-3.0881269
-2.5667445,-2.5667445
2.1692421,2.1692421
10.8454424,-10.0
7.9645044,7.9645044
-0.3342887,-0.3342887
-1.8798933,-1.8798933
-2.4210442,-2.4210442
-1.9799457,-1.9799457
-0.2596125,-0.2596125
-4.319935,-4.319935
-3.3172631,-3.3172631
-2.0155137,-2.0155137
6.5286431,6.5286431
-5.5027766,-5.5027766
-2.9495323,-2.9495323
7.8583557,7.8583557
-5.4860098,-5.4860098
9.7966477,9.7966477
-5.257369,-5.257369
-4.7359866,-4.7359866
-2.1692421,-2.1692421
8.6762003,8.6762003
5.7952623,5.7952623
-2.5035308,-2.5035308
-4.0491354,-4.0491354
-4.5902863,-4.5902863
-4.1491878,-4.1491878
-2.4288546,-2.4288546
-12.9961353,-10.0
-11.9934634,-10.0
-10.691714,-10.0
-2.1475572,-2.1475572
-14.1789769,-10.0
-11.6257326,-10.0
-0.8178446,-0.8178446
-14.1622101,-10.0
1.1204474,1.1204474
-13.9335693,-10.0
-13.4121869,-10.0
-10.8454424,-10.0
-8.6762003,-8.6762003
-2.880938,-2.880938
-11.1797311,-10.0
-12.7253357,-10.0
-13.2664866,-10.0
-12.8253881,-10.0
-11.1050549,-10.0
-10.1151973,-10.0
-9.1125254,-9.1125254
-7.810776,-7.810776
0.7333808,0.7333808
-11.2980389,-10.0
-8.7447946,-8.7447946
2.0630934,2.0630934
-11.2812721,-10.0
4.0013854,4.0013854
-11.0526313,-10.0
-10.5312489,-10.0
-7.9645044,-7.9645044
-5.7952623,-5.7952623
2.880938,2.880938
-8.2987931,-8.2987931
-9.8443977,-9.8443977
-10.3855486,-10.0
-9.9444501,-9.9444501
-8.2241169,-8.2241169
-1.8164042,-1.8164042
-0.8137323,-0.8137323
0.4880171,0.4880171
9.0321739,9.0321739
-2.9992458,-2.9992458
-0.4460015,-0.4460015
10.3618865,-10.0
-2.982479,-2.982479
12.3001785,-10.0
-2.7538382,-2.7538382
-2.2324558,-2.2324558
0.3342887,0.3342887
2.5035308,2.5035308
11.1797311,-10.0
8.2987931,8.2987931
-1.5456046,-1.5456046
-2.0867555,-2.0867555
-1.645657,-1.645657
0.0746762,0.0746762
-0.2707996,-0.2707996
0.7318723,0.7318723
2.0336217,2.0336217
10.5777785,-10.0
-1.4536412,-1.4536412
1.0996031,1.0996031
11.9074911,-10.0
-1.4368744,-1.4368744
13.8457831,-10.0
-1.2082336,-1.2082336
-0.6868512,-0.6868512
1.8798933,1.8798933
4.0491354,4.0491354
12.7253357,-10.0
9.8443977,9.8443977
1.5456046,1.5456046
-0.5411509,-0.5411509
-0.1000524,-0.1000524
1.6202808,1.6202808
0.2703513,0.2703513
1.2730232,1.2730232
2.5747726,2.5747726
11.1189294,-10.0
-0.9124903,-0.9124903
1.640754,1.640754
12.448642,-10.0
-0.8957235,-0.8957235
14.386934,-10.0
-0.6670827,-0.6670827
-0.1457003,-0.1457003
2.4210442,2.4210442
4.5902863,4.5902863
13.2664866,-10.0
10.3855486,-10.0
2.0867555,2.0867555
0.5411509,0.5411509
0.4410985,0.4410985
2.1614317,2.1614317
-0.1707472,-0.1707472
0.8319247,0.8319247
2.1336741,2.1336741
10.6778309,-10.0
-1.3535888,-1.3535888
1.1996555,1.1996555
12.0075435,-10.0
-1.336822,-1.336822
13.9458355,-10.0
-1.1081812,-1.1081812
-0.5867988,-0.5867988
1.9799457,1.9799457
4.1491878,4.1491878
12.8253881,-10.0
9.9444501,9.9444501
1.645657,1.645657
0.1000524,0.1000524
-0.4410985,-0.4410985
1.7203332,1.7203332
-1.8910804,-1.8910804
-0.8884085,-0.8884085
0.4133409,0.4133409
8.9574977,8.9574977
-3.073922,-3.073922
-0.5206777,-0.5206777
10.2872103,-10.0
-3.0571552,-3.0571552
12.2255023,-10.0
-2.8285144,-2.8285144
-2.307132,-2.307132
0.2596125,0.2596125
2.4288546,2.4288546
11.1050549,-10.0
8.2241169,8.2241169
-0.0746762,-0.0746762
-1.6202808,-1.6202808
-2.1614317,-2.1614317
-1.7203332,-1.7203332
2.3875149,2.3875149
16.1483166,-10.0
16.4011432,-10.0
3.6889355,3.6889355
0.0972419,0.0972419
16.8672508,-10.0
3.3945113,3.3945113
16.2200981,-10.0
3.6615595,3.6615595
3.0246936,3.0246936
16.3706141,-10.0
2.3458507,2.3458507
16.6977799,-10.0
6.3302935,6.3302935
0.8431203,0.8431203
2.7640937,2.7640937
4.2520119,4.2520119
1.3018877,1.3018877
15.4006961,-10.0
-2.3875149,-2.3875149
13.7608017,-10.0
14.0136283,-10.0
1.3014206,1.3014206
-2.290273,-2.290273
14.4797359,-10.0
1.0069964,1.0069964
13.8325832,-10.0
1.2740446,1.2740446
0.6371787,0.6371787
13.9830992,-10.0
-0.0416642,-0.0416642
14.310265,-10.0
3.9427786,3.9427786
-1.5443946,-1.5443946
0.3765788,0.3765788
1.864497,1.864497
-1.0856272,-1.0856272
13.0131812,-10.0
-16.1483166,-10.0
-13.7608017,-10.0
0.2528266,0.2528266
-12.4593811,-10.0
-16.0510747,-10.0
0.7189342,0.7189342
-12.7538053,-10.0
0.0717815,0.0717815
-12.4867571,-10.0
-13.123623,-10.0
0.2222975,0.2222975
-13.8024659,-10.0
0.5494633,0.5494633
-9.8180231,-9.8180231
-15.3051963,-10.0
-13.3842229,-10.0
-11.8963047,-10.0
-14.8464289,-10.0
-0.7476205,-0.7476205
-16.4011432,-10.0
-14.0136283,-10.0
-0.2528266,-0.2528266
-12.7122077,-10.0
-16.3039013,-10.0
0.4661076,0.4661076
-13.0066319,-10.0
-0.1810451,-0.1810451
-12.7395837,-10.0
-13.3764496,-10.0
-0.0305291,-0.0305291
-14.0552925,-10.0
0.2966367,0.2966367
-10.0708497,-10.0
-15.5580229,-10.0
-13.6370495,-10.0
-12.1491313,-10.0
-15.0992555,-10.0
-1.0004471,-1.0004471
-3.6889355,-3.6889355
-1.3014206,-1.3014206
12.4593811,-10.0
12.7122077,-10.0
-3.5916936,-3.5916936
13.1783153,-10.0
-0.2944242,-0.2944242
12.5311626,-10.0
-0.027376,-0.027376
-0.6642419,-0.6642419
12.6816786,-10.0
-1.3430848,-1.3430848
13.0088444,-10.0
2.641358,2.641358
-2.8458152,-2.8458152
-0.9248418,-0.9248418
0.5630764,0.5630764
-2.3870478,-2.3870478
11.7117606,-10.0
-0.0972419,-0.0972419
2.290273,2.290273
16.0510747,-10.0
16.3039013,-10.0
3.5916936,3.5916936
16.7700089,-10.0
3.2972694,3.2972694
16.1228562,-10.0
3.5643176,3.5643176
2.9274517,2.9274517
16.2733722,-10.0
2.2486088,2.2486088
16.600538,-10.0
6.2330516,6.2330516
0.7458784,0.7458784
2.6668518,2.6668518
4.15477,4.15477
1.2046458,1.2046458
15.3034542,-10.0
-16.8672508,-10.0
-14.4797359,-10.0
-0.7189342,-0.7189342
-0.4661076,-0.4661076
-13.1783153,-10.0
-16.7700089,-10.0
-13.4727395,-10.0
-0.6471527,-0.6471527
-13.2056913,-10.0
-13.8425572,-10.0
-0.4966367,-0.4966367
-14.5214001,-10.0
-0.1694709,-0.1694709
-10.5369573,-10.0
-16.0241305,-10.0
-14.1031571,-10.0
-12.6152389,-10.0
-15.5653631,-10.0
-1.4665547,-1.4665547
-3.3945113,-3.3945113
-1.0069964,-1.0069964
12.7538053,-10.0
13.0066319,-10.0
0.2944242,0.2944242
-3.2972694,-3.2972694
13.4727395,-10.0
12.8255868,-10.0
0.2670482,0.2670482
-0.3698177,-0.3698177
12.9761028,-10.0
-1.0486606,-1.0486606
13.3032686,-10.0
2.9357822,2.9357822
-2.551391,-2.551391
-0.6304176,-0.6304176
0.8575006,0.8575006
-2.0926236,-2.0926236
12.0061848,-10.0
-16.2200981,-10.0
-13.8325832,-10.0
-0.0717815,-0.0717815
0.1810451,0.1810451
-12.5311626,-10.0
-16.1228562,-10.0
0.6471527,0.6471527
-12.8255868,-10.0
-12.5585386,-10.0
-13.1954045,-10.0
0.150516,0.150516
-13.8742474,-10.0
0.4776818,0.4776818
-9.8898046,-9.8898046
-15.3769778,-10.0
-13.4560044,-10.0
-11.9680862,-10.0
-14.9182104,-10.0
-0.819402,-0.819402
-3.6615595,-3.6615595
-1.2740446,-1.2740446
12.4867571,-10.0
12.7395837,-10.0
0.027376,0.027376
-3.5643176,-3.5643176
13.2056913,-10.0
-0.2670482,-0.2670482
12.5585386,-10.0
-0.6368659,-0.6368659
12.7090546,-10.0
-1.3157088,-1.3157088
13.0362204,-10.0
2.668734,2.668734
-2.8184392,-2.8184392
-0.8974658,-0.8974658
0.5904524,0.5904524
-2.3596718,-2.3596718
11.7391366,-10.0
-3.0246936,-3.0246936
-0.6371787,-0.6371787
13.123623,-10.0
13.3764496,-10.0
0.6642419,0.6642419
-2.9274517,-2.9274517
13.8425572,-10.0
0.3698177,0.3698177
13.1954045,-10.0
0.6368659,0.6368659
13.3459205,-10.0
-0.6788429,-0.6788429
13.6730863,-10.0
3.3055999,3.3055999
-2.1815733,-2.1815733
-0.2605999,-0.2605999
1.2273183,1.2273183
-1.7228059,-1.7228059
12.3760025,-10.0
-16.3706141,-10.0
-13.9830992,-10.0
-0.2222975,-0.2222975
0.0305291,0.0305291
-12.6816786,-10.0
-16.2733722,-10.0
0.4966367,0.4966367
-12.9761028,-10.0
-0.150516,-0.150516
-12.7090546,-10.0
-13.3459205,-10.0
-14.0247634,-10.0
0.3271658,0.3271658
-10.0403206,-10.0
-15.5274938,-10.0
-13.6065204,-10.0
-12.1186022,-10.0
-15.0687264,-10.0
-0.969918,-0.969918
-2.3458507,-2.3458507
0.0416642,0.0416642
13.8024659,-10.0
14.0552925,-10.0
1.3430848,1.3430848
-2.2486088,-2.2486088
14.5214001,-10.0
1.0486606,1.0486606
13.8742474,-10.0
1.3157088,1.3157088
0.6788429,0.6788429
14.0247634,-10.0
14.3519292,-10.0
3.9844428,3.9844428
-1.5027304,-1.5027304
0.418243,0.418243
1.9061612,1.9061612
-1.043963,-1.043963
13.0548454,-10.0
-16.6977799,-10.0
-14.310265,-10.0
-0.5494633,-0.5494633
-0.2966367,-0.2966367
-13.0088444,-10.0
-16.600538,-10.0
0.1694709,0.1694709
-13.3032686,-10.0
-0.4776818,-0.4776818
-13.0362204,-10.0
-13.6730863,-10.0
-0.3271658,-0.3271658
-14.3519292,-10.0
-10.3674864,-10.0
-15.8546596,-10.0
-13.9336862,-10.0
-12.445768,-10.0
-15.3958922,-10.0
-1.2970838,-1.2970838
-6.3302935,-6.3302935
-3.9427786,-3.9427786
9.8180231,9.8180231
10.0708497,-10.0
-2.641358,-2.641358
-6.2330516,-6.2330516
10.5369573,-10.0
-2.9357822,-2.9357822
9.8898046,9.8898046
-2.668734,-2.668734
-3.3055999,-3.3055999
10.0403206,-10.0
-3.9844428,-3.9844428
10.3674864,-10.0
-5.4871732,-5.4871732
-3.5661998,-3.5661998
-2.0782816,-2.0782816
-5.0284058,-5.0284058
9.0704026,9.0704026
-0.8431203,-0.8431203
1.5443946,1.5443946
15.3051963,-10.0
15.5580229,-10.0
2.8458152,2.8458152
-0.7458784,-0.7458784
16.0241305,-10.0
2.551391,2.551391
15.3769778,-10.0
2.8184392,2.8184392
2.1815733,2.1815733
15.5274938,-10.0
1.5027304,1.5027304
15.8546596,-10.0
5.4871732,5.4871732
1.9209734,1.9209734
3.4088916,3.4088916
0.4587674,0.4587674
14.5575758,-10.0
-2.7640937,-2.7640937
-0.3765788,-0.3765788
13.3842229,-10.0
13.6370495,-10.0
0.9248418,0.9248418
-2.6668518,-2.6668518
14.1031571,-10.0
0.6304176,0.6304176
13.4560044,-10.0
0.8974658,0.8974658
0.2605999,0.2605999
13.6065204,-10.0
-0.418243,-0.418243
13.9336862,-10.0
3.5661998,3.5661998
-1.9209734,-1.9209734
1.4879182,1.4879182
-1.462206,-1.462206
12.6366024,-10.0
-4.2520119,-4.2520119
-1.864497,-1.864497
11.8963047,-10.0
12.1491313,-10.0
-0.5630764,-0.5630764
-4.15477,-4.15477
12.6152389,-10.0
-0.8575006,-0.8575006
11.9680862,-10.0
-0.5904524,-0.5904524
-1.2273183,-1.2273183
12.1186022,-10.0
-1.9061612,-1.9061612
12.445768,-10.0
2.0782816,2.0782816
-3.4088916,-3.4088916
-1.4879182,-1.4879182
-2.9501242,-2.9501242
11.1486842,-10.0
-1.3018877,-1.3018877
1.0856272,1.0856272
14.8464289,-10.0
15.0992555,-10.0
2.3870478,2.3870478
-1.2046458,-1.2046458
15.5653631,-10.0
2.0926236,2.0926236
14.9182104,-10.0
2.3596718,2.3596718
1.7228059,1.7228059
15.0687264,-10.0
1.043963,1.043963
15.3958922,-10.0
5.0284058,5.0284058
-0.4587674,-0.4587674
1.462206,1.462206
2.9501242,2.9501242
14.0988084,-10.0
-15.4006961,-10.0
-13.0131812,-10.0
0.7476205,0.7476205
1.0004471,1.0004471
-11.7117606,-10.0
-15.3034542,-10.0
1.4665547,1.4665547
-12.0061848,-10.0
0.819402,0.819402
-11.7391366,-10.0
-12.3760025,-10.0
0.969918,0.969918
-13.0548454,-10.0
1.2970838,1.2970838
-9.0704026,-9.0704026
-14.5575758,-10.0
-12.6366024,-10.0
-11.1486842,-10.0
-14.0988084,-10.0
12.851458,-10.0
1.3666454,1.3666454
-0.8148669,-0.8148669
-1.2449273,-1.2449273
-0.5292978,-0.5292978
-1.6619383,-1.6619383
-0.2188318,-0.2188318
-3.3135751,-3.3135751
-0.2963145,-0.2963145
-2.2479671,-2.2479671
-2.2755387,-2.2755387
1.8150273,1.8150273
-3.3656088,-3.3656088
-1.7288439,-1.7288439
-1.8220385,-1.8220385
-0.900651,-0.900651
1.7142002,1.7142002
11.6353436,-10.0
-2.5794058,-2.5794058
-12.851458,-10.0
-11.4848126,-10.0
-13.6663249,-10.0
-14.0963853,-10.0
-13.3807558,-10.0
-14.5133963,-10.0
-13.0702898,-10.0
-16.1650331,-10.0
-13.1477725,-10.0
-15.0994251,-10.0
-15.1269967,-10.0
-11.0364307,-10.0
-16.2170668,-10.0
-14.5803019,-10.0
-14.6734965,-10.0
-13.752109,-10.0
-11.1372578,-10.0
-1.2161144,-1.2161144
-15.4308638,-10.0
-1.3666454,-1.3666454
11.4848126,-10.0
-2.1815123,-2.1815123
-2.6115727,-2.6115727
-1.8959432,-1.8959432
-3.0285837,-3.0285837
-1.5854772,-1.5854772
-4.6802205,-4.6802205
-1.6629599,-1.6629599
-3.6146125,-3.6146125
-3.6421841,-3.6421841
0.4483819,0.4483819
-4.7322542,-4.7322542
-3.0954893,-3.0954893
-3.1886839,-3.1886839
-2.2672964,-2.2672964
0.3475548,0.3475548
10.2686982,-10.0
-3.9460512,-3.9460512
0.8148669,0.8148669
13.6663249,-10.0
2.1815123,2.1815123
-0.4300604,-0.4300604
0.2855691,0.2855691
-0.8470714,-0.8470714
0.5960351,0.5960351
-2.4987082,-2.4987082
0.5185524,0.5185524
-1.4331002,-1.4331002
-1.4606718,-1.4606718
2.6298942,2.6298942
-2.5507419,-2.5507419
-0.913977,-0.913977
-1.0071716,-1.0071716
-0.0857841,-0.0857841
2.5290671,2.5290671
12.4502105,-10.0
-1.7645389,-1.7645389
1.2449273,1.2449273
14.0963853,-10.0
2.6115727,2.6115727
0.4300604,0.4300604
0.7156295,0.7156295
-0.417011,-0.417011
1.0260955,1.0260955
-2.0686478,-2.0686478
0.9486128,0.9486128
-1.0030398,-1.0030398
-1.0306114,-1.0306114
3.0599546,3.0599546
-2.1206815,-2.1206815
-0.4839166,-0.4839166
-0.5771112,-0.5771112
0.3442763,0.3442763
2.9591275,2.9591275
12.8802709,-10.0
-1.3344785,-1.3344785
0.5292978,0.5292978
13.3807558,-10.0
1.8959432,1.8959432
-0.2855691,-0.2855691
-0.7156295,-0.7156295
-1.1326405,-1.1326405
0.310466,0.310466
-2.7842773,-2.7842773
0.2329833,0.2329833
-1.7186693,-1.7186693
-1.7462409,-1.7462409
2.3443251,2.3443251
-2.836311,-2.836311
-1.1995461,-1.1995461
-1.2927407,-1.2927407
-0.3713532,-0.3713532
2.243498,2.243498
12.1646414,-10.0
-2.050108,-2.050108
1.6619383,1.6619383
14.5133963,-10.0
3.0285837,3.0285837
0.8470714,0.8470714
0.417011,0.417011
1.1326405,1.1326405
1.4431065,1.4431065
-1.6516368,-1.6516368
1.3656238,1.3656238
-0.5860288,-0.5860288
-0.6136004,-0.6136004
3.4769656,3.4769656
-1.7036705,-1.7036705
-0.0669056,-0.0669056
-0.1601002,-0.1601002
0.7612873,0.7612873
3.3761385,3.3761385
13.2972819,-10.0
-0.9174675,-0.9174675
0.2188318,0.2188318
13.0702898,-10.0
1.5854772,1.5854772
-0.5960351,-0.5960351
-1.0260955,-1.0260955
-0.310466,-0.310466
-1.4431065,-1.4431065
-3.0947433,-3.0947433
-0.0774827,-0.0774827
-2.0291353,-2.0291353
-2.0567069,-2.0567069
2.0338591,2.0338591
-3.146777,-3.146777
-1.5100121,-1.5100121
-1.6032067,-1.6032067
-0.6818192,-0.6818192
1.933032,1.933032
11.8541754,-10.0
-2.360574,-2.360574
3.3135751,3.3135751
16.1650331,-10.0
4.6802205,4.6802205
2.4987082,2.4987082
2.0686478,2.0686478
2.7842773,2.7842773
1.6516368,1.6516368
3.0947433,3.0947433
3.0172606,3.0172606
1.065608,1.065608
1.0380364,1.0380364
5.1286024,5.1286024
-0.0520337,-0.0520337
1.5847312,1.5847312
1.4915366,1.4915366
2.4129241,2.4129241
5.0277753,5.0277753
14.9489187,-10.0
0.7341693,0.7341693
0.2963145,0.2963145
13.1477725,-10.0
1.6629599,1.6629599
-0.5185524,-0.5185524
-0.9486128,-0.9486128
-0.2329833,-0.2329833
-1.3656238,-1.3656238
0.0774827,0.0774827
-3.0172606,-3.0172606
-1.9516526,-1.9516526
-1.9792242,-1.9792242
2.1113418,2.1113418
-3.0692943,-3.0692943
-1.4325294,-1.4325294
-1.525724,-1.525724
-0.6043365,-0.6043365
2.0105147,2.0105147
11.9316581,-10.0
-2.2830913,-2.2830913
2.2479671,2.2479671
15.0994251,-10.0
3.6146125,3.6146125
1.4331002,1.4331002
1.0030398,1.0030398
1.7186693,1.7186693
0.5860288,0.5860288
2.0291353,2.0291353
-1.065608,-1.065608
1.9516526,1.9516526
-0.0275716,-0.0275716
4.0629944,4.0629944
-1.1176417,-1.1176417
0.5191232,0.5191232
0.4259286,0.4259286
1.3473161,1.3473161
3.9621673,3.9621673
13.8833107,-10.0
-0.3314387,-0.3314387
2.2755387,2.2755387
15.1269967,-10.0
3.6421841,3.6421841
1.4606718,1.4606718
1.0306114,1.0306114
1.7462409,1.7462409
0.6136004,0.6136004
2.0567069,2.0567069
-1.0380364,-1.0380364
1.9792242,1.9792242
0.0275716,0.0275716
4.090566,4.090566
-1.0900701,-1.0900701
0.5466948,0.5466948
0.4535002,0.4535002
1.3748877,1.3748877
3.9897389,3.9897389
13.9108823,-10.0
-0.3038671,-0.3038671
-1.8150273,-1.8150273
11.0364307,-10.0
-0.4483819,-0.4483819
-2.6298942,-2.6298942
-3.0599546,-3.0599546
-2.3443251,-2.3443251
-3.4769656,-3.4769656
-2.0338591,-2.0338591
-5.1286024,-5.1286024
-2.1113418,-2.1113418
-4.0629944,-4.0629944
-4.090566,-4.090566
-5.1806361,-5.1806361
-3.5438712,-3.5438712
-3.6370658,-3.6370658
-2.7156783,-2.7156783
-0.1008271,-0.1008271
9.8203163,9.8203163
-4.3944331,-4.3944331
3.3656088,3.3656088
16.2170668,-10.0
4.7322542,4.7322542
2.5507419,2.5507419
2.1206815,2.1206815
2.836311,2.836311
1.7036705,1.7036705
3.146777,3.146777
0.0520337,0.0520337
3.0692943,3.0692943
1.1176417,1.1176417
1.0900701,1.0900701
5.1806361,5.1806361
1.6367649,1.6367649
1.5435703,1.5435703
2.4649578,2.4649578
5.079809,5.079809
15.0009524,-10.0
0.786203,0.786203
1.7288439,1.7288439
14.5803019,-10.0
3.0954893,3.0954893
0.913977,0.913977
0.4839166,0.4839166
1.1995461,1.1995461
0.0669056,0.0669056
1.5100121,1.5100121
-1.5847312,-1.5847312
1.4325294,1.4325294
-0.5191232,-0.5191232
-0.5466948,-0.5466948
3.5438712,3.5438712
-1.6367649,-1.6367649
-0.0931946,-0.0931946
0.8281929,0.8281929
3.4430441,3.4430441
13.3641875,-10.0
-0.8505619,-0.8505619
1.8220385,1.8220385
14.6734965,-10.0
3.1886839,3.1886839
1.0071716,1.0071716
0.5771112,0.5771112
1.2927407,1.2927407
0.1601002,0.1601002
1.6032067,1.6032067
-1.4915366,-1.4915366
1.525724,1.525724
-0.4259286,-0.4259286
-0.4535002,-0.4535002
3.6370658,3.6370658
-1.5435703,-1.5435703
0.0931946,0.0931946
0.9213875,0.9213875
3.5362387,3.5362387
13.4573821,-10.0
-0.7573673,-0.7573673
0.900651,0.900651
13.752109,-10.0
2.2672964,2.2672964
0.0857841,0.0857841
-0.3442763,-0.3442763
0.3713532,0.3713532
-0.7612873,-0.7612873
0.6818192,0.6818192
-2.4129241,-2.4129241
0.6043365,0.6043365
-1.3473161,-1.3473161
-1.3748877,-1.3748877
2.7156783,2.7156783
-2.4649578,-2.4649578
-0.8281929,-0.8281929
-0.9213875,-0.9213875
2.6148512,2.6148512
12.5359946,-10.0
-1.6787548,-1.6787548
-1.7142002,-1.7142002
11.1372578,-10.0
-0.3475548,-0.3475548
-2.5290671,-2.5290671
-2.9591275,-2.9591275
-2.243498,-2.243498
-3.3761385,-3.3761385
-1.933032,-1.933032
-5.0277753,-5.0277753
-2.0105147,-2.0105147
-3.9621673,-3.9621673
-3.9897389,-3.9897389
0.1008271,0.1008271
-5.079809,-5.079809
-3.4430441,-3.4430441
-3.5362387,-3.5362387
-2.6148512,-2.6148512
9.9211434,9.9211434
-4.293606,-4.293606
-11.6353436,-10.0
1.2161144,1.2161144
-10.2686982,-10.0
-12.4502105,-10.0
-12.8802709,-10.0
-12.1646414,-10.0
-13.2972819,-10.0
-11.8541754,-10.0
-14.9489187,-10.0
-11.9316581,-10.0
-13.8833107,-10.0
-13.9108823,-10.0
-9.8203163,-9.8203163
-15.0009524,-10.0
-13.3641875,-10.0
-13.4573821,-10.0
-12.5359946,-10.0
-9.9211434,-9.9211434
-14.2147494,-10.0
2.5794058,2.5794058
15.4308638,-10.0
3.9460512,3.9460512
1.7645389,1.7645389
1.3344785,1.3344785
2.050108,2.050108
0.9174675,0.9174675
2.360574,2.360574
-0.7341693,-0.7341693
2.2830913,2.2830913
0.3314387,0.3314387
0.3038671,0.3038671
4.3944331,4.3944331
-0.786203,-0.786203
0.8505619,0.8505619
0.7573673,0.7573673
1.6787548,1.6787548
4.293606,4.293606
14.2147494,-10.0
0.6045648,0.6045648
3.7507808,3.7507808
1.8987357,1.8987357
0.0304335,0.0304335
1.4344814,1.4344814
3.457322,3.457322
-1.3233976,-1.3233976
2.6332544,2.6332544
0.423395,0.423395
-1.2575221,-1.2575221
0.6535944,0.6535944
6.4446431,6.4446431
1.1222326,1.1222326
14.7770453,-10.0
0.8064857,0.8064857
-0.024098,-0.024098
-0.6243477,-0.6243477
-1.4612675,-1.4612675
0.6745358,0.6745358
-0.6045648,-0.6045648
3.146216,3.146216
1.2941709,1.2941709
-0.5741313,-0.5741313
0.8299166,0.8299166
2.8527572,2.8527572
-1.9279624,-1.9279624
2.0286896,2.0286896
-0.1811698,-0.1811698
-1.8620869,-1.8620869
0.0490296,0.0490296
5.8400783,5.8400783
0.5176678,0.5176678
14.1724805,-10.0
0.2019209,0.2019209
-0.6286628,-0.6286628
-1.2289125,-1.2289125
-2.0658323,-2.0658323
0.069971,0.069971
-3.7507808,-3.7507808
-3.146216,-3.146216
-1.8520451,-1.8520451
-3.7203473,-3.7203473
-2.3162994,-2.3162994
-0.2934588,-0.2934588
-5.0741784,-5.0741784
-1.1175264,-1.1175264
-3.3273858,-3.3273858
-5.0083029,-5.0083029
-3.0971864,-3.0971864
2.6938623,2.6938623
-2.6285482,-2.6285482
11.0262645,-10.0
-2.9442951,-2.9442951
-3.7748788,-3.7748788
-4.3751285,-4.3751285
-5.2120483,-5.2120483
-3.076245,-3.076245
-1.8987357,-1.8987357
-1.2941709,-1.2941709
1.8520451,1.8520451
-1.8683022,-1.8683022
-0.4642543,-0.4642543
1.5585863,1.5585863
-3.2221333,-3.2221333
0.7345187,0.7345187
-1.4753407,-1.4753407
-3.1562578,-3.1562578
-1.2451413,-1.2451413
4.5459074,4.5459074
-0.7765031,-0.7765031
12.8783096,-10.0
-1.09225,-1.09225
-1.9228337,-1.9228337
-2.5230834,-2.5230834
-3.3600032,-3.3600032
-1.2241999,-1.2241999
-0.0304335,-0.0304335
0.5741313,0.5741313
3.7203473,3.7203473
1.8683022,1.8683022
1.4040479,1.4040479
3.4268885,3.4268885
-1.3538311,-1.3538311
2.6028209,2.6028209
0.3929615,0.3929615
-1.2879556,-1.2879556
0.6231609,0.6231609
6.4142096,6.4142096
1.0917991,1.0917991
14.7466118,-10.0
0.7760522,0.7760522
-0.0545315,-0.0545315
-0.6547812,-0.6547812
-1.491701,-1.491701
0.6441023,0.6441023
-1.4344814,-1.4344814
-0.8299166,-0.8299166
2.3162994,2.3162994
0.4642543,0.4642543
-1.4040479,-1.4040479
2.0228406,2.0228406
-2.757879,-2.757879
1.198773,1.198773
-1.0110864,-1.0110864
-2.6920035,-2.6920035
-0.780887,-0.780887
5.0101617,5.0101617
-0.3122488,-0.3122488
13.3425639,-10.0
-0.6279957,-0.6279957
-1.4585794,-1.4585794
-2.0588291,-2.0588291
-2.8957489,-2.8957489
-0.7599456,-0.7599456
-3.457322,-3.457322
-2.8527572,-2.8527572
0.2934588,0.2934588
-1.5585863,-1.5585863
-3.4268885,-3.4268885
-2.0228406,-2.0228406
-4.7807196,-4.7807196
-0.8240676,-0.8240676
-3.033927,-3.033927
-4.7148441,-4.7148441
-2.8037276,-2.8037276
2.9873211,2.9873211
-2.3350894,-2.3350894
11.3197233,-10.0
-2.6508363,-2.6508363
-3.48142,-3.48142
-4.0816697,-4.0816697
-4.9185895,-4.9185895
-2.7827862,-2.7827862
1.3233976,1.3233976
1.9279624,1.9279624
5.0741784,5.0741784
3.2221333,3.2221333
1.3538311,1.3538311
2.757879,2.757879
4.7807196,4.7807196
3.956652,3.956652
1.7467926,1.7467926
0.0658755,0.0658755
1.976992,1.976992
7.7680407,7.7680407
2.4456302,2.4456302
16.1004429,-10.0
2.1298833,2.1298833
1.2992996,1.2992996
0.6990499,0.6990499
-0.1378699,-0.1378699
1.9979334,1.9979334
-2.6332544,-2.6332544
-2.0286896,-2.0286896
1.1175264,1.1175264
-0.7345187,-0.7345187
-2.6028209,-2.6028209
-1.198773,-1.198773
0.8240676,0.8240676
-3.956652,-3.956652
-2.2098594,-2.2098594
-3.8907765,-3.8907765
-1.97966,-1.97966
3.8113887,3.8113887
-1.5110218,-1.5110218
12.1437909,-10.0
-1.8267687,-1.8267687
-2.6573524,-2.6573524
-3.2576021,-3.2576021
-4.0945219,-4.0945219
-1.9587186,-1.9587186
-0.423395,-0.423395
0.1811698,0.1811698
3.3273858,3.3273858
1.4753407,1.4753407
-0.3929615,-0.3929615
1.0110864,1.0110864
3.033927,3.033927
-1.7467926,-1.7467926
2.2098594,2.2098594
-1.6809171,-1.6809171
0.2301994,0.2301994
6.0212481,6.0212481
0.6988376,0.6988376
14.3536503,-10.0
0.3830907,0.3830907
-0.447493,-0.447493
-1.0477427,-1.0477427
-1.8846625,-1.8846625
0.2511408,0.2511408
1.2575221,1.2575221
1.8620869,1.8620869
5.0083029,5.0083029
3.1562578,3.1562578
1.2879556,1.2879556
2.6920035,2.6920035
4.7148441,4.7148441
-0.0658755,-0.0658755
3.8907765,3.8907765
1.6809171,1.6809171
1.9111165,1.9111165
7.7021652,7.7021652
2.3797547,2.3797547
16.0345674,-10.0
2.0640078,2.0640078
1.2334241,1.2334241
0.6331744,0.6331744
-0.2037454,-0.2037454
1.9320579,1.9320579
-0.6535944,-0.6535944
-0.0490296,-0.0490296
3.0971864,3.0971864
1.2451413,1.2451413
-0.6231609,-0.6231609
0.780887,0.780887
2.8037276,2.8037276
-1.976992,-1.976992
1.97966,1.97966
-0.2301994,-0.2301994
-1.9111165,-1.9111165
5.7910487,5.7910487
0.4686382,0.4686382
14.1234509,-10.0
0.1528913,0.1528913
-0.6776924,-0.6776924
-1.2779421,-1.2779421
-2.1148619,-2.1148619
0.0209414,0.0209414
-6.4446431,-6.4446431
-5.8400783,-5.8400783
-2.6938623,-2.6938623
-4.5459074,-4.5459074
-6.4142096,-6.4142096
-5.0101617,-5.0101617
-2.9873211,-2.9873211
-7.7680407,-7.7680407
-3.8113887,-3.8113887
-6.0212481,-6.0212481
-7.7021652,-7.7021652
-5.7910487,-5.7910487
-5.3224105,-5.3224105
8.3324022,8.3324022
-5.6381574,-5.6381574
-6.4687411,-6.4687411
-7.0689908,-7.0689908
-7.9059106,-7.9059106
-5.7701073,-5.7701073
-1.1222326,-1.1222326
-0.5176678,-0.5176678
2.6285482,2.6285482
0.7765031,0.7765031
-1.0917991,-1.0917991
0.3122488,0.3122488
2.3350894,2.3350894
-2.4456302,-2.4456302
1.5110218,1.5110218
-0.6988376,-0.6988376
-2.3797547,-2.3797547
-0.4686382,-0.4686382
5.3224105,5.3224105
13.6548127,-10.0
-0.3157469,-0.3157469
-1.1463306,-1.1463306
-1.7465803,-1.7465803
-2.5835001,-2.5835001
-0.4476968,-0.4476968
-14.7770453,-10.0
-14.1724805,-10.0
-11.0262645,-10.0
-12.8783096,-10.0
-14.7466118,-10.0
-13.3425639,-10.0
-11.3197233,-10.0
-16.1004429,-10.0
-12.1437909,-10.0
-14.3536503,-10.0
-16.0345674,-10.0
-14.1234509,-10.0
-8.3324022,-8.3324022
-13.6548127,-10.0
-13.9705596,-10.0
-14.8011433,-10.0
-15.401393,-10.0
-16.2383128,-10.0
-14.1025095,-10.0
-0.8064857,-0.8064857
-0.2019209,-0.2019209
2.9442951,2.9442951
1.09225,1.09225
-0.7760522,-0.7760522
0.6279957,0.6279957
2.6508363,2.6508363
-2.1298833,-2.1298833
1.8267687,1.8267687
-0.3830907,-0.3830907
-2.0640078,-2.0640078
-0.1528913,-0.1528913
5.6381574,5.6381574
0.3157469,0.3157469
13.9705596,-10.0
-0.8305837,-0.8305837
-1.4308334,-1.4308334
-2.2677532,-2.2677532
-0.1319499,-0.1319499
0.024098,0.024098
0.6286628,0.6286628
3.7748788,3.7748788
1.9228337,1.9228337
0.0545315,0.0545315
1.4585794,1.4585794
3.48142,3.48142
-1.2992996,-1.2992996
2.6573524,2.6573524
0.447493,0.447493
-1.2334241,-1.2334241
0.6776924,0.6776924
6.4687411,6.4687411
1.1463306,1.1463306
14.8011433,-10.0
0.8305837,0.8305837
-0.6002497,-0.6002497
-1.4371695,-1.4371695
0.6986338,0.6986338
0.6243477,0.6243477
1.2289125,1.2289125
4.3751285,4.3751285
2.5230834,2.5230834
0.6547812,0.6547812
2.0588291,2.0588291
4.0816697,4.0816697
-0.6990499,-0.6990499
3.2576021,3.2576021
1.0477427,1.0477427
-0.6331744,-0.6331744
1.2779421,1.2779421
7.0689908,7.0689908
1.7465803,1.7465803
15.401393,-10.0
1.4308334,1.4308334
0.6002497,0.6002497
-0.8369198,-0.8369198
1.2988835,1.2988835
1.4612675,1.4612675
2.0658323,2.0658323
5.2120483,5.2120483
3.3600032,3.3600032
1.491701,1.491701
2.8957489,2.8957489
4.9185895,4.9185895
0.1378699,0.1378699
4.0945219,4.0945219
1.8846625,1.8846625
0.2037454,0.2037454
2.1148619,2.1148619
7.9059106,7.9059106
2.5835001,2.5835001
16.2383128,-10.0
2.2677532,2.2677532
1.4371695,1.4371695
0.8369198,0.8369198
2.1358033,2.1358033
-0.6745358,-0.6745358
-0.069971,-0.069971
3.076245,3.076245
1.2241999,1.2241999
-0.6441023,-0.6441023
0.7599456,0.7599456
2.7827862,2.7827862
-1.9979334,-1.9979334
1.9587186,1.9587186
-0.2511408,-0.2511408
-1.9320579,-1.9320579
-0.0209414,-0.0209414
5.7701073,5.7701073
0.4476968,0.4476968
14.1025095,-10.0
0.1319499,0.1319499
-0.6986338,-0.6986338
-1.2988835,-1.2988835
-2.1358033,-2.1358033
0.7811908,0.7811908
15.0025488,-10.0
12.9034165,-10.0
-0.7328725,-0.7328725
1.5033078,1.5033078
13.0687689,-10.0
-1.3425413,-1.3425413
13.2124218,-10.0
-1.602911,-1.602911
-0.9058495,-0.9058495
13.2739641,-10.0
6.0541868,6.0541868
12.6273296,-10.0
3.9323253,3.9323253
1.6013574,1.6013574
-0.4645232,-0.4645232
-0.6473972,-0.6473972
-0.2838797,-0.2838797
9.6538061,9.6538061
-0.7811908,-0.7811908
14.221358,-10.0
12.1222257,-10.0
-1.5140633,-1.5140633
0.722117,0.722117
12.2875781,-10.0
-2.1237321,-2.1237321
12.431231,-10.0
-2.3841018,-2.3841018
-1.6870403,-1.6870403
12.4927733,-10.0
5.272996,5.272996
11.8461388,-10.0
3.1511345,3.1511345
0.8201666,0.8201666
-1.245714,-1.245714
-1.428588,-1.428588
-1.0650705,-1.0650705
8.8726153,8.8726153
-15.0025488,-10.0
-14.221358,-10.0
-2.0991323,-2.0991323
-15.7354213,-10.0
-13.499241,-10.0
-1.9337799,-1.9337799
-16.3450901,-10.0
-1.790127,-1.790127
-16.6054598,-10.0
-15.9083983,-10.0
-1.7285847,-1.7285847
-8.948362,-8.948362
-2.3752192,-2.3752192
-11.0702235,-10.0
-13.4011914,-10.0
-15.467072,-10.0
-15.649946,-10.0
-15.2864285,-10.0
-5.3487427,-5.3487427
-12.9034165,-10.0
-12.1222257,-10.0
2.0991323,2.0991323
-13.636289,-10.0
-11.4001087,-10.0
0.1653524,0.1653524
-14.2459578,-10.0
0.3090053,0.3090053
-14.5063275,-10.0
-13.809266,-10.0
0.3705476,0.3705476
-6.8492297,-6.8492297
-0.2760869,-0.2760869
-8.9710912,-8.9710912
-11.3020591,-10.0
-13.3679397,-10.0
-13.5508137,-10.0
-13.1872962,-10.0
-3.2496104,-3.2496104
0.7328725,0.7328725
1.5140633,1.5140633
15.7354213,-10.0
13.636289,-10.0
2.2361803,2.2361803
13.8016414,-10.0
-0.6096688,-0.6096688
13.9452943,-10.0
-0.8700385,-0.8700385
-0.172977,-0.172977
14.0068366,-10.0
6.7870593,6.7870593
13.3602021,-10.0
4.6651978,4.6651978
2.3342299,2.3342299
0.2683493,0.2683493
0.0854753,0.0854753
0.4489928,0.4489928
10.3866786,-10.0
-1.5033078,-1.5033078
-0.722117,-0.722117
13.499241,-10.0
11.4001087,-10.0
-2.2361803,-2.2361803
11.5654611,-10.0
-2.8458491,-2.8458491
11.709114,-10.0
-3.1062188,-3.1062188
-2.4091573,-2.4091573
11.7706563,-10.0
4.550879,4.550879
11.1240218,-10.0
2.4290175,2.4290175
0.0980496,0.0980496
-1.967831,-1.967831
-2.150705,-2.150705
-1.7871875,-1.7871875
8.1504983,8.1504983
-13.0687689,-10.0
-12.2875781,-10.0
1.9337799,1.9337799
-0.1653524,-0.1653524
-13.8016414,-10.0
-11.5654611,-10.0
-14.4113102,-10.0
0.1436529,0.1436529
-14.6716799,-10.0
-13.9746184,-10.0
0.2051952,0.2051952
-7.0145821,-7.0145821
-0.4414393,-0.4414393
-9.1364436,-9.1364436
-11.4674115,-10.0
-13.5332921,-10.0
-13.7161661,-10.0
-13.3526486,-10.0
-3.4149628,-3.4149628
1.3425413,1.3425413
2.1237321,2.1237321
16.3450901,-10.0
14.2459578,-10.0
0.6096688,0.6096688
2.8458491,2.8458491
14.4113102,-10.0
14.5549631,-10.0
-0.2603697,-0.2603697
0.4366918,0.4366918
14.6165054,-10.0
7.3967281,7.3967281
13.9698709,-10.0
5.2748666,5.2748666
2.9438987,2.9438987
0.8780181,0.8780181
0.6951441,0.6951441
1.0586616,1.0586616
10.9963474,-10.0
-13.2124218,-10.0
-12.431231,-10.0
1.790127,1.790127
-0.3090053,-0.3090053
-13.9452943,-10.0
-11.709114,-10.0
-0.1436529,-0.1436529
-14.5549631,-10.0
-14.8153328,-10.0
-14.1182713,-10.0
0.0615423,0.0615423
-7.158235,-7.158235
-0.5850922,-0.5850922
-9.2800965,-9.2800965
-11.6110644,-10.0
-13.676945,-10.0
-13.859819,-10.0
-13.4963015,-10.0
-3.5586157,-3.5586157
1.602911,1.602911
2.3841018,2.3841018
16.6054598,-10.0
14.5063275,-10.0
0.8700385,0.8700385
3.1062188,3.1062188
14.6716799,-10.0
0.2603697,0.2603697
14.8153328,-10.0
0.6970615,0.6970615
14.8768751,-10.0
7.6570978,7.6570978
14.2302406,-10.0
5.5352363,5.5352363
3.2042684,3.2042684
1.1383878,1.1383878
0.9555138,0.9555138
1.3190313,1.3190313
11.2567171,-10.0
0.9058495,0.9058495
1.6870403,1.6870403
15.9083983,-10.0
13.809266,-10.0
0.172977,0.172977
2.4091573,2.4091573
13.9746184,-10.0
-0.4366918,-0.4366918
14.1182713,-10.0
-0.6970615,-0.6970615
14.1798136,-10.0
6.9600363,6.9600363
13.5331791,-10.0
4.8381748,4.8381748
2.5072069,2.5072069
0.4413263,0.4413263
0.2584523,0.2584523
0.6219698,0.6219698
10.5596556,-10.0
-13.2739641,-10.0
-12.4927733,-10.0
1.7285847,1.7285847
-0.3705476,-0.3705476
-14.0068366,-10.0
-11.7706563,-10.0
-0.2051952,-0.2051952
-14.6165054,-10.0
-0.0615423,-0.0615423
-14.8768751,-10.0
-14.1798136,-10.0
-7.2197773,-7.2197773
-0.6466345,-0.6466345
-9.3416388,-9.3416388
-11.6726067,-10.0
-13.7384873,-10.0
-13.9213613,-10.0
-13.5578438,-10.0
-3.620158,-3.620158
-6.0541868,-6.0541868
-5.272996,-5.272996
8.948362,8.948362
6.8492297,6.8492297
-6.7870593,-6.7870593
-4.550879,-4.550879
7.0145821,7.0145821
-7.3967281,-7.3967281
7.158235,7.158235
-7.6570978,-7.6570978
-6.9600363,-6.9600363
7.2197773,7.2197773
6.5731428,6.5731428
-2.1218615,-2.1218615
-4.4528294,-4.4528294
-6.51871,-6.51871
-6.701584,-6.701584
-6.3380665,-6.3380665
3.5996193,3.5996193
-12.6273296,-10.0
-11.8461388,-10.0
2.3752192,2.3752192
0.2760869,0.2760869
-13.3602021,-10.0
-11.1240218,-10.0
0.4414393,0.4414393
-13.9698709,-10.0
0.5850922,0.5850922
-14.2302406,-10.0
-13.5331791,-10.0
0.6466345,0.6466345
-6.5731428,-6.5731428
-8.6950043,-8.6950043
-11.0259722,-10.0
-13.0918528,-10.0
-13.2747268,-10.0
-12.9112093,-10.0
-2.9735235,-2.9735235
-3.9323253,-3.9323253
-3.1511345,-3.1511345
11.0702235,-10.0
8.9710912,8.9710912
-4.6651978,-4.6651978
-2.4290175,-2.4290175
9.1364436,9.1364436
-5.2748666,-5.2748666
9.2800965,9.2800965
-5.5352363,-5.5352363
-4.8381748,-4.8381748
9.3416388,9.3416388
2.1218615,2.1218615
8.6950043,8.6950043
-2.3309679,-2.3309679
-4.3968485,-4.3968485
-4.5797225,-4.5797225
-4.216205,-4.216205
5.7214808,5.7214808
-1.6013574,-1.6013574
-0.8201666,-0.8201666
13.4011914,-10.0
11.3020591,-10.0
-2.3342299,-2.3342299
-0.0980496,-0.0980496
11.4674115,-10.0
-2.9438987,-2.9438987
11.6110644,-10.0
-3.2042684,-3.2042684
-2.5072069,-2.5072069
11.6726067,-10.0
4.4528294,4.4528294
11.0259722,-10.0
2.3309679,2.3309679
-2.0658806,-2.0658806
-2.2487546,-2.2487546
-1.8852371,-1.8852371
8.0524487,8.0524487
0.4645232,0.4645232
1.245714,1.245714
15.467072,-10.0
13.3679397,-10.0
-0.2683493,-0.2683493
1.967831,1.967831
13.5332921,-10.0
-0.8780181,-0.8780181
13.676945,-10.0
-1.1383878,-1.1383878
-0.4413263,-0.4413263
13.7384873,-10.0
6.51871,6.51871
13.0918528,-10.0
4.3968485,4.3968485
2.0658806,2.0658806
-0.182874,-0.182874
0.1806435,0.1806435
10.1183293,-10.0
0.6473972,0.6473972
1.428588,1.428588
15.649946,-10.0
13.5508137,-10.0
-0.0854753,-0.0854753
2.150705,2.150705
13.7161661,-10.0
-0.6951441,-0.6951441
13.859819,-10.0
-0.9555138,-0.9555138
-0.2584523,-0.2584523
13.9213613,-10.0
6.701584,6.701584
13.2747268,-10.0
4.5797225,4.5797225
2.2487546,2.2487546
0.182874,0.182874
0.3635175,0.3635175
10.3012033,-10.0
0.2838797,0.2838797
1.0650705,1.0650705
15.2864285,-10.0
13.1872962,-10.0
-0.4489928,-0.4489928
1.7871875,1.7871875
13.3526486,-10.0
-1.0586616,-1.0586616
13.4963015,-10.0
-1.3190313,-1.3190313
-0.6219698,-0.6219698
13.5578438,-10.0
6.3380665,6.3380665
12.9112093,-10.0
4.216205,4.216205
1.8852371,1.8852371
-0.1806435,-0.1806435
-0.3635175,-0.3635175
9.9376858,9.9376858
-9.6538061,-9.6538061
-8.8726153,-8.8726153
5.3487427,5.3487427
3.2496104,3.2496104
-10.3866786,-10.0
-8.1504983,-8.1504983
3.4149628,3.4149628
-10.9963474,-10.0
3.5586157,3.5586157
-11.2567171,-10.0
-10.5596556,-10.0
3.620158,3.620158
-3.5996193,-3.5996193
2.9735235,2.9735235
-5.7214808,-5.7214808
-8.0524487,-8.0524487
-10.1183293,-10.0
-10.3012033,-10.0
-9.9376858,-9.9376858
0.7980195,0.7980195
12.3263185,-10.0
15.459408,-10.0
0.3862129,0.3862129
0.28437,0.28437
19.9713072,-10.0
0.1236849,0.1236849
4.0786939,4.0786939
0.4519666,0.4519666
-0.008287,-0.008287
1.9953158,1.9953158
1.2545337,1.2545337
2.6657055,2.6657055
20.6336424,-10.0
0.1022332,0.1022332
0.6066624,0.6066624
-0.3663574,-0.3663574
0.3554583,0.3554583
1.2541761,1.2541761
-0.7980195,-0.7980195
11.528299,-10.0
14.6613885,-10.0
-0.4118066,-0.4118066
-0.5136495,-0.5136495
19.1732877,-10.0
-0.6743346,-0.6743346
3.2806744,3.2806744
-0.3460529,-0.3460529
-0.8063065,-0.8063065
1.1972963,1.1972963
0.4565142,0.4565142
1.867686,1.867686
19.8356229,-10.0
-0.6957863,-0.6957863
-0.1913571,-0.1913571
-1.1643769,-1.1643769
-0.4425612,-0.4425612
0.4561566,0.4561566
-12.3263185,-10.0
-11.528299,-10.0
3.1330895,3.1330895
-11.9401056,-10.0
-12.0419485,-10.0
7.6449887,7.6449887
-12.2026336,-10.0
-8.2476246,-8.2476246
-11.8743519,-10.0
-12.3346055,-10.0
-10.3310027,-10.0
-11.0717848,-10.0
-9.660613,-9.660613
8.3073239,8.3073239
-12.2240853,-10.0
-11.7196561,-10.0
-12.6926759,-10.0
-11.9708602,-10.0
-11.0721424,-10.0
-15.459408,-10.0
-14.6613885,-10.0
-3.1330895,-3.1330895
-15.0731951,-10.0
-15.175038,-10.0
4.5118992,4.5118992
-15.3357231,-10.0
-11.3807141,-10.0
-15.0074414,-10.0
-15.467695,-10.0
-13.4640922,-10.0
-14.2048743,-10.0
-12.7937025,-10.0
5.1742344,5.1742344
-15.3571748,-10.0
-14.8527456,-10.0
-15.8257654,-10.0
-15.1039497,-10.0
-14.2052319,-10.0
-0.3862129,-0.3862129
0.4118066,0.4118066
11.9401056,-10.0
15.0731951,-10.0
-0.1018429,-0.1018429
19.5850943,-10.0
-0.262528,-0.262528
3.692481,3.692481
0.0657537,0.0657537
-0.3944999,-0.3944999
1.6091029,1.6091029
0.8683208,0.8683208
2.2794926,2.2794926
20.2474295,-10.0
-0.2839797,-0.2839797
0.2204495,0.2204495
-0.7525703,-0.7525703
-0.0307546,-0.0307546
0.8679632,0.8679632
-0.28437,-0.28437
0.5136495,0.5136495
12.0419485,-10.0
15.175038,-10.0
0.1018429,0.1018429
19.6869372,-10.0
-0.1606851,-0.1606851
3.7943239,3.7943239
0.1675966,0.1675966
-0.292657,-0.292657
1.7109458,1.7109458
0.9701637,0.9701637
2.3813355,2.3813355
20.3492724,-10.0
-0.1821368,-0.1821368
0.3222924,0.3222924
-0.6507274,-0.6507274
0.0710883,0.0710883
0.9698061,0.9698061
-19.9713072,-10.0
-19.1732877,-10.0
-7.6449887,-7.6449887
-4.5118992,-4.5118992
-19.5850943,-10.0
-19.6869372,-10.0
-19.8476223,-10.0
-15.8926133,-10.0
-19.5193406,-10.0
-19.9795942,-10.0
-17.9759914,-10.0
-18.7167735,-10.0
-17.3056017,-10.0
0.6623352,0.6623352
-19.869074,-10.0
-19.3646448,-10.0
-20.3376646,-10.0
-19.6158489,-10.0
-18.7171311,-10.0
-0.1236849,-0.1236849
0.6743346,0.6743346
12.2026336,-10.0
15.3357231,-10.0
0.262528,0.262528
0.1606851,0.1606851
19.8476223,-10.0
3.955009,3.955009
0.3282817,0.3282817
-0.1319719,-0.1319719
1.8716309,1.8716309
1.1308488,1.1308488
2.5420206,2.5420206
20.5099575,-10.0
-0.0214517,-0.0214517
0.4829775,0.4829775
-0.4900423,-0.4900423
0.2317734,0.2317734
1.1304912,1.1304912
-4.0786939,-4.0786939
-3.2806744,-3.2806744
8.2476246,8.2476246
11.3807141,-10.0
-3.692481,-3.692481
-3.7943239,-3.7943239
15.8926133,-10.0
-3.955009,-3.955009
-3.6267273,-3.6267273
-4.0869809,-4.0869809
-2.0833781,-2.0833781
-2.8241602,-2.8241602
-1.4129884,-1.4129884
16.5549485,-10.0
-3.9764607,-3.9764607
-3.4720315,-3.4720315
-4.4450513,-4.4450513
-3.7232356,-3.7232356
-2.8245178,-2.8245178
-0.4519666,-0.4519666
0.3460529,0.3460529
11.8743519,-10.0
15.0074414,-10.0
-0.0657537,-0.0657537
-0.1675966,-0.1675966
19.5193406,-10.0
-0.3282817,-0.3282817
3.6267273,3.6267273
-0.4602536,-0.4602536
1.5433492,1.5433492
0.8025671,0.8025671
2.2137389,2.2137389
20.1816758,-10.0
-0.3497334,-0.3497334
0.1546958,0.1546958
-0.818324,-0.818324
-0.0965083,-0.0965083
0.8022095,0.8022095
0.008287,0.008287
0.8063065,0.8063065
12.3346055,-10.0
15.467695,-10.0
0.3944999,0.3944999
0.292657,0.292657
19.9795942,-10.0
0.1319719,0.1319719
4.0869809,4.0869809
0.4602536,0.4602536
2.0036028,2.0036028
1.2628207,1.2628207
2.6739925,2.6739925
20.6419294,-10.0
0.1105202,0.1105202
0.6149494,0.6149494
-0.3580704,-0.3580704
0.3637453,0.3637453
1.2624631,1.2624631
-1.9953158,-1.9953158
-1.1972963,-1.1972963
10.3310027,-10.0
13.4640922,-10.0
-1.6091029,-1.6091029
-1.7109458,-1.7109458
17.9759914,-10.0
-1.8716309,-1.8716309
2.0833781,2.0833781
-1.5433492,-1.5433492
-2.0036028,-2.0036028
-0.7407821,-0.7407821
0.6703897,0.6703897
18.6383266,-10.0
-1.8930826,-1.8930826
-1.3886534,-1.3886534
-2.3616732,-2.3616732
-1.6398575,-1.6398575
-0.7411397,-0.7411397
-1.2545337,-1.2545337
-0.4565142,-0.4565142
11.0717848,-10.0
14.2048743,-10.0
-0.8683208,-0.8683208
-0.9701637,-0.9701637
18.7167735,-10.0
-1.1308488,-1.1308488
2.8241602,2.8241602
-0.8025671,-0.8025671
-1.2628207,-1.2628207
0.7407821,0.7407821
1.4111718,1.4111718
19.3791087,-10.0
-1.1523005,-1.1523005
-0.6478713,-0.6478713
-1.6208911,-1.6208911
-0.8990754,-0.8990754
-0.0003576,-0.0003576
-2.6657055,-2.6657055
-1.867686,-1.867686
9.660613,9.660613
12.7937025,-10.0
-2.2794926,-2.2794926
-2.3813355,-2.3813355
17.3056017,-10.0
-2.5420206,-2.5420206
1.4129884,1.4129884
-2.2137389,-2.2137389
-2.6739925,-2.6739925
-0.6703897,-0.6703897
-1.4111718,-1.4111718
17.9679369,-10.0
-2.5634723,-2.5634723
-2.0590431,-2.0590431
-3.0320629,-3.0320629
-2.3102472,-2.3102472
-1.4115294,-1.4115294
-20.6336424,-10.0
-19.8356229,-10.0
-8.3073239,-8.3073239
-5.1742344,-5.1742344
-20.2474295,-10.0
-20.3492724,-10.0
-0.6623352,-0.6623352
-20.5099575,-10.0
-16.5549485,-10.0
-20.1816758,-10.0
-20.6419294,-10.0
-18.6383266,-10.0
-19.3791087,-10.0
-17.9679369,-10.0
-20.5314092,-10.0
-20.02698,-10.0
-20.9999998,-10.0
-20.2781841,-10.0
-19.3794663,-10.0
-0.1022332,-0.1022332
0.6957863,0.6957863
12.2240853,-10.0
15.3571748,-10.0
0.2839797,0.2839797
0.1821368,0.1821368
19.869074,-10.0
0.0214517,0.0214517
3.9764607,3.9764607
0.3497334,0.3497334
-0.1105202,-0.1105202
1.8930826,1.8930826
1.1523005,1.1523005
2.5634723,2.5634723
20.5314092,-10.0
0.5044292,0.5044292
-0.4685906,-0.4685906
0.2532251,0.2532251
1.1519429,1.1519429
-0.6066624,-0.6066624
0.1913571,0.1913571
11.7196561,-10.0
14.8527456,-10.0
-0.2204495,-0.2204495
-0.3222924,-0.3222924
19.3646448,-10.0
-0.4829775,-0.4829775
3.4720315,3.4720315
-0.1546958,-0.1546958
-0.6149494,-0.6149494
1.3886534,1.3886534
0.6478713,0.6478713
2.0590431,2.0590431
20.02698,-10.0
-0.5044292,-0.5044292
-0.9730198,-0.9730198
-0.2512041,-0.2512041
0.6475137,0.6475137
0.3663574,0.3663574
1.1643769,1.1643769
12.6926759,-10.0
15.8257654,-10.0
0.7525703,0.7525703
0.6507274,0.6507274
20.3376646,-10.0
0.4900423,0.4900423
4.4450513,4.4450513
0.818324,0.818324
0.3580704,0.3580704
2.3616732,2.3616732
1.6208911,1.6208911
3.0320629,3.0320629
20.9999998,-10.0
0.4685906,0.4685906
0.9730198,0.9730198
0.7218157,0.7218157
1.6205335,1.6205335
-0.3554583,-0.3554583
0.4425612,0.4425612
11.9708602,-10.0
15.1039497,-10.0
0.0307546,0.0307546
-0.0710883,-0.0710883
19.6158489,-10.0
-0.2317734,-0.2317734
3.7232356,3.7232356
0.0965083,0.0965083
-0.3637453,-0.3637453
1.6398575,1.6398575
0.8990754,0.8990754
2.3102472,2.3102472
20.2781841,-10.0
-0.2532251,-0.2532251
0.2512041,0.2512041
-0.7218157,-0.7218157
0.8987178,0.8987178
-1.2541761,-1.2541761
-0.4561566,-0.4561566
11.0721424,-10.0
14.2052319,-10.0
-0.8679632,-0.8679632
-0.9698061,-0.9698061
18.7171311,-10.0
-1.1304912,-1.1304912
2.8245178,2.8245178
-0.8022095,-0.8022095
-1.2624631,-1.2624631
0.7411397,0.7411397
0.0003576,0.0003576
1.4115294,1.4115294
19.3794663,-10.0
-1.1519429,-1.1519429
-0.6475137,-0.6475137
-1.6205335,-1.6205335
-0.8987178,-0.8987178
14.6573078,-10.0
-2.3900626,-2.3900626
-2.9616049,-2.9616049
-1.0494841,-1.0494841
-0.2328008,-0.2328008
0.0604913,0.0604913
-0.212373,-0.212373
-0.8045005,-0.8045005
1.0090946,1.0090946
-0.8674534,-0.8674534
-0.6836582,-0.6836582
1.693554,1.693554
0.0963668,0.0963668
1.3900163,1.3900163
-0.0538107,-0.0538107
0.9921234,0.9921234
15.1306984,-10.0
13.6454258,-10.0
-0.6159298,-0.6159298
-14.6573078,-10.0
-17.0473704,-10.0
-17.6189127,-10.0
-15.7067919,-10.0
-14.8901086,-10.0
-14.5968165,-10.0
-14.8696808,-10.0
-15.4618083,-10.0
-13.6482132,-10.0
-15.5247612,-10.0
-15.340966,-10.0
-12.9637538,-10.0
-14.560941,-10.0
-13.2672915,-10.0
-14.7111185,-10.0
-13.6651844,-10.0
0.4733906,0.4733906
-1.011882,-1.011882
-15.2732376,-10.0
2.3900626,2.3900626
17.0473704,-10.0
-0.5715423,-0.5715423
1.3405785,1.3405785
2.1572618,2.1572618
2.4505539,2.4505539
2.1776896,2.1776896
1.5855621,1.5855621
3.3991572,3.3991572
1.5226092,1.5226092
1.7064044,1.7064044
4.0836166,4.0836166
2.4864294,2.4864294
3.7800789,3.7800789
2.3362519,2.3362519
3.382186,3.382186
17.520761,-10.0
16.0354884,-10.0
1.7741328,1.7741328
2.9616049,2.9616049
17.6189127,-10.0
0.5715423,0.5715423
1.9121208,1.9121208
2.7288041,2.7288041
3.0220962,3.0220962
2.7492319,2.7492319
2.1571044,2.1571044
3.9706995,3.9706995
2.0941515,2.0941515
2.2779467,2.2779467
4.6551589,4.6551589
3.0579717,3.0579717
4.3516212,4.3516212
2.9077942,2.9077942
3.9537283,3.9537283
18.0923033,-10.0
16.6070307,-10.0
2.3456751,2.3456751
1.0494841,1.0494841
15.7067919,-10.0
-1.3405785,-1.3405785
-1.9121208,-1.9121208
0.8166833,0.8166833
1.1099754,1.1099754
0.8371111,0.8371111
0.2449836,0.2449836
2.0585787,2.0585787
0.1820307,0.1820307
0.3658259,0.3658259
2.7430381,2.7430381
1.1458509,1.1458509
2.4395004,2.4395004
0.9956734,0.9956734
2.0416075,2.0416075
16.1801825,-10.0
14.6949099,-10.0
0.4335543,0.4335543
0.2328008,0.2328008
14.8901086,-10.0
-2.1572618,-2.1572618
-2.7288041,-2.7288041
-0.8166833,-0.8166833
0.2932921,0.2932921
0.0204278,0.0204278
-0.5716997,-0.5716997
1.2418954,1.2418954
-0.6346526,-0.6346526
-0.4508574,-0.4508574
1.9263548,1.9263548
0.3291676,0.3291676
1.6228171,1.6228171
0.1789901,0.1789901
1.2249242,1.2249242
15.3634992,-10.0
13.8782266,-10.0
-0.383129,-0.383129
-0.0604913,-0.0604913
14.5968165,-10.0
-2.4505539,-2.4505539
-3.0220962,-3.0220962
-1.1099754,-1.1099754
-0.2932921,-0.2932921
-0.2728643,-0.2728643
-0.8649918,-0.8649918
0.9486033,0.9486033
-0.9279447,-0.9279447
-0.7441495,-0.7441495
1.6330627,1.6330627
0.0358755,0.0358755
1.329525,1.329525
-0.114302,-0.114302
0.9316321,0.9316321
15.0702071,-10.0
13.5849345,-10.0
-0.6764211,-0.6764211
0.212373,0.212373
14.8696808,-10.0
-2.1776896,-2.1776896
-2.7492319,-2.7492319
-0.8371111,-0.8371111
-0.0204278,-0.0204278
0.2728643,0.2728643
-0.5921275,-0.5921275
1.2214676,1.2214676
-0.6550804,-0.6550804
-0.4712852,-0.4712852
1.905927,1.905927
0.3087398,0.3087398
1.6023893,1.6023893
0.1585623,0.1585623
1.2044964,1.2044964
15.3430714,-10.0
13.8577988,-10.0
-0.4035568,-0.4035568
0.8045005,0.8045005
15.4618083,-10.0
-1.5855621,-1.5855621
-2.1571044,-2.1571044
-0.2449836,-0.2449836
0.5716997,0.5716997
0.8649918,0.8649918
0.5921275,0.5921275
1.8135951,1.8135951
-0.0629529,-0.0629529
0.1208423,0.1208423
2.4980545,2.4980545
0.9008673,0.9008673
2.1945168,2.1945168
0.7506898,0.7506898
1.7966239,1.7966239
15.9351989,-10.0
14.4499263,-10.0
0.1885707,0.1885707
-1.0090946,-1.0090946
13.6482132,-10.0
-3.3991572,-3.3991572
-3.9706995,-3.9706995
-2.0585787,-2.0585787
-1.2418954,-1.2418954
-0.9486033,-0.9486033
-1.2214676,-1.2214676
-1.8135951,-1.8135951
-1.876548,-1.876548
-1.6927528,-1.6927528
0.6844594,0.6844594
-0.9127278,-0.9127278
0.3809217,0.3809217
-1.0629053,-1.0629053
-0.0169712,-0.0169712
14.1216038,-10.0
12.6363312,-10.0
-1.6250244,-1.6250244
0.8674534,0.8674534
15.5247612,-10.0
-1.5226092,-1.5226092
-2.0941515,-2.0941515
-0.1820307,-0.1820307
0.6346526,0.6346526
0.9279447,0.9279447
0.6550804,0.6550804
0.0629529,0.0629529
1.876548,1.876548
0.1837952,0.1837952
2.5610074,2.5610074
0.9638202,0.9638202
2.2574697,2.2574697
0.8136427,0.8136427
1.8595768,1.8595768
15.9981518,-10.0
14.5128792,-10.0
0.2515236,0.2515236
0.6836582,0.6836582
15.340966,-10.0
-1.7064044,-1.7064044
-2.2779467,-2.2779467
-0.3658259,-0.3658259
0.4508574,0.4508574
0.7441495,0.7441495
0.4712852,0.4712852
-0.1208423,-0.1208423
1.6927528,1.6927528
-0.1837952,-0.1837952
2.3772122,2.3772122
0.780025,0.780025
2.0736745,2.0736745
0.6298475,0.6298475
1.6757816,1.6757816
15.8143566,-10.0
14.329084,-10.0
0.0677284,0.0677284
-1.693554,-1.693554
12.9637538,-10.0
-4.0836166,-4.0836166
-4.6551589,-4.6551589
-2.7430381,-2.7430381
-1.9263548,-1.9263548
-1.6330627,-1.6330627
-1.905927,-1.905927
-2.4980545,-2.4980545
-0.6844594,-0.6844594
-2.5610074,-2.5610074
-2.3772122,-2.3772122
-1.5971872,-1.5971872
-0.3035377,-0.3035377
-1.7473647,-1.7473647
-0.7014306,-0.7014306
13.4371444,-10.0
11.9518718,-10.0
-2.3094838,-2.3094838
-0.0963668,-0.0963668
14.560941,-10.0
-2.4864294,-2.4864294
-3.0579717,-3.0579717
-1.1458509,-1.1458509
-0.3291676,-0.3291676
-0.0358755,-0.0358755
-0.3087398,-0.3087398
-0.9008673,-0.9008673
0.9127278,0.9127278
-0.9638202,-0.9638202
-0.780025,-0.780025
1.5971872,1.5971872
1.2936495,1.2936495
-0.1501775,-0.1501775
0.8957566,0.8957566
15.0343316,-10.0
13.549059,-10.0
-0.7122966,-0.7122966
-1.3900163,-1.3900163
13.2672915,-10.0
-3.7800789,-3.7800789
-4.3516212,-4.3516212
-2.4395004,-2.4395004
-1.6228171,-1.6228171
-1.329525,-1.329525
-1.6023893,-1.6023893
-2.1945168,-2.1945168
-0.3809217,-0.3809217
-2.2574697,-2.2574697
-2.0736745,-2.0736745
0.3035377,0.3035377
-1.2936495,-1.2936495
-1.443827,-1.443827
-0.3978929,-0.3978929
13.7406821,-10.0
12.2554095,-10.0
-2.0059461,-2.0059461
0.0538107,0.0538107
14.7111185,-10.0
-2.3362519,-2.3362519
-2.9077942,-2.9077942
-0.9956734,-0.9956734
-0.1789901,-0.1789901
0.114302,0.114302
-0.1585623,-0.1585623
-0.7506898,-0.7506898
1.0629053,1.0629053
-0.8136427,-0.8136427
-0.6298475,-0.6298475
1.7473647,1.7473647
0.1501775,0.1501775
1.443827,1.443827
1.0459341,1.0459341
15.1845091,-10.0
13.6992365,-10.0
-0.5621191,-0.5621191
-0.9921234,-0.9921234
13.6651844,-10.0
-3.382186,-3.382186
-3.9537283,-3.9537283
-2.0416075,-2.0416075
-1.2249242,-1.2249242
-0.9316321,-0.9316321
-1.2044964,-1.2044964
-1.7966239,-1.7966239
0.0169712,0.0169712
-1.8595768,-1.8595768
-1.6757816,-1.6757816
0.7014306,0.7014306
-0.8957566,-0.8957566
0.3978929,0.3978929
-1.0459341,-1.0459341
14.138575,-10.0
12.6533024,-10.0
-1.6080532,-1.6080532
-15.1306984,-10.0
-0.4733906,-0.4733906
-17.520761,-10.0
-18.0923033,-10.0
-16.1801825,-10.0
-15.3634992,-10.0
-15.0702071,-10.0
-15.3430714,-10.0
-15.9351989,-10.0
-14.1216038,-10.0
-15.9981518,-10.0
-15.8143566,-10.0
-13.4371444,-10.0
-15.0343316,-10.0
-13.7406821,-10.0
-15.1845091,-10.0
-14.138575,-10.0
-1.4852726,-1.4852726
-15.7466282,-10.0
-13.6454258,-10.0
1.011882,1.011882
-16.0354884,-10.0
-16.6070307,-10.0
-14.6949099,-10.0
-13.8782266,-10.0
-13.5849345,-10.0
-13.8577988,-10.0
-14.4499263,-10.0
-12.6363312,-10.0
-14.5128792,-10.0
-14.329084,-10.0
-11.9518718,-10.0
-13.549059,-10.0
-12.2554095,-10.0
-13.6992365,-10.0
-12.6533024,-10.0
1.4852726,1.4852726
-14.2613556,-10.0
0.6159298,0.6159298
15.2732376,-10.0
-1.7741328,-1.7741328
-2.3456751,-2.3456751
-0.4335543,-0.4335543
0.383129,0.383129
0.6764211,0.6764211
0.4035568,0.4035568
-0.1885707,-0.1885707
1.6250244,1.6250244
-0.2515236,-0.2515236
-0.0677284,-0.0677284
2.3094838,2.3094838
0.7122966,0.7122966
2.0059461,2.0059461
0.5621191,0.5621191
1.6080532,1.6080532
15.7466282,-10.0
14.2613556,-10.0
4.6605828,4.6605828
15.639262,-10.0
15.2259505,-10.0
-1.2475941,-1.2475941
0.7916435,0.7916435
14.2017684,-10.0
-1.4917119,-1.4917119
3.8513277,3.8513277
-0.7962835,-0.7962835
-0.716036,-0.716036
1.3753884,1.3753884
4.5441405,4.5441405
1.9325268,1.9325268
15.3165416,-10.0
0.6211899,0.6211899
0.333845,0.333845
-0.2037536,-0.2037536
13.7886536,-10.0
0.2593786,0.2593786
-4.6605828,-4.6605828
10.9786792,-10.0
10.5653677,-10.0
-5.9081769,-5.9081769
-3.8689393,-3.8689393
9.5411856,9.5411856
-6.1522947,-6.1522947
-0.8092551,-0.8092551
-5.4568663,-5.4568663
-5.3766188,-5.3766188
-3.2851944,-3.2851944
-0.1164423,-0.1164423
-2.728056,-2.728056
10.6559588,-10.0
-4.0393929,-4.0393929
-4.3267378,-4.3267378
-4.8643364,-4.8643364
9.1280708,9.1280708
-4.4012042,-4.4012042
-15.639262,-10.0
-10.9786792,-10.0
-0.4133115,-0.4133115
-16.8868561,-10.0
-14.8476185,-10.0
-1.4374936,-1.4374936
-17.1309739,-10.0
-11.7879343,-10.0
-16.4355455,-10.0
-16.355298,-10.0
-14.2638736,-10.0
-11.0951215,-10.0
-13.7067352,-10.0
-0.3227204,-0.3227204
-15.0180721,-10.0
-15.305417,-10.0
-15.8430156,-10.0
-1.8506084,-1.8506084
-15.3798834,-10.0
-15.2259505,-10.0
-10.5653677,-10.0
0.4133115,0.4133115
-16.4735446,-10.0
-14.434307,-10.0
-1.0241821,-1.0241821
-16.7176624,-10.0
-11.3746228,-10.0
-16.022234,-10.0
-15.9419865,-10.0
-13.8505621,-10.0
-10.68181,-10.0
-13.2934237,-10.0
0.0905911,0.0905911
-14.6047606,-10.0
-14.8921055,-10.0
-15.4297041,-10.0
-1.4372969,-1.4372969
-14.9665719,-10.0
1.2475941,1.2475941
5.9081769,5.9081769
16.8868561,-10.0
16.4735446,-10.0
2.0392376,2.0392376
15.4493625,-10.0
-0.2441178,-0.2441178
5.0989218,5.0989218
0.4513106,0.4513106
0.5315581,0.5315581
2.6229825,2.6229825
5.7917346,5.7917346
3.1801209,3.1801209
16.5641357,-10.0
1.868784,1.868784
1.5814391,1.5814391
1.0438405,1.0438405
15.0362477,-10.0
1.5069727,1.5069727
-0.7916435,-0.7916435
3.8689393,3.8689393
14.8476185,-10.0
14.434307,-10.0
-2.0392376,-2.0392376
13.4101249,-10.0
-2.2833554,-2.2833554
3.0596842,3.0596842
-1.587927,-1.587927
-1.5076795,-1.5076795
0.5837449,0.5837449
3.752497,3.752497
1.1408833,1.1408833
14.5248981,-10.0
-0.1704536,-0.1704536
-0.4577985,-0.4577985
-0.9953971,-0.9953971
12.9970101,-10.0
-0.5322649,-0.5322649
-14.2017684,-10.0
-9.5411856,-9.5411856
1.4374936,1.4374936
1.0241821,1.0241821
-15.4493625,-10.0
-13.4101249,-10.0
-15.6934803,-10.0
-10.3504407,-10.0
-14.9980519,-10.0
-14.9178044,-10.0
-12.82638,-10.0
-9.6576279,-9.6576279
-12.2692416,-10.0
1.1147732,1.1147732
-13.5805785,-10.0
-13.8679234,-10.0
-14.405522,-10.0
-0.4131148,-0.4131148
-13.9423898,-10.0
1.4917119,1.4917119
6.1522947,6.1522947
17.1309739,-10.0
16.7176624,-10.0
0.2441178,0.2441178
2.2833554,2.2833554
15.6934803,-10.0
5.3430396,5.3430396
0.6954284,0.6954284
0.7756759,0.7756759
2.8671003,2.8671003
6.0358524,6.0358524
3.4242387,3.4242387
16.8082535,-10.0
2.1129018,2.1129018
1.8255569,1.8255569
1.2879583,1.2879583
15.2803655,-10.0
1.7510905,1.7510905
-3.8513277,-3.8513277
0.8092551,0.8092551
11.7879343,-10.0
11.3746228,-10.0
-5.0989218,-5.0989218
-3.0596842,-3.0596842
10.3504407,-10.0
-5.3430396,-5.3430396
-4.6476112,-4.6476112
-4.5673637,-4.5673637
-2.4759393,-2.4759393
0.6928128,0.6928128
-1.9188009,-1.9188009
11.4652139,-10.0
-3.2301378,-3.2301378
-3.5174827,-3.5174827
-4.0550813,-4.0550813
9.9373259,9.9373259
-3.5919491,-3.5919491
0.7962835,0.7962835
5.4568663,5.4568663
16.4355455,-10.0
16.022234,-10.0
-0.4513106,-0.4513106
1.587927,1.587927
14.9980519,-10.0
-0.6954284,-0.6954284
4.6476112,4.6476112
0.0802475,0.0802475
2.1716719,2.1716719
5.340424,5.340424
2.7288103,2.7288103
16.1128251,-10.0
1.4174734,1.4174734
1.1301285,1.1301285
0.5925299,0.5925299
14.5849371,-10.0
1.0556621,1.0556621
0.716036,0.716036
5.3766188,5.3766188
16.355298,-10.0
15.9419865,-10.0
-0.5315581,-0.5315581
1.5076795,1.5076795
14.9178044,-10.0
-0.7756759,-0.7756759
4.5673637,4.5673637
-0.0802475,-0.0802475
2.0914244,2.0914244
5.2601765,5.2601765
2.6485628,2.6485628
16.0325776,-10.0
1.3372259,1.3372259
1.049881,1.049881
0.5122824,0.5122824
14.5046896,-10.0
0.9754146,0.9754146
-1.3753884,-1.3753884
3.2851944,3.2851944
14.2638736,-10.0
13.8505621,-10.0
-2.6229825,-2.6229825
-0.5837449,-0.5837449
12.82638,-10.0
-2.8671003,-2.8671003
2.4759393,2.4759393
-2.1716719,-2.1716719
-2.0914244,-2.0914244
3.1687521,3.1687521
0.5571384,0.5571384
13.9411532,-10.0
-0.7541985,-0.7541985
-1.0415434,-1.0415434
-1.579142,-1.579142
12.4132652,-10.0
-1.1160098,-1.1160098
-4.5441405,-4.5441405
0.1164423,0.1164423
11.0951215,-10.0
10.68181,-10.0
-5.7917346,-5.7917346
-3.752497,-3.752497
9.6576279,9.6576279
-6.0358524,-6.0358524
-0.6928128,-0.6928128
-5.340424,-5.340424
-5.2601765,-5.2601765
-3.1687521,-3.1687521
-2.6116137,-2.6116137
10.7724011,-10.0
-3.9229506,-3.9229506
-4.2102955,-4.2102955
-4.7478941,-4.7478941
9.2445131,9.2445131
-4.2847619,-4.2847619
-1.9325268,-1.9325268
2.728056,2.728056
13.7067352,-10.0
13.2934237,-10.0
-3.1801209,-3.1801209
-1.1408833,-1.1408833
12.2692416,-10.0
-3.4242387,-3.4242387
1.9188009,1.9188009
-2.7288103,-2.7288103
-2.6485628,-2.6485628
-0.5571384,-0.5571384
2.6116137,2.6116137
13.3840148,-10.0
-1.3113369,-1.3113369
-1.5986818,-1.5986818
-2.1362804,-2.1362804
11.8561268,-10.0
-1.6731482,-1.6731482
-15.3165416,-10.0
-10.6559588,-10.0
0.3227204,0.3227204
-0.0905911,-0.0905911
-16.5641357,-10.0
-14.5248981,-10.0
-1.1147732,-1.1147732
-16.8082535,-10.0
-11.4652139,-10.0
-16.1128251,-10.0
-16.0325776,-10.0
-13.9411532,-10.0
-10.7724011,-10.0
-13.3840148,-10.0
-14.6953517,-10.0
-14.9826966,-10.0
-15.5202952,-10.0
-1.527888,-1.527888
-15.057163,-10.0
-0.6211899,-0.6211899
4.0393929,4.0393929
15.0180721,-10.0
14.6047606,-10.0
-1.868784,-1.868784
0.1704536,0.1704536
13.5805785,-10.0
-2.1129018,-2.1129018
3.2301378,3.2301378
-1.4174734,-1.4174734
-1.3372259,-1.3372259
0.7541985,0.7541985
3.9229506,3.9229506
1.3113369,1.3113369
14.6953517,-10.0
-0.2873449,-0.2873449
-0.8249435,-0.8249435
13.1674637,-10.0
-0.3618113,-0.3618113
-0.333845,-0.333845
4.3267378,4.3267378
15.305417,-10.0
14.8921055,-10.0
-1.5814391,-1.5814391
0.4577985,0.4577985
13.8679234,-10.0
-1.8255569,-1.8255569
3.5174827,3.5174827
-1.1301285,-1.1301285
-1.049881,-1.049881
1.0415434,1.0415434
4.2102955,4.2102955
1.5986818,1.5986818
14.9826966,-10.0
0.2873449,0.2873449
-0.5375986,-0.5375986
13.4548086,-10.0
-0.0744664,-0.0744664
0.2037536,0.2037536
4.8643364,4.8643364
15.8430156,-10.0
15.4297041,-10.0
-1.0438405,-1.0438405
0.9953971,0.9953971
14.405522,-10.0
-1.2879583,-1.2879583
4.0550813,4.0550813
-0.5925299,-0.5925299
-0.5122824,-0.5122824
1.579142,1.579142
4.7478941,4.7478941
2.1362804,2.1362804
15.5202952,-10.0
0.8249435,0.8249435
0.5375986,0.5375986
13.9924072,-10.0
0.4631322,0.4631322
-13.7886536,-10.0
-9.1280708,-9.1280708
1.8506084,1.8506084
1.4372969,1.4372969
-15.0362477,-10.0
-12.9970101,-10.0
0.4131148,0.4131148
-15.2803655,-10.0
-9.9373259,-9.9373259
-14.5849371,-10.0
-14.5046896,-10.0
-12.4132652,-10.0
-9.2445131,-9.2445131
-11.8561268,-10.0
1.527888,1.527888
-13.1674637,-10.0
-13.4548086,-10.0
-13.9924072,-10.0
-13.529275,-10.0
-0.2593786,-0.2593786
4.4012042,4.4012042
15.3798834,-10.0
14.9665719,-10.0
-1.5069727,-1.5069727
0.5322649,0.5322649
13.9423898,-10.0
-1.7510905,-1.7510905
3.5919491,3.5919491
-1.0556621,-1.0556621
-0.9754146,-0.9754146
1.1160098,1.1160098
4.2847619,4.2847619
1.6731482,1.6731482
15.057163,-10.0
0.3618113,0.3618113
0.0744664,0.0744664
-0.4631322,-0.4631322
13.529275,-10.0
0.0650808,0.0650808
8.4794542,8.4794542
10.2955086,-10.0
0.687823,0.687823
1.3647328,1.3647328
14.8222853,-10.0
-0.0303135,-0.0303135
12.5735235,-10.0
0.1308197,0.1308197
-0.1384192,-0.1384192
11.555065,-10.0
-2.2616938,-2.2616938
14.4441899,-10.0
14.7214198,-10.0
1.4698738,1.4698738
0.217258,0.217258
0.2678804,0.2678804
4.6580747,4.6580747
13.6223005,-10.0
-0.0650808,-0.0650808
8.4143734,8.4143734
10.2304278,-10.0
0.6227422,0.6227422
1.299652,1.299652
14.7572045,-10.0
-0.0953943,-0.0953943
12.5084427,-10.0
0.0657389,0.0657389
-0.2035,-0.2035
11.4899842,-10.0
-2.3267746,-2.3267746
14.3791091,-10.0
14.656339,-10.0
1.404793,1.404793
0.1521772,0.1521772
0.2027996,0.2027996
4.5929939,4.5929939
13.5572197,-10.0
-8.4794542,-8.4794542
-8.4143734,-8.4143734
1.8160544,1.8160544
-7.7916312,-7.7916312
-7.1147214,-7.1147214
6.3428311,6.3428311
-8.5097677,-8.5097677
4.0940693,4.0940693
-8.3486345,-8.3486345
-8.6178734,-8.6178734
3.0756108,3.0756108
-10.741148,-10.0
5.9647357,5.9647357
6.2419656,6.2419656
-7.0095804,-7.0095804
-8.2621962,-8.2621962
-8.2115738,-8.2115738
-3.8213795,-3.8213795
5.1428463,5.1428463
-10.2955086,-10.0
-10.2304278,-10.0
-1.8160544,-1.8160544
-9.6076856,-9.6076856
-8.9307758,-8.9307758
4.5267767,4.5267767
-10.3258221,-10.0
2.2780149,2.2780149
-10.1646889,-10.0
-10.4339278,-10.0
1.2595564,1.2595564
-12.5572024,-10.0
4.1486813,4.1486813
4.4259112,4.4259112
-8.8256348,-8.8256348
-10.0782506,-10.0
-10.0276282,-10.0
-5.6374339,-5.6374339
3.3267919,3.3267919
-0.687823,-0.687823
-0.6227422,-0.6227422
7.7916312,7.7916312
9.6076856,9.6076856
0.6769098,0.6769098
14.1344623,-10.0
-0.7181365,-0.7181365
11.8857005,-10.0
-0.5570033,-0.5570033
-0.8262422,-0.8262422
10.867242,-10.0
-2.9495168,-2.9495168
13.7563669,-10.0
14.0335968,-10.0
0.7820508,0.7820508
-0.470565,-0.470565
-0.4199426,-0.4199426
3.9702517,3.9702517
12.9344775,-10.0
-1.3647328,-1.3647328
-1.299652,-1.299652
7.1147214,7.1147214
8.9307758,8.9307758
-0.6769098,-0.6769098
13.4575525,-10.0
-1.3950463,-1.3950463
11.2087907,-10.0
-1.2339131,-1.2339131
-1.503152,-1.503152
10.1903322,-10.0
-3.6264266,-3.6264266
13.0794571,-10.0
13.356687,-10.0
0.105141,0.105141
-1.1474748,-1.1474748
-1.0968524,-1.0968524
3.2933419,3.2933419
12.2575677,-10.0
-14.8222853,-10.0
-14.7572045,-10.0
-6.3428311,-6.3428311
-4.5267767,-4.5267767
-14.1344623,-10.0
-13.4575525,-10.0
-14.8525988,-10.0
-2.2487618,-2.2487618
-14.6914656,-10.0
-14.9607045,-10.0
-3.2672203,-3.2672203
-17.0839791,-10.0
-0.3780954,-0.3780954
-0.1008655,-0.1008655
-13.3524115,-10.0
-14.6050273,-10.0
-14.5544049,-10.0
-10.1642106,-10.0
-1.1999848,-1.1999848
0.0303135,0.0303135
0.0953943,0.0953943
8.5097677,8.5097677
10.3258221,-10.0
0.7181365,0.7181365
1.3950463,1.3950463
14.8525988,-10.0
12.603837,-10.0
0.1611332,0.1611332
-0.1081057,-0.1081057
11.5853785,-10.0
-2.2313803,-2.2313803
14.4745034,-10.0
14.7517333,-10.0
1.5001873,1.5001873
0.2475715,0.2475715
0.2981939,0.2981939
4.6883882,4.6883882
13.652614,-10.0
-12.5735235,-10.0
-12.5084427,-10.0
-4.0940693,-4.0940693
-2.2780149,-2.2780149
-11.8857005,-10.0
-11.2087907,-10.0
2.2487618,2.2487618
-12.603837,-10.0
-12.4427038,-10.0
-12.7119427,-10.0
-1.0184585,-1.0184585
-14.8352173,-10.0
1.8706664,1.8706664
2.1478963,2.1478963
-11.1036497,-10.0
-12.3562655,-10.0
-12.3056431,-10.0
-7.9154488,-7.9154488
1.048777,1.048777
-0.1308197,-0.1308197
-0.0657389,-0.0657389
8.3486345,8.3486345
10.1646889,-10.0
0.5570033,0.5570033
1.2339131,1.2339131
14.6914656,-10.0
-0.1611332,-0.1611332
12.4427038,-10.0
-0.2692389,-0.2692389
11.4242453,-10.0
-2.3925135,-2.3925135
14.3133702,-10.0
14.5906001,-10.0
1.3390541,1.3390541
0.0864383,0.0864383
0.1370607,0.1370607
4.527255,4.527255
13.4914808,-10.0
0.1384192,0.1384192
0.2035,0.2035
8.6178734,8.6178734
10.4339278,-10.0
0.8262422,0.8262422
1.503152,1.503152
14.9607045,-10.0
0.1081057,0.1081057
12.7119427,-10.0
0.2692389,0.2692389
11.6934842,-10.0
-2.1232746,-2.1232746
14.5826091,-10.0
14.859839,-10.0
1.608293,1.608293
0.3556772,0.3556772
0.4062996,0.4062996
4.7964939,4.7964939
13.7607197,-10.0
-11.555065,-10.0
-11.4899842,-10.0
-3.0756108,-3.0756108
-1.2595564,-1.2595564
-10.867242,-10.0
-10.1903322,-10.0
3.2672203,3.2672203
-11.5853785,-10.0
1.0184585,1.0184585
-11.4242453,-10.0
-11.6934842,-10.0
-13.8167588,-10.0
2.8891249,2.8891249
3.1663548,3.1663548
-10.0851912,-10.0
-11.337807,-10.0
-11.2871846,-10.0
-6.8969903,-6.8969903
2.0672355,2.0672355
2.2616938,2.2616938
2.3267746,2.3267746
10.741148,-10.0
12.5572024,-10.0
2.9495168,2.9495168
3.6264266,3.6264266
17.0839791,-10.0
2.2313803,2.2313803
14.8352173,-10.0
2.3925135,2.3925135
2.1232746,2.1232746
13.8167588,-10.0
16.7058837,-10.0
16.9831136,-10.0
3.7315676,3.7315676
2.4789518,2.4789518
2.5295742,2.5295742
6.9197685,6.9197685
15.8839943,-10.0
-14.4441899,-10.0
-14.3791091,-10.0
-5.9647357,-5.9647357
-4.1486813,-4.1486813
-13.7563669,-10.0
-13.0794571,-10.0
0.3780954,0.3780954
-14.4745034,-10.0
-1.8706664,-1.8706664
-14.3133702,-10.0
-14.5826091,-10.0
-2.8891249,-2.8891249
-16.7058837,-10.0
0.2772299,0.2772299
-12.9743161,-10.0
-14.2269319,-10.0
-14.1763095,-10.0
-9.7861152,-9.7861152
-0.8218894,-0.8218894
-14.7214198,-10.0
-14.656339,-10.0
-6.2419656,-6.2419656
-4.4259112,-4.4259112
-14.0335968,-10.0
-13.356687,-10.0
0.1008655,0.1008655
-14.7517333,-10.0
-2.1478963,-2.1478963
-14.5906001,-10.0
-14.859839,-10.0
-3.1663548,-3.1663548
-16.9831136,-10.0
-0.2772299,-0.2772299
-13.251546,-10.0
-14.5041618,-10.0
-14.4535394,-10.0
-10.0633451,-10.0
-1.0991193,-1.0991193
-1.4698738,-1.4698738
-1.404793,-1.404793
7.0095804,7.0095804
8.8256348,8.8256348
-0.7820508,-0.7820508
-0.105141,-0.105141
13.3524115,-10.0
-1.5001873,-1.5001873
11.1036497,-10.0
-1.3390541,-1.3390541
-1.608293,-1.608293
10.0851912,-10.0
-3.7315676,-3.7315676
12.9743161,-10.0
13.251546,-10.0
-1.2526158,-1.2526158
-1.2019934,-1.2019934
3.1882009,3.1882009
12.1524267,-10.0
-0.217258,-0.217258
-0.1521772,-0.1521772
8.2621962,8.2621962
10.0782506,-10.0
0.470565,0.470565
1.1474748,1.1474748
14.6050273,-10.0
-0.2475715,-0.2475715
12.3562655,-10.0
-0.0864383,-0.0864383
-0.3556772,-0.3556772
11.337807,-10.0
-2.4789518,-2.4789518
14.2269319,-10.0
14.5041618,-10.0
1.2526158,1.2526158
0.0506224,0.0506224
4.4408167,4.4408167
13.4050425,-10.0
-0.2678804,-0.2678804
-0.2027996,-0.2027996
8.2115738,8.2115738
10.0276282,-10.0
0.4199426,0.4199426
1.0968524,1.0968524
14.5544049,-10.0
-0.2981939,-0.2981939
12.3056431,-10.0
-0.1370607,-0.1370607
-0.4062996,-0.4062996
11.2871846,-10.0
-2.5295742,-2.5295742
14.1763095,-10.0
14.4535394,-10.0
1.2019934,1.2019934
-0.0506224,-0.0506224
4.3901943,4.3901943
13.3544201,-10.0
-4.6580747,-4.6580747
-4.5929939,-4.5929939
3.8213795,3.8213795
5.6374339,5.6374339
-3.9702517,-3.9702517
-3.2933419,-3.2933419
10.1642106,-10.0
-4.6883882,-4.6883882
7.9154488,7.9154488
-4.527255,-4.527255
-4.7964939,-4.7964939
6.8969903,6.8969903
-6.9197685,-6.9197685
9.7861152,9.7861152
10.0633451,-10.0
-3.1882009,-3.1882009
-4.4408167,-4.4408167
-4.3901943,-4.3901943
8.9642258,8.9642258
-13.6223005,-10.0
-13.5572197,-10.0
-5.1428463,-5.1428463
-3.3267919,-3.3267919
-12.9344775,-10.0
-12.2575677,-10.0
1.1999848,1.1999848
-13.652614,-10.0
-1.048777,-1.048777
-13.4914808,-10.0
-13.7607197,-10.0
-2.0672355,-2.0672355
-15.8839943,-10.0
0.8218894,0.8218894
1.0991193,1.0991193
-12.1524267,-10.0
-13.4050425,-10.0
-13.3544201,-10.0
-8.9642258,-8.9642258
14.0813449,-10.0
2.8282556,2.8282556
13.5224486,-10.0
-2.3297631,-2.3297631
0.2725238,0.2725238
-0.856031,-0.856031
-2.4567123,-2.4567123
-2.1865524,-2.1865524
-1.8145751,-1.8145751
-2.5353868,-2.5353868
1.0621149,1.0621149
0.4143032,0.4143032
-1.3125036,-1.3125036
-1.4202398,-1.4202398
0.0221499,0.0221499
-0.088685,-0.088685
-1.7105251,-1.7105251
-4.1734059,-4.1734059
-3.1413535,-3.1413535
-14.0813449,-10.0
-11.2530893,-10.0
-0.5588963,-0.5588963
-16.411108,-10.0
-13.8088211,-10.0
-14.9373759,-10.0
-16.5380572,-10.0
-16.2678973,-10.0
-15.89592,-10.0
-16.6167317,-10.0
-13.01923,-10.0
-13.6670417,-10.0
-15.3938485,-10.0
-15.5015847,-10.0
-14.059195,-10.0
-14.1700299,-10.0
-15.79187,-10.0
-18.2547508,-10.0
-17.2226984,-10.0
-2.8282556,-2.8282556
11.2530893,-10.0
10.694193,-10.0
-5.1580187,-5.1580187
-2.5557318,-2.5557318
-3.6842866,-3.6842866
-5.2849679,-5.2849679
-5.014808,-5.014808
-4.6428307,-4.6428307
-5.3636424,-5.3636424
-1.7661407,-1.7661407
-2.4139524,-2.4139524
-4.1407592,-4.1407592
-4.2484954,-4.2484954
-2.8061057,-2.8061057
-2.9169406,-2.9169406
-4.5387807,-4.5387807
-7.0016615,-7.0016615
-5.9696091,-5.9696091
-13.5224486,-10.0
0.5588963,0.5588963
-10.694193,-10.0
-15.8522117,-10.0
-13.2499248,-10.0
-14.3784796,-10.0
-15.9791609,-10.0
-15.709001,-10.0
-15.3370237,-10.0
-16.0578354,-10.0
-12.4603337,-10.0
-13.1081454,-10.0
-14.8349522,-10.0
-14.9426884,-10.0
-13.5002987,-10.0
-13.6111336,-10.0
-15.2329737,-10.0
-17.6958545,-10.0
-16.6638021,-10.0
2.3297631,2.3297631
16.411108,-10.0
5.1580187,5.1580187
15.8522117,-10.0
2.6022869,2.6022869
1.4737321,1.4737321
-0.1269492,-0.1269492
0.1432107,0.1432107
0.515188,0.515188
-0.2056237,-0.2056237
3.391878,3.391878
2.7440663,2.7440663
1.0172595,1.0172595
0.9095233,0.9095233
2.351913,2.351913
2.2410781,2.2410781
0.619238,0.619238
-1.8436428,-1.8436428
-0.8115904,-0.8115904
-0.2725238,-0.2725238
13.8088211,-10.0
2.5557318,2.5557318
13.2499248,-10.0
-2.6022869,-2.6022869
-1.1285548,-1.1285548
-2.7292361,-2.7292361
-2.4590762,-2.4590762
-2.0870989,-2.0870989
-2.8079106,-2.8079106
0.7895911,0.7895911
0.1417794,0.1417794
-1.5850274,-1.5850274
-1.6927636,-1.6927636
-0.2503739,-0.2503739
-0.3612088,-0.3612088
-1.9830489,-1.9830489
-4.4459297,-4.4459297
-3.4138773,-3.4138773
0.856031,0.856031
14.9373759,-10.0
3.6842866,3.6842866
14.3784796,-10.0
-1.4737321,-1.4737321
1.1285548,1.1285548
-1.6006813,-1.6006813
-1.3305214,-1.3305214
-0.9585441,-0.9585441
-1.6793558,-1.6793558
1.9181459,1.9181459
1.2703342,1.2703342
-0.4564726,-0.4564726
-0.5642088,-0.5642088
0.8781809,0.8781809
0.767346,0.767346
-0.8544941,-0.8544941
-3.3173749,-3.3173749
-2.2853225,-2.2853225
2.4567123,2.4567123
16.5380572,-10.0
5.2849679,5.2849679
15.9791609,-10.0
0.1269492,0.1269492
2.7292361,2.7292361
1.6006813,1.6006813
0.2701599,0.2701599
0.6421372,0.6421372
-0.0786745,-0.0786745
3.5188272,3.5188272
2.8710155,2.8710155
1.1442087,1.1442087
1.0364725,1.0364725
2.4788622,2.4788622
2.3680273,2.3680273
0.7461872,0.7461872
-1.7166936,-1.7166936
-0.6846412,-0.6846412
2.1865524,2.1865524
16.2678973,-10.0
5.014808,5.014808
15.709001,-10.0
-0.1432107,-0.1432107
2.4590762,2.4590762
1.3305214,1.3305214
-0.2701599,-0.2701599
0.3719773,0.3719773
-0.3488344,-0.3488344
3.2486673,3.2486673
2.6008556,2.6008556
0.8740488,0.8740488
0.7663126,0.7663126
2.2087023,2.2087023
2.0978674,2.0978674
0.4760273,0.4760273
-1.9868535,-1.9868535
-0.9548011,-0.9548011
1.8145751,1.8145751
15.89592,-10.0
4.6428307,4.6428307
15.3370237,-10.0
-0.515188,-0.515188
2.0870989,2.0870989
0.9585441,0.9585441
-0.6421372,-0.6421372
-0.3719773,-0.3719773
-0.7208117,-0.7208117
2.87669,2.87669
2.2288783,2.2288783
0.5020715,0.5020715
0.3943353,0.3943353
1.836725,1.836725
1.7258901,1.7258901
0.10405,0.10405
-2.3588308,-2.3588308
-1.3267784,-1.3267784
2.5353868,2.5353868
16.6167317,-10.0
5.3636424,5.3636424
16.0578354,-10.0
0.2056237,0.2056237
2.8079106,2.8079106
1.6793558,1.6793558
0.0786745,0.0786745
0.3488344,0.3488344
0.7208117,0.7208117
3.5975017,3.5975017
2.94969,2.94969
1.2228832,1.2228832
1.115147,1.115147
2.5575367,2.5575367
2.4467018,2.4467018
0.8248617,0.8248617
-1.6380191,-1.6380191
-0.6059667,-0.6059667
-1.0621149,-1.0621149
13.01923,-10.0
1.7661407,1.7661407
12.4603337,-10.0
-3.391878,-3.391878
-0.7895911,-0.7895911
-1.9181459,-1.9181459
-3.5188272,-3.5188272
-3.2486673,-3.2486673
-2.87669,-2.87669
-3.5975017,-3.5975017
-0.6478117,-0.6478117
-2.3746185,-2.3746185
-2.4823547,-2.4823547
-1.039965,-1.039965
-1.1507999,-1.1507999
-2.77264,-2.77264
-5.2355208,-5.2355208
-4.2034684,-4.2034684
-0.4143032,-0.4143032
13.6670417,-10.0
2.4139524,2.4139524
13.1081454,-10.0
-2.7440663,-2.7440663
-0.1417794,-0.1417794
-1.2703342,-1.2703342
-2.8710155,-2.8710155
-2.6008556,-2.6008556
-2.2288783,-2.2288783
-2.94969,-2.94969
0.6478117,0.6478117
-1.7268068,-1.7268068
-1.834543,-1.834543
-0.3921533,-0.3921533
-0.5029882,-0.5029882
-2.1248283,-2.1248283
-4.5877091,-4.5877091
-3.5556567,-3.5556567
1.3125036,1.3125036
15.3938485,-10.0
4.1407592,4.1407592
14.8349522,-10.0
-1.0172595,-1.0172595
1.5850274,1.5850274
0.4564726,0.4564726
-1.1442087,-1.1442087
-0.8740488,-0.8740488
-0.5020715,-0.5020715
-1.2228832,-1.2228832
2.3746185,2.3746185
1.7268068,1.7268068
-0.1077362,-0.1077362
1.3346535,1.3346535
1.2238186,1.2238186
-0.3980215,-0.3980215
-2.8609023,-2.8609023
-1.8288499,-1.8288499
1.4202398,1.4202398
15.5015847,-10.0
4.2484954,4.2484954
14.9426884,-10.0
-0.9095233,-0.9095233
1.6927636,1.6927636
0.5642088,0.5642088
-1.0364725,-1.0364725
-0.7663126,-0.7663126
-0.3943353,-0.3943353
-1.115147,-1.115147
2.4823547,2.4823547
1.834543,1.834543
0.1077362,0.1077362
1.4423897,1.4423897
1.3315548,1.3315548
-0.2902853,-0.2902853
-2.7531661,-2.7531661
-1.7211137,-1.7211137
-0.0221499,-0.0221499
14.059195,-10.0
2.8061057,2.8061057
13.5002987,-10.0
-2.351913,-2.351913
0.2503739,0.2503739
-0.8781809,-0.8781809
-2.4788622,-2.4788622
-2.2087023,-2.2087023
-1.836725,-1.836725
-2.5575367,-2.5575367
1.039965,1.039965
0.3921533,0.3921533
-1.3346535,-1.3346535
-1.4423897,-1.4423897
-0.1108349,-0.1108349
-1.732675,-1.732675
-4.1955558,-4.1955558
-3.1635034,-3.1635034
0.088685,0.088685
14.1700299,-10.0
2.9169406,2.9169406
13.6111336,-10.0
-2.2410781,-2.2410781
0.3612088,0.3612088
-0.767346,-0.767346
-2.3680273,-2.3680273
-2.0978674,-2.0978674
-1.7258901,-1.7258901
-2.4467018,-2.4467018
1.1507999,1.1507999
0.5029882,0.5029882
-1.2238186,-1.2238186
-1.3315548,-1.3315548
0.1108349,0.1108349
-1.6218401,-1.6218401
-4.0847209,-4.0847209
-3.0526685,-3.0526685
1.7105251,1.7105251
15.79187,-10.0
4.5387807,4.5387807
15.2329737,-10.0
-0.619238,-0.619238
1.9830489,1.9830489
0.8544941,0.8544941
-0.7461872,-0.7461872
-0.4760273,-0.4760273
-0.10405,-0.10405
-0.8248617,-0.8248617
2.77264,2.77264
2.1248283,2.1248283
0.3980215,0.3980215
0.2902853,0.2902853
1.732675,1.732675
1.6218401,1.6218401
-2.4628808,-2.4628808
-1.4308284,-1.4308284
4.1734059,4.1734059
18.2547508,-10.0
7.0016615,7.0016615
17.6958545,-10.0
1.8436428,1.8436428
4.4459297,4.4459297
3.3173749,3.3173749
1.7166936,1.7166936
1.9868535,1.9868535
2.3588308,2.3588308
1.6380191,1.6380191
5.2355208,5.2355208
4.5877091,4.5877091
2.8609023,2.8609023
2.7531661,2.7531661
4.1955558,4.1955558
4.0847209,4.0847209
2.4628808,2.4628808
1.0320524,1.0320524
3.1413535,3.1413535
17.2226984,-10.0
5.9696091,5.9696091
16.6638021,-10.0
0.8115904,0.8115904
3.4138773,3.4138773
2.2853225,2.2853225
0.6846412,0.6846412
0.9548011,0.9548011
1.3267784,1.3267784
0.6059667,0.6059667
4.2034684,4.2034684
3.5556567,3.5556567
1.8288499,1.8288499
1.7211137,1.7211137
3.1635034,3.1635034
3.0526685,3.0526685
1.4308284,1.4308284
-1.0320524,-1.0320524
3.0020311,3.0020311
2.7380511,2.7380511
0.4204761,0.4204761
0.656934,0.656934
0.1667115,0.1667115
1.4395393,1.4395393
0.1664089,0.1664089
-0.4532326,-0.4532326
0.7827996,0.7827996
-0.0954843,-0.0954843
-0.8355197,-0.8355197
15.4610504,-10.0
-0.1113164,-0.1113164
2.3471095,2.3471095
-0.3352311,-0.3352311
0.5342696,0.5342696
0.7528173,0.7528173
11.7467876,-10.0
0.6972463,0.6972463
-3.0020311,-3.0020311
-0.26398,-0.26398
-2.581555,-2.581555
-2.3450971,-2.3450971
-2.8353196,-2.8353196
-1.5624918,-1.5624918
-2.8356222,-2.8356222
-3.4552637,-3.4552637
-2.2192315,-2.2192315
-3.0975154,-3.0975154
-3.8375508,-3.8375508
12.4590193,-10.0
-3.1133475,-3.1133475
-0.6549216,-0.6549216
-3.3372622,-3.3372622
-2.4677615,-2.4677615
-2.2492138,-2.2492138
8.7447565,8.7447565
-2.3047848,-2.3047848
-2.7380511,-2.7380511
0.26398,0.26398
-2.317575,-2.317575
-2.0811171,-2.0811171
-2.5713396,-2.5713396
-1.2985118,-1.2985118
-2.5716422,-2.5716422
-3.1912837,-3.1912837
-1.9552515,-1.9552515
-2.8335354,-2.8335354
-3.5735708,-3.5735708
12.7229993,-10.0
-2.8493675,-2.8493675
-0.3909416,-0.3909416
-3.0732822,-3.0732822
-2.2037815,-2.2037815
-1.9852338,-1.9852338
9.0087365,9.0087365
-2.0408048,-2.0408048
-0.4204761,-0.4204761
2.581555,2.581555
2.317575,2.317575
0.2364579,0.2364579
-0.2537646,-0.2537646
1.0190632,1.0190632
-0.2540672,-0.2540672
-0.8737087,-0.8737087
0.3623235,0.3623235
-0.5159604,-0.5159604
-1.2559958,-1.2559958
15.0405743,-10.0
-0.5317925,-0.5317925
1.9266334,1.9266334
-0.7557072,-0.7557072
0.1137935,0.1137935
0.3323412,0.3323412
11.3263115,-10.0
0.2767702,0.2767702
-0.656934,-0.656934
2.3450971,2.3450971
2.0811171,2.0811171
-0.2364579,-0.2364579
-0.4902225,-0.4902225
0.7826053,0.7826053
-0.4905251,-0.4905251
-1.1101666,-1.1101666
0.1258656,0.1258656
-0.7524183,-0.7524183
-1.4924537,-1.4924537
14.8041164,-10.0
-0.7682504,-0.7682504
1.6901755,1.6901755
-0.9921651,-0.9921651
-0.1226644,-0.1226644
0.0958833,0.0958833
11.0898536,-10.0
0.0403123,0.0403123
-0.1667115,-0.1667115
2.8353196,2.8353196
2.5713396,2.5713396
0.2537646,0.2537646
0.4902225,0.4902225
1.2728278,1.2728278
-0.0003026,-0.0003026
-0.6199441,-0.6199441
0.6160881,0.6160881
-0.2621958,-0.2621958
-1.0022312,-1.0022312
15.2943389,-10.0
-0.2780279,-0.2780279
2.180398,2.180398
-0.5019426,-0.5019426
0.3675581,0.3675581
0.5861058,0.5861058
11.5800761,-10.0
0.5305348,0.5305348
-1.4395393,-1.4395393
1.5624918,1.5624918
1.2985118,1.2985118
-1.0190632,-1.0190632
-0.7826053,-0.7826053
-1.2728278,-1.2728278
-1.2731304,-1.2731304
-1.8927719,-1.8927719
-0.6567397,-0.6567397
-1.5350236,-1.5350236
-2.275059,-2.275059
14.0215111,-10.0
-1.5508557,-1.5508557
0.9075702,0.9075702
-1.7747704,-1.7747704
-0.9052697,-0.9052697
-0.686722,-0.686722
10.3072483,-10.0
-0.742293,-0.742293
-0.1664089,-0.1664089
2.8356222,2.8356222
2.5716422,2.5716422
0.2540672,0.2540672
0.4905251,0.4905251
0.0003026,0.0003026
1.2731304,1.2731304
-0.6196415,-0.6196415
0.6163907,0.6163907
-0.2618932,-0.2618932
-1.0019286,-1.0019286
15.2946415,-10.0
-0.2777253,-0.2777253
2.1807006,2.1807006
-0.50164,-0.50164
0.3678607,0.3678607
0.5864084,0.5864084
11.5803787,-10.0
0.5308374,0.5308374
0.4532326,0.4532326
3.4552637,3.4552637
3.1912837,3.1912837
0.8737087,0.8737087
1.1101666,1.1101666
0.6199441,0.6199441
1.8927719,1.8927719
0.6196415,0.6196415
1.2360322,1.2360322
0.3577483,0.3577483
-0.3822871,-0.3822871
15.914283,-10.0
0.3419162,0.3419162
2.8003421,2.8003421
0.1180015,0.1180015
0.9875022,0.9875022
1.2060499,1.2060499
12.2000202,-10.0
1.1504789,1.1504789
-0.7827996,-0.7827996
2.2192315,2.2192315
1.9552515,1.9552515
-0.3623235,-0.3623235
-0.1258656,-0.1258656
-0.6160881,-0.6160881
0.6567397,0.6567397
-0.6163907,-0.6163907
-1.2360322,-1.2360322
-0.8782839,-0.8782839
-1.6183193,-1.6183193
14.6782508,-10.0
-0.894116,-0.894116
1.5643099,1.5643099
-1.1180307,-1.1180307
-0.24853,-0.24853
-0.0299823,-0.0299823
10.963988,-10.0
-0.0855533,-0.0855533
0.0954843,0.0954843
3.0975154,3.0975154
2.8335354,2.8335354
0.5159604,0.5159604
0.7524183,0.7524183
0.2621958,0.2621958
1.5350236,1.5350236
0.2618932,0.2618932
-0.3577483,-0.3577483
0.8782839,0.8782839
-0.7400354,-0.7400354
15.5565347,-10.0
-0.0158321,-0.0158321
2.4425938,2.4425938
-0.2397468,-0.2397468
0.6297539,0.6297539
0.8483016,0.8483016
11.8422719,-10.0
0.7927306,0.7927306
0.8355197,0.8355197
3.8375508,3.8375508
3.5735708,3.5735708
1.2559958,1.2559958
1.4924537,1.4924537
1.0022312,1.0022312
2.275059,2.275059
1.0019286,1.0019286
0.3822871,0.3822871
1.6183193,1.6183193
0.7400354,0.7400354
16.2965701,-10.0
0.7242033,0.7242033
3.1826292,3.1826292
0.5002886,0.5002886
1.3697893,1.3697893
1.588337,1.588337
12.5823073,-10.0
1.532766,1.532766
-15.4610504,-10.0
-12.4590193,-10.0
-12.7229993,-10.0
-15.0405743,-10.0
-14.8041164,-10.0
-15.2943389,-10.0
-14.0215111,-10.0
-15.2946415,-10.0
-15.914283,-10.0
-14.6782508,-10.0
-15.5565347,-10.0
-16.2965701,-10.0
-15.5723668,-10.0
-13.1139409,-10.0
-15.7962815,-10.0
-14.9267808,-10.0
-14.7082331,-10.0
-3.7142628,-3.7142628
-14.7638041,-10.0
0.1113164,0.1113164
3.1133475,3.1133475
2.8493675,2.8493675
0.5317925,0.5317925
0.7682504,0.7682504
0.2780279,0.2780279
1.5508557,1.5508557
0.2777253,0.2777253
-0.3419162,-0.3419162
0.894116,0.894116
0.0158321,0.0158321
-0.7242033,-0.7242033
15.5723668,-10.0
2.4584259,2.4584259
-0.2239147,-0.2239147
0.645586,0.645586
0.8641337,0.8641337
11.858104,-10.0
0.8085627,0.8085627
-2.3471095,-2.3471095
0.6549216,0.6549216
0.3909416,0.3909416
-1.9266334,-1.9266334
-1.6901755,-1.6901755
-2.180398,-2.180398
-0.9075702,-0.9075702
-2.1807006,-2.1807006
-2.8003421,-2.8003421
-1.5643099,-1.5643099
-2.4425938,-2.4425938
-3.1826292,-3.1826292
13.1139409,-10.0
-2.4584259,-2.4584259
-2.6823406,-2.6823406
-1.8128399,-1.8128399
-1.5942922,-1.5942922
9.3996781,9.3996781
-1.6498632,-1.6498632
0.3352311,0.3352311
3.3372622,3.3372622
3.0732822,3.0732822
0.7557072,0.7557072
0.9921651,0.9921651
0.5019426,0.5019426
1.7747704,1.7747704
0.50164,0.50164
-0.1180015,-0.1180015
1.1180307,1.1180307
0.2397468,0.2397468
-0.5002886,-0.5002886
15.7962815,-10.0
0.2239147,0.2239147
2.6823406,2.6823406
0.8695007,0.8695007
1.0880484,1.0880484
12.0820187,-10.0
1.0324774,1.0324774
-0.5342696,-0.5342696
2.4677615,2.4677615
2.2037815,2.2037815
-0.1137935,-0.1137935
0.1226644,0.1226644
-0.3675581,-0.3675581
0.9052697,0.9052697
-0.3678607,-0.3678607
-0.9875022,-0.9875022
0.24853,0.24853
-0.6297539,-0.6297539
-1.3697893,-1.3697893
14.9267808,-10.0
-0.645586,-0.645586
1.8128399,1.8128399
-0.8695007,-0.8695007
0.2185477,0.2185477
11.212518,-10.0
0.1629767,0.1629767
-0.7528173,-0.7528173
2.2492138,2.2492138
1.9852338,1.9852338
-0.3323412,-0.3323412
-0.0958833,-0.0958833
-0.5861058,-0.5861058
0.686722,0.686722
-0.5864084,-0.5864084
-1.2060499,-1.2060499
0.0299823,0.0299823
-0.8483016,-0.8483016
-1.588337,-1.588337
14.7082331,-10.0
-0.8641337,-0.8641337
1.5942922,1.5942922
-1.0880484,-1.0880484
-0.2185477,-0.2185477
10.9939703,-10.0
-0.055571,-0.055571
-11.7467876,-10.0
-8.7447565,-8.7447565
-9.0087365,-9.0087365
-11.3263115,-10.0
-11.0898536,-10.0
-11.5800761,-10.0
-10.3072483,-10.0
-11.5803787,-10.0
-12.2000202,-10.0
-10.963988,-10.0
-11.8422719,-10.0
-12.5823073,-10.0
3.7142628,3.7142628
-11.858104,-10.0
-9.3996781,-9.3996781
-12.0820187,-10.0
-11.212518,-10.0
-10.9939703,-10.0
-11.0495413,-10.0
-0.6972463,-0.6972463
2.3047848,2.3047848
2.0408048,2.0408048
-0.2767702,-0.2767702
-0.0403123,-0.0403123
-0.5305348,-0.5305348
0.742293,0.742293
-0.5308374,-0.5308374
-1.1504789,-1.1504789
0.0855533,0.0855533
-0.7927306,-0.7927306
-1.532766,-1.532766
14.7638041,-10.0
-0.8085627,-0.8085627
1.6498632,1.6498632
-1.0324774,-1.0324774
-0.1629767,-0.1629767
0.055571,0.055571
11.0495413,-10.0
0.8495256,0.8495256
13.8774701,-10.0
12.7820404,-10.0
-1.0100918,-1.0100918
2.1508325,2.1508325
5.0739499,5.0739499
-0.6096335,-0.6096335
13.9237234,-10.0
-0.2262425,-0.2262425
0.0461158,0.0461158
15.2350497,-10.0
2.9616271,2.9616271
11.1338915,-10.0
14.5351962,-10.0
0.8969698,0.8969698
0.6298466,0.6298466
0.1988139,0.1988139
1.4108068,1.4108068
1.6235737,1.6235737
-0.8495256,-0.8495256
13.0279445,-10.0
11.9325148,-10.0
-1.8596174,-1.8596174
1.3013069,1.3013069
4.2244243,4.2244243
-1.4591591,-1.4591591
13.0741978,-10.0
-1.0757681,-1.0757681
-0.8034098,-0.8034098
14.3855241,-10.0
2.1121015,2.1121015
10.2843659,-10.0
13.6856706,-10.0
0.0474442,0.0474442
-0.219679,-0.219679
-0.6507117,-0.6507117
0.5612812,0.5612812
0.7740481,0.7740481
-13.8774701,-10.0
-13.0279445,-10.0
-1.0954297,-1.0954297
-14.8875619,-10.0
-11.7266376,-10.0
-8.8035202,-8.8035202
-14.4871036,-10.0
0.0462533,0.0462533
-14.1037126,-10.0
-13.8313543,-10.0
1.3575796,1.3575796
-10.915843,-10.0
-2.7435786,-2.7435786
0.6577261,0.6577261
-12.9805003,-10.0
-13.2476235,-10.0
-13.6786562,-10.0
-12.4666633,-10.0
-12.2538964,-10.0
-12.7820404,-10.0
-11.9325148,-10.0
1.0954297,1.0954297
-13.7921322,-10.0
-10.6312079,-10.0
-7.7080905,-7.7080905
-13.3916739,-10.0
1.141683,1.141683
-13.0082829,-10.0
-12.7359246,-10.0
2.4530093,2.4530093
-9.8204133,-9.8204133
-1.6481489,-1.6481489
1.7531558,1.7531558
-11.8850706,-10.0
-12.1521938,-10.0
-12.5832265,-10.0
-11.3712336,-10.0
-11.1584667,-10.0
1.0100918,1.0100918
1.8596174,1.8596174
14.8875619,-10.0
13.7921322,-10.0
3.1609243,3.1609243
6.0840417,6.0840417
0.4004583,0.4004583
14.9338152,-10.0
0.7838493,0.7838493
1.0562076,1.0562076
16.2451415,-10.0
3.9717189,3.9717189
12.1439833,-10.0
15.545288,-10.0
1.9070616,1.9070616
1.6399384,1.6399384
1.2089057,1.2089057
2.4208986,2.4208986
2.6336655,2.6336655
-2.1508325,-2.1508325
-1.3013069,-1.3013069
11.7266376,-10.0
10.6312079,-10.0
-3.1609243,-3.1609243
2.9231174,2.9231174
-2.760466,-2.760466
11.7728909,-10.0
-2.377075,-2.377075
-2.1047167,-2.1047167
13.0842172,-10.0
0.8107946,0.8107946
8.983059,8.983059
12.3843637,-10.0
-1.2538627,-1.2538627
-1.5209859,-1.5209859
-1.9520186,-1.9520186
-0.7400257,-0.7400257
-0.5272588,-0.5272588
-5.0739499,-5.0739499
-4.2244243,-4.2244243
8.8035202,8.8035202
7.7080905,7.7080905
-6.0840417,-6.0840417
-2.9231174,-2.9231174
-5.6835834,-5.6835834
8.8497735,8.8497735
-5.3001924,-5.3001924
-5.0278341,-5.0278341
10.1610998,-10.0
-2.1123228,-2.1123228
6.0599416,6.0599416
9.4612463,9.4612463
-4.1769801,-4.1769801
-4.4441033,-4.4441033
-4.875136,-4.875136
-3.6631431,-3.6631431
-3.4503762,-3.4503762
0.6096335,0.6096335
1.4591591,1.4591591
14.4871036,-10.0
13.3916739,-10.0
-0.4004583,-0.4004583
2.760466,2.760466
5.6835834,5.6835834
14.5333569,-10.0
0.383391,0.383391
0.6557493,0.6557493
15.8446832,-10.0
3.5712606,3.5712606
11.743525,-10.0
15.1448297,-10.0
1.5066033,1.5066033
1.2394801,1.2394801
0.8084474,0.8084474
2.0204403,2.0204403
2.2332072,2.2332072
-13.9237234,-10.0
-13.0741978,-10.0
-0.0462533,-0.0462533
-1.141683,-1.141683
-14.9338152,-10.0
-11.7728909,-10.0
-8.8497735,-8.8497735
-14.5333569,-10.0
-14.1499659,-10.0
-13.8776076,-10.0
1.3113263,1.3113263
-10.9620963,-10.0
-2.7898319,-2.7898319
0.6114728,0.6114728
-13.0267536,-10.0
-13.2938768,-10.0
-13.7249095,-10.0
-12.5129166,-10.0
-12.3001497,-10.0
0.2262425,0.2262425
1.0757681,1.0757681
14.1037126,-10.0
13.0082829,-10.0
-0.7838493,-0.7838493
2.377075,2.377075
5.3001924,5.3001924
-0.383391,-0.383391
14.1499659,-10.0
0.2723583,0.2723583
15.4612922,-10.0
3.1878696,3.1878696
11.360134,-10.0
14.7614387,-10.0
1.1232123,1.1232123
0.8560891,0.8560891
0.4250564,0.4250564
1.6370493,1.6370493
1.8498162,1.8498162
-0.0461158,-0.0461158
0.8034098,0.8034098
13.8313543,-10.0
12.7359246,-10.0
-1.0562076,-1.0562076
2.1047167,2.1047167
5.0278341,5.0278341
-0.6557493,-0.6557493
13.8776076,-10.0
-0.2723583,-0.2723583
15.1889339,-10.0
2.9155113,2.9155113
11.0877757,-10.0
14.4890804,-10.0
0.850854,0.850854
0.5837308,0.5837308
0.1526981,0.1526981
1.364691,1.364691
1.5774579,1.5774579
-15.2350497,-10.0
-14.3855241,-10.0
-1.3575796,-1.3575796
-2.4530093,-2.4530093
-16.2451415,-10.0
-13.0842172,-10.0
-10.1610998,-10.0
-15.8446832,-10.0
-1.3113263,-1.3113263
-15.4612922,-10.0
-15.1889339,-10.0
-12.2734226,-10.0
-4.1011582,-4.1011582
-0.6998535,-0.6998535
-14.3380799,-10.0
-14.6052031,-10.0
-15.0362358,-10.0
-13.8242429,-10.0
-13.611476,-10.0
-2.9616271,-2.9616271
-2.1121015,-2.1121015
10.915843,-10.0
9.8204133,9.8204133
-3.9717189,-3.9717189
-0.8107946,-0.8107946
2.1123228,2.1123228
-3.5712606,-3.5712606
10.9620963,-10.0
-3.1878696,-3.1878696
-2.9155113,-2.9155113
12.2734226,-10.0
8.1722644,8.1722644
11.5735691,-10.0
-2.0646573,-2.0646573
-2.3317805,-2.3317805
-2.7628132,-2.7628132
-1.5508203,-1.5508203
-1.3380534,-1.3380534
-11.1338915,-10.0
-10.2843659,-10.0
2.7435786,2.7435786
1.6481489,1.6481489
-12.1439833,-10.0
-8.983059,-8.983059
-6.0599416,-6.0599416
-11.743525,-10.0
2.7898319,2.7898319
-11.360134,-10.0
-11.0877757,-10.0
4.1011582,4.1011582
-8.1722644,-8.1722644
3.4013047,3.4013047
-10.2369217,-10.0
-10.5040449,-10.0
-10.9350776,-10.0
-9.7230847,-9.7230847
-9.5103178,-9.5103178
-14.5351962,-10.0
-13.6856706,-10.0
-0.6577261,-0.6577261
-1.7531558,-1.7531558
-15.545288,-10.0
-12.3843637,-10.0
-9.4612463,-9.4612463
-15.1448297,-10.0
-0.6114728,-0.6114728
-14.7614387,-10.0
-14.4890804,-10.0
0.6998535,0.6998535
-11.5735691,-10.0
-3.4013047,-3.4013047
-13.6382264,-10.0
-13.9053496,-10.0
-14.3363823,-10.0
-13.1243894,-10.0
-12.9116225,-10.0
-0.8969698,-0.8969698
-0.0474442,-0.0474442
12.9805003,-10.0
11.8850706,-10.0
-1.9070616,-1.9070616
1.2538627,1.2538627
4.1769801,4.1769801
-1.5066033,-1.5066033
13.0267536,-10.0
-1.1232123,-1.1232123
-0.850854,-0.850854
14.3380799,-10.0
2.0646573,2.0646573
10.2369217,-10.0
13.6382264,-10.0
-0.2671232,-0.2671232
-0.6981559,-0.6981559
0.513837,0.513837
0.7266039,0.7266039
-0.6298466,-0.6298466
0.219679,0.219679
13.2476235,-10.0
12.1521938,-10.0
-1.6399384,-1.6399384
1.5209859,1.5209859
4.4441033,4.4441033
-1.2394801,-1.2394801
13.2938768,-10.0
-0.8560891,-0.8560891
-0.5837308,-0.5837308
14.6052031,-10.0
2.3317805,2.3317805
10.5040449,-10.0
13.9053496,-10.0
0.2671232,0.2671232
-0.4310327,-0.4310327
0.7809602,0.7809602
0.9937271,0.9937271
-0.1988139,-0.1988139
0.6507117,0.6507117
13.6786562,-10.0
12.5832265,-10.0
-1.2089057,-1.2089057
1.9520186,1.9520186
4.875136,4.875136
-0.8084474,-0.8084474
13.7249095,-10.0
-0.4250564,-0.4250564
-0.1526981,-0.1526981
15.0362358,-10.0
2.7628132,2.7628132
10.9350776,-10.0
14.3363823,-10.0
0.6981559,0.6981559
0.4310327,0.4310327
1.2119929,1.2119929
1.4247598,1.4247598
-1.4108068,-1.4108068
-0.5612812,-0.5612812
12.4666633,-10.0
11.3712336,-10.0
-2.4208986,-2.4208986
0.7400257,0.7400257
3.6631431,3.6631431
-2.0204403,-2.0204403
12.5129166,-10.0
-1.6370493,-1.6370493
-1.364691,-1.364691
13.8242429,-10.0
1.5508203,1.5508203
9.7230847,9.7230847
13.1243894,-10.0
-0.513837,-0.513837
-0.7809602,-0.7809602
-1.2119929,-1.2119929
0.2127669,0.2127669
-1.6235737,-1.6235737
-0.7740481,-0.7740481
12.2538964,-10.0
11.1584667,-10.0
-2.6336655,-2.6336655
0.5272588,0.5272588
3.4503762,3.4503762
-2.2332072,-2.2332072
12.3001497,-10.0
-1.8498162,-1.8498162
-1.5774579,-1.5774579
13.611476,-10.0
1.3380534,1.3380534
9.5103178,9.5103178
12.9116225,-10.0
-0.7266039,-0.7266039
-0.9937271,-0.9937271
-1.4247598,-1.4247598
-0.2127669,-0.2127669
-0.3940951,-0.3940951
13.5193324,-10.0
11.8782688,-10.0
-0.6361562,-0.6361562
1.2135766,1.2135766
13.2558506,-10.0
-1.525147,-1.525147
12.5224324,-10.0
-0.8480941,-0.8480941
-1.040296,-1.040296
13.3451589,-10.0
1.7877736,1.7877736
13.1776087,-10.0
2.5886321,2.5886321
1.25034,1.25034
0.1940888,0.1940888
-0.5120659,-0.5120659
3.4634784,3.4634784
12.3639189,-10.0
0.3940951,0.3940951
13.9134275,-10.0
12.2723639,-10.0
-0.2420611,-0.2420611
1.6076717,1.6076717
13.6499457,-10.0
-1.1310519,-1.1310519
12.9165275,-10.0
-0.453999,-0.453999
-0.6462009,-0.6462009
13.739254,-10.0
2.1818687,2.1818687
13.5717038,-10.0
2.9827272,2.9827272
1.6444351,1.6444351
0.5881839,0.5881839
-0.1179708,-0.1179708
3.8575735,3.8575735
12.758014,-10.0
-13.5193324,-10.0
-13.9134275,-10.0
-1.6410636,-1.6410636
-14.1554886,-10.0
-12.3057558,-10.0
-0.2634818,-0.2634818
-15.0444794,-10.0
-0.9969,-0.9969
-14.3674265,-10.0
-14.5596284,-10.0
-0.1741735,-0.1741735
-11.7315588,-10.0
-0.3417237,-0.3417237
-10.9307003,-10.0
-12.2689924,-10.0
-13.3252436,-10.0
-14.0313983,-10.0
-10.055854,-10.0
-1.1554135,-1.1554135
-11.8782688,-10.0
-12.2723639,-10.0
1.6410636,1.6410636
-12.514425,-10.0
-10.6646922,-10.0
1.3775818,1.3775818
-13.4034158,-10.0
0.6441636,0.6441636
-12.7263629,-10.0
-12.9185648,-10.0
1.4668901,1.4668901
-10.0904952,-10.0
1.2993399,1.2993399
-9.2896367,-9.2896367
-10.6279288,-10.0
-11.68418,-10.0
-12.3903347,-10.0
-8.4147904,-8.4147904
0.4856501,0.4856501
0.6361562,0.6361562
0.2420611,0.2420611
14.1554886,-10.0
12.514425,-10.0
1.8497328,1.8497328
13.8920068,-10.0
-0.8889908,-0.8889908
13.1585886,-10.0
-0.2119379,-0.2119379
-0.4041398,-0.4041398
13.9813151,-10.0
2.4239298,2.4239298
13.8137649,-10.0
3.2247883,3.2247883
1.8864962,1.8864962
0.830245,0.830245
0.1240903,0.1240903
4.0996346,4.0996346
13.0000751,-10.0
-1.2135766,-1.2135766
-1.6076717,-1.6076717
12.3057558,-10.0
10.6646922,-10.0
-1.8497328,-1.8497328
12.042274,-10.0
-2.7387236,-2.7387236
11.3088558,-10.0
-2.0616707,-2.0616707
-2.2538726,-2.2538726
12.1315823,-10.0
0.574197,0.574197
11.9640321,-10.0
1.3750555,1.3750555
0.0367634,0.0367634
-1.0194878,-1.0194878
-1.7256425,-1.7256425
2.2499018,2.2499018
11.1503423,-10.0
-13.2558506,-10.0
-13.6499457,-10.0
0.2634818,0.2634818
-1.3775818,-1.3775818
-13.8920068,-10.0
-12.042274,-10.0
-14.7809976,-10.0
-0.7334182,-0.7334182
-14.1039447,-10.0
-14.2961466,-10.0
0.0893083,0.0893083
-11.468077,-10.0
-0.0782419,-0.0782419
-10.6672185,-10.0
-12.0055106,-10.0
-13.0617618,-10.0
-13.7679165,-10.0
-9.7923722,-9.7923722
-0.8919317,-0.8919317
1.525147,1.525147
1.1310519,1.1310519
15.0444794,-10.0
13.4034158,-10.0
0.8889908,0.8889908
2.7387236,2.7387236
14.7809976,-10.0
14.0475794,-10.0
0.6770529,0.6770529
0.484851,0.484851
14.8703059,-10.0
3.3129206,3.3129206
14.7027557,-10.0
4.1137791,4.1137791
2.775487,2.775487
1.7192358,1.7192358
1.0130811,1.0130811
4.9886254,4.9886254
13.8890659,-10.0
-12.5224324,-10.0
-12.9165275,-10.0
0.9969,0.9969
-0.6441636,-0.6441636
-13.1585886,-10.0
-11.3088558,-10.0
0.7334182,0.7334182
-14.0475794,-10.0
-13.3705265,-10.0
-13.5627284,-10.0
0.8227265,0.8227265
-10.7346588,-10.0
0.6551763,0.6551763
-9.9338003,-9.9338003
-11.2720924,-10.0
-12.3283436,-10.0
-13.0344983,-10.0
-9.058954,-9.058954
-0.1585135,-0.1585135
0.8480941,0.8480941
0.453999,0.453999
14.3674265,-10.0
12.7263629,-10.0
0.2119379,0.2119379
2.0616707,2.0616707
14.1039447,-10.0
-0.6770529,-0.6770529
13.3705265,-10.0
-0.1922019,-0.1922019
14.193253,-10.0
2.6358677,2.6358677
14.0257028,-10.0
3.4367262,3.4367262
2.0984341,2.0984341
1.0421829,1.0421829
0.3360282,0.3360282
4.3115725,4.3115725
13.212013,-10.0
1.040296,1.040296
0.6462009,0.6462009
14.5596284,-10.0
12.9185648,-10.0
0.4041398,0.4041398
2.2538726,2.2538726
14.2961466,-10.0
-0.484851,-0.484851
13.5627284,-10.0
0.1922019,0.1922019
14.3854549,-10.0
2.8280696,2.8280696
14.2179047,-10.0
3.6289281,3.6289281
2.290636,2.290636
1.2343848,1.2343848
0.5282301,0.5282301
4.5037744,4.5037744
13.4042149,-10.0
-13.3451589,-10.0
-13.739254,-10.0
0.1741735,0.1741735
-1.4668901,-1.4668901
-13.9813151,-10.0
-12.1315823,-10.0
-0.0893083,-0.0893083
-14.8703059,-10.0
-0.8227265,-0.8227265
-14.193253,-10.0
-14.3854549,-10.0
-11.5573853,-10.0
-0.1675502,-0.1675502
-10.7565268,-10.0
-12.0948189,-10.0
-13.1510701,-10.0
-13.8572248,-10.0
-9.8816805,-9.8816805
-0.98124,-0.98124
-1.7877736,-1.7877736
-2.1818687,-2.1818687
11.7315588,-10.0
10.0904952,-10.0
-2.4239298,-2.4239298
-0.574197,-0.574197
11.468077,-10.0
-3.3129206,-3.3129206
10.7346588,-10.0
-2.6358677,-2.6358677
-2.8280696,-2.8280696
11.5573853,-10.0
11.3898351,-10.0
0.8008585,0.8008585
-0.5374336,-0.5374336
-1.5936848,-1.5936848
-2.2998395,-2.2998395
1.6757048,1.6757048
10.5761453,-10.0
-13.1776087,-10.0
-13.5717038,-10.0
0.3417237,0.3417237
-1.2993399,-1.2993399
-13.8137649,-10.0
-11.9640321,-10.0
0.0782419,0.0782419
-14.7027557,-10.0
-0.6551763,-0.6551763
-14.0257028,-10.0
-14.2179047,-10.0
0.1675502,0.1675502
-11.3898351,-10.0
-10.5889766,-10.0
-11.9272687,-10.0
-12.9835199,-10.0
-13.6896746,-10.0
-9.7141303,-9.7141303
-0.8136898,-0.8136898
-2.5886321,-2.5886321
-2.9827272,-2.9827272
10.9307003,-10.0
9.2896367,9.2896367
-3.2247883,-3.2247883
-1.3750555,-1.3750555
10.6672185,-10.0
-4.1137791,-4.1137791
9.9338003,9.9338003
-3.4367262,-3.4367262
-3.6289281,-3.6289281
10.7565268,-10.0
-0.8008585,-0.8008585
10.5889766,-10.0
-1.3382921,-1.3382921
-2.3945433,-2.3945433
-3.100698,-3.100698
0.8748463,0.8748463
9.7752868,9.7752868
-1.25034,-1.25034
-1.6444351,-1.6444351
12.2689924,-10.0
10.6279288,-10.0
-1.8864962,-1.8864962
-0.0367634,-0.0367634
12.0055106,-10.0
-2.775487,-2.775487
11.2720924,-10.0
-2.0984341,-2.0984341
-2.290636,-2.290636
12.0948189,-10.0
0.5374336,0.5374336
11.9272687,-10.0
1.3382921,1.3382921
-1.0562512,-1.0562512
-1.7624059,-1.7624059
2.2131384,2.2131384
11.1135789,-10.0
-0.1940888,-0.1940888
-0.5881839,-0.5881839
13.3252436,-10.0
11.68418,-10.0
-0.830245,-0.830245
1.0194878,1.0194878
13.0617618,-10.0
-1.7192358,-1.7192358
12.3283436,-10.0
-1.0421829,-1.0421829
-1.2343848,-1.2343848
13.1510701,-10.0
1.5936848,1.5936848
12.9835199,-10.0
2.3945433,2.3945433
1.0562512,1.0562512
-0.7061547,-0.7061547
3.2693896,3.2693896
12.1698301,-10.0
0.5120659,0.5120659
0.1179708,0.1179708
14.0313983,-10.0
12.3903347,-10.0
-0.1240903,-0.1240903
1.7256425,1.7256425
13.7679165,-10.0
-1.0130811,-1.0130811
13.0344983,-10.0
-0.3360282,-0.3360282
-0.5282301,-0.5282301
13.8572248,-10.0
2.2998395,2.2998395
13.6896746,-10.0
3.100698,3.100698
1.7624059,1.7624059
0.7061547,0.7061547
3.9755443,3.9755443
12.8759848,-10.0
-3.4634784,-3.4634784
-3.8575735,-3.8575735
10.055854,-10.0
8.4147904,8.4147904
-4.0996346,-4.0996346
-2.2499018,-2.2499018
9.7923722,9.7923722
-4.9886254,-4.9886254
9.058954,9.058954
-4.3115725,-4.3115725
-4.5037744,-4.5037744
9.8816805,9.8816805
-1.6757048,-1.6757048
9.7141303,9.7141303
-0.8748463,-0.8748463
-2.2131384,-2.2131384
-3.2693896,-3.2693896
-3.9755443,-3.9755443
8.9004405,8.9004405
-12.3639189,-10.0
-12.758014,-10.0
1.1554135,1.1554135
-0.4856501,-0.4856501
-13.0000751,-10.0
-11.1503423,-10.0
0.8919317,0.8919317
-13.8890659,-10.0
0.1585135,0.1585135
-13.212013,-10.0
-13.4042149,-10.0
0.98124,0.98124
-10.5761453,-10.0
0.8136898,0.8136898
-9.7752868,-9.7752868
-11.1135789,-10.0
-12.1698301,-10.0
-12.8759848,-10.0
-8.9004405,-8.9004405
0.4535175,0.4535175
0.7367185,0.7367185
-0.7231974,-0.7231974
0.3197803,0.3197803
2.4747611,2.4747611
2.4833255,2.4833255
-0.018587,-0.018587
7.3203513,7.3203513
0.5044895,0.5044895
-0.6532458,-0.6532458
0.6695789,0.6695789
2.3113112,2.3113112
-1.6034155,-1.6034155
2.403956,2.403956
1.5450708,1.5450708
1.4177215,1.4177215
-0.2060108,-0.2060108
3.2208007,3.2208007
1.7606313,1.7606313
-0.4535175,-0.4535175
0.283201,0.283201
-1.1767149,-1.1767149
-0.1337372,-0.1337372
2.0212436,2.0212436
2.029808,2.029808
-0.4721045,-0.4721045
6.8668338,6.8668338
0.050972,0.050972
-1.1067633,-1.1067633
0.2160614,0.2160614
1.8577937,1.8577937
-2.056933,-2.056933
1.9504385,1.9504385
1.0915533,1.0915533
0.964204,0.964204
-0.6595283,-0.6595283
2.7672832,2.7672832
1.3071138,1.3071138
-0.7367185,-0.7367185
-0.283201,-0.283201
-1.4599159,-1.4599159
-0.4169382,-0.4169382
1.7380426,1.7380426
1.746607,1.746607
-0.7553055,-0.7553055
6.5836328,6.5836328
-0.232229,-0.232229
-1.3899643,-1.3899643
-0.0671396,-0.0671396
1.5745927,1.5745927
-2.340134,-2.340134
1.6672375,1.6672375
0.8083523,0.8083523
0.681003,0.681003
-0.9427293,-0.9427293
2.4840822,2.4840822
1.0239128,1.0239128
0.7231974,0.7231974
1.1767149,1.1767149
1.4599159,1.4599159
1.0429777,1.0429777
3.1979585,3.1979585
3.2065229,3.2065229
0.7046104,0.7046104
8.0435487,8.0435487
1.2276869,1.2276869
0.0699516,0.0699516
1.3927763,1.3927763
3.0345086,3.0345086
-0.8802181,-0.8802181
3.1271534,3.1271534
2.2682682,2.2682682
2.1409189,2.1409189
0.5171866,0.5171866
3.9439981,3.9439981
2.4838287,2.4838287
-0.3197803,-0.3197803
0.1337372,0.1337372
0.4169382,0.4169382
-1.0429777,-1.0429777
2.1549808,2.1549808
2.1635452,2.1635452
-0.3383673,-0.3383673
7.000571,7.000571
0.1847092,0.1847092
-0.9730261,-0.9730261
0.3497986,0.3497986
1.9915309,1.9915309
-1.9231958,-1.9231958
2.0841757,2.0841757
1.2252905,1.2252905
1.0979412,1.0979412
-0.5257911,-0.5257911
2.9010204,2.9010204
1.440851,1.440851
-2.4747611,-2.4747611
-2.0212436,-2.0212436
-1.7380426,-1.7380426
-3.1979585,-3.1979585
-2.1549808,-2.1549808
0.0085644,0.0085644
-2.4933481,-2.4933481
4.8455902,4.8455902
-1.9702716,-1.9702716
-3.1280069,-3.1280069
-1.8051822,-1.8051822
-0.1634499,-0.1634499
-4.0781766,-4.0781766
-0.0708051,-0.0708051
-0.9296903,-0.9296903
-1.0570396,-1.0570396
-2.6807719,-2.6807719
0.7460396,0.7460396
-0.7141298,-0.7141298
-2.4833255,-2.4833255
-2.029808,-2.029808
-1.746607,-1.746607
-3.2065229,-3.2065229
-2.1635452,-2.1635452
-0.0085644,-0.0085644
-2.5019125,-2.5019125
4.8370258,4.8370258
-1.978836,-1.978836
-3.1365713,-3.1365713
-1.8137466,-1.8137466
-0.1720143,-0.1720143
-4.086741,-4.086741
-0.0793695,-0.0793695
-0.9382547,-0.9382547
-1.065604,-1.065604
-2.6893363,-2.6893363
0.7374752,0.7374752
-0.7226942,-0.7226942
0.018587,0.018587
0.4721045,0.4721045
0.7553055,0.7553055
-0.7046104,-0.7046104
0.3383673,0.3383673
2.4933481,2.4933481
2.5019125,2.5019125
7.3389383,7.3389383
0.5230765,0.5230765
-0.6346588,-0.6346588
0.6881659,0.6881659
2.3298982,2.3298982
-1.5848285,-1.5848285
2.422543,2.422543
1.5636578,1.5636578
1.4363085,1.4363085
-0.1874238,-0.1874238
3.2393877,3.2393877
1.7792183,1.7792183
-7.3203513,-7.3203513
-6.8668338,-6.8668338
-6.5836328,-6.5836328
-8.0435487,-8.0435487
-7.000571,-7.000571
-4.8455902,-4.8455902
-4.8370258,-4.8370258
-7.3389383,-7.3389383
-6.8158618,-6.8158618
-7.9735971,-7.9735971
-6.6507724,-6.6507724
-5.0090401,-5.0090401
-8.9237668,-8.9237668
-4.9163953,-4.9163953
-5.7752805,-5.7752805
-5.9026298,-5.9026298
-7.5263621,-7.5263621
-4.0995506,-4.0995506
-5.55972,-5.55972
-0.5044895,-0.5044895
-0.050972,-0.050972
0.232229,0.232229
-1.2276869,-1.2276869
-0.1847092,-0.1847092
1.9702716,1.9702716
1.978836,1.978836
-0.5230765,-0.5230765
6.8158618,6.8158618
-1.1577353,-1.1577353
0.1650894,0.1650894
1.8068217,1.8068217
-2.107905,-2.107905
1.8994665,1.8994665
1.0405813,1.0405813
0.913232,0.913232
-0.7105003,-0.7105003
2.7163112,2.7163112
1.2561418,1.2561418
0.6532458,0.6532458
1.1067633,1.1067633
1.3899643,1.3899643
-0.0699516,-0.0699516
0.9730261,0.9730261
3.1280069,3.1280069
3.1365713,3.1365713
0.6346588,0.6346588
7.9735971,7.9735971
1.1577353,1.1577353
1.3228247,1.3228247
2.964557,2.964557
-0.9501697,-0.9501697
3.0572018,3.0572018
2.1983166,2.1983166
2.0709673,2.0709673
0.447235,0.447235
3.8740465,3.8740465
2.4138771,2.4138771
-0.6695789,-0.6695789
-0.2160614,-0.2160614
0.0671396,0.0671396
-1.3927763,-1.3927763
-0.3497986,-0.3497986
1.8051822,1.8051822
1.8137466,1.8137466
-0.6881659,-0.6881659
6.6507724,6.6507724
-0.1650894,-0.1650894
-1.3228247,-1.3228247
1.6417323,1.6417323
-2.2729944,-2.2729944
1.7343771,1.7343771
0.8754919,0.8754919
0.7481426,0.7481426
-0.8755897,-0.8755897
2.5512218,2.5512218
1.0910524,1.0910524
-2.3113112,-2.3113112
-1.8577937,-1.8577937
-1.5745927,-1.5745927
-3.0345086,-3.0345086
-1.9915309,-1.9915309
0.1634499,0.1634499
0.1720143,0.1720143
-2.3298982,-2.3298982
5.0090401,5.0090401
-1.8068217,-1.8068217
-2.964557,-2.964557
-1.6417323,-1.6417323
-3.9147267,-3.9147267
0.0926448,0.0926448
-0.7662404,-0.7662404
-0.8935897,-0.8935897
-2.517322,-2.517322
0.9094895,0.9094895
-0.5506799,-0.5506799
1.6034155,1.6034155
2.056933,2.056933
2.340134,2.340134
0.8802181,0.8802181
1.9231958,1.9231958
4.0781766,4.0781766
4.086741,4.086741
1.5848285,1.5848285
8.9237668,8.9237668
2.107905,2.107905
0.9501697,0.9501697
2.2729944,2.2729944
3.9147267,3.9147267
4.0073715,4.0073715
3.1484863,3.1484863
3.021137,3.021137
1.3974047,1.3974047
4.8242162,4.8242162
3.3640468,3.3640468
-2.403956,-2.403956
-1.9504385,-1.9504385
-1.6672375,-1.6672375
-3.1271534,-3.1271534
-2.0841757,-2.0841757
0.0708051,0.0708051
0.0793695,0.0793695
-2.422543,-2.422543
4.9163953,4.9163953
-1.8994665,-1.8994665
-3.0572018,-3.0572018
-1.7343771,-1.7343771
-0.0926448,-0.0926448
-4.0073715,-4.0073715
-0.8588852,-0.8588852
-0.9862345,-0.9862345
-2.6099668,-2.6099668
0.8168447,0.8168447
-0.6433247,-0.6433247
-1.5450708,-1.5450708
-1.0915533,-1.0915533
-0.8083523,-0.8083523
-2.2682682,-2.2682682
-1.2252905,-1.2252905
0.9296903,0.9296903
0.9382547,0.9382547
-1.5636578,-1.5636578
5.7752805,5.7752805
-1.0405813,-1.0405813
-2.1983166,-2.1983166
-0.8754919,-0.8754919
0.7662404,0.7662404
-3.1484863,-3.1484863
0.8588852,0.8588852
-0.1273493,-0.1273493
-1.7510816,-1.7510816
1.6757299,1.6757299
0.2155605,0.2155605
-1.4177215,-1.4177215
-0.964204,-0.964204
-0.681003,-0.681003
-2.1409189,-2.1409189
-1.0979412,-1.0979412
1.0570396,1.0570396
1.065604,1.065604
-1.4363085,-1.4363085
5.9026298,5.9026298
-0.913232,-0.913232
-2.0709673,-2.0709673
-0.7481426,-0.7481426
0.8935897,0.8935897
-3.021137,-3.021137
0.9862345,0.9862345
0.1273493,0.1273493
-1.6237323,-1.6237323
1.8030792,1.8030792
0.3429098,0.3429098
0.2060108,0.2060108
0.6595283,0.6595283
0.9427293,0.9427293
-0.5171866,-0.5171866
0.5257911,0.5257911
2.6807719,2.6807719
2.6893363,2.6893363
0.1874238,0.1874238
7.5263621,7.5263621
0.7105003,0.7105003
-0.447235,-0.447235
0.8755897,0.8755897
2.517322,2.517322
-1.3974047,-1.3974047
2.6099668,2.6099668
1.7510816,1.7510816
1.6237323,1.6237323
3.4268115,3.4268115
1.9666421,1.9666421
-3.2208007,-3.2208007
-2.7672832,-2.7672832
-2.4840822,-2.4840822
-3.9439981,-3.9439981
-2.9010204,-2.9010204
-0.7460396,-0.7460396
-0.7374752,-0.7374752
-3.2393877,-3.2393877
4.0995506,4.0995506
-2.7163112,-2.7163112
-3.8740465,-3.8740465
-2.5512218,-2.5512218
-0.9094895,-0.9094895
-4.8242162,-4.8242162
-0.8168447,-0.8168447
-1.6757299,-1.6757299
-1.8030792,-1.8030792
-3.4268115,-3.4268115
-1.4601694,-1.4601694
-1.7606313,-1.7606313
-1.3071138,-1.3071138
-1.0239128,-1.0239128
-2.4838287,-2.4838287
-1.440851,-1.440851
0.7141298,0.7141298
0.7226942,0.7226942
-1.7792183,-1.7792183
5.55972,5.55972
-1.2561418,-1.2561418
-2.4138771,-2.4138771
-1.0910524,-1.0910524
0.5506799,0.5506799
-3.3640468,-3.3640468
0.6433247,0.6433247
-0.2155605,-0.2155605
-0.3429098,-0.3429098
-1.9666421,-1.9666421
1.4601694,1.4601694
1.0046304,1.0046304
15.462534,-10.0
2.7888674,2.7888674
1.2331039,1.2331039
-0.1803685,-0.1803685
5.8522718,5.8522718
0.4776396,0.4776396
13.6650196,-10.0
0.8832916,0.8832916
1.1596801,1.1596801
2.3501014,2.3501014
0.8425655,0.8425655
0.7849691,0.7849691
15.2926275,-10.0
0.282857,0.282857
0.4337116,0.4337116
0.1203345,0.1203345
1.693613,1.693613
1.9213849,1.9213849
-1.0046304,-1.0046304
14.4579036,-10.0
1.784237,1.784237
0.2284735,0.2284735
-1.1849989,-1.1849989
4.8476414,4.8476414
-0.5269908,-0.5269908
12.6603892,-10.0
-0.1213388,-0.1213388
0.1550497,0.1550497
1.345471,1.345471
-0.1620649,-0.1620649
-0.2196613,-0.2196613
14.2879971,-10.0
-0.7217734,-0.7217734
-0.5709188,-0.5709188
-0.8842959,-0.8842959
0.6889826,0.6889826
0.9167545,0.9167545
-15.462534,-10.0
-14.4579036,-10.0
-12.6736666,-10.0
-14.2294301,-10.0
-15.6429025,-10.0
-9.6102622,-9.6102622
-14.9848944,-10.0
-1.7975144,-1.7975144
-14.5792424,-10.0
-14.3028539,-10.0
-13.1124326,-10.0
-14.6199685,-10.0
-14.6775649,-10.0
-0.1699065,-0.1699065
-15.179677,-10.0
-15.0288224,-10.0
-15.3421995,-10.0
-13.768921,-10.0
-13.5411491,-10.0
-2.7888674,-2.7888674
-1.784237,-1.784237
12.6736666,-10.0
-1.5557635,-1.5557635
-2.9692359,-2.9692359
3.0634044,3.0634044
-2.3112278,-2.3112278
10.8761522,-10.0
-1.9055758,-1.9055758
-1.6291873,-1.6291873
-0.438766,-0.438766
-1.9463019,-1.9463019
-2.0038983,-2.0038983
12.5037601,-10.0
-2.5060104,-2.5060104
-2.3551558,-2.3551558
-2.6685329,-2.6685329
-1.0952544,-1.0952544
-0.8674825,-0.8674825
-1.2331039,-1.2331039
-0.2284735,-0.2284735
14.2294301,-10.0
1.5557635,1.5557635
-1.4134724,-1.4134724
4.6191679,4.6191679
-0.7554643,-0.7554643
12.4319157,-10.0
-0.3498123,-0.3498123
-0.0734238,-0.0734238
1.1169975,1.1169975
-0.3905384,-0.3905384
-0.4481348,-0.4481348
14.0595236,-10.0
-0.9502469,-0.9502469
-0.7993923,-0.7993923
-1.1127694,-1.1127694
0.4605091,0.4605091
0.688281,0.688281
0.1803685,0.1803685
1.1849989,1.1849989
15.6429025,-10.0
2.9692359,2.9692359
1.4134724,1.4134724
6.0326403,6.0326403
0.6580081,0.6580081
13.8453881,-10.0
1.0636601,1.0636601
1.3400486,1.3400486
2.5304699,2.5304699
1.022934,1.022934
0.9653376,0.9653376
15.472996,-10.0
0.4632255,0.4632255
0.6140801,0.6140801
0.300703,0.300703
1.8739815,1.8739815
2.1017534,2.1017534
-5.8522718,-5.8522718
-4.8476414,-4.8476414
9.6102622,9.6102622
-3.0634044,-3.0634044
-4.6191679,-4.6191679
-6.0326403,-6.0326403
-5.3746322,-5.3746322
7.8127478,7.8127478
-4.9689802,-4.9689802
-4.6925917,-4.6925917
-3.5021704,-3.5021704
-5.0097063,-5.0097063
-5.0673027,-5.0673027
9.4403557,9.4403557
-5.5694148,-5.5694148
-5.4185602,-5.4185602
-5.7319373,-5.7319373
-4.1586588,-4.1586588
-3.9308869,-3.9308869
-0.4776396,-0.4776396
0.5269908,0.5269908
14.9848944,-10.0
2.3112278,2.3112278
0.7554643,0.7554643
-0.6580081,-0.6580081
5.3746322,5.3746322
13.18738,-10.0
0.405652,0.405652
0.6820405,0.6820405
1.8724618,1.8724618
0.3649259,0.3649259
0.3073295,0.3073295
14.8149879,-10.0
-0.1947826,-0.1947826
-0.043928,-0.043928
-0.3573051,-0.3573051
1.2159734,1.2159734
1.4437453,1.4437453
-13.6650196,-10.0
-12.6603892,-10.0
1.7975144,1.7975144
-10.8761522,-10.0
-12.4319157,-10.0
-13.8453881,-10.0
-7.8127478,-7.8127478
-13.18738,-10.0
-12.781728,-10.0
-12.5053395,-10.0
-11.3149182,-10.0
-12.8224541,-10.0
-12.8800505,-10.0
1.6276079,1.6276079
-13.3821626,-10.0
-13.231308,-10.0
-13.5446851,-10.0
-11.9714066,-10.0
-11.7436347,-10.0
-0.8832916,-0.8832916
0.1213388,0.1213388
14.5792424,-10.0
1.9055758,1.9055758
0.3498123,0.3498123
-1.0636601,-1.0636601
4.9689802,4.9689802
-0.405652,-0.405652
12.781728,-10.0
0.2763885,0.2763885
1.4668098,1.4668098
-0.0407261,-0.0407261
-0.0983225,-0.0983225
14.4093359,-10.0
-0.6004346,-0.6004346
-0.44958,-0.44958
-0.7629571,-0.7629571
0.8103214,0.8103214
1.0380933,1.0380933
-1.1596801,-1.1596801
-0.1550497,-0.1550497
14.3028539,-10.0
1.6291873,1.6291873
0.0734238,0.0734238
-1.3400486,-1.3400486
4.6925917,4.6925917
-0.6820405,-0.6820405
12.5053395,-10.0
-0.2763885,-0.2763885
1.1904213,1.1904213
-0.3171146,-0.3171146
-0.374711,-0.374711
14.1329474,-10.0
-0.8768231,-0.8768231
-0.7259685,-0.7259685
-1.0393456,-1.0393456
0.5339329,0.5339329
0.7617048,0.7617048
-2.3501014,-2.3501014
-1.345471,-1.345471
13.1124326,-10.0
0.438766,0.438766
-1.1169975,-1.1169975
-2.5304699,-2.5304699
3.5021704,3.5021704
-1.8724618,-1.8724618
11.3149182,-10.0
-1.4668098,-1.4668098
-1.1904213,-1.1904213
-1.5075359,-1.5075359
-1.5651323,-1.5651323
12.9425261,-10.0
-2.0672444,-2.0672444
-1.9163898,-1.9163898
-2.2297669,-2.2297669
-0.6564884,-0.6564884
-0.4287165,-0.4287165
-0.8425655,-0.8425655
0.1620649,0.1620649
14.6199685,-10.0
1.9463019,1.9463019
0.3905384,0.3905384
-1.022934,-1.022934
5.0097063,5.0097063
-0.3649259,-0.3649259
12.8224541,-10.0
0.0407261,0.0407261
0.3171146,0.3171146
1.5075359,1.5075359
-0.0575964,-0.0575964
14.450062,-10.0
-0.5597085,-0.5597085
-0.4088539,-0.4088539
-0.722231,-0.722231
0.8510475,0.8510475
1.0788194,1.0788194
-0.7849691,-0.7849691
0.2196613,0.2196613
14.6775649,-10.0
2.0038983,2.0038983
0.4481348,0.4481348
-0.9653376,-0.9653376
5.0673027,5.0673027
-0.3073295,-0.3073295
12.8800505,-10.0
0.0983225,0.0983225
0.374711,0.374711
1.5651323,1.5651323
0.0575964,0.0575964
14.5076584,-10.0
-0.5021121,-0.5021121
-0.3512575,-0.3512575
-0.6646346,-0.6646346
0.9086439,0.9086439
1.1364158,1.1364158
-15.2926275,-10.0
-14.2879971,-10.0
0.1699065,0.1699065
-12.5037601,-10.0
-14.0595236,-10.0
-15.472996,-10.0
-9.4403557,-9.4403557
-14.8149879,-10.0
-1.6276079,-1.6276079
-14.4093359,-10.0
-14.1329474,-10.0
-12.9425261,-10.0
-14.450062,-10.0
-14.5076584,-10.0
-15.0097705,-10.0
-14.8589159,-10.0
-15.172293,-10.0
-13.5990145,-10.0
-13.3712426,-10.0
-0.282857,-0.282857
0.7217734,0.7217734
15.179677,-10.0
2.5060104,2.5060104
0.9502469,0.9502469
-0.4632255,-0.4632255
5.5694148,5.5694148
0.1947826,0.1947826
13.3821626,-10.0
0.6004346,0.6004346
0.8768231,0.8768231
2.0672444,2.0672444
0.5597085,0.5597085
0.5021121,0.5021121
15.0097705,-10.0
0.1508546,0.1508546
-0.1625225,-0.1625225
1.410756,1.410756
1.6385279,1.6385279
-0.4337116,-0.4337116
0.5709188,0.5709188
15.0288224,-10.0
2.3551558,2.3551558
0.7993923,0.7993923
-0.6140801,-0.6140801
5.4185602,5.4185602
0.043928,0.043928
13.231308,-10.0
0.44958,0.44958
0.7259685,0.7259685
1.9163898,1.9163898
0.4088539,0.4088539
0.3512575,0.3512575
14.8589159,-10.0
-0.1508546,-0.1508546
-0.3133771,-0.3133771
1.2599014,1.2599014
1.4876733,1.4876733
-0.1203345,-0.1203345
0.8842959,0.8842959
15.3421995,-10.0
2.6685329,2.6685329
1.1127694,1.1127694
-0.300703,-0.300703
5.7319373,5.7319373
0.3573051,0.3573051
13.5446851,-10.0
0.7629571,0.7629571
1.0393456,1.0393456
2.2297669,2.2297669
0.722231,0.722231
0.6646346,0.6646346
15.172293,-10.0
0.1625225,0.1625225
0.3133771,0.3133771
1.5732785,1.5732785
1.8010504,1.8010504
-1.693613,-1.693613
-0.6889826,-0.6889826
13.768921,-10.0
1.0952544,1.0952544
-0.4605091,-0.4605091
-1.8739815,-1.8739815
4.1586588,4.1586588
-1.2159734,-1.2159734
11.9714066,-10.0
-0.8103214,-0.8103214
-0.5339329,-0.5339329
0.6564884,0.6564884
-0.8510475,-0.8510475
-0.9086439,-0.9086439
13.5990145,-10.0
-1.410756,-1.410756
-1.2599014,-1.2599014
-1.5732785,-1.5732785
0.2277719,0.2277719
-1.9213849,-1.9213849
-0.9167545,-0.9167545
13.5411491,-10.0
0.8674825,0.8674825
-0.688281,-0.688281
-2.1017534,-2.1017534
3.9308869,3.9308869
-1.4437453,-1.4437453
11.7436347,-10.0
-1.0380933,-1.0380933
-0.7617048,-0.7617048
0.4287165,0.4287165
-1.0788194,-1.0788194
-1.1364158,-1.1364158
13.3712426,-10.0
-1.6385279,-1.6385279
-1.4876733,-1.4876733
-1.8010504,-1.8010504
-0.2277719,-0.2277719
2.2668676,2.2668676
5.2666237,5.2666237
6.4237392,6.4237392
0.1081751,0.1081751
1.5275715,1.5275715
13.0789638,-10.0
-0.8127616,-0.8127616
1.8868442,1.8868442
0.3816129,0.3816129
0.3492527,0.3492527
9.4765734,9.4765734
2.3378549,2.3378549
12.5600024,-10.0
5.6550982,5.6550982
1.9034064,1.9034064
-1.0823067,-1.0823067
0.365533,0.365533
2.2617576,2.2617576
1.5980233,1.5980233
-2.2668676,-2.2668676
2.9997561,2.9997561
4.1568716,4.1568716
-2.1586925,-2.1586925
-0.7392961,-0.7392961
10.8120962,-10.0
-3.0796292,-3.0796292
-0.3800234,-0.3800234
-1.8852547,-1.8852547
-1.9176149,-1.9176149
7.2097058,7.2097058
0.0709873,0.0709873
10.2931348,-10.0
3.3882306,3.3882306
-0.3634612,-0.3634612
-3.3491743,-3.3491743
-1.9013346,-1.9013346
-0.00511,-0.00511
-0.6688443,-0.6688443
-5.2666237,-5.2666237
-2.9997561,-2.9997561
1.1571155,1.1571155
-5.1584486,-5.1584486
-3.7390522,-3.7390522
7.8123401,7.8123401
-6.0793853,-6.0793853
-3.3797795,-3.3797795
-4.8850108,-4.8850108
-4.917371,-4.917371
4.2099497,4.2099497
-2.9287688,-2.9287688
7.2933787,7.2933787
0.3884745,0.3884745
-3.3632173,-3.3632173
-6.3489304,-6.3489304
-4.9010907,-4.9010907
-3.0048661,-3.0048661
-3.6686004,-3.6686004
-6.4237392,-6.4237392
-4.1568716,-4.1568716
-1.1571155,-1.1571155
-6.3155641,-6.3155641
-4.8961677,-4.8961677
6.6552246,6.6552246
-7.2365008,-7.2365008
-4.536895,-4.536895
-6.0421263,-6.0421263
-6.0744865,-6.0744865
3.0528342,3.0528342
-4.0858843,-4.0858843
6.1362632,6.1362632
-0.768641,-0.768641
-4.5203328,-4.5203328
-7.5060459,-7.5060459
-6.0582062,-6.0582062
-4.1619816,-4.1619816
-4.8257159,-4.8257159
-0.1081751,-0.1081751
2.1586925,2.1586925
5.1584486,5.1584486
6.3155641,6.3155641
1.4193964,1.4193964
12.9707887,-10.0
-0.9209367,-0.9209367
1.7786691,1.7786691
0.2734378,0.2734378
0.2410776,0.2410776
9.3683983,9.3683983
2.2296798,2.2296798
12.4518273,-10.0
5.5469231,5.5469231
1.7952313,1.7952313
-1.1904818,-1.1904818
0.2573579,0.2573579
2.1535825,2.1535825
1.4898482,1.4898482
-1.5275715,-1.5275715
0.7392961,0.7392961
3.7390522,3.7390522
4.8961677,4.8961677
-1.4193964,-1.4193964
11.5513923,-10.0
-2.3403331,-2.3403331
0.3592727,0.3592727
-1.1459586,-1.1459586
-1.1783188,-1.1783188
7.9490019,7.9490019
0.8102834,0.8102834
11.0324309,-10.0
4.1275267,4.1275267
0.3758349,0.3758349
-2.6098782,-2.6098782
-1.1620385,-1.1620385
0.7341861,0.7341861
0.0704518,0.0704518
-13.0789638,-10.0
-10.8120962,-10.0
-7.8123401,-7.8123401
-6.6552246,-6.6552246
-12.9707887,-10.0
-11.5513923,-10.0
-13.8917254,-10.0
-11.1921196,-10.0
-12.6973509,-10.0
-12.7297111,-10.0
-3.6023904,-3.6023904
-10.7411089,-10.0
-0.5189614,-0.5189614
-7.4238656,-7.4238656
-11.1755574,-10.0
-14.1612705,-10.0
-12.7134308,-10.0
-10.8172062,-10.0
-11.4809405,-10.0
0.8127616,0.8127616
3.0796292,3.0796292
6.0793853,6.0793853
7.2365008,7.2365008
0.9209367,0.9209367
2.3403331,2.3403331
13.8917254,-10.0
2.6996058,2.6996058
1.1943745,1.1943745
1.1620143,1.1620143
10.289335,-10.0
3.1506165,3.1506165
13.372764,-10.0
6.4678598,6.4678598
2.716168,2.716168
-0.2695451,-0.2695451
1.1782946,1.1782946
3.0745192,3.0745192
2.4107849,2.4107849
-1.8868442,-1.8868442
0.3800234,0.3800234
3.3797795,3.3797795
4.536895,4.536895
-1.7786691,-1.7786691
-0.3592727,-0.3592727
11.1921196,-10.0
-2.6996058,-2.6996058
-1.5052313,-1.5052313
-1.5375915,-1.5375915
7.5897292,7.5897292
0.4510107,0.4510107
10.6731582,-10.0
3.768254,3.768254
0.0165622,0.0165622
-2.9691509,-2.9691509
-1.5213112,-1.5213112
0.3749134,0.3749134
-0.2888209,-0.2888209
-0.3816129,-0.3816129
1.8852547,1.8852547
4.8850108,4.8850108
6.0421263,6.0421263
-0.2734378,-0.2734378
1.1459586,1.1459586
12.6973509,-10.0
-1.1943745,-1.1943745
1.5052313,1.5052313
-0.0323602,-0.0323602
9.0949605,9.0949605
1.956242,1.956242
12.1783895,-10.0
5.2734853,5.2734853
1.5217935,1.5217935
-1.4639196,-1.4639196
-0.0160799,-0.0160799
1.8801447,1.8801447
1.2164104,1.2164104
-0.3492527,-0.3492527
1.9176149,1.9176149
4.917371,4.917371
6.0744865,6.0744865
-0.2410776,-0.2410776
1.1783188,1.1783188
12.7297111,-10.0
-1.1620143,-1.1620143
1.5375915,1.5375915
0.0323602,0.0323602
9.1273207,9.1273207
1.9886022,1.9886022
12.2107497,-10.0
5.3058455,5.3058455
1.5541537,1.5541537
-1.4315594,-1.4315594
0.0162803,0.0162803
1.9125049,1.9125049
1.2487706,1.2487706
-9.4765734,-9.4765734
-7.2097058,-7.2097058
-4.2099497,-4.2099497
-3.0528342,-3.0528342
-9.3683983,-9.3683983
-7.9490019,-7.9490019
3.6023904,3.6023904
-10.289335,-10.0
-7.5897292,-7.5897292
-9.0949605,-9.0949605
-9.1273207,-9.1273207
-7.1387185,-7.1387185
3.083429,3.083429
-3.8214752,-3.8214752
-7.573167,-7.573167
-10.5588801,-10.0
-9.1110404,-9.1110404
-7.2148158,-7.2148158
-7.8785501,-7.8785501
-2.3378549,-2.3378549
-0.0709873,-0.0709873
2.9287688,2.9287688
4.0858843,4.0858843
-2.2296798,-2.2296798
-0.8102834,-0.8102834
10.7411089,-10.0
-3.1506165,-3.1506165
-0.4510107,-0.4510107
-1.956242,-1.956242
-1.9886022,-1.9886022
7.1387185,7.1387185
10.2221475,-10.0
3.3172433,3.3172433
-0.4344485,-0.4344485
-3.4201616,-3.4201616
-1.9723219,-1.9723219
-0.0760973,-0.0760973
-0.7398316,-0.7398316
-12.5600024,-10.0
-10.2931348,-10.0
-7.2933787,-7.2933787
-6.1362632,-6.1362632
-12.4518273,-10.0
-11.0324309,-10.0
0.5189614,0.5189614
-13.372764,-10.0
-10.6731582,-10.0
-12.1783895,-10.0
-12.2107497,-10.0
-3.083429,-3.083429
-10.2221475,-10.0
-6.9049042,-6.9049042
-10.656596,-10.0
-13.6423091,-10.0
-12.1944694,-10.0
-10.2982448,-10.0
-10.9619791,-10.0
-5.6550982,-5.6550982
-3.3882306,-3.3882306
-0.3884745,-0.3884745
0.768641,0.768641
-5.5469231,-5.5469231
-4.1275267,-4.1275267
7.4238656,7.4238656
-6.4678598,-6.4678598
-3.768254,-3.768254
-5.2734853,-5.2734853
-5.3058455,-5.3058455
3.8214752,3.8214752
-3.3172433,-3.3172433
6.9049042,6.9049042
-3.7516918,-3.7516918
-6.7374049,-6.7374049
-5.2895652,-5.2895652
-3.3933406,-3.3933406
-4.0570749,-4.0570749
-1.9034064,-1.9034064
0.3634612,0.3634612
3.3632173,3.3632173
4.5203328,4.5203328
-1.7952313,-1.7952313
-0.3758349,-0.3758349
11.1755574,-10.0
-2.716168,-2.716168
-0.0165622,-0.0165622
-1.5217935,-1.5217935
-1.5541537,-1.5541537
7.573167,7.573167
0.4344485,0.4344485
10.656596,-10.0
3.7516918,3.7516918
-2.9857131,-2.9857131
-1.5378734,-1.5378734
0.3583512,0.3583512
-0.3053831,-0.3053831
1.0823067,1.0823067
3.3491743,3.3491743
6.3489304,6.3489304
7.5060459,7.5060459
1.1904818,1.1904818
2.6098782,2.6098782
14.1612705,-10.0
0.2695451,0.2695451
2.9691509,2.9691509
1.4639196,1.4639196
1.4315594,1.4315594
10.5588801,-10.0
3.4201616,3.4201616
13.6423091,-10.0
6.7374049,6.7374049
2.9857131,2.9857131
1.4478397,1.4478397
3.3440643,3.3440643
2.68033,2.68033
-0.365533,-0.365533
1.9013346,1.9013346
4.9010907,4.9010907
6.0582062,6.0582062
-0.2573579,-0.2573579
1.1620385,1.1620385
12.7134308,-10.0
-1.1782946,-1.1782946
1.5213112,1.5213112
0.0160799,0.0160799
-0.0162803,-0.0162803
9.1110404,9.1110404
1.9723219,1.9723219
12.1944694,-10.0
5.2895652,5.2895652
1.5378734,1.5378734
-1.4478397,-1.4478397
1.8962246,1.8962246
1.2324903,1.2324903
-2.2617576,-2.2617576
0.00511,0.00511
3.0048661,3.0048661
4.1619816,4.1619816
-2.1535825,-2.1535825
-0.7341861,-0.7341861
10.8172062,-10.0
-3.0745192,-3.0745192
-0.3749134,-0.3749134
-1.8801447,-1.8801447
-1.9125049,-1.9125049
7.2148158,7.2148158
0.0760973,0.0760973
10.2982448,-10.0
3.3933406,3.3933406
-0.3583512,-0.3583512
-3.3440643,-3.3440643
-1.8962246,-1.8962246
-0.6637343,-0.6637343
-1.5980233,-1.5980233
0.6688443,0.6688443
3.6686004,3.6686004
4.8257159,4.8257159
-1.4898482,-1.4898482
-0.0704518,-0.0704518
11.4809405,-10.0
-2.4107849,-2.4107849
0.2888209,0.2888209
-1.2164104,-1.2164104
-1.2487706,-1.2487706
7.8785501,7.8785501
0.7398316,0.7398316
10.9619791,-10.0
4.0570749,4.0570749
0.3053831,0.3053831
-2.68033,-2.68033
-1.2324903,-1.2324903
0.6637343,0.6637343
0.9817922,0.9817922
13.4137937,-10.0
2.2903393,2.2903393
0.5377645,0.5377645
0.3505586,0.3505586
2.6480092,2.6480092
-1.6763966,-1.6763966
5.4554145,5.4554145
-0.2699819,-0.2699819
-0.7093434,-0.7093434
4.9042869,4.9042869
1.4184979,1.4184979
5.3938291,5.3938291
8.6409331,8.6409331
1.3837574,1.3837574
0.4990341,0.4990341
-0.5979521,-0.5979521
12.5564467,-10.0
2.2795639,2.2795639
-0.9817922,-0.9817922
12.4320015,-10.0
1.3085471,1.3085471
-0.4440277,-0.4440277
-0.6312336,-0.6312336
1.666217,1.666217
-2.6581888,-2.6581888
4.4736223,4.4736223
-1.2517741,-1.2517741
-1.6911356,-1.6911356
3.9224947,3.9224947
0.4367057,0.4367057
4.4120369,4.4120369
7.6591409,7.6591409
0.4019652,0.4019652
-0.4827581,-0.4827581
-1.5797443,-1.5797443
11.5746545,-10.0
1.2977717,1.2977717
-13.4137937,-10.0
-12.4320015,-10.0
-11.1234544,-10.0
-12.8760292,-10.0
-13.0632351,-10.0
-10.7657845,-10.0
-15.0901903,-10.0
-7.9583792,-7.9583792
-13.6837756,-10.0
-14.1231371,-10.0
-8.5095068,-8.5095068
-11.9952958,-10.0
-8.0199646,-8.0199646
-4.7728606,-4.7728606
-12.0300363,-10.0
-12.9147596,-10.0
-14.0117458,-10.0
-0.857347,-0.857347
-11.1342298,-10.0
-2.2903393,-2.2903393
-1.3085471,-1.3085471
11.1234544,-10.0
-1.7525748,-1.7525748
-1.9397807,-1.9397807
0.3576699,0.3576699
-3.9667359,-3.9667359
3.1650752,3.1650752
-2.5603212,-2.5603212
-2.9996827,-2.9996827
2.6139476,2.6139476
-0.8718414,-0.8718414
3.1034898,3.1034898
6.3505938,6.3505938
-0.9065819,-0.9065819
-1.7913052,-1.7913052
-2.8882914,-2.8882914
10.2661074,-10.0
-0.0107754,-0.0107754
-0.5377645,-0.5377645
0.4440277,0.4440277
12.8760292,-10.0
1.7525748,1.7525748
-0.1872059,-0.1872059
2.1102447,2.1102447
-2.2141611,-2.2141611
4.91765,4.91765
-0.8077464,-0.8077464
-1.2471079,-1.2471079
4.3665224,4.3665224
0.8807334,0.8807334
4.8560646,4.8560646
8.1031686,8.1031686
0.8459929,0.8459929
-0.0387304,-0.0387304
-1.1357166,-1.1357166
12.0186822,-10.0
1.7417994,1.7417994
-0.3505586,-0.3505586
0.6312336,0.6312336
13.0632351,-10.0
1.9397807,1.9397807
0.1872059,0.1872059
2.2974506,2.2974506
-2.0269552,-2.0269552
5.1048559,5.1048559
-0.6205405,-0.6205405
-1.059902,-1.059902
4.5537283,4.5537283
1.0679393,1.0679393
5.0432705,5.0432705
8.2903745,8.2903745
1.0331988,1.0331988
0.1484755,0.1484755
-0.9485107,-0.9485107
12.2058881,-10.0
1.9290053,1.9290053
-2.6480092,-2.6480092
-1.666217,-1.666217
10.7657845,-10.0
-0.3576699,-0.3576699
-2.1102447,-2.1102447
-2.2974506,-2.2974506
-4.3244058,-4.3244058
2.8074053,2.8074053
-2.9179911,-2.9179911
-3.3573526,-3.3573526
2.2562777,2.2562777
-1.2295113,-1.2295113
2.7458199,2.7458199
5.9929239,5.9929239
-1.2642518,-1.2642518
-2.1489751,-2.1489751
-3.2459613,-3.2459613
9.9084375,9.9084375
-0.3684453,-0.3684453
1.6763966,1.6763966
2.6581888,2.6581888
15.0901903,-10.0
3.9667359,3.9667359
2.2141611,2.2141611
2.0269552,2.0269552
4.3244058,4.3244058
7.1318111,7.1318111
1.4064147,1.4064147
0.9670532,0.9670532
6.5806835,6.5806835
3.0948945,3.0948945
7.0702257,7.0702257
10.3173297,-10.0
3.060154,3.060154
2.1754307,2.1754307
1.0784445,1.0784445
14.2328433,-10.0
3.9559605,3.9559605
-5.4554145,-5.4554145
-4.4736223,-4.4736223
7.9583792,7.9583792
-3.1650752,-3.1650752
-4.91765,-4.91765
-5.1048559,-5.1048559
-2.8074053,-2.8074053
-7.1318111,-7.1318111
-5.7253964,-5.7253964
-6.1647579,-6.1647579
-0.5511276,-0.5511276
-4.0369166,-4.0369166
-0.0615854,-0.0615854
3.1855186,3.1855186
-4.0716571,-4.0716571
-4.9563804,-4.9563804
-6.0533666,-6.0533666
7.1010322,7.1010322
-3.1758506,-3.1758506
0.2699819,0.2699819
1.2517741,1.2517741
13.6837756,-10.0
2.5603212,2.5603212
0.8077464,0.8077464
0.6205405,0.6205405
2.9179911,2.9179911
-1.4064147,-1.4064147
5.7253964,5.7253964
-0.4393615,-0.4393615
5.1742688,5.1742688
1.6884798,1.6884798
5.663811,5.663811
8.910915,8.910915
1.6537393,1.6537393
0.769016,0.769016
-0.3279702,-0.3279702
12.8264286,-10.0
2.5495458,2.5495458
0.7093434,0.7093434
1.6911356,1.6911356
14.1231371,-10.0
2.9996827,2.9996827
1.2471079,1.2471079
1.059902,1.059902
3.3573526,3.3573526
-0.9670532,-0.9670532
6.1647579,6.1647579
0.4393615,0.4393615
5.6136303,5.6136303
2.1278413,2.1278413
6.1031725,6.1031725
9.3502765,9.3502765
2.0931008,2.0931008
1.2083775,1.2083775
0.1113913,0.1113913
13.2657901,-10.0
2.9889073,2.9889073
-4.9042869,-4.9042869
-3.9224947,-3.9224947
8.5095068,8.5095068
-2.6139476,-2.6139476
-4.3665224,-4.3665224
-4.5537283,-4.5537283
-2.2562777,-2.2562777
-6.5806835,-6.5806835
0.5511276,0.5511276
-5.1742688,-5.1742688
-5.6136303,-5.6136303
-3.485789,-3.485789
0.4895422,0.4895422
3.7366462,3.7366462
-3.5205295,-3.5205295
-4.4052528,-4.4052528
-5.502239,-5.502239
7.6521598,7.6521598
-2.624723,-2.624723
-1.4184979,-1.4184979
-0.4367057,-0.4367057
11.9952958,-10.0
0.8718414,0.8718414
-0.8807334,-0.8807334
-1.0679393,-1.0679393
1.2295113,1.2295113
-3.0948945,-3.0948945
4.0369166,4.0369166
-1.6884798,-1.6884798
-2.1278413,-2.1278413
3.485789,3.485789
3.9753312,3.9753312
7.2224352,7.2224352
-0.0347405,-0.0347405
-0.9194638,-0.9194638
-2.01645,-2.01645
11.1379488,-10.0
0.861066,0.861066
-5.3938291,-5.3938291
-4.4120369,-4.4120369
8.0199646,8.0199646
-3.1034898,-3.1034898
-4.8560646,-4.8560646
-5.0432705,-5.0432705
-2.7458199,-2.7458199
-7.0702257,-7.0702257
0.0615854,0.0615854
-5.663811,-5.663811
-6.1031725,-6.1031725
-0.4895422,-0.4895422
-3.9753312,-3.9753312
3.247104,3.247104
-4.0100717,-4.0100717
-4.894795,-4.894795
-5.9917812,-5.9917812
7.1626176,7.1626176
-3.1142652,-3.1142652
-8.6409331,-8.6409331
-7.6591409,-7.6591409
4.7728606,4.7728606
-6.3505938,-6.3505938
-8.1031686,-8.1031686
-8.2903745,-8.2903745
-5.9929239,-5.9929239
-10.3173297,-10.0
-3.1855186,-3.1855186
-8.910915,-8.910915
-9.3502765,-9.3502765
-3.7366462,-3.7366462
-7.2224352,-7.2224352
-3.247104,-3.247104
-7.2571757,-7.2571757
-8.141899,-8.141899
-9.2388852,-9.2388852
3.9155136,3.9155136
-6.3613692,-6.3613692
-1.3837574,-1.3837574
-0.4019652,-0.4019652
12.0300363,-10.0
0.9065819,0.9065819
-0.8459929,-0.8459929
-1.0331988,-1.0331988
1.2642518,1.2642518
-3.060154,-3.060154
4.0716571,4.0716571
-1.6537393,-1.6537393
-2.0931008,-2.0931008
3.5205295,3.5205295
0.0347405,0.0347405
4.0100717,4.0100717
7.2571757,7.2571757
-0.8847233,-0.8847233
-1.9817095,-1.9817095
11.1726893,-10.0
0.8958065,0.8958065
-0.4990341,-0.4990341
0.4827581,0.4827581
12.9147596,-10.0
1.7913052,1.7913052
0.0387304,0.0387304
-0.1484755,-0.1484755
2.1489751,2.1489751
-2.1754307,-2.1754307
4.9563804,4.9563804
-0.769016,-0.769016
-1.2083775,-1.2083775
4.4052528,4.4052528
0.9194638,0.9194638
4.894795,4.894795
8.141899,8.141899
0.8847233,0.8847233
-1.0969862,-1.0969862
12.0574126,-10.0
1.7805298,1.7805298
0.5979521,0.5979521
1.5797443,1.5797443
14.0117458,-10.0
2.8882914,2.8882914
1.1357166,1.1357166
0.9485107,0.9485107
3.2459613,3.2459613
-1.0784445,-1.0784445
6.0533666,6.0533666
0.3279702,0.3279702
-0.1113913,-0.1113913
5.502239,5.502239
2.01645,2.01645
5.9917812,5.9917812
9.2388852,9.2388852
1.9817095,1.9817095
1.0969862,1.0969862
13.1543988,-10.0
2.877516,2.877516
-12.5564467,-10.0
-11.5746545,-10.0
0.857347,0.857347
-10.2661074,-10.0
-12.0186822,-10.0
-12.2058881,-10.0
-9.9084375,-9.9084375
-14.2328433,-10.0
-7.1010322,-7.1010322
-12.8264286,-10.0
-13.2657901,-10.0
-7.6521598,-7.6521598
-11.1379488,-10.0
-7.1626176,-7.1626176
-3.9155136,-3.9155136
-11.1726893,-10.0
-12.0574126,-10.0
-13.1543988,-10.0
-10.2768828,-10.0
-2.2795639,-2.2795639
-1.2977717,-1.2977717
11.1342298,-10.0
0.0107754,0.0107754
-1.7417994,-1.7417994
-1.9290053,-1.9290053
0.3684453,0.3684453
-3.9559605,-3.9559605
3.1758506,3.1758506
-2.5495458,-2.5495458
-2.9889073,-2.9889073
2.624723,2.624723
-0.861066,-0.861066
3.1142652,3.1142652
6.3613692,6.3613692
-0.8958065,-0.8958065
-1.7805298,-1.7805298
-2.877516,-2.877516
10.2768828,-10.0
1.6202082,1.6202082
3.9036256,3.9036256
1.7923963,1.7923963
-2.9429745,-2.9429745
2.4822822,2.4822822
2.1595098,2.1595098
-1.8899896,-1.8899896
2.7521867,2.7521867
-0.7314355,-0.7314355
-1.6148921,-1.6148921
2.0958713,2.0958713
2.0502032,2.0502032
12.5575891,-10.0
13.2624729,-10.0
0.4352299,0.4352299
-0.0525373,-0.0525373
-1.2432944,-1.2432944
-1.5072962,-1.5072962
-1.4092335,-1.4092335
-1.6202082,-1.6202082
2.2834174,2.2834174
0.1721881,0.1721881
-4.5631827,-4.5631827
0.862074,0.862074
0.5393016,0.5393016
-3.5101978,-3.5101978
1.1319785,1.1319785
-2.3516437,-2.3516437
-3.2351003,-3.2351003
0.4756631,0.4756631
0.429995,0.429995
10.9373809,-10.0
11.6422647,-10.0
-1.1849783,-1.1849783
-1.6727455,-1.6727455
-2.8635026,-2.8635026
-3.1275044,-3.1275044
-3.0294417,-3.0294417
-3.9036256,-3.9036256
-2.2834174,-2.2834174
-2.1112293,-2.1112293
-6.8466001,-6.8466001
-1.4213434,-1.4213434
-1.7441158,-1.7441158
-5.7936152,-5.7936152
-1.1514389,-1.1514389
-4.6350611,-4.6350611
-5.5185177,-5.5185177
-1.8077543,-1.8077543
-1.8534224,-1.8534224
8.6539635,8.6539635
9.3588473,9.3588473
-3.4683957,-3.4683957
-3.9561629,-3.9561629
-5.14692,-5.14692
-5.4109218,-5.4109218
-5.3128591,-5.3128591
-1.7923963,-1.7923963
-0.1721881,-0.1721881
2.1112293,2.1112293
-4.7353708,-4.7353708
0.6898859,0.6898859
0.3671135,0.3671135
-3.6823859,-3.6823859
0.9597904,0.9597904
-2.5238318,-2.5238318
-3.4072884,-3.4072884
0.303475,0.303475
0.2578069,0.2578069
10.7651928,-10.0
11.4700766,-10.0
-1.3571664,-1.3571664
-1.8449336,-1.8449336
-3.0356907,-3.0356907
-3.2996925,-3.2996925
-3.2016298,-3.2016298
2.9429745,2.9429745
4.5631827,4.5631827
6.8466001,6.8466001
4.7353708,4.7353708
5.4252567,5.4252567
5.1024843,5.1024843
1.0529849,1.0529849
5.6951612,5.6951612
2.211539,2.211539
1.3280824,1.3280824
5.0388458,5.0388458
4.9931777,4.9931777
15.5005636,-10.0
16.2054474,-10.0
3.3782044,3.3782044
2.8904372,2.8904372
1.6996801,1.6996801
1.4356783,1.4356783
1.533741,1.533741
-2.4822822,-2.4822822
-0.862074,-0.862074
1.4213434,1.4213434
-0.6898859,-0.6898859
-5.4252567,-5.4252567
-0.3227724,-0.3227724
-4.3722718,-4.3722718
0.2699045,0.2699045
-3.2137177,-3.2137177
-4.0971743,-4.0971743
-0.3864109,-0.3864109
-0.432079,-0.432079
10.0753069,-10.0
10.7801907,-10.0
-2.0470523,-2.0470523
-2.5348195,-2.5348195
-3.7255766,-3.7255766
-3.9895784,-3.9895784
-3.8915157,-3.8915157
-2.1595098,-2.1595098
-0.5393016,-0.5393016
1.7441158,1.7441158
-0.3671135,-0.3671135
-5.1024843,-5.1024843
0.3227724,0.3227724
-4.0494994,-4.0494994
0.5926769,0.5926769
-2.8909453,-2.8909453
-3.7744019,-3.7744019
-0.0636385,-0.0636385
-0.1093066,-0.1093066
10.3980793,-10.0
11.1029631,-10.0
-1.7242799,-1.7242799
-2.2120471,-2.2120471
-3.4028042,-3.4028042
-3.666806,-3.666806
-3.5687433,-3.5687433
1.8899896,1.8899896
3.5101978,3.5101978
5.7936152,5.7936152
3.6823859,3.6823859
-1.0529849,-1.0529849
4.3722718,4.3722718
4.0494994,4.0494994
4.6421763,4.6421763
1.1585541,1.1585541
0.2750975,0.2750975
3.9858609,3.9858609
3.9401928,3.9401928
14.4475787,-10.0
15.1524625,-10.0
2.3252195,2.3252195
1.8374523,1.8374523
0.6466952,0.6466952
0.3826934,0.3826934
0.4807561,0.4807561
-2.7521867,-2.7521867
-1.1319785,-1.1319785
1.1514389,1.1514389
-0.9597904,-0.9597904
-5.6951612,-5.6951612
-0.2699045,-0.2699045
-0.5926769,-0.5926769
-4.6421763,-4.6421763
-3.4836222,-3.4836222
-4.3670788,-4.3670788
-0.6563154,-0.6563154
-0.7019835,-0.7019835
9.8054024,9.8054024
10.5102862,-10.0
-2.3169568,-2.3169568
-2.804724,-2.804724
-3.9954811,-3.9954811
-4.2594829,-4.2594829
-4.1614202,-4.1614202
0.7314355,0.7314355
2.3516437,2.3516437
4.6350611,4.6350611
2.5238318,2.5238318
-2.211539,-2.211539
3.2137177,3.2137177
2.8909453,2.8909453
-1.1585541,-1.1585541
3.4836222,3.4836222
-0.8834566,-0.8834566
2.8273068,2.8273068
2.7816387,2.7816387
13.2890246,-10.0
13.9939084,-10.0
1.1666654,1.1666654
0.6788982,0.6788982
-0.5118589,-0.5118589
-0.7758607,-0.7758607
-0.677798,-0.677798
1.6148921,1.6148921
3.2351003,3.2351003
5.5185177,5.5185177
3.4072884,3.4072884
-1.3280824,-1.3280824
4.0971743,4.0971743
3.7744019,3.7744019
-0.2750975,-0.2750975
4.3670788,4.3670788
0.8834566,0.8834566
3.7107634,3.7107634
3.6650953,3.6650953
14.1724812,-10.0
14.877365,-10.0
2.050122,2.050122
1.5623548,1.5623548
0.3715977,0.3715977
0.1075959,0.1075959
0.2056586,0.2056586
-2.0958713,-2.0958713
-0.4756631,-0.4756631
1.8077543,1.8077543
-0.303475,-0.303475
-5.0388458,-5.0388458
0.3864109,0.3864109
0.0636385,0.0636385
-3.9858609,-3.9858609
0.6563154,0.6563154
-2.8273068,-2.8273068
-3.7107634,-3.7107634
-0.0456681,-0.0456681
10.4617178,-10.0
11.1666016,-10.0
-1.6606414,-1.6606414
-2.1484086,-2.1484086
-3.3391657,-3.3391657
-3.6031675,-3.6031675
-3.5051048,-3.5051048
-2.0502032,-2.0502032
-0.429995,-0.429995
1.8534224,1.8534224
-0.2578069,-0.2578069
-4.9931777,-4.9931777
0.432079,0.432079
0.1093066,0.1093066
-3.9401928,-3.9401928
0.7019835,0.7019835
-2.7816387,-2.7816387
-3.6650953,-3.6650953
0.0456681,0.0456681
10.5073859,-10.0
11.2122697,-10.0
-1.6149733,-1.6149733
-2.1027405,-2.1027405
-3.2934976,-3.2934976
-3.5574994,-3.5574994
-3.4594367,-3.4594367
-12.5575891,-10.0
-10.9373809,-10.0
-8.6539635,-8.6539635
-10.7651928,-10.0
-15.5005636,-10.0
-10.0753069,-10.0
-10.3980793,-10.0
-14.4475787,-10.0
-9.8054024,-9.8054024
-13.2890246,-10.0
-14.1724812,-10.0
-10.4617178,-10.0
-10.5073859,-10.0
0.7048838,0.7048838
-12.1223592,-10.0
-12.6101264,-10.0
-13.8008835,-10.0
-14.0648853,-10.0
-13.9668226,-10.0
-13.2624729,-10.0
-11.6422647,-10.0
-9.3588473,-9.3588473
-11.4700766,-10.0
-16.2054474,-10.0
-10.7801907,-10.0
-11.1029631,-10.0
-15.1524625,-10.0
-10.5102862,-10.0
-13.9939084,-10.0
-14.877365,-10.0
-11.1666016,-10.0
-11.2122697,-10.0
-0.7048838,-0.7048838
-12.827243,-10.0
-13.3150102,-10.0
-14.5057673,-10.0
-14.7697691,-10.0
-14.6717064,-10.0
-0.4352299,-0.4352299
1.1849783,1.1849783
3.4683957,3.4683957
1.3571664,1.3571664
-3.3782044,-3.3782044
2.0470523,2.0470523
1.7242799,1.7242799
-2.3252195,-2.3252195
2.3169568,2.3169568
-1.1666654,-1.1666654
-2.050122,-2.050122
1.6606414,1.6606414
1.6149733,1.6149733
12.1223592,-10.0
12.827243,-10.0
-0.4877672,-0.4877672
-1.6785243,-1.6785243
-1.9425261,-1.9425261
-1.8444634,-1.8444634
0.0525373,0.0525373
1.6727455,1.6727455
3.9561629,3.9561629
1.8449336,1.8449336
-2.8904372,-2.8904372
2.5348195,2.5348195
2.2120471,2.2120471
-1.8374523,-1.8374523
2.804724,2.804724
-0.6788982,-0.6788982
-1.5623548,-1.5623548
2.1484086,2.1484086
2.1027405,2.1027405
12.6101264,-10.0
13.3150102,-10.0
0.4877672,0.4877672
-1.1907571,-1.1907571
-1.4547589,-1.4547589
-1.3566962,-1.3566962
1.2432944,1.2432944
2.8635026,2.8635026
5.14692,5.14692
3.0356907,3.0356907
-1.6996801,-1.6996801
3.7255766,3.7255766
3.4028042,3.4028042
-0.6466952,-0.6466952
3.9954811,3.9954811
0.5118589,0.5118589
-0.3715977,-0.3715977
3.3391657,3.3391657
3.2934976,3.2934976
13.8008835,-10.0
14.5057673,-10.0
1.6785243,1.6785243
1.1907571,1.1907571
-0.2640018,-0.2640018
-0.1659391,-0.1659391
1.5072962,1.5072962
3.1275044,3.1275044
5.4109218,5.4109218
3.2996925,3.2996925
-1.4356783,-1.4356783
3.9895784,3.9895784
3.666806,3.666806
-0.3826934,-0.3826934
4.2594829,4.2594829
0.7758607,0.7758607
-0.1075959,-0.1075959
3.6031675,3.6031675
3.5574994,3.5574994
14.0648853,-10.0
14.7697691,-10.0
1.9425261,1.9425261
1.4547589,1.4547589
0.2640018,0.2640018
0.0980627,0.0980627
1.4092335,1.4092335
3.0294417,3.0294417
5.3128591,5.3128591
3.2016298,3.2016298
-1.533741,-1.533741
3.8915157,3.8915157
3.5687433,3.5687433
-0.4807561,-0.4807561
4.1614202,4.1614202
0.677798,0.677798
-0.2056586,-0.2056586
3.5051048,3.5051048
3.4594367,3.4594367
13.9668226,-10.0
14.6717064,-10.0
1.8444634,1.8444634
1.3566962,1.3566962
0.1659391,0.1659391
-0.0980627,-0.0980627
0.1590741,0.1590741
1.5253876,1.5253876
15.2547397,-10.0
-1.3379944,-1.3379944
-0.7451657,-0.7451657
3.1599896,3.1599896
-0.4824803,-0.4824803
2.7424415,2.7424415
-0.2380781,-0.2380781
-1.5584379,-1.5584379
-0.7927784,-0.7927784
3.3347488,3.3347488
2.3663834,2.3663834
15.6295283,-10.0
-0.3550496,-0.3550496
-0.6266952,-0.6266952
-0.3677792,-0.3677792
-1.4653718,-1.4653718
-0.7520131,-0.7520131
-0.1590741,-0.1590741
1.3663135,1.3663135
15.0956656,-10.0
-1.4970685,-1.4970685
-0.9042398,-0.9042398
3.0009155,3.0009155
-0.6415544,-0.6415544
2.5833674,2.5833674
-0.3971522,-0.3971522
-1.717512,-1.717512
-0.9518525,-0.9518525
3.1756747,3.1756747
2.2073093,2.2073093
15.4704542,-10.0
-0.5141237,-0.5141237
-0.7857693,-0.7857693
-0.5268533,-0.5268533
-1.6244459,-1.6244459
-0.9110872,-0.9110872
-1.5253876,-1.5253876
-1.3663135,-1.3663135
13.7293521,-10.0
-2.863382,-2.863382
-2.2705533,-2.2705533
1.634602,1.634602
-2.0078679,-2.0078679
1.2170539,1.2170539
-1.7634657,-1.7634657
-3.0838255,-3.0838255
-2.318166,-2.318166
1.8093612,1.8093612
0.8409958,0.8409958
14.1041407,-10.0
-1.8804372,-1.8804372
-2.1520828,-2.1520828
-1.8931668,-1.8931668
-2.9907594,-2.9907594
-2.2774007,-2.2774007
-15.2547397,-10.0
-15.0956656,-10.0
-13.7293521,-10.0
-16.5927341,-10.0
-15.9999054,-10.0
-12.0947501,-10.0
-15.73722,-10.0
-12.5122982,-10.0
-15.4928178,-10.0
-16.8131776,-10.0
-16.0475181,-10.0
-11.9199909,-10.0
-12.8883563,-10.0
0.3747886,0.3747886
-15.6097893,-10.0
-15.8814349,-10.0
-15.6225189,-10.0
-16.7201115,-10.0
-16.0067528,-10.0
1.3379944,1.3379944
1.4970685,1.4970685
2.863382,2.863382
16.5927341,-10.0
0.5928287,0.5928287
4.497984,4.497984
0.8555141,0.8555141
4.0804359,4.0804359
1.0999163,1.0999163
-0.2204435,-0.2204435
0.545216,0.545216
4.6727432,4.6727432
3.7043778,3.7043778
16.9675227,-10.0
0.9829448,0.9829448
0.7112992,0.7112992
0.9702152,0.9702152
-0.1273774,-0.1273774
0.5859813,0.5859813
0.7451657,0.7451657
0.9042398,0.9042398
2.2705533,2.2705533
15.9999054,-10.0
-0.5928287,-0.5928287
3.9051553,3.9051553
0.2626854,0.2626854
3.4876072,3.4876072
0.5070876,0.5070876
-0.8132722,-0.8132722
-0.0476127,-0.0476127
4.0799145,4.0799145
3.1115491,3.1115491
16.374694,-10.0
0.3901161,0.3901161
0.1184705,0.1184705
0.3773865,0.3773865
-0.7202061,-0.7202061
-0.0068474,-0.0068474
-3.1599896,-3.1599896
-3.0009155,-3.0009155
-1.634602,-1.634602
12.0947501,-10.0
-4.497984,-4.497984
-3.9051553,-3.9051553
-3.6424699,-3.6424699
-0.4175481,-0.4175481
-3.3980677,-3.3980677
-4.7184275,-4.7184275
-3.952768,-3.952768
0.1747592,0.1747592
-0.7936062,-0.7936062
12.4695387,-10.0
-3.5150392,-3.5150392
-3.7866848,-3.7866848
-3.5277688,-3.5277688
-4.6253614,-4.6253614
-3.9120027,-3.9120027
0.4824803,0.4824803
0.6415544,0.6415544
2.0078679,2.0078679
15.73722,-10.0
-0.8555141,-0.8555141
-0.2626854,-0.2626854
3.6424699,3.6424699
3.2249218,3.2249218
0.2444022,0.2444022
-1.0759576,-1.0759576
-0.3102981,-0.3102981
3.8172291,3.8172291
2.8488637,2.8488637
16.1120086,-10.0
0.1274307,0.1274307
-0.1442149,-0.1442149
0.1147011,0.1147011
-0.9828915,-0.9828915
-0.2695328,-0.2695328
-2.7424415,-2.7424415
-2.5833674,-2.5833674
-1.2170539,-1.2170539
12.5122982,-10.0
-4.0804359,-4.0804359
-3.4876072,-3.4876072
0.4175481,0.4175481
-3.2249218,-3.2249218
-2.9805196,-2.9805196
-4.3008794,-4.3008794
-3.5352199,-3.5352199
0.5923073,0.5923073
-0.3760581,-0.3760581
12.8870868,-10.0
-3.0974911,-3.0974911
-3.3691367,-3.3691367
-3.1102207,-3.1102207
-4.2078133,-4.2078133
-3.4944546,-3.4944546
0.2380781,0.2380781
0.3971522,0.3971522
1.7634657,1.7634657
15.4928178,-10.0
-1.0999163,-1.0999163
-0.5070876,-0.5070876
3.3980677,3.3980677
-0.2444022,-0.2444022
2.9805196,2.9805196
-1.3203598,-1.3203598
-0.5547003,-0.5547003
3.5728269,3.5728269
2.6044615,2.6044615
15.8676064,-10.0
-0.1169715,-0.1169715
-0.3886171,-0.3886171
-0.1297011,-0.1297011
-1.2272937,-1.2272937
-0.513935,-0.513935
1.5584379,1.5584379
1.717512,1.717512
3.0838255,3.0838255
16.8131776,-10.0
0.2204435,0.2204435
0.8132722,0.8132722
4.7184275,4.7184275
1.0759576,1.0759576
4.3008794,4.3008794
1.3203598,1.3203598
0.7656595,0.7656595
4.8931867,4.8931867
3.9248213,3.9248213
17.1879662,-10.0
1.2033883,1.2033883
0.9317427,0.9317427
1.1906587,1.1906587
0.0930661,0.0930661
0.8064248,0.8064248
0.7927784,0.7927784
0.9518525,0.9518525
2.318166,2.318166
16.0475181,-10.0
-0.545216,-0.545216
0.0476127,0.0476127
3.952768,3.952768
0.3102981,0.3102981
3.5352199,3.5352199
0.5547003,0.5547003
-0.7656595,-0.7656595
4.1275272,4.1275272
3.1591618,3.1591618
16.4223067,-10.0
0.4377288,0.4377288
0.1660832,0.1660832
0.4249992,0.4249992
-0.6725934,-0.6725934
0.0407653,0.0407653
-3.3347488,-3.3347488
-3.1756747,-3.1756747
-1.8093612,-1.8093612
11.9199909,-10.0
-4.6727432,-4.6727432
-4.0799145,-4.0799145
-0.1747592,-0.1747592
-3.8172291,-3.8172291
-0.5923073,-0.5923073
-3.5728269,-3.5728269
-4.8931867,-4.8931867
-4.1275272,-4.1275272
-0.9683654,-0.9683654
12.2947795,-10.0
-3.6897984,-3.6897984
-3.961444,-3.961444
-3.702528,-3.702528
-4.8001206,-4.8001206
-4.0867619,-4.0867619
-2.3663834,-2.3663834
-2.2073093,-2.2073093
-0.8409958,-0.8409958
12.8883563,-10.0
-3.7043778,-3.7043778
-3.1115491,-3.1115491
0.7936062,0.7936062
-2.8488637,-2.8488637
0.3760581,0.3760581
-2.6044615,-2.6044615
-3.9248213,-3.9248213
-3.1591618,-3.1591618
0.9683654,0.9683654
13.2631449,-10.0
-2.721433,-2.721433
-2.9930786,-2.9930786
-2.7341626,-2.7341626
-3.8317552,-3.8317552
-3.1183965,-3.1183965
-15.6295283,-10.0
-15.4704542,-10.0
-14.1041407,-10.0
-0.3747886,-0.3747886
-16.9675227,-10.0
-16.374694,-10.0
-12.4695387,-10.0
-16.1120086,-10.0
-12.8870868,-10.0
-15.8676064,-10.0
-17.1879662,-10.0
-16.4223067,-10.0
-12.2947795,-10.0
-13.2631449,-10.0
-15.9845779,-10.0
-16.2562235,-10.0
-15.9973075,-10.0
-17.0949001,-10.0
-16.3815414,-10.0
0.3550496,0.3550496
0.5141237,0.5141237
1.8804372,1.8804372
15.6097893,-10.0
-0.9829448,-0.9829448
-0.3901161,-0.3901161
3.5150392,3.5150392
-0.1274307,-0.1274307
3.0974911,3.0974911
0.1169715,0.1169715
-1.2033883,-1.2033883
-0.4377288,-0.4377288
3.6897984,3.6897984
2.721433,2.721433
15.9845779,-10.0
-0.2716456,-0.2716456
-0.0127296,-0.0127296
-1.1103222,-1.1103222
-0.3969635,-0.3969635
0.6266952,0.6266952
0.7857693,0.7857693
2.1520828,2.1520828
15.8814349,-10.0
-0.7112992,-0.7112992
-0.1184705,-0.1184705
3.7866848,3.7866848
0.1442149,0.1442149
3.3691367,3.3691367
0.3886171,0.3886171
-0.9317427,-0.9317427
-0.1660832,-0.1660832
3.961444,3.961444
2.9930786,2.9930786
16.2562235,-10.0
0.2716456,0.2716456
0.258916,0.258916
-0.8386766,-0.8386766
-0.1253179,-0.1253179
0.3677792,0.3677792
0.5268533,0.5268533
1.8931668,1.8931668
15.6225189,-10.0
-0.9702152,-0.9702152
-0.3773865,-0.3773865
3.5277688,3.5277688
-0.1147011,-0.1147011
3.1102207,3.1102207
0.1297011,0.1297011
-1.1906587,-1.1906587
-0.4249992,-0.4249992
3.702528,3.702528
2.7341626,2.7341626
15.9973075,-10.0
0.0127296,0.0127296
-0.258916,-0.258916
-1.0975926,-1.0975926
-0.3842339,-0.3842339
1.4653718,1.4653718
1.6244459,1.6244459
2.9907594,2.9907594
16.7201115,-10.0
0.1273774,0.1273774
0.7202061,0.7202061
4.6253614,4.6253614
0.9828915,0.9828915
4.2078133,4.2078133
1.2272937,1.2272937
-0.0930661,-0.0930661
0.6725934,0.6725934
4.8001206,4.8001206
3.8317552,3.8317552
17.0949001,-10.0
1.1103222,1.1103222
0.8386766,0.8386766
1.0975926,1.0975926
0.7133587,0.7133587
0.7520131,0.7520131
0.9110872,0.9110872
2.2774007,2.2774007
16.0067528,-10.0
-0.5859813,-0.5859813
0.0068474,0.0068474
3.9120027,3.9120027
0.2695328,0.2695328
3.4944546,3.4944546
0.513935,0.513935
-0.8064248,-0.8064248
-0.0407653,-0.0407653
4.0867619,4.0867619
3.1183965,3.1183965
16.3815414,-10.0
0.3969635,0.3969635
0.1253179,0.1253179
0.3842339,0.3842339
-0.7133587,-0.7133587
1.0589186,1.0589186
5.0485122,5.0485122
4.6498246,4.6498246
-0.1612338,-0.1612338
1.6821605,1.6821605
11.2472999,-10.0
-0.5153168,-0.5153168
7.2747829,7.2747829
-0.1927701,-0.1927701
0.4822679,0.4822679
2.1484476,2.1484476
2.5088188,2.5088188
2.3624439,2.3624439
4.5504687,4.5504687
1.0046686,1.0046686
0.7433306,0.7433306
0.0641732,0.0641732
3.7524802,3.7524802
2.3851423,2.3851423
-1.0589186,-1.0589186
3.9895936,3.9895936
3.590906,3.590906
-1.2201524,-1.2201524
0.6232419,0.6232419
10.1883813,-10.0
-1.5742354,-1.5742354
6.2158643,6.2158643
-1.2516887,-1.2516887
-0.5766507,-0.5766507
1.089529,1.089529
1.4499002,1.4499002
1.3035253,1.3035253
3.4915501,3.4915501
-0.05425,-0.05425
-0.315588,-0.315588
-0.9947454,-0.9947454
2.6935616,2.6935616
1.3262237,1.3262237
-5.0485122,-5.0485122
-3.9895936,-3.9895936
-0.3986876,-0.3986876
-5.209746,-5.209746
-3.3663517,-3.3663517
6.1987877,6.1987877
-5.563829,-5.563829
2.2262707,2.2262707
-5.2412823,-5.2412823
-4.5662443,-4.5662443
-2.9000646,-2.9000646
-2.5396934,-2.5396934
-2.6860683,-2.6860683
-0.4980435,-0.4980435
-4.0438436,-4.0438436
-4.3051816,-4.3051816
-4.984339,-4.984339
-1.296032,-1.296032
-2.6633699,-2.6633699
-4.6498246,-4.6498246
-3.590906,-3.590906
0.3986876,0.3986876
-4.8110584,-4.8110584
-2.9676641,-2.9676641
6.5974753,6.5974753
-5.1651414,-5.1651414
2.6249583,2.6249583
-4.8425947,-4.8425947
-4.1675567,-4.1675567
-2.501377,-2.501377
-2.1410058,-2.1410058
-2.2873807,-2.2873807
-0.0993559,-0.0993559
-3.645156,-3.645156
-3.906494,-3.906494
-4.5856514,-4.5856514
-0.8973444,-0.8973444
-2.2646823,-2.2646823
0.1612338,0.1612338
1.2201524,1.2201524
5.209746,5.209746
4.8110584,4.8110584
1.8433943,1.8433943
11.4085337,-10.0
-0.354083,-0.354083
7.4360167,7.4360167
-0.0315363,-0.0315363
0.6435017,0.6435017
2.3096814,2.3096814
2.6700526,2.6700526
2.5236777,2.5236777
4.7117025,4.7117025
1.1659024,1.1659024
0.9045644,0.9045644
0.225407,0.225407
3.913714,3.913714
2.5463761,2.5463761
-1.6821605,-1.6821605
-0.6232419,-0.6232419
3.3663517,3.3663517
2.9676641,2.9676641
-1.8433943,-1.8433943
9.5651394,9.5651394
-2.1974773,-2.1974773
5.5926224,5.5926224
-1.8749306,-1.8749306
-1.1998926,-1.1998926
0.4662871,0.4662871
0.8266583,0.8266583
0.6802834,0.6802834
2.8683082,2.8683082
-0.6774919,-0.6774919
-0.9388299,-0.9388299
-1.6179873,-1.6179873
2.0703197,2.0703197
0.7029818,0.7029818
-11.2472999,-10.0
-10.1883813,-10.0
-6.1987877,-6.1987877
-6.5974753,-6.5974753
-11.4085337,-10.0
-9.5651394,-9.5651394
-11.7626167,-10.0
-3.972517,-3.972517
-11.44007,-10.0
-10.765032,-10.0
-9.0988523,-9.0988523
-8.7384811,-8.7384811
-8.884856,-8.884856
-6.6968312,-6.6968312
-10.2426313,-10.0
-10.5039693,-10.0
-11.1831267,-10.0
-7.4948197,-7.4948197
-8.8621576,-8.8621576
0.5153168,0.5153168
1.5742354,1.5742354
5.563829,5.563829
5.1651414,5.1651414
0.354083,0.354083
2.1974773,2.1974773
11.7626167,-10.0
7.7900997,7.7900997
0.3225467,0.3225467
0.9975847,0.9975847
2.6637644,2.6637644
3.0241356,3.0241356
2.8777607,2.8777607
5.0657855,5.0657855
1.5199854,1.5199854
1.2586474,1.2586474
0.57949,0.57949
4.267797,4.267797
2.9004591,2.9004591
-7.2747829,-7.2747829
-6.2158643,-6.2158643
-2.2262707,-2.2262707
-2.6249583,-2.6249583
-7.4360167,-7.4360167
-5.5926224,-5.5926224
3.972517,3.972517
-7.7900997,-7.7900997
-7.467553,-7.467553
-6.792515,-6.792515
-5.1263353,-5.1263353
-4.7659641,-4.7659641
-4.912339,-4.912339
-2.7243142,-2.7243142
-6.2701143,-6.2701143
-6.5314523,-6.5314523
-7.2106097,-7.2106097
-3.5223027,-3.5223027
-4.8896406,-4.8896406
0.1927701,0.1927701
1.2516887,1.2516887
5.2412823,5.2412823
4.8425947,4.8425947
0.0315363,0.0315363
1.8749306,1.8749306
11.44007,-10.0
-0.3225467,-0.3225467
7.467553,7.467553
0.675038,0.675038
2.3412177,2.3412177
2.7015889,2.7015889
2.555214,2.555214
4.7432388,4.7432388
1.1974387,1.1974387
0.9361007,0.9361007
0.2569433,0.2569433
3.9452503,3.9452503
2.5779124,2.5779124
-0.4822679,-0.4822679
0.5766507,0.5766507
4.5662443,4.5662443
4.1675567,4.1675567
-0.6435017,-0.6435017
1.1998926,1.1998926
10.765032,-10.0
-0.9975847,-0.9975847
6.792515,6.792515
-0.675038,-0.675038
1.6661797,1.6661797
2.0265509,2.0265509
1.880176,1.880176
4.0682008,4.0682008
0.5224007,0.5224007
0.2610627,0.2610627
-0.4180947,-0.4180947
3.2702123,3.2702123
1.9028744,1.9028744
-2.1484476,-2.1484476
-1.089529,-1.089529
2.9000646,2.9000646
2.501377,2.501377
-2.3096814,-2.3096814
-0.4662871,-0.4662871
9.0988523,9.0988523
-2.6637644,-2.6637644
5.1263353,5.1263353
-2.3412177,-2.3412177
-1.6661797,-1.6661797
0.3603712,0.3603712
0.2139963,0.2139963
2.4020211,2.4020211
-1.143779,-1.143779
-1.405117,-1.405117
-2.0842744,-2.0842744
1.6040326,1.6040326
0.2366947,0.2366947
-2.5088188,-2.5088188
-1.4499002,-1.4499002
2.5396934,2.5396934
2.1410058,2.1410058
-2.6700526,-2.6700526
-0.8266583,-0.8266583
8.7384811,8.7384811
-3.0241356,-3.0241356
4.7659641,4.7659641
-2.7015889,-2.7015889
-2.0265509,-2.0265509
-0.3603712,-0.3603712
-0.1463749,-0.1463749
2.0416499,2.0416499
-1.5041502,-1.5041502
-1.7654882,-1.7654882
-2.4446456,-2.4446456
1.2436614,1.2436614
-0.1236765,-0.1236765
-2.3624439,-2.3624439
-1.3035253,-1.3035253
2.6860683,2.6860683
2.2873807,2.2873807
-2.5236777,-2.5236777
-0.6802834,-0.6802834
8.884856,8.884856
-2.8777607,-2.8777607
4.912339,4.912339
-2.555214,-2.555214
-1.880176,-1.880176
-0.2139963,-0.2139963
0.1463749,0.1463749
2.1880248,2.1880248
-1.3577753,-1.3577753
-1.6191133,-1.6191133
-2.2982707,-2.2982707
1.3900363,1.3900363
0.0226984,0.0226984
-4.5504687,-4.5504687
-3.4915501,-3.4915501
0.4980435,0.4980435
0.0993559,0.0993559
-4.7117025,-4.7117025
-2.8683082,-2.8683082
6.6968312,6.6968312
-5.0657855,-5.0657855
2.7243142,2.7243142
-4.7432388,-4.7432388
-4.0682008,-4.0682008
-2.4020211,-2.4020211
-2.0416499,-2.0416499
-2.1880248,-2.1880248
-3.5458001,-3.5458001
-3.8071381,-3.8071381
-4.4862955,-4.4862955
-0.7979885,-0.7979885
-2.1653264,-2.1653264
-1.0046686,-1.0046686
0.05425,0.05425
4.0438436,4.0438436
3.645156,3.645156
-1.1659024,-1.1659024
0.6774919,0.6774919
10.2426313,-10.0
-1.5199854,-1.5199854
6.2701143,6.2701143
-1.1974387,-1.1974387
-0.5224007,-0.5224007
1.143779,1.143779
1.5041502,1.5041502
1.3577753,1.3577753
3.5458001,3.5458001
-0.261338,-0.261338
-0.9404954,-0.9404954
2.7478116,2.7478116
1.3804737,1.3804737
-0.7433306,-0.7433306
0.315588,0.315588
4.3051816,4.3051816
3.906494,3.906494
-0.9045644,-0.9045644
0.9388299,0.9388299
10.5039693,-10.0
-1.2586474,-1.2586474
6.5314523,6.5314523
-0.9361007,-0.9361007
-0.2610627,-0.2610627
1.405117,1.405117
1.7654882,1.7654882
1.6191133,1.6191133
3.8071381,3.8071381
0.261338,0.261338
-0.6791574,-0.6791574
3.0091496,3.0091496
1.6418117,1.6418117
-0.0641732,-0.0641732
0.9947454,0.9947454
4.984339,4.984339
4.5856514,4.5856514
-0.225407,-0.225407
1.6179873,1.6179873
11.1831267,-10.0
-0.57949,-0.57949
7.2106097,7.2106097
-0.2569433,-0.2569433
0.4180947,0.4180947
2.0842744,2.0842744
2.4446456,2.4446456
2.2982707,2.2982707
4.4862955,4.4862955
0.9404954,0.9404954
0.6791574,0.6791574
3.688307,3.688307
2.3209691,2.3209691
-3.7524802,-3.7524802
-2.6935616,-2.6935616
1.296032,1.296032
0.8973444,0.8973444
-3.913714,-3.913714
-2.0703197,-2.0703197
7.4948197,7.4948197
-4.267797,-4.267797
3.5223027,3.5223027
-3.9452503,-3.9452503
-3.2702123,-3.2702123
-1.6040326,-1.6040326
-1.2436614,-1.2436614
-1.3900363,-1.3900363
0.7979885,0.7979885
-2.7478116,-2.7478116
-3.0091496,-3.0091496
-3.688307,-3.688307
-1.3673379,-1.3673379
-2.3851423,-2.3851423
-1.3262237,-1.3262237
2.6633699,2.6633699
2.2646823,2.2646823
-2.5463761,-2.5463761
-0.7029818,-0.7029818
8.8621576,8.8621576
-2.9004591,-2.9004591
4.8896406,4.8896406
-2.5779124,-2.5779124
-1.9028744,-1.9028744
-0.2366947,-0.2366947
0.1236765,0.1236765
-0.0226984,-0.0226984
2.1653264,2.1653264
-1.3804737,-1.3804737
-1.6418117,-1.6418117
-2.3209691,-2.3209691
1.3673379,1.3673379
-0.7365729,-0.7365729
1.8078631,1.8078631
9.4818079,9.4818079
-0.8296351,-0.8296351
0.8641523,0.8641523
13.911493,-10.0
-1.9858726,-1.9858726
13.2551639,-10.0
-0.3969,-0.3969
-0.7117301,-0.7117301
13.7054383,-10.0
-0.4046126,-0.4046126
13.9977647,-10.0
5.0844862,5.0844862
1.2077814,1.2077814
0.012838,0.012838
-1.2757568,-1.2757568
0.3278667,0.3278667
1.0799397,1.0799397
0.7365729,0.7365729
2.544436,2.544436
10.2183808,-10.0
-0.0930622,-0.0930622
1.6007252,1.6007252
14.6480659,-10.0
-1.2492997,-1.2492997
13.9917368,-10.0
0.3396729,0.3396729
0.0248428,0.0248428
14.4420112,-10.0
0.3319603,0.3319603
14.7343376,-10.0
5.8210591,5.8210591
1.9443543,1.9443543
0.7494109,0.7494109
-0.5391839,-0.5391839
1.0644396,1.0644396
1.8165126,1.8165126
-1.8078631,-1.8078631
-2.544436,-2.544436
7.6739448,7.6739448
-2.6374982,-2.6374982
-0.9437108,-0.9437108
12.1036299,-10.0
-3.7937357,-3.7937357
11.4473008,-10.0
-2.2047631,-2.2047631
-2.5195932,-2.5195932
11.8975752,-10.0
-2.2124757,-2.2124757
12.1899016,-10.0
3.2766231,3.2766231
-0.6000817,-0.6000817
-1.7950251,-1.7950251
-3.0836199,-3.0836199
-1.4799964,-1.4799964
-0.7279234,-0.7279234
-9.4818079,-9.4818079
-10.2183808,-10.0
-7.6739448,-7.6739448
-10.311443,-10.0
-8.6176556,-8.6176556
4.4296851,4.4296851
-11.4676805,-10.0
3.773356,3.773356
-9.8787079,-9.8787079
-10.193538,-10.0
4.2236304,4.2236304
-9.8864205,-9.8864205
4.5159568,4.5159568
-4.3973217,-4.3973217
-8.2740265,-8.2740265
-9.4689699,-9.4689699
-10.7575647,-10.0
-9.1539412,-9.1539412
-8.4018682,-8.4018682
0.8296351,0.8296351
0.0930622,0.0930622
2.6374982,2.6374982
10.311443,-10.0
1.6937874,1.6937874
14.7411281,-10.0
-1.1562375,-1.1562375
14.084799,-10.0
0.4327351,0.4327351
0.117905,0.117905
14.5350734,-10.0
0.4250225,0.4250225
14.8273998,-10.0
5.9141213,5.9141213
2.0374165,2.0374165
0.8424731,0.8424731
-0.4461217,-0.4461217
1.1575018,1.1575018
1.9095748,1.9095748
-0.8641523,-0.8641523
-1.6007252,-1.6007252
0.9437108,0.9437108
8.6176556,8.6176556
-1.6937874,-1.6937874
13.0473407,-10.0
-2.8500249,-2.8500249
12.3910116,-10.0
-1.2610523,-1.2610523
-1.5758824,-1.5758824
12.841286,-10.0
-1.2687649,-1.2687649
13.1336124,-10.0
4.2203339,4.2203339
0.3436291,0.3436291
-0.8513143,-0.8513143
-2.1399091,-2.1399091
-0.5362856,-0.5362856
0.2157874,0.2157874
-13.911493,-10.0
-14.6480659,-10.0
-12.1036299,-10.0
-4.4296851,-4.4296851
-14.7411281,-10.0
-13.0473407,-10.0
-15.8973656,-10.0
-0.6563291,-0.6563291
-14.308393,-10.0
-14.6232231,-10.0
-0.2060547,-0.2060547
-14.3161056,-10.0
0.0862717,0.0862717
-8.8270068,-8.8270068
-12.7037116,-10.0
-13.898655,-10.0
-15.1872498,-10.0
-13.5836263,-10.0
-12.8315533,-10.0
1.9858726,1.9858726
1.2492997,1.2492997
3.7937357,3.7937357
11.4676805,-10.0
1.1562375,1.1562375
2.8500249,2.8500249
15.8973656,-10.0
15.2410365,-10.0
1.5889726,1.5889726
1.2741425,1.2741425
15.6913109,-10.0
1.58126,1.58126
15.9836373,-10.0
7.0703588,7.0703588
3.193654,3.193654
1.9987106,1.9987106
0.7101158,0.7101158
2.3137393,2.3137393
3.0658123,3.0658123
-13.2551639,-10.0
-13.9917368,-10.0
-11.4473008,-10.0
-3.773356,-3.773356
-14.084799,-10.0
-12.3910116,-10.0
0.6563291,0.6563291
-15.2410365,-10.0
-13.6520639,-10.0
-13.966894,-10.0
0.4502744,0.4502744
-13.6597765,-10.0
0.7426008,0.7426008
-8.1706777,-8.1706777
-12.0473825,-10.0
-13.2423259,-10.0
-14.5309207,-10.0
-12.9272972,-10.0
-12.1752242,-10.0
0.3969,0.3969
-0.3396729,-0.3396729
2.2047631,2.2047631
9.8787079,9.8787079
-0.4327351,-0.4327351
1.2610523,1.2610523
14.308393,-10.0
-1.5889726,-1.5889726
13.6520639,-10.0
-0.3148301,-0.3148301
14.1023383,-10.0
-0.0077126,-0.0077126
14.3946647,-10.0
5.4813862,5.4813862
1.6046814,1.6046814
0.409738,0.409738
-0.8788568,-0.8788568
0.7247667,0.7247667
1.4768397,1.4768397
0.7117301,0.7117301
-0.0248428,-0.0248428
2.5195932,2.5195932
10.193538,-10.0
-0.117905,-0.117905
1.5758824,1.5758824
14.6232231,-10.0
-1.2741425,-1.2741425
13.966894,-10.0
0.3148301,0.3148301
14.4171684,-10.0
0.3071175,0.3071175
14.7094948,-10.0
5.7962163,5.7962163
1.9195115,1.9195115
0.7245681,0.7245681
-0.5640267,-0.5640267
1.0395968,1.0395968
1.7916698,1.7916698
-13.7054383,-10.0
-14.4420112,-10.0
-11.8975752,-10.0
-4.2236304,-4.2236304
-14.5350734,-10.0
-12.841286,-10.0
0.2060547,0.2060547
-15.6913109,-10.0
-0.4502744,-0.4502744
-14.1023383,-10.0
-14.4171684,-10.0
-14.1100509,-10.0
0.2923264,0.2923264
-8.6209521,-8.6209521
-12.4976569,-10.0
-13.6926003,-10.0
-14.9811951,-10.0
-13.3775716,-10.0
-12.6254986,-10.0
0.4046126,0.4046126
-0.3319603,-0.3319603
2.2124757,2.2124757
9.8864205,9.8864205
-0.4250225,-0.4250225
1.2687649,1.2687649
14.3161056,-10.0
-1.58126,-1.58126
13.6597765,-10.0
0.0077126,0.0077126
-0.3071175,-0.3071175
14.1100509,-10.0
14.4023773,-10.0
5.4890988,5.4890988
1.612394,1.612394
0.4174506,0.4174506
-0.8711442,-0.8711442
0.7324793,0.7324793
1.4845523,1.4845523
-13.9977647,-10.0
-14.7343376,-10.0
-12.1899016,-10.0
-4.5159568,-4.5159568
-14.8273998,-10.0
-13.1336124,-10.0
-0.0862717,-0.0862717
-15.9836373,-10.0
-0.7426008,-0.7426008
-14.3946647,-10.0
-14.7094948,-10.0
-0.2923264,-0.2923264
-14.4023773,-10.0
-8.9132785,-8.9132785
-12.7899833,-10.0
-13.9849267,-10.0
-15.2735215,-10.0
-13.669898,-10.0
-12.917825,-10.0
-5.0844862,-5.0844862
-5.8210591,-5.8210591
-3.2766231,-3.2766231
4.3973217,4.3973217
-5.9141213,-5.9141213
-4.2203339,-4.2203339
8.8270068,8.8270068
-7.0703588,-7.0703588
8.1706777,8.1706777
-5.4813862,-5.4813862
-5.7962163,-5.7962163
8.6209521,8.6209521
-5.4890988,-5.4890988
8.9132785,8.9132785
-3.8767048,-3.8767048
-5.0716482,-5.0716482
-6.360243,-6.360243
-4.7566195,-4.7566195
-4.0045465,-4.0045465
-1.2077814,-1.2077814
-1.9443543,-1.9443543
0.6000817,0.6000817
8.2740265,8.2740265
-2.0374165,-2.0374165
-0.3436291,-0.3436291
12.7037116,-10.0
-3.193654,-3.193654
12.0473825,-10.0
-1.6046814,-1.6046814
-1.9195115,-1.9195115
12.4976569,-10.0
-1.612394,-1.612394
12.7899833,-10.0
3.8767048,3.8767048
-1.1949434,-1.1949434
-2.4835382,-2.4835382
-0.8799147,-0.8799147
-0.1278417,-0.1278417
-0.012838,-0.012838
-0.7494109,-0.7494109
1.7950251,1.7950251
9.4689699,9.4689699
-0.8424731,-0.8424731
0.8513143,0.8513143
13.898655,-10.0
-1.9987106,-1.9987106
13.2423259,-10.0
-0.409738,-0.409738
-0.7245681,-0.7245681
13.6926003,-10.0
-0.4174506,-0.4174506
13.9849267,-10.0
5.0716482,5.0716482
1.1949434,1.1949434
-1.2885948,-1.2885948
0.3150287,0.3150287
1.0671017,1.0671017
1.2757568,1.2757568
0.5391839,0.5391839
3.0836199,3.0836199
10.7575647,-10.0
0.4461217,0.4461217
2.1399091,2.1399091
15.1872498,-10.0
-0.7101158,-0.7101158
14.5309207,-10.0
0.8788568,0.8788568
0.5640267,0.5640267
14.9811951,-10.0
0.8711442,0.8711442
15.2735215,-10.0
6.360243,6.360243
2.4835382,2.4835382
1.2885948,1.2885948
1.6036235,1.6036235
2.3556965,2.3556965
-0.3278667,-0.3278667
-1.0644396,-1.0644396
1.4799964,1.4799964
9.1539412,9.1539412
-1.1575018,-1.1575018
0.5362856,0.5362856
13.5836263,-10.0
-2.3137393,-2.3137393
12.9272972,-10.0
-0.7247667,-0.7247667
-1.0395968,-1.0395968
13.3775716,-10.0
-0.7324793,-0.7324793
13.669898,-10.0
4.7566195,4.7566195
0.8799147,0.8799147
-0.3150287,-0.3150287
-1.6036235,-1.6036235
0.752073,0.752073
-1.0799397,-1.0799397
-1.8165126,-1.8165126
0.7279234,0.7279234
8.4018682,8.4018682
-1.9095748,-1.9095748
-0.2157874,-0.2157874
12.8315533,-10.0
-3.0658123,-3.0658123
12.1752242,-10.0
-1.4768397,-1.4768397
-1.7916698,-1.7916698
12.6254986,-10.0
-1.4845523,-1.4845523
12.917825,-10.0
4.0045465,4.0045465
0.1278417,0.1278417
-1.0671017,-1.0671017
-2.3556965,-2.3556965
-0.752073,-0.752073
0.7221173,0.7221173
8.4861374,8.4861374
2.4675161,2.4675161
0.3893546,0.3893546
0.4178747,0.4178747
2.8144466,2.8144466
0.3488994,0.3488994
2.3244422,2.3244422
0.6616366,0.6616366
-0.0004861,-0.0004861
2.4687271,2.4687271
2.4904144,2.4904144
6.7509528,6.7509528
14.894073,-10.0
0.3920299,0.3920299
-0.5695856,-0.5695856
-0.1659471,-0.1659471
-1.4346575,-1.4346575
-0.0765383,-0.0765383
-0.7221173,-0.7221173
7.7640201,7.7640201
1.7453988,1.7453988
-0.3327627,-0.3327627
-0.3042426,-0.3042426
2.0923293,2.0923293
-0.3732179,-0.3732179
1.6023249,1.6023249
-0.0604807,-0.0604807
-0.7226034,-0.7226034
1.7466098,1.7466098
1.7682971,1.7682971
6.0288355,6.0288355
14.1719557,-10.0
-0.3300874,-0.3300874
-1.2917029,-1.2917029
-0.8880644,-0.8880644
-2.1567748,-2.1567748
-0.7986556,-0.7986556
-8.4861374,-8.4861374
-7.7640201,-7.7640201
-6.0186213,-6.0186213
-8.0967828,-8.0967828
-8.0682627,-8.0682627
-5.6716908,-5.6716908
-8.137238,-8.137238
-6.1616952,-6.1616952
-7.8245008,-7.8245008
-8.4866235,-8.4866235
-6.0174103,-6.0174103
-5.995723,-5.995723
-1.7351846,-1.7351846
6.4079356,6.4079356
-8.0941075,-8.0941075
-9.055723,-9.055723
-8.6520845,-8.6520845
-9.9207949,-9.9207949
-8.5626757,-8.5626757
-2.4675161,-2.4675161
-1.7453988,-1.7453988
6.0186213,6.0186213
-2.0781615,-2.0781615
-2.0496414,-2.0496414
0.3469305,0.3469305
-2.1186167,-2.1186167
-0.1430739,-0.1430739
-1.8058795,-1.8058795
-2.4680022,-2.4680022
0.001211,0.001211
0.0228983,0.0228983
4.2834367,4.2834367
12.4265569,-10.0
-2.0754862,-2.0754862
-3.0371017,-3.0371017
-2.6334632,-2.6334632
-3.9021736,-3.9021736
-2.5440544,-2.5440544
-0.3893546,-0.3893546
0.3327627,0.3327627
8.0967828,8.0967828
2.0781615,2.0781615
0.0285201,0.0285201
2.425092,2.425092
-0.0404552,-0.0404552
1.9350876,1.9350876
0.272282,0.272282
-0.3898407,-0.3898407
2.0793725,2.0793725
2.1010598,2.1010598
6.3615982,6.3615982
14.5047184,-10.0
0.0026753,0.0026753
-0.9589402,-0.9589402
-0.5553017,-0.5553017
-1.8240121,-1.8240121
-0.4658929,-0.4658929
-0.4178747,-0.4178747
0.3042426,0.3042426
8.0682627,8.0682627
2.0496414,2.0496414
-0.0285201,-0.0285201
2.3965719,2.3965719
-0.0689753,-0.0689753
1.9065675,1.9065675
0.2437619,0.2437619
-0.4183608,-0.4183608
2.0508524,2.0508524
2.0725397,2.0725397
6.3330781,6.3330781
14.4761983,-10.0
-0.0258448,-0.0258448
-0.9874603,-0.9874603
-0.5838218,-0.5838218
-1.8525322,-1.8525322
-0.494413,-0.494413
-2.8144466,-2.8144466
-2.0923293,-2.0923293
5.6716908,5.6716908
-0.3469305,-0.3469305
-2.425092,-2.425092
-2.3965719,-2.3965719
-2.4655472,-2.4655472
-0.4900044,-0.4900044
-2.15281,-2.15281
-2.8149327,-2.8149327
-0.3457195,-0.3457195
-0.3240322,-0.3240322
3.9365062,3.9365062
12.0796264,-10.0
-2.4224167,-2.4224167
-3.3840322,-3.3840322
-2.9803937,-2.9803937
-4.2491041,-4.2491041
-2.8909849,-2.8909849
-0.3488994,-0.3488994
0.3732179,0.3732179
8.137238,8.137238
2.1186167,2.1186167
0.0404552,0.0404552
0.0689753,0.0689753
2.4655472,2.4655472
1.9755428,1.9755428
0.3127372,0.3127372
-0.3493855,-0.3493855
2.1198277,2.1198277
2.141515,2.141515
6.4020534,6.4020534
14.5451736,-10.0
0.0431305,0.0431305
-0.918485,-0.918485
-0.5148465,-0.5148465
-1.7835569,-1.7835569
-0.4254377,-0.4254377
-2.3244422,-2.3244422
-1.6023249,-1.6023249
6.1616952,6.1616952
0.1430739,0.1430739
-1.9350876,-1.9350876
-1.9065675,-1.9065675
0.4900044,0.4900044
-1.9755428,-1.9755428
-1.6628056,-1.6628056
-2.3249283,-2.3249283
0.1442849,0.1442849
0.1659722,0.1659722
4.4265106,4.4265106
12.5696308,-10.0
-1.9324123,-1.9324123
-2.8940278,-2.8940278
-2.4903893,-2.4903893
-3.7590997,-3.7590997
-2.4009805,-2.4009805
-0.6616366,-0.6616366
0.0604807,0.0604807
7.8245008,7.8245008
1.8058795,1.8058795
-0.272282,-0.272282
-0.2437619,-0.2437619
2.15281,2.15281
-0.3127372,-0.3127372
1.6628056,1.6628056
-0.6621227,-0.6621227
1.8070905,1.8070905
1.8287778,1.8287778
6.0893162,6.0893162
14.2324364,-10.0
-0.2696067,-0.2696067
-1.2312222,-1.2312222
-0.8275837,-0.8275837
-2.0962941,-2.0962941
-0.7381749,-0.7381749
0.0004861,0.0004861
0.7226034,0.7226034
8.4866235,8.4866235
2.4680022,2.4680022
0.3898407,0.3898407
0.4183608,0.4183608
2.8149327,2.8149327
0.3493855,0.3493855
2.3249283,2.3249283
0.6621227,0.6621227
2.4692132,2.4692132
2.4909005,2.4909005
6.7514389,6.7514389
14.8945591,-10.0
0.392516,0.392516
-0.5690995,-0.5690995
-0.165461,-0.165461
-1.4341714,-1.4341714
-0.0760522,-0.0760522
-2.4687271,-2.4687271
-1.7466098,-1.7466098
6.0174103,6.0174103
-0.001211,-0.001211
-2.0793725,-2.0793725
-2.0508524,-2.0508524
0.3457195,0.3457195
-2.1198277,-2.1198277
-0.1442849,-0.1442849
-1.8070905,-1.8070905
-2.4692132,-2.4692132
0.0216873,0.0216873
4.2822257,4.2822257
12.4253459,-10.0
-2.0766972,-2.0766972
-3.0383127,-3.0383127
-2.6346742,-2.6346742
-3.9033846,-3.9033846
-2.5452654,-2.5452654
-2.4904144,-2.4904144
-1.7682971,-1.7682971
5.995723,5.995723
-0.0228983,-0.0228983
-2.1010598,-2.1010598
-2.0725397,-2.0725397
0.3240322,0.3240322
-2.141515,-2.141515
-0.1659722,-0.1659722
-1.8287778,-1.8287778
-2.4909005,-2.4909005
-0.0216873,-0.0216873
4.2605384,4.2605384
12.4036586,-10.0
-2.0983845,-2.0983845
-3.06,-3.06
-2.6563615,-2.6563615
-3.9250719,-3.9250719
-2.5669527,-2.5669527
-6.7509528,-6.7509528
-6.0288355,-6.0288355
1.7351846,1.7351846
-4.2834367,-4.2834367
-6.3615982,-6.3615982
-6.3330781,-6.3330781
-3.9365062,-3.9365062
-6.4020534,-6.4020534
-4.4265106,-4.4265106
-6.0893162,-6.0893162
-6.7514389,-6.7514389
-4.2822257,-4.2822257
-4.2605384,-4.2605384
8.1431202,8.1431202
-6.3589229,-6.3589229
-7.3205384,-7.3205384
-6.9168999,-6.9168999
-8.1856103,-8.1856103
-6.8274911,-6.8274911
-14.894073,-10.0
-14.1719557,-10.0
-6.4079356,-6.4079356
-12.4265569,-10.0
-14.5047184,-10.0
-14.4761983,-10.0
-12.0796264,-10.0
-14.5451736,-10.0
-12.5696308,-10.0
-14.2324364,-10.0
-14.8945591,-10.0
-12.4253459,-10.0
-12.4036586,-10.0
-8.1431202,-8.1431202
-14.5020431,-10.0
-15.4636586,-10.0
-15.0600201,-10.0
-16.3287305,-10.0
-14.9706113,-10.0
-0.3920299,-0.3920299
0.3300874,0.3300874
8.0941075,8.0941075
2.0754862,2.0754862
-0.0026753,-0.0026753
0.0258448,0.0258448
2.4224167,2.4224167
-0.0431305,-0.0431305
1.9324123,1.9324123
0.2696067,0.2696067
-0.392516,-0.392516
2.0766972,2.0766972
2.0983845,2.0983845
6.3589229,6.3589229
14.5020431,-10.0
-0.9616155,-0.9616155
-0.557977,-0.557977
-1.8266874,-1.8266874
-0.4685682,-0.4685682
0.5695856,0.5695856
1.2917029,1.2917029
9.055723,9.055723
3.0371017,3.0371017
0.9589402,0.9589402
0.9874603,0.9874603
3.3840322,3.3840322
0.918485,0.918485
2.8940278,2.8940278
1.2312222,1.2312222
0.5690995,0.5690995
3.0383127,3.0383127
3.06,3.06
7.3205384,7.3205384
15.4636586,-10.0
0.9616155,0.9616155
0.4036385,0.4036385
-0.8650719,-0.8650719
0.4930473,0.4930473
0.1659471,0.1659471
0.8880644,0.8880644
8.6520845,8.6520845
2.6334632,2.6334632
0.5553017,0.5553017
0.5838218,0.5838218
2.9803937,2.9803937
0.5148465,0.5148465
2.4903893,2.4903893
0.8275837,0.8275837
0.165461,0.165461
2.6346742,2.6346742
2.6563615,2.6563615
6.9168999,6.9168999
15.0600201,-10.0
0.557977,0.557977
-0.4036385,-0.4036385
-1.2687104,-1.2687104
0.0894088,0.0894088
1.4346575,1.4346575
2.1567748,2.1567748
9.9207949,9.9207949
3.9021736,3.9021736
1.8240121,1.8240121
1.8525322,1.8525322
4.2491041,4.2491041
1.7835569,1.7835569
3.7590997,3.7590997
2.0962941,2.0962941
1.4341714,1.4341714
3.9033846,3.9033846
3.9250719,3.9250719
8.1856103,8.1856103
16.3287305,-10.0
1.8266874,1.8266874
0.8650719,0.8650719
1.2687104,1.2687104
1.3581192,1.3581192
0.0765383,0.0765383
0.7986556,0.7986556
8.5626757,8.5626757
2.5440544,2.5440544
0.4658929,0.4658929
0.494413,0.494413
2.8909849,2.8909849
0.4254377,0.4254377
2.4009805,2.4009805
0.7381749,0.7381749
0.0760522,0.0760522
2.5452654,2.5452654
2.5669527,2.5669527
6.8274911,6.8274911
14.9706113,-10.0
0.4685682,0.4685682
-0.4930473,-0.4930473
-0.0894088,-0.0894088
-1.3581192,-1.3581192
5.526229,5.526229
1.8191072,1.8191072
3.0207387,3.0207387
-0.7306593,-0.7306593
-0.0523337,-0.0523337
1.0668809,1.0668809
-0.09641,-0.09641
0.3061435,0.3061435
0.5716642,0.5716642
0.4797246,0.4797246
0.903923,0.903923
2.9077098,2.9077098
1.0767782,1.0767782
1.3651438,1.3651438
2.4651957,2.4651957
1.140588,1.140588
0.3587629,0.3587629
-1.542873,-1.542873
-2.787532,-2.787532
-5.526229,-5.526229
-3.7071218,-3.7071218
-2.5054903,-2.5054903
-6.2568883,-6.2568883
-5.5785627,-5.5785627
-4.4593481,-4.4593481
-5.622639,-5.622639
-5.2200855,-5.2200855
-4.9545648,-4.9545648
-5.0465044,-5.0465044
-4.622306,-4.622306
-2.6185192,-2.6185192
-4.4494508,-4.4494508
-4.1610852,-4.1610852
-3.0610333,-3.0610333
-4.385641,-4.385641
-5.1674661,-5.1674661
-7.069102,-7.069102
-8.313761,-8.313761
-1.8191072,-1.8191072
3.7071218,3.7071218
1.2016315,1.2016315
-2.5497665,-2.5497665
-1.8714409,-1.8714409
-0.7522263,-0.7522263
-1.9155172,-1.9155172
-1.5129637,-1.5129637
-1.247443,-1.247443
-1.3393826,-1.3393826
-0.9151842,-0.9151842
1.0886026,1.0886026
-0.742329,-0.742329
-0.4539634,-0.4539634
0.6460885,0.6460885
-0.6785192,-0.6785192
-1.4603443,-1.4603443
-3.3619802,-3.3619802
-4.6066392,-4.6066392
-3.0207387,-3.0207387
2.5054903,2.5054903
-1.2016315,-1.2016315
-3.751398,-3.751398
-3.0730724,-3.0730724
-1.9538578,-1.9538578
-3.1171487,-3.1171487
-2.7145952,-2.7145952
-2.4490745,-2.4490745
-2.5410141,-2.5410141
-2.1168157,-2.1168157
-0.1130289,-0.1130289
-1.9439605,-1.9439605
-1.6555949,-1.6555949
-0.555543,-0.555543
-1.8801507,-1.8801507
-2.6619758,-2.6619758
-4.5636117,-4.5636117
-5.8082707,-5.8082707
0.7306593,0.7306593
6.2568883,6.2568883
2.5497665,2.5497665
3.751398,3.751398
0.6783256,0.6783256
1.7975402,1.7975402
0.6342493,0.6342493
1.0368028,1.0368028
1.3023235,1.3023235
1.2103839,1.2103839
1.6345823,1.6345823
3.6383691,3.6383691
1.8074375,1.8074375
2.0958031,2.0958031
3.195855,3.195855
1.8712473,1.8712473
1.0894222,1.0894222
-0.8122137,-0.8122137
-2.0568727,-2.0568727
0.0523337,0.0523337
5.5785627,5.5785627
1.8714409,1.8714409
3.0730724,3.0730724
-0.6783256,-0.6783256
1.1192146,1.1192146
-0.0440763,-0.0440763
0.3584772,0.3584772
0.6239979,0.6239979
0.5320583,0.5320583
0.9562567,0.9562567
2.9600435,2.9600435
1.1291119,1.1291119
1.4174775,1.4174775
2.5175294,2.5175294
1.1929217,1.1929217
0.4110966,0.4110966
-1.4905393,-1.4905393
-2.7351983,-2.7351983
-1.0668809,-1.0668809
4.4593481,4.4593481
0.7522263,0.7522263
1.9538578,1.9538578
-1.7975402,-1.7975402
-1.1192146,-1.1192146
-1.1632909,-1.1632909
-0.7607374,-0.7607374
-0.4952167,-0.4952167
-0.5871563,-0.5871563
-0.1629579,-0.1629579
1.8408289,1.8408289
0.0098973,0.0098973
0.2982629,0.2982629
1.3983148,1.3983148
0.0737071,0.0737071
-0.708118,-0.708118
-2.6097539,-2.6097539
-3.8544129,-3.8544129
0.09641,0.09641
5.622639,5.622639
1.9155172,1.9155172
3.1171487,3.1171487
-0.6342493,-0.6342493
0.0440763,0.0440763
1.1632909,1.1632909
0.4025535,0.4025535
0.6680742,0.6680742
0.5761346,0.5761346
1.000333,1.000333
3.0041198,3.0041198
1.1731882,1.1731882
1.4615538,1.4615538
2.5616057,2.5616057
1.236998,1.236998
0.4551729,0.4551729
-1.446463,-1.446463
-2.691122,-2.691122
-0.3061435,-0.3061435
5.2200855,5.2200855
1.5129637,1.5129637
2.7145952,2.7145952
-1.0368028,-1.0368028
-0.3584772,-0.3584772
0.7607374,0.7607374
-0.4025535,-0.4025535
0.2655207,0.2655207
0.1735811,0.1735811
0.5977795,0.5977795
2.6015663,2.6015663
0.7706347,0.7706347
1.0590003,1.0590003
2.1590522,2.1590522
0.8344445,0.8344445
0.0526194,0.0526194
-1.8490165,-1.8490165
-3.0936755,-3.0936755
-0.5716642,-0.5716642
4.9545648,4.9545648
1.247443,1.247443
2.4490745,2.4490745
-1.3023235,-1.3023235
-0.6239979,-0.6239979
0.4952167,0.4952167
-0.6680742,-0.6680742
-0.2655207,-0.2655207
-0.0919396,-0.0919396
0.3322588,0.3322588
2.3360456,2.3360456
0.505114,0.505114
0.7934796,0.7934796
1.8935315,1.8935315
0.5689238,0.5689238
-0.2129013,-0.2129013
-2.1145372,-2.1145372
-3.3591962,-3.3591962
-0.4797246,-0.4797246
5.0465044,5.0465044
1.3393826,1.3393826
2.5410141,2.5410141
-1.2103839,-1.2103839
-0.5320583,-0.5320583
0.5871563,0.5871563
-0.5761346,-0.5761346
-0.1735811,-0.1735811
0.0919396,0.0919396
0.4241984,0.4241984
2.4279852,2.4279852
0.5970536,0.5970536
0.8854192,0.8854192
1.9854711,1.9854711
0.6608634,0.6608634
-0.1209617,-0.1209617
-2.0225976,-2.0225976
-3.2672566,-3.2672566
-0.903923,-0.903923
4.622306,4.622306
0.9151842,0.9151842
2.1168157,2.1168157
-1.6345823,-1.6345823
-0.9562567,-0.9562567
0.1629579,0.1629579
-1.000333,-1.000333
-0.5977795,-0.5977795
-0.3322588,-0.3322588
-0.4241984,-0.4241984
2.0037868,2.0037868
0.1728552,0.1728552
0.4612208,0.4612208
1.5612727,1.5612727
0.236665,0.236665
-0.5451601,-0.5451601
-2.446796,-2.446796
-3.691455,-3.691455
-2.9077098,-2.9077098
2.6185192,2.6185192
-1.0886026,-1.0886026
0.1130289,0.1130289
-3.6383691,-3.6383691
-2.9600435,-2.9600435
-1.8408289,-1.8408289
-3.0041198,-3.0041198
-2.6015663,-2.6015663
-2.3360456,-2.3360456
-2.4279852,-2.4279852
-2.0037868,-2.0037868
-1.8309316,-1.8309316
-1.542566,-1.542566
-0.4425141,-0.4425141
-1.7671218,-1.7671218
-2.5489469,-2.5489469
-4.4505828,-4.4505828
-5.6952418,-5.6952418
-1.0767782,-1.0767782
4.4494508,4.4494508
0.742329,0.742329
1.9439605,1.9439605
-1.8074375,-1.8074375
-1.1291119,-1.1291119
-0.0098973,-0.0098973
-1.1731882,-1.1731882
-0.7706347,-0.7706347
-0.505114,-0.505114
-0.5970536,-0.5970536
-0.1728552,-0.1728552
1.8309316,1.8309316
0.2883656,0.2883656
1.3884175,1.3884175
0.0638098,0.0638098
-0.7180153,-0.7180153
-2.6196512,-2.6196512
-3.8643102,-3.8643102
-1.3651438,-1.3651438
4.1610852,4.1610852
0.4539634,0.4539634
1.6555949,1.6555949
-2.0958031,-2.0958031
-1.4174775,-1.4174775
-0.2982629,-0.2982629
-1.4615538,-1.4615538
-1.0590003,-1.0590003
-0.7934796,-0.7934796
-0.8854192,-0.8854192
-0.4612208,-0.4612208
1.542566,1.542566
-0.2883656,-0.2883656
1.1000519,1.1000519
-0.2245558,-0.2245558
-1.0063809,-1.0063809
-2.9080168,-2.9080168
-4.1526758,-4.1526758
-2.4651957,-2.4651957
3.0610333,3.0610333
-0.6460885,-0.6460885
0.555543,0.555543
-3.195855,-3.195855
-2.5175294,-2.5175294
-1.3983148,-1.3983148
-2.5616057,-2.5616057
-2.1590522,-2.1590522
-1.8935315,-1.8935315
-1.9854711,-1.9854711
-1.5612727,-1.5612727
0.4425141,0.4425141
-1.3884175,-1.3884175
-1.1000519,-1.1000519
-1.3246077,-1.3246077
-2.1064328,-2.1064328
-4.0080687,-4.0080687
-5.2527277,-5.2527277
-1.140588,-1.140588
4.385641,4.385641
0.6785192,0.6785192
1.8801507,1.8801507
-1.8712473,-1.8712473
-1.1929217,-1.1929217
-0.0737071,-0.0737071
-1.236998,-1.236998
-0.8344445,-0.8344445
-0.5689238,-0.5689238
-0.6608634,-0.6608634
-0.236665,-0.236665
1.7671218,1.7671218
-0.0638098,-0.0638098
0.2245558,0.2245558
1.3246077,1.3246077
-0.7818251,-0.7818251
-2.683461,-2.683461
-3.92812,-3.92812
-0.3587629,-0.3587629
5.1674661,5.1674661
1.4603443,1.4603443
2.6619758,2.6619758
-1.0894222,-1.0894222
-0.4110966,-0.4110966
0.708118,0.708118
-0.4551729,-0.4551729
-0.0526194,-0.0526194
0.2129013,0.2129013
0.1209617,0.1209617
0.5451601,0.5451601
2.5489469,2.5489469
0.7180153,0.7180153
1.0063809,1.0063809
2.1064328,2.1064328
0.7818251,0.7818251
-1.9016359,-1.9016359
-3.1462949,-3.1462949
1.542873,1.542873
7.069102,7.069102
3.3619802,3.3619802
4.5636117,4.5636117
0.8122137,0.8122137
1.4905393,1.4905393
2.6097539,2.6097539
1.446463,1.446463
1.8490165,1.8490165
2.1145372,2.1145372
2.0225976,2.0225976
2.446796,2.446796
4.4505828,4.4505828
2.6196512,2.6196512
2.9080168,2.9080168
4.0080687,4.0080687
2.683461,2.683461
1.9016359,1.9016359
-1.244659,-1.244659
2.787532,2.787532
8.313761,8.313761
4.6066392,4.6066392
5.8082707,5.8082707
2.0568727,2.0568727
2.7351983,2.7351983
3.8544129,3.8544129
2.691122,2.691122
3.0936755,3.0936755
3.3591962,3.3591962
3.2672566,3.2672566
3.691455,3.691455
5.6952418,5.6952418
3.8643102,3.8643102
4.1526758,4.1526758
5.2527277,5.2527277
3.92812,3.92812
3.1462949,3.1462949
1.244659,1.244659
-0.5661956,-0.5661956
1.6479794,1.6479794
6.4389274,6.4389274
-3.0024779,-3.0024779
-0.3031509,-0.3031509
-0.4346983,-0.4346983
-0.6860478,-0.6860478
4.7882237,4.7882237
-1.2102236,-1.2102236
-0.9454793,-0.9454793
0.1042166,0.1042166
-0.6457253,-0.6457253
0.2871873,0.2871873
1.7738321,1.7738321
-0.0106857,-0.0106857
0.036987,0.036987
-0.7314709,-0.7314709
-5.5422084,-5.5422084
-2.605803,-2.605803
0.5661956,0.5661956
2.214175,2.214175
7.005123,7.005123
-2.4362823,-2.4362823
0.2630447,0.2630447
0.1314973,0.1314973
-0.1198522,-0.1198522
5.3544193,5.3544193
-0.644028,-0.644028
-0.3792837,-0.3792837
0.6704122,0.6704122
-0.0795297,-0.0795297
0.8533829,0.8533829
2.3400277,2.3400277
0.5555099,0.5555099
0.6031826,0.6031826
-0.1652753,-0.1652753
-4.9760128,-4.9760128
-2.0396074,-2.0396074
-1.6479794,-1.6479794
-2.214175,-2.214175
4.790948,4.790948
-4.6504573,-4.6504573
-1.9511303,-1.9511303
-2.0826777,-2.0826777
-2.3340272,-2.3340272
3.1402443,3.1402443
-2.858203,-2.858203
-2.5934587,-2.5934587
-1.5437628,-1.5437628
-2.2937047,-2.2937047
-1.3607921,-1.3607921
0.1258527,0.1258527
-1.6586651,-1.6586651
-1.6109924,-1.6109924
-2.3794503,-2.3794503
-7.1901878,-7.1901878
-4.2537824,-4.2537824
-6.4389274,-6.4389274
-7.005123,-7.005123
-4.790948,-4.790948
-9.4414053,-9.4414053
-6.7420783,-6.7420783
-6.8736257,-6.8736257
-7.1249752,-7.1249752
-1.6507037,-1.6507037
-7.649151,-7.649151
-7.3844067,-7.3844067
-6.3347108,-6.3347108
-7.0846527,-7.0846527
-6.1517401,-6.1517401
-4.6650953,-4.6650953
-6.4496131,-6.4496131
-6.4019404,-6.4019404
-7.1703983,-7.1703983
-11.9811358,-10.0
-9.0447304,-9.0447304
3.0024779,3.0024779
2.4362823,2.4362823
4.6504573,4.6504573
9.4414053,9.4414053
2.699327,2.699327
2.5677796,2.5677796
2.3164301,2.3164301
7.7907016,7.7907016
1.7922543,1.7922543
2.0569986,2.0569986
3.1066945,3.1066945
2.3567526,2.3567526
3.2896652,3.2896652
4.77631,4.77631
2.9917922,2.9917922
3.0394649,3.0394649
2.271007,2.271007
-2.5397305,-2.5397305
0.3966749,0.3966749
0.3031509,0.3031509
-0.2630447,-0.2630447
1.9511303,1.9511303
6.7420783,6.7420783
-2.699327,-2.699327
-0.1315474,-0.1315474
-0.3828969,-0.3828969
5.0913746,5.0913746
-0.9070727,-0.9070727
-0.6423284,-0.6423284
0.4073675,0.4073675
-0.3425744,-0.3425744
0.5903382,0.5903382
2.076983,2.076983
0.2924652,0.2924652
0.3401379,0.3401379
-0.42832,-0.42832
-5.2390575,-5.2390575
-2.3026521,-2.3026521
0.4346983,0.4346983
-0.1314973,-0.1314973
2.0826777,2.0826777
6.8736257,6.8736257
-2.5677796,-2.5677796
0.1315474,0.1315474
-0.2513495,-0.2513495
5.222922,5.222922
-0.7755253,-0.7755253
-0.510781,-0.510781
0.5389149,0.5389149
-0.211027,-0.211027
0.7218856,0.7218856
2.2085304,2.2085304
0.4240126,0.4240126
0.4716853,0.4716853
-0.2967726,-0.2967726
-5.1075101,-5.1075101
-2.1711047,-2.1711047
0.6860478,0.6860478
0.1198522,0.1198522
2.3340272,2.3340272
7.1249752,7.1249752
-2.3164301,-2.3164301
0.3828969,0.3828969
0.2513495,0.2513495
5.4742715,5.4742715
-0.5241758,-0.5241758
-0.2594315,-0.2594315
0.7902644,0.7902644
0.0403225,0.0403225
0.9732351,0.9732351
2.4598799,2.4598799
0.6753621,0.6753621
0.7230348,0.7230348
-0.0454231,-0.0454231
-4.8561606,-4.8561606
-1.9197552,-1.9197552
-4.7882237,-4.7882237
-5.3544193,-5.3544193
-3.1402443,-3.1402443
1.6507037,1.6507037
-7.7907016,-7.7907016
-5.0913746,-5.0913746
-5.222922,-5.222922
-5.4742715,-5.4742715
-5.9984473,-5.9984473
-5.733703,-5.733703
-4.6840071,-4.6840071
-5.433949,-5.433949
-4.5010364,-4.5010364
-3.0143916,-3.0143916
-4.7989094,-4.7989094
-4.7512367,-4.7512367
-5.5196946,-5.5196946
-10.3304321,-10.0
-7.3940267,-7.3940267
1.2102236,1.2102236
0.644028,0.644028
2.858203,2.858203
7.649151,7.649151
-1.7922543,-1.7922543
0.9070727,0.9070727
0.7755253,0.7755253
0.5241758,0.5241758
5.9984473,5.9984473
0.2647443,0.2647443
1.3144402,1.3144402
0.5644983,0.5644983
1.4974109,1.4974109
2.9840557,2.9840557
1.1995379,1.1995379
1.2472106,1.2472106
0.4787527,0.4787527
-4.3319848,-4.3319848
-1.3955794,-1.3955794
0.9454793,0.9454793
0.3792837,0.3792837
2.5934587,2.5934587
7.3844067,7.3844067
-2.0569986,-2.0569986
0.6423284,0.6423284
0.510781,0.510781
0.2594315,0.2594315
5.733703,5.733703
-0.2647443,-0.2647443
1.0496959,1.0496959
0.299754,0.299754
1.2326666,1.2326666
2.7193114,2.7193114
0.9347936,0.9347936
0.9824663,0.9824663
0.2140084,0.2140084
-4.5967291,-4.5967291
-1.6603237,-1.6603237
-0.1042166,-0.1042166
-0.6704122,-0.6704122
1.5437628,1.5437628
6.3347108,6.3347108
-3.1066945,-3.1066945
-0.4073675,-0.4073675
-0.5389149,-0.5389149
-0.7902644,-0.7902644
4.6840071,4.6840071
-1.3144402,-1.3144402
-1.0496959,-1.0496959
-0.7499419,-0.7499419
0.1829707,0.1829707
1.6696155,1.6696155
-0.1149023,-0.1149023
-0.0672296,-0.0672296
-0.8356875,-0.8356875
-5.646425,-5.646425
-2.7100196,-2.7100196
0.6457253,0.6457253
0.0795297,0.0795297
2.2937047,2.2937047
7.0846527,7.0846527
-2.3567526,-2.3567526
0.3425744,0.3425744
0.211027,0.211027
-0.0403225,-0.0403225
5.433949,5.433949
-0.5644983,-0.5644983
-0.299754,-0.299754
0.7499419,0.7499419
0.9329126,0.9329126
2.4195574,2.4195574
0.6350396,0.6350396
0.6827123,0.6827123
-0.0857456,-0.0857456
-4.8964831,-4.8964831
-1.9600777,-1.9600777
-0.2871873,-0.2871873
-0.8533829,-0.8533829
1.3607921,1.3607921
6.1517401,6.1517401
-3.2896652,-3.2896652
-0.5903382,-0.5903382
-0.7218856,-0.7218856
-0.9732351,-0.9732351
4.5010364,4.5010364
-1.4974109,-1.4974109
-1.2326666,-1.2326666
-0.1829707,-0.1829707
-0.9329126,-0.9329126
1.4866448,1.4866448
-0.297873,-0.297873
-0.2502003,-0.2502003
-1.0186582,-1.0186582
-5.8293957,-5.8293957
-2.8929903,-2.8929903
-1.7738321,-1.7738321
-2.3400277,-2.3400277
-0.1258527,-0.1258527
4.6650953,4.6650953
-4.77631,-4.77631
-2.076983,-2.076983
-2.2085304,-2.2085304
-2.4598799,-2.4598799
3.0143916,3.0143916
-2.9840557,-2.9840557
-2.7193114,-2.7193114
-1.6696155,-1.6696155
-2.4195574,-2.4195574
-1.4866448,-1.4866448
-1.7845178,-1.7845178
-1.7368451,-1.7368451
-2.505303,-2.505303
-7.3160405,-7.3160405
-4.3796351,-4.3796351
0.0106857,0.0106857
-0.5555099,-0.5555099
1.6586651,1.6586651
6.4496131,6.4496131
-2.9917922,-2.9917922
-0.2924652,-0.2924652
-0.4240126,-0.4240126
-0.6753621,-0.6753621
4.7989094,4.7989094
-1.1995379,-1.1995379
-0.9347936,-0.9347936
0.1149023,0.1149023
-0.6350396,-0.6350396
0.297873,0.297873
1.7845178,1.7845178
0.0476727,0.0476727
-0.7207852,-0.7207852
-5.5315227,-5.5315227
-2.5951173,-2.5951173
-0.036987,-0.036987
-0.6031826,-0.6031826
1.6109924,1.6109924
6.4019404,6.4019404
-3.0394649,-3.0394649
-0.3401379,-0.3401379
-0.4716853,-0.4716853
-0.7230348,-0.7230348
4.7512367,4.7512367
-1.2472106,-1.2472106
-0.9824663,-0.9824663
0.0672296,0.0672296
-0.6827123,-0.6827123
0.2502003,0.2502003
1.7368451,1.7368451
-0.0476727,-0.0476727
-0.7684579,-0.7684579
-5.5791954,-5.5791954
-2.64279,-2.64279
0.7314709,0.7314709
0.1652753,0.1652753
2.3794503,2.3794503
7.1703983,7.1703983
-2.271007,-2.271007
0.42832,0.42832
0.2967726,0.2967726
0.0454231,0.0454231
5.5196946,5.5196946
-0.4787527,-0.4787527
-0.2140084,-0.2140084
0.8356875,0.8356875
0.0857456,0.0857456
1.0186582,1.0186582
2.505303,2.505303
0.7207852,0.7207852
0.7684579,0.7684579
-4.8107375,-4.8107375
-1.8743321,-1.8743321
5.5422084,5.5422084
4.9760128,4.9760128
7.1901878,7.1901878
11.9811358,-10.0
2.5397305,2.5397305
5.2390575,5.2390575
5.1075101,5.1075101
4.8561606,4.8561606
10.3304321,-10.0
4.3319848,4.3319848
4.5967291,4.5967291
5.646425,5.646425
4.8964831,4.8964831
5.8293957,5.8293957
7.3160405,7.3160405
5.5315227,5.5315227
5.5791954,5.5791954
4.8107375,4.8107375
2.9364054,2.9364054
2.605803,2.605803
2.0396074,2.0396074
4.2537824,4.2537824
9.0447304,9.0447304
-0.3966749,-0.3966749
2.3026521,2.3026521
2.1711047,2.1711047
1.9197552,1.9197552
7.3940267,7.3940267
1.3955794,1.3955794
1.6603237,1.6603237
2.7100196,2.7100196
1.9600777,1.9600777
2.8929903,2.8929903
4.3796351,4.3796351
2.5951173,2.5951173
2.64279,2.64279
1.8743321,1.8743321
-2.9364054,-2.9364054
1.9729037,1.9729037
2.4337072,2.4337072
0.2934685,0.2934685
-1.6969376,-1.6969376
1.6677311,1.6677311
3.4614534,3.4614534
-1.1338077,-1.1338077
2.5995606,2.5995606
-1.6989997,-1.6989997
-3.2481025,-3.2481025
1.6632262,1.6632262
-0.9615703,-0.9615703
1.2894885,1.2894885
12.078331,-10.0
0.5863167,0.5863167
-0.5653865,-0.5653865
-0.6903964,-0.6903964
-3.890409,-3.890409
-0.0366354,-0.0366354
-1.9729037,-1.9729037
0.4608035,0.4608035
-1.6794352,-1.6794352
-3.6698413,-3.6698413
-0.3051726,-0.3051726
1.4885497,1.4885497
-3.1067114,-3.1067114
0.6266569,0.6266569
-3.6719034,-3.6719034
-5.2210062,-5.2210062
-0.3096775,-0.3096775
-2.934474,-2.934474
-0.6834152,-0.6834152
10.1054273,-10.0
-1.386587,-1.386587
-2.5382902,-2.5382902
-2.6633001,-2.6633001
-5.8633127,-5.8633127
-2.0095391,-2.0095391
-2.4337072,-2.4337072
-0.4608035,-0.4608035
-2.1402387,-2.1402387
-4.1306448,-4.1306448
-0.7659761,-0.7659761
1.0277462,1.0277462
-3.5675149,-3.5675149
0.1658534,0.1658534
-4.1327069,-4.1327069
-5.6818097,-5.6818097
-0.770481,-0.770481
-3.3952775,-3.3952775
-1.1442187,-1.1442187
9.6446238,9.6446238
-1.8473905,-1.8473905
-2.9990937,-2.9990937
-3.1241036,-3.1241036
-6.3241162,-6.3241162
-2.4703426,-2.4703426
-0.2934685,-0.2934685
1.6794352,1.6794352
2.1402387,2.1402387
-1.9904061,-1.9904061
1.3742626,1.3742626
3.1679849,3.1679849
-1.4272762,-1.4272762
2.3060921,2.3060921
-1.9924682,-1.9924682
-3.541571,-3.541571
1.3697577,1.3697577
-1.2550388,-1.2550388
0.99602,0.99602
11.7848625,-10.0
0.2928482,0.2928482
-0.858855,-0.858855
-0.9838649,-0.9838649
-4.1838775,-4.1838775
-0.3301039,-0.3301039
1.6969376,1.6969376
3.6698413,3.6698413
4.1306448,4.1306448
1.9904061,1.9904061
3.3646687,3.3646687
5.158391,5.158391
0.5631299,0.5631299
4.2964982,4.2964982
-0.0020621,-0.0020621
-1.5511649,-1.5511649
3.3601638,3.3601638
0.7353673,0.7353673
2.9864261,2.9864261
13.7752686,-10.0
2.2832543,2.2832543
1.1315511,1.1315511
1.0065412,1.0065412
-2.1934714,-2.1934714
1.6603022,1.6603022
-1.6677311,-1.6677311
0.3051726,0.3051726
0.7659761,0.7659761
-1.3742626,-1.3742626
-3.3646687,-3.3646687
1.7937223,1.7937223
-2.8015388,-2.8015388
0.9318295,0.9318295
-3.3667308,-3.3667308
-4.9158336,-4.9158336
-0.0045049,-0.0045049
-2.6293014,-2.6293014
-0.3782426,-0.3782426
10.4105999,-10.0
-1.0814144,-1.0814144
-2.2331176,-2.2331176
-2.3581275,-2.3581275
-5.5581401,-5.5581401
-1.7043665,-1.7043665
-3.4614534,-3.4614534
-1.4885497,-1.4885497
-1.0277462,-1.0277462
-3.1679849,-3.1679849
-5.158391,-5.158391
-1.7937223,-1.7937223
-4.5952611,-4.5952611
-0.8618928,-0.8618928
-5.1604531,-5.1604531
-6.7095559,-6.7095559
-1.7982272,-1.7982272
-4.4230237,-4.4230237
-2.1719649,-2.1719649
8.6168776,8.6168776
-2.8751367,-2.8751367
-4.0268399,-4.0268399
-4.1518498,-4.1518498
-7.3518624,-7.3518624
-3.4980888,-3.4980888
1.1338077,1.1338077
3.1067114,3.1067114
3.5675149,3.5675149
1.4272762,1.4272762
-0.5631299,-0.5631299
2.8015388,2.8015388
4.5952611,4.5952611
3.7333683,3.7333683
-0.565192,-0.565192
-2.1142948,-2.1142948
2.7970339,2.7970339
0.1722374,0.1722374
2.4232962,2.4232962
13.2121387,-10.0
1.7201244,1.7201244
0.5684212,0.5684212
0.4434113,0.4434113
-2.7566013,-2.7566013
1.0971723,1.0971723
-2.5995606,-2.5995606
-0.6266569,-0.6266569
-0.1658534,-0.1658534
-2.3060921,-2.3060921
-4.2964982,-4.2964982
-0.9318295,-0.9318295
0.8618928,0.8618928
-3.7333683,-3.7333683
-4.2985603,-4.2985603
-5.8476631,-5.8476631
-0.9363344,-0.9363344
-3.5611309,-3.5611309
-1.3100721,-1.3100721
9.4787704,9.4787704
-2.0132439,-2.0132439
-3.1649471,-3.1649471
-3.289957,-3.289957
-6.4899696,-6.4899696
-2.636196,-2.636196
1.6989997,1.6989997
3.6719034,3.6719034
4.1327069,4.1327069
1.9924682,1.9924682
0.0020621,0.0020621
3.3667308,3.3667308
5.1604531,5.1604531
0.565192,0.565192
4.2985603,4.2985603
-1.5491028,-1.5491028
3.3622259,3.3622259
0.7374294,0.7374294
2.9884882,2.9884882
13.7773307,-10.0
2.2853164,2.2853164
1.1336132,1.1336132
1.0086033,1.0086033
-2.1914093,-2.1914093
1.6623643,1.6623643
3.2481025,3.2481025
5.2210062,5.2210062
5.6818097,5.6818097
3.541571,3.541571
1.5511649,1.5511649
4.9158336,4.9158336
6.7095559,6.7095559
2.1142948,2.1142948
5.8476631,5.8476631
1.5491028,1.5491028
4.9113287,4.9113287
2.2865322,2.2865322
4.537591,4.537591
15.3264335,-10.0
3.8344192,3.8344192
2.682716,2.682716
2.5577061,2.5577061
-0.6423065,-0.6423065
3.2114671,3.2114671
-1.6632262,-1.6632262
0.3096775,0.3096775
0.770481,0.770481
-1.3697577,-1.3697577
-3.3601638,-3.3601638
0.0045049,0.0045049
1.7982272,1.7982272
-2.7970339,-2.7970339
0.9363344,0.9363344
-3.3622259,-3.3622259
-4.9113287,-4.9113287
-2.6247965,-2.6247965
-0.3737377,-0.3737377
10.4151048,-10.0
-1.0769095,-1.0769095
-2.2286127,-2.2286127
-2.3536226,-2.3536226
-5.5536352,-5.5536352
-1.6998616,-1.6998616
0.9615703,0.9615703
2.934474,2.934474
3.3952775,3.3952775
1.2550388,1.2550388
-0.7353673,-0.7353673
2.6293014,2.6293014
4.4230237,4.4230237
-0.1722374,-0.1722374
3.5611309,3.5611309
-0.7374294,-0.7374294
-2.2865322,-2.2865322
2.6247965,2.6247965
2.2510588,2.2510588
13.0399013,-10.0
1.547887,1.547887
0.3961838,0.3961838
0.2711739,0.2711739
-2.9288387,-2.9288387
0.9249349,0.9249349
-1.2894885,-1.2894885
0.6834152,0.6834152
1.1442187,1.1442187
-0.99602,-0.99602
-2.9864261,-2.9864261
0.3782426,0.3782426
2.1719649,2.1719649
-2.4232962,-2.4232962
1.3100721,1.3100721
-2.9884882,-2.9884882
-4.537591,-4.537591
0.3737377,0.3737377
-2.2510588,-2.2510588
10.7888425,-10.0
-0.7031718,-0.7031718
-1.854875,-1.854875
-1.9798849,-1.9798849
-5.1798975,-5.1798975
-1.3261239,-1.3261239
-12.078331,-10.0
-10.1054273,-10.0
-9.6446238,-9.6446238
-11.7848625,-10.0
-13.7752686,-10.0
-10.4105999,-10.0
-8.6168776,-8.6168776
-13.2121387,-10.0
-9.4787704,-9.4787704
-13.7773307,-10.0
-15.3264335,-10.0
-10.4151048,-10.0
-13.0399013,-10.0
-10.7888425,-10.0
-11.4920143,-10.0
-12.6437175,-10.0
-12.7687274,-10.0
-15.96874,-10.0
-12.1149664,-10.0
-0.5863167,-0.5863167
1.386587,1.386587
1.8473905,1.8473905
-0.2928482,-0.2928482
-2.2832543,-2.2832543
1.0814144,1.0814144
2.8751367,2.8751367
-1.7201244,-1.7201244
2.0132439,2.0132439
-2.2853164,-2.2853164
-3.8344192,-3.8344192
1.0769095,1.0769095
-1.547887,-1.547887
0.7031718,0.7031718
11.4920143,-10.0
-1.1517032,-1.1517032
-1.2767131,-1.2767131
-4.4767257,-4.4767257
-0.6229521,-0.6229521
0.5653865,0.5653865
2.5382902,2.5382902
2.9990937,2.9990937
0.858855,0.858855
-1.1315511,-1.1315511
2.2331176,2.2331176
4.0268399,4.0268399
-0.5684212,-0.5684212
3.1649471,3.1649471
-1.1336132,-1.1336132
-2.682716,-2.682716
2.2286127,2.2286127
-0.3961838,-0.3961838
1.854875,1.854875
12.6437175,-10.0
1.1517032,1.1517032
-0.1250099,-0.1250099
-3.3250225,-3.3250225
0.5287511,0.5287511
0.6903964,0.6903964
2.6633001,2.6633001
3.1241036,3.1241036
0.9838649,0.9838649
-1.0065412,-1.0065412
2.3581275,2.3581275
4.1518498,4.1518498
-0.4434113,-0.4434113
3.289957,3.289957
-1.0086033,-1.0086033
-2.5577061,-2.5577061
2.3536226,2.3536226
-0.2711739,-0.2711739
1.9798849,1.9798849
12.7687274,-10.0
1.2767131,1.2767131
0.1250099,0.1250099
-3.2000126,-3.2000126
0.653761,0.653761
3.890409,3.890409
5.8633127,5.8633127
6.3241162,6.3241162
4.1838775,4.1838775
2.1934714,2.1934714
5.5581401,5.5581401
7.3518624,7.3518624
2.7566013,2.7566013
6.4899696,6.4899696
2.1914093,2.1914093
0.6423065,0.6423065
5.5536352,5.5536352
2.9288387,2.9288387
5.1798975,5.1798975
15.96874,-10.0
4.4767257,4.4767257
3.3250225,3.3250225
3.2000126,3.2000126
3.8537736,3.8537736
0.0366354,0.0366354
2.0095391,2.0095391
2.4703426,2.4703426
0.3301039,0.3301039
-1.6603022,-1.6603022
1.7043665,1.7043665
3.4980888,3.4980888
-1.0971723,-1.0971723
2.636196,2.636196
-1.6623643,-1.6623643
-3.2114671,-3.2114671
1.6998616,1.6998616
-0.9249349,-0.9249349
1.3261239,1.3261239
12.1149664,-10.0
0.6229521,0.6229521
-0.5287511,-0.5287511
-0.653761,-0.653761
-3.8537736,-3.8537736
0.8544049,0.8544049
-1.2885172,-1.2885172
-0.6117994,-0.6117994
0.8565424,0.8565424
-2.877156,-2.877156
-1.4970472,-1.4970472
4.0613421,4.0613421
-1.5349476,-1.5349476
3.1365383,3.1365383
6.5191197,6.5191197
-2.6662109,-2.6662109
-0.8312531,-0.8312531
0.1544538,0.1544538
0.4165486,0.4165486
-0.8327366,-0.8327366
-0.1844256,-0.1844256
2.1539426,2.1539426
1.8265904,1.8265904
-0.621088,-0.621088
-0.8544049,-0.8544049
-2.1429221,-2.1429221
-1.4662043,-1.4662043
0.0021375,0.0021375
-3.7315609,-3.7315609
-2.3514521,-2.3514521
3.2069372,3.2069372
-2.3893525,-2.3893525
2.2821334,2.2821334
5.6647148,5.6647148
-3.5206158,-3.5206158
-1.685658,-1.685658
-0.6999511,-0.6999511
-0.4378563,-0.4378563
-1.6871415,-1.6871415
-1.0388305,-1.0388305
1.2995377,1.2995377
0.9721855,0.9721855
-1.4754929,-1.4754929
1.2885172,1.2885172
2.1429221,2.1429221
0.6767178,0.6767178
2.1450596,2.1450596
-1.5886388,-1.5886388
-0.20853,-0.20853
5.3498593,5.3498593
-0.2464304,-0.2464304
4.4250555,4.4250555
7.8076369,7.8076369
-1.3776937,-1.3776937
0.4572641,0.4572641
1.442971,1.442971
1.7050658,1.7050658
0.4557806,0.4557806
1.1040916,1.1040916
3.4424598,3.4424598
3.1151076,3.1151076
0.6674292,0.6674292
0.6117994,0.6117994
1.4662043,1.4662043
-0.6767178,-0.6767178
1.4683418,1.4683418
-2.2653566,-2.2653566
-0.8852478,-0.8852478
4.6731415,4.6731415
-0.9231482,-0.9231482
3.7483377,3.7483377
7.1309191,7.1309191
-2.0544115,-2.0544115
-0.2194537,-0.2194537
0.7662532,0.7662532
1.028348,1.028348
-0.2209372,-0.2209372
0.4273738,0.4273738
2.765742,2.765742
2.4383898,2.4383898
-0.0092886,-0.0092886
-0.8565424,-0.8565424
-0.0021375,-0.0021375
-2.1450596,-2.1450596
-1.4683418,-1.4683418
-3.7336984,-3.7336984
-2.3535896,-2.3535896
3.2047997,3.2047997
-2.39149,-2.39149
2.2799959,2.2799959
5.6625773,5.6625773
-3.5227533,-3.5227533
-1.6877955,-1.6877955
-0.7020886,-0.7020886
-0.4399938,-0.4399938
-1.689279,-1.689279
-1.040968,-1.040968
1.2974002,1.2974002
0.970048,0.970048
-1.4776304,-1.4776304
2.877156,2.877156
3.7315609,3.7315609
1.5886388,1.5886388
2.2653566,2.2653566
3.7336984,3.7336984
1.3801088,1.3801088
6.9384981,6.9384981
1.3422084,1.3422084
6.0136943,6.0136943
9.3962757,9.3962757
0.2109451,0.2109451
2.0459029,2.0459029
3.0316098,3.0316098
3.2937046,3.2937046
2.0444194,2.0444194
2.6927304,2.6927304
5.0310986,5.0310986
4.7037464,4.7037464
2.256068,2.256068
1.4970472,1.4970472
2.3514521,2.3514521
0.20853,0.20853
0.8852478,0.8852478
2.3535896,2.3535896
-1.3801088,-1.3801088
5.5583893,5.5583893
-0.0379004,-0.0379004
4.6335855,4.6335855
8.0161669,8.0161669
-1.1691637,-1.1691637
0.6657941,0.6657941
1.651501,1.651501
1.9135958,1.9135958
0.6643106,0.6643106
1.3126216,1.3126216
3.6509898,3.6509898
3.3236376,3.3236376
0.8759592,0.8759592
-4.0613421,-4.0613421
-3.2069372,-3.2069372
-5.3498593,-5.3498593
-4.6731415,-4.6731415
-3.2047997,-3.2047997
-6.9384981,-6.9384981
-5.5583893,-5.5583893
-5.5962897,-5.5962897
-0.9248038,-0.9248038
2.4577776,2.4577776
-6.727553,-6.727553
-4.8925952,-4.8925952
-3.9068883,-3.9068883
-3.6447935,-3.6447935
-4.8940787,-4.8940787
-4.2457677,-4.2457677
-1.9073995,-1.9073995
-2.2347517,-2.2347517
-4.6824301,-4.6824301
1.5349476,1.5349476
2.3893525,2.3893525
0.2464304,0.2464304
0.9231482,0.9231482
2.39149,2.39149
-1.3422084,-1.3422084
0.0379004,0.0379004
5.5962897,5.5962897
4.6714859,4.6714859
8.0540673,8.0540673
-1.1312633,-1.1312633
0.7036945,0.7036945
1.6894014,1.6894014
1.9514962,1.9514962
0.702211,0.702211
1.350522,1.350522
3.6888902,3.6888902
3.361538,3.361538
0.9138596,0.9138596
-3.1365383,-3.1365383
-2.2821334,-2.2821334
-4.4250555,-4.4250555
-3.7483377,-3.7483377
-2.2799959,-2.2799959
-6.0136943,-6.0136943
-4.6335855,-4.6335855
0.9248038,0.9248038
-4.6714859,-4.6714859
3.3825814,3.3825814
-5.8027492,-5.8027492
-3.9677914,-3.9677914
-2.9820845,-2.9820845
-2.7199897,-2.7199897
-3.9692749,-3.9692749
-3.3209639,-3.3209639
-0.9825957,-0.9825957
-1.3099479,-1.3099479
-3.7576263,-3.7576263
-6.5191197,-6.5191197
-5.6647148,-5.6647148
-7.8076369,-7.8076369
-7.1309191,-7.1309191
-5.6625773,-5.6625773
-9.3962757,-9.3962757
-8.0161669,-8.0161669
-2.4577776,-2.4577776
-8.0540673,-8.0540673
-3.3825814,-3.3825814
-9.1853306,-9.1853306
-7.3503728,-7.3503728
-6.3646659,-6.3646659
-6.1025711,-6.1025711
-7.3518563,-7.3518563
-6.7035453,-6.7035453
-4.3651771,-4.3651771
-4.6925293,-4.6925293
-7.1402077,-7.1402077
2.6662109,2.6662109
3.5206158,3.5206158
1.3776937,1.3776937
2.0544115,2.0544115
3.5227533,3.5227533
-0.2109451,-0.2109451
1.1691637,1.1691637
6.727553,6.727553
1.1312633,1.1312633
5.8027492,5.8027492
9.1853306,9.1853306
1.8349578,1.8349578
2.8206647,2.8206647
3.0827595,3.0827595
1.8334743,1.8334743
2.4817853,2.4817853
4.8201535,4.8201535
4.4928013,4.4928013
2.0451229,2.0451229
0.8312531,0.8312531
1.685658,1.685658
-0.4572641,-0.4572641
0.2194537,0.2194537
1.6877955,1.6877955
-2.0459029,-2.0459029
-0.6657941,-0.6657941
4.8925952,4.8925952
-0.7036945,-0.7036945
3.9677914,3.9677914
7.3503728,7.3503728
-1.8349578,-1.8349578
0.9857069,0.9857069
1.2478017,1.2478017
-0.0014835,-0.0014835
0.6468275,0.6468275
2.9851957,2.9851957
2.6578435,2.6578435
0.2101651,0.2101651
-0.1544538,-0.1544538
0.6999511,0.6999511
-1.442971,-1.442971
-0.7662532,-0.7662532
0.7020886,0.7020886
-3.0316098,-3.0316098
-1.651501,-1.651501
3.9068883,3.9068883
-1.6894014,-1.6894014
2.9820845,2.9820845
6.3646659,6.3646659
-2.8206647,-2.8206647
-0.9857069,-0.9857069
0.2620948,0.2620948
-0.9871904,-0.9871904
-0.3388794,-0.3388794
1.9994888,1.9994888
1.6721366,1.6721366
-0.7755418,-0.7755418
-0.4165486,-0.4165486
0.4378563,0.4378563
-1.7050658,-1.7050658
-1.028348,-1.028348
0.4399938,0.4399938
-3.2937046,-3.2937046
-1.9135958,-1.9135958
3.6447935,3.6447935
-1.9514962,-1.9514962
2.7199897,2.7199897
6.1025711,6.1025711
-3.0827595,-3.0827595
-1.2478017,-1.2478017
-0.2620948,-0.2620948
-1.2492852,-1.2492852
-0.6009742,-0.6009742
1.737394,1.737394
1.4100418,1.4100418
-1.0376366,-1.0376366
0.8327366,0.8327366
1.6871415,1.6871415
-0.4557806,-0.4557806
0.2209372,0.2209372
1.689279,1.689279
-2.0444194,-2.0444194
-0.6643106,-0.6643106
4.8940787,4.8940787
-0.702211,-0.702211
3.9692749,3.9692749
7.3518563,7.3518563
-1.8334743,-1.8334743
0.0014835,0.0014835
0.9871904,0.9871904
1.2492852,1.2492852
0.648311,0.648311
2.9866792,2.9866792
2.659327,2.659327
0.2116486,0.2116486
0.1844256,0.1844256
1.0388305,1.0388305
-1.1040916,-1.1040916
-0.4273738,-0.4273738
1.040968,1.040968
-2.6927304,-2.6927304
-1.3126216,-1.3126216
4.2457677,4.2457677
-1.350522,-1.350522
3.3209639,3.3209639
6.7035453,6.7035453
-2.4817853,-2.4817853
-0.6468275,-0.6468275
0.3388794,0.3388794
0.6009742,0.6009742
-0.648311,-0.648311
2.3383682,2.3383682
2.011016,2.011016
-0.4366624,-0.4366624
-2.1539426,-2.1539426
-1.2995377,-1.2995377
-3.4424598,-3.4424598
-2.765742,-2.765742
-1.2974002,-1.2974002
-5.0310986,-5.0310986
-3.6509898,-3.6509898
1.9073995,1.9073995
-3.6888902,-3.6888902
0.9825957,0.9825957
4.3651771,4.3651771
-4.8201535,-4.8201535
-2.9851957,-2.9851957
-1.9994888,-1.9994888
-1.737394,-1.737394
-2.9866792,-2.9866792
-2.3383682,-2.3383682
-0.3273522,-0.3273522
-2.7750306,-2.7750306
-1.8265904,-1.8265904
-0.9721855,-0.9721855
-3.1151076,-3.1151076
-2.4383898,-2.4383898
-0.970048,-0.970048
-4.7037464,-4.7037464
-3.3236376,-3.3236376
2.2347517,2.2347517
-3.361538,-3.361538
1.3099479,1.3099479
4.6925293,4.6925293
-4.4928013,-4.4928013
-2.6578435,-2.6578435
-1.6721366,-1.6721366
-1.4100418,-1.4100418
-2.659327,-2.659327
-2.011016,-2.011016
0.3273522,0.3273522
-2.4476784,-2.4476784
0.621088,0.621088
1.4754929,1.4754929
-0.6674292,-0.6674292
0.0092886,0.0092886
1.4776304,1.4776304
-2.256068,-2.256068
-0.8759592,-0.8759592
4.6824301,4.6824301
-0.9138596,-0.9138596
3.7576263,3.7576263
7.1402077,7.1402077
-2.0451229,-2.0451229
-0.2101651,-0.2101651
0.7755418,0.7755418
1.0376366,1.0376366
-0.2116486,-0.2116486
0.4366624,0.4366624
2.7750306,2.7750306
2.4476784,2.4476784
-1.1972693,-1.1972693
3.2986566,3.2986566
1.4513457,1.4513457
-3.8053889,-3.8053889
0.9328567,0.9328567
0.9086159,0.9086159
-2.8261246,-2.8261246
0.1085661,0.1085661
-3.006546,-3.006546
-1.7264715,-1.7264715
-0.7332977,-0.7332977
1.8189868,1.8189868
-1.3729933,-1.3729933
4.7431114,4.7431114
1.1240743,1.1240743
1.6392775,1.6392775
-1.4994962,-1.4994962
-4.1785697,-4.1785697
-3.9634031,-3.9634031
1.1972693,1.1972693
4.4959259,4.4959259
2.648615,2.648615
-2.6081196,-2.6081196
2.130126,2.130126
2.1058852,2.1058852
-1.6288553,-1.6288553
1.3058354,1.3058354
-1.8092767,-1.8092767
-0.5292022,-0.5292022
0.4639716,0.4639716
3.0162561,3.0162561
-0.175724,-0.175724
5.9403807,5.9403807
2.3213436,2.3213436
2.8365468,2.8365468
-0.3022269,-0.3022269
-2.9813004,-2.9813004
-2.7661338,-2.7661338
-3.2986566,-3.2986566
-4.4959259,-4.4959259
-1.8473109,-1.8473109
-7.1040455,-7.1040455
-2.3657999,-2.3657999
-2.3900407,-2.3900407
-6.1247812,-6.1247812
-3.1900905,-3.1900905
-6.3052026,-6.3052026
-5.0251281,-5.0251281
-4.0319543,-4.0319543
-1.4796698,-1.4796698
-4.6716499,-4.6716499
1.4444548,1.4444548
-2.1745823,-2.1745823
-1.6593791,-1.6593791
-4.7981528,-4.7981528
-7.4772263,-7.4772263
-7.2620597,-7.2620597
-1.4513457,-1.4513457
-2.648615,-2.648615
1.8473109,1.8473109
-5.2567346,-5.2567346
-0.518489,-0.518489
-0.5427298,-0.5427298
-4.2774703,-4.2774703
-1.3427796,-1.3427796
-4.4578917,-4.4578917
-3.1778172,-3.1778172
-2.1846434,-2.1846434
0.3676411,0.3676411
-2.824339,-2.824339
3.2917657,3.2917657
-0.3272714,-0.3272714
0.1879318,0.1879318
-2.9508419,-2.9508419
-5.6299154,-5.6299154
-5.4147488,-5.4147488
3.8053889,3.8053889
2.6081196,2.6081196
7.1040455,7.1040455
5.2567346,5.2567346
4.7382456,4.7382456
4.7140048,4.7140048
0.9792643,0.9792643
3.913955,3.913955
0.7988429,0.7988429
2.0789174,2.0789174
3.0720912,3.0720912
5.6243757,5.6243757
2.4323956,2.4323956
8.5485003,8.5485003
4.9294632,4.9294632
5.4446664,5.4446664
2.3058927,2.3058927
-0.3731808,-0.3731808
-0.1580142,-0.1580142
-0.9328567,-0.9328567
-2.130126,-2.130126
2.3657999,2.3657999
0.518489,0.518489
-4.7382456,-4.7382456
-0.0242408,-0.0242408
-3.7589813,-3.7589813
-0.8242906,-0.8242906
-3.9394027,-3.9394027
-2.6593282,-2.6593282
-1.6661544,-1.6661544
0.8861301,0.8861301
-2.30585,-2.30585
3.8102547,3.8102547
0.1912176,0.1912176
0.7064208,0.7064208
-2.4323529,-2.4323529
-5.1114264,-5.1114264
-4.8962598,-4.8962598
-0.9086159,-0.9086159
-2.1058852,-2.1058852
2.3900407,2.3900407
0.5427298,0.5427298
-4.7140048,-4.7140048
0.0242408,0.0242408
-3.7347405,-3.7347405
-0.8000498,-0.8000498
-3.9151619,-3.9151619
-2.6350874,-2.6350874
-1.6419136,-1.6419136
0.9103709,0.9103709
-2.2816092,-2.2816092
3.8344955,3.8344955
0.2154584,0.2154584
0.7306616,0.7306616
-2.4081121,-2.4081121
-5.0871856,-5.0871856
-4.872019,-4.872019
2.8261246,2.8261246
1.6288553,1.6288553
6.1247812,6.1247812
4.2774703,4.2774703
-0.9792643,-0.9792643
3.7589813,3.7589813
3.7347405,3.7347405
2.9346907,2.9346907
-0.1804214,-0.1804214
1.0996531,1.0996531
2.0928269,2.0928269
4.6451114,4.6451114
1.4531313,1.4531313
7.569236,7.569236
3.9501989,3.9501989
4.4654021,4.4654021
1.3266284,1.3266284
-1.3524451,-1.3524451
-1.1372785,-1.1372785
-0.1085661,-0.1085661
-1.3058354,-1.3058354
3.1900905,3.1900905
1.3427796,1.3427796
-3.913955,-3.913955
0.8242906,0.8242906
0.8000498,0.8000498
-2.9346907,-2.9346907
-3.1151121,-3.1151121
-1.8350376,-1.8350376
-0.8418638,-0.8418638
1.7104207,1.7104207
-1.4815594,-1.4815594
4.6345453,4.6345453
1.0155082,1.0155082
1.5307114,1.5307114
-1.6080623,-1.6080623
-4.2871358,-4.2871358
-4.0719692,-4.0719692
3.006546,3.006546
1.8092767,1.8092767
6.3052026,6.3052026
4.4578917,4.4578917
-0.7988429,-0.7988429
3.9394027,3.9394027
3.9151619,3.9151619
0.1804214,0.1804214
3.1151121,3.1151121
1.2800745,1.2800745
2.2732483,2.2732483
4.8255328,4.8255328
1.6335527,1.6335527
7.7496574,7.7496574
4.1306203,4.1306203
4.6458235,4.6458235
1.5070498,1.5070498
-1.1720237,-1.1720237
-0.9568571,-0.9568571
1.7264715,1.7264715
0.5292022,0.5292022
5.0251281,5.0251281
3.1778172,3.1778172
-2.0789174,-2.0789174
2.6593282,2.6593282
2.6350874,2.6350874
-1.0996531,-1.0996531
1.8350376,1.8350376
-1.2800745,-1.2800745
0.9931738,0.9931738
3.5454583,3.5454583
0.3534782,0.3534782
6.4695829,6.4695829
2.8505458,2.8505458
3.365749,3.365749
0.2269753,0.2269753
-2.4520982,-2.4520982
-2.2369316,-2.2369316
0.7332977,0.7332977
-0.4639716,-0.4639716
4.0319543,4.0319543
2.1846434,2.1846434
-3.0720912,-3.0720912
1.6661544,1.6661544
1.6419136,1.6419136
-2.0928269,-2.0928269
0.8418638,0.8418638
-2.2732483,-2.2732483
-0.9931738,-0.9931738
2.5522845,2.5522845
-0.6396956,-0.6396956
5.4764091,5.4764091
1.857372,1.857372
2.3725752,2.3725752
-0.7661985,-0.7661985
-3.445272,-3.445272
-3.2301054,-3.2301054
-1.8189868,-1.8189868
-3.0162561,-3.0162561
1.4796698,1.4796698
-0.3676411,-0.3676411
-5.6243757,-5.6243757
-0.8861301,-0.8861301
-0.9103709,-0.9103709
-4.6451114,-4.6451114
-1.7104207,-1.7104207
-4.8255328,-4.8255328
-3.5454583,-3.5454583
-2.5522845,-2.5522845
-3.1919801,-3.1919801
2.9241246,2.9241246
-0.6949125,-0.6949125
-0.1797093,-0.1797093
-3.318483,-3.318483
-5.9975565,-5.9975565
-5.7823899,-5.7823899
1.3729933,1.3729933
0.175724,0.175724
4.6716499,4.6716499
2.824339,2.824339
-2.4323956,-2.4323956
2.30585,2.30585
2.2816092,2.2816092
-1.4531313,-1.4531313
1.4815594,1.4815594
-1.6335527,-1.6335527
-0.3534782,-0.3534782
0.6396956,0.6396956
3.1919801,3.1919801
6.1161047,6.1161047
2.4970676,2.4970676
3.0122708,3.0122708
-0.1265029,-0.1265029
-2.8055764,-2.8055764
-2.5904098,-2.5904098
-4.7431114,-4.7431114
-5.9403807,-5.9403807
-1.4444548,-1.4444548
-3.2917657,-3.2917657
-8.5485003,-8.5485003
-3.8102547,-3.8102547
-3.8344955,-3.8344955
-7.569236,-7.569236
-4.6345453,-4.6345453
-7.7496574,-7.7496574
-6.4695829,-6.4695829
-5.4764091,-5.4764091
-2.9241246,-2.9241246
-6.1161047,-6.1161047
-3.6190371,-3.6190371
-3.1038339,-3.1038339
-6.2426076,-6.2426076
-8.9216811,-8.9216811
-8.7065145,-8.7065145
-1.1240743,-1.1240743
-2.3213436,-2.3213436
2.1745823,2.1745823
0.3272714,0.3272714
-4.9294632,-4.9294632
-0.1912176,-0.1912176
-0.2154584,-0.2154584
-3.9501989,-3.9501989
-1.0155082,-1.0155082
-4.1306203,-4.1306203
-2.8505458,-2.8505458
-1.857372,-1.857372
0.6949125,0.6949125
-2.4970676,-2.4970676
3.6190371,3.6190371
0.5152032,0.5152032
-2.6235705,-2.6235705
-5.302644,-5.302644
-5.0874774,-5.0874774
-1.6392775,-1.6392775
-2.8365468,-2.8365468
1.6593791,1.6593791
-0.1879318,-0.1879318
-5.4446664,-5.4446664
-0.7064208,-0.7064208
-0.7306616,-0.7306616
-4.4654021,-4.4654021
-1.5307114,-1.5307114
-4.6458235,-4.6458235
-3.365749,-3.365749
-2.3725752,-2.3725752
0.1797093,0.1797093
-3.0122708,-3.0122708
3.1038339,3.1038339
-0.5152032,-0.5152032
-3.1387737,-3.1387737
-5.8178472,-5.8178472
-5.6026806,-5.6026806
1.4994962,1.4994962
0.3022269,0.3022269
4.7981528,4.7981528
2.9508419,2.9508419
-2.3058927,-2.3058927
2.4323529,2.4323529
2.4081121,2.4081121
-1.3266284,-1.3266284
1.6080623,1.6080623
-1.5070498,-1.5070498
-0.2269753,-0.2269753
0.7661985,0.7661985
3.318483,3.318483
0.1265029,0.1265029
6.2426076,6.2426076
2.6235705,2.6235705
3.1387737,3.1387737
-2.6790735,-2.6790735
-2.4639069,-2.4639069
4.1785697,4.1785697
2.9813004,2.9813004
7.4772263,7.4772263
5.6299154,5.6299154
0.3731808,0.3731808
5.1114264,5.1114264
5.0871856,5.0871856
1.3524451,1.3524451
4.2871358,4.2871358
1.1720237,1.1720237
2.4520982,2.4520982
3.445272,3.445272
5.9975565,5.9975565
2.8055764,2.8055764
8.9216811,8.9216811
5.302644,5.302644
5.8178472,5.8178472
2.6790735,2.6790735
0.2151666,0.2151666
3.9634031,3.9634031
2.7661338,2.7661338
7.2620597,7.2620597
5.4147488,5.4147488
0.1580142,0.1580142
4.8962598,4.8962598
4.872019,4.872019
1.1372785,1.1372785
4.0719692,4.0719692
0.9568571,0.9568571
2.2369316,2.2369316
3.2301054,3.2301054
5.7823899,5.7823899
2.5904098,2.5904098
8.7065145,8.7065145
5.0874774,5.0874774
5.6026806,5.6026806
2.4639069,2.4639069
-0.2151666,-0.2151666
2.3521028,2.3521028
-1.612045,-1.612045
-1.1495916,-1.1495916
1.9408679,1.9408679
1.07555,1.07555
-1.1886668,-1.1886668
1.5841024,1.5841024
-1.1106011,-1.1106011
2.6288894,2.6288894
1.2882471,1.2882471
-1.5673053,-1.5673053
-1.1956177,-1.1956177
-1.9253112,-1.9253112
-0.6214555,-0.6214555
0.4839836,0.4839836
-0.6836556,-0.6836556
1.9206514,1.9206514
7.3249125,7.3249125
-1.200311,-1.200311
-2.3521028,-2.3521028
-3.9641478,-3.9641478
-3.5016944,-3.5016944
-0.4112349,-0.4112349
-1.2765528,-1.2765528
-3.5407696,-3.5407696
-0.7680004,-0.7680004
-3.4627039,-3.4627039
0.2767866,0.2767866
-1.0638557,-1.0638557
-3.9194081,-3.9194081
-3.5477205,-3.5477205
-4.277414,-4.277414
-2.9735583,-2.9735583
-1.8681192,-1.8681192
-3.0357584,-3.0357584
-0.4314514,-0.4314514
4.9728097,4.9728097
-3.5524138,-3.5524138
1.612045,1.612045
3.9641478,3.9641478
0.4624534,0.4624534
3.5529129,3.5529129
2.687595,2.687595
0.4233782,0.4233782
3.1961474,3.1961474
0.5014439,0.5014439
4.2409344,4.2409344
2.9002921,2.9002921
0.0447397,0.0447397
0.4164273,0.4164273
-0.3132662,-0.3132662
0.9905895,0.9905895
2.0960286,2.0960286
0.9283894,0.9283894
3.5326964,3.5326964
8.9369575,8.9369575
0.411734,0.411734
1.1495916,1.1495916
3.5016944,3.5016944
-0.4624534,-0.4624534
3.0904595,3.0904595
2.2251416,2.2251416
-0.0390752,-0.0390752
2.733694,2.733694
0.0389905,0.0389905
3.778481,3.778481
2.4378387,2.4378387
-0.4177137,-0.4177137
-0.0460261,-0.0460261
-0.7757196,-0.7757196
0.5281361,0.5281361
1.6335752,1.6335752
0.465936,0.465936
3.070243,3.070243
8.4745041,8.4745041
-0.0507194,-0.0507194
-1.9408679,-1.9408679
0.4112349,0.4112349
-3.5529129,-3.5529129
-3.0904595,-3.0904595
-0.8653179,-0.8653179
-3.1295347,-3.1295347
-0.3567655,-0.3567655
-3.051469,-3.051469
0.6880215,0.6880215
-0.6526208,-0.6526208
-3.5081732,-3.5081732
-3.1364856,-3.1364856
-3.8661791,-3.8661791
-2.5623234,-2.5623234
-1.4568843,-1.4568843
-2.6245235,-2.6245235
-0.0202165,-0.0202165
5.3840446,5.3840446
-3.1411789,-3.1411789
-1.07555,-1.07555
1.2765528,1.2765528
-2.687595,-2.687595
-2.2251416,-2.2251416
0.8653179,0.8653179
-2.2642168,-2.2642168
0.5085524,0.5085524
-2.1861511,-2.1861511
1.5533394,1.5533394
0.2126971,0.2126971
-2.6428553,-2.6428553
-2.2711677,-2.2711677
-3.0008612,-3.0008612
-1.6970055,-1.6970055
-0.5915664,-0.5915664
-1.7592056,-1.7592056
0.8451014,0.8451014
6.2493625,6.2493625
-2.275861,-2.275861
1.1886668,1.1886668
3.5407696,3.5407696
-0.4233782,-0.4233782
0.0390752,0.0390752
3.1295347,3.1295347
2.2642168,2.2642168
2.7727692,2.7727692
0.0780657,0.0780657
3.8175562,3.8175562
2.4769139,2.4769139
-0.3786385,-0.3786385
-0.0069509,-0.0069509
-0.7366444,-0.7366444
0.5672113,0.5672113
1.6726504,1.6726504
0.5050112,0.5050112
3.1093182,3.1093182
8.5135793,8.5135793
-0.0116442,-0.0116442
-1.5841024,-1.5841024
0.7680004,0.7680004
-3.1961474,-3.1961474
-2.733694,-2.733694
0.3567655,0.3567655
-0.5085524,-0.5085524
-2.7727692,-2.7727692
-2.6947035,-2.6947035
1.044787,1.044787
-0.2958553,-0.2958553
-3.1514077,-3.1514077
-2.7797201,-2.7797201
-3.5094136,-3.5094136
-2.2055579,-2.2055579
-1.1001188,-1.1001188
-2.267758,-2.267758
0.336549,0.336549
5.7408101,5.7408101
-2.7844134,-2.7844134
1.1106011,1.1106011
3.4627039,3.4627039
-0.5014439,-0.5014439
-0.0389905,-0.0389905
3.051469,3.051469
2.1861511,2.1861511
-0.0780657,-0.0780657
2.6947035,2.6947035
3.7394905,3.7394905
2.3988482,2.3988482
-0.4567042,-0.4567042
-0.0850166,-0.0850166
-0.8147101,-0.8147101
0.4891456,0.4891456
1.5945847,1.5945847
0.4269455,0.4269455
3.0312525,3.0312525
8.4355136,8.4355136
-0.0897099,-0.0897099
-2.6288894,-2.6288894
-0.2767866,-0.2767866
-4.2409344,-4.2409344
-3.778481,-3.778481
-0.6880215,-0.6880215
-1.5533394,-1.5533394
-3.8175562,-3.8175562
-1.044787,-1.044787
-3.7394905,-3.7394905
-1.3406423,-1.3406423
-4.1961947,-4.1961947
-3.8245071,-3.8245071
-4.5542006,-4.5542006
-3.2503449,-3.2503449
-2.1449058,-2.1449058
-3.312545,-3.312545
-0.708238,-0.708238
4.6960231,4.6960231
-3.8292004,-3.8292004
-1.2882471,-1.2882471
1.0638557,1.0638557
-2.9002921,-2.9002921
-2.4378387,-2.4378387
0.6526208,0.6526208
-0.2126971,-0.2126971
-2.4769139,-2.4769139
0.2958553,0.2958553
-2.3988482,-2.3988482
1.3406423,1.3406423
-2.8555524,-2.8555524
-2.4838648,-2.4838648
-3.2135583,-3.2135583
-1.9097026,-1.9097026
-0.8042635,-0.8042635
-1.9719027,-1.9719027
0.6324043,0.6324043
6.0366654,6.0366654
-2.4885581,-2.4885581
1.5673053,1.5673053
3.9194081,3.9194081
-0.0447397,-0.0447397
0.4177137,0.4177137
3.5081732,3.5081732
2.6428553,2.6428553
0.3786385,0.3786385
3.1514077,3.1514077
0.4567042,0.4567042
4.1961947,4.1961947
2.8555524,2.8555524
0.3716876,0.3716876
-0.3580059,-0.3580059
0.9458498,0.9458498
2.0512889,2.0512889
0.8836497,0.8836497
3.4879567,3.4879567
8.8922178,8.8922178
0.3669943,0.3669943
1.1956177,1.1956177
3.5477205,3.5477205
-0.4164273,-0.4164273
0.0460261,0.0460261
3.1364856,3.1364856
2.2711677,2.2711677
0.0069509,0.0069509
2.7797201,2.7797201
0.0850166,0.0850166
3.8245071,3.8245071
2.4838648,2.4838648
-0.3716876,-0.3716876
-0.7296935,-0.7296935
0.5741622,0.5741622
1.6796013,1.6796013
0.5119621,0.5119621
3.1162691,3.1162691
8.5205302,8.5205302
-0.0046933,-0.0046933
1.9253112,1.9253112
4.277414,4.277414
0.3132662,0.3132662
0.7757196,0.7757196
3.8661791,3.8661791
3.0008612,3.0008612
0.7366444,0.7366444
3.5094136,3.5094136
0.8147101,0.8147101
4.5542006,4.5542006
3.2135583,3.2135583
0.3580059,0.3580059
0.7296935,0.7296935
1.3038557,1.3038557
2.4092948,2.4092948
1.2416556,1.2416556
3.8459626,3.8459626
9.2502237,9.2502237
0.7250002,0.7250002
0.6214555,0.6214555
2.9735583,2.9735583
-0.9905895,-0.9905895
-0.5281361,-0.5281361
2.5623234,2.5623234
1.6970055,1.6970055
-0.5672113,-0.5672113
2.2055579,2.2055579
-0.4891456,-0.4891456
3.2503449,3.2503449
1.9097026,1.9097026
-0.9458498,-0.9458498
-0.5741622,-0.5741622
-1.3038557,-1.3038557
1.1054391,1.1054391
-0.0622001,-0.0622001
2.5421069,2.5421069
7.946368,7.946368
-0.5788555,-0.5788555
-0.4839836,-0.4839836
1.8681192,1.8681192
-2.0960286,-2.0960286
-1.6335752,-1.6335752
1.4568843,1.4568843
0.5915664,0.5915664
-1.6726504,-1.6726504
1.1001188,1.1001188
-1.5945847,-1.5945847
2.1449058,2.1449058
0.8042635,0.8042635
-2.0512889,-2.0512889
-1.6796013,-1.6796013
-2.4092948,-2.4092948
-1.1054391,-1.1054391
-1.1676392,-1.1676392
1.4366678,1.4366678
6.8409289,6.8409289
-1.6842946,-1.6842946
0.6836556,0.6836556
3.0357584,3.0357584
-0.9283894,-0.9283894
-0.465936,-0.465936
2.6245235,2.6245235
1.7592056,1.7592056
-0.5050112,-0.5050112
2.267758,2.267758
-0.4269455,-0.4269455
3.312545,3.312545
1.9719027,1.9719027
-0.8836497,-0.8836497
-0.5119621,-0.5119621
-1.2416556,-1.2416556
0.0622001,0.0622001
1.1676392,1.1676392
2.604307,2.604307
8.0085681,8.0085681
-0.5166554,-0.5166554
-1.9206514,-1.9206514
0.4314514,0.4314514
-3.5326964,-3.5326964
-3.070243,-3.070243
0.0202165,0.0202165
-0.8451014,-0.8451014
-3.1093182,-3.1093182
-0.336549,-0.336549
-3.0312525,-3.0312525
0.708238,0.708238
-0.6324043,-0.6324043
-3.4879567,-3.4879567
-3.1162691,-3.1162691
-3.8459626,-3.8459626
-2.5421069,-2.5421069
-1.4366678,-1.4366678
-2.604307,-2.604307
5.4042611,5.4042611
-3.1209624,-3.1209624
-7.3249125,-7.3249125
-4.9728097,-4.9728097
-8.9369575,-8.9369575
-8.4745041,-8.4745041
-5.3840446,-5.3840446
-6.2493625,-6.2493625
-8.5135793,-8.5135793
-5.7408101,-5.7408101
-8.4355136,-8.4355136
-4.6960231,-4.6960231
-6.0366654,-6.0366654
-8.8922178,-8.8922178
-8.5205302,-8.5205302
-9.2502237,-9.2502237
-7.946368,-7.946368
-6.8409289,-6.8409289
-8.0085681,-8.0085681
-5.4042611,-5.4042611
-8.5252235,-8.5252235
1.200311,1.200311
3.5524138,3.5524138
-0.411734,-0.411734
0.0507194,0.0507194
3.1411789,3.1411789
2.275861,2.275861
0.0116442,0.0116442
2.7844134,2.7844134
0.0897099,0.0897099
3.8292004,3.8292004
2.4885581,2.4885581
-0.3669943,-0.3669943
0.0046933,0.0046933
-0.7250002,-0.7250002
0.5788555,0.5788555
1.6842946,1.6842946
0.5166554,0.5166554
3.1209624,3.1209624
8.5252235,8.5252235
12.9588974,-10.0
0.5991063,0.5991063
0.7497788,0.7497788
-1.0882733,-1.0882733
1.0324146,1.0324146
-0.5266179,-0.5266179
-1.6904576,-1.6904576
0.6280949,0.6280949
-0.9413486,-0.9413486
-1.1180251,-1.1180251
-0.9263486,-0.9263486
-1.6981129,-1.6981129
-0.5316225,-0.5316225
-0.8759245,-0.8759245
-0.2809492,-0.2809492
0.3794661,0.3794661
-0.9047461,-0.9047461
-2.5832497,-2.5832497
-1.8729275,-1.8729275
-12.9588974,-10.0
-12.3597911,-10.0
-12.2091186,-10.0
-14.0471707,-10.0
-11.9264828,-10.0
-13.4855153,-10.0
-14.649355,-10.0
-12.3308025,-10.0
-13.900246,-10.0
-14.0769225,-10.0
-13.885246,-10.0
-14.6570103,-10.0
-13.4905199,-10.0
-13.8348219,-10.0
-13.2398466,-10.0
-12.5794313,-10.0
-13.8636435,-10.0
-15.5421471,-10.0
-14.8318249,-10.0
-0.5991063,-0.5991063
12.3597911,-10.0
0.1506725,0.1506725
-1.6873796,-1.6873796
0.4333083,0.4333083
-1.1257242,-1.1257242
-2.2895639,-2.2895639
0.0289886,0.0289886
-1.5404549,-1.5404549
-1.7171314,-1.7171314
-1.5254549,-1.5254549
-2.2972192,-2.2972192
-1.1307288,-1.1307288
-1.4750308,-1.4750308
-0.8800555,-0.8800555
-0.2196402,-0.2196402
-1.5038524,-1.5038524
-3.182356,-3.182356
-2.4720338,-2.4720338
-0.7497788,-0.7497788
12.2091186,-10.0
-0.1506725,-0.1506725
-1.8380521,-1.8380521
0.2826358,0.2826358
-1.2763967,-1.2763967
-2.4402364,-2.4402364
-0.1216839,-0.1216839
-1.6911274,-1.6911274
-1.8678039,-1.8678039
-1.6761274,-1.6761274
-2.4478917,-2.4478917
-1.2814013,-1.2814013
-1.6257033,-1.6257033
-1.030728,-1.030728
-0.3703127,-0.3703127
-1.6545249,-1.6545249
-3.3330285,-3.3330285
-2.6227063,-2.6227063
1.0882733,1.0882733
14.0471707,-10.0
1.6873796,1.6873796
1.8380521,1.8380521
2.1206879,2.1206879
0.5616554,0.5616554
-0.6021843,-0.6021843
1.7163682,1.7163682
0.1469247,0.1469247
-0.0297518,-0.0297518
0.1619247,0.1619247
-0.6098396,-0.6098396
0.5566508,0.5566508
0.2123488,0.2123488
0.8073241,0.8073241
1.4677394,1.4677394
0.1835272,0.1835272
-1.4949764,-1.4949764
-0.7846542,-0.7846542
-1.0324146,-1.0324146
11.9264828,-10.0
-0.4333083,-0.4333083
-0.2826358,-0.2826358
-2.1206879,-2.1206879
-1.5590325,-1.5590325
-2.7228722,-2.7228722
-0.4043197,-0.4043197
-1.9737632,-1.9737632
-2.1504397,-2.1504397
-1.9587632,-1.9587632
-2.7305275,-2.7305275
-1.5640371,-1.5640371
-1.9083391,-1.9083391
-1.3133638,-1.3133638
-0.6529485,-0.6529485
-1.9371607,-1.9371607
-3.6156643,-3.6156643
-2.9053421,-2.9053421
0.5266179,0.5266179
13.4855153,-10.0
1.1257242,1.1257242
1.2763967,1.2763967
-0.5616554,-0.5616554
1.5590325,1.5590325
-1.1638397,-1.1638397
1.1547128,1.1547128
-0.4147307,-0.4147307
-0.5914072,-0.5914072
-0.3997307,-0.3997307
-1.171495,-1.171495
-0.0050046,-0.0050046
-0.3493066,-0.3493066
0.2456687,0.2456687
0.906084,0.906084
-0.3781282,-0.3781282
-2.0566318,-2.0566318
-1.3463096,-1.3463096
1.6904576,1.6904576
14.649355,-10.0
2.2895639,2.2895639
2.4402364,2.4402364
0.6021843,0.6021843
2.7228722,2.7228722
1.1638397,1.1638397
2.3185525,2.3185525
0.749109,0.749109
0.5724325,0.5724325
0.764109,0.764109
-0.0076553,-0.0076553
1.1588351,1.1588351
0.8145331,0.8145331
1.4095084,1.4095084
2.0699237,2.0699237
0.7857115,0.7857115
-0.8927921,-0.8927921
-0.1824699,-0.1824699
-0.6280949,-0.6280949
12.3308025,-10.0
-0.0289886,-0.0289886
0.1216839,0.1216839
-1.7163682,-1.7163682
0.4043197,0.4043197
-1.1547128,-1.1547128
-2.3185525,-2.3185525
-1.5694435,-1.5694435
-1.74612,-1.74612
-1.5544435,-1.5544435
-2.3262078,-2.3262078
-1.1597174,-1.1597174
-1.5040194,-1.5040194
-0.9090441,-0.9090441
-0.2486288,-0.2486288
-1.532841,-1.532841
-3.2113446,-3.2113446
-2.5010224,-2.5010224
0.9413486,0.9413486
13.900246,-10.0
1.5404549,1.5404549
1.6911274,1.6911274
-0.1469247,-0.1469247
1.9737632,1.9737632
0.4147307,0.4147307
-0.749109,-0.749109
1.5694435,1.5694435
-0.1766765,-0.1766765
0.015,0.015
-0.7567643,-0.7567643
0.4097261,0.4097261
0.0654241,0.0654241
0.6603994,0.6603994
1.3208147,1.3208147
0.0366025,0.0366025
-1.6419011,-1.6419011
-0.9315789,-0.9315789
1.1180251,1.1180251
14.0769225,-10.0
1.7171314,1.7171314
1.8678039,1.8678039
0.0297518,0.0297518
2.1504397,2.1504397
0.5914072,0.5914072
-0.5724325,-0.5724325
1.74612,1.74612
0.1766765,0.1766765
0.1916765,0.1916765
-0.5800878,-0.5800878
0.5864026,0.5864026
0.2421006,0.2421006
0.8370759,0.8370759
1.4974912,1.4974912
0.213279,0.213279
-1.4652246,-1.4652246
-0.7549024,-0.7549024
0.9263486,0.9263486
13.885246,-10.0
1.5254549,1.5254549
1.6761274,1.6761274
-0.1619247,-0.1619247
1.9587632,1.9587632
0.3997307,0.3997307
-0.764109,-0.764109
1.5544435,1.5544435
-0.015,-0.015
-0.1916765,-0.1916765
-0.7717643,-0.7717643
0.3947261,0.3947261
0.0504241,0.0504241
0.6453994,0.6453994
1.3058147,1.3058147
0.0216025,0.0216025
-1.6569011,-1.6569011
-0.9465789,-0.9465789
1.6981129,1.6981129
14.6570103,-10.0
2.2972192,2.2972192
2.4478917,2.4478917
0.6098396,0.6098396
2.7305275,2.7305275
1.171495,1.171495
0.0076553,0.0076553
2.3262078,2.3262078
0.7567643,0.7567643
0.5800878,0.5800878
0.7717643,0.7717643
1.1664904,1.1664904
0.8221884,0.8221884
1.4171637,1.4171637
2.077579,2.077579
0.7933668,0.7933668
-0.8851368,-0.8851368
-0.1748146,-0.1748146
0.5316225,0.5316225
13.4905199,-10.0
1.1307288,1.1307288
1.2814013,1.2814013
-0.5566508,-0.5566508
1.5640371,1.5640371
0.0050046,0.0050046
-1.1588351,-1.1588351
1.1597174,1.1597174
-0.4097261,-0.4097261
-0.5864026,-0.5864026
-0.3947261,-0.3947261
-1.1664904,-1.1664904
-0.344302,-0.344302
0.2506733,0.2506733
0.9110886,0.9110886
-0.3731236,-0.3731236
-2.0516272,-2.0516272
-1.341305,-1.341305
0.8759245,0.8759245
13.8348219,-10.0
1.4750308,1.4750308
1.6257033,1.6257033
-0.2123488,-0.2123488
1.9083391,1.9083391
0.3493066,0.3493066
-0.8145331,-0.8145331
1.5040194,1.5040194
-0.0654241,-0.0654241
-0.2421006,-0.2421006
-0.0504241,-0.0504241
-0.8221884,-0.8221884
0.344302,0.344302
0.5949753,0.5949753
1.2553906,1.2553906
-0.0288216,-0.0288216
-1.7073252,-1.7073252
-0.997003,-0.997003
0.2809492,0.2809492
13.2398466,-10.0
0.8800555,0.8800555
1.030728,1.030728
-0.8073241,-0.8073241
1.3133638,1.3133638
-0.2456687,-0.2456687
-1.4095084,-1.4095084
0.9090441,0.9090441
-0.6603994,-0.6603994
-0.8370759,-0.8370759
-0.6453994,-0.6453994
-1.4171637,-1.4171637
-0.2506733,-0.2506733
-0.5949753,-0.5949753
0.6604153,0.6604153
-0.6237969,-0.6237969
-2.3023005,-2.3023005
-1.5919783,-1.5919783
-0.3794661,-0.3794661
12.5794313,-10.0
0.2196402,0.2196402
0.3703127,0.3703127
-1.4677394,-1.4677394
0.6529485,0.6529485
-0.906084,-0.906084
-2.0699237,-2.0699237
0.2486288,0.2486288
-1.3208147,-1.3208147
-1.4974912,-1.4974912
-1.3058147,-1.3058147
-2.077579,-2.077579
-0.9110886,-0.9110886
-1.2553906,-1.2553906
-0.6604153,-0.6604153
-1.2842122,-1.2842122
-2.9627158,-2.9627158
-2.2523936,-2.2523936
0.9047461,0.9047461
13.8636435,-10.0
1.5038524,1.5038524
1.6545249,1.6545249
-0.1835272,-0.1835272
1.9371607,1.9371607
0.3781282,0.3781282
-0.7857115,-0.7857115
1.532841,1.532841
-0.0366025,-0.0366025
-0.213279,-0.213279
-0.0216025,-0.0216025
-0.7933668,-0.7933668
0.3731236,0.3731236
0.0288216,0.0288216
0.6237969,0.6237969
1.2842122,1.2842122
-1.6785036,-1.6785036
-0.9681814,-0.9681814
2.5832497,2.5832497
15.5421471,-10.0
3.182356,3.182356
3.3330285,3.3330285
1.4949764,1.4949764
3.6156643,3.6156643
2.0566318,2.0566318
0.8927921,0.8927921
3.2113446,3.2113446
1.6419011,1.6419011
1.4652246,1.4652246
1.6569011,1.6569011
0.8851368,0.8851368
2.0516272,2.0516272
1.7073252,1.7073252
2.3023005,2.3023005
2.9627158,2.9627158
1.6785036,1.6785036
0.7103222,0.7103222
1.8729275,1.8729275
14.8318249,-10.0
2.4720338,2.4720338
2.6227063,2.6227063
0.7846542,0.7846542
2.9053421,2.9053421
1.3463096,1.3463096
0.1824699,0.1824699
2.5010224,2.5010224
0.9315789,0.9315789
0.7549024,0.7549024
0.9465789,0.9465789
0.1748146,0.1748146
1.341305,1.341305
0.997003,0.997003
1.5919783,1.5919783
2.2523936,2.2523936
0.9681814,0.9681814
-0.7103222,-0.7103222
1.0967231,1.0967231
2.2683624,2.2683624
1.4347712,1.4347712
-2.8345591,-2.8345591
-0.2099572,-0.2099572
5.7286915,5.7286915
-1.1053612,-1.1053612
8.1036112,8.1036112
-1.1657205,-1.1657205
0.3161383,0.3161383
16.2031625,-10.0
1.6304119,1.6304119
2.2782825,2.2782825
3.0486321,3.0486321
1.4822603,1.4822603
1.3342041,1.3342041
-0.1358079,-0.1358079
-1.1227268,-1.1227268
0.0593586,0.0593586
-1.0967231,-1.0967231
1.1716393,1.1716393
0.3380481,0.3380481
-3.9312822,-3.9312822
-1.3066803,-1.3066803
4.6319684,4.6319684
-2.2020843,-2.2020843
7.0068881,7.0068881
-2.2624436,-2.2624436
-0.7805848,-0.7805848
15.1064394,-10.0
0.5336888,0.5336888
1.1815594,1.1815594
1.951909,1.951909
0.3855372,0.3855372
0.237481,0.237481
-1.232531,-1.232531
-2.2194499,-2.2194499
-1.0373645,-1.0373645
-2.2683624,-2.2683624
-1.1716393,-1.1716393
-0.8335912,-0.8335912
-5.1029215,-5.1029215
-2.4783196,-2.4783196
3.4603291,3.4603291
-3.3737236,-3.3737236
5.8352488,5.8352488
-3.4340829,-3.4340829
-1.9522241,-1.9522241
13.9348001,-10.0
-0.6379505,-0.6379505
0.0099201,0.0099201
0.7802697,0.7802697
-0.7861021,-0.7861021
-0.9341583,-0.9341583
-2.4041703,-2.4041703
-3.3910892,-3.3910892
-2.2090038,-2.2090038
-1.4347712,-1.4347712
-0.3380481,-0.3380481
0.8335912,0.8335912
-4.2693303,-4.2693303
-1.6447284,-1.6447284
4.2939203,4.2939203
-2.5401324,-2.5401324
6.66884,6.66884
-2.6004917,-2.6004917
-1.1186329,-1.1186329
14.7683913,-10.0
0.1956407,0.1956407
0.8435113,0.8435113
1.6138609,1.6138609
0.0474891,0.0474891
-0.1005671,-0.1005671
-1.5705791,-1.5705791
-2.557498,-2.557498
-1.3754126,-1.3754126
2.8345591,2.8345591
3.9312822,3.9312822
5.1029215,5.1029215
4.2693303,4.2693303
2.6246019,2.6246019
8.5632506,8.5632506
1.7291979,1.7291979
10.9381703,-10.0
1.6688386,1.6688386
3.1506974,3.1506974
19.0377216,-10.0
4.464971,4.464971
5.1128416,5.1128416
5.8831912,5.8831912
4.3168194,4.3168194
4.1687632,4.1687632
2.6987512,2.6987512
1.7118323,1.7118323
2.8939177,2.8939177
0.2099572,0.2099572
1.3066803,1.3066803
2.4783196,2.4783196
1.6447284,1.6447284
-2.6246019,-2.6246019
5.9386487,5.9386487
-0.895404,-0.895404
8.3135684,8.3135684
-0.9557633,-0.9557633
0.5260955,0.5260955
16.4131197,-10.0
1.8403691,1.8403691
2.4882397,2.4882397
3.2585893,3.2585893
1.6922175,1.6922175
1.5441613,1.5441613
0.0741493,0.0741493
-0.9127696,-0.9127696
0.2693158,0.2693158
-5.7286915,-5.7286915
-4.6319684,-4.6319684
-3.4603291,-3.4603291
-4.2939203,-4.2939203
-8.5632506,-8.5632506
-5.9386487,-5.9386487
-6.8340527,-6.8340527
2.3749197,2.3749197
-6.894412,-6.894412
-5.4125532,-5.4125532
10.474471,-10.0
-4.0982796,-4.0982796
-3.450409,-3.450409
-2.6800594,-2.6800594
-4.2464312,-4.2464312
-4.3944874,-4.3944874
-5.8644994,-5.8644994
-6.8514183,-6.8514183
-5.6693329,-5.6693329
1.1053612,1.1053612
2.2020843,2.2020843
3.3737236,3.3737236
2.5401324,2.5401324
-1.7291979,-1.7291979
0.895404,0.895404
6.8340527,6.8340527
9.2089724,9.2089724
-0.0603593,-0.0603593
1.4214995,1.4214995
17.3085237,-10.0
2.7357731,2.7357731
3.3836437,3.3836437
4.1539933,4.1539933
2.5876215,2.5876215
2.4395653,2.4395653
0.9695533,0.9695533
-0.0173656,-0.0173656
1.1647198,1.1647198
-8.1036112,-8.1036112
-7.0068881,-7.0068881
-5.8352488,-5.8352488
-6.66884,-6.66884
-10.9381703,-10.0
-8.3135684,-8.3135684
-2.3749197,-2.3749197
-9.2089724,-9.2089724
-9.2693317,-9.2693317
-7.7874729,-7.7874729
8.0995513,8.0995513
-6.4731993,-6.4731993
-5.8253287,-5.8253287
-5.0549791,-5.0549791
-6.6213509,-6.6213509
-6.7694071,-6.7694071
-8.2394191,-8.2394191
-9.226338,-9.226338
-8.0442526,-8.0442526
1.1657205,1.1657205
2.2624436,2.2624436
3.4340829,3.4340829
2.6004917,2.6004917
-1.6688386,-1.6688386
0.9557633,0.9557633
6.894412,6.894412
0.0603593,0.0603593
9.2693317,9.2693317
1.4818588,1.4818588
17.368883,-10.0
2.7961324,2.7961324
3.444003,3.444003
4.2143526,4.2143526
2.6479808,2.6479808
2.4999246,2.4999246
1.0299126,1.0299126
0.0429937,0.0429937
1.2250791,1.2250791
-0.3161383,-0.3161383
0.7805848,0.7805848
1.9522241,1.9522241
1.1186329,1.1186329
-3.1506974,-3.1506974
-0.5260955,-0.5260955
5.4125532,5.4125532
-1.4214995,-1.4214995
7.7874729,7.7874729
-1.4818588,-1.4818588
15.8870242,-10.0
1.3142736,1.3142736
1.9621442,1.9621442
2.7324938,2.7324938
1.166122,1.166122
1.0180658,1.0180658
-0.4519462,-0.4519462
-1.4388651,-1.4388651
-0.2567797,-0.2567797
-16.2031625,-10.0
-15.1064394,-10.0
-13.9348001,-10.0
-14.7683913,-10.0
-19.0377216,-10.0
-16.4131197,-10.0
-10.474471,-10.0
-17.3085237,-10.0
-8.0995513,-8.0995513
-17.368883,-10.0
-15.8870242,-10.0
-14.5727506,-10.0
-13.92488,-10.0
-13.1545304,-10.0
-14.7209022,-10.0
-14.8689584,-10.0
-16.3389704,-10.0
-17.3258893,-10.0
-16.1438039,-10.0
-1.6304119,-1.6304119
-0.5336888,-0.5336888
0.6379505,0.6379505
-0.1956407,-0.1956407
-4.464971,-4.464971
-1.8403691,-1.8403691
4.0982796,4.0982796
-2.7357731,-2.7357731
6.4731993,6.4731993
-2.7961324,-2.7961324
-1.3142736,-1.3142736
14.5727506,-10.0
0.6478706,0.6478706
1.4182202,1.4182202
-0.1481516,-0.1481516
-0.2962078,-0.2962078
-1.7662198,-1.7662198
-2.7531387,-2.7531387
-1.5710533,-1.5710533
-2.2782825,-2.2782825
-1.1815594,-1.1815594
-0.0099201,-0.0099201
-0.8435113,-0.8435113
-5.1128416,-5.1128416
-2.4882397,-2.4882397
3.450409,3.450409
-3.3836437,-3.3836437
5.8253287,5.8253287
-3.444003,-3.444003
-1.9621442,-1.9621442
13.92488,-10.0
-0.6478706,-0.6478706
0.7703496,0.7703496
-0.7960222,-0.7960222
-0.9440784,-0.9440784
-2.4140904,-2.4140904
-3.4010093,-3.4010093
-2.2189239,-2.2189239
-3.0486321,-3.0486321
-1.951909,-1.951909
-0.7802697,-0.7802697
-1.6138609,-1.6138609
-5.8831912,-5.8831912
-3.2585893,-3.2585893
2.6800594,2.6800594
-4.1539933,-4.1539933
5.0549791,5.0549791
-4.2143526,-4.2143526
-2.7324938,-2.7324938
13.1545304,-10.0
-1.4182202,-1.4182202
-0.7703496,-0.7703496
-1.5663718,-1.5663718
-1.714428,-1.714428
-3.18444,-3.18444
-4.1713589,-4.1713589
-2.9892735,-2.9892735
-1.4822603,-1.4822603
-0.3855372,-0.3855372
0.7861021,0.7861021
-0.0474891,-0.0474891
-4.3168194,-4.3168194
-1.6922175,-1.6922175
4.2464312,4.2464312
-2.5876215,-2.5876215
6.6213509,6.6213509
-2.6479808,-2.6479808
-1.166122,-1.166122
14.7209022,-10.0
0.1481516,0.1481516
0.7960222,0.7960222
1.5663718,1.5663718
-0.1480562,-0.1480562
-1.6180682,-1.6180682
-2.6049871,-2.6049871
-1.4229017,-1.4229017
-1.3342041,-1.3342041
-0.237481,-0.237481
0.9341583,0.9341583
0.1005671,0.1005671
-4.1687632,-4.1687632
-1.5441613,-1.5441613
4.3944874,4.3944874
-2.4395653,-2.4395653
6.7694071,6.7694071
-2.4999246,-2.4999246
-1.0180658,-1.0180658
14.8689584,-10.0
0.2962078,0.2962078
0.9440784,0.9440784
1.714428,1.714428
0.1480562,0.1480562
-1.470012,-1.470012
-2.4569309,-2.4569309
-1.2748455,-1.2748455
0.1358079,0.1358079
1.232531,1.232531
2.4041703,2.4041703
1.5705791,1.5705791
-2.6987512,-2.6987512
-0.0741493,-0.0741493
5.8644994,5.8644994
-0.9695533,-0.9695533
8.2394191,8.2394191
-1.0299126,-1.0299126
0.4519462,0.4519462
16.3389704,-10.0
1.7662198,1.7662198
2.4140904,2.4140904
3.18444,3.18444
1.6180682,1.6180682
1.470012,1.470012
-0.9869189,-0.9869189
0.1951665,0.1951665
1.1227268,1.1227268
2.2194499,2.2194499
3.3910892,3.3910892
2.557498,2.557498
-1.7118323,-1.7118323
0.9127696,0.9127696
6.8514183,6.8514183
0.0173656,0.0173656
9.226338,9.226338
-0.0429937,-0.0429937
1.4388651,1.4388651
17.3258893,-10.0
2.7531387,2.7531387
3.4010093,3.4010093
4.1713589,4.1713589
2.6049871,2.6049871
2.4569309,2.4569309
0.9869189,0.9869189
1.1820854,1.1820854
-0.0593586,-0.0593586
1.0373645,1.0373645
2.2090038,2.2090038
1.3754126,1.3754126
-2.8939177,-2.8939177
-0.2693158,-0.2693158
5.6693329,5.6693329
-1.1647198,-1.1647198
8.0442526,8.0442526
-1.2250791,-1.2250791
0.2567797,0.2567797
16.1438039,-10.0
1.5710533,1.5710533
2.2189239,2.2189239
2.9892735,2.9892735
1.4229017,1.4229017
1.2748455,1.2748455
-0.1951665,-0.1951665
-1.1820854,-1.1820854
0.1899184,0.1899184
1.2085816,1.2085816
0.5746371,0.5746371
-2.0908026,-2.0908026
0.6927254,0.6927254
0.2218874,0.2218874
-1.4983683,-1.4983683
-1.7515905,-1.7515905
-1.3132947,-1.3132947
-1.57973,-1.57973
1.0898017,1.0898017
0.8158538,0.8158538
-0.7139212,-0.7139212
0.4514683,0.4514683
0.2276375,0.2276375
-0.2933932,-0.2933932
-0.430687,-0.430687
-2.5035102,-2.5035102
-3.7098849,-3.7098849
-0.1899184,-0.1899184
1.0186632,1.0186632
0.3847187,0.3847187
-2.280721,-2.280721
0.502807,0.502807
0.031969,0.031969
-1.6882867,-1.6882867
-1.9415089,-1.9415089
-1.5032131,-1.5032131
-1.7696484,-1.7696484
0.8998833,0.8998833
0.6259354,0.6259354
-0.9038396,-0.9038396
0.2615499,0.2615499
0.0377191,0.0377191
-0.4833116,-0.4833116
-0.6206054,-0.6206054
-2.6934286,-2.6934286
-3.8998033,-3.8998033
-1.2085816,-1.2085816
-1.0186632,-1.0186632
-0.6339445,-0.6339445
-3.2993842,-3.2993842
-0.5158562,-0.5158562
-0.9866942,-0.9866942
-2.7069499,-2.7069499
-2.9601721,-2.9601721
-2.5218763,-2.5218763
-2.7883116,-2.7883116
-0.1187799,-0.1187799
-0.3927278,-0.3927278
-1.9225028,-1.9225028
-0.7571133,-0.7571133
-0.9809441,-0.9809441
-1.5019748,-1.5019748
-1.6392686,-1.6392686
-3.7120918,-3.7120918
-4.9184665,-4.9184665
-0.5746371,-0.5746371
-0.3847187,-0.3847187
0.6339445,0.6339445
-2.6654397,-2.6654397
0.1180883,0.1180883
-0.3527497,-0.3527497
-2.0730054,-2.0730054
-2.3262276,-2.3262276
-1.8879318,-1.8879318
-2.1543671,-2.1543671
0.5151646,0.5151646
0.2412167,0.2412167
-1.2885583,-1.2885583
-0.1231688,-0.1231688
-0.3469996,-0.3469996
-0.8680303,-0.8680303
-1.0053241,-1.0053241
-3.0781473,-3.0781473
-4.284522,-4.284522
2.0908026,2.0908026
2.280721,2.280721
3.2993842,3.2993842
2.6654397,2.6654397
2.783528,2.783528
2.31269,2.31269
0.5924343,0.5924343
0.3392121,0.3392121
0.7775079,0.7775079
0.5110726,0.5110726
3.1806043,3.1806043
2.9066564,2.9066564
1.3768814,1.3768814
2.5422709,2.5422709
2.3184401,2.3184401
1.7974094,1.7974094
1.6601156,1.6601156
-0.4127076,-0.4127076
-1.6190823,-1.6190823
-0.6927254,-0.6927254
-0.502807,-0.502807
0.5158562,0.5158562
-0.1180883,-0.1180883
-2.783528,-2.783528
-0.470838,-0.470838
-2.1910937,-2.1910937
-2.4443159,-2.4443159
-2.0060201,-2.0060201
-2.2724554,-2.2724554
0.3970763,0.3970763
0.1231284,0.1231284
-1.4066466,-1.4066466
-0.2412571,-0.2412571
-0.4650879,-0.4650879
-0.9861186,-0.9861186
-1.1234124,-1.1234124
-3.1962356,-3.1962356
-4.4026103,-4.4026103
-0.2218874,-0.2218874
-0.031969,-0.031969
0.9866942,0.9866942
0.3527497,0.3527497
-2.31269,-2.31269
0.470838,0.470838
-1.7202557,-1.7202557
-1.9734779,-1.9734779
-1.5351821,-1.5351821
-1.8016174,-1.8016174
0.8679143,0.8679143
0.5939664,0.5939664
-0.9358086,-0.9358086
0.2295809,0.2295809
0.0057501,0.0057501
-0.5152806,-0.5152806
-0.6525744,-0.6525744
-2.7253976,-2.7253976
-3.9317723,-3.9317723
1.4983683,1.4983683
1.6882867,1.6882867
2.7069499,2.7069499
2.0730054,2.0730054
-0.5924343,-0.5924343
2.1910937,2.1910937
1.7202557,1.7202557
-0.2532222,-0.2532222
0.1850736,0.1850736
-0.0813617,-0.0813617
2.58817,2.58817
2.3142221,2.3142221
0.7844471,0.7844471
1.9498366,1.9498366
1.7260058,1.7260058
1.2049751,1.2049751
1.0676813,1.0676813
-1.0051419,-1.0051419
-2.2115166,-2.2115166
1.7515905,1.7515905
1.9415089,1.9415089
2.9601721,2.9601721
2.3262276,2.3262276
-0.3392121,-0.3392121
2.4443159,2.4443159
1.9734779,1.9734779
0.2532222,0.2532222
0.4382958,0.4382958
0.1718605,0.1718605
2.8413922,2.8413922
2.5674443,2.5674443
1.0376693,1.0376693
2.2030588,2.2030588
1.979228,1.979228
1.4581973,1.4581973
1.3209035,1.3209035
-0.7519197,-0.7519197
-1.9582944,-1.9582944
1.3132947,1.3132947
1.5032131,1.5032131
2.5218763,2.5218763
1.8879318,1.8879318
-0.7775079,-0.7775079
2.0060201,2.0060201
1.5351821,1.5351821
-0.1850736,-0.1850736
-0.4382958,-0.4382958
-0.2664353,-0.2664353
2.4030964,2.4030964
2.1291485,2.1291485
0.5993735,0.5993735
1.764763,1.764763
1.5409322,1.5409322
1.0199015,1.0199015
0.8826077,0.8826077
-1.1902155,-1.1902155
-2.3965902,-2.3965902
1.57973,1.57973
1.7696484,1.7696484
2.7883116,2.7883116
2.1543671,2.1543671
-0.5110726,-0.5110726
2.2724554,2.2724554
1.8016174,1.8016174
0.0813617,0.0813617
-0.1718605,-0.1718605
0.2664353,0.2664353
2.6695317,2.6695317
2.3955838,2.3955838
0.8658088,0.8658088
2.0311983,2.0311983
1.8073675,1.8073675
1.2863368,1.2863368
1.149043,1.149043
-0.9237802,-0.9237802
-2.1301549,-2.1301549
-1.0898017,-1.0898017
-0.8998833,-0.8998833
0.1187799,0.1187799
-0.5151646,-0.5151646
-3.1806043,-3.1806043
-0.3970763,-0.3970763
-0.8679143,-0.8679143
-2.58817,-2.58817
-2.8413922,-2.8413922
-2.4030964,-2.4030964
-2.6695317,-2.6695317
-0.2739479,-0.2739479
-1.8037229,-1.8037229
-0.6383334,-0.6383334
-0.8621642,-0.8621642
-1.3831949,-1.3831949
-1.5204887,-1.5204887
-3.5933119,-3.5933119
-4.7996866,-4.7996866
-0.8158538,-0.8158538
-0.6259354,-0.6259354
0.3927278,0.3927278
-0.2412167,-0.2412167
-2.9066564,-2.9066564
-0.1231284,-0.1231284
-0.5939664,-0.5939664
-2.3142221,-2.3142221
-2.5674443,-2.5674443
-2.1291485,-2.1291485
-2.3955838,-2.3955838
0.2739479,0.2739479
-1.529775,-1.529775
-0.3643855,-0.3643855
-0.5882163,-0.5882163
-1.109247,-1.109247
-1.2465408,-1.2465408
-3.319364,-3.319364
-4.5257387,-4.5257387
0.7139212,0.7139212
0.9038396,0.9038396
1.9225028,1.9225028
1.2885583,1.2885583
-1.3768814,-1.3768814
1.4066466,1.4066466
0.9358086,0.9358086
-0.7844471,-0.7844471
-1.0376693,-1.0376693
-0.5993735,-0.5993735
-0.8658088,-0.8658088
1.8037229,1.8037229
1.529775,1.529775
1.1653895,1.1653895
0.9415587,0.9415587
0.420528,0.420528
0.2832342,0.2832342
-1.789589,-1.789589
-2.9959637,-2.9959637
-0.4514683,-0.4514683
-0.2615499,-0.2615499
0.7571133,0.7571133
0.1231688,0.1231688
-2.5422709,-2.5422709
0.2412571,0.2412571
-0.2295809,-0.2295809
-1.9498366,-1.9498366
-2.2030588,-2.2030588
-1.764763,-1.764763
-2.0311983,-2.0311983
0.6383334,0.6383334
0.3643855,0.3643855
-1.1653895,-1.1653895
-0.2238308,-0.2238308
-0.7448615,-0.7448615
-0.8821553,-0.8821553
-2.9549785,-2.9549785
-4.1613532,-4.1613532
-0.2276375,-0.2276375
-0.0377191,-0.0377191
0.9809441,0.9809441
0.3469996,0.3469996
-2.3184401,-2.3184401
0.4650879,0.4650879
-0.0057501,-0.0057501
-1.7260058,-1.7260058
-1.979228,-1.979228
-1.5409322,-1.5409322
-1.8073675,-1.8073675
0.8621642,0.8621642
0.5882163,0.5882163
-0.9415587,-0.9415587
0.2238308,0.2238308
-0.5210307,-0.5210307
-0.6583245,-0.6583245
-2.7311477,-2.7311477
-3.9375224,-3.9375224
0.2933932,0.2933932
0.4833116,0.4833116
1.5019748,1.5019748
0.8680303,0.8680303
-1.7974094,-1.7974094
0.9861186,0.9861186
0.5152806,0.5152806
-1.2049751,-1.2049751
-1.4581973,-1.4581973
-1.0199015,-1.0199015
-1.2863368,-1.2863368
1.3831949,1.3831949
1.109247,1.109247
-0.420528,-0.420528
0.7448615,0.7448615
0.5210307,0.5210307
-0.1372938,-0.1372938
-2.210117,-2.210117
-3.4164917,-3.4164917
0.430687,0.430687
0.6206054,0.6206054
1.6392686,1.6392686
1.0053241,1.0053241
-1.6601156,-1.6601156
1.1234124,1.1234124
0.6525744,0.6525744
-1.0676813,-1.0676813
-1.3209035,-1.3209035
-0.8826077,-0.8826077
-1.149043,-1.149043
1.5204887,1.5204887
1.2465408,1.2465408
-0.2832342,-0.2832342
0.8821553,0.8821553
0.6583245,0.6583245
0.1372938,0.1372938
-2.0728232,-2.0728232
-3.2791979,-3.2791979
2.5035102,2.5035102
2.6934286,2.6934286
3.7120918,3.7120918
3.0781473,3.0781473
0.4127076,0.4127076
3.1962356,3.1962356
2.7253976,2.7253976
1.0051419,1.0051419
0.7519197,0.7519197
1.1902155,1.1902155
0.9237802,0.9237802
3.5933119,3.5933119
3.319364,3.319364
1.789589,1.789589
2.9549785,2.9549785
2.7311477,2.7311477
2.210117,2.210117
2.0728232,2.0728232
-1.2063747,-1.2063747
3.7098849,3.7098849
3.8998033,3.8998033
4.9184665,4.9184665
4.284522,4.284522
1.6190823,1.6190823
4.4026103,4.4026103
3.9317723,3.9317723
2.2115166,2.2115166
1.9582944,1.9582944
2.3965902,2.3965902
2.1301549,2.1301549
4.7996866,4.7996866
4.5257387,4.5257387
2.9959637,2.9959637
4.1613532,4.1613532
3.9375224,3.9375224
3.4164917,3.4164917
3.2791979,3.2791979
1.2063747,1.2063747
-0.8421859,-0.8421859
5.512071,5.512071
5.6867467,5.6867467
-1.6405616,-1.6405616
11.9582184,-10.0
1.6498906,1.6498906
-1.6501437,-1.6501437
13.9713964,-10.0
-1.1131937,-1.1131937
-1.8705267,-1.8705267
12.6163366,-10.0
-0.3734427,-0.3734427
3.52473,3.52473
15.6284014,-10.0
0.8166088,0.8166088
2.5271363,2.5271363
-0.7360223,-0.7360223
-2.4509546,-2.4509546
-1.2208462,-1.2208462
0.8421859,0.8421859
6.3542569,6.3542569
6.5289326,6.5289326
-0.7983757,-0.7983757
12.8004043,-10.0
2.4920765,2.4920765
-0.8079578,-0.8079578
14.8135823,-10.0
-0.2710078,-0.2710078
-1.0283408,-1.0283408
13.4585225,-10.0
0.4687432,0.4687432
4.3669159,4.3669159
16.4705873,-10.0
1.6587947,1.6587947
3.3693222,3.3693222
0.1061636,0.1061636
-1.6087687,-1.6087687
-0.3786603,-0.3786603
-5.512071,-5.512071
-6.3542569,-6.3542569
0.1746757,0.1746757
-7.1526326,-7.1526326
6.4461474,6.4461474
-3.8621804,-3.8621804
-7.1622147,-7.1622147
8.4593254,8.4593254
-6.6252647,-6.6252647
-7.3825977,-7.3825977
7.1042656,7.1042656
-5.8855137,-5.8855137
-1.987341,-1.987341
10.1163304,-10.0
-4.6954622,-4.6954622
-2.9849347,-2.9849347
-6.2480933,-6.2480933
-7.9630256,-7.9630256
-6.7329172,-6.7329172
-5.6867467,-5.6867467
-6.5289326,-6.5289326
-0.1746757,-0.1746757
-7.3273083,-7.3273083
6.2714717,6.2714717
-4.0368561,-4.0368561
-7.3368904,-7.3368904
8.2846497,8.2846497
-6.7999404,-6.7999404
-7.5572734,-7.5572734
6.9295899,6.9295899
-6.0601894,-6.0601894
-2.1620167,-2.1620167
9.9416547,9.9416547
-4.8701379,-4.8701379
-3.1596104,-3.1596104
-6.422769,-6.422769
-8.1377013,-8.1377013
-6.9075929,-6.9075929
1.6405616,1.6405616
0.7983757,0.7983757
7.1526326,7.1526326
7.3273083,7.3273083
13.59878,-10.0
3.2904522,3.2904522
-0.0095821,-0.0095821
15.611958,-10.0
0.5273679,0.5273679
-0.2299651,-0.2299651
14.2568982,-10.0
1.2671189,1.2671189
5.1652916,5.1652916
17.268963,-10.0
2.4571704,2.4571704
4.1676979,4.1676979
0.9045393,0.9045393
-0.810393,-0.810393
0.4197154,0.4197154
-11.9582184,-10.0
-12.8004043,-10.0
-6.4461474,-6.4461474
-6.2714717,-6.2714717
-13.59878,-10.0
-10.3083278,-10.0
-13.6083621,-10.0
2.013178,2.013178
-13.0714121,-10.0
-13.8287451,-10.0
0.6581182,0.6581182
-12.3316611,-10.0
-8.4334884,-8.4334884
3.670183,3.670183
-11.1416096,-10.0
-9.4310821,-9.4310821
-12.6942407,-10.0
-14.409173,-10.0
-13.1790646,-10.0
-1.6498906,-1.6498906
-2.4920765,-2.4920765
3.8621804,3.8621804
4.0368561,4.0368561
-3.2904522,-3.2904522
10.3083278,-10.0
-3.3000343,-3.3000343
12.3215058,-10.0
-2.7630843,-2.7630843
-3.5204173,-3.5204173
10.966446,-10.0
-2.0233333,-2.0233333
1.8748394,1.8748394
13.9785108,-10.0
-0.8332818,-0.8332818
0.8772457,0.8772457
-2.3859129,-2.3859129
-4.1008452,-4.1008452
-2.8707368,-2.8707368
1.6501437,1.6501437
0.8079578,0.8079578
7.1622147,7.1622147
7.3368904,7.3368904
0.0095821,0.0095821
13.6083621,-10.0
3.3000343,3.3000343
15.6215401,-10.0
0.53695,0.53695
-0.220383,-0.220383
14.2664803,-10.0
1.276701,1.276701
5.1748737,5.1748737
17.2785451,-10.0
2.4667525,2.4667525
4.17728,4.17728
0.9141214,0.9141214
-0.8008109,-0.8008109
0.4292975,0.4292975
-13.9713964,-10.0
-14.8135823,-10.0
-8.4593254,-8.4593254
-8.2846497,-8.2846497
-15.611958,-10.0
-2.013178,-2.013178
-12.3215058,-10.0
-15.6215401,-10.0
-15.0845901,-10.0
-15.8419231,-10.0
-1.3550598,-1.3550598
-14.3448391,-10.0
-10.4466664,-10.0
1.657005,1.657005
-13.1547876,-10.0
-11.4442601,-10.0
-14.7074187,-10.0
-16.422351,-10.0
-15.1922426,-10.0
1.1131937,1.1131937
0.2710078,0.2710078
6.6252647,6.6252647
6.7999404,6.7999404
-0.5273679,-0.5273679
13.0714121,-10.0
2.7630843,2.7630843
-0.53695,-0.53695
15.0845901,-10.0
-0.757333,-0.757333
13.7295303,-10.0
0.739751,0.739751
4.6379237,4.6379237
16.7415951,-10.0
1.9298025,1.9298025
3.64033,3.64033
0.3771714,0.3771714
-1.3377609,-1.3377609
-0.1076525,-0.1076525
1.8705267,1.8705267
1.0283408,1.0283408
7.3825977,7.3825977
7.5572734,7.5572734
0.2299651,0.2299651
13.8287451,-10.0
3.5204173,3.5204173
0.220383,0.220383
15.8419231,-10.0
0.757333,0.757333
14.4868633,-10.0
1.497084,1.497084
5.3952567,5.3952567
17.4989281,-10.0
2.6871355,2.6871355
4.397663,4.397663
1.1345044,1.1345044
-0.5804279,-0.5804279
0.6496805,0.6496805
-12.6163366,-10.0
-13.4585225,-10.0
-7.1042656,-7.1042656
-6.9295899,-6.9295899
-14.2568982,-10.0
-0.6581182,-0.6581182
-10.966446,-10.0
-14.2664803,-10.0
1.3550598,1.3550598
-13.7295303,-10.0
-14.4868633,-10.0
-12.9897793,-10.0
-9.0916066,-9.0916066
3.0120648,3.0120648
-11.7997278,-10.0
-10.0892003,-10.0
-13.3523589,-10.0
-15.0672912,-10.0
-13.8371828,-10.0
0.3734427,0.3734427
-0.4687432,-0.4687432
5.8855137,5.8855137
6.0601894,6.0601894
-1.2671189,-1.2671189
12.3316611,-10.0
2.0233333,2.0233333
-1.276701,-1.276701
14.3448391,-10.0
-0.739751,-0.739751
-1.497084,-1.497084
12.9897793,-10.0
3.8981727,3.8981727
16.0018441,-10.0
1.1900515,1.1900515
2.900579,2.900579
-0.3625796,-0.3625796
-2.0775119,-2.0775119
-0.8474035,-0.8474035
-3.52473,-3.52473
-4.3669159,-4.3669159
1.987341,1.987341
2.1620167,2.1620167
-5.1652916,-5.1652916
8.4334884,8.4334884
-1.8748394,-1.8748394
-5.1748737,-5.1748737
10.4466664,-10.0
-4.6379237,-4.6379237
-5.3952567,-5.3952567
9.0916066,9.0916066
-3.8981727,-3.8981727
12.1036714,-10.0
-2.7081212,-2.7081212
-0.9975937,-0.9975937
-4.2607523,-4.2607523
-5.9756846,-5.9756846
-4.7455762,-4.7455762
-15.6284014,-10.0
-16.4705873,-10.0
-10.1163304,-10.0
-9.9416547,-9.9416547
-17.268963,-10.0
-3.670183,-3.670183
-13.9785108,-10.0
-17.2785451,-10.0
-1.657005,-1.657005
-16.7415951,-10.0
-17.4989281,-10.0
-3.0120648,-3.0120648
-16.0018441,-10.0
-12.1036714,-10.0
-14.8117926,-10.0
-13.1012651,-10.0
-16.3644237,-10.0
-18.079356,-10.0
-16.8492476,-10.0
-0.8166088,-0.8166088
-1.6587947,-1.6587947
4.6954622,4.6954622
4.8701379,4.8701379
-2.4571704,-2.4571704
11.1416096,-10.0
0.8332818,0.8332818
-2.4667525,-2.4667525
13.1547876,-10.0
-1.9298025,-1.9298025
-2.6871355,-2.6871355
11.7997278,-10.0
-1.1900515,-1.1900515
2.7081212,2.7081212
14.8117926,-10.0
1.7105275,1.7105275
-1.5526311,-1.5526311
-3.2675634,-3.2675634
-2.037455,-2.037455
-2.5271363,-2.5271363
-3.3693222,-3.3693222
2.9849347,2.9849347
3.1596104,3.1596104
-4.1676979,-4.1676979
9.4310821,9.4310821
-0.8772457,-0.8772457
-4.17728,-4.17728
11.4442601,-10.0
-3.64033,-3.64033
-4.397663,-4.397663
10.0892003,-10.0
-2.900579,-2.900579
0.9975937,0.9975937
13.1012651,-10.0
-1.7105275,-1.7105275
-3.2631586,-3.2631586
-4.9780909,-4.9780909
-3.7479825,-3.7479825
0.7360223,0.7360223
-0.1061636,-0.1061636
6.2480933,6.2480933
6.422769,6.422769
-0.9045393,-0.9045393
12.6942407,-10.0
2.3859129,2.3859129
-0.9141214,-0.9141214
14.7074187,-10.0
-0.3771714,-0.3771714
-1.1345044,-1.1345044
13.3523589,-10.0
0.3625796,0.3625796
4.2607523,4.2607523
16.3644237,-10.0
1.5526311,1.5526311
3.2631586,3.2631586
-1.7149323,-1.7149323
-0.4848239,-0.4848239
2.4509546,2.4509546
1.6087687,1.6087687
7.9630256,7.9630256
8.1377013,8.1377013
0.810393,0.810393
14.409173,-10.0
4.1008452,4.1008452
0.8008109,0.8008109
16.422351,-10.0
1.3377609,1.3377609
0.5804279,0.5804279
15.0672912,-10.0
2.0775119,2.0775119
5.9756846,5.9756846
18.079356,-10.0
3.2675634,3.2675634
4.9780909,4.9780909
1.7149323,1.7149323
1.2301084,1.2301084
1.2208462,1.2208462
0.3786603,0.3786603
6.7329172,6.7329172
6.9075929,6.9075929
-0.4197154,-0.4197154
13.1790646,-10.0
2.8707368,2.8707368
-0.4292975,-0.4292975
15.1922426,-10.0
0.1076525,0.1076525
-0.6496805,-0.6496805
13.8371828,-10.0
0.8474035,0.8474035
4.7455762,4.7455762
16.8492476,-10.0
2.037455,2.037455
3.7479825,3.7479825
0.4848239,0.4848239
-1.2301084,-1.2301084
0.4131801,0.4131801
13.4191591,-10.0
9.9059642,9.9059642
-2.2178549,-2.2178549
0.0281767,0.0281767
14.2021932,-10.0
-1.3197257,-1.3197257
13.5307338,-10.0
-1.9612366,-1.9612366
-1.5435192,-1.5435192
13.0529079,-10.0
0.1163366,0.1163366
14.0893807,-10.0
14.8043039,-10.0
0.9312975,0.9312975
1.5038689,1.5038689
-0.5526506,-0.5526506
0.3869972,0.3869972
-1.6665558,-1.6665558
-0.4131801,-0.4131801
13.005979,-10.0
9.4927841,9.4927841
-2.631035,-2.631035
-0.3850034,-0.3850034
13.7890131,-10.0
-1.7329058,-1.7329058
13.1175537,-10.0
-2.3744167,-2.3744167
-1.9566993,-1.9566993
12.6397278,-10.0
-0.2968435,-0.2968435
13.6762006,-10.0
14.3911238,-10.0
0.5181174,0.5181174
1.0906888,1.0906888
-0.9658307,-0.9658307
-0.0261829,-0.0261829
-2.0797359,-2.0797359
-13.4191591,-10.0
-13.005979,-10.0
-3.5131949,-3.5131949
-15.637014,-10.0
-13.3909824,-10.0
0.7830341,0.7830341
-14.7388848,-10.0
0.1115747,0.1115747
-15.3803957,-10.0
-14.9626783,-10.0
-0.3662512,-0.3662512
-13.3028225,-10.0
0.6702216,0.6702216
1.3851448,1.3851448
-12.4878616,-10.0
-11.9152902,-10.0
-13.9718097,-10.0
-13.0321619,-10.0
-15.0857149,-10.0
-9.9059642,-9.9059642
-9.4927841,-9.4927841
3.5131949,3.5131949
-12.1238191,-10.0
-9.8777875,-9.8777875
4.296229,4.296229
-11.2256899,-10.0
3.6247696,3.6247696
-11.8672008,-10.0
-11.4494834,-10.0
3.1469437,3.1469437
-9.7896276,-9.7896276
4.1834165,4.1834165
4.8983397,4.8983397
-8.9746667,-8.9746667
-8.4020953,-8.4020953
-10.4586148,-10.0
-9.518967,-9.518967
-11.57252,-10.0
2.2178549,2.2178549
2.631035,2.631035
15.637014,-10.0
12.1238191,-10.0
2.2460316,2.2460316
16.4200481,-10.0
0.8981292,0.8981292
15.7485887,-10.0
0.2566183,0.2566183
0.6743357,0.6743357
15.2707628,-10.0
2.3341915,2.3341915
16.3072356,-10.0
17.0221588,-10.0
3.1491524,3.1491524
3.7217238,3.7217238
1.6652043,1.6652043
2.6048521,2.6048521
0.5512991,0.5512991
-0.0281767,-0.0281767
0.3850034,0.3850034
13.3909824,-10.0
9.8777875,9.8777875
-2.2460316,-2.2460316
14.1740165,-10.0
-1.3479024,-1.3479024
13.5025571,-10.0
-1.9894133,-1.9894133
-1.5716959,-1.5716959
13.0247312,-10.0
0.0881599,0.0881599
14.061204,-10.0
14.7761272,-10.0
0.9031208,0.9031208
1.4756922,1.4756922
-0.5808273,-0.5808273
0.3588205,0.3588205
-1.6947325,-1.6947325
-14.2021932,-10.0
-13.7890131,-10.0
-0.7830341,-0.7830341
-4.296229,-4.296229
-16.4200481,-10.0
-14.1740165,-10.0
-15.5219189,-10.0
-0.6714594,-0.6714594
-16.1634298,-10.0
-15.7457124,-10.0
-1.1492853,-1.1492853
-14.0858566,-10.0
-0.1128125,-0.1128125
0.6021107,0.6021107
-13.2708957,-10.0
-12.6983243,-10.0
-14.7548438,-10.0
-13.815196,-10.0
-15.868749,-10.0
1.3197257,1.3197257
1.7329058,1.7329058
14.7388848,-10.0
11.2256899,-10.0
-0.8981292,-0.8981292
1.3479024,1.3479024
15.5219189,-10.0
14.8504595,-10.0
-0.6415109,-0.6415109
-0.2237935,-0.2237935
14.3726336,-10.0
1.4360623,1.4360623
15.4091064,-10.0
16.1240296,-10.0
2.2510232,2.2510232
2.8235946,2.8235946
0.7670751,0.7670751
1.7067229,1.7067229
-0.3468301,-0.3468301
-13.5307338,-10.0
-13.1175537,-10.0
-0.1115747,-0.1115747
-3.6247696,-3.6247696
-15.7485887,-10.0
-13.5025571,-10.0
0.6714594,0.6714594
-14.8504595,-10.0
-15.4919704,-10.0
-15.074253,-10.0
-0.4778259,-0.4778259
-13.4143972,-10.0
0.5586469,0.5586469
1.2735701,1.2735701
-12.5994363,-10.0
-12.0268649,-10.0
-14.0833844,-10.0
-13.1437366,-10.0
-15.1972896,-10.0
1.9612366,1.9612366
2.3744167,2.3744167
15.3803957,-10.0
11.8672008,-10.0
-0.2566183,-0.2566183
1.9894133,1.9894133
16.1634298,-10.0
0.6415109,0.6415109
15.4919704,-10.0
0.4177174,0.4177174
15.0141445,-10.0
2.0775732,2.0775732
16.0506173,-10.0
16.7655405,-10.0
2.8925341,2.8925341
3.4651055,3.4651055
1.408586,1.408586
2.3482338,2.3482338
0.2946808,0.2946808
1.5435192,1.5435192
1.9566993,1.9566993
14.9626783,-10.0
11.4494834,-10.0
-0.6743357,-0.6743357
1.5716959,1.5716959
15.7457124,-10.0
0.2237935,0.2237935
15.074253,-10.0
-0.4177174,-0.4177174
14.5964271,-10.0
1.6598558,1.6598558
15.6328999,-10.0
16.3478231,-10.0
2.4748167,2.4748167
3.0473881,3.0473881
0.9908686,0.9908686
1.9305164,1.9305164
-0.1230366,-0.1230366
-13.0529079,-10.0
-12.6397278,-10.0
0.3662512,0.3662512
-3.1469437,-3.1469437
-15.2707628,-10.0
-13.0247312,-10.0
1.1492853,1.1492853
-14.3726336,-10.0
0.4778259,0.4778259
-15.0141445,-10.0
-14.5964271,-10.0
-12.9365713,-10.0
1.0364728,1.0364728
1.751396,1.751396
-12.1216104,-10.0
-11.549039,-10.0
-13.6055585,-10.0
-12.6659107,-10.0
-14.7194637,-10.0
-0.1163366,-0.1163366
0.2968435,0.2968435
13.3028225,-10.0
9.7896276,9.7896276
-2.3341915,-2.3341915
-0.0881599,-0.0881599
14.0858566,-10.0
-1.4360623,-1.4360623
13.4143972,-10.0
-2.0775732,-2.0775732
-1.6598558,-1.6598558
12.9365713,-10.0
13.9730441,-10.0
14.6879673,-10.0
0.8149609,0.8149609
1.3875323,1.3875323
-0.6689872,-0.6689872
0.2706606,0.2706606
-1.7828924,-1.7828924
-14.0893807,-10.0
-13.6762006,-10.0
-0.6702216,-0.6702216
-4.1834165,-4.1834165
-16.3072356,-10.0
-14.061204,-10.0
0.1128125,0.1128125
-15.4091064,-10.0
-0.5586469,-0.5586469
-16.0506173,-10.0
-15.6328999,-10.0
-1.0364728,-1.0364728
-13.9730441,-10.0
0.7149232,0.7149232
-13.1580832,-10.0
-12.5855118,-10.0
-14.6420313,-10.0
-13.7023835,-10.0
-15.7559365,-10.0
-14.8043039,-10.0
-14.3911238,-10.0
-1.3851448,-1.3851448
-4.8983397,-4.8983397
-17.0221588,-10.0
-14.7761272,-10.0
-0.6021107,-0.6021107
-16.1240296,-10.0
-1.2735701,-1.2735701
-16.7655405,-10.0
-16.3478231,-10.0
-1.751396,-1.751396
-14.6879673,-10.0
-0.7149232,-0.7149232
-13.8730064,-10.0
-13.300435,-10.0
-15.3569545,-10.0
-14.4173067,-10.0
-16.4708597,-10.0
-0.9312975,-0.9312975
-0.5181174,-0.5181174
12.4878616,-10.0
8.9746667,8.9746667
-3.1491524,-3.1491524
-0.9031208,-0.9031208
13.2708957,-10.0
-2.2510232,-2.2510232
12.5994363,-10.0
-2.8925341,-2.8925341
-2.4748167,-2.4748167
12.1216104,-10.0
-0.8149609,-0.8149609
13.1580832,-10.0
13.8730064,-10.0
0.5725714,0.5725714
-1.4839481,-1.4839481
-0.5443003,-0.5443003
-2.5978533,-2.5978533
-1.5038689,-1.5038689
-1.0906888,-1.0906888
11.9152902,-10.0
8.4020953,8.4020953
-3.7217238,-3.7217238
-1.4756922,-1.4756922
12.6983243,-10.0
-2.8235946,-2.8235946
12.0268649,-10.0
-3.4651055,-3.4651055
-3.0473881,-3.0473881
11.549039,-10.0
-1.3875323,-1.3875323
12.5855118,-10.0
13.300435,-10.0
-0.5725714,-0.5725714
-2.0565195,-2.0565195
-1.1168717,-1.1168717
-3.1704247,-3.1704247
0.5526506,0.5526506
0.9658307,0.9658307
13.9718097,-10.0
10.4586148,-10.0
-1.6652043,-1.6652043
0.5808273,0.5808273
14.7548438,-10.0
-0.7670751,-0.7670751
14.0833844,-10.0
-1.408586,-1.408586
-0.9908686,-0.9908686
13.6055585,-10.0
0.6689872,0.6689872
14.6420313,-10.0
15.3569545,-10.0
1.4839481,1.4839481
2.0565195,2.0565195
0.9396478,0.9396478
-1.1139052,-1.1139052
-0.3869972,-0.3869972
0.0261829,0.0261829
13.0321619,-10.0
9.518967,9.518967
-2.6048521,-2.6048521
-0.3588205,-0.3588205
13.815196,-10.0
-1.7067229,-1.7067229
13.1437366,-10.0
-2.3482338,-2.3482338
-1.9305164,-1.9305164
12.6659107,-10.0
-0.2706606,-0.2706606
13.7023835,-10.0
14.4173067,-10.0
0.5443003,0.5443003
1.1168717,1.1168717
-0.9396478,-0.9396478
-2.053553,-2.053553
1.6665558,1.6665558
2.0797359,2.0797359
15.0857149,-10.0
11.57252,-10.0
-0.5512991,-0.5512991
1.6947325,1.6947325
15.868749,-10.0
0.3468301,0.3468301
15.1972896,-10.0
-0.2946808,-0.2946808
0.1230366,0.1230366
14.7194637,-10.0
1.7828924,1.7828924
15.7559365,-10.0
16.4708597,-10.0
2.5978533,2.5978533
3.1704247,3.1704247
1.1139052,1.1139052
2.053553,2.053553
2.3292698,2.3292698
3.0449169,3.0449169
2.4715701,2.4715701
-0.3669292,-0.3669292
1.0083589,1.0083589
2.6994851,2.6994851
-0.5464879,-0.5464879
14.971199,-10.0
0.6123111,0.6123111
-0.5995157,-0.5995157
1.5535953,1.5535953
15.3772383,-10.0
14.5005711,-10.0
10.5973831,-10.0
1.8180666,1.8180666
-0.2365775,-0.2365775
-0.0744054,-0.0744054
14.4141592,-10.0
0.5544895,0.5544895
-2.3292698,-2.3292698
0.7156471,0.7156471
0.1423003,0.1423003
-2.696199,-2.696199
-1.3209109,-1.3209109
0.3702153,0.3702153
-2.8757577,-2.8757577
12.6419292,-10.0
-1.7169587,-1.7169587
-2.9287855,-2.9287855
-0.7756745,-0.7756745
13.0479685,-10.0
12.1713013,-10.0
8.2681133,8.2681133
-0.5112032,-0.5112032
-2.5658473,-2.5658473
-2.4036752,-2.4036752
12.0848894,-10.0
-1.7747803,-1.7747803
-3.0449169,-3.0449169
-0.7156471,-0.7156471
-0.5733468,-0.5733468
-3.4118461,-3.4118461
-2.036558,-2.036558
-0.3454318,-0.3454318
-3.5914048,-3.5914048
11.9262821,-10.0
-2.4326058,-2.4326058
-3.6444326,-3.6444326
-1.4913216,-1.4913216
12.3323214,-10.0
11.4556542,-10.0
7.5524662,7.5524662
-1.2268503,-1.2268503
-3.2814944,-3.2814944
-3.1193223,-3.1193223
11.3692423,-10.0
-2.4904274,-2.4904274
-2.4715701,-2.4715701
-0.1423003,-0.1423003
0.5733468,0.5733468
-2.8384993,-2.8384993
-1.4632112,-1.4632112
0.227915,0.227915
-3.018058,-3.018058
12.4996289,-10.0
-1.859259,-1.859259
-3.0710858,-3.0710858
-0.9179748,-0.9179748
12.9056682,-10.0
12.029001,-10.0
8.125813,8.125813
-0.6535035,-0.6535035
-2.7081476,-2.7081476
-2.5459755,-2.5459755
11.9425891,-10.0
-1.9170806,-1.9170806
0.3669292,0.3669292
2.696199,2.696199
3.4118461,3.4118461
2.8384993,2.8384993
1.3752881,1.3752881
3.0664143,3.0664143
-0.1795587,-0.1795587
15.3381282,-10.0
0.9792403,0.9792403
-0.2325865,-0.2325865
1.9205245,1.9205245
15.7441675,-10.0
14.8675003,-10.0
10.9643123,-10.0
2.1849958,2.1849958
0.1303517,0.1303517
0.2925238,0.2925238
14.7810884,-10.0
0.9214187,0.9214187
-1.0083589,-1.0083589
1.3209109,1.3209109
2.036558,2.036558
1.4632112,1.4632112
-1.3752881,-1.3752881
1.6911262,1.6911262
-1.5548468,-1.5548468
13.9628401,-10.0
-0.3960478,-0.3960478
-1.6078746,-1.6078746
0.5452364,0.5452364
14.3688794,-10.0
13.4922122,-10.0
9.5890242,9.5890242
0.8097077,0.8097077
-1.2449364,-1.2449364
-1.0827643,-1.0827643
13.4058003,-10.0
-0.4538694,-0.4538694
-2.6994851,-2.6994851
-0.3702153,-0.3702153
0.3454318,0.3454318
-0.227915,-0.227915
-3.0664143,-3.0664143
-1.6911262,-1.6911262
-3.245973,-3.245973
12.2717139,-10.0
-2.087174,-2.087174
-3.2990008,-3.2990008
-1.1458898,-1.1458898
12.6777532,-10.0
11.801086,-10.0
7.897898,7.897898
-0.8814185,-0.8814185
-2.9360626,-2.9360626
-2.7738905,-2.7738905
11.7146741,-10.0
-2.1449956,-2.1449956
0.5464879,0.5464879
2.8757577,2.8757577
3.5914048,3.5914048
3.018058,3.018058
0.1795587,0.1795587
1.5548468,1.5548468
3.245973,3.245973
15.5176869,-10.0
1.158799,1.158799
-0.0530278,-0.0530278
2.1000832,2.1000832
15.9237262,-10.0
15.047059,-10.0
11.143871,-10.0
2.3645545,2.3645545
0.3099104,0.3099104
0.4720825,0.4720825
14.9606471,-10.0
1.1009774,1.1009774
-14.971199,-10.0
-12.6419292,-10.0
-11.9262821,-10.0
-12.4996289,-10.0
-15.3381282,-10.0
-13.9628401,-10.0
-12.2717139,-10.0
-15.5176869,-10.0
-14.3588879,-10.0
-15.5707147,-10.0
-13.4176037,-10.0
0.4060393,0.4060393
-0.4706279,-0.4706279
-4.3738159,-4.3738159
-13.1531324,-10.0
-15.2077765,-10.0
-15.0456044,-10.0
-0.5570398,-0.5570398
-14.4167095,-10.0
-0.6123111,-0.6123111
1.7169587,1.7169587
2.4326058,2.4326058
1.859259,1.859259
-0.9792403,-0.9792403
0.3960478,0.3960478
2.087174,2.087174
-1.158799,-1.158799
14.3588879,-10.0
-1.2118268,-1.2118268
0.9412842,0.9412842
14.7649272,-10.0
13.88826,-10.0
9.985072,9.985072
1.2057555,1.2057555
-0.8488886,-0.8488886
-0.6867165,-0.6867165
13.8018481,-10.0
-0.0578216,-0.0578216
0.5995157,0.5995157
2.9287855,2.9287855
3.6444326,3.6444326
3.0710858,3.0710858
0.2325865,0.2325865
1.6078746,1.6078746
3.2990008,3.2990008
0.0530278,0.0530278
15.5707147,-10.0
1.2118268,1.2118268
2.153111,2.153111
15.976754,-10.0
15.1000868,-10.0
11.1968988,-10.0
2.4175823,2.4175823
0.3629382,0.3629382
0.5251103,0.5251103
15.0136749,-10.0
1.1540052,1.1540052
-1.5535953,-1.5535953
0.7756745,0.7756745
1.4913216,1.4913216
0.9179748,0.9179748
-1.9205245,-1.9205245
-0.5452364,-0.5452364
1.1458898,1.1458898
-2.1000832,-2.1000832
13.4176037,-10.0
-0.9412842,-0.9412842
-2.153111,-2.153111
13.823643,-10.0
12.9469758,-10.0
9.0437878,9.0437878
0.2644713,0.2644713
-1.7901728,-1.7901728
-1.6280007,-1.6280007
12.8605639,-10.0
-0.9991058,-0.9991058
-15.3772383,-10.0
-13.0479685,-10.0
-12.3323214,-10.0
-12.9056682,-10.0
-15.7441675,-10.0
-14.3688794,-10.0
-12.6777532,-10.0
-15.9237262,-10.0
-0.4060393,-0.4060393
-14.7649272,-10.0
-15.976754,-10.0
-13.823643,-10.0
-0.8766672,-0.8766672
-4.7798552,-4.7798552
-13.5591717,-10.0
-15.6138158,-10.0
-15.4516437,-10.0
-0.9630791,-0.9630791
-14.8227488,-10.0
-14.5005711,-10.0
-12.1713013,-10.0
-11.4556542,-10.0
-12.029001,-10.0
-14.8675003,-10.0
-13.4922122,-10.0
-11.801086,-10.0
-15.047059,-10.0
0.4706279,0.4706279
-13.88826,-10.0
-15.1000868,-10.0
-12.9469758,-10.0
0.8766672,0.8766672
-3.903188,-3.903188
-12.6825045,-10.0
-14.7371486,-10.0
-14.5749765,-10.0
-0.0864119,-0.0864119
-13.9460816,-10.0
-10.5973831,-10.0
-8.2681133,-8.2681133
-7.5524662,-7.5524662
-8.125813,-8.125813
-10.9643123,-10.0
-9.5890242,-9.5890242
-7.897898,-7.897898
-11.143871,-10.0
4.3738159,4.3738159
-9.985072,-9.985072
-11.1968988,-10.0
-9.0437878,-9.0437878
4.7798552,4.7798552
3.903188,3.903188
-8.7793165,-8.7793165
-10.8339606,-10.0
-10.6717885,-10.0
3.8167761,3.8167761
-10.0428936,-10.0
-1.8180666,-1.8180666
0.5112032,0.5112032
1.2268503,1.2268503
0.6535035,0.6535035
-2.1849958,-2.1849958
-0.8097077,-0.8097077
0.8814185,0.8814185
-2.3645545,-2.3645545
13.1531324,-10.0
-1.2057555,-1.2057555
-2.4175823,-2.4175823
-0.2644713,-0.2644713
13.5591717,-10.0
12.6825045,-10.0
8.7793165,8.7793165
-2.0546441,-2.0546441
-1.892472,-1.892472
12.5960926,-10.0
-1.2635771,-1.2635771
0.2365775,0.2365775
2.5658473,2.5658473
3.2814944,3.2814944
2.7081476,2.7081476
-0.1303517,-0.1303517
1.2449364,1.2449364
2.9360626,2.9360626
-0.3099104,-0.3099104
15.2077765,-10.0
0.8488886,0.8488886
-0.3629382,-0.3629382
1.7901728,1.7901728
15.6138158,-10.0
14.7371486,-10.0
10.8339606,-10.0
2.0546441,2.0546441
0.1621721,0.1621721
14.6507367,-10.0
0.791067,0.791067
0.0744054,0.0744054
2.4036752,2.4036752
3.1193223,3.1193223
2.5459755,2.5459755
-0.2925238,-0.2925238
1.0827643,1.0827643
2.7738905,2.7738905
-0.4720825,-0.4720825
15.0456044,-10.0
0.6867165,0.6867165
-0.5251103,-0.5251103
1.6280007,1.6280007
15.4516437,-10.0
14.5749765,-10.0
10.6717885,-10.0
1.892472,1.892472
-0.1621721,-0.1621721
14.4885646,-10.0
0.6288949,0.6288949
-14.4141592,-10.0
-12.0848894,-10.0
-11.3692423,-10.0
-11.9425891,-10.0
-14.7810884,-10.0
-13.4058003,-10.0
-11.7146741,-10.0
-14.9606471,-10.0
0.5570398,0.5570398
-13.8018481,-10.0
-15.0136749,-10.0
-12.8605639,-10.0
0.9630791,0.9630791
0.0864119,0.0864119
-3.8167761,-3.8167761
-12.5960926,-10.0
-14.6507367,-10.0
-14.4885646,-10.0
-13.8596697,-10.0
-0.5544895,-0.5544895
1.7747803,1.7747803
2.4904274,2.4904274
1.9170806,1.9170806
-0.9214187,-0.9214187
0.4538694,0.4538694
2.1449956,2.1449956
-1.1009774,-1.1009774
14.4167095,-10.0
0.0578216,0.0578216
-1.1540052,-1.1540052
0.9991058,0.9991058
14.8227488,-10.0
13.9460816,-10.0
10.0428936,-10.0
1.2635771,1.2635771
-0.791067,-0.791067
-0.6288949,-0.6288949
13.8596697,-10.0
-1.397853,-1.397853
14.9237514,-10.0
14.0663194,-10.0
-1.1657805,-1.1657805
0.6349482,0.6349482
-0.9314133,-0.9314133
-2.0756228,-2.0756228
11.5175711,-10.0
-1.4154616,-1.4154616
-2.205897,-2.205897
-1.8819395,-1.8819395
13.5868007,-10.0
2.3496741,2.3496741
14.489104,-10.0
-0.2992978,-0.2992978
-0.7027183,-0.7027183
-0.8065453,-0.8065453
-1.4338902,-1.4338902
-2.0494325,-2.0494325
1.397853,1.397853
16.3216044,-10.0
15.4641724,-10.0
0.2320725,0.2320725
2.0328012,2.0328012
0.4664397,0.4664397
-0.6777698,-0.6777698
12.9154241,-10.0
-0.0176086,-0.0176086
-0.808044,-0.808044
-0.4840865,-0.4840865
14.9846537,-10.0
3.7475271,3.7475271
15.886957,-10.0
1.0985552,1.0985552
0.6951347,0.6951347
0.5913077,0.5913077
-0.0360372,-0.0360372
-0.6515795,-0.6515795
-14.9237514,-10.0
-16.3216044,-10.0
-0.857432,-0.857432
-16.0895319,-10.0
-14.2888032,-10.0
-15.8551647,-10.0
-16.9993742,-10.0
-3.4061803,-3.4061803
-16.339213,-10.0
-17.1296484,-10.0
-16.8056909,-10.0
-1.3369507,-1.3369507
-12.5740773,-10.0
-0.4346474,-0.4346474
-15.2230492,-10.0
-15.6264697,-10.0
-15.7302967,-10.0
-16.3576416,-10.0
-16.9731839,-10.0
-14.0663194,-10.0
-15.4641724,-10.0
0.857432,0.857432
-15.2320999,-10.0
-13.4313712,-10.0
-14.9977327,-10.0
-16.1419422,-10.0
-2.5487483,-2.5487483
-15.481781,-10.0
-16.2722164,-10.0
-15.9482589,-10.0
-0.4795187,-0.4795187
-11.7166453,-10.0
0.4227846,0.4227846
-14.3656172,-10.0
-14.7690377,-10.0
-14.8728647,-10.0
-15.5002096,-10.0
-16.1157519,-10.0
1.1657805,1.1657805
-0.2320725,-0.2320725
16.0895319,-10.0
15.2320999,-10.0
1.8007287,1.8007287
0.2343672,0.2343672
-0.9098423,-0.9098423
12.6833516,-10.0
-0.2496811,-0.2496811
-1.0401165,-1.0401165
-0.716159,-0.716159
14.7525812,-10.0
3.5154546,3.5154546
15.6548845,-10.0
0.8664827,0.8664827
0.4630622,0.4630622
0.3592352,0.3592352
-0.2681097,-0.2681097
-0.883652,-0.883652
-0.6349482,-0.6349482
-2.0328012,-2.0328012
14.2888032,-10.0
13.4313712,-10.0
-1.8007287,-1.8007287
-1.5663615,-1.5663615
-2.710571,-2.710571
10.8826229,-10.0
-2.0504098,-2.0504098
-2.8408452,-2.8408452
-2.5168877,-2.5168877
12.9518525,-10.0
1.7147259,1.7147259
13.8541558,-10.0
-0.934246,-0.934246
-1.3376665,-1.3376665
-1.4414935,-1.4414935
-2.0688384,-2.0688384
-2.6843807,-2.6843807
0.9314133,0.9314133
-0.4664397,-0.4664397
15.8551647,-10.0
14.9977327,-10.0
-0.2343672,-0.2343672
1.5663615,1.5663615
-1.1442095,-1.1442095
12.4489844,-10.0
-0.4840483,-0.4840483
-1.2744837,-1.2744837
-0.9505262,-0.9505262
14.518214,-10.0
3.2810874,3.2810874
15.4205173,-10.0
0.6321155,0.6321155
0.228695,0.228695
0.124868,0.124868
-0.5024769,-0.5024769
-1.1180192,-1.1180192
2.0756228,2.0756228
0.6777698,0.6777698
16.9993742,-10.0
16.1419422,-10.0
0.9098423,0.9098423
2.710571,2.710571
1.1442095,1.1442095
13.5931939,-10.0
0.6601612,0.6601612
-0.1302742,-0.1302742
0.1936833,0.1936833
15.6624235,-10.0
4.4252969,4.4252969
16.5647268,-10.0
1.776325,1.776325
1.3729045,1.3729045
1.2690775,1.2690775
0.6417326,0.6417326
0.0261903,0.0261903
-11.5175711,-10.0
-12.9154241,-10.0
3.4061803,3.4061803
2.5487483,2.5487483
-12.6833516,-10.0
-10.8826229,-10.0
-12.4489844,-10.0
-13.5931939,-10.0
-12.9330327,-10.0
-13.7234681,-10.0
-13.3995106,-10.0
2.0692296,2.0692296
-9.167897,-9.167897
2.9715329,2.9715329
-11.8168689,-10.0
-12.2202894,-10.0
-12.3241164,-10.0
-12.9514613,-10.0
-13.5670036,-10.0
1.4154616,1.4154616
0.0176086,0.0176086
16.339213,-10.0
15.481781,-10.0
0.2496811,0.2496811
2.0504098,2.0504098
0.4840483,0.4840483
-0.6601612,-0.6601612
12.9330327,-10.0
-0.7904354,-0.7904354
-0.4664779,-0.4664779
15.0022623,-10.0
3.7651357,3.7651357
15.9045656,-10.0
1.1161638,1.1161638
0.7127433,0.7127433
0.6089163,0.6089163
-0.0184286,-0.0184286
-0.6339709,-0.6339709
2.205897,2.205897
0.808044,0.808044
17.1296484,-10.0
16.2722164,-10.0
1.0401165,1.0401165
2.8408452,2.8408452
1.2744837,1.2744837
0.1302742,0.1302742
13.7234681,-10.0
0.7904354,0.7904354
0.3239575,0.3239575
15.7926977,-10.0
4.5555711,4.5555711
16.695001,-10.0
1.9065992,1.9065992
1.5031787,1.5031787
1.3993517,1.3993517
0.7720068,0.7720068
0.1564645,0.1564645
1.8819395,1.8819395
0.4840865,0.4840865
16.8056909,-10.0
15.9482589,-10.0
0.716159,0.716159
2.5168877,2.5168877
0.9505262,0.9505262
-0.1936833,-0.1936833
13.3995106,-10.0
0.4664779,0.4664779
-0.3239575,-0.3239575
15.4687402,-10.0
4.2316136,4.2316136
16.3710435,-10.0
1.5826417,1.5826417
1.1792212,1.1792212
1.0753942,1.0753942
0.4480493,0.4480493
-0.167493,-0.167493
-13.5868007,-10.0
-14.9846537,-10.0
1.3369507,1.3369507
0.4795187,0.4795187
-14.7525812,-10.0
-12.9518525,-10.0
-14.518214,-10.0
-15.6624235,-10.0
-2.0692296,-2.0692296
-15.0022623,-10.0
-15.7926977,-10.0
-15.4687402,-10.0
-11.2371266,-10.0
0.9023033,0.9023033
-13.8860985,-10.0
-14.289519,-10.0
-14.393346,-10.0
-15.0206909,-10.0
-15.6362332,-10.0
-2.3496741,-2.3496741
-3.7475271,-3.7475271
12.5740773,-10.0
11.7166453,-10.0
-3.5154546,-3.5154546
-1.7147259,-1.7147259
-3.2810874,-3.2810874
-4.4252969,-4.4252969
9.167897,9.167897
-3.7651357,-3.7651357
-4.5555711,-4.5555711
-4.2316136,-4.2316136
11.2371266,-10.0
12.1394299,-10.0
-2.6489719,-2.6489719
-3.0523924,-3.0523924
-3.1562194,-3.1562194
-3.7835643,-3.7835643
-4.3991066,-4.3991066
-14.489104,-10.0
-15.886957,-10.0
0.4346474,0.4346474
-0.4227846,-0.4227846
-15.6548845,-10.0
-13.8541558,-10.0
-15.4205173,-10.0
-16.5647268,-10.0
-2.9715329,-2.9715329
-15.9045656,-10.0
-16.695001,-10.0
-16.3710435,-10.0
-0.9023033,-0.9023033
-12.1394299,-10.0
-14.7884018,-10.0
-15.1918223,-10.0
-15.2956493,-10.0
-15.9229942,-10.0
-16.5385365,-10.0
0.2992978,0.2992978
-1.0985552,-1.0985552
15.2230492,-10.0
14.3656172,-10.0
-0.8664827,-0.8664827
0.934246,0.934246
-0.6321155,-0.6321155
-1.776325,-1.776325
11.8168689,-10.0
-1.1161638,-1.1161638
-1.9065992,-1.9065992
-1.5826417,-1.5826417
13.8860985,-10.0
2.6489719,2.6489719
14.7884018,-10.0
-0.4034205,-0.4034205
-0.5072475,-0.5072475
-1.1345924,-1.1345924
-1.7501347,-1.7501347
0.7027183,0.7027183
-0.6951347,-0.6951347
15.6264697,-10.0
14.7690377,-10.0
-0.4630622,-0.4630622
1.3376665,1.3376665
-0.228695,-0.228695
-1.3729045,-1.3729045
12.2202894,-10.0
-0.7127433,-0.7127433
-1.5031787,-1.5031787
-1.1792212,-1.1792212
14.289519,-10.0
3.0523924,3.0523924
15.1918223,-10.0
0.4034205,0.4034205
-0.103827,-0.103827
-0.7311719,-0.7311719
-1.3467142,-1.3467142
0.8065453,0.8065453
-0.5913077,-0.5913077
15.7302967,-10.0
14.8728647,-10.0
-0.3592352,-0.3592352
1.4414935,1.4414935
-0.124868,-0.124868
-1.2690775,-1.2690775
12.3241164,-10.0
-0.6089163,-0.6089163
-1.3993517,-1.3993517
-1.0753942,-1.0753942
14.393346,-10.0
3.1562194,3.1562194
15.2956493,-10.0
0.5072475,0.5072475
0.103827,0.103827
-0.6273449,-0.6273449
-1.2428872,-1.2428872
1.4338902,1.4338902
0.0360372,0.0360372
16.3576416,-10.0
15.5002096,-10.0
0.2681097,0.2681097
2.0688384,2.0688384
0.5024769,0.5024769
-0.6417326,-0.6417326
12.9514613,-10.0
0.0184286,0.0184286
-0.7720068,-0.7720068
-0.4480493,-0.4480493
15.0206909,-10.0
3.7835643,3.7835643
15.9229942,-10.0
1.1345924,1.1345924
0.7311719,0.7311719
0.6273449,0.6273449
-0.6155423,-0.6155423
2.0494325,2.0494325
0.6515795,0.6515795
16.9731839,-10.0
16.1157519,-10.0
0.883652,0.883652
2.6843807,2.6843807
1.1180192,1.1180192
-0.0261903,-0.0261903
13.5670036,-10.0
0.6339709,0.6339709
-0.1564645,-0.1564645
0.167493,0.167493
15.6362332,-10.0
4.3991066,4.3991066
16.5385365,-10.0
1.7501347,1.7501347
1.3467142,1.3467142
1.2428872,1.2428872
0.6155423,0.6155423
1.035878,1.035878
14.2649088,-10.0
13.933421,-10.0
-1.2748285,-1.2748285
1.9146599,1.9146599
14.8521406,-10.0
-0.0196502,-0.0196502
13.5829564,-10.0
-0.0439152,-0.0439152
0.0116553,0.0116553
10.7709291,-10.0
6.8000863,6.8000863
13.7877357,-10.0
7.0500473,7.0500473
1.6412184,1.6412184
1.0830094,1.0830094
-0.0132107,-0.0132107
-0.9698869,-0.9698869
-0.7414966,-0.7414966
-1.035878,-1.035878
13.2290308,-10.0
12.897543,-10.0
-2.3107065,-2.3107065
0.8787819,0.8787819
13.8162626,-10.0
-1.0555282,-1.0555282
12.5470784,-10.0
-1.0797932,-1.0797932
-1.0242227,-1.0242227
9.7350511,9.7350511
5.7642083,5.7642083
12.7518577,-10.0
6.0141693,6.0141693
0.6053404,0.6053404
0.0471314,0.0471314
-1.0490887,-1.0490887
-2.0057649,-2.0057649
-1.7773746,-1.7773746
-14.2649088,-10.0
-13.2290308,-10.0
-0.3314878,-0.3314878
-15.5397373,-10.0
-12.3502489,-10.0
0.5872318,0.5872318
-14.284559,-10.0
-0.6819524,-0.6819524
-14.308824,-10.0
-14.2532535,-10.0
-3.4939797,-3.4939797
-7.4648225,-7.4648225
-0.4771731,-0.4771731
-7.2148615,-7.2148615
-12.6236904,-10.0
-13.1818994,-10.0
-14.2781195,-10.0
-15.2347957,-10.0
-15.0064054,-10.0
-13.933421,-10.0
-12.897543,-10.0
0.3314878,0.3314878
-15.2082495,-10.0
-12.0187611,-10.0
0.9187196,0.9187196
-13.9530712,-10.0
-0.3504646,-0.3504646
-13.9773362,-10.0
-13.9217657,-10.0
-3.1624919,-3.1624919
-7.1333347,-7.1333347
-0.1456853,-0.1456853
-6.8833737,-6.8833737
-12.2922026,-10.0
-12.8504116,-10.0
-13.9466317,-10.0
-14.9033079,-10.0
-14.6749176,-10.0
1.2748285,1.2748285
2.3107065,2.3107065
15.5397373,-10.0
15.2082495,-10.0
3.1894884,3.1894884
16.1269691,-10.0
1.2551783,1.2551783
14.8577849,-10.0
1.2309133,1.2309133
1.2864838,1.2864838
12.0457576,-10.0
8.0749148,8.0749148
15.0625642,-10.0
8.3248758,8.3248758
2.9160469,2.9160469
2.3578379,2.3578379
1.2616178,1.2616178
0.3049416,0.3049416
0.5333319,0.5333319
-1.9146599,-1.9146599
-0.8787819,-0.8787819
12.3502489,-10.0
12.0187611,-10.0
-3.1894884,-3.1894884
12.9374807,-10.0
-1.9343101,-1.9343101
11.6682965,-10.0
-1.9585751,-1.9585751
-1.9030046,-1.9030046
8.8562692,8.8562692
4.8854264,4.8854264
11.8730758,-10.0
5.1353874,5.1353874
-0.2734415,-0.2734415
-0.8316505,-0.8316505
-1.9278706,-1.9278706
-2.8845468,-2.8845468
-2.6561565,-2.6561565
-14.8521406,-10.0
-13.8162626,-10.0
-0.5872318,-0.5872318
-0.9187196,-0.9187196
-16.1269691,-10.0
-12.9374807,-10.0
-14.8717908,-10.0
-1.2691842,-1.2691842
-14.8960558,-10.0
-14.8404853,-10.0
-4.0812115,-4.0812115
-8.0520543,-8.0520543
-1.0644049,-1.0644049
-7.8020933,-7.8020933
-13.2109222,-10.0
-13.7691312,-10.0
-14.8653513,-10.0
-15.8220275,-10.0
-15.5936372,-10.0
0.0196502,0.0196502
1.0555282,1.0555282
14.284559,-10.0
13.9530712,-10.0
-1.2551783,-1.2551783
1.9343101,1.9343101
14.8717908,-10.0
13.6026066,-10.0
-0.024265,-0.024265
0.0313055,0.0313055
10.7905793,-10.0
6.8197365,6.8197365
13.8073859,-10.0
7.0696975,7.0696975
1.6608686,1.6608686
1.1026596,1.1026596
0.0064395,0.0064395
-0.9502367,-0.9502367
-0.7218464,-0.7218464
-13.5829564,-10.0
-12.5470784,-10.0
0.6819524,0.6819524
0.3504646,0.3504646
-14.8577849,-10.0
-11.6682965,-10.0
1.2691842,1.2691842
-13.6026066,-10.0
-13.6268716,-10.0
-13.5713011,-10.0
-2.8120273,-2.8120273
-6.7828701,-6.7828701
0.2047793,0.2047793
-6.5329091,-6.5329091
-11.941738,-10.0
-12.499947,-10.0
-13.5961671,-10.0
-14.5528433,-10.0
-14.324453,-10.0
0.0439152,0.0439152
1.0797932,1.0797932
14.308824,-10.0
13.9773362,-10.0
-1.2309133,-1.2309133
1.9585751,1.9585751
14.8960558,-10.0
0.024265,0.024265
13.6268716,-10.0
0.0555705,0.0555705
10.8148443,-10.0
6.8440015,6.8440015
13.8316509,-10.0
7.0939625,7.0939625
1.6851336,1.6851336
1.1269246,1.1269246
0.0307045,0.0307045
-0.9259717,-0.9259717
-0.6975814,-0.6975814
-0.0116553,-0.0116553
1.0242227,1.0242227
14.2532535,-10.0
13.9217657,-10.0
-1.2864838,-1.2864838
1.9030046,1.9030046
14.8404853,-10.0
-0.0313055,-0.0313055
13.5713011,-10.0
-0.0555705,-0.0555705
10.7592738,-10.0
6.788431,6.788431
13.7760804,-10.0
7.038392,7.038392
1.6295631,1.6295631
1.0713541,1.0713541
-0.024866,-0.024866
-0.9815422,-0.9815422
-0.7531519,-0.7531519
-10.7709291,-10.0
-9.7350511,-9.7350511
3.4939797,3.4939797
3.1624919,3.1624919
-12.0457576,-10.0
-8.8562692,-8.8562692
4.0812115,4.0812115
-10.7905793,-10.0
2.8120273,2.8120273
-10.8148443,-10.0
-10.7592738,-10.0
-3.9708428,-3.9708428
3.0168066,3.0168066
-3.7208818,-3.7208818
-9.1297107,-9.1297107
-9.6879197,-9.6879197
-10.7841398,-10.0
-11.740816,-10.0
-11.5124257,-10.0
-6.8000863,-6.8000863
-5.7642083,-5.7642083
7.4648225,7.4648225
7.1333347,7.1333347
-8.0749148,-8.0749148
-4.8854264,-4.8854264
8.0520543,8.0520543
-6.8197365,-6.8197365
6.7828701,6.7828701
-6.8440015,-6.8440015
-6.788431,-6.788431
3.9708428,3.9708428
6.9876494,6.9876494
0.249961,0.249961
-5.1588679,-5.1588679
-5.7170769,-5.7170769
-6.813297,-6.813297
-7.7699732,-7.7699732
-7.5415829,-7.5415829
-13.7877357,-10.0
-12.7518577,-10.0
0.4771731,0.4771731
0.1456853,0.1456853
-15.0625642,-10.0
-11.8730758,-10.0
1.0644049,1.0644049
-13.8073859,-10.0
-0.2047793,-0.2047793
-13.8316509,-10.0
-13.7760804,-10.0
-3.0168066,-3.0168066
-6.9876494,-6.9876494
-6.7376884,-6.7376884
-12.1465173,-10.0
-12.7047263,-10.0
-13.8009464,-10.0
-14.7576226,-10.0
-14.5292323,-10.0
-7.0500473,-7.0500473
-6.0141693,-6.0141693
7.2148615,7.2148615
6.8833737,6.8833737
-8.3248758,-8.3248758
-5.1353874,-5.1353874
7.8020933,7.8020933
-7.0696975,-7.0696975
6.5329091,6.5329091
-7.0939625,-7.0939625
-7.038392,-7.038392
3.7208818,3.7208818
-0.249961,-0.249961
6.7376884,6.7376884
-5.4088289,-5.4088289
-5.9670379,-5.9670379
-7.063258,-7.063258
-8.0199342,-8.0199342
-7.7915439,-7.7915439
-1.6412184,-1.6412184
-0.6053404,-0.6053404
12.6236904,-10.0
12.2922026,-10.0
-2.9160469,-2.9160469
0.2734415,0.2734415
13.2109222,-10.0
-1.6608686,-1.6608686
11.941738,-10.0
-1.6851336,-1.6851336
-1.6295631,-1.6295631
9.1297107,9.1297107
5.1588679,5.1588679
12.1465173,-10.0
5.4088289,5.4088289
-0.558209,-0.558209
-1.6544291,-1.6544291
-2.6111053,-2.6111053
-2.382715,-2.382715
-1.0830094,-1.0830094
-0.0471314,-0.0471314
13.1818994,-10.0
12.8504116,-10.0
-2.3578379,-2.3578379
0.8316505,0.8316505
13.7691312,-10.0
-1.1026596,-1.1026596
12.499947,-10.0
-1.1269246,-1.1269246
-1.0713541,-1.0713541
9.6879197,9.6879197
5.7170769,5.7170769
12.7047263,-10.0
5.9670379,5.9670379
0.558209,0.558209
-1.0962201,-1.0962201
-2.0528963,-2.0528963
-1.824506,-1.824506
0.0132107,0.0132107
1.0490887,1.0490887
14.2781195,-10.0
13.9466317,-10.0
-1.2616178,-1.2616178
1.9278706,1.9278706
14.8653513,-10.0
-0.0064395,-0.0064395
13.5961671,-10.0
-0.0307045,-0.0307045
0.024866,0.024866
10.7841398,-10.0
6.813297,6.813297
13.8009464,-10.0
7.063258,7.063258
1.6544291,1.6544291
1.0962201,1.0962201
-0.9566762,-0.9566762
-0.7282859,-0.7282859
0.9698869,0.9698869
2.0057649,2.0057649
15.2347957,-10.0
14.9033079,-10.0
-0.3049416,-0.3049416
2.8845468,2.8845468
15.8220275,-10.0
0.9502367,0.9502367
14.5528433,-10.0
0.9259717,0.9259717
0.9815422,0.9815422
11.740816,-10.0
7.7699732,7.7699732
14.7576226,-10.0
8.0199342,8.0199342
2.6111053,2.6111053
2.0528963,2.0528963
0.9566762,0.9566762
0.2283903,0.2283903
0.7414966,0.7414966
1.7773746,1.7773746
15.0064054,-10.0
14.6749176,-10.0
-0.5333319,-0.5333319
2.6561565,2.6561565
15.5936372,-10.0
0.7218464,0.7218464
14.324453,-10.0
0.6975814,0.6975814
0.7531519,0.7531519
11.5124257,-10.0
7.5415829,7.5415829
14.5292323,-10.0
7.7915439,7.7915439
2.382715,2.382715
1.824506,1.824506
0.7282859,0.7282859
-0.2283903,-0.2283903
0.4189675,0.4189675
4.1706221,4.1706221
1.9157056,1.9157056
-0.123679,-0.123679
1.1085218,1.1085218
2.4580804,2.4580804
-0.532729,-0.532729
4.3957048,4.3957048
-1.1879312,-1.1879312
-1.1541204,-1.1541204
4.295552,4.295552
1.0813849,1.0813849
1.348397,1.348397
9.4026261,9.4026261
1.2644895,1.2644895
0.3928618,0.3928618
0.0888572,0.0888572
0.9042039,0.9042039
2.1238587,2.1238587
-0.4189675,-0.4189675
3.7516546,3.7516546
1.4967381,1.4967381
-0.5426465,-0.5426465
0.6895543,0.6895543
2.0391129,2.0391129
-0.9516965,-0.9516965
3.9767373,3.9767373
-1.6068987,-1.6068987
-1.5730879,-1.5730879
3.8765845,3.8765845
0.6624174,0.6624174
0.9294295,0.9294295
8.9836586,8.9836586
0.845522,0.845522
-0.0261057,-0.0261057
-0.3301103,-0.3301103
0.4852364,0.4852364
1.7048912,1.7048912
-4.1706221,-4.1706221
-3.7516546,-3.7516546
-2.2549165,-2.2549165
-4.2943011,-4.2943011
-3.0621003,-3.0621003
-1.7125417,-1.7125417
-4.7033511,-4.7033511
0.2250827,0.2250827
-5.3585533,-5.3585533
-5.3247425,-5.3247425
0.1249299,0.1249299
-3.0892372,-3.0892372
-2.8222251,-2.8222251
5.232004,5.232004
-2.9061326,-2.9061326
-3.7777603,-3.7777603
-4.0817649,-4.0817649
-3.2664182,-3.2664182
-2.0467634,-2.0467634
-1.9157056,-1.9157056
-1.4967381,-1.4967381
2.2549165,2.2549165
-2.0393846,-2.0393846
-0.8071838,-0.8071838
0.5423748,0.5423748
-2.4484346,-2.4484346
2.4799992,2.4799992
-3.1036368,-3.1036368
-3.069826,-3.069826
2.3798464,2.3798464
-0.8343207,-0.8343207
-0.5673086,-0.5673086
7.4869205,7.4869205
-0.6512161,-0.6512161
-1.5228438,-1.5228438
-1.8268484,-1.8268484
-1.0115017,-1.0115017
0.2081531,0.2081531
0.123679,0.123679
0.5426465,0.5426465
4.2943011,4.2943011
2.0393846,2.0393846
1.2322008,1.2322008
2.5817594,2.5817594
-0.40905,-0.40905
4.5193838,4.5193838
-1.0642522,-1.0642522
-1.0304414,-1.0304414
4.419231,4.419231
1.2050639,1.2050639
1.472076,1.472076
9.5263051,9.5263051
1.3881685,1.3881685
0.5165408,0.5165408
0.2125362,0.2125362
1.0278829,1.0278829
2.2475377,2.2475377
-1.1085218,-1.1085218
-0.6895543,-0.6895543
3.0621003,3.0621003
0.8071838,0.8071838
-1.2322008,-1.2322008
1.3495586,1.3495586
-1.6412508,-1.6412508
3.287183,3.287183
-2.296453,-2.296453
-2.2626422,-2.2626422
3.1870302,3.1870302
-0.0271369,-0.0271369
0.2398752,0.2398752
8.2941043,8.2941043
0.1559677,0.1559677
-0.71566,-0.71566
-1.0196646,-1.0196646
-0.2043179,-0.2043179
1.0153369,1.0153369
-2.4580804,-2.4580804
-2.0391129,-2.0391129
1.7125417,1.7125417
-0.5423748,-0.5423748
-2.5817594,-2.5817594
-1.3495586,-1.3495586
-2.9908094,-2.9908094
1.9376244,1.9376244
-3.6460116,-3.6460116
-3.6122008,-3.6122008
1.8374716,1.8374716
-1.3766955,-1.3766955
-1.1096834,-1.1096834
6.9445457,6.9445457
-1.1935909,-1.1935909
-2.0652186,-2.0652186
-2.3692232,-2.3692232
-1.5538765,-1.5538765
-0.3342217,-0.3342217
0.532729,0.532729
0.9516965,0.9516965
4.7033511,4.7033511
2.4484346,2.4484346
0.40905,0.40905
1.6412508,1.6412508
2.9908094,2.9908094
4.9284338,4.9284338
-0.6552022,-0.6552022
-0.6213914,-0.6213914
4.828281,4.828281
1.6141139,1.6141139
1.881126,1.881126
9.9353551,9.9353551
1.7972185,1.7972185
0.9255908,0.9255908
0.6215862,0.6215862
1.4369329,1.4369329
2.6565877,2.6565877
-4.3957048,-4.3957048
-3.9767373,-3.9767373
-0.2250827,-0.2250827
-2.4799992,-2.4799992
-4.5193838,-4.5193838
-3.287183,-3.287183
-1.9376244,-1.9376244
-4.9284338,-4.9284338
-5.583636,-5.583636
-5.5498252,-5.5498252
-0.1001528,-0.1001528
-3.3143199,-3.3143199
-3.0473078,-3.0473078
5.0069213,5.0069213
-3.1312153,-3.1312153
-4.002843,-4.002843
-4.3068476,-4.3068476
-3.4915009,-3.4915009
-2.2718461,-2.2718461
1.1879312,1.1879312
1.6068987,1.6068987
5.3585533,5.3585533
3.1036368,3.1036368
1.0642522,1.0642522
2.296453,2.296453
3.6460116,3.6460116
0.6552022,0.6552022
5.583636,5.583636
0.0338108,0.0338108
5.4834832,5.4834832
2.2693161,2.2693161
2.5363282,2.5363282
10.5905573,-10.0
2.4524207,2.4524207
1.580793,1.580793
1.2767884,1.2767884
2.0921351,2.0921351
3.3117899,3.3117899
1.1541204,1.1541204
1.5730879,1.5730879
5.3247425,5.3247425
3.069826,3.069826
1.0304414,1.0304414
2.2626422,2.2626422
3.6122008,3.6122008
0.6213914,0.6213914
5.5498252,5.5498252
-0.0338108,-0.0338108
5.4496724,5.4496724
2.2355053,2.2355053
2.5025174,2.5025174
10.5567465,-10.0
2.4186099,2.4186099
1.5469822,1.5469822
1.2429776,1.2429776
2.0583243,2.0583243
3.2779791,3.2779791
-4.295552,-4.295552
-3.8765845,-3.8765845
-0.1249299,-0.1249299
-2.3798464,-2.3798464
-4.419231,-4.419231
-3.1870302,-3.1870302
-1.8374716,-1.8374716
-4.828281,-4.828281
0.1001528,0.1001528
-5.4834832,-5.4834832
-5.4496724,-5.4496724
-3.2141671,-3.2141671
-2.947155,-2.947155
5.1070741,5.1070741
-3.0310625,-3.0310625
-3.9026902,-3.9026902
-4.2066948,-4.2066948
-3.3913481,-3.3913481
-2.1716933,-2.1716933
-1.0813849,-1.0813849
-0.6624174,-0.6624174
3.0892372,3.0892372
0.8343207,0.8343207
-1.2050639,-1.2050639
0.0271369,0.0271369
1.3766955,1.3766955
-1.6141139,-1.6141139
3.3143199,3.3143199
-2.2693161,-2.2693161
-2.2355053,-2.2355053
3.2141671,3.2141671
0.2670121,0.2670121
8.3212412,8.3212412
0.1831046,0.1831046
-0.6885231,-0.6885231
-0.9925277,-0.9925277
-0.177181,-0.177181
1.0424738,1.0424738
-1.348397,-1.348397
-0.9294295,-0.9294295
2.8222251,2.8222251
0.5673086,0.5673086
-1.472076,-1.472076
-0.2398752,-0.2398752
1.1096834,1.1096834
-1.881126,-1.881126
3.0473078,3.0473078
-2.5363282,-2.5363282
-2.5025174,-2.5025174
2.947155,2.947155
-0.2670121,-0.2670121
8.0542291,8.0542291
-0.0839075,-0.0839075
-0.9555352,-0.9555352
-1.2595398,-1.2595398
-0.4441931,-0.4441931
0.7754617,0.7754617
-9.4026261,-9.4026261
-8.9836586,-8.9836586
-5.232004,-5.232004
-7.4869205,-7.4869205
-9.5263051,-9.5263051
-8.2941043,-8.2941043
-6.9445457,-6.9445457
-9.9353551,-9.9353551
-5.0069213,-5.0069213
-10.5905573,-10.0
-10.5567465,-10.0
-5.1070741,-5.1070741
-8.3212412,-8.3212412
-8.0542291,-8.0542291
-8.1381366,-8.1381366
-9.0097643,-9.0097643
-9.3137689,-9.3137689
-8.4984222,-8.4984222
-7.2787674,-7.2787674
-1.2644895,-1.2644895
-0.845522,-0.845522
2.9061326,2.9061326
0.6512161,0.6512161
-1.3881685,-1.3881685
-0.1559677,-0.1559677
1.1935909,1.1935909
-1.7972185,-1.7972185
3.1312153,3.1312153
-2.4524207,-2.4524207
-2.4186099,-2.4186099
3.0310625,3.0310625
-0.1831046,-0.1831046
0.0839075,0.0839075
8.1381366,8.1381366
-0.8716277,-0.8716277
-1.1756323,-1.1756323
-0.3602856,-0.3602856
0.8593692,0.8593692
-0.3928618,-0.3928618
0.0261057,0.0261057
3.7777603,3.7777603
1.5228438,1.5228438
-0.5165408,-0.5165408
0.71566,0.71566
2.0652186,2.0652186
-0.9255908,-0.9255908
4.002843,4.002843
-1.580793,-1.580793
-1.5469822,-1.5469822
3.9026902,3.9026902
0.6885231,0.6885231
0.9555352,0.9555352
9.0097643,9.0097643
0.8716277,0.8716277
-0.3040046,-0.3040046
0.5113421,0.5113421
1.7309969,1.7309969
-0.0888572,-0.0888572
0.3301103,0.3301103
4.0817649,4.0817649
1.8268484,1.8268484
-0.2125362,-0.2125362
1.0196646,1.0196646
2.3692232,2.3692232
-0.6215862,-0.6215862
4.3068476,4.3068476
-1.2767884,-1.2767884
-1.2429776,-1.2429776
4.2066948,4.2066948
0.9925277,0.9925277
1.2595398,1.2595398
9.3137689,9.3137689
1.1756323,1.1756323
0.3040046,0.3040046
0.8153467,0.8153467
2.0350015,2.0350015
-0.9042039,-0.9042039
-0.4852364,-0.4852364
3.2664182,3.2664182
1.0115017,1.0115017
-1.0278829,-1.0278829
0.2043179,0.2043179
1.5538765,1.5538765
-1.4369329,-1.4369329
3.4915009,3.4915009
-2.0921351,-2.0921351
-2.0583243,-2.0583243
3.3913481,3.3913481
0.177181,0.177181
0.4441931,0.4441931
8.4984222,8.4984222
0.3602856,0.3602856
-0.5113421,-0.5113421
-0.8153467,-0.8153467
1.2196548,1.2196548
-2.1238587,-2.1238587
-1.7048912,-1.7048912
2.0467634,2.0467634
-0.2081531,-0.2081531
-2.2475377,-2.2475377
-1.0153369,-1.0153369
0.3342217,0.3342217
-2.6565877,-2.6565877
2.2718461,2.2718461
-3.3117899,-3.3117899
-3.2779791,-3.2779791
2.1716933,2.1716933
-1.0424738,-1.0424738
-0.7754617,-0.7754617
7.2787674,7.2787674
-0.8593692,-0.8593692
-1.7309969,-1.7309969
-2.0350015,-2.0350015
-1.2196548,-1.2196548
-0.435128,-0.435128
1.75354,1.75354
1.5394338,1.5394338
-2.6337232,-2.6337232
0.7011607,0.7011607
0.4078317,0.4078317
-1.5521045,-1.5521045
3.9758145,3.9758145
-1.3084211,-1.3084211
-1.7518649,-1.7518649
-0.3059714,-0.3059714
4.8058074,4.8058074
-1.0106544,-1.0106544
5.3632046,5.3632046
-0.5362535,-0.5362535
-1.5725994,-1.5725994
-0.9623694,-0.9623694
2.7333853,2.7333853
-1.4297774,-1.4297774
0.435128,0.435128
2.188668,2.188668
1.9745618,1.9745618
-2.1985952,-2.1985952
1.1362887,1.1362887
0.8429597,0.8429597
-1.1169765,-1.1169765
4.4109425,4.4109425
-0.8732931,-0.8732931
-1.3167369,-1.3167369
0.1291566,0.1291566
5.2409354,5.2409354
-0.5755264,-0.5755264
5.7983326,5.7983326
-0.1011255,-0.1011255
-1.1374714,-1.1374714
-0.5272414,-0.5272414
3.1685133,3.1685133
-0.9946494,-0.9946494
-1.75354,-1.75354
-2.188668,-2.188668
-0.2141062,-0.2141062
-4.3872632,-4.3872632
-1.0523793,-1.0523793
-1.3457083,-1.3457083
-3.3056445,-3.3056445
2.2222745,2.2222745
-3.0619611,-3.0619611
-3.5054049,-3.5054049
-2.0595114,-2.0595114
3.0522674,3.0522674
-2.7641944,-2.7641944
3.6096646,3.6096646
-2.2897935,-2.2897935
-3.3261394,-3.3261394
-2.7159094,-2.7159094
0.9798453,0.9798453
-3.1833174,-3.1833174
-1.5394338,-1.5394338
-1.9745618,-1.9745618
0.2141062,0.2141062
-4.173157,-4.173157
-0.8382731,-0.8382731
-1.1316021,-1.1316021
-3.0915383,-3.0915383
2.4363807,2.4363807
-2.8478549,-2.8478549
-3.2912987,-3.2912987
-1.8454052,-1.8454052
3.2663736,3.2663736
-2.5500882,-2.5500882
3.8237708,3.8237708
-2.0756873,-2.0756873
-3.1120332,-3.1120332
-2.5018032,-2.5018032
1.1939515,1.1939515
-2.9692112,-2.9692112
2.6337232,2.6337232
2.1985952,2.1985952
4.3872632,4.3872632
4.173157,4.173157
3.3348839,3.3348839
3.0415549,3.0415549
1.0816187,1.0816187
6.6095377,6.6095377
1.3253021,1.3253021
0.8818583,0.8818583
2.3277518,2.3277518
7.4395306,7.4395306
1.6230688,1.6230688
7.9969278,7.9969278
2.0974697,2.0974697
1.0611238,1.0611238
1.6713538,1.6713538
5.3671085,5.3671085
1.2039458,1.2039458
-0.7011607,-0.7011607
-1.1362887,-1.1362887
1.0523793,1.0523793
0.8382731,0.8382731
-3.3348839,-3.3348839
-0.293329,-0.293329
-2.2532652,-2.2532652
3.2746538,3.2746538
-2.0095818,-2.0095818
-2.4530256,-2.4530256
-1.0071321,-1.0071321
4.1046467,4.1046467
-1.7118151,-1.7118151
4.6620439,4.6620439
-1.2374142,-1.2374142
-2.2737601,-2.2737601
-1.6635301,-1.6635301
2.0322246,2.0322246
-2.1309381,-2.1309381
-0.4078317,-0.4078317
-0.8429597,-0.8429597
1.3457083,1.3457083
1.1316021,1.1316021
-3.0415549,-3.0415549
0.293329,0.293329
-1.9599362,-1.9599362
3.5679828,3.5679828
-1.7162528,-1.7162528
-2.1596966,-2.1596966
-0.7138031,-0.7138031
4.3979757,4.3979757
-1.4184861,-1.4184861
4.9553729,4.9553729
-0.9440852,-0.9440852
-1.9804311,-1.9804311
-1.3702011,-1.3702011
2.3255536,2.3255536
-1.8376091,-1.8376091
1.5521045,1.5521045
1.1169765,1.1169765
3.3056445,3.3056445
3.0915383,3.0915383
-1.0816187,-1.0816187
2.2532652,2.2532652
1.9599362,1.9599362
5.527919,5.527919
0.2436834,0.2436834
-0.1997604,-0.1997604
1.2461331,1.2461331
6.3579119,6.3579119
0.5414501,0.5414501
6.9153091,6.9153091
1.015851,1.015851
-0.0204949,-0.0204949
0.5897351,0.5897351
4.2854898,4.2854898
0.1223271,0.1223271
-3.9758145,-3.9758145
-4.4109425,-4.4109425
-2.2222745,-2.2222745
-2.4363807,-2.4363807
-6.6095377,-6.6095377
-3.2746538,-3.2746538
-3.5679828,-3.5679828
-5.527919,-5.527919
-5.2842356,-5.2842356
-5.7276794,-5.7276794
-4.2817859,-4.2817859
0.8299929,0.8299929
-4.9864689,-4.9864689
1.3873901,1.3873901
-4.512068,-4.512068
-5.5484139,-5.5484139
-4.9381839,-4.9381839
-1.2424292,-1.2424292
-5.4055919,-5.4055919
1.3084211,1.3084211
0.8732931,0.8732931
3.0619611,3.0619611
2.8478549,2.8478549
-1.3253021,-1.3253021
2.0095818,2.0095818
1.7162528,1.7162528
-0.2436834,-0.2436834
5.2842356,5.2842356
-0.4434438,-0.4434438
1.0024497,1.0024497
6.1142285,6.1142285
0.2977667,0.2977667
6.6716257,6.6716257
0.7721676,0.7721676
-0.2641783,-0.2641783
0.3460517,0.3460517
4.0418064,4.0418064
-0.1213563,-0.1213563
1.7518649,1.7518649
1.3167369,1.3167369
3.5054049,3.5054049
3.2912987,3.2912987
-0.8818583,-0.8818583
2.4530256,2.4530256
2.1596966,2.1596966
0.1997604,0.1997604
5.7276794,5.7276794
0.4434438,0.4434438
1.4458935,1.4458935
6.5576723,6.5576723
0.7412105,0.7412105
7.1150695,7.1150695
1.2156114,1.2156114
0.1792655,0.1792655
0.7894955,0.7894955
4.4852502,4.4852502
0.3220875,0.3220875
0.3059714,0.3059714
-0.1291566,-0.1291566
2.0595114,2.0595114
1.8454052,1.8454052
-2.3277518,-2.3277518
1.0071321,1.0071321
0.7138031,0.7138031
-1.2461331,-1.2461331
4.2817859,4.2817859
-1.0024497,-1.0024497
-1.4458935,-1.4458935
5.1117788,5.1117788
-0.704683,-0.704683
5.669176,5.669176
-0.2302821,-0.2302821
-1.266628,-1.266628
-0.656398,-0.656398
3.0393567,3.0393567
-1.123806,-1.123806
-4.8058074,-4.8058074
-5.2409354,-5.2409354
-3.0522674,-3.0522674
-3.2663736,-3.2663736
-7.4395306,-7.4395306
-4.1046467,-4.1046467
-4.3979757,-4.3979757
-6.3579119,-6.3579119
-0.8299929,-0.8299929
-6.1142285,-6.1142285
-6.5576723,-6.5576723
-5.1117788,-5.1117788
-5.8164618,-5.8164618
0.5573972,0.5573972
-5.3420609,-5.3420609
-6.3784068,-6.3784068
-5.7681768,-5.7681768
-2.0724221,-2.0724221
-6.2355848,-6.2355848
1.0106544,1.0106544
0.5755264,0.5755264
2.7641944,2.7641944
2.5500882,2.5500882
-1.6230688,-1.6230688
1.7118151,1.7118151
1.4184861,1.4184861
-0.5414501,-0.5414501
4.9864689,4.9864689
-0.2977667,-0.2977667
-0.7412105,-0.7412105
0.704683,0.704683
5.8164618,5.8164618
6.373859,6.373859
0.4744009,0.4744009
-0.561945,-0.561945
0.048285,0.048285
3.7440397,3.7440397
-0.419123,-0.419123
-5.3632046,-5.3632046
-5.7983326,-5.7983326
-3.6096646,-3.6096646
-3.8237708,-3.8237708
-7.9969278,-7.9969278
-4.6620439,-4.6620439
-4.9553729,-4.9553729
-6.9153091,-6.9153091
-1.3873901,-1.3873901
-6.6716257,-6.6716257
-7.1150695,-7.1150695
-5.669176,-5.669176
-0.5573972,-0.5573972
-6.373859,-6.373859
-5.8994581,-5.8994581
-6.935804,-6.935804
-6.325574,-6.325574
-2.6298193,-2.6298193
-6.792982,-6.792982
0.5362535,0.5362535
0.1011255,0.1011255
2.2897935,2.2897935
2.0756873,2.0756873
-2.0974697,-2.0974697
1.2374142,1.2374142
0.9440852,0.9440852
-1.015851,-1.015851
4.512068,4.512068
-0.7721676,-0.7721676
-1.2156114,-1.2156114
0.2302821,0.2302821
5.3420609,5.3420609
-0.4744009,-0.4744009
5.8994581,5.8994581
-1.0363459,-1.0363459
-0.4261159,-0.4261159
3.2696388,3.2696388
-0.8935239,-0.8935239
1.5725994,1.5725994
1.1374714,1.1374714
3.3261394,3.3261394
3.1120332,3.1120332
-1.0611238,-1.0611238
2.2737601,2.2737601
1.9804311,1.9804311
0.0204949,0.0204949
5.5484139,5.5484139
0.2641783,0.2641783
-0.1792655,-0.1792655
1.266628,1.266628
6.3784068,6.3784068
0.561945,0.561945
6.935804,6.935804
1.0363459,1.0363459
0.61023,0.61023
4.3059847,4.3059847
0.142822,0.142822
0.9623694,0.9623694
0.5272414,0.5272414
2.7159094,2.7159094
2.5018032,2.5018032
-1.6713538,-1.6713538
1.6635301,1.6635301
1.3702011,1.3702011
-0.5897351,-0.5897351
4.9381839,4.9381839
-0.3460517,-0.3460517
-0.7894955,-0.7894955
0.656398,0.656398
5.7681768,5.7681768
-0.048285,-0.048285
6.325574,6.325574
0.4261159,0.4261159
-0.61023,-0.61023
3.6957547,3.6957547
-0.467408,-0.467408
-2.7333853,-2.7333853
-3.1685133,-3.1685133
-0.9798453,-0.9798453
-1.1939515,-1.1939515
-5.3671085,-5.3671085
-2.0322246,-2.0322246
-2.3255536,-2.3255536
-4.2854898,-4.2854898
1.2424292,1.2424292
-4.0418064,-4.0418064
-4.4852502,-4.4852502
-3.0393567,-3.0393567
2.0724221,2.0724221
-3.7440397,-3.7440397
2.6298193,2.6298193
-3.2696388,-3.2696388
-4.3059847,-4.3059847
-3.6957547,-3.6957547
-4.1631627,-4.1631627
1.4297774,1.4297774
0.9946494,0.9946494
3.1833174,3.1833174
2.9692112,2.9692112
-1.2039458,-1.2039458
2.1309381,2.1309381
1.8376091,1.8376091
-0.1223271,-0.1223271
5.4055919,5.4055919
0.1213563,0.1213563
-0.3220875,-0.3220875
1.123806,1.123806
6.2355848,6.2355848
0.419123,0.419123
6.792982,6.792982
0.8935239,0.8935239
-0.142822,-0.142822
0.467408,0.467408
4.1631627,4.1631627
2.6188901,2.6188901
1.5561659,1.5561659
0.1675976,0.1675976
-0.9206988,-0.9206988
0.3427534,0.3427534
0.2098216,0.2098216
-0.5301432,-0.5301432
15.4065251,-10.0
0.0464525,0.0464525
-0.7791682,-0.7791682
0.4137806,0.4137806
15.8937492,-10.0
0.5662193,0.5662193
3.3626498,3.3626498
0.2565196,0.2565196
0.0163649,0.0163649
0.40514,0.40514
3.9162854,3.9162854
0.0022368,0.0022368
-2.6188901,-2.6188901
-1.0627242,-1.0627242
-2.4512925,-2.4512925
-3.5395889,-3.5395889
-2.2761367,-2.2761367
-2.4090685,-2.4090685
-3.1490333,-3.1490333
12.787635,-10.0
-2.5724376,-2.5724376
-3.3980583,-3.3980583
-2.2051095,-2.2051095
13.2748591,-10.0
-2.0526708,-2.0526708
0.7437597,0.7437597
-2.3623705,-2.3623705
-2.6025252,-2.6025252
-2.2137501,-2.2137501
1.2973953,1.2973953
-2.6166533,-2.6166533
-1.5561659,-1.5561659
1.0627242,1.0627242
-1.3885683,-1.3885683
-2.4768647,-2.4768647
-1.2134125,-1.2134125
-1.3463443,-1.3463443
-2.0863091,-2.0863091
13.8503592,-10.0
-1.5097134,-1.5097134
-2.3353341,-2.3353341
-1.1423853,-1.1423853
14.3375833,-10.0
-0.9899466,-0.9899466
1.8064839,1.8064839
-1.2996463,-1.2996463
-1.539801,-1.539801
-1.1510259,-1.1510259
2.3601195,2.3601195
-1.5539291,-1.5539291
-0.1675976,-0.1675976
2.4512925,2.4512925
1.3885683,1.3885683
-1.0882964,-1.0882964
0.1751558,0.1751558
0.042224,0.042224
-0.6977408,-0.6977408
15.2389275,-10.0
-0.1211451,-0.1211451
-0.9467658,-0.9467658
0.246183,0.246183
15.7261516,-10.0
0.3986217,0.3986217
3.1950522,3.1950522
0.088922,0.088922
-0.1512327,-0.1512327
0.2375424,0.2375424
3.7486878,3.7486878
-0.1653608,-0.1653608
0.9206988,0.9206988
3.5395889,3.5395889
2.4768647,2.4768647
1.0882964,1.0882964
1.2634522,1.2634522
1.1305204,1.1305204
0.3905556,0.3905556
16.3272239,-10.0
0.9671513,0.9671513
0.1415306,0.1415306
1.3344794,1.3344794
16.814448,-10.0
1.4869181,1.4869181
4.2833486,4.2833486
1.1772184,1.1772184
0.9370637,0.9370637
1.3258388,1.3258388
4.8369842,4.8369842
0.9229356,0.9229356
-0.3427534,-0.3427534
2.2761367,2.2761367
1.2134125,1.2134125
-0.1751558,-0.1751558
-1.2634522,-1.2634522
-0.1329318,-0.1329318
-0.8728966,-0.8728966
15.0637717,-10.0
-0.2963009,-0.2963009
-1.1219216,-1.1219216
0.0710272,0.0710272
15.5509958,-10.0
0.2234659,0.2234659
3.0198964,3.0198964
-0.0862338,-0.0862338
-0.3263885,-0.3263885
0.0623866,0.0623866
3.573532,3.573532
-0.3405166,-0.3405166
-0.2098216,-0.2098216
2.4090685,2.4090685
1.3463443,1.3463443
-0.042224,-0.042224
-1.1305204,-1.1305204
0.1329318,0.1329318
-0.7399648,-0.7399648
15.1967035,-10.0
-0.1633691,-0.1633691
-0.9889898,-0.9889898
0.203959,0.203959
15.6839276,-10.0
0.3563977,0.3563977
3.1528282,3.1528282
0.046698,0.046698
-0.1934567,-0.1934567
0.1953184,0.1953184
3.7064638,3.7064638
-0.2075848,-0.2075848
0.5301432,0.5301432
3.1490333,3.1490333
2.0863091,2.0863091
0.6977408,0.6977408
-0.3905556,-0.3905556
0.8728966,0.8728966
0.7399648,0.7399648
15.9366683,-10.0
0.5765957,0.5765957
-0.249025,-0.249025
0.9439238,0.9439238
16.4238924,-10.0
1.0963625,1.0963625
3.892793,3.892793
0.7866628,0.7866628
0.5465081,0.5465081
0.9352832,0.9352832
4.4464286,4.4464286
0.53238,0.53238
-15.4065251,-10.0
-12.787635,-10.0
-13.8503592,-10.0
-15.2389275,-10.0
-16.3272239,-10.0
-15.0637717,-10.0
-15.1967035,-10.0
-15.9366683,-10.0
-15.3600726,-10.0
-16.1856933,-10.0
-14.9927445,-10.0
0.4872241,0.4872241
-14.8403058,-10.0
-12.0438753,-10.0
-15.1500055,-10.0
-15.3901602,-10.0
-15.0013851,-10.0
-11.4902397,-10.0
-15.4042883,-10.0
-0.0464525,-0.0464525
2.5724376,2.5724376
1.5097134,1.5097134
0.1211451,0.1211451
-0.9671513,-0.9671513
0.2963009,0.2963009
0.1633691,0.1633691
-0.5765957,-0.5765957
15.3600726,-10.0
-0.8256207,-0.8256207
0.3673281,0.3673281
15.8472967,-10.0
0.5197668,0.5197668
3.3161973,3.3161973
0.2100671,0.2100671
-0.0300876,-0.0300876
0.3586875,0.3586875
3.8698329,3.8698329
-0.0442157,-0.0442157
0.7791682,0.7791682
3.3980583,3.3980583
2.3353341,2.3353341
0.9467658,0.9467658
-0.1415306,-0.1415306
1.1219216,1.1219216
0.9889898,0.9889898
0.249025,0.249025
16.1856933,-10.0
0.8256207,0.8256207
1.1929488,1.1929488
16.6729174,-10.0
1.3453875,1.3453875
4.141818,4.141818
1.0356878,1.0356878
0.7955331,0.7955331
1.1843082,1.1843082
4.6954536,4.6954536
0.781405,0.781405
-0.4137806,-0.4137806
2.2051095,2.2051095
1.1423853,1.1423853
-0.246183,-0.246183
-1.3344794,-1.3344794
-0.0710272,-0.0710272
-0.203959,-0.203959
-0.9439238,-0.9439238
14.9927445,-10.0
-0.3673281,-0.3673281
-1.1929488,-1.1929488
15.4799686,-10.0
0.1524387,0.1524387
2.9488692,2.9488692
-0.157261,-0.157261
-0.3974157,-0.3974157
-0.0086406,-0.0086406
3.5025048,3.5025048
-0.4115438,-0.4115438
-15.8937492,-10.0
-13.2748591,-10.0
-14.3375833,-10.0
-15.7261516,-10.0
-16.814448,-10.0
-15.5509958,-10.0
-15.6839276,-10.0
-16.4238924,-10.0
-0.4872241,-0.4872241
-15.8472967,-10.0
-16.6729174,-10.0
-15.4799686,-10.0
-15.3275299,-10.0
-12.5310994,-10.0
-15.6372296,-10.0
-15.8773843,-10.0
-15.4886092,-10.0
-11.9774638,-10.0
-15.8915124,-10.0
-0.5662193,-0.5662193
2.0526708,2.0526708
0.9899466,0.9899466
-0.3986217,-0.3986217
-1.4869181,-1.4869181
-0.2234659,-0.2234659
-0.3563977,-0.3563977
-1.0963625,-1.0963625
14.8403058,-10.0
-0.5197668,-0.5197668
-1.3453875,-1.3453875
-0.1524387,-0.1524387
15.3275299,-10.0
2.7964305,2.7964305
-0.3096997,-0.3096997
-0.5498544,-0.5498544
-0.1610793,-0.1610793
3.3500661,3.3500661
-0.5639825,-0.5639825
-3.3626498,-3.3626498
-0.7437597,-0.7437597
-1.8064839,-1.8064839
-3.1950522,-3.1950522
-4.2833486,-4.2833486
-3.0198964,-3.0198964
-3.1528282,-3.1528282
-3.892793,-3.892793
12.0438753,-10.0
-3.3161973,-3.3161973
-4.141818,-4.141818
-2.9488692,-2.9488692
12.5310994,-10.0
-2.7964305,-2.7964305
-3.1061302,-3.1061302
-3.3462849,-3.3462849
-2.9575098,-2.9575098
0.5536356,0.5536356
-3.360413,-3.360413
-0.2565196,-0.2565196
2.3623705,2.3623705
1.2996463,1.2996463
-0.088922,-0.088922
-1.1772184,-1.1772184
0.0862338,0.0862338
-0.046698,-0.046698
-0.7866628,-0.7866628
15.1500055,-10.0
-0.2100671,-0.2100671
-1.0356878,-1.0356878
0.157261,0.157261
15.6372296,-10.0
0.3096997,0.3096997
3.1061302,3.1061302
-0.2401547,-0.2401547
0.1486204,0.1486204
3.6597658,3.6597658
-0.2542828,-0.2542828
-0.0163649,-0.0163649
2.6025252,2.6025252
1.539801,1.539801
0.1512327,0.1512327
-0.9370637,-0.9370637
0.3263885,0.3263885
0.1934567,0.1934567
-0.5465081,-0.5465081
15.3901602,-10.0
0.0300876,0.0300876
-0.7955331,-0.7955331
0.3974157,0.3974157
15.8773843,-10.0
0.5498544,0.5498544
3.3462849,3.3462849
0.2401547,0.2401547
0.3887751,0.3887751
3.8999205,3.8999205
-0.0141281,-0.0141281
-0.40514,-0.40514
2.2137501,2.2137501
1.1510259,1.1510259
-0.2375424,-0.2375424
-1.3258388,-1.3258388
-0.0623866,-0.0623866
-0.1953184,-0.1953184
-0.9352832,-0.9352832
15.0013851,-10.0
-0.3586875,-0.3586875
-1.1843082,-1.1843082
0.0086406,0.0086406
15.4886092,-10.0
0.1610793,0.1610793
2.9575098,2.9575098
-0.1486204,-0.1486204
-0.3887751,-0.3887751
3.5111454,3.5111454
-0.4029032,-0.4029032
-3.9162854,-3.9162854
-1.2973953,-1.2973953
-2.3601195,-2.3601195
-3.7486878,-3.7486878
-4.8369842,-4.8369842
-3.573532,-3.573532
-3.7064638,-3.7064638
-4.4464286,-4.4464286
11.4902397,-10.0
-3.8698329,-3.8698329
-4.6954536,-4.6954536
-3.5025048,-3.5025048
11.9774638,-10.0
-3.3500661,-3.3500661
-0.5536356,-0.5536356
-3.6597658,-3.6597658
-3.8999205,-3.8999205
-3.5111454,-3.5111454
-3.9140486,-3.9140486
-0.0022368,-0.0022368
2.6166533,2.6166533
1.5539291,1.5539291
0.1653608,0.1653608
-0.9229356,-0.9229356
0.3405166,0.3405166
0.2075848,0.2075848
-0.53238,-0.53238
15.4042883,-10.0
0.0442157,0.0442157
-0.781405,-0.781405
0.4115438,0.4115438
15.8915124,-10.0
0.5639825,0.5639825
3.360413,3.360413
0.2542828,0.2542828
0.0141281,0.0141281
0.4029032,0.4029032
3.9140486,3.9140486
0.4397016,0.4397016
10.7984496,-10.0
11.5869711,-10.0
-1.9041179,-1.9041179
1.3487461,1.3487461
1.6049617,1.6049617
-1.9443276,-1.9443276
6.1131292,6.1131292
-2.335976,-2.335976
-2.8197279,-2.8197279
-0.3368567,-0.3368567
2.5572386,2.5572386
-2.3660861,-2.3660861
3.839043,3.839043
1.0584726,1.0584726
-0.2159437,-0.2159437
-1.0390449,-1.0390449
-1.4769718,-1.4769718
0.9048471,0.9048471
-0.4397016,-0.4397016
10.358748,-10.0
11.1472695,-10.0
-2.3438195,-2.3438195
0.9090445,0.9090445
1.1652601,1.1652601
-2.3840292,-2.3840292
5.6734276,5.6734276
-2.7756776,-2.7756776
-3.2594295,-3.2594295
-0.7765583,-0.7765583
2.117537,2.117537
-2.8057877,-2.8057877
3.3993414,3.3993414
0.618771,0.618771
-0.6556453,-0.6556453
-1.4787465,-1.4787465
-1.9166734,-1.9166734
0.4651455,0.4651455
-10.7984496,-10.0
-10.358748,-10.0
0.7885215,0.7885215
-12.7025675,-10.0
-9.4497035,-9.4497035
-9.1934879,-9.1934879
-12.7427772,-10.0
-4.6853204,-4.6853204
-13.1344256,-10.0
-13.6181775,-10.0
-11.1353063,-10.0
-8.241211,-8.241211
-13.1645357,-10.0
-6.9594066,-6.9594066
-9.739977,-9.739977
-11.0143933,-10.0
-11.8374945,-10.0
-12.2754214,-10.0
-9.8936025,-9.8936025
-11.5869711,-10.0
-11.1472695,-10.0
-0.7885215,-0.7885215
-13.491089,-10.0
-10.238225,-10.0
-9.9820094,-9.9820094
-13.5312987,-10.0
-5.4738419,-5.4738419
-13.9229471,-10.0
-14.406699,-10.0
-11.9238278,-10.0
-9.0297325,-9.0297325
-13.9530572,-10.0
-7.7479281,-7.7479281
-10.5284985,-10.0
-11.8029148,-10.0
-12.626016,-10.0
-13.0639429,-10.0
-10.682124,-10.0
1.9041179,1.9041179
2.3438195,2.3438195
12.7025675,-10.0
13.491089,-10.0
3.252864,3.252864
3.5090796,3.5090796
-0.0402097,-0.0402097
8.0172471,8.0172471
-0.4318581,-0.4318581
-0.91561,-0.91561
1.5672612,1.5672612
4.4613565,4.4613565
-0.4619682,-0.4619682
5.7431609,5.7431609
2.9625905,2.9625905
1.6881742,1.6881742
0.865073,0.865073
0.4271461,0.4271461
2.808965,2.808965
-1.3487461,-1.3487461
-0.9090445,-0.9090445
9.4497035,9.4497035
10.238225,-10.0
-3.252864,-3.252864
0.2562156,0.2562156
-3.2930737,-3.2930737
4.7643831,4.7643831
-3.6847221,-3.6847221
-4.168474,-4.168474
-1.6856028,-1.6856028
1.2084925,1.2084925
-3.7148322,-3.7148322
2.4902969,2.4902969
-0.2902735,-0.2902735
-1.5646898,-1.5646898
-2.387791,-2.387791
-2.8257179,-2.8257179
-0.443899,-0.443899
-1.6049617,-1.6049617
-1.1652601,-1.1652601
9.1934879,9.1934879
9.9820094,9.9820094
-3.5090796,-3.5090796
-0.2562156,-0.2562156
-3.5492893,-3.5492893
4.5081675,4.5081675
-3.9409377,-3.9409377
-4.4246896,-4.4246896
-1.9418184,-1.9418184
0.9522769,0.9522769
-3.9710478,-3.9710478
2.2340813,2.2340813
-0.5464891,-0.5464891
-1.8209054,-1.8209054
-2.6440066,-2.6440066
-3.0819335,-3.0819335
-0.7001146,-0.7001146
1.9443276,1.9443276
2.3840292,2.3840292
12.7427772,-10.0
13.5312987,-10.0
0.0402097,0.0402097
3.2930737,3.2930737
3.5492893,3.5492893
8.0574568,8.0574568
-0.3916484,-0.3916484
-0.8754003,-0.8754003
1.6074709,1.6074709
4.5015662,4.5015662
-0.4217585,-0.4217585
5.7833706,5.7833706
3.0028002,3.0028002
1.7283839,1.7283839
0.9052827,0.9052827
0.4673558,0.4673558
2.8491747,2.8491747
-6.1131292,-6.1131292
-5.6734276,-5.6734276
4.6853204,4.6853204
5.4738419,5.4738419
-8.0172471,-8.0172471
-4.7643831,-4.7643831
-4.5081675,-4.5081675
-8.0574568,-8.0574568
-8.4491052,-8.4491052
-8.9328571,-8.9328571
-6.4499859,-6.4499859
-3.5558906,-3.5558906
-8.4792153,-8.4792153
-2.2740862,-2.2740862
-5.0546566,-5.0546566
-6.3290729,-6.3290729
-7.1521741,-7.1521741
-7.590101,-7.590101
-5.2082821,-5.2082821
2.335976,2.335976
2.7756776,2.7756776
13.1344256,-10.0
13.9229471,-10.0
0.4318581,0.4318581
3.6847221,3.6847221
3.9409377,3.9409377
0.3916484,0.3916484
8.4491052,8.4491052
-0.4837519,-0.4837519
1.9991193,1.9991193
4.8932146,4.8932146
-0.0301101,-0.0301101
6.175019,6.175019
3.3944486,3.3944486
2.1200323,2.1200323
1.2969311,1.2969311
0.8590042,0.8590042
3.2408231,3.2408231
2.8197279,2.8197279
3.2594295,3.2594295
13.6181775,-10.0
14.406699,-10.0
0.91561,0.91561
4.168474,4.168474
4.4246896,4.4246896
0.8754003,0.8754003
8.9328571,8.9328571
0.4837519,0.4837519
2.4828712,2.4828712
5.3769665,5.3769665
0.4536418,0.4536418
6.6587709,6.6587709
3.8782005,3.8782005
2.6037842,2.6037842
1.780683,1.780683
1.3427561,1.3427561
3.724575,3.724575
0.3368567,0.3368567
0.7765583,0.7765583
11.1353063,-10.0
11.9238278,-10.0
-1.5672612,-1.5672612
1.6856028,1.6856028
1.9418184,1.9418184
-1.6074709,-1.6074709
6.4499859,6.4499859
-1.9991193,-1.9991193
-2.4828712,-2.4828712
2.8940953,2.8940953
-2.0292294,-2.0292294
4.1758997,4.1758997
1.3953293,1.3953293
0.120913,0.120913
-0.7021882,-0.7021882
-1.1401151,-1.1401151
1.2417038,1.2417038
-2.5572386,-2.5572386
-2.117537,-2.117537
8.241211,8.241211
9.0297325,9.0297325
-4.4613565,-4.4613565
-1.2084925,-1.2084925
-0.9522769,-0.9522769
-4.5015662,-4.5015662
3.5558906,3.5558906
-4.8932146,-4.8932146
-5.3769665,-5.3769665
-2.8940953,-2.8940953
-4.9233247,-4.9233247
1.2818044,1.2818044
-1.498766,-1.498766
-2.7731823,-2.7731823
-3.5962835,-3.5962835
-4.0342104,-4.0342104
-1.6523915,-1.6523915
2.3660861,2.3660861
2.8057877,2.8057877
13.1645357,-10.0
13.9530572,-10.0
0.4619682,0.4619682
3.7148322,3.7148322
3.9710478,3.9710478
0.4217585,0.4217585
8.4792153,8.4792153
0.0301101,0.0301101
-0.4536418,-0.4536418
2.0292294,2.0292294
4.9233247,4.9233247
6.2051291,6.2051291
3.4245587,3.4245587
2.1501424,2.1501424
1.3270412,1.3270412
0.8891143,0.8891143
3.2709332,3.2709332
-3.839043,-3.839043
-3.3993414,-3.3993414
6.9594066,6.9594066
7.7479281,7.7479281
-5.7431609,-5.7431609
-2.4902969,-2.4902969
-2.2340813,-2.2340813
-5.7833706,-5.7833706
2.2740862,2.2740862
-6.175019,-6.175019
-6.6587709,-6.6587709
-4.1758997,-4.1758997
-1.2818044,-1.2818044
-6.2051291,-6.2051291
-2.7805704,-2.7805704
-4.0549867,-4.0549867
-4.8780879,-4.8780879
-5.3160148,-5.3160148
-2.9341959,-2.9341959
-1.0584726,-1.0584726
-0.618771,-0.618771
9.739977,9.739977
10.5284985,-10.0
-2.9625905,-2.9625905
0.2902735,0.2902735
0.5464891,0.5464891
-3.0028002,-3.0028002
5.0546566,5.0546566
-3.3944486,-3.3944486
-3.8782005,-3.8782005
-1.3953293,-1.3953293
1.498766,1.498766
-3.4245587,-3.4245587
2.7805704,2.7805704
-1.2744163,-1.2744163
-2.0975175,-2.0975175
-2.5354444,-2.5354444
-0.1536255,-0.1536255
0.2159437,0.2159437
0.6556453,0.6556453
11.0143933,-10.0
11.8029148,-10.0
-1.6881742,-1.6881742
1.5646898,1.5646898
1.8209054,1.8209054
-1.7283839,-1.7283839
6.3290729,6.3290729
-2.1200323,-2.1200323
-2.6037842,-2.6037842
-0.120913,-0.120913
2.7731823,2.7731823
-2.1501424,-2.1501424
4.0549867,4.0549867
1.2744163,1.2744163
-0.8231012,-0.8231012
-1.2610281,-1.2610281
1.1207908,1.1207908
1.0390449,1.0390449
1.4787465,1.4787465
11.8374945,-10.0
12.626016,-10.0
-0.865073,-0.865073
2.387791,2.387791
2.6440066,2.6440066
-0.9052827,-0.9052827
7.1521741,7.1521741
-1.2969311,-1.2969311
-1.780683,-1.780683
0.7021882,0.7021882
3.5962835,3.5962835
-1.3270412,-1.3270412
4.8780879,4.8780879
2.0975175,2.0975175
0.8231012,0.8231012
-0.4379269,-0.4379269
1.943892,1.943892
1.4769718,1.4769718
1.9166734,1.9166734
12.2754214,-10.0
13.0639429,-10.0
-0.4271461,-0.4271461
2.8257179,2.8257179
3.0819335,3.0819335
-0.4673558,-0.4673558
7.590101,7.590101
-0.8590042,-0.8590042
-1.3427561,-1.3427561
1.1401151,1.1401151
4.0342104,4.0342104
-0.8891143,-0.8891143
5.3160148,5.3160148
2.5354444,2.5354444
1.2610281,1.2610281
0.4379269,0.4379269
2.3818189,2.3818189
-0.9048471,-0.9048471
-0.4651455,-0.4651455
9.8936025,9.8936025
10.682124,-10.0
-2.808965,-2.808965
0.443899,0.443899
0.7001146,0.7001146
-2.8491747,-2.8491747
5.2082821,5.2082821
-3.2408231,-3.2408231
-3.724575,-3.724575
-1.2417038,-1.2417038
1.6523915,1.6523915
-3.2709332,-3.2709332
2.9341959,2.9341959
0.1536255,0.1536255
-1.1207908,-1.1207908
-1.943892,-1.943892
-2.3818189,-2.3818189
-0.6716952,-0.6716952
15.5618371,-10.0
14.1265825,-10.0
-1.6739409,-1.6739409
0.7112193,0.7112193
14.9335155,-10.0
-0.4816926,-0.4816926
12.7746592,-10.0
-0.2178634,-0.2178634
-2.2348099,-2.2348099
-0.3285964,-0.3285964
5.3625232,5.3625232
12.7671209,-10.0
6.0508114,6.0508114
0.6968248,0.6968248
-0.1903819,-0.1903819
-0.527589,-0.527589
6.1639221,6.1639221
-1.2602056,-1.2602056
0.6716952,0.6716952
16.2335323,-10.0
14.7982777,-10.0
-1.0022457,-1.0022457
1.3829145,1.3829145
15.6052107,-10.0
0.1900026,0.1900026
13.4463544,-10.0
0.4538318,0.4538318
-1.5631147,-1.5631147
0.3430988,0.3430988
6.0342184,6.0342184
13.4388161,-10.0
6.7225066,6.7225066
1.36852,1.36852
0.4813133,0.4813133
0.1441062,0.1441062
6.8356173,6.8356173
-0.5885104,-0.5885104
-15.5618371,-10.0
-16.2335323,-10.0
-1.4352546,-1.4352546
-17.235778,-10.0
-14.8506178,-10.0
-0.6283216,-0.6283216
-16.0435297,-10.0
-2.7871779,-2.7871779
-15.7797005,-10.0
-17.796647,-10.0
-15.8904335,-10.0
-10.1993139,-10.0
-2.7947162,-2.7947162
-9.5110257,-9.5110257
-14.8650123,-10.0
-15.752219,-10.0
-16.0894261,-10.0
-9.397915,-9.397915
-16.8220427,-10.0
-14.1265825,-10.0
-14.7982777,-10.0
1.4352546,1.4352546
-15.8005234,-10.0
-13.4153632,-10.0
0.806933,0.806933
-14.6082751,-10.0
-1.3519233,-1.3519233
-14.3444459,-10.0
-16.3613924,-10.0
-14.4551789,-10.0
-8.7640593,-8.7640593
-1.3594616,-1.3594616
-8.0757711,-8.0757711
-13.4297577,-10.0
-14.3169644,-10.0
-14.6541715,-10.0
-7.9626604,-7.9626604
-15.3867881,-10.0
1.6739409,1.6739409
1.0022457,1.0022457
17.235778,-10.0
15.8005234,-10.0
2.3851602,2.3851602
16.6074564,-10.0
1.1922483,1.1922483
14.4486001,-10.0
1.4560775,1.4560775
-0.560869,-0.560869
1.3453445,1.3453445
7.0364641,7.0364641
14.4410618,-10.0
7.7247523,7.7247523
2.3707657,2.3707657
1.483559,1.483559
1.1463519,1.1463519
7.837863,7.837863
0.4137353,0.4137353
-0.7112193,-0.7112193
-1.3829145,-1.3829145
14.8506178,-10.0
13.4153632,-10.0
-2.3851602,-2.3851602
14.2222962,-10.0
-1.1929119,-1.1929119
12.0634399,-10.0
-0.9290827,-0.9290827
-2.9460292,-2.9460292
-1.0398157,-1.0398157
4.6513039,4.6513039
12.0559016,-10.0
5.3395921,5.3395921
-0.0143945,-0.0143945
-0.9016012,-0.9016012
-1.2388083,-1.2388083
5.4527028,5.4527028
-1.9714249,-1.9714249
-14.9335155,-10.0
-15.6052107,-10.0
0.6283216,0.6283216
-0.806933,-0.806933
-16.6074564,-10.0
-14.2222962,-10.0
-15.4152081,-10.0
-2.1588563,-2.1588563
-15.1513789,-10.0
-17.1683254,-10.0
-15.2621119,-10.0
-9.5709923,-9.5709923
-2.1663946,-2.1663946
-8.8827041,-8.8827041
-14.2366907,-10.0
-15.1238974,-10.0
-15.4611045,-10.0
-8.7695934,-8.7695934
-16.1937211,-10.0
0.4816926,0.4816926
-0.1900026,-0.1900026
16.0435297,-10.0
14.6082751,-10.0
-1.1922483,-1.1922483
1.1929119,1.1929119
15.4152081,-10.0
13.2563518,-10.0
0.2638292,0.2638292
-1.7531173,-1.7531173
0.1530962,0.1530962
5.8442158,5.8442158
13.2488135,-10.0
6.532504,6.532504
1.1785174,1.1785174
0.2913107,0.2913107
-0.0458964,-0.0458964
6.6456147,6.6456147
-0.778513,-0.778513
-12.7746592,-10.0
-13.4463544,-10.0
2.7871779,2.7871779
1.3519233,1.3519233
-14.4486001,-10.0
-12.0634399,-10.0
2.1588563,2.1588563
-13.2563518,-10.0
-12.9925226,-10.0
-15.0094691,-10.0
-13.1032556,-10.0
-7.412136,-7.412136
-0.0075383,-0.0075383
-6.7238478,-6.7238478
-12.0778344,-10.0
-12.9650411,-10.0
-13.3022482,-10.0
-6.6107371,-6.6107371
-14.0348648,-10.0
0.2178634,0.2178634
-0.4538318,-0.4538318
15.7797005,-10.0
14.3444459,-10.0
-1.4560775,-1.4560775
0.9290827,0.9290827
15.1513789,-10.0
-0.2638292,-0.2638292
12.9925226,-10.0
-2.0169465,-2.0169465
-0.110733,-0.110733
5.5803866,5.5803866
12.9849843,-10.0
6.2686748,6.2686748
0.9146882,0.9146882
0.0274815,0.0274815
-0.3097256,-0.3097256
6.3817855,6.3817855
-1.0423422,-1.0423422
2.2348099,2.2348099
1.5631147,1.5631147
17.796647,-10.0
16.3613924,-10.0
0.560869,0.560869
2.9460292,2.9460292
17.1683254,-10.0
1.7531173,1.7531173
15.0094691,-10.0
2.0169465,2.0169465
1.9062135,1.9062135
7.5973331,7.5973331
15.0019308,-10.0
8.2856213,8.2856213
2.9316347,2.9316347
2.044428,2.044428
1.7072209,1.7072209
8.398732,8.398732
0.9746043,0.9746043
0.3285964,0.3285964
-0.3430988,-0.3430988
15.8904335,-10.0
14.4551789,-10.0
-1.3453445,-1.3453445
1.0398157,1.0398157
15.2621119,-10.0
-0.1530962,-0.1530962
13.1032556,-10.0
0.110733,0.110733
-1.9062135,-1.9062135
5.6911196,5.6911196
13.0957173,-10.0
6.3794078,6.3794078
1.0254212,1.0254212
0.1382145,0.1382145
-0.1989926,-0.1989926
6.4925185,6.4925185
-0.9316092,-0.9316092
-5.3625232,-5.3625232
-6.0342184,-6.0342184
10.1993139,-10.0
8.7640593,8.7640593
-7.0364641,-7.0364641
-4.6513039,-4.6513039
9.5709923,9.5709923
-5.8442158,-5.8442158
7.412136,7.412136
-5.5803866,-5.5803866
-7.5973331,-7.5973331
-5.6911196,-5.6911196
7.4045977,7.4045977
0.6882882,0.6882882
-4.6656984,-4.6656984
-5.5529051,-5.5529051
-5.8901122,-5.8901122
0.8013989,0.8013989
-6.6227288,-6.6227288
-12.7671209,-10.0
-13.4388161,-10.0
2.7947162,2.7947162
1.3594616,1.3594616
-14.4410618,-10.0
-12.0559016,-10.0
2.1663946,2.1663946
-13.2488135,-10.0
0.0075383,0.0075383
-12.9849843,-10.0
-15.0019308,-10.0
-13.0957173,-10.0
-7.4045977,-7.4045977
-6.7163095,-6.7163095
-12.0702961,-10.0
-12.9575028,-10.0
-13.2947099,-10.0
-6.6031988,-6.6031988
-14.0273265,-10.0
-6.0508114,-6.0508114
-6.7225066,-6.7225066
9.5110257,9.5110257
8.0757711,8.0757711
-7.7247523,-7.7247523
-5.3395921,-5.3395921
8.8827041,8.8827041
-6.532504,-6.532504
6.7238478,6.7238478
-6.2686748,-6.2686748
-8.2856213,-8.2856213
-6.3794078,-6.3794078
-0.6882882,-0.6882882
6.7163095,6.7163095
-5.3539866,-5.3539866
-6.2411933,-6.2411933
-6.5784004,-6.5784004
0.1131107,0.1131107
-7.311017,-7.311017
-0.6968248,-0.6968248
-1.36852,-1.36852
14.8650123,-10.0
13.4297577,-10.0
-2.3707657,-2.3707657
0.0143945,0.0143945
14.2366907,-10.0
-1.1785174,-1.1785174
12.0778344,-10.0
-0.9146882,-0.9146882
-2.9316347,-2.9316347
-1.0254212,-1.0254212
4.6656984,4.6656984
12.0702961,-10.0
5.3539866,5.3539866
-0.8872067,-0.8872067
-1.2244138,-1.2244138
5.4670973,5.4670973
-1.9570304,-1.9570304
0.1903819,0.1903819
-0.4813133,-0.4813133
15.752219,-10.0
14.3169644,-10.0
-1.483559,-1.483559
0.9016012,0.9016012
15.1238974,-10.0
-0.2913107,-0.2913107
12.9650411,-10.0
-0.0274815,-0.0274815
-2.044428,-2.044428
-0.1382145,-0.1382145
5.5529051,5.5529051
12.9575028,-10.0
6.2411933,6.2411933
0.8872067,0.8872067
-0.3372071,-0.3372071
6.354304,6.354304
-1.0698237,-1.0698237
0.527589,0.527589
-0.1441062,-0.1441062
16.0894261,-10.0
14.6541715,-10.0
-1.1463519,-1.1463519
1.2388083,1.2388083
15.4611045,-10.0
0.0458964,0.0458964
13.3022482,-10.0
0.3097256,0.3097256
-1.7072209,-1.7072209
0.1989926,0.1989926
5.8901122,5.8901122
13.2947099,-10.0
6.5784004,6.5784004
1.2244138,1.2244138
0.3372071,0.3372071
6.6915111,6.6915111
-0.7326166,-0.7326166
-6.1639221,-6.1639221
-6.8356173,-6.8356173
9.397915,9.397915
7.9626604,7.9626604
-7.837863,-7.837863
-5.4527028,-5.4527028
8.7695934,8.7695934
-6.6456147,-6.6456147
6.6107371,6.6107371
-6.3817855,-6.3817855
-8.398732,-8.398732
-6.4925185,-6.4925185
-0.8013989,-0.8013989
6.6031988,6.6031988
-0.1131107,-0.1131107
-5.4670973,-5.4670973
-6.354304,-6.354304
-6.6915111,-6.6915111
-7.4241277,-7.4241277
1.2602056,1.2602056
0.5885104,0.5885104
16.8220427,-10.0
15.3867881,-10.0
-0.4137353,-0.4137353
1.9714249,1.9714249
16.1937211,-10.0
0.778513,0.778513
14.0348648,-10.0
1.0423422,1.0423422
-0.9746043,-0.9746043
0.9316092,0.9316092
6.6227288,6.6227288
14.0273265,-10.0
7.311017,7.311017
1.9570304,1.9570304
1.0698237,1.0698237
0.7326166,0.7326166
7.4241277,7.4241277
0.6949029,0.6949029
12.7288075,-10.0
15.5106745,-10.0
-1.1582071,-1.1582071
1.01932,1.01932
5.3914528,5.3914528
0.5222054,0.5222054
3.9432541,3.9432541
1.227418,1.227418
-1.2575021,-1.2575021
1.6386219,1.6386219
15.9990446,-10.0
2.5663612,2.5663612
7.1411061,7.1411061
0.2972741,0.2972741
1.0311089,1.0311089
1.4633964,1.4633964
1.5532051,1.5532051
0.0595365,0.0595365
-0.6949029,-0.6949029
12.0339046,-10.0
14.8157716,-10.0
-1.85311,-1.85311
0.3244171,0.3244171
4.6965499,4.6965499
-0.1726975,-0.1726975
3.2483512,3.2483512
0.5325151,0.5325151
-1.952405,-1.952405
0.943719,0.943719
15.3041417,-10.0
1.8714583,1.8714583
6.4462032,6.4462032
-0.3976288,-0.3976288
0.336206,0.336206
0.7684935,0.7684935
0.8583022,0.8583022
-0.6353664,-0.6353664
-12.7288075,-10.0
-12.0339046,-10.0
2.781867,2.781867
-13.8870146,-10.0
-11.7094875,-10.0
-7.3373547,-7.3373547
-12.2066021,-10.0
-8.7855534,-8.7855534
-11.5013895,-10.0
-13.9863096,-10.0
-11.0901856,-10.0
3.2702371,3.2702371
-10.1624463,-10.0
-5.5877014,-5.5877014
-12.4315334,-10.0
-11.6976986,-10.0
-11.2654111,-10.0
-11.1756024,-10.0
-12.669271,-10.0
-15.5106745,-10.0
-14.8157716,-10.0
-2.781867,-2.781867
-16.6688816,-10.0
-14.4913545,-10.0
-10.1192217,-10.0
-14.9884691,-10.0
-11.5674204,-10.0
-14.2832565,-10.0
-16.7681766,-10.0
-13.8720526,-10.0
0.4883701,0.4883701
-12.9443133,-10.0
-8.3695684,-8.3695684
-15.2134004,-10.0
-14.4795656,-10.0
-14.0472781,-10.0
-13.9574694,-10.0
-15.451138,-10.0
1.1582071,1.1582071
1.85311,1.85311
13.8870146,-10.0
16.6688816,-10.0
2.1775271,2.1775271
6.5496599,6.5496599
1.6804125,1.6804125
5.1014612,5.1014612
2.3856251,2.3856251
-0.099295,-0.099295
2.796829,2.796829
17.1572517,-10.0
3.7245683,3.7245683
8.2993132,8.2993132
1.4554812,1.4554812
2.189316,2.189316
2.6216035,2.6216035
2.7114122,2.7114122
1.2177436,1.2177436
-1.01932,-1.01932
-0.3244171,-0.3244171
11.7094875,-10.0
14.4913545,-10.0
-2.1775271,-2.1775271
4.3721328,4.3721328
-0.4971146,-0.4971146
2.9239341,2.9239341
0.208098,0.208098
-2.2768221,-2.2768221
0.6193019,0.6193019
14.9797246,-10.0
1.5470412,1.5470412
6.1217861,6.1217861
-0.7220459,-0.7220459
0.0117889,0.0117889
0.4440764,0.4440764
0.5338851,0.5338851
-0.9597835,-0.9597835
-5.3914528,-5.3914528
-4.6965499,-4.6965499
7.3373547,7.3373547
10.1192217,-10.0
-6.5496599,-6.5496599
-4.3721328,-4.3721328
-4.8692474,-4.8692474
-1.4481987,-1.4481987
-4.1640348,-4.1640348
-6.6489549,-6.6489549
-3.7528309,-3.7528309
10.6075918,-10.0
-2.8250916,-2.8250916
1.7496533,1.7496533
-5.0941787,-5.0941787
-4.3603439,-4.3603439
-3.9280564,-3.9280564
-3.8382477,-3.8382477
-5.3319163,-5.3319163
-0.5222054,-0.5222054
0.1726975,0.1726975
12.2066021,-10.0
14.9884691,-10.0
-1.6804125,-1.6804125
0.4971146,0.4971146
4.8692474,4.8692474
3.4210487,3.4210487
0.7052126,0.7052126
-1.7797075,-1.7797075
1.1164165,1.1164165
15.4768392,-10.0
2.0441558,2.0441558
6.6189007,6.6189007
-0.2249313,-0.2249313
0.5089035,0.5089035
0.941191,0.941191
1.0309997,1.0309997
-0.4626689,-0.4626689
-3.9432541,-3.9432541
-3.2483512,-3.2483512
8.7855534,8.7855534
11.5674204,-10.0
-5.1014612,-5.1014612
-2.9239341,-2.9239341
1.4481987,1.4481987
-3.4210487,-3.4210487
-2.7158361,-2.7158361
-5.2007562,-5.2007562
-2.3046322,-2.3046322
12.0557905,-10.0
-1.3768929,-1.3768929
3.197852,3.197852
-3.64598,-3.64598
-2.9121452,-2.9121452
-2.4798577,-2.4798577
-2.390049,-2.390049
-3.8837176,-3.8837176
-1.227418,-1.227418
-0.5325151,-0.5325151
11.5013895,-10.0
14.2832565,-10.0
-2.3856251,-2.3856251
-0.208098,-0.208098
4.1640348,4.1640348
-0.7052126,-0.7052126
2.7158361,2.7158361
-2.4849201,-2.4849201
0.4112039,0.4112039
14.7716266,-10.0
1.3389432,1.3389432
5.9136881,5.9136881
-0.9301439,-0.9301439
-0.1963091,-0.1963091
0.2359784,0.2359784
0.3257871,0.3257871
-1.1678815,-1.1678815
1.2575021,1.2575021
1.952405,1.952405
13.9863096,-10.0
16.7681766,-10.0
0.099295,0.099295
2.2768221,2.2768221
6.6489549,6.6489549
1.7797075,1.7797075
5.2007562,5.2007562
2.4849201,2.4849201
2.896124,2.896124
17.2565467,-10.0
3.8238633,3.8238633
8.3986082,8.3986082
1.5547762,1.5547762
2.288611,2.288611
2.7208985,2.7208985
2.8107072,2.8107072
1.3170386,1.3170386
-1.6386219,-1.6386219
-0.943719,-0.943719
11.0901856,-10.0
13.8720526,-10.0
-2.796829,-2.796829
-0.6193019,-0.6193019
3.7528309,3.7528309
-1.1164165,-1.1164165
2.3046322,2.3046322
-0.4112039,-0.4112039
-2.896124,-2.896124
14.3604227,-10.0
0.9277393,0.9277393
5.5024842,5.5024842
-1.3413478,-1.3413478
-0.607513,-0.607513
-0.1752255,-0.1752255
-0.0854168,-0.0854168
-1.5790854,-1.5790854
-15.9990446,-10.0
-15.3041417,-10.0
-3.2702371,-3.2702371
-0.4883701,-0.4883701
-17.1572517,-10.0
-14.9797246,-10.0
-10.6075918,-10.0
-15.4768392,-10.0
-12.0557905,-10.0
-14.7716266,-10.0
-17.2565467,-10.0
-14.3604227,-10.0
-13.4326834,-10.0
-8.8579385,-8.8579385
-15.7017705,-10.0
-14.9679357,-10.0
-14.5356482,-10.0
-14.4458395,-10.0
-15.9395081,-10.0
-2.5663612,-2.5663612
-1.8714583,-1.8714583
10.1624463,-10.0
12.9443133,-10.0
-3.7245683,-3.7245683
-1.5470412,-1.5470412
2.8250916,2.8250916
-2.0441558,-2.0441558
1.3768929,1.3768929
-1.3389432,-1.3389432
-3.8238633,-3.8238633
-0.9277393,-0.9277393
13.4326834,-10.0
4.5747449,4.5747449
-2.2690871,-2.2690871
-1.5352523,-1.5352523
-1.1029648,-1.1029648
-1.0131561,-1.0131561
-2.5068247,-2.5068247
-7.1411061,-7.1411061
-6.4462032,-6.4462032
5.5877014,5.5877014
8.3695684,8.3695684
-8.2993132,-8.2993132
-6.1217861,-6.1217861
-1.7496533,-1.7496533
-6.6189007,-6.6189007
-3.197852,-3.197852
-5.9136881,-5.9136881
-8.3986082,-8.3986082
-5.5024842,-5.5024842
8.8579385,8.8579385
-4.5747449,-4.5747449
-6.843832,-6.843832
-6.1099972,-6.1099972
-5.6777097,-5.6777097
-5.587901,-5.587901
-7.0815696,-7.0815696
-0.2972741,-0.2972741
0.3976288,0.3976288
12.4315334,-10.0
15.2134004,-10.0
-1.4554812,-1.4554812
0.7220459,0.7220459
5.0941787,5.0941787
0.2249313,0.2249313
3.64598,3.64598
0.9301439,0.9301439
-1.5547762,-1.5547762
1.3413478,1.3413478
15.7017705,-10.0
2.2690871,2.2690871
6.843832,6.843832
0.7338348,0.7338348
1.1661223,1.1661223
1.255931,1.255931
-0.2377376,-0.2377376
-1.0311089,-1.0311089
-0.336206,-0.336206
11.6976986,-10.0
14.4795656,-10.0
-2.189316,-2.189316
-0.0117889,-0.0117889
4.3603439,4.3603439
-0.5089035,-0.5089035
2.9121452,2.9121452
0.1963091,0.1963091
-2.288611,-2.288611
0.607513,0.607513
14.9679357,-10.0
1.5352523,1.5352523
6.1099972,6.1099972
-0.7338348,-0.7338348
0.4322875,0.4322875
0.5220962,0.5220962
-0.9715724,-0.9715724
-1.4633964,-1.4633964
-0.7684935,-0.7684935
11.2654111,-10.0
14.0472781,-10.0
-2.6216035,-2.6216035
-0.4440764,-0.4440764
3.9280564,3.9280564
-0.941191,-0.941191
2.4798577,2.4798577
-0.2359784,-0.2359784
-2.7208985,-2.7208985
0.1752255,0.1752255
14.5356482,-10.0
1.1029648,1.1029648
5.6777097,5.6777097
-1.1661223,-1.1661223
-0.4322875,-0.4322875
0.0898087,0.0898087
-1.4038599,-1.4038599
-1.5532051,-1.5532051
-0.8583022,-0.8583022
11.1756024,-10.0
13.9574694,-10.0
-2.7114122,-2.7114122
-0.5338851,-0.5338851
3.8382477,3.8382477
-1.0309997,-1.0309997
2.390049,2.390049
-0.3257871,-0.3257871
-2.8107072,-2.8107072
0.0854168,0.0854168
14.4458395,-10.0
1.0131561,1.0131561
5.587901,5.587901
-1.255931,-1.255931
-0.5220962,-0.5220962
-0.0898087,-0.0898087
-1.4936686,-1.4936686
-0.0595365,-0.0595365
0.6353664,0.6353664
12.669271,-10.0
15.451138,-10.0
-1.2177436,-1.2177436
0.9597835,0.9597835
5.3319163,5.3319163
0.4626689,0.4626689
3.8837176,3.8837176
1.1678815,1.1678815
-1.3170386,-1.3170386
1.5790854,1.5790854
15.9395081,-10.0
2.5068247,2.5068247
7.0815696,7.0815696
0.2377376,0.2377376
0.9715724,0.9715724
1.4038599,1.4038599
1.4936686,1.4936686
0.6633497,0.6633497
0.4566042,0.4566042
0.9798852,0.9798852
0.2107932,0.2107932
0.566358,0.566358
1.3883532,1.3883532
-0.2774924,-0.2774924
13.5956506,-10.0
-0.4051126,-0.4051126
-1.159638,-1.159638
-0.2087653,-0.2087653
15.673427,-10.0
0.3140459,0.3140459
8.5324822,8.5324822
-1.1408812,-1.1408812
-1.2713942,-1.2713942
-0.2028808,-0.2028808
2.6914317,2.6914317
1.124995,1.124995
-0.6633497,-0.6633497
-0.2067455,-0.2067455
0.3165355,0.3165355
-0.4525565,-0.4525565
-0.0969917,-0.0969917
0.7250035,0.7250035
-0.9408421,-0.9408421
12.9323009,-10.0
-1.0684623,-1.0684623
-1.8229877,-1.8229877
-0.872115,-0.872115
15.0100773,-10.0
-0.3493038,-0.3493038
7.8691325,7.8691325
-1.8042309,-1.8042309
-1.9347439,-1.9347439
-0.8662305,-0.8662305
2.028082,2.028082
0.4616453,0.4616453
-0.4566042,-0.4566042
0.2067455,0.2067455
0.523281,0.523281
-0.245811,-0.245811
0.1097538,0.1097538
0.931749,0.931749
-0.7340966,-0.7340966
13.1390464,-10.0
-0.8617168,-0.8617168
-1.6162422,-1.6162422
-0.6653695,-0.6653695
15.2168228,-10.0
-0.1425583,-0.1425583
8.075878,8.075878
-1.5974854,-1.5974854
-1.7279984,-1.7279984
-0.659485,-0.659485
2.2348275,2.2348275
0.6683908,0.6683908
-0.9798852,-0.9798852
-0.3165355,-0.3165355
-0.523281,-0.523281
-0.769092,-0.769092
-0.4135272,-0.4135272
0.408468,0.408468
-1.2573776,-1.2573776
12.6157654,-10.0
-1.3849978,-1.3849978
-2.1395232,-2.1395232
-1.1886505,-1.1886505
14.6935418,-10.0
-0.6658393,-0.6658393
7.552597,7.552597
-2.1207664,-2.1207664
-2.2512794,-2.2512794
-1.182766,-1.182766
1.7115465,1.7115465
0.1451098,0.1451098
-0.2107932,-0.2107932
0.4525565,0.4525565
0.245811,0.245811
0.769092,0.769092
0.3555648,0.3555648
1.17756,1.17756
-0.4882856,-0.4882856
13.3848574,-10.0
-0.6159058,-0.6159058
-1.3704312,-1.3704312
-0.4195585,-0.4195585
15.4626338,-10.0
0.1032527,0.1032527
8.321689,8.321689
-1.3516744,-1.3516744
-1.4821874,-1.4821874
-0.413674,-0.413674
2.4806385,2.4806385
0.9142018,0.9142018
-0.566358,-0.566358
0.0969917,0.0969917
-0.1097538,-0.1097538
0.4135272,0.4135272
-0.3555648,-0.3555648
0.8219952,0.8219952
-0.8438504,-0.8438504
13.0292926,-10.0
-0.9714706,-0.9714706
-1.725996,-1.725996
-0.7751233,-0.7751233
15.107069,-10.0
-0.2523121,-0.2523121
7.9661242,7.9661242
-1.7072392,-1.7072392
-1.8377522,-1.8377522
-0.7692388,-0.7692388
2.1250737,2.1250737
0.558637,0.558637
-1.3883532,-1.3883532
-0.7250035,-0.7250035
-0.931749,-0.931749
-0.408468,-0.408468
-1.17756,-1.17756
-0.8219952,-0.8219952
-1.6658456,-1.6658456
12.2072974,-10.0
-1.7934658,-1.7934658
-2.5479912,-2.5479912
-1.5971185,-1.5971185
14.2850738,-10.0
-1.0743073,-1.0743073
7.144129,7.144129
-2.5292344,-2.5292344
-2.6597474,-2.6597474
-1.591234,-1.591234
1.3030785,1.3030785
-0.2633582,-0.2633582
0.2774924,0.2774924
0.9408421,0.9408421
0.7340966,0.7340966
1.2573776,1.2573776
0.4882856,0.4882856
0.8438504,0.8438504
1.6658456,1.6658456
13.873143,-10.0
-0.1276202,-0.1276202
-0.8821456,-0.8821456
0.0687271,0.0687271
15.9509194,-10.0
0.5915383,0.5915383
8.8099746,8.8099746
-0.8633888,-0.8633888
-0.9939018,-0.9939018
0.0746116,0.0746116
2.9689241,2.9689241
1.4024874,1.4024874
-13.5956506,-10.0
-12.9323009,-10.0
-13.1390464,-10.0
-12.6157654,-10.0
-13.3848574,-10.0
-13.0292926,-10.0
-12.2072974,-10.0
-13.873143,-10.0
-14.0007632,-10.0
-14.7552886,-10.0
-13.8044159,-10.0
2.0777764,2.0777764
-13.2816047,-10.0
-5.0631684,-5.0631684
-14.7365318,-10.0
-14.8670448,-10.0
-13.7985314,-10.0
-10.9042189,-10.0
-12.4706556,-10.0
0.4051126,0.4051126
1.0684623,1.0684623
0.8617168,0.8617168
1.3849978,1.3849978
0.6159058,0.6159058
0.9714706,0.9714706
1.7934658,1.7934658
0.1276202,0.1276202
14.0007632,-10.0
-0.7545254,-0.7545254
0.1963473,0.1963473
16.0785396,-10.0
0.7191585,0.7191585
8.9375948,8.9375948
-0.7357686,-0.7357686
-0.8662816,-0.8662816
0.2022318,0.2022318
3.0965443,3.0965443
1.5301076,1.5301076
1.159638,1.159638
1.8229877,1.8229877
1.6162422,1.6162422
2.1395232,2.1395232
1.3704312,1.3704312
1.725996,1.725996
2.5479912,2.5479912
0.8821456,0.8821456
14.7552886,-10.0
0.7545254,0.7545254
0.9508727,0.9508727
16.833065,-10.0
1.4736839,1.4736839
9.6921202,9.6921202
0.0187568,0.0187568
-0.1117562,-0.1117562
0.9567572,0.9567572
3.8510697,3.8510697
2.284633,2.284633
0.2087653,0.2087653
0.872115,0.872115
0.6653695,0.6653695
1.1886505,1.1886505
0.4195585,0.4195585
0.7751233,0.7751233
1.5971185,1.5971185
-0.0687271,-0.0687271
13.8044159,-10.0
-0.1963473,-0.1963473
-0.9508727,-0.9508727
15.8821923,-10.0
0.5228112,0.5228112
8.7412475,8.7412475
-0.9321159,-0.9321159
-1.0626289,-1.0626289
0.0058845,0.0058845
2.900197,2.900197
1.3337603,1.3337603
-15.673427,-10.0
-15.0100773,-10.0
-15.2168228,-10.0
-14.6935418,-10.0
-15.4626338,-10.0
-15.107069,-10.0
-14.2850738,-10.0
-15.9509194,-10.0
-2.0777764,-2.0777764
-16.0785396,-10.0
-16.833065,-10.0
-15.8821923,-10.0
-15.3593811,-10.0
-7.1409448,-7.1409448
-16.8143082,-10.0
-16.9448212,-10.0
-15.8763078,-10.0
-12.9819953,-10.0
-14.548432,-10.0
-0.3140459,-0.3140459
0.3493038,0.3493038
0.1425583,0.1425583
0.6658393,0.6658393
-0.1032527,-0.1032527
0.2523121,0.2523121
1.0743073,1.0743073
-0.5915383,-0.5915383
13.2816047,-10.0
-0.7191585,-0.7191585
-1.4736839,-1.4736839
-0.5228112,-0.5228112
15.3593811,-10.0
8.2184363,8.2184363
-1.4549271,-1.4549271
-1.5854401,-1.5854401
-0.5169267,-0.5169267
2.3773858,2.3773858
0.8109491,0.8109491
-8.5324822,-8.5324822
-7.8691325,-7.8691325
-8.075878,-8.075878
-7.552597,-7.552597
-8.321689,-8.321689
-7.9661242,-7.9661242
-7.144129,-7.144129
-8.8099746,-8.8099746
5.0631684,5.0631684
-8.9375948,-8.9375948
-9.6921202,-9.6921202
-8.7412475,-8.7412475
7.1409448,7.1409448
-8.2184363,-8.2184363
-9.6733634,-9.6733634
-9.8038764,-9.8038764
-8.735363,-8.735363
-5.8410505,-5.8410505
-7.4074872,-7.4074872
1.1408812,1.1408812
1.8042309,1.8042309
1.5974854,1.5974854
2.1207664,2.1207664
1.3516744,1.3516744
1.7072392,1.7072392
2.5292344,2.5292344
0.8633888,0.8633888
14.7365318,-10.0
0.7357686,0.7357686
-0.0187568,-0.0187568
0.9321159,0.9321159
16.8143082,-10.0
1.4549271,1.4549271
9.6733634,9.6733634
-0.130513,-0.130513
0.9380004,0.9380004
3.8323129,3.8323129
2.2658762,2.2658762
1.2713942,1.2713942
1.9347439,1.9347439
1.7279984,1.7279984
2.2512794,2.2512794
1.4821874,1.4821874
1.8377522,1.8377522
2.6597474,2.6597474
0.9939018,0.9939018
14.8670448,-10.0
0.8662816,0.8662816
0.1117562,0.1117562
1.0626289,1.0626289
16.9448212,-10.0
1.5854401,1.5854401
9.8038764,9.8038764
0.130513,0.130513
1.0685134,1.0685134
3.9628259,3.9628259
2.3963892,2.3963892
0.2028808,0.2028808
0.8662305,0.8662305
0.659485,0.659485
1.182766,1.182766
0.413674,0.413674
0.7692388,0.7692388
1.591234,1.591234
-0.0746116,-0.0746116
13.7985314,-10.0
-0.2022318,-0.2022318
-0.9567572,-0.9567572
-0.0058845,-0.0058845
15.8763078,-10.0
0.5169267,0.5169267
8.735363,8.735363
-0.9380004,-0.9380004
-1.0685134,-1.0685134
2.8943125,2.8943125
1.3278758,1.3278758
-2.6914317,-2.6914317
-2.028082,-2.028082
-2.2348275,-2.2348275
-1.7115465,-1.7115465
-2.4806385,-2.4806385
-2.1250737,-2.1250737
-1.3030785,-1.3030785
-2.9689241,-2.9689241
10.9042189,-10.0
-3.0965443,-3.0965443
-3.8510697,-3.8510697
-2.900197,-2.900197
12.9819953,-10.0
-2.3773858,-2.3773858
5.8410505,5.8410505
-3.8323129,-3.8323129
-3.9628259,-3.9628259
-2.8943125,-2.8943125
-1.5664367,-1.5664367
-1.124995,-1.124995
-0.4616453,-0.4616453
-0.6683908,-0.6683908
-0.1451098,-0.1451098
-0.9142018,-0.9142018
-0.558637,-0.558637
0.2633582,0.2633582
-1.4024874,-1.4024874
12.4706556,-10.0
-1.5301076,-1.5301076
-2.284633,-2.284633
-1.3337603,-1.3337603
14.548432,-10.0
-0.8109491,-0.8109491
7.4074872,7.4074872
-2.2658762,-2.2658762
-2.3963892,-2.3963892
-1.3278758,-1.3278758
1.5664367,1.5664367
1.1246957,1.1246957
3.9657501,3.9657501
3.8951899,3.8951899
-0.1479505,-0.1479505
-0.9975844,-0.9975844
1.0733965,1.0733965
2.3037292,2.3037292
3.0744445,3.0744445
0.042117,0.042117
-0.3760105,-0.3760105
1.1817135,1.1817135
5.4204475,5.4204475
2.5449535,2.5449535
3.7347354,3.7347354
-0.816259,-0.816259
0.0907727,0.0907727
2.2370162,2.2370162
-1.1116675,-1.1116675
0.3175143,0.3175143
-1.1246957,-1.1246957
2.8410544,2.8410544
2.7704942,2.7704942
-1.2726462,-1.2726462
-2.1222801,-2.1222801
-0.0512992,-0.0512992
1.1790335,1.1790335
1.9497488,1.9497488
-1.0825787,-1.0825787
-1.5007062,-1.5007062
0.0570178,0.0570178
4.2957518,4.2957518
1.4202578,1.4202578
2.6100397,2.6100397
-1.9409547,-1.9409547
-1.033923,-1.033923
1.1123205,1.1123205
-2.2363632,-2.2363632
-0.8071814,-0.8071814
-3.9657501,-3.9657501
-2.8410544,-2.8410544
-0.0705602,-0.0705602
-4.1137006,-4.1137006
-4.9633345,-4.9633345
-2.8923536,-2.8923536
-1.6620209,-1.6620209
-0.8913056,-0.8913056
-3.9236331,-3.9236331
-4.3417606,-4.3417606
-2.7840366,-2.7840366
1.4546974,1.4546974
-1.4207966,-1.4207966
-0.2310147,-0.2310147
-4.7820091,-4.7820091
-3.8749774,-3.8749774
-1.7287339,-1.7287339
-5.0774176,-5.0774176
-3.6482358,-3.6482358
-3.8951899,-3.8951899
-2.7704942,-2.7704942
0.0705602,0.0705602
-4.0431404,-4.0431404
-4.8927743,-4.8927743
-2.8217934,-2.8217934
-1.5914607,-1.5914607
-0.8207454,-0.8207454
-3.8530729,-3.8530729
-4.2712004,-4.2712004
-2.7134764,-2.7134764
1.5252576,1.5252576
-1.3502364,-1.3502364
-0.1604545,-0.1604545
-4.7114489,-4.7114489
-3.8044172,-3.8044172
-1.6581737,-1.6581737
-5.0068574,-5.0068574
-3.5776756,-3.5776756
0.1479505,0.1479505
1.2726462,1.2726462
4.1137006,4.1137006
4.0431404,4.0431404
-0.8496339,-0.8496339
1.221347,1.221347
2.4516797,2.4516797
3.222395,3.222395
0.1900675,0.1900675
-0.22806,-0.22806
1.329664,1.329664
5.568398,5.568398
2.692904,2.692904
3.8826859,3.8826859
-0.6683085,-0.6683085
0.2387232,0.2387232
2.3849667,2.3849667
-0.963717,-0.963717
0.4654648,0.4654648
0.9975844,0.9975844
2.1222801,2.1222801
4.9633345,4.9633345
4.8927743,4.8927743
0.8496339,0.8496339
2.0709809,2.0709809
3.3013136,3.3013136
4.0720289,4.0720289
1.0397014,1.0397014
0.6215739,0.6215739
2.1792979,2.1792979
6.4180319,6.4180319
3.5425379,3.5425379
4.7323198,4.7323198
0.1813254,0.1813254
1.0883571,1.0883571
3.2346006,3.2346006
-0.1140831,-0.1140831
1.3150987,1.3150987
-1.0733965,-1.0733965
0.0512992,0.0512992
2.8923536,2.8923536
2.8217934,2.8217934
-1.221347,-1.221347
-2.0709809,-2.0709809
1.2303327,1.2303327
2.001048,2.001048
-1.0312795,-1.0312795
-1.449407,-1.449407
0.108317,0.108317
4.347051,4.347051
1.471557,1.471557
2.6613389,2.6613389
-1.8896555,-1.8896555
-0.9826238,-0.9826238
1.1636197,1.1636197
-2.185064,-2.185064
-0.7558822,-0.7558822
-2.3037292,-2.3037292
-1.1790335,-1.1790335
1.6620209,1.6620209
1.5914607,1.5914607
-2.4516797,-2.4516797
-3.3013136,-3.3013136
-1.2303327,-1.2303327
0.7707153,0.7707153
-2.2616122,-2.2616122
-2.6797397,-2.6797397
-1.1220157,-1.1220157
3.1167183,3.1167183
0.2412243,0.2412243
1.4310062,1.4310062
-3.1199882,-3.1199882
-2.2129565,-2.2129565
-0.066713,-0.066713
-3.4153967,-3.4153967
-1.9862149,-1.9862149
-3.0744445,-3.0744445
-1.9497488,-1.9497488
0.8913056,0.8913056
0.8207454,0.8207454
-3.222395,-3.222395
-4.0720289,-4.0720289
-2.001048,-2.001048
-0.7707153,-0.7707153
-3.0323275,-3.0323275
-3.450455,-3.450455
-1.892731,-1.892731
2.346003,2.346003
-0.529491,-0.529491
0.6602909,0.6602909
-3.8907035,-3.8907035
-2.9836718,-2.9836718
-0.8374283,-0.8374283
-4.186112,-4.186112
-2.7569302,-2.7569302
-0.042117,-0.042117
1.0825787,1.0825787
3.9236331,3.9236331
3.8530729,3.8530729
-0.1900675,-0.1900675
-1.0397014,-1.0397014
1.0312795,1.0312795
2.2616122,2.2616122
3.0323275,3.0323275
-0.4181275,-0.4181275
1.1395965,1.1395965
5.3783305,5.3783305
2.5028365,2.5028365
3.6926184,3.6926184
-0.858376,-0.858376
0.0486557,0.0486557
2.1948992,2.1948992
-1.1537845,-1.1537845
0.2753973,0.2753973
0.3760105,0.3760105
1.5007062,1.5007062
4.3417606,4.3417606
4.2712004,4.2712004
0.22806,0.22806
-0.6215739,-0.6215739
1.449407,1.449407
2.6797397,2.6797397
3.450455,3.450455
0.4181275,0.4181275
1.557724,1.557724
5.796458,5.796458
2.920964,2.920964
4.1107459,4.1107459
-0.4402485,-0.4402485
0.4667832,0.4667832
2.6130267,2.6130267
-0.735657,-0.735657
0.6935248,0.6935248
-1.1817135,-1.1817135
-0.0570178,-0.0570178
2.7840366,2.7840366
2.7134764,2.7134764
-1.329664,-1.329664
-2.1792979,-2.1792979
-0.108317,-0.108317
1.1220157,1.1220157
1.892731,1.892731
-1.1395965,-1.1395965
-1.557724,-1.557724
4.238734,4.238734
1.36324,1.36324
2.5530219,2.5530219
-1.9979725,-1.9979725
-1.0909408,-1.0909408
1.0553027,1.0553027
-2.293381,-2.293381
-0.8641992,-0.8641992
-5.4204475,-5.4204475
-4.2957518,-4.2957518
-1.4546974,-1.4546974
-1.5252576,-1.5252576
-5.568398,-5.568398
-6.4180319,-6.4180319
-4.347051,-4.347051
-3.1167183,-3.1167183
-2.346003,-2.346003
-5.3783305,-5.3783305
-5.796458,-5.796458
-4.238734,-4.238734
-2.875494,-2.875494
-1.6857121,-1.6857121
-6.2367065,-6.2367065
-5.3296748,-5.3296748
-3.1834313,-3.1834313
-6.532115,-6.532115
-5.1029332,-5.1029332
-2.5449535,-2.5449535
-1.4202578,-1.4202578
1.4207966,1.4207966
1.3502364,1.3502364
-2.692904,-2.692904
-3.5425379,-3.5425379
-1.471557,-1.471557
-0.2412243,-0.2412243
0.529491,0.529491
-2.5028365,-2.5028365
-2.920964,-2.920964
-1.36324,-1.36324
2.875494,2.875494
1.1897819,1.1897819
-3.3612125,-3.3612125
-2.4541808,-2.4541808
-0.3079373,-0.3079373
-3.656621,-3.656621
-2.2274392,-2.2274392
-3.7347354,-3.7347354
-2.6100397,-2.6100397
0.2310147,0.2310147
0.1604545,0.1604545
-3.8826859,-3.8826859
-4.7323198,-4.7323198
-2.6613389,-2.6613389
-1.4310062,-1.4310062
-0.6602909,-0.6602909
-3.6926184,-3.6926184
-4.1107459,-4.1107459
-2.5530219,-2.5530219
1.6857121,1.6857121
-1.1897819,-1.1897819
-4.5509944,-4.5509944
-3.6439627,-3.6439627
-1.4977192,-1.4977192
-4.8464029,-4.8464029
-3.4172211,-3.4172211
0.816259,0.816259
1.9409547,1.9409547
4.7820091,4.7820091
4.7114489,4.7114489
0.6683085,0.6683085
-0.1813254,-0.1813254
1.8896555,1.8896555
3.1199882,3.1199882
3.8907035,3.8907035
0.858376,0.858376
0.4402485,0.4402485
1.9979725,1.9979725
6.2367065,6.2367065
3.3612125,3.3612125
4.5509944,4.5509944
0.9070317,0.9070317
3.0532752,3.0532752
-0.2954085,-0.2954085
1.1337733,1.1337733
-0.0907727,-0.0907727
1.033923,1.033923
3.8749774,3.8749774
3.8044172,3.8044172
-0.2387232,-0.2387232
-1.0883571,-1.0883571
0.9826238,0.9826238
2.2129565,2.2129565
2.9836718,2.9836718
-0.0486557,-0.0486557
-0.4667832,-0.4667832
1.0909408,1.0909408
5.3296748,5.3296748
2.4541808,2.4541808
3.6439627,3.6439627
-0.9070317,-0.9070317
2.1462435,2.1462435
-1.2024402,-1.2024402
0.2267416,0.2267416
-2.2370162,-2.2370162
-1.1123205,-1.1123205
1.7287339,1.7287339
1.6581737,1.6581737
-2.3849667,-2.3849667
-3.2346006,-3.2346006
-1.1636197,-1.1636197
0.066713,0.066713
0.8374283,0.8374283
-2.1948992,-2.1948992
-2.6130267,-2.6130267
-1.0553027,-1.0553027
3.1834313,3.1834313
0.3079373,0.3079373
1.4977192,1.4977192
-3.0532752,-3.0532752
-2.1462435,-2.1462435
-3.3486837,-3.3486837
-1.9195019,-1.9195019
1.1116675,1.1116675
2.2363632,2.2363632
5.0774176,5.0774176
5.0068574,5.0068574
0.963717,0.963717
0.1140831,0.1140831
2.185064,2.185064
3.4153967,3.4153967
4.186112,4.186112
1.1537845,1.1537845
0.735657,0.735657
2.293381,2.293381
6.532115,6.532115
3.656621,3.656621
4.8464029,4.8464029
0.2954085,0.2954085
1.2024402,1.2024402
3.3486837,3.3486837
1.4291818,1.4291818
-0.3175143,-0.3175143
0.8071814,0.8071814
3.6482358,3.6482358
3.5776756,3.5776756
-0.4654648,-0.4654648
-1.3150987,-1.3150987
0.7558822,0.7558822
1.9862149,1.9862149
2.7569302,2.7569302
-0.2753973,-0.2753973
-0.6935248,-0.6935248
0.8641992,0.8641992
5.1029332,5.1029332
2.2274392,2.2274392
3.4172211,3.4172211
-1.1337733,-1.1337733
-0.2267416,-0.2267416
1.9195019,1.9195019
-1.4291818,-1.4291818
1.3481737,1.3481737
15.3021452,-10.0
12.4985334,-10.0
-1.4240799,-1.4240799
1.2324436,1.2324436
10.4995528,-10.0
-1.1578551,-1.1578551
13.7468445,-10.0
-1.1696065,-1.1696065
-1.4535131,-1.4535131
3.8287888,3.8287888
8.4994822,8.4994822
14.1788784,-10.0
15.1817091,-10.0
3.3990489,3.3990489
1.7659192,1.7659192
-0.117738,-0.117738
0.0329274,0.0329274
0.3685147,0.3685147
-1.3481737,-1.3481737
13.9539715,-10.0
11.1503597,-10.0
-2.7722536,-2.7722536
-0.1157301,-0.1157301
9.1513791,9.1513791
-2.5060288,-2.5060288
12.3986708,-10.0
-2.5177802,-2.5177802
-2.8016868,-2.8016868
2.4806151,2.4806151
7.1513085,7.1513085
12.8307047,-10.0
13.8335354,-10.0
2.0508752,2.0508752
0.4177455,0.4177455
-1.4659117,-1.4659117
-1.3152463,-1.3152463
-0.979659,-0.979659
-15.3021452,-10.0
-13.9539715,-10.0
-2.8036118,-2.8036118
-16.7262251,-10.0
-14.0697016,-10.0
-4.8025924,-4.8025924
-16.4600003,-10.0
-1.5553007,-1.5553007
-16.4717517,-10.0
-16.7556583,-10.0
-11.4733564,-10.0
-6.802663,-6.802663
-1.1232668,-1.1232668
-0.1204361,-0.1204361
-11.9030963,-10.0
-13.536226,-10.0
-15.4198832,-10.0
-15.2692178,-10.0
-14.9336305,-10.0
-12.4985334,-10.0
-11.1503597,-10.0
2.8036118,2.8036118
-13.9226133,-10.0
-11.2660898,-10.0
-1.9989806,-1.9989806
-13.6563885,-10.0
1.2483111,1.2483111
-13.6681399,-10.0
-13.9520465,-10.0
-8.6697446,-8.6697446
-3.9990512,-3.9990512
1.680345,1.680345
2.6831757,2.6831757
-9.0994845,-9.0994845
-10.7326142,-10.0
-12.6162714,-10.0
-12.465606,-10.0
-12.1300187,-10.0
1.4240799,1.4240799
2.7722536,2.7722536
16.7262251,-10.0
13.9226133,-10.0
2.6565235,2.6565235
11.9236327,-10.0
0.2662248,0.2662248
15.1709244,-10.0
0.2544734,0.2544734
-0.0294332,-0.0294332
5.2528687,5.2528687
9.9235621,9.9235621
15.6029583,-10.0
16.605789,-10.0
4.8231288,4.8231288
3.1899991,3.1899991
1.3063419,1.3063419
1.4570073,1.4570073
1.7925946,1.7925946
-1.2324436,-1.2324436
0.1157301,0.1157301
14.0697016,-10.0
11.2660898,-10.0
-2.6565235,-2.6565235
9.2671092,9.2671092
-2.3902987,-2.3902987
12.5144009,-10.0
-2.4020501,-2.4020501
-2.6859567,-2.6859567
2.5963452,2.5963452
7.2670386,7.2670386
12.9464348,-10.0
13.9492655,-10.0
2.1666053,2.1666053
0.5334756,0.5334756
-1.3501816,-1.3501816
-1.1995162,-1.1995162
-0.8639289,-0.8639289
-10.4995528,-10.0
-9.1513791,-9.1513791
4.8025924,4.8025924
1.9989806,1.9989806
-11.9236327,-10.0
-9.2671092,-9.2671092
-11.6574079,-10.0
3.2472917,3.2472917
-11.6691593,-10.0
-11.9530659,-10.0
-6.670764,-6.670764
-2.0000706,-2.0000706
3.6793256,3.6793256
4.6821563,4.6821563
-7.1005039,-7.1005039
-8.7336336,-8.7336336
-10.6172908,-10.0
-10.4666254,-10.0
-10.1310381,-10.0
1.1578551,1.1578551
2.5060288,2.5060288
16.4600003,-10.0
13.6563885,-10.0
-0.2662248,-0.2662248
2.3902987,2.3902987
11.6574079,-10.0
14.9046996,-10.0
-0.0117514,-0.0117514
-0.295658,-0.295658
4.9866439,4.9866439
9.6573373,9.6573373
15.3367335,-10.0
16.3395642,-10.0
4.556904,4.556904
2.9237743,2.9237743
1.0401171,1.0401171
1.1907825,1.1907825
1.5263698,1.5263698
-13.7468445,-10.0
-12.3986708,-10.0
1.5553007,1.5553007
-1.2483111,-1.2483111
-15.1709244,-10.0
-12.5144009,-10.0
-3.2472917,-3.2472917
-14.9046996,-10.0
-14.916451,-10.0
-15.2003576,-10.0
-9.9180557,-9.9180557
-5.2473623,-5.2473623
0.4320339,0.4320339
1.4348646,1.4348646
-10.3477956,-10.0
-11.9809253,-10.0
-13.8645825,-10.0
-13.7139171,-10.0
-13.3783298,-10.0
1.1696065,1.1696065
2.5177802,2.5177802
16.4717517,-10.0
13.6681399,-10.0
-0.2544734,-0.2544734
2.4020501,2.4020501
11.6691593,-10.0
0.0117514,0.0117514
14.916451,-10.0
-0.2839066,-0.2839066
4.9983953,4.9983953
9.6690887,9.6690887
15.3484849,-10.0
16.3513156,-10.0
4.5686554,4.5686554
2.9355257,2.9355257
1.0518685,1.0518685
1.2025339,1.2025339
1.5381212,1.5381212
1.4535131,1.4535131
2.8016868,2.8016868
16.7556583,-10.0
13.9520465,-10.0
0.0294332,0.0294332
2.6859567,2.6859567
11.9530659,-10.0
0.295658,0.295658
15.2003576,-10.0
0.2839066,0.2839066
5.2823019,5.2823019
9.9529953,9.9529953
15.6323915,-10.0
16.6352222,-10.0
4.852562,4.852562
3.2194323,3.2194323
1.3357751,1.3357751
1.4864405,1.4864405
1.8220278,1.8220278
-3.8287888,-3.8287888
-2.4806151,-2.4806151
11.4733564,-10.0
8.6697446,8.6697446
-5.2528687,-5.2528687
-2.5963452,-2.5963452
6.670764,6.670764
-4.9866439,-4.9866439
9.9180557,9.9180557
-4.9983953,-4.9983953
-5.2823019,-5.2823019
4.6706934,4.6706934
10.3500896,-10.0
11.3529203,-10.0
-0.4297399,-0.4297399
-2.0628696,-2.0628696
-3.9465268,-3.9465268
-3.7958614,-3.7958614
-3.4602741,-3.4602741
-8.4994822,-8.4994822
-7.1513085,-7.1513085
6.802663,6.802663
3.9990512,3.9990512
-9.9235621,-9.9235621
-7.2670386,-7.2670386
2.0000706,2.0000706
-9.6573373,-9.6573373
5.2473623,5.2473623
-9.6690887,-9.6690887
-9.9529953,-9.9529953
-4.6706934,-4.6706934
5.6793962,5.6793962
6.6822269,6.6822269
-5.1004333,-5.1004333
-6.733563,-6.733563
-8.6172202,-8.6172202
-8.4665548,-8.4665548
-8.1309675,-8.1309675
-14.1788784,-10.0
-12.8307047,-10.0
1.1232668,1.1232668
-1.680345,-1.680345
-15.6029583,-10.0
-12.9464348,-10.0
-3.6793256,-3.6793256
-15.3367335,-10.0
-0.4320339,-0.4320339
-15.3484849,-10.0
-15.6323915,-10.0
-10.3500896,-10.0
-5.6793962,-5.6793962
1.0028307,1.0028307
-10.7798295,-10.0
-12.4129592,-10.0
-14.2966164,-10.0
-14.145951,-10.0
-13.8103637,-10.0
-15.1817091,-10.0
-13.8335354,-10.0
0.1204361,0.1204361
-2.6831757,-2.6831757
-16.605789,-10.0
-13.9492655,-10.0
-4.6821563,-4.6821563
-16.3395642,-10.0
-1.4348646,-1.4348646
-16.3513156,-10.0
-16.6352222,-10.0
-11.3529203,-10.0
-6.6822269,-6.6822269
-1.0028307,-1.0028307
-11.7826602,-10.0
-13.4157899,-10.0
-15.2994471,-10.0
-15.1487817,-10.0
-14.8131944,-10.0
-3.3990489,-3.3990489
-2.0508752,-2.0508752
11.9030963,-10.0
9.0994845,9.0994845
-4.8231288,-4.8231288
-2.1666053,-2.1666053
7.1005039,7.1005039
-4.556904,-4.556904
10.3477956,-10.0
-4.5686554,-4.5686554
-4.852562,-4.852562
0.4297399,0.4297399
5.1004333,5.1004333
10.7798295,-10.0
11.7826602,-10.0
-1.6331297,-1.6331297
-3.5167869,-3.5167869
-3.3661215,-3.3661215
-3.0305342,-3.0305342
-1.7659192,-1.7659192
-0.4177455,-0.4177455
13.536226,-10.0
10.7326142,-10.0
-3.1899991,-3.1899991
-0.5334756,-0.5334756
8.7336336,8.7336336
-2.9237743,-2.9237743
11.9809253,-10.0
-2.9355257,-2.9355257
-3.2194323,-3.2194323
2.0628696,2.0628696
6.733563,6.733563
12.4129592,-10.0
13.4157899,-10.0
1.6331297,1.6331297
-1.8836572,-1.8836572
-1.7329918,-1.7329918
-1.3974045,-1.3974045
0.117738,0.117738
1.4659117,1.4659117
15.4198832,-10.0
12.6162714,-10.0
-1.3063419,-1.3063419
1.3501816,1.3501816
10.6172908,-10.0
-1.0401171,-1.0401171
13.8645825,-10.0
-1.0518685,-1.0518685
-1.3357751,-1.3357751
3.9465268,3.9465268
8.6172202,8.6172202
14.2966164,-10.0
15.2994471,-10.0
3.5167869,3.5167869
1.8836572,1.8836572
0.1506654,0.1506654
0.4862527,0.4862527
-0.0329274,-0.0329274
1.3152463,1.3152463
15.2692178,-10.0
12.465606,-10.0
-1.4570073,-1.4570073
1.1995162,1.1995162
10.4666254,-10.0
-1.1907825,-1.1907825
13.7139171,-10.0
-1.2025339,-1.2025339
-1.4864405,-1.4864405
3.7958614,3.7958614
8.4665548,8.4665548
14.145951,-10.0
15.1487817,-10.0
3.3661215,3.3661215
1.7329918,1.7329918
-0.1506654,-0.1506654
0.3355873,0.3355873
-0.3685147,-0.3685147
0.979659,0.979659
14.9336305,-10.0
12.1300187,-10.0
-1.7925946,-1.7925946
0.8639289,0.8639289
10.1310381,-10.0
-1.5263698,-1.5263698
13.3783298,-10.0
-1.5381212,-1.5381212
-1.8220278,-1.8220278
3.4602741,3.4602741
8.1309675,8.1309675
13.8103637,-10.0
14.8131944,-10.0
3.0305342,3.0305342
1.3974045,1.3974045
-0.4862527,-0.4862527
-0.3355873,-0.3355873
10.2320752,-10.0
16.2147606,-10.0
15.424636,-10.0
-1.5790377,-1.5790377
-2.0349605,-2.0349605
14.9033591,-10.0
1.3929635,1.3929635
14.4092132,-10.0
3.666939,3.666939
-0.422932,-0.422932
1.5669627,1.5669627
3.1044185,3.1044185
14.0677256,-10.0
14.126665,-10.0
0.184388,0.184388
1.4695775,1.4695775
1.352629,1.352629
0.7871911,0.7871911
-0.0105544,-0.0105544
-10.2320752,-10.0
5.9826854,5.9826854
5.1925608,5.1925608
-11.8111129,-10.0
-12.2670357,-10.0
4.6712839,4.6712839
-8.8391117,-8.8391117
4.177138,4.177138
-6.5651362,-6.5651362
-10.6550072,-10.0
-8.6651125,-8.6651125
-7.1276567,-7.1276567
3.8356504,3.8356504
3.8945898,3.8945898
-10.0476872,-10.0
-8.7624977,-8.7624977
-8.8794462,-8.8794462
-9.4448841,-9.4448841
-10.2426296,-10.0
-16.2147606,-10.0
-5.9826854,-5.9826854
-0.7901246,-0.7901246
-17.7937983,-10.0
-18.2497211,-10.0
-1.3114015,-1.3114015
-14.8217971,-10.0
-1.8055474,-1.8055474
-12.5478216,-10.0
-16.6376926,-10.0
-14.6477979,-10.0
-13.1103421,-10.0
-2.147035,-2.147035
-2.0880956,-2.0880956
-16.0303726,-10.0
-14.7451831,-10.0
-14.8621316,-10.0
-15.4275695,-10.0
-16.225315,-10.0
-15.424636,-10.0
-5.1925608,-5.1925608
0.7901246,0.7901246
-17.0036737,-10.0
-17.4595965,-10.0
-0.5212769,-0.5212769
-14.0316725,-10.0
-1.0154228,-1.0154228
-11.757697,-10.0
-15.847568,-10.0
-13.8576733,-10.0
-12.3202175,-10.0
-1.3569104,-1.3569104
-1.297971,-1.297971
-15.240248,-10.0
-13.9550585,-10.0
-14.072007,-10.0
-14.6374449,-10.0
-15.4351904,-10.0
1.5790377,1.5790377
11.8111129,-10.0
17.7937983,-10.0
17.0036737,-10.0
-0.4559228,-0.4559228
16.4823968,-10.0
2.9720012,2.9720012
15.9882509,-10.0
5.2459767,5.2459767
1.1561057,1.1561057
3.1460004,3.1460004
4.6834562,4.6834562
15.6467633,-10.0
15.7057027,-10.0
1.7634257,1.7634257
3.0486152,3.0486152
2.9316667,2.9316667
2.3662288,2.3662288
1.5684833,1.5684833
2.0349605,2.0349605
12.2670357,-10.0
18.2497211,-10.0
17.4595965,-10.0
0.4559228,0.4559228
16.9383196,-10.0
3.427924,3.427924
16.4441737,-10.0
5.7018995,5.7018995
1.6120285,1.6120285
3.6019232,3.6019232
5.139379,5.139379
16.1026861,-10.0
16.1616255,-10.0
2.2193485,2.2193485
3.504538,3.504538
3.3875895,3.3875895
2.8221516,2.8221516
2.0244061,2.0244061
-14.9033591,-10.0
-4.6712839,-4.6712839
1.3114015,1.3114015
0.5212769,0.5212769
-16.4823968,-10.0
-16.9383196,-10.0
-13.5103956,-10.0
-0.4941459,-0.4941459
-11.2364201,-10.0
-15.3262911,-10.0
-13.3363964,-10.0
-11.7989406,-10.0
-0.8356335,-0.8356335
-0.7766941,-0.7766941
-14.7189711,-10.0
-13.4337816,-10.0
-13.5507301,-10.0
-14.116168,-10.0
-14.9139135,-10.0
-1.3929635,-1.3929635
8.8391117,8.8391117
14.8217971,-10.0
14.0316725,-10.0
-2.9720012,-2.9720012
-3.427924,-3.427924
13.5103956,-10.0
13.0162497,-10.0
2.2739755,2.2739755
-1.8158955,-1.8158955
0.1739992,0.1739992
1.711455,1.711455
12.6747621,-10.0
12.7337015,-10.0
-1.2085755,-1.2085755
0.076614,0.076614
-0.0403345,-0.0403345
-0.6057724,-0.6057724
-1.4035179,-1.4035179
-14.4092132,-10.0
-4.177138,-4.177138
1.8055474,1.8055474
1.0154228,1.0154228
-15.9882509,-10.0
-16.4441737,-10.0
0.4941459,0.4941459
-13.0162497,-10.0
-10.7422742,-10.0
-14.8321452,-10.0
-12.8422505,-10.0
-11.3047947,-10.0
-0.3414876,-0.3414876
-0.2825482,-0.2825482
-14.2248252,-10.0
-12.9396357,-10.0
-13.0565842,-10.0
-13.6220221,-10.0
-14.4197676,-10.0
-3.666939,-3.666939
6.5651362,6.5651362
12.5478216,-10.0
11.757697,-10.0
-5.2459767,-5.2459767
-5.7018995,-5.7018995
11.2364201,-10.0
-2.2739755,-2.2739755
10.7422742,-10.0
-4.089871,-4.089871
-2.0999763,-2.0999763
-0.5625205,-0.5625205
10.4007866,-10.0
10.459726,-10.0
-3.482551,-3.482551
-2.1973615,-2.1973615
-2.31431,-2.31431
-2.8797479,-2.8797479
-3.6774934,-3.6774934
0.422932,0.422932
10.6550072,-10.0
16.6376926,-10.0
15.847568,-10.0
-1.1561057,-1.1561057
-1.6120285,-1.6120285
15.3262911,-10.0
1.8158955,1.8158955
14.8321452,-10.0
4.089871,4.089871
1.9898947,1.9898947
3.5273505,3.5273505
14.4906576,-10.0
14.549597,-10.0
0.60732,0.60732
1.8925095,1.8925095
1.775561,1.775561
1.2101231,1.2101231
0.4123776,0.4123776
-1.5669627,-1.5669627
8.6651125,8.6651125
14.6477979,-10.0
13.8576733,-10.0
-3.1460004,-3.1460004
-3.6019232,-3.6019232
13.3363964,-10.0
-0.1739992,-0.1739992
12.8422505,-10.0
2.0999763,2.0999763
-1.9898947,-1.9898947
1.5374558,1.5374558
12.5007629,-10.0
12.5597023,-10.0
-1.3825747,-1.3825747
-0.0973852,-0.0973852
-0.2143337,-0.2143337
-0.7797716,-0.7797716
-1.5775171,-1.5775171
-3.1044185,-3.1044185
7.1276567,7.1276567
13.1103421,-10.0
12.3202175,-10.0
-4.6834562,-4.6834562
-5.139379,-5.139379
11.7989406,-10.0
-1.711455,-1.711455
11.3047947,-10.0
0.5625205,0.5625205
-3.5273505,-3.5273505
-1.5374558,-1.5374558
10.9633071,-10.0
11.0222465,-10.0
-2.9200305,-2.9200305
-1.634841,-1.634841
-1.7517895,-1.7517895
-2.3172274,-2.3172274
-3.1149729,-3.1149729
-14.0677256,-10.0
-3.8356504,-3.8356504
2.147035,2.147035
1.3569104,1.3569104
-15.6467633,-10.0
-16.1026861,-10.0
0.8356335,0.8356335
-12.6747621,-10.0
0.3414876,0.3414876
-10.4007866,-10.0
-14.4906576,-10.0
-12.5007629,-10.0
-10.9633071,-10.0
0.0589394,0.0589394
-13.8833376,-10.0
-12.5981481,-10.0
-12.7150966,-10.0
-13.2805345,-10.0
-14.07828,-10.0
-14.126665,-10.0
-3.8945898,-3.8945898
2.0880956,2.0880956
1.297971,1.297971
-15.7057027,-10.0
-16.1616255,-10.0
0.7766941,0.7766941
-12.7337015,-10.0
0.2825482,0.2825482
-10.459726,-10.0
-14.549597,-10.0
-12.5597023,-10.0
-11.0222465,-10.0
-0.0589394,-0.0589394
-13.942277,-10.0
-12.6570875,-10.0
-12.774036,-10.0
-13.3394739,-10.0
-14.1372194,-10.0
-0.184388,-0.184388
10.0476872,-10.0
16.0303726,-10.0
15.240248,-10.0
-1.7634257,-1.7634257
-2.2193485,-2.2193485
14.7189711,-10.0
1.2085755,1.2085755
14.2248252,-10.0
3.482551,3.482551
-0.60732,-0.60732
1.3825747,1.3825747
2.9200305,2.9200305
13.8833376,-10.0
13.942277,-10.0
1.2851895,1.2851895
1.168241,1.168241
0.6028031,0.6028031
-0.1949424,-0.1949424
-1.4695775,-1.4695775
8.7624977,8.7624977
14.7451831,-10.0
13.9550585,-10.0
-3.0486152,-3.0486152
-3.504538,-3.504538
13.4337816,-10.0
-0.076614,-0.076614
12.9396357,-10.0
2.1973615,2.1973615
-1.8925095,-1.8925095
0.0973852,0.0973852
1.634841,1.634841
12.5981481,-10.0
12.6570875,-10.0
-1.2851895,-1.2851895
-0.1169485,-0.1169485
-0.6823864,-0.6823864
-1.4801319,-1.4801319
-1.352629,-1.352629
8.8794462,8.8794462
14.8621316,-10.0
14.072007,-10.0
-2.9316667,-2.9316667
-3.3875895,-3.3875895
13.5507301,-10.0
0.0403345,0.0403345
13.0565842,-10.0
2.31431,2.31431
-1.775561,-1.775561
0.2143337,0.2143337
1.7517895,1.7517895
12.7150966,-10.0
12.774036,-10.0
-1.168241,-1.168241
0.1169485,0.1169485
-0.5654379,-0.5654379
-1.3631834,-1.3631834
-0.7871911,-0.7871911
9.4448841,9.4448841
15.4275695,-10.0
14.6374449,-10.0
-2.3662288,-2.3662288
-2.8221516,-2.8221516
14.116168,-10.0
0.6057724,0.6057724
13.6220221,-10.0
2.8797479,2.8797479
-1.2101231,-1.2101231
0.7797716,0.7797716
2.3172274,2.3172274
13.2805345,-10.0
13.3394739,-10.0
-0.6028031,-0.6028031
0.6823864,0.6823864
0.5654379,0.5654379
-0.7977455,-0.7977455
0.0105544,0.0105544
10.2426296,-10.0
16.225315,-10.0
15.4351904,-10.0
-1.5684833,-1.5684833
-2.0244061,-2.0244061
14.9139135,-10.0
1.4035179,1.4035179
14.4197676,-10.0
3.6774934,3.6774934
-0.4123776,-0.4123776
1.5775171,1.5775171
3.1149729,3.1149729
14.07828,-10.0
14.1372194,-10.0
0.1949424,0.1949424
1.4801319,1.4801319
1.3631834,1.3631834
0.7977455,0.7977455
1.2665027,1.2665027
0.5203258,0.5203258
1.7485093,1.7485093
-1.2865158,-1.2865158
13.4690215,-10.0
-0.268183,-0.268183
-1.6374052,-1.6374052
-0.1715615,-0.1715615
-1.9157875,-1.9157875
-2.5579417,-2.5579417
0.8849053,0.8849053
4.0200151,4.0200151
-1.0424169,-1.0424169
-1.0456577,-1.0456577
1.1818999,1.1818999
-0.524868,-0.524868
-0.3514797,-0.3514797
-1.2505249,-1.2505249
-1.4083628,-1.4083628
-1.2665027,-1.2665027
-0.7461769,-0.7461769
0.4820066,0.4820066
-2.5530185,-2.5530185
12.2025188,-10.0
-1.5346857,-1.5346857
-2.9039079,-2.9039079
-1.4380642,-1.4380642
-3.1822902,-3.1822902
-3.8244444,-3.8244444
-0.3815974,-0.3815974
2.7535124,2.7535124
-2.3089196,-2.3089196
-2.3121604,-2.3121604
-0.0846028,-0.0846028
-1.7913707,-1.7913707
-1.6179824,-1.6179824
-2.5170276,-2.5170276
-2.6748655,-2.6748655
-0.5203258,-0.5203258
0.7461769,0.7461769
1.2281835,1.2281835
-1.8068416,-1.8068416
12.9486957,-10.0
-0.7885088,-0.7885088
-2.157731,-2.157731
-0.6918873,-0.6918873
-2.4361133,-2.4361133
-3.0782675,-3.0782675
0.3645795,0.3645795
3.4996893,3.4996893
-1.5627427,-1.5627427
-1.5659835,-1.5659835
0.6615741,0.6615741
-1.0451938,-1.0451938
-0.8718055,-0.8718055
-1.7708507,-1.7708507
-1.9286886,-1.9286886
-1.7485093,-1.7485093
-0.4820066,-0.4820066
-1.2281835,-1.2281835
-3.0350251,-3.0350251
11.7205122,-10.0
-2.0166923,-2.0166923
-3.3859145,-3.3859145
-1.9200708,-1.9200708
-3.6642968,-3.6642968
-4.306451,-4.306451
-0.863604,-0.863604
2.2715058,2.2715058
-2.7909262,-2.7909262
-2.794167,-2.794167
-0.5666094,-0.5666094
-2.2733773,-2.2733773
-2.099989,-2.099989
-2.9990342,-2.9990342
-3.1568721,-3.1568721
1.2865158,1.2865158
2.5530185,2.5530185
1.8068416,1.8068416
3.0350251,3.0350251
14.7555373,-10.0
1.0183328,1.0183328
-0.3508894,-0.3508894
1.1149543,1.1149543
-0.6292717,-0.6292717
-1.2714259,-1.2714259
2.1714211,2.1714211
5.3065309,5.3065309
0.2440989,0.2440989
0.2408581,0.2408581
2.4684157,2.4684157
0.7616478,0.7616478
0.9350361,0.9350361
0.0359909,0.0359909
-0.121847,-0.121847
-13.4690215,-10.0
-12.2025188,-10.0
-12.9486957,-10.0
-11.7205122,-10.0
-14.7555373,-10.0
-13.7372045,-10.0
-15.1064267,-10.0
-13.640583,-10.0
-15.384809,-10.0
-16.0269632,-10.0
-12.5841162,-10.0
-9.4490064,-9.4490064
-14.5114384,-10.0
-14.5146792,-10.0
-12.2871216,-10.0
-13.9938895,-10.0
-13.8205012,-10.0
-14.7195464,-10.0
-14.8773843,-10.0
0.268183,0.268183
1.5346857,1.5346857
0.7885088,0.7885088
2.0166923,2.0166923
-1.0183328,-1.0183328
13.7372045,-10.0
-1.3692222,-1.3692222
0.0966215,0.0966215
-1.6476045,-1.6476045
-2.2897587,-2.2897587
1.1530883,1.1530883
4.2881981,4.2881981
-0.7742339,-0.7742339
-0.7774747,-0.7774747
1.4500829,1.4500829
-0.256685,-0.256685
-0.0832967,-0.0832967
-0.9823419,-0.9823419
-1.1401798,-1.1401798
1.6374052,1.6374052
2.9039079,2.9039079
2.157731,2.157731
3.3859145,3.3859145
0.3508894,0.3508894
15.1064267,-10.0
1.3692222,1.3692222
1.4658437,1.4658437
-0.2783823,-0.2783823
-0.9205365,-0.9205365
2.5223105,2.5223105
5.6574203,5.6574203
0.5949883,0.5949883
0.5917475,0.5917475
2.8193051,2.8193051
1.1125372,1.1125372
1.2859255,1.2859255
0.3868803,0.3868803
0.2290424,0.2290424
0.1715615,0.1715615
1.4380642,1.4380642
0.6918873,0.6918873
1.9200708,1.9200708
-1.1149543,-1.1149543
13.640583,-10.0
-0.0966215,-0.0966215
-1.4658437,-1.4658437
-1.744226,-1.744226
-2.3863802,-2.3863802
1.0564668,1.0564668
4.1915766,4.1915766
-0.8708554,-0.8708554
-0.8740962,-0.8740962
1.3534614,1.3534614
-0.3533065,-0.3533065
-0.1799182,-0.1799182
-1.0789634,-1.0789634
-1.2368013,-1.2368013
1.9157875,1.9157875
3.1822902,3.1822902
2.4361133,2.4361133
3.6642968,3.6642968
0.6292717,0.6292717
15.384809,-10.0
1.6476045,1.6476045
0.2783823,0.2783823
1.744226,1.744226
-0.6421542,-0.6421542
2.8006928,2.8006928
5.9358026,5.9358026
0.8733706,0.8733706
0.8701298,0.8701298
3.0976874,3.0976874
1.3909195,1.3909195
1.5643078,1.5643078
0.6652626,0.6652626
0.5074247,0.5074247
2.5579417,2.5579417
3.8244444,3.8244444
3.0782675,3.0782675
4.306451,4.306451
1.2714259,1.2714259
16.0269632,-10.0
2.2897587,2.2897587
0.9205365,0.9205365
2.3863802,2.3863802
0.6421542,0.6421542
3.442847,3.442847
6.5779568,6.5779568
1.5155248,1.5155248
1.512284,1.512284
3.7398416,3.7398416
2.0330737,2.0330737
2.206462,2.206462
1.3074168,1.3074168
1.1495789,1.1495789
-0.8849053,-0.8849053
0.3815974,0.3815974
-0.3645795,-0.3645795
0.863604,0.863604
-2.1714211,-2.1714211
12.5841162,-10.0
-1.1530883,-1.1530883
-2.5223105,-2.5223105
-1.0564668,-1.0564668
-2.8006928,-2.8006928
-3.442847,-3.442847
3.1351098,3.1351098
-1.9273222,-1.9273222
-1.930563,-1.930563
0.2969946,0.2969946
-1.4097733,-1.4097733
-1.236385,-1.236385
-2.1354302,-2.1354302
-2.2932681,-2.2932681
-4.0200151,-4.0200151
-2.7535124,-2.7535124
-3.4996893,-3.4996893
-2.2715058,-2.2715058
-5.3065309,-5.3065309
9.4490064,9.4490064
-4.2881981,-4.2881981
-5.6574203,-5.6574203
-4.1915766,-4.1915766
-5.9358026,-5.9358026
-6.5779568,-6.5779568
-3.1351098,-3.1351098
-5.062432,-5.062432
-5.0656728,-5.0656728
-2.8381152,-2.8381152
-4.5448831,-4.5448831
-4.3714948,-4.3714948
-5.27054,-5.27054
-5.4283779,-5.4283779
1.0424169,1.0424169
2.3089196,2.3089196
1.5627427,1.5627427
2.7909262,2.7909262
-0.2440989,-0.2440989
14.5114384,-10.0
0.7742339,0.7742339
-0.5949883,-0.5949883
0.8708554,0.8708554
-0.8733706,-0.8733706
-1.5155248,-1.5155248
1.9273222,1.9273222
5.062432,5.062432
-0.0032408,-0.0032408
2.2243168,2.2243168
0.5175489,0.5175489
0.6909372,0.6909372
-0.208108,-0.208108
-0.3659459,-0.3659459
1.0456577,1.0456577
2.3121604,2.3121604
1.5659835,1.5659835
2.794167,2.794167
-0.2408581,-0.2408581
14.5146792,-10.0
0.7774747,0.7774747
-0.5917475,-0.5917475
0.8740962,0.8740962
-0.8701298,-0.8701298
-1.512284,-1.512284
1.930563,1.930563
5.0656728,5.0656728
0.0032408,0.0032408
2.2275576,2.2275576
0.5207897,0.5207897
0.694178,0.694178
-0.2048672,-0.2048672
-0.3627051,-0.3627051
-1.1818999,-1.1818999
0.0846028,0.0846028
-0.6615741,-0.6615741
0.5666094,0.5666094
-2.4684157,-2.4684157
12.2871216,-10.0
-1.4500829,-1.4500829
-2.8193051,-2.8193051
-1.3534614,-1.3534614
-3.0976874,-3.0976874
-3.7398416,-3.7398416
-0.2969946,-0.2969946
2.8381152,2.8381152
-2.2243168,-2.2243168
-2.2275576,-2.2275576
-1.7067679,-1.7067679
-1.5333796,-1.5333796
-2.4324248,-2.4324248
-2.5902627,-2.5902627
0.524868,0.524868
1.7913707,1.7913707
1.0451938,1.0451938
2.2733773,2.2733773
-0.7616478,-0.7616478
13.9938895,-10.0
0.256685,0.256685
-1.1125372,-1.1125372
0.3533065,0.3533065
-1.3909195,-1.3909195
-2.0330737,-2.0330737
1.4097733,1.4097733
4.5448831,4.5448831
-0.5175489,-0.5175489
-0.5207897,-0.5207897
1.7067679,1.7067679
0.1733883,0.1733883
-0.7256569,-0.7256569
-0.8834948,-0.8834948
0.3514797,0.3514797
1.6179824,1.6179824
0.8718055,0.8718055
2.099989,2.099989
-0.9350361,-0.9350361
13.8205012,-10.0
0.0832967,0.0832967
-1.2859255,-1.2859255
0.1799182,0.1799182
-1.5643078,-1.5643078
-2.206462,-2.206462
1.236385,1.236385
4.3714948,4.3714948
-0.6909372,-0.6909372
-0.694178,-0.694178
1.5333796,1.5333796
-0.1733883,-0.1733883
-0.8990452,-0.8990452
-1.0568831,-1.0568831
1.2505249,1.2505249
2.5170276,2.5170276
1.7708507,1.7708507
2.9990342,2.9990342
-0.0359909,-0.0359909
14.7195464,-10.0
0.9823419,0.9823419
-0.3868803,-0.3868803
1.0789634,1.0789634
-0.6652626,-0.6652626
-1.3074168,-1.3074168
2.1354302,2.1354302
5.27054,5.27054
0.208108,0.208108
0.2048672,0.2048672
2.4324248,2.4324248
0.7256569,0.7256569
0.8990452,0.8990452
-0.1578379,-0.1578379
1.4083628,1.4083628
2.6748655,2.6748655
1.9286886,1.9286886
3.1568721,3.1568721
0.121847,0.121847
14.8773843,-10.0
1.1401798,1.1401798
-0.2290424,-0.2290424
1.2368013,1.2368013
-0.5074247,-0.5074247
-1.1495789,-1.1495789
2.2932681,2.2932681
5.4283779,5.4283779
0.3659459,0.3659459
0.3627051,0.3627051
2.5902627,2.5902627
0.8834948,0.8834948
1.0568831,1.0568831
0.1578379,0.1578379
0.6004289,0.6004289
5.170195,5.170195
11.7786274,-10.0
-0.7882415,-0.7882415
1.5407328,1.5407328
14.5543212,-10.0
-0.7232783,-0.7232783
20.1304686,-10.0
-0.0868799,-0.0868799
-2.0454081,-2.0454081
2.9977449,2.9977449
13.1195429,-10.0
13.7680669,-10.0
9.6639301,9.6639301
1.4984454,1.4984454
0.9394863,0.9394863
0.0188213,0.0188213
0.2944877,0.2944877
3.0396972,3.0396972
-0.6004289,-0.6004289
4.5697661,4.5697661
11.1781985,-10.0
-1.3886704,-1.3886704
0.9403039,0.9403039
13.9538923,-10.0
-1.3237072,-1.3237072
19.5300397,-10.0
-0.6873088,-0.6873088
-2.645837,-2.645837
2.397316,2.397316
12.519114,-10.0
13.167638,-10.0
9.0635012,9.0635012
0.8980165,0.8980165
0.3390574,0.3390574
-0.5816076,-0.5816076
-0.3059412,-0.3059412
2.4392683,2.4392683
-5.170195,-5.170195
-4.5697661,-4.5697661
6.6084324,6.6084324
-5.9584365,-5.9584365
-3.6294622,-3.6294622
9.3841262,9.3841262
-5.8934733,-5.8934733
14.9602736,-10.0
-5.2570749,-5.2570749
-7.2156031,-7.2156031
-2.1724501,-2.1724501
7.9493479,7.9493479
8.5978719,8.5978719
4.4937351,4.4937351
-3.6717496,-3.6717496
-4.2307087,-4.2307087
-5.1513737,-5.1513737
-4.8757073,-4.8757073
-2.1304978,-2.1304978
-11.7786274,-10.0
-11.1781985,-10.0
-6.6084324,-6.6084324
-12.5668689,-10.0
-10.2378946,-10.0
2.7756938,2.7756938
-12.5019057,-10.0
8.3518412,8.3518412
-11.8655073,-10.0
-13.8240355,-10.0
-8.7808825,-8.7808825
1.3409155,1.3409155
1.9894395,1.9894395
-2.1146973,-2.1146973
-10.280182,-10.0
-10.8391411,-10.0
-11.7598061,-10.0
-11.4841397,-10.0
-8.7389302,-8.7389302
0.7882415,0.7882415
1.3886704,1.3886704
5.9584365,5.9584365
12.5668689,-10.0
2.3289743,2.3289743
15.3425627,-10.0
0.0649632,0.0649632
20.9187101,-10.0
0.7013616,0.7013616
-1.2571666,-1.2571666
3.7859864,3.7859864
13.9077844,-10.0
14.5563084,-10.0
10.4521716,-10.0
2.2866869,2.2866869
1.7277278,1.7277278
0.8070628,0.8070628
1.0827292,1.0827292
3.8279387,3.8279387
-1.5407328,-1.5407328
-0.9403039,-0.9403039
3.6294622,3.6294622
10.2378946,-10.0
-2.3289743,-2.3289743
13.0135884,-10.0
-2.2640111,-2.2640111
18.5897358,-10.0
-1.6276127,-1.6276127
-3.5861409,-3.5861409
1.4570121,1.4570121
11.5788101,-10.0
12.2273341,-10.0
8.1231973,8.1231973
-0.0422874,-0.0422874
-0.6012465,-0.6012465
-1.5219115,-1.5219115
-1.2462451,-1.2462451
1.4989644,1.4989644
-14.5543212,-10.0
-13.9538923,-10.0
-9.3841262,-9.3841262
-2.7756938,-2.7756938
-15.3425627,-10.0
-13.0135884,-10.0
-15.2775995,-10.0
5.5761474,5.5761474
-14.6412011,-10.0
-16.5997293,-10.0
-11.5565763,-10.0
-1.4347783,-1.4347783
-0.7862543,-0.7862543
-4.8903911,-4.8903911
-13.0558758,-10.0
-13.6148349,-10.0
-14.5354999,-10.0
-14.2598335,-10.0
-11.514624,-10.0
0.7232783,0.7232783
1.3237072,1.3237072
5.8934733,5.8934733
12.5019057,-10.0
-0.0649632,-0.0649632
2.2640111,2.2640111
15.2775995,-10.0
20.8537469,-10.0
0.6363984,0.6363984
-1.3221298,-1.3221298
3.7210232,3.7210232
13.8428212,-10.0
14.4913452,-10.0
10.3872084,-10.0
2.2217237,2.2217237
1.6627646,1.6627646
0.7420996,0.7420996
1.017766,1.017766
3.7629755,3.7629755
-20.1304686,-10.0
-19.5300397,-10.0
-14.9602736,-10.0
-8.3518412,-8.3518412
-20.9187101,-10.0
-18.5897358,-10.0
-5.5761474,-5.5761474
-20.8537469,-10.0
-20.2173485,-10.0
-22.1758767,-10.0
-17.1327237,-10.0
-7.0109257,-7.0109257
-6.3624017,-6.3624017
-10.4665385,-10.0
-18.6320232,-10.0
-19.1909823,-10.0
-20.1116473,-10.0
-19.8359809,-10.0
-17.0907714,-10.0
0.0868799,0.0868799
0.6873088,0.6873088
5.2570749,5.2570749
11.8655073,-10.0
-0.7013616,-0.7013616
1.6276127,1.6276127
14.6412011,-10.0
-0.6363984,-0.6363984
20.2173485,-10.0
-1.9585282,-1.9585282
3.0846248,3.0846248
13.2064228,-10.0
13.8549468,-10.0
9.75081,9.75081
1.5853253,1.5853253
1.0263662,1.0263662
0.1057012,0.1057012
0.3813676,0.3813676
3.1265771,3.1265771
2.0454081,2.0454081
2.645837,2.645837
7.2156031,7.2156031
13.8240355,-10.0
1.2571666,1.2571666
3.5861409,3.5861409
16.5997293,-10.0
1.3221298,1.3221298
22.1758767,-10.0
1.9585282,1.9585282
5.043153,5.043153
15.164951,-10.0
15.813475,-10.0
11.7093382,-10.0
3.5438535,3.5438535
2.9848944,2.9848944
2.0642294,2.0642294
2.3398958,2.3398958
5.0851053,5.0851053
-2.9977449,-2.9977449
-2.397316,-2.397316
2.1724501,2.1724501
8.7808825,8.7808825
-3.7859864,-3.7859864
-1.4570121,-1.4570121
11.5565763,-10.0
-3.7210232,-3.7210232
17.1327237,-10.0
-3.0846248,-3.0846248
-5.043153,-5.043153
10.121798,-10.0
10.770322,-10.0
6.6661852,6.6661852
-1.4992995,-1.4992995
-2.0582586,-2.0582586
-2.9789236,-2.9789236
-2.7032572,-2.7032572
0.0419523,0.0419523
-13.1195429,-10.0
-12.519114,-10.0
-7.9493479,-7.9493479
-1.3409155,-1.3409155
-13.9077844,-10.0
-11.5788101,-10.0
1.4347783,1.4347783
-13.8428212,-10.0
7.0109257,7.0109257
-13.2064228,-10.0
-15.164951,-10.0
-10.121798,-10.0
0.648524,0.648524
-3.4556128,-3.4556128
-11.6210975,-10.0
-12.1800566,-10.0
-13.1007216,-10.0
-12.8250552,-10.0
-10.0798457,-10.0
-13.7680669,-10.0
-13.167638,-10.0
-8.5978719,-8.5978719
-1.9894395,-1.9894395
-14.5563084,-10.0
-12.2273341,-10.0
0.7862543,0.7862543
-14.4913452,-10.0
6.3624017,6.3624017
-13.8549468,-10.0
-15.813475,-10.0
-10.770322,-10.0
-0.648524,-0.648524
-4.1041368,-4.1041368
-12.2696215,-10.0
-12.8285806,-10.0
-13.7492456,-10.0
-13.4735792,-10.0
-10.7283697,-10.0
-9.6639301,-9.6639301
-9.0635012,-9.0635012
-4.4937351,-4.4937351
2.1146973,2.1146973
-10.4521716,-10.0
-8.1231973,-8.1231973
4.8903911,4.8903911
-10.3872084,-10.0
10.4665385,-10.0
-9.75081,-9.75081
-11.7093382,-10.0
-6.6661852,-6.6661852
3.4556128,3.4556128
4.1041368,4.1041368
-8.1654847,-8.1654847
-8.7244438,-8.7244438
-9.6451088,-9.6451088
-9.3694424,-9.3694424
-6.6242329,-6.6242329
-1.4984454,-1.4984454
-0.8980165,-0.8980165
3.6717496,3.6717496
10.280182,-10.0
-2.2866869,-2.2866869
0.0422874,0.0422874
13.0558758,-10.0
-2.2217237,-2.2217237
18.6320232,-10.0
-1.5853253,-1.5853253
-3.5438535,-3.5438535
1.4992995,1.4992995
11.6210975,-10.0
12.2696215,-10.0
8.1654847,8.1654847
-0.5589591,-0.5589591
-1.4796241,-1.4796241
-1.2039577,-1.2039577
1.5412518,1.5412518
-0.9394863,-0.9394863
-0.3390574,-0.3390574
4.2307087,4.2307087
10.8391411,-10.0
-1.7277278,-1.7277278
0.6012465,0.6012465
13.6148349,-10.0
-1.6627646,-1.6627646
19.1909823,-10.0
-1.0263662,-1.0263662
-2.9848944,-2.9848944
2.0582586,2.0582586
12.1800566,-10.0
12.8285806,-10.0
8.7244438,8.7244438
0.5589591,0.5589591
-0.920665,-0.920665
-0.6449986,-0.6449986
2.1002109,2.1002109
-0.0188213,-0.0188213
0.5816076,0.5816076
5.1513737,5.1513737
11.7598061,-10.0
-0.8070628,-0.8070628
1.5219115,1.5219115
14.5354999,-10.0
-0.7420996,-0.7420996
20.1116473,-10.0
-0.1057012,-0.1057012
-2.0642294,-2.0642294
2.9789236,2.9789236
13.1007216,-10.0
13.7492456,-10.0
9.6451088,9.6451088
1.4796241,1.4796241
0.920665,0.920665
0.2756664,0.2756664
3.0208759,3.0208759
-0.2944877,-0.2944877
0.3059412,0.3059412
4.8757073,4.8757073
11.4841397,-10.0
-1.0827292,-1.0827292
1.2462451,1.2462451
14.2598335,-10.0
-1.017766,-1.017766
19.8359809,-10.0
-0.3813676,-0.3813676
-2.3398958,-2.3398958
2.7032572,2.7032572
12.8250552,-10.0
13.4735792,-10.0
9.3694424,9.3694424
1.2039577,1.2039577
0.6449986,0.6449986
-0.2756664,-0.2756664
2.7452095,2.7452095
-3.0396972,-3.0396972
-2.4392683,-2.4392683
2.1304978,2.1304978
8.7389302,8.7389302
-3.8279387,-3.8279387
-1.4989644,-1.4989644
11.514624,-10.0
-3.7629755,-3.7629755
17.0907714,-10.0
-3.1265771,-3.1265771
-5.0851053,-5.0851053
-0.0419523,-0.0419523
10.0798457,-10.0
10.7283697,-10.0
6.6242329,6.6242329
-1.5412518,-1.5412518
-2.1002109,-2.1002109
-3.0208759,-3.0208759
-2.7452095,-2.7452095
-0.5885908,-0.5885908
9.5760518,9.5760518
14.2679336,-10.0
-1.3819248,-1.3819248
1.1999195,1.1999195
14.2831576,-10.0
-2.1174869,-2.1174869
4.0045398,4.0045398
-1.5520045,-1.5520045
-1.6162353,-1.6162353
-0.414962,-0.414962
5.5493629,5.5493629
12.8062246,-10.0
7.1908894,7.1908894
2.8382908,2.8382908
0.5193867,0.5193867
-0.9833997,-0.9833997
6.9944262,6.9944262
18.061647,-10.0
0.5885908,0.5885908
10.1646426,-10.0
14.8565244,-10.0
-0.793334,-0.793334
1.7885103,1.7885103
14.8717484,-10.0
-1.5288961,-1.5288961
4.5931306,4.5931306
-0.9634137,-0.9634137
-1.0276445,-1.0276445
0.1736288,0.1736288
6.1379537,6.1379537
13.3948154,-10.0
7.7794802,7.7794802
3.4268816,3.4268816
1.1079775,1.1079775
-0.3948089,-0.3948089
7.583017,7.583017
18.6502378,-10.0
-9.5760518,-9.5760518
-10.1646426,-10.0
4.6918818,4.6918818
-10.9579766,-10.0
-8.3761323,-8.3761323
4.7071058,4.7071058
-11.6935387,-10.0
-5.571512,-5.571512
-11.1280563,-10.0
-11.1922871,-10.0
-9.9910138,-9.9910138
-4.0266889,-4.0266889
3.2301728,3.2301728
-2.3851624,-2.3851624
-6.737761,-6.737761
-9.0566651,-9.0566651
-10.5594515,-10.0
-2.5816256,-2.5816256
8.4855952,8.4855952
-14.2679336,-10.0
-14.8565244,-10.0
-4.6918818,-4.6918818
-15.6498584,-10.0
-13.0680141,-10.0
0.015224,0.015224
-16.3854205,-10.0
-10.2633938,-10.0
-15.8199381,-10.0
-15.8841689,-10.0
-14.6828956,-10.0
-8.7185707,-8.7185707
-1.461709,-1.461709
-7.0770442,-7.0770442
-11.4296428,-10.0
-13.7485469,-10.0
-15.2513333,-10.0
-7.2735074,-7.2735074
3.7937134,3.7937134
1.3819248,1.3819248
0.793334,0.793334
10.9579766,-10.0
15.6498584,-10.0
2.5818443,2.5818443
15.6650824,-10.0
-0.7355621,-0.7355621
5.3864646,5.3864646
-0.1700797,-0.1700797
-0.2343105,-0.2343105
0.9669628,0.9669628
6.9312877,6.9312877
14.1881494,-10.0
8.5728142,8.5728142
4.2202156,4.2202156
1.9013115,1.9013115
0.3985251,0.3985251
8.376351,8.376351
19.4435718,-10.0
-1.1999195,-1.1999195
-1.7885103,-1.7885103
8.3761323,8.3761323
13.0680141,-10.0
-2.5818443,-2.5818443
13.0832381,-10.0
-3.3174064,-3.3174064
2.8046203,2.8046203
-2.751924,-2.751924
-2.8161548,-2.8161548
-1.6148815,-1.6148815
4.3494434,4.3494434
11.6063051,-10.0
5.9909699,5.9909699
1.6383713,1.6383713
-0.6805328,-0.6805328
-2.1833192,-2.1833192
5.7945067,5.7945067
16.8617275,-10.0
-14.2831576,-10.0
-14.8717484,-10.0
-4.7071058,-4.7071058
-0.015224,-0.015224
-15.6650824,-10.0
-13.0832381,-10.0
-16.4006445,-10.0
-10.2786178,-10.0
-15.8351621,-10.0
-15.8993929,-10.0
-14.6981196,-10.0
-8.7337947,-8.7337947
-1.476933,-1.476933
-7.0922682,-7.0922682
-11.4448668,-10.0
-13.7637709,-10.0
-15.2665573,-10.0
-7.2887314,-7.2887314
3.7784894,3.7784894
2.1174869,2.1174869
1.5288961,1.5288961
11.6935387,-10.0
16.3854205,-10.0
0.7355621,0.7355621
3.3174064,3.3174064
16.4006445,-10.0
6.1220267,6.1220267
0.5654824,0.5654824
0.5012516,0.5012516
1.7025249,1.7025249
7.6668498,7.6668498
14.9237115,-10.0
9.3083763,9.3083763
4.9557777,4.9557777
2.6368736,2.6368736
1.1340872,1.1340872
9.1119131,9.1119131
20.1791339,-10.0
-4.0045398,-4.0045398
-4.5931306,-4.5931306
5.571512,5.571512
10.2633938,-10.0
-5.3864646,-5.3864646
-2.8046203,-2.8046203
10.2786178,-10.0
-6.1220267,-6.1220267
-5.5565443,-5.5565443
-5.6207751,-5.6207751
-4.4195018,-4.4195018
1.5448231,1.5448231
8.8016848,8.8016848
3.1863496,3.1863496
-1.166249,-1.166249
-3.4851531,-3.4851531
-4.9879395,-4.9879395
2.9898864,2.9898864
14.0571072,-10.0
1.5520045,1.5520045
0.9634137,0.9634137
11.1280563,-10.0
15.8199381,-10.0
0.1700797,0.1700797
2.751924,2.751924
15.8351621,-10.0
-0.5654824,-0.5654824
5.5565443,5.5565443
-0.0642308,-0.0642308
1.1370425,1.1370425
7.1013674,7.1013674
14.3582291,-10.0
8.7428939,8.7428939
4.3902953,4.3902953
2.0713912,2.0713912
0.5686048,0.5686048
8.5464307,8.5464307
19.6136515,-10.0
1.6162353,1.6162353
1.0276445,1.0276445
11.1922871,-10.0
15.8841689,-10.0
0.2343105,0.2343105
2.8161548,2.8161548
15.8993929,-10.0
-0.5012516,-0.5012516
5.6207751,5.6207751
0.0642308,0.0642308
1.2012733,1.2012733
7.1655982,7.1655982
14.4224599,-10.0
8.8071247,8.8071247
4.4545261,4.4545261
2.135622,2.135622
0.6328356,0.6328356
8.6106615,8.6106615
19.6778823,-10.0
0.414962,0.414962
-0.1736288,-0.1736288
9.9910138,9.9910138
14.6828956,-10.0
-0.9669628,-0.9669628
1.6148815,1.6148815
14.6981196,-10.0
-1.7025249,-1.7025249
4.4195018,4.4195018
-1.1370425,-1.1370425
-1.2012733,-1.2012733
5.9643249,5.9643249
13.2211866,-10.0
7.6058514,7.6058514
3.2532528,3.2532528
0.9343487,0.9343487
-0.5684377,-0.5684377
7.4093882,7.4093882
18.476609,-10.0
-5.5493629,-5.5493629
-6.1379537,-6.1379537
4.0266889,4.0266889
8.7185707,8.7185707
-6.9312877,-6.9312877
-4.3494434,-4.3494434
8.7337947,8.7337947
-7.6668498,-7.6668498
-1.5448231,-1.5448231
-7.1013674,-7.1013674
-7.1655982,-7.1655982
-5.9643249,-5.9643249
7.2568617,7.2568617
1.6415265,1.6415265
-2.7110721,-2.7110721
-5.0299762,-5.0299762
-6.5327626,-6.5327626
1.4450633,1.4450633
12.5122841,-10.0
-12.8062246,-10.0
-13.3948154,-10.0
-3.2301728,-3.2301728
1.461709,1.461709
-14.1881494,-10.0
-11.6063051,-10.0
1.476933,1.476933
-14.9237115,-10.0
-8.8016848,-8.8016848
-14.3582291,-10.0
-14.4224599,-10.0
-13.2211866,-10.0
-7.2568617,-7.2568617
-5.6153352,-5.6153352
-9.9679338,-9.9679338
-12.2868379,-10.0
-13.7896243,-10.0
-5.8117984,-5.8117984
5.2554224,5.2554224
-7.1908894,-7.1908894
-7.7794802,-7.7794802
2.3851624,2.3851624
7.0770442,7.0770442
-8.5728142,-8.5728142
-5.9909699,-5.9909699
7.0922682,7.0922682
-9.3083763,-9.3083763
-3.1863496,-3.1863496
-8.7428939,-8.7428939
-8.8071247,-8.8071247
-7.6058514,-7.6058514
-1.6415265,-1.6415265
5.6153352,5.6153352
-4.3525986,-4.3525986
-6.6715027,-6.6715027
-8.1742891,-8.1742891
-0.1964632,-0.1964632
10.8707576,-10.0
-2.8382908,-2.8382908
-3.4268816,-3.4268816
6.737761,6.737761
11.4296428,-10.0
-4.2202156,-4.2202156
-1.6383713,-1.6383713
11.4448668,-10.0
-4.9557777,-4.9557777
1.166249,1.166249
-4.3902953,-4.3902953
-4.4545261,-4.4545261
-3.2532528,-3.2532528
2.7110721,2.7110721
9.9679338,9.9679338
4.3525986,4.3525986
-2.3189041,-2.3189041
-3.8216905,-3.8216905
4.1561354,4.1561354
15.2233562,-10.0
-0.5193867,-0.5193867
-1.1079775,-1.1079775
9.0566651,9.0566651
13.7485469,-10.0
-1.9013115,-1.9013115
0.6805328,0.6805328
13.7637709,-10.0
-2.6368736,-2.6368736
3.4851531,3.4851531
-2.0713912,-2.0713912
-2.135622,-2.135622
-0.9343487,-0.9343487
5.0299762,5.0299762
12.2868379,-10.0
6.6715027,6.6715027
2.3189041,2.3189041
-1.5027864,-1.5027864
6.4750395,6.4750395
17.5422603,-10.0
0.9833997,0.9833997
0.3948089,0.3948089
10.5594515,-10.0
15.2513333,-10.0
-0.3985251,-0.3985251
2.1833192,2.1833192
15.2665573,-10.0
-1.1340872,-1.1340872
4.9879395,4.9879395
-0.5686048,-0.5686048
-0.6328356,-0.6328356
0.5684377,0.5684377
6.5327626,6.5327626
13.7896243,-10.0
8.1742891,8.1742891
3.8216905,3.8216905
1.5027864,1.5027864
7.9778259,7.9778259
19.0450467,-10.0
-6.9944262,-6.9944262
-7.583017,-7.583017
2.5816256,2.5816256
7.2735074,7.2735074
-8.376351,-8.376351
-5.7945067,-5.7945067
7.2887314,7.2887314
-9.1119131,-9.1119131
-2.9898864,-2.9898864
-8.5464307,-8.5464307
-8.6106615,-8.6106615
-7.4093882,-7.4093882
-1.4450633,-1.4450633
5.8117984,5.8117984
0.1964632,0.1964632
-4.1561354,-4.1561354
-6.4750395,-6.4750395
-7.9778259,-7.9778259
11.0672208,-10.0
-18.061647,-10.0
-18.6502378,-10.0
-8.4855952,-8.4855952
-3.7937134,-3.7937134
-19.4435718,-10.0
-16.8617275,-10.0
-3.7784894,-3.7784894
-20.1791339,-10.0
-14.0571072,-10.0
-19.6136515,-10.0
-19.6778823,-10.0
-18.476609,-10.0
-12.5122841,-10.0
-5.2554224,-5.2554224
-10.8707576,-10.0
-15.2233562,-10.0
-17.5422603,-10.0
-19.0450467,-10.0
-11.0672208,-10.0
0.9663951,0.9663951
16.5410499,-10.0
15.9920618,-10.0
17.0157395,-10.0
-0.4409306,-0.4409306
13.6907978,-10.0
0.2450072,0.2450072
1.7099871,1.7099871
17.1783193,-10.0
1.6377494,1.6377494
14.8688822,-10.0
16.9254255,-10.0
13.719624,-10.0
16.3194294,-10.0
0.2501718,0.2501718
2.1069192,2.1069192
2.1477337,2.1477337
15.190477,-10.0
15.3412531,-10.0
-0.9663951,-0.9663951
15.5746548,-10.0
15.0256667,-10.0
16.0493444,-10.0
-1.4073257,-1.4073257
12.7244027,-10.0
-0.7213879,-0.7213879
0.743592,0.743592
16.2119242,-10.0
0.6713543,0.6713543
13.9024871,-10.0
15.9590304,-10.0
12.7532289,-10.0
15.3530343,-10.0
-0.7162233,-0.7162233
1.1405241,1.1405241
1.1813386,1.1813386
14.2240819,-10.0
14.374858,-10.0
-16.5410499,-10.0
-15.5746548,-10.0
-0.5489881,-0.5489881
0.4746896,0.4746896
-16.9819805,-10.0
-2.8502521,-2.8502521
-16.2960427,-10.0
-14.8310628,-10.0
0.6372694,0.6372694
-14.9033005,-10.0
-1.6721677,-1.6721677
0.3843756,0.3843756
-2.8214259,-2.8214259
-0.2216205,-0.2216205
-16.2908781,-10.0
-14.4341307,-10.0
-14.3933162,-10.0
-1.3505729,-1.3505729
-1.1997968,-1.1997968
-15.9920618,-10.0
-15.0256667,-10.0
0.5489881,0.5489881
1.0236777,1.0236777
-16.4329924,-10.0
-2.301264,-2.301264
-15.7470546,-10.0
-14.2820747,-10.0
1.1862575,1.1862575
-14.3543124,-10.0
-1.1231796,-1.1231796
0.9333637,0.9333637
-2.2724378,-2.2724378
0.3273676,0.3273676
-15.74189,-10.0
-13.8851426,-10.0
-13.8443281,-10.0
-0.8015848,-0.8015848
-0.6508087,-0.6508087
-17.0157395,-10.0
-16.0493444,-10.0
-0.4746896,-0.4746896
-1.0236777,-1.0236777
-17.4566701,-10.0
-3.3249417,-3.3249417
-16.7707323,-10.0
-15.3057524,-10.0
0.1625798,0.1625798
-15.3779901,-10.0
-2.1468573,-2.1468573
-0.090314,-0.090314
-3.2961155,-3.2961155
-0.6963101,-0.6963101
-16.7655677,-10.0
-14.9088203,-10.0
-14.8680058,-10.0
-1.8252625,-1.8252625
-1.6744864,-1.6744864
0.4409306,0.4409306
1.4073257,1.4073257
16.9819805,-10.0
16.4329924,-10.0
17.4566701,-10.0
14.1317284,-10.0
0.6859378,0.6859378
2.1509177,2.1509177
17.6192499,-10.0
2.07868,2.07868
15.3098128,-10.0
17.3663561,-10.0
14.1605546,-10.0
16.76036,-10.0
0.6911024,0.6911024
2.5478498,2.5478498
2.5886643,2.5886643
15.6314076,-10.0
15.7821837,-10.0
-13.6907978,-10.0
-12.7244027,-10.0
2.8502521,2.8502521
2.301264,2.301264
3.3249417,3.3249417
-14.1317284,-10.0
-13.4457906,-10.0
-11.9808107,-10.0
3.4875215,3.4875215
-12.0530484,-10.0
1.1780844,1.1780844
3.2346277,3.2346277
0.0288262,0.0288262
2.6286316,2.6286316
-13.440626,-10.0
-11.5838786,-10.0
-11.5430641,-10.0
1.4996792,1.4996792
1.6504553,1.6504553
-0.2450072,-0.2450072
0.7213879,0.7213879
16.2960427,-10.0
15.7470546,-10.0
16.7707323,-10.0
-0.6859378,-0.6859378
13.4457906,-10.0
1.4649799,1.4649799
16.9333121,-10.0
1.3927422,1.3927422
14.623875,-10.0
16.6804183,-10.0
13.4746168,-10.0
16.0744222,-10.0
0.0051646,0.0051646
1.861912,1.861912
1.9027265,1.9027265
14.9454698,-10.0
15.0962459,-10.0
-1.7099871,-1.7099871
-0.743592,-0.743592
14.8310628,-10.0
14.2820747,-10.0
15.3057524,-10.0
-2.1509177,-2.1509177
11.9808107,-10.0
-1.4649799,-1.4649799
15.4683322,-10.0
-0.0722377,-0.0722377
13.1588951,-10.0
15.2154384,-10.0
12.0096369,-10.0
14.6094423,-10.0
-1.4598153,-1.4598153
0.3969321,0.3969321
0.4377466,0.4377466
13.4804899,-10.0
13.631266,-10.0
-17.1783193,-10.0
-16.2119242,-10.0
-0.6372694,-0.6372694
-1.1862575,-1.1862575
-0.1625798,-0.1625798
-17.6192499,-10.0
-3.4875215,-3.4875215
-16.9333121,-10.0
-15.4683322,-10.0
-15.5405699,-10.0
-2.3094371,-2.3094371
-0.2528938,-0.2528938
-3.4586953,-3.4586953
-0.8588899,-0.8588899
-16.9281475,-10.0
-15.0714001,-10.0
-15.0305856,-10.0
-1.9878423,-1.9878423
-1.8370662,-1.8370662
-1.6377494,-1.6377494
-0.6713543,-0.6713543
14.9033005,-10.0
14.3543124,-10.0
15.3779901,-10.0
-2.07868,-2.07868
12.0530484,-10.0
-1.3927422,-1.3927422
0.0722377,0.0722377
15.5405699,-10.0
13.2311328,-10.0
15.2876761,-10.0
12.0818746,-10.0
14.68168,-10.0
-1.3875776,-1.3875776
0.4691698,0.4691698
0.5099843,0.5099843
13.5527276,-10.0
13.7035037,-10.0
-14.8688822,-10.0
-13.9024871,-10.0
1.6721677,1.6721677
1.1231796,1.1231796
2.1468573,2.1468573
-15.3098128,-10.0
-1.1780844,-1.1780844
-14.623875,-10.0
-13.1588951,-10.0
2.3094371,2.3094371
-13.2311328,-10.0
2.0565433,2.0565433
-1.1492582,-1.1492582
1.4505472,1.4505472
-14.6187104,-10.0
-12.761963,-10.0
-12.7211485,-10.0
0.3215948,0.3215948
0.4723709,0.4723709
-16.9254255,-10.0
-15.9590304,-10.0
-0.3843756,-0.3843756
-0.9333637,-0.9333637
0.090314,0.090314
-17.3663561,-10.0
-3.2346277,-3.2346277
-16.6804183,-10.0
-15.2154384,-10.0
0.2528938,0.2528938
-15.2876761,-10.0
-2.0565433,-2.0565433
-3.2058015,-3.2058015
-0.6059961,-0.6059961
-16.6752537,-10.0
-14.8185063,-10.0
-14.7776918,-10.0
-1.7349485,-1.7349485
-1.5841724,-1.5841724
-13.719624,-10.0
-12.7532289,-10.0
2.8214259,2.8214259
2.2724378,2.2724378
3.2961155,3.2961155
-14.1605546,-10.0
-0.0288262,-0.0288262
-13.4746168,-10.0
-12.0096369,-10.0
3.4586953,3.4586953
-12.0818746,-10.0
1.1492582,1.1492582
3.2058015,3.2058015
2.5998054,2.5998054
-13.4694522,-10.0
-11.6127048,-10.0
-11.5718903,-10.0
1.470853,1.470853
1.6216291,1.6216291
-16.3194294,-10.0
-15.3530343,-10.0
0.2216205,0.2216205
-0.3273676,-0.3273676
0.6963101,0.6963101
-16.76036,-10.0
-2.6286316,-2.6286316
-16.0744222,-10.0
-14.6094423,-10.0
0.8588899,0.8588899
-14.68168,-10.0
-1.4505472,-1.4505472
0.6059961,0.6059961
-2.5998054,-2.5998054
-16.0692576,-10.0
-14.2125102,-10.0
-14.1716957,-10.0
-1.1289524,-1.1289524
-0.9781763,-0.9781763
-0.2501718,-0.2501718
0.7162233,0.7162233
16.2908781,-10.0
15.74189,-10.0
16.7655677,-10.0
-0.6911024,-0.6911024
13.440626,-10.0
-0.0051646,-0.0051646
1.4598153,1.4598153
16.9281475,-10.0
1.3875776,1.3875776
14.6187104,-10.0
16.6752537,-10.0
13.4694522,-10.0
16.0692576,-10.0
1.8567474,1.8567474
1.8975619,1.8975619
14.9403052,-10.0
15.0910813,-10.0
-2.1069192,-2.1069192
-1.1405241,-1.1405241
14.4341307,-10.0
13.8851426,-10.0
14.9088203,-10.0
-2.5478498,-2.5478498
11.5838786,-10.0
-1.861912,-1.861912
-0.3969321,-0.3969321
15.0714001,-10.0
-0.4691698,-0.4691698
12.761963,-10.0
14.8185063,-10.0
11.6127048,-10.0
14.2125102,-10.0
-1.8567474,-1.8567474
0.0408145,0.0408145
13.0835578,-10.0
13.2343339,-10.0
-2.1477337,-2.1477337
-1.1813386,-1.1813386
14.3933162,-10.0
13.8443281,-10.0
14.8680058,-10.0
-2.5886643,-2.5886643
11.5430641,-10.0
-1.9027265,-1.9027265
-0.4377466,-0.4377466
15.0305856,-10.0
-0.5099843,-0.5099843
12.7211485,-10.0
14.7776918,-10.0
11.5718903,-10.0
14.1716957,-10.0
-1.8975619,-1.8975619
-0.0408145,-0.0408145
13.0427433,-10.0
13.1935194,-10.0
-15.190477,-10.0
-14.2240819,-10.0
1.3505729,1.3505729
0.8015848,0.8015848
1.8252625,1.8252625
-15.6314076,-10.0
-1.4996792,-1.4996792
-14.9454698,-10.0
-13.4804899,-10.0
1.9878423,1.9878423
-13.5527276,-10.0
-0.3215948,-0.3215948
1.7349485,1.7349485
-1.470853,-1.470853
1.1289524,1.1289524
-14.9403052,-10.0
-13.0835578,-10.0
-13.0427433,-10.0
0.1507761,0.1507761
-15.3412531,-10.0
-14.374858,-10.0
1.1997968,1.1997968
0.6508087,0.6508087
1.6744864,1.6744864
-15.7821837,-10.0
-1.6504553,-1.6504553
-15.0962459,-10.0
-13.631266,-10.0
1.8370662,1.8370662
-13.7035037,-10.0
-0.4723709,-0.4723709
1.5841724,1.5841724
-1.6216291,-1.6216291
0.9781763,0.9781763
-15.0910813,-10.0
-13.2343339,-10.0
-13.1935194,-10.0
-0.1507761,-0.1507761
0.4010373,0.4010373
15.7245041,-10.0
16.3619413,-10.0
2.391198,2.391198
1.7520405,1.7520405
15.3117038,-10.0
0.4621471,0.4621471
14.7273217,-10.0
2.2172999,2.2172999
1.6466226,1.6466226
-0.0091529,-0.0091529
4.370148,4.370148
15.5548926,-10.0
17.0630419,-10.0
0.39838,0.39838
0.5722481,0.5722481
1.6831894,1.6831894
5.1283538,5.1283538
2.5544933,2.5544933
-0.4010373,-0.4010373
15.3234668,-10.0
15.960904,-10.0
1.9901607,1.9901607
1.3510032,1.3510032
14.9106665,-10.0
0.0611098,0.0611098
14.3262844,-10.0
1.8162626,1.8162626
1.2455853,1.2455853
-0.4101902,-0.4101902
3.9691107,3.9691107
15.1538553,-10.0
16.6620046,-10.0
-0.0026573,-0.0026573
0.1712108,0.1712108
1.2821521,1.2821521
4.7273165,4.7273165
2.153456,2.153456
-15.7245041,-10.0
-15.3234668,-10.0
0.6374372,0.6374372
-13.3333061,-10.0
-13.9724636,-10.0
-0.4128003,-0.4128003
-15.262357,-10.0
-0.9971824,-0.9971824
-13.5072042,-10.0
-14.0778815,-10.0
-15.733657,-10.0
-11.3543561,-10.0
-0.1696115,-0.1696115
1.3385378,1.3385378
-15.3261241,-10.0
-15.152256,-10.0
-14.0413147,-10.0
-10.5961503,-10.0
-13.1700108,-10.0
-16.3619413,-10.0
-15.960904,-10.0
-0.6374372,-0.6374372
-13.9707433,-10.0
-14.6099008,-10.0
-1.0502375,-1.0502375
-15.8997942,-10.0
-1.6346196,-1.6346196
-14.1446414,-10.0
-14.7153187,-10.0
-16.3710942,-10.0
-11.9917933,-10.0
-0.8070487,-0.8070487
0.7011006,0.7011006
-15.9635613,-10.0
-15.7896932,-10.0
-14.6787519,-10.0
-11.2335875,-10.0
-13.807448,-10.0
-2.391198,-2.391198
-1.9901607,-1.9901607
13.3333061,-10.0
13.9707433,-10.0
-0.6391575,-0.6391575
12.9205058,-10.0
-1.9290509,-1.9290509
12.3361237,-10.0
-0.1738981,-0.1738981
-0.7445754,-0.7445754
-2.4003509,-2.4003509
1.97895,1.97895
13.1636946,-10.0
14.6718439,-10.0
-1.992818,-1.992818
-1.8189499,-1.8189499
-0.7080086,-0.7080086
2.7371558,2.7371558
0.1632953,0.1632953
-1.7520405,-1.7520405
-1.3510032,-1.3510032
13.9724636,-10.0
14.6099008,-10.0
0.6391575,0.6391575
13.5596633,-10.0
-1.2898934,-1.2898934
12.9752812,-10.0
0.4652594,0.4652594
-0.1054179,-0.1054179
-1.7611934,-1.7611934
2.6181075,2.6181075
13.8028521,-10.0
15.3110014,-10.0
-1.3536605,-1.3536605
-1.1797924,-1.1797924
-0.0688511,-0.0688511
3.3763133,3.3763133
0.8024528,0.8024528
-15.3117038,-10.0
-14.9106665,-10.0
0.4128003,0.4128003
1.0502375,1.0502375
-12.9205058,-10.0
-13.5596633,-10.0
-14.8495567,-10.0
-0.5843821,-0.5843821
-13.0944039,-10.0
-13.6650812,-10.0
-15.3208567,-10.0
-10.9415558,-10.0
0.2431888,0.2431888
1.7513381,1.7513381
-14.9133238,-10.0
-14.7394557,-10.0
-13.6285144,-10.0
-10.18335,-10.0
-12.7572105,-10.0
-0.4621471,-0.4621471
-0.0611098,-0.0611098
15.262357,-10.0
15.8997942,-10.0
1.9290509,1.9290509
1.2898934,1.2898934
14.8495567,-10.0
14.2651746,-10.0
1.7551528,1.7551528
1.1844755,1.1844755
-0.4713,-0.4713
3.9080009,3.9080009
15.0927455,-10.0
16.6008948,-10.0
-0.0637671,-0.0637671
0.110101,0.110101
1.2210423,1.2210423
4.6662067,4.6662067
2.0923462,2.0923462
-14.7273217,-10.0
-14.3262844,-10.0
0.9971824,0.9971824
1.6346196,1.6346196
-12.3361237,-10.0
-12.9752812,-10.0
0.5843821,0.5843821
-14.2651746,-10.0
-12.5100218,-10.0
-13.0806991,-10.0
-14.7364746,-10.0
-10.3571737,-10.0
0.8275709,0.8275709
2.3357202,2.3357202
-14.3289417,-10.0
-14.1550736,-10.0
-13.0441323,-10.0
-9.5989679,-9.5989679
-12.1728284,-10.0
-2.2172999,-2.2172999
-1.8162626,-1.8162626
13.5072042,-10.0
14.1446414,-10.0
0.1738981,0.1738981
-0.4652594,-0.4652594
13.0944039,-10.0
-1.7551528,-1.7551528
12.5100218,-10.0
-0.5706773,-0.5706773
-2.2264528,-2.2264528
2.1528481,2.1528481
13.3375927,-10.0
14.845742,-10.0
-1.8189199,-1.8189199
-1.6450518,-1.6450518
-0.5341105,-0.5341105
2.9110539,2.9110539
0.3371934,0.3371934
-1.6466226,-1.6466226
-1.2455853,-1.2455853
14.0778815,-10.0
14.7153187,-10.0
0.7445754,0.7445754
0.1054179,0.1054179
13.6650812,-10.0
-1.1844755,-1.1844755
13.0806991,-10.0
0.5706773,0.5706773
-1.6557755,-1.6557755
2.7235254,2.7235254
13.90827,-10.0
15.4164193,-10.0
-1.2482426,-1.2482426
-1.0743745,-1.0743745
0.0365668,0.0365668
3.4817312,3.4817312
0.9078707,0.9078707
0.0091529,0.0091529
0.4101902,0.4101902
15.733657,-10.0
16.3710942,-10.0
2.4003509,2.4003509
1.7611934,1.7611934
15.3208567,-10.0
0.4713,0.4713
14.7364746,-10.0
2.2264528,2.2264528
1.6557755,1.6557755
4.3793009,4.3793009
15.5640455,-10.0
17.0721948,-10.0
0.4075329,0.4075329
0.581401,0.581401
1.6923423,1.6923423
5.1375067,5.1375067
2.5636462,2.5636462
-4.370148,-4.370148
-3.9691107,-3.9691107
11.3543561,-10.0
11.9917933,-10.0
-1.97895,-1.97895
-2.6181075,-2.6181075
10.9415558,-10.0
-3.9080009,-3.9080009
10.3571737,-10.0
-2.1528481,-2.1528481
-2.7235254,-2.7235254
-4.3793009,-4.3793009
11.1847446,-10.0
12.6928939,-10.0
-3.971768,-3.971768
-3.7978999,-3.7978999
-2.6869586,-2.6869586
0.7582058,0.7582058
-1.8156547,-1.8156547
-15.5548926,-10.0
-15.1538553,-10.0
0.1696115,0.1696115
0.8070487,0.8070487
-13.1636946,-10.0
-13.8028521,-10.0
-0.2431888,-0.2431888
-15.0927455,-10.0
-0.8275709,-0.8275709
-13.3375927,-10.0
-13.90827,-10.0
-15.5640455,-10.0
-11.1847446,-10.0
1.5081493,1.5081493
-15.1565126,-10.0
-14.9826445,-10.0
-13.8717032,-10.0
-10.4265388,-10.0
-13.0003993,-10.0
-17.0630419,-10.0
-16.6620046,-10.0
-1.3385378,-1.3385378
-0.7011006,-0.7011006
-14.6718439,-10.0
-15.3110014,-10.0
-1.7513381,-1.7513381
-16.6008948,-10.0
-2.3357202,-2.3357202
-14.845742,-10.0
-15.4164193,-10.0
-17.0721948,-10.0
-12.6928939,-10.0
-1.5081493,-1.5081493
-16.6646619,-10.0
-16.4907938,-10.0
-15.3798525,-10.0
-11.9346881,-10.0
-14.5085486,-10.0
-0.39838,-0.39838
0.0026573,0.0026573
15.3261241,-10.0
15.9635613,-10.0
1.992818,1.992818
1.3536605,1.3536605
14.9133238,-10.0
0.0637671,0.0637671
14.3289417,-10.0
1.8189199,1.8189199
1.2482426,1.2482426
-0.4075329,-0.4075329
3.971768,3.971768
15.1565126,-10.0
16.6646619,-10.0
0.1738681,0.1738681
1.2848094,1.2848094
4.7299738,4.7299738
2.1561133,2.1561133
-0.5722481,-0.5722481
-0.1712108,-0.1712108
15.152256,-10.0
15.7896932,-10.0
1.8189499,1.8189499
1.1797924,1.1797924
14.7394557,-10.0
-0.110101,-0.110101
14.1550736,-10.0
1.6450518,1.6450518
1.0743745,1.0743745
-0.581401,-0.581401
3.7978999,3.7978999
14.9826445,-10.0
16.4907938,-10.0
-0.1738681,-0.1738681
1.1109413,1.1109413
4.5561057,4.5561057
1.9822452,1.9822452
-1.6831894,-1.6831894
-1.2821521,-1.2821521
14.0413147,-10.0
14.6787519,-10.0
0.7080086,0.7080086
0.0688511,0.0688511
13.6285144,-10.0
-1.2210423,-1.2210423
13.0441323,-10.0
0.5341105,0.5341105
-0.0365668,-0.0365668
-1.6923423,-1.6923423
2.6869586,2.6869586
13.8717032,-10.0
15.3798525,-10.0
-1.2848094,-1.2848094
-1.1109413,-1.1109413
3.4451644,3.4451644
0.8713039,0.8713039
-5.1283538,-5.1283538
-4.7273165,-4.7273165
10.5961503,-10.0
11.2335875,-10.0
-2.7371558,-2.7371558
-3.3763133,-3.3763133
10.18335,-10.0
-4.6662067,-4.6662067
9.5989679,9.5989679
-2.9110539,-2.9110539
-3.4817312,-3.4817312
-5.1375067,-5.1375067
-0.7582058,-0.7582058
10.4265388,-10.0
11.9346881,-10.0
-4.7299738,-4.7299738
-4.5561057,-4.5561057
-3.4451644,-3.4451644
-2.5738605,-2.5738605
-2.5544933,-2.5544933
-2.153456,-2.153456
13.1700108,-10.0
13.807448,-10.0
-0.1632953,-0.1632953
-0.8024528,-0.8024528
12.7572105,-10.0
-2.0923462,-2.0923462
12.1728284,-10.0
-0.3371934,-0.3371934
-0.9078707,-0.9078707
-2.5636462,-2.5636462
1.8156547,1.8156547
13.0003993,-10.0
14.5085486,-10.0
-2.1561133,-2.1561133
-1.9822452,-1.9822452
-0.8713039,-0.8713039
2.5738605,2.5738605
0.4215349,0.4215349
14.7584303,-10.0
10.7166644,-10.0
-1.0185205,-1.0185205
0.8578232,0.8578232
1.7804501,1.7804501
-1.3744532,-1.3744532
0.8541696,0.8541696
-1.1784437,-1.1784437
-0.8806462,-0.8806462
0.7736795,0.7736795
4.2591433,4.2591433
4.1972247,4.1972247
0.8002235,0.8002235
1.4486616,1.4486616
0.154105,0.154105
-0.4762538,-0.4762538
-0.5718275,-0.5718275
-1.1204309,-1.1204309
-0.4215349,-0.4215349
14.3368954,-10.0
10.2951295,-10.0
-1.4400554,-1.4400554
0.4362883,0.4362883
1.3589152,1.3589152
-1.7959881,-1.7959881
0.4326347,0.4326347
-1.5999786,-1.5999786
-1.3021811,-1.3021811
0.3521446,0.3521446
3.8376084,3.8376084
3.7756898,3.7756898
0.3786886,0.3786886
1.0271267,1.0271267
-0.2674299,-0.2674299
-0.8977887,-0.8977887
-0.9933624,-0.9933624
-1.5419658,-1.5419658
-14.7584303,-10.0
-14.3368954,-10.0
-4.0417659,-4.0417659
-15.7769508,-10.0
-13.9006071,-10.0
-12.9779802,-10.0
-16.1328835,-10.0
-13.9042607,-10.0
-15.936874,-10.0
-15.6390765,-10.0
-13.9847508,-10.0
-10.499287,-10.0
-10.5612056,-10.0
-13.9582068,-10.0
-13.3097687,-10.0
-14.6043253,-10.0
-15.2346841,-10.0
-15.3302578,-10.0
-15.8788612,-10.0
-10.7166644,-10.0
-10.2951295,-10.0
4.0417659,4.0417659
-11.7351849,-10.0
-9.8588412,-9.8588412
-8.9362143,-8.9362143
-12.0911176,-10.0
-9.8624948,-9.8624948
-11.8951081,-10.0
-11.5973106,-10.0
-9.9429849,-9.9429849
-6.4575211,-6.4575211
-6.5194397,-6.5194397
-9.9164409,-9.9164409
-9.2680028,-9.2680028
-10.5625594,-10.0
-11.1929182,-10.0
-11.2884919,-10.0
-11.8370953,-10.0
1.0185205,1.0185205
1.4400554,1.4400554
15.7769508,-10.0
11.7351849,-10.0
1.8763437,1.8763437
2.7989706,2.7989706
-0.3559327,-0.3559327
1.8726901,1.8726901
-0.1599232,-0.1599232
0.1378743,0.1378743
1.7922,1.7922
5.2776638,5.2776638
5.2157452,5.2157452
1.818744,1.818744
2.4671821,2.4671821
1.1726255,1.1726255
0.5422667,0.5422667
0.446693,0.446693
-0.1019104,-0.1019104
-0.8578232,-0.8578232
-0.4362883,-0.4362883
13.9006071,-10.0
9.8588412,9.8588412
-1.8763437,-1.8763437
0.9226269,0.9226269
-2.2322764,-2.2322764
-0.0036536,-0.0036536
-2.0362669,-2.0362669
-1.7384694,-1.7384694
-0.0841437,-0.0841437
3.4013201,3.4013201
3.3394015,3.3394015
-0.0575997,-0.0575997
0.5908384,0.5908384
-0.7037182,-0.7037182
-1.334077,-1.334077
-1.4296507,-1.4296507
-1.9782541,-1.9782541
-1.7804501,-1.7804501
-1.3589152,-1.3589152
12.9779802,-10.0
8.9362143,8.9362143
-2.7989706,-2.7989706
-0.9226269,-0.9226269
-3.1549033,-3.1549033
-0.9262805,-0.9262805
-2.9588938,-2.9588938
-2.6610963,-2.6610963
-1.0067706,-1.0067706
2.4786932,2.4786932
2.4167746,2.4167746
-0.9802266,-0.9802266
-0.3317885,-0.3317885
-1.6263451,-1.6263451
-2.2567039,-2.2567039
-2.3522776,-2.3522776
-2.900881,-2.900881
1.3744532,1.3744532
1.7959881,1.7959881
16.1328835,-10.0
12.0911176,-10.0
0.3559327,0.3559327
2.2322764,2.2322764
3.1549033,3.1549033
2.2286228,2.2286228
0.1960095,0.1960095
0.493807,0.493807
2.1481327,2.1481327
5.6335965,5.6335965
5.5716779,5.5716779
2.1746767,2.1746767
2.8231148,2.8231148
1.5285582,1.5285582
0.8981994,0.8981994
0.8026257,0.8026257
0.2540223,0.2540223
-0.8541696,-0.8541696
-0.4326347,-0.4326347
13.9042607,-10.0
9.8624948,9.8624948
-1.8726901,-1.8726901
0.0036536,0.0036536
0.9262805,0.9262805
-2.2286228,-2.2286228
-2.0326133,-2.0326133
-1.7348158,-1.7348158
-0.0804901,-0.0804901
3.4049737,3.4049737
3.3430551,3.3430551
-0.0539461,-0.0539461
0.594492,0.594492
-0.7000646,-0.7000646
-1.3304234,-1.3304234
-1.4259971,-1.4259971
-1.9746005,-1.9746005
1.1784437,1.1784437
1.5999786,1.5999786
15.936874,-10.0
11.8951081,-10.0
0.1599232,0.1599232
2.0362669,2.0362669
2.9588938,2.9588938
-0.1960095,-0.1960095
2.0326133,2.0326133
0.2977975,0.2977975
1.9521232,1.9521232
5.437587,5.437587
5.3756684,5.3756684
1.9786672,1.9786672
2.6271053,2.6271053
1.3325487,1.3325487
0.7021899,0.7021899
0.6066162,0.6066162
0.0580128,0.0580128
0.8806462,0.8806462
1.3021811,1.3021811
15.6390765,-10.0
11.5973106,-10.0
-0.1378743,-0.1378743
1.7384694,1.7384694
2.6610963,2.6610963
-0.493807,-0.493807
1.7348158,1.7348158
-0.2977975,-0.2977975
1.6543257,1.6543257
5.1397895,5.1397895
5.0778709,5.0778709
1.6808697,1.6808697
2.3293078,2.3293078
1.0347512,1.0347512
0.4043924,0.4043924
0.3088187,0.3088187
-0.2397847,-0.2397847
-0.7736795,-0.7736795
-0.3521446,-0.3521446
13.9847508,-10.0
9.9429849,9.9429849
-1.7922,-1.7922
0.0841437,0.0841437
1.0067706,1.0067706
-2.1481327,-2.1481327
0.0804901,0.0804901
-1.9521232,-1.9521232
-1.6543257,-1.6543257
3.4854638,3.4854638
3.4235452,3.4235452
0.026544,0.026544
0.6749821,0.6749821
-0.6195745,-0.6195745
-1.2499333,-1.2499333
-1.345507,-1.345507
-1.8941104,-1.8941104
-4.2591433,-4.2591433
-3.8376084,-3.8376084
10.499287,-10.0
6.4575211,6.4575211
-5.2776638,-5.2776638
-3.4013201,-3.4013201
-2.4786932,-2.4786932
-5.6335965,-5.6335965
-3.4049737,-3.4049737
-5.437587,-5.437587
-5.1397895,-5.1397895
-3.4854638,-3.4854638
-0.0619186,-0.0619186
-3.4589198,-3.4589198
-2.8104817,-2.8104817
-4.1050383,-4.1050383
-4.7353971,-4.7353971
-4.8309708,-4.8309708
-5.3795742,-5.3795742
-4.1972247,-4.1972247
-3.7756898,-3.7756898
10.5612056,-10.0
6.5194397,6.5194397
-5.2157452,-5.2157452
-3.3394015,-3.3394015
-2.4167746,-2.4167746
-5.5716779,-5.5716779
-3.3430551,-3.3430551
-5.3756684,-5.3756684
-5.0778709,-5.0778709
-3.4235452,-3.4235452
0.0619186,0.0619186
-3.3970012,-3.3970012
-2.7485631,-2.7485631
-4.0431197,-4.0431197
-4.6734785,-4.6734785
-4.7690522,-4.7690522
-5.3176556,-5.3176556
-0.8002235,-0.8002235
-0.3786886,-0.3786886
13.9582068,-10.0
9.9164409,9.9164409
-1.818744,-1.818744
0.0575997,0.0575997
0.9802266,0.9802266
-2.1746767,-2.1746767
0.0539461,0.0539461
-1.9786672,-1.9786672
-1.6808697,-1.6808697
-0.026544,-0.026544
3.4589198,3.4589198
3.3970012,3.3970012
0.6484381,0.6484381
-0.6461185,-0.6461185
-1.2764773,-1.2764773
-1.372051,-1.372051
-1.9206544,-1.9206544
-1.4486616,-1.4486616
-1.0271267,-1.0271267
13.3097687,-10.0
9.2680028,9.2680028
-2.4671821,-2.4671821
-0.5908384,-0.5908384
0.3317885,0.3317885
-2.8231148,-2.8231148
-0.594492,-0.594492
-2.6271053,-2.6271053
-2.3293078,-2.3293078
-0.6749821,-0.6749821
2.8104817,2.8104817
2.7485631,2.7485631
-0.6484381,-0.6484381
-1.2945566,-1.2945566
-1.9249154,-1.9249154
-2.0204891,-2.0204891
-2.5690925,-2.5690925
-0.154105,-0.154105
0.2674299,0.2674299
14.6043253,-10.0
10.5625594,-10.0
-1.1726255,-1.1726255
0.7037182,0.7037182
1.6263451,1.6263451
-1.5285582,-1.5285582
0.7000646,0.7000646
-1.3325487,-1.3325487
-1.0347512,-1.0347512
0.6195745,0.6195745
4.1050383,4.1050383
4.0431197,4.0431197
0.6461185,0.6461185
1.2945566,1.2945566
-0.6303588,-0.6303588
-0.7259325,-0.7259325
-1.2745359,-1.2745359
0.4762538,0.4762538
0.8977887,0.8977887
15.2346841,-10.0
11.1929182,-10.0
-0.5422667,-0.5422667
1.334077,1.334077
2.2567039,2.2567039
-0.8981994,-0.8981994
1.3304234,1.3304234
-0.7021899,-0.7021899
-0.4043924,-0.4043924
1.2499333,1.2499333
4.7353971,4.7353971
4.6734785,4.6734785
1.2764773,1.2764773
1.9249154,1.9249154
0.6303588,0.6303588
-0.0955737,-0.0955737
-0.6441771,-0.6441771
0.5718275,0.5718275
0.9933624,0.9933624
15.3302578,-10.0
11.2884919,-10.0
-0.446693,-0.446693
1.4296507,1.4296507
2.3522776,2.3522776
-0.8026257,-0.8026257
1.4259971,1.4259971
-0.6066162,-0.6066162
-0.3088187,-0.3088187
1.345507,1.345507
4.8309708,4.8309708
4.7690522,4.7690522
1.372051,1.372051
2.0204891,2.0204891
0.7259325,0.7259325
0.0955737,0.0955737
-0.5486034,-0.5486034
1.1204309,1.1204309
1.5419658,1.5419658
15.8788612,-10.0
11.8370953,-10.0
0.1019104,0.1019104
1.9782541,1.9782541
2.900881,2.900881
-0.2540223,-0.2540223
1.9746005,1.9746005
-0.0580128,-0.0580128
0.2397847,0.2397847
1.8941104,1.8941104
5.3795742,5.3795742
5.3176556,5.3176556
1.9206544,1.9206544
2.5690925,2.5690925
1.2745359,1.2745359
0.6441771,0.6441771
0.5486034,0.5486034
-0.3564335,-0.3564335
14.8680893,-10.0
3.4288184,3.4288184
0.5775451,0.5775451
1.3130886,1.3130886
5.3224649,5.3224649
1.0958786,1.0958786
15.2530236,-10.0
0.8298508,0.8298508
-0.2755936,-0.2755936
0.1777477,0.1777477
16.5664375,-10.0
2.9619137,2.9619137
15.2906311,-10.0
0.3877243,0.3877243
0.0785501,0.0785501
1.2664044,1.2664044
1.1890098,1.1890098
2.9757772,2.9757772
0.3564335,0.3564335
15.2245228,-10.0
3.7852519,3.7852519
0.9339786,0.9339786
1.6695221,1.6695221
5.6788984,5.6788984
1.4523121,1.4523121
15.6094571,-10.0
1.1862843,1.1862843
0.0808399,0.0808399
0.5341812,0.5341812
16.922871,-10.0
3.3183472,3.3183472
15.6470646,-10.0
0.7441578,0.7441578
0.4349836,0.4349836
1.6228379,1.6228379
1.5454433,1.5454433
3.3322107,3.3322107
-14.8680893,-10.0
-15.2245228,-10.0
-11.4392709,-10.0
-14.2905442,-10.0
-13.5550007,-10.0
-9.5456244,-9.5456244
-13.7722107,-10.0
0.3849343,0.3849343
-14.0382385,-10.0
-15.1436829,-10.0
-14.6903416,-10.0
1.6983482,1.6983482
-11.9061756,-10.0
0.4225418,0.4225418
-14.480365,-10.0
-14.7895392,-10.0
-13.6016849,-10.0
-13.6790795,-10.0
-11.8923121,-10.0
-3.4288184,-3.4288184
-3.7852519,-3.7852519
11.4392709,-10.0
-2.8512733,-2.8512733
-2.1157298,-2.1157298
1.8936465,1.8936465
-2.3329398,-2.3329398
11.8242052,-10.0
-2.5989676,-2.5989676
-3.704412,-3.704412
-3.2510707,-3.2510707
13.1376191,-10.0
-0.4669047,-0.4669047
11.8618127,-10.0
-3.0410941,-3.0410941
-3.3502683,-3.3502683
-2.162414,-2.162414
-2.2398086,-2.2398086
-0.4530412,-0.4530412
-0.5775451,-0.5775451
-0.9339786,-0.9339786
14.2905442,-10.0
2.8512733,2.8512733
0.7355435,0.7355435
4.7449198,4.7449198
0.5183335,0.5183335
14.6754785,-10.0
0.2523057,0.2523057
-0.8531387,-0.8531387
-0.3997974,-0.3997974
15.9888924,-10.0
2.3843686,2.3843686
14.713086,-10.0
-0.1898208,-0.1898208
-0.498995,-0.498995
0.6888593,0.6888593
0.6114647,0.6114647
2.3982321,2.3982321
-1.3130886,-1.3130886
-1.6695221,-1.6695221
13.5550007,-10.0
2.1157298,2.1157298
-0.7355435,-0.7355435
4.0093763,4.0093763
-0.21721,-0.21721
13.939935,-10.0
-0.4832378,-0.4832378
-1.5886822,-1.5886822
-1.1353409,-1.1353409
15.2533489,-10.0
1.6488251,1.6488251
13.9775425,-10.0
-0.9253643,-0.9253643
-1.2345385,-1.2345385
-0.0466842,-0.0466842
-0.1240788,-0.1240788
1.6626886,1.6626886
-5.3224649,-5.3224649
-5.6788984,-5.6788984
9.5456244,9.5456244
-1.8936465,-1.8936465
-4.7449198,-4.7449198
-4.0093763,-4.0093763
-4.2265863,-4.2265863
9.9305587,9.9305587
-4.4926141,-4.4926141
-5.5980585,-5.5980585
-5.1447172,-5.1447172
11.2439726,-10.0
-2.3605512,-2.3605512
9.9681662,9.9681662
-4.9347406,-4.9347406
-5.2439148,-5.2439148
-4.0560605,-4.0560605
-4.1334551,-4.1334551
-2.3466877,-2.3466877
-1.0958786,-1.0958786
-1.4523121,-1.4523121
13.7722107,-10.0
2.3329398,2.3329398
-0.5183335,-0.5183335
0.21721,0.21721
4.2265863,4.2265863
14.157145,-10.0
-0.2660278,-0.2660278
-1.3714722,-1.3714722
-0.9181309,-0.9181309
15.4705589,-10.0
1.8660351,1.8660351
14.1947525,-10.0
-0.7081543,-0.7081543
-1.0173285,-1.0173285
0.1705258,0.1705258
0.0931312,0.0931312
1.8798986,1.8798986
-15.2530236,-10.0
-15.6094571,-10.0
-0.3849343,-0.3849343
-11.8242052,-10.0
-14.6754785,-10.0
-13.939935,-10.0
-9.9305587,-9.9305587
-14.157145,-10.0
-14.4231728,-10.0
-15.5286172,-10.0
-15.0752759,-10.0
1.3134139,1.3134139
-12.2911099,-10.0
0.0376075,0.0376075
-14.8652993,-10.0
-15.1744735,-10.0
-13.9866192,-10.0
-14.0640138,-10.0
-12.2772464,-10.0
-0.8298508,-0.8298508
-1.1862843,-1.1862843
14.0382385,-10.0
2.5989676,2.5989676
-0.2523057,-0.2523057
0.4832378,0.4832378
4.4926141,4.4926141
0.2660278,0.2660278
14.4231728,-10.0
-1.1054444,-1.1054444
-0.6521031,-0.6521031
15.7365867,-10.0
2.1320629,2.1320629
14.4607803,-10.0
-0.4421265,-0.4421265
-0.7513007,-0.7513007
0.4365536,0.4365536
0.359159,0.359159
2.1459264,2.1459264
0.2755936,0.2755936
-0.0808399,-0.0808399
15.1436829,-10.0
3.704412,3.704412
0.8531387,0.8531387
1.5886822,1.5886822
5.5980585,5.5980585
1.3714722,1.3714722
15.5286172,-10.0
1.1054444,1.1054444
0.4533413,0.4533413
16.8420311,-10.0
3.2375073,3.2375073
15.5662247,-10.0
0.6633179,0.6633179
0.3541437,0.3541437
1.541998,1.541998
1.4646034,1.4646034
3.2513708,3.2513708
-0.1777477,-0.1777477
-0.5341812,-0.5341812
14.6903416,-10.0
3.2510707,3.2510707
0.3997974,0.3997974
1.1353409,1.1353409
5.1447172,5.1447172
0.9181309,0.9181309
15.0752759,-10.0
0.6521031,0.6521031
-0.4533413,-0.4533413
16.3886898,-10.0
2.784166,2.784166
15.1128834,-10.0
0.2099766,0.2099766
-0.0991976,-0.0991976
1.0886567,1.0886567
1.0112621,1.0112621
2.7980295,2.7980295
-16.5664375,-10.0
-16.922871,-10.0
-1.6983482,-1.6983482
-13.1376191,-10.0
-15.9888924,-10.0
-15.2533489,-10.0
-11.2439726,-10.0
-15.4705589,-10.0
-1.3134139,-1.3134139
-15.7365867,-10.0
-16.8420311,-10.0
-16.3886898,-10.0
-13.6045238,-10.0
-1.2758064,-1.2758064
-16.1787132,-10.0
-16.4878874,-10.0
-15.3000331,-10.0
-15.3774277,-10.0
-13.5906603,-10.0
-2.9619137,-2.9619137
-3.3183472,-3.3183472
11.9061756,-10.0
0.4669047,0.4669047
-2.3843686,-2.3843686
-1.6488251,-1.6488251
2.3605512,2.3605512
-1.8660351,-1.8660351
12.2911099,-10.0
-2.1320629,-2.1320629
-3.2375073,-3.2375073
-2.784166,-2.784166
13.6045238,-10.0
12.3287174,-10.0
-2.5741894,-2.5741894
-2.8833636,-2.8833636
-1.6955093,-1.6955093
-1.7729039,-1.7729039
0.0138635,0.0138635
-15.2906311,-10.0
-15.6470646,-10.0
-0.4225418,-0.4225418
-11.8618127,-10.0
-14.713086,-10.0
-13.9775425,-10.0
-9.9681662,-9.9681662
-14.1947525,-10.0
-0.0376075,-0.0376075
-14.4607803,-10.0
-15.5662247,-10.0
-15.1128834,-10.0
1.2758064,1.2758064
-12.3287174,-10.0
-14.9029068,-10.0
-15.212081,-10.0
-14.0242267,-10.0
-14.1016213,-10.0
-12.3148539,-10.0
-0.3877243,-0.3877243
-0.7441578,-0.7441578
14.480365,-10.0
3.0410941,3.0410941
0.1898208,0.1898208
0.9253643,0.9253643
4.9347406,4.9347406
0.7081543,0.7081543
14.8652993,-10.0
0.4421265,0.4421265
-0.6633179,-0.6633179
-0.2099766,-0.2099766
16.1787132,-10.0
2.5741894,2.5741894
14.9029068,-10.0
-0.3091742,-0.3091742
0.8786801,0.8786801
0.8012855,0.8012855
2.5880529,2.5880529
-0.0785501,-0.0785501
-0.4349836,-0.4349836
14.7895392,-10.0
3.3502683,3.3502683
0.498995,0.498995
1.2345385,1.2345385
5.2439148,5.2439148
1.0173285,1.0173285
15.1744735,-10.0
0.7513007,0.7513007
-0.3541437,-0.3541437
0.0991976,0.0991976
16.4878874,-10.0
2.8833636,2.8833636
15.212081,-10.0
0.3091742,0.3091742
1.1878543,1.1878543
1.1104597,1.1104597
2.8972271,2.8972271
-1.2664044,-1.2664044
-1.6228379,-1.6228379
13.6016849,-10.0
2.162414,2.162414
-0.6888593,-0.6888593
0.0466842,0.0466842
4.0560605,4.0560605
-0.1705258,-0.1705258
13.9866192,-10.0
-0.4365536,-0.4365536
-1.541998,-1.541998
-1.0886567,-1.0886567
15.3000331,-10.0
1.6955093,1.6955093
14.0242267,-10.0
-0.8786801,-0.8786801
-1.1878543,-1.1878543
-0.0773946,-0.0773946
1.7093728,1.7093728
-1.1890098,-1.1890098
-1.5454433,-1.5454433
13.6790795,-10.0
2.2398086,2.2398086
-0.6114647,-0.6114647
0.1240788,0.1240788
4.1334551,4.1334551
-0.0931312,-0.0931312
14.0640138,-10.0
-0.359159,-0.359159
-1.4646034,-1.4646034
-1.0112621,-1.0112621
15.3774277,-10.0
1.7729039,1.7729039
14.1016213,-10.0
-0.8012855,-0.8012855
-1.1104597,-1.1104597
0.0773946,0.0773946
1.7867674,1.7867674
-2.9757772,-2.9757772
-3.3322107,-3.3322107
11.8923121,-10.0
0.4530412,0.4530412
-2.3982321,-2.3982321
-1.6626886,-1.6626886
2.3466877,2.3466877
-1.8798986,-1.8798986
12.2772464,-10.0
-2.1459264,-2.1459264
-3.2513708,-3.2513708
-2.7980295,-2.7980295
13.5906603,-10.0
-0.0138635,-0.0138635
12.3148539,-10.0
-2.5880529,-2.5880529
-2.8972271,-2.8972271
-1.7093728,-1.7093728
-1.7867674,-1.7867674
4.2591274,4.2591274
-1.5365814,-1.5365814
-1.652773,-1.652773
-0.6049815,-0.6049815
-1.0170301,-1.0170301
0.4363549,0.4363549
1.0698538,1.0698538
-2.3930504,-2.3930504
1.5330616,1.5330616
-2.3395272,-2.3395272
-1.7197339,-1.7197339
-2.5453734,-2.5453734
-1.0412189,-1.0412189
-1.5729692,-1.5729692
-0.6392689,-0.6392689
-0.7445664,-0.7445664
-1.9218903,-1.9218903
3.7842,3.7842
0.7396355,0.7396355
-4.2591274,-4.2591274
-5.7957088,-5.7957088
-5.9119004,-5.9119004
-4.8641089,-4.8641089
-5.2761575,-5.2761575
-3.8227725,-3.8227725
-3.1892736,-3.1892736
-6.6521778,-6.6521778
-2.7260658,-2.7260658
-6.5986546,-6.5986546
-5.9788613,-5.9788613
-6.8045008,-6.8045008
-5.3003463,-5.3003463
-5.8320966,-5.8320966
-4.8983963,-4.8983963
-5.0036938,-5.0036938
-6.1810177,-6.1810177
-0.4749274,-0.4749274
-3.5194919,-3.5194919
1.5365814,1.5365814
5.7957088,5.7957088
-0.1161916,-0.1161916
0.9315999,0.9315999
0.5195513,0.5195513
1.9729363,1.9729363
2.6064352,2.6064352
-0.856469,-0.856469
3.069643,3.069643
-0.8029458,-0.8029458
-0.1831525,-0.1831525
-1.008792,-1.008792
0.4953625,0.4953625
-0.0363878,-0.0363878
0.8973125,0.8973125
0.792015,0.792015
-0.3853089,-0.3853089
5.3207814,5.3207814
2.2762169,2.2762169
1.652773,1.652773
5.9119004,5.9119004
0.1161916,0.1161916
1.0477915,1.0477915
0.6357429,0.6357429
2.0891279,2.0891279
2.7226268,2.7226268
-0.7402774,-0.7402774
3.1858346,3.1858346
-0.6867542,-0.6867542
-0.0669609,-0.0669609
-0.8926004,-0.8926004
0.6115541,0.6115541
0.0798038,0.0798038
1.0135041,1.0135041
0.9082066,0.9082066
-0.2691173,-0.2691173
5.436973,5.436973
2.3924085,2.3924085
0.6049815,0.6049815
4.8641089,4.8641089
-0.9315999,-0.9315999
-1.0477915,-1.0477915
-0.4120486,-0.4120486
1.0413364,1.0413364
1.6748353,1.6748353
-1.7880689,-1.7880689
2.1380431,2.1380431
-1.7345457,-1.7345457
-1.1147524,-1.1147524
-1.9403919,-1.9403919
-0.4362374,-0.4362374
-0.9679877,-0.9679877
-0.0342874,-0.0342874
-0.1395849,-0.1395849
-1.3169088,-1.3169088
4.3891815,4.3891815
1.344617,1.344617
1.0170301,1.0170301
5.2761575,5.2761575
-0.5195513,-0.5195513
-0.6357429,-0.6357429
0.4120486,0.4120486
1.453385,1.453385
2.0868839,2.0868839
-1.3760203,-1.3760203
2.5500917,2.5500917
-1.3224971,-1.3224971
-0.7027038,-0.7027038
-1.5283433,-1.5283433
-0.0241888,-0.0241888
-0.5559391,-0.5559391
0.3777612,0.3777612
0.2724637,0.2724637
-0.9048602,-0.9048602
4.8012301,4.8012301
1.7566656,1.7566656
-0.4363549,-0.4363549
3.8227725,3.8227725
-1.9729363,-1.9729363
-2.0891279,-2.0891279
-1.0413364,-1.0413364
-1.453385,-1.453385
0.6334989,0.6334989
-2.8294053,-2.8294053
1.0967067,1.0967067
-2.7758821,-2.7758821
-2.1560888,-2.1560888
-2.9817283,-2.9817283
-1.4775738,-1.4775738
-2.0093241,-2.0093241
-1.0756238,-1.0756238
-1.1809213,-1.1809213
-2.3582452,-2.3582452
3.3478451,3.3478451
0.3032806,0.3032806
-1.0698538,-1.0698538
3.1892736,3.1892736
-2.6064352,-2.6064352
-2.7226268,-2.7226268
-1.6748353,-1.6748353
-2.0868839,-2.0868839
-0.6334989,-0.6334989
-3.4629042,-3.4629042
0.4632078,0.4632078
-3.409381,-3.409381
-2.7895877,-2.7895877
-3.6152272,-3.6152272
-2.1110727,-2.1110727
-2.642823,-2.642823
-1.7091227,-1.7091227
-1.8144202,-1.8144202
-2.9917441,-2.9917441
2.7143462,2.7143462
-0.3302183,-0.3302183
2.3930504,2.3930504
6.6521778,6.6521778
0.856469,0.856469
0.7402774,0.7402774
1.7880689,1.7880689
1.3760203,1.3760203
2.8294053,2.8294053
3.4629042,3.4629042
3.926112,3.926112
0.0535232,0.0535232
0.6733165,0.6733165
-0.152323,-0.152323
1.3518315,1.3518315
0.8200812,0.8200812
1.7537815,1.7537815
1.648484,1.648484
0.4711601,0.4711601
6.1772504,6.1772504
3.1326859,3.1326859
-1.5330616,-1.5330616
2.7260658,2.7260658
-3.069643,-3.069643
-3.1858346,-3.1858346
-2.1380431,-2.1380431
-2.5500917,-2.5500917
-1.0967067,-1.0967067
-0.4632078,-0.4632078
-3.926112,-3.926112
-3.8725888,-3.8725888
-3.2527955,-3.2527955
-4.078435,-4.078435
-2.5742805,-2.5742805
-3.1060308,-3.1060308
-2.1723305,-2.1723305
-2.277628,-2.277628
-3.4549519,-3.4549519
2.2511384,2.2511384
-0.7934261,-0.7934261
2.3395272,2.3395272
6.5986546,6.5986546
0.8029458,0.8029458
0.6867542,0.6867542
1.7345457,1.7345457
1.3224971,1.3224971
2.7758821,2.7758821
3.409381,3.409381
-0.0535232,-0.0535232
3.8725888,3.8725888
0.6197933,0.6197933
-0.2058462,-0.2058462
1.2983083,1.2983083
0.766558,0.766558
1.7002583,1.7002583
1.5949608,1.5949608
0.4176369,0.4176369
6.1237272,6.1237272
3.0791627,3.0791627
1.7197339,1.7197339
5.9788613,5.9788613
0.1831525,0.1831525
0.0669609,0.0669609
1.1147524,1.1147524
0.7027038,0.7027038
2.1560888,2.1560888
2.7895877,2.7895877
-0.6733165,-0.6733165
3.2527955,3.2527955
-0.6197933,-0.6197933
-0.8256395,-0.8256395
0.678515,0.678515
0.1467647,0.1467647
1.080465,1.080465
0.9751675,0.9751675
-0.2021564,-0.2021564
5.5039339,5.5039339
2.4593694,2.4593694
2.5453734,2.5453734
6.8045008,6.8045008
1.008792,1.008792
0.8926004,0.8926004
1.9403919,1.9403919
1.5283433,1.5283433
2.9817283,2.9817283
3.6152272,3.6152272
0.152323,0.152323
4.078435,4.078435
0.2058462,0.2058462
0.8256395,0.8256395
1.5041545,1.5041545
0.9724042,0.9724042
1.9061045,1.9061045
1.800807,1.800807
0.6234831,0.6234831
6.3295734,6.3295734
3.2850089,3.2850089
1.0412189,1.0412189
5.3003463,5.3003463
-0.4953625,-0.4953625
-0.6115541,-0.6115541
0.4362374,0.4362374
0.0241888,0.0241888
1.4775738,1.4775738
2.1110727,2.1110727
-1.3518315,-1.3518315
2.5742805,2.5742805
-1.2983083,-1.2983083
-0.678515,-0.678515
-1.5041545,-1.5041545
-0.5317503,-0.5317503
0.40195,0.40195
0.2966525,0.2966525
-0.8806714,-0.8806714
4.8254189,4.8254189
1.7808544,1.7808544
1.5729692,1.5729692
5.8320966,5.8320966
0.0363878,0.0363878
-0.0798038,-0.0798038
0.9679877,0.9679877
0.5559391,0.5559391
2.0093241,2.0093241
2.642823,2.642823
-0.8200812,-0.8200812
3.1060308,3.1060308
-0.766558,-0.766558
-0.1467647,-0.1467647
-0.9724042,-0.9724042
0.5317503,0.5317503
0.9337003,0.9337003
0.8284028,0.8284028
-0.3489211,-0.3489211
5.3571692,5.3571692
2.3126047,2.3126047
0.6392689,0.6392689
4.8983963,4.8983963
-0.8973125,-0.8973125
-1.0135041,-1.0135041
0.0342874,0.0342874
-0.3777612,-0.3777612
1.0756238,1.0756238
1.7091227,1.7091227
-1.7537815,-1.7537815
2.1723305,2.1723305
-1.7002583,-1.7002583
-1.080465,-1.080465
-1.9061045,-1.9061045
-0.40195,-0.40195
-0.9337003,-0.9337003
-0.1052975,-0.1052975
-1.2826214,-1.2826214
4.4234689,4.4234689
1.3789044,1.3789044
0.7445664,0.7445664
5.0036938,5.0036938
-0.792015,-0.792015
-0.9082066,-0.9082066
0.1395849,0.1395849
-0.2724637,-0.2724637
1.1809213,1.1809213
1.8144202,1.8144202
-1.648484,-1.648484
2.277628,2.277628
-1.5949608,-1.5949608
-0.9751675,-0.9751675
-1.800807,-1.800807
-0.2966525,-0.2966525
-0.8284028,-0.8284028
0.1052975,0.1052975
-1.1773239,-1.1773239
4.5287664,4.5287664
1.4842019,1.4842019
1.9218903,1.9218903
6.1810177,6.1810177
0.3853089,0.3853089
0.2691173,0.2691173
1.3169088,1.3169088
0.9048602,0.9048602
2.3582452,2.3582452
2.9917441,2.9917441
-0.4711601,-0.4711601
3.4549519,3.4549519
-0.4176369,-0.4176369
0.2021564,0.2021564
-0.6234831,-0.6234831
0.8806714,0.8806714
0.3489211,0.3489211
1.2826214,1.2826214
1.1773239,1.1773239
5.7060903,5.7060903
2.6615258,2.6615258
-3.7842,-3.7842
0.4749274,0.4749274
-5.3207814,-5.3207814
-5.436973,-5.436973
-4.3891815,-4.3891815
-4.8012301,-4.8012301
-3.3478451,-3.3478451
-2.7143462,-2.7143462
-6.1772504,-6.1772504
-2.2511384,-2.2511384
-6.1237272,-6.1237272
-5.5039339,-5.5039339
-6.3295734,-6.3295734
-4.8254189,-4.8254189
-5.3571692,-5.3571692
-4.4234689,-4.4234689
-4.5287664,-4.5287664
-5.7060903,-5.7060903
-3.0445645,-3.0445645
-0.7396355,-0.7396355
3.5194919,3.5194919
-2.2762169,-2.2762169
-2.3924085,-2.3924085
-1.344617,-1.344617
-1.7566656,-1.7566656
-0.3032806,-0.3032806
0.3302183,0.3302183
-3.1326859,-3.1326859
0.7934261,0.7934261
-3.0791627,-3.0791627
-2.4593694,-2.4593694
-3.2850089,-3.2850089
-1.7808544,-1.7808544
-2.3126047,-2.3126047
-1.3789044,-1.3789044
-1.4842019,-1.4842019
-2.6615258,-2.6615258
3.0445645,3.0445645
12.2885711,-10.0
-3.4604599,-3.4604599
-0.4936663,-0.4936663
-2.1623338,-2.1623338
-0.4565896,-0.4565896
-1.9436648,-1.9436648
3.1473116,3.1473116
-2.1368698,-2.1368698
-0.5033029,-0.5033029
0.1903896,0.1903896
-3.9281104,-3.9281104
1.2494899,1.2494899
-0.9291797,-0.9291797
-0.0632114,-0.0632114
-2.522168,-2.522168
-2.4399465,-2.4399465
-0.1288448,-0.1288448
1.7121741,1.7121741
-2.5398398,-2.5398398
-12.2885711,-10.0
-15.749031,-10.0
-12.7822374,-10.0
-14.4509049,-10.0
-12.7451607,-10.0
-14.2322359,-10.0
-9.1412595,-9.1412595
-14.4254409,-10.0
-12.791874,-10.0
-12.0981815,-10.0
-16.2166815,-10.0
-11.0390812,-10.0
-13.2177508,-10.0
-12.3517825,-10.0
-14.8107391,-10.0
-14.7285176,-10.0
-12.4174159,-10.0
-10.576397,-10.0
-14.8284109,-10.0
3.4604599,3.4604599
15.749031,-10.0
2.9667936,2.9667936
1.2981261,1.2981261
3.0038703,3.0038703
1.5167951,1.5167951
6.6077715,6.6077715
1.3235901,1.3235901
2.957157,2.957157
3.6508495,3.6508495
-0.4676505,-0.4676505
4.7099498,4.7099498
2.5312802,2.5312802
3.3972485,3.3972485
0.9382919,0.9382919
1.0205134,1.0205134
3.3316151,3.3316151
5.172634,5.172634
0.9206201,0.9206201
0.4936663,0.4936663
12.7822374,-10.0
-2.9667936,-2.9667936
-1.6686675,-1.6686675
0.0370767,0.0370767
-1.4499985,-1.4499985
3.6409779,3.6409779
-1.6432035,-1.6432035
-0.0096366,-0.0096366
0.6840559,0.6840559
-3.4344441,-3.4344441
1.7431562,1.7431562
-0.4355134,-0.4355134
0.4304549,0.4304549
-2.0285017,-2.0285017
-1.9462802,-1.9462802
0.3648215,0.3648215
2.2058404,2.2058404
-2.0461735,-2.0461735
2.1623338,2.1623338
14.4509049,-10.0
-1.2981261,-1.2981261
1.6686675,1.6686675
1.7057442,1.7057442
0.218669,0.218669
5.3096454,5.3096454
0.025464,0.025464
1.6590309,1.6590309
2.3527234,2.3527234
-1.7657766,-1.7657766
3.4118237,3.4118237
1.2331541,1.2331541
2.0991224,2.0991224
-0.3598342,-0.3598342
-0.2776127,-0.2776127
2.033489,2.033489
3.8745079,3.8745079
-0.377506,-0.377506
0.4565896,0.4565896
12.7451607,-10.0
-3.0038703,-3.0038703
-0.0370767,-0.0370767
-1.7057442,-1.7057442
-1.4870752,-1.4870752
3.6039012,3.6039012
-1.6802802,-1.6802802
-0.0467133,-0.0467133
0.6469792,0.6469792
-3.4715208,-3.4715208
1.7060795,1.7060795
-0.4725901,-0.4725901
0.3933782,0.3933782
-2.0655784,-2.0655784
-1.9833569,-1.9833569
0.3277448,0.3277448
2.1687637,2.1687637
-2.0832502,-2.0832502
1.9436648,1.9436648
14.2322359,-10.0
-1.5167951,-1.5167951
1.4499985,1.4499985
-0.218669,-0.218669
1.4870752,1.4870752
5.0909764,5.0909764
-0.193205,-0.193205
1.4403619,1.4403619
2.1340544,2.1340544
-1.9844456,-1.9844456
3.1931547,3.1931547
1.0144851,1.0144851
1.8804534,1.8804534
-0.5785032,-0.5785032
-0.4962817,-0.4962817
1.81482,1.81482
3.6558389,3.6558389
-0.596175,-0.596175
-3.1473116,-3.1473116
9.1412595,9.1412595
-6.6077715,-6.6077715
-3.6409779,-3.6409779
-5.3096454,-5.3096454
-3.6039012,-3.6039012
-5.0909764,-5.0909764
-5.2841814,-5.2841814
-3.6506145,-3.6506145
-2.956922,-2.956922
-7.075422,-7.075422
-1.8978217,-1.8978217
-4.0764913,-4.0764913
-3.210523,-3.210523
-5.6694796,-5.6694796
-5.5872581,-5.5872581
-3.2761564,-3.2761564
-1.4351375,-1.4351375
-5.6871514,-5.6871514
2.1368698,2.1368698
14.4254409,-10.0
-1.3235901,-1.3235901
1.6432035,1.6432035
-0.025464,-0.025464
1.6802802,1.6802802
0.193205,0.193205
5.2841814,5.2841814
1.6335669,1.6335669
2.3272594,2.3272594
-1.7912406,-1.7912406
3.3863597,3.3863597
1.2076901,1.2076901
2.0736584,2.0736584
-0.3852982,-0.3852982
-0.3030767,-0.3030767
2.008025,2.008025
3.8490439,3.8490439
-0.40297,-0.40297
0.5033029,0.5033029
12.791874,-10.0
-2.957157,-2.957157
0.0096366,0.0096366
-1.6590309,-1.6590309
0.0467133,0.0467133
-1.4403619,-1.4403619
3.6506145,3.6506145
-1.6335669,-1.6335669
0.6936925,0.6936925
-3.4248075,-3.4248075
1.7527928,1.7527928
-0.4258768,-0.4258768
0.4400915,0.4400915
-2.0188651,-2.0188651
-1.9366436,-1.9366436
0.3744581,0.3744581
2.215477,2.215477
-2.0365369,-2.0365369
-0.1903896,-0.1903896
12.0981815,-10.0
-3.6508495,-3.6508495
-0.6840559,-0.6840559
-2.3527234,-2.3527234
-0.6469792,-0.6469792
-2.1340544,-2.1340544
2.956922,2.956922
-2.3272594,-2.3272594
-0.6936925,-0.6936925
-4.1185,-4.1185
1.0591003,1.0591003
-1.1195693,-1.1195693
-0.253601,-0.253601
-2.7125576,-2.7125576
-2.6303361,-2.6303361
-0.3192344,-0.3192344
1.5217845,1.5217845
-2.7302294,-2.7302294
3.9281104,3.9281104
16.2166815,-10.0
0.4676505,0.4676505
3.4344441,3.4344441
1.7657766,1.7657766
3.4715208,3.4715208
1.9844456,1.9844456
7.075422,7.075422
1.7912406,1.7912406
3.4248075,3.4248075
4.1185,4.1185
5.1776003,5.1776003
2.9989307,2.9989307
3.864899,3.864899
1.4059424,1.4059424
1.4881639,1.4881639
3.7992656,3.7992656
5.6402845,5.6402845
1.3882706,1.3882706
-1.2494899,-1.2494899
11.0390812,-10.0
-4.7099498,-4.7099498
-1.7431562,-1.7431562
-3.4118237,-3.4118237
-1.7060795,-1.7060795
-3.1931547,-3.1931547
1.8978217,1.8978217
-3.3863597,-3.3863597
-1.7527928,-1.7527928
-1.0591003,-1.0591003
-5.1776003,-5.1776003
-2.1786696,-2.1786696
-1.3127013,-1.3127013
-3.7716579,-3.7716579
-3.6894364,-3.6894364
-1.3783347,-1.3783347
0.4626842,0.4626842
-3.7893297,-3.7893297
0.9291797,0.9291797
13.2177508,-10.0
-2.5312802,-2.5312802
0.4355134,0.4355134
-1.2331541,-1.2331541
0.4725901,0.4725901
-1.0144851,-1.0144851
4.0764913,4.0764913
-1.2076901,-1.2076901
0.4258768,0.4258768
1.1195693,1.1195693
-2.9989307,-2.9989307
2.1786696,2.1786696
0.8659683,0.8659683
-1.5929883,-1.5929883
-1.5107668,-1.5107668
0.8003349,0.8003349
2.6413538,2.6413538
-1.6106601,-1.6106601
0.0632114,0.0632114
12.3517825,-10.0
-3.3972485,-3.3972485
-0.4304549,-0.4304549
-2.0991224,-2.0991224
-0.3933782,-0.3933782
-1.8804534,-1.8804534
3.210523,3.210523
-2.0736584,-2.0736584
-0.4400915,-0.4400915
0.253601,0.253601
-3.864899,-3.864899
1.3127013,1.3127013
-0.8659683,-0.8659683
-2.4589566,-2.4589566
-2.3767351,-2.3767351
-0.0656334,-0.0656334
1.7753855,1.7753855
-2.4766284,-2.4766284
2.522168,2.522168
14.8107391,-10.0
-0.9382919,-0.9382919
2.0285017,2.0285017
0.3598342,0.3598342
2.0655784,2.0655784
0.5785032,0.5785032
5.6694796,5.6694796
0.3852982,0.3852982
2.0188651,2.0188651
2.7125576,2.7125576
-1.4059424,-1.4059424
3.7716579,3.7716579
1.5929883,1.5929883
2.4589566,2.4589566
0.0822215,0.0822215
2.3933232,2.3933232
4.2343421,4.2343421
-0.0176718,-0.0176718
2.4399465,2.4399465
14.7285176,-10.0
-1.0205134,-1.0205134
1.9462802,1.9462802
0.2776127,0.2776127
1.9833569,1.9833569
0.4962817,0.4962817
5.5872581,5.5872581
0.3030767,0.3030767
1.9366436,1.9366436
2.6303361,2.6303361
-1.4881639,-1.4881639
3.6894364,3.6894364
1.5107668,1.5107668
2.3767351,2.3767351
-0.0822215,-0.0822215
2.3111017,2.3111017
4.1521206,4.1521206
-0.0998933,-0.0998933
0.1288448,0.1288448
12.4174159,-10.0
-3.3316151,-3.3316151
-0.3648215,-0.3648215
-2.033489,-2.033489
-0.3277448,-0.3277448
-1.81482,-1.81482
3.2761564,3.2761564
-2.008025,-2.008025
-0.3744581,-0.3744581
0.3192344,0.3192344
-3.7992656,-3.7992656
1.3783347,1.3783347
-0.8003349,-0.8003349
0.0656334,0.0656334
-2.3933232,-2.3933232
-2.3111017,-2.3111017
1.8410189,1.8410189
-2.410995,-2.410995
-1.7121741,-1.7121741
10.576397,-10.0
-5.172634,-5.172634
-2.2058404,-2.2058404
-3.8745079,-3.8745079
-2.1687637,-2.1687637
-3.6558389,-3.6558389
1.4351375,1.4351375
-3.8490439,-3.8490439
-2.215477,-2.215477
-1.5217845,-1.5217845
-5.6402845,-5.6402845
-0.4626842,-0.4626842
-2.6413538,-2.6413538
-1.7753855,-1.7753855
-4.2343421,-4.2343421
-4.1521206,-4.1521206
-1.8410189,-1.8410189
-4.2520139,-4.2520139
2.5398398,2.5398398
14.8284109,-10.0
-0.9206201,-0.9206201
2.0461735,2.0461735
0.377506,0.377506
2.0832502,2.0832502
0.596175,0.596175
5.6871514,5.6871514
0.40297,0.40297
2.0365369,2.0365369
2.7302294,2.7302294
-1.3882706,-1.3882706
3.7893297,3.7893297
1.6106601,1.6106601
2.4766284,2.4766284
0.0176718,0.0176718
0.0998933,0.0998933
2.410995,2.410995
4.2520139,4.2520139
5.9991978,5.9991978
1.8540939,1.8540939
-1.3770321,-1.3770321
-1.0621386,-1.0621386
3.4653216,3.4653216
0.548281,0.548281
0.0052453,0.0052453
1.8514474,1.8514474
0.5134813,0.5134813
-0.803143,-0.803143
3.9109012,3.9109012
1.6677585,1.6677585
-0.915584,-0.915584
3.0552105,3.0552105
2.5241654,2.5241654
1.7046318,1.7046318
0.1268236,0.1268236
5.7394829,5.7394829
-0.7244424,-0.7244424
-5.9991978,-5.9991978
-4.1451039,-4.1451039
-7.3762299,-7.3762299
-7.0613364,-7.0613364
-2.5338762,-2.5338762
-5.4509168,-5.4509168
-5.9939525,-5.9939525
-4.1477504,-4.1477504
-5.4857165,-5.4857165
-6.8023408,-6.8023408
-2.0882966,-2.0882966
-4.3314393,-4.3314393
-6.9147818,-6.9147818
-2.9439873,-2.9439873
-3.4750324,-3.4750324
-4.294566,-4.294566
-5.8723742,-5.8723742
-0.2597149,-0.2597149
-6.7236402,-6.7236402
-1.8540939,-1.8540939
4.1451039,4.1451039
-3.231126,-3.231126
-2.9162325,-2.9162325
1.6112277,1.6112277
-1.3058129,-1.3058129
-1.8488486,-1.8488486
-0.0026465,-0.0026465
-1.3406126,-1.3406126
-2.6572369,-2.6572369
2.0568073,2.0568073
-0.1863354,-0.1863354
-2.7696779,-2.7696779
1.2011166,1.2011166
0.6700715,0.6700715
-0.1494621,-0.1494621
-1.7272703,-1.7272703
3.885389,3.885389
-2.5785363,-2.5785363
1.3770321,1.3770321
7.3762299,7.3762299
3.231126,3.231126
0.3148935,0.3148935
4.8423537,4.8423537
1.9253131,1.9253131
1.3822774,1.3822774
3.2284795,3.2284795
1.8905134,1.8905134
0.5738891,0.5738891
5.2879333,5.2879333
3.0447906,3.0447906
0.4614481,0.4614481
4.4322426,4.4322426
3.9011975,3.9011975
3.0816639,3.0816639
1.5038557,1.5038557
7.116515,7.116515
0.6525897,0.6525897
1.0621386,1.0621386
7.0613364,7.0613364
2.9162325,2.9162325
-0.3148935,-0.3148935
4.5274602,4.5274602
1.6104196,1.6104196
1.0673839,1.0673839
2.913586,2.913586
1.5756199,1.5756199
0.2589956,0.2589956
4.9730398,4.9730398
2.7298971,2.7298971
0.1465546,0.1465546
4.1173491,4.1173491
3.586304,3.586304
2.7667704,2.7667704
1.1889622,1.1889622
6.8016215,6.8016215
0.3376962,0.3376962
-3.4653216,-3.4653216
2.5338762,2.5338762
-1.6112277,-1.6112277
-4.8423537,-4.8423537
-4.5274602,-4.5274602
-2.9170406,-2.9170406
-3.4600763,-3.4600763
-1.6138742,-1.6138742
-2.9518403,-2.9518403
-4.2684646,-4.2684646
0.4455796,0.4455796
-1.7975631,-1.7975631
-4.3809056,-4.3809056
-0.4101111,-0.4101111
-0.9411562,-0.9411562
-1.7606898,-1.7606898
-3.338498,-3.338498
2.2741613,2.2741613
-4.189764,-4.189764
-0.548281,-0.548281
5.4509168,5.4509168
1.3058129,1.3058129
-1.9253131,-1.9253131
-1.6104196,-1.6104196
2.9170406,2.9170406
-0.5430357,-0.5430357
1.3031664,1.3031664
-0.0347997,-0.0347997
-1.351424,-1.351424
3.3626202,3.3626202
1.1194775,1.1194775
-1.463865,-1.463865
2.5069295,2.5069295
1.9758844,1.9758844
1.1563508,1.1563508
-0.4214574,-0.4214574
5.1912019,5.1912019
-1.2727234,-1.2727234
-0.0052453,-0.0052453
5.9939525,5.9939525
1.8488486,1.8488486
-1.3822774,-1.3822774
-1.0673839,-1.0673839
3.4600763,3.4600763
0.5430357,0.5430357
1.8462021,1.8462021
0.508236,0.508236
-0.8083883,-0.8083883
3.9056559,3.9056559
1.6625132,1.6625132
-0.9208293,-0.9208293
3.0499652,3.0499652
2.5189201,2.5189201
1.6993865,1.6993865
0.1215783,0.1215783
5.7342376,5.7342376
-0.7296877,-0.7296877
-1.8514474,-1.8514474
4.1477504,4.1477504
0.0026465,0.0026465
-3.2284795,-3.2284795
-2.913586,-2.913586
1.6138742,1.6138742
-1.3031664,-1.3031664
-1.8462021,-1.8462021
-1.3379661,-1.3379661
-2.6545904,-2.6545904
2.0594538,2.0594538
-0.1836889,-0.1836889
-2.7670314,-2.7670314
1.2037631,1.2037631
0.672718,0.672718
-0.1468156,-0.1468156
-1.7246238,-1.7246238
3.8880355,3.8880355
-2.5758898,-2.5758898
-0.5134813,-0.5134813
5.4857165,5.4857165
1.3406126,1.3406126
-1.8905134,-1.8905134
-1.5756199,-1.5756199
2.9518403,2.9518403
0.0347997,0.0347997
-0.508236,-0.508236
1.3379661,1.3379661
-1.3166243,-1.3166243
3.3974199,3.3974199
1.1542772,1.1542772
-1.4290653,-1.4290653
2.5417292,2.5417292
2.0106841,2.0106841
1.1911505,1.1911505
-0.3866577,-0.3866577
5.2260016,5.2260016
-1.2379237,-1.2379237
0.803143,0.803143
6.8023408,6.8023408
2.6572369,2.6572369
-0.5738891,-0.5738891
-0.2589956,-0.2589956
4.2684646,4.2684646
1.351424,1.351424
0.8083883,0.8083883
2.6545904,2.6545904
1.3166243,1.3166243
4.7140442,4.7140442
2.4709015,2.4709015
-0.112441,-0.112441
3.8583535,3.8583535
3.3273084,3.3273084
2.5077748,2.5077748
0.9299666,0.9299666
6.5426259,6.5426259
0.0787006,0.0787006
-3.9109012,-3.9109012
2.0882966,2.0882966
-2.0568073,-2.0568073
-5.2879333,-5.2879333
-4.9730398,-4.9730398
-0.4455796,-0.4455796
-3.3626202,-3.3626202
-3.9056559,-3.9056559
-2.0594538,-2.0594538
-3.3974199,-3.3974199
-4.7140442,-4.7140442
-2.2431427,-2.2431427
-4.8264852,-4.8264852
-0.8556907,-0.8556907
-1.3867358,-1.3867358
-2.2062694,-2.2062694
-3.7840776,-3.7840776
1.8285817,1.8285817
-4.6353436,-4.6353436
-1.6677585,-1.6677585
4.3314393,4.3314393
0.1863354,0.1863354
-3.0447906,-3.0447906
-2.7298971,-2.7298971
1.7975631,1.7975631
-1.1194775,-1.1194775
-1.6625132,-1.6625132
0.1836889,0.1836889
-1.1542772,-1.1542772
-2.4709015,-2.4709015
2.2431427,2.2431427
-2.5833425,-2.5833425
1.387452,1.387452
0.8564069,0.8564069
0.0368733,0.0368733
-1.5409349,-1.5409349
4.0717244,4.0717244
-2.3922009,-2.3922009
0.915584,0.915584
6.9147818,6.9147818
2.7696779,2.7696779
-0.4614481,-0.4614481
-0.1465546,-0.1465546
4.3809056,4.3809056
1.463865,1.463865
0.9208293,0.9208293
2.7670314,2.7670314
1.4290653,1.4290653
0.112441,0.112441
4.8264852,4.8264852
2.5833425,2.5833425
3.9707945,3.9707945
3.4397494,3.4397494
2.6202158,2.6202158
1.0424076,1.0424076
6.6550669,6.6550669
0.1911416,0.1911416
-3.0552105,-3.0552105
2.9439873,2.9439873
-1.2011166,-1.2011166
-4.4322426,-4.4322426
-4.1173491,-4.1173491
0.4101111,0.4101111
-2.5069295,-2.5069295
-3.0499652,-3.0499652
-1.2037631,-1.2037631
-2.5417292,-2.5417292
-3.8583535,-3.8583535
0.8556907,0.8556907
-1.387452,-1.387452
-3.9707945,-3.9707945
-0.5310451,-0.5310451
-1.3505787,-1.3505787
-2.9283869,-2.9283869
2.6842724,2.6842724
-3.7796529,-3.7796529
-2.5241654,-2.5241654
3.4750324,3.4750324
-0.6700715,-0.6700715
-3.9011975,-3.9011975
-3.586304,-3.586304
0.9411562,0.9411562
-1.9758844,-1.9758844
-2.5189201,-2.5189201
-0.672718,-0.672718
-2.0106841,-2.0106841
-3.3273084,-3.3273084
1.3867358,1.3867358
-0.8564069,-0.8564069
-3.4397494,-3.4397494
0.5310451,0.5310451
-0.8195336,-0.8195336
-2.3973418,-2.3973418
3.2153175,3.2153175
-3.2486078,-3.2486078
-1.7046318,-1.7046318
4.294566,4.294566
0.1494621,0.1494621
-3.0816639,-3.0816639
-2.7667704,-2.7667704
1.7606898,1.7606898
-1.1563508,-1.1563508
-1.6993865,-1.6993865
0.1468156,0.1468156
-1.1911505,-1.1911505
-2.5077748,-2.5077748
2.2062694,2.2062694
-0.0368733,-0.0368733
-2.6202158,-2.6202158
1.3505787,1.3505787
0.8195336,0.8195336
-1.5778082,-1.5778082
4.0348511,4.0348511
-2.4290742,-2.4290742
-0.1268236,-0.1268236
5.8723742,5.8723742
1.7272703,1.7272703
-1.5038557,-1.5038557
-1.1889622,-1.1889622
3.338498,3.338498
0.4214574,0.4214574
-0.1215783,-0.1215783
1.7246238,1.7246238
0.3866577,0.3866577
-0.9299666,-0.9299666
3.7840776,3.7840776
1.5409349,1.5409349
-1.0424076,-1.0424076
2.9283869,2.9283869
2.3973418,2.3973418
1.5778082,1.5778082
5.6126593,5.6126593
-0.851266,-0.851266
-5.7394829,-5.7394829
0.2597149,0.2597149
-3.885389,-3.885389
-7.116515,-7.116515
-6.8016215,-6.8016215
-2.2741613,-2.2741613
-5.1912019,-5.1912019
-5.7342376,-5.7342376
-3.8880355,-3.8880355
-5.2260016,-5.2260016
-6.5426259,-6.5426259
-1.8285817,-1.8285817
-4.0717244,-4.0717244
-6.6550669,-6.6550669
-2.6842724,-2.6842724
-3.2153175,-3.2153175
-4.0348511,-4.0348511
-5.6126593,-5.6126593
-6.4639253,-6.4639253
0.7244424,0.7244424
6.7236402,6.7236402
2.5785363,2.5785363
-0.6525897,-0.6525897
-0.3376962,-0.3376962
4.189764,4.189764
1.2727234,1.2727234
0.7296877,0.7296877
2.5758898,2.5758898
1.2379237,1.2379237
-0.0787006,-0.0787006
4.6353436,4.6353436
2.3922009,2.3922009
-0.1911416,-0.1911416
3.7796529,3.7796529
3.2486078,3.2486078
2.4290742,2.4290742
0.851266,0.851266
6.4639253,6.4639253
2.0530264,2.0530264
-2.3023093,-2.3023093
-2.7391945,-2.7391945
-0.7466185,-0.7466185
1.1868858,1.1868858
-0.6598895,-0.6598895
-0.6740727,-0.6740727
-1.82203,-1.82203
0.4662663,0.4662663
-1.2662696,-1.2662696
-0.7345451,-0.7345451
0.0351445,0.0351445
-2.4097305,-2.4097305
-1.5815019,-1.5815019
0.1143825,0.1143825
0.1635854,0.1635854
-0.3448905,-0.3448905
5.4776624,5.4776624
-0.2138797,-0.2138797
-2.0530264,-2.0530264
-4.3553357,-4.3553357
-4.7922209,-4.7922209
-2.7996449,-2.7996449
-0.8661406,-0.8661406
-2.7129159,-2.7129159
-2.7270991,-2.7270991
-3.8750564,-3.8750564
-1.5867601,-1.5867601
-3.319296,-3.319296
-2.7875715,-2.7875715
-2.0178819,-2.0178819
-4.4627569,-4.4627569
-3.6345283,-3.6345283
-1.9386439,-1.9386439
-1.889441,-1.889441
-2.3979169,-2.3979169
3.424636,3.424636
-2.2669061,-2.2669061
2.3023093,2.3023093
4.3553357,4.3553357
-0.4368852,-0.4368852
1.5556908,1.5556908
3.4891951,3.4891951
1.6424198,1.6424198
1.6282366,1.6282366
0.4802793,0.4802793
2.7685756,2.7685756
1.0360397,1.0360397
1.5677642,1.5677642
2.3374538,2.3374538
-0.1074212,-0.1074212
0.7208074,0.7208074
2.4166918,2.4166918
2.4658947,2.4658947
1.9574188,1.9574188
7.7799717,7.7799717
2.0884296,2.0884296
2.7391945,2.7391945
4.7922209,4.7922209
0.4368852,0.4368852
1.992576,1.992576
3.9260803,3.9260803
2.079305,2.079305
2.0651218,2.0651218
0.9171645,0.9171645
3.2054608,3.2054608
1.4729249,1.4729249
2.0046494,2.0046494
2.774339,2.774339
0.329464,0.329464
1.1576926,1.1576926
2.853577,2.853577
2.9027799,2.9027799
2.394304,2.394304
8.2168569,8.2168569
2.5253148,2.5253148
0.7466185,0.7466185
2.7996449,2.7996449
-1.5556908,-1.5556908
-1.992576,-1.992576
1.9335043,1.9335043
0.086729,0.086729
0.0725458,0.0725458
-1.0754115,-1.0754115
1.2128848,1.2128848
-0.5196511,-0.5196511
0.0120734,0.0120734
0.781763,0.781763
-1.663112,-1.663112
-0.8348834,-0.8348834
0.861001,0.861001
0.9102039,0.9102039
0.401728,0.401728
6.2242809,6.2242809
0.5327388,0.5327388
-1.1868858,-1.1868858
0.8661406,0.8661406
-3.4891951,-3.4891951
-3.9260803,-3.9260803
-1.9335043,-1.9335043
-1.8467753,-1.8467753
-1.8609585,-1.8609585
-3.0089158,-3.0089158
-0.7206195,-0.7206195
-2.4531554,-2.4531554
-1.9214309,-1.9214309
-1.1517413,-1.1517413
-3.5966163,-3.5966163
-2.7683877,-2.7683877
-1.0725033,-1.0725033
-1.0233004,-1.0233004
-1.5317763,-1.5317763
4.2907766,4.2907766
-1.4007655,-1.4007655
0.6598895,0.6598895
2.7129159,2.7129159
-1.6424198,-1.6424198
-2.079305,-2.079305
-0.086729,-0.086729
1.8467753,1.8467753
-0.0141832,-0.0141832
-1.1621405,-1.1621405
1.1261558,1.1261558
-0.6063801,-0.6063801
-0.0746556,-0.0746556
0.695034,0.695034
-1.749841,-1.749841
-0.9216124,-0.9216124
0.774272,0.774272
0.8234749,0.8234749
0.314999,0.314999
6.1375519,6.1375519
0.4460098,0.4460098
0.6740727,0.6740727
2.7270991,2.7270991
-1.6282366,-1.6282366
-2.0651218,-2.0651218
-0.0725458,-0.0725458
1.8609585,1.8609585
0.0141832,0.0141832
-1.1479573,-1.1479573
1.140339,1.140339
-0.5921969,-0.5921969
-0.0604724,-0.0604724
0.7092172,0.7092172
-1.7356578,-1.7356578
-0.9074292,-0.9074292
0.7884552,0.7884552
0.8376581,0.8376581
0.3291822,0.3291822
6.1517351,6.1517351
0.460193,0.460193
1.82203,1.82203
3.8750564,3.8750564
-0.4802793,-0.4802793
-0.9171645,-0.9171645
1.0754115,1.0754115
3.0089158,3.0089158
1.1621405,1.1621405
1.1479573,1.1479573
2.2882963,2.2882963
0.5557604,0.5557604
1.0874849,1.0874849
1.8571745,1.8571745
-0.5877005,-0.5877005
0.2405281,0.2405281
1.9364125,1.9364125
1.9856154,1.9856154
1.4771395,1.4771395
7.2996924,7.2996924
1.6081503,1.6081503
-0.4662663,-0.4662663
1.5867601,1.5867601
-2.7685756,-2.7685756
-3.2054608,-3.2054608
-1.2128848,-1.2128848
0.7206195,0.7206195
-1.1261558,-1.1261558
-1.140339,-1.140339
-2.2882963,-2.2882963
-1.7325359,-1.7325359
-1.2008114,-1.2008114
-0.4311218,-0.4311218
-2.8759968,-2.8759968
-2.0477682,-2.0477682
-0.3518838,-0.3518838
-0.3026809,-0.3026809
-0.8111568,-0.8111568
5.0113961,5.0113961
-0.680146,-0.680146
1.2662696,1.2662696
3.319296,3.319296
-1.0360397,-1.0360397
-1.4729249,-1.4729249
0.5196511,0.5196511
2.4531554,2.4531554
0.6063801,0.6063801
0.5921969,0.5921969
-0.5557604,-0.5557604
1.7325359,1.7325359
0.5317245,0.5317245
1.3014141,1.3014141
-1.1434609,-1.1434609
-0.3152323,-0.3152323
1.3806521,1.3806521
1.429855,1.429855
0.9213791,0.9213791
6.743932,6.743932
1.0523899,1.0523899
0.7345451,0.7345451
2.7875715,2.7875715
-1.5677642,-1.5677642
-2.0046494,-2.0046494
-0.0120734,-0.0120734
1.9214309,1.9214309
0.0746556,0.0746556
0.0604724,0.0604724
-1.0874849,-1.0874849
1.2008114,1.2008114
-0.5317245,-0.5317245
0.7696896,0.7696896
-1.6751854,-1.6751854
-0.8469568,-0.8469568
0.8489276,0.8489276
0.8981305,0.8981305
0.3896546,0.3896546
6.2122075,6.2122075
0.5206654,0.5206654
-0.0351445,-0.0351445
2.0178819,2.0178819
-2.3374538,-2.3374538
-2.774339,-2.774339
-0.781763,-0.781763
1.1517413,1.1517413
-0.695034,-0.695034
-0.7092172,-0.7092172
-1.8571745,-1.8571745
0.4311218,0.4311218
-1.3014141,-1.3014141
-0.7696896,-0.7696896
-2.444875,-2.444875
-1.6166464,-1.6166464
0.079238,0.079238
0.1284409,0.1284409
-0.380035,-0.380035
5.4425179,5.4425179
-0.2490242,-0.2490242
2.4097305,2.4097305
4.4627569,4.4627569
0.1074212,0.1074212
-0.329464,-0.329464
1.663112,1.663112
3.5966163,3.5966163
1.749841,1.749841
1.7356578,1.7356578
0.5877005,0.5877005
2.8759968,2.8759968
1.1434609,1.1434609
1.6751854,1.6751854
2.444875,2.444875
0.8282286,0.8282286
2.524113,2.524113
2.5733159,2.5733159
2.06484,2.06484
7.8873929,7.8873929
2.1958508,2.1958508
1.5815019,1.5815019
3.6345283,3.6345283
-0.7208074,-0.7208074
-1.1576926,-1.1576926
0.8348834,0.8348834
2.7683877,2.7683877
0.9216124,0.9216124
0.9074292,0.9074292
-0.2405281,-0.2405281
2.0477682,2.0477682
0.3152323,0.3152323
0.8469568,0.8469568
1.6166464,1.6166464
-0.8282286,-0.8282286
1.6958844,1.6958844
1.7450873,1.7450873
1.2366114,1.2366114
7.0591643,7.0591643
1.3676222,1.3676222
-0.1143825,-0.1143825
1.9386439,1.9386439
-2.4166918,-2.4166918
-2.853577,-2.853577
-0.861001,-0.861001
1.0725033,1.0725033
-0.774272,-0.774272
-0.7884552,-0.7884552
-1.9364125,-1.9364125
0.3518838,0.3518838
-1.3806521,-1.3806521
-0.8489276,-0.8489276
-0.079238,-0.079238
-2.524113,-2.524113
-1.6958844,-1.6958844
0.0492029,0.0492029
-0.459273,-0.459273
5.3632799,5.3632799
-0.3282622,-0.3282622
-0.1635854,-0.1635854
1.889441,1.889441
-2.4658947,-2.4658947
-2.9027799,-2.9027799
-0.9102039,-0.9102039
1.0233004,1.0233004
-0.8234749,-0.8234749
-0.8376581,-0.8376581
-1.9856154,-1.9856154
0.3026809,0.3026809
-1.429855,-1.429855
-0.8981305,-0.8981305
-0.1284409,-0.1284409
-2.5733159,-2.5733159
-1.7450873,-1.7450873
-0.0492029,-0.0492029
-0.5084759,-0.5084759
5.314077,5.314077
-0.3774651,-0.3774651
0.3448905,0.3448905
2.3979169,2.3979169
-1.9574188,-1.9574188
-2.394304,-2.394304
-0.401728,-0.401728
1.5317763,1.5317763
-0.314999,-0.314999
-0.3291822,-0.3291822
-1.4771395,-1.4771395
0.8111568,0.8111568
-0.9213791,-0.9213791
-0.3896546,-0.3896546
0.380035,0.380035
-2.06484,-2.06484
-1.2366114,-1.2366114
0.459273,0.459273
0.5084759,0.5084759
5.8225529,5.8225529
0.1310108,0.1310108
-5.4776624,-5.4776624
-3.424636,-3.424636
-7.7799717,-7.7799717
-8.2168569,-8.2168569
-6.2242809,-6.2242809
-4.2907766,-4.2907766
-6.1375519,-6.1375519
-6.1517351,-6.1517351
-7.2996924,-7.2996924
-5.0113961,-5.0113961
-6.743932,-6.743932
-6.2122075,-6.2122075
-5.4425179,-5.4425179
-7.8873929,-7.8873929
-7.0591643,-7.0591643
-5.3632799,-5.3632799
-5.314077,-5.314077
-5.8225529,-5.8225529
-5.6915421,-5.6915421
0.2138797,0.2138797
2.2669061,2.2669061
-2.0884296,-2.0884296
-2.5253148,-2.5253148
-0.5327388,-0.5327388
1.4007655,1.4007655
-0.4460098,-0.4460098
-0.460193,-0.460193
-1.6081503,-1.6081503
0.680146,0.680146
-1.0523899,-1.0523899
-0.5206654,-0.5206654
0.2490242,0.2490242
-2.1958508,-2.1958508
-1.3676222,-1.3676222
0.3282622,0.3282622
0.3774651,0.3774651
-0.1310108,-0.1310108
5.6915421,5.6915421
5.9839651,5.9839651
-2.5300191,-2.5300191
-0.4616955,-0.4616955
0.9089002,0.9089002
0.230398,0.230398
2.0602622,2.0602622
-0.6211304,-0.6211304
0.0764775,0.0764775
0.5844941,0.5844941
-1.0985029,-1.0985029
-0.4650637,-0.4650637
1.9211648,1.9211648
-1.9670987,-1.9670987
2.3569196,2.3569196
1.3488254,1.3488254
-0.135726,-0.135726
-0.4891482,-0.4891482
2.1404781,2.1404781
0.2336414,0.2336414
-5.9839651,-5.9839651
-8.5139842,-8.5139842
-6.4456606,-6.4456606
-5.0750649,-5.0750649
-5.7535671,-5.7535671
-3.9237029,-3.9237029
-6.6050955,-6.6050955
-5.9074876,-5.9074876
-5.399471,-5.399471
-7.082468,-7.082468
-6.4490288,-6.4490288
-4.0628003,-4.0628003
-7.9510638,-7.9510638
-3.6270455,-3.6270455
-4.6351397,-4.6351397
-6.1196911,-6.1196911
-6.4731133,-6.4731133
-3.843487,-3.843487
-5.7503237,-5.7503237
2.5300191,2.5300191
8.5139842,8.5139842
2.0683236,2.0683236
3.4389193,3.4389193
2.7604171,2.7604171
4.5902813,4.5902813
1.9088887,1.9088887
2.6064966,2.6064966
3.1145132,3.1145132
1.4315162,1.4315162
2.0649554,2.0649554
4.4511839,4.4511839
0.5629204,0.5629204
4.8869387,4.8869387
3.8788445,3.8788445
2.3942931,2.3942931
2.0408709,2.0408709
4.6704972,4.6704972
2.7636605,2.7636605
0.4616955,0.4616955
6.4456606,6.4456606
-2.0683236,-2.0683236
1.3705957,1.3705957
0.6920935,0.6920935
2.5219577,2.5219577
-0.1594349,-0.1594349
0.538173,0.538173
1.0461896,1.0461896
-0.6368074,-0.6368074
-0.0033682,-0.0033682
2.3828603,2.3828603
-1.5054032,-1.5054032
2.8186151,2.8186151
1.8105209,1.8105209
0.3259695,0.3259695
-0.0274527,-0.0274527
2.6021736,2.6021736
0.6953369,0.6953369
-0.9089002,-0.9089002
5.0750649,5.0750649
-3.4389193,-3.4389193
-1.3705957,-1.3705957
-0.6785022,-0.6785022
1.151362,1.151362
-1.5300306,-1.5300306
-0.8324227,-0.8324227
-0.3244061,-0.3244061
-2.0074031,-2.0074031
-1.3739639,-1.3739639
1.0122646,1.0122646
-2.8759989,-2.8759989
1.4480194,1.4480194
0.4399252,0.4399252
-1.0446262,-1.0446262
-1.3980484,-1.3980484
1.2315779,1.2315779
-0.6752588,-0.6752588
-0.230398,-0.230398
5.7535671,5.7535671
-2.7604171,-2.7604171
-0.6920935,-0.6920935
0.6785022,0.6785022
1.8298642,1.8298642
-0.8515284,-0.8515284
-0.1539205,-0.1539205
0.3540961,0.3540961
-1.3289009,-1.3289009
-0.6954617,-0.6954617
1.6907668,1.6907668
-2.1974967,-2.1974967
2.1265216,2.1265216
1.1184274,1.1184274
-0.366124,-0.366124
-0.7195462,-0.7195462
1.9100801,1.9100801
0.0032434,0.0032434
-2.0602622,-2.0602622
3.9237029,3.9237029
-4.5902813,-4.5902813
-2.5219577,-2.5219577
-1.151362,-1.151362
-1.8298642,-1.8298642
-2.6813926,-2.6813926
-1.9837847,-1.9837847
-1.4757681,-1.4757681
-3.1587651,-3.1587651
-2.5253259,-2.5253259
-0.1390974,-0.1390974
-4.0273609,-4.0273609
0.2966574,0.2966574
-0.7114368,-0.7114368
-2.1959882,-2.1959882
-2.5494104,-2.5494104
0.0802159,0.0802159
-1.8266208,-1.8266208
0.6211304,0.6211304
6.6050955,6.6050955
-1.9088887,-1.9088887
0.1594349,0.1594349
1.5300306,1.5300306
0.8515284,0.8515284
2.6813926,2.6813926
0.6976079,0.6976079
1.2056245,1.2056245
-0.4773725,-0.4773725
0.1560667,0.1560667
2.5422952,2.5422952
-1.3459683,-1.3459683
2.97805,2.97805
1.9699558,1.9699558
0.4854044,0.4854044
0.1319822,0.1319822
2.7616085,2.7616085
0.8547718,0.8547718
-0.0764775,-0.0764775
5.9074876,5.9074876
-2.6064966,-2.6064966
-0.538173,-0.538173
0.8324227,0.8324227
0.1539205,0.1539205
1.9837847,1.9837847
-0.6976079,-0.6976079
0.5080166,0.5080166
-1.1749804,-1.1749804
-0.5415412,-0.5415412
1.8446873,1.8446873
-2.0435762,-2.0435762
2.2804421,2.2804421
1.2723479,1.2723479
-0.2122035,-0.2122035
-0.5656257,-0.5656257
2.0640006,2.0640006
0.1571639,0.1571639
-0.5844941,-0.5844941
5.399471,5.399471
-3.1145132,-3.1145132
-1.0461896,-1.0461896
0.3244061,0.3244061
-0.3540961,-0.3540961
1.4757681,1.4757681
-1.2056245,-1.2056245
-0.5080166,-0.5080166
-1.682997,-1.682997
-1.0495578,-1.0495578
1.3366707,1.3366707
-2.5515928,-2.5515928
1.7724255,1.7724255
0.7643313,0.7643313
-0.7202201,-0.7202201
-1.0736423,-1.0736423
1.555984,1.555984
-0.3508527,-0.3508527
1.0985029,1.0985029
7.082468,7.082468
-1.4315162,-1.4315162
0.6368074,0.6368074
2.0074031,2.0074031
1.3289009,1.3289009
3.1587651,3.1587651
0.4773725,0.4773725
1.1749804,1.1749804
1.682997,1.682997
0.6334392,0.6334392
3.0196677,3.0196677
-0.8685958,-0.8685958
3.4554225,3.4554225
2.4473283,2.4473283
0.9627769,0.9627769
0.6093547,0.6093547
3.238981,3.238981
1.3321443,1.3321443
0.4650637,0.4650637
6.4490288,6.4490288
-2.0649554,-2.0649554
0.0033682,0.0033682
1.3739639,1.3739639
0.6954617,0.6954617
2.5253259,2.5253259
-0.1560667,-0.1560667
0.5415412,0.5415412
1.0495578,1.0495578
-0.6334392,-0.6334392
2.3862285,2.3862285
-1.502035,-1.502035
2.8219833,2.8219833
1.8138891,1.8138891
0.3293377,0.3293377
-0.0240845,-0.0240845
2.6055418,2.6055418
0.6987051,0.6987051
-1.9211648,-1.9211648
4.0628003,4.0628003
-4.4511839,-4.4511839
-2.3828603,-2.3828603
-1.0122646,-1.0122646
-1.6907668,-1.6907668
0.1390974,0.1390974
-2.5422952,-2.5422952
-1.8446873,-1.8446873
-1.3366707,-1.3366707
-3.0196677,-3.0196677
-2.3862285,-2.3862285
-3.8882635,-3.8882635
0.4357548,0.4357548
-0.5723394,-0.5723394
-2.0568908,-2.0568908
-2.410313,-2.410313
0.2193133,0.2193133
-1.6875234,-1.6875234
1.9670987,1.9670987
7.9510638,7.9510638
-0.5629204,-0.5629204
1.5054032,1.5054032
2.8759989,2.8759989
2.1974967,2.1974967
4.0273609,4.0273609
1.3459683,1.3459683
2.0435762,2.0435762
2.5515928,2.5515928
0.8685958,0.8685958
1.502035,1.502035
3.8882635,3.8882635
4.3240183,4.3240183
3.3159241,3.3159241
1.8313727,1.8313727
1.4779505,1.4779505
4.1075768,4.1075768
2.2007401,2.2007401
-2.3569196,-2.3569196
3.6270455,3.6270455
-4.8869387,-4.8869387
-2.8186151,-2.8186151
-1.4480194,-1.4480194
-2.1265216,-2.1265216
-0.2966574,-0.2966574
-2.97805,-2.97805
-2.2804421,-2.2804421
-1.7724255,-1.7724255
-3.4554225,-3.4554225
-2.8219833,-2.8219833
-0.4357548,-0.4357548
-4.3240183,-4.3240183
-1.0080942,-1.0080942
-2.4926456,-2.4926456
-2.8460678,-2.8460678
-0.2164415,-0.2164415
-2.1232782,-2.1232782
-1.3488254,-1.3488254
4.6351397,4.6351397
-3.8788445,-3.8788445
-1.8105209,-1.8105209
-0.4399252,-0.4399252
-1.1184274,-1.1184274
0.7114368,0.7114368
-1.9699558,-1.9699558
-1.2723479,-1.2723479
-0.7643313,-0.7643313
-2.4473283,-2.4473283
-1.8138891,-1.8138891
0.5723394,0.5723394
-3.3159241,-3.3159241
1.0080942,1.0080942
-1.4845514,-1.4845514
-1.8379736,-1.8379736
0.7916527,0.7916527
-1.115184,-1.115184
0.135726,0.135726
6.1196911,6.1196911
-2.3942931,-2.3942931
-0.3259695,-0.3259695
1.0446262,1.0446262
0.366124,0.366124
2.1959882,2.1959882
-0.4854044,-0.4854044
0.2122035,0.2122035
0.7202201,0.7202201
-0.9627769,-0.9627769
-0.3293377,-0.3293377
2.0568908,2.0568908
-1.8313727,-1.8313727
2.4926456,2.4926456
1.4845514,1.4845514
-0.3534222,-0.3534222
2.2762041,2.2762041
0.3693674,0.3693674
0.4891482,0.4891482
6.4731133,6.4731133
-2.0408709,-2.0408709
0.0274527,0.0274527
1.3980484,1.3980484
0.7195462,0.7195462
2.5494104,2.5494104
-0.1319822,-0.1319822
0.5656257,0.5656257
1.0736423,1.0736423
-0.6093547,-0.6093547
0.0240845,0.0240845
2.410313,2.410313
-1.4779505,-1.4779505
2.8460678,2.8460678
1.8379736,1.8379736
0.3534222,0.3534222
2.6296263,2.6296263
0.7227896,0.7227896
-2.1404781,-2.1404781
3.843487,3.843487
-4.6704972,-4.6704972
-2.6021736,-2.6021736
-1.2315779,-1.2315779
-1.9100801,-1.9100801
-0.0802159,-0.0802159
-2.7616085,-2.7616085
-2.0640006,-2.0640006
-1.555984,-1.555984
-3.238981,-3.238981
-2.6055418,-2.6055418
-0.2193133,-0.2193133
-4.1075768,-4.1075768
0.2164415,0.2164415
-0.7916527,-0.7916527
-2.2762041,-2.2762041
-2.6296263,-2.6296263
-1.9068367,-1.9068367
-0.2336414,-0.2336414
5.7503237,5.7503237
-2.7636605,-2.7636605
-0.6953369,-0.6953369
0.6752588,0.6752588
-0.0032434,-0.0032434
1.8266208,1.8266208
-0.8547718,-0.8547718
-0.1571639,-0.1571639
0.3508527,0.3508527
-1.3321443,-1.3321443
-0.6987051,-0.6987051
1.6875234,1.6875234
-2.2007401,-2.2007401
2.1232782,2.1232782
1.115184,1.115184
-0.3693674,-0.3693674
-0.7227896,-0.7227896
1.9068367,1.9068367
17.3767443,-10.0
17.372791,-10.0
16.9763974,-10.0
0.7356589,0.7356589
1.8901485,1.8901485
4.6187118,4.6187118
0.9749542,0.9749542
16.0732214,-10.0
2.1778404,2.1778404
0.8272852,0.8272852
16.5233132,-10.0
4.0684486,4.0684486
3.1454658,3.1454658
18.1649924,-10.0
2.2318154,2.2318154
2.8213305,2.8213305
1.9190329,1.9190329
2.6945077,2.6945077
1.9018977,1.9018977
-17.3767443,-10.0
-0.0039533,-0.0039533
-0.4003469,-0.4003469
-16.6410854,-10.0
-15.4865958,-10.0
-12.7580325,-10.0
-16.4017901,-10.0
-1.3035229,-1.3035229
-15.1989039,-10.0
-16.5494591,-10.0
-0.8534311,-0.8534311
-13.3082957,-10.0
-14.2312785,-10.0
0.7882481,0.7882481
-15.1449289,-10.0
-14.5554138,-10.0
-15.4577114,-10.0
-14.6822366,-10.0
-15.4748466,-10.0
-17.372791,-10.0
0.0039533,0.0039533
-0.3963936,-0.3963936
-16.6371321,-10.0
-15.4826425,-10.0
-12.7540792,-10.0
-16.3978368,-10.0
-1.2995696,-1.2995696
-15.1949506,-10.0
-16.5455058,-10.0
-0.8494778,-0.8494778
-13.3043424,-10.0
-14.2273252,-10.0
0.7922014,0.7922014
-15.1409756,-10.0
-14.5514605,-10.0
-15.4537581,-10.0
-14.6782833,-10.0
-15.4708933,-10.0
-16.9763974,-10.0
0.4003469,0.4003469
0.3963936,0.3963936
-16.2407385,-10.0
-15.0862489,-10.0
-12.3576856,-10.0
-16.0014432,-10.0
-0.903176,-0.903176
-14.798557,-10.0
-16.1491122,-10.0
-0.4530842,-0.4530842
-12.9079488,-10.0
-13.8309316,-10.0
1.188595,1.188595
-14.744582,-10.0
-14.1550669,-10.0
-15.0573645,-10.0
-14.2818897,-10.0
-15.0744997,-10.0
-0.7356589,-0.7356589
16.6410854,-10.0
16.6371321,-10.0
16.2407385,-10.0
1.1544896,1.1544896
3.8830529,3.8830529
0.2392953,0.2392953
15.3375625,-10.0
1.4421815,1.4421815
0.0916263,0.0916263
15.7876543,-10.0
3.3327897,3.3327897
2.4098069,2.4098069
17.4293335,-10.0
1.4961565,1.4961565
2.0856716,2.0856716
1.183374,1.183374
1.9588488,1.9588488
1.1662388,1.1662388
-1.8901485,-1.8901485
15.4865958,-10.0
15.4826425,-10.0
15.0862489,-10.0
-1.1544896,-1.1544896
2.7285633,2.7285633
-0.9151943,-0.9151943
14.1830729,-10.0
0.2876919,0.2876919
-1.0628633,-1.0628633
14.6331647,-10.0
2.1783001,2.1783001
1.2553173,1.2553173
16.2748439,-10.0
0.3416669,0.3416669
0.931182,0.931182
0.0288844,0.0288844
0.8043592,0.8043592
0.0117492,0.0117492
-4.6187118,-4.6187118
12.7580325,-10.0
12.7540792,-10.0
12.3576856,-10.0
-3.8830529,-3.8830529
-2.7285633,-2.7285633
-3.6437576,-3.6437576
11.4545096,-10.0
-2.4408714,-2.4408714
-3.7914266,-3.7914266
11.9046014,-10.0
-0.5502632,-0.5502632
-1.473246,-1.473246
13.5462806,-10.0
-2.3868964,-2.3868964
-1.7973813,-1.7973813
-2.6996789,-2.6996789
-1.9242041,-1.9242041
-2.7168141,-2.7168141
-0.9749542,-0.9749542
16.4017901,-10.0
16.3978368,-10.0
16.0014432,-10.0
-0.2392953,-0.2392953
0.9151943,0.9151943
3.6437576,3.6437576
15.0982672,-10.0
1.2028862,1.2028862
-0.147669,-0.147669
15.548359,-10.0
3.0934944,3.0934944
2.1705116,2.1705116
17.1900382,-10.0
1.2568612,1.2568612
1.8463763,1.8463763
0.9440787,0.9440787
1.7195535,1.7195535
0.9269435,0.9269435
-16.0732214,-10.0
1.3035229,1.3035229
1.2995696,1.2995696
0.903176,0.903176
-15.3375625,-10.0
-14.1830729,-10.0
-11.4545096,-10.0
-15.0982672,-10.0
-13.895381,-10.0
-15.2459362,-10.0
0.4500918,0.4500918
-12.0047728,-10.0
-12.9277556,-10.0
2.091771,2.091771
-13.841406,-10.0
-13.2518909,-10.0
-14.1541885,-10.0
-13.3787137,-10.0
-14.1713237,-10.0
-2.1778404,-2.1778404
15.1989039,-10.0
15.1949506,-10.0
14.798557,-10.0
-1.4421815,-1.4421815
-0.2876919,-0.2876919
2.4408714,2.4408714
-1.2028862,-1.2028862
13.895381,-10.0
-1.3505552,-1.3505552
14.3454728,-10.0
1.8906082,1.8906082
0.9676254,0.9676254
15.987152,-10.0
0.053975,0.053975
0.6434901,0.6434901
-0.2588075,-0.2588075
0.5166673,0.5166673
-0.2759427,-0.2759427
-0.8272852,-0.8272852
16.5494591,-10.0
16.5455058,-10.0
16.1491122,-10.0
-0.0916263,-0.0916263
1.0628633,1.0628633
3.7914266,3.7914266
0.147669,0.147669
15.2459362,-10.0
1.3505552,1.3505552
15.696028,-10.0
3.2411634,3.2411634
2.3181806,2.3181806
17.3377072,-10.0
1.4045302,1.4045302
1.9940453,1.9940453
1.0917477,1.0917477
1.8672225,1.8672225
1.0746125,1.0746125
-16.5233132,-10.0
0.8534311,0.8534311
0.8494778,0.8494778
0.4530842,0.4530842
-15.7876543,-10.0
-14.6331647,-10.0
-11.9046014,-10.0
-15.548359,-10.0
-0.4500918,-0.4500918
-14.3454728,-10.0
-15.696028,-10.0
-12.4548646,-10.0
-13.3778474,-10.0
1.6416792,1.6416792
-14.2914978,-10.0
-13.7019827,-10.0
-14.6042803,-10.0
-13.8288055,-10.0
-14.6214155,-10.0
-4.0684486,-4.0684486
13.3082957,-10.0
13.3043424,-10.0
12.9079488,-10.0
-3.3327897,-3.3327897
-2.1783001,-2.1783001
0.5502632,0.5502632
-3.0934944,-3.0934944
12.0047728,-10.0
-1.8906082,-1.8906082
-3.2411634,-3.2411634
12.4548646,-10.0
-0.9229828,-0.9229828
14.0965438,-10.0
-1.8366332,-1.8366332
-1.2471181,-1.2471181
-2.1494157,-2.1494157
-1.3739409,-1.3739409
-2.1665509,-2.1665509
-3.1454658,-3.1454658
14.2312785,-10.0
14.2273252,-10.0
13.8309316,-10.0
-2.4098069,-2.4098069
-1.2553173,-1.2553173
1.473246,1.473246
-2.1705116,-2.1705116
12.9277556,-10.0
-0.9676254,-0.9676254
-2.3181806,-2.3181806
13.3778474,-10.0
0.9229828,0.9229828
15.0195266,-10.0
-0.9136504,-0.9136504
-0.3241353,-0.3241353
-1.2264329,-1.2264329
-0.4509581,-0.4509581
-1.2435681,-1.2435681
-18.1649924,-10.0
-0.7882481,-0.7882481
-0.7922014,-0.7922014
-1.188595,-1.188595
-17.4293335,-10.0
-16.2748439,-10.0
-13.5462806,-10.0
-17.1900382,-10.0
-2.091771,-2.091771
-15.987152,-10.0
-17.3377072,-10.0
-1.6416792,-1.6416792
-14.0965438,-10.0
-15.0195266,-10.0
-15.933177,-10.0
-15.3436619,-10.0
-16.2459595,-10.0
-15.4704847,-10.0
-16.2630947,-10.0
-2.2318154,-2.2318154
15.1449289,-10.0
15.1409756,-10.0
14.744582,-10.0
-1.4961565,-1.4961565
-0.3416669,-0.3416669
2.3868964,2.3868964
-1.2568612,-1.2568612
13.841406,-10.0
-0.053975,-0.053975
-1.4045302,-1.4045302
14.2914978,-10.0
1.8366332,1.8366332
0.9136504,0.9136504
15.933177,-10.0
0.5895151,0.5895151
-0.3127825,-0.3127825
0.4626923,0.4626923
-0.3299177,-0.3299177
-2.8213305,-2.8213305
14.5554138,-10.0
14.5514605,-10.0
14.1550669,-10.0
-2.0856716,-2.0856716
-0.931182,-0.931182
1.7973813,1.7973813
-1.8463763,-1.8463763
13.2518909,-10.0
-0.6434901,-0.6434901
-1.9940453,-1.9940453
13.7019827,-10.0
1.2471181,1.2471181
0.3241353,0.3241353
15.3436619,-10.0
-0.5895151,-0.5895151
-0.9022976,-0.9022976
-0.1268228,-0.1268228
-0.9194328,-0.9194328
-1.9190329,-1.9190329
15.4577114,-10.0
15.4537581,-10.0
15.0573645,-10.0
-1.183374,-1.183374
-0.0288844,-0.0288844
2.6996789,2.6996789
-0.9440787,-0.9440787
14.1541885,-10.0
0.2588075,0.2588075
-1.0917477,-1.0917477
14.6042803,-10.0
2.1494157,2.1494157
1.2264329,1.2264329
16.2459595,-10.0
0.3127825,0.3127825
0.9022976,0.9022976
0.7754748,0.7754748
-0.0171352,-0.0171352
-2.6945077,-2.6945077
14.6822366,-10.0
14.6782833,-10.0
14.2818897,-10.0
-1.9588488,-1.9588488
-0.8043592,-0.8043592
1.9242041,1.9242041
-1.7195535,-1.7195535
13.3787137,-10.0
-0.5166673,-0.5166673
-1.8672225,-1.8672225
13.8288055,-10.0
1.3739409,1.3739409
0.4509581,0.4509581
15.4704847,-10.0
-0.4626923,-0.4626923
0.1268228,0.1268228
-0.7754748,-0.7754748
-0.79261,-0.79261
-1.9018977,-1.9018977
15.4748466,-10.0
15.4708933,-10.0
15.0744997,-10.0
-1.1662388,-1.1662388
-0.0117492,-0.0117492
2.7168141,2.7168141
-0.9269435,-0.9269435
14.1713237,-10.0
0.2759427,0.2759427
-1.0746125,-1.0746125
14.6214155,-10.0
2.1665509,2.1665509
1.2435681,1.2435681
16.2630947,-10.0
0.3299177,0.3299177
0.9194328,0.9194328
0.0171352,0.0171352
0.79261,0.79261
7.3586513,7.3586513
2.3126888,2.3126888
1.0259267,1.0259267
0.8835503,0.8835503
-0.2277078,-0.2277078
1.5395021,1.5395021
0.7167832,0.7167832
1.5882759,1.5882759
1.9691005,1.9691005
-0.2172029,-0.2172029
0.0028324,0.0028324
10.5749826,-10.0
-2.2015962,-2.2015962
3.5474134,3.5474134
0.2667797,0.2667797
0.9669032,0.9669032
0.6441343,0.6441343
11.6500224,-10.0
1.8947022,1.8947022
-7.3586513,-7.3586513
-5.0459625,-5.0459625
-6.3327246,-6.3327246
-6.475101,-6.475101
-7.5863591,-7.5863591
-5.8191492,-5.8191492
-6.6418681,-6.6418681
-5.7703754,-5.7703754
-5.3895508,-5.3895508
-7.5758542,-7.5758542
-7.3558189,-7.3558189
3.2163313,3.2163313
-9.5602475,-9.5602475
-3.8112379,-3.8112379
-7.0918716,-7.0918716
-6.3917481,-6.3917481
-6.714517,-6.714517
4.2913711,4.2913711
-5.4639491,-5.4639491
-2.3126888,-2.3126888
5.0459625,5.0459625
-1.2867621,-1.2867621
-1.4291385,-1.4291385
-2.5403966,-2.5403966
-0.7731867,-0.7731867
-1.5959056,-1.5959056
-0.7244129,-0.7244129
-0.3435883,-0.3435883
-2.5298917,-2.5298917
-2.3098564,-2.3098564
8.2622938,8.2622938
-4.514285,-4.514285
1.2347246,1.2347246
-2.0459091,-2.0459091
-1.3457856,-1.3457856
-1.6685545,-1.6685545
9.3373336,9.3373336
-0.4179866,-0.4179866
-1.0259267,-1.0259267
6.3327246,6.3327246
1.2867621,1.2867621
-0.1423764,-0.1423764
-1.2536345,-1.2536345
0.5135754,0.5135754
-0.3091435,-0.3091435
0.5623492,0.5623492
0.9431738,0.9431738
-1.2431296,-1.2431296
-1.0230943,-1.0230943
9.5490559,9.5490559
-3.2275229,-3.2275229
2.5214867,2.5214867
-0.759147,-0.759147
-0.0590235,-0.0590235
-0.3817924,-0.3817924
10.6240957,-10.0
0.8687755,0.8687755
-0.8835503,-0.8835503
6.475101,6.475101
1.4291385,1.4291385
0.1423764,0.1423764
-1.1112581,-1.1112581
0.6559518,0.6559518
-0.1667671,-0.1667671
0.7047256,0.7047256
1.0855502,1.0855502
-1.1007532,-1.1007532
-0.8807179,-0.8807179
9.6914323,9.6914323
-3.0851465,-3.0851465
2.6638631,2.6638631
-0.6167706,-0.6167706
0.0833529,0.0833529
-0.239416,-0.239416
10.7664721,-10.0
1.0111519,1.0111519
0.2277078,0.2277078
7.5863591,7.5863591
2.5403966,2.5403966
1.2536345,1.2536345
1.1112581,1.1112581
1.7672099,1.7672099
0.944491,0.944491
1.8159837,1.8159837
2.1968083,2.1968083
0.0105049,0.0105049
0.2305402,0.2305402
10.8026904,-10.0
-1.9738884,-1.9738884
3.7751212,3.7751212
0.4944875,0.4944875
1.194611,1.194611
0.8718421,0.8718421
11.8777302,-10.0
2.12241,2.12241
-1.5395021,-1.5395021
5.8191492,5.8191492
0.7731867,0.7731867
-0.5135754,-0.5135754
-0.6559518,-0.6559518
-1.7672099,-1.7672099
-0.8227189,-0.8227189
0.0487738,0.0487738
0.4295984,0.4295984
-1.756705,-1.756705
-1.5366697,-1.5366697
9.0354805,9.0354805
-3.7410983,-3.7410983
2.0079113,2.0079113
-1.2727224,-1.2727224
-0.5725989,-0.5725989
-0.8953678,-0.8953678
10.1105203,-10.0
0.3552001,0.3552001
-0.7167832,-0.7167832
6.6418681,6.6418681
1.5959056,1.5959056
0.3091435,0.3091435
0.1667671,0.1667671
-0.944491,-0.944491
0.8227189,0.8227189
0.8714927,0.8714927
1.2523173,1.2523173
-0.9339861,-0.9339861
-0.7139508,-0.7139508
9.8581994,9.8581994
-2.9183794,-2.9183794
2.8306302,2.8306302
-0.4500035,-0.4500035
0.25012,0.25012
-0.0726489,-0.0726489
10.9332392,-10.0
1.177919,1.177919
-1.5882759,-1.5882759
5.7703754,5.7703754
0.7244129,0.7244129
-0.5623492,-0.5623492
-0.7047256,-0.7047256
-1.8159837,-1.8159837
-0.0487738,-0.0487738
-0.8714927,-0.8714927
0.3808246,0.3808246
-1.8054788,-1.8054788
-1.5854435,-1.5854435
8.9867067,8.9867067
-3.7898721,-3.7898721
1.9591375,1.9591375
-1.3214962,-1.3214962
-0.6213727,-0.6213727
-0.9441416,-0.9441416
10.0617465,-10.0
0.3064263,0.3064263
-1.9691005,-1.9691005
5.3895508,5.3895508
0.3435883,0.3435883
-0.9431738,-0.9431738
-1.0855502,-1.0855502
-2.1968083,-2.1968083
-0.4295984,-0.4295984
-1.2523173,-1.2523173
-0.3808246,-0.3808246
-2.1863034,-2.1863034
-1.9662681,-1.9662681
8.6058821,8.6058821
-4.1706967,-4.1706967
1.5783129,1.5783129
-1.7023208,-1.7023208
-1.0021973,-1.0021973
-1.3249662,-1.3249662
9.6809219,9.6809219
-0.0743983,-0.0743983
0.2172029,0.2172029
7.5758542,7.5758542
2.5298917,2.5298917
1.2431296,1.2431296
1.1007532,1.1007532
-0.0105049,-0.0105049
1.756705,1.756705
0.9339861,0.9339861
1.8054788,1.8054788
2.1863034,2.1863034
0.2200353,0.2200353
10.7921855,-10.0
-1.9843933,-1.9843933
3.7646163,3.7646163
0.4839826,0.4839826
1.1841061,1.1841061
0.8613372,0.8613372
11.8672253,-10.0
2.1119051,2.1119051
-0.0028324,-0.0028324
7.3558189,7.3558189
2.3098564,2.3098564
1.0230943,1.0230943
0.8807179,0.8807179
-0.2305402,-0.2305402
1.5366697,1.5366697
0.7139508,0.7139508
1.5854435,1.5854435
1.9662681,1.9662681
-0.2200353,-0.2200353
10.5721502,-10.0
-2.2044286,-2.2044286
3.544581,3.544581
0.2639473,0.2639473
0.9640708,0.9640708
0.6413019,0.6413019
11.64719,-10.0
1.8918698,1.8918698
-10.5749826,-10.0
-3.2163313,-3.2163313
-8.2622938,-8.2622938
-9.5490559,-9.5490559
-9.6914323,-9.6914323
-10.8026904,-10.0
-9.0354805,-9.0354805
-9.8581994,-9.8581994
-8.9867067,-8.9867067
-8.6058821,-8.6058821
-10.7921855,-10.0
-10.5721502,-10.0
-12.7765788,-10.0
-7.0275692,-7.0275692
-10.3082029,-10.0
-9.6080794,-9.6080794
-9.9308483,-9.9308483
1.0750398,1.0750398
-8.6802804,-8.6802804
2.2015962,2.2015962
9.5602475,9.5602475
4.514285,4.514285
3.2275229,3.2275229
3.0851465,3.0851465
1.9738884,1.9738884
3.7410983,3.7410983
2.9183794,2.9183794
3.7898721,3.7898721
4.1706967,4.1706967
1.9843933,1.9843933
2.2044286,2.2044286
12.7765788,-10.0
5.7490096,5.7490096
2.4683759,2.4683759
3.1684994,3.1684994
2.8457305,2.8457305
13.8516186,-10.0
4.0962984,4.0962984
-3.5474134,-3.5474134
3.8112379,3.8112379
-1.2347246,-1.2347246
-2.5214867,-2.5214867
-2.6638631,-2.6638631
-3.7751212,-3.7751212
-2.0079113,-2.0079113
-2.8306302,-2.8306302
-1.9591375,-1.9591375
-1.5783129,-1.5783129
-3.7646163,-3.7646163
-3.544581,-3.544581
7.0275692,7.0275692
-5.7490096,-5.7490096
-3.2806337,-3.2806337
-2.5805102,-2.5805102
-2.9032791,-2.9032791
8.102609,8.102609
-1.6527112,-1.6527112
-0.2667797,-0.2667797
7.0918716,7.0918716
2.0459091,2.0459091
0.759147,0.759147
0.6167706,0.6167706
-0.4944875,-0.4944875
1.2727224,1.2727224
0.4500035,0.4500035
1.3214962,1.3214962
1.7023208,1.7023208
-0.4839826,-0.4839826
-0.2639473,-0.2639473
10.3082029,-10.0
-2.4683759,-2.4683759
3.2806337,3.2806337
0.7001235,0.7001235
0.3773546,0.3773546
11.3832427,-10.0
1.6279225,1.6279225
-0.9669032,-0.9669032
6.3917481,6.3917481
1.3457856,1.3457856
0.0590235,0.0590235
-0.0833529,-0.0833529
-1.194611,-1.194611
0.5725989,0.5725989
-0.25012,-0.25012
0.6213727,0.6213727
1.0021973,1.0021973
-1.1841061,-1.1841061
-0.9640708,-0.9640708
9.6080794,9.6080794
-3.1684994,-3.1684994
2.5805102,2.5805102
-0.7001235,-0.7001235
-0.3227689,-0.3227689
10.6831192,-10.0
0.927799,0.927799
-0.6441343,-0.6441343
6.714517,6.714517
1.6685545,1.6685545
0.3817924,0.3817924
0.239416,0.239416
-0.8718421,-0.8718421
0.8953678,0.8953678
0.0726489,0.0726489
0.9441416,0.9441416
1.3249662,1.3249662
-0.8613372,-0.8613372
-0.6413019,-0.6413019
9.9308483,9.9308483
-2.8457305,-2.8457305
2.9032791,2.9032791
-0.3773546,-0.3773546
0.3227689,0.3227689
11.0058881,-10.0
1.2505679,1.2505679
-11.6500224,-10.0
-4.2913711,-4.2913711
-9.3373336,-9.3373336
-10.6240957,-10.0
-10.7664721,-10.0
-11.8777302,-10.0
-10.1105203,-10.0
-10.9332392,-10.0
-10.0617465,-10.0
-9.6809219,-9.6809219
-11.8672253,-10.0
-11.64719,-10.0
-1.0750398,-1.0750398
-13.8516186,-10.0
-8.102609,-8.102609
-11.3832427,-10.0
-10.6831192,-10.0
-11.0058881,-10.0
-9.7553202,-9.7553202
-1.8947022,-1.8947022
5.4639491,5.4639491
0.4179866,0.4179866
-0.8687755,-0.8687755
-1.0111519,-1.0111519
-2.12241,-2.12241
-0.3552001,-0.3552001
-1.177919,-1.177919
-0.3064263,-0.3064263
0.0743983,0.0743983
-2.1119051,-2.1119051
-1.8918698,-1.8918698
8.6802804,8.6802804
-4.0962984,-4.0962984
1.6527112,1.6527112
-1.6279225,-1.6279225
-0.927799,-0.927799
-1.2505679,-1.2505679
9.7553202,9.7553202
16.0499822,-10.0
14.591676,-10.0
2.9345535,2.9345535
-0.7404854,-0.7404854
1.6702716,1.6702716
0.6442029,0.6442029
-0.60816,-0.60816
-0.1701927,-0.1701927
0.1602982,0.1602982
-0.4781693,-0.4781693
-0.4658993,-0.4658993
2.035959,2.035959
-0.9554269,-0.9554269
2.3051908,2.3051908
0.770803,0.770803
-0.3505943,-0.3505943
0.1324816,0.1324816
14.2734538,-10.0
0.7734956,0.7734956
-16.0499822,-10.0
-1.4583062,-1.4583062
-13.1154287,-10.0
-16.7904676,-10.0
-14.3797106,-10.0
-15.4057793,-10.0
-16.6581422,-10.0
-16.2201749,-10.0
-15.889684,-10.0
-16.5281515,-10.0
-16.5158815,-10.0
-14.0140232,-10.0
-17.0054091,-10.0
-13.7447914,-10.0
-15.2791792,-10.0
-16.4005765,-10.0
-15.9175006,-10.0
-1.7765284,-1.7765284
-15.2764866,-10.0
-14.591676,-10.0
1.4583062,1.4583062
-11.6571225,-10.0
-15.3321614,-10.0
-12.9214044,-10.0
-13.9474731,-10.0
-15.199836,-10.0
-14.7618687,-10.0
-14.4313778,-10.0
-15.0698453,-10.0
-15.0575753,-10.0
-12.555717,-10.0
-15.5471029,-10.0
-12.2864852,-10.0
-13.820873,-10.0
-14.9422703,-10.0
-14.4591944,-10.0
-0.3182222,-0.3182222
-13.8181804,-10.0
-2.9345535,-2.9345535
13.1154287,-10.0
11.6571225,-10.0
-3.6750389,-3.6750389
-1.2642819,-1.2642819
-2.2903506,-2.2903506
-3.5427135,-3.5427135
-3.1047462,-3.1047462
-2.7742553,-2.7742553
-3.4127228,-3.4127228
-3.4004528,-3.4004528
-0.8985945,-0.8985945
-3.8899804,-3.8899804
-0.6293627,-0.6293627
-2.1637505,-2.1637505
-3.2851478,-3.2851478
-2.8020719,-2.8020719
11.3389003,-10.0
-2.1610579,-2.1610579
0.7404854,0.7404854
16.7904676,-10.0
15.3321614,-10.0
3.6750389,3.6750389
2.410757,2.410757
1.3846883,1.3846883
0.1323254,0.1323254
0.5702927,0.5702927
0.9007836,0.9007836
0.2623161,0.2623161
0.2745861,0.2745861
2.7764444,2.7764444
-0.2149415,-0.2149415
3.0456762,3.0456762
1.5112884,1.5112884
0.3898911,0.3898911
0.872967,0.872967
15.0139392,-10.0
1.513981,1.513981
-1.6702716,-1.6702716
14.3797106,-10.0
12.9214044,-10.0
1.2642819,1.2642819
-2.410757,-2.410757
-1.0260687,-1.0260687
-2.2784316,-2.2784316
-1.8404643,-1.8404643
-1.5099734,-1.5099734
-2.1484409,-2.1484409
-2.1361709,-2.1361709
0.3656874,0.3656874
-2.6256985,-2.6256985
0.6349192,0.6349192
-0.8994686,-0.8994686
-2.0208659,-2.0208659
-1.53779,-1.53779
12.6031822,-10.0
-0.896776,-0.896776
-0.6442029,-0.6442029
15.4057793,-10.0
13.9474731,-10.0
2.2903506,2.2903506
-1.3846883,-1.3846883
1.0260687,1.0260687
-1.2523629,-1.2523629
-0.8143956,-0.8143956
-0.4839047,-0.4839047
-1.1223722,-1.1223722
-1.1101022,-1.1101022
1.3917561,1.3917561
-1.5996298,-1.5996298
1.6609879,1.6609879
0.1266001,0.1266001
-0.9947972,-0.9947972
-0.5117213,-0.5117213
13.6292509,-10.0
0.1292927,0.1292927
0.60816,0.60816
16.6581422,-10.0
15.199836,-10.0
3.5427135,3.5427135
-0.1323254,-0.1323254
2.2784316,2.2784316
1.2523629,1.2523629
0.4379673,0.4379673
0.7684582,0.7684582
0.1299907,0.1299907
0.1422607,0.1422607
2.644119,2.644119
-0.3472669,-0.3472669
2.9133508,2.9133508
1.378963,1.378963
0.2575657,0.2575657
0.7406416,0.7406416
14.8816138,-10.0
1.3816556,1.3816556
0.1701927,0.1701927
16.2201749,-10.0
14.7618687,-10.0
3.1047462,3.1047462
-0.5702927,-0.5702927
1.8404643,1.8404643
0.8143956,0.8143956
-0.4379673,-0.4379673
0.3304909,0.3304909
-0.3079766,-0.3079766
-0.2957066,-0.2957066
2.2061517,2.2061517
-0.7852342,-0.7852342
2.4753835,2.4753835
0.9409957,0.9409957
-0.1804016,-0.1804016
0.3026743,0.3026743
14.4436465,-10.0
0.9436883,0.9436883
-0.1602982,-0.1602982
15.889684,-10.0
14.4313778,-10.0
2.7742553,2.7742553
-0.9007836,-0.9007836
1.5099734,1.5099734
0.4839047,0.4839047
-0.7684582,-0.7684582
-0.3304909,-0.3304909
-0.6384675,-0.6384675
-0.6261975,-0.6261975
1.8756608,1.8756608
-1.1157251,-1.1157251
2.1448926,2.1448926
0.6105048,0.6105048
-0.5108925,-0.5108925
-0.0278166,-0.0278166
14.1131556,-10.0
0.6131974,0.6131974
0.4781693,0.4781693
16.5281515,-10.0
15.0698453,-10.0
3.4127228,3.4127228
-0.2623161,-0.2623161
2.1484409,2.1484409
1.1223722,1.1223722
-0.1299907,-0.1299907
0.3079766,0.3079766
0.6384675,0.6384675
0.01227,0.01227
2.5141283,2.5141283
-0.4772576,-0.4772576
2.7833601,2.7833601
1.2489723,1.2489723
0.127575,0.127575
0.6106509,0.6106509
14.7516231,-10.0
1.2516649,1.2516649
0.4658993,0.4658993
16.5158815,-10.0
15.0575753,-10.0
3.4004528,3.4004528
-0.2745861,-0.2745861
2.1361709,2.1361709
1.1101022,1.1101022
-0.1422607,-0.1422607
0.2957066,0.2957066
0.6261975,0.6261975
-0.01227,-0.01227
2.5018583,2.5018583
-0.4895276,-0.4895276
2.7710901,2.7710901
1.2367023,1.2367023
0.115305,0.115305
0.5983809,0.5983809
14.7393531,-10.0
1.2393949,1.2393949
-2.035959,-2.035959
14.0140232,-10.0
12.555717,-10.0
0.8985945,0.8985945
-2.7764444,-2.7764444
-0.3656874,-0.3656874
-1.3917561,-1.3917561
-2.644119,-2.644119
-2.2061517,-2.2061517
-1.8756608,-1.8756608
-2.5141283,-2.5141283
-2.5018583,-2.5018583
-2.9913859,-2.9913859
0.2692318,0.2692318
-1.265156,-1.265156
-2.3865533,-2.3865533
-1.9034774,-1.9034774
12.2374948,-10.0
-1.2624634,-1.2624634
0.9554269,0.9554269
17.0054091,-10.0
15.5471029,-10.0
3.8899804,3.8899804
0.2149415,0.2149415
2.6256985,2.6256985
1.5996298,1.5996298
0.3472669,0.3472669
0.7852342,0.7852342
1.1157251,1.1157251
0.4772576,0.4772576
0.4895276,0.4895276
2.9913859,2.9913859
3.2606177,3.2606177
1.7262299,1.7262299
0.6048326,0.6048326
1.0879085,1.0879085
15.2288807,-10.0
1.7289225,1.7289225
-2.3051908,-2.3051908
13.7447914,-10.0
12.2864852,-10.0
0.6293627,0.6293627
-3.0456762,-3.0456762
-0.6349192,-0.6349192
-1.6609879,-1.6609879
-2.9133508,-2.9133508
-2.4753835,-2.4753835
-2.1448926,-2.1448926
-2.7833601,-2.7833601
-2.7710901,-2.7710901
-0.2692318,-0.2692318
-3.2606177,-3.2606177
-1.5343878,-1.5343878
-2.6557851,-2.6557851
-2.1727092,-2.1727092
11.968263,-10.0
-1.5316952,-1.5316952
-0.770803,-0.770803
15.2791792,-10.0
13.820873,-10.0
2.1637505,2.1637505
-1.5112884,-1.5112884
0.8994686,0.8994686
-0.1266001,-0.1266001
-1.378963,-1.378963
-0.9409957,-0.9409957
-0.6105048,-0.6105048
-1.2489723,-1.2489723
-1.2367023,-1.2367023
1.265156,1.265156
-1.7262299,-1.7262299
1.5343878,1.5343878
-1.1213973,-1.1213973
-0.6383214,-0.6383214
13.5026508,-10.0
0.0026926,0.0026926
0.3505943,0.3505943
16.4005765,-10.0
14.9422703,-10.0
3.2851478,3.2851478
-0.3898911,-0.3898911
2.0208659,2.0208659
0.9947972,0.9947972
-0.2575657,-0.2575657
0.1804016,0.1804016
0.5108925,0.5108925
-0.127575,-0.127575
-0.115305,-0.115305
2.3865533,2.3865533
-0.6048326,-0.6048326
2.6557851,2.6557851
1.1213973,1.1213973
0.4830759,0.4830759
14.6240481,-10.0
1.1240899,1.1240899
-0.1324816,-0.1324816
15.9175006,-10.0
14.4591944,-10.0
2.8020719,2.8020719
-0.872967,-0.872967
1.53779,1.53779
0.5117213,0.5117213
-0.7406416,-0.7406416
-0.3026743,-0.3026743
0.0278166,0.0278166
-0.6106509,-0.6106509
-0.5983809,-0.5983809
1.9034774,1.9034774
-1.0879085,-1.0879085
2.1727092,2.1727092
0.6383214,0.6383214
-0.4830759,-0.4830759
14.1409722,-10.0
0.641014,0.641014
-14.2734538,-10.0
1.7765284,1.7765284
0.3182222,0.3182222
-11.3389003,-10.0
-15.0139392,-10.0
-12.6031822,-10.0
-13.6292509,-10.0
-14.8816138,-10.0
-14.4436465,-10.0
-14.1131556,-10.0
-14.7516231,-10.0
-14.7393531,-10.0
-12.2374948,-10.0
-15.2288807,-10.0
-11.968263,-10.0
-13.5026508,-10.0
-14.6240481,-10.0
-14.1409722,-10.0
-13.4999582,-10.0
-0.7734956,-0.7734956
15.2764866,-10.0
13.8181804,-10.0
2.1610579,2.1610579
-1.513981,-1.513981
0.896776,0.896776
-0.1292927,-0.1292927
-1.3816556,-1.3816556
-0.9436883,-0.9436883
-0.6131974,-0.6131974
-1.2516649,-1.2516649
-1.2393949,-1.2393949
1.2624634,1.2624634
-1.7289225,-1.7289225
1.5316952,1.5316952
-0.0026926,-0.0026926
-1.1240899,-1.1240899
-0.641014,-0.641014
13.4999582,-10.0
1.1970628,1.1970628
3.6849148,3.6849148
4.9941996,4.9941996
-2.4046289,-2.4046289
0.1443069,0.1443069
12.8459243,-10.0
-2.7143778,-2.7143778
6.5049815,6.5049815
-1.7701152,-1.7701152
-2.2035856,-2.2035856
5.8961816,5.8961816
-0.2274691,-0.2274691
11.2027741,-10.0
7.0966564,7.0966564
2.4385393,2.4385393
-0.8283788,-0.8283788
-1.9048912,-1.9048912
4.0587963,4.0587963
-1.6012678,-1.6012678
-1.1970628,-1.1970628
2.487852,2.487852
3.7971368,3.7971368
-3.6016917,-3.6016917
-1.0527559,-1.0527559
11.6488615,-10.0
-3.9114406,-3.9114406
5.3079187,5.3079187
-2.967178,-2.967178
-3.4006484,-3.4006484
4.6991188,4.6991188
-1.4245319,-1.4245319
10.0057113,-10.0
5.8995936,5.8995936
1.2414765,1.2414765
-2.0254416,-2.0254416
-3.101954,-3.101954
2.8617335,2.8617335
-2.7983306,-2.7983306
-3.6849148,-3.6849148
-2.487852,-2.487852
1.3092848,1.3092848
-6.0895437,-6.0895437
-3.5406079,-3.5406079
9.1610095,9.1610095
-6.3992926,-6.3992926
2.8200667,2.8200667
-5.45503,-5.45503
-5.8885004,-5.8885004
2.2112668,2.2112668
-3.9123839,-3.9123839
7.5178593,7.5178593
3.4117416,3.4117416
-1.2463755,-1.2463755
-4.5132936,-4.5132936
-5.589806,-5.589806
0.3738815,0.3738815
-5.2861826,-5.2861826
-4.9941996,-4.9941996
-3.7971368,-3.7971368
-1.3092848,-1.3092848
-7.3988285,-7.3988285
-4.8498927,-4.8498927
7.8517247,7.8517247
-7.7085774,-7.7085774
1.5107819,1.5107819
-6.7643148,-6.7643148
-7.1977852,-7.1977852
0.901982,0.901982
-5.2216687,-5.2216687
6.2085745,6.2085745
2.1024568,2.1024568
-2.5556603,-2.5556603
-5.8225784,-5.8225784
-6.8990908,-6.8990908
-0.9354033,-0.9354033
-6.5954674,-6.5954674
2.4046289,2.4046289
3.6016917,3.6016917
6.0895437,6.0895437
7.3988285,7.3988285
2.5489358,2.5489358
15.2505532,-10.0
-0.3097489,-0.3097489
8.9096104,8.9096104
0.6345137,0.6345137
0.2010433,0.2010433
8.3008105,8.3008105
2.1771598,2.1771598
13.607403,-10.0
9.5012853,9.5012853
4.8431682,4.8431682
1.5762501,1.5762501
0.4997377,0.4997377
6.4634252,6.4634252
0.8033611,0.8033611
-0.1443069,-0.1443069
1.0527559,1.0527559
3.5406079,3.5406079
4.8498927,4.8498927
-2.5489358,-2.5489358
12.7016174,-10.0
-2.8586847,-2.8586847
6.3606746,6.3606746
-1.9144221,-1.9144221
-2.3478925,-2.3478925
5.7518747,5.7518747
-0.371776,-0.371776
11.0584672,-10.0
6.9523495,6.9523495
2.2942324,2.2942324
-0.9726857,-0.9726857
-2.0491981,-2.0491981
3.9144894,3.9144894
-1.7455747,-1.7455747
-12.8459243,-10.0
-11.6488615,-10.0
-9.1610095,-9.1610095
-7.8517247,-7.8517247
-15.2505532,-10.0
-12.7016174,-10.0
-15.5603021,-10.0
-6.3409428,-6.3409428
-14.6160395,-10.0
-15.0495099,-10.0
-6.9497427,-6.9497427
-13.0733934,-10.0
-1.6431502,-1.6431502
-5.7492679,-5.7492679
-10.407385,-10.0
-13.6743031,-10.0
-14.7508155,-10.0
-8.787128,-8.787128
-14.4471921,-10.0
2.7143778,2.7143778
3.9114406,3.9114406
6.3992926,6.3992926
7.7085774,7.7085774
0.3097489,0.3097489
2.8586847,2.8586847
15.5603021,-10.0
9.2193593,9.2193593
0.9442626,0.9442626
0.5107922,0.5107922
8.6105594,8.6105594
2.4869087,2.4869087
13.9171519,-10.0
9.8110342,9.8110342
5.1529171,5.1529171
1.885999,1.885999
0.8094866,0.8094866
6.7731741,6.7731741
1.11311,1.11311
-6.5049815,-6.5049815
-5.3079187,-5.3079187
-2.8200667,-2.8200667
-1.5107819,-1.5107819
-8.9096104,-8.9096104
-6.3606746,-6.3606746
6.3409428,6.3409428
-9.2193593,-9.2193593
-8.2750967,-8.2750967
-8.7085671,-8.7085671
-0.6087999,-0.6087999
-6.7324506,-6.7324506
4.6977926,4.6977926
0.5916749,0.5916749
-4.0664422,-4.0664422
-7.3333603,-7.3333603
-8.4098727,-8.4098727
-2.4461852,-2.4461852
-8.1062493,-8.1062493
1.7701152,1.7701152
2.967178,2.967178
5.45503,5.45503
6.7643148,6.7643148
-0.6345137,-0.6345137
1.9144221,1.9144221
14.6160395,-10.0
-0.9442626,-0.9442626
8.2750967,8.2750967
-0.4334704,-0.4334704
7.6662968,7.6662968
1.5426461,1.5426461
12.9728893,-10.0
8.8667716,8.8667716
4.2086545,4.2086545
0.9417364,0.9417364
-0.134776,-0.134776
5.8289115,5.8289115
0.1688474,0.1688474
2.2035856,2.2035856
3.4006484,3.4006484
5.8885004,5.8885004
7.1977852,7.1977852
-0.2010433,-0.2010433
2.3478925,2.3478925
15.0495099,-10.0
-0.5107922,-0.5107922
8.7085671,8.7085671
0.4334704,0.4334704
8.0997672,8.0997672
1.9761165,1.9761165
13.4063597,-10.0
9.300242,9.300242
4.6421249,4.6421249
1.3752068,1.3752068
0.2986944,0.2986944
6.2623819,6.2623819
0.6023178,0.6023178
-5.8961816,-5.8961816
-4.6991188,-4.6991188
-2.2112668,-2.2112668
-0.901982,-0.901982
-8.3008105,-8.3008105
-5.7518747,-5.7518747
6.9497427,6.9497427
-8.6105594,-8.6105594
0.6087999,0.6087999
-7.6662968,-7.6662968
-8.0997672,-8.0997672
-6.1236507,-6.1236507
5.3065925,5.3065925
1.2004748,1.2004748
-3.4576423,-3.4576423
-6.7245604,-6.7245604
-7.8010728,-7.8010728
-1.8373853,-1.8373853
-7.4974494,-7.4974494
0.2274691,0.2274691
1.4245319,1.4245319
3.9123839,3.9123839
5.2216687,5.2216687
-2.1771598,-2.1771598
0.371776,0.371776
13.0733934,-10.0
-2.4869087,-2.4869087
6.7324506,6.7324506
-1.5426461,-1.5426461
-1.9761165,-1.9761165
6.1236507,6.1236507
11.4302432,-10.0
7.3241255,7.3241255
2.6660084,2.6660084
-0.6009097,-0.6009097
-1.6774221,-1.6774221
4.2862654,4.2862654
-1.3737987,-1.3737987
-11.2027741,-10.0
-10.0057113,-10.0
-7.5178593,-7.5178593
-6.2085745,-6.2085745
-13.607403,-10.0
-11.0584672,-10.0
1.6431502,1.6431502
-13.9171519,-10.0
-4.6977926,-4.6977926
-12.9728893,-10.0
-13.4063597,-10.0
-5.3065925,-5.3065925
-11.4302432,-10.0
-4.1061177,-4.1061177
-8.7642348,-8.7642348
-12.0311529,-10.0
-13.1076653,-10.0
-7.1439778,-7.1439778
-12.8040419,-10.0
-7.0966564,-7.0966564
-5.8995936,-5.8995936
-3.4117416,-3.4117416
-2.1024568,-2.1024568
-9.5012853,-9.5012853
-6.9523495,-6.9523495
5.7492679,5.7492679
-9.8110342,-9.8110342
-0.5916749,-0.5916749
-8.8667716,-8.8667716
-9.300242,-9.300242
-1.2004748,-1.2004748
-7.3241255,-7.3241255
4.1061177,4.1061177
-4.6581171,-4.6581171
-7.9250352,-7.9250352
-9.0015476,-9.0015476
-3.0378601,-3.0378601
-8.6979242,-8.6979242
-2.4385393,-2.4385393
-1.2414765,-1.2414765
1.2463755,1.2463755
2.5556603,2.5556603
-4.8431682,-4.8431682
-2.2942324,-2.2942324
10.407385,-10.0
-5.1529171,-5.1529171
4.0664422,4.0664422
-4.2086545,-4.2086545
-4.6421249,-4.6421249
3.4576423,3.4576423
-2.6660084,-2.6660084
8.7642348,8.7642348
4.6581171,4.6581171
-3.2669181,-3.2669181
-4.3434305,-4.3434305
1.620257,1.620257
-4.0398071,-4.0398071
0.8283788,0.8283788
2.0254416,2.0254416
4.5132936,4.5132936
5.8225784,5.8225784
-1.5762501,-1.5762501
0.9726857,0.9726857
13.6743031,-10.0
-1.885999,-1.885999
7.3333603,7.3333603
-0.9417364,-0.9417364
-1.3752068,-1.3752068
6.7245604,6.7245604
0.6009097,0.6009097
12.0311529,-10.0
7.9250352,7.9250352
3.2669181,3.2669181
-1.0765124,-1.0765124
4.8871751,4.8871751
-0.772889,-0.772889
1.9048912,1.9048912
3.101954,3.101954
5.589806,5.589806
6.8990908,6.8990908
-0.4997377,-0.4997377
2.0491981,2.0491981
14.7508155,-10.0
-0.8094866,-0.8094866
8.4098727,8.4098727
0.134776,0.134776
-0.2986944,-0.2986944
7.8010728,7.8010728
1.6774221,1.6774221
13.1076653,-10.0
9.0015476,9.0015476
4.3434305,4.3434305
1.0765124,1.0765124
5.9636875,5.9636875
0.3036234,0.3036234
-4.0587963,-4.0587963
-2.8617335,-2.8617335
-0.3738815,-0.3738815
0.9354033,0.9354033
-6.4634252,-6.4634252
-3.9144894,-3.9144894
8.787128,8.787128
-6.7731741,-6.7731741
2.4461852,2.4461852
-5.8289115,-5.8289115
-6.2623819,-6.2623819
1.8373853,1.8373853
-4.2862654,-4.2862654
7.1439778,7.1439778
3.0378601,3.0378601
-1.620257,-1.620257
-4.8871751,-4.8871751
-5.9636875,-5.9636875
-5.6600641,-5.6600641
1.6012678,1.6012678
2.7983306,2.7983306
5.2861826,5.2861826
6.5954674,6.5954674
-0.8033611,-0.8033611
1.7455747,1.7455747
14.4471921,-10.0
-1.11311,-1.11311
8.1062493,8.1062493
-0.1688474,-0.1688474
-0.6023178,-0.6023178
7.4974494,7.4974494
1.3737987,1.3737987
12.8040419,-10.0
8.6979242,8.6979242
4.0398071,4.0398071
0.772889,0.772889
-0.3036234,-0.3036234
5.6600641,5.6600641
1.5501453,1.5501453
3.0680855,3.0680855
15.6018669,-10.0
2.5542704,2.5542704
-0.4974712,-0.4974712
5.1579533,5.1579533
-0.1290728,-0.1290728
15.0573478,-10.0
0.6235783,0.6235783
-0.5685576,-0.5685576
-0.1302971,-0.1302971
1.3279889,1.3279889
0.5344921,0.5344921
4.2835054,4.2835054
0.5039998,0.5039998
0.8826077,0.8826077
0.2628728,0.2628728
-1.262152,-1.262152
2.5413309,2.5413309
-1.5501453,-1.5501453
1.5179402,1.5179402
14.0517216,-10.0
1.0041251,1.0041251
-2.0476165,-2.0476165
3.607808,3.607808
-1.6792181,-1.6792181
13.5072025,-10.0
-0.926567,-0.926567
-2.1187029,-2.1187029
-1.6804424,-1.6804424
-0.2221564,-0.2221564
-1.0156532,-1.0156532
2.7333601,2.7333601
-1.0461455,-1.0461455
-0.6675376,-0.6675376
-1.2872725,-1.2872725
-2.8122973,-2.8122973
0.9911856,0.9911856
-3.0680855,-3.0680855
-1.5179402,-1.5179402
12.5337814,-10.0
-0.5138151,-0.5138151
-3.5655567,-3.5655567
2.0898678,2.0898678
-3.1971583,-3.1971583
11.9892623,-10.0
-2.4445072,-2.4445072
-3.6366431,-3.6366431
-3.1983826,-3.1983826
-1.7400966,-1.7400966
-2.5335934,-2.5335934
1.2154199,1.2154199
-2.5640857,-2.5640857
-2.1854778,-2.1854778
-2.8052127,-2.8052127
-4.3302375,-4.3302375
-0.5267546,-0.5267546
-15.6018669,-10.0
-14.0517216,-10.0
-12.5337814,-10.0
-13.0475965,-10.0
-16.0993381,-10.0
-10.4439136,-10.0
-15.7309397,-10.0
-0.5445191,-0.5445191
-14.9782886,-10.0
-16.1704245,-10.0
-15.732164,-10.0
-14.273878,-10.0
-15.0673748,-10.0
-11.3183615,-10.0
-15.0978671,-10.0
-14.7192592,-10.0
-15.3389941,-10.0
-16.8640189,-10.0
-13.060536,-10.0
-2.5542704,-2.5542704
-1.0041251,-1.0041251
0.5138151,0.5138151
13.0475965,-10.0
-3.0517416,-3.0517416
2.6036829,2.6036829
-2.6833432,-2.6833432
12.5030774,-10.0
-1.9306921,-1.9306921
-3.122828,-3.122828
-2.6845675,-2.6845675
-1.2262815,-1.2262815
-2.0197783,-2.0197783
1.729235,1.729235
-2.0502706,-2.0502706
-1.6716627,-1.6716627
-2.2913976,-2.2913976
-3.8164224,-3.8164224
-0.0129395,-0.0129395
0.4974712,0.4974712
2.0476165,2.0476165
3.5655567,3.5655567
16.0993381,-10.0
3.0517416,3.0517416
5.6554245,5.6554245
0.3683984,0.3683984
15.554819,-10.0
1.1210495,1.1210495
-0.0710864,-0.0710864
0.3671741,0.3671741
1.8254601,1.8254601
1.0319633,1.0319633
4.7809766,4.7809766
1.001471,1.001471
1.3800789,1.3800789
0.760344,0.760344
-0.7646808,-0.7646808
3.0388021,3.0388021
-5.1579533,-5.1579533
-3.607808,-3.607808
-2.0898678,-2.0898678
10.4439136,-10.0
-2.6036829,-2.6036829
-5.6554245,-5.6554245
-5.2870261,-5.2870261
9.8993945,9.8993945
-4.534375,-4.534375
-5.7265109,-5.7265109
-5.2882504,-5.2882504
-3.8299644,-3.8299644
-4.6234612,-4.6234612
-0.8744479,-0.8744479
-4.6539535,-4.6539535
-4.2753456,-4.2753456
-4.8950805,-4.8950805
-6.4201053,-6.4201053
-2.6166224,-2.6166224
0.1290728,0.1290728
1.6792181,1.6792181
3.1971583,3.1971583
15.7309397,-10.0
2.6833432,2.6833432
-0.3683984,-0.3683984
5.2870261,5.2870261
15.1864206,-10.0
0.7526511,0.7526511
-0.4394848,-0.4394848
-0.0012243,-0.0012243
1.4570617,1.4570617
0.6635649,0.6635649
4.4125782,4.4125782
0.6330726,0.6330726
1.0116805,1.0116805
0.3919456,0.3919456
-1.1330792,-1.1330792
2.6704037,2.6704037
-15.0573478,-10.0
-13.5072025,-10.0
-11.9892623,-10.0
0.5445191,0.5445191
-12.5030774,-10.0
-15.554819,-10.0
-9.8993945,-9.8993945
-15.1864206,-10.0
-14.4337695,-10.0
-15.6259054,-10.0
-15.1876449,-10.0
-13.7293589,-10.0
-14.5228557,-10.0
-10.7738424,-10.0
-14.553348,-10.0
-14.1747401,-10.0
-14.794475,-10.0
-16.3194998,-10.0
-12.5160169,-10.0
-0.6235783,-0.6235783
0.926567,0.926567
2.4445072,2.4445072
14.9782886,-10.0
1.9306921,1.9306921
-1.1210495,-1.1210495
4.534375,4.534375
-0.7526511,-0.7526511
14.4337695,-10.0
-1.1921359,-1.1921359
-0.7538754,-0.7538754
0.7044106,0.7044106
-0.0890862,-0.0890862
3.6599271,3.6599271
-0.1195785,-0.1195785
0.2590294,0.2590294
-0.3607055,-0.3607055
-1.8857303,-1.8857303
1.9177526,1.9177526
0.5685576,0.5685576
2.1187029,2.1187029
3.6366431,3.6366431
16.1704245,-10.0
3.122828,3.122828
0.0710864,0.0710864
5.7265109,5.7265109
0.4394848,0.4394848
15.6259054,-10.0
1.1921359,1.1921359
0.4382605,0.4382605
1.8965465,1.8965465
1.1030497,1.1030497
4.852063,4.852063
1.0725574,1.0725574
1.4511653,1.4511653
0.8314304,0.8314304
-0.6935944,-0.6935944
3.1098885,3.1098885
0.1302971,0.1302971
1.6804424,1.6804424
3.1983826,3.1983826
15.732164,-10.0
2.6845675,2.6845675
-0.3671741,-0.3671741
5.2882504,5.2882504
0.0012243,0.0012243
15.1876449,-10.0
0.7538754,0.7538754
-0.4382605,-0.4382605
1.458286,1.458286
0.6647892,0.6647892
4.4138025,4.4138025
0.6342969,0.6342969
1.0129048,1.0129048
0.3931699,0.3931699
-1.1318549,-1.1318549
2.671628,2.671628
-1.3279889,-1.3279889
0.2221564,0.2221564
1.7400966,1.7400966
14.273878,-10.0
1.2262815,1.2262815
-1.8254601,-1.8254601
3.8299644,3.8299644
-1.4570617,-1.4570617
13.7293589,-10.0
-0.7044106,-0.7044106
-1.8965465,-1.8965465
-1.458286,-1.458286
-0.7934968,-0.7934968
2.9555165,2.9555165
-0.8239891,-0.8239891
-0.4453812,-0.4453812
-1.0651161,-1.0651161
-2.5901409,-2.5901409
1.213342,1.213342
-0.5344921,-0.5344921
1.0156532,1.0156532
2.5335934,2.5335934
15.0673748,-10.0
2.0197783,2.0197783
-1.0319633,-1.0319633
4.6234612,4.6234612
-0.6635649,-0.6635649
14.5228557,-10.0
0.0890862,0.0890862
-1.1030497,-1.1030497
-0.6647892,-0.6647892
0.7934968,0.7934968
3.7490133,3.7490133
-0.0304923,-0.0304923
0.3481156,0.3481156
-0.2716193,-0.2716193
-1.7966441,-1.7966441
2.0068388,2.0068388
-4.2835054,-4.2835054
-2.7333601,-2.7333601
-1.2154199,-1.2154199
11.3183615,-10.0
-1.729235,-1.729235
-4.7809766,-4.7809766
0.8744479,0.8744479
-4.4125782,-4.4125782
10.7738424,-10.0
-3.6599271,-3.6599271
-4.852063,-4.852063
-4.4138025,-4.4138025
-2.9555165,-2.9555165
-3.7490133,-3.7490133
-3.7795056,-3.7795056
-3.4008977,-3.4008977
-4.0206326,-4.0206326
-5.5456574,-5.5456574
-1.7421745,-1.7421745
-0.5039998,-0.5039998
1.0461455,1.0461455
2.5640857,2.5640857
15.0978671,-10.0
2.0502706,2.0502706
-1.001471,-1.001471
4.6539535,4.6539535
-0.6330726,-0.6330726
14.553348,-10.0
0.1195785,0.1195785
-1.0725574,-1.0725574
-0.6342969,-0.6342969
0.8239891,0.8239891
0.0304923,0.0304923
3.7795056,3.7795056
0.3786079,0.3786079
-0.241127,-0.241127
-1.7661518,-1.7661518
2.0373311,2.0373311
-0.8826077,-0.8826077
0.6675376,0.6675376
2.1854778,2.1854778
14.7192592,-10.0
1.6716627,1.6716627
-1.3800789,-1.3800789
4.2753456,4.2753456
-1.0116805,-1.0116805
14.1747401,-10.0
-0.2590294,-0.2590294
-1.4511653,-1.4511653
-1.0129048,-1.0129048
0.4453812,0.4453812
-0.3481156,-0.3481156
3.4008977,3.4008977
-0.3786079,-0.3786079
-0.6197349,-0.6197349
-2.1447597,-2.1447597
1.6587232,1.6587232
-0.2628728,-0.2628728
1.2872725,1.2872725
2.8052127,2.8052127
15.3389941,-10.0
2.2913976,2.2913976
-0.760344,-0.760344
4.8950805,4.8950805
-0.3919456,-0.3919456
14.794475,-10.0
0.3607055,0.3607055
-0.8314304,-0.8314304
-0.3931699,-0.3931699
1.0651161,1.0651161
0.2716193,0.2716193
4.0206326,4.0206326
0.241127,0.241127
0.6197349,0.6197349
-1.5250248,-1.5250248
2.2784581,2.2784581
1.262152,1.262152
2.8122973,2.8122973
4.3302375,4.3302375
16.8640189,-10.0
3.8164224,3.8164224
0.7646808,0.7646808
6.4201053,6.4201053
1.1330792,1.1330792
16.3194998,-10.0
1.8857303,1.8857303
0.6935944,0.6935944
1.1318549,1.1318549
2.5901409,2.5901409
1.7966441,1.7966441
5.5456574,5.5456574
1.7661518,1.7661518
2.1447597,2.1447597
1.5250248,1.5250248
3.8034829,3.8034829
-2.5413309,-2.5413309
-0.9911856,-0.9911856
0.5267546,0.5267546
13.060536,-10.0
0.0129395,0.0129395
-3.0388021,-3.0388021
2.6166224,2.6166224
-2.6704037,-2.6704037
12.5160169,-10.0
-1.9177526,-1.9177526
-3.1098885,-3.1098885
-2.671628,-2.671628
-1.213342,-1.213342
-2.0068388,-2.0068388
1.7421745,1.7421745
-2.0373311,-2.0373311
-1.6587232,-1.6587232
-2.2784581,-2.2784581
-3.8034829,-3.8034829
2.4136902,2.4136902
2.0935409,2.0935409
0.8020966,0.8020966
-0.6346197,-0.6346197
-0.6427252,-0.6427252
2.0315888,2.0315888
0.7161134,0.7161134
2.4668025,2.4668025
1.797341,1.797341
-0.4342217,-0.4342217
-1.1626825,-1.1626825
-1.2401374,-1.2401374
0.0406313,0.0406313
13.6904483,-10.0
-0.5039101,-0.5039101
-0.6582674,-0.6582674
0.9897039,0.9897039
8.9354453,8.9354453
14.1667155,-10.0
-2.4136902,-2.4136902
-0.3201493,-0.3201493
-1.6115936,-1.6115936
-3.0483099,-3.0483099
-3.0564154,-3.0564154
-0.3821014,-0.3821014
-1.6975768,-1.6975768
0.0531123,0.0531123
-0.6163492,-0.6163492
-2.8479119,-2.8479119
-3.5763727,-3.5763727
-3.6538276,-3.6538276
-2.3730589,-2.3730589
11.2767581,-10.0
-2.9176003,-2.9176003
-3.0719576,-3.0719576
-1.4239863,-1.4239863
6.5217551,6.5217551
11.7530253,-10.0
-2.0935409,-2.0935409
0.3201493,0.3201493
-1.2914443,-1.2914443
-2.7281606,-2.7281606
-2.7362661,-2.7362661
-0.0619521,-0.0619521
-1.3774275,-1.3774275
0.3732616,0.3732616
-0.2961999,-0.2961999
-2.5277626,-2.5277626
-3.2562234,-3.2562234
-3.3336783,-3.3336783
-2.0529096,-2.0529096
11.5969074,-10.0
-2.597451,-2.597451
-2.7518083,-2.7518083
-1.103837,-1.103837
6.8419044,6.8419044
12.0731746,-10.0
-0.8020966,-0.8020966
1.6115936,1.6115936
1.2914443,1.2914443
-1.4367163,-1.4367163
-1.4448218,-1.4448218
1.2294922,1.2294922
-0.0859832,-0.0859832
1.6647059,1.6647059
0.9952444,0.9952444
-1.2363183,-1.2363183
-1.9647791,-1.9647791
-2.042234,-2.042234
-0.7614653,-0.7614653
12.8883517,-10.0
-1.3060067,-1.3060067
-1.460364,-1.460364
0.1876073,0.1876073
8.1333487,8.1333487
13.3646189,-10.0
0.6346197,0.6346197
3.0483099,3.0483099
2.7281606,2.7281606
1.4367163,1.4367163
-0.0081055,-0.0081055
2.6662085,2.6662085
1.3507331,1.3507331
3.1014222,3.1014222
2.4319607,2.4319607
0.200398,0.200398
-0.5280628,-0.5280628
-0.6055177,-0.6055177
0.675251,0.675251
14.325068,-10.0
0.1307096,0.1307096
-0.0236477,-0.0236477
1.6243236,1.6243236
9.570065,9.570065
14.8013352,-10.0
0.6427252,0.6427252
3.0564154,3.0564154
2.7362661,2.7362661
1.4448218,1.4448218
0.0081055,0.0081055
2.674314,2.674314
1.3588386,1.3588386
3.1095277,3.1095277
2.4400662,2.4400662
0.2085035,0.2085035
-0.5199573,-0.5199573
-0.5974122,-0.5974122
0.6833565,0.6833565
14.3331735,-10.0
0.1388151,0.1388151
-0.0155422,-0.0155422
1.6324291,1.6324291
9.5781705,9.5781705
14.8094407,-10.0
-2.0315888,-2.0315888
0.3821014,0.3821014
0.0619521,0.0619521
-1.2294922,-1.2294922
-2.6662085,-2.6662085
-2.674314,-2.674314
-1.3154754,-1.3154754
0.4352137,0.4352137
-0.2342478,-0.2342478
-2.4658105,-2.4658105
-3.1942713,-3.1942713
-3.2717262,-3.2717262
-1.9909575,-1.9909575
11.6588595,-10.0
-2.5354989,-2.5354989
-2.6898562,-2.6898562
-1.0418849,-1.0418849
6.9038565,6.9038565
12.1351267,-10.0
-0.7161134,-0.7161134
1.6975768,1.6975768
1.3774275,1.3774275
0.0859832,0.0859832
-1.3507331,-1.3507331
-1.3588386,-1.3588386
1.3154754,1.3154754
1.7506891,1.7506891
1.0812276,1.0812276
-1.1503351,-1.1503351
-1.8787959,-1.8787959
-1.9562508,-1.9562508
-0.6754821,-0.6754821
12.9743349,-10.0
-1.2200235,-1.2200235
-1.3743808,-1.3743808
0.2735905,0.2735905
8.2193319,8.2193319
13.4506021,-10.0
-2.4668025,-2.4668025
-0.0531123,-0.0531123
-0.3732616,-0.3732616
-1.6647059,-1.6647059
-3.1014222,-3.1014222
-3.1095277,-3.1095277
-0.4352137,-0.4352137
-1.7506891,-1.7506891
-0.6694615,-0.6694615
-2.9010242,-2.9010242
-3.629485,-3.629485
-3.7069399,-3.7069399
-2.4261712,-2.4261712
11.2236458,-10.0
-2.9707126,-2.9707126
-3.1250699,-3.1250699
-1.4770986,-1.4770986
6.4686428,6.4686428
11.699913,-10.0
-1.797341,-1.797341
0.6163492,0.6163492
0.2961999,0.2961999
-0.9952444,-0.9952444
-2.4319607,-2.4319607
-2.4400662,-2.4400662
0.2342478,0.2342478
-1.0812276,-1.0812276
0.6694615,0.6694615
-2.2315627,-2.2315627
-2.9600235,-2.9600235
-3.0374784,-3.0374784
-1.7567097,-1.7567097
11.8931073,-10.0
-2.3012511,-2.3012511
-2.4556084,-2.4556084
-0.8076371,-0.8076371
7.1381043,7.1381043
12.3693745,-10.0
0.4342217,0.4342217
2.8479119,2.8479119
2.5277626,2.5277626
1.2363183,1.2363183
-0.200398,-0.200398
-0.2085035,-0.2085035
2.4658105,2.4658105
1.1503351,1.1503351
2.9010242,2.9010242
2.2315627,2.2315627
-0.7284608,-0.7284608
-0.8059157,-0.8059157
0.474853,0.474853
14.12467,-10.0
-0.0696884,-0.0696884
-0.2240457,-0.2240457
1.4239256,1.4239256
9.369667,9.369667
14.6009372,-10.0
1.1626825,1.1626825
3.5763727,3.5763727
3.2562234,3.2562234
1.9647791,1.9647791
0.5280628,0.5280628
0.5199573,0.5199573
3.1942713,3.1942713
1.8787959,1.8787959
3.629485,3.629485
2.9600235,2.9600235
0.7284608,0.7284608
-0.0774549,-0.0774549
1.2033138,1.2033138
14.8531308,-10.0
0.6587724,0.6587724
0.5044151,0.5044151
2.1523864,2.1523864
10.0981278,-10.0
15.329398,-10.0
1.2401374,1.2401374
3.6538276,3.6538276
3.3336783,3.3336783
2.042234,2.042234
0.6055177,0.6055177
0.5974122,0.5974122
3.2717262,3.2717262
1.9562508,1.9562508
3.7069399,3.7069399
3.0374784,3.0374784
0.8059157,0.8059157
0.0774549,0.0774549
1.2807687,1.2807687
14.9305857,-10.0
0.7362273,0.7362273
0.58187,0.58187
2.2298413,2.2298413
10.1755827,-10.0
15.4068529,-10.0
-0.0406313,-0.0406313
2.3730589,2.3730589
2.0529096,2.0529096
0.7614653,0.7614653
-0.675251,-0.675251
-0.6833565,-0.6833565
1.9909575,1.9909575
0.6754821,0.6754821
2.4261712,2.4261712
1.7567097,1.7567097
-0.474853,-0.474853
-1.2033138,-1.2033138
-1.2807687,-1.2807687
13.649817,-10.0
-0.5445414,-0.5445414
-0.6988987,-0.6988987
0.9490726,0.9490726
8.894814,8.894814
14.1260842,-10.0
-13.6904483,-10.0
-11.2767581,-10.0
-11.5969074,-10.0
-12.8883517,-10.0
-14.325068,-10.0
-14.3331735,-10.0
-11.6588595,-10.0
-12.9743349,-10.0
-11.2236458,-10.0
-11.8931073,-10.0
-14.12467,-10.0
-14.8531308,-10.0
-14.9305857,-10.0
-13.649817,-10.0
-14.1943584,-10.0
-14.3487157,-10.0
-12.7007444,-10.0
-4.755003,-4.755003
0.4762672,0.4762672
0.5039101,0.5039101
2.9176003,2.9176003
2.597451,2.597451
1.3060067,1.3060067
-0.1307096,-0.1307096
-0.1388151,-0.1388151
2.5354989,2.5354989
1.2200235,1.2200235
2.9707126,2.9707126
2.3012511,2.3012511
0.0696884,0.0696884
-0.6587724,-0.6587724
-0.7362273,-0.7362273
0.5445414,0.5445414
14.1943584,-10.0
-0.1543573,-0.1543573
1.493614,1.493614
9.4393554,9.4393554
14.6706256,-10.0
0.6582674,0.6582674
3.0719576,3.0719576
2.7518083,2.7518083
1.460364,1.460364
0.0236477,0.0236477
0.0155422,0.0155422
2.6898562,2.6898562
1.3743808,1.3743808
3.1250699,3.1250699
2.4556084,2.4556084
0.2240457,0.2240457
-0.5044151,-0.5044151
-0.58187,-0.58187
0.6988987,0.6988987
14.3487157,-10.0
0.1543573,0.1543573
1.6479713,1.6479713
9.5937127,9.5937127
14.8249829,-10.0
-0.9897039,-0.9897039
1.4239863,1.4239863
1.103837,1.103837
-0.1876073,-0.1876073
-1.6243236,-1.6243236
-1.6324291,-1.6324291
1.0418849,1.0418849
-0.2735905,-0.2735905
1.4770986,1.4770986
0.8076371,0.8076371
-1.4239256,-1.4239256
-2.1523864,-2.1523864
-2.2298413,-2.2298413
-0.9490726,-0.9490726
12.7007444,-10.0
-1.493614,-1.493614
-1.6479713,-1.6479713
7.9457414,7.9457414
13.1770116,-10.0
-8.9354453,-8.9354453
-6.5217551,-6.5217551
-6.8419044,-6.8419044
-8.1333487,-8.1333487
-9.570065,-9.570065
-9.5781705,-9.5781705
-6.9038565,-6.9038565
-8.2193319,-8.2193319
-6.4686428,-6.4686428
-7.1381043,-7.1381043
-9.369667,-9.369667
-10.0981278,-10.0
-10.1755827,-10.0
-8.894814,-8.894814
4.755003,4.755003
-9.4393554,-9.4393554
-9.5937127,-9.5937127
-7.9457414,-7.9457414
5.2312702,5.2312702
-14.1667155,-10.0
-11.7530253,-10.0
-12.0731746,-10.0
-13.3646189,-10.0
-14.8013352,-10.0
-14.8094407,-10.0
-12.1351267,-10.0
-13.4506021,-10.0
-11.699913,-10.0
-12.3693745,-10.0
-14.6009372,-10.0
-15.329398,-10.0
-15.4068529,-10.0
-14.1260842,-10.0
-0.4762672,-0.4762672
-14.6706256,-10.0
-14.8249829,-10.0
-13.1770116,-10.0
-5.2312702,-5.2312702
1.6654509,1.6654509
14.8956829,-10.0
14.4770905,-10.0
-1.6622314,-1.6622314
0.4513526,0.4513526
14.3697556,-10.0
-1.0186051,-1.0186051
14.6638448,-10.0
-0.7633258,-0.7633258
-1.6389916,-1.6389916
0.7036853,0.7036853
0.1375733,0.1375733
13.8574997,-10.0
14.4112022,-10.0
0.4991589,0.4991589
0.2555342,0.2555342
-0.804021,-0.804021
3.4551069,3.4551069
13.7543105,-10.0
-1.6654509,-1.6654509
13.230232,-10.0
12.8116396,-10.0
-3.3276823,-3.3276823
-1.2140983,-1.2140983
12.7043047,-10.0
-2.684056,-2.684056
12.9983939,-10.0
-2.4287767,-2.4287767
-3.3044425,-3.3044425
-0.9617656,-0.9617656
-1.5278776,-1.5278776
12.1920488,-10.0
12.7457513,-10.0
-1.166292,-1.166292
-1.4099167,-1.4099167
-2.4694719,-2.4694719
1.789656,1.789656
12.0888596,-10.0
-14.8956829,-10.0
-13.230232,-10.0
-0.4185924,-0.4185924
-16.5579143,-10.0
-14.4443303,-10.0
-0.5259273,-0.5259273
-15.914288,-10.0
-0.2318381,-0.2318381
-15.6590087,-10.0
-16.5346745,-10.0
-14.1919976,-10.0
-14.7581096,-10.0
-1.0381832,-1.0381832
-0.4844807,-0.4844807
-14.396524,-10.0
-14.6401487,-10.0
-15.6997039,-10.0
-11.440576,-10.0
-1.1413724,-1.1413724
-14.4770905,-10.0
-12.8116396,-10.0
0.4185924,0.4185924
-16.1393219,-10.0
-14.0257379,-10.0
-0.1073349,-0.1073349
-15.4956956,-10.0
0.1867543,0.1867543
-15.2404163,-10.0
-16.1160821,-10.0
-13.7734052,-10.0
-14.3395172,-10.0
-0.6195908,-0.6195908
-0.0658883,-0.0658883
-13.9779316,-10.0
-14.2215563,-10.0
-15.2811115,-10.0
-11.0219836,-10.0
-0.72278,-0.72278
1.6622314,1.6622314
3.3276823,3.3276823
16.5579143,-10.0
16.1393219,-10.0
2.113584,2.113584
16.031987,-10.0
0.6436263,0.6436263
16.3260762,-10.0
0.8989056,0.8989056
0.0232398,0.0232398
2.3659167,2.3659167
1.7998047,1.7998047
15.5197311,-10.0
16.0734336,-10.0
2.1613903,2.1613903
1.9177656,1.9177656
0.8582104,0.8582104
5.1173383,5.1173383
15.4165419,-10.0
-0.4513526,-0.4513526
1.2140983,1.2140983
14.4443303,-10.0
14.0257379,-10.0
-2.113584,-2.113584
13.918403,-10.0
-1.4699577,-1.4699577
14.2124922,-10.0
-1.2146784,-1.2146784
-2.0903442,-2.0903442
0.2523327,0.2523327
-0.3137793,-0.3137793
13.4061471,-10.0
13.9598496,-10.0
0.0478063,0.0478063
-0.1958184,-0.1958184
-1.2553736,-1.2553736
3.0037543,3.0037543
13.3029579,-10.0
-14.3697556,-10.0
-12.7043047,-10.0
0.5259273,0.5259273
0.1073349,0.1073349
-16.031987,-10.0
-13.918403,-10.0
-15.3883607,-10.0
0.2940892,0.2940892
-15.1330814,-10.0
-16.0087472,-10.0
-13.6660703,-10.0
-14.2321823,-10.0
-0.5122559,-0.5122559
0.0414466,0.0414466
-13.8705967,-10.0
-14.1142214,-10.0
-15.1737766,-10.0
-10.9146487,-10.0
-0.6154451,-0.6154451
1.0186051,1.0186051
2.684056,2.684056
15.914288,-10.0
15.4956956,-10.0
-0.6436263,-0.6436263
1.4699577,1.4699577
15.3883607,-10.0
15.6824499,-10.0
0.2552793,0.2552793
-0.6203865,-0.6203865
1.7222904,1.7222904
1.1561784,1.1561784
14.8761048,-10.0
15.4298073,-10.0
1.517764,1.517764
1.2741393,1.2741393
0.2145841,0.2145841
4.473712,4.473712
14.7729156,-10.0
-14.6638448,-10.0
-12.9983939,-10.0
0.2318381,0.2318381
-0.1867543,-0.1867543
-16.3260762,-10.0
-14.2124922,-10.0
-0.2940892,-0.2940892
-15.6824499,-10.0
-15.4271706,-10.0
-16.3028364,-10.0
-13.9601595,-10.0
-14.5262715,-10.0
-0.8063451,-0.8063451
-0.2526426,-0.2526426
-14.1646859,-10.0
-14.4083106,-10.0
-15.4678658,-10.0
-11.2087379,-10.0
-0.9095343,-0.9095343
0.7633258,0.7633258
2.4287767,2.4287767
15.6590087,-10.0
15.2404163,-10.0
-0.8989056,-0.8989056
1.2146784,1.2146784
15.1330814,-10.0
-0.2552793,-0.2552793
15.4271706,-10.0
-0.8756658,-0.8756658
1.4670111,1.4670111
0.9008991,0.9008991
14.6208255,-10.0
15.174528,-10.0
1.2624847,1.2624847
1.01886,1.01886
-0.0406952,-0.0406952
4.2184327,4.2184327
14.5176363,-10.0
1.6389916,1.6389916
3.3044425,3.3044425
16.5346745,-10.0
16.1160821,-10.0
-0.0232398,-0.0232398
2.0903442,2.0903442
16.0087472,-10.0
0.6203865,0.6203865
16.3028364,-10.0
0.8756658,0.8756658
2.3426769,2.3426769
1.7765649,1.7765649
15.4964913,-10.0
16.0501938,-10.0
2.1381505,2.1381505
1.8945258,1.8945258
0.8349706,0.8349706
5.0940985,5.0940985
15.3933021,-10.0
-0.7036853,-0.7036853
0.9617656,0.9617656
14.1919976,-10.0
13.7734052,-10.0
-2.3659167,-2.3659167
-0.2523327,-0.2523327
13.6660703,-10.0
-1.7222904,-1.7222904
13.9601595,-10.0
-1.4670111,-1.4670111
-2.3426769,-2.3426769
-0.566112,-0.566112
13.1538144,-10.0
13.7075169,-10.0
-0.2045264,-0.2045264
-0.4481511,-0.4481511
-1.5077063,-1.5077063
2.7514216,2.7514216
13.0506252,-10.0
-0.1375733,-0.1375733
1.5278776,1.5278776
14.7581096,-10.0
14.3395172,-10.0
-1.7998047,-1.7998047
0.3137793,0.3137793
14.2321823,-10.0
-1.1561784,-1.1561784
14.5262715,-10.0
-0.9008991,-0.9008991
-1.7765649,-1.7765649
0.566112,0.566112
13.7199264,-10.0
14.2736289,-10.0
0.3615856,0.3615856
0.1179609,0.1179609
-0.9415943,-0.9415943
3.3175336,3.3175336
13.6167372,-10.0
-13.8574997,-10.0
-12.1920488,-10.0
1.0381832,1.0381832
0.6195908,0.6195908
-15.5197311,-10.0
-13.4061471,-10.0
0.5122559,0.5122559
-14.8761048,-10.0
0.8063451,0.8063451
-14.6208255,-10.0
-15.4964913,-10.0
-13.1538144,-10.0
-13.7199264,-10.0
0.5537025,0.5537025
-13.3583408,-10.0
-13.6019655,-10.0
-14.6615207,-10.0
-10.4023928,-10.0
-0.1031892,-0.1031892
-14.4112022,-10.0
-12.7457513,-10.0
0.4844807,0.4844807
0.0658883,0.0658883
-16.0734336,-10.0
-13.9598496,-10.0
-0.0414466,-0.0414466
-15.4298073,-10.0
0.2526426,0.2526426
-15.174528,-10.0
-16.0501938,-10.0
-13.7075169,-10.0
-14.2736289,-10.0
-0.5537025,-0.5537025
-13.9120433,-10.0
-14.155668,-10.0
-15.2152232,-10.0
-10.9560953,-10.0
-0.6568917,-0.6568917
-0.4991589,-0.4991589
1.166292,1.166292
14.396524,-10.0
13.9779316,-10.0
-2.1613903,-2.1613903
-0.0478063,-0.0478063
13.8705967,-10.0
-1.517764,-1.517764
14.1646859,-10.0
-1.2624847,-1.2624847
-2.1381505,-2.1381505
0.2045264,0.2045264
-0.3615856,-0.3615856
13.3583408,-10.0
13.9120433,-10.0
-0.2436247,-0.2436247
-1.3031799,-1.3031799
2.955948,2.955948
13.2551516,-10.0
-0.2555342,-0.2555342
1.4099167,1.4099167
14.6401487,-10.0
14.2215563,-10.0
-1.9177656,-1.9177656
0.1958184,0.1958184
14.1142214,-10.0
-1.2741393,-1.2741393
14.4083106,-10.0
-1.01886,-1.01886
-1.8945258,-1.8945258
0.4481511,0.4481511
-0.1179609,-0.1179609
13.6019655,-10.0
14.155668,-10.0
0.2436247,0.2436247
-1.0595552,-1.0595552
3.1995727,3.1995727
13.4987763,-10.0
0.804021,0.804021
2.4694719,2.4694719
15.6997039,-10.0
15.2811115,-10.0
-0.8582104,-0.8582104
1.2553736,1.2553736
15.1737766,-10.0
-0.2145841,-0.2145841
15.4678658,-10.0
0.0406952,0.0406952
-0.8349706,-0.8349706
1.5077063,1.5077063
0.9415943,0.9415943
14.6615207,-10.0
15.2152232,-10.0
1.3031799,1.3031799
1.0595552,1.0595552
4.2591279,4.2591279
14.5583315,-10.0
-3.4551069,-3.4551069
-1.789656,-1.789656
11.440576,-10.0
11.0219836,-10.0
-5.1173383,-5.1173383
-3.0037543,-3.0037543
10.9146487,-10.0
-4.473712,-4.473712
11.2087379,-10.0
-4.2184327,-4.2184327
-5.0940985,-5.0940985
-2.7514216,-2.7514216
-3.3175336,-3.3175336
10.4023928,-10.0
10.9560953,-10.0
-2.955948,-2.955948
-3.1995727,-3.1995727
-4.2591279,-4.2591279
10.2992036,-10.0
-13.7543105,-10.0
-12.0888596,-10.0
1.1413724,1.1413724
0.72278,0.72278
-15.4165419,-10.0
-13.3029579,-10.0
0.6154451,0.6154451
-14.7729156,-10.0
0.9095343,0.9095343
-14.5176363,-10.0
-15.3933021,-10.0
-13.0506252,-10.0
-13.6167372,-10.0
0.1031892,0.1031892
0.6568917,0.6568917
-13.2551516,-10.0
-13.4987763,-10.0
-14.5583315,-10.0
-10.2992036,-10.0
1.9876537,1.9876537
5.5874537,5.5874537
8.2583466,8.2583466
-1.6576095,-1.6576095
0.5136962,0.5136962
2.4230528,2.4230528
-1.9430833,-1.9430833
6.3973641,6.3973641
-0.8995878,-0.8995878
-0.9932303,-0.9932303
2.5104564,2.5104564
2.0809512,2.0809512
9.0585839,9.0585839
3.9396233,3.9396233
0.9720254,0.9720254
0.566785,0.566785
-1.5208879,-1.5208879
3.3648514,3.3648514
-0.1045556,-0.1045556
-1.9876537,-1.9876537
3.5998,3.5998
6.2706929,6.2706929
-3.6452632,-3.6452632
-1.4739575,-1.4739575
0.4353991,0.4353991
-3.930737,-3.930737
4.4097104,4.4097104
-2.8872415,-2.8872415
-2.980884,-2.980884
0.5228027,0.5228027
0.0932975,0.0932975
7.0709302,7.0709302
1.9519696,1.9519696
-1.0156283,-1.0156283
-1.4208687,-1.4208687
-3.5085416,-3.5085416
1.3771977,1.3771977
-2.0922093,-2.0922093
-5.5874537,-5.5874537
-3.5998,-3.5998
2.6708929,2.6708929
-7.2450632,-7.2450632
-5.0737575,-5.0737575
-3.1644009,-3.1644009
-7.530537,-7.530537
0.8099104,0.8099104
-6.4870415,-6.4870415
-6.580684,-6.580684
-3.0769973,-3.0769973
-3.5065025,-3.5065025
3.4711302,3.4711302
-1.6478304,-1.6478304
-4.6154283,-4.6154283
-5.0206687,-5.0206687
-7.1083416,-7.1083416
-2.2226023,-2.2226023
-5.6920093,-5.6920093
-8.2583466,-8.2583466
-6.2706929,-6.2706929
-2.6708929,-2.6708929
-9.9159561,-9.9159561
-7.7446504,-7.7446504
-5.8352938,-5.8352938
-10.2014299,-10.0
-1.8609825,-1.8609825
-9.1579344,-9.1579344
-9.2515769,-9.2515769
-5.7478902,-5.7478902
-6.1773954,-6.1773954
0.8002373,0.8002373
-4.3187233,-4.3187233
-7.2863212,-7.2863212
-7.6915616,-7.6915616
-9.7792345,-9.7792345
-4.8934952,-4.8934952
-8.3629022,-8.3629022
1.6576095,1.6576095
3.6452632,3.6452632
7.2450632,7.2450632
9.9159561,9.9159561
2.1713057,2.1713057
4.0806623,4.0806623
-0.2854738,-0.2854738
8.0549736,8.0549736
0.7580217,0.7580217
0.6643792,0.6643792
4.1680659,4.1680659
3.7385607,3.7385607
10.7161934,-10.0
5.5972328,5.5972328
2.6296349,2.6296349
2.2243945,2.2243945
0.1367216,0.1367216
5.0224609,5.0224609
1.5530539,1.5530539
-0.5136962,-0.5136962
1.4739575,1.4739575
5.0737575,5.0737575
7.7446504,7.7446504
-2.1713057,-2.1713057
1.9093566,1.9093566
-2.4567795,-2.4567795
5.8836679,5.8836679
-1.413284,-1.413284
-1.5069265,-1.5069265
1.9967602,1.9967602
1.567255,1.567255
8.5448877,8.5448877
3.4259271,3.4259271
0.4583292,0.4583292
0.0530888,0.0530888
-2.0345841,-2.0345841
2.8511552,2.8511552
-0.6182518,-0.6182518
-2.4230528,-2.4230528
-0.4353991,-0.4353991
3.1644009,3.1644009
5.8352938,5.8352938
-4.0806623,-4.0806623
-1.9093566,-1.9093566
-4.3661361,-4.3661361
3.9743113,3.9743113
-3.3226406,-3.3226406
-3.4162831,-3.4162831
0.0874036,0.0874036
-0.3421016,-0.3421016
6.6355311,6.6355311
1.5165705,1.5165705
-1.4510274,-1.4510274
-1.8562678,-1.8562678
-3.9439407,-3.9439407
0.9417986,0.9417986
-2.5276084,-2.5276084
1.9430833,1.9430833
3.930737,3.930737
7.530537,7.530537
10.2014299,-10.0
0.2854738,0.2854738
2.4567795,2.4567795
4.3661361,4.3661361
8.3404474,8.3404474
1.0434955,1.0434955
0.949853,0.949853
4.4535397,4.4535397
4.0240345,4.0240345
11.0016672,-10.0
5.8827066,5.8827066
2.9151087,2.9151087
2.5098683,2.5098683
0.4221954,0.4221954
5.3079347,5.3079347
1.8385277,1.8385277
-6.3973641,-6.3973641
-4.4097104,-4.4097104
-0.8099104,-0.8099104
1.8609825,1.8609825
-8.0549736,-8.0549736
-5.8836679,-5.8836679
-3.9743113,-3.9743113
-8.3404474,-8.3404474
-7.2969519,-7.2969519
-7.3905944,-7.3905944
-3.8869077,-3.8869077
-4.3164129,-4.3164129
2.6612198,2.6612198
-2.4577408,-2.4577408
-5.4253387,-5.4253387
-5.8305791,-5.8305791
-7.918252,-7.918252
-3.0325127,-3.0325127
-6.5019197,-6.5019197
0.8995878,0.8995878
2.8872415,2.8872415
6.4870415,6.4870415
9.1579344,9.1579344
-0.7580217,-0.7580217
1.413284,1.413284
3.3226406,3.3226406
-1.0434955,-1.0434955
7.2969519,7.2969519
-0.0936425,-0.0936425
3.4100442,3.4100442
2.980539,2.980539
9.9581717,9.9581717
4.8392111,4.8392111
1.8716132,1.8716132
1.4663728,1.4663728
-0.6213001,-0.6213001
4.2644392,4.2644392
0.7950322,0.7950322
0.9932303,0.9932303
2.980884,2.980884
6.580684,6.580684
9.2515769,9.2515769
-0.6643792,-0.6643792
1.5069265,1.5069265
3.4162831,3.4162831
-0.949853,-0.949853
7.3905944,7.3905944
0.0936425,0.0936425
3.5036867,3.5036867
3.0741815,3.0741815
10.0518142,-10.0
4.9328536,4.9328536
1.9652557,1.9652557
1.5600153,1.5600153
-0.5276576,-0.5276576
4.3580817,4.3580817
0.8886747,0.8886747
-2.5104564,-2.5104564
-0.5228027,-0.5228027
3.0769973,3.0769973
5.7478902,5.7478902
-4.1680659,-4.1680659
-1.9967602,-1.9967602
-0.0874036,-0.0874036
-4.4535397,-4.4535397
3.8869077,3.8869077
-3.4100442,-3.4100442
-3.5036867,-3.5036867
-0.4295052,-0.4295052
6.5481275,6.5481275
1.4291669,1.4291669
-1.538431,-1.538431
-1.9436714,-1.9436714
-4.0313443,-4.0313443
0.854395,0.854395
-2.615012,-2.615012
-2.0809512,-2.0809512
-0.0932975,-0.0932975
3.5065025,3.5065025
6.1773954,6.1773954
-3.7385607,-3.7385607
-1.567255,-1.567255
0.3421016,0.3421016
-4.0240345,-4.0240345
4.3164129,4.3164129
-2.980539,-2.980539
-3.0741815,-3.0741815
0.4295052,0.4295052
6.9776327,6.9776327
1.8586721,1.8586721
-1.1089258,-1.1089258
-1.5141662,-1.5141662
-3.6018391,-3.6018391
1.2839002,1.2839002
-2.1855068,-2.1855068
-9.0585839,-9.0585839
-7.0709302,-7.0709302
-3.4711302,-3.4711302
-0.8002373,-0.8002373
-10.7161934,-10.0
-8.5448877,-8.5448877
-6.6355311,-6.6355311
-11.0016672,-10.0
-2.6612198,-2.6612198
-9.9581717,-9.9581717
-10.0518142,-10.0
-6.5481275,-6.5481275
-6.9776327,-6.9776327
-5.1189606,-5.1189606
-8.0865585,-8.0865585
-8.4917989,-8.4917989
-10.5794718,-10.0
-5.6937325,-5.6937325
-9.1631395,-9.1631395
-3.9396233,-3.9396233
-1.9519696,-1.9519696
1.6478304,1.6478304
4.3187233,4.3187233
-5.5972328,-5.5972328
-3.4259271,-3.4259271
-1.5165705,-1.5165705
-5.8827066,-5.8827066
2.4577408,2.4577408
-4.8392111,-4.8392111
-4.9328536,-4.9328536
-1.4291669,-1.4291669
-1.8586721,-1.8586721
5.1189606,5.1189606
-2.9675979,-2.9675979
-3.3728383,-3.3728383
-5.4605112,-5.4605112
-0.5747719,-0.5747719
-4.0441789,-4.0441789
-0.9720254,-0.9720254
1.0156283,1.0156283
4.6154283,4.6154283
7.2863212,7.2863212
-2.6296349,-2.6296349
-0.4583292,-0.4583292
1.4510274,1.4510274
-2.9151087,-2.9151087
5.4253387,5.4253387
-1.8716132,-1.8716132
-1.9652557,-1.9652557
1.538431,1.538431
1.1089258,1.1089258
8.0865585,8.0865585
2.9675979,2.9675979
-0.4052404,-0.4052404
-2.4929133,-2.4929133
2.392826,2.392826
-1.076581,-1.076581
-0.566785,-0.566785
1.4208687,1.4208687
5.0206687,5.0206687
7.6915616,7.6915616
-2.2243945,-2.2243945
-0.0530888,-0.0530888
1.8562678,1.8562678
-2.5098683,-2.5098683
5.8305791,5.8305791
-1.4663728,-1.4663728
-1.5600153,-1.5600153
1.9436714,1.9436714
1.5141662,1.5141662
8.4917989,8.4917989
3.3728383,3.3728383
0.4052404,0.4052404
-2.0876729,-2.0876729
2.7980664,2.7980664
-0.6713406,-0.6713406
1.5208879,1.5208879
3.5085416,3.5085416
7.1083416,7.1083416
9.7792345,9.7792345
-0.1367216,-0.1367216
2.0345841,2.0345841
3.9439407,3.9439407
-0.4221954,-0.4221954
7.918252,7.918252
0.6213001,0.6213001
0.5276576,0.5276576
4.0313443,4.0313443
3.6018391,3.6018391
10.5794718,-10.0
5.4605112,5.4605112
2.4929133,2.4929133
2.0876729,2.0876729
4.8857393,4.8857393
1.4163323,1.4163323
-3.3648514,-3.3648514
-1.3771977,-1.3771977
2.2226023,2.2226023
4.8934952,4.8934952
-5.0224609,-5.0224609
-2.8511552,-2.8511552
-0.9417986,-0.9417986
-5.3079347,-5.3079347
3.0325127,3.0325127
-4.2644392,-4.2644392
-4.3580817,-4.3580817
-0.854395,-0.854395
-1.2839002,-1.2839002
5.6937325,5.6937325
0.5747719,0.5747719
-2.392826,-2.392826
-2.7980664,-2.7980664
-4.8857393,-4.8857393
-3.469407,-3.469407
0.1045556,0.1045556
2.0922093,2.0922093
5.6920093,5.6920093
8.3629022,8.3629022
-1.5530539,-1.5530539
0.6182518,0.6182518
2.5276084,2.5276084
-1.8385277,-1.8385277
6.5019197,6.5019197
-0.7950322,-0.7950322
-0.8886747,-0.8886747
2.615012,2.615012
2.1855068,2.1855068
9.1631395,9.1631395
4.0441789,4.0441789
1.076581,1.076581
0.6713406,0.6713406
-1.4163323,-1.4163323
3.469407,3.469407
1.8514058,1.8514058
2.0131228,2.0131228
11.6622152,-10.0
-1.7169552,-1.7169552
2.1447134,2.1447134
1.4182679,1.4182679
-1.59223,-1.59223
6.237542,6.237542
-1.6374854,-1.6374854
-1.9176063,-1.9176063
0.2295225,0.2295225
14.6341656,-10.0
0.4939633,0.4939633
14.8104507,-10.0
0.4133389,0.4133389
-0.9158445,-0.9158445
-0.7283796,-0.7283796
12.1195711,-10.0
-0.5013246,-0.5013246
-1.8514058,-1.8514058
0.161717,0.161717
9.8108094,9.8108094
-3.568361,-3.568361
0.2933076,0.2933076
-0.4331379,-0.4331379
-3.4436358,-3.4436358
4.3861362,4.3861362
-3.4888912,-3.4888912
-3.7690121,-3.7690121
-1.6218833,-1.6218833
12.7827598,-10.0
-1.3574425,-1.3574425
12.9590449,-10.0
-1.4380669,-1.4380669
-2.7672503,-2.7672503
-2.5797854,-2.5797854
10.2681653,-10.0
-2.3527304,-2.3527304
-2.0131228,-2.0131228
-0.161717,-0.161717
9.6490924,9.6490924
-3.730078,-3.730078
0.1315906,0.1315906
-0.5948549,-0.5948549
-3.6053528,-3.6053528
4.2244192,4.2244192
-3.6506082,-3.6506082
-3.9307291,-3.9307291
-1.7836003,-1.7836003
12.6210428,-10.0
-1.5191595,-1.5191595
12.7973279,-10.0
-1.5997839,-1.5997839
-2.9289673,-2.9289673
-2.7415024,-2.7415024
10.1064483,-10.0
-2.5144474,-2.5144474
-11.6622152,-10.0
-9.8108094,-9.8108094
-9.6490924,-9.6490924
-13.3791704,-10.0
-9.5175018,-9.5175018
-10.2439473,-10.0
-13.2544452,-10.0
-5.4246732,-5.4246732
-13.2997006,-10.0
-13.5798215,-10.0
-11.4326927,-10.0
2.9719504,2.9719504
-11.1682519,-10.0
3.1482355,3.1482355
-11.2488763,-10.0
-12.5780597,-10.0
-12.3905948,-10.0
0.4573559,0.4573559
-12.1635398,-10.0
1.7169552,1.7169552
3.568361,3.568361
3.730078,3.730078
13.3791704,-10.0
3.8616686,3.8616686
3.1352231,3.1352231
0.1247252,0.1247252
7.9544972,7.9544972
0.0794698,0.0794698
-0.2006511,-0.2006511
1.9464777,1.9464777
16.3511208,-10.0
2.2109185,2.2109185
16.5274059,-10.0
2.1302941,2.1302941
0.8011107,0.8011107
0.9885756,0.9885756
13.8365263,-10.0
1.2156306,1.2156306
-2.1447134,-2.1447134
-0.2933076,-0.2933076
-0.1315906,-0.1315906
9.5175018,9.5175018
-3.8616686,-3.8616686
-0.7264455,-0.7264455
-3.7369434,-3.7369434
4.0928286,4.0928286
-3.7821988,-3.7821988
-4.0623197,-4.0623197
-1.9151909,-1.9151909
12.4894522,-10.0
-1.6507501,-1.6507501
12.6657373,-10.0
-1.7313745,-1.7313745
-3.0605579,-3.0605579
-2.873093,-2.873093
9.9748577,9.9748577
-2.646038,-2.646038
-1.4182679,-1.4182679
0.4331379,0.4331379
0.5948549,0.5948549
10.2439473,-10.0
-3.1352231,-3.1352231
0.7264455,0.7264455
-3.0104979,-3.0104979
4.8192741,4.8192741
-3.0557533,-3.0557533
-3.3358742,-3.3358742
-1.1887454,-1.1887454
13.2158977,-10.0
-0.9243046,-0.9243046
13.3921828,-10.0
-1.004929,-1.004929
-2.3341124,-2.3341124
-2.1466475,-2.1466475
10.7013032,-10.0
-1.9195925,-1.9195925
1.59223,1.59223
3.4436358,3.4436358
3.6053528,3.6053528
13.2544452,-10.0
-0.1247252,-0.1247252
3.7369434,3.7369434
3.0104979,3.0104979
7.829772,7.829772
-0.0452554,-0.0452554
-0.3253763,-0.3253763
1.8217525,1.8217525
16.2263956,-10.0
2.0861933,2.0861933
16.4026807,-10.0
2.0055689,2.0055689
0.6763855,0.6763855
0.8638504,0.8638504
13.7118011,-10.0
1.0909054,1.0909054
-6.237542,-6.237542
-4.3861362,-4.3861362
-4.2244192,-4.2244192
5.4246732,5.4246732
-7.9544972,-7.9544972
-4.0928286,-4.0928286
-4.8192741,-4.8192741
-7.829772,-7.829772
-7.8750274,-7.8750274
-8.1551483,-8.1551483
-6.0080195,-6.0080195
8.3966236,8.3966236
-5.7435787,-5.7435787
8.5729087,8.5729087
-5.8242031,-5.8242031
-7.1533865,-7.1533865
-6.9659216,-6.9659216
5.8820291,5.8820291
-6.7388666,-6.7388666
1.6374854,1.6374854
3.4888912,3.4888912
3.6506082,3.6506082
13.2997006,-10.0
-0.0794698,-0.0794698
3.7821988,3.7821988
3.0557533,3.0557533
0.0452554,0.0452554
7.8750274,7.8750274
-0.2801209,-0.2801209
1.8670079,1.8670079
16.271651,-10.0
2.1314487,2.1314487
16.4479361,-10.0
2.0508243,2.0508243
0.7216409,0.7216409
0.9091058,0.9091058
13.7570565,-10.0
1.1361608,1.1361608
1.9176063,1.9176063
3.7690121,3.7690121
3.9307291,3.9307291
13.5798215,-10.0
0.2006511,0.2006511
4.0623197,4.0623197
3.3358742,3.3358742
0.3253763,0.3253763
8.1551483,8.1551483
0.2801209,0.2801209
2.1471288,2.1471288
16.5517719,-10.0
2.4115696,2.4115696
16.728057,-10.0
2.3309452,2.3309452
1.0017618,1.0017618
1.1892267,1.1892267
14.0371774,-10.0
1.4162817,1.4162817
-0.2295225,-0.2295225
1.6218833,1.6218833
1.7836003,1.7836003
11.4326927,-10.0
-1.9464777,-1.9464777
1.9151909,1.9151909
1.1887454,1.1887454
-1.8217525,-1.8217525
6.0080195,6.0080195
-1.8670079,-1.8670079
-2.1471288,-2.1471288
14.4046431,-10.0
0.2644408,0.2644408
14.5809282,-10.0
0.1838164,0.1838164
-1.145367,-1.145367
-0.9579021,-0.9579021
11.8900486,-10.0
-0.7308471,-0.7308471
-14.6341656,-10.0
-12.7827598,-10.0
-12.6210428,-10.0
-2.9719504,-2.9719504
-16.3511208,-10.0
-12.4894522,-10.0
-13.2158977,-10.0
-16.2263956,-10.0
-8.3966236,-8.3966236
-16.271651,-10.0
-16.5517719,-10.0
-14.4046431,-10.0
-14.1402023,-10.0
0.1762851,0.1762851
-14.2208267,-10.0
-15.5500101,-10.0
-15.3625452,-10.0
-2.5145945,-2.5145945
-15.1354902,-10.0
-0.4939633,-0.4939633
1.3574425,1.3574425
1.5191595,1.5191595
11.1682519,-10.0
-2.2109185,-2.2109185
1.6507501,1.6507501
0.9243046,0.9243046
-2.0861933,-2.0861933
5.7435787,5.7435787
-2.1314487,-2.1314487
-2.4115696,-2.4115696
-0.2644408,-0.2644408
14.1402023,-10.0
14.3164874,-10.0
-0.0806244,-0.0806244
-1.4098078,-1.4098078
-1.2223429,-1.2223429
11.6256078,-10.0
-0.9952879,-0.9952879
-14.8104507,-10.0
-12.9590449,-10.0
-12.7973279,-10.0
-3.1482355,-3.1482355
-16.5274059,-10.0
-12.6657373,-10.0
-13.3921828,-10.0
-16.4026807,-10.0
-8.5729087,-8.5729087
-16.4479361,-10.0
-16.728057,-10.0
-14.5809282,-10.0
-0.1762851,-0.1762851
-14.3164874,-10.0
-14.3971118,-10.0
-15.7262952,-10.0
-15.5388303,-10.0
-2.6908796,-2.6908796
-15.3117753,-10.0
-0.4133389,-0.4133389
1.4380669,1.4380669
1.5997839,1.5997839
11.2488763,-10.0
-2.1302941,-2.1302941
1.7313745,1.7313745
1.004929,1.004929
-2.0055689,-2.0055689
5.8242031,5.8242031
-2.0508243,-2.0508243
-2.3309452,-2.3309452
-0.1838164,-0.1838164
14.2208267,-10.0
0.0806244,0.0806244
14.3971118,-10.0
-1.3291834,-1.3291834
-1.1417185,-1.1417185
11.7062322,-10.0
-0.9146635,-0.9146635
0.9158445,0.9158445
2.7672503,2.7672503
2.9289673,2.9289673
12.5780597,-10.0
-0.8011107,-0.8011107
3.0605579,3.0605579
2.3341124,2.3341124
-0.6763855,-0.6763855
7.1533865,7.1533865
-0.7216409,-0.7216409
-1.0017618,-1.0017618
1.145367,1.145367
15.5500101,-10.0
1.4098078,1.4098078
15.7262952,-10.0
1.3291834,1.3291834
0.1874649,0.1874649
13.0354156,-10.0
0.4145199,0.4145199
0.7283796,0.7283796
2.5797854,2.5797854
2.7415024,2.7415024
12.3905948,-10.0
-0.9885756,-0.9885756
2.873093,2.873093
2.1466475,2.1466475
-0.8638504,-0.8638504
6.9659216,6.9659216
-0.9091058,-0.9091058
-1.1892267,-1.1892267
0.9579021,0.9579021
15.3625452,-10.0
1.2223429,1.2223429
15.5388303,-10.0
1.1417185,1.1417185
-0.1874649,-0.1874649
12.8479507,-10.0
0.227055,0.227055
-12.1195711,-10.0
-10.2681653,-10.0
-10.1064483,-10.0
-0.4573559,-0.4573559
-13.8365263,-10.0
-9.9748577,-9.9748577
-10.7013032,-10.0
-13.7118011,-10.0
-5.8820291,-5.8820291
-13.7570565,-10.0
-14.0371774,-10.0
-11.8900486,-10.0
2.5145945,2.5145945
-11.6256078,-10.0
2.6908796,2.6908796
-11.7062322,-10.0
-13.0354156,-10.0
-12.8479507,-10.0
-12.6208957,-10.0
0.5013246,0.5013246
2.3527304,2.3527304
2.5144474,2.5144474
12.1635398,-10.0
-1.2156306,-1.2156306
2.646038,2.646038
1.9195925,1.9195925
-1.0909054,-1.0909054
6.7388666,6.7388666
-1.1361608,-1.1361608
-1.4162817,-1.4162817
0.7308471,0.7308471
15.1354902,-10.0
0.9952879,0.9952879
15.3117753,-10.0
0.9146635,0.9146635
-0.4145199,-0.4145199
-0.227055,-0.227055
12.6208957,-10.0
0.2885662,0.2885662
12.8582999,-10.0
13.67263,-10.0
-1.9978395,-1.9978395
-0.339012,-0.339012
4.1276525,4.1276525
-1.6542579,-1.6542579
-0.049607,-0.049607
-2.1463519,-2.1463519
-2.5679673,-2.5679673
-0.8978496,-0.8978496
1.9566208,1.9566208
-1.9701944,-1.9701944
1.1291122,1.1291122
-1.2677913,-1.2677913
-1.74835,-1.74835
-1.5794196,-1.5794196
10.72274,-10.0
-0.1737845,-0.1737845
-0.2885662,-0.2885662
12.5697337,-10.0
13.3840638,-10.0
-2.2864057,-2.2864057
-0.6275782,-0.6275782
3.8390863,3.8390863
-1.9428241,-1.9428241
-0.3381732,-0.3381732
-2.4349181,-2.4349181
-2.8565335,-2.8565335
-1.1864158,-1.1864158
1.6680546,1.6680546
-2.2587606,-2.2587606
0.840546,0.840546
-1.5563575,-1.5563575
-2.0369162,-2.0369162
-1.8679858,-1.8679858
10.4341738,-10.0
-0.4623507,-0.4623507
-12.8582999,-10.0
-12.5697337,-10.0
0.8143301,0.8143301
-14.8561394,-10.0
-13.1973119,-10.0
-8.7306474,-8.7306474
-14.5125578,-10.0
-12.9079069,-10.0
-15.0046518,-10.0
-15.4262672,-10.0
-13.7561495,-10.0
-10.9016791,-10.0
-14.8284943,-10.0
-11.7291877,-10.0
-14.1260912,-10.0
-14.6066499,-10.0
-14.4377195,-10.0
-2.1355599,-2.1355599
-13.0320844,-10.0
-13.67263,-10.0
-13.3840638,-10.0
-0.8143301,-0.8143301
-15.6704695,-10.0
-14.011642,-10.0
-9.5449775,-9.5449775
-15.3268879,-10.0
-13.722237,-10.0
-15.8189819,-10.0
-16.2405973,-10.0
-14.5704796,-10.0
-11.7160092,-10.0
-15.6428244,-10.0
-12.5435178,-10.0
-14.9404213,-10.0
-15.42098,-10.0
-15.2520496,-10.0
-2.94989,-2.94989
-13.8464145,-10.0
1.9978395,1.9978395
2.2864057,2.2864057
14.8561394,-10.0
15.6704695,-10.0
1.6588275,1.6588275
6.125492,6.125492
0.3435816,0.3435816
1.9482325,1.9482325
-0.1485124,-0.1485124
-0.5701278,-0.5701278
1.0999899,1.0999899
3.9544603,3.9544603
0.0276451,0.0276451
3.1269517,3.1269517
0.7300482,0.7300482
0.2494895,0.2494895
0.4184199,0.4184199
12.7205795,-10.0
1.824055,1.824055
0.339012,0.339012
0.6275782,0.6275782
13.1973119,-10.0
14.011642,-10.0
-1.6588275,-1.6588275
4.4666645,4.4666645
-1.3152459,-1.3152459
0.289405,0.289405
-1.8073399,-1.8073399
-2.2289553,-2.2289553
-0.5588376,-0.5588376
2.2956328,2.2956328
-1.6311824,-1.6311824
1.4681242,1.4681242
-0.9287793,-0.9287793
-1.409338,-1.409338
-1.2404076,-1.2404076
11.061752,-10.0
0.1652275,0.1652275
-4.1276525,-4.1276525
-3.8390863,-3.8390863
8.7306474,8.7306474
9.5449775,9.5449775
-6.125492,-6.125492
-4.4666645,-4.4666645
-5.7819104,-5.7819104
-4.1772595,-4.1772595
-6.2740044,-6.2740044
-6.6956198,-6.6956198
-5.0255021,-5.0255021
-2.1710317,-2.1710317
-6.0978469,-6.0978469
-2.9985403,-2.9985403
-5.3954438,-5.3954438
-5.8760025,-5.8760025
-5.7070721,-5.7070721
6.5950875,6.5950875
-4.301437,-4.301437
1.6542579,1.6542579
1.9428241,1.9428241
14.5125578,-10.0
15.3268879,-10.0
-0.3435816,-0.3435816
1.3152459,1.3152459
5.7819104,5.7819104
1.6046509,1.6046509
-0.492094,-0.492094
-0.9137094,-0.9137094
0.7564083,0.7564083
3.6108787,3.6108787
-0.3159365,-0.3159365
2.7833701,2.7833701
0.3864666,0.3864666
-0.0940921,-0.0940921
0.0748383,0.0748383
12.3769979,-10.0
1.4804734,1.4804734
0.049607,0.049607
0.3381732,0.3381732
12.9079069,-10.0
13.722237,-10.0
-1.9482325,-1.9482325
-0.289405,-0.289405
4.1772595,4.1772595
-1.6046509,-1.6046509
-2.0967449,-2.0967449
-2.5183603,-2.5183603
-0.8482426,-0.8482426
2.0062278,2.0062278
-1.9205874,-1.9205874
1.1787192,1.1787192
-1.2181843,-1.2181843
-1.698743,-1.698743
-1.5298126,-1.5298126
10.772347,-10.0
-0.1241775,-0.1241775
2.1463519,2.1463519
2.4349181,2.4349181
15.0046518,-10.0
15.8189819,-10.0
0.1485124,0.1485124
1.8073399,1.8073399
6.2740044,6.2740044
0.492094,0.492094
2.0967449,2.0967449
-0.4216154,-0.4216154
1.2485023,1.2485023
4.1029727,4.1029727
0.1761575,0.1761575
3.2754641,3.2754641
0.8785606,0.8785606
0.3980019,0.3980019
0.5669323,0.5669323
12.8690919,-10.0
1.9725674,1.9725674
2.5679673,2.5679673
2.8565335,2.8565335
15.4262672,-10.0
16.2405973,-10.0
0.5701278,0.5701278
2.2289553,2.2289553
6.6956198,6.6956198
0.9137094,0.9137094
2.5183603,2.5183603
0.4216154,0.4216154
1.6701177,1.6701177
4.5245881,4.5245881
0.5977729,0.5977729
3.6970795,3.6970795
1.300176,1.300176
0.8196173,0.8196173
0.9885477,0.9885477
13.2907073,-10.0
2.3941828,2.3941828
0.8978496,0.8978496
1.1864158,1.1864158
13.7561495,-10.0
14.5704796,-10.0
-1.0999899,-1.0999899
0.5588376,0.5588376
5.0255021,5.0255021
-0.7564083,-0.7564083
0.8482426,0.8482426
-1.2485023,-1.2485023
-1.6701177,-1.6701177
2.8544704,2.8544704
-1.0723448,-1.0723448
2.0269618,2.0269618
-0.3699417,-0.3699417
-0.8505004,-0.8505004
-0.68157,-0.68157
11.6205896,-10.0
0.7240651,0.7240651
-1.9566208,-1.9566208
-1.6680546,-1.6680546
10.9016791,-10.0
11.7160092,-10.0
-3.9544603,-3.9544603
-2.2956328,-2.2956328
2.1710317,2.1710317
-3.6108787,-3.6108787
-2.0062278,-2.0062278
-4.1029727,-4.1029727
-4.5245881,-4.5245881
-2.8544704,-2.8544704
-3.9268152,-3.9268152
-0.8275086,-0.8275086
-3.2244121,-3.2244121
-3.7049708,-3.7049708
-3.5360404,-3.5360404
8.7661192,8.7661192
-2.1304053,-2.1304053
1.9701944,1.9701944
2.2587606,2.2587606
14.8284943,-10.0
15.6428244,-10.0
-0.0276451,-0.0276451
1.6311824,1.6311824
6.0978469,6.0978469
0.3159365,0.3159365
1.9205874,1.9205874
-0.1761575,-0.1761575
-0.5977729,-0.5977729
1.0723448,1.0723448
3.9268152,3.9268152
3.0993066,3.0993066
0.7024031,0.7024031
0.2218444,0.2218444
0.3907748,0.3907748
12.6929344,-10.0
1.7964099,1.7964099
-1.1291122,-1.1291122
-0.840546,-0.840546
11.7291877,-10.0
12.5435178,-10.0
-3.1269517,-3.1269517
-1.4681242,-1.4681242
2.9985403,2.9985403
-2.7833701,-2.7833701
-1.1787192,-1.1787192
-3.2754641,-3.2754641
-3.6970795,-3.6970795
-2.0269618,-2.0269618
0.8275086,0.8275086
-3.0993066,-3.0993066
-2.3969035,-2.3969035
-2.8774622,-2.8774622
-2.7085318,-2.7085318
9.5936278,9.5936278
-1.3028967,-1.3028967
1.2677913,1.2677913
1.5563575,1.5563575
14.1260912,-10.0
14.9404213,-10.0
-0.7300482,-0.7300482
0.9287793,0.9287793
5.3954438,5.3954438
-0.3864666,-0.3864666
1.2181843,1.2181843
-0.8785606,-0.8785606
-1.300176,-1.300176
0.3699417,0.3699417
3.2244121,3.2244121
-0.7024031,-0.7024031
2.3969035,2.3969035
-0.4805587,-0.4805587
-0.3116283,-0.3116283
11.9905313,-10.0
1.0940068,1.0940068
1.74835,1.74835
2.0369162,2.0369162
14.6066499,-10.0
15.42098,-10.0
-0.2494895,-0.2494895
1.409338,1.409338
5.8760025,5.8760025
0.0940921,0.0940921
1.698743,1.698743
-0.3980019,-0.3980019
-0.8196173,-0.8196173
0.8505004,0.8505004
3.7049708,3.7049708
-0.2218444,-0.2218444
2.8774622,2.8774622
0.4805587,0.4805587
0.1689304,0.1689304
12.47109,-10.0
1.5745655,1.5745655
1.5794196,1.5794196
1.8679858,1.8679858
14.4377195,-10.0
15.2520496,-10.0
-0.4184199,-0.4184199
1.2404076,1.2404076
5.7070721,5.7070721
-0.0748383,-0.0748383
1.5298126,1.5298126
-0.5669323,-0.5669323
-0.9885477,-0.9885477
0.68157,0.68157
3.5360404,3.5360404
-0.3907748,-0.3907748
2.7085318,2.7085318
0.3116283,0.3116283
-0.1689304,-0.1689304
12.3021596,-10.0
1.4056351,1.4056351
-10.72274,-10.0
-10.4341738,-10.0
2.1355599,2.1355599
2.94989,2.94989
-12.7205795,-10.0
-11.061752,-10.0
-6.5950875,-6.5950875
-12.3769979,-10.0
-10.772347,-10.0
-12.8690919,-10.0
-13.2907073,-10.0
-11.6205896,-10.0
-8.7661192,-8.7661192
-12.6929344,-10.0
-9.5936278,-9.5936278
-11.9905313,-10.0
-12.47109,-10.0
-12.3021596,-10.0
-10.8965245,-10.0
0.1737845,0.1737845
0.4623507,0.4623507
13.0320844,-10.0
13.8464145,-10.0
-1.824055,-1.824055
-0.1652275,-0.1652275
4.301437,4.301437
-1.4804734,-1.4804734
0.1241775,0.1241775
-1.9725674,-1.9725674
-2.3941828,-2.3941828
-0.7240651,-0.7240651
2.1304053,2.1304053
-1.7964099,-1.7964099
1.3028967,1.3028967
-1.0940068,-1.0940068
-1.5745655,-1.5745655
-1.4056351,-1.4056351
10.8965245,-10.0
1.6348261,1.6348261
14.8016113,-10.0
14.2649279,-10.0
-0.4780886,-0.4780886
2.0412092,2.0412092
15.356,-10.0
-0.3127937,-0.3127937
13.7148858,-10.0
-0.1194816,-0.1194816
-0.5932393,-0.5932393
14.5088117,-10.0
-2.0468689,-2.0468689
14.5016788,-10.0
3.6438716,3.6438716
1.8723919,1.8723919
0.4505582,0.4505582
-0.0829808,-0.0829808
0.0250749,0.0250749
0.4426355,0.4426355
-1.6348261,-1.6348261
13.1667852,-10.0
12.6301018,-10.0
-2.1129147,-2.1129147
0.4063831,0.4063831
13.7211739,-10.0
-1.9476198,-1.9476198
12.0800597,-10.0
-1.7543077,-1.7543077
-2.2280654,-2.2280654
12.8739856,-10.0
-3.681695,-3.681695
12.8668527,-10.0
2.0090455,2.0090455
0.2375658,0.2375658
-1.1842679,-1.1842679
-1.7178069,-1.7178069
-1.6097512,-1.6097512
-1.1921906,-1.1921906
-14.8016113,-10.0
-13.1667852,-10.0
-0.5366834,-0.5366834
-15.2796999,-10.0
-12.7604021,-10.0
0.5543887,0.5543887
-15.114405,-10.0
-1.0867255,-1.0867255
-14.9210929,-10.0
-15.3948506,-10.0
-0.2927996,-0.2927996
-16.8484802,-10.0
-0.2999325,-0.2999325
-11.1577397,-10.0
-12.9292194,-10.0
-14.3510531,-10.0
-14.8845921,-10.0
-14.7765364,-10.0
-14.3589758,-10.0
-14.2649279,-10.0
-12.6301018,-10.0
0.5366834,0.5366834
-14.7430165,-10.0
-12.2237187,-10.0
1.0910721,1.0910721
-14.5777216,-10.0
-0.5500421,-0.5500421
-14.3844095,-10.0
-14.8581672,-10.0
0.2438838,0.2438838
-16.3117968,-10.0
0.2367509,0.2367509
-10.6210563,-10.0
-12.392536,-10.0
-13.8143697,-10.0
-14.3479087,-10.0
-14.239853,-10.0
-13.8222924,-10.0
0.4780886,0.4780886
2.1129147,2.1129147
15.2796999,-10.0
14.7430165,-10.0
2.5192978,2.5192978
15.8340886,-10.0
0.1652949,0.1652949
14.1929744,-10.0
0.358607,0.358607
-0.1151507,-0.1151507
14.9869003,-10.0
-1.5687803,-1.5687803
14.9797674,-10.0
4.1219602,4.1219602
2.3504805,2.3504805
0.9286468,0.9286468
0.3951078,0.3951078
0.5031635,0.5031635
0.9207241,0.9207241
-2.0412092,-2.0412092
-0.4063831,-0.4063831
12.7604021,-10.0
12.2237187,-10.0
-2.5192978,-2.5192978
13.3147908,-10.0
-2.3540029,-2.3540029
11.6736766,-10.0
-2.1606908,-2.1606908
-2.6344485,-2.6344485
12.4676025,-10.0
-4.0880781,-4.0880781
12.4604696,-10.0
1.6026624,1.6026624
-0.1688173,-0.1688173
-1.590651,-1.590651
-2.12419,-2.12419
-2.0161343,-2.0161343
-1.5985737,-1.5985737
-15.356,-10.0
-13.7211739,-10.0
-0.5543887,-0.5543887
-1.0910721,-1.0910721
-15.8340886,-10.0
-13.3147908,-10.0
-15.6687937,-10.0
-1.6411142,-1.6411142
-15.4754816,-10.0
-15.9492393,-10.0
-0.8471883,-0.8471883
-17.4028689,-10.0
-0.8543212,-0.8543212
-11.7121284,-10.0
-13.4836081,-10.0
-14.9054418,-10.0
-15.4389808,-10.0
-15.3309251,-10.0
-14.9133645,-10.0
0.3127937,0.3127937
1.9476198,1.9476198
15.114405,-10.0
14.5777216,-10.0
-0.1652949,-0.1652949
2.3540029,2.3540029
15.6687937,-10.0
14.0276795,-10.0
0.1933121,0.1933121
-0.2804456,-0.2804456
14.8216054,-10.0
-1.7340752,-1.7340752
14.8144725,-10.0
3.9566653,3.9566653
2.1851856,2.1851856
0.7633519,0.7633519
0.2298129,0.2298129
0.3378686,0.3378686
0.7554292,0.7554292
-13.7148858,-10.0
-12.0800597,-10.0
1.0867255,1.0867255
0.5500421,0.5500421
-14.1929744,-10.0
-11.6736766,-10.0
1.6411142,1.6411142
-14.0276795,-10.0
-13.8343674,-10.0
-14.3081251,-10.0
0.7939259,0.7939259
-15.7617547,-10.0
0.786793,0.786793
-10.0710142,-10.0
-11.8424939,-10.0
-13.2643276,-10.0
-13.7978666,-10.0
-13.6898109,-10.0
-13.2722503,-10.0
0.1194816,0.1194816
1.7543077,1.7543077
14.9210929,-10.0
14.3844095,-10.0
-0.358607,-0.358607
2.1606908,2.1606908
15.4754816,-10.0
-0.1933121,-0.1933121
13.8343674,-10.0
-0.4737577,-0.4737577
14.6282933,-10.0
-1.9273873,-1.9273873
14.6211604,-10.0
3.7633532,3.7633532
1.9918735,1.9918735
0.5700398,0.5700398
0.0365008,0.0365008
0.1445565,0.1445565
0.5621171,0.5621171
0.5932393,0.5932393
2.2280654,2.2280654
15.3948506,-10.0
14.8581672,-10.0
0.1151507,0.1151507
2.6344485,2.6344485
15.9492393,-10.0
0.2804456,0.2804456
14.3081251,-10.0
0.4737577,0.4737577
15.102051,-10.0
-1.4536296,-1.4536296
15.0949181,-10.0
4.2371109,4.2371109
2.4656312,2.4656312
1.0437975,1.0437975
0.5102585,0.5102585
0.6183142,0.6183142
1.0358748,1.0358748
-14.5088117,-10.0
-12.8739856,-10.0
0.2927996,0.2927996
-0.2438838,-0.2438838
-14.9869003,-10.0
-12.4676025,-10.0
0.8471883,0.8471883
-14.8216054,-10.0
-0.7939259,-0.7939259
-14.6282933,-10.0
-15.102051,-10.0
-16.5556806,-10.0
-0.0071329,-0.0071329
-10.8649401,-10.0
-12.6364198,-10.0
-14.0582535,-10.0
-14.5917925,-10.0
-14.4837368,-10.0
-14.0661762,-10.0
2.0468689,2.0468689
3.681695,3.681695
16.8484802,-10.0
16.3117968,-10.0
1.5687803,1.5687803
4.0880781,4.0880781
17.4028689,-10.0
1.7340752,1.7340752
15.7617547,-10.0
1.9273873,1.9273873
1.4536296,1.4536296
16.5556806,-10.0
16.5485477,-10.0
5.6907405,5.6907405
3.9192608,3.9192608
2.4974271,2.4974271
1.9638881,1.9638881
2.0719438,2.0719438
2.4895044,2.4895044
-14.5016788,-10.0
-12.8668527,-10.0
0.2999325,0.2999325
-0.2367509,-0.2367509
-14.9797674,-10.0
-12.4604696,-10.0
0.8543212,0.8543212
-14.8144725,-10.0
-0.786793,-0.786793
-14.6211604,-10.0
-15.0949181,-10.0
0.0071329,0.0071329
-16.5485477,-10.0
-10.8578072,-10.0
-12.6292869,-10.0
-14.0511206,-10.0
-14.5846596,-10.0
-14.4766039,-10.0
-14.0590433,-10.0
-3.6438716,-3.6438716
-2.0090455,-2.0090455
11.1577397,-10.0
10.6210563,-10.0
-4.1219602,-4.1219602
-1.6026624,-1.6026624
11.7121284,-10.0
-3.9566653,-3.9566653
10.0710142,-10.0
-3.7633532,-3.7633532
-4.2371109,-4.2371109
10.8649401,-10.0
-5.6907405,-5.6907405
10.8578072,-10.0
-1.7714797,-1.7714797
-3.1933134,-3.1933134
-3.7268524,-3.7268524
-3.6187967,-3.6187967
-3.2012361,-3.2012361
-1.8723919,-1.8723919
-0.2375658,-0.2375658
12.9292194,-10.0
12.392536,-10.0
-2.3504805,-2.3504805
0.1688173,0.1688173
13.4836081,-10.0
-2.1851856,-2.1851856
11.8424939,-10.0
-1.9918735,-1.9918735
-2.4656312,-2.4656312
12.6364198,-10.0
-3.9192608,-3.9192608
12.6292869,-10.0
1.7714797,1.7714797
-1.4218337,-1.4218337
-1.9553727,-1.9553727
-1.847317,-1.847317
-1.4297564,-1.4297564
-0.4505582,-0.4505582
1.1842679,1.1842679
14.3510531,-10.0
13.8143697,-10.0
-0.9286468,-0.9286468
1.590651,1.590651
14.9054418,-10.0
-0.7633519,-0.7633519
13.2643276,-10.0
-0.5700398,-0.5700398
-1.0437975,-1.0437975
14.0582535,-10.0
-2.4974271,-2.4974271
14.0511206,-10.0
3.1933134,3.1933134
1.4218337,1.4218337
-0.533539,-0.533539
-0.4254833,-0.4254833
-0.0079227,-0.0079227
0.0829808,0.0829808
1.7178069,1.7178069
14.8845921,-10.0
14.3479087,-10.0
-0.3951078,-0.3951078
2.12419,2.12419
15.4389808,-10.0
-0.2298129,-0.2298129
13.7978666,-10.0
-0.0365008,-0.0365008
-0.5102585,-0.5102585
14.5917925,-10.0
-1.9638881,-1.9638881
14.5846596,-10.0
3.7268524,3.7268524
1.9553727,1.9553727
0.533539,0.533539
0.1080557,0.1080557
0.5256163,0.5256163
-0.0250749,-0.0250749
1.6097512,1.6097512
14.7765364,-10.0
14.239853,-10.0
-0.5031635,-0.5031635
2.0161343,2.0161343
15.3309251,-10.0
-0.3378686,-0.3378686
13.6898109,-10.0
-0.1445565,-0.1445565
-0.6183142,-0.6183142
14.4837368,-10.0
-2.0719438,-2.0719438
14.4766039,-10.0
3.6187967,3.6187967
1.847317,1.847317
0.4254833,0.4254833
-0.1080557,-0.1080557
0.4175606,0.4175606
-0.4426355,-0.4426355
1.1921906,1.1921906
14.3589758,-10.0
13.8222924,-10.0
-0.9207241,-0.9207241
1.5985737,1.5985737
14.9133645,-10.0
-0.7554292,-0.7554292
13.2722503,-10.0
-0.5621171,-0.5621171
-1.0358748,-1.0358748
14.0661762,-10.0
-2.4895044,-2.4895044
14.0590433,-10.0
3.2012361,3.2012361
1.4297564,1.4297564
0.0079227,0.0079227
-0.5256163,-0.5256163
-0.4175606,-0.4175606
-0.6541774,-0.6541774
8.8299946,8.8299946
1.9818424,1.9818424
-2.2246976,-2.2246976
1.0958391,1.0958391
2.5603025,2.5603025
-1.1427579,-1.1427579
2.1899799,2.1899799
-1.6235775,-1.6235775
-3.0840512,-3.0840512
0.7238731,0.7238731
2.207314,2.207314
-0.5271258,-0.5271258
5.7226306,5.7226306
0.3341539,0.3341539
-0.908564,-0.908564
0.3566753,0.3566753
-2.3990434,-2.3990434
0.9623073,0.9623073
0.6541774,0.6541774
9.484172,9.484172
2.6360198,2.6360198
-1.5705202,-1.5705202
1.7500165,1.7500165
3.2144799,3.2144799
-0.4885805,-0.4885805
2.8441573,2.8441573
-0.9694001,-0.9694001
-2.4298738,-2.4298738
1.3780505,1.3780505
2.8614914,2.8614914
0.1270516,0.1270516
6.376808,6.376808
0.9883313,0.9883313
-0.2543866,-0.2543866
1.0108527,1.0108527
-1.744866,-1.744866
1.6164847,1.6164847
-8.8299946,-8.8299946
-9.484172,-9.484172
-6.8481522,-6.8481522
-11.0546922,-10.0
-7.7341555,-7.7341555
-6.2696921,-6.2696921
-9.9727525,-9.9727525
-6.6400147,-6.6400147
-10.4535721,-10.0
-11.9140458,-10.0
-8.1061215,-8.1061215
-6.6226806,-6.6226806
-9.3571204,-9.3571204
-3.107364,-3.107364
-8.4958407,-8.4958407
-9.7385586,-9.7385586
-8.4733193,-8.4733193
-11.229038,-10.0
-7.8676873,-7.8676873
-1.9818424,-1.9818424
-2.6360198,-2.6360198
6.8481522,6.8481522
-4.20654,-4.20654
-0.8860033,-0.8860033
0.5784601,0.5784601
-3.1246003,-3.1246003
0.2081375,0.2081375
-3.6054199,-3.6054199
-5.0658936,-5.0658936
-1.2579693,-1.2579693
0.2254716,0.2254716
-2.5089682,-2.5089682
3.7407882,3.7407882
-1.6476885,-1.6476885
-2.8904064,-2.8904064
-1.6251671,-1.6251671
-4.3808858,-4.3808858
-1.0195351,-1.0195351
2.2246976,2.2246976
1.5705202,1.5705202
11.0546922,-10.0
4.20654,4.20654
3.3205367,3.3205367
4.7850001,4.7850001
1.0819397,1.0819397
4.4146775,4.4146775
0.6011201,0.6011201
-0.8593536,-0.8593536
2.9485707,2.9485707
4.4320116,4.4320116
1.6975718,1.6975718
7.9473282,7.9473282
2.5588515,2.5588515
1.3161336,1.3161336
2.5813729,2.5813729
-0.1743458,-0.1743458
3.1870049,3.1870049
-1.0958391,-1.0958391
-1.7500165,-1.7500165
7.7341555,7.7341555
0.8860033,0.8860033
-3.3205367,-3.3205367
1.4644634,1.4644634
-2.238597,-2.238597
1.0941408,1.0941408
-2.7194166,-2.7194166
-4.1798903,-4.1798903
-0.371966,-0.371966
1.1114749,1.1114749
-1.6229649,-1.6229649
4.6267915,4.6267915
-0.7616852,-0.7616852
-2.0044031,-2.0044031
-0.7391638,-0.7391638
-3.4948825,-3.4948825
-0.1335318,-0.1335318
-2.5603025,-2.5603025
-3.2144799,-3.2144799
6.2696921,6.2696921
-0.5784601,-0.5784601
-4.7850001,-4.7850001
-1.4644634,-1.4644634
-3.7030604,-3.7030604
-0.3703226,-0.3703226
-4.18388,-4.18388
-5.6443537,-5.6443537
-1.8364294,-1.8364294
-0.3529885,-0.3529885
-3.0874283,-3.0874283
3.1623281,3.1623281
-2.2261486,-2.2261486
-3.4688665,-3.4688665
-2.2036272,-2.2036272
-4.9593459,-4.9593459
-1.5979952,-1.5979952
1.1427579,1.1427579
0.4885805,0.4885805
9.9727525,9.9727525
3.1246003,3.1246003
-1.0819397,-1.0819397
2.238597,2.238597
3.7030604,3.7030604
3.3327378,3.3327378
-0.4808196,-0.4808196
-1.9412933,-1.9412933
1.866631,1.866631
3.3500719,3.3500719
0.6156321,0.6156321
6.8653885,6.8653885
1.4769118,1.4769118
0.2341939,0.2341939
1.4994332,1.4994332
-1.2562855,-1.2562855
2.1050652,2.1050652
-2.1899799,-2.1899799
-2.8441573,-2.8441573
6.6400147,6.6400147
-0.2081375,-0.2081375
-4.4146775,-4.4146775
-1.0941408,-1.0941408
0.3703226,0.3703226
-3.3327378,-3.3327378
-3.8135574,-3.8135574
-5.2740311,-5.2740311
-1.4661068,-1.4661068
0.0173341,0.0173341
-2.7171057,-2.7171057
3.5326507,3.5326507
-1.855826,-1.855826
-3.0985439,-3.0985439
-1.8333046,-1.8333046
-4.5890233,-4.5890233
-1.2276726,-1.2276726
1.6235775,1.6235775
0.9694001,0.9694001
10.4535721,-10.0
3.6054199,3.6054199
-0.6011201,-0.6011201
2.7194166,2.7194166
4.18388,4.18388
0.4808196,0.4808196
3.8135574,3.8135574
-1.4604737,-1.4604737
2.3474506,2.3474506
3.8308915,3.8308915
1.0964517,1.0964517
7.3462081,7.3462081
1.9577314,1.9577314
0.7150135,0.7150135
1.9802528,1.9802528
-0.7754659,-0.7754659
2.5858848,2.5858848
3.0840512,3.0840512
2.4298738,2.4298738
11.9140458,-10.0
5.0658936,5.0658936
0.8593536,0.8593536
4.1798903,4.1798903
5.6443537,5.6443537
1.9412933,1.9412933
5.2740311,5.2740311
1.4604737,1.4604737
3.8079243,3.8079243
5.2913652,5.2913652
2.5569254,2.5569254
8.8066818,8.8066818
3.4182051,3.4182051
2.1754872,2.1754872
3.4407265,3.4407265
0.6850078,0.6850078
4.0463585,4.0463585
-0.7238731,-0.7238731
-1.3780505,-1.3780505
8.1061215,8.1061215
1.2579693,1.2579693
-2.9485707,-2.9485707
0.371966,0.371966
1.8364294,1.8364294
-1.866631,-1.866631
1.4661068,1.4661068
-2.3474506,-2.3474506
-3.8079243,-3.8079243
1.4834409,1.4834409
-1.2509989,-1.2509989
4.9987575,4.9987575
-0.3897192,-0.3897192
-1.6324371,-1.6324371
-0.3671978,-0.3671978
-3.1229165,-3.1229165
0.2384342,0.2384342
-2.207314,-2.207314
-2.8614914,-2.8614914
6.6226806,6.6226806
-0.2254716,-0.2254716
-4.4320116,-4.4320116
-1.1114749,-1.1114749
0.3529885,0.3529885
-3.3500719,-3.3500719
-0.0173341,-0.0173341
-3.8308915,-3.8308915
-5.2913652,-5.2913652
-1.4834409,-1.4834409
-2.7344398,-2.7344398
3.5153166,3.5153166
-1.8731601,-1.8731601
-3.115878,-3.115878
-1.8506387,-1.8506387
-4.6063574,-4.6063574
-1.2450067,-1.2450067
0.5271258,0.5271258
-0.1270516,-0.1270516
9.3571204,9.3571204
2.5089682,2.5089682
-1.6975718,-1.6975718
1.6229649,1.6229649
3.0874283,3.0874283
-0.6156321,-0.6156321
2.7171057,2.7171057
-1.0964517,-1.0964517
-2.5569254,-2.5569254
1.2509989,1.2509989
2.7344398,2.7344398
6.2497564,6.2497564
0.8612797,0.8612797
-0.3814382,-0.3814382
0.8838011,0.8838011
-1.8719176,-1.8719176
1.4894331,1.4894331
-5.7226306,-5.7226306
-6.376808,-6.376808
3.107364,3.107364
-3.7407882,-3.7407882
-7.9473282,-7.9473282
-4.6267915,-4.6267915
-3.1623281,-3.1623281
-6.8653885,-6.8653885
-3.5326507,-3.5326507
-7.3462081,-7.3462081
-8.8066818,-8.8066818
-4.9987575,-4.9987575
-3.5153166,-3.5153166
-6.2497564,-6.2497564
-5.3884767,-5.3884767
-6.6311946,-6.6311946
-5.3659553,-5.3659553
-8.121674,-8.121674
-4.7603233,-4.7603233
-0.3341539,-0.3341539
-0.9883313,-0.9883313
8.4958407,8.4958407
1.6476885,1.6476885
-2.5588515,-2.5588515
0.7616852,0.7616852
2.2261486,2.2261486
-1.4769118,-1.4769118
1.855826,1.855826
-1.9577314,-1.9577314
-3.4182051,-3.4182051
0.3897192,0.3897192
1.8731601,1.8731601
-0.8612797,-0.8612797
5.3884767,5.3884767
-1.2427179,-1.2427179
0.0225214,0.0225214
-2.7331973,-2.7331973
0.6281534,0.6281534
0.908564,0.908564
0.2543866,0.2543866
9.7385586,9.7385586
2.8904064,2.8904064
-1.3161336,-1.3161336
2.0044031,2.0044031
3.4688665,3.4688665
-0.2341939,-0.2341939
3.0985439,3.0985439
-0.7150135,-0.7150135
-2.1754872,-2.1754872
1.6324371,1.6324371
3.115878,3.115878
0.3814382,0.3814382
6.6311946,6.6311946
1.2427179,1.2427179
1.2652393,1.2652393
-1.4904794,-1.4904794
1.8708713,1.8708713
-0.3566753,-0.3566753
-1.0108527,-1.0108527
8.4733193,8.4733193
1.6251671,1.6251671
-2.5813729,-2.5813729
0.7391638,0.7391638
2.2036272,2.2036272
-1.4994332,-1.4994332
1.8333046,1.8333046
-1.9802528,-1.9802528
-3.4407265,-3.4407265
0.3671978,0.3671978
1.8506387,1.8506387
-0.8838011,-0.8838011
5.3659553,5.3659553
-0.0225214,-0.0225214
-1.2652393,-1.2652393
-2.7557187,-2.7557187
0.605632,0.605632
2.3990434,2.3990434
1.744866,1.744866
11.229038,-10.0
4.3808858,4.3808858
0.1743458,0.1743458
3.4948825,3.4948825
4.9593459,4.9593459
1.2562855,1.2562855
4.5890233,4.5890233
0.7754659,0.7754659
-0.6850078,-0.6850078
3.1229165,3.1229165
4.6063574,4.6063574
1.8719176,1.8719176
8.121674,8.121674
2.7331973,2.7331973
1.4904794,1.4904794
2.7557187,2.7557187
3.3613507,3.3613507
-0.9623073,-0.9623073
-1.6164847,-1.6164847
7.8676873,7.8676873
1.0195351,1.0195351
-3.1870049,-3.1870049
0.1335318,0.1335318
1.5979952,1.5979952
-2.1050652,-2.1050652
1.2276726,1.2276726
-2.5858848,-2.5858848
-4.0463585,-4.0463585
-0.2384342,-0.2384342
1.2450067,1.2450067
-1.4894331,-1.4894331
4.7603233,4.7603233
-0.6281534,-0.6281534
-1.8708713,-1.8708713
-0.605632,-0.605632
-3.3613507,-3.3613507
0.8581709,0.8581709
9.9063176,9.9063176
3.2783065,3.2783065
-2.8510752,-2.8510752
0.827588,0.827588
1.4919902,1.4919902
-2.3279387,-2.3279387
1.5546934,1.5546934
-2.080068,-2.080068
-4.4547418,-4.4547418
-2.2573066,-2.2573066
3.0275183,3.0275183
-1.6691462,-1.6691462
1.8157627,1.8157627
-0.6313433,-0.6313433
-1.9250159,-1.9250159
-1.5092264,-1.5092264
1.6681811,1.6681811
-0.6734522,-0.6734522
-0.8581709,-0.8581709
9.0481467,9.0481467
2.4201356,2.4201356
-3.7092461,-3.7092461
-0.0305829,-0.0305829
0.6338193,0.6338193
-3.1861096,-3.1861096
0.6965225,0.6965225
-2.9382389,-2.9382389
-5.3129127,-5.3129127
-3.1154775,-3.1154775
2.1693474,2.1693474
-2.5273171,-2.5273171
0.9575918,0.9575918
-1.4895142,-1.4895142
-2.7831868,-2.7831868
-2.3673973,-2.3673973
0.8100102,0.8100102
-1.5316231,-1.5316231
-9.9063176,-9.9063176
-9.0481467,-9.0481467
-6.6280111,-6.6280111
-12.7573928,-10.0
-9.0787296,-9.0787296
-8.4143274,-8.4143274
-12.2342563,-10.0
-8.3516242,-8.3516242
-11.9863856,-10.0
-14.3610594,-10.0
-12.1636242,-10.0
-6.8787993,-6.8787993
-11.5754638,-10.0
-8.0905549,-8.0905549
-10.5376609,-10.0
-11.8313335,-10.0
-11.415544,-10.0
-8.2381365,-8.2381365
-10.5797698,-10.0
-3.2783065,-3.2783065
-2.4201356,-2.4201356
6.6280111,6.6280111
-6.1293817,-6.1293817
-2.4507185,-2.4507185
-1.7863163,-1.7863163
-5.6062452,-5.6062452
-1.7236131,-1.7236131
-5.3583745,-5.3583745
-7.7330483,-7.7330483
-5.5356131,-5.5356131
-0.2507882,-0.2507882
-4.9474527,-4.9474527
-1.4625438,-1.4625438
-3.9096498,-3.9096498
-5.2033224,-5.2033224
-4.7875329,-4.7875329
-1.6101254,-1.6101254
-3.9517587,-3.9517587
2.8510752,2.8510752
3.7092461,3.7092461
12.7573928,-10.0
6.1293817,6.1293817
3.6786632,3.6786632
4.3430654,4.3430654
0.5231365,0.5231365
4.4057686,4.4057686
0.7710072,0.7710072
-1.6036666,-1.6036666
0.5937686,0.5937686
5.8785935,5.8785935
1.181929,1.181929
4.6668379,4.6668379
2.2197319,2.2197319
0.9260593,0.9260593
1.3418488,1.3418488
4.5192563,4.5192563
2.177623,2.177623
-0.827588,-0.827588
0.0305829,0.0305829
9.0787296,9.0787296
2.4507185,2.4507185
-3.6786632,-3.6786632
0.6644022,0.6644022
-3.1555267,-3.1555267
0.7271054,0.7271054
-2.907656,-2.907656
-5.2823298,-5.2823298
-3.0848946,-3.0848946
2.1999303,2.1999303
-2.4967342,-2.4967342
0.9881747,0.9881747
-1.4589313,-1.4589313
-2.7526039,-2.7526039
-2.3368144,-2.3368144
0.8405931,0.8405931
-1.5010402,-1.5010402
-1.4919902,-1.4919902
-0.6338193,-0.6338193
8.4143274,8.4143274
1.7863163,1.7863163
-4.3430654,-4.3430654
-0.6644022,-0.6644022
-3.8199289,-3.8199289
0.0627032,0.0627032
-3.5720582,-3.5720582
-5.946732,-5.946732
-3.7492968,-3.7492968
1.5355281,1.5355281
-3.1611364,-3.1611364
0.3237725,0.3237725
-2.1233335,-2.1233335
-3.4170061,-3.4170061
-3.0012166,-3.0012166
0.1761909,0.1761909
-2.1654424,-2.1654424
2.3279387,2.3279387
3.1861096,3.1861096
12.2342563,-10.0
5.6062452,5.6062452
-0.5231365,-0.5231365
3.1555267,3.1555267
3.8199289,3.8199289
3.8826321,3.8826321
0.2478707,0.2478707
-2.1268031,-2.1268031
0.0706321,0.0706321
5.355457,5.355457
0.6587925,0.6587925
4.1437014,4.1437014
1.6965954,1.6965954
0.4029228,0.4029228
0.8187123,0.8187123
3.9961198,3.9961198
1.6544865,1.6544865
-1.5546934,-1.5546934
-0.6965225,-0.6965225
8.3516242,8.3516242
1.7236131,1.7236131
-4.4057686,-4.4057686
-0.7271054,-0.7271054
-0.0627032,-0.0627032
-3.8826321,-3.8826321
-3.6347614,-3.6347614
-6.0094352,-6.0094352
-3.812,-3.812
1.4728249,1.4728249
-3.2238396,-3.2238396
0.2610693,0.2610693
-2.1860367,-2.1860367
-3.4797093,-3.4797093
-3.0639198,-3.0639198
0.1134877,0.1134877
-2.2281456,-2.2281456
2.080068,2.080068
2.9382389,2.9382389
11.9863856,-10.0
5.3583745,5.3583745
-0.7710072,-0.7710072
2.907656,2.907656
3.5720582,3.5720582
-0.2478707,-0.2478707
3.6347614,3.6347614
-2.3746738,-2.3746738
-0.1772386,-0.1772386
5.1075863,5.1075863
0.4109218,0.4109218
3.8958307,3.8958307
1.4487247,1.4487247
0.1550521,0.1550521
0.5708416,0.5708416
3.7482491,3.7482491
1.4066158,1.4066158
4.4547418,4.4547418
5.3129127,5.3129127
14.3610594,-10.0
7.7330483,7.7330483
1.6036666,1.6036666
5.2823298,5.2823298
5.946732,5.946732
2.1268031,2.1268031
6.0094352,6.0094352
2.3746738,2.3746738
2.1974352,2.1974352
7.4822601,7.4822601
2.7855956,2.7855956
6.2705045,6.2705045
3.8233985,3.8233985
2.5297259,2.5297259
2.9455154,2.9455154
6.1229229,6.1229229
3.7812896,3.7812896
2.2573066,2.2573066
3.1154775,3.1154775
12.1636242,-10.0
5.5356131,5.5356131
-0.5937686,-0.5937686
3.0848946,3.0848946
3.7492968,3.7492968
-0.0706321,-0.0706321
3.812,3.812
0.1772386,0.1772386
-2.1974352,-2.1974352
5.2848249,5.2848249
0.5881604,0.5881604
4.0730693,4.0730693
1.6259633,1.6259633
0.3322907,0.3322907
0.7480802,0.7480802
3.9254877,3.9254877
1.5838544,1.5838544
-3.0275183,-3.0275183
-2.1693474,-2.1693474
6.8787993,6.8787993
0.2507882,0.2507882
-5.8785935,-5.8785935
-2.1999303,-2.1999303
-1.5355281,-1.5355281
-5.355457,-5.355457
-1.4728249,-1.4728249
-5.1075863,-5.1075863
-7.4822601,-7.4822601
-5.2848249,-5.2848249
-4.6966645,-4.6966645
-1.2117556,-1.2117556
-3.6588616,-3.6588616
-4.9525342,-4.9525342
-4.5367447,-4.5367447
-1.3593372,-1.3593372
-3.7009705,-3.7009705
1.6691462,1.6691462
2.5273171,2.5273171
11.5754638,-10.0
4.9474527,4.9474527
-1.181929,-1.181929
2.4967342,2.4967342
3.1611364,3.1611364
-0.6587925,-0.6587925
3.2238396,3.2238396
-0.4109218,-0.4109218
-2.7855956,-2.7855956
-0.5881604,-0.5881604
4.6966645,4.6966645
3.4849089,3.4849089
1.0378029,1.0378029
-0.2558697,-0.2558697
0.1599198,0.1599198
3.3373273,3.3373273
0.995694,0.995694
-1.8157627,-1.8157627
-0.9575918,-0.9575918
8.0905549,8.0905549
1.4625438,1.4625438
-4.6668379,-4.6668379
-0.9881747,-0.9881747
-0.3237725,-0.3237725
-4.1437014,-4.1437014
-0.2610693,-0.2610693
-3.8958307,-3.8958307
-6.2705045,-6.2705045
-4.0730693,-4.0730693
1.2117556,1.2117556
-3.4849089,-3.4849089
-2.447106,-2.447106
-3.7407786,-3.7407786
-3.3249891,-3.3249891
-0.1475816,-0.1475816
-2.4892149,-2.4892149
0.6313433,0.6313433
1.4895142,1.4895142
10.5376609,-10.0
3.9096498,3.9096498
-2.2197319,-2.2197319
1.4589313,1.4589313
2.1233335,2.1233335
-1.6965954,-1.6965954
2.1860367,2.1860367
-1.4487247,-1.4487247
-3.8233985,-3.8233985
-1.6259633,-1.6259633
3.6588616,3.6588616
-1.0378029,-1.0378029
2.447106,2.447106
-1.2936726,-1.2936726
-0.8778831,-0.8778831
2.2995244,2.2995244
-0.0421089,-0.0421089
1.9250159,1.9250159
2.7831868,2.7831868
11.8313335,-10.0
5.2033224,5.2033224
-0.9260593,-0.9260593
2.7526039,2.7526039
3.4170061,3.4170061
-0.4029228,-0.4029228
3.4797093,3.4797093
-0.1550521,-0.1550521
-2.5297259,-2.5297259
-0.3322907,-0.3322907
4.9525342,4.9525342
0.2558697,0.2558697
3.7407786,3.7407786
1.2936726,1.2936726
0.4157895,0.4157895
3.593197,3.593197
1.2515637,1.2515637
1.5092264,1.5092264
2.3673973,2.3673973
11.415544,-10.0
4.7875329,4.7875329
-1.3418488,-1.3418488
2.3368144,2.3368144
3.0012166,3.0012166
-0.8187123,-0.8187123
3.0639198,3.0639198
-0.5708416,-0.5708416
-2.9455154,-2.9455154
-0.7480802,-0.7480802
4.5367447,4.5367447
-0.1599198,-0.1599198
3.3249891,3.3249891
0.8778831,0.8778831
-0.4157895,-0.4157895
3.1774075,3.1774075
0.8357742,0.8357742
-1.6681811,-1.6681811
-0.8100102,-0.8100102
8.2381365,8.2381365
1.6101254,1.6101254
-4.5192563,-4.5192563
-0.8405931,-0.8405931
-0.1761909,-0.1761909
-3.9961198,-3.9961198
-0.1134877,-0.1134877
-3.7482491,-3.7482491
-6.1229229,-6.1229229
-3.9254877,-3.9254877
1.3593372,1.3593372
-3.3373273,-3.3373273
0.1475816,0.1475816
-2.2995244,-2.2995244
-3.593197,-3.593197
-3.1774075,-3.1774075
-2.3416333,-2.3416333
0.6734522,0.6734522
1.5316231,1.5316231
10.5797698,-10.0
3.9517587,3.9517587
-2.177623,-2.177623
1.5010402,1.5010402
2.1654424,2.1654424
-1.6544865,-1.6544865
2.2281456,2.2281456
-1.4066158,-1.4066158
-3.7812896,-3.7812896
-1.5838544,-1.5838544
3.7009705,3.7009705
-0.995694,-0.995694
2.4892149,2.4892149
0.0421089,0.0421089
-1.2515637,-1.2515637
-0.8357742,-0.8357742
2.3416333,2.3416333
3.2827248,3.2827248
13.0861639,-10.0
12.4075208,-10.0
-4.048223,-4.048223
0.5799329,0.5799329
13.4170519,-10.0
-3.0583832,-3.0583832
5.3511979,5.3511979
-3.1506072,-3.1506072
-3.4983604,-3.4983604
-0.764346,-0.764346
-0.2046578,-0.2046578
-1.145561,-1.145561
13.2717439,-10.0
-0.5263436,-0.5263436
-1.5051682,-1.5051682
-1.8403754,-1.8403754
-3.8787566,-3.8787566
-3.1016667,-3.1016667
-3.2827248,-3.2827248
9.8034391,9.8034391
9.124796,9.124796
-7.3309478,-7.3309478
-2.7027919,-2.7027919
10.1343271,-10.0
-6.341108,-6.341108
2.0684731,2.0684731
-6.433332,-6.433332
-6.7810852,-6.7810852
-4.0470708,-4.0470708
-3.4873826,-3.4873826
-4.4282858,-4.4282858
9.9890191,9.9890191
-3.8090684,-3.8090684
-4.787893,-4.787893
-5.1231002,-5.1231002
-7.1614814,-7.1614814
-6.3843915,-6.3843915
-13.0861639,-10.0
-9.8034391,-9.8034391
-0.6786431,-0.6786431
-17.1343869,-10.0
-12.506231,-10.0
0.330888,0.330888
-16.1445471,-10.0
-7.734966,-7.734966
-16.2367711,-10.0
-16.5845243,-10.0
-13.8505099,-10.0
-13.2908217,-10.0
-14.2317249,-10.0
0.18558,0.18558
-13.6125075,-10.0
-14.5913321,-10.0
-14.9265393,-10.0
-16.9649205,-10.0
-16.1878306,-10.0
-12.4075208,-10.0
-9.124796,-9.124796
0.6786431,0.6786431
-16.4557438,-10.0
-11.8275879,-10.0
1.0095311,1.0095311
-15.465904,-10.0
-7.0563229,-7.0563229
-15.558128,-10.0
-15.9058812,-10.0
-13.1718668,-10.0
-12.6121786,-10.0
-13.5530818,-10.0
0.8642231,0.8642231
-12.9338644,-10.0
-13.912689,-10.0
-14.2478962,-10.0
-16.2862774,-10.0
-15.5091875,-10.0
4.048223,4.048223
7.3309478,7.3309478
17.1343869,-10.0
16.4557438,-10.0
4.6281559,4.6281559
17.4652749,-10.0
0.9898398,0.9898398
9.3994209,9.3994209
0.8976158,0.8976158
0.5498626,0.5498626
3.283877,3.283877
3.8435652,3.8435652
2.902662,2.902662
17.3199669,-10.0
3.5218794,3.5218794
2.5430548,2.5430548
2.2078476,2.2078476
0.1694664,0.1694664
0.9465563,0.9465563
-0.5799329,-0.5799329
2.7027919,2.7027919
12.506231,-10.0
11.8275879,-10.0
-4.6281559,-4.6281559
12.837119,-10.0
-3.6383161,-3.6383161
4.771265,4.771265
-3.7305401,-3.7305401
-4.0782933,-4.0782933
-1.3442789,-1.3442789
-0.7845907,-0.7845907
-1.7254939,-1.7254939
12.691811,-10.0
-1.1062765,-1.1062765
-2.0851011,-2.0851011
-2.4203083,-2.4203083
-4.4586895,-4.4586895
-3.6815996,-3.6815996
-13.4170519,-10.0
-10.1343271,-10.0
-0.330888,-0.330888
-1.0095311,-1.0095311
-17.4652749,-10.0
-12.837119,-10.0
-16.4754351,-10.0
-8.065854,-8.065854
-16.5676591,-10.0
-16.9154123,-10.0
-14.1813979,-10.0
-13.6217097,-10.0
-14.5626129,-10.0
-0.145308,-0.145308
-13.9433955,-10.0
-14.9222201,-10.0
-15.2574273,-10.0
-17.2958085,-10.0
-16.5187186,-10.0
3.0583832,3.0583832
6.341108,6.341108
16.1445471,-10.0
15.465904,-10.0
-0.9898398,-0.9898398
3.6383161,3.6383161
16.4754351,-10.0
8.4095811,8.4095811
-0.092224,-0.092224
-0.4399772,-0.4399772
2.2940372,2.2940372
2.8537254,2.8537254
1.9128222,1.9128222
16.3301271,-10.0
2.5320396,2.5320396
1.553215,1.553215
1.2180078,1.2180078
-0.8203734,-0.8203734
-0.0432835,-0.0432835
-5.3511979,-5.3511979
-2.0684731,-2.0684731
7.734966,7.734966
7.0563229,7.0563229
-9.3994209,-9.3994209
-4.771265,-4.771265
8.065854,8.065854
-8.4095811,-8.4095811
-8.5018051,-8.5018051
-8.8495583,-8.8495583
-6.1155439,-6.1155439
-5.5558557,-5.5558557
-6.4967589,-6.4967589
7.920546,7.920546
-5.8775415,-5.8775415
-6.8563661,-6.8563661
-7.1915733,-7.1915733
-9.2299545,-9.2299545
-8.4528646,-8.4528646
3.1506072,3.1506072
6.433332,6.433332
16.2367711,-10.0
15.558128,-10.0
-0.8976158,-0.8976158
3.7305401,3.7305401
16.5676591,-10.0
0.092224,0.092224
8.5018051,8.5018051
-0.3477532,-0.3477532
2.3862612,2.3862612
2.9459494,2.9459494
2.0050462,2.0050462
16.4223511,-10.0
2.6242636,2.6242636
1.645439,1.645439
1.3102318,1.3102318
-0.7281494,-0.7281494
0.0489405,0.0489405
3.4983604,3.4983604
6.7810852,6.7810852
16.5845243,-10.0
15.9058812,-10.0
-0.5498626,-0.5498626
4.0782933,4.0782933
16.9154123,-10.0
0.4399772,0.4399772
8.8495583,8.8495583
0.3477532,0.3477532
2.7340144,2.7340144
3.2937026,3.2937026
2.3527994,2.3527994
16.7701043,-10.0
2.9720168,2.9720168
1.9931922,1.9931922
1.657985,1.657985
-0.3803962,-0.3803962
0.3966937,0.3966937
0.764346,0.764346
4.0470708,4.0470708
13.8505099,-10.0
13.1718668,-10.0
-3.283877,-3.283877
1.3442789,1.3442789
14.1813979,-10.0
-2.2940372,-2.2940372
6.1155439,6.1155439
-2.3862612,-2.3862612
-2.7340144,-2.7340144
0.5596882,0.5596882
-0.381215,-0.381215
14.0360899,-10.0
0.2380024,0.2380024
-0.7408222,-0.7408222
-1.0760294,-1.0760294
-3.1144106,-3.1144106
-2.3373207,-2.3373207
0.2046578,0.2046578
3.4873826,3.4873826
13.2908217,-10.0
12.6121786,-10.0
-3.8435652,-3.8435652
0.7845907,0.7845907
13.6217097,-10.0
-2.8537254,-2.8537254
5.5558557,5.5558557
-2.9459494,-2.9459494
-3.2937026,-3.2937026
-0.5596882,-0.5596882
-0.9409032,-0.9409032
13.4764017,-10.0
-0.3216858,-0.3216858
-1.3005104,-1.3005104
-1.6357176,-1.6357176
-3.6740988,-3.6740988
-2.8970089,-2.8970089
1.145561,1.145561
4.4282858,4.4282858
14.2317249,-10.0
13.5530818,-10.0
-2.902662,-2.902662
1.7254939,1.7254939
14.5626129,-10.0
-1.9128222,-1.9128222
6.4967589,6.4967589
-2.0050462,-2.0050462
-2.3527994,-2.3527994
0.381215,0.381215
0.9409032,0.9409032
14.4173049,-10.0
0.6192174,0.6192174
-0.3596072,-0.3596072
-0.6948144,-0.6948144
-2.7331956,-2.7331956
-1.9561057,-1.9561057
-13.2717439,-10.0
-9.9890191,-9.9890191
-0.18558,-0.18558
-0.8642231,-0.8642231
-17.3199669,-10.0
-12.691811,-10.0
0.145308,0.145308
-16.3301271,-10.0
-7.920546,-7.920546
-16.4223511,-10.0
-16.7701043,-10.0
-14.0360899,-10.0
-13.4764017,-10.0
-14.4173049,-10.0
-13.7980875,-10.0
-14.7769121,-10.0
-15.1121193,-10.0
-17.1505005,-10.0
-16.3734106,-10.0
0.5263436,0.5263436
3.8090684,3.8090684
13.6125075,-10.0
12.9338644,-10.0
-3.5218794,-3.5218794
1.1062765,1.1062765
13.9433955,-10.0
-2.5320396,-2.5320396
5.8775415,5.8775415
-2.6242636,-2.6242636
-2.9720168,-2.9720168
-0.2380024,-0.2380024
0.3216858,0.3216858
-0.6192174,-0.6192174
13.7980875,-10.0
-0.9788246,-0.9788246
-1.3140318,-1.3140318
-3.352413,-3.352413
-2.5753231,-2.5753231
1.5051682,1.5051682
4.787893,4.787893
14.5913321,-10.0
13.912689,-10.0
-2.5430548,-2.5430548
2.0851011,2.0851011
14.9222201,-10.0
-1.553215,-1.553215
6.8563661,6.8563661
-1.645439,-1.645439
-1.9931922,-1.9931922
0.7408222,0.7408222
1.3005104,1.3005104
0.3596072,0.3596072
14.7769121,-10.0
0.9788246,0.9788246
-0.3352072,-0.3352072
-2.3735884,-2.3735884
-1.5964985,-1.5964985
1.8403754,1.8403754
5.1231002,5.1231002
14.9265393,-10.0
14.2478962,-10.0
-2.2078476,-2.2078476
2.4203083,2.4203083
15.2574273,-10.0
-1.2180078,-1.2180078
7.1915733,7.1915733
-1.3102318,-1.3102318
-1.657985,-1.657985
1.0760294,1.0760294
1.6357176,1.6357176
0.6948144,0.6948144
15.1121193,-10.0
1.3140318,1.3140318
0.3352072,0.3352072
-2.0383812,-2.0383812
-1.2612913,-1.2612913
3.8787566,3.8787566
7.1614814,7.1614814
16.9649205,-10.0
16.2862774,-10.0
-0.1694664,-0.1694664
4.4586895,4.4586895
17.2958085,-10.0
0.8203734,0.8203734
9.2299545,9.2299545
0.7281494,0.7281494
0.3803962,0.3803962
3.1144106,3.1144106
3.6740988,3.6740988
2.7331956,2.7331956
17.1505005,-10.0
3.352413,3.352413
2.3735884,2.3735884
2.0383812,2.0383812
0.7770899,0.7770899
3.1016667,3.1016667
6.3843915,6.3843915
16.1878306,-10.0
15.5091875,-10.0
-0.9465563,-0.9465563
3.6815996,3.6815996
16.5187186,-10.0
0.0432835,0.0432835
8.4528646,8.4528646
-0.0489405,-0.0489405
-0.3966937,-0.3966937
2.3373207,2.3373207
2.8970089,2.8970089
1.9561057,1.9561057
16.3734106,-10.0
2.5753231,2.5753231
1.5964985,1.5964985
1.2612913,1.2612913
-0.7770899,-0.7770899
3.4318593,3.4318593
14.1929886,-10.0
8.6942231,8.6942231
-1.5922242,-1.5922242
3.2240783,3.2240783
16.9851412,-10.0
0.8756035,0.8756035
17.1351713,-10.0
0.1162309,0.1162309
0.7640724,0.7640724
5.5137283,5.5137283
5.4531826,5.4531826
7.3964152,7.3964152
6.3542394,6.3542394
2.5756636,2.5756636
-0.2896647,-0.2896647
1.6331493,1.6331493
16.854605,-10.0
0.3035832,0.3035832
-3.4318593,-3.4318593
10.7611293,-10.0
5.2623638,5.2623638
-5.0240835,-5.0240835
-0.207781,-0.207781
13.5532819,-10.0
-2.5562558,-2.5562558
13.703312,-10.0
-3.3156284,-3.3156284
-2.6677869,-2.6677869
2.081869,2.081869
2.0213233,2.0213233
3.9645559,3.9645559
2.9223801,2.9223801
-0.8561957,-0.8561957
-3.721524,-3.721524
-1.79871,-1.79871
13.4227457,-10.0
-3.1282761,-3.1282761
-14.1929886,-10.0
-10.7611293,-10.0
-5.4987655,-5.4987655
-15.7852128,-10.0
-10.9689103,-10.0
2.7921526,2.7921526
-13.3173851,-10.0
2.9421827,2.9421827
-14.0767577,-10.0
-13.4289162,-10.0
-8.6792603,-8.6792603
-8.739806,-8.739806
-6.7965734,-6.7965734
-7.8387492,-7.8387492
-11.617325,-10.0
-14.4826533,-10.0
-12.5598393,-10.0
2.6616164,2.6616164
-13.8894054,-10.0
-8.6942231,-8.6942231
-5.2623638,-5.2623638
5.4987655,5.4987655
-10.2864473,-10.0
-5.4701448,-5.4701448
8.2909181,8.2909181
-7.8186196,-7.8186196
8.4409482,8.4409482
-8.5779922,-8.5779922
-7.9301507,-7.9301507
-3.1804948,-3.1804948
-3.2410405,-3.2410405
-1.2978079,-1.2978079
-2.3399837,-2.3399837
-6.1185595,-6.1185595
-8.9838878,-8.9838878
-7.0610738,-7.0610738
8.1603819,8.1603819
-8.3906399,-8.3906399
1.5922242,1.5922242
5.0240835,5.0240835
15.7852128,-10.0
10.2864473,-10.0
4.8163025,4.8163025
18.5773654,-10.0
2.4678277,2.4678277
18.7273955,-10.0
1.7084551,1.7084551
2.3562966,2.3562966
7.1059525,7.1059525
7.0454068,7.0454068
8.9886394,8.9886394
7.9464636,7.9464636
4.1678878,4.1678878
1.3025595,1.3025595
3.2253735,3.2253735
18.4468292,-10.0
1.8958074,1.8958074
-3.2240783,-3.2240783
0.207781,0.207781
10.9689103,-10.0
5.4701448,5.4701448
-4.8163025,-4.8163025
13.7610629,-10.0
-2.3484748,-2.3484748
13.911093,-10.0
-3.1078474,-3.1078474
-2.4600059,-2.4600059
2.28965,2.28965
2.2291043,2.2291043
4.1723369,4.1723369
3.1301611,3.1301611
-0.6484147,-0.6484147
-3.513743,-3.513743
-1.590929,-1.590929
13.6305267,-10.0
-2.9204951,-2.9204951
-16.9851412,-10.0
-13.5532819,-10.0
-2.7921526,-2.7921526
-8.2909181,-8.2909181
-18.5773654,-10.0
-13.7610629,-10.0
-16.1095377,-10.0
0.1500301,0.1500301
-16.8689103,-10.0
-16.2210688,-10.0
-11.4714129,-10.0
-11.5319586,-10.0
-9.588726,-9.588726
-10.6309018,-10.0
-14.4094776,-10.0
-17.2748059,-10.0
-15.3519919,-10.0
-0.1305362,-0.1305362
-16.681558,-10.0
-0.8756035,-0.8756035
2.5562558,2.5562558
13.3173851,-10.0
7.8186196,7.8186196
-2.4678277,-2.4678277
2.3484748,2.3484748
16.1095377,-10.0
16.2595678,-10.0
-0.7593726,-0.7593726
-0.1115311,-0.1115311
4.6381248,4.6381248
4.5775791,4.5775791
6.5208117,6.5208117
5.4786359,5.4786359
1.7000601,1.7000601
-1.1652682,-1.1652682
0.7575458,0.7575458
15.9790015,-10.0
-0.5720203,-0.5720203
-17.1351713,-10.0
-13.703312,-10.0
-2.9421827,-2.9421827
-8.4409482,-8.4409482
-18.7273955,-10.0
-13.911093,-10.0
-0.1500301,-0.1500301
-16.2595678,-10.0
-17.0189404,-10.0
-16.3710989,-10.0
-11.621443,-10.0
-11.6819887,-10.0
-9.7387561,-9.7387561
-10.7809319,-10.0
-14.5595077,-10.0
-17.424836,-10.0
-15.502022,-10.0
-0.2805663,-0.2805663
-16.8315881,-10.0
-0.1162309,-0.1162309
3.3156284,3.3156284
14.0767577,-10.0
8.5779922,8.5779922
-1.7084551,-1.7084551
3.1078474,3.1078474
16.8689103,-10.0
0.7593726,0.7593726
17.0189404,-10.0
0.6478415,0.6478415
5.3974974,5.3974974
5.3369517,5.3369517
7.2801843,7.2801843
6.2380085,6.2380085
2.4594327,2.4594327
-0.4058956,-0.4058956
1.5169184,1.5169184
16.7383741,-10.0
0.1873523,0.1873523
-0.7640724,-0.7640724
2.6677869,2.6677869
13.4289162,-10.0
7.9301507,7.9301507
-2.3562966,-2.3562966
2.4600059,2.4600059
16.2210688,-10.0
0.1115311,0.1115311
16.3710989,-10.0
-0.6478415,-0.6478415
4.7496559,4.7496559
4.6891102,4.6891102
6.6323428,6.6323428
5.590167,5.590167
1.8115912,1.8115912
-1.0537371,-1.0537371
0.8690769,0.8690769
16.0905326,-10.0
-0.4604892,-0.4604892
-5.5137283,-5.5137283
-2.081869,-2.081869
8.6792603,8.6792603
3.1804948,3.1804948
-7.1059525,-7.1059525
-2.28965,-2.28965
11.4714129,-10.0
-4.6381248,-4.6381248
11.621443,-10.0
-5.3974974,-5.3974974
-4.7496559,-4.7496559
-0.0605457,-0.0605457
1.8826869,1.8826869
0.8405111,0.8405111
-2.9380647,-2.9380647
-5.803393,-5.803393
-3.880579,-3.880579
11.3408767,-10.0
-5.2101451,-5.2101451
-5.4531826,-5.4531826
-2.0213233,-2.0213233
8.739806,8.739806
3.2410405,3.2410405
-7.0454068,-7.0454068
-2.2291043,-2.2291043
11.5319586,-10.0
-4.5775791,-4.5775791
11.6819887,-10.0
-5.3369517,-5.3369517
-4.6891102,-4.6891102
0.0605457,0.0605457
1.9432326,1.9432326
0.9010568,0.9010568
-2.877519,-2.877519
-5.7428473,-5.7428473
-3.8200333,-3.8200333
11.4014224,-10.0
-5.1495994,-5.1495994
-7.3964152,-7.3964152
-3.9645559,-3.9645559
6.7965734,6.7965734
1.2978079,1.2978079
-8.9886394,-8.9886394
-4.1723369,-4.1723369
9.588726,9.588726
-6.5208117,-6.5208117
9.7387561,9.7387561
-7.2801843,-7.2801843
-6.6323428,-6.6323428
-1.8826869,-1.8826869
-1.9432326,-1.9432326
-1.0421758,-1.0421758
-4.8207516,-4.8207516
-7.6860799,-7.6860799
-5.7632659,-5.7632659
9.4581898,9.4581898
-7.092832,-7.092832
-6.3542394,-6.3542394
-2.9223801,-2.9223801
7.8387492,7.8387492
2.3399837,2.3399837
-7.9464636,-7.9464636
-3.1301611,-3.1301611
10.6309018,-10.0
-5.4786359,-5.4786359
10.7809319,-10.0
-6.2380085,-6.2380085
-5.590167,-5.590167
-0.8405111,-0.8405111
-0.9010568,-0.9010568
1.0421758,1.0421758
-3.7785758,-3.7785758
-6.6439041,-6.6439041
-4.7210901,-4.7210901
10.5003656,-10.0
-6.0506562,-6.0506562
-2.5756636,-2.5756636
0.8561957,0.8561957
11.617325,-10.0
6.1185595,6.1185595
-4.1678878,-4.1678878
0.6484147,0.6484147
14.4094776,-10.0
-1.7000601,-1.7000601
14.5595077,-10.0
-2.4594327,-2.4594327
-1.8115912,-1.8115912
2.9380647,2.9380647
2.877519,2.877519
4.8207516,4.8207516
3.7785758,3.7785758
-2.8653283,-2.8653283
-0.9425143,-0.9425143
14.2789414,-10.0
-2.2720804,-2.2720804
0.2896647,0.2896647
3.721524,3.721524
14.4826533,-10.0
8.9838878,8.9838878
-1.3025595,-1.3025595
3.513743,3.513743
17.2748059,-10.0
1.1652682,1.1652682
17.424836,-10.0
0.4058956,0.4058956
1.0537371,1.0537371
5.803393,5.803393
5.7428473,5.7428473
7.6860799,7.6860799
6.6439041,6.6439041
2.8653283,2.8653283
1.922814,1.922814
17.1442697,-10.0
0.5932479,0.5932479
-1.6331493,-1.6331493
1.79871,1.79871
12.5598393,-10.0
7.0610738,7.0610738
-3.2253735,-3.2253735
1.590929,1.590929
15.3519919,-10.0
-0.7575458,-0.7575458
15.502022,-10.0
-1.5169184,-1.5169184
-0.8690769,-0.8690769
3.880579,3.880579
3.8200333,3.8200333
5.7632659,5.7632659
4.7210901,4.7210901
0.9425143,0.9425143
-1.922814,-1.922814
15.2214557,-10.0
-1.3295661,-1.3295661
-16.854605,-10.0
-13.4227457,-10.0
-2.6616164,-2.6616164
-8.1603819,-8.1603819
-18.4468292,-10.0
-13.6305267,-10.0
0.1305362,0.1305362
-15.9790015,-10.0
0.2805663,0.2805663
-16.7383741,-10.0
-16.0905326,-10.0
-11.3408767,-10.0
-11.4014224,-10.0
-9.4581898,-9.4581898
-10.5003656,-10.0
-14.2789414,-10.0
-17.1442697,-10.0
-15.2214557,-10.0
-16.5510218,-10.0
-0.3035832,-0.3035832
3.1282761,3.1282761
13.8894054,-10.0
8.3906399,8.3906399
-1.8958074,-1.8958074
2.9204951,2.9204951
16.681558,-10.0
0.5720203,0.5720203
16.8315881,-10.0
-0.1873523,-0.1873523
0.4604892,0.4604892
5.2101451,5.2101451
5.1495994,5.1495994
7.092832,7.092832
6.0506562,6.0506562
2.2720804,2.2720804
-0.5932479,-0.5932479
1.3295661,1.3295661
16.5510218,-10.0
-0.9842299,-0.9842299
15.2700505,-10.0
14.3782015,-10.0
3.028668,3.028668
-1.3740271,-1.3740271
12.6742965,-10.0
3.920175,3.920175
15.309379,-10.0
2.2647991,2.2647991
0.4347069,0.4347069
0.2476313,0.2476313
15.8742013,-10.0
14.165787,-10.0
15.978349,-10.0
-1.314597,-1.314597
-0.4089422,-0.4089422
2.2011042,2.2011042
13.0816629,-10.0
2.4851247,2.4851247
0.9842299,0.9842299
16.2542804,-10.0
15.3624314,-10.0
4.0128979,4.0128979
-0.3897972,-0.3897972
13.6585264,-10.0
4.9044049,4.9044049
16.2936089,-10.0
3.249029,3.249029
1.4189368,1.4189368
1.2318612,1.2318612
16.8584312,-10.0
15.1500169,-10.0
16.9625789,-10.0
-0.3303671,-0.3303671
0.5752877,0.5752877
3.1853341,3.1853341
14.0658928,-10.0
3.4693546,3.4693546
-15.2700505,-10.0
-16.2542804,-10.0
-0.891849,-0.891849
-12.2413825,-10.0
-16.6440776,-10.0
-2.595754,-2.595754
-11.3498755,-10.0
0.0393285,0.0393285
-13.0052514,-10.0
-14.8353436,-10.0
-15.0224192,-10.0
0.6041508,0.6041508
-1.1042635,-1.1042635
0.7082985,0.7082985
-16.5846475,-10.0
-15.6789927,-10.0
-13.0689463,-10.0
-2.1883876,-2.1883876
-12.7849258,-10.0
-14.3782015,-10.0
-15.3624314,-10.0
0.891849,0.891849
-11.3495335,-10.0
-15.7522286,-10.0
-1.703905,-1.703905
-10.4580265,-10.0
0.9311775,0.9311775
-12.1134024,-10.0
-13.9434946,-10.0
-14.1305702,-10.0
1.4959998,1.4959998
-0.2124145,-0.2124145
1.6001475,1.6001475
-15.6927985,-10.0
-14.7871437,-10.0
-12.1770973,-10.0
-1.2965386,-1.2965386
-11.8930768,-10.0
-3.028668,-3.028668
-4.0128979,-4.0128979
12.2413825,-10.0
11.3495335,-10.0
-4.4026951,-4.4026951
9.6456285,9.6456285
0.891507,0.891507
12.280711,-10.0
-0.7638689,-0.7638689
-2.5939611,-2.5939611
-2.7810367,-2.7810367
12.8455333,-10.0
11.137119,-10.0
12.949681,-10.0
-4.343265,-4.343265
-3.4376102,-3.4376102
-0.8275638,-0.8275638
10.0529949,-10.0
-0.5435433,-0.5435433
1.3740271,1.3740271
0.3897972,0.3897972
16.6440776,-10.0
15.7522286,-10.0
4.4026951,4.4026951
14.0483236,-10.0
5.2942021,5.2942021
16.6834061,-10.0
3.6388262,3.6388262
1.808734,1.808734
1.6216584,1.6216584
17.2482284,-10.0
15.5398141,-10.0
17.3523761,-10.0
0.0594301,0.0594301
0.9650849,0.9650849
3.5751313,3.5751313
14.45569,-10.0
3.8591518,3.8591518
-12.6742965,-10.0
-13.6585264,-10.0
2.595754,2.595754
1.703905,1.703905
-9.6456285,-9.6456285
-14.0483236,-10.0
-8.7541215,-8.7541215
2.6350825,2.6350825
-10.4094974,-10.0
-12.2395896,-10.0
-12.4266652,-10.0
3.1999048,3.1999048
1.4914905,1.4914905
3.3040525,3.3040525
-13.9888935,-10.0
-13.0832387,-10.0
-10.4731923,-10.0
0.4073664,0.4073664
-10.1891718,-10.0
-3.920175,-3.920175
-4.9044049,-4.9044049
11.3498755,-10.0
10.4580265,-10.0
-0.891507,-0.891507
-5.2942021,-5.2942021
8.7541215,8.7541215
11.389204,-10.0
-1.6553759,-1.6553759
-3.4854681,-3.4854681
-3.6725437,-3.6725437
11.9540263,-10.0
10.245612,-10.0
12.058174,-10.0
-5.234772,-5.234772
-4.3291172,-4.3291172
-1.7190708,-1.7190708
9.1614879,9.1614879
-1.4350503,-1.4350503
-15.309379,-10.0
-16.2936089,-10.0
-0.0393285,-0.0393285
-0.9311775,-0.9311775
-12.280711,-10.0
-16.6834061,-10.0
-2.6350825,-2.6350825
-11.389204,-10.0
-13.0445799,-10.0
-14.8746721,-10.0
-15.0617477,-10.0
0.5648223,0.5648223
-1.143592,-1.143592
0.66897,0.66897
-16.623976,-10.0
-15.7183212,-10.0
-13.1082748,-10.0
-2.2277161,-2.2277161
-12.8242543,-10.0
-2.2647991,-2.2647991
-3.249029,-3.249029
13.0052514,-10.0
12.1134024,-10.0
0.7638689,0.7638689
-3.6388262,-3.6388262
10.4094974,-10.0
1.6553759,1.6553759
13.0445799,-10.0
-1.8300922,-1.8300922
-2.0171678,-2.0171678
13.6094022,-10.0
11.9009879,-10.0
13.7135499,-10.0
-3.5793961,-3.5793961
-2.6737413,-2.6737413
-0.0636949,-0.0636949
10.8168638,-10.0
0.2203256,0.2203256
-0.4347069,-0.4347069
-1.4189368,-1.4189368
14.8353436,-10.0
13.9434946,-10.0
2.5939611,2.5939611
-1.808734,-1.808734
12.2395896,-10.0
3.4854681,3.4854681
14.8746721,-10.0
1.8300922,1.8300922
-0.1870756,-0.1870756
15.4394944,-10.0
13.7310801,-10.0
15.5436421,-10.0
-1.7493039,-1.7493039
-0.8436491,-0.8436491
1.7663973,1.7663973
12.646956,-10.0
2.0504178,2.0504178
-0.2476313,-0.2476313
-1.2318612,-1.2318612
15.0224192,-10.0
14.1305702,-10.0
2.7810367,2.7810367
-1.6216584,-1.6216584
12.4266652,-10.0
3.6725437,3.6725437
15.0617477,-10.0
2.0171678,2.0171678
0.1870756,0.1870756
15.62657,-10.0
13.9181557,-10.0
15.7307177,-10.0
-1.5622283,-1.5622283
-0.6565735,-0.6565735
1.9534729,1.9534729
12.8340316,-10.0
2.2374934,2.2374934
-15.8742013,-10.0
-16.8584312,-10.0
-0.6041508,-0.6041508
-1.4959998,-1.4959998
-12.8455333,-10.0
-17.2482284,-10.0
-3.1999048,-3.1999048
-11.9540263,-10.0
-0.5648223,-0.5648223
-13.6094022,-10.0
-15.4394944,-10.0
-15.62657,-10.0
-1.7084143,-1.7084143
0.1041477,0.1041477
-17.1887983,-10.0
-16.2831435,-10.0
-13.6730971,-10.0
-2.7925384,-2.7925384
-13.3890766,-10.0
-14.165787,-10.0
-15.1500169,-10.0
1.1042635,1.1042635
0.2124145,0.2124145
-11.137119,-10.0
-15.5398141,-10.0
-1.4914905,-1.4914905
-10.245612,-10.0
1.143592,1.143592
-11.9009879,-10.0
-13.7310801,-10.0
-13.9181557,-10.0
1.7084143,1.7084143
1.812562,1.812562
-15.480384,-10.0
-14.5747292,-10.0
-11.9646828,-10.0
-1.0841241,-1.0841241
-11.6806623,-10.0
-15.978349,-10.0
-16.9625789,-10.0
-0.7082985,-0.7082985
-1.6001475,-1.6001475
-12.949681,-10.0
-17.3523761,-10.0
-3.3040525,-3.3040525
-12.058174,-10.0
-0.66897,-0.66897
-13.7135499,-10.0
-15.5436421,-10.0
-15.7307177,-10.0
-0.1041477,-0.1041477
-1.812562,-1.812562
-17.292946,-10.0
-16.3872912,-10.0
-13.7772448,-10.0
-2.8966861,-2.8966861
-13.4932243,-10.0
1.314597,1.314597
0.3303671,0.3303671
16.5846475,-10.0
15.6927985,-10.0
4.343265,4.343265
-0.0594301,-0.0594301
13.9888935,-10.0
5.234772,5.234772
16.623976,-10.0
3.5793961,3.5793961
1.7493039,1.7493039
1.5622283,1.5622283
17.1887983,-10.0
15.480384,-10.0
17.292946,-10.0
0.9056548,0.9056548
3.5157012,3.5157012
14.3962599,-10.0
3.7997217,3.7997217
0.4089422,0.4089422
-0.5752877,-0.5752877
15.6789927,-10.0
14.7871437,-10.0
3.4376102,3.4376102
-0.9650849,-0.9650849
13.0832387,-10.0
4.3291172,4.3291172
15.7183212,-10.0
2.6737413,2.6737413
0.8436491,0.8436491
0.6565735,0.6565735
16.2831435,-10.0
14.5747292,-10.0
16.3872912,-10.0
-0.9056548,-0.9056548
2.6100464,2.6100464
13.4906051,-10.0
2.8940669,2.8940669
-2.2011042,-2.2011042
-3.1853341,-3.1853341
13.0689463,-10.0
12.1770973,-10.0
0.8275638,0.8275638
-3.5751313,-3.5751313
10.4731923,-10.0
1.7190708,1.7190708
13.1082748,-10.0
0.0636949,0.0636949
-1.7663973,-1.7663973
-1.9534729,-1.9534729
13.6730971,-10.0
11.9646828,-10.0
13.7772448,-10.0
-3.5157012,-3.5157012
-2.6100464,-2.6100464
10.8805587,-10.0
0.2840205,0.2840205
-13.0816629,-10.0
-14.0658928,-10.0
2.1883876,2.1883876
1.2965386,1.2965386
-10.0529949,-10.0
-14.45569,-10.0
-0.4073664,-0.4073664
-9.1614879,-9.1614879
2.2277161,2.2277161
-10.8168638,-10.0
-12.646956,-10.0
-12.8340316,-10.0
2.7925384,2.7925384
1.0841241,1.0841241
2.8966861,2.8966861
-14.3962599,-10.0
-13.4906051,-10.0
-10.8805587,-10.0
-10.5965382,-10.0
-2.4851247,-2.4851247
-3.4693546,-3.4693546
12.7849258,-10.0
11.8930768,-10.0
0.5435433,0.5435433
-3.8591518,-3.8591518
10.1891718,-10.0
1.4350503,1.4350503
12.8242543,-10.0
-0.2203256,-0.2203256
-2.0504178,-2.0504178
-2.2374934,-2.2374934
13.3890766,-10.0
11.6806623,-10.0
13.4932243,-10.0
-3.7997217,-3.7997217
-2.8940669,-2.8940669
-0.2840205,-0.2840205
10.5965382,-10.0
-2.677258,-2.677258
11.0793707,-10.0
0.2812355,0.2812355
8.4787642,8.4787642
-6.3746564,-6.3746564
10.6150738,-10.0
-1.3667924,-1.3667924
-2.0078107,-2.0078107
6.7012338,6.7012338
2.2949854,2.2949854
-3.1048146,-3.1048146
-5.3284186,-5.3284186
7.8109416,7.8109416
0.1590283,0.1590283
-2.6799299,-2.6799299
-3.1265252,-3.1265252
-1.4615696,-1.4615696
-0.5598803,-0.5598803
-1.9609798,-1.9609798
2.677258,2.677258
13.7566287,-10.0
2.9584935,2.9584935
11.1560222,-10.0
-3.6973984,-3.6973984
13.2923318,-10.0
1.3104656,1.3104656
0.6694473,0.6694473
9.3784918,9.3784918
4.9722434,4.9722434
-0.4275566,-0.4275566
-2.6511606,-2.6511606
10.4881996,-10.0
2.8362863,2.8362863
-0.0026719,-0.0026719
-0.4492672,-0.4492672
1.2156884,1.2156884
2.1173777,2.1173777
0.7162782,0.7162782
-11.0793707,-10.0
-13.7566287,-10.0
-10.7981352,-10.0
-2.6006065,-2.6006065
-17.4540271,-10.0
-0.4642969,-0.4642969
-12.4461631,-10.0
-13.0871814,-10.0
-4.3781369,-4.3781369
-8.7843853,-8.7843853
-14.1841853,-10.0
-16.4077893,-10.0
-3.2684291,-3.2684291
-10.9203424,-10.0
-13.7593006,-10.0
-14.2058959,-10.0
-12.5409403,-10.0
-11.639251,-10.0
-13.0403505,-10.0
-0.2812355,-0.2812355
-2.9584935,-2.9584935
10.7981352,-10.0
8.1975287,8.1975287
-6.6558919,-6.6558919
10.3338383,-10.0
-1.6480279,-1.6480279
-2.2890462,-2.2890462
6.4199983,6.4199983
2.0137499,2.0137499
-3.3860501,-3.3860501
-5.6096541,-5.6096541
7.5297061,7.5297061
-0.1222072,-0.1222072
-2.9611654,-2.9611654
-3.4077607,-3.4077607
-1.7428051,-1.7428051
-0.8411158,-0.8411158
-2.2422153,-2.2422153
-8.4787642,-8.4787642
-11.1560222,-10.0
2.6006065,2.6006065
-8.1975287,-8.1975287
-14.8534206,-10.0
2.1363096,2.1363096
-9.8455566,-9.8455566
-10.4865749,-10.0
-1.7775304,-1.7775304
-6.1837788,-6.1837788
-11.5835788,-10.0
-13.8071828,-10.0
-0.6678226,-0.6678226
-8.3197359,-8.3197359
-11.1586941,-10.0
-11.6052894,-10.0
-9.9403338,-9.9403338
-9.0386445,-9.0386445
-10.439744,-10.0
6.3746564,6.3746564
3.6973984,3.6973984
17.4540271,-10.0
6.6558919,6.6558919
14.8534206,-10.0
16.9897302,-10.0
5.007864,5.007864
4.3668457,4.3668457
13.0758902,-10.0
8.6696418,8.6696418
3.2698418,3.2698418
1.0462378,1.0462378
14.185598,-10.0
6.5336847,6.5336847
3.6947265,3.6947265
3.2481312,3.2481312
4.9130868,4.9130868
5.8147761,5.8147761
4.4136766,4.4136766
-10.6150738,-10.0
-13.2923318,-10.0
0.4642969,0.4642969
-10.3338383,-10.0
-2.1363096,-2.1363096
-16.9897302,-10.0
-11.9818662,-10.0
-12.6228845,-10.0
-3.91384,-3.91384
-8.3200884,-8.3200884
-13.7198884,-10.0
-15.9434924,-10.0
-2.8041322,-2.8041322
-10.4560455,-10.0
-13.2950037,-10.0
-13.741599,-10.0
-12.0766434,-10.0
-11.1749541,-10.0
-12.5760536,-10.0
1.3667924,1.3667924
-1.3104656,-1.3104656
12.4461631,-10.0
1.6480279,1.6480279
9.8455566,9.8455566
-5.007864,-5.007864
11.9818662,-10.0
-0.6410183,-0.6410183
8.0680262,8.0680262
3.6617778,3.6617778
-1.7380222,-1.7380222
-3.9616262,-3.9616262
9.177734,9.177734
1.5258207,1.5258207
-1.3131375,-1.3131375
-1.7597328,-1.7597328
-0.0947772,-0.0947772
0.8069121,0.8069121
-0.5941874,-0.5941874
2.0078107,2.0078107
-0.6694473,-0.6694473
13.0871814,-10.0
2.2890462,2.2890462
10.4865749,-10.0
-4.3668457,-4.3668457
12.6228845,-10.0
0.6410183,0.6410183
8.7090445,8.7090445
4.3027961,4.3027961
-1.0970039,-1.0970039
-3.3206079,-3.3206079
9.8187523,9.8187523
2.166839,2.166839
-0.6721192,-0.6721192
-1.1187145,-1.1187145
0.5462411,0.5462411
1.4479304,1.4479304
0.0468309,0.0468309
-6.7012338,-6.7012338
-9.3784918,-9.3784918
4.3781369,4.3781369
-6.4199983,-6.4199983
1.7775304,1.7775304
-13.0758902,-10.0
3.91384,3.91384
-8.0680262,-8.0680262
-8.7090445,-8.7090445
-4.4062484,-4.4062484
-9.8060484,-9.8060484
-12.0296524,-10.0
1.1097078,1.1097078
-6.5422055,-6.5422055
-9.3811637,-9.3811637
-9.827759,-9.827759
-8.1628034,-8.1628034
-7.2611141,-7.2611141
-8.6622136,-8.6622136
-2.2949854,-2.2949854
-4.9722434,-4.9722434
8.7843853,8.7843853
-2.0137499,-2.0137499
6.1837788,6.1837788
-8.6696418,-8.6696418
8.3200884,8.3200884
-3.6617778,-3.6617778
-4.3027961,-4.3027961
4.4062484,4.4062484
-5.3998,-5.3998
-7.623404,-7.623404
5.5159562,5.5159562
-2.1359571,-2.1359571
-4.9749153,-4.9749153
-5.4215106,-5.4215106
-3.756555,-3.756555
-2.8548657,-2.8548657
-4.2559652,-4.2559652
3.1048146,3.1048146
0.4275566,0.4275566
14.1841853,-10.0
3.3860501,3.3860501
11.5835788,-10.0
-3.2698418,-3.2698418
13.7198884,-10.0
1.7380222,1.7380222
1.0970039,1.0970039
9.8060484,9.8060484
5.3998,5.3998
-2.223604,-2.223604
10.9157562,-10.0
3.2638429,3.2638429
0.4248847,0.4248847
-0.0217106,-0.0217106
1.643245,1.643245
2.5449343,2.5449343
1.1438348,1.1438348
5.3284186,5.3284186
2.6511606,2.6511606
16.4077893,-10.0
5.6096541,5.6096541
13.8071828,-10.0
-1.0462378,-1.0462378
15.9434924,-10.0
3.9616262,3.9616262
3.3206079,3.3206079
12.0296524,-10.0
7.623404,7.623404
2.223604,2.223604
13.1393602,-10.0
5.4874469,5.4874469
2.6484887,2.6484887
2.2018934,2.2018934
3.866849,3.866849
4.7685383,4.7685383
3.3674388,3.3674388
-7.8109416,-7.8109416
-10.4881996,-10.0
3.2684291,3.2684291
-7.5297061,-7.5297061
0.6678226,0.6678226
-14.185598,-10.0
2.8041322,2.8041322
-9.177734,-9.177734
-9.8187523,-9.8187523
-1.1097078,-1.1097078
-5.5159562,-5.5159562
-10.9157562,-10.0
-13.1393602,-10.0
-7.6519133,-7.6519133
-10.4908715,-10.0
-10.9374668,-10.0
-9.2725112,-9.2725112
-8.3708219,-8.3708219
-9.7719214,-9.7719214
-0.1590283,-0.1590283
-2.8362863,-2.8362863
10.9203424,-10.0
0.1222072,0.1222072
8.3197359,8.3197359
-6.5336847,-6.5336847
10.4560455,-10.0
-1.5258207,-1.5258207
-2.166839,-2.166839
6.5422055,6.5422055
2.1359571,2.1359571
-3.2638429,-3.2638429
-5.4874469,-5.4874469
7.6519133,7.6519133
-2.8389582,-2.8389582
-3.2855535,-3.2855535
-1.6205979,-1.6205979
-0.7189086,-0.7189086
-2.1200081,-2.1200081
2.6799299,2.6799299
0.0026719,0.0026719
13.7593006,-10.0
2.9611654,2.9611654
11.1586941,-10.0
-3.6947265,-3.6947265
13.2950037,-10.0
1.3131375,1.3131375
0.6721192,0.6721192
9.3811637,9.3811637
4.9749153,4.9749153
-0.4248847,-0.4248847
-2.6484887,-2.6484887
10.4908715,-10.0
2.8389582,2.8389582
-0.4465953,-0.4465953
1.2183603,1.2183603
2.1200496,2.1200496
0.7189501,0.7189501
3.1265252,3.1265252
0.4492672,0.4492672
14.2058959,-10.0
3.4077607,3.4077607
11.6052894,-10.0
-3.2481312,-3.2481312
13.741599,-10.0
1.7597328,1.7597328
1.1187145,1.1187145
9.827759,9.827759
5.4215106,5.4215106
0.0217106,0.0217106
-2.2018934,-2.2018934
10.9374668,-10.0
3.2855535,3.2855535
0.4465953,0.4465953
1.6649556,1.6649556
2.5666449,2.5666449
1.1655454,1.1655454
1.4615696,1.4615696
-1.2156884,-1.2156884
12.5409403,-10.0
1.7428051,1.7428051
9.9403338,9.9403338
-4.9130868,-4.9130868
12.0766434,-10.0
0.0947772,0.0947772
-0.5462411,-0.5462411
8.1628034,8.1628034
3.756555,3.756555
-1.643245,-1.643245
-3.866849,-3.866849
9.2725112,9.2725112
1.6205979,1.6205979
-1.2183603,-1.2183603
-1.6649556,-1.6649556
0.9016893,0.9016893
-0.4994102,-0.4994102
0.5598803,0.5598803
-2.1173777,-2.1173777
11.639251,-10.0
0.8411158,0.8411158
9.0386445,9.0386445
-5.8147761,-5.8147761
11.1749541,-10.0
-0.8069121,-0.8069121
-1.4479304,-1.4479304
7.2611141,7.2611141
2.8548657,2.8548657
-2.5449343,-2.5449343
-4.7685383,-4.7685383
8.3708219,8.3708219
0.7189086,0.7189086
-2.1200496,-2.1200496
-2.5666449,-2.5666449
-0.9016893,-0.9016893
-1.4010995,-1.4010995
1.9609798,1.9609798
-0.7162782,-0.7162782
13.0403505,-10.0
2.2422153,2.2422153
10.439744,-10.0
-4.4136766,-4.4136766
12.5760536,-10.0
0.5941874,0.5941874
-0.0468309,-0.0468309
8.6622136,8.6622136
4.2559652,4.2559652
-1.1438348,-1.1438348
-3.3674388,-3.3674388
9.7719214,9.7719214
2.1200081,2.1200081
-0.7189501,-0.7189501
-1.1655454,-1.1655454
0.4994102,0.4994102
1.4010995,1.4010995
3.1256704,3.1256704
16.7017427,-10.0
14.9042976,-10.0
-1.8080114,-1.8080114
2.8805428,2.8805428
0.9492095,0.9492095
-0.5309679,-0.5309679
14.8144769,-10.0
1.4828855,1.4828855
0.6299044,0.6299044
15.6134026,-10.0
13.5863346,-10.0
15.2395777,-10.0
10.9680157,-10.0
2.5186645,2.5186645
1.8236099,1.8236099
-0.3779697,-0.3779697
7.6060002,7.6060002
-1.7258405,-1.7258405
-3.1256704,-3.1256704
13.5760723,-10.0
11.7786272,-10.0
-4.9336818,-4.9336818
-0.2451276,-0.2451276
-2.1764609,-2.1764609
-3.6566383,-3.6566383
11.6888065,-10.0
-1.6427849,-1.6427849
-2.495766,-2.495766
12.4877322,-10.0
10.4606642,-10.0
12.1139073,-10.0
7.8423453,7.8423453
-0.6070059,-0.6070059
-1.3020605,-1.3020605
-3.5036401,-3.5036401
4.4803298,4.4803298
-4.8515109,-4.8515109
-16.7017427,-10.0
-13.5760723,-10.0
-1.7974451,-1.7974451
-18.5097541,-10.0
-13.8211999,-10.0
-15.7525332,-10.0
-17.2327106,-10.0
-1.8872658,-1.8872658
-15.2188572,-10.0
-16.0718383,-10.0
-1.0883401,-1.0883401
-3.1154081,-3.1154081
-1.462165,-1.462165
-5.733727,-5.733727
-14.1830782,-10.0
-14.8781328,-10.0
-17.0797124,-10.0
-9.0957425,-9.0957425
-18.4275832,-10.0
-14.9042976,-10.0
-11.7786272,-10.0
1.7974451,1.7974451
-16.712309,-10.0
-12.0237548,-10.0
-13.9550881,-10.0
-15.4352655,-10.0
-0.0898207,-0.0898207
-13.4214121,-10.0
-14.2743932,-10.0
0.709105,0.709105
-1.317963,-1.317963
0.3352801,0.3352801
-3.9362819,-3.9362819
-12.3856331,-10.0
-13.0806877,-10.0
-15.2822673,-10.0
-7.2982974,-7.2982974
-16.6301381,-10.0
1.8080114,1.8080114
4.9336818,4.9336818
18.5097541,-10.0
16.712309,-10.0
4.6885542,4.6885542
2.7572209,2.7572209
1.2770435,1.2770435
16.6224883,-10.0
3.2908969,3.2908969
2.4379158,2.4379158
17.421414,-10.0
15.394346,-10.0
17.0475891,-10.0
12.7760271,-10.0
4.3266759,4.3266759
3.6316213,3.6316213
1.4300417,1.4300417
9.4140116,9.4140116
0.0821709,0.0821709
-2.8805428,-2.8805428
0.2451276,0.2451276
13.8211999,-10.0
12.0237548,-10.0
-4.6885542,-4.6885542
-1.9313333,-1.9313333
-3.4115107,-3.4115107
11.9339341,-10.0
-1.3976573,-1.3976573
-2.2506384,-2.2506384
12.7328598,-10.0
10.7057918,-10.0
12.3590349,-10.0
8.0874729,8.0874729
-0.3618783,-0.3618783
-1.0569329,-1.0569329
-3.2585125,-3.2585125
4.7254574,4.7254574
-4.6063833,-4.6063833
-0.9492095,-0.9492095
2.1764609,2.1764609
15.7525332,-10.0
13.9550881,-10.0
-2.7572209,-2.7572209
1.9313333,1.9313333
-1.4801774,-1.4801774
13.8652674,-10.0
0.533676,0.533676
-0.3193051,-0.3193051
14.6641931,-10.0
12.6371251,-10.0
14.2903682,-10.0
10.0188062,-10.0
1.569455,1.569455
0.8744004,0.8744004
-1.3271792,-1.3271792
6.6567907,6.6567907
-2.67505,-2.67505
0.5309679,0.5309679
3.6566383,3.6566383
17.2327106,-10.0
15.4352655,-10.0
-1.2770435,-1.2770435
3.4115107,3.4115107
1.4801774,1.4801774
15.3454448,-10.0
2.0138534,2.0138534
1.1608723,1.1608723
16.1443705,-10.0
14.1173025,-10.0
15.7705456,-10.0
11.4989836,-10.0
3.0496324,3.0496324
2.3545778,2.3545778
0.1529982,0.1529982
8.1369681,8.1369681
-1.1948726,-1.1948726
-14.8144769,-10.0
-11.6888065,-10.0
1.8872658,1.8872658
0.0898207,0.0898207
-16.6224883,-10.0
-11.9339341,-10.0
-13.8652674,-10.0
-15.3454448,-10.0
-13.3315914,-10.0
-14.1845725,-10.0
0.7989257,0.7989257
-1.2281423,-1.2281423
0.4251008,0.4251008
-3.8464612,-3.8464612
-12.2958124,-10.0
-12.990867,-10.0
-15.1924466,-10.0
-7.2084767,-7.2084767
-16.5403174,-10.0
-1.4828855,-1.4828855
1.6427849,1.6427849
15.2188572,-10.0
13.4214121,-10.0
-3.2908969,-3.2908969
1.3976573,1.3976573
-0.533676,-0.533676
-2.0138534,-2.0138534
13.3315914,-10.0
-0.8529811,-0.8529811
14.1305171,-10.0
12.1034491,-10.0
13.7566922,-10.0
9.4851302,9.4851302
1.035779,1.035779
0.3407244,0.3407244
-1.8608552,-1.8608552
6.1231147,6.1231147
-3.208726,-3.208726
-0.6299044,-0.6299044
2.495766,2.495766
16.0718383,-10.0
14.2743932,-10.0
-2.4379158,-2.4379158
2.2506384,2.2506384
0.3193051,0.3193051
-1.1608723,-1.1608723
14.1845725,-10.0
0.8529811,0.8529811
14.9834982,-10.0
12.9564302,-10.0
14.6096733,-10.0
10.3381113,-10.0
1.8887601,1.8887601
1.1937055,1.1937055
-1.0078741,-1.0078741
6.9760958,6.9760958
-2.3557449,-2.3557449
-15.6134026,-10.0
-12.4877322,-10.0
1.0883401,1.0883401
-0.709105,-0.709105
-17.421414,-10.0
-12.7328598,-10.0
-14.6641931,-10.0
-16.1443705,-10.0
-0.7989257,-0.7989257
-14.1305171,-10.0
-14.9834982,-10.0
-2.027068,-2.027068
-0.3738249,-0.3738249
-4.6453869,-4.6453869
-13.0947381,-10.0
-13.7897927,-10.0
-15.9913723,-10.0
-8.0074024,-8.0074024
-17.3392431,-10.0
-13.5863346,-10.0
-10.4606642,-10.0
3.1154081,3.1154081
1.317963,1.317963
-15.394346,-10.0
-10.7057918,-10.0
-12.6371251,-10.0
-14.1173025,-10.0
1.2281423,1.2281423
-12.1034491,-10.0
-12.9564302,-10.0
2.027068,2.027068
1.6532431,1.6532431
-2.6183189,-2.6183189
-11.0676701,-10.0
-11.7627247,-10.0
-13.9643043,-10.0
-5.9803344,-5.9803344
-15.3121751,-10.0
-15.2395777,-10.0
-12.1139073,-10.0
1.462165,1.462165
-0.3352801,-0.3352801
-17.0475891,-10.0
-12.3590349,-10.0
-14.2903682,-10.0
-15.7705456,-10.0
-0.4251008,-0.4251008
-13.7566922,-10.0
-14.6096733,-10.0
0.3738249,0.3738249
-1.6532431,-1.6532431
-4.271562,-4.271562
-12.7209132,-10.0
-13.4159678,-10.0
-15.6175474,-10.0
-7.6335775,-7.6335775
-16.9654182,-10.0
-10.9680157,-10.0
-7.8423453,-7.8423453
5.733727,5.733727
3.9362819,3.9362819
-12.7760271,-10.0
-8.0874729,-8.0874729
-10.0188062,-10.0
-11.4989836,-10.0
3.8464612,3.8464612
-9.4851302,-9.4851302
-10.3381113,-10.0
4.6453869,4.6453869
2.6183189,2.6183189
4.271562,4.271562
-8.4493512,-8.4493512
-9.1444058,-9.1444058
-11.3459854,-10.0
-3.3620155,-3.3620155
-12.6938562,-10.0
-2.5186645,-2.5186645
0.6070059,0.6070059
14.1830782,-10.0
12.3856331,-10.0
-4.3266759,-4.3266759
0.3618783,0.3618783
-1.569455,-1.569455
-3.0496324,-3.0496324
12.2958124,-10.0
-1.035779,-1.035779
-1.8887601,-1.8887601
13.0947381,-10.0
11.0676701,-10.0
12.7209132,-10.0
8.4493512,8.4493512
-0.6950546,-0.6950546
-2.8966342,-2.8966342
5.0873357,5.0873357
-4.244505,-4.244505
-1.8236099,-1.8236099
1.3020605,1.3020605
14.8781328,-10.0
13.0806877,-10.0
-3.6316213,-3.6316213
1.0569329,1.0569329
-0.8744004,-0.8744004
-2.3545778,-2.3545778
12.990867,-10.0
-0.3407244,-0.3407244
-1.1937055,-1.1937055
13.7897927,-10.0
11.7627247,-10.0
13.4159678,-10.0
9.1444058,9.1444058
0.6950546,0.6950546
-2.2015796,-2.2015796
5.7823903,5.7823903
-3.5494504,-3.5494504
0.3779697,0.3779697
3.5036401,3.5036401
17.0797124,-10.0
15.2822673,-10.0
-1.4300417,-1.4300417
3.2585125,3.2585125
1.3271792,1.3271792
-0.1529982,-0.1529982
15.1924466,-10.0
1.8608552,1.8608552
1.0078741,1.0078741
15.9913723,-10.0
13.9643043,-10.0
15.6175474,-10.0
11.3459854,-10.0
2.8966342,2.8966342
2.2015796,2.2015796
7.9839699,7.9839699
-1.3478708,-1.3478708
-7.6060002,-7.6060002
-4.4803298,-4.4803298
9.0957425,9.0957425
7.2982974,7.2982974
-9.4140116,-9.4140116
-4.7254574,-4.7254574
-6.6567907,-6.6567907
-8.1369681,-8.1369681
7.2084767,7.2084767
-6.1231147,-6.1231147
-6.9760958,-6.9760958
8.0074024,8.0074024
5.9803344,5.9803344
7.6335775,7.6335775
3.3620155,3.3620155
-5.0873357,-5.0873357
-5.7823903,-5.7823903
-7.9839699,-7.9839699
-9.3318407,-9.3318407
1.7258405,1.7258405
4.8515109,4.8515109
18.4275832,-10.0
16.6301381,-10.0
-0.0821709,-0.0821709
4.6063833,4.6063833
2.67505,2.67505
1.1948726,1.1948726
16.5403174,-10.0
3.208726,3.208726
2.3557449,2.3557449
17.3392431,-10.0
15.3121751,-10.0
16.9654182,-10.0
12.6938562,-10.0
4.244505,4.244505
3.5494504,3.5494504
1.3478708,1.3478708
9.3318407,9.3318407
1.0167795,1.0167795
14.5632139,-10.0
13.5346845,-10.0
-3.2620134,-3.2620134
-0.0353435,-0.0353435
14.4101794,-10.0
-2.4344484,-2.4344484
12.0935298,-10.0
-1.55495,-1.55495
-3.6533589,-3.6533589
13.967396,-10.0
14.1347462,-10.0
-0.0707686,-0.0707686
14.7254436,-10.0
0.1688692,0.1688692
-0.7030957,-0.7030957
-1.8274505,-1.8274505
11.7758194,-10.0
-2.3819509,-2.3819509
-1.0167795,-1.0167795
13.5464344,-10.0
12.517905,-10.0
-4.2787929,-4.2787929
-1.052123,-1.052123
13.3933999,-10.0
-3.4512279,-3.4512279
11.0767503,-10.0
-2.5717295,-2.5717295
-4.6701384,-4.6701384
12.9506165,-10.0
13.1179667,-10.0
-1.0875481,-1.0875481
13.7086641,-10.0
-0.8479103,-0.8479103
-1.7198752,-1.7198752
-2.84423,-2.84423
10.7590399,-10.0
-3.3987304,-3.3987304
-14.5632139,-10.0
-13.5464344,-10.0
-1.0285294,-1.0285294
-17.8252273,-10.0
-14.5985574,-10.0
-0.1530345,-0.1530345
-16.9976623,-10.0
-2.4696841,-2.4696841
-16.1181639,-10.0
-18.2165728,-10.0
-0.5958179,-0.5958179
-0.4284677,-0.4284677
-14.6339825,-10.0
0.1622297,0.1622297
-14.3943447,-10.0
-15.2663096,-10.0
-16.3906644,-10.0
-2.7873945,-2.7873945
-16.9451648,-10.0
-13.5346845,-10.0
-12.517905,-10.0
1.0285294,1.0285294
-16.7966979,-10.0
-13.570028,-10.0
0.8754949,0.8754949
-15.9691329,-10.0
-1.4411547,-1.4411547
-15.0896345,-10.0
-17.1880434,-10.0
0.4327115,0.4327115
0.6000617,0.6000617
-13.6054531,-10.0
1.1907591,1.1907591
-13.3658153,-10.0
-14.2377802,-10.0
-15.362135,-10.0
-1.7588651,-1.7588651
-15.9166354,-10.0
3.2620134,3.2620134
4.2787929,4.2787929
17.8252273,-10.0
16.7966979,-10.0
3.2266699,3.2266699
17.6721928,-10.0
0.827565,0.827565
15.3555432,-10.0
1.7070634,1.7070634
-0.3913455,-0.3913455
17.2294094,-10.0
17.3967596,-10.0
3.1912448,3.1912448
17.987457,-10.0
3.4308826,3.4308826
2.5589177,2.5589177
1.4345629,1.4345629
15.0378328,-10.0
0.8800625,0.8800625
0.0353435,0.0353435
1.052123,1.052123
14.5985574,-10.0
13.570028,-10.0
-3.2266699,-3.2266699
14.4455229,-10.0
-2.3991049,-2.3991049
12.1288733,-10.0
-1.5196065,-1.5196065
-3.6180154,-3.6180154
14.0027395,-10.0
14.1700897,-10.0
-0.0354251,-0.0354251
14.7607871,-10.0
0.2042127,0.2042127
-0.6677522,-0.6677522
-1.792107,-1.792107
11.8111629,-10.0
-2.3466074,-2.3466074
-14.4101794,-10.0
-13.3933999,-10.0
0.1530345,0.1530345
-0.8754949,-0.8754949
-17.6721928,-10.0
-14.4455229,-10.0
-16.8446278,-10.0
-2.3166496,-2.3166496
-15.9651294,-10.0
-18.0635383,-10.0
-0.4427834,-0.4427834
-0.2754332,-0.2754332
-14.480948,-10.0
0.3152642,0.3152642
-14.2413102,-10.0
-15.1132751,-10.0
-16.2376299,-10.0
-2.63436,-2.63436
-16.7921303,-10.0
2.4344484,2.4344484
3.4512279,3.4512279
16.9976623,-10.0
15.9691329,-10.0
-0.827565,-0.827565
2.3991049,2.3991049
16.8446278,-10.0
14.5279782,-10.0
0.8794984,0.8794984
-1.2189105,-1.2189105
16.4018444,-10.0
16.5691946,-10.0
2.3636798,2.3636798
17.159892,-10.0
2.6033176,2.6033176
1.7313527,1.7313527
0.6069979,0.6069979
14.2102678,-10.0
0.0524975,0.0524975
-12.0935298,-10.0
-11.0767503,-10.0
2.4696841,2.4696841
1.4411547,1.4411547
-15.3555432,-10.0
-12.1288733,-10.0
2.3166496,2.3166496
-14.5279782,-10.0
-13.6484798,-10.0
-15.7468887,-10.0
1.8738662,1.8738662
2.0412164,2.0412164
-12.1642984,-10.0
2.6319138,2.6319138
-11.9246606,-10.0
-12.7966255,-10.0
-13.9209803,-10.0
-0.3177104,-0.3177104
-14.4754807,-10.0
1.55495,1.55495
2.5717295,2.5717295
16.1181639,-10.0
15.0896345,-10.0
-1.7070634,-1.7070634
1.5196065,1.5196065
15.9651294,-10.0
-0.8794984,-0.8794984
13.6484798,-10.0
-2.0984089,-2.0984089
15.522346,-10.0
15.6896962,-10.0
1.4841814,1.4841814
16.2803936,-10.0
1.7238192,1.7238192
0.8518543,0.8518543
-0.2725005,-0.2725005
13.3307694,-10.0
-0.8270009,-0.8270009
3.6533589,3.6533589
4.6701384,4.6701384
18.2165728,-10.0
17.1880434,-10.0
0.3913455,0.3913455
3.6180154,3.6180154
18.0635383,-10.0
1.2189105,1.2189105
15.7468887,-10.0
2.0984089,2.0984089
17.6207549,-10.0
17.7881051,-10.0
3.5825903,3.5825903
18.3788025,-10.0
3.8222281,3.8222281
2.9502632,2.9502632
1.8259084,1.8259084
15.4291783,-10.0
1.271408,1.271408
-13.967396,-10.0
-12.9506165,-10.0
0.5958179,0.5958179
-0.4327115,-0.4327115
-17.2294094,-10.0
-14.0027395,-10.0
0.4427834,0.4427834
-16.4018444,-10.0
-1.8738662,-1.8738662
-15.522346,-10.0
-17.6207549,-10.0
0.1673502,0.1673502
-14.0381646,-10.0
0.7580476,0.7580476
-13.7985268,-10.0
-14.6704917,-10.0
-15.7948465,-10.0
-2.1915766,-2.1915766
-16.3493469,-10.0
-14.1347462,-10.0
-13.1179667,-10.0
0.4284677,0.4284677
-0.6000617,-0.6000617
-17.3967596,-10.0
-14.1700897,-10.0
0.2754332,0.2754332
-16.5691946,-10.0
-2.0412164,-2.0412164
-15.6896962,-10.0
-17.7881051,-10.0
-0.1673502,-0.1673502
-14.2055148,-10.0
0.5906974,0.5906974
-13.965877,-10.0
-14.8378419,-10.0
-15.9621967,-10.0
-2.3589268,-2.3589268
-16.5166971,-10.0
0.0707686,0.0707686
1.0875481,1.0875481
14.6339825,-10.0
13.6054531,-10.0
-3.1912448,-3.1912448
0.0354251,0.0354251
14.480948,-10.0
-2.3636798,-2.3636798
12.1642984,-10.0
-1.4841814,-1.4841814
-3.5825903,-3.5825903
14.0381646,-10.0
14.2055148,-10.0
14.7962122,-10.0
0.2396378,0.2396378
-0.6323271,-0.6323271
-1.7566819,-1.7566819
11.846588,-10.0
-2.3111823,-2.3111823
-14.7254436,-10.0
-13.7086641,-10.0
-0.1622297,-0.1622297
-1.1907591,-1.1907591
-17.987457,-10.0
-14.7607871,-10.0
-0.3152642,-0.3152642
-17.159892,-10.0
-2.6319138,-2.6319138
-16.2803936,-10.0
-18.3788025,-10.0
-0.7580476,-0.7580476
-0.5906974,-0.5906974
-14.7962122,-10.0
-14.5565744,-10.0
-15.4285393,-10.0
-16.5528941,-10.0
-2.9496242,-2.9496242
-17.1073945,-10.0
-0.1688692,-0.1688692
0.8479103,0.8479103
14.3943447,-10.0
13.3658153,-10.0
-3.4308826,-3.4308826
-0.2042127,-0.2042127
14.2413102,-10.0
-2.6033176,-2.6033176
11.9246606,-10.0
-1.7238192,-1.7238192
-3.8222281,-3.8222281
13.7985268,-10.0
13.965877,-10.0
-0.2396378,-0.2396378
14.5565744,-10.0
-0.8719649,-0.8719649
-1.9963197,-1.9963197
11.6069502,-10.0
-2.5508201,-2.5508201
0.7030957,0.7030957
1.7198752,1.7198752
15.2663096,-10.0
14.2377802,-10.0
-2.5589177,-2.5589177
0.6677522,0.6677522
15.1132751,-10.0
-1.7313527,-1.7313527
12.7966255,-10.0
-0.8518543,-0.8518543
-2.9502632,-2.9502632
14.6704917,-10.0
14.8378419,-10.0
0.6323271,0.6323271
15.4285393,-10.0
0.8719649,0.8719649
-1.1243548,-1.1243548
12.4789151,-10.0
-1.6788552,-1.6788552
1.8274505,1.8274505
2.84423,2.84423
16.3906644,-10.0
15.362135,-10.0
-1.4345629,-1.4345629
1.792107,1.792107
16.2376299,-10.0
-0.6069979,-0.6069979
13.9209803,-10.0
0.2725005,0.2725005
-1.8259084,-1.8259084
15.7948465,-10.0
15.9621967,-10.0
1.7566819,1.7566819
16.5528941,-10.0
1.9963197,1.9963197
1.1243548,1.1243548
13.6032699,-10.0
-0.5545004,-0.5545004
-11.7758194,-10.0
-10.7590399,-10.0
2.7873945,2.7873945
1.7588651,1.7588651
-15.0378328,-10.0
-11.8111629,-10.0
2.63436,2.63436
-14.2102678,-10.0
0.3177104,0.3177104
-13.3307694,-10.0
-15.4291783,-10.0
2.1915766,2.1915766
2.3589268,2.3589268
-11.846588,-10.0
2.9496242,2.9496242
-11.6069502,-10.0
-12.4789151,-10.0
-13.6032699,-10.0
-14.1577703,-10.0
2.3819509,2.3819509
3.3987304,3.3987304
16.9451648,-10.0
15.9166354,-10.0
-0.8800625,-0.8800625
2.3466074,2.3466074
16.7921303,-10.0
-0.0524975,-0.0524975
14.4754807,-10.0
0.8270009,0.8270009
-1.271408,-1.271408
16.3493469,-10.0
16.5166971,-10.0
2.3111823,2.3111823
17.1073945,-10.0
2.5508201,2.5508201
1.6788552,1.6788552
0.5545004,0.5545004
14.1577703,-10.0
2.020508,2.020508
5.7190577,5.7190577
1.8390977,1.8390977
-1.3138096,-1.3138096
1.4064865,1.4064865
10.5571737,-10.0
-2.0600703,-2.0600703
1.1264995,1.1264995
-0.006899,-0.006899
-0.4688585,-0.4688585
2.2512275,2.2512275
13.695078,-10.0
-3.0670334,-3.0670334
0.5264279,0.5264279
1.6480559,1.6480559
0.2925031,0.2925031
-1.1539994,-1.1539994
-3.5721598,-3.5721598
-1.8521068,-1.8521068
-2.020508,-2.020508
3.6985497,3.6985497
-0.1814103,-0.1814103
-3.3343176,-3.3343176
-0.6140215,-0.6140215
8.5366657,8.5366657
-4.0805783,-4.0805783
-0.8940085,-0.8940085
-2.027407,-2.027407
-2.4893665,-2.4893665
0.2307195,0.2307195
11.67457,-10.0
-5.0875414,-5.0875414
-1.4940801,-1.4940801
-0.3724521,-0.3724521
-1.7280049,-1.7280049
-3.1745074,-3.1745074
-5.5926678,-5.5926678
-3.8726148,-3.8726148
-5.7190577,-5.7190577
-3.6985497,-3.6985497
-3.87996,-3.87996
-7.0328673,-7.0328673
-4.3125712,-4.3125712
4.838116,4.838116
-7.779128,-7.779128
-4.5925582,-4.5925582
-5.7259567,-5.7259567
-6.1879162,-6.1879162
-3.4678302,-3.4678302
7.9760203,7.9760203
-8.7860911,-8.7860911
-5.1926298,-5.1926298
-4.0710018,-4.0710018
-5.4265546,-5.4265546
-6.8730571,-6.8730571
-9.2912175,-9.2912175
-7.5711645,-7.5711645
-1.8390977,-1.8390977
0.1814103,0.1814103
3.87996,3.87996
-3.1529073,-3.1529073
-0.4326112,-0.4326112
8.718076,8.718076
-3.899168,-3.899168
-0.7125982,-0.7125982
-1.8459967,-1.8459967
-2.3079562,-2.3079562
0.4121298,0.4121298
11.8559803,-10.0
-4.9061311,-4.9061311
-1.3126698,-1.3126698
-0.1910418,-0.1910418
-1.5465946,-1.5465946
-2.9930971,-2.9930971
-5.4112575,-5.4112575
-3.6912045,-3.6912045
1.3138096,1.3138096
3.3343176,3.3343176
7.0328673,7.0328673
3.1529073,3.1529073
2.7202961,2.7202961
11.8709833,-10.0
-0.7462607,-0.7462607
2.4403091,2.4403091
1.3069106,1.3069106
0.8449511,0.8449511
3.5650371,3.5650371
15.0088876,-10.0
-1.7532238,-1.7532238
1.8402375,1.8402375
2.9618655,2.9618655
1.6063127,1.6063127
0.1598102,0.1598102
-2.2583502,-2.2583502
-0.5382972,-0.5382972
-1.4064865,-1.4064865
0.6140215,0.6140215
4.3125712,4.3125712
0.4326112,0.4326112
-2.7202961,-2.7202961
9.1506872,9.1506872
-3.4665568,-3.4665568
-0.279987,-0.279987
-1.4133855,-1.4133855
-1.875345,-1.875345
0.844741,0.844741
12.2885915,-10.0
-4.4735199,-4.4735199
-0.8800586,-0.8800586
0.2415694,0.2415694
-1.1139834,-1.1139834
-2.5604859,-2.5604859
-4.9786463,-4.9786463
-3.2585933,-3.2585933
-10.5571737,-10.0
-8.5366657,-8.5366657
-4.838116,-4.838116
-8.718076,-8.718076
-11.8709833,-10.0
-9.1506872,-9.1506872
-12.617244,-10.0
-9.4306742,-9.4306742
-10.5640727,-10.0
-11.0260322,-10.0
-8.3059462,-8.3059462
3.1379043,3.1379043
-13.6242071,-10.0
-10.0307458,-10.0
-8.9091178,-8.9091178
-10.2646706,-10.0
-11.7111731,-10.0
-14.1293335,-10.0
-12.4092805,-10.0
2.0600703,2.0600703
4.0805783,4.0805783
7.779128,7.779128
3.899168,3.899168
0.7462607,0.7462607
3.4665568,3.4665568
12.617244,-10.0
3.1865698,3.1865698
2.0531713,2.0531713
1.5912118,1.5912118
4.3112978,4.3112978
15.7551483,-10.0
-1.0069631,-1.0069631
2.5864982,2.5864982
3.7081262,3.7081262
2.3525734,2.3525734
0.9060709,0.9060709
-1.5120895,-1.5120895
0.2079635,0.2079635
-1.1264995,-1.1264995
0.8940085,0.8940085
4.5925582,4.5925582
0.7125982,0.7125982
-2.4403091,-2.4403091
0.279987,0.279987
9.4306742,9.4306742
-3.1865698,-3.1865698
-1.1333985,-1.1333985
-1.595358,-1.595358
1.124728,1.124728
12.5685785,-10.0
-4.1935329,-4.1935329
-0.6000716,-0.6000716
0.5215564,0.5215564
-0.8339964,-0.8339964
-2.2804989,-2.2804989
-4.6986593,-4.6986593
-2.9786063,-2.9786063
0.006899,0.006899
2.027407,2.027407
5.7259567,5.7259567
1.8459967,1.8459967
-1.3069106,-1.3069106
1.4133855,1.4133855
10.5640727,-10.0
-2.0531713,-2.0531713
1.1333985,1.1333985
-0.4619595,-0.4619595
2.2581265,2.2581265
13.701977,-10.0
-3.0601344,-3.0601344
0.5333269,0.5333269
1.6549549,1.6549549
0.2994021,0.2994021
-1.1471004,-1.1471004
-3.5652608,-3.5652608
-1.8452078,-1.8452078
0.4688585,0.4688585
2.4893665,2.4893665
6.1879162,6.1879162
2.3079562,2.3079562
-0.8449511,-0.8449511
1.875345,1.875345
11.0260322,-10.0
-1.5912118,-1.5912118
1.595358,1.595358
0.4619595,0.4619595
2.720086,2.720086
14.1639365,-10.0
-2.5981749,-2.5981749
0.9952864,0.9952864
2.1169144,2.1169144
0.7613616,0.7613616
-0.6851409,-0.6851409
-3.1033013,-3.1033013
-1.3832483,-1.3832483
-2.2512275,-2.2512275
-0.2307195,-0.2307195
3.4678302,3.4678302
-0.4121298,-0.4121298
-3.5650371,-3.5650371
-0.844741,-0.844741
8.3059462,8.3059462
-4.3112978,-4.3112978
-1.124728,-1.124728
-2.2581265,-2.2581265
-2.720086,-2.720086
11.4438505,-10.0
-5.3182609,-5.3182609
-1.7247996,-1.7247996
-0.6031716,-0.6031716
-1.9587244,-1.9587244
-3.4052269,-3.4052269
-5.8233873,-5.8233873
-4.1033343,-4.1033343
-13.695078,-10.0
-11.67457,-10.0
-7.9760203,-7.9760203
-11.8559803,-10.0
-15.0088876,-10.0
-12.2885915,-10.0
-3.1379043,-3.1379043
-15.7551483,-10.0
-12.5685785,-10.0
-13.701977,-10.0
-14.1639365,-10.0
-11.4438505,-10.0
-16.7621114,-10.0
-13.1686501,-10.0
-12.0470221,-10.0
-13.4025749,-10.0
-14.8490774,-10.0
-17.2672378,-10.0
-15.5471848,-10.0
3.0670334,3.0670334
5.0875414,5.0875414
8.7860911,8.7860911
4.9061311,4.9061311
1.7532238,1.7532238
4.4735199,4.4735199
13.6242071,-10.0
1.0069631,1.0069631
4.1935329,4.1935329
3.0601344,3.0601344
2.5981749,2.5981749
5.3182609,5.3182609
16.7621114,-10.0
3.5934613,3.5934613
4.7150893,4.7150893
3.3595365,3.3595365
1.913034,1.913034
-0.5051264,-0.5051264
1.2149266,1.2149266
-0.5264279,-0.5264279
1.4940801,1.4940801
5.1926298,5.1926298
1.3126698,1.3126698
-1.8402375,-1.8402375
0.8800586,0.8800586
10.0307458,-10.0
-2.5864982,-2.5864982
0.6000716,0.6000716
-0.5333269,-0.5333269
-0.9952864,-0.9952864
1.7247996,1.7247996
13.1686501,-10.0
-3.5934613,-3.5934613
1.121628,1.121628
-0.2339248,-0.2339248
-1.6804273,-1.6804273
-4.0985877,-4.0985877
-2.3785347,-2.3785347
-1.6480559,-1.6480559
0.3724521,0.3724521
4.0710018,4.0710018
0.1910418,0.1910418
-2.9618655,-2.9618655
-0.2415694,-0.2415694
8.9091178,8.9091178
-3.7081262,-3.7081262
-0.5215564,-0.5215564
-1.6549549,-1.6549549
-2.1169144,-2.1169144
0.6031716,0.6031716
12.0470221,-10.0
-4.7150893,-4.7150893
-1.121628,-1.121628
-1.3555528,-1.3555528
-2.8020553,-2.8020553
-5.2202157,-5.2202157
-3.5001627,-3.5001627
-0.2925031,-0.2925031
1.7280049,1.7280049
5.4265546,5.4265546
1.5465946,1.5465946
-1.6063127,-1.6063127
1.1139834,1.1139834
10.2646706,-10.0
-2.3525734,-2.3525734
0.8339964,0.8339964
-0.2994021,-0.2994021
-0.7613616,-0.7613616
1.9587244,1.9587244
13.4025749,-10.0
-3.3595365,-3.3595365
0.2339248,0.2339248
1.3555528,1.3555528
-1.4465025,-1.4465025
-3.8646629,-3.8646629
-2.1446099,-2.1446099
1.1539994,1.1539994
3.1745074,3.1745074
6.8730571,6.8730571
2.9930971,2.9930971
-0.1598102,-0.1598102
2.5604859,2.5604859
11.7111731,-10.0
-0.9060709,-0.9060709
2.2804989,2.2804989
1.1471004,1.1471004
0.6851409,0.6851409
3.4052269,3.4052269
14.8490774,-10.0
-1.913034,-1.913034
1.6804273,1.6804273
2.8020553,2.8020553
1.4465025,1.4465025
-2.4181604,-2.4181604
-0.6981074,-0.6981074
3.5721598,3.5721598
5.5926678,5.5926678
9.2912175,9.2912175
5.4112575,5.4112575
2.2583502,2.2583502
4.9786463,4.9786463
14.1293335,-10.0
1.5120895,1.5120895
4.6986593,4.6986593
3.5652608,3.5652608
3.1033013,3.1033013
5.8233873,5.8233873
17.2672378,-10.0
0.5051264,0.5051264
4.0985877,4.0985877
5.2202157,5.2202157
3.8646629,3.8646629
2.4181604,2.4181604
1.720053,1.720053
1.8521068,1.8521068
3.8726148,3.8726148
7.5711645,7.5711645
3.6912045,3.6912045
0.5382972,0.5382972
3.2585933,3.2585933
12.4092805,-10.0
-0.2079635,-0.2079635
2.9786063,2.9786063
1.8452078,1.8452078
1.3832483,1.3832483
4.1033343,4.1033343
15.5471848,-10.0
-1.2149266,-1.2149266
2.3785347,2.3785347
3.5001627,3.5001627
2.1446099,2.1446099
0.6981074,0.6981074
-1.720053,-1.720053
14.7010319,-10.0
-0.3367444,-0.3367444
0.7478424,0.7478424
-0.2324071,-0.2324071
0.5732572,0.5732572
0.8153685,0.8153685
1.7628868,1.7628868
0.3249283,0.3249283
0.8185922,0.8185922
-0.5026777,-0.5026777
-2.0320505,-2.0320505
-2.945151,-2.945151
-0.2365464,-0.2365464
1.4514332,1.4514332
-0.7785646,-0.7785646
-0.3236003,-0.3236003
0.9089007,0.9089007
13.2249676,-10.0
0.4795125,0.4795125
-14.7010319,-10.0
-15.0377763,-10.0
-13.9531895,-10.0
-14.933439,-10.0
-14.1277747,-10.0
-13.8856634,-10.0
-12.9381451,-10.0
-14.3761036,-10.0
-13.8824397,-10.0
-15.2037096,-10.0
-16.7330824,-10.0
-17.6461829,-10.0
-14.9375783,-10.0
-13.2495987,-10.0
-15.4795965,-10.0
-15.0246322,-10.0
-13.7921312,-10.0
-1.4760643,-1.4760643
-14.2215194,-10.0
0.3367444,0.3367444
15.0377763,-10.0
1.0845868,1.0845868
0.1043373,0.1043373
0.9100016,0.9100016
1.1521129,1.1521129
2.0996312,2.0996312
0.6616727,0.6616727
1.1553366,1.1553366
-0.1659333,-0.1659333
-1.6953061,-1.6953061
-2.6084066,-2.6084066
0.100198,0.100198
1.7881776,1.7881776
-0.4418202,-0.4418202
0.0131441,0.0131441
1.2456451,1.2456451
13.561712,-10.0
0.8162569,0.8162569
-0.7478424,-0.7478424
13.9531895,-10.0
-1.0845868,-1.0845868
-0.9802495,-0.9802495
-0.1745852,-0.1745852
0.0675261,0.0675261
1.0150444,1.0150444
-0.4229141,-0.4229141
0.0707498,0.0707498
-1.2505201,-1.2505201
-2.7798929,-2.7798929
-3.6929934,-3.6929934
-0.9843888,-0.9843888
0.7035908,0.7035908
-1.526407,-1.526407
-1.0714427,-1.0714427
0.1610583,0.1610583
12.4771252,-10.0
-0.2683299,-0.2683299
0.2324071,0.2324071
14.933439,-10.0
-0.1043373,-0.1043373
0.9802495,0.9802495
0.8056643,0.8056643
1.0477756,1.0477756
1.9952939,1.9952939
0.5573354,0.5573354
1.0509993,1.0509993
-0.2702706,-0.2702706
-1.7996434,-1.7996434
-2.7127439,-2.7127439
-0.0041393,-0.0041393
1.6838403,1.6838403
-0.5461575,-0.5461575
-0.0911932,-0.0911932
1.1413078,1.1413078
13.4573747,-10.0
0.7119196,0.7119196
-0.5732572,-0.5732572
14.1277747,-10.0
-0.9100016,-0.9100016
0.1745852,0.1745852
-0.8056643,-0.8056643
0.2421113,0.2421113
1.1896296,1.1896296
-0.2483289,-0.2483289
0.245335,0.245335
-1.0759349,-1.0759349
-2.6053077,-2.6053077
-3.5184082,-3.5184082
-0.8098036,-0.8098036
0.878176,0.878176
-1.3518218,-1.3518218
-0.8968575,-0.8968575
0.3356435,0.3356435
12.6517104,-10.0
-0.0937447,-0.0937447
-0.8153685,-0.8153685
13.8856634,-10.0
-1.1521129,-1.1521129
-0.0675261,-0.0675261
-1.0477756,-1.0477756
-0.2421113,-0.2421113
0.9475183,0.9475183
-0.4904402,-0.4904402
0.0032237,0.0032237
-1.3180462,-1.3180462
-2.847419,-2.847419
-3.7605195,-3.7605195
-1.0519149,-1.0519149
0.6360647,0.6360647
-1.5939331,-1.5939331
-1.1389688,-1.1389688
0.0935322,0.0935322
12.4095991,-10.0
-0.335856,-0.335856
-1.7628868,-1.7628868
12.9381451,-10.0
-2.0996312,-2.0996312
-1.0150444,-1.0150444
-1.9952939,-1.9952939
-1.1896296,-1.1896296
-0.9475183,-0.9475183
-1.4379585,-1.4379585
-0.9442946,-0.9442946
-2.2655645,-2.2655645
-3.7949373,-3.7949373
-4.7080378,-4.7080378
-1.9994332,-1.9994332
-0.3114536,-0.3114536
-2.5414514,-2.5414514
-2.0864871,-2.0864871
-0.8539861,-0.8539861
11.4620808,-10.0
-1.2833743,-1.2833743
-0.3249283,-0.3249283
14.3761036,-10.0
-0.6616727,-0.6616727
0.4229141,0.4229141
-0.5573354,-0.5573354
0.2483289,0.2483289
0.4904402,0.4904402
1.4379585,1.4379585
0.4936639,0.4936639
-0.827606,-0.827606
-2.3569788,-2.3569788
-3.2700793,-3.2700793
-0.5614747,-0.5614747
1.1265049,1.1265049
-1.1034929,-1.1034929
-0.6485286,-0.6485286
0.5839724,0.5839724
12.9000393,-10.0
0.1545842,0.1545842
-0.8185922,-0.8185922
13.8824397,-10.0
-1.1553366,-1.1553366
-0.0707498,-0.0707498
-1.0509993,-1.0509993
-0.245335,-0.245335
-0.0032237,-0.0032237
0.9442946,0.9442946
-0.4936639,-0.4936639
-1.3212699,-1.3212699
-2.8506427,-2.8506427
-3.7637432,-3.7637432
-1.0551386,-1.0551386
0.632841,0.632841
-1.5971568,-1.5971568
-1.1421925,-1.1421925
0.0903085,0.0903085
12.4063754,-10.0
-0.3390797,-0.3390797
0.5026777,0.5026777
15.2037096,-10.0
0.1659333,0.1659333
1.2505201,1.2505201
0.2702706,0.2702706
1.0759349,1.0759349
1.3180462,1.3180462
2.2655645,2.2655645
0.827606,0.827606
1.3212699,1.3212699
-1.5293728,-1.5293728
-2.4424733,-2.4424733
0.2661313,0.2661313
1.9541109,1.9541109
-0.2758869,-0.2758869
0.1790774,0.1790774
1.4115784,1.4115784
13.7276453,-10.0
0.9821902,0.9821902
2.0320505,2.0320505
16.7330824,-10.0
1.6953061,1.6953061
2.7798929,2.7798929
1.7996434,1.7996434
2.6053077,2.6053077
2.847419,2.847419
3.7949373,3.7949373
2.3569788,2.3569788
2.8506427,2.8506427
1.5293728,1.5293728
-0.9131005,-0.9131005
1.7955041,1.7955041
3.4834837,3.4834837
1.2534859,1.2534859
1.7084502,1.7084502
2.9409512,2.9409512
15.2570181,-10.0
2.511563,2.511563
2.945151,2.945151
17.6461829,-10.0
2.6084066,2.6084066
3.6929934,3.6929934
2.7127439,2.7127439
3.5184082,3.5184082
3.7605195,3.7605195
4.7080378,4.7080378
3.2700793,3.2700793
3.7637432,3.7637432
2.4424733,2.4424733
0.9131005,0.9131005
2.7086046,2.7086046
4.3965842,4.3965842
2.1665864,2.1665864
2.6215507,2.6215507
3.8540517,3.8540517
16.1701186,-10.0
3.4246635,3.4246635
0.2365464,0.2365464
14.9375783,-10.0
-0.100198,-0.100198
0.9843888,0.9843888
0.0041393,0.0041393
0.8098036,0.8098036
1.0519149,1.0519149
1.9994332,1.9994332
0.5614747,0.5614747
1.0551386,1.0551386
-0.2661313,-0.2661313
-1.7955041,-1.7955041
-2.7086046,-2.7086046
1.6879796,1.6879796
-0.5420182,-0.5420182
-0.0870539,-0.0870539
1.1454471,1.1454471
13.461514,-10.0
0.7160589,0.7160589
-1.4514332,-1.4514332
13.2495987,-10.0
-1.7881776,-1.7881776
-0.7035908,-0.7035908
-1.6838403,-1.6838403
-0.878176,-0.878176
-0.6360647,-0.6360647
0.3114536,0.3114536
-1.1265049,-1.1265049
-0.632841,-0.632841
-1.9541109,-1.9541109
-3.4834837,-3.4834837
-4.3965842,-4.3965842
-1.6879796,-1.6879796
-2.2299978,-2.2299978
-1.7750335,-1.7750335
-0.5425325,-0.5425325
11.7735344,-10.0
-0.9719207,-0.9719207
0.7785646,0.7785646
15.4795965,-10.0
0.4418202,0.4418202
1.526407,1.526407
0.5461575,0.5461575
1.3518218,1.3518218
1.5939331,1.5939331
2.5414514,2.5414514
1.1034929,1.1034929
1.5971568,1.5971568
0.2758869,0.2758869
-1.2534859,-1.2534859
-2.1665864,-2.1665864
0.5420182,0.5420182
2.2299978,2.2299978
0.4549643,0.4549643
1.6874653,1.6874653
14.0035322,-10.0
1.2580771,1.2580771
0.3236003,0.3236003
15.0246322,-10.0
-0.0131441,-0.0131441
1.0714427,1.0714427
0.0911932,0.0911932
0.8968575,0.8968575
1.1389688,1.1389688
2.0864871,2.0864871
0.6485286,0.6485286
1.1421925,1.1421925
-0.1790774,-0.1790774
-1.7084502,-1.7084502
-2.6215507,-2.6215507
0.0870539,0.0870539
1.7750335,1.7750335
-0.4549643,-0.4549643
1.232501,1.232501
13.5485679,-10.0
0.8031128,0.8031128
-0.9089007,-0.9089007
13.7921312,-10.0
-1.2456451,-1.2456451
-0.1610583,-0.1610583
-1.1413078,-1.1413078
-0.3356435,-0.3356435
-0.0935322,-0.0935322
0.8539861,0.8539861
-0.5839724,-0.5839724
-0.0903085,-0.0903085
-1.4115784,-1.4115784
-2.9409512,-2.9409512
-3.8540517,-3.8540517
-1.1454471,-1.1454471
0.5425325,0.5425325
-1.6874653,-1.6874653
-1.232501,-1.232501
12.3160669,-10.0
-0.4293882,-0.4293882
-13.2249676,-10.0
1.4760643,1.4760643
-13.561712,-10.0
-12.4771252,-10.0
-13.4573747,-10.0
-12.6517104,-10.0
-12.4095991,-10.0
-11.4620808,-10.0
-12.9000393,-10.0
-12.4063754,-10.0
-13.7276453,-10.0
-15.2570181,-10.0
-16.1701186,-10.0
-13.461514,-10.0
-11.7735344,-10.0
-14.0035322,-10.0
-13.5485679,-10.0
-12.3160669,-10.0
-12.7454551,-10.0
-0.4795125,-0.4795125
14.2215194,-10.0
-0.8162569,-0.8162569
0.2683299,0.2683299
-0.7119196,-0.7119196
0.0937447,0.0937447
0.335856,0.335856
1.2833743,1.2833743
-0.1545842,-0.1545842
0.3390797,0.3390797
-0.9821902,-0.9821902
-2.511563,-2.511563
-3.4246635,-3.4246635
-0.7160589,-0.7160589
0.9719207,0.9719207
-1.2580771,-1.2580771
-0.8031128,-0.8031128
0.4293882,0.4293882
12.7454551,-10.0
1.4559389,1.4559389
0.9941461,0.9941461
0.8915749,0.8915749
-0.8627676,-0.8627676
4.6163283,4.6163283
1.2074118,1.2074118
-1.5685988,-1.5685988
-2.2681147,-2.2681147
-1.6503494,-1.6503494
-1.0271495,-1.0271495
0.5718167,0.5718167
-1.6924964,-1.6924964
-0.3918318,-0.3918318
-1.4385247,-1.4385247
0.1776345,0.1776345
-0.3841081,-0.3841081
-1.8186445,-1.8186445
0.2604294,0.2604294
-2.0909401,-2.0909401
-1.4559389,-1.4559389
-0.4617928,-0.4617928
-0.564364,-0.564364
-2.3187065,-2.3187065
3.1603894,3.1603894
-0.2485271,-0.2485271
-3.0245377,-3.0245377
-3.7240536,-3.7240536
-3.1062883,-3.1062883
-2.4830884,-2.4830884
-0.8841222,-0.8841222
-3.1484353,-3.1484353
-1.8477707,-1.8477707
-2.8944636,-2.8944636
-1.2783044,-1.2783044
-1.840047,-1.840047
-3.2745834,-3.2745834
-1.1955095,-1.1955095
-3.546879,-3.546879
-0.9941461,-0.9941461
0.4617928,0.4617928
-0.1025712,-0.1025712
-1.8569137,-1.8569137
3.6221822,3.6221822
0.2132657,0.2132657
-2.5627449,-2.5627449
-3.2622608,-3.2622608
-2.6444955,-2.6444955
-2.0212956,-2.0212956
-0.4223294,-0.4223294
-2.6866425,-2.6866425
-1.3859779,-1.3859779
-2.4326708,-2.4326708
-0.8165116,-0.8165116
-1.3782542,-1.3782542
-2.8127906,-2.8127906
-0.7337167,-0.7337167
-3.0850862,-3.0850862
-0.8915749,-0.8915749
0.564364,0.564364
0.1025712,0.1025712
-1.7543425,-1.7543425
3.7247534,3.7247534
0.3158369,0.3158369
-2.4601737,-2.4601737
-3.1596896,-3.1596896
-2.5419243,-2.5419243
-1.9187244,-1.9187244
-0.3197582,-0.3197582
-2.5840713,-2.5840713
-1.2834067,-1.2834067
-2.3300996,-2.3300996
-0.7139404,-0.7139404
-1.275683,-1.275683
-2.7102194,-2.7102194
-0.6311455,-0.6311455
-2.982515,-2.982515
0.8627676,0.8627676
2.3187065,2.3187065
1.8569137,1.8569137
1.7543425,1.7543425
5.4790959,5.4790959
2.0701794,2.0701794
-0.7058312,-0.7058312
-1.4053471,-1.4053471
-0.7875818,-0.7875818
-0.1643819,-0.1643819
1.4345843,1.4345843
-0.8297288,-0.8297288
0.4709358,0.4709358
-0.5757571,-0.5757571
1.0404021,1.0404021
0.4786595,0.4786595
-0.9558769,-0.9558769
1.123197,1.123197
-1.2281725,-1.2281725
-4.6163283,-4.6163283
-3.1603894,-3.1603894
-3.6221822,-3.6221822
-3.7247534,-3.7247534
-5.4790959,-5.4790959
-3.4089165,-3.4089165
-6.1849271,-6.1849271
-6.884443,-6.884443
-6.2666777,-6.2666777
-5.6434778,-5.6434778
-4.0445116,-4.0445116
-6.3088247,-6.3088247
-5.0081601,-5.0081601
-6.054853,-6.054853
-4.4386938,-4.4386938
-5.0004364,-5.0004364
-6.4349728,-6.4349728
-4.3558989,-4.3558989
-6.7072684,-6.7072684
-1.2074118,-1.2074118
0.2485271,0.2485271
-0.2132657,-0.2132657
-0.3158369,-0.3158369
-2.0701794,-2.0701794
3.4089165,3.4089165
-2.7760106,-2.7760106
-3.4755265,-3.4755265
-2.8577612,-2.8577612
-2.2345613,-2.2345613
-0.6355951,-0.6355951
-2.8999082,-2.8999082
-1.5992436,-1.5992436
-2.6459365,-2.6459365
-1.0297773,-1.0297773
-1.5915199,-1.5915199
-3.0260563,-3.0260563
-0.9469824,-0.9469824
-3.2983519,-3.2983519
1.5685988,1.5685988
3.0245377,3.0245377
2.5627449,2.5627449
2.4601737,2.4601737
0.7058312,0.7058312
6.1849271,6.1849271
2.7760106,2.7760106
-0.6995159,-0.6995159
-0.0817506,-0.0817506
0.5414493,0.5414493
2.1404155,2.1404155
-0.1238976,-0.1238976
1.176767,1.176767
0.1300741,0.1300741
1.7462333,1.7462333
1.1844907,1.1844907
-0.2500457,-0.2500457
1.8290282,1.8290282
-0.5223413,-0.5223413
2.2681147,2.2681147
3.7240536,3.7240536
3.2622608,3.2622608
3.1596896,3.1596896
1.4053471,1.4053471
6.884443,6.884443
3.4755265,3.4755265
0.6995159,0.6995159
0.6177653,0.6177653
1.2409652,1.2409652
2.8399314,2.8399314
0.5756183,0.5756183
1.8762829,1.8762829
0.82959,0.82959
2.4457492,2.4457492
1.8840066,1.8840066
0.4494702,0.4494702
2.5285441,2.5285441
0.1771746,0.1771746
1.6503494,1.6503494
3.1062883,3.1062883
2.6444955,2.6444955
2.5419243,2.5419243
0.7875818,0.7875818
6.2666777,6.2666777
2.8577612,2.8577612
0.0817506,0.0817506
-0.6177653,-0.6177653
0.6231999,0.6231999
2.2221661,2.2221661
-0.042147,-0.042147
1.2585176,1.2585176
0.2118247,0.2118247
1.8279839,1.8279839
1.2662413,1.2662413
-0.1682951,-0.1682951
1.9107788,1.9107788
-0.4405907,-0.4405907
1.0271495,1.0271495
2.4830884,2.4830884
2.0212956,2.0212956
1.9187244,1.9187244
0.1643819,0.1643819
5.6434778,5.6434778
2.2345613,2.2345613
-0.5414493,-0.5414493
-1.2409652,-1.2409652
-0.6231999,-0.6231999
1.5989662,1.5989662
-0.6653469,-0.6653469
0.6353177,0.6353177
-0.4113752,-0.4113752
1.204784,1.204784
0.6430414,0.6430414
-0.791495,-0.791495
1.2875789,1.2875789
-1.0637906,-1.0637906
-0.5718167,-0.5718167
0.8841222,0.8841222
0.4223294,0.4223294
0.3197582,0.3197582
-1.4345843,-1.4345843
4.0445116,4.0445116
0.6355951,0.6355951
-2.1404155,-2.1404155
-2.8399314,-2.8399314
-2.2221661,-2.2221661
-1.5989662,-1.5989662
-2.2643131,-2.2643131
-0.9636485,-0.9636485
-2.0103414,-2.0103414
-0.3941822,-0.3941822
-0.9559248,-0.9559248
-2.3904612,-2.3904612
-0.3113873,-0.3113873
-2.6627568,-2.6627568
1.6924964,1.6924964
3.1484353,3.1484353
2.6866425,2.6866425
2.5840713,2.5840713
0.8297288,0.8297288
6.3088247,6.3088247
2.8999082,2.8999082
0.1238976,0.1238976
-0.5756183,-0.5756183
0.042147,0.042147
0.6653469,0.6653469
2.2643131,2.2643131
1.3006646,1.3006646
0.2539717,0.2539717
1.8701309,1.8701309
1.3083883,1.3083883
-0.1261481,-0.1261481
1.9529258,1.9529258
-0.3984437,-0.3984437
0.3918318,0.3918318
1.8477707,1.8477707
1.3859779,1.3859779
1.2834067,1.2834067
-0.4709358,-0.4709358
5.0081601,5.0081601
1.5992436,1.5992436
-1.176767,-1.176767
-1.8762829,-1.8762829
-1.2585176,-1.2585176
-0.6353177,-0.6353177
0.9636485,0.9636485
-1.3006646,-1.3006646
-1.0466929,-1.0466929
0.5694663,0.5694663
0.0077237,0.0077237
-1.4268127,-1.4268127
0.6522612,0.6522612
-1.6991083,-1.6991083
1.4385247,1.4385247
2.8944636,2.8944636
2.4326708,2.4326708
2.3300996,2.3300996
0.5757571,0.5757571
6.054853,6.054853
2.6459365,2.6459365
-0.1300741,-0.1300741
-0.82959,-0.82959
-0.2118247,-0.2118247
0.4113752,0.4113752
2.0103414,2.0103414
-0.2539717,-0.2539717
1.0466929,1.0466929
1.6161592,1.6161592
1.0544166,1.0544166
-0.3801198,-0.3801198
1.6989541,1.6989541
-0.6524154,-0.6524154
-0.1776345,-0.1776345
1.2783044,1.2783044
0.8165116,0.8165116
0.7139404,0.7139404
-1.0404021,-1.0404021
4.4386938,4.4386938
1.0297773,1.0297773
-1.7462333,-1.7462333
-2.4457492,-2.4457492
-1.8279839,-1.8279839
-1.204784,-1.204784
0.3941822,0.3941822
-1.8701309,-1.8701309
-0.5694663,-0.5694663
-1.6161592,-1.6161592
-0.5617426,-0.5617426
-1.996279,-1.996279
0.0827949,0.0827949
-2.2685746,-2.2685746
0.3841081,0.3841081
1.840047,1.840047
1.3782542,1.3782542
1.275683,1.275683
-0.4786595,-0.4786595
5.0004364,5.0004364
1.5915199,1.5915199
-1.1844907,-1.1844907
-1.8840066,-1.8840066
-1.2662413,-1.2662413
-0.6430414,-0.6430414
0.9559248,0.9559248
-1.3083883,-1.3083883
-0.0077237,-0.0077237
-1.0544166,-1.0544166
0.5617426,0.5617426
-1.4345364,-1.4345364
0.6445375,0.6445375
-1.706832,-1.706832
1.8186445,1.8186445
3.2745834,3.2745834
2.8127906,2.8127906
2.7102194,2.7102194
0.9558769,0.9558769
6.4349728,6.4349728
3.0260563,3.0260563
0.2500457,0.2500457
-0.4494702,-0.4494702
0.1682951,0.1682951
0.791495,0.791495
2.3904612,2.3904612
0.1261481,0.1261481
1.4268127,1.4268127
0.3801198,0.3801198
1.996279,1.996279
1.4345364,1.4345364
2.0790739,2.0790739
-0.2722956,-0.2722956
-0.2604294,-0.2604294
1.1955095,1.1955095
0.7337167,0.7337167
0.6311455,0.6311455
-1.123197,-1.123197
4.3558989,4.3558989
0.9469824,0.9469824
-1.8290282,-1.8290282
-2.5285441,-2.5285441
-1.9107788,-1.9107788
-1.2875789,-1.2875789
0.3113873,0.3113873
-1.9529258,-1.9529258
-0.6522612,-0.6522612
-1.6989541,-1.6989541
-0.0827949,-0.0827949
-0.6445375,-0.6445375
-2.0790739,-2.0790739
-2.3513695,-2.3513695
2.0909401,2.0909401
3.546879,3.546879
3.0850862,3.0850862
2.982515,2.982515
1.2281725,1.2281725
6.7072684,6.7072684
3.2983519,3.2983519
0.5223413,0.5223413
-0.1771746,-0.1771746
0.4405907,0.4405907
1.0637906,1.0637906
2.6627568,2.6627568
0.3984437,0.3984437
1.6991083,1.6991083
0.6524154,0.6524154
2.2685746,2.2685746
1.706832,1.706832
0.2722956,0.2722956
2.3513695,2.3513695
11.2566611,-10.0
-2.4340592,-2.4340592
-2.4074126,-2.4074126
4.9716491,4.9716491
-0.0746171,-0.0746171
-1.2005222,-1.2005222
1.5988926,1.5988926
-1.8381611,-1.8381611
2.0716041,2.0716041
6.6011856,6.6011856
-2.0654986,-2.0654986
-0.8933489,-0.8933489
-1.7290027,-1.7290027
0.7048353,0.7048353
-0.6767034,-0.6767034
-0.2243898,-0.2243898
4.8141556,4.8141556
-1.3676425,-1.3676425
3.9284329,3.9284329
-11.2566611,-10.0
-13.6907203,-10.0
-13.6640737,-10.0
-6.285012,-6.285012
-11.3312782,-10.0
-12.4571833,-10.0
-9.6577685,-9.6577685
-13.0948222,-10.0
-9.185057,-9.185057
-4.6554755,-4.6554755
-13.3221597,-10.0
-12.15001,-10.0
-12.9856638,-10.0
-10.5518258,-10.0
-11.9333645,-10.0
-11.4810509,-10.0
-6.4425055,-6.4425055
-12.6243036,-10.0
-7.3282282,-7.3282282
2.4340592,2.4340592
13.6907203,-10.0
0.0266466,0.0266466
7.4057083,7.4057083
2.3594421,2.3594421
1.233537,1.233537
4.0329518,4.0329518
0.5958981,0.5958981
4.5056633,4.5056633
9.0352448,9.0352448
0.3685606,0.3685606
1.5407103,1.5407103
0.7050565,0.7050565
3.1388945,3.1388945
1.7573558,1.7573558
2.2096694,2.2096694
7.2482148,7.2482148
1.0664167,1.0664167
6.3624921,6.3624921
2.4074126,2.4074126
13.6640737,-10.0
-0.0266466,-0.0266466
7.3790617,7.3790617
2.3327955,2.3327955
1.2068904,1.2068904
4.0063052,4.0063052
0.5692515,0.5692515
4.4790167,4.4790167
9.0085982,9.0085982
0.341914,0.341914
1.5140637,1.5140637
0.6784099,0.6784099
3.1122479,3.1122479
1.7307092,1.7307092
2.1830228,2.1830228
7.2215682,7.2215682
1.0397701,1.0397701
6.3358455,6.3358455
-4.9716491,-4.9716491
6.285012,6.285012
-7.4057083,-7.4057083
-7.3790617,-7.3790617
-5.0462662,-5.0462662
-6.1721713,-6.1721713
-3.3727565,-3.3727565
-6.8098102,-6.8098102
-2.900045,-2.900045
1.6295365,1.6295365
-7.0371477,-7.0371477
-5.864998,-5.864998
-6.7006518,-6.7006518
-4.2668138,-4.2668138
-5.6483525,-5.6483525
-5.1960389,-5.1960389
-0.1574935,-0.1574935
-6.3392916,-6.3392916
-1.0432162,-1.0432162
0.0746171,0.0746171
11.3312782,-10.0
-2.3594421,-2.3594421
-2.3327955,-2.3327955
5.0462662,5.0462662
-1.1259051,-1.1259051
1.6735097,1.6735097
-1.763544,-1.763544
2.1462212,2.1462212
6.6758027,6.6758027
-1.9908815,-1.9908815
-0.8187318,-0.8187318
-1.6543856,-1.6543856
0.7794524,0.7794524
-0.6020863,-0.6020863
-0.1497727,-0.1497727
4.8887727,4.8887727
-1.2930254,-1.2930254
4.00305,4.00305
1.2005222,1.2005222
12.4571833,-10.0
-1.233537,-1.233537
-1.2068904,-1.2068904
6.1721713,6.1721713
1.1259051,1.1259051
2.7994148,2.7994148
-0.6376389,-0.6376389
3.2721263,3.2721263
7.8017078,7.8017078
-0.8649764,-0.8649764
0.3071733,0.3071733
-0.5284805,-0.5284805
1.9053575,1.9053575
0.5238188,0.5238188
0.9761324,0.9761324
6.0146778,6.0146778
-0.1671203,-0.1671203
5.1289551,5.1289551
-1.5988926,-1.5988926
9.6577685,9.6577685
-4.0329518,-4.0329518
-4.0063052,-4.0063052
3.3727565,3.3727565
-1.6735097,-1.6735097
-2.7994148,-2.7994148
-3.4370537,-3.4370537
0.4727115,0.4727115
5.002293,5.002293
-3.6643912,-3.6643912
-2.4922415,-2.4922415
-3.3278953,-3.3278953
-0.8940573,-0.8940573
-2.275596,-2.275596
-1.8232824,-1.8232824
3.215263,3.215263
-2.9665351,-2.9665351
2.3295403,2.3295403
1.8381611,1.8381611
13.0948222,-10.0
-0.5958981,-0.5958981
-0.5692515,-0.5692515
6.8098102,6.8098102
1.763544,1.763544
0.6376389,0.6376389
3.4370537,3.4370537
3.9097652,3.9097652
8.4393467,8.4393467
-0.2273375,-0.2273375
0.9448122,0.9448122
0.1091584,0.1091584
2.5429964,2.5429964
1.1614577,1.1614577
1.6137713,1.6137713
6.6523167,6.6523167
0.4705186,0.4705186
5.766594,5.766594
-2.0716041,-2.0716041
9.185057,9.185057
-4.5056633,-4.5056633
-4.4790167,-4.4790167
2.900045,2.900045
-2.1462212,-2.1462212
-3.2721263,-3.2721263
-0.4727115,-0.4727115
-3.9097652,-3.9097652
4.5295815,4.5295815
-4.1371027,-4.1371027
-2.964953,-2.964953
-3.8006068,-3.8006068
-1.3667688,-1.3667688
-2.7483075,-2.7483075
-2.2959939,-2.2959939
2.7425515,2.7425515
-3.4392466,-3.4392466
1.8568288,1.8568288
-6.6011856,-6.6011856
4.6554755,4.6554755
-9.0352448,-9.0352448
-9.0085982,-9.0085982
-1.6295365,-1.6295365
-6.6758027,-6.6758027
-7.8017078,-7.8017078
-5.002293,-5.002293
-8.4393467,-8.4393467
-4.5295815,-4.5295815
-8.6666842,-8.6666842
-7.4945345,-7.4945345
-8.3301883,-8.3301883
-5.8963503,-5.8963503
-7.277889,-7.277889
-6.8255754,-6.8255754
-1.78703,-1.78703
-7.9688281,-7.9688281
-2.6727527,-2.6727527
2.0654986,2.0654986
13.3221597,-10.0
-0.3685606,-0.3685606
-0.341914,-0.341914
7.0371477,7.0371477
1.9908815,1.9908815
0.8649764,0.8649764
3.6643912,3.6643912
0.2273375,0.2273375
4.1371027,4.1371027
8.6666842,8.6666842
1.1721497,1.1721497
0.3364959,0.3364959
2.7703339,2.7703339
1.3887952,1.3887952
1.8411088,1.8411088
6.8796542,6.8796542
0.6978561,0.6978561
5.9939315,5.9939315
0.8933489,0.8933489
12.15001,-10.0
-1.5407103,-1.5407103
-1.5140637,-1.5140637
5.864998,5.864998
0.8187318,0.8187318
-0.3071733,-0.3071733
2.4922415,2.4922415
-0.9448122,-0.9448122
2.964953,2.964953
7.4945345,7.4945345
-1.1721497,-1.1721497
-0.8356538,-0.8356538
1.5981842,1.5981842
0.2166455,0.2166455
0.6689591,0.6689591
5.7075045,5.7075045
-0.4742936,-0.4742936
4.8217818,4.8217818
1.7290027,1.7290027
12.9856638,-10.0
-0.7050565,-0.7050565
-0.6784099,-0.6784099
6.7006518,6.7006518
1.6543856,1.6543856
0.5284805,0.5284805
3.3278953,3.3278953
-0.1091584,-0.1091584
3.8006068,3.8006068
8.3301883,8.3301883
-0.3364959,-0.3364959
0.8356538,0.8356538
2.433838,2.433838
1.0522993,1.0522993
1.5046129,1.5046129
6.5431583,6.5431583
0.3613602,0.3613602
5.6574356,5.6574356
-0.7048353,-0.7048353
10.5518258,-10.0
-3.1388945,-3.1388945
-3.1122479,-3.1122479
4.2668138,4.2668138
-0.7794524,-0.7794524
-1.9053575,-1.9053575
0.8940573,0.8940573
-2.5429964,-2.5429964
1.3667688,1.3667688
5.8963503,5.8963503
-2.7703339,-2.7703339
-1.5981842,-1.5981842
-2.433838,-2.433838
-1.3815387,-1.3815387
-0.9292251,-0.9292251
4.1093203,4.1093203
-2.0724778,-2.0724778
3.2235976,3.2235976
0.6767034,0.6767034
11.9333645,-10.0
-1.7573558,-1.7573558
-1.7307092,-1.7307092
5.6483525,5.6483525
0.6020863,0.6020863
-0.5238188,-0.5238188
2.275596,2.275596
-1.1614577,-1.1614577
2.7483075,2.7483075
7.277889,7.277889
-1.3887952,-1.3887952
-0.2166455,-0.2166455
-1.0522993,-1.0522993
1.3815387,1.3815387
0.4523136,0.4523136
5.490859,5.490859
-0.6909391,-0.6909391
4.6051363,4.6051363
0.2243898,0.2243898
11.4810509,-10.0
-2.2096694,-2.2096694
-2.1830228,-2.1830228
5.1960389,5.1960389
0.1497727,0.1497727
-0.9761324,-0.9761324
1.8232824,1.8232824
-1.6137713,-1.6137713
2.2959939,2.2959939
6.8255754,6.8255754
-1.8411088,-1.8411088
-0.6689591,-0.6689591
-1.5046129,-1.5046129
0.9292251,0.9292251
-0.4523136,-0.4523136
5.0385454,5.0385454
-1.1432527,-1.1432527
4.1528227,4.1528227
-4.8141556,-4.8141556
6.4425055,6.4425055
-7.2482148,-7.2482148
-7.2215682,-7.2215682
0.1574935,0.1574935
-4.8887727,-4.8887727
-6.0146778,-6.0146778
-3.215263,-3.215263
-6.6523167,-6.6523167
-2.7425515,-2.7425515
1.78703,1.78703
-6.8796542,-6.8796542
-5.7075045,-5.7075045
-6.5431583,-6.5431583
-4.1093203,-4.1093203
-5.490859,-5.490859
-5.0385454,-5.0385454
-6.1817981,-6.1817981
-0.8857227,-0.8857227
1.3676425,1.3676425
12.6243036,-10.0
-1.0664167,-1.0664167
-1.0397701,-1.0397701
6.3392916,6.3392916
1.2930254,1.2930254
0.1671203,0.1671203
2.9665351,2.9665351
-0.4705186,-0.4705186
3.4392466,3.4392466
7.9688281,7.9688281
-0.6978561,-0.6978561
0.4742936,0.4742936
-0.3613602,-0.3613602
2.0724778,2.0724778
0.6909391,0.6909391
1.1432527,1.1432527
6.1817981,6.1817981
5.2960754,5.2960754
-3.9284329,-3.9284329
7.3282282,7.3282282
-6.3624921,-6.3624921
-6.3358455,-6.3358455
1.0432162,1.0432162
-4.00305,-4.00305
-5.1289551,-5.1289551
-2.3295403,-2.3295403
-5.766594,-5.766594
-1.8568288,-1.8568288
2.6727527,2.6727527
-5.9939315,-5.9939315
-4.8217818,-4.8217818
-5.6574356,-5.6574356
-3.2235976,-3.2235976
-4.6051363,-4.6051363
-4.1528227,-4.1528227
0.8857227,0.8857227
-5.2960754,-5.2960754
13.6004799,-10.0
0.0934166,0.0934166
0.2990463,0.2990463
0.5324805,0.5324805
1.1005252,1.1005252
0.7328879,0.7328879
0.405677,0.405677
-0.5943782,-0.5943782
0.7829198,0.7829198
-0.6045991,-0.6045991
-0.7049122,-0.7049122
2.0834202,2.0834202
-1.378899,-1.378899
0.6021594,0.6021594
-0.2988193,-0.2988193
-0.2828327,-0.2828327
1.253921,1.253921
5.1462909,5.1462909
0.8689309,0.8689309
-13.6004799,-10.0
-13.5070633,-10.0
-13.3014336,-10.0
-13.0679994,-10.0
-12.4999547,-10.0
-12.867592,-10.0
-13.1948029,-10.0
-14.1948581,-10.0
-12.8175601,-10.0
-14.205079,-10.0
-14.3053921,-10.0
-11.5170597,-10.0
-14.9793789,-10.0
-12.9983205,-10.0
-13.8992992,-10.0
-13.8833126,-10.0
-12.3465589,-10.0
-8.454189,-8.454189
-12.731549,-10.0
-0.0934166,-0.0934166
13.5070633,-10.0
0.2056297,0.2056297
0.4390639,0.4390639
1.0071086,1.0071086
0.6394713,0.6394713
0.3122604,0.3122604
-0.6877948,-0.6877948
0.6895032,0.6895032
-0.6980157,-0.6980157
-0.7983288,-0.7983288
1.9900036,1.9900036
-1.4723156,-1.4723156
0.5087428,0.5087428
-0.3922359,-0.3922359
-0.3762493,-0.3762493
1.1605044,1.1605044
5.0528743,5.0528743
0.7755143,0.7755143
-0.2990463,-0.2990463
13.3014336,-10.0
-0.2056297,-0.2056297
0.2334342,0.2334342
0.8014789,0.8014789
0.4338416,0.4338416
0.1066307,0.1066307
-0.8934245,-0.8934245
0.4838735,0.4838735
-0.9036454,-0.9036454
-1.0039585,-1.0039585
1.7843739,1.7843739
-1.6779453,-1.6779453
0.3031131,0.3031131
-0.5978656,-0.5978656
-0.581879,-0.581879
0.9548747,0.9548747
4.8472446,4.8472446
0.5698846,0.5698846
-0.5324805,-0.5324805
13.0679994,-10.0
-0.4390639,-0.4390639
-0.2334342,-0.2334342
0.5680447,0.5680447
0.2004074,0.2004074
-0.1268035,-0.1268035
-1.1268587,-1.1268587
0.2504393,0.2504393
-1.1370796,-1.1370796
-1.2373927,-1.2373927
1.5509397,1.5509397
-1.9113795,-1.9113795
0.0696789,0.0696789
-0.8312998,-0.8312998
-0.8153132,-0.8153132
0.7214405,0.7214405
4.6138104,4.6138104
0.3364504,0.3364504
-1.1005252,-1.1005252
12.4999547,-10.0
-1.0071086,-1.0071086
-0.8014789,-0.8014789
-0.5680447,-0.5680447
-0.3676373,-0.3676373
-0.6948482,-0.6948482
-1.6949034,-1.6949034
-0.3176054,-0.3176054
-1.7051243,-1.7051243
-1.8054374,-1.8054374
0.982895,0.982895
-2.4794242,-2.4794242
-0.4983658,-0.4983658
-1.3993445,-1.3993445
-1.3833579,-1.3833579
0.1533958,0.1533958
4.0457657,4.0457657
-0.2315943,-0.2315943
-0.7328879,-0.7328879
12.867592,-10.0
-0.6394713,-0.6394713
-0.4338416,-0.4338416
-0.2004074,-0.2004074
0.3676373,0.3676373
-0.3272109,-0.3272109
-1.3272661,-1.3272661
0.0500319,0.0500319
-1.337487,-1.337487
-1.4378001,-1.4378001
1.3505323,1.3505323
-2.1117869,-2.1117869
-0.1307285,-0.1307285
-1.0317072,-1.0317072
-1.0157206,-1.0157206
0.5210331,0.5210331
4.413403,4.413403
0.136043,0.136043
-0.405677,-0.405677
13.1948029,-10.0
-0.3122604,-0.3122604
-0.1066307,-0.1066307
0.1268035,0.1268035
0.6948482,0.6948482
0.3272109,0.3272109
-1.0000552,-1.0000552
0.3772428,0.3772428
-1.0102761,-1.0102761
-1.1105892,-1.1105892
1.6777432,1.6777432
-1.784576,-1.784576
0.1964824,0.1964824
-0.7044963,-0.7044963
-0.6885097,-0.6885097
0.848244,0.848244
4.7406139,4.7406139
0.4632539,0.4632539
0.5943782,0.5943782
14.1948581,-10.0
0.6877948,0.6877948
0.8934245,0.8934245
1.1268587,1.1268587
1.6949034,1.6949034
1.3272661,1.3272661
1.0000552,1.0000552
1.377298,1.377298
-0.0102209,-0.0102209
-0.110534,-0.110534
2.6777984,2.6777984
-0.7845208,-0.7845208
1.1965376,1.1965376
0.2955589,0.2955589
0.3115455,0.3115455
1.8482992,1.8482992
5.7406691,5.7406691
1.4633091,1.4633091
-0.7829198,-0.7829198
12.8175601,-10.0
-0.6895032,-0.6895032
-0.4838735,-0.4838735
-0.2504393,-0.2504393
0.3176054,0.3176054
-0.0500319,-0.0500319
-0.3772428,-0.3772428
-1.377298,-1.377298
-1.3875189,-1.3875189
-1.487832,-1.487832
1.3005004,1.3005004
-2.1618188,-2.1618188
-0.1807604,-0.1807604
-1.0817391,-1.0817391
-1.0657525,-1.0657525
0.4710012,0.4710012
4.3633711,4.3633711
0.0860111,0.0860111
0.6045991,0.6045991
14.205079,-10.0
0.6980157,0.6980157
0.9036454,0.9036454
1.1370796,1.1370796
1.7051243,1.7051243
1.337487,1.337487
1.0102761,1.0102761
0.0102209,0.0102209
1.3875189,1.3875189
-0.1003131,-0.1003131
2.6880193,2.6880193
-0.7742999,-0.7742999
1.2067585,1.2067585
0.3057798,0.3057798
0.3217664,0.3217664
1.8585201,1.8585201
5.75089,5.75089
1.47353,1.47353
0.7049122,0.7049122
14.3053921,-10.0
0.7983288,0.7983288
1.0039585,1.0039585
1.2373927,1.2373927
1.8054374,1.8054374
1.4378001,1.4378001
1.1105892,1.1105892
0.110534,0.110534
1.487832,1.487832
0.1003131,0.1003131
2.7883324,2.7883324
-0.6739868,-0.6739868
1.3070716,1.3070716
0.4060929,0.4060929
0.4220795,0.4220795
1.9588332,1.9588332
5.8512031,5.8512031
1.5738431,1.5738431
-2.0834202,-2.0834202
11.5170597,-10.0
-1.9900036,-1.9900036
-1.7843739,-1.7843739
-1.5509397,-1.5509397
-0.982895,-0.982895
-1.3505323,-1.3505323
-1.6777432,-1.6777432
-2.6777984,-2.6777984
-1.3005004,-1.3005004
-2.6880193,-2.6880193
-2.7883324,-2.7883324
-3.4623192,-3.4623192
-1.4812608,-1.4812608
-2.3822395,-2.3822395
-2.3662529,-2.3662529
-0.8294992,-0.8294992
3.0628707,3.0628707
-1.2144893,-1.2144893
1.378899,1.378899
14.9793789,-10.0
1.4723156,1.4723156
1.6779453,1.6779453
1.9113795,1.9113795
2.4794242,2.4794242
2.1117869,2.1117869
1.784576,1.784576
0.7845208,0.7845208
2.1618188,2.1618188
0.7742999,0.7742999
0.6739868,0.6739868
3.4623192,3.4623192
1.9810584,1.9810584
1.0800797,1.0800797
1.0960663,1.0960663
2.63282,2.63282
6.5251899,6.5251899
2.2478299,2.2478299
-0.6021594,-0.6021594
12.9983205,-10.0
-0.5087428,-0.5087428
-0.3031131,-0.3031131
-0.0696789,-0.0696789
0.4983658,0.4983658
0.1307285,0.1307285
-0.1964824,-0.1964824
-1.1965376,-1.1965376
0.1807604,0.1807604
-1.2067585,-1.2067585
-1.3070716,-1.3070716
1.4812608,1.4812608
-1.9810584,-1.9810584
-0.9009787,-0.9009787
-0.8849921,-0.8849921
0.6517616,0.6517616
4.5441315,4.5441315
0.2667715,0.2667715
0.2988193,0.2988193
13.8992992,-10.0
0.3922359,0.3922359
0.5978656,0.5978656
0.8312998,0.8312998
1.3993445,1.3993445
1.0317072,1.0317072
0.7044963,0.7044963
-0.2955589,-0.2955589
1.0817391,1.0817391
-0.3057798,-0.3057798
-0.4060929,-0.4060929
2.3822395,2.3822395
-1.0800797,-1.0800797
0.9009787,0.9009787
0.0159866,0.0159866
1.5527403,1.5527403
5.4451102,5.4451102
1.1677502,1.1677502
0.2828327,0.2828327
13.8833126,-10.0
0.3762493,0.3762493
0.581879,0.581879
0.8153132,0.8153132
1.3833579,1.3833579
1.0157206,1.0157206
0.6885097,0.6885097
-0.3115455,-0.3115455
1.0657525,1.0657525
-0.3217664,-0.3217664
-0.4220795,-0.4220795
2.3662529,2.3662529
-1.0960663,-1.0960663
0.8849921,0.8849921
-0.0159866,-0.0159866
1.5367537,1.5367537
5.4291236,5.4291236
1.1517636,1.1517636
-1.253921,-1.253921
12.3465589,-10.0
-1.1605044,-1.1605044
-0.9548747,-0.9548747
-0.7214405,-0.7214405
-0.1533958,-0.1533958
-0.5210331,-0.5210331
-0.848244,-0.848244
-1.8482992,-1.8482992
-0.4710012,-0.4710012
-1.8585201,-1.8585201
-1.9588332,-1.9588332
0.8294992,0.8294992
-2.63282,-2.63282
-0.6517616,-0.6517616
-1.5527403,-1.5527403
-1.5367537,-1.5367537
3.8923699,3.8923699
-0.3849901,-0.3849901
-5.1462909,-5.1462909
8.454189,8.454189
-5.0528743,-5.0528743
-4.8472446,-4.8472446
-4.6138104,-4.6138104
-4.0457657,-4.0457657
-4.413403,-4.413403
-4.7406139,-4.7406139
-5.7406691,-5.7406691
-4.3633711,-4.3633711
-5.75089,-5.75089
-5.8512031,-5.8512031
-3.0628707,-3.0628707
-6.5251899,-6.5251899
-4.5441315,-4.5441315
-5.4451102,-5.4451102
-5.4291236,-5.4291236
-3.8923699,-3.8923699
-4.27736,-4.27736
-0.8689309,-0.8689309
12.731549,-10.0
-0.7755143,-0.7755143
-0.5698846,-0.5698846
-0.3364504,-0.3364504
0.2315943,0.2315943
-0.136043,-0.136043
-0.4632539,-0.4632539
-1.4633091,-1.4633091
-0.0860111,-0.0860111
-1.47353,-1.47353
-1.5738431,-1.5738431
1.2144893,1.2144893
-2.2478299,-2.2478299
-0.2667715,-0.2667715
-1.1677502,-1.1677502
-1.1517636,-1.1517636
0.3849901,0.3849901
4.27736,4.27736
11.3984442,-10.0
5.5608112,5.5608112
-0.3166308,-0.3166308
-1.6558259,-1.6558259
0.5226349,0.5226349
11.3730521,-10.0
-3.458949,-3.458949
-0.8242015,-0.8242015
-2.9989421,-2.9989421
-4.6081062,-4.6081062
0.0213767,0.0213767
9.4107669,9.4107669
-1.489658,-1.489658
12.5876617,-10.0
12.8414659,-10.0
0.8840976,0.8840976
-2.0047681,-2.0047681
11.6479777,-10.0
-2.0014824,-2.0014824
-11.3984442,-10.0
-5.837633,-5.837633
-11.715075,-10.0
-13.0542701,-10.0
-10.8758093,-10.0
-0.0253921,-0.0253921
-14.8573932,-10.0
-12.2226457,-10.0
-14.3973863,-10.0
-16.0065504,-10.0
-11.3770675,-10.0
-1.9876773,-1.9876773
-12.8881022,-10.0
1.1892175,1.1892175
1.4430217,1.4430217
-10.5143466,-10.0
-13.4032123,-10.0
0.2495335,0.2495335
-13.3999266,-10.0
-5.5608112,-5.5608112
5.837633,5.837633
-5.877442,-5.877442
-7.2166371,-7.2166371
-5.0381763,-5.0381763
5.8122409,5.8122409
-9.0197602,-9.0197602
-6.3850127,-6.3850127
-8.5597533,-8.5597533
-10.1689174,-10.0
-5.5394345,-5.5394345
3.8499557,3.8499557
-7.0504692,-7.0504692
7.0268505,7.0268505
7.2806547,7.2806547
-4.6767136,-4.6767136
-7.5655793,-7.5655793
6.0871665,6.0871665
-7.5622936,-7.5622936
0.3166308,0.3166308
11.715075,-10.0
5.877442,5.877442
-1.3391951,-1.3391951
0.8392657,0.8392657
11.6896829,-10.0
-3.1423182,-3.1423182
-0.5075707,-0.5075707
-2.6823113,-2.6823113
-4.2914754,-4.2914754
0.3380075,0.3380075
9.7273977,9.7273977
-1.1730272,-1.1730272
12.9042925,-10.0
13.1580967,-10.0
1.2007284,1.2007284
-1.6881373,-1.6881373
11.9646085,-10.0
-1.6848516,-1.6848516
1.6558259,1.6558259
13.0542701,-10.0
7.2166371,7.2166371
1.3391951,1.3391951
2.1784608,2.1784608
13.028878,-10.0
-1.8031231,-1.8031231
0.8316244,0.8316244
-1.3431162,-1.3431162
-2.9522803,-2.9522803
1.6772026,1.6772026
11.0665928,-10.0
0.1661679,0.1661679
14.2434876,-10.0
14.4972918,-10.0
2.5399235,2.5399235
-0.3489422,-0.3489422
13.3038036,-10.0
-0.3456565,-0.3456565
-0.5226349,-0.5226349
10.8758093,-10.0
5.0381763,5.0381763
-0.8392657,-0.8392657
-2.1784608,-2.1784608
10.8504172,-10.0
-3.9815839,-3.9815839
-1.3468364,-1.3468364
-3.521577,-3.521577
-5.1307411,-5.1307411
-0.5012582,-0.5012582
8.888132,8.888132
-2.0122929,-2.0122929
12.0650268,-10.0
12.318831,-10.0
0.3614627,0.3614627
-2.527403,-2.527403
11.1253428,-10.0
-2.5241173,-2.5241173
-11.3730521,-10.0
0.0253921,0.0253921
-5.8122409,-5.8122409
-11.6896829,-10.0
-13.028878,-10.0
-10.8504172,-10.0
-14.8320011,-10.0
-12.1972536,-10.0
-14.3719942,-10.0
-15.9811583,-10.0
-11.3516754,-10.0
-1.9622852,-1.9622852
-12.8627101,-10.0
1.2146096,1.2146096
1.4684138,1.4684138
-10.4889545,-10.0
-13.3778202,-10.0
0.2749256,0.2749256
-13.3745345,-10.0
3.458949,3.458949
14.8573932,-10.0
9.0197602,9.0197602
3.1423182,3.1423182
1.8031231,1.8031231
3.9815839,3.9815839
14.8320011,-10.0
2.6347475,2.6347475
0.4600069,0.4600069
-1.1491572,-1.1491572
3.4803257,3.4803257
12.8697159,-10.0
1.969291,1.969291
16.0466107,-10.0
16.3004149,-10.0
4.3430466,4.3430466
1.4541809,1.4541809
15.1069267,-10.0
1.4574666,1.4574666
0.8242015,0.8242015
12.2226457,-10.0
6.3850127,6.3850127
0.5075707,0.5075707
-0.8316244,-0.8316244
1.3468364,1.3468364
12.1972536,-10.0
-2.6347475,-2.6347475
-2.1747406,-2.1747406
-3.7839047,-3.7839047
0.8455782,0.8455782
10.2349684,-10.0
-0.6654565,-0.6654565
13.4118632,-10.0
13.6656674,-10.0
1.7082991,1.7082991
-1.1805666,-1.1805666
12.4721792,-10.0
-1.1772809,-1.1772809
2.9989421,2.9989421
14.3973863,-10.0
8.5597533,8.5597533
2.6823113,2.6823113
1.3431162,1.3431162
3.521577,3.521577
14.3719942,-10.0
-0.4600069,-0.4600069
2.1747406,2.1747406
-1.6091641,-1.6091641
3.0203188,3.0203188
12.409709,-10.0
1.5092841,1.5092841
15.5866038,-10.0
15.840408,-10.0
3.8830397,3.8830397
0.994174,0.994174
14.6469198,-10.0
0.9974597,0.9974597
4.6081062,4.6081062
16.0065504,-10.0
10.1689174,-10.0
4.2914754,4.2914754
2.9522803,2.9522803
5.1307411,5.1307411
15.9811583,-10.0
1.1491572,1.1491572
3.7839047,3.7839047
1.6091641,1.6091641
4.6294829,4.6294829
14.0188731,-10.0
3.1184482,3.1184482
17.1957679,-10.0
17.4495721,-10.0
5.4922038,5.4922038
2.6033381,2.6033381
16.2560839,-10.0
2.6066238,2.6066238
-0.0213767,-0.0213767
11.3770675,-10.0
5.5394345,5.5394345
-0.3380075,-0.3380075
-1.6772026,-1.6772026
0.5012582,0.5012582
11.3516754,-10.0
-3.4803257,-3.4803257
-0.8455782,-0.8455782
-3.0203188,-3.0203188
-4.6294829,-4.6294829
9.3893902,9.3893902
-1.5110347,-1.5110347
12.566285,-10.0
12.8200892,-10.0
0.8627209,0.8627209
-2.0261448,-2.0261448
11.626601,-10.0
-2.0228591,-2.0228591
-9.4107669,-9.4107669
1.9876773,1.9876773
-3.8499557,-3.8499557
-9.7273977,-9.7273977
-11.0665928,-10.0
-8.888132,-8.888132
1.9622852,1.9622852
-12.8697159,-10.0
-10.2349684,-10.0
-12.409709,-10.0
-14.0188731,-10.0
-9.3893902,-9.3893902
-10.9004249,-10.0
3.1768948,3.1768948
3.430699,3.430699
-8.5266693,-8.5266693
-11.415535,-10.0
2.2372108,2.2372108
-11.4122493,-10.0
1.489658,1.489658
12.8881022,-10.0
7.0504692,7.0504692
1.1730272,1.1730272
-0.1661679,-0.1661679
2.0122929,2.0122929
12.8627101,-10.0
-1.969291,-1.969291
0.6654565,0.6654565
-1.5092841,-1.5092841
-3.1184482,-3.1184482
1.5110347,1.5110347
10.9004249,-10.0
14.0773197,-10.0
14.3311239,-10.0
2.3737556,2.3737556
-0.5151101,-0.5151101
13.1376357,-10.0
-0.5118244,-0.5118244
-12.5876617,-10.0
-1.1892175,-1.1892175
-7.0268505,-7.0268505
-12.9042925,-10.0
-14.2434876,-10.0
-12.0650268,-10.0
-1.2146096,-1.2146096
-16.0466107,-10.0
-13.4118632,-10.0
-15.5866038,-10.0
-17.1957679,-10.0
-12.566285,-10.0
-3.1768948,-3.1768948
-14.0773197,-10.0
0.2538042,0.2538042
-11.7035641,-10.0
-14.5924298,-10.0
-0.939684,-0.939684
-14.5891441,-10.0
-12.8414659,-10.0
-1.4430217,-1.4430217
-7.2806547,-7.2806547
-13.1580967,-10.0
-14.4972918,-10.0
-12.318831,-10.0
-1.4684138,-1.4684138
-16.3004149,-10.0
-13.6656674,-10.0
-15.840408,-10.0
-17.4495721,-10.0
-12.8200892,-10.0
-3.430699,-3.430699
-14.3311239,-10.0
-0.2538042,-0.2538042
-11.9573683,-10.0
-14.846234,-10.0
-1.1934882,-1.1934882
-14.8429483,-10.0
-0.8840976,-0.8840976
10.5143466,-10.0
4.6767136,4.6767136
-1.2007284,-1.2007284
-2.5399235,-2.5399235
-0.3614627,-0.3614627
10.4889545,-10.0
-4.3430466,-4.3430466
-1.7082991,-1.7082991
-3.8830397,-3.8830397
-5.4922038,-5.4922038
-0.8627209,-0.8627209
8.5266693,8.5266693
-2.3737556,-2.3737556
11.7035641,-10.0
11.9573683,-10.0
-2.8888657,-2.8888657
10.7638801,-10.0
-2.88558,-2.88558
2.0047681,2.0047681
13.4032123,-10.0
7.5655793,7.5655793
1.6881373,1.6881373
0.3489422,0.3489422
2.527403,2.527403
13.3778202,-10.0
-1.4541809,-1.4541809
1.1805666,1.1805666
-0.994174,-0.994174
-2.6033381,-2.6033381
2.0261448,2.0261448
11.415535,-10.0
0.5151101,0.5151101
14.5924298,-10.0
14.846234,-10.0
2.8888657,2.8888657
13.6527458,-10.0
0.0032857,0.0032857
-11.6479777,-10.0
-0.2495335,-0.2495335
-6.0871665,-6.0871665
-11.9646085,-10.0
-13.3038036,-10.0
-11.1253428,-10.0
-0.2749256,-0.2749256
-15.1069267,-10.0
-12.4721792,-10.0
-14.6469198,-10.0
-16.2560839,-10.0
-11.626601,-10.0
-2.2372108,-2.2372108
-13.1376357,-10.0
0.939684,0.939684
1.1934882,1.1934882
-10.7638801,-10.0
-13.6527458,-10.0
-13.6494601,-10.0
2.0014824,2.0014824
13.3999266,-10.0
7.5622936,7.5622936
1.6848516,1.6848516
0.3456565,0.3456565
2.5241173,2.5241173
13.3745345,-10.0
-1.4574666,-1.4574666
1.1772809,1.1772809
-0.9974597,-0.9974597
-2.6066238,-2.6066238
2.0228591,2.0228591
11.4122493,-10.0
0.5118244,0.5118244
14.5891441,-10.0
14.8429483,-10.0
2.88558,2.88558
-0.0032857,-0.0032857
13.6494601,-10.0
10.3553326,-10.0
-0.4003666,-0.4003666
-1.292336,-1.292336
3.1555106,3.1555106
-0.1294761,-0.1294761
-1.3803648,-1.3803648
1.0144621,1.0144621
-1.9834075,-1.9834075
0.3401932,0.3401932
1.0755049,1.0755049
-0.5988009,-0.5988009
-2.6018982,-2.6018982
-1.1048522,-1.1048522
4.8019863,4.8019863
-0.1984638,-0.1984638
0.9980983,0.9980983
0.3022575,0.3022575
-0.2565487,-0.2565487
3.9672799,3.9672799
-10.3553326,-10.0
-10.7556992,-10.0
-11.6476686,-10.0
-7.199822,-7.199822
-10.4848087,-10.0
-11.7356974,-10.0
-9.3408705,-9.3408705
-12.3387401,-10.0
-10.0151394,-10.0
-9.2798277,-9.2798277
-10.9541335,-10.0
-12.9572308,-10.0
-11.4601848,-10.0
-5.5533463,-5.5533463
-10.5537964,-10.0
-9.3572343,-9.3572343
-10.0530751,-10.0
-10.6118813,-10.0
-6.3880527,-6.3880527
0.4003666,0.4003666
10.7556992,-10.0
-0.8919694,-0.8919694
3.5558772,3.5558772
0.2708905,0.2708905
-0.9799982,-0.9799982
1.4148287,1.4148287
-1.5830409,-1.5830409
0.7405598,0.7405598
1.4758715,1.4758715
-0.1984343,-0.1984343
-2.2015316,-2.2015316
-0.7044856,-0.7044856
5.2023529,5.2023529
0.2019028,0.2019028
1.3984649,1.3984649
0.7026241,0.7026241
0.1438179,0.1438179
4.3676465,4.3676465
1.292336,1.292336
11.6476686,-10.0
0.8919694,0.8919694
4.4478466,4.4478466
1.1628599,1.1628599
-0.0880288,-0.0880288
2.3067981,2.3067981
-0.6910715,-0.6910715
1.6325292,1.6325292
2.3678409,2.3678409
0.6935351,0.6935351
-1.3095622,-1.3095622
0.1874838,0.1874838
6.0943223,6.0943223
1.0938722,1.0938722
2.2904343,2.2904343
1.5945935,1.5945935
1.0357873,1.0357873
5.2596159,5.2596159
-3.1555106,-3.1555106
7.199822,7.199822
-3.5558772,-3.5558772
-4.4478466,-4.4478466
-3.2849867,-3.2849867
-4.5358754,-4.5358754
-2.1410485,-2.1410485
-5.1389181,-5.1389181
-2.8153174,-2.8153174
-2.0800057,-2.0800057
-3.7543115,-3.7543115
-5.7574088,-5.7574088
-4.2603628,-4.2603628
1.6464757,1.6464757
-3.3539744,-3.3539744
-2.1574123,-2.1574123
-2.8532531,-2.8532531
-3.4120593,-3.4120593
0.8117693,0.8117693
0.1294761,0.1294761
10.4848087,-10.0
-0.2708905,-0.2708905
-1.1628599,-1.1628599
3.2849867,3.2849867
-1.2508887,-1.2508887
1.1439382,1.1439382
-1.8539314,-1.8539314
0.4696693,0.4696693
1.204981,1.204981
-0.4693248,-0.4693248
-2.4724221,-2.4724221
-0.9753761,-0.9753761
4.9314624,4.9314624
-0.0689877,-0.0689877
1.1275744,1.1275744
0.4317336,0.4317336
-0.1270726,-0.1270726
4.096756,4.096756
1.3803648,1.3803648
11.7356974,-10.0
0.9799982,0.9799982
0.0880288,0.0880288
4.5358754,4.5358754
1.2508887,1.2508887
2.3948269,2.3948269
-0.6030427,-0.6030427
1.720558,1.720558
2.4558697,2.4558697
0.7815639,0.7815639
-1.2215334,-1.2215334
0.2755126,0.2755126
6.1823511,6.1823511
1.181901,1.181901
2.3784631,2.3784631
1.6826223,1.6826223
1.1238161,1.1238161
5.3476447,5.3476447
-1.0144621,-1.0144621
9.3408705,9.3408705
-1.4148287,-1.4148287
-2.3067981,-2.3067981
2.1410485,2.1410485
-1.1439382,-1.1439382
-2.3948269,-2.3948269
-2.9978696,-2.9978696
-0.6742689,-0.6742689
0.0610428,0.0610428
-1.613263,-1.613263
-3.6163603,-3.6163603
-2.1193143,-2.1193143
3.7875242,3.7875242
-1.2129259,-1.2129259
-0.0163638,-0.0163638
-0.7122046,-0.7122046
-1.2710108,-1.2710108
2.9528178,2.9528178
1.9834075,1.9834075
12.3387401,-10.0
1.5830409,1.5830409
0.6910715,0.6910715
5.1389181,5.1389181
1.8539314,1.8539314
0.6030427,0.6030427
2.9978696,2.9978696
2.3236007,2.3236007
3.0589124,3.0589124
1.3846066,1.3846066
-0.6184907,-0.6184907
0.8785553,0.8785553
6.7853938,6.7853938
1.7849437,1.7849437
2.9815058,2.9815058
2.285665,2.285665
1.7268588,1.7268588
5.9506874,5.9506874
-0.3401932,-0.3401932
10.0151394,-10.0
-0.7405598,-0.7405598
-1.6325292,-1.6325292
2.8153174,2.8153174
-0.4696693,-0.4696693
-1.720558,-1.720558
0.6742689,0.6742689
-2.3236007,-2.3236007
0.7353117,0.7353117
-0.9389941,-0.9389941
-2.9420914,-2.9420914
-1.4450454,-1.4450454
4.4617931,4.4617931
-0.538657,-0.538657
0.6579051,0.6579051
-0.0379357,-0.0379357
-0.5967419,-0.5967419
3.6270867,3.6270867
-1.0755049,-1.0755049
9.2798277,9.2798277
-1.4758715,-1.4758715
-2.3678409,-2.3678409
2.0800057,2.0800057
-1.204981,-1.204981
-2.4558697,-2.4558697
-0.0610428,-0.0610428
-3.0589124,-3.0589124
-0.7353117,-0.7353117
-1.6743058,-1.6743058
-3.6774031,-3.6774031
-2.1803571,-2.1803571
3.7264814,3.7264814
-1.2739687,-1.2739687
-0.0774066,-0.0774066
-0.7732474,-0.7732474
-1.3320536,-1.3320536
2.891775,2.891775
0.5988009,0.5988009
10.9541335,-10.0
0.1984343,0.1984343
-0.6935351,-0.6935351
3.7543115,3.7543115
0.4693248,0.4693248
-0.7815639,-0.7815639
1.613263,1.613263
-1.3846066,-1.3846066
0.9389941,0.9389941
1.6743058,1.6743058
-2.0030973,-2.0030973
-0.5060513,-0.5060513
5.4007872,5.4007872
0.4003371,0.4003371
1.5968992,1.5968992
0.9010584,0.9010584
0.3422522,0.3422522
4.5660808,4.5660808
2.6018982,2.6018982
12.9572308,-10.0
2.2015316,2.2015316
1.3095622,1.3095622
5.7574088,5.7574088
2.4724221,2.4724221
1.2215334,1.2215334
3.6163603,3.6163603
0.6184907,0.6184907
2.9420914,2.9420914
3.6774031,3.6774031
2.0030973,2.0030973
1.497046,1.497046
7.4038845,7.4038845
2.4034344,2.4034344
3.5999965,3.5999965
2.9041557,2.9041557
2.3453495,2.3453495
6.5691781,6.5691781
1.1048522,1.1048522
11.4601848,-10.0
0.7044856,0.7044856
-0.1874838,-0.1874838
4.2603628,4.2603628
0.9753761,0.9753761
-0.2755126,-0.2755126
2.1193143,2.1193143
-0.8785553,-0.8785553
1.4450454,1.4450454
2.1803571,2.1803571
0.5060513,0.5060513
-1.497046,-1.497046
5.9068385,5.9068385
0.9063884,0.9063884
2.1029505,2.1029505
1.4071097,1.4071097
0.8483035,0.8483035
5.0721321,5.0721321
-4.8019863,-4.8019863
5.5533463,5.5533463
-5.2023529,-5.2023529
-6.0943223,-6.0943223
-1.6464757,-1.6464757
-4.9314624,-4.9314624
-6.1823511,-6.1823511
-3.7875242,-3.7875242
-6.7853938,-6.7853938
-4.4617931,-4.4617931
-3.7264814,-3.7264814
-5.4007872,-5.4007872
-7.4038845,-7.4038845
-5.9068385,-5.9068385
-5.0004501,-5.0004501
-3.803888,-3.803888
-4.4997288,-4.4997288
-5.058535,-5.058535
-0.8347064,-0.8347064
0.1984638,0.1984638
10.5537964,-10.0
-0.2019028,-0.2019028
-1.0938722,-1.0938722
3.3539744,3.3539744
0.0689877,0.0689877
-1.181901,-1.181901
1.2129259,1.2129259
-1.7849437,-1.7849437
0.538657,0.538657
1.2739687,1.2739687
-0.4003371,-0.4003371
-2.4034344,-2.4034344
-0.9063884,-0.9063884
5.0004501,5.0004501
1.1965621,1.1965621
0.5007213,0.5007213
-0.0580849,-0.0580849
4.1657437,4.1657437
-0.9980983,-0.9980983
9.3572343,9.3572343
-1.3984649,-1.3984649
-2.2904343,-2.2904343
2.1574123,2.1574123
-1.1275744,-1.1275744
-2.3784631,-2.3784631
0.0163638,0.0163638
-2.9815058,-2.9815058
-0.6579051,-0.6579051
0.0774066,0.0774066
-1.5968992,-1.5968992
-3.5999965,-3.5999965
-2.1029505,-2.1029505
3.803888,3.803888
-1.1965621,-1.1965621
-0.6958408,-0.6958408
-1.254647,-1.254647
2.9691816,2.9691816
-0.3022575,-0.3022575
10.0530751,-10.0
-0.7026241,-0.7026241
-1.5945935,-1.5945935
2.8532531,2.8532531
-0.4317336,-0.4317336
-1.6826223,-1.6826223
0.7122046,0.7122046
-2.285665,-2.285665
0.0379357,0.0379357
0.7732474,0.7732474
-0.9010584,-0.9010584
-2.9041557,-2.9041557
-1.4071097,-1.4071097
4.4997288,4.4997288
-0.5007213,-0.5007213
0.6958408,0.6958408
-0.5588062,-0.5588062
3.6650224,3.6650224
0.2565487,0.2565487
10.6118813,-10.0
-0.1438179,-0.1438179
-1.0357873,-1.0357873
3.4120593,3.4120593
0.1270726,0.1270726
-1.1238161,-1.1238161
1.2710108,1.2710108
-1.7268588,-1.7268588
0.5967419,0.5967419
1.3320536,1.3320536
-0.3422522,-0.3422522
-2.3453495,-2.3453495
-0.8483035,-0.8483035
5.058535,5.058535
0.0580849,0.0580849
1.254647,1.254647
0.5588062,0.5588062
4.2238286,4.2238286
-3.9672799,-3.9672799
6.3880527,6.3880527
-4.3676465,-4.3676465
-5.2596159,-5.2596159
-0.8117693,-0.8117693
-4.096756,-4.096756
-5.3476447,-5.3476447
-2.9528178,-2.9528178
-5.9506874,-5.9506874
-3.6270867,-3.6270867
-2.891775,-2.891775
-4.5660808,-4.5660808
-6.5691781,-6.5691781
-5.0721321,-5.0721321
0.8347064,0.8347064
-4.1657437,-4.1657437
-2.9691816,-2.9691816
-3.6650224,-3.6650224
-4.2238286,-4.2238286
2.7576255,2.7576255
4.6477554,4.6477554
2.4922532,2.4922532
0.8686759,0.8686759
2.2594306,2.2594306
5.3323763,5.3323763
1.6773366,1.6773366
2.724692,2.724692
1.9760822,1.9760822
1.9976642,1.9976642
2.9228047,2.9228047
2.2815937,2.2815937
1.2908047,1.2908047
4.9928081,4.9928081
3.046949,3.046949
2.5189815,2.5189815
1.9121544,1.9121544
-1.1043599,-1.1043599
0.415515,0.415515
-2.7576255,-2.7576255
1.8901299,1.8901299
-0.2653723,-0.2653723
-1.8889496,-1.8889496
-0.4981949,-0.4981949
2.5747508,2.5747508
-1.0802889,-1.0802889
-0.0329335,-0.0329335
-0.7815433,-0.7815433
-0.7599613,-0.7599613
0.1651792,0.1651792
-0.4760318,-0.4760318
-1.4668208,-1.4668208
2.2351826,2.2351826
0.2893235,0.2893235
-0.238644,-0.238644
-0.8454711,-0.8454711
-3.8619854,-3.8619854
-2.3421105,-2.3421105
-4.6477554,-4.6477554
-1.8901299,-1.8901299
-2.1555022,-2.1555022
-3.7790795,-3.7790795
-2.3883248,-2.3883248
0.6846209,0.6846209
-2.9704188,-2.9704188
-1.9230634,-1.9230634
-2.6716732,-2.6716732
-2.6500912,-2.6500912
-1.7249507,-1.7249507
-2.3661617,-2.3661617
-3.3569507,-3.3569507
0.3450527,0.3450527
-1.6008064,-1.6008064
-2.1287739,-2.1287739
-2.735601,-2.735601
-5.7521153,-5.7521153
-4.2322404,-4.2322404
-2.4922532,-2.4922532
0.2653723,0.2653723
2.1555022,2.1555022
-1.6235773,-1.6235773
-0.2328226,-0.2328226
2.8401231,2.8401231
-0.8149166,-0.8149166
0.2324388,0.2324388
-0.516171,-0.516171
-0.494589,-0.494589
0.4305515,0.4305515
-0.2106595,-0.2106595
-1.2014485,-1.2014485
2.5005549,2.5005549
0.5546958,0.5546958
0.0267283,0.0267283
-0.5800988,-0.5800988
-3.5966131,-3.5966131
-2.0767382,-2.0767382
-0.8686759,-0.8686759
1.8889496,1.8889496
3.7790795,3.7790795
1.6235773,1.6235773
1.3907547,1.3907547
4.4637004,4.4637004
0.8086607,0.8086607
1.8560161,1.8560161
1.1074063,1.1074063
1.1289883,1.1289883
2.0541288,2.0541288
1.4129178,1.4129178
0.4221288,0.4221288
4.1241322,4.1241322
2.1782731,2.1782731
1.6503056,1.6503056
1.0434785,1.0434785
-1.9730358,-1.9730358
-0.4531609,-0.4531609
-2.2594306,-2.2594306
0.4981949,0.4981949
2.3883248,2.3883248
0.2328226,0.2328226
-1.3907547,-1.3907547
3.0729457,3.0729457
-0.582094,-0.582094
0.4652614,0.4652614
-0.2833484,-0.2833484
-0.2617664,-0.2617664
0.6633741,0.6633741
0.0221631,0.0221631
-0.9686259,-0.9686259
2.7333775,2.7333775
0.7875184,0.7875184
0.2595509,0.2595509
-0.3472762,-0.3472762
-3.3637905,-3.3637905
-1.8439156,-1.8439156
-5.3323763,-5.3323763
-2.5747508,-2.5747508
-0.6846209,-0.6846209
-2.8401231,-2.8401231
-4.4637004,-4.4637004
-3.0729457,-3.0729457
-3.6550397,-3.6550397
-2.6076843,-2.6076843
-3.3562941,-3.3562941
-3.3347121,-3.3347121
-2.4095716,-2.4095716
-3.0507826,-3.0507826
-4.0415716,-4.0415716
-0.3395682,-0.3395682
-2.2854273,-2.2854273
-2.8133948,-2.8133948
-3.4202219,-3.4202219
-6.4367362,-6.4367362
-4.9168613,-4.9168613
-1.6773366,-1.6773366
1.0802889,1.0802889
2.9704188,2.9704188
0.8149166,0.8149166
-0.8086607,-0.8086607
0.582094,0.582094
3.6550397,3.6550397
1.0473554,1.0473554
0.2987456,0.2987456
0.3203276,0.3203276
1.2454681,1.2454681
0.6042571,0.6042571
-0.3865319,-0.3865319
3.3154715,3.3154715
1.3696124,1.3696124
0.8416449,0.8416449
0.2348178,0.2348178
-2.7816965,-2.7816965
-1.2618216,-1.2618216
-2.724692,-2.724692
0.0329335,0.0329335
1.9230634,1.9230634
-0.2324388,-0.2324388
-1.8560161,-1.8560161
-0.4652614,-0.4652614
2.6076843,2.6076843
-1.0473554,-1.0473554
-0.7486098,-0.7486098
-0.7270278,-0.7270278
0.1981127,0.1981127
-0.4430983,-0.4430983
-1.4338873,-1.4338873
2.2681161,2.2681161
0.322257,0.322257
-0.2057105,-0.2057105
-0.8125376,-0.8125376
-3.8290519,-3.8290519
-2.309177,-2.309177
-1.9760822,-1.9760822
0.7815433,0.7815433
2.6716732,2.6716732
0.516171,0.516171
-1.1074063,-1.1074063
0.2833484,0.2833484
3.3562941,3.3562941
-0.2987456,-0.2987456
0.7486098,0.7486098
0.021582,0.021582
0.9467225,0.9467225
0.3055115,0.3055115
-0.6852775,-0.6852775
3.0167259,3.0167259
1.0708668,1.0708668
0.5428993,0.5428993
-0.0639278,-0.0639278
-3.0804421,-3.0804421
-1.5605672,-1.5605672
-1.9976642,-1.9976642
0.7599613,0.7599613
2.6500912,2.6500912
0.494589,0.494589
-1.1289883,-1.1289883
0.2617664,0.2617664
3.3347121,3.3347121
-0.3203276,-0.3203276
0.7270278,0.7270278
-0.021582,-0.021582
0.9251405,0.9251405
0.2839295,0.2839295
-0.7068595,-0.7068595
2.9951439,2.9951439
1.0492848,1.0492848
0.5213173,0.5213173
-0.0855098,-0.0855098
-3.1020241,-3.1020241
-1.5821492,-1.5821492
-2.9228047,-2.9228047
-0.1651792,-0.1651792
1.7249507,1.7249507
-0.4305515,-0.4305515
-2.0541288,-2.0541288
-0.6633741,-0.6633741
2.4095716,2.4095716
-1.2454681,-1.2454681
-0.1981127,-0.1981127
-0.9467225,-0.9467225
-0.9251405,-0.9251405
-0.641211,-0.641211
-1.632,-1.632
2.0700034,2.0700034
0.1241443,0.1241443
-0.4038232,-0.4038232
-1.0106503,-1.0106503
-4.0271646,-4.0271646
-2.5072897,-2.5072897
-2.2815937,-2.2815937
0.4760318,0.4760318
2.3661617,2.3661617
0.2106595,0.2106595
-1.4129178,-1.4129178
-0.0221631,-0.0221631
3.0507826,3.0507826
-0.6042571,-0.6042571
0.4430983,0.4430983
-0.3055115,-0.3055115
-0.2839295,-0.2839295
0.641211,0.641211
-0.990789,-0.990789
2.7112144,2.7112144
0.7653553,0.7653553
0.2373878,0.2373878
-0.3694393,-0.3694393
-3.3859536,-3.3859536
-1.8660787,-1.8660787
-1.2908047,-1.2908047
1.4668208,1.4668208
3.3569507,3.3569507
1.2014485,1.2014485
-0.4221288,-0.4221288
0.9686259,0.9686259
4.0415716,4.0415716
0.3865319,0.3865319
1.4338873,1.4338873
0.6852775,0.6852775
0.7068595,0.7068595
1.632,1.632
0.990789,0.990789
3.7020034,3.7020034
1.7561443,1.7561443
1.2281768,1.2281768
0.6213497,0.6213497
-2.3951646,-2.3951646
-0.8752897,-0.8752897
-4.9928081,-4.9928081
-2.2351826,-2.2351826
-0.3450527,-0.3450527
-2.5005549,-2.5005549
-4.1241322,-4.1241322
-2.7333775,-2.7333775
0.3395682,0.3395682
-3.3154715,-3.3154715
-2.2681161,-2.2681161
-3.0167259,-3.0167259
-2.9951439,-2.9951439
-2.0700034,-2.0700034
-2.7112144,-2.7112144
-3.7020034,-3.7020034
-1.9458591,-1.9458591
-2.4738266,-2.4738266
-3.0806537,-3.0806537
-6.097168,-6.097168
-4.5772931,-4.5772931
-3.046949,-3.046949
-0.2893235,-0.2893235
1.6008064,1.6008064
-0.5546958,-0.5546958
-2.1782731,-2.1782731
-0.7875184,-0.7875184
2.2854273,2.2854273
-1.3696124,-1.3696124
-0.322257,-0.322257
-1.0708668,-1.0708668
-1.0492848,-1.0492848
-0.1241443,-0.1241443
-0.7653553,-0.7653553
-1.7561443,-1.7561443
1.9458591,1.9458591
-0.5279675,-0.5279675
-1.1347946,-1.1347946
-4.1513089,-4.1513089
-2.631434,-2.631434
-2.5189815,-2.5189815
0.238644,0.238644
2.1287739,2.1287739
-0.0267283,-0.0267283
-1.6503056,-1.6503056
-0.2595509,-0.2595509
2.8133948,2.8133948
-0.8416449,-0.8416449
0.2057105,0.2057105
-0.5428993,-0.5428993
-0.5213173,-0.5213173
0.4038232,0.4038232
-0.2373878,-0.2373878
-1.2281768,-1.2281768
2.4738266,2.4738266
0.5279675,0.5279675
-0.6068271,-0.6068271
-3.6233414,-3.6233414
-2.1034665,-2.1034665
-1.9121544,-1.9121544
0.8454711,0.8454711
2.735601,2.735601
0.5800988,0.5800988
-1.0434785,-1.0434785
0.3472762,0.3472762
3.4202219,3.4202219
-0.2348178,-0.2348178
0.8125376,0.8125376
0.0639278,0.0639278
0.0855098,0.0855098
1.0106503,1.0106503
0.3694393,0.3694393
-0.6213497,-0.6213497
3.0806537,3.0806537
1.1347946,1.1347946
0.6068271,0.6068271
-3.0165143,-3.0165143
-1.4966394,-1.4966394
1.1043599,1.1043599
3.8619854,3.8619854
5.7521153,5.7521153
3.5966131,3.5966131
1.9730358,1.9730358
3.3637905,3.3637905
6.4367362,6.4367362
2.7816965,2.7816965
3.8290519,3.8290519
3.0804421,3.0804421
3.1020241,3.1020241
4.0271646,4.0271646
3.3859536,3.3859536
2.3951646,2.3951646
6.097168,6.097168
4.1513089,4.1513089
3.6233414,3.6233414
3.0165143,3.0165143
1.5198749,1.5198749
-0.415515,-0.415515
2.3421105,2.3421105
4.2322404,4.2322404
2.0767382,2.0767382
0.4531609,0.4531609
1.8439156,1.8439156
4.9168613,4.9168613
1.2618216,1.2618216
2.309177,2.309177
1.5605672,1.5605672
1.5821492,1.5821492
2.5072897,2.5072897
1.8660787,1.8660787
0.8752897,0.8752897
4.5772931,4.5772931
2.631434,2.631434
2.1034665,2.1034665
1.4966394,1.4966394
-1.5198749,-1.5198749
2.0135894,2.0135894
-0.1884316,-0.1884316
-1.0940476,-1.0940476
0.3037002,0.3037002
-0.9605571,-0.9605571
-0.3461973,-0.3461973
-1.7076395,-1.7076395
-2.3411708,-2.3411708
0.4534324,0.4534324
1.4355217,1.4355217
-1.2201685,-1.2201685
0.0242118,0.0242118
-3.1271585,-3.1271585
-2.1817729,-2.1817729
-0.5822101,-0.5822101
0.2631775,0.2631775
-0.6802411,-0.6802411
-1.9548007,-1.9548007
-2.2126976,-2.2126976
-2.0135894,-2.0135894
-2.202021,-2.202021
-3.107637,-3.107637
-1.7098892,-1.7098892
-2.9741465,-2.9741465
-2.3597867,-2.3597867
-3.7212289,-3.7212289
-4.3547602,-4.3547602
-1.560157,-1.560157
-0.5780677,-0.5780677
-3.2337579,-3.2337579
-1.9893776,-1.9893776
-5.1407479,-5.1407479
-4.1953623,-4.1953623
-2.5957995,-2.5957995
-1.7504119,-1.7504119
-2.6938305,-2.6938305
-3.9683901,-3.9683901
-4.226287,-4.226287
0.1884316,0.1884316
2.202021,2.202021
-0.905616,-0.905616
0.4921318,0.4921318
-0.7721255,-0.7721255
-0.1577657,-0.1577657
-1.5192079,-1.5192079
-2.1527392,-2.1527392
0.641864,0.641864
1.6239533,1.6239533
-1.0317369,-1.0317369
0.2126434,0.2126434
-2.9387269,-2.9387269
-1.9933413,-1.9933413
-0.3937785,-0.3937785
0.4516091,0.4516091
-0.4918095,-0.4918095
-1.7663691,-1.7663691
-2.024266,-2.024266
1.0940476,1.0940476
3.107637,3.107637
0.905616,0.905616
1.3977478,1.3977478
0.1334905,0.1334905
0.7478503,0.7478503
-0.6135919,-0.6135919
-1.2471232,-1.2471232
1.54748,1.54748
2.5295693,2.5295693
-0.1261209,-0.1261209
1.1182594,1.1182594
-2.0331109,-2.0331109
-1.0877253,-1.0877253
0.5118375,0.5118375
1.3572251,1.3572251
0.4138065,0.4138065
-0.8607531,-0.8607531
-1.11865,-1.11865
-0.3037002,-0.3037002
1.7098892,1.7098892
-0.4921318,-0.4921318
-1.3977478,-1.3977478
-1.2642573,-1.2642573
-0.6498975,-0.6498975
-2.0113397,-2.0113397
-2.644871,-2.644871
0.1497322,0.1497322
1.1318215,1.1318215
-1.5238687,-1.5238687
-0.2794884,-0.2794884
-3.4308587,-3.4308587
-2.4854731,-2.4854731
-0.8859103,-0.8859103
-0.0405227,-0.0405227
-0.9839413,-0.9839413
-2.2585009,-2.2585009
-2.5163978,-2.5163978
0.9605571,0.9605571
2.9741465,2.9741465
0.7721255,0.7721255
-0.1334905,-0.1334905
1.2642573,1.2642573
0.6143598,0.6143598
-0.7470824,-0.7470824
-1.3806137,-1.3806137
1.4139895,1.4139895
2.3960788,2.3960788
-0.2596114,-0.2596114
0.9847689,0.9847689
-2.1666014,-2.1666014
-1.2212158,-1.2212158
0.378347,0.378347
1.2237346,1.2237346
0.280316,0.280316
-0.9942436,-0.9942436
-1.2521405,-1.2521405
0.3461973,0.3461973
2.3597867,2.3597867
0.1577657,0.1577657
-0.7478503,-0.7478503
0.6498975,0.6498975
-0.6143598,-0.6143598
-1.3614422,-1.3614422
-1.9949735,-1.9949735
0.7996297,0.7996297
1.781719,1.781719
-0.8739712,-0.8739712
0.3704091,0.3704091
-2.7809612,-2.7809612
-1.8355756,-1.8355756
-0.2360128,-0.2360128
0.6093748,0.6093748
-0.3340438,-0.3340438
-1.6086034,-1.6086034
-1.8665003,-1.8665003
1.7076395,1.7076395
3.7212289,3.7212289
1.5192079,1.5192079
0.6135919,0.6135919
2.0113397,2.0113397
0.7470824,0.7470824
1.3614422,1.3614422
-0.6335313,-0.6335313
2.1610719,2.1610719
3.1431612,3.1431612
0.487471,0.487471
1.7318513,1.7318513
-1.419519,-1.419519
-0.4741334,-0.4741334
1.1254294,1.1254294
1.970817,1.970817
1.0273984,1.0273984
-0.2471612,-0.2471612
-0.5050581,-0.5050581
2.3411708,2.3411708
4.3547602,4.3547602
2.1527392,2.1527392
1.2471232,1.2471232
2.644871,2.644871
1.3806137,1.3806137
1.9949735,1.9949735
0.6335313,0.6335313
2.7946032,2.7946032
3.7766925,3.7766925
1.1210023,1.1210023
2.3653826,2.3653826
-0.7859877,-0.7859877
0.1593979,0.1593979
1.7589607,1.7589607
2.6043483,2.6043483
1.6609297,1.6609297
0.3863701,0.3863701
0.1284732,0.1284732
-0.4534324,-0.4534324
1.560157,1.560157
-0.641864,-0.641864
-1.54748,-1.54748
-0.1497322,-0.1497322
-1.4139895,-1.4139895
-0.7996297,-0.7996297
-2.1610719,-2.1610719
-2.7946032,-2.7946032
0.9820893,0.9820893
-1.6736009,-1.6736009
-0.4292206,-0.4292206
-3.5805909,-3.5805909
-2.6352053,-2.6352053
-1.0356425,-1.0356425
-0.1902549,-0.1902549
-1.1336735,-1.1336735
-2.4082331,-2.4082331
-2.66613,-2.66613
-1.4355217,-1.4355217
0.5780677,0.5780677
-1.6239533,-1.6239533
-2.5295693,-2.5295693
-1.1318215,-1.1318215
-2.3960788,-2.3960788
-1.781719,-1.781719
-3.1431612,-3.1431612
-3.7766925,-3.7766925
-0.9820893,-0.9820893
-2.6556902,-2.6556902
-1.4113099,-1.4113099
-4.5626802,-4.5626802
-3.6172946,-3.6172946
-2.0177318,-2.0177318
-1.1723442,-1.1723442
-2.1157628,-2.1157628
-3.3903224,-3.3903224
-3.6482193,-3.6482193
1.2201685,1.2201685
3.2337579,3.2337579
1.0317369,1.0317369
0.1261209,0.1261209
1.5238687,1.5238687
0.2596114,0.2596114
0.8739712,0.8739712
-0.487471,-0.487471
-1.1210023,-1.1210023
1.6736009,1.6736009
2.6556902,2.6556902
1.2443803,1.2443803
-1.90699,-1.90699
-0.9616044,-0.9616044
0.6379584,0.6379584
1.483346,1.483346
0.5399274,0.5399274
-0.7346322,-0.7346322
-0.9925291,-0.9925291
-0.0242118,-0.0242118
1.9893776,1.9893776
-0.2126434,-0.2126434
-1.1182594,-1.1182594
0.2794884,0.2794884
-0.9847689,-0.9847689
-0.3704091,-0.3704091
-1.7318513,-1.7318513
-2.3653826,-2.3653826
0.4292206,0.4292206
1.4113099,1.4113099
-1.2443803,-1.2443803
-3.1513703,-3.1513703
-2.2059847,-2.2059847
-0.6064219,-0.6064219
0.2389657,0.2389657
-0.7044529,-0.7044529
-1.9790125,-1.9790125
-2.2369094,-2.2369094
3.1271585,3.1271585
5.1407479,5.1407479
2.9387269,2.9387269
2.0331109,2.0331109
3.4308587,3.4308587
2.1666014,2.1666014
2.7809612,2.7809612
1.419519,1.419519
0.7859877,0.7859877
3.5805909,3.5805909
4.5626802,4.5626802
1.90699,1.90699
3.1513703,3.1513703
0.9453856,0.9453856
2.5449484,2.5449484
3.390336,3.390336
2.4469174,2.4469174
1.1723578,1.1723578
0.9144609,0.9144609
2.1817729,2.1817729
4.1953623,4.1953623
1.9933413,1.9933413
1.0877253,1.0877253
2.4854731,2.4854731
1.2212158,1.2212158
1.8355756,1.8355756
0.4741334,0.4741334
-0.1593979,-0.1593979
2.6352053,2.6352053
3.6172946,3.6172946
0.9616044,0.9616044
2.2059847,2.2059847
-0.9453856,-0.9453856
1.5995628,1.5995628
2.4449504,2.4449504
1.5015318,1.5015318
0.2269722,0.2269722
-0.0309247,-0.0309247
0.5822101,0.5822101
2.5957995,2.5957995
0.3937785,0.3937785
-0.5118375,-0.5118375
0.8859103,0.8859103
-0.378347,-0.378347
0.2360128,0.2360128
-1.1254294,-1.1254294
-1.7589607,-1.7589607
1.0356425,1.0356425
2.0177318,2.0177318
-0.6379584,-0.6379584
0.6064219,0.6064219
-2.5449484,-2.5449484
-1.5995628,-1.5995628
0.8453876,0.8453876
-0.098031,-0.098031
-1.3725906,-1.3725906
-1.6304875,-1.6304875
-0.2631775,-0.2631775
1.7504119,1.7504119
-0.4516091,-0.4516091
-1.3572251,-1.3572251
0.0405227,0.0405227
-1.2237346,-1.2237346
-0.6093748,-0.6093748
-1.970817,-1.970817
-2.6043483,-2.6043483
0.1902549,0.1902549
1.1723442,1.1723442
-1.483346,-1.483346
-0.2389657,-0.2389657
-3.390336,-3.390336
-2.4449504,-2.4449504
-0.8453876,-0.8453876
-0.9434186,-0.9434186
-2.2179782,-2.2179782
-2.4758751,-2.4758751
0.6802411,0.6802411
2.6938305,2.6938305
0.4918095,0.4918095
-0.4138065,-0.4138065
0.9839413,0.9839413
-0.280316,-0.280316
0.3340438,0.3340438
-1.0273984,-1.0273984
-1.6609297,-1.6609297
1.1336735,1.1336735
2.1157628,2.1157628
-0.5399274,-0.5399274
0.7044529,0.7044529
-2.4469174,-2.4469174
-1.5015318,-1.5015318
0.098031,0.098031
0.9434186,0.9434186
-1.2745596,-1.2745596
-1.5324565,-1.5324565
1.9548007,1.9548007
3.9683901,3.9683901
1.7663691,1.7663691
0.8607531,0.8607531
2.2585009,2.2585009
0.9942436,0.9942436
1.6086034,1.6086034
0.2471612,0.2471612
-0.3863701,-0.3863701
2.4082331,2.4082331
3.3903224,3.3903224
0.7346322,0.7346322
1.9790125,1.9790125
-1.1723578,-1.1723578
-0.2269722,-0.2269722
1.3725906,1.3725906
2.2179782,2.2179782
1.2745596,1.2745596
-0.2578969,-0.2578969
2.2126976,2.2126976
4.226287,4.226287
2.024266,2.024266
1.11865,1.11865
2.5163978,2.5163978
1.2521405,1.2521405
1.8665003,1.8665003
0.5050581,0.5050581
-0.1284732,-0.1284732
2.66613,2.66613
3.6482193,3.6482193
0.9925291,0.9925291
2.2369094,2.2369094
-0.9144609,-0.9144609
0.0309247,0.0309247
1.6304875,1.6304875
2.4758751,2.4758751
1.5324565,1.5324565
0.2578969,0.2578969
-1.2568286,-1.2568286
0.4943404,0.4943404
0.7796454,0.7796454
-2.4868686,-2.4868686
0.504394,0.504394
-0.4360367,-0.4360367
-0.8700063,-0.8700063
-1.0487236,-1.0487236
-0.9043435,-0.9043435
0.1771471,0.1771471
-0.8989095,-0.8989095
0.9745428,0.9745428
0.2102513,0.2102513
0.0321305,0.0321305
0.3263628,0.3263628
0.0636244,0.0636244
0.1160282,0.1160282
-6.512652,-6.512652
-2.2455195,-2.2455195
1.2568286,1.2568286
1.751169,1.751169
2.036474,2.036474
-1.23004,-1.23004
1.7612226,1.7612226
0.8207919,0.8207919
0.3868223,0.3868223
0.208105,0.208105
0.3524851,0.3524851
1.4339757,1.4339757
0.3579191,0.3579191
2.2313714,2.2313714
1.4670799,1.4670799
1.2889591,1.2889591
1.5831914,1.5831914
1.320453,1.320453
1.3728568,1.3728568
-5.2558234,-5.2558234
-0.9886909,-0.9886909
-0.4943404,-0.4943404
-1.751169,-1.751169
0.285305,0.285305
-2.981209,-2.981209
0.0100536,0.0100536
-0.9303771,-0.9303771
-1.3643467,-1.3643467
-1.543064,-1.543064
-1.3986839,-1.3986839
-0.3171933,-0.3171933
-1.3932499,-1.3932499
0.4802024,0.4802024
-0.2840891,-0.2840891
-0.4622099,-0.4622099
-0.1679776,-0.1679776
-0.430716,-0.430716
-0.3783122,-0.3783122
-7.0069924,-7.0069924
-2.7398599,-2.7398599
-0.7796454,-0.7796454
-2.036474,-2.036474
-0.285305,-0.285305
-3.266514,-3.266514
-0.2752514,-0.2752514
-1.2156821,-1.2156821
-1.6496517,-1.6496517
-1.828369,-1.828369
-1.6839889,-1.6839889
-0.6024983,-0.6024983
-1.6785549,-1.6785549
0.1948974,0.1948974
-0.5693941,-0.5693941
-0.7475149,-0.7475149
-0.4532826,-0.4532826
-0.716021,-0.716021
-0.6636172,-0.6636172
-7.2922974,-7.2922974
-3.0251649,-3.0251649
2.4868686,2.4868686
1.23004,1.23004
2.981209,2.981209
3.266514,3.266514
2.9912626,2.9912626
2.0508319,2.0508319
1.6168623,1.6168623
1.438145,1.438145
1.5825251,1.5825251
2.6640157,2.6640157
1.5879591,1.5879591
3.4614114,3.4614114
2.6971199,2.6971199
2.5189991,2.5189991
2.8132314,2.8132314
2.550493,2.550493
2.6028968,2.6028968
-4.0257834,-4.0257834
0.2413491,0.2413491
-0.504394,-0.504394
-1.7612226,-1.7612226
-0.0100536,-0.0100536
0.2752514,0.2752514
-2.9912626,-2.9912626
-0.9404307,-0.9404307
-1.3744003,-1.3744003
-1.5531176,-1.5531176
-1.4087375,-1.4087375
-0.3272469,-0.3272469
-1.4033035,-1.4033035
0.4701488,0.4701488
-0.2941427,-0.2941427
-0.4722635,-0.4722635
-0.1780312,-0.1780312
-0.4407696,-0.4407696
-0.3883658,-0.3883658
-7.017046,-7.017046
-2.7499135,-2.7499135
0.4360367,0.4360367
-0.8207919,-0.8207919
0.9303771,0.9303771
1.2156821,1.2156821
-2.0508319,-2.0508319
0.9404307,0.9404307
-0.4339696,-0.4339696
-0.6126869,-0.6126869
-0.4683068,-0.4683068
0.6131838,0.6131838
-0.4628728,-0.4628728
1.4105795,1.4105795
0.646288,0.646288
0.4681672,0.4681672
0.7623995,0.7623995
0.4996611,0.4996611
0.5520649,0.5520649
-6.0766153,-6.0766153
-1.8094828,-1.8094828
0.8700063,0.8700063
-0.3868223,-0.3868223
1.3643467,1.3643467
1.6496517,1.6496517
-1.6168623,-1.6168623
1.3744003,1.3744003
0.4339696,0.4339696
-0.1787173,-0.1787173
-0.0343372,-0.0343372
1.0471534,1.0471534
-0.0289032,-0.0289032
1.8445491,1.8445491
1.0802576,1.0802576
0.9021368,0.9021368
1.1963691,1.1963691
0.9336307,0.9336307
0.9860345,0.9860345
-5.6426457,-5.6426457
-1.3755132,-1.3755132
1.0487236,1.0487236
-0.208105,-0.208105
1.543064,1.543064
1.828369,1.828369
-1.438145,-1.438145
1.5531176,1.5531176
0.6126869,0.6126869
0.1787173,0.1787173
0.1443801,0.1443801
1.2258707,1.2258707
0.1498141,0.1498141
2.0232664,2.0232664
1.2589749,1.2589749
1.0808541,1.0808541
1.3750864,1.3750864
1.112348,1.112348
1.1647518,1.1647518
-5.4639284,-5.4639284
-1.1967959,-1.1967959
0.9043435,0.9043435
-0.3524851,-0.3524851
1.3986839,1.3986839
1.6839889,1.6839889
-1.5825251,-1.5825251
1.4087375,1.4087375
0.4683068,0.4683068
0.0343372,0.0343372
-0.1443801,-0.1443801
1.0814906,1.0814906
0.005434,0.005434
1.8788863,1.8788863
1.1145948,1.1145948
0.936474,0.936474
1.2307063,1.2307063
0.9679679,0.9679679
1.0203717,1.0203717
-5.6083085,-5.6083085
-1.341176,-1.341176
-0.1771471,-0.1771471
-1.4339757,-1.4339757
0.3171933,0.3171933
0.6024983,0.6024983
-2.6640157,-2.6640157
0.3272469,0.3272469
-0.6131838,-0.6131838
-1.0471534,-1.0471534
-1.2258707,-1.2258707
-1.0814906,-1.0814906
-1.0760566,-1.0760566
0.7973957,0.7973957
0.0331042,0.0331042
-0.1450166,-0.1450166
0.1492157,0.1492157
-0.1135227,-0.1135227
-0.0611189,-0.0611189
-6.6897991,-6.6897991
-2.4226666,-2.4226666
0.8989095,0.8989095
-0.3579191,-0.3579191
1.3932499,1.3932499
1.6785549,1.6785549
-1.5879591,-1.5879591
1.4033035,1.4033035
0.4628728,0.4628728
0.0289032,0.0289032
-0.1498141,-0.1498141
-0.005434,-0.005434
1.0760566,1.0760566
1.8734523,1.8734523
1.1091608,1.1091608
0.93104,0.93104
1.2252723,1.2252723
0.9625339,0.9625339
1.0149377,1.0149377
-5.6137425,-5.6137425
-1.34661,-1.34661
-0.9745428,-0.9745428
-2.2313714,-2.2313714
-0.4802024,-0.4802024
-0.1948974,-0.1948974
-3.4614114,-3.4614114
-0.4701488,-0.4701488
-1.4105795,-1.4105795
-1.8445491,-1.8445491
-2.0232664,-2.0232664
-1.8788863,-1.8788863
-0.7973957,-0.7973957
-1.8734523,-1.8734523
-0.7642915,-0.7642915
-0.9424123,-0.9424123
-0.64818,-0.64818
-0.9109184,-0.9109184
-0.8585146,-0.8585146
-7.4871948,-7.4871948
-3.2200623,-3.2200623
-0.2102513,-0.2102513
-1.4670799,-1.4670799
0.2840891,0.2840891
0.5693941,0.5693941
-2.6971199,-2.6971199
0.2941427,0.2941427
-0.646288,-0.646288
-1.0802576,-1.0802576
-1.2589749,-1.2589749
-1.1145948,-1.1145948
-0.0331042,-0.0331042
-1.1091608,-1.1091608
0.7642915,0.7642915
-0.1781208,-0.1781208
0.1161115,0.1161115
-0.1466269,-0.1466269
-0.0942231,-0.0942231
-6.7229033,-6.7229033
-2.4557708,-2.4557708
-0.0321305,-0.0321305
-1.2889591,-1.2889591
0.4622099,0.4622099
0.7475149,0.7475149
-2.5189991,-2.5189991
0.4722635,0.4722635
-0.4681672,-0.4681672
-0.9021368,-0.9021368
-1.0808541,-1.0808541
-0.936474,-0.936474
0.1450166,0.1450166
-0.93104,-0.93104
0.9424123,0.9424123
0.1781208,0.1781208
0.2942323,0.2942323
0.0314939,0.0314939
0.0838977,0.0838977
-6.5447825,-6.5447825
-2.27765,-2.27765
-0.3263628,-0.3263628
-1.5831914,-1.5831914
0.1679776,0.1679776
0.4532826,0.4532826
-2.8132314,-2.8132314
0.1780312,0.1780312
-0.7623995,-0.7623995
-1.1963691,-1.1963691
-1.3750864,-1.3750864
-1.2307063,-1.2307063
-0.1492157,-0.1492157
-1.2252723,-1.2252723
0.64818,0.64818
-0.1161115,-0.1161115
-0.2942323,-0.2942323
-0.2627384,-0.2627384
-0.2103346,-0.2103346
-6.8390148,-6.8390148
-2.5718823,-2.5718823
-0.0636244,-0.0636244
-1.320453,-1.320453
0.430716,0.430716
0.716021,0.716021
-2.550493,-2.550493
0.4407696,0.4407696
-0.4996611,-0.4996611
-0.9336307,-0.9336307
-1.112348,-1.112348
-0.9679679,-0.9679679
0.1135227,0.1135227
-0.9625339,-0.9625339
0.9109184,0.9109184
0.1466269,0.1466269
-0.0314939,-0.0314939
0.2627384,0.2627384
0.0524038,0.0524038
-6.5762764,-6.5762764
-2.3091439,-2.3091439
-0.1160282,-0.1160282
-1.3728568,-1.3728568
0.3783122,0.3783122
0.6636172,0.6636172
-2.6028968,-2.6028968
0.3883658,0.3883658
-0.5520649,-0.5520649
-0.9860345,-0.9860345
-1.1647518,-1.1647518
-1.0203717,-1.0203717
0.0611189,0.0611189
-1.0149377,-1.0149377
0.8585146,0.8585146
0.0942231,0.0942231
-0.0838977,-0.0838977
0.2103346,0.2103346
-0.0524038,-0.0524038
-6.6286802,-6.6286802
-2.3615477,-2.3615477
6.512652,6.512652
5.2558234,5.2558234
7.0069924,7.0069924
7.2922974,7.2922974
4.0257834,4.0257834
7.017046,7.017046
6.0766153,6.0766153
5.6426457,5.6426457
5.4639284,5.4639284
5.6083085,5.6083085
6.6897991,6.6897991
5.6137425,5.6137425
7.4871948,7.4871948
6.7229033,6.7229033
6.5447825,6.5447825
6.8390148,6.8390148
6.5762764,6.5762764
6.6286802,6.6286802
4.2671325,4.2671325
2.2455195,2.2455195
0.9886909,0.9886909
2.7398599,2.7398599
3.0251649,3.0251649
-0.2413491,-0.2413491
2.7499135,2.7499135
1.8094828,1.8094828
1.3755132,1.3755132
1.1967959,1.1967959
1.341176,1.341176
2.4226666,2.4226666
1.34661,1.34661
3.2200623,3.2200623
2.4557708,2.4557708
2.27765,2.27765
2.5718823,2.5718823
2.3091439,2.3091439
2.3615477,2.3615477
-4.2671325,-4.2671325
1.2101653,1.2101653
14.6184619,-10.0
2.4391746,2.4391746
-1.3451615,-1.3451615
0.5455975,0.5455975
13.3776181,-10.0
-2.0601839,-2.0601839
14.2253541,-10.0
-1.4356509,-1.4356509
-2.5082701,-2.5082701
3.7024012,3.7024012
5.8163261,5.8163261
0.9090069,0.9090069
13.7906353,-10.0
2.6262274,2.6262274
0.8292876,0.8292876
-0.7235124,-0.7235124
0.6186383,0.6186383
-1.0505052,-1.0505052
-1.2101653,-1.2101653
13.4082966,-10.0
1.2290093,1.2290093
-2.5553268,-2.5553268
-0.6645678,-0.6645678
12.1674528,-10.0
-3.2703492,-3.2703492
13.0151888,-10.0
-2.6458162,-2.6458162
-3.7184354,-3.7184354
2.4922359,2.4922359
4.6061608,4.6061608
-0.3011584,-0.3011584
12.58047,-10.0
1.4160621,1.4160621
-0.3808777,-0.3808777
-1.9336777,-1.9336777
-0.591527,-0.591527
-2.2606705,-2.2606705
-14.6184619,-10.0
-13.4082966,-10.0
-12.1792873,-10.0
-15.9636234,-10.0
-14.0728644,-10.0
-1.2408438,-1.2408438
-16.6786458,-10.0
-0.3931078,-0.3931078
-16.0541128,-10.0
-17.126732,-10.0
-10.9160607,-10.0
-8.8021358,-8.8021358
-13.709455,-10.0
-0.8278266,-0.8278266
-11.9922345,-10.0
-13.7891743,-10.0
-15.3419743,-10.0
-13.9998236,-10.0
-15.6689671,-10.0
-2.4391746,-2.4391746
-1.2290093,-1.2290093
12.1792873,-10.0
-3.7843361,-3.7843361
-1.8935771,-1.8935771
10.9384435,-10.0
-4.4993585,-4.4993585
11.7861795,-10.0
-3.8748255,-3.8748255
-4.9474447,-4.9474447
1.2632266,1.2632266
3.3771515,3.3771515
-1.5301677,-1.5301677
11.3514607,-10.0
0.1870528,0.1870528
-1.609887,-1.609887
-3.162687,-3.162687
-1.8205363,-1.8205363
-3.4896798,-3.4896798
1.3451615,1.3451615
2.5553268,2.5553268
15.9636234,-10.0
3.7843361,3.7843361
1.890759,1.890759
14.7227796,-10.0
-0.7150224,-0.7150224
15.5705156,-10.0
-0.0904894,-0.0904894
-1.1631086,-1.1631086
5.0475627,5.0475627
7.1614876,7.1614876
2.2541684,2.2541684
15.1357968,-10.0
3.9713889,3.9713889
2.1744491,2.1744491
0.6216491,0.6216491
1.9637998,1.9637998
0.2946563,0.2946563
-0.5455975,-0.5455975
0.6645678,0.6645678
14.0728644,-10.0
1.8935771,1.8935771
-1.890759,-1.890759
12.8320206,-10.0
-2.6057814,-2.6057814
13.6797566,-10.0
-1.9812484,-1.9812484
-3.0538676,-3.0538676
3.1568037,3.1568037
5.2707286,5.2707286
0.3634094,0.3634094
13.2450378,-10.0
2.0806299,2.0806299
0.2836901,0.2836901
-1.2691099,-1.2691099
0.0730408,0.0730408
-1.5961027,-1.5961027
-13.3776181,-10.0
-12.1674528,-10.0
1.2408438,1.2408438
-10.9384435,-10.0
-14.7227796,-10.0
-12.8320206,-10.0
-15.437802,-10.0
0.847736,0.847736
-14.813269,-10.0
-15.8858882,-10.0
-9.6752169,-9.6752169
-7.561292,-7.561292
-12.4686112,-10.0
0.4130172,0.4130172
-10.7513907,-10.0
-12.5483305,-10.0
-14.1011305,-10.0
-12.7589798,-10.0
-14.4281233,-10.0
2.0601839,2.0601839
3.2703492,3.2703492
16.6786458,-10.0
4.4993585,4.4993585
0.7150224,0.7150224
2.6057814,2.6057814
15.437802,-10.0
16.285538,-10.0
0.624533,0.624533
-0.4480862,-0.4480862
5.7625851,5.7625851
7.87651,7.87651
2.9691908,2.9691908
15.8508192,-10.0
4.6864113,4.6864113
2.8894715,2.8894715
1.3366715,1.3366715
2.6788222,2.6788222
1.0096787,1.0096787
-14.2253541,-10.0
-13.0151888,-10.0
0.3931078,0.3931078
-11.7861795,-10.0
-15.5705156,-10.0
-13.6797566,-10.0
-0.847736,-0.847736
-16.285538,-10.0
-15.661005,-10.0
-16.7336242,-10.0
-10.5229529,-10.0
-8.409028,-8.409028
-13.3163472,-10.0
-0.4347188,-0.4347188
-11.5991267,-10.0
-13.3960665,-10.0
-14.9488665,-10.0
-13.6067158,-10.0
-15.2758593,-10.0
1.4356509,1.4356509
2.6458162,2.6458162
16.0541128,-10.0
3.8748255,3.8748255
0.0904894,0.0904894
1.9812484,1.9812484
14.813269,-10.0
-0.624533,-0.624533
15.661005,-10.0
-1.0726192,-1.0726192
5.1380521,5.1380521
7.251977,7.251977
2.3446578,2.3446578
15.2262862,-10.0
4.0618783,4.0618783
2.2649385,2.2649385
0.7121385,0.7121385
2.0542892,2.0542892
0.3851457,0.3851457
2.5082701,2.5082701
3.7184354,3.7184354
17.126732,-10.0
4.9474447,4.9474447
1.1631086,1.1631086
3.0538676,3.0538676
15.8858882,-10.0
0.4480862,0.4480862
16.7336242,-10.0
1.0726192,1.0726192
6.2106713,6.2106713
8.3245962,8.3245962
3.417277,3.417277
16.2989054,-10.0
5.1344975,5.1344975
3.3375577,3.3375577
1.7847577,1.7847577
3.1269084,3.1269084
1.4577649,1.4577649
-3.7024012,-3.7024012
-2.4922359,-2.4922359
10.9160607,-10.0
-1.2632266,-1.2632266
-5.0475627,-5.0475627
-3.1568037,-3.1568037
9.6752169,9.6752169
-5.7625851,-5.7625851
10.5229529,-10.0
-5.1380521,-5.1380521
-6.2106713,-6.2106713
2.1139249,2.1139249
-2.7933943,-2.7933943
10.0882341,-10.0
-1.0761738,-1.0761738
-2.8731136,-2.8731136
-4.4259136,-4.4259136
-3.0837629,-3.0837629
-4.7529064,-4.7529064
-5.8163261,-5.8163261
-4.6061608,-4.6061608
8.8021358,8.8021358
-3.3771515,-3.3771515
-7.1614876,-7.1614876
-5.2707286,-5.2707286
7.561292,7.561292
-7.87651,-7.87651
8.409028,8.409028
-7.251977,-7.251977
-8.3245962,-8.3245962
-2.1139249,-2.1139249
-4.9073192,-4.9073192
7.9743092,7.9743092
-3.1900987,-3.1900987
-4.9870385,-4.9870385
-6.5398385,-6.5398385
-5.1976878,-5.1976878
-6.8668313,-6.8668313
-0.9090069,-0.9090069
0.3011584,0.3011584
13.709455,-10.0
1.5301677,1.5301677
-2.2541684,-2.2541684
-0.3634094,-0.3634094
12.4686112,-10.0
-2.9691908,-2.9691908
13.3163472,-10.0
-2.3446578,-2.3446578
-3.417277,-3.417277
2.7933943,2.7933943
4.9073192,4.9073192
12.8816284,-10.0
1.7172205,1.7172205
-0.0797193,-0.0797193
-1.6325193,-1.6325193
-0.2903686,-0.2903686
-1.9595121,-1.9595121
-13.7906353,-10.0
-12.58047,-10.0
0.8278266,0.8278266
-11.3514607,-10.0
-15.1357968,-10.0
-13.2450378,-10.0
-0.4130172,-0.4130172
-15.8508192,-10.0
0.4347188,0.4347188
-15.2262862,-10.0
-16.2989054,-10.0
-10.0882341,-10.0
-7.9743092,-7.9743092
-12.8816284,-10.0
-11.1644079,-10.0
-12.9613477,-10.0
-14.5141477,-10.0
-13.171997,-10.0
-14.8411405,-10.0
-2.6262274,-2.6262274
-1.4160621,-1.4160621
11.9922345,-10.0
-0.1870528,-0.1870528
-3.9713889,-3.9713889
-2.0806299,-2.0806299
10.7513907,-10.0
-4.6864113,-4.6864113
11.5991267,-10.0
-4.0618783,-4.0618783
-5.1344975,-5.1344975
1.0761738,1.0761738
3.1900987,3.1900987
-1.7172205,-1.7172205
11.1644079,-10.0
-1.7969398,-1.7969398
-3.3497398,-3.3497398
-2.0075891,-2.0075891
-3.6767326,-3.6767326
-0.8292876,-0.8292876
0.3808777,0.3808777
13.7891743,-10.0
1.609887,1.609887
-2.1744491,-2.1744491
-0.2836901,-0.2836901
12.5483305,-10.0
-2.8894715,-2.8894715
13.3960665,-10.0
-2.2649385,-2.2649385
-3.3375577,-3.3375577
2.8731136,2.8731136
4.9870385,4.9870385
0.0797193,0.0797193
12.9613477,-10.0
1.7969398,1.7969398
-1.5528,-1.5528
-0.2106493,-0.2106493
-1.8797928,-1.8797928
0.7235124,0.7235124
1.9336777,1.9336777
15.3419743,-10.0
3.162687,3.162687
-0.6216491,-0.6216491
1.2691099,1.2691099
14.1011305,-10.0
-1.3366715,-1.3366715
14.9488665,-10.0
-0.7121385,-0.7121385
-1.7847577,-1.7847577
4.4259136,4.4259136
6.5398385,6.5398385
1.6325193,1.6325193
14.5141477,-10.0
3.3497398,3.3497398
1.5528,1.5528
1.3421507,1.3421507
-0.3269928,-0.3269928
-0.6186383,-0.6186383
0.591527,0.591527
13.9998236,-10.0
1.8205363,1.8205363
-1.9637998,-1.9637998
-0.0730408,-0.0730408
12.7589798,-10.0
-2.6788222,-2.6788222
13.6067158,-10.0
-2.0542892,-2.0542892
-3.1269084,-3.1269084
3.0837629,3.0837629
5.1976878,5.1976878
0.2903686,0.2903686
13.171997,-10.0
2.0075891,2.0075891
0.2106493,0.2106493
-1.3421507,-1.3421507
-1.6691435,-1.6691435
1.0505052,1.0505052
2.2606705,2.2606705
15.6689671,-10.0
3.4896798,3.4896798
-0.2946563,-0.2946563
1.5961027,1.5961027
14.4281233,-10.0
-1.0096787,-1.0096787
15.2758593,-10.0
-0.3851457,-0.3851457
-1.4577649,-1.4577649
4.7529064,4.7529064
6.8668313,6.8668313
1.9595121,1.9595121
14.8411405,-10.0
3.6767326,3.6767326
1.8797928,1.8797928
0.3269928,0.3269928
1.6691435,1.6691435
-0.6910066,-0.6910066
-0.0165434,-0.0165434
-0.3782881,-0.3782881
-0.2857425,-0.2857425
2.3147623,2.3147623
-1.0025307,-1.0025307
3.4850643,3.4850643
-0.9934438,-0.9934438
-0.9688241,-0.9688241
-1.1942833,-1.1942833
0.0522064,0.0522064
1.9013441,1.9013441
-0.455255,-0.455255
-0.5634474,-0.5634474
0.6361563,0.6361563
0.6478478,0.6478478
1.0062111,1.0062111
-5.0512498,-5.0512498
-2.4432271,-2.4432271
0.6910066,0.6910066
0.6744632,0.6744632
0.3127185,0.3127185
0.4052641,0.4052641
3.0057689,3.0057689
-0.3115241,-0.3115241
4.1760709,4.1760709
-0.3024372,-0.3024372
-0.2778175,-0.2778175
-0.5032767,-0.5032767
0.743213,0.743213
2.5923507,2.5923507
0.2357516,0.2357516
0.1275592,0.1275592
1.3271629,1.3271629
1.3388544,1.3388544
1.6972177,1.6972177
-4.3602432,-4.3602432
-1.7522205,-1.7522205
0.0165434,0.0165434
-0.6744632,-0.6744632
-0.3617447,-0.3617447
-0.2691991,-0.2691991
2.3313057,2.3313057
-0.9859873,-0.9859873
3.5016077,3.5016077
-0.9769004,-0.9769004
-0.9522807,-0.9522807
-1.1777399,-1.1777399
0.0687498,0.0687498
1.9178875,1.9178875
-0.4387116,-0.4387116
-0.546904,-0.546904
0.6526997,0.6526997
0.6643912,0.6643912
1.0227545,1.0227545
-5.0347064,-5.0347064
-2.4266837,-2.4266837
0.3782881,0.3782881
-0.3127185,-0.3127185
0.3617447,0.3617447
0.0925456,0.0925456
2.6930504,2.6930504
-0.6242426,-0.6242426
3.8633524,3.8633524
-0.6151557,-0.6151557
-0.590536,-0.590536
-0.8159952,-0.8159952
0.4304945,0.4304945
2.2796322,2.2796322
-0.0769669,-0.0769669
-0.1851593,-0.1851593
1.0144444,1.0144444
1.0261359,1.0261359
1.3844992,1.3844992
-4.6729617,-4.6729617
-2.064939,-2.064939
0.2857425,0.2857425
-0.4052641,-0.4052641
0.2691991,0.2691991
-0.0925456,-0.0925456
2.6005048,2.6005048
-0.7167882,-0.7167882
3.7708068,3.7708068
-0.7077013,-0.7077013
-0.6830816,-0.6830816
-0.9085408,-0.9085408
0.3379489,0.3379489
2.1870866,2.1870866
-0.1695125,-0.1695125
-0.2777049,-0.2777049
0.9218988,0.9218988
0.9335903,0.9335903
1.2919536,1.2919536
-4.7655073,-4.7655073
-2.1574846,-2.1574846
-2.3147623,-2.3147623
-3.0057689,-3.0057689
-2.3313057,-2.3313057
-2.6930504,-2.6930504
-2.6005048,-2.6005048
-3.317293,-3.317293
1.170302,1.170302
-3.3082061,-3.3082061
-3.2835864,-3.2835864
-3.5090456,-3.5090456
-2.2625559,-2.2625559
-0.4134182,-0.4134182
-2.7700173,-2.7700173
-2.8782097,-2.8782097
-1.678606,-1.678606
-1.6669145,-1.6669145
-1.3085512,-1.3085512
-7.3660121,-7.3660121
-4.7579894,-4.7579894
1.0025307,1.0025307
0.3115241,0.3115241
0.9859873,0.9859873
0.6242426,0.6242426
0.7167882,0.7167882
3.317293,3.317293
4.487595,4.487595
0.0090869,0.0090869
0.0337066,0.0337066
-0.1917526,-0.1917526
1.0547371,1.0547371
2.9038748,2.9038748
0.5472757,0.5472757
0.4390833,0.4390833
1.638687,1.638687
1.6503785,1.6503785
2.0087418,2.0087418
-4.0487191,-4.0487191
-1.4406964,-1.4406964
-3.4850643,-3.4850643
-4.1760709,-4.1760709
-3.5016077,-3.5016077
-3.8633524,-3.8633524
-3.7708068,-3.7708068
-1.170302,-1.170302
-4.487595,-4.487595
-4.4785081,-4.4785081
-4.4538884,-4.4538884
-4.6793476,-4.6793476
-3.4328579,-3.4328579
-1.5837202,-1.5837202
-3.9403193,-3.9403193
-4.0485117,-4.0485117
-2.848908,-2.848908
-2.8372165,-2.8372165
-2.4788532,-2.4788532
-8.5363141,-8.5363141
-5.9282914,-5.9282914
0.9934438,0.9934438
0.3024372,0.3024372
0.9769004,0.9769004
0.6151557,0.6151557
0.7077013,0.7077013
3.3082061,3.3082061
-0.0090869,-0.0090869
4.4785081,4.4785081
0.0246197,0.0246197
-0.2008395,-0.2008395
1.0456502,1.0456502
2.8947879,2.8947879
0.5381888,0.5381888
0.4299964,0.4299964
1.6296001,1.6296001
1.6412916,1.6412916
1.9996549,1.9996549
-4.057806,-4.057806
-1.4497833,-1.4497833
0.9688241,0.9688241
0.2778175,0.2778175
0.9522807,0.9522807
0.590536,0.590536
0.6830816,0.6830816
3.2835864,3.2835864
-0.0337066,-0.0337066
4.4538884,4.4538884
-0.0246197,-0.0246197
-0.2254592,-0.2254592
1.0210305,1.0210305
2.8701682,2.8701682
0.5135691,0.5135691
0.4053767,0.4053767
1.6049804,1.6049804
1.6166719,1.6166719
1.9750352,1.9750352
-4.0824257,-4.0824257
-1.474403,-1.474403
1.1942833,1.1942833
0.5032767,0.5032767
1.1777399,1.1777399
0.8159952,0.8159952
0.9085408,0.9085408
3.5090456,3.5090456
0.1917526,0.1917526
4.6793476,4.6793476
0.2008395,0.2008395
0.2254592,0.2254592
1.2464897,1.2464897
3.0956274,3.0956274
0.7390283,0.7390283
0.6308359,0.6308359
1.8304396,1.8304396
1.8421311,1.8421311
2.2004944,2.2004944
-3.8569665,-3.8569665
-1.2489438,-1.2489438
-0.0522064,-0.0522064
-0.743213,-0.743213
-0.0687498,-0.0687498
-0.4304945,-0.4304945
-0.3379489,-0.3379489
2.2625559,2.2625559
-1.0547371,-1.0547371
3.4328579,3.4328579
-1.0456502,-1.0456502
-1.0210305,-1.0210305
-1.2464897,-1.2464897
1.8491377,1.8491377
-0.5074614,-0.5074614
-0.6156538,-0.6156538
0.5839499,0.5839499
0.5956414,0.5956414
0.9540047,0.9540047
-5.1034562,-5.1034562
-2.4954335,-2.4954335
-1.9013441,-1.9013441
-2.5923507,-2.5923507
-1.9178875,-1.9178875
-2.2796322,-2.2796322
-2.1870866,-2.1870866
0.4134182,0.4134182
-2.9038748,-2.9038748
1.5837202,1.5837202
-2.8947879,-2.8947879
-2.8701682,-2.8701682
-3.0956274,-3.0956274
-1.8491377,-1.8491377
-2.3565991,-2.3565991
-2.4647915,-2.4647915
-1.2651878,-1.2651878
-1.2534963,-1.2534963
-0.895133,-0.895133
-6.9525939,-6.9525939
-4.3445712,-4.3445712
0.455255,0.455255
-0.2357516,-0.2357516
0.4387116,0.4387116
0.0769669,0.0769669
0.1695125,0.1695125
2.7700173,2.7700173
-0.5472757,-0.5472757
3.9403193,3.9403193
-0.5381888,-0.5381888
-0.5135691,-0.5135691
-0.7390283,-0.7390283
0.5074614,0.5074614
2.3565991,2.3565991
-0.1081924,-0.1081924
1.0914113,1.0914113
1.1031028,1.1031028
1.4614661,1.4614661
-4.5959948,-4.5959948
-1.9879721,-1.9879721
0.5634474,0.5634474
-0.1275592,-0.1275592
0.546904,0.546904
0.1851593,0.1851593
0.2777049,0.2777049
2.8782097,2.8782097
-0.4390833,-0.4390833
4.0485117,4.0485117
-0.4299964,-0.4299964
-0.4053767,-0.4053767
-0.6308359,-0.6308359
0.6156538,0.6156538
2.4647915,2.4647915
0.1081924,0.1081924
1.1996037,1.1996037
1.2112952,1.2112952
1.5696585,1.5696585
-4.4878024,-4.4878024
-1.8797797,-1.8797797
-0.6361563,-0.6361563
-1.3271629,-1.3271629
-0.6526997,-0.6526997
-1.0144444,-1.0144444
-0.9218988,-0.9218988
1.678606,1.678606
-1.638687,-1.638687
2.848908,2.848908
-1.6296001,-1.6296001
-1.6049804,-1.6049804
-1.8304396,-1.8304396
-0.5839499,-0.5839499
1.2651878,1.2651878
-1.0914113,-1.0914113
-1.1996037,-1.1996037
0.0116915,0.0116915
0.3700548,0.3700548
-5.6874061,-5.6874061
-3.0793834,-3.0793834
-0.6478478,-0.6478478
-1.3388544,-1.3388544
-0.6643912,-0.6643912
-1.0261359,-1.0261359
-0.9335903,-0.9335903
1.6669145,1.6669145
-1.6503785,-1.6503785
2.8372165,2.8372165
-1.6412916,-1.6412916
-1.6166719,-1.6166719
-1.8421311,-1.8421311
-0.5956414,-0.5956414
1.2534963,1.2534963
-1.1031028,-1.1031028
-1.2112952,-1.2112952
-0.0116915,-0.0116915
0.3583633,0.3583633
-5.6990976,-5.6990976
-3.0910749,-3.0910749
-1.0062111,-1.0062111
-1.6972177,-1.6972177
-1.0227545,-1.0227545
-1.3844992,-1.3844992
-1.2919536,-1.2919536
1.3085512,1.3085512
-2.0087418,-2.0087418
2.4788532,2.4788532
-1.9996549,-1.9996549
-1.9750352,-1.9750352
-2.2004944,-2.2004944
-0.9540047,-0.9540047
0.895133,0.895133
-1.4614661,-1.4614661
-1.5696585,-1.5696585
-0.3700548,-0.3700548
-0.3583633,-0.3583633
-6.0574609,-6.0574609
-3.4494382,-3.4494382
5.0512498,5.0512498
4.3602432,4.3602432
5.0347064,5.0347064
4.6729617,4.6729617
4.7655073,4.7655073
7.3660121,7.3660121
4.0487191,4.0487191
8.5363141,8.5363141
4.057806,4.057806
4.0824257,4.0824257
3.8569665,3.8569665
5.1034562,5.1034562
6.9525939,6.9525939
4.5959948,4.5959948
4.4878024,4.4878024
5.6874061,5.6874061
5.6990976,5.6990976
6.0574609,6.0574609
2.6080227,2.6080227
2.4432271,2.4432271
1.7522205,1.7522205
2.4266837,2.4266837
2.064939,2.064939
2.1574846,2.1574846
4.7579894,4.7579894
1.4406964,1.4406964
5.9282914,5.9282914
1.4497833,1.4497833
1.474403,1.474403
1.2489438,1.2489438
2.4954335,2.4954335
4.3445712,4.3445712
1.9879721,1.9879721
1.8797797,1.8797797
3.0793834,3.0793834
3.0910749,3.0910749
3.4494382,3.4494382
-2.6080227,-2.6080227
-2.5040784,-2.5040784
2.4749708,2.4749708
14.0660236,-10.0
-3.1305546,-3.1305546
1.4841381,1.4841381
3.2514751,3.2514751
-3.9259426,-3.9259426
13.9384054,-10.0
-3.7065313,-3.7065313
-2.1433757,-2.1433757
1.1123341,1.1123341
3.9024299,3.9024299
12.8966213,-10.0
5.2626916,5.2626916
1.8559198,1.8559198
0.3975773,0.3975773
-2.5049981,-2.5049981
-4.5560856,-4.5560856
-1.9125493,-1.9125493
2.5040784,2.5040784
4.9790492,4.9790492
16.570102,-10.0
-0.6264762,-0.6264762
3.9882165,3.9882165
5.7555535,5.7555535
-1.4218642,-1.4218642
16.4424838,-10.0
-1.2024529,-1.2024529
0.3607027,0.3607027
3.6164125,3.6164125
6.4065083,6.4065083
15.4006997,-10.0
7.76677,7.76677
4.3599982,4.3599982
2.9016557,2.9016557
-0.0009197,-0.0009197
-2.0520072,-2.0520072
0.5915291,0.5915291
-2.4749708,-2.4749708
-4.9790492,-4.9790492
11.5910528,-10.0
-5.6055254,-5.6055254
-0.9908327,-0.9908327
0.7765043,0.7765043
-6.4009134,-6.4009134
11.4634346,-10.0
-6.1815021,-6.1815021
-4.6183465,-4.6183465
-1.3626367,-1.3626367
1.4274591,1.4274591
10.4216505,-10.0
2.7877208,2.7877208
-0.619051,-0.619051
-2.0773935,-2.0773935
-4.9799689,-4.9799689
-7.0310564,-7.0310564
-4.3875201,-4.3875201
-14.0660236,-10.0
-16.570102,-10.0
-11.5910528,-10.0
-17.1965782,-10.0
-12.5818855,-10.0
-10.8145485,-10.0
-17.9919662,-10.0
-0.1276182,-0.1276182
-17.7725549,-10.0
-16.2093993,-10.0
-12.9536895,-10.0
-10.1635937,-10.0
-1.1694023,-1.1694023
-8.803332,-8.803332
-12.2101038,-10.0
-13.6684463,-10.0
-16.5710217,-10.0
-18.6221092,-10.0
-15.9785729,-10.0
3.1305546,3.1305546
0.6264762,0.6264762
5.6055254,5.6055254
17.1965782,-10.0
4.6146927,4.6146927
6.3820297,6.3820297
-0.795388,-0.795388
17.06896,-10.0
-0.5759767,-0.5759767
0.9871789,0.9871789
4.2428887,4.2428887
7.0329845,7.0329845
16.0271759,-10.0
8.3932462,8.3932462
4.9864744,4.9864744
3.5281319,3.5281319
0.6255565,0.6255565
-1.425531,-1.425531
1.2180053,1.2180053
-1.4841381,-1.4841381
-3.9882165,-3.9882165
0.9908327,0.9908327
12.5818855,-10.0
-4.6146927,-4.6146927
1.767337,1.767337
-5.4100807,-5.4100807
12.4542673,-10.0
-5.1906694,-5.1906694
-3.6275138,-3.6275138
-0.371804,-0.371804
2.4182918,2.4182918
11.4124832,-10.0
3.7785535,3.7785535
0.3717817,0.3717817
-1.0865608,-1.0865608
-3.9891362,-3.9891362
-6.0402237,-6.0402237
-3.3966874,-3.3966874
-3.2514751,-3.2514751
-5.7555535,-5.7555535
-0.7765043,-0.7765043
10.8145485,-10.0
-6.3820297,-6.3820297
-1.767337,-1.767337
-7.1774177,-7.1774177
10.6869303,-10.0
-6.9580064,-6.9580064
-5.3948508,-5.3948508
-2.139141,-2.139141
0.6509548,0.6509548
9.6451462,9.6451462
2.0112165,2.0112165
-1.3955553,-1.3955553
-2.8538978,-2.8538978
-5.7564732,-5.7564732
-7.8075607,-7.8075607
-5.1640244,-5.1640244
3.9259426,3.9259426
1.4218642,1.4218642
6.4009134,6.4009134
17.9919662,-10.0
0.795388,0.795388
5.4100807,5.4100807
7.1774177,7.1774177
17.864348,-10.0
0.2194113,0.2194113
1.7825669,1.7825669
5.0382767,5.0382767
7.8283725,7.8283725
16.8225639,-10.0
9.1886342,9.1886342
5.7818624,5.7818624
4.3235199,4.3235199
1.4209445,1.4209445
-0.630143,-0.630143
2.0133933,2.0133933
-13.9384054,-10.0
-16.4424838,-10.0
-11.4634346,-10.0
0.1276182,0.1276182
-17.06896,-10.0
-12.4542673,-10.0
-10.6869303,-10.0
-17.864348,-10.0
-17.6449367,-10.0
-16.0817811,-10.0
-12.8260713,-10.0
-10.0359755,-10.0
-1.0417841,-1.0417841
-8.6757138,-8.6757138
-12.0824856,-10.0
-13.5408281,-10.0
-16.4434035,-10.0
-18.494491,-10.0
-15.8509547,-10.0
3.7065313,3.7065313
1.2024529,1.2024529
6.1815021,6.1815021
17.7725549,-10.0
0.5759767,0.5759767
5.1906694,5.1906694
6.9580064,6.9580064
-0.2194113,-0.2194113
17.6449367,-10.0
1.5631556,1.5631556
4.8188654,4.8188654
7.6089612,7.6089612
16.6031526,-10.0
8.9692229,8.9692229
5.5624511,5.5624511
4.1041086,4.1041086
1.2015332,1.2015332
-0.8495543,-0.8495543
1.793982,1.793982
2.1433757,2.1433757
-0.3607027,-0.3607027
4.6183465,4.6183465
16.2093993,-10.0
-0.9871789,-0.9871789
3.6275138,3.6275138
5.3948508,5.3948508
-1.7825669,-1.7825669
16.0817811,-10.0
-1.5631556,-1.5631556
3.2557098,3.2557098
6.0458056,6.0458056
15.039997,-10.0
7.4060673,7.4060673
3.9992955,3.9992955
2.540953,2.540953
-0.3616224,-0.3616224
-2.4127099,-2.4127099
0.2308264,0.2308264
-1.1123341,-1.1123341
-3.6164125,-3.6164125
1.3626367,1.3626367
12.9536895,-10.0
-4.2428887,-4.2428887
0.371804,0.371804
2.139141,2.139141
-5.0382767,-5.0382767
12.8260713,-10.0
-4.8188654,-4.8188654
-3.2557098,-3.2557098
2.7900958,2.7900958
11.7842872,-10.0
4.1503575,4.1503575
0.7435857,0.7435857
-0.7147568,-0.7147568
-3.6173322,-3.6173322
-5.6684197,-5.6684197
-3.0248834,-3.0248834
-3.9024299,-3.9024299
-6.4065083,-6.4065083
-1.4274591,-1.4274591
10.1635937,-10.0
-7.0329845,-7.0329845
-2.4182918,-2.4182918
-0.6509548,-0.6509548
-7.8283725,-7.8283725
10.0359755,-10.0
-7.6089612,-7.6089612
-6.0458056,-6.0458056
-2.7900958,-2.7900958
8.9941914,8.9941914
1.3602617,1.3602617
-2.0465101,-2.0465101
-3.5048526,-3.5048526
-6.407428,-6.407428
-8.4585155,-8.4585155
-5.8149792,-5.8149792
-12.8966213,-10.0
-15.4006997,-10.0
-10.4216505,-10.0
1.1694023,1.1694023
-16.0271759,-10.0
-11.4124832,-10.0
-9.6451462,-9.6451462
-16.8225639,-10.0
1.0417841,1.0417841
-16.6031526,-10.0
-15.039997,-10.0
-11.7842872,-10.0
-8.9941914,-8.9941914
-7.6339297,-7.6339297
-11.0407015,-10.0
-12.499044,-10.0
-15.4016194,-10.0
-17.4527069,-10.0
-14.8091706,-10.0
-5.2626916,-5.2626916
-7.76677,-7.76677
-2.7877208,-2.7877208
8.803332,8.803332
-8.3932462,-8.3932462
-3.7785535,-3.7785535
-2.0112165,-2.0112165
-9.1886342,-9.1886342
8.6757138,8.6757138
-8.9692229,-8.9692229
-7.4060673,-7.4060673
-4.1503575,-4.1503575
-1.3602617,-1.3602617
7.6339297,7.6339297
-3.4067718,-3.4067718
-4.8651143,-4.8651143
-7.7676897,-7.7676897
-9.8187772,-9.8187772
-7.1752409,-7.1752409
-1.8559198,-1.8559198
-4.3599982,-4.3599982
0.619051,0.619051
12.2101038,-10.0
-4.9864744,-4.9864744
-0.3717817,-0.3717817
1.3955553,1.3955553
-5.7818624,-5.7818624
12.0824856,-10.0
-5.5624511,-5.5624511
-3.9992955,-3.9992955
-0.7435857,-0.7435857
2.0465101,2.0465101
11.0407015,-10.0
3.4067718,3.4067718
-1.4583425,-1.4583425
-4.3609179,-4.3609179
-6.4120054,-6.4120054
-3.7684691,-3.7684691
-0.3975773,-0.3975773
-2.9016557,-2.9016557
2.0773935,2.0773935
13.6684463,-10.0
-3.5281319,-3.5281319
1.0865608,1.0865608
2.8538978,2.8538978
-4.3235199,-4.3235199
13.5408281,-10.0
-4.1041086,-4.1041086
-2.540953,-2.540953
0.7147568,0.7147568
3.5048526,3.5048526
12.499044,-10.0
4.8651143,4.8651143
1.4583425,1.4583425
-2.9025754,-2.9025754
-4.9536629,-4.9536629
-2.3101266,-2.3101266
2.5049981,2.5049981
0.0009197,0.0009197
4.9799689,4.9799689
16.5710217,-10.0
-0.6255565,-0.6255565
3.9891362,3.9891362
5.7564732,5.7564732
-1.4209445,-1.4209445
16.4434035,-10.0
-1.2015332,-1.2015332
0.3616224,0.3616224
3.6173322,3.6173322
6.407428,6.407428
15.4016194,-10.0
7.7676897,7.7676897
4.3609179,4.3609179
2.9025754,2.9025754
-2.0510875,-2.0510875
0.5924488,0.5924488
4.5560856,4.5560856
2.0520072,2.0520072
7.0310564,7.0310564
18.6221092,-10.0
1.425531,1.425531
6.0402237,6.0402237
7.8075607,7.8075607
0.630143,0.630143
18.494491,-10.0
0.8495543,0.8495543
2.4127099,2.4127099
5.6684197,5.6684197
8.4585155,8.4585155
17.4527069,-10.0
9.8187772,9.8187772
6.4120054,6.4120054
4.9536629,4.9536629
2.0510875,2.0510875
2.6435363,2.6435363
1.9125493,1.9125493
-0.5915291,-0.5915291
4.3875201,4.3875201
15.9785729,-10.0
-1.2180053,-1.2180053
3.3966874,3.3966874
5.1640244,5.1640244
-2.0133933,-2.0133933
15.8509547,-10.0
-1.793982,-1.793982
-0.2308264,-0.2308264
3.0248834,3.0248834
5.8149792,5.8149792
14.8091706,-10.0
7.1752409,7.1752409
3.7684691,3.7684691
2.3101266,2.3101266
-0.5924488,-0.5924488
-2.6435363,-2.6435363
-1.2430954,-1.2430954
-3.780953,-3.780953
-0.4886125,-0.4886125
-0.5739036,-0.5739036
12.600508,-10.0
0.7057475,0.7057475
-1.6462625,-1.6462625
0.1284814,0.1284814
-1.0507748,-1.0507748
-2.3103388,-2.3103388
-6.1635013,-6.1635013
13.7270595,-10.0
0.3849121,0.3849121
3.8043171,3.8043171
-2.8253679,-2.8253679
-0.7436435,-0.7436435
-0.3723866,-0.3723866
3.7745428,3.7745428
2.6951474,2.6951474
1.2430954,1.2430954
-2.5378576,-2.5378576
0.7544829,0.7544829
0.6691918,0.6691918
13.8436034,-10.0
1.9488429,1.9488429
-0.4031671,-0.4031671
1.3715768,1.3715768
0.1923206,0.1923206
-1.0672434,-1.0672434
-4.9204059,-4.9204059
14.9701549,-10.0
1.6280075,1.6280075
5.0474125,5.0474125
-1.5822725,-1.5822725
0.4994519,0.4994519
0.8707088,0.8707088
5.0176382,5.0176382
3.9382428,3.9382428
3.780953,3.780953
2.5378576,2.5378576
3.2923405,3.2923405
3.2070494,3.2070494
16.381461,-10.0
4.4867005,4.4867005
2.1346905,2.1346905
3.9094344,3.9094344
2.7301782,2.7301782
1.4706142,1.4706142
-2.3825483,-2.3825483
17.5080125,-10.0
4.1658651,4.1658651
7.5852701,7.5852701
0.9555851,0.9555851
3.0373095,3.0373095
3.4085664,3.4085664
7.5554958,7.5554958
6.4761004,6.4761004
0.4886125,0.4886125
-0.7544829,-0.7544829
-3.2923405,-3.2923405
-0.0852911,-0.0852911
13.0891205,-10.0
1.19436,1.19436
-1.15765,-1.15765
0.6170939,0.6170939
-0.5621623,-0.5621623
-1.8217263,-1.8217263
-5.6748888,-5.6748888
14.215672,-10.0
0.8735246,0.8735246
4.2929296,4.2929296
-2.3367554,-2.3367554
-0.255031,-0.255031
0.1162259,0.1162259
4.2631553,4.2631553
3.1837599,3.1837599
0.5739036,0.5739036
-0.6691918,-0.6691918
-3.2070494,-3.2070494
0.0852911,0.0852911
13.1744116,-10.0
1.2796511,1.2796511
-1.0723589,-1.0723589
0.702385,0.702385
-0.4768712,-0.4768712
-1.7364352,-1.7364352
-5.5895977,-5.5895977
14.3009631,-10.0
0.9588157,0.9588157
4.3782207,4.3782207
-2.2514643,-2.2514643
-0.1697399,-0.1697399
0.201517,0.201517
4.3484464,4.3484464
3.269051,3.269051
-12.600508,-10.0
-13.8436034,-10.0
-16.381461,-10.0
-13.0891205,-10.0
-13.1744116,-10.0
-11.8947605,-10.0
-14.2467705,-10.0
-12.4720266,-10.0
-13.6512828,-10.0
-14.9108468,-10.0
-18.7640093,-10.0
1.1265515,1.1265515
-12.2155959,-10.0
-8.7961909,-8.7961909
-15.4258759,-10.0
-13.3441515,-10.0
-12.9728946,-10.0
-8.8259652,-8.8259652
-9.9053606,-9.9053606
-0.7057475,-0.7057475
-1.9488429,-1.9488429
-4.4867005,-4.4867005
-1.19436,-1.19436
-1.2796511,-1.2796511
11.8947605,-10.0
-2.35201,-2.35201
-0.5772661,-0.5772661
-1.7565223,-1.7565223
-3.0160863,-3.0160863
-6.8692488,-6.8692488
13.021312,-10.0
-0.3208354,-0.3208354
3.0985696,3.0985696
-3.5311154,-3.5311154
-1.449391,-1.449391
-1.0781341,-1.0781341
3.0687953,3.0687953
1.9893999,1.9893999
1.6462625,1.6462625
0.4031671,0.4031671
-2.1346905,-2.1346905
1.15765,1.15765
1.0723589,1.0723589
14.2467705,-10.0
2.35201,2.35201
1.7747439,1.7747439
0.5954877,0.5954877
-0.6640763,-0.6640763
-4.5172388,-4.5172388
15.373322,-10.0
2.0311746,2.0311746
5.4505796,5.4505796
-1.1791054,-1.1791054
0.902619,0.902619
1.2738759,1.2738759
5.4208053,5.4208053
4.3414099,4.3414099
-0.1284814,-0.1284814
-1.3715768,-1.3715768
-3.9094344,-3.9094344
-0.6170939,-0.6170939
-0.702385,-0.702385
12.4720266,-10.0
0.5772661,0.5772661
-1.7747439,-1.7747439
-1.1792562,-1.1792562
-2.4388202,-2.4388202
-6.2919827,-6.2919827
13.5985781,-10.0
0.2564307,0.2564307
3.6758357,3.6758357
-2.9538493,-2.9538493
-0.8721249,-0.8721249
-0.500868,-0.500868
3.6460614,3.6460614
2.566666,2.566666
1.0507748,1.0507748
-0.1923206,-0.1923206
-2.7301782,-2.7301782
0.5621623,0.5621623
0.4768712,0.4768712
13.6512828,-10.0
1.7565223,1.7565223
-0.5954877,-0.5954877
1.1792562,1.1792562
-1.259564,-1.259564
-5.1127265,-5.1127265
14.7778343,-10.0
1.4356869,1.4356869
4.8550919,4.8550919
-1.7745931,-1.7745931
0.3071313,0.3071313
0.6783882,0.6783882
4.8253176,4.8253176
3.7459222,3.7459222
2.3103388,2.3103388
1.0672434,1.0672434
-1.4706142,-1.4706142
1.8217263,1.8217263
1.7364352,1.7364352
14.9108468,-10.0
3.0160863,3.0160863
0.6640763,0.6640763
2.4388202,2.4388202
1.259564,1.259564
-3.8531625,-3.8531625
16.0373983,-10.0
2.6952509,2.6952509
6.1146559,6.1146559
-0.5150291,-0.5150291
1.5666953,1.5666953
1.9379522,1.9379522
6.0848816,6.0848816
5.0054862,5.0054862
6.1635013,6.1635013
4.9204059,4.9204059
2.3825483,2.3825483
5.6748888,5.6748888
5.5895977,5.5895977
18.7640093,-10.0
6.8692488,6.8692488
4.5172388,4.5172388
6.2919827,6.2919827
5.1127265,5.1127265
3.8531625,3.8531625
19.8905608,-10.0
6.5484134,6.5484134
9.9678184,9.9678184
3.3381334,3.3381334
5.4198578,5.4198578
5.7911147,5.7911147
9.9380441,9.9380441
8.8586487,8.8586487
-13.7270595,-10.0
-14.9701549,-10.0
-17.5080125,-10.0
-14.215672,-10.0
-14.3009631,-10.0
-1.1265515,-1.1265515
-13.021312,-10.0
-15.373322,-10.0
-13.5985781,-10.0
-14.7778343,-10.0
-16.0373983,-10.0
-19.8905608,-10.0
-13.3421474,-10.0
-9.9227424,-9.9227424
-16.5524274,-10.0
-14.470703,-10.0
-14.0994461,-10.0
-9.9525167,-9.9525167
-11.0319121,-10.0
-0.3849121,-0.3849121
-1.6280075,-1.6280075
-4.1658651,-4.1658651
-0.8735246,-0.8735246
-0.9588157,-0.9588157
12.2155959,-10.0
0.3208354,0.3208354
-2.0311746,-2.0311746
-0.2564307,-0.2564307
-1.4356869,-1.4356869
-2.6952509,-2.6952509
-6.5484134,-6.5484134
13.3421474,-10.0
3.419405,3.419405
-3.21028,-3.21028
-1.1285556,-1.1285556
-0.7572987,-0.7572987
3.3896307,3.3896307
2.3102353,2.3102353
-3.8043171,-3.8043171
-5.0474125,-5.0474125
-7.5852701,-7.5852701
-4.2929296,-4.2929296
-4.3782207,-4.3782207
8.7961909,8.7961909
-3.0985696,-3.0985696
-5.4505796,-5.4505796
-3.6758357,-3.6758357
-4.8550919,-4.8550919
-6.1146559,-6.1146559
-9.9678184,-9.9678184
9.9227424,9.9227424
-3.419405,-3.419405
-6.629685,-6.629685
-4.5479606,-4.5479606
-4.1767037,-4.1767037
-0.0297743,-0.0297743
-1.1091697,-1.1091697
2.8253679,2.8253679
1.5822725,1.5822725
-0.9555851,-0.9555851
2.3367554,2.3367554
2.2514643,2.2514643
15.4258759,-10.0
3.5311154,3.5311154
1.1791054,1.1791054
2.9538493,2.9538493
1.7745931,1.7745931
0.5150291,0.5150291
-3.3381334,-3.3381334
16.5524274,-10.0
3.21028,3.21028
6.629685,6.629685
2.0817244,2.0817244
2.4529813,2.4529813
6.5999107,6.5999107
5.5205153,5.5205153
0.7436435,0.7436435
-0.4994519,-0.4994519
-3.0373095,-3.0373095
0.255031,0.255031
0.1697399,0.1697399
13.3441515,-10.0
1.449391,1.449391
-0.902619,-0.902619
0.8721249,0.8721249
-0.3071313,-0.3071313
-1.5666953,-1.5666953
-5.4198578,-5.4198578
14.470703,-10.0
1.1285556,1.1285556
4.5479606,4.5479606
-2.0817244,-2.0817244
0.3712569,0.3712569
4.5181863,4.5181863
3.4387909,3.4387909
0.3723866,0.3723866
-0.8707088,-0.8707088
-3.4085664,-3.4085664
-0.1162259,-0.1162259
-0.201517,-0.201517
12.9728946,-10.0
1.0781341,1.0781341
-1.2738759,-1.2738759
0.500868,0.500868
-0.6783882,-0.6783882
-1.9379522,-1.9379522
-5.7911147,-5.7911147
14.0994461,-10.0
0.7572987,0.7572987
4.1767037,4.1767037
-2.4529813,-2.4529813
-0.3712569,-0.3712569
4.1469294,4.1469294
3.067534,3.067534
-3.7745428,-3.7745428
-5.0176382,-5.0176382
-7.5554958,-7.5554958
-4.2631553,-4.2631553
-4.3484464,-4.3484464
8.8259652,8.8259652
-3.0687953,-3.0687953
-5.4208053,-5.4208053
-3.6460614,-3.6460614
-4.8253176,-4.8253176
-6.0848816,-6.0848816
-9.9380441,-9.9380441
9.9525167,9.9525167
-3.3896307,-3.3896307
0.0297743,0.0297743
-6.5999107,-6.5999107
-4.5181863,-4.5181863
-4.1469294,-4.1469294
-1.0793954,-1.0793954
-2.6951474,-2.6951474
-3.9382428,-3.9382428
-6.4761004,-6.4761004
-3.1837599,-3.1837599
-3.269051,-3.269051
9.9053606,9.9053606
-1.9893999,-1.9893999
-4.3414099,-4.3414099
-2.566666,-2.566666
-3.7459222,-3.7459222
-5.0054862,-5.0054862
-8.8586487,-8.8586487
11.0319121,-10.0
-2.3102353,-2.3102353
1.1091697,1.1091697
-5.5205153,-5.5205153
-3.4387909,-3.4387909
-3.067534,-3.067534
1.0793954,1.0793954
-11.6616786,-10.0
-10.8609049,-10.0
-10.9052423,-10.0
-14.9516969,-10.0
-0.0792829,-0.0792829
-0.5614311,-0.5614311
-14.5871343,-10.0
-15.0836351,-10.0
-13.6247291,-10.0
-15.0066756,-10.0
-13.3270602,-10.0
-17.6674885,-10.0
0.5466682,0.5466682
-8.205608,-8.205608
-12.0671266,-10.0
-13.5511005,-10.0
0.3338902,0.3338902
-14.9405526,-10.0
-16.7715397,-10.0
11.6616786,-10.0
0.8007737,0.8007737
0.7564363,0.7564363
-3.2900183,-3.2900183
11.5823957,-10.0
11.1002475,-10.0
-2.9254557,-2.9254557
-3.4219565,-3.4219565
-1.9630505,-1.9630505
-3.344997,-3.344997
-1.6653816,-1.6653816
-6.0058099,-6.0058099
12.2083468,-10.0
3.4560706,3.4560706
-0.405448,-0.405448
-1.8894219,-1.8894219
11.9955688,-10.0
-3.278874,-3.278874
-5.1098611,-5.1098611
10.8609049,-10.0
-0.8007737,-0.8007737
-0.0443374,-0.0443374
-4.090792,-4.090792
10.781622,-10.0
10.2994738,-10.0
-3.7262294,-3.7262294
-4.2227302,-4.2227302
-2.7638242,-2.7638242
-4.1457707,-4.1457707
-2.4661553,-2.4661553
-6.8065836,-6.8065836
11.4075731,-10.0
2.6552969,2.6552969
-1.2062217,-1.2062217
-2.6901956,-2.6901956
11.1947951,-10.0
-4.0796477,-4.0796477
-5.9106348,-5.9106348
10.9052423,-10.0
-0.7564363,-0.7564363
0.0443374,0.0443374
-4.0464546,-4.0464546
10.8259594,-10.0
10.3438112,-10.0
-3.681892,-3.681892
-4.1783928,-4.1783928
-2.7194868,-2.7194868
-4.1014333,-4.1014333
-2.4218179,-2.4218179
-6.7622462,-6.7622462
11.4519105,-10.0
2.6996343,2.6996343
-1.1618843,-1.1618843
-2.6458582,-2.6458582
11.2391325,-10.0
-4.0353103,-4.0353103
-5.8662974,-5.8662974
14.9516969,-10.0
3.2900183,3.2900183
4.090792,4.090792
4.0464546,4.0464546
14.872414,-10.0
14.3902658,-10.0
0.3645626,0.3645626
-0.1319382,-0.1319382
1.3269678,1.3269678
-0.0549787,-0.0549787
1.6246367,1.6246367
-2.7157916,-2.7157916
15.4983651,-10.0
6.7460889,6.7460889
2.8845703,2.8845703
1.4005964,1.4005964
15.2855871,-10.0
0.0111443,0.0111443
-1.8198428,-1.8198428
0.0792829,0.0792829
-11.5823957,-10.0
-10.781622,-10.0
-10.8259594,-10.0
-14.872414,-10.0
-0.4821482,-0.4821482
-14.5078514,-10.0
-15.0043522,-10.0
-13.5454462,-10.0
-14.9273927,-10.0
-13.2477773,-10.0
-17.5882056,-10.0
0.6259511,0.6259511
-8.1263251,-8.1263251
-11.9878437,-10.0
-13.4718176,-10.0
0.4131731,0.4131731
-14.8612697,-10.0
-16.6922568,-10.0
0.5614311,0.5614311
-11.1002475,-10.0
-10.2994738,-10.0
-10.3438112,-10.0
-14.3902658,-10.0
0.4821482,0.4821482
-14.0257032,-10.0
-14.522204,-10.0
-13.063298,-10.0
-14.4452445,-10.0
-12.7656291,-10.0
-17.1060574,-10.0
1.1080993,1.1080993
-7.6441769,-7.6441769
-11.5056955,-10.0
-12.9896694,-10.0
0.8953213,0.8953213
-14.3791215,-10.0
-16.2101086,-10.0
14.5871343,-10.0
2.9254557,2.9254557
3.7262294,3.7262294
3.681892,3.681892
-0.3645626,-0.3645626
14.5078514,-10.0
14.0257032,-10.0
-0.4965008,-0.4965008
0.9624052,0.9624052
-0.4195413,-0.4195413
1.2600741,1.2600741
-3.0803542,-3.0803542
15.1338025,-10.0
6.3815263,6.3815263
2.5200077,2.5200077
1.0360338,1.0360338
14.9210245,-10.0
-0.3534183,-0.3534183
-2.1844054,-2.1844054
15.0836351,-10.0
3.4219565,3.4219565
4.2227302,4.2227302
4.1783928,4.1783928
0.1319382,0.1319382
15.0043522,-10.0
14.522204,-10.0
0.4965008,0.4965008
1.458906,1.458906
0.0769595,0.0769595
1.7565749,1.7565749
-2.5838534,-2.5838534
15.6303033,-10.0
6.8780271,6.8780271
3.0165085,3.0165085
1.5325346,1.5325346
15.4175253,-10.0
0.1430825,0.1430825
-1.6879046,-1.6879046
13.6247291,-10.0
1.9630505,1.9630505
2.7638242,2.7638242
2.7194868,2.7194868
-1.3269678,-1.3269678
13.5454462,-10.0
13.063298,-10.0
-0.9624052,-0.9624052
-1.458906,-1.458906
-1.3819465,-1.3819465
0.2976689,0.2976689
-4.0427594,-4.0427594
14.1713973,-10.0
5.4191211,5.4191211
1.5576025,1.5576025
0.0736286,0.0736286
13.9586193,-10.0
-1.3158235,-1.3158235
-3.1468106,-3.1468106
15.0066756,-10.0
3.344997,3.344997
4.1457707,4.1457707
4.1014333,4.1014333
0.0549787,0.0549787
14.9273927,-10.0
14.4452445,-10.0
0.4195413,0.4195413
-0.0769595,-0.0769595
1.3819465,1.3819465
1.6796154,1.6796154
-2.6608129,-2.6608129
15.5533438,-10.0
6.8010676,6.8010676
2.939549,2.939549
1.4555751,1.4555751
15.3405658,-10.0
0.066123,0.066123
-1.7648641,-1.7648641
13.3270602,-10.0
1.6653816,1.6653816
2.4661553,2.4661553
2.4218179,2.4218179
-1.6246367,-1.6246367
13.2477773,-10.0
12.7656291,-10.0
-1.2600741,-1.2600741
-1.7565749,-1.7565749
-0.2976689,-0.2976689
-1.6796154,-1.6796154
-4.3404283,-4.3404283
13.8737284,-10.0
5.1214522,5.1214522
1.2599336,1.2599336
-0.2240403,-0.2240403
13.6609504,-10.0
-1.6134924,-1.6134924
-3.4444795,-3.4444795
17.6674885,-10.0
6.0058099,6.0058099
6.8065836,6.8065836
6.7622462,6.7622462
2.7157916,2.7157916
17.5882056,-10.0
17.1060574,-10.0
3.0803542,3.0803542
2.5838534,2.5838534
4.0427594,4.0427594
2.6608129,2.6608129
4.3404283,4.3404283
18.2141567,-10.0
9.4618805,9.4618805
5.6003619,5.6003619
4.116388,4.116388
18.0013787,-10.0
2.7269359,2.7269359
0.8959488,0.8959488
-0.5466682,-0.5466682
-12.2083468,-10.0
-11.4075731,-10.0
-11.4519105,-10.0
-15.4983651,-10.0
-0.6259511,-0.6259511
-1.1080993,-1.1080993
-15.1338025,-10.0
-15.6303033,-10.0
-14.1713973,-10.0
-15.5533438,-10.0
-13.8737284,-10.0
-18.2141567,-10.0
-8.7522762,-8.7522762
-12.6137948,-10.0
-14.0977687,-10.0
-0.212778,-0.212778
-15.4872208,-10.0
-17.3182079,-10.0
8.205608,8.205608
-3.4560706,-3.4560706
-2.6552969,-2.6552969
-2.6996343,-2.6996343
-6.7460889,-6.7460889
8.1263251,8.1263251
7.6441769,7.6441769
-6.3815263,-6.3815263
-6.8780271,-6.8780271
-5.4191211,-5.4191211
-6.8010676,-6.8010676
-5.1214522,-5.1214522
-9.4618805,-9.4618805
8.7522762,8.7522762
-3.8615186,-3.8615186
-5.3454925,-5.3454925
8.5394982,8.5394982
-6.7349446,-6.7349446
-8.5659317,-8.5659317
12.0671266,-10.0
0.405448,0.405448
1.2062217,1.2062217
1.1618843,1.1618843
-2.8845703,-2.8845703
11.9878437,-10.0
11.5056955,-10.0
-2.5200077,-2.5200077
-3.0165085,-3.0165085
-1.5576025,-1.5576025
-2.939549,-2.939549
-1.2599336,-1.2599336
-5.6003619,-5.6003619
12.6137948,-10.0
3.8615186,3.8615186
-1.4839739,-1.4839739
12.4010168,-10.0
-2.873426,-2.873426
-4.7044131,-4.7044131
13.5511005,-10.0
1.8894219,1.8894219
2.6901956,2.6901956
2.6458582,2.6458582
-1.4005964,-1.4005964
13.4718176,-10.0
12.9896694,-10.0
-1.0360338,-1.0360338
-1.5325346,-1.5325346
-0.0736286,-0.0736286
-1.4555751,-1.4555751
0.2240403,0.2240403
-4.116388,-4.116388
14.0977687,-10.0
5.3454925,5.3454925
1.4839739,1.4839739
13.8849907,-10.0
-1.3894521,-1.3894521
-3.2204392,-3.2204392
-0.3338902,-0.3338902
-11.9955688,-10.0
-11.1947951,-10.0
-11.2391325,-10.0
-15.2855871,-10.0
-0.4131731,-0.4131731
-0.8953213,-0.8953213
-14.9210245,-10.0
-15.4175253,-10.0
-13.9586193,-10.0
-15.3405658,-10.0
-13.6609504,-10.0
-18.0013787,-10.0
0.212778,0.212778
-8.5394982,-8.5394982
-12.4010168,-10.0
-13.8849907,-10.0
-15.2744428,-10.0
-17.1054299,-10.0
14.9405526,-10.0
3.278874,3.278874
4.0796477,4.0796477
4.0353103,4.0353103
-0.0111443,-0.0111443
14.8612697,-10.0
14.3791215,-10.0
0.3534183,0.3534183
-0.1430825,-0.1430825
1.3158235,1.3158235
-0.066123,-0.066123
1.6134924,1.6134924
-2.7269359,-2.7269359
15.4872208,-10.0
6.7349446,6.7349446
2.873426,2.873426
1.3894521,1.3894521
15.2744428,-10.0
-1.8309871,-1.8309871
16.7715397,-10.0
5.1098611,5.1098611
5.9106348,5.9106348
5.8662974,5.8662974
1.8198428,1.8198428
16.6922568,-10.0
16.2101086,-10.0
2.1844054,2.1844054
1.6879046,1.6879046
3.1468106,3.1468106
1.7648641,1.7648641
3.4444795,3.4444795
-0.8959488,-0.8959488
17.3182079,-10.0
8.5659317,8.5659317
4.7044131,4.7044131
3.2204392,3.2204392
17.1054299,-10.0
1.8309871,1.8309871
14.7225214,-10.0
3.1784184,3.1784184
12.4236365,-10.0
-1.8168977,-1.8168977
1.0264168,1.0264168
0.9956841,0.9956841
-1.2626573,-1.2626573
10.2944966,-10.0
-1.439542,-1.439542
-2.1223574,-2.1223574
0.8307921,0.8307921
1.2488743,1.2488743
0.8496203,0.8496203
4.7551427,4.7551427
1.1446382,1.1446382
0.3203657,0.3203657
-0.6568377,-0.6568377
13.4144204,-10.0
-1.1581056,-1.1581056
-14.7225214,-10.0
-11.544103,-10.0
-2.2988849,-2.2988849
-16.5394191,-10.0
-13.6961046,-10.0
-13.7268373,-10.0
-15.9851787,-10.0
-4.4280248,-4.4280248
-16.1620634,-10.0
-16.8448788,-10.0
-13.8917293,-10.0
-13.4736471,-10.0
-13.8729011,-10.0
-9.9673787,-9.9673787
-13.5778832,-10.0
-14.4021557,-10.0
-15.3793591,-10.0
-1.308101,-1.308101
-15.880627,-10.0
-3.1784184,-3.1784184
11.544103,-10.0
9.2452181,9.2452181
-4.9953161,-4.9953161
-2.1520016,-2.1520016
-2.1827343,-2.1827343
-4.4410757,-4.4410757
7.1160782,7.1160782
-4.6179604,-4.6179604
-5.3007758,-5.3007758
-2.3476263,-2.3476263
-1.9295441,-1.9295441
-2.3287981,-2.3287981
1.5767243,1.5767243
-2.0337802,-2.0337802
-2.8580527,-2.8580527
-3.8352561,-3.8352561
10.236002,-10.0
-4.336524,-4.336524
-12.4236365,-10.0
2.2988849,2.2988849
-9.2452181,-9.2452181
-14.2405342,-10.0
-11.3972197,-10.0
-11.4279524,-10.0
-13.6862938,-10.0
-2.1291399,-2.1291399
-13.8631785,-10.0
-14.5459939,-10.0
-11.5928444,-10.0
-11.1747622,-10.0
-11.5740162,-10.0
-7.6684938,-7.6684938
-11.2789983,-10.0
-12.1032708,-10.0
-13.0804742,-10.0
0.9907839,0.9907839
-13.5817421,-10.0
1.8168977,1.8168977
16.5394191,-10.0
4.9953161,4.9953161
14.2405342,-10.0
2.8433145,2.8433145
2.8125818,2.8125818
0.5542404,0.5542404
12.1113943,-10.0
0.3773557,0.3773557
-0.3054597,-0.3054597
2.6476898,2.6476898
3.065772,3.065772
2.666518,2.666518
6.5720404,6.5720404
2.9615359,2.9615359
2.1372634,2.1372634
1.16006,1.16006
15.2313181,-10.0
0.6587921,0.6587921
-1.0264168,-1.0264168
13.6961046,-10.0
2.1520016,2.1520016
11.3972197,-10.0
-2.8433145,-2.8433145
-0.0307327,-0.0307327
-2.2890741,-2.2890741
9.2680798,9.2680798
-2.4659588,-2.4659588
-3.1487742,-3.1487742
-0.1956247,-0.1956247
0.2224575,0.2224575
-0.1767965,-0.1767965
3.7287259,3.7287259
0.1182214,0.1182214
-0.7060511,-0.7060511
-1.6832545,-1.6832545
12.3880036,-10.0
-2.1845224,-2.1845224
-0.9956841,-0.9956841
13.7268373,-10.0
2.1827343,2.1827343
11.4279524,-10.0
-2.8125818,-2.8125818
0.0307327,0.0307327
-2.2583414,-2.2583414
9.2988125,9.2988125
-2.4352261,-2.4352261
-3.1180415,-3.1180415
-0.164892,-0.164892
0.2531902,0.2531902
-0.1460638,-0.1460638
3.7594586,3.7594586
0.1489541,0.1489541
-0.6753184,-0.6753184
-1.6525218,-1.6525218
12.4187363,-10.0
-2.1537897,-2.1537897
1.2626573,1.2626573
15.9851787,-10.0
4.4410757,4.4410757
13.6862938,-10.0
-0.5542404,-0.5542404
2.2890741,2.2890741
2.2583414,2.2583414
11.5571539,-10.0
-0.1768847,-0.1768847
-0.8597001,-0.8597001
2.0934494,2.0934494
2.5115316,2.5115316
2.1122776,2.1122776
6.0178,6.0178
2.4072955,2.4072955
1.583023,1.583023
0.6058196,0.6058196
14.6770777,-10.0
0.1045517,0.1045517
-10.2944966,-10.0
4.4280248,4.4280248
-7.1160782,-7.1160782
2.1291399,2.1291399
-12.1113943,-10.0
-9.2680798,-9.2680798
-9.2988125,-9.2988125
-11.5571539,-10.0
-11.7340386,-10.0
-12.416854,-10.0
-9.4637045,-9.4637045
-9.0456223,-9.0456223
-9.4448763,-9.4448763
-5.5393539,-5.5393539
-9.1498584,-9.1498584
-9.9741309,-9.9741309
-10.9513343,-10.0
3.1199238,3.1199238
-11.4526022,-10.0
1.439542,1.439542
16.1620634,-10.0
4.6179604,4.6179604
13.8631785,-10.0
-0.3773557,-0.3773557
2.4659588,2.4659588
2.4352261,2.4352261
0.1768847,0.1768847
11.7340386,-10.0
-0.6828154,-0.6828154
2.2703341,2.2703341
2.6884163,2.6884163
2.2891623,2.2891623
6.1946847,6.1946847
2.5841802,2.5841802
1.7599077,1.7599077
0.7827043,0.7827043
14.8539624,-10.0
0.2814364,0.2814364
2.1223574,2.1223574
16.8448788,-10.0
5.3007758,5.3007758
14.5459939,-10.0
0.3054597,0.3054597
3.1487742,3.1487742
3.1180415,3.1180415
0.8597001,0.8597001
12.416854,-10.0
0.6828154,0.6828154
2.9531495,2.9531495
3.3712317,3.3712317
2.9719777,2.9719777
6.8775001,6.8775001
3.2669956,3.2669956
2.4427231,2.4427231
1.4655197,1.4655197
15.5367778,-10.0
0.9642518,0.9642518
-0.8307921,-0.8307921
13.8917293,-10.0
2.3476263,2.3476263
11.5928444,-10.0
-2.6476898,-2.6476898
0.1956247,0.1956247
0.164892,0.164892
-2.0934494,-2.0934494
9.4637045,9.4637045
-2.2703341,-2.2703341
-2.9531495,-2.9531495
0.4180822,0.4180822
0.0188282,0.0188282
3.9243506,3.9243506
0.3138461,0.3138461
-0.5104264,-0.5104264
-1.4876298,-1.4876298
12.5836283,-10.0
-1.9888977,-1.9888977
-1.2488743,-1.2488743
13.4736471,-10.0
1.9295441,1.9295441
11.1747622,-10.0
-3.065772,-3.065772
-0.2224575,-0.2224575
-0.2531902,-0.2531902
-2.5115316,-2.5115316
9.0456223,9.0456223
-2.6884163,-2.6884163
-3.3712317,-3.3712317
-0.4180822,-0.4180822
-0.399254,-0.399254
3.5062684,3.5062684
-0.1042361,-0.1042361
-0.9285086,-0.9285086
-1.905712,-1.905712
12.1655461,-10.0
-2.4069799,-2.4069799
-0.8496203,-0.8496203
13.8729011,-10.0
2.3287981,2.3287981
11.5740162,-10.0
-2.666518,-2.666518
0.1767965,0.1767965
0.1460638,0.1460638
-2.1122776,-2.1122776
9.4448763,9.4448763
-2.2891623,-2.2891623
-2.9719777,-2.9719777
-0.0188282,-0.0188282
0.399254,0.399254
3.9055224,3.9055224
0.2950179,0.2950179
-0.5292546,-0.5292546
-1.506458,-1.506458
12.5648001,-10.0
-2.0077259,-2.0077259
-4.7551427,-4.7551427
9.9673787,9.9673787
-1.5767243,-1.5767243
7.6684938,7.6684938
-6.5720404,-6.5720404
-3.7287259,-3.7287259
-3.7594586,-3.7594586
-6.0178,-6.0178
5.5393539,5.5393539
-6.1946847,-6.1946847
-6.8775001,-6.8775001
-3.9243506,-3.9243506
-3.5062684,-3.5062684
-3.9055224,-3.9055224
-3.6105045,-3.6105045
-4.434777,-4.434777
-5.4119804,-5.4119804
8.6592777,8.6592777
-5.9132483,-5.9132483
-1.1446382,-1.1446382
13.5778832,-10.0
2.0337802,2.0337802
11.2789983,-10.0
-2.9615359,-2.9615359
-0.1182214,-0.1182214
-0.1489541,-0.1489541
-2.4072955,-2.4072955
9.1498584,9.1498584
-2.5841802,-2.5841802
-3.2669956,-3.2669956
-0.3138461,-0.3138461
0.1042361,0.1042361
-0.2950179,-0.2950179
3.6105045,3.6105045
-0.8242725,-0.8242725
-1.8014759,-1.8014759
12.2697822,-10.0
-2.3027438,-2.3027438
-0.3203657,-0.3203657
14.4021557,-10.0
2.8580527,2.8580527
12.1032708,-10.0
-2.1372634,-2.1372634
0.7060511,0.7060511
0.6753184,0.6753184
-1.583023,-1.583023
9.9741309,9.9741309
-1.7599077,-1.7599077
-2.4427231,-2.4427231
0.5104264,0.5104264
0.9285086,0.9285086
0.5292546,0.5292546
4.434777,4.434777
0.8242725,0.8242725
-0.9772034,-0.9772034
13.0940547,-10.0
-1.4784713,-1.4784713
0.6568377,0.6568377
15.3793591,-10.0
3.8352561,3.8352561
13.0804742,-10.0
-1.16006,-1.16006
1.6832545,1.6832545
1.6525218,1.6525218
-0.6058196,-0.6058196
10.9513343,-10.0
-0.7827043,-0.7827043
-1.4655197,-1.4655197
1.4876298,1.4876298
1.905712,1.905712
1.506458,1.506458
5.4119804,5.4119804
1.8014759,1.8014759
0.9772034,0.9772034
14.0712581,-10.0
-0.5012679,-0.5012679
-13.4144204,-10.0
1.308101,1.308101
-10.236002,-10.0
-0.9907839,-0.9907839
-15.2313181,-10.0
-12.3880036,-10.0
-12.4187363,-10.0
-14.6770777,-10.0
-3.1199238,-3.1199238
-14.8539624,-10.0
-15.5367778,-10.0
-12.5836283,-10.0
-12.1655461,-10.0
-12.5648001,-10.0
-8.6592777,-8.6592777
-12.2697822,-10.0
-13.0940547,-10.0
-14.0712581,-10.0
-14.572526,-10.0
1.1581056,1.1581056
15.880627,-10.0
4.336524,4.336524
13.5817421,-10.0
-0.6587921,-0.6587921
2.1845224,2.1845224
2.1537897,2.1537897
-0.1045517,-0.1045517
11.4526022,-10.0
-0.2814364,-0.2814364
-0.9642518,-0.9642518
1.9888977,1.9888977
2.4069799,2.4069799
2.0077259,2.0077259
5.9132483,5.9132483
2.3027438,2.3027438
1.4784713,1.4784713
0.5012679,0.5012679
14.572526,-10.0
7.4728058,7.4728058
2.4377568,2.4377568
14.9108054,-10.0
-0.5006707,-0.5006707
1.5664585,1.5664585
-0.1310015,-0.1310015
1.7249139,1.7249139
-1.2483207,-1.2483207
2.0055127,2.0055127
-0.5750517,-0.5750517
0.537182,0.537182
3.2758672,3.2758672
1.0925373,1.0925373
-0.4046733,-0.4046733
0.0170797,0.0170797
-1.1455017,-1.1455017
0.3887709,0.3887709
0.9406076,0.9406076
-1.4034653,-1.4034653
-7.4728058,-7.4728058
-5.035049,-5.035049
7.4379996,7.4379996
-7.9734765,-7.9734765
-5.9063473,-5.9063473
-7.6038073,-7.6038073
-5.7478919,-5.7478919
-8.7211265,-8.7211265
-5.4672931,-5.4672931
-8.0478575,-8.0478575
-6.9356238,-6.9356238
-4.1969386,-4.1969386
-6.3802685,-6.3802685
-7.8774791,-7.8774791
-7.4557261,-7.4557261
-8.6183075,-8.6183075
-7.0840349,-7.0840349
-6.5321982,-6.5321982
-8.8762711,-8.8762711
-2.4377568,-2.4377568
5.035049,5.035049
12.4730486,-10.0
-2.9384275,-2.9384275
-0.8712983,-0.8712983
-2.5687583,-2.5687583
-0.7128429,-0.7128429
-3.6860775,-3.6860775
-0.4322441,-0.4322441
-3.0128085,-3.0128085
-1.9005748,-1.9005748
0.8381104,0.8381104
-1.3452195,-1.3452195
-2.8424301,-2.8424301
-2.4206771,-2.4206771
-3.5832585,-3.5832585
-2.0489859,-2.0489859
-1.4971492,-1.4971492
-3.8412221,-3.8412221
-14.9108054,-10.0
-7.4379996,-7.4379996
-12.4730486,-10.0
-15.4114761,-10.0
-13.3443469,-10.0
-15.0418069,-10.0
-13.1858915,-10.0
-16.1591261,-10.0
-12.9052927,-10.0
-15.4858571,-10.0
-14.3736234,-10.0
-11.6349382,-10.0
-13.8182681,-10.0
-15.3154787,-10.0
-14.8937257,-10.0
-16.0563071,-10.0
-14.5220345,-10.0
-13.9701978,-10.0
-16.3142707,-10.0
0.5006707,0.5006707
7.9734765,7.9734765
2.9384275,2.9384275
15.4114761,-10.0
2.0671292,2.0671292
0.3696692,0.3696692
2.2255846,2.2255846
-0.74765,-0.74765
2.5061834,2.5061834
-0.074381,-0.074381
1.0378527,1.0378527
3.7765379,3.7765379
1.593208,1.593208
0.0959974,0.0959974
0.5177504,0.5177504
-0.644831,-0.644831
0.8894416,0.8894416
1.4412783,1.4412783
-0.9027946,-0.9027946
-1.5664585,-1.5664585
5.9063473,5.9063473
0.8712983,0.8712983
13.3443469,-10.0
-2.0671292,-2.0671292
-1.69746,-1.69746
0.1584554,0.1584554
-2.8147792,-2.8147792
0.4390542,0.4390542
-2.1415102,-2.1415102
-1.0292765,-1.0292765
1.7094087,1.7094087
-0.4739212,-0.4739212
-1.9711318,-1.9711318
-1.5493788,-1.5493788
-2.7119602,-2.7119602
-1.1776876,-1.1776876
-0.6258509,-0.6258509
-2.9699238,-2.9699238
0.1310015,0.1310015
7.6038073,7.6038073
2.5687583,2.5687583
15.0418069,-10.0
-0.3696692,-0.3696692
1.69746,1.69746
1.8559154,1.8559154
-1.1173192,-1.1173192
2.1365142,2.1365142
-0.4440502,-0.4440502
0.6681835,0.6681835
3.4068687,3.4068687
1.2235388,1.2235388
-0.2736718,-0.2736718
0.1480812,0.1480812
-1.0145002,-1.0145002
0.5197724,0.5197724
1.0716091,1.0716091
-1.2724638,-1.2724638
-1.7249139,-1.7249139
5.7478919,5.7478919
0.7128429,0.7128429
13.1858915,-10.0
-2.2255846,-2.2255846
-0.1584554,-0.1584554
-1.8559154,-1.8559154
-2.9732346,-2.9732346
0.2805988,0.2805988
-2.2999656,-2.2999656
-1.1877319,-1.1877319
1.5509533,1.5509533
-0.6323766,-0.6323766
-2.1295872,-2.1295872
-1.7078342,-1.7078342
-2.8704156,-2.8704156
-1.336143,-1.336143
-0.7843063,-0.7843063
-3.1283792,-3.1283792
1.2483207,1.2483207
8.7211265,8.7211265
3.6860775,3.6860775
16.1591261,-10.0
0.74765,0.74765
2.8147792,2.8147792
1.1173192,1.1173192
2.9732346,2.9732346
3.2538334,3.2538334
0.673269,0.673269
1.7855027,1.7855027
4.5241879,4.5241879
2.340858,2.340858
0.8436474,0.8436474
1.2654004,1.2654004
0.102819,0.102819
1.6370916,1.6370916
2.1889283,2.1889283
-0.1551446,-0.1551446
-2.0055127,-2.0055127
5.4672931,5.4672931
0.4322441,0.4322441
12.9052927,-10.0
-2.5061834,-2.5061834
-0.4390542,-0.4390542
-2.1365142,-2.1365142
-0.2805988,-0.2805988
-3.2538334,-3.2538334
-2.5805644,-2.5805644
-1.4683307,-1.4683307
1.2703545,1.2703545
-0.9129754,-0.9129754
-2.410186,-2.410186
-1.988433,-1.988433
-3.1510144,-3.1510144
-1.6167418,-1.6167418
-1.0649051,-1.0649051
-3.408978,-3.408978
0.5750517,0.5750517
8.0478575,8.0478575
3.0128085,3.0128085
15.4858571,-10.0
0.074381,0.074381
2.1415102,2.1415102
0.4440502,0.4440502
2.2999656,2.2999656
-0.673269,-0.673269
2.5805644,2.5805644
1.1122337,1.1122337
3.8509189,3.8509189
1.667589,1.667589
0.1703784,0.1703784
0.5921314,0.5921314
-0.57045,-0.57045
0.9638226,0.9638226
1.5156593,1.5156593
-0.8284136,-0.8284136
-0.537182,-0.537182
6.9356238,6.9356238
1.9005748,1.9005748
14.3736234,-10.0
-1.0378527,-1.0378527
1.0292765,1.0292765
-0.6681835,-0.6681835
1.1877319,1.1877319
-1.7855027,-1.7855027
1.4683307,1.4683307
-1.1122337,-1.1122337
2.7386852,2.7386852
0.5553553,0.5553553
-0.9418553,-0.9418553
-0.5201023,-0.5201023
-1.6826837,-1.6826837
-0.1484111,-0.1484111
0.4034256,0.4034256
-1.9406473,-1.9406473
-3.2758672,-3.2758672
4.1969386,4.1969386
-0.8381104,-0.8381104
11.6349382,-10.0
-3.7765379,-3.7765379
-1.7094087,-1.7094087
-3.4068687,-3.4068687
-1.5509533,-1.5509533
-4.5241879,-4.5241879
-1.2703545,-1.2703545
-3.8509189,-3.8509189
-2.7386852,-2.7386852
-2.1833299,-2.1833299
-3.6805405,-3.6805405
-3.2587875,-3.2587875
-4.4213689,-4.4213689
-2.8870963,-2.8870963
-2.3352596,-2.3352596
-4.6793325,-4.6793325
-1.0925373,-1.0925373
6.3802685,6.3802685
1.3452195,1.3452195
13.8182681,-10.0
-1.593208,-1.593208
0.4739212,0.4739212
-1.2235388,-1.2235388
0.6323766,0.6323766
-2.340858,-2.340858
0.9129754,0.9129754
-1.667589,-1.667589
-0.5553553,-0.5553553
2.1833299,2.1833299
-1.4972106,-1.4972106
-1.0754576,-1.0754576
-2.238039,-2.238039
-0.7037664,-0.7037664
-0.1519297,-0.1519297
-2.4960026,-2.4960026
0.4046733,0.4046733
7.8774791,7.8774791
2.8424301,2.8424301
15.3154787,-10.0
-0.0959974,-0.0959974
1.9711318,1.9711318
0.2736718,0.2736718
2.1295872,2.1295872
-0.8436474,-0.8436474
2.410186,2.410186
-0.1703784,-0.1703784
0.9418553,0.9418553
3.6805405,3.6805405
1.4972106,1.4972106
0.421753,0.421753
-0.7408284,-0.7408284
0.7934442,0.7934442
1.3452809,1.3452809
-0.998792,-0.998792
-0.0170797,-0.0170797
7.4557261,7.4557261
2.4206771,2.4206771
14.8937257,-10.0
-0.5177504,-0.5177504
1.5493788,1.5493788
-0.1480812,-0.1480812
1.7078342,1.7078342
-1.2654004,-1.2654004
1.988433,1.988433
-0.5921314,-0.5921314
0.5201023,0.5201023
3.2587875,3.2587875
1.0754576,1.0754576
-0.421753,-0.421753
-1.1625814,-1.1625814
0.3716912,0.3716912
0.9235279,0.9235279
-1.420545,-1.420545
1.1455017,1.1455017
8.6183075,8.6183075
3.5832585,3.5832585
16.0563071,-10.0
0.644831,0.644831
2.7119602,2.7119602
1.0145002,1.0145002
2.8704156,2.8704156
-0.102819,-0.102819
3.1510144,3.1510144
0.57045,0.57045
1.6826837,1.6826837
4.4213689,4.4213689
2.238039,2.238039
0.7408284,0.7408284
1.1625814,1.1625814
1.5342726,1.5342726
2.0861093,2.0861093
-0.2579636,-0.2579636
-0.3887709,-0.3887709
7.0840349,7.0840349
2.0489859,2.0489859
14.5220345,-10.0
-0.8894416,-0.8894416
1.1776876,1.1776876
-0.5197724,-0.5197724
1.336143,1.336143
-1.6370916,-1.6370916
1.6167418,1.6167418
-0.9638226,-0.9638226
0.1484111,0.1484111
2.8870963,2.8870963
0.7037664,0.7037664
-0.7934442,-0.7934442
-0.3716912,-0.3716912
-1.5342726,-1.5342726
0.5518367,0.5518367
-1.7922362,-1.7922362
-0.9406076,-0.9406076
6.5321982,6.5321982
1.4971492,1.4971492
13.9701978,-10.0
-1.4412783,-1.4412783
0.6258509,0.6258509
-1.0716091,-1.0716091
0.7843063,0.7843063
-2.1889283,-2.1889283
1.0649051,1.0649051
-1.5156593,-1.5156593
-0.4034256,-0.4034256
2.3352596,2.3352596
0.1519297,0.1519297
-1.3452809,-1.3452809
-0.9235279,-0.9235279
-2.0861093,-2.0861093
-0.5518367,-0.5518367
-2.3440729,-2.3440729
1.4034653,1.4034653
8.8762711,8.8762711
3.8412221,3.8412221
16.3142707,-10.0
0.9027946,0.9027946
2.9699238,2.9699238
1.2724638,1.2724638
3.1283792,3.1283792
0.1551446,0.1551446
3.408978,3.408978
0.8284136,0.8284136
1.9406473,1.9406473
4.6793325,4.6793325
2.4960026,2.4960026
0.998792,0.998792
1.420545,1.420545
0.2579636,0.2579636
1.7922362,1.7922362
2.3440729,2.3440729
-0.8235148,-0.8235148
4.5968609,4.5968609
13.7174247,-10.0
-0.684239,-0.684239
-0.0202902,-0.0202902
-1.9705389,-1.9705389
0.4231711,0.4231711
0.4430354,0.4430354
0.1886379,0.1886379
0.1006207,0.1006207
1.609493,1.609493
0.4070596,0.4070596
1.2017036,1.2017036
0.1177159,0.1177159
0.3739348,0.3739348
1.292466,1.292466
6.5281081,6.5281081
-6.4465382,-6.4465382
-3.8240829,-3.8240829
0.8235148,0.8235148
5.4203757,5.4203757
14.5409395,-10.0
0.1392758,0.1392758
0.8032246,0.8032246
-1.1470241,-1.1470241
1.2466859,1.2466859
1.2665502,1.2665502
1.0121527,1.0121527
0.9241355,0.9241355
2.4330078,2.4330078
1.2305744,1.2305744
2.0252184,2.0252184
0.9412307,0.9412307
1.1974496,1.1974496
2.1159808,2.1159808
7.3516229,7.3516229
-5.6230234,-5.6230234
-3.0005681,-3.0005681
-4.5968609,-4.5968609
-5.4203757,-5.4203757
9.1205638,9.1205638
-5.2810999,-5.2810999
-4.6171511,-4.6171511
-6.5673998,-6.5673998
-4.1736898,-4.1736898
-4.1538255,-4.1538255
-4.408223,-4.408223
-4.4962402,-4.4962402
-2.9873679,-2.9873679
-4.1898013,-4.1898013
-3.3951573,-3.3951573
-4.479145,-4.479145
-4.2229261,-4.2229261
-3.3043949,-3.3043949
1.9312472,1.9312472
-11.0433991,-10.0
-8.4209438,-8.4209438
-13.7174247,-10.0
-14.5409395,-10.0
-9.1205638,-9.1205638
-14.4016637,-10.0
-13.7377149,-10.0
-15.6879636,-10.0
-13.2942536,-10.0
-13.2743893,-10.0
-13.5287868,-10.0
-13.616804,-10.0
-12.1079317,-10.0
-13.3103651,-10.0
-12.5157211,-10.0
-13.5997088,-10.0
-13.3434899,-10.0
-12.4249587,-10.0
-7.1893166,-7.1893166
-20.1639629,-10.0
-17.5415076,-10.0
0.684239,0.684239
-0.1392758,-0.1392758
5.2810999,5.2810999
14.4016637,-10.0
0.6639488,0.6639488
-1.2862999,-1.2862999
1.1074101,1.1074101
1.1272744,1.1272744
0.8728769,0.8728769
0.7848597,0.7848597
2.293732,2.293732
1.0912986,1.0912986
1.8859426,1.8859426
0.8019549,0.8019549
1.0581738,1.0581738
1.976705,1.976705
7.2123471,7.2123471
-5.7622992,-5.7622992
-3.1398439,-3.1398439
0.0202902,0.0202902
-0.8032246,-0.8032246
4.6171511,4.6171511
13.7377149,-10.0
-0.6639488,-0.6639488
-1.9502487,-1.9502487
0.4434613,0.4434613
0.4633256,0.4633256
0.2089281,0.2089281
0.1209109,0.1209109
1.6297832,1.6297832
0.4273498,0.4273498
1.2219938,1.2219938
0.1380061,0.1380061
0.394225,0.394225
1.3127562,1.3127562
6.5483983,6.5483983
-6.426248,-6.426248
-3.8037927,-3.8037927
1.9705389,1.9705389
1.1470241,1.1470241
6.5673998,6.5673998
15.6879636,-10.0
1.2862999,1.2862999
1.9502487,1.9502487
2.39371,2.39371
2.4135743,2.4135743
2.1591768,2.1591768
2.0711596,2.0711596
3.5800319,3.5800319
2.3775985,2.3775985
3.1722425,3.1722425
2.0882548,2.0882548
2.3444737,2.3444737
3.2630049,3.2630049
8.498647,8.498647
-4.4759993,-4.4759993
-1.853544,-1.853544
-0.4231711,-0.4231711
-1.2466859,-1.2466859
4.1736898,4.1736898
13.2942536,-10.0
-1.1074101,-1.1074101
-0.4434613,-0.4434613
-2.39371,-2.39371
0.0198643,0.0198643
-0.2345332,-0.2345332
-0.3225504,-0.3225504
1.1863219,1.1863219
-0.0161115,-0.0161115
0.7785325,0.7785325
-0.3054552,-0.3054552
-0.0492363,-0.0492363
0.8692949,0.8692949
6.104937,6.104937
-6.8697093,-6.8697093
-4.247254,-4.247254
-0.4430354,-0.4430354
-1.2665502,-1.2665502
4.1538255,4.1538255
13.2743893,-10.0
-1.1272744,-1.1272744
-0.4633256,-0.4633256
-2.4135743,-2.4135743
-0.0198643,-0.0198643
-0.2543975,-0.2543975
-0.3424147,-0.3424147
1.1664576,1.1664576
-0.0359758,-0.0359758
0.7586682,0.7586682
-0.3253195,-0.3253195
-0.0691006,-0.0691006
0.8494306,0.8494306
6.0850727,6.0850727
-6.8895736,-6.8895736
-4.2671183,-4.2671183
-0.1886379,-0.1886379
-1.0121527,-1.0121527
4.408223,4.408223
13.5287868,-10.0
-0.8728769,-0.8728769
-0.2089281,-0.2089281
-2.1591768,-2.1591768
0.2345332,0.2345332
0.2543975,0.2543975
-0.0880172,-0.0880172
1.4208551,1.4208551
0.2184217,0.2184217
1.0130657,1.0130657
-0.070922,-0.070922
0.1852969,0.1852969
1.1038281,1.1038281
6.3394702,6.3394702
-6.6351761,-6.6351761
-4.0127208,-4.0127208
-0.1006207,-0.1006207
-0.9241355,-0.9241355
4.4962402,4.4962402
13.616804,-10.0
-0.7848597,-0.7848597
-0.1209109,-0.1209109
-2.0711596,-2.0711596
0.3225504,0.3225504
0.3424147,0.3424147
0.0880172,0.0880172
1.5088723,1.5088723
0.3064389,0.3064389
1.1010829,1.1010829
0.0170952,0.0170952
0.2733141,0.2733141
1.1918453,1.1918453
6.4274874,6.4274874
-6.5471589,-6.5471589
-3.9247036,-3.9247036
-1.609493,-1.609493
-2.4330078,-2.4330078
2.9873679,2.9873679
12.1079317,-10.0
-2.293732,-2.293732
-1.6297832,-1.6297832
-3.5800319,-3.5800319
-1.1863219,-1.1863219
-1.1664576,-1.1664576
-1.4208551,-1.4208551
-1.5088723,-1.5088723
-1.2024334,-1.2024334
-0.4077894,-0.4077894
-1.4917771,-1.4917771
-1.2355582,-1.2355582
-0.317027,-0.317027
4.9186151,4.9186151
-8.0560312,-8.0560312
-5.4335759,-5.4335759
-0.4070596,-0.4070596
-1.2305744,-1.2305744
4.1898013,4.1898013
13.3103651,-10.0
-1.0912986,-1.0912986
-0.4273498,-0.4273498
-2.3775985,-2.3775985
0.0161115,0.0161115
0.0359758,0.0359758
-0.2184217,-0.2184217
-0.3064389,-0.3064389
1.2024334,1.2024334
0.794644,0.794644
-0.2893437,-0.2893437
-0.0331248,-0.0331248
0.8854064,0.8854064
6.1210485,6.1210485
-6.8535978,-6.8535978
-4.2311425,-4.2311425
-1.2017036,-1.2017036
-2.0252184,-2.0252184
3.3951573,3.3951573
12.5157211,-10.0
-1.8859426,-1.8859426
-1.2219938,-1.2219938
-3.1722425,-3.1722425
-0.7785325,-0.7785325
-0.7586682,-0.7586682
-1.0130657,-1.0130657
-1.1010829,-1.1010829
0.4077894,0.4077894
-0.794644,-0.794644
-1.0839877,-1.0839877
-0.8277688,-0.8277688
0.0907624,0.0907624
5.3264045,5.3264045
-7.6482418,-7.6482418
-5.0257865,-5.0257865
-0.1177159,-0.1177159
-0.9412307,-0.9412307
4.479145,4.479145
13.5997088,-10.0
-0.8019549,-0.8019549
-0.1380061,-0.1380061
-2.0882548,-2.0882548
0.3054552,0.3054552
0.3253195,0.3253195
0.070922,0.070922
-0.0170952,-0.0170952
1.4917771,1.4917771
0.2893437,0.2893437
1.0839877,1.0839877
0.2562189,0.2562189
1.1747501,1.1747501
6.4103922,6.4103922
-6.5642541,-6.5642541
-3.9417988,-3.9417988
-0.3739348,-0.3739348
-1.1974496,-1.1974496
4.2229261,4.2229261
13.3434899,-10.0
-1.0581738,-1.0581738
-0.394225,-0.394225
-2.3444737,-2.3444737
0.0492363,0.0492363
0.0691006,0.0691006
-0.1852969,-0.1852969
-0.2733141,-0.2733141
1.2355582,1.2355582
0.0331248,0.0331248
0.8277688,0.8277688
-0.2562189,-0.2562189
0.9185312,0.9185312
6.1541733,6.1541733
-6.820473,-6.820473
-4.1980177,-4.1980177
-1.292466,-1.292466
-2.1159808,-2.1159808
3.3043949,3.3043949
12.4249587,-10.0
-1.976705,-1.976705
-1.3127562,-1.3127562
-3.2630049,-3.2630049
-0.8692949,-0.8692949
-0.8494306,-0.8494306
-1.1038281,-1.1038281
-1.1918453,-1.1918453
0.317027,0.317027
-0.8854064,-0.8854064
-0.0907624,-0.0907624
-1.1747501,-1.1747501
-0.9185312,-0.9185312
5.2356421,5.2356421
-7.7390042,-7.7390042
-5.1165489,-5.1165489
-6.5281081,-6.5281081
-7.3516229,-7.3516229
-1.9312472,-1.9312472
7.1893166,7.1893166
-7.2123471,-7.2123471
-6.5483983,-6.5483983
-8.498647,-8.498647
-6.104937,-6.104937
-6.0850727,-6.0850727
-6.3394702,-6.3394702
-6.4274874,-6.4274874
-4.9186151,-4.9186151
-6.1210485,-6.1210485
-5.3264045,-5.3264045
-6.4103922,-6.4103922
-6.1541733,-6.1541733
-5.2356421,-5.2356421
-12.9746463,-10.0
-10.352191,-10.0
6.4465382,6.4465382
5.6230234,5.6230234
11.0433991,-10.0
20.1639629,-10.0
5.7622992,5.7622992
6.426248,6.426248
4.4759993,4.4759993
6.8697093,6.8697093
6.8895736,6.8895736
6.6351761,6.6351761
6.5471589,6.5471589
8.0560312,8.0560312
6.8535978,6.8535978
7.6482418,7.6482418
6.5642541,6.5642541
6.820473,6.820473
7.7390042,7.7390042
12.9746463,-10.0
2.6224553,2.6224553
3.8240829,3.8240829
3.0005681,3.0005681
8.4209438,8.4209438
17.5415076,-10.0
3.1398439,3.1398439
3.8037927,3.8037927
1.853544,1.853544
4.247254,4.247254
4.2671183,4.2671183
4.0127208,4.0127208
3.9247036,3.9247036
5.4335759,5.4335759
4.2311425,4.2311425
5.0257865,5.0257865
3.9417988,3.9417988
4.1980177,4.1980177
5.1165489,5.1165489
10.352191,-10.0
-2.6224553,-2.6224553
2.1057887,2.1057887
14.383437,-10.0
7.081658,7.081658
0.011386,0.011386
0.1465352,0.1465352
15.4667195,-10.0
0.0815213,0.0815213
2.8597041,2.8597041
0.8809396,0.8809396
-0.3011147,-0.3011147
9.1866208,9.1866208
1.6656059,1.6656059
3.4705056,3.4705056
15.7457253,-10.0
1.4172022,1.4172022
1.0709315,1.0709315
1.4935186,1.4935186
0.4671519,0.4671519
0.1955259,0.1955259
-2.1057887,-2.1057887
12.2776483,-10.0
4.9758693,4.9758693
-2.0944027,-2.0944027
-1.9592535,-1.9592535
13.3609308,-10.0
-2.0242674,-2.0242674
0.7539154,0.7539154
-1.2248491,-1.2248491
-2.4069034,-2.4069034
7.0808321,7.0808321
-0.4401828,-0.4401828
1.3647169,1.3647169
13.6399366,-10.0
-0.6885865,-0.6885865
-1.0348572,-1.0348572
-0.6122701,-0.6122701
-1.6386368,-1.6386368
-1.9102628,-1.9102628
-14.383437,-10.0
-12.2776483,-10.0
-7.301779,-7.301779
-14.372051,-10.0
-14.2369018,-10.0
1.0832825,1.0832825
-14.3019157,-10.0
-11.5237329,-10.0
-13.5024974,-10.0
-14.6845517,-10.0
-5.1968162,-5.1968162
-12.7178311,-10.0
-10.9129314,-10.0
1.3622883,1.3622883
-12.9662348,-10.0
-13.3125055,-10.0
-12.8899184,-10.0
-13.9162851,-10.0
-14.1879111,-10.0
-7.081658,-7.081658
-4.9758693,-4.9758693
7.301779,7.301779
-7.070272,-7.070272
-6.9351228,-6.9351228
8.3850615,8.3850615
-7.0001367,-7.0001367
-4.2219539,-4.2219539
-6.2007184,-6.2007184
-7.3827727,-7.3827727
2.1049628,2.1049628
-5.4160521,-5.4160521
-3.6111524,-3.6111524
8.6640673,8.6640673
-5.6644558,-5.6644558
-6.0107265,-6.0107265
-5.5881394,-5.5881394
-6.6145061,-6.6145061
-6.8861321,-6.8861321
-0.011386,-0.011386
2.0944027,2.0944027
14.372051,-10.0
7.070272,7.070272
0.1351492,0.1351492
15.4553335,-10.0
0.0701353,0.0701353
2.8483181,2.8483181
0.8695536,0.8695536
-0.3125007,-0.3125007
9.1752348,9.1752348
1.6542199,1.6542199
3.4591196,3.4591196
15.7343393,-10.0
1.4058162,1.4058162
1.0595455,1.0595455
1.4821326,1.4821326
0.4557659,0.4557659
0.1841399,0.1841399
-0.1465352,-0.1465352
1.9592535,1.9592535
14.2369018,-10.0
6.9351228,6.9351228
-0.1351492,-0.1351492
15.3201843,-10.0
-0.0650139,-0.0650139
2.7131689,2.7131689
0.7344044,0.7344044
-0.4476499,-0.4476499
9.0400856,9.0400856
1.5190707,1.5190707
3.3239704,3.3239704
15.5991901,-10.0
1.270667,1.270667
0.9243963,0.9243963
1.3469834,1.3469834
0.3206167,0.3206167
0.0489907,0.0489907
-15.4667195,-10.0
-13.3609308,-10.0
-1.0832825,-1.0832825
-8.3850615,-8.3850615
-15.4553335,-10.0
-15.3201843,-10.0
-15.3851982,-10.0
-12.6070154,-10.0
-14.5857799,-10.0
-15.7678342,-10.0
-6.2800987,-6.2800987
-13.8011136,-10.0
-11.9962139,-10.0
0.2790058,0.2790058
-14.0495173,-10.0
-14.395788,-10.0
-13.9732009,-10.0
-14.9995676,-10.0
-15.2711936,-10.0
-0.0815213,-0.0815213
2.0242674,2.0242674
14.3019157,-10.0
7.0001367,7.0001367
-0.0701353,-0.0701353
0.0650139,0.0650139
15.3851982,-10.0
2.7781828,2.7781828
0.7994183,0.7994183
-0.382636,-0.382636
9.1050995,9.1050995
1.5840846,1.5840846
3.3889843,3.3889843
15.664204,-10.0
1.3356809,1.3356809
0.9894102,0.9894102
1.4119973,1.4119973
0.3856306,0.3856306
0.1140046,0.1140046
-2.8597041,-2.8597041
-0.7539154,-0.7539154
11.5237329,-10.0
4.2219539,4.2219539
-2.8483181,-2.8483181
-2.7131689,-2.7131689
12.6070154,-10.0
-2.7781828,-2.7781828
-1.9787645,-1.9787645
-3.1608188,-3.1608188
6.3269167,6.3269167
-1.1940982,-1.1940982
0.6108015,0.6108015
12.8860212,-10.0
-1.4425019,-1.4425019
-1.7887726,-1.7887726
-1.3661855,-1.3661855
-2.3925522,-2.3925522
-2.6641782,-2.6641782
-0.8809396,-0.8809396
1.2248491,1.2248491
13.5024974,-10.0
6.2007184,6.2007184
-0.8695536,-0.8695536
-0.7344044,-0.7344044
14.5857799,-10.0
-0.7994183,-0.7994183
1.9787645,1.9787645
-1.1820543,-1.1820543
8.3056812,8.3056812
0.7846663,0.7846663
2.589566,2.589566
14.8647857,-10.0
0.5362626,0.5362626
0.1899919,0.1899919
0.612579,0.612579
-0.4137877,-0.4137877
-0.6854137,-0.6854137
0.3011147,0.3011147
2.4069034,2.4069034
14.6845517,-10.0
7.3827727,7.3827727
0.3125007,0.3125007
0.4476499,0.4476499
15.7678342,-10.0
0.382636,0.382636
3.1608188,3.1608188
1.1820543,1.1820543
9.4877355,9.4877355
1.9667206,1.9667206
3.7716203,3.7716203
16.04684,-10.0
1.7183169,1.7183169
1.3720462,1.3720462
1.7946333,1.7946333
0.7682666,0.7682666
0.4966406,0.4966406
-9.1866208,-9.1866208
-7.0808321,-7.0808321
5.1968162,5.1968162
-2.1049628,-2.1049628
-9.1752348,-9.1752348
-9.0400856,-9.0400856
6.2800987,6.2800987
-9.1050995,-9.1050995
-6.3269167,-6.3269167
-8.3056812,-8.3056812
-9.4877355,-9.4877355
-7.5210149,-7.5210149
-5.7161152,-5.7161152
6.5591045,6.5591045
-7.7694186,-7.7694186
-8.1156893,-8.1156893
-7.6931022,-7.6931022
-8.7194689,-8.7194689
-8.9910949,-8.9910949
-1.6656059,-1.6656059
0.4401828,0.4401828
12.7178311,-10.0
5.4160521,5.4160521
-1.6542199,-1.6542199
-1.5190707,-1.5190707
13.8011136,-10.0
-1.5840846,-1.5840846
1.1940982,1.1940982
-0.7846663,-0.7846663
-1.9667206,-1.9667206
7.5210149,7.5210149
1.8048997,1.8048997
14.0801194,-10.0
-0.2484037,-0.2484037
-0.5946744,-0.5946744
-0.1720873,-0.1720873
-1.198454,-1.198454
-1.47008,-1.47008
-3.4705056,-3.4705056
-1.3647169,-1.3647169
10.9129314,-10.0
3.6111524,3.6111524
-3.4591196,-3.4591196
-3.3239704,-3.3239704
11.9962139,-10.0
-3.3889843,-3.3889843
-0.6108015,-0.6108015
-2.589566,-2.589566
-3.7716203,-3.7716203
5.7161152,5.7161152
-1.8048997,-1.8048997
12.2752197,-10.0
-2.0533034,-2.0533034
-2.3995741,-2.3995741
-1.976987,-1.976987
-3.0033537,-3.0033537
-3.2749797,-3.2749797
-15.7457253,-10.0
-13.6399366,-10.0
-1.3622883,-1.3622883
-8.6640673,-8.6640673
-15.7343393,-10.0
-15.5991901,-10.0
-0.2790058,-0.2790058
-15.664204,-10.0
-12.8860212,-10.0
-14.8647857,-10.0
-16.04684,-10.0
-6.5591045,-6.5591045
-14.0801194,-10.0
-12.2752197,-10.0
-14.3285231,-10.0
-14.6747938,-10.0
-14.2522067,-10.0
-15.2785734,-10.0
-15.5501994,-10.0
-1.4172022,-1.4172022
0.6885865,0.6885865
12.9662348,-10.0
5.6644558,5.6644558
-1.4058162,-1.4058162
-1.270667,-1.270667
14.0495173,-10.0
-1.3356809,-1.3356809
1.4425019,1.4425019
-0.5362626,-0.5362626
-1.7183169,-1.7183169
7.7694186,7.7694186
0.2484037,0.2484037
2.0533034,2.0533034
14.3285231,-10.0
-0.3462707,-0.3462707
0.0763164,0.0763164
-0.9500503,-0.9500503
-1.2216763,-1.2216763
-1.0709315,-1.0709315
1.0348572,1.0348572
13.3125055,-10.0
6.0107265,6.0107265
-1.0595455,-1.0595455
-0.9243963,-0.9243963
14.395788,-10.0
-0.9894102,-0.9894102
1.7887726,1.7887726
-0.1899919,-0.1899919
-1.3720462,-1.3720462
8.1156893,8.1156893
0.5946744,0.5946744
2.3995741,2.3995741
14.6747938,-10.0
0.3462707,0.3462707
0.4225871,0.4225871
-0.6037796,-0.6037796
-0.8754056,-0.8754056
-1.4935186,-1.4935186
0.6122701,0.6122701
12.8899184,-10.0
5.5881394,5.5881394
-1.4821326,-1.4821326
-1.3469834,-1.3469834
13.9732009,-10.0
-1.4119973,-1.4119973
1.3661855,1.3661855
-0.612579,-0.612579
-1.7946333,-1.7946333
7.6931022,7.6931022
0.1720873,0.1720873
1.976987,1.976987
14.2522067,-10.0
-0.0763164,-0.0763164
-0.4225871,-0.4225871
-1.0263667,-1.0263667
-1.2979927,-1.2979927
-0.4671519,-0.4671519
1.6386368,1.6386368
13.9162851,-10.0
6.6145061,6.6145061
-0.4557659,-0.4557659
-0.3206167,-0.3206167
14.9995676,-10.0
-0.3856306,-0.3856306
2.3925522,2.3925522
0.4137877,0.4137877
-0.7682666,-0.7682666
8.7194689,8.7194689
1.198454,1.198454
3.0033537,3.0033537
15.2785734,-10.0
0.9500503,0.9500503
0.6037796,0.6037796
1.0263667,1.0263667
-0.271626,-0.271626
-0.1955259,-0.1955259
1.9102628,1.9102628
14.1879111,-10.0
6.8861321,6.8861321
-0.1841399,-0.1841399
-0.0489907,-0.0489907
15.2711936,-10.0
-0.1140046,-0.1140046
2.6641782,2.6641782
0.6854137,0.6854137
-0.4966406,-0.4966406
8.9910949,8.9910949
1.47008,1.47008
3.2749797,3.2749797
15.5501994,-10.0
1.2216763,1.2216763
0.8754056,0.8754056
1.2979927,1.2979927
0.271626,0.271626
14.6659276,-10.0
15.1729698,-10.0
0.9561552,0.9561552
-2.1989589,-2.1989589
0.6485833,0.6485833
2.2185794,2.2185794
-2.3230278,-2.3230278
4.5503664,4.5503664
-0.5859064,-0.5859064
-1.9351466,-1.9351466
-0.7901485,-0.7901485
15.4372149,-10.0
0.0431156,0.0431156
2.7977651,2.7977651
15.1723635,-10.0
-0.7335957,-0.7335957
-1.7999155,-1.7999155
13.7378849,-10.0
-1.4173345,-1.4173345
-14.6659276,-10.0
0.5070422,0.5070422
-13.7097724,-10.0
-16.8648865,-10.0
-14.0173443,-10.0
-12.4473482,-10.0
-16.9889554,-10.0
-10.1155612,-10.0
-15.251834,-10.0
-16.6010742,-10.0
-15.4560761,-10.0
0.7712873,0.7712873
-14.622812,-10.0
-11.8681625,-10.0
0.5064359,0.5064359
-15.3995233,-10.0
-16.4658431,-10.0
-0.9280427,-0.9280427
-16.0832621,-10.0
-15.1729698,-10.0
-0.5070422,-0.5070422
-14.2168146,-10.0
-17.3719287,-10.0
-14.5243865,-10.0
-12.9543904,-10.0
-17.4959976,-10.0
-10.6226034,-10.0
-15.7588762,-10.0
-17.1081164,-10.0
-15.9631183,-10.0
0.2642451,0.2642451
-15.1298542,-10.0
-12.3752047,-10.0
-0.000606299999998,-0.000606299999998
-15.9065655,-10.0
-16.9728853,-10.0
-1.4350849,-1.4350849
-16.5903043,-10.0
-0.9561552,-0.9561552
13.7097724,-10.0
14.2168146,-10.0
-3.1551141,-3.1551141
-0.3075719,-0.3075719
1.2624242,1.2624242
-3.279183,-3.279183
3.5942112,3.5942112
-1.5420616,-1.5420616
-2.8913018,-2.8913018
-1.7463037,-1.7463037
14.4810597,-10.0
-0.9130396,-0.9130396
1.8416099,1.8416099
14.2162083,-10.0
-1.6897509,-1.6897509
-2.7560707,-2.7560707
12.7817297,-10.0
-2.3734897,-2.3734897
2.1989589,2.1989589
16.8648865,-10.0
17.3719287,-10.0
3.1551141,3.1551141
2.8475422,2.8475422
4.4175383,4.4175383
-0.1240689,-0.1240689
6.7493253,6.7493253
1.6130525,1.6130525
0.2638123,0.2638123
1.4088104,1.4088104
17.6361738,-10.0
2.2420745,2.2420745
4.996724,4.996724
17.3713224,-10.0
1.4653632,1.4653632
0.3990434,0.3990434
15.9368438,-10.0
0.7816244,0.7816244
-0.6485833,-0.6485833
14.0173443,-10.0
14.5243865,-10.0
0.3075719,0.3075719
-2.8475422,-2.8475422
1.5699961,1.5699961
-2.9716111,-2.9716111
3.9017831,3.9017831
-1.2344897,-1.2344897
-2.5837299,-2.5837299
-1.4387318,-1.4387318
14.7886316,-10.0
-0.6054677,-0.6054677
2.1491818,2.1491818
14.5237802,-10.0
-1.382179,-1.382179
-2.4484988,-2.4484988
13.0893016,-10.0
-2.0659178,-2.0659178
-2.2185794,-2.2185794
12.4473482,-10.0
12.9543904,-10.0
-1.2624242,-1.2624242
-4.4175383,-4.4175383
-1.5699961,-1.5699961
-4.5416072,-4.5416072
2.331787,2.331787
-2.8044858,-2.8044858
-4.153726,-4.153726
-3.0087279,-3.0087279
13.2186355,-10.0
-2.1754638,-2.1754638
0.5791857,0.5791857
12.9537841,-10.0
-2.9521751,-2.9521751
-4.0184949,-4.0184949
11.5193055,-10.0
-3.6359139,-3.6359139
2.3230278,2.3230278
16.9889554,-10.0
17.4959976,-10.0
3.279183,3.279183
0.1240689,0.1240689
2.9716111,2.9716111
4.5416072,4.5416072
6.8733942,6.8733942
1.7371214,1.7371214
0.3878812,0.3878812
1.5328793,1.5328793
17.7602427,-10.0
2.3661434,2.3661434
5.1207929,5.1207929
17.4953913,-10.0
1.5894321,1.5894321
0.5231123,0.5231123
16.0609127,-10.0
0.9056933,0.9056933
-4.5503664,-4.5503664
10.1155612,-10.0
10.6226034,-10.0
-3.5942112,-3.5942112
-6.7493253,-6.7493253
-3.9017831,-3.9017831
-2.331787,-2.331787
-6.8733942,-6.8733942
-5.1362728,-5.1362728
-6.485513,-6.485513
-5.3405149,-5.3405149
10.8868485,-10.0
-4.5072508,-4.5072508
-1.7526013,-1.7526013
10.6219971,-10.0
-5.2839621,-5.2839621
-6.3502819,-6.3502819
9.1875185,9.1875185
-5.9677009,-5.9677009
0.5859064,0.5859064
15.251834,-10.0
15.7588762,-10.0
1.5420616,1.5420616
-1.6130525,-1.6130525
1.2344897,1.2344897
2.8044858,2.8044858
-1.7371214,-1.7371214
5.1362728,5.1362728
-1.3492402,-1.3492402
-0.2042421,-0.2042421
16.0231213,-10.0
0.629022,0.629022
3.3836715,3.3836715
15.7582699,-10.0
-0.1476893,-0.1476893
-1.2140091,-1.2140091
14.3237913,-10.0
-0.8314281,-0.8314281
1.9351466,1.9351466
16.6010742,-10.0
17.1081164,-10.0
2.8913018,2.8913018
-0.2638123,-0.2638123
2.5837299,2.5837299
4.153726,4.153726
-0.3878812,-0.3878812
6.485513,6.485513
1.3492402,1.3492402
1.1449981,1.1449981
17.3723615,-10.0
1.9782622,1.9782622
4.7329117,4.7329117
17.1075101,-10.0
1.2015509,1.2015509
0.1352311,0.1352311
15.6730315,-10.0
0.5178121,0.5178121
0.7901485,0.7901485
15.4560761,-10.0
15.9631183,-10.0
1.7463037,1.7463037
-1.4088104,-1.4088104
1.4387318,1.4387318
3.0087279,3.0087279
-1.5328793,-1.5328793
5.3405149,5.3405149
0.2042421,0.2042421
-1.1449981,-1.1449981
16.2273634,-10.0
0.8332641,0.8332641
3.5879136,3.5879136
15.962512,-10.0
0.0565528,0.0565528
-1.009767,-1.009767
14.5280334,-10.0
-0.627186,-0.627186
-15.4372149,-10.0
-0.7712873,-0.7712873
-0.2642451,-0.2642451
-14.4810597,-10.0
-17.6361738,-10.0
-14.7886316,-10.0
-13.2186355,-10.0
-17.7602427,-10.0
-10.8868485,-10.0
-16.0231213,-10.0
-17.3723615,-10.0
-16.2273634,-10.0
-15.3940993,-10.0
-12.6394498,-10.0
-0.2648514,-0.2648514
-16.1708106,-10.0
-17.2371304,-10.0
-1.69933,-1.69933
-16.8545494,-10.0
-0.0431156,-0.0431156
14.622812,-10.0
15.1298542,-10.0
0.9130396,0.9130396
-2.2420745,-2.2420745
0.6054677,0.6054677
2.1754638,2.1754638
-2.3661434,-2.3661434
4.5072508,4.5072508
-0.629022,-0.629022
-1.9782622,-1.9782622
-0.8332641,-0.8332641
15.3940993,-10.0
2.7546495,2.7546495
15.1292479,-10.0
-0.7767113,-0.7767113
-1.8430311,-1.8430311
13.6947693,-10.0
-1.4604501,-1.4604501
-2.7977651,-2.7977651
11.8681625,-10.0
12.3752047,-10.0
-1.8416099,-1.8416099
-4.996724,-4.996724
-2.1491818,-2.1491818
-0.5791857,-0.5791857
-5.1207929,-5.1207929
1.7526013,1.7526013
-3.3836715,-3.3836715
-4.7329117,-4.7329117
-3.5879136,-3.5879136
12.6394498,-10.0
-2.7546495,-2.7546495
12.3745984,-10.0
-3.5313608,-3.5313608
-4.5976806,-4.5976806
10.9401198,-10.0
-4.2150996,-4.2150996
-15.1723635,-10.0
-0.5064359,-0.5064359
0.000606299999998,0.000606299999998
-14.2162083,-10.0
-17.3713224,-10.0
-14.5237802,-10.0
-12.9537841,-10.0
-17.4953913,-10.0
-10.6219971,-10.0
-15.7582699,-10.0
-17.1075101,-10.0
-15.962512,-10.0
0.2648514,0.2648514
-15.1292479,-10.0
-12.3745984,-10.0
-15.9059592,-10.0
-16.972279,-10.0
-1.4344786,-1.4344786
-16.589698,-10.0
0.7335957,0.7335957
15.3995233,-10.0
15.9065655,-10.0
1.6897509,1.6897509
-1.4653632,-1.4653632
1.382179,1.382179
2.9521751,2.9521751
-1.5894321,-1.5894321
5.2839621,5.2839621
0.1476893,0.1476893
-1.2015509,-1.2015509
-0.0565528,-0.0565528
16.1708106,-10.0
0.7767113,0.7767113
3.5313608,3.5313608
15.9059592,-10.0
-1.0663198,-1.0663198
14.4714806,-10.0
-0.6837388,-0.6837388
1.7999155,1.7999155
16.4658431,-10.0
16.9728853,-10.0
2.7560707,2.7560707
-0.3990434,-0.3990434
2.4484988,2.4484988
4.0184949,4.0184949
-0.5231123,-0.5231123
6.3502819,6.3502819
1.2140091,1.2140091
-0.1352311,-0.1352311
1.009767,1.009767
17.2371304,-10.0
1.8430311,1.8430311
4.5976806,4.5976806
16.972279,-10.0
1.0663198,1.0663198
15.5378004,-10.0
0.382581,0.382581
-13.7378849,-10.0
0.9280427,0.9280427
1.4350849,1.4350849
-12.7817297,-10.0
-15.9368438,-10.0
-13.0893016,-10.0
-11.5193055,-10.0
-16.0609127,-10.0
-9.1875185,-9.1875185
-14.3237913,-10.0
-15.6730315,-10.0
-14.5280334,-10.0
1.69933,1.69933
-13.6947693,-10.0
-10.9401198,-10.0
1.4344786,1.4344786
-14.4714806,-10.0
-15.5378004,-10.0
-15.1552194,-10.0
1.4173345,1.4173345
16.0832621,-10.0
16.5903043,-10.0
2.3734897,2.3734897
-0.7816244,-0.7816244
2.0659178,2.0659178
3.6359139,3.6359139
-0.9056933,-0.9056933
5.9677009,5.9677009
0.8314281,0.8314281
-0.5178121,-0.5178121
0.627186,0.627186
16.8545494,-10.0
1.4604501,1.4604501
4.2150996,4.2150996
16.589698,-10.0
0.6837388,0.6837388
-0.382581,-0.382581
15.1552194,-10.0
14.3125006,-10.0
-1.8896578,-1.8896578
-3.1751745,-3.1751745
13.6322603,-10.0
0.0908007,0.0908007
0.6722513,0.6722513
-0.5852511,-0.5852511
-1.2493567,-1.2493567
3.7986791,3.7986791
-0.4701819,-0.4701819
-1.9209069,-1.9209069
1.5883831,1.5883831
-1.484788,-1.484788
-0.7124762,-0.7124762
-1.7925297,-1.7925297
-0.8502612,-0.8502612
0.9301177,0.9301177
0.6466061,0.6466061
-0.6501418,-0.6501418
-14.3125006,-10.0
-16.2021584,-10.0
-17.4876751,-10.0
-0.6802403,-0.6802403
-14.2216999,-10.0
-13.6402493,-10.0
-14.8977517,-10.0
-15.5618573,-10.0
-10.5138215,-10.0
-14.7826825,-10.0
-16.2334075,-10.0
-12.7241175,-10.0
-15.7972886,-10.0
-15.0249768,-10.0
-16.1050303,-10.0
-15.1627618,-10.0
-13.3823829,-10.0
-13.6658945,-10.0
-14.9626424,-10.0
1.8896578,1.8896578
16.2021584,-10.0
-1.2855167,-1.2855167
15.5219181,-10.0
1.9804585,1.9804585
2.5619091,2.5619091
1.3044067,1.3044067
0.6403011,0.6403011
5.6883369,5.6883369
1.4194759,1.4194759
-0.0312491,-0.0312491
3.4780409,3.4780409
0.4048698,0.4048698
1.1771816,1.1771816
0.0971281,0.0971281
1.0393966,1.0393966
2.8197755,2.8197755
2.5362639,2.5362639
1.239516,1.239516
3.1751745,3.1751745
17.4876751,-10.0
1.2855167,1.2855167
16.8074348,-10.0
3.2659752,3.2659752
3.8474258,3.8474258
2.5899234,2.5899234
1.9258178,1.9258178
6.9738536,6.9738536
2.7049926,2.7049926
1.2542676,1.2542676
4.7635576,4.7635576
1.6903865,1.6903865
2.4626983,2.4626983
1.3826448,1.3826448
2.3249133,2.3249133
4.1052922,4.1052922
3.8217806,3.8217806
2.5250327,2.5250327
-13.6322603,-10.0
0.6802403,0.6802403
-15.5219181,-10.0
-16.8074348,-10.0
-13.5414596,-10.0
-12.960009,-10.0
-14.2175114,-10.0
-14.881617,-10.0
-9.8335812,-9.8335812
-14.1024422,-10.0
-15.5531672,-10.0
-12.0438772,-10.0
-15.1170483,-10.0
-14.3447365,-10.0
-15.42479,-10.0
-14.4825215,-10.0
-12.7021426,-10.0
-12.9856542,-10.0
-14.2824021,-10.0
-0.0908007,-0.0908007
14.2216999,-10.0
-1.9804585,-1.9804585
-3.2659752,-3.2659752
13.5414596,-10.0
0.5814506,0.5814506
-0.6760518,-0.6760518
-1.3401574,-1.3401574
3.7078784,3.7078784
-0.5609826,-0.5609826
-2.0117076,-2.0117076
1.4975824,1.4975824
-1.5755887,-1.5755887
-0.8032769,-0.8032769
-1.8833304,-1.8833304
-0.9410619,-0.9410619
0.839317,0.839317
0.5558054,0.5558054
-0.7409425,-0.7409425
-0.6722513,-0.6722513
13.6402493,-10.0
-2.5619091,-2.5619091
-3.8474258,-3.8474258
12.960009,-10.0
-0.5814506,-0.5814506
-1.2575024,-1.2575024
-1.921608,-1.921608
3.1264278,3.1264278
-1.1424332,-1.1424332
-2.5931582,-2.5931582
0.9161318,0.9161318
-2.1570393,-2.1570393
-1.3847275,-1.3847275
-2.464781,-2.464781
-1.5225125,-1.5225125
0.2578664,0.2578664
-0.0256452,-0.0256452
-1.3223931,-1.3223931
0.5852511,0.5852511
14.8977517,-10.0
-1.3044067,-1.3044067
-2.5899234,-2.5899234
14.2175114,-10.0
0.6760518,0.6760518
1.2575024,1.2575024
-0.6641056,-0.6641056
4.3839302,4.3839302
0.1150692,0.1150692
-1.3356558,-1.3356558
2.1736342,2.1736342
-0.8995369,-0.8995369
-0.1272251,-0.1272251
-1.2072786,-1.2072786
-0.2650101,-0.2650101
1.5153688,1.5153688
1.2318572,1.2318572
-0.0648907,-0.0648907
1.2493567,1.2493567
15.5618573,-10.0
-0.6403011,-0.6403011
-1.9258178,-1.9258178
14.881617,-10.0
1.3401574,1.3401574
1.921608,1.921608
0.6641056,0.6641056
5.0480358,5.0480358
0.7791748,0.7791748
-0.6715502,-0.6715502
2.8377398,2.8377398
-0.2354313,-0.2354313
0.5368805,0.5368805
-0.543173,-0.543173
0.3990955,0.3990955
2.1794744,2.1794744
1.8959628,1.8959628
0.5992149,0.5992149
-3.7986791,-3.7986791
10.5138215,-10.0
-5.6883369,-5.6883369
-6.9738536,-6.9738536
9.8335812,9.8335812
-3.7078784,-3.7078784
-3.1264278,-3.1264278
-4.3839302,-4.3839302
-5.0480358,-5.0480358
-4.268861,-4.268861
-5.719586,-5.719586
-2.210296,-2.210296
-5.2834671,-5.2834671
-4.5111553,-4.5111553
-5.5912088,-5.5912088
-4.6489403,-4.6489403
-2.8685614,-2.8685614
-3.152073,-3.152073
-4.4488209,-4.4488209
0.4701819,0.4701819
14.7826825,-10.0
-1.4194759,-1.4194759
-2.7049926,-2.7049926
14.1024422,-10.0
0.5609826,0.5609826
1.1424332,1.1424332
-0.1150692,-0.1150692
-0.7791748,-0.7791748
4.268861,4.268861
-1.450725,-1.450725
2.058565,2.058565
-1.0146061,-1.0146061
-0.2422943,-0.2422943
-1.3223478,-1.3223478
-0.3800793,-0.3800793
1.4002996,1.4002996
1.116788,1.116788
-0.1799599,-0.1799599
1.9209069,1.9209069
16.2334075,-10.0
0.0312491,0.0312491
-1.2542676,-1.2542676
15.5531672,-10.0
2.0117076,2.0117076
2.5931582,2.5931582
1.3356558,1.3356558
0.6715502,0.6715502
5.719586,5.719586
1.450725,1.450725
3.50929,3.50929
0.4361189,0.4361189
1.2084307,1.2084307
0.1283772,0.1283772
1.0706457,1.0706457
2.8510246,2.8510246
2.567513,2.567513
1.2707651,1.2707651
-1.5883831,-1.5883831
12.7241175,-10.0
-3.4780409,-3.4780409
-4.7635576,-4.7635576
12.0438772,-10.0
-1.4975824,-1.4975824
-0.9161318,-0.9161318
-2.1736342,-2.1736342
-2.8377398,-2.8377398
2.210296,2.210296
-2.058565,-2.058565
-3.50929,-3.50929
-3.0731711,-3.0731711
-2.3008593,-2.3008593
-3.3809128,-3.3809128
-2.4386443,-2.4386443
-0.6582654,-0.6582654
-0.941777,-0.941777
-2.2385249,-2.2385249
1.484788,1.484788
15.7972886,-10.0
-0.4048698,-0.4048698
-1.6903865,-1.6903865
15.1170483,-10.0
1.5755887,1.5755887
2.1570393,2.1570393
0.8995369,0.8995369
0.2354313,0.2354313
5.2834671,5.2834671
1.0146061,1.0146061
-0.4361189,-0.4361189
3.0731711,3.0731711
0.7723118,0.7723118
-0.3077417,-0.3077417
0.6345268,0.6345268
2.4149057,2.4149057
2.1313941,2.1313941
0.8346462,0.8346462
0.7124762,0.7124762
15.0249768,-10.0
-1.1771816,-1.1771816
-2.4626983,-2.4626983
14.3447365,-10.0
0.8032769,0.8032769
1.3847275,1.3847275
0.1272251,0.1272251
-0.5368805,-0.5368805
4.5111553,4.5111553
0.2422943,0.2422943
-1.2084307,-1.2084307
2.3008593,2.3008593
-0.7723118,-0.7723118
-1.0800535,-1.0800535
-0.137785,-0.137785
1.6425939,1.6425939
1.3590823,1.3590823
0.0623344,0.0623344
1.7925297,1.7925297
16.1050303,-10.0
-0.0971281,-0.0971281
-1.3826448,-1.3826448
15.42479,-10.0
1.8833304,1.8833304
2.464781,2.464781
1.2072786,1.2072786
0.543173,0.543173
5.5912088,5.5912088
1.3223478,1.3223478
-0.1283772,-0.1283772
3.3809128,3.3809128
0.3077417,0.3077417
1.0800535,1.0800535
0.9422685,0.9422685
2.7226474,2.7226474
2.4391358,2.4391358
1.1423879,1.1423879
0.8502612,0.8502612
15.1627618,-10.0
-1.0393966,-1.0393966
-2.3249133,-2.3249133
14.4825215,-10.0
0.9410619,0.9410619
1.5225125,1.5225125
0.2650101,0.2650101
-0.3990955,-0.3990955
4.6489403,4.6489403
0.3800793,0.3800793
-1.0706457,-1.0706457
2.4386443,2.4386443
-0.6345268,-0.6345268
0.137785,0.137785
-0.9422685,-0.9422685
1.7803789,1.7803789
1.4968673,1.4968673
0.2001194,0.2001194
-0.9301177,-0.9301177
13.3823829,-10.0
-2.8197755,-2.8197755
-4.1052922,-4.1052922
12.7021426,-10.0
-0.839317,-0.839317
-0.2578664,-0.2578664
-1.5153688,-1.5153688
-2.1794744,-2.1794744
2.8685614,2.8685614
-1.4002996,-1.4002996
-2.8510246,-2.8510246
0.6582654,0.6582654
-2.4149057,-2.4149057
-1.6425939,-1.6425939
-2.7226474,-2.7226474
-1.7803789,-1.7803789
-0.2835116,-0.2835116
-1.5802595,-1.5802595
-0.6466061,-0.6466061
13.6658945,-10.0
-2.5362639,-2.5362639
-3.8217806,-3.8217806
12.9856542,-10.0
-0.5558054,-0.5558054
0.0256452,0.0256452
-1.2318572,-1.2318572
-1.8959628,-1.8959628
3.152073,3.152073
-1.116788,-1.116788
-2.567513,-2.567513
0.941777,0.941777
-2.1313941,-2.1313941
-1.3590823,-1.3590823
-2.4391358,-2.4391358
-1.4968673,-1.4968673
0.2835116,0.2835116
-1.2967479,-1.2967479
0.6501418,0.6501418
14.9626424,-10.0
-1.239516,-1.239516
-2.5250327,-2.5250327
14.2824021,-10.0
0.7409425,0.7409425
1.3223931,1.3223931
0.0648907,0.0648907
-0.5992149,-0.5992149
4.4488209,4.4488209
0.1799599,0.1799599
-1.2707651,-1.2707651
2.2385249,2.2385249
-0.8346462,-0.8346462
-0.0623344,-0.0623344
-1.1423879,-1.1423879
-0.2001194,-0.2001194
1.5802595,1.5802595
1.2967479,1.2967479
2.1922873,2.1922873
13.4448157,-10.0
3.2653925,3.2653925
16.4459986,-10.0
-0.2010101,-0.2010101
15.4802617,-10.0
0.620095,0.620095
4.0534821,4.0534821
1.0105057,1.0105057
-0.8606671,-0.8606671
1.3284722,1.3284722
2.7166914,2.7166914
1.2434259,1.2434259
4.5508984,4.5508984
0.8990808,0.8990808
2.2866014,2.2866014
2.5606828,2.5606828
2.1044984,2.1044984
9.5650746,9.5650746
-2.1922873,-2.1922873
11.2525284,-10.0
1.0731052,1.0731052
14.2537113,-10.0
-2.3932974,-2.3932974
13.2879744,-10.0
-1.5721923,-1.5721923
1.8611948,1.8611948
-1.1817816,-1.1817816
-3.0529544,-3.0529544
-0.8638151,-0.8638151
0.5244041,0.5244041
-0.9488614,-0.9488614
2.3586111,2.3586111
-1.2932065,-1.2932065
0.0943141,0.0943141
0.3683955,0.3683955
-0.0877889,-0.0877889
7.3727873,7.3727873
-13.4448157,-10.0
-11.2525284,-10.0
-10.1794232,-10.0
3.0011829,3.0011829
-13.6458258,-10.0
2.035446,2.035446
-12.8247207,-10.0
-9.3913336,-9.3913336
-12.43431,-10.0
-14.3054828,-10.0
-12.1163435,-10.0
-10.7281243,-10.0
-12.2013898,-10.0
-8.8939173,-8.8939173
-12.5457349,-10.0
-11.1582143,-10.0
-10.8841329,-10.0
-11.3403173,-10.0
-3.8797411,-3.8797411
-3.2653925,-3.2653925
-1.0731052,-1.0731052
10.1794232,-10.0
13.1806061,-10.0
-3.4664026,-3.4664026
12.2148692,-10.0
-2.6452975,-2.6452975
0.7880896,0.7880896
-2.2548868,-2.2548868
-4.1260596,-4.1260596
-1.9369203,-1.9369203
-0.5487011,-0.5487011
-2.0219666,-2.0219666
1.2855059,1.2855059
-2.3663117,-2.3663117
-0.9787911,-0.9787911
-0.7047097,-0.7047097
-1.1608941,-1.1608941
6.2996821,6.2996821
-16.4459986,-10.0
-14.2537113,-10.0
-3.0011829,-3.0011829
-13.1806061,-10.0
-16.6470087,-10.0
-0.9657369,-0.9657369
-15.8259036,-10.0
-12.3925165,-10.0
-15.4354929,-10.0
-17.3066657,-10.0
-15.1175264,-10.0
-13.7293072,-10.0
-15.2025727,-10.0
-11.8951002,-10.0
-15.5469178,-10.0
-14.1593972,-10.0
-13.8853158,-10.0
-14.3415002,-10.0
-6.880924,-6.880924
0.2010101,0.2010101
2.3932974,2.3932974
13.6458258,-10.0
3.4664026,3.4664026
16.6470087,-10.0
15.6812718,-10.0
0.8211051,0.8211051
4.2544922,4.2544922
1.2115158,1.2115158
-0.659657,-0.659657
1.5294823,1.5294823
2.9177015,2.9177015
1.444436,1.444436
4.7519085,4.7519085
1.1000909,1.1000909
2.4876115,2.4876115
2.7616929,2.7616929
2.3055085,2.3055085
9.7660847,9.7660847
-15.4802617,-10.0
-13.2879744,-10.0
-2.035446,-2.035446
-12.2148692,-10.0
0.9657369,0.9657369
-15.6812718,-10.0
-14.8601667,-10.0
-11.4267796,-10.0
-14.469756,-10.0
-16.3409288,-10.0
-14.1517895,-10.0
-12.7635703,-10.0
-14.2368358,-10.0
-10.9293633,-10.0
-14.5811809,-10.0
-13.1936603,-10.0
-12.9195789,-10.0
-13.3757633,-10.0
-5.9151871,-5.9151871
-0.620095,-0.620095
1.5721923,1.5721923
12.8247207,-10.0
2.6452975,2.6452975
15.8259036,-10.0
-0.8211051,-0.8211051
14.8601667,-10.0
3.4333871,3.4333871
0.3904107,0.3904107
-1.4807621,-1.4807621
0.7083772,0.7083772
2.0965964,2.0965964
0.6233309,0.6233309
3.9308034,3.9308034
0.2789858,0.2789858
1.6665064,1.6665064
1.9405878,1.9405878
1.4844034,1.4844034
8.9449796,8.9449796
-4.0534821,-4.0534821
-1.8611948,-1.8611948
9.3913336,9.3913336
-0.7880896,-0.7880896
12.3925165,-10.0
-4.2544922,-4.2544922
11.4267796,-10.0
-3.4333871,-3.4333871
-3.0429764,-3.0429764
-4.9141492,-4.9141492
-2.7250099,-2.7250099
-1.3367907,-1.3367907
-2.8100562,-2.8100562
0.4974163,0.4974163
-3.1544013,-3.1544013
-1.7668807,-1.7668807
-1.4927993,-1.4927993
-1.9489837,-1.9489837
5.5115925,5.5115925
-1.0105057,-1.0105057
1.1817816,1.1817816
12.43431,-10.0
2.2548868,2.2548868
15.4354929,-10.0
-1.2115158,-1.2115158
14.469756,-10.0
-0.3904107,-0.3904107
3.0429764,3.0429764
-1.8711728,-1.8711728
0.3179665,0.3179665
1.7061857,1.7061857
0.2329202,0.2329202
3.5403927,3.5403927
-0.1114249,-0.1114249
1.2760957,1.2760957
1.5501771,1.5501771
1.0939927,1.0939927
8.5545689,8.5545689
0.8606671,0.8606671
3.0529544,3.0529544
14.3054828,-10.0
4.1260596,4.1260596
17.3066657,-10.0
0.659657,0.659657
16.3409288,-10.0
1.4807621,1.4807621
4.9141492,4.9141492
1.8711728,1.8711728
2.1891393,2.1891393
3.5773585,3.5773585
2.104093,2.104093
5.4115655,5.4115655
1.7597479,1.7597479
3.1472685,3.1472685
3.4213499,3.4213499
2.9651655,2.9651655
10.4257417,-10.0
-1.3284722,-1.3284722
0.8638151,0.8638151
12.1163435,-10.0
1.9369203,1.9369203
15.1175264,-10.0
-1.5294823,-1.5294823
14.1517895,-10.0
-0.7083772,-0.7083772
2.7250099,2.7250099
-0.3179665,-0.3179665
-2.1891393,-2.1891393
1.3882192,1.3882192
-0.0850463,-0.0850463
3.2224262,3.2224262
-0.4293914,-0.4293914
0.9581292,0.9581292
1.2322106,1.2322106
0.7760262,0.7760262
8.2366024,8.2366024
-2.7166914,-2.7166914
-0.5244041,-0.5244041
10.7281243,-10.0
0.5487011,0.5487011
13.7293072,-10.0
-2.9177015,-2.9177015
12.7635703,-10.0
-2.0965964,-2.0965964
1.3367907,1.3367907
-1.7061857,-1.7061857
-3.5773585,-3.5773585
-1.3882192,-1.3882192
-1.4732655,-1.4732655
1.834207,1.834207
-1.8176106,-1.8176106
-0.43009,-0.43009
-0.1560086,-0.1560086
-0.612193,-0.612193
6.8483832,6.8483832
-1.2434259,-1.2434259
0.9488614,0.9488614
12.2013898,-10.0
2.0219666,2.0219666
15.2025727,-10.0
-1.444436,-1.444436
14.2368358,-10.0
-0.6233309,-0.6233309
2.8100562,2.8100562
-0.2329202,-0.2329202
-2.104093,-2.104093
0.0850463,0.0850463
1.4732655,1.4732655
3.3074725,3.3074725
-0.3443451,-0.3443451
1.0431755,1.0431755
1.3172569,1.3172569
0.8610725,0.8610725
8.3216487,8.3216487
-4.5508984,-4.5508984
-2.3586111,-2.3586111
8.8939173,8.8939173
-1.2855059,-1.2855059
11.8951002,-10.0
-4.7519085,-4.7519085
10.9293633,-10.0
-3.9308034,-3.9308034
-0.4974163,-0.4974163
-3.5403927,-3.5403927
-5.4115655,-5.4115655
-3.2224262,-3.2224262
-1.834207,-1.834207
-3.3074725,-3.3074725
-3.6518176,-3.6518176
-2.264297,-2.264297
-1.9902156,-1.9902156
-2.4464,-2.4464
5.0141762,5.0141762
-0.8990808,-0.8990808
1.2932065,1.2932065
12.5457349,-10.0
2.3663117,2.3663117
15.5469178,-10.0
-1.1000909,-1.1000909
14.5811809,-10.0
-0.2789858,-0.2789858
3.1544013,3.1544013
0.1114249,0.1114249
-1.7597479,-1.7597479
0.4293914,0.4293914
1.8176106,1.8176106
0.3443451,0.3443451
3.6518176,3.6518176
1.3875206,1.3875206
1.661602,1.661602
1.2054176,1.2054176
8.6659938,8.6659938
-2.2866014,-2.2866014
-0.0943141,-0.0943141
11.1582143,-10.0
0.9787911,0.9787911
14.1593972,-10.0
-2.4876115,-2.4876115
13.1936603,-10.0
-1.6665064,-1.6665064
1.7668807,1.7668807
-1.2760957,-1.2760957
-3.1472685,-3.1472685
-0.9581292,-0.9581292
0.43009,0.43009
-1.0431755,-1.0431755
2.264297,2.264297
-1.3875206,-1.3875206
0.2740814,0.2740814
-0.182103,-0.182103
7.2784732,7.2784732
-2.5606828,-2.5606828
-0.3683955,-0.3683955
10.8841329,-10.0
0.7047097,0.7047097
13.8853158,-10.0
-2.7616929,-2.7616929
12.9195789,-10.0
-1.9405878,-1.9405878
1.4927993,1.4927993
-1.5501771,-1.5501771
-3.4213499,-3.4213499
-1.2322106,-1.2322106
0.1560086,0.1560086
-1.3172569,-1.3172569
1.9902156,1.9902156
-1.661602,-1.661602
-0.2740814,-0.2740814
-0.4561844,-0.4561844
7.0043918,7.0043918
-2.1044984,-2.1044984
0.0877889,0.0877889
11.3403173,-10.0
1.1608941,1.1608941
14.3415002,-10.0
-2.3055085,-2.3055085
13.3757633,-10.0
-1.4844034,-1.4844034
1.9489837,1.9489837
-1.0939927,-1.0939927
-2.9651655,-2.9651655
-0.7760262,-0.7760262
0.612193,0.612193
-0.8610725,-0.8610725
2.4464,2.4464
-1.2054176,-1.2054176
0.182103,0.182103
0.4561844,0.4561844
7.4605762,7.4605762
-9.5650746,-9.5650746
-7.3727873,-7.3727873
3.8797411,3.8797411
-6.2996821,-6.2996821
6.880924,6.880924
-9.7660847,-9.7660847
5.9151871,5.9151871
-8.9449796,-8.9449796
-5.5115925,-5.5115925
-8.5545689,-8.5545689
-10.4257417,-10.0
-8.2366024,-8.2366024
-6.8483832,-6.8483832
-8.3216487,-8.3216487
-5.0141762,-5.0141762
-8.6659938,-8.6659938
-7.2784732,-7.2784732
-7.0043918,-7.0043918
-7.4605762,-7.4605762
7.580217,7.580217
7.0575235,7.0575235
4.0464694,4.0464694
-1.1071862,-1.1071862
1.6663388,1.6663388
2.9383148,2.9383148
-0.7652354,-0.7652354
9.8209386,9.8209386
-0.8144708,-0.8144708
-1.0465242,-1.0465242
11.016125,-10.0
3.8688022,3.8688022
3.0441909,3.0441909
7.6021922,7.6021922
1.4024064,1.4024064
1.3955452,1.3955452
-0.3709877,-0.3709877
13.0786028,-10.0
0.3108546,0.3108546
-7.580217,-7.580217
-0.5226935,-0.5226935
-3.5337476,-3.5337476
-8.6874032,-8.6874032
-5.9138782,-5.9138782
-4.6419022,-4.6419022
-8.3454524,-8.3454524
2.2407216,2.2407216
-8.3946878,-8.3946878
-8.6267412,-8.6267412
3.435908,3.435908
-3.7114148,-3.7114148
-4.5360261,-4.5360261
0.0219752,0.0219752
-6.1778106,-6.1778106
-6.1846718,-6.1846718
-7.9512047,-7.9512047
5.4983858,5.4983858
-7.2693624,-7.2693624
-7.0575235,-7.0575235
0.5226935,0.5226935
-3.0110541,-3.0110541
-8.1647097,-8.1647097
-5.3911847,-5.3911847
-4.1192087,-4.1192087
-7.8227589,-7.8227589
2.7634151,2.7634151
-7.8719943,-7.8719943
-8.1040477,-8.1040477
3.9586015,3.9586015
-3.1887213,-3.1887213
-4.0133326,-4.0133326
0.5446687,0.5446687
-5.6551171,-5.6551171
-5.6619783,-5.6619783
-7.4285112,-7.4285112
6.0210793,6.0210793
-6.7466689,-6.7466689
-4.0464694,-4.0464694
3.5337476,3.5337476
3.0110541,3.0110541
-5.1536556,-5.1536556
-2.3801306,-2.3801306
-1.1081546,-1.1081546
-4.8117048,-4.8117048
5.7744692,5.7744692
-4.8609402,-4.8609402
-5.0929936,-5.0929936
6.9696556,6.9696556
-0.1776672,-0.1776672
-1.0022785,-1.0022785
3.5557228,3.5557228
-2.644063,-2.644063
-2.6509242,-2.6509242
-4.4174571,-4.4174571
9.0321334,9.0321334
-3.7356148,-3.7356148
1.1071862,1.1071862
8.6874032,8.6874032
8.1647097,8.1647097
5.1536556,5.1536556
2.773525,2.773525
4.045501,4.045501
0.3419508,0.3419508
10.9281248,-10.0
0.2927154,0.2927154
0.060662,0.060662
12.1233112,-10.0
4.9759884,4.9759884
4.1513771,4.1513771
8.7093784,8.7093784
2.5095926,2.5095926
2.5027314,2.5027314
0.7361985,0.7361985
14.185789,-10.0
1.4180408,1.4180408
-1.6663388,-1.6663388
5.9138782,5.9138782
5.3911847,5.3911847
2.3801306,2.3801306
-2.773525,-2.773525
1.271976,1.271976
-2.4315742,-2.4315742
8.1545998,8.1545998
-2.4808096,-2.4808096
-2.712863,-2.712863
9.3497862,9.3497862
2.2024634,2.2024634
1.3778521,1.3778521
5.9358534,5.9358534
-0.2639324,-0.2639324
-0.2707936,-0.2707936
-2.0373265,-2.0373265
11.412264,-10.0
-1.3554842,-1.3554842
-2.9383148,-2.9383148
4.6419022,4.6419022
4.1192087,4.1192087
1.1081546,1.1081546
-4.045501,-4.045501
-1.271976,-1.271976
-3.7035502,-3.7035502
6.8826238,6.8826238
-3.7527856,-3.7527856
-3.984839,-3.984839
8.0778102,8.0778102
0.9304874,0.9304874
0.1058761,0.1058761
4.6638774,4.6638774
-1.5359084,-1.5359084
-1.5427696,-1.5427696
-3.3093025,-3.3093025
10.140288,-10.0
-2.6274602,-2.6274602
0.7652354,0.7652354
8.3454524,8.3454524
7.8227589,7.8227589
4.8117048,4.8117048
-0.3419508,-0.3419508
2.4315742,2.4315742
3.7035502,3.7035502
10.586174,-10.0
-0.0492354,-0.0492354
-0.2812888,-0.2812888
11.7813604,-10.0
4.6340376,4.6340376
3.8094263,3.8094263
8.3674276,8.3674276
2.1676418,2.1676418
2.1607806,2.1607806
0.3942477,0.3942477
13.8438382,-10.0
1.07609,1.07609
-9.8209386,-9.8209386
-2.2407216,-2.2407216
-2.7634151,-2.7634151
-5.7744692,-5.7744692
-10.9281248,-10.0
-8.1545998,-8.1545998
-6.8826238,-6.8826238
-10.586174,-10.0
-10.6354094,-10.0
-10.8674628,-10.0
1.1951864,1.1951864
-5.9521364,-5.9521364
-6.7767477,-6.7767477
-2.2187464,-2.2187464
-8.4185322,-8.4185322
-8.4253934,-8.4253934
-10.1919263,-10.0
3.2576642,3.2576642
-9.510084,-9.510084
0.8144708,0.8144708
8.3946878,8.3946878
7.8719943,7.8719943
4.8609402,4.8609402
-0.2927154,-0.2927154
2.4808096,2.4808096
3.7527856,3.7527856
0.0492354,0.0492354
10.6354094,-10.0
-0.2320534,-0.2320534
11.8305958,-10.0
4.683273,4.683273
3.8586617,3.8586617
8.416663,8.416663
2.2168772,2.2168772
2.210016,2.210016
0.4434831,0.4434831
13.8930736,-10.0
1.1253254,1.1253254
1.0465242,1.0465242
8.6267412,8.6267412
8.1040477,8.1040477
5.0929936,5.0929936
-0.060662,-0.060662
2.712863,2.712863
3.984839,3.984839
0.2812888,0.2812888
10.8674628,-10.0
0.2320534,0.2320534
12.0626492,-10.0
4.9153264,4.9153264
4.0907151,4.0907151
8.6487164,8.6487164
2.4489306,2.4489306
2.4420694,2.4420694
0.6755365,0.6755365
14.125127,-10.0
1.3573788,1.3573788
-11.016125,-10.0
-3.435908,-3.435908
-3.9586015,-3.9586015
-6.9696556,-6.9696556
-12.1233112,-10.0
-9.3497862,-9.3497862
-8.0778102,-8.0778102
-11.7813604,-10.0
-1.1951864,-1.1951864
-11.8305958,-10.0
-12.0626492,-10.0
-7.1473228,-7.1473228
-7.9719341,-7.9719341
-3.4139328,-3.4139328
-9.6137186,-9.6137186
-9.6205798,-9.6205798
-11.3871127,-10.0
2.0624778,2.0624778
-10.7052704,-10.0
-3.8688022,-3.8688022
3.7114148,3.7114148
3.1887213,3.1887213
0.1776672,0.1776672
-4.9759884,-4.9759884
-2.2024634,-2.2024634
-0.9304874,-0.9304874
-4.6340376,-4.6340376
5.9521364,5.9521364
-4.683273,-4.683273
-4.9153264,-4.9153264
7.1473228,7.1473228
-0.8246113,-0.8246113
3.73339,3.73339
-2.4663958,-2.4663958
-2.473257,-2.473257
-4.2397899,-4.2397899
9.2098006,9.2098006
-3.5579476,-3.5579476
-3.0441909,-3.0441909
4.5360261,4.5360261
4.0133326,4.0133326
1.0022785,1.0022785
-4.1513771,-4.1513771
-1.3778521,-1.3778521
-0.1058761,-0.1058761
-3.8094263,-3.8094263
6.7767477,6.7767477
-3.8586617,-3.8586617
-4.0907151,-4.0907151
7.9719341,7.9719341
0.8246113,0.8246113
4.5580013,4.5580013
-1.6417845,-1.6417845
-1.6486457,-1.6486457
-3.4151786,-3.4151786
10.0344119,-10.0
-2.7333363,-2.7333363
-7.6021922,-7.6021922
-0.0219752,-0.0219752
-0.5446687,-0.5446687
-3.5557228,-3.5557228
-8.7093784,-8.7093784
-5.9358534,-5.9358534
-4.6638774,-4.6638774
-8.3674276,-8.3674276
2.2187464,2.2187464
-8.416663,-8.416663
-8.6487164,-8.6487164
3.4139328,3.4139328
-3.73339,-3.73339
-4.5580013,-4.5580013
-6.1997858,-6.1997858
-6.206647,-6.206647
-7.9731799,-7.9731799
5.4764106,5.4764106
-7.2913376,-7.2913376
-1.4024064,-1.4024064
6.1778106,6.1778106
5.6551171,5.6551171
2.644063,2.644063
-2.5095926,-2.5095926
0.2639324,0.2639324
1.5359084,1.5359084
-2.1676418,-2.1676418
8.4185322,8.4185322
-2.2168772,-2.2168772
-2.4489306,-2.4489306
9.6137186,9.6137186
2.4663958,2.4663958
1.6417845,1.6417845
6.1997858,6.1997858
-0.0068612,-0.0068612
-1.7733941,-1.7733941
11.6761964,-10.0
-1.0915518,-1.0915518
-1.3955452,-1.3955452
6.1846718,6.1846718
5.6619783,5.6619783
2.6509242,2.6509242
-2.5027314,-2.5027314
0.2707936,0.2707936
1.5427696,1.5427696
-2.1607806,-2.1607806
8.4253934,8.4253934
-2.210016,-2.210016
-2.4420694,-2.4420694
9.6205798,9.6205798
2.473257,2.473257
1.6486457,1.6486457
6.206647,6.206647
0.0068612,0.0068612
-1.7665329,-1.7665329
11.6830576,-10.0
-1.0846906,-1.0846906
0.3709877,0.3709877
7.9512047,7.9512047
7.4285112,7.4285112
4.4174571,4.4174571
-0.7361985,-0.7361985
2.0373265,2.0373265
3.3093025,3.3093025
-0.3942477,-0.3942477
10.1919263,-10.0
-0.4434831,-0.4434831
-0.6755365,-0.6755365
11.3871127,-10.0
4.2397899,4.2397899
3.4151786,3.4151786
7.9731799,7.9731799
1.7733941,1.7733941
1.7665329,1.7665329
13.4495905,-10.0
0.6818423,0.6818423
-13.0786028,-10.0
-5.4983858,-5.4983858
-6.0210793,-6.0210793
-9.0321334,-9.0321334
-14.185789,-10.0
-11.412264,-10.0
-10.140288,-10.0
-13.8438382,-10.0
-3.2576642,-3.2576642
-13.8930736,-10.0
-14.125127,-10.0
-2.0624778,-2.0624778
-9.2098006,-9.2098006
-10.0344119,-10.0
-5.4764106,-5.4764106
-11.6761964,-10.0
-11.6830576,-10.0
-13.4495905,-10.0
-12.7677482,-10.0
-0.3108546,-0.3108546
7.2693624,7.2693624
6.7466689,6.7466689
3.7356148,3.7356148
-1.4180408,-1.4180408
1.3554842,1.3554842
2.6274602,2.6274602
-1.07609,-1.07609
9.510084,9.510084
-1.1253254,-1.1253254
-1.3573788,-1.3573788
10.7052704,-10.0
3.5579476,3.5579476
2.7333363,2.7333363
7.2913376,7.2913376
1.0915518,1.0915518
1.0846906,1.0846906
-0.6818423,-0.6818423
12.7677482,-10.0
1.8226445,1.8226445
1.6036242,1.6036242
0.5318716,0.5318716
0.3695767,0.3695767
19.0478882,-10.0
1.8371689,1.8371689
-0.5859425,-0.5859425
0.3104153,0.3104153
-0.639462,-0.639462
-2.5722346,-2.5722346
1.5767873,1.5767873
6.4782724,6.4782724
-1.5270167,-1.5270167
-1.9521118,-1.9521118
0.6849891,0.6849891
-0.1912312,-0.1912312
-0.4958016,-0.4958016
11.0134749,-10.0
0.9864073,0.9864073
-1.8226445,-1.8226445
-0.2190203,-0.2190203
-1.2907729,-1.2907729
-1.4530678,-1.4530678
17.2252437,-10.0
0.0145244,0.0145244
-2.408587,-2.408587
-1.5122292,-1.5122292
-2.4621065,-2.4621065
-4.3948791,-4.3948791
-0.2458572,-0.2458572
4.6556279,4.6556279
-3.3496612,-3.3496612
-3.7747563,-3.7747563
-1.1376554,-1.1376554
-2.0138757,-2.0138757
-2.3184461,-2.3184461
9.1908304,9.1908304
-0.8362372,-0.8362372
-1.6036242,-1.6036242
0.2190203,0.2190203
-1.0717526,-1.0717526
-1.2340475,-1.2340475
17.444264,-10.0
0.2335447,0.2335447
-2.1895667,-2.1895667
-1.2932089,-1.2932089
-2.2430862,-2.2430862
-4.1758588,-4.1758588
-0.0268369,-0.0268369
4.8746482,4.8746482
-3.1306409,-3.1306409
-3.555736,-3.555736
-0.9186351,-0.9186351
-1.7948554,-1.7948554
-2.0994258,-2.0994258
9.4098507,9.4098507
-0.6172169,-0.6172169
-0.5318716,-0.5318716
1.2907729,1.2907729
1.0717526,1.0717526
-0.1622949,-0.1622949
18.5160166,-10.0
1.3052973,1.3052973
-1.1178141,-1.1178141
-0.2214563,-0.2214563
-1.1713336,-1.1713336
-3.1041062,-3.1041062
1.0449157,1.0449157
5.9464008,5.9464008
-2.0588883,-2.0588883
-2.4839834,-2.4839834
0.1531175,0.1531175
-0.7231028,-0.7231028
-1.0276732,-1.0276732
10.4816033,-10.0
0.4545357,0.4545357
-0.3695767,-0.3695767
1.4530678,1.4530678
1.2340475,1.2340475
0.1622949,0.1622949
18.6783115,-10.0
1.4675922,1.4675922
-0.9555192,-0.9555192
-0.0591614,-0.0591614
-1.0090387,-1.0090387
-2.9418113,-2.9418113
1.2072106,1.2072106
6.1086957,6.1086957
-1.8965934,-1.8965934
-2.3216885,-2.3216885
0.3154124,0.3154124
-0.5608079,-0.5608079
-0.8653783,-0.8653783
10.6438982,-10.0
0.6168306,0.6168306
-19.0478882,-10.0
-17.2252437,-10.0
-17.444264,-10.0
-18.5160166,-10.0
-18.6783115,-10.0
-17.2107193,-10.0
-19.6338307,-10.0
-18.7374729,-10.0
-19.6873502,-10.0
-21.6201228,-10.0
-17.4711009,-10.0
-12.5696158,-10.0
-20.5749049,-10.0
-21.0,-10.0
-18.3628991,-10.0
-19.2391194,-10.0
-19.5436898,-10.0
-8.0344133,-8.0344133
-18.0614809,-10.0
-1.8371689,-1.8371689
-0.0145244,-0.0145244
-0.2335447,-0.2335447
-1.3052973,-1.3052973
-1.4675922,-1.4675922
17.2107193,-10.0
-2.4231114,-2.4231114
-1.5267536,-1.5267536
-2.4766309,-2.4766309
-4.4094035,-4.4094035
-0.2603816,-0.2603816
4.6411035,4.6411035
-3.3641856,-3.3641856
-3.7892807,-3.7892807
-1.1521798,-1.1521798
-2.0284001,-2.0284001
-2.3329705,-2.3329705
9.176306,9.176306
-0.8507616,-0.8507616
0.5859425,0.5859425
2.408587,2.408587
2.1895667,2.1895667
1.1178141,1.1178141
0.9555192,0.9555192
19.6338307,-10.0
2.4231114,2.4231114
0.8963578,0.8963578
-0.0535195,-0.0535195
-1.9862921,-1.9862921
2.1627298,2.1627298
7.0642149,7.0642149
-0.9410742,-0.9410742
-1.3661693,-1.3661693
1.2709316,1.2709316
0.3947113,0.3947113
0.0901409,0.0901409
11.5994174,-10.0
1.5723498,1.5723498
-0.3104153,-0.3104153
1.5122292,1.5122292
1.2932089,1.2932089
0.2214563,0.2214563
0.0591614,0.0591614
18.7374729,-10.0
1.5267536,1.5267536
-0.8963578,-0.8963578
-0.9498773,-0.9498773
-2.8826499,-2.8826499
1.266372,1.266372
6.1678571,6.1678571
-1.837432,-1.837432
-2.2625271,-2.2625271
0.3745738,0.3745738
-0.5016465,-0.5016465
-0.8062169,-0.8062169
10.7030596,-10.0
0.675992,0.675992
0.639462,0.639462
2.4621065,2.4621065
2.2430862,2.2430862
1.1713336,1.1713336
1.0090387,1.0090387
19.6873502,-10.0
2.4766309,2.4766309
0.0535195,0.0535195
0.9498773,0.9498773
-1.9327726,-1.9327726
2.2162493,2.2162493
7.1177344,7.1177344
-0.8875547,-0.8875547
-1.3126498,-1.3126498
1.3244511,1.3244511
0.4482308,0.4482308
0.1436604,0.1436604
11.6529369,-10.0
1.6258693,1.6258693
2.5722346,2.5722346
4.3948791,4.3948791
4.1758588,4.1758588
3.1041062,3.1041062
2.9418113,2.9418113
21.6201228,-10.0
4.4094035,4.4094035
1.9862921,1.9862921
2.8826499,2.8826499
1.9327726,1.9327726
4.1490219,4.1490219
9.050507,9.050507
1.0452179,1.0452179
0.6201228,0.6201228
3.2572237,3.2572237
2.3810034,2.3810034
2.076433,2.076433
13.5857095,-10.0
3.5586419,3.5586419
-1.5767873,-1.5767873
0.2458572,0.2458572
0.0268369,0.0268369
-1.0449157,-1.0449157
-1.2072106,-1.2072106
17.4711009,-10.0
0.2603816,0.2603816
-2.1627298,-2.1627298
-1.266372,-1.266372
-2.2162493,-2.2162493
-4.1490219,-4.1490219
4.9014851,4.9014851
-3.103804,-3.103804
-3.5288991,-3.5288991
-0.8917982,-0.8917982
-1.7680185,-1.7680185
-2.0725889,-2.0725889
9.4366876,9.4366876
-0.59038,-0.59038
-6.4782724,-6.4782724
-4.6556279,-4.6556279
-4.8746482,-4.8746482
-5.9464008,-5.9464008
-6.1086957,-6.1086957
12.5696158,-10.0
-4.6411035,-4.6411035
-7.0642149,-7.0642149
-6.1678571,-6.1678571
-7.1177344,-7.1177344
-9.050507,-9.050507
-4.9014851,-4.9014851
-8.0052891,-8.0052891
-8.4303842,-8.4303842
-5.7932833,-5.7932833
-6.6695036,-6.6695036
-6.974074,-6.974074
4.5352025,4.5352025
-5.4918651,-5.4918651
1.5270167,1.5270167
3.3496612,3.3496612
3.1306409,3.1306409
2.0588883,2.0588883
1.8965934,1.8965934
20.5749049,-10.0
3.3641856,3.3641856
0.9410742,0.9410742
1.837432,1.837432
0.8875547,0.8875547
-1.0452179,-1.0452179
3.103804,3.103804
8.0052891,8.0052891
-0.4250951,-0.4250951
2.2120058,2.2120058
1.3357855,1.3357855
1.0312151,1.0312151
12.5404916,-10.0
2.513424,2.513424
1.9521118,1.9521118
3.7747563,3.7747563
3.555736,3.555736
2.4839834,2.4839834
2.3216885,2.3216885
21.0,-10.0
3.7892807,3.7892807
1.3661693,1.3661693
2.2625271,2.2625271
1.3126498,1.3126498
-0.6201228,-0.6201228
3.5288991,3.5288991
8.4303842,8.4303842
0.4250951,0.4250951
2.6371009,2.6371009
1.7608806,1.7608806
1.4563102,1.4563102
12.9655867,-10.0
2.9385191,2.9385191
-0.6849891,-0.6849891
1.1376554,1.1376554
0.9186351,0.9186351
-0.1531175,-0.1531175
-0.3154124,-0.3154124
18.3628991,-10.0
1.1521798,1.1521798
-1.2709316,-1.2709316
-0.3745738,-0.3745738
-1.3244511,-1.3244511
-3.2572237,-3.2572237
0.8917982,0.8917982
5.7932833,5.7932833
-2.2120058,-2.2120058
-2.6371009,-2.6371009
-0.8762203,-0.8762203
-1.1807907,-1.1807907
10.3284858,-10.0
0.3014182,0.3014182
0.1912312,0.1912312
2.0138757,2.0138757
1.7948554,1.7948554
0.7231028,0.7231028
0.5608079,0.5608079
19.2391194,-10.0
2.0284001,2.0284001
-0.3947113,-0.3947113
0.5016465,0.5016465
-0.4482308,-0.4482308
-2.3810034,-2.3810034
1.7680185,1.7680185
6.6695036,6.6695036
-1.3357855,-1.3357855
-1.7608806,-1.7608806
0.8762203,0.8762203
-0.3045704,-0.3045704
11.2047061,-10.0
1.1776385,1.1776385
0.4958016,0.4958016
2.3184461,2.3184461
2.0994258,2.0994258
1.0276732,1.0276732
0.8653783,0.8653783
19.5436898,-10.0
2.3329705,2.3329705
-0.0901409,-0.0901409
0.8062169,0.8062169
-0.1436604,-0.1436604
-2.076433,-2.076433
2.0725889,2.0725889
6.974074,6.974074
-1.0312151,-1.0312151
-1.4563102,-1.4563102
1.1807907,1.1807907
0.3045704,0.3045704
11.5092765,-10.0
1.4822089,1.4822089
-11.0134749,-10.0
-9.1908304,-9.1908304
-9.4098507,-9.4098507
-10.4816033,-10.0
-10.6438982,-10.0
8.0344133,8.0344133
-9.176306,-9.176306
-11.5994174,-10.0
-10.7030596,-10.0
-11.6529369,-10.0
-13.5857095,-10.0
-9.4366876,-9.4366876
-4.5352025,-4.5352025
-12.5404916,-10.0
-12.9655867,-10.0
-10.3284858,-10.0
-11.2047061,-10.0
-11.5092765,-10.0
-10.0270676,-10.0
-0.9864073,-0.9864073
0.8362372,0.8362372
0.6172169,0.6172169
-0.4545357,-0.4545357
-0.6168306,-0.6168306
18.0614809,-10.0
0.8507616,0.8507616
-1.5723498,-1.5723498
-0.675992,-0.675992
-1.6258693,-1.6258693
-3.5586419,-3.5586419
0.59038,0.59038
5.4918651,5.4918651
-2.513424,-2.513424
-2.9385191,-2.9385191
-0.3014182,-0.3014182
-1.1776385,-1.1776385
-1.4822089,-1.4822089
10.0270676,-10.0
3.5484061,3.5484061
0.6039757,0.6039757
0.286605,0.286605
1.0251106,1.0251106
0.4883352,0.4883352
0.6398969,0.6398969
-0.9071805,-0.9071805
-0.2929531,-0.2929531
1.3511752,1.3511752
0.4067037,0.4067037
0.1063998,0.1063998
1.5533518,1.5533518
0.2253515,0.2253515
2.5430902,2.5430902
-0.3042272,-0.3042272
0.4194734,0.4194734
0.207647,0.207647
0.6009105,0.6009105
-0.3208425,-0.3208425
-3.5484061,-3.5484061
-2.9444304,-2.9444304
-3.2618011,-3.2618011
-2.5232955,-2.5232955
-3.0600709,-3.0600709
-2.9085092,-2.9085092
-4.4555866,-4.4555866
-3.8413592,-3.8413592
-2.1972309,-2.1972309
-3.1417024,-3.1417024
-3.4420063,-3.4420063
-1.9950543,-1.9950543
-3.3230546,-3.3230546
-1.0053159,-1.0053159
-3.8526333,-3.8526333
-3.1289327,-3.1289327
-3.3407591,-3.3407591
-2.9474956,-2.9474956
-3.8692486,-3.8692486
-0.6039757,-0.6039757
2.9444304,2.9444304
-0.3173707,-0.3173707
0.4211349,0.4211349
-0.1156405,-0.1156405
0.0359212,0.0359212
-1.5111562,-1.5111562
-0.8969288,-0.8969288
0.7471995,0.7471995
-0.197272,-0.197272
-0.4975759,-0.4975759
0.9493761,0.9493761
-0.3786242,-0.3786242
1.9391145,1.9391145
-0.9082029,-0.9082029
-0.1845023,-0.1845023
-0.3963287,-0.3963287
-0.0030652,-0.0030652
-0.9248182,-0.9248182
-0.286605,-0.286605
3.2618011,3.2618011
0.3173707,0.3173707
0.7385056,0.7385056
0.2017302,0.2017302
0.3532919,0.3532919
-1.1937855,-1.1937855
-0.5795581,-0.5795581
1.0645702,1.0645702
0.1200987,0.1200987
-0.1802052,-0.1802052
1.2667468,1.2667468
-0.0612535,-0.0612535
2.2564852,2.2564852
-0.5908322,-0.5908322
0.1328684,0.1328684
-0.078958,-0.078958
0.3143055,0.3143055
-0.6074475,-0.6074475
-1.0251106,-1.0251106
2.5232955,2.5232955
-0.4211349,-0.4211349
-0.7385056,-0.7385056
-0.5367754,-0.5367754
-0.3852137,-0.3852137
-1.9322911,-1.9322911
-1.3180637,-1.3180637
0.3260646,0.3260646
-0.6184069,-0.6184069
-0.9187108,-0.9187108
0.5282412,0.5282412
-0.7997591,-0.7997591
1.5179796,1.5179796
-1.3293378,-1.3293378
-0.6056372,-0.6056372
-0.8174636,-0.8174636
-0.4242001,-0.4242001
-1.3459531,-1.3459531
-0.4883352,-0.4883352
3.0600709,3.0600709
0.1156405,0.1156405
-0.2017302,-0.2017302
0.5367754,0.5367754
0.1515617,0.1515617
-1.3955157,-1.3955157
-0.7812883,-0.7812883
0.86284,0.86284
-0.0816315,-0.0816315
-0.3819354,-0.3819354
1.0650166,1.0650166
-0.2629837,-0.2629837
2.054755,2.054755
-0.7925624,-0.7925624
-0.0688618,-0.0688618
-0.2806882,-0.2806882
0.1125753,0.1125753
-0.8091777,-0.8091777
-0.6398969,-0.6398969
2.9085092,2.9085092
-0.0359212,-0.0359212
-0.3532919,-0.3532919
0.3852137,0.3852137
-0.1515617,-0.1515617
-1.5470774,-1.5470774
-0.93285,-0.93285
0.7112783,0.7112783
-0.2331932,-0.2331932
-0.5334971,-0.5334971
0.9134549,0.9134549
-0.4145454,-0.4145454
1.9031933,1.9031933
-0.9441241,-0.9441241
-0.2204235,-0.2204235
-0.4322499,-0.4322499
-0.0389864,-0.0389864
-0.9607394,-0.9607394
0.9071805,0.9071805
4.4555866,4.4555866
1.5111562,1.5111562
1.1937855,1.1937855
1.9322911,1.9322911
1.3955157,1.3955157
1.5470774,1.5470774
0.6142274,0.6142274
2.2583557,2.2583557
1.3138842,1.3138842
1.0135803,1.0135803
2.4605323,2.4605323
1.132532,1.132532
3.4502707,3.4502707
0.6029533,0.6029533
1.3266539,1.3266539
1.1148275,1.1148275
1.508091,1.508091
0.586338,0.586338
0.2929531,0.2929531
3.8413592,3.8413592
0.8969288,0.8969288
0.5795581,0.5795581
1.3180637,1.3180637
0.7812883,0.7812883
0.93285,0.93285
-0.6142274,-0.6142274
1.6441283,1.6441283
0.6996568,0.6996568
0.3993529,0.3993529
1.8463049,1.8463049
0.5183046,0.5183046
2.8360433,2.8360433
-0.0112741,-0.0112741
0.7124265,0.7124265
0.5006001,0.5006001
0.8938636,0.8938636
-0.0278894,-0.0278894
-1.3511752,-1.3511752
2.1972309,2.1972309
-0.7471995,-0.7471995
-1.0645702,-1.0645702
-0.3260646,-0.3260646
-0.86284,-0.86284
-0.7112783,-0.7112783
-2.2583557,-2.2583557
-1.6441283,-1.6441283
-0.9444715,-0.9444715
-1.2447754,-1.2447754
0.2021766,0.2021766
-1.1258237,-1.1258237
1.191915,1.191915
-1.6554024,-1.6554024
-0.9317018,-0.9317018
-1.1435282,-1.1435282
-0.7502647,-0.7502647
-1.6720177,-1.6720177
-0.4067037,-0.4067037
3.1417024,3.1417024
0.197272,0.197272
-0.1200987,-0.1200987
0.6184069,0.6184069
0.0816315,0.0816315
0.2331932,0.2331932
-1.3138842,-1.3138842
-0.6996568,-0.6996568
0.9444715,0.9444715
-0.3003039,-0.3003039
1.1466481,1.1466481
-0.1813522,-0.1813522
2.1363865,2.1363865
-0.7109309,-0.7109309
0.0127697,0.0127697
-0.1990567,-0.1990567
0.1942068,0.1942068
-0.7275462,-0.7275462
-0.1063998,-0.1063998
3.4420063,3.4420063
0.4975759,0.4975759
0.1802052,0.1802052
0.9187108,0.9187108
0.3819354,0.3819354
0.5334971,0.5334971
-1.0135803,-1.0135803
-0.3993529,-0.3993529
1.2447754,1.2447754
0.3003039,0.3003039
1.446952,1.446952
0.1189517,0.1189517
2.4366904,2.4366904
-0.410627,-0.410627
0.3130736,0.3130736
0.1012472,0.1012472
0.4945107,0.4945107
-0.4272423,-0.4272423
-1.5533518,-1.5533518
1.9950543,1.9950543
-0.9493761,-0.9493761
-1.2667468,-1.2667468
-0.5282412,-0.5282412
-1.0650166,-1.0650166
-0.9134549,-0.9134549
-2.4605323,-2.4605323
-1.8463049,-1.8463049
-0.2021766,-0.2021766
-1.1466481,-1.1466481
-1.446952,-1.446952
-1.3280003,-1.3280003
0.9897384,0.9897384
-1.857579,-1.857579
-1.1338784,-1.1338784
-1.3457048,-1.3457048
-0.9524413,-0.9524413
-1.8741943,-1.8741943
-0.2253515,-0.2253515
3.3230546,3.3230546
0.3786242,0.3786242
0.0612535,0.0612535
0.7997591,0.7997591
0.2629837,0.2629837
0.4145454,0.4145454
-1.132532,-1.132532
-0.5183046,-0.5183046
1.1258237,1.1258237
0.1813522,0.1813522
-0.1189517,-0.1189517
1.3280003,1.3280003
2.3177387,2.3177387
-0.5295787,-0.5295787
0.1941219,0.1941219
-0.0177045,-0.0177045
0.375559,0.375559
-0.546194,-0.546194
-2.5430902,-2.5430902
1.0053159,1.0053159
-1.9391145,-1.9391145
-2.2564852,-2.2564852
-1.5179796,-1.5179796
-2.054755,-2.054755
-1.9031933,-1.9031933
-3.4502707,-3.4502707
-2.8360433,-2.8360433
-1.191915,-1.191915
-2.1363865,-2.1363865
-2.4366904,-2.4366904
-0.9897384,-0.9897384
-2.3177387,-2.3177387
-2.8473174,-2.8473174
-2.1236168,-2.1236168
-2.3354432,-2.3354432
-1.9421797,-1.9421797
-2.8639327,-2.8639327
0.3042272,0.3042272
3.8526333,3.8526333
0.9082029,0.9082029
0.5908322,0.5908322
1.3293378,1.3293378
0.7925624,0.7925624
0.9441241,0.9441241
-0.6029533,-0.6029533
0.0112741,0.0112741
1.6554024,1.6554024
0.7109309,0.7109309
0.410627,0.410627
1.857579,1.857579
0.5295787,0.5295787
2.8473174,2.8473174
0.7237006,0.7237006
0.5118742,0.5118742
0.9051377,0.9051377
-0.0166153,-0.0166153
-0.4194734,-0.4194734
3.1289327,3.1289327
0.1845023,0.1845023
-0.1328684,-0.1328684
0.6056372,0.6056372
0.0688618,0.0688618
0.2204235,0.2204235
-1.3266539,-1.3266539
-0.7124265,-0.7124265
0.9317018,0.9317018
-0.0127697,-0.0127697
-0.3130736,-0.3130736
1.1338784,1.1338784
-0.1941219,-0.1941219
2.1236168,2.1236168
-0.7237006,-0.7237006
-0.2118264,-0.2118264
0.1814371,0.1814371
-0.7403159,-0.7403159
-0.207647,-0.207647
3.3407591,3.3407591
0.3963287,0.3963287
0.078958,0.078958
0.8174636,0.8174636
0.2806882,0.2806882
0.4322499,0.4322499
-1.1148275,-1.1148275
-0.5006001,-0.5006001
1.1435282,1.1435282
0.1990567,0.1990567
-0.1012472,-0.1012472
1.3457048,1.3457048
0.0177045,0.0177045
2.3354432,2.3354432
-0.5118742,-0.5118742
0.2118264,0.2118264
0.3932635,0.3932635
-0.5284895,-0.5284895
-0.6009105,-0.6009105
2.9474956,2.9474956
0.0030652,0.0030652
-0.3143055,-0.3143055
0.4242001,0.4242001
-0.1125753,-0.1125753
0.0389864,0.0389864
-1.508091,-1.508091
-0.8938636,-0.8938636
0.7502647,0.7502647
-0.1942068,-0.1942068
-0.4945107,-0.4945107
0.9524413,0.9524413
-0.375559,-0.375559
1.9421797,1.9421797
-0.9051377,-0.9051377
-0.1814371,-0.1814371
-0.3932635,-0.3932635
-0.921753,-0.921753
0.3208425,0.3208425
3.8692486,3.8692486
0.9248182,0.9248182
0.6074475,0.6074475
1.3459531,1.3459531
0.8091777,0.8091777
0.9607394,0.9607394
-0.586338,-0.586338
0.0278894,0.0278894
1.6720177,1.6720177
0.7275462,0.7275462
0.4272423,0.4272423
1.8741943,1.8741943
0.546194,0.546194
2.8639327,2.8639327
0.0166153,0.0166153
0.7403159,0.7403159
0.5284895,0.5284895
0.921753,0.921753
2.6784327,2.6784327
2.5401259,2.5401259
14.3832605,-10.0
1.5994481,1.5994481
0.1017389,0.1017389
3.8254295,3.8254295
-0.3850461,-0.3850461
15.5823843,-10.0
1.9280121,1.9280121
2.0370313,2.0370313
-1.7189756,-1.7189756
2.66079,2.66079
3.7317726,3.7317726
16.2112507,-10.0
1.3885943,1.3885943
0.3088011,0.3088011
0.3013322,0.3013322
6.9538613,6.9538613
2.3748991,2.3748991
-2.6784327,-2.6784327
-0.1383068,-0.1383068
11.7048278,-10.0
-1.0789846,-1.0789846
-2.5766938,-2.5766938
1.1469968,1.1469968
-3.0634788,-3.0634788
12.9039516,-10.0
-0.7504206,-0.7504206
-0.6414014,-0.6414014
-4.3974083,-4.3974083
-0.0176427,-0.0176427
1.0533399,1.0533399
13.532818,-10.0
-1.2898384,-1.2898384
-2.3696316,-2.3696316
-2.3771005,-2.3771005
4.2754286,4.2754286
-0.3035336,-0.3035336
-2.5401259,-2.5401259
0.1383068,0.1383068
11.8431346,-10.0
-0.9406778,-0.9406778
-2.438387,-2.438387
1.2853036,1.2853036
-2.925172,-2.925172
13.0422584,-10.0
-0.6121138,-0.6121138
-0.5030946,-0.5030946
-4.2591015,-4.2591015
0.1206641,0.1206641
1.1916467,1.1916467
13.6711248,-10.0
-1.1515316,-1.1515316
-2.2313248,-2.2313248
-2.2387937,-2.2387937
4.4137354,4.4137354
-0.1652268,-0.1652268
-14.3832605,-10.0
-11.7048278,-10.0
-11.8431346,-10.0
-12.7838124,-10.0
-14.2815216,-10.0
-10.557831,-10.0
-14.7683066,-10.0
1.1991238,1.1991238
-12.4552484,-10.0
-12.3462292,-10.0
-16.1022361,-10.0
-11.7224705,-10.0
-10.6514879,-10.0
1.8279902,1.8279902
-12.9946662,-10.0
-14.0744594,-10.0
-14.0819283,-10.0
-7.4293992,-7.4293992
-12.0083614,-10.0
-1.5994481,-1.5994481
1.0789846,1.0789846
0.9406778,0.9406778
12.7838124,-10.0
-1.4977092,-1.4977092
2.2259814,2.2259814
-1.9844942,-1.9844942
13.9829362,-10.0
0.328564,0.328564
0.4375832,0.4375832
-3.3184237,-3.3184237
1.0613419,1.0613419
2.1323245,2.1323245
14.6118026,-10.0
-0.2108538,-0.2108538
-1.290647,-1.290647
-1.2981159,-1.2981159
5.3544132,5.3544132
0.775451,0.775451
-0.1017389,-0.1017389
2.5766938,2.5766938
2.438387,2.438387
14.2815216,-10.0
1.4977092,1.4977092
3.7236906,3.7236906
-0.486785,-0.486785
15.4806454,-10.0
1.8262732,1.8262732
1.9352924,1.9352924
-1.8207145,-1.8207145
2.5590511,2.5590511
3.6300337,3.6300337
16.1095118,-10.0
1.2868554,1.2868554
0.2070622,0.2070622
0.1995933,0.1995933
6.8521224,6.8521224
2.2731602,2.2731602
-3.8254295,-3.8254295
-1.1469968,-1.1469968
-1.2853036,-1.2853036
10.557831,-10.0
-2.2259814,-2.2259814
-3.7236906,-3.7236906
-4.2104756,-4.2104756
11.7569548,-10.0
-1.8974174,-1.8974174
-1.7883982,-1.7883982
-5.5444051,-5.5444051
-1.1646395,-1.1646395
-0.0936569,-0.0936569
12.3858212,-10.0
-2.4368352,-2.4368352
-3.5166284,-3.5166284
-3.5240973,-3.5240973
3.1284318,3.1284318
-1.4505304,-1.4505304
0.3850461,0.3850461
3.0634788,3.0634788
2.925172,2.925172
14.7683066,-10.0
1.9844942,1.9844942
0.486785,0.486785
4.2104756,4.2104756
15.9674304,-10.0
2.3130582,2.3130582
2.4220774,2.4220774
-1.3339295,-1.3339295
3.0458361,3.0458361
4.1168187,4.1168187
16.5962968,-10.0
1.7736404,1.7736404
0.6938472,0.6938472
0.6863783,0.6863783
7.3389074,7.3389074
2.7599452,2.7599452
-15.5823843,-10.0
-12.9039516,-10.0
-13.0422584,-10.0
-1.1991238,-1.1991238
-13.9829362,-10.0
-15.4806454,-10.0
-11.7569548,-10.0
-15.9674304,-10.0
-13.6543722,-10.0
-13.545353,-10.0
-17.3013599,-10.0
-12.9215943,-10.0
-11.8506117,-10.0
0.6288664,0.6288664
-14.19379,-10.0
-15.2735832,-10.0
-15.2810521,-10.0
-8.628523,-8.628523
-13.2074852,-10.0
-1.9280121,-1.9280121
0.7504206,0.7504206
0.6121138,0.6121138
12.4552484,-10.0
-0.328564,-0.328564
-1.8262732,-1.8262732
1.8974174,1.8974174
-2.3130582,-2.3130582
13.6543722,-10.0
0.1090192,0.1090192
-3.6469877,-3.6469877
0.7327779,0.7327779
1.8037605,1.8037605
14.2832386,-10.0
-0.5394178,-0.5394178
-1.619211,-1.619211
-1.6266799,-1.6266799
5.0258492,5.0258492
0.446887,0.446887
-2.0370313,-2.0370313
0.6414014,0.6414014
0.5030946,0.5030946
12.3462292,-10.0
-0.4375832,-0.4375832
-1.9352924,-1.9352924
1.7883982,1.7883982
-2.4220774,-2.4220774
13.545353,-10.0
-0.1090192,-0.1090192
-3.7560069,-3.7560069
0.6237587,0.6237587
1.6947413,1.6947413
14.1742194,-10.0
-0.648437,-0.648437
-1.7282302,-1.7282302
-1.7356991,-1.7356991
4.91683,4.91683
0.3378678,0.3378678
1.7189756,1.7189756
4.3974083,4.3974083
4.2591015,4.2591015
16.1022361,-10.0
3.3184237,3.3184237
1.8207145,1.8207145
5.5444051,5.5444051
1.3339295,1.3339295
17.3013599,-10.0
3.6469877,3.6469877
3.7560069,3.7560069
4.3797656,4.3797656
5.4507482,5.4507482
17.9302263,-10.0
3.1075699,3.1075699
2.0277767,2.0277767
2.0203078,2.0203078
8.6728369,8.6728369
4.0938747,4.0938747
-2.66079,-2.66079
0.0176427,0.0176427
-0.1206641,-0.1206641
11.7224705,-10.0
-1.0613419,-1.0613419
-2.5590511,-2.5590511
1.1646395,1.1646395
-3.0458361,-3.0458361
12.9215943,-10.0
-0.7327779,-0.7327779
-0.6237587,-0.6237587
-4.3797656,-4.3797656
1.0709826,1.0709826
13.5504607,-10.0
-1.2721957,-1.2721957
-2.3519889,-2.3519889
-2.3594578,-2.3594578
4.2930713,4.2930713
-0.2858909,-0.2858909
-3.7317726,-3.7317726
-1.0533399,-1.0533399
-1.1916467,-1.1916467
10.6514879,-10.0
-2.1323245,-2.1323245
-3.6300337,-3.6300337
0.0936569,0.0936569
-4.1168187,-4.1168187
11.8506117,-10.0
-1.8037605,-1.8037605
-1.6947413,-1.6947413
-5.4507482,-5.4507482
-1.0709826,-1.0709826
12.4794781,-10.0
-2.3431783,-2.3431783
-3.4229715,-3.4229715
-3.4304404,-3.4304404
3.2220887,3.2220887
-1.3568735,-1.3568735
-16.2112507,-10.0
-13.532818,-10.0
-13.6711248,-10.0
-1.8279902,-1.8279902
-14.6118026,-10.0
-16.1095118,-10.0
-12.3858212,-10.0
-16.5962968,-10.0
-0.6288664,-0.6288664
-14.2832386,-10.0
-14.1742194,-10.0
-17.9302263,-10.0
-13.5504607,-10.0
-12.4794781,-10.0
-14.8226564,-10.0
-15.9024496,-10.0
-15.9099185,-10.0
-9.2573894,-9.2573894
-13.8363516,-10.0
-1.3885943,-1.3885943
1.2898384,1.2898384
1.1515316,1.1515316
12.9946662,-10.0
0.2108538,0.2108538
-1.2868554,-1.2868554
2.4368352,2.4368352
-1.7736404,-1.7736404
14.19379,-10.0
0.5394178,0.5394178
0.648437,0.648437
-3.1075699,-3.1075699
1.2721957,1.2721957
2.3431783,2.3431783
14.8226564,-10.0
-1.0797932,-1.0797932
-1.0872621,-1.0872621
5.565267,5.565267
0.9863048,0.9863048
-0.3088011,-0.3088011
2.3696316,2.3696316
2.2313248,2.2313248
14.0744594,-10.0
1.290647,1.290647
-0.2070622,-0.2070622
3.5166284,3.5166284
-0.6938472,-0.6938472
15.2735832,-10.0
1.619211,1.619211
1.7282302,1.7282302
-2.0277767,-2.0277767
2.3519889,2.3519889
3.4229715,3.4229715
15.9024496,-10.0
1.0797932,1.0797932
-0.0074689,-0.0074689
6.6450602,6.6450602
2.066098,2.066098
-0.3013322,-0.3013322
2.3771005,2.3771005
2.2387937,2.2387937
14.0819283,-10.0
1.2981159,1.2981159
-0.1995933,-0.1995933
3.5240973,3.5240973
-0.6863783,-0.6863783
15.2810521,-10.0
1.6266799,1.6266799
1.7356991,1.7356991
-2.0203078,-2.0203078
2.3594578,2.3594578
3.4304404,3.4304404
15.9099185,-10.0
1.0872621,1.0872621
0.0074689,0.0074689
6.6525291,6.6525291
2.0735669,2.0735669
-6.9538613,-6.9538613
-4.2754286,-4.2754286
-4.4137354,-4.4137354
7.4293992,7.4293992
-5.3544132,-5.3544132
-6.8521224,-6.8521224
-3.1284318,-3.1284318
-7.3389074,-7.3389074
8.628523,8.628523
-5.0258492,-5.0258492
-4.91683,-4.91683
-8.6728369,-8.6728369
-4.2930713,-4.2930713
-3.2220887,-3.2220887
9.2573894,9.2573894
-5.565267,-5.565267
-6.6450602,-6.6450602
-6.6525291,-6.6525291
-4.5789622,-4.5789622
-2.3748991,-2.3748991
0.3035336,0.3035336
0.1652268,0.1652268
12.0083614,-10.0
-0.775451,-0.775451
-2.2731602,-2.2731602
1.4505304,1.4505304
-2.7599452,-2.7599452
13.2074852,-10.0
-0.446887,-0.446887
-0.3378678,-0.3378678
-4.0938747,-4.0938747
0.2858909,0.2858909
1.3568735,1.3568735
13.8363516,-10.0
-0.9863048,-0.9863048
-2.066098,-2.066098
-2.0735669,-2.0735669
4.5789622,4.5789622
14.0739928,-10.0
0.3828666,0.3828666
-3.7876625,-3.7876625
-2.3297013,-2.3297013
-0.2928758,-0.2928758
2.1747003,2.1747003
-1.6339662,-1.6339662
0.6809854,0.6809854
-1.8866385,-1.8866385
-2.7200302,-2.7200302
4.9810719,4.9810719
14.4749635,-10.0
-3.0981964,-3.0981964
5.3631947,5.3631947
2.4291066,2.4291066
0.4505825,0.4505825
-0.5302702,-0.5302702
-1.1187275,-1.1187275
-2.3595723,-2.3595723
-14.0739928,-10.0
-13.6911262,-10.0
-17.8616553,-10.0
-16.4036941,-10.0
-14.3668686,-10.0
-11.8992925,-10.0
-15.707959,-10.0
-13.3930074,-10.0
-15.9606313,-10.0
-16.794023,-10.0
-9.0929209,-9.0929209
0.4009707,0.4009707
-17.1721892,-10.0
-8.7107981,-8.7107981
-11.6448862,-10.0
-13.6234103,-10.0
-14.604263,-10.0
-15.1927203,-10.0
-16.4335651,-10.0
-0.3828666,-0.3828666
13.6911262,-10.0
-4.1705291,-4.1705291
-2.7125679,-2.7125679
-0.6757424,-0.6757424
1.7918337,1.7918337
-2.0168328,-2.0168328
0.2981188,0.2981188
-2.2695051,-2.2695051
-3.1028968,-3.1028968
4.5982053,4.5982053
14.0920969,-10.0
-3.481063,-3.481063
4.9803281,4.9803281
2.04624,2.04624
0.0677159,0.0677159
-0.9131368,-0.9131368
-1.5015941,-1.5015941
-2.7424389,-2.7424389
3.7876625,3.7876625
17.8616553,-10.0
4.1705291,4.1705291
1.4579612,1.4579612
3.4947867,3.4947867
5.9623628,5.9623628
2.1536963,2.1536963
4.4686479,4.4686479
1.901024,1.901024
1.0676323,1.0676323
8.7687344,8.7687344
18.262626,-10.0
0.6894661,0.6894661
9.1508572,9.1508572
6.2167691,6.2167691
4.238245,4.238245
3.2573923,3.2573923
2.668935,2.668935
1.4280902,1.4280902
2.3297013,2.3297013
16.4036941,-10.0
2.7125679,2.7125679
-1.4579612,-1.4579612
2.0368255,2.0368255
4.5044016,4.5044016
0.6957351,0.6957351
3.0106867,3.0106867
0.4430628,0.4430628
-0.3903289,-0.3903289
7.3107732,7.3107732
16.8046648,-10.0
-0.7684951,-0.7684951
7.692896,7.692896
4.7588079,4.7588079
2.7802838,2.7802838
1.7994311,1.7994311
1.2109738,1.2109738
-0.029871,-0.029871
0.2928758,0.2928758
14.3668686,-10.0
0.6757424,0.6757424
-3.4947867,-3.4947867
-2.0368255,-2.0368255
2.4675761,2.4675761
-1.3410904,-1.3410904
0.9738612,0.9738612
-1.5937627,-1.5937627
-2.4271544,-2.4271544
5.2739477,5.2739477
14.7678393,-10.0
-2.8053206,-2.8053206
5.6560705,5.6560705
2.7219824,2.7219824
0.7434583,0.7434583
-0.2373944,-0.2373944
-0.8258517,-0.8258517
-2.0666965,-2.0666965
-2.1747003,-2.1747003
11.8992925,-10.0
-1.7918337,-1.7918337
-5.9623628,-5.9623628
-4.5044016,-4.5044016
-2.4675761,-2.4675761
-3.8086665,-3.8086665
-1.4937149,-1.4937149
-4.0613388,-4.0613388
-4.8947305,-4.8947305
2.8063716,2.8063716
12.3002632,-10.0
-5.2728967,-5.2728967
3.1884944,3.1884944
0.2544063,0.2544063
-1.7241178,-1.7241178
-2.7049705,-2.7049705
-3.2934278,-3.2934278
-4.5342726,-4.5342726
1.6339662,1.6339662
15.707959,-10.0
2.0168328,2.0168328
-2.1536963,-2.1536963
-0.6957351,-0.6957351
1.3410904,1.3410904
3.8086665,3.8086665
2.3149516,2.3149516
-0.2526723,-0.2526723
-1.086064,-1.086064
6.6150381,6.6150381
16.1089297,-10.0
-1.4642302,-1.4642302
6.9971609,6.9971609
4.0630728,4.0630728
2.0845487,2.0845487
1.103696,1.103696
0.5152387,0.5152387
-0.7256061,-0.7256061
-0.6809854,-0.6809854
13.3930074,-10.0
-0.2981188,-0.2981188
-4.4686479,-4.4686479
-3.0106867,-3.0106867
-0.9738612,-0.9738612
1.4937149,1.4937149
-2.3149516,-2.3149516
-2.5676239,-2.5676239
-3.4010156,-3.4010156
4.3000865,4.3000865
13.7939781,-10.0
-3.7791818,-3.7791818
4.6822093,4.6822093
1.7481212,1.7481212
-0.2304029,-0.2304029
-1.2112556,-1.2112556
-1.7997129,-1.7997129
-3.0405577,-3.0405577
1.8866385,1.8866385
15.9606313,-10.0
2.2695051,2.2695051
-1.901024,-1.901024
-0.4430628,-0.4430628
1.5937627,1.5937627
4.0613388,4.0613388
0.2526723,0.2526723
2.5676239,2.5676239
-0.8333917,-0.8333917
6.8677104,6.8677104
16.361602,-10.0
-1.2115579,-1.2115579
7.2498332,7.2498332
4.3157451,4.3157451
2.337221,2.337221
1.3563683,1.3563683
0.767911,0.767911
-0.4729338,-0.4729338
2.7200302,2.7200302
16.794023,-10.0
3.1028968,3.1028968
-1.0676323,-1.0676323
0.3903289,0.3903289
2.4271544,2.4271544
4.8947305,4.8947305
1.086064,1.086064
3.4010156,3.4010156
0.8333917,0.8333917
7.7011021,7.7011021
17.1949937,-10.0
-0.3781662,-0.3781662
8.0832249,8.0832249
5.1491368,5.1491368
3.1706127,3.1706127
2.18976,2.18976
1.6013027,1.6013027
0.3604579,0.3604579
-4.9810719,-4.9810719
9.0929209,9.0929209
-4.5982053,-4.5982053
-8.7687344,-8.7687344
-7.3107732,-7.3107732
-5.2739477,-5.2739477
-2.8063716,-2.8063716
-6.6150381,-6.6150381
-4.3000865,-4.3000865
-6.8677104,-6.8677104
-7.7011021,-7.7011021
9.4938916,9.4938916
-8.0792683,-8.0792683
0.3821228,0.3821228
-2.5519653,-2.5519653
-4.5304894,-4.5304894
-5.5113421,-5.5113421
-6.0997994,-6.0997994
-7.3406442,-7.3406442
-14.4749635,-10.0
-0.4009707,-0.4009707
-14.0920969,-10.0
-18.262626,-10.0
-16.8046648,-10.0
-14.7678393,-10.0
-12.3002632,-10.0
-16.1089297,-10.0
-13.7939781,-10.0
-16.361602,-10.0
-17.1949937,-10.0
-9.4938916,-9.4938916
-17.5731599,-10.0
-9.1117688,-9.1117688
-12.0458569,-10.0
-14.024381,-10.0
-15.0052337,-10.0
-15.593691,-10.0
-16.8345358,-10.0
3.0981964,3.0981964
17.1721892,-10.0
3.481063,3.481063
-0.6894661,-0.6894661
0.7684951,0.7684951
2.8053206,2.8053206
5.2728967,5.2728967
1.4642302,1.4642302
3.7791818,3.7791818
1.2115579,1.2115579
0.3781662,0.3781662
8.0792683,8.0792683
17.5731599,-10.0
8.4613911,8.4613911
5.527303,5.527303
3.5487789,3.5487789
2.5679262,2.5679262
1.9794689,1.9794689
0.7386241,0.7386241
-5.3631947,-5.3631947
8.7107981,8.7107981
-4.9803281,-4.9803281
-9.1508572,-9.1508572
-7.692896,-7.692896
-5.6560705,-5.6560705
-3.1884944,-3.1884944
-6.9971609,-6.9971609
-4.6822093,-4.6822093
-7.2498332,-7.2498332
-8.0832249,-8.0832249
-0.3821228,-0.3821228
9.1117688,9.1117688
-8.4613911,-8.4613911
-2.9340881,-2.9340881
-4.9126122,-4.9126122
-5.8934649,-5.8934649
-6.4819222,-6.4819222
-7.722767,-7.722767
-2.4291066,-2.4291066
11.6448862,-10.0
-2.04624,-2.04624
-6.2167691,-6.2167691
-4.7588079,-4.7588079
-2.7219824,-2.7219824
-0.2544063,-0.2544063
-4.0630728,-4.0630728
-1.7481212,-1.7481212
-4.3157451,-4.3157451
-5.1491368,-5.1491368
2.5519653,2.5519653
12.0458569,-10.0
-5.527303,-5.527303
2.9340881,2.9340881
-1.9785241,-1.9785241
-2.9593768,-2.9593768
-3.5478341,-3.5478341
-4.7886789,-4.7886789
-0.4505825,-0.4505825
13.6234103,-10.0
-0.0677159,-0.0677159
-4.238245,-4.238245
-2.7802838,-2.7802838
-0.7434583,-0.7434583
1.7241178,1.7241178
-2.0845487,-2.0845487
0.2304029,0.2304029
-2.337221,-2.337221
-3.1706127,-3.1706127
4.5304894,4.5304894
14.024381,-10.0
-3.5487789,-3.5487789
4.9126122,4.9126122
1.9785241,1.9785241
-0.9808527,-0.9808527
-1.56931,-1.56931
-2.8101548,-2.8101548
0.5302702,0.5302702
14.604263,-10.0
0.9131368,0.9131368
-3.2573923,-3.2573923
-1.7994311,-1.7994311
0.2373944,0.2373944
2.7049705,2.7049705
-1.103696,-1.103696
1.2112556,1.2112556
-1.3563683,-1.3563683
-2.18976,-2.18976
5.5113421,5.5113421
15.0052337,-10.0
-2.5679262,-2.5679262
5.8934649,5.8934649
2.9593768,2.9593768
0.9808527,0.9808527
-0.5884573,-0.5884573
-1.8293021,-1.8293021
1.1187275,1.1187275
15.1927203,-10.0
1.5015941,1.5015941
-2.668935,-2.668935
-1.2109738,-1.2109738
0.8258517,0.8258517
3.2934278,3.2934278
-0.5152387,-0.5152387
1.7997129,1.7997129
-0.767911,-0.767911
-1.6013027,-1.6013027
6.0997994,6.0997994
15.593691,-10.0
-1.9794689,-1.9794689
6.4819222,6.4819222
3.5478341,3.5478341
1.56931,1.56931
0.5884573,0.5884573
-1.2408448,-1.2408448
2.3595723,2.3595723
16.4335651,-10.0
2.7424389,2.7424389
-1.4280902,-1.4280902
0.029871,0.029871
2.0666965,2.0666965
4.5342726,4.5342726
0.7256061,0.7256061
3.0405577,3.0405577
0.4729338,0.4729338
-0.3604579,-0.3604579
7.3406442,7.3406442
16.8345358,-10.0
-0.7386241,-0.7386241
7.722767,7.722767
4.7886789,4.7886789
2.8101548,2.8101548
1.8293021,1.8293021
1.2408448,1.2408448
1.4863761,1.4863761
2.3349035,2.3349035
0.5290081,0.5290081
-3.9007639,-3.9007639
1.8861534,1.8861534
-0.1151237,-0.1151237
-2.2157078,-2.2157078
-0.2950643,-0.2950643
-2.5445183,-2.5445183
-2.4264589,-2.4264589
-0.7933769,-0.7933769
1.3335819,1.3335819
0.9575226,0.9575226
9.562408,9.562408
0.7251679,0.7251679
-0.6062825,-0.6062825
-0.8747739,-0.8747739
-2.264515,-2.264515
-3.4855274,-3.4855274
-1.4863761,-1.4863761
0.8485274,0.8485274
-0.957368,-0.957368
-5.38714,-5.38714
0.3997773,0.3997773
-1.6014998,-1.6014998
-3.7020839,-3.7020839
-1.7814404,-1.7814404
-4.0308944,-4.0308944
-3.912835,-3.912835
-2.279753,-2.279753
-0.1527942,-0.1527942
-0.5288535,-0.5288535
8.0760319,8.0760319
-0.7612082,-0.7612082
-2.0926586,-2.0926586
-2.36115,-2.36115
-3.7508911,-3.7508911
-4.9719035,-4.9719035
-2.3349035,-2.3349035
-0.8485274,-0.8485274
-1.8058954,-1.8058954
-6.2356674,-6.2356674
-0.4487501,-0.4487501
-2.4500272,-2.4500272
-4.5506113,-4.5506113
-2.6299678,-2.6299678
-4.8794218,-4.8794218
-4.7613624,-4.7613624
-3.1282804,-3.1282804
-1.0013216,-1.0013216
-1.3773809,-1.3773809
7.2275045,7.2275045
-1.6097356,-1.6097356
-2.941186,-2.941186
-3.2096774,-3.2096774
-4.5994185,-4.5994185
-5.8204309,-5.8204309
-0.5290081,-0.5290081
0.957368,0.957368
1.8058954,1.8058954
-4.429772,-4.429772
1.3571453,1.3571453
-0.6441318,-0.6441318
-2.7447159,-2.7447159
-0.8240724,-0.8240724
-3.0735264,-3.0735264
-2.955467,-2.955467
-1.322385,-1.322385
0.8045738,0.8045738
0.4285145,0.4285145
9.0333999,9.0333999
0.1961598,0.1961598
-1.1352906,-1.1352906
-1.403782,-1.403782
-2.7935231,-2.7935231
-4.0145355,-4.0145355
3.9007639,3.9007639
5.38714,5.38714
6.2356674,6.2356674
4.429772,4.429772
5.7869173,5.7869173
3.7856402,3.7856402
1.6850561,1.6850561
3.6056996,3.6056996
1.3562456,1.3562456
1.474305,1.474305
3.107387,3.107387
5.2343458,5.2343458
4.8582865,4.8582865
13.4631719,-10.0
4.6259318,4.6259318
3.2944814,3.2944814
3.02599,3.02599
1.6362489,1.6362489
0.4152365,0.4152365
-1.8861534,-1.8861534
-0.3997773,-0.3997773
0.4487501,0.4487501
-1.3571453,-1.3571453
-5.7869173,-5.7869173
-2.0012771,-2.0012771
-4.1018612,-4.1018612
-2.1812177,-2.1812177
-4.4306717,-4.4306717
-4.3126123,-4.3126123
-2.6795303,-2.6795303
-0.5525715,-0.5525715
-0.9286308,-0.9286308
7.6762546,7.6762546
-1.1609855,-1.1609855
-2.4924359,-2.4924359
-2.7609273,-2.7609273
-4.1506684,-4.1506684
-5.3716808,-5.3716808
0.1151237,0.1151237
1.6014998,1.6014998
2.4500272,2.4500272
0.6441318,0.6441318
-3.7856402,-3.7856402
2.0012771,2.0012771
-2.1005841,-2.1005841
-0.1799406,-0.1799406
-2.4293946,-2.4293946
-2.3113352,-2.3113352
-0.6782532,-0.6782532
1.4487056,1.4487056
1.0726463,1.0726463
9.6775317,9.6775317
0.8402916,0.8402916
-0.4911588,-0.4911588
-0.7596502,-0.7596502
-2.1493913,-2.1493913
-3.3704037,-3.3704037
2.2157078,2.2157078
3.7020839,3.7020839
4.5506113,4.5506113
2.7447159,2.7447159
-1.6850561,-1.6850561
4.1018612,4.1018612
2.1005841,2.1005841
1.9206435,1.9206435
-0.3288105,-0.3288105
-0.2107511,-0.2107511
1.4223309,1.4223309
3.5492897,3.5492897
3.1732304,3.1732304
11.7781158,-10.0
2.9408757,2.9408757
1.6094253,1.6094253
1.3409339,1.3409339
-0.0488072,-0.0488072
-1.2698196,-1.2698196
0.2950643,0.2950643
1.7814404,1.7814404
2.6299678,2.6299678
0.8240724,0.8240724
-3.6056996,-3.6056996
2.1812177,2.1812177
0.1799406,0.1799406
-1.9206435,-1.9206435
-2.249454,-2.249454
-2.1313946,-2.1313946
-0.4983126,-0.4983126
1.6286462,1.6286462
1.2525869,1.2525869
9.8574723,9.8574723
1.0202322,1.0202322
-0.3112182,-0.3112182
-0.5797096,-0.5797096
-1.9694507,-1.9694507
-3.1904631,-3.1904631
2.5445183,2.5445183
4.0308944,4.0308944
4.8794218,4.8794218
3.0735264,3.0735264
-1.3562456,-1.3562456
4.4306717,4.4306717
2.4293946,2.4293946
0.3288105,0.3288105
2.249454,2.249454
0.1180594,0.1180594
1.7511414,1.7511414
3.8781002,3.8781002
3.5020409,3.5020409
12.1069263,-10.0
3.2696862,3.2696862
1.9382358,1.9382358
1.6697444,1.6697444
0.2800033,0.2800033
-0.9410091,-0.9410091
2.4264589,2.4264589
3.912835,3.912835
4.7613624,4.7613624
2.955467,2.955467
-1.474305,-1.474305
4.3126123,4.3126123
2.3113352,2.3113352
0.2107511,0.2107511
2.1313946,2.1313946
-0.1180594,-0.1180594
1.633082,1.633082
3.7600408,3.7600408
3.3839815,3.3839815
11.9888669,-10.0
3.1516268,3.1516268
1.8201764,1.8201764
1.551685,1.551685
0.1619439,0.1619439
-1.0590685,-1.0590685
0.7933769,0.7933769
2.279753,2.279753
3.1282804,3.1282804
1.322385,1.322385
-3.107387,-3.107387
2.6795303,2.6795303
0.6782532,0.6782532
-1.4223309,-1.4223309
0.4983126,0.4983126
-1.7511414,-1.7511414
-1.633082,-1.633082
2.1269588,2.1269588
1.7508995,1.7508995
10.3557849,-10.0
1.5185448,1.5185448
0.1870944,0.1870944
-0.081397,-0.081397
-1.4711381,-1.4711381
-2.6921505,-2.6921505
-1.3335819,-1.3335819
0.1527942,0.1527942
1.0013216,1.0013216
-0.8045738,-0.8045738
-5.2343458,-5.2343458
0.5525715,0.5525715
-1.4487056,-1.4487056
-3.5492897,-3.5492897
-1.6286462,-1.6286462
-3.8781002,-3.8781002
-3.7600408,-3.7600408
-2.1269588,-2.1269588
-0.3760593,-0.3760593
8.2288261,8.2288261
-0.608414,-0.608414
-1.9398644,-1.9398644
-2.2083558,-2.2083558
-3.5980969,-3.5980969
-4.8191093,-4.8191093
-0.9575226,-0.9575226
0.5288535,0.5288535
1.3773809,1.3773809
-0.4285145,-0.4285145
-4.8582865,-4.8582865
0.9286308,0.9286308
-1.0726463,-1.0726463
-3.1732304,-3.1732304
-1.2525869,-1.2525869
-3.5020409,-3.5020409
-3.3839815,-3.3839815
-1.7508995,-1.7508995
0.3760593,0.3760593
8.6048854,8.6048854
-0.2323547,-0.2323547
-1.5638051,-1.5638051
-1.8322965,-1.8322965
-3.2220376,-3.2220376
-4.44305,-4.44305
-9.562408,-9.562408
-8.0760319,-8.0760319
-7.2275045,-7.2275045
-9.0333999,-9.0333999
-13.4631719,-10.0
-7.6762546,-7.6762546
-9.6775317,-9.6775317
-11.7781158,-10.0
-9.8574723,-9.8574723
-12.1069263,-10.0
-11.9888669,-10.0
-10.3557849,-10.0
-8.2288261,-8.2288261
-8.6048854,-8.6048854
-8.8372401,-8.8372401
-10.1686905,-10.0
-10.4371819,-10.0
-11.826923,-10.0
-13.0479354,-10.0
-0.7251679,-0.7251679
0.7612082,0.7612082
1.6097356,1.6097356
-0.1961598,-0.1961598
-4.6259318,-4.6259318
1.1609855,1.1609855
-0.8402916,-0.8402916
-2.9408757,-2.9408757
-1.0202322,-1.0202322
-3.2696862,-3.2696862
-3.1516268,-3.1516268
-1.5185448,-1.5185448
0.608414,0.608414
0.2323547,0.2323547
8.8372401,8.8372401
-1.3314504,-1.3314504
-1.5999418,-1.5999418
-2.9896829,-2.9896829
-4.2106953,-4.2106953
0.6062825,0.6062825
2.0926586,2.0926586
2.941186,2.941186
1.1352906,1.1352906
-3.2944814,-3.2944814
2.4924359,2.4924359
0.4911588,0.4911588
-1.6094253,-1.6094253
0.3112182,0.3112182
-1.9382358,-1.9382358
-1.8201764,-1.8201764
-0.1870944,-0.1870944
1.9398644,1.9398644
1.5638051,1.5638051
10.1686905,-10.0
1.3314504,1.3314504
-0.2684914,-0.2684914
-1.6582325,-1.6582325
-2.8792449,-2.8792449
0.8747739,0.8747739
2.36115,2.36115
3.2096774,3.2096774
1.403782,1.403782
-3.02599,-3.02599
2.7609273,2.7609273
0.7596502,0.7596502
-1.3409339,-1.3409339
0.5797096,0.5797096
-1.6697444,-1.6697444
-1.551685,-1.551685
0.081397,0.081397
2.2083558,2.2083558
1.8322965,1.8322965
10.4371819,-10.0
1.5999418,1.5999418
0.2684914,0.2684914
-1.3897411,-1.3897411
-2.6107535,-2.6107535
2.264515,2.264515
3.7508911,3.7508911
4.5994185,4.5994185
2.7935231,2.7935231
-1.6362489,-1.6362489
4.1506684,4.1506684
2.1493913,2.1493913
0.0488072,0.0488072
1.9694507,1.9694507
-0.2800033,-0.2800033
-0.1619439,-0.1619439
1.4711381,1.4711381
3.5980969,3.5980969
3.2220376,3.2220376
11.826923,-10.0
2.9896829,2.9896829
1.6582325,1.6582325
1.3897411,1.3897411
-1.2210124,-1.2210124
3.4855274,3.4855274
4.9719035,4.9719035
5.8204309,5.8204309
4.0145355,4.0145355
-0.4152365,-0.4152365
5.3716808,5.3716808
3.3704037,3.3704037
1.2698196,1.2698196
3.1904631,3.1904631
0.9410091,0.9410091
1.0590685,1.0590685
2.6921505,2.6921505
4.8191093,4.8191093
4.44305,4.44305
13.0479354,-10.0
4.2106953,4.2106953
2.8792449,2.8792449
2.6107535,2.6107535
1.2210124,1.2210124