0.050978	0.0109981	0.0264685	0.0658392	0.0630704	0.0458851	0.00882332	0.0017407	0.00454275	0.00888393	0.541535	0.0117233	0.0359071	0.0346661	0.000795068	0.0267992	0.00037519	0.00291287	0.0433207	0.0147352	
0.00291814	0.00800683	0.0153182	0.485985	0.0617351	0.00327548	0.015552	0.00317522	0.000678147	0.008124	0.0654596	0.00181907	0.0131232	0.0102298	0.00174206	0.249297	0.024274	0.00185246	0.026385	0.00104984	
0.0425674	0.00715906	0.0296511	0.0134382	0.0462734	0.000786142	0.0213386	0.0105574	0.00345933	0.0129813	0.0388105	0.0463999	0.0555712	0.023931	0.415727	0.0200884	0.108287	0.0665401	0.00457464	0.0318591	
0.0365428	0.0154707	0.232194	0.0225031	0.0427889	0.0230097	0.0182835	0.304089	0.0038672	0.0211106	0.00125472	0.0718968	0.0451524	0.0659308	0.00328234	0.0309994	0.000846985	0.00243725	0.04705	0.0112903	
0.0557249	0.00541961	0.00578271	0.001188	0.0319269	0.0391977	0.0406955	0.00785806	0.351355	0.0104726	0.00901192	0.00491216	0.0763184	0.00330267	0.0233568	0.0373585	0.00281941	0.205693	0.0477171	0.0398887	
0.00297432	0.00874621	0.0103397	0.49923	0.0591991	0.00321701	0.0162381	0.00371521	0.000506585	0.0101808	0.045446	0.00385293	0.0127536	0.00888252	0.000814173	0.259847	0.0265393	0.00166674	0.0227404	0.00311006	
0.067666	0.0189938	0.0233278	0.0168919	0.0071844	0.0829492	0.00126304	0.0105929	0.00917499	0.601749	0.0374447	0.0753377	0.000868661	0.00322471	0.000591409	0.00106064	0.0097533	0.00262885	0.00056979	0.0287275	
0.0688784	0.00353409	0.0182789	0.0025167	0.0269223	0.00226213	0.00276346	0.00772378	0.0125786	0.00190842	0.00950343	0.0208684	0.127943	0.00446847	0.56039	0.00125972	0.0057475	0.086322	0.000174734	0.035956	
0.00674433	0.0135078	0.272266	0.0464071	0.0399549	0.00535343	0.0238003	0.031698	0.00291163	0.0671174	0.0938522	0.0415654	0.0261007	0.0565308	0.0313254	0.00342125	0.138199	0.0205245	0.0225461	0.0561743	
0.0672973	0.0179443	0.0217918	0.0169008	0.00335186	0.087662	0.000971098	0.0151466	0.00706074	0.624575	0.0120303	0.0809609	0.00102902	0.00275641	0.000518919	0.00118098	0.00698454	0.00337877	0.00032331	0.0281358	
0.0446272	0.0153106	0.0344462	0.0517302	0.0396091	0.0435755	0.00784328	0.0056674	0.00295236	0.026162	0.568192	0.031317	0.0173274	0.0457053	0.000844553	0.0133592	0.00120605	0.00769448	0.0257872	0.0166426	
0.00666539	0.00854009	0.0233404	0.125826	0.00948507	0.00618608	0.0413436	0.0311684	0.0558122	0.00645027	0.0722051	0.018427	0.00112257	0.042151	0.00694002	0.437337	0.00744336	0.0870448	0.00763972	0.0048718	
0.094178	0.0338764	0.0386778	0.0116	0.028782	0.0335471	0.00729559	0.0595853	0.00265688	0.0855991	0.144025	0.0417425	0.00213132	0.213081	0.000702222	0.0256888	0.0489892	0.0841849	0.0166256	0.0270308	
0.00587371	0.00809564	0.0224456	0.107483	0.0145796	0.00621198	0.038894	0.0261792	0.0627922	0.00636593	0.0806069	0.0181783	0.000721699	0.0375157	0.00628127	0.414271	0.00796172	0.120746	0.0139089	0.000887368	
0.0644488	0.005341	0.0354756	0.00645893	0.0299032	0.0114256	0.000647888	0.00904169	0.0432435	0.00218168	0.0215018	0.0340343	0.0892904	0.0068736	0.509272	0.00132394	0.0231322	0.0800116	0.00341728	0.0229744	
0.00186725	0.0150609	0.0213412	0.0369196	0.206371	0.0810764	0.0432482	0.00248933	0.00193553	0.0187372	0.00694062	0.00373289	0.00363403	0.0687268	0.00691236	0.0100637	0.386229	0.0250179	0.0397917	0.0199051	
0.0646786	0.00463229	0.0262763	0.00514865	0.0274396	0.00444148	0.000484862	0.00845824	0.0260203	0.0020514	0.0122789	0.0377032	0.105152	0.00497943	0.558238	0.0017402	0.0122539	0.074699	0.000364408	0.0229589	
0.00304057	0.00761184	0.0111175	0.494544	0.0622659	0.00340782	0.0180594	0.00642721	0.000553637	0.0110636	0.049248	0.00474122	0.0126964	0.0111274	0.000927029	0.248388	0.0263842	0.00216351	0.0227791	0.00345304	
0.0172	0.0112392	0.312017	0.0170284	0.0111445	0.0134614	0.0122869	0.367245	0.000974133	0.00233458	0.00131084	0.0071237	0.0719319	0.0517369	0.00268739	0.00279339	0.000846809	0.00355277	0.0772024	0.0158828	
0.0265083	0.0251298	0.0420345	0.0322575	0.00380068	0.0642218	0.00576807	0.0148405	0.0185854	0.473872	0.0382134	0.061687	0.000831542	0.00950119	0.0015115	0.0107635	0.0371643	0.10135	0.0067831	0.0251767	
0.015861	0.0265346	0.0199883	0.0408017	0.188316	0.0800022	0.0463035	0.00160918	0.00127305	0.0165096	0.0105169	0.0205861	0.00267145	0.0634364	0.00647602	0.0314212	0.351772	0.026145	0.030932	0.0188439	
0.0295549	0.0113881	0.0206169	0.000170812	0.0293424	0.0176687	0.0734145	0.0120423	0.265103	0.0284617	0.0862143	0.0639733	0.0295116	0.0456129	0.0161598	0.154881	0.00876304	0.0763954	0.0210118	0.0097134	
0.000921632	0.0203518	0.0250051	0.0378322	0.107641	0.0426954	0.0321606	0.00132762	0.00295572	0.0111493	0.0350614	0.0028505	0.0707417	0.132902	0.019284	0.0555616	0.320058	0.0335232	0.0316921	0.0162843	
0.00204248	0.0130271	0.0183607	0.0395361	0.20704	0.0768199	0.0365913	0.00113515	0.000819679	0.0143856	0.00552066	0.00282029	0.0033846	0.0725909	0.00726316	0.00827678	0.396621	0.0317225	0.042587	0.0194545	
0.00175392	0.0111278	0.00290183	0.00119745	0.00577111	0.00584313	0.0308846	0.0607796	0.0615561	0.00400094	0.00265578	0.0297039	0.0811203	0.019995	0.057548	0.0273889	0.00969234	0.49946	0.0463665	0.0402526	
0.00131034	0.0142031	0.481142	0.00649811	0.0187357	0.00100856	0.00403946	0.198352	0.00607087	0.0240925	0.0140512	0.00327527	0.0593626	0.05635	0.0130279	0.00494918	0.0106989	0.00602658	0.0765922	0.000213518	
0.0492599	0.009277	0.0069324	0.0278542	0.0751227	0.0993029	0.318325	0.0434713	0.0579694	0.0041793	0.0418281	0.00375729	0.00243999	0.00136737	0.00576455	0.0534728	0.05811	0.0938666	0.0453826	0.00231643	
0.0302809	0.00802285	0.0291504	0.0644216	0.0531311	0.0464536	0.00724248	0.00276844	0.00300252	0.00649201	0.575948	0.0187595	0.0398843	0.0309424	0.000586904	0.0218742	0.000497535	0.00412737	0.0431996	0.0132143	
0.581341	0.00550078	0.00281149	0.00344109	0.00500369	0.00993167	0.018773	0.00212949	0.0157836	0.00951586	0.0321666	0.0103916	0.0116774	0.147965	0.0130844	0.085893	0.00909072	0.00525384	0.0256774	0.00456828	
0.00594653	0.017558	0.268533	0.0161504	0.0197945	0.00864092	0.0147825	0.409002	0.000945931	0.00432411	0.00491534	0.00363507	0.0554	0.0538006	0.00106966	0.00355927	0.00317736	0.0131694	0.0701151	0.0254803	
0.0147763	0.0105284	0.201542	0.0207415	0.0653923	0.0173025	0.0225663	0.406249	0.00584864	0.00702528	0.00672018	0.00516769	0.0470394	0.0611931	0.0115014	0.00241675	0.00396109	0.0116539	0.0501009	0.028273	
0.0531751	0.00503018	0.00902373	0.000760902	0.0224863	0.0315179	0.0449155	0.0140367	0.327222	0.0225038	0.0183986	0.0183175	0.0708109	0.015678	0.0187425	0.0743041	0.00462405	0.178016	0.0398962	0.0305409	
0.0789989	0.0045022	0.00144693	0.000832689	0.0382832	0.151532	0.0424628	0.00436807	0.263719	0.0284334	0.00579892	0.00150061	0.0676089	0.000972721	0.00447432	0.0226931	0.00175384	0.176965	0.0620408	0.0416122	
0.0817112	0.00450078	0.00121658	0.0114761	0.0376518	0.0376948	0.00272834	0.0538152	0.0306391	0.0698023	0.0778474	0.00232214	0.0480022	0.0339122	0.0651096	0.0176894	0.0433425	0.0876708	0.0264719	0.266396	
0.00224599	0.0148291	0.0204364	0.0388176	0.204647	0.0744037	0.0431552	0.00129444	0.000420477	0.0153117	0.00300973	0.00449583	0.00313132	0.0758193	0.00424457	0.00839336	0.399287	0.0255375	0.0413056	0.0192144	
0.00330473	0.00851126	0.0121977	0.313926	0.00135059	0.00337218	0.0246291	0.00322328	0.0229862	0.000399241	0.0515328	0.0036164	0.00454854	0.0152036	0.00227079	0.483419	0.00735856	0.0294202	0.00812086	0.000608353	
0.0288881	0.000508695	0.000107407	0.000209565	0.135496	0.470827	0.0302926	0.00766616	0.0242884	0.086243	0.062721	0.0230173	0.0291022	0.0277853	0.000525027	0.00161197	0.0477848	0.00149834	0.00096134	0.0204665	
0.0608283	0.00357828	0.025338	0.00959733	0.0380244	0.00101996	0.00319725	0.0067728	0.00222114	0.00237602	0.00314544	0.0561353	0.124593	0.00432005	0.563608	0.00303197	0.011301	0.055095	0.000292826	0.0255238	
0.0756185	0.0247415	0.0715577	0.0122685	0.0741164	0.0430019	0.00837857	0.064195	0.00104836	0.00615409	0.0543291	0.0255977	0.00376149	0.343039	0.000783642	0.0312853	0.0692779	0.0408035	0.0335545	0.0164872	
0.00296047	0.00835097	0.00945924	0.495347	0.064216	0.00277531	0.0149447	0.00528034	0.000442956	0.0191685	0.0422246	0.00595776	0.0107816	0.00942036	0.00413268	0.242833	0.0293837	0.00245808	0.0247492	0.00511356	
0.0554228	0.00770465	0.00847937	0.000761602	0.0212331	0.0839785	0.0528614	0.00823834	0.31673	0.0198353	0.0123089	0.0139516	0.0501596	0.00508168	0.0124257	0.0996496	0.0114435	0.148199	0.0428618	0.0286735	
0.0579752	0.0222266	0.000321557	0.0108399	0.0163567	0.0640796	0.000882419	0.00996764	0.000473517	0.200936	0.0795678	0.354253	0.0436346	0.0158653	0.045303	0.000730878	0.00285381	0.056935	0.0162276	0.00057014	
0.10377	0.00768947	0.0180133	0.00613938	0.0308403	0.031575	0.00200009	0.0232383	0.0452603	0.000481255	0.0308571	0.0334825	0.355604	0.00431511	0.193307	0.000853229	0.0013139	0.0467536	0.0271752	0.0373313	
0.53115	0.00742989	0.00337437	0.00185547	0.0351595	0.00922754	0.0176243	0.00825353	0.0203453	0.0155339	0.0795753	0.0128539	0.00548345	0.125233	0.00481621	0.0753813	0.00549871	0.00320881	0.0250505	0.0129455	
0.061233	0.0178789	0.0252037	0.0159406	0.00237662	0.090882	0.000611942	0.0138547	0.00578555	0.615772	0.0181274	0.0817509	0.00106529	0.00366767	0.000332135	0.00129309	0.00725773	0.0074799	0.00165084	0.0278361	
0.0607205	0.00266428	0.0267212	0.0100615	0.0366016	0.00104408	0.0024399	0.00772824	0.00222219	0.00188157	0.00342659	0.0575175	0.119636	0.00328106	0.569545	0.00303966	0.00919707	0.0554844	0.000291364	0.0264971	
0.0134996	0.00870259	0.0373588	0.0718029	0.0426924	0.0449702	0.00688777	0.0025475	0.00271988	0.0064464	0.57833	0.0209134	0.0499944	0.0278218	0.000648112	0.0226393	0.000679935	0.0060763	0.0431384	0.01213	
0.0710333	0.00713471	0.00567884	0.000762556	0.0358055	0.120872	0.0377212	0.00503199	0.293142	0.0328231	0.0065804	0.00222781	0.0668054	0.00119776	0.00497923	0.0383195	0.00209289	0.172219	0.0545362	0.0410363	
0.0246969	0.000422215	0.0748414	0.0333645	0.0659719	0.00299548	0.0170021	0.0507181	0.0146505	0.00141797	0.0659735	0.0128234	0.0569595	0.0313164	0.000634355	0.00782826	0.028524	0.0526554	0.434026	0.0231777	
0.0193326	0.0166488	0.0379304	0.0652257	0.0259392	0.0399264	0.0110071	0.00675259	0.00245067	0.0144695	0.552412	0.0305773	0.0319772	0.0372898	0.00104209	0.0376359	0.00399101	0.0148266	0.0356729	0.0148918	
0.0125129	0.00982691	0.0364481	0.0751504	0.0483042	0.0455443	0.00636187	0.00249145	0.00325348	0.0061034	0.578165	0.0177539	0.0506094	0.0240412	0.000856239	0.0195228	0.000657967	0.00579781	0.0430886	0.0135099	
0.405073	0.00732478	0.00147342	0.000390428	0.0880935	0.0377047	0.00995036	0.00951042	0.0287543	0.116661	0.0960925	0.0373269	0.0173333	0.0337553	0.0368782	0.00886743	0.000641354	0.00046602	0.0297789	0.0339237	
0.0300877	0.00932545	0.0306295	0.0671985	0.0499899	0.0469116	0.00814531	0.00285228	0.00290657	0.0065674	0.576837	0.0171768	0.0386506	0.0287201	0.000652147	0.0215249	0.000443581	0.00403276	0.0425691	0.0147786	
0.0469759	0.00582208	0.0090022	0.0012529	0.0259224	0.0135812	0.0326943	0.0100699	0.374017	0.0121606	0.0122933	0.0049227	0.0907779	0.00357185	0.038901	0.0348075	0.00275163	0.205116	0.03474	0.0406194	
0.0418516	0.00051995	0.000397955	0.0057081	0.00373101	0.0442379	0.00177284	0.0480573	0.0391427	0.062388	0.0616111	0.000930047	0.0622472	0.0226074	0.0355283	0.00159116	0.0229104	0.0970283	0.0404816	0.407257	
0.0237831	0.0110081	0.0545314	0.0142497	0.0269354	0.0326193	0.0044739	0.0474897	0.0350865	0.000507161	0.054351	0.0212472	0.437047	0.00253927	0.0665999	0.00130976	0.00111252	0.0740878	0.057239	0.0337818	
0.00455035	0.011675	0.313502	0.0154644	0.0123036	0.00755838	0.0103201	0.395756	0.00115436	0.00332102	0.00305495	0.00364368	0.0617375	0.0503091	0.00214801	0.000920912	0.00200933	0.01012	0.0734598	0.0169919	
0.00179347	0.0172088	0.0167704	0.0447316	0.218342	0.0750449	0.0447198	0.0014347	0.00040799	0.0106563	0.00202967	0.00606054	0.00770332	0.0728364	0.00306364	0.0257248	0.364265	0.0280791	0.0413515	0.0177757	
0.403471	0.00664147	0.00118286	0.000338464	0.0879478	0.0365437	0.0118588	0.0109872	0.029215	0.107468	0.102718	0.0356214	0.0169177	0.0334998	0.0359019	0.00953069	0.00064212	0.000410027	0.0351234	0.0339808	
0.00108986	0.0181866	0.446285	0.0252594	0.0271735	0.000899941	0.00655598	0.179599	0.00509816	0.0299161	0.0233878	0.00279745	0.0522835	0.0633946	0.0131623	0.0122612	0.0187907	0.00631767	0.0672278	0.000313461	
0.0349308	0.00769967	0.0195561	0.00118424	0.0234322	0.00195989	0.0228739	0.0180832	0.410258	0.0137805	0.0139762	0.00222702	0.0841992	0.00468023	0.0955849	0.00837524	0.00212669	0.173761	0.00983907	0.0514715	
0.071752	0.00339332	0.0175006	0.00130544	0.0296312	0.00255859	0.00331276	0.00723309	0.0155665	0.00191614	0.0128983	0.0162361	0.128249	0.00570845	0.553085	0.000995811	0.00559267	0.0843485	0.000265315	0.0384514	
0.0029923	0.0326775	0.0215576	0.00831339	0.00428087	0.0067672	0.0287846	0.49599	0.00300383	0.0100163	0.00838131	0.00365259	0.0578731	0.0569441	0.00288875	0.00300304	0.000448768	0.151416	0.0365889	0.0644199	
0.0123668	0.0273291	0.0527625	0.0398783	0.0271914	0.037103	0.0482927	0.0461383	0.00419307	0.0143672	0.363985	0.0626866	0.0239855	0.0574479	0.00573568	0.0501726	0.0560873	0.026606	0.0180116	0.0256592	
0.000393356	0.0108665	0.135109	0.201185	0.021103	0.00699327	0.00966449	0.0189633	0.0040282	0.0393299	0.386754	0.0153673	0.0367251	0.0156539	0.00287385	0.0169667	0.00698356	0.0185529	0.0501779	0.00230872	
0.0102478	0.0199459	0.0460597	0.0455216	0.0177343	0.0281838	0.0170012	0.0200291	0.00343816	0.0630403	0.465414	0.0628587	0.00924424	0.0349471	0.00148522	0.0164116	0.00890393	0.080042	0.01795	0.0315414	
0.00162517	0.0314479	0.0234266	0.00948667	0.00496937	0.00603072	0.0296082	0.508051	0.00411322	0.0120931	0.00988227	0.00185628	0.05557	0.0540933	0.00312838	0.00154375	0.000768894	0.144559	0.0357914	0.0619547	
0.0229349	0.0116345	0.0600893	0.0160356	0.0243048	0.0296661	0.00332117	0.0556918	0.0366067	0.0006748	0.0576708	0.0212072	0.429669	0.00467722	0.0552845	0.00111959	0.00098073	0.0770909	0.0546178	0.0367225	
0.00275157	0.0085365	0.0096541	0.490524	0.0633058	0.00269675	0.0172736	0.00696401	0.00047477	0.0157974	0.0441704	0.00667595	0.0116686	0.00937552	0.00348824	0.245653	0.0306296	0.00196683	0.0234579	0.00493559	
0.0673353	0.00307096	0.0180042	0.0018474	0.0270184	0.00216724	0.00323199	0.00790761	0.0122967	0.00256317	0.00807616	0.0228499	0.123137	0.00503958	0.555879	0.0013484	0.00570123	0.0922683	0.000190448	0.0400668	
0.0608775	0.0186664	0.000253984	0.0101291	0.0194299	0.0592132	0.000949794	0.0101492	0.000340297	0.199485	0.0819955	0.353583	0.0458802	0.0157052	0.0449815	0.000625622	0.00151535	0.0585752	0.0170349	0.000608888	
0.00291681	0.00785083	0.013366	0.493671	0.0628205	0.00295481	0.0164955	0.00464408	0.000572855	0.00929901	0.0531094	0.00200199	0.00924101	0.00955342	0.0016445	0.257349	0.0271933	0.00198678	0.0214981	0.00183079	
0.177093	0.0117671	0.0369369	0.033467	0.0420251	0.02969	0.00719246	0.044826	0.0206558	0.0203911	0.140715	0.0320059	0.00305421	0.180095	0.00787086	0.0610564	0.0325391	0.0672237	0.0258299	0.025565	
0.0302618	0.000405667	8.87667e-05	0.000225868	0.130301	0.475363	0.0304778	0.0070329	0.0243141	0.0921973	0.0644596	0.0251392	0.02609	0.0263755	0.000493529	0.00143819	0.0429164	0.00125832	0.000206527	0.0209545	
0.0792791	0.0341075	0.0680667	0.0120674	0.0730228	0.0372447	0.0167928	0.0558772	0.00142048	0.00832508	0.0593931	0.0307748	0.00463308	0.343061	0.000670332	0.0289494	0.0618624	0.0374973	0.0300041	0.0169505	
0.0395508	0.0260037	0.0309114	0.0221421	0.0322201	0.0244626	0.0524003	0.0340716	0.0716686	0.0448621	0.128303	0.00834982	0.00533974	0.0620024	0.0557291	0.0668722	0.152132	0.095461	0.0158649	0.0316532	
0.0652124	0.0203247	0.0243466	0.0170438	0.00254675	0.0879713	0.000764672	0.0110829	0.00903422	0.610753	0.0271018	0.0716699	0.000951677	0.00416592	0.000367677	0.00157748	0.0133728	0.00301389	0.00052338	0.0281753	
0.0245005	0.000449225	0.083218	0.0327877	0.0659504	0.00283963	0.018635	0.0543574	0.0137872	0.00110634	0.0610914	0.0135738	0.0539026	0.0304969	0.000678358	0.00987191	0.0278296	0.0494325	0.435103	0.020388	
0.044123	0.00748964	0.0166539	0.233221	0.00706867	0.00225826	0.0289916	0.00227151	0.00883032	0.00588582	0.0513347	0.000944741	0.0244043	0.0490928	0.00053313	0.400717	0.0688156	0.0341925	0.00953162	0.00363905	
0.0307709	0.00819858	0.014425	0.000697796	0.0236287	0.0085963	0.0300963	0.0520797	0.30399	0.0277388	0.0581462	0.00702494	0.0674167	0.00923507	0.0536605	0.0322346	0.0063632	0.204925	0.0193003	0.0414716	
0.0460096	0.0545629	0.0204762	0.0105832	0.0235426	0.00984397	0.0469692	0.0150489	0.00395518	0.0469718	0.0921419	0.0654023	0.0176326	0.0700229	0.00938794	0.0387747	0.203016	0.185864	0.0144704	0.0253235	
0.0343063	0.256036	0.00150577	0.00449872	0.0187629	0.00197911	0.00846072	0.00585972	0.00511432	0.0267717	0.0295394	0.281611	0.0198822	0.0955519	0.00287322	0.026701	0.13314	0.0333089	0.0119952	0.00210126	
0.000899059	0.0135119	0.48039	0.00697402	0.0191627	0.000964138	0.00438182	0.201497	0.00430577	0.0263184	0.0151225	0.00327907	0.0591281	0.0552475	0.0103329	0.00729709	0.00809846	0.0052782	0.077567	0.000243924	
0.407181	0.00637704	0.000449042	0.000854099	0.0864688	0.0387368	0.0117554	0.00992613	0.0298294	0.109824	0.102721	0.0335802	0.0169242	0.0328104	0.0389815	0.00978331	0.000641786	0.000479536	0.0298363	0.0328396	
0.0303535	0.000256029	0.000125627	0.000203262	0.125512	0.478212	0.0304939	0.00939901	0.0246426	0.0915889	0.0654867	0.0212494	0.0265767	0.0257916	0.000504532	0.00145851	0.0435213	0.0014695	0.000167483	0.0229876	
0.00407953	0.00845974	0.0146755	0.290644	0.00298538	0.00384042	0.0242404	0.00529812	0.0288194	0.000729867	0.0554531	0.0052787	0.00253429	0.0224795	0.00194924	0.466969	0.00649123	0.0430822	0.0111203	0.00087033	
0.00959171	0.0121867	0.413775	0.0137908	0.0344875	0.00565985	0.00743297	0.117689	0.0110709	0.0423881	0.0582902	0.0188985	0.0447904	0.0491026	0.0483271	0.0113757	0.0410456	0.00923909	0.0470223	0.00383608	
0.064932	0.00366644	0.0246924	0.00889797	0.0342131	0.00117472	0.00201986	0.00720972	0.0029575	0.00189062	0.00331783	0.0510313	0.13128	0.0016578	0.559306	0.00311739	0.0102936	0.060232	0.000259197	0.0278506	
0.00698002	0.0143091	0.00488007	0.00244964	0.0121334	0.00575655	0.0227168	0.0317318	0.0709678	0.0256358	0.00818089	0.0333833	0.0333307	0.0384876	0.0417337	0.0193977	0.0258963	0.527717	0.0284217	0.0458898	
0.0146249	0.0160635	0.0436537	0.0618391	0.0255057	0.0332354	0.00900351	0.00877229	0.00238091	0.0260278	0.586241	0.0369553	0.0141334	0.0361459	0.000757474	0.0162757	0.0027912	0.0202942	0.0244519	0.0208471	
0.00223421	0.00862429	0.0011367	0.00100143	0.00381595	0.00563765	0.0215023	0.0118684	0.0905456	0.00419974	0.00200427	0.0270078	0.07117	0.0181252	0.0596646	0.0249049	0.00423721	0.543358	0.0586581	0.040304	
0.00322302	0.00825072	0.010343	0.314475	0.00114241	0.00338465	0.0236231	0.00206618	0.022029	0.000375331	0.0497182	0.00360941	0.00457528	0.0154145	0.0017141	0.494319	0.00765476	0.0242833	0.00931659	0.000481996	
0.0184578	0.0249417	0.0410893	0.0198197	0.0302537	0.0305561	0.00522454	0.0539956	0.0320117	0.00123289	0.0551016	0.0400714	0.37147	0.00966559	0.0885943	0.00508194	0.0247359	0.0862637	0.0357985	0.0256344	
0.0656353	0.0156427	0.0238434	0.0215708	0.0168184	0.0788547	0.00368705	0.00894124	0.00928731	0.54689	0.0786471	0.0761514	0.000657117	0.00367596	0.000654043	0.00163535	0.00929736	0.00813161	0.000915332	0.0290636	
0.535724	0.0066276	0.00249487	0.00247449	0.0118293	0.0152828	0.0169724	0.00395051	0.0229383	0.0217761	0.0324263	0.0179829	0.0294453	0.123232	0.0434603	0.067521	0.00776741	0.00385165	0.0235336	0.0107089	
0.00210969	0.0106914	0.00171795	0.000877561	0.0037406	0.00565954	0.0219891	0.00984806	0.09405	0.00388781	0.00154714	0.0259797	0.075349	0.0192558	0.0589261	0.0289997	0.0101208	0.524243	0.0552372	0.0457699	
0.00177819	0.01271	0.0214463	0.0400924	0.208347	0.0794614	0.0428911	0.00121871	0.000513986	0.0149855	0.00133602	0.00353351	0.00226946	0.0742536	0.0029999	0.00747227	0.395964	0.0259657	0.0411918	0.0215695	
0.0281341	0.000409204	0.0791273	0.0315389	0.0659899	0.00320345	0.01793	0.0506026	0.014765	0.00132576	0.0634435	0.0108319	0.0509525	0.0311092	0.000680538	0.00988659	0.0303599	0.0507466	0.437561	0.021402	
0.0253472	0.000511037	0.0808285	0.0302146	0.0659796	0.00289166	0.0192053	0.0578261	0.013628	0.00144315	0.0647733	0.0130716	0.0505053	0.0306541	0.000694125	0.00801925	0.0283952	0.051751	0.433657	0.0206045	
0.0569483	0.0197753	0.000294285	0.0113254	0.0122207	0.0558683	0.0008127	0.0244679	0.000685525	0.218535	0.0778748	0.318337	0.03959	0.0189105	0.0407732	0.000977196	0.00219417	0.0829271	0.0163939	0.00108863	
0.065154	0.00309533	0.0179608	0.00473854	0.0289033	0.00258922	0.00252858	0.00814634	0.0102852	0.00195803	0.00616842	0.0267522	0.124954	0.00448208	0.558846	0.00135742	0.00540475	0.0914664	0.000368094	0.0348414	
0.0412891	0.146768	0.00216568	0.0059861	0.0275912	0.0213196	0.00662454	0.019871	0.00807838	0.0363102	0.0719103	0.304835	0.0233556	0.0790685	0.0164901	0.0299026	0.0733641	0.0601004	0.0198054	0.00516488	
0.0299666	0.000511001	0.000233465	0.000211121	0.136252	0.472111	0.0299355	0.00621431	0.0266656	0.0913594	0.0632042	0.0221643	0.0247931	0.0259308	0.000505341	0.00179501	0.0469061	0.00161608	0.000158157	0.0194661	
0.0114853	0.0142623	0.0940551	0.0200986	0.0258132	0.0181113	0.00459012	0.104727	0.0301309	0.00244601	0.0738845	0.0286409	0.338133	0.0231364	0.0265032	0.000949337	0.00197324	0.0963019	0.0575797	0.0271779	
0.0526925	0.0635277	0.0193259	0.0098279	0.0286765	0.0112736	0.0403336	0.0134983	0.00293409	0.0638803	0.0634682	0.0867938	0.0296328	0.077512	0.0129025	0.0520882	0.182876	0.150862	0.0130428	0.0248521	
0.0635122	0.164953	0.0136132	0.0104623	0.0317777	0.0101323	0.0264747	0.00146403	0.00806219	0.0190161	0.0316498	0.187534	0.0016614	0.105898	0.00878895	0.083353	0.198028	0.00857951	0.0185221	0.00651729	
0.197483	0.0041591	0.0726881	0.0643923	0.0262052	0.0111184	0.0344813	0.0100314	0.0312739	0.0192501	0.0967311	0.0396987	0.0116545	0.0808819	0.00803124	0.17937	0.0376111	0.0437747	0.0243302	0.00683377	
0.0518429	0.115151	0.0282907	0.00792494	0.0656806	0.0355576	0.0350728	0.00210241	0.00399611	0.0291226	0.0201083	0.133318	0.00267543	0.0892158	0.0104718	0.0402462	0.294244	0.00584286	0.0177023	0.0114334	
0.0193196	0.0147687	0.00359806	0.00876734	0.0364887	0.0179201	0.0261247	0.0624547	0.0186032	0.083475	0.167438	0.0433038	0.0190253	0.0435792	0.0278444	0.0234638	0.0239187	0.29323	0.0187611	0.0479161	
0.0276552	0.00417942	0.00827427	0.0406157	0.0775857	0.11224	0.322306	0.0252992	0.0203461	0.00265291	0.0304086	0.0080619	0.0022818	0.000865677	0.00135079	0.0538617	0.14879	0.0596858	0.0449761	0.00856282	
0.0487101	0.00114576	0.000319511	0.00620534	0.00838722	0.0469347	0.00449829	0.0516582	0.0399604	0.0592867	0.0710737	0.000872912	0.0602648	0.0287648	0.0358956	0.00327489	0.0252934	0.0960527	0.0436756	0.367725	
0.0146903	0.0123428	0.0777646	0.0187804	0.0253195	0.0227145	0.00452137	0.0776281	0.0340726	0.00102212	0.0760104	0.0252713	0.378675	0.0108326	0.0370812	0.000961525	0.00120879	0.0885948	0.0618091	0.0306984	
0.0476984	0.00664613	0.0101331	0.000399144	0.0218483	0.0674464	0.0731108	0.00700753	0.297087	0.0167643	0.0260841	0.0300749	0.0432694	0.0091397	0.0122252	0.163163	0.0133825	0.115451	0.0276402	0.0114294	
0.0031555	0.0141969	0.00322166	0.0116797	0.00452033	0.00448296	0.0180256	0.0254326	0.0786006	0.0473364	0.0154828	0.0339006	0.0349041	0.0350033	0.0503636	0.0117818	0.00292803	0.533329	0.0271105	0.0445444	
0.046269	0.00104398	0.000359164	0.00714675	0.00698994	0.0461107	0.00313796	0.0493167	0.0371294	0.0563055	0.0623139	0.000696108	0.059122	0.0280854	0.0342239	0.00217734	0.0224964	0.107029	0.041783	0.388264	
0.0461008	0.00715971	0.0172629	0.000438527	0.02154	0.00935962	0.0664255	0.0106771	0.316664	0.0184855	0.0440131	0.0373503	0.0381937	0.0135862	0.0260164	0.170645	0.0167358	0.110762	0.0143122	0.0142722	
0.000621295	0.0268344	0.0350724	0.0376242	0.0288758	0.0171981	0.0313335	0.000778315	0.00458842	0.0110845	0.0820752	0.00282115	0.162191	0.147093	0.0244547	0.109805	0.199246	0.048988	0.0148042	0.0145106	
0.0405197	0.000587259	0.000317162	0.00673063	0.00398938	0.046892	0.00178832	0.0483022	0.038273	0.0627108	0.0612283	0.000716291	0.0557913	0.0236954	0.038145	0.00146541	0.0225053	0.0956813	0.0413982	0.409263	
0.0362789	0.000188932	0.00900519	0.0342464	0.559704	0.0991785	0.0173093	0.000617451	0.00644434	0.000980058	0.0453916	0.00648762	0.0152211	0.0350237	0.0124104	0.00214977	0.0786029	0.00058378	0.0397212	0.000454707	
0.00285301	0.00800672	0.0132124	0.492763	0.0657654	0.00295397	0.0160837	0.00513334	0.000585277	0.010501	0.0539155	0.00121518	0.01112	0.00997814	0.00160445	0.250837	0.0258861	0.00155131	0.0246071	0.00142795	
0.0503544	0.00672641	0.00723472	0.00121234	0.0289495	0.0372986	0.0390263	0.00730905	0.350313	0.0160011	0.00570332	0.00504443	0.0839737	0.00316447	0.0228565	0.0410158	0.00285321	0.207382	0.0419048	0.0416767	
0.0324497	0.0237426	0.00263997	0.0117482	0.025904	0.00544589	0.0359741	0.0200537	0.0180255	0.0610516	0.247615	0.0417599	0.0166032	0.0415128	0.0250166	0.0466885	0.0830881	0.198677	0.0154068	0.0465968	
0.000439063	0.010977	0.128808	0.202825	0.0194979	0.00678433	0.00939124	0.0169281	0.00409916	0.038031	0.391727	0.014915	0.0355842	0.0171336	0.00212267	0.0174825	0.00815184	0.0200151	0.0521763	0.00291105	
0.0617656	0.00307031	0.0234092	0.00937768	0.0364201	0.000988624	0.00258057	0.00771993	0.00217476	0.00161435	0.00217575	0.0559031	0.122325	0.00322622	0.573481	0.00303839	0.00967847	0.0565483	0.000225839	0.0242769	
0.0698475	0.0130635	0.028084	0.0195475	0.0219654	0.0849251	0.00429451	0.00792925	0.0114419	0.54301	0.0773468	0.0699434	0.000607344	0.00563328	0.00182639	0.000659694	0.00869967	0.00199545	0.00029097	0.028888	
0.0354348	0.00774458	0.0144886	0.00117427	0.0225901	0.00308274	0.0240457	0.0147543	0.403507	0.0113025	0.0130488	0.00349144	0.0940437	0.00454448	0.0689151	0.0189249	0.00303185	0.190047	0.0158777	0.0499502	
0.045412	0.0120978	0.0226833	0.0276938	0.0491746	0.05189	0.184753	0.0435685	0.0998021	0.0106527	0.0795255	0.0979791	0.00313608	0.0158287	0.011354	0.0994056	0.0405315	0.0730767	0.027691	0.00374387	
0.0295927	0.000394837	0.000117001	0.000210989	0.13181	0.475886	0.0322014	0.00729265	0.0265516	0.0809183	0.0671012	0.0237477	0.0281795	0.0268815	0.000526259	0.00190525	0.0458553	0.00155434	0.000365355	0.0189079	
0.00797227	0.0161079	0.0192112	0.0343326	0.149708	0.0766055	0.0451084	0.00126083	0.0025576	0.0228078	0.0157937	0.00380892	0.00322002	0.0606221	0.0119848	0.00950885	0.384704	0.0659867	0.0366332	0.032065	
0.0320649	0.000184996	0.00990647	0.0346113	0.558835	0.103635	0.0159517	0.000979558	0.00654694	0.000959735	0.04477	0.00668926	0.0192729	0.0337185	0.011223	0.00208394	0.0775555	0.000626173	0.0400588	0.000326766	
0.0204122	0.000257468	4.81412e-05	0.000617619	0.162095	0.461538	0.0351624	0.00761458	0.0265305	0.0673126	0.0697253	0.0172437	0.0257976	0.0302207	0.000689703	0.00208315	0.0544202	0.00134341	0.000260923	0.0166262	
0.0129496	0.0199742	0.0435051	0.0203256	0.0268808	0.0358919	0.0107683	0.0501512	0.0450507	0.000548988	0.0638306	0.0161919	0.443759	0.0039433	0.0252884	0.00268112	0.00166563	0.0871014	0.0551115	0.0343808	
0.00484389	0.010565	0.00104952	0.00239557	0.00280358	0.00603197	0.020784	0.00881041	0.0861363	0.0101184	0.00595703	0.0306238	0.0656706	0.0248825	0.054509	0.0282162	0.0118328	0.53775	0.0448664	0.0421526	
0.0495417	0.00802362	0.00927768	0.0190872	0.0596125	0.089857	0.294265	0.0431338	0.086734	0.00688469	0.0413159	0.0113286	0.00233134	0.00267548	0.0143105	0.0540463	0.0576329	0.104279	0.0408433	0.00481979	
0.0315128	0.000175285	0.010206	0.0349027	0.557601	0.103385	0.0169908	0.000826438	0.00609793	0.000999095	0.0455476	0.00668045	0.0164846	0.0340761	0.012329	0.00203309	0.0779871	0.000591799	0.0412139	0.000359444	
0.0600483	0.00328771	0.0239288	0.00460902	0.0277169	0.00284804	0.0039723	0.00881029	0.0184879	0.00254235	0.0168232	0.0214634	0.0878731	0.00809622	0.562344	0.00253736	0.0121528	0.0906463	0.000350776	0.041461	
0.0384752	0.0415587	0.00201326	0.0141936	0.0298561	0.0398758	0.00419642	0.0479814	0.00418444	0.13644	0.07932	0.276505	0.0420628	0.0468031	0.0461294	0.0157225	0.0213495	0.0875836	0.0193447	0.00640415	
0.0756974	0.0291579	0.0704613	0.0107112	0.0730273	0.0460427	0.00820399	0.0563249	0.00119822	0.00680094	0.0497916	0.030242	0.00428463	0.34058	0.000733116	0.0285934	0.0730603	0.0407951	0.0409544	0.0133395	
0.00179261	0.0168221	0.00244507	0.00536482	0.00515014	0.00483871	0.0285934	0.0647009	0.050049	0.0200555	0.0173827	0.047933	0.0621515	0.0333417	0.0448775	0.0271953	0.00733804	0.494345	0.0283473	0.0372753	
0.0685921	0.00500802	0.00257286	0.000780883	0.037215	0.122976	0.0401781	0.00546548	0.289972	0.0325086	0.00524291	0.001526	0.0645496	0.00173027	0.00473366	0.0331394	0.00241941	0.180546	0.0592897	0.041553	
0.0053445	0.0119851	0.347422	0.0152088	0.013422	0.00802809	0.00988538	0.353076	0.00115025	0.00246741	0.00214348	0.00446025	0.0653524	0.0559988	0.00150463	0.00209449	0.00146085	0.00712746	0.0792678	0.0126004	
0.0647956	0.00209193	0.0216331	0.00695145	0.0340679	0.00146755	0.000950642	0.00802234	0.00521437	0.00172108	0.00486296	0.0448513	0.117232	0.00365807	0.577673	0.00255899	0.0092393	0.0670969	0.000236952	0.025674	
0.0490269	0.00171124	0.0340749	0.0120037	0.035741	0.00415861	0.002957	0.0127704	0.0223829	0.00313718	0.0216848	0.0395237	0.0488684	0.0186094	0.551944	0.0026556	0.027399	0.0787415	0.000402706	0.032207	
0.0614371	0.00316985	0.019082	0.00452768	0.0239893	0.00184353	0.00337445	0.0181454	0.00947175	0.00259561	0.00678622	0.0342163	0.115876	0.00363693	0.54375	0.00210336	0.00802417	0.101681	0.000299758	0.0359906	
0.00413732	0.0125516	0.000832948	0.00133638	0.00278942	0.00477174	0.0274886	0.00350811	0.0999144	0.00808677	0.00222791	0.0184463	0.0672727	0.0221847	0.0464867	0.0387465	0.0299777	0.514703	0.0472392	0.0472984	
0.00136274	0.0112189	0.492834	0.00658734	0.0132754	0.00106535	0.00262163	0.217806	0.00279609	0.0148218	0.010797	0.00412967	0.0605123	0.0559142	0.0116688	0.00254594	0.0057053	0.00453907	0.0796558	0.000142571	
0.0254903	0.0230723	0.0371639	0.0197093	0.0548406	0.0136052	0.0533202	0.255296	0.00405708	0.011555	0.0265009	0.0433472	0.0274642	0.0486884	0.0034846	0.0409542	0.0737222	0.192594	0.0169539	0.0281801	
0.037137	0.183606	0.00201817	0.00532397	0.0259696	0.0172643	0.0086291	0.00906982	0.00331109	0.0273018	0.047303	0.318282	0.0264361	0.0877549	0.0195285	0.0270189	0.0967058	0.0389287	0.0155743	0.00283692	
0.0215056	0.0103034	0.0547799	0.0169536	0.0222376	0.0287724	0.00393691	0.0521736	0.033297	0.000571011	0.0564314	0.025794	0.433485	0.00313457	0.0657891	0.00126328	0.00104746	0.0773083	0.0576845	0.0335316	
0.0292773	0.000254744	3.78208e-05	0.000550799	0.12786	0.476365	0.0301925	0.00670483	0.0248842	0.089602	0.0694227	0.0251513	0.0279095	0.0262774	0.000632121	0.00140906	0.0406624	0.00138895	0.00015824	0.0212597	
0.0394432	0.0137921	0.00621897	0.0448015	0.0728357	0.0915537	0.32524	0.0520144	0.0288706	0.00468512	0.0469712	0.00291758	0.00206062	0.00122834	0.00172749	0.063489	0.0730448	0.08372	0.043279	0.0021068	
0.578749	0.00649165	0.00348632	0.00302384	0.00632918	0.0104234	0.0208505	0.0020174	0.0160734	0.0110843	0.0302746	0.014614	0.0120515	0.141859	0.0136209	0.0849306	0.00926484	0.00479597	0.024736	0.00532388	
0.0693814	0.0188156	0.321326	0.00237662	0.0515717	0.00144337	0.014374	0.0609181	0.022093	0.0480236	0.0688484	0.0143363	0.0413422	0.0547631	0.0619332	0.0308154	0.0808421	0.0139369	0.0198419	0.00301684	
0.0623587	0.020743	0.0249106	0.0168761	0.00210433	0.08702	0.000830937	0.011691	0.00860558	0.60801	0.022412	0.0744158	0.00168311	0.00485049	0.000648226	0.00207976	0.0194873	0.0046945	0.000509251	0.0260687	
0.051254	0.00548312	0.0259064	0.0265438	0.0359737	0.00110631	0.0641207	0.134748	0.0156276	0.0248875	0.0756321	0.035308	0.0158229	0.0591467	0.00236752	0.217323	0.0617286	0.112024	0.0159335	0.0190633	
0.582933	0.0053847	0.00284138	0.00344396	0.00357295	0.0122252	0.0195838	0.00220095	0.017261	0.00988535	0.0328603	0.00993388	0.00969948	0.145573	0.00683785	0.0902522	0.00911841	0.00539446	0.0262697	0.00472878	
0.0647071	0.00568676	0.00327592	0.00156164	0.0325659	0.114342	0.0424032	0.00469979	0.297181	0.0259412	0.00666004	0.00192726	0.0667815	0.00123036	0.00704917	0.0276103	0.0025058	0.193554	0.0559264	0.0443908	
0.00303005	0.00774852	0.00953093	0.496587	0.060281	0.0027332	0.0155006	0.00787671	0.000464273	0.0208066	0.046289	0.00725411	0.0113792	0.00922969	0.00405922	0.239958	0.0273819	0.00187214	0.0226364	0.00538175	
0.397196	0.00585803	0.00188754	0.000402819	0.0864506	0.0378186	0.0122482	0.00871881	0.0305364	0.117315	0.104695	0.0340208	0.0157442	0.0345288	0.0361991	0.0088405	0.000524079	0.000377694	0.032554	0.0340828	
0.140557	0.0345597	0.0307964	0.0128033	0.0359537	0.0308074	0.0104279	0.0423456	0.00789558	0.0416062	0.168422	0.0463843	0.00213182	0.222761	0.00136124	0.0299503	0.0449999	0.0548024	0.0165181	0.0249163	
0.00493182	0.013063	0.469594	0.00569607	0.0224214	0.00142763	0.00290703	0.184508	0.00507306	0.0252715	0.0225018	0.00737376	0.0608877	0.0522724	0.0231322	0.00752533	0.0187264	0.00540223	0.0668143	0.000470094	
0.00236664	0.00810821	0.00154826	0.00180309	0.00564994	0.0127276	0.0300783	0.00349858	0.110598	0.00415375	0.00303597	0.0187271	0.0704355	0.0202539	0.0467472	0.0390679	0.0282052	0.482694	0.0680235	0.0422776	
0.0157266	0.0102056	0.313452	0.0166067	0.00747874	0.0105328	0.0132158	0.370985	0.00198134	0.00300589	0.00230958	0.00408473	0.0709114	0.0510337	0.00429305	0.00153664	0.00110109	0.00380843	0.0789162	0.0188148	
0.0971851	0.0101608	0.0230896	0.0366802	0.0570289	0.0544398	0.00985017	0.0016648	0.00662103	0.0529736	0.503156	0.0196854	0.0130428	0.0530496	0.00102527	0.0116879	0.000411655	0.00235602	0.0236433	0.022248	
0.00294069	0.00777391	0.00934422	0.497356	0.060765	0.00269336	0.0164989	0.00647178	0.000467079	0.0139528	0.0447911	0.00672006	0.0136352	0.00992174	0.00591034	0.240779	0.0316225	0.00173418	0.02299	0.00363284	
0.00210352	0.0097425	0.00269349	0.00546873	0.01907	0.0164528	0.0338793	0.00289569	0.104032	0.00615213	0.0115893	0.0189187	0.0586813	0.0277274	0.0581293	0.0546863	0.0438333	0.425603	0.0575866	0.0407548	
0.00471915	0.0128444	0.000723581	0.00132679	0.0028392	0.00526703	0.0255935	0.00371183	0.0991888	0.00822716	0.00310001	0.0208775	0.0690138	0.0207631	0.0426686	0.0380119	0.0254372	0.524245	0.0471857	0.0442558	
0.0314311	0.000194205	0.0102193	0.0358145	0.560351	0.102588	0.0174363	0.000697523	0.00656969	0.00100926	0.0416466	0.00667563	0.0143101	0.0351938	0.00740422	0.0024106	0.0828294	0.000553132	0.0423256	0.000340629	
0.0725323	0.00369482	0.0256482	0.00569333	0.0291267	0.00679755	0.00280511	0.017628	0.0411941	0.000454273	0.0138195	0.0300084	0.345014	0.00138186	0.286053	0.00085066	0.00136282	0.0639267	0.0142312	0.0377774	
0.0460299	0.0672062	0.00110615	0.0102429	0.0283238	0.047686	0.00386647	0.0200668	0.00232041	0.143641	0.0667717	0.307267	0.0448013	0.0396084	0.0557242	0.0100209	0.0247168	0.0631259	0.014732	0.00274243	
0.00291306	0.0073293	0.0107476	0.501506	0.0611201	0.00326282	0.0159077	0.00522829	0.000522476	0.0108724	0.044655	0.00260529	0.00960443	0.00995658	0.00094437	0.257039	0.0264777	0.00214003	0.0237029	0.0034651	
0.00406177	0.0180718	0.00476652	0.00355335	0.0058483	0.00446601	0.0220813	0.0231511	0.0799719	0.0232828	0.00626739	0.0366092	0.0370699	0.0376519	0.0367321	0.0243989	0.0228403	0.537578	0.0290725	0.0425255	
0.0247983	0.000511474	0.000227049	0.000208559	0.141867	0.474209	0.0290199	0.00677069	0.0222076	0.0839627	0.0682833	0.0243359	0.0262134	0.0276953	0.000518335	0.00171717	0.0471417	0.00135994	0.000617383	0.018336	
0.398477	0.00552833	0.000379999	0.000419265	0.0860316	0.0398656	0.0105	0.0111155	0.029247	0.121904	0.0966475	0.0339539	0.015309	0.0352102	0.0372997	0.00855326	0.00059971	0.000447926	0.0315443	0.0369663	
0.0674089	0.00335946	0.0157998	0.00212534	0.0290678	0.00224833	0.00357413	0.00804903	0.0124327	0.00274172	0.00924793	0.0212402	0.127843	0.00465341	0.55721	0.00129651	0.00511254	0.0873674	0.000247444	0.0389751	
0.0180725	0.0162405	0.15434	0.0244754	0.0278118	0.013796	0.0242101	0.466405	0.00142108	0.00510703	0.00778065	0.00879896	0.0483625	0.0569919	0.0017334	0.00630058	0.00994297	0.0125845	0.0576152	0.0380103	
0.0650181	0.0191387	0.0227938	0.0156443	0.00379054	0.0885418	0.00102095	0.0157158	0.00717788	0.622219	0.0110351	0.084325	0.000958724	0.00296625	0.00038115	0.000955052	0.00525554	0.00336959	0.000162329	0.0295306	
0.00553666	0.0147551	0.0174638	0.0414776	0.205054	0.0852125	0.043425	0.00106874	0.000442707	0.0185261	0.00183782	0.00600998	0.0015919	0.0611538	0.00408633	0.00710539	0.390246	0.0327645	0.0391907	0.0230513	
0.00508521	0.00768309	0.0196357	0.157703	0.00823548	0.00580817	0.0322727	0.0227065	0.0489073	0.00424556	0.0774334	0.0143665	0.00119121	0.0358648	0.0069894	0.440812	0.00784121	0.0925499	0.00888049	0.0017888	
0.00196348	0.00937358	0.0470628	0.394812	0.053653	0.00457241	0.0107478	0.00616653	0.00206348	0.0175859	0.182348	0.00722376	0.0206487	0.0140298	0.00111958	0.163736	0.0192414	0.00749757	0.0348762	0.00127802	
0.00412221	0.00848262	0.0153084	0.284274	0.00541854	0.00371671	0.0257316	0.0080243	0.02908	0.000734103	0.0568373	0.00721578	0.00223593	0.0217903	0.00284661	0.465011	0.0064495	0.0410225	0.0104879	0.00121066	
0.16955	0.0108618	0.0441612	0.0111339	0.0697803	0.0618709	0.00700205	0.0393178	0.00143728	0.00567916	0.0372234	0.0187721	0.0230727	0.283446	0.00283014	0.0441833	0.0978202	0.0280145	0.0324681	0.0113755	
0.075513	0.0165208	0.0296452	0.0294442	0.027372	0.0700346	0.00649122	0.00633167	0.00989332	0.384006	0.221212	0.0653484	0.000447146	0.00895755	0.00124004	0.000552439	0.00594723	0.00757868	0.000950716	0.0325132	
0.0604549	0.164242	0.013809	0.0109362	0.0326815	0.010446	0.0258612	0.00156877	0.00781436	0.0176659	0.0324934	0.189527	0.00204343	0.10432	0.00809503	0.086617	0.1991	0.00810721	0.0184708	0.00574605	
0.0195437	0.0144689	0.181391	0.0203201	0.0301203	0.0144977	0.0200692	0.454797	0.00136458	0.015123	0.0062423	0.00771886	0.0405832	0.0620935	0.00131038	0.00560419	0.00650348	0.0198235	0.0505756	0.0278492	
0.00191729	0.0152004	0.0263845	0.0343	0.160186	0.064072	0.0399413	0.00379321	0.00086745	0.0174225	0.00518947	0.00775809	0.0279499	0.100874	0.011358	0.0205653	0.379792	0.02749	0.0381942	0.0167445	
0.0267629	0.010502	0.0125294	0.000756614	0.0203235	0.0041497	0.0285921	0.0448297	0.330258	0.0183449	0.0291568	0.00947643	0.0678447	0.0176344	0.0532127	0.0346615	0.00401875	0.220792	0.0222012	0.0439529	
0.00136124	0.0131626	0.0780263	0.244423	0.0240433	0.00633083	0.0145343	0.0254881	0.00443685	0.031752	0.310019	0.0264012	0.0356137	0.0217969	0.0182729	0.0516466	0.0134503	0.0278842	0.0415045	0.00985208	
0.0683834	0.00527898	0.00226325	0.000984492	0.0317818	0.0919201	0.043142	0.00440284	0.304025	0.0169854	0.0032077	0.00339018	0.0738259	0.00158156	0.00963373	0.0380229	0.00251951	0.196876	0.0603952	0.0413796	
0.0314925	0.00612673	0.0119945	0.00124749	0.0216866	0.00369444	0.0244218	0.0142564	0.41207	0.0120753	0.0107811	0.00366085	0.0954414	0.00460172	0.0637418	0.0177751	0.00273304	0.198779	0.0148609	0.0485593	
0.000758732	0.0120074	0.11829	0.218612	0.0215249	0.00586745	0.0102122	0.0168948	0.00405448	0.03783	0.37941	0.0126469	0.035984	0.0181305	0.00394089	0.0279443	0.00951466	0.0171639	0.0468067	0.00240644	
0.00417141	0.00750952	0.0134593	0.484581	0.0614721	0.00326118	0.0165348	0.00398265	0.000568406	0.0108558	0.0524721	0.00189465	0.0106349	0.0109739	0.00110403	0.259004	0.0299034	0.00188324	0.0238186	0.00191495	
0.0672024	0.0140391	0.0244118	0.0166734	0.00736758	0.0928499	0.00103349	0.0102296	0.00918617	0.588911	0.0419751	0.0743703	0.000748372	0.00364304	0.000319301	0.0011974	0.00847735	0.00353079	0.00102743	0.0328061	
0.138916	0.0125859	0.0595205	0.0977171	0.0309715	0.0210167	0.0154584	0.0553421	0.0193817	0.0171884	0.14359	0.0236832	0.00387466	0.157659	0.0112	0.0601772	0.0277146	0.0561688	0.0280955	0.0197383	
