0.0464529	0.0197779	0.0119399	0.018298	0.0696435	0.035459	0.00698604	0.0647984	0.0265253	0.041101	0.055375	0.0308335	0.0355661	0.01297	0.0186673	0.0135067	0.0293762	0.0362805	0.309567	0.116876	
0.0136086	0.0281665	0.0028183	0.00565174	0.119311	0.016137	0.0131702	0.0867912	0.0086236	0.175047	0.05483	0.0228892	0.00834782	0.0337651	0.023702	0.027343	0.0532125	0.0341343	0.226655	0.0457955	
0.0451035	0.0079423	0.0641816	0.128902	0.0842742	0.0277369	0.0291079	0.0128514	0.0381732	0.0218762	0.0566193	0.0931259	0.00752537	0.0551271	0.0163536	0.0240607	0.066488	0.0140739	0.147939	0.058538	
0.0605631	0.0503303	0.00555889	0.00742615	0.0292228	0.0147007	0.0105848	0.1703	0.0204536	0.0363889	0.0666027	0.0176051	0.00535145	0.056539	0.0121199	0.0132014	0.0405859	0.084545	0.165476	0.132444	
0.0752162	0.102585	0.000549703	0.00208366	0.132775	0.0474766	0.00359082	0.201308	0.014121	0.0765697	0.0751838	0.0142557	0.00263613	0.00437673	0.00803368	0.0157226	0.0491492	0.0851818	0.019458	0.069726	
0.00561467	0.0098235	0.203254	0.461553	0.0225113	0.0112117	0.00911518	0.0149716	0.0161486	0.00923114	0.0138091	0.115063	0.00329318	0.00696585	0.0162922	0.0166811	0.00927977	0.0157816	0.0207818	0.0186177	
0.0440987	0.0346949	0.00961229	0.0158136	0.0693741	0.0186455	0.00911307	0.081351	0.0257719	0.043296	0.0553517	0.0315072	0.0163771	0.0136769	0.0152833	0.0123618	0.0325774	0.0417814	0.225963	0.203349	
0.0763865	0.10461	0.000522558	0.00206202	0.129197	0.0487326	0.00363811	0.20048	0.0146797	0.0747219	0.0736476	0.013622	0.0025673	0.00442493	0.0083257	0.0157938	0.050446	0.0851063	0.0186768	0.0723587	
0.0383652	0.117535	0.0120615	0.00314535	0.32969	0.0623377	0.00182602	0.059126	0.0114844	0.0408335	0.0556073	0.0308857	0.00244961	0.00211872	0.00262157	0.0179684	0.0200237	0.0888365	0.0655063	0.0375776	
0.0354912	0.0346314	0.215296	0.0174826	0.0178799	0.0159876	0.00226686	0.0783092	0.012937	0.0401815	0.0253264	0.107626	0.00140307	0.107504	0.00122472	0.0136009	0.141073	0.0909462	0.0352897	0.00554226	
0.0864329	0.0687133	0.00111305	0.00645651	0.0564396	0.0890011	0.00717947	0.14462	0.00534987	0.0486106	0.085339	0.00603125	0.00559876	0.00560305	0.0011646	0.129846	0.107428	0.0791477	0.0384617	0.0274629	
0.0389061	0.0167886	0.00906179	0.00781036	0.135175	0.0303895	0.00699684	0.178338	0.00369893	0.0866254	0.0634616	0.0140875	0.00136617	0.00509928	0.00532912	0.0114261	0.024646	0.139277	0.187276	0.0342407	
0.0160105	0.00363371	0.0121202	0.0268746	0.356775	0.0202492	0.00617117	0.004517	0.00743606	0.0151932	0.0343936	0.0149513	0.00476927	0.010496	0.00636672	0.00429683	0.00857449	0.00490755	0.285154	0.15711	
0.117815	0.0842625	0.0597715	0.0162104	0.0668294	0.0690347	0.00495044	0.0573036	0.00275982	0.0785631	0.0593319	0.00605333	0.00514749	0.0281933	0.00474571	0.0489944	0.171986	0.0535057	0.0263476	0.0381948	
0.061456	0.0779606	0.00126426	0.00209145	0.177493	0.043729	0.00332228	0.190711	0.0106384	0.0904488	0.0892209	0.0143951	0.00223556	0.00278366	0.00669967	0.0139352	0.0326335	0.0910223	0.0463101	0.0416497	
0.00561467	0.0098235	0.203254	0.461553	0.0225113	0.0112117	0.00911518	0.0149716	0.0161486	0.00923114	0.0138091	0.115063	0.00329318	0.00696585	0.0162922	0.0166811	0.00927977	0.0157816	0.0207818	0.0186177	
0.108269	0.0760311	0.018317	0.114398	0.0620126	0.0134701	0.00505688	0.0752311	0.0159187	0.0235275	0.305442	0.0075202	0.000756755	0.0112243	0.0109991	0.0180934	0.0214902	0.0368195	0.0101411	0.0652811	
0.0755591	0.103821	0.00056104	0.00209521	0.130028	0.0480751	0.00366985	0.202354	0.0145624	0.0762524	0.0740982	0.0139417	0.00258496	0.00438557	0.00820699	0.0156845	0.0498521	0.0853824	0.0188565	0.0700291	
0.0751894	0.0787353	0.00603992	0.0019156	0.123316	0.0382085	0.00277653	0.198406	0.0187907	0.104059	0.0819032	0.00898937	0.00495341	0.00436027	0.0112093	0.0191993	0.0502307	0.106638	0.0135937	0.0514862	
0.010275	0.000767728	0.0429325	0.0382022	0.0184137	0.0457468	0.0149108	0.00355317	0.498377	0.00706899	0.00845086	0.0696372	0.0101963	0.0632994	0.0967792	0.0339775	0.0232988	0.00490209	0.00116796	0.00804309	
0.0415254	0.0241315	0.0172575	0.0212216	0.16789	0.0316386	0.00576859	0.101477	0.0388038	0.0710121	0.124666	0.0187093	0.00156131	0.0501911	0.00231217	0.00648035	0.0217402	0.0487811	0.164492	0.0403411	
0.026404	0.0114181	0.00232929	0.00548737	0.207	0.00977471	0.0323957	0.11207	0.011836	0.0177741	0.0399471	0.00823736	0.00407682	0.00395961	0.0247909	0.00741075	0.0188545	0.0471308	0.068243	0.34086	
0.0908901	0.0998797	0.0438333	0.0421382	0.142022	0.0469996	0.0253158	0.0160177	0.0183759	0.0596157	0.0815783	0.0234269	0.0011032	0.0427181	0.0381433	0.0280181	0.049657	0.0112619	0.0113156	0.12769	
0.0312998	0.0099332	0.0509091	0.066548	0.0403479	0.306636	0.0164217	0.0112605	0.0795968	0.00715593	0.0439622	0.0579827	0.051328	0.0283304	0.0356424	0.0249375	0.0421093	0.0106847	0.0184099	0.0665043	
0.0551672	0.00937732	0.0166436	0.0326033	0.0240578	0.0492872	0.0526457	0.0158419	0.159858	0.0258577	0.0714544	0.0657824	0.00368231	0.0450947	0.119993	0.0450164	0.0872858	0.0309567	0.0532031	0.0361922	
0.0285544	0.0106904	0.00224303	0.00549505	0.208991	0.00972924	0.0306951	0.105496	0.0129451	0.0169384	0.0389932	0.00795392	0.00398151	0.00397841	0.0271334	0.0070447	0.0190938	0.0454289	0.0659967	0.348617	
0.0679238	0.0508993	0.0170987	0.0107463	0.191328	0.00648748	0.0193825	0.0837354	0.0169213	0.0735014	0.0873505	0.0149701	0.000759765	0.0157178	0.0017732	0.00851254	0.0188703	0.0477915	0.186837	0.0793927	
0.0551672	0.00937732	0.0166436	0.0326033	0.0240578	0.0492872	0.0526457	0.0158419	0.159858	0.0258577	0.0714544	0.0657824	0.00368231	0.0450947	0.119993	0.0450164	0.0872858	0.0309567	0.0532031	0.0361922	
0.0148774	0.0461519	0.13234	0.0422146	0.010963	0.0197324	0.0250915	0.0124849	0.0655258	0.0125361	0.010128	0.217476	0.00492533	0.0338728	0.0262978	0.204465	0.0970848	0.00687556	0.00920947	0.00774695	
0.0627808	0.0178113	0.00621036	0.0148765	0.0790661	0.0705176	0.00924732	0.0538164	0.0336613	0.0352859	0.0760024	0.0180243	0.0633365	0.0169411	0.0249707	0.0176578	0.038112	0.0364272	0.249072	0.0761823	
0.0162407	0.00367064	0.0124177	0.0274746	0.355216	0.0203025	0.00630962	0.00456287	0.00757501	0.0152921	0.034417	0.0153754	0.00478456	0.0107945	0.00644762	0.00439234	0.00887347	0.00498509	0.284493	0.156376	
0.0956094	0.0754552	0.0117365	0.036291	0.153217	0.0182004	0.019521	0.0128285	0.00678141	0.0241216	0.0180418	0.374571	0.000983074	0.00621166	0.0179017	0.0303374	0.0185828	0.0279283	0.0173394	0.0343412	
0.0266904	0.0447807	0.00580806	0.00629401	0.251712	0.0163149	0.00483501	0.169057	0.012906	0.11102	0.109152	0.00926713	0.00674653	0.00478874	0.00447383	0.00581485	0.00976469	0.0766045	0.0798877	0.0440821	
0.0107559	0.0272625	0.373117	0.0220619	0.125256	0.00145915	0.00356718	0.0613688	0.0278856	0.0607164	0.0803949	0.00794902	0.00630275	0.0194275	0.0125504	0.0357343	0.0790431	0.00248691	0.0405173	0.00214349	
0.0407817	0.108618	0.00939297	0.00212845	0.310746	0.0650207	0.00184864	0.0673264	0.00900775	0.04857	0.0599526	0.0265666	0.00299805	0.00173423	0.00266116	0.0188119	0.019544	0.0882939	0.0863302	0.0296674	
0.0827254	0.0492807	0.0191441	0.0018104	0.119709	0.0253973	0.00683584	0.170544	0.0101444	0.128883	0.0753961	0.00283216	0.0165074	0.00350188	0.00797323	0.0271733	0.050892	0.139812	0.0434772	0.0179613	
0.226985	0.031283	0.0026321	0.00782022	0.00301878	0.0124034	0.0107157	0.150689	0.00508616	0.0311265	0.0699798	0.00412484	0.000808298	0.0411364	0.00713445	0.0817531	0.0359431	0.235823	0.0150725	0.0264651	
0.0629458	0.0958766	0.00241872	0.0128721	0.0122959	0.0217914	0.00318201	0.147106	0.00396013	0.0311752	0.0259329	0.0298186	0.000741339	0.00602813	0.0122757	0.0184873	0.0934965	0.273786	0.0581463	0.0876631	
0.067041	0.0468847	0.016895	0.00231307	0.0668079	0.0468797	0.0343714	0.160212	0.0126366	0.128936	0.0808664	0.00658992	0.0197493	0.00431351	0.00440437	0.0315149	0.0402589	0.14626	0.0754973	0.00756684	
0.0529508	0.0249264	0.00662445	0.0103866	0.0693592	0.118463	0.00323976	0.0664993	0.00133376	0.0487569	0.0406834	0.0072936	0.334855	0.0201445	0.00307605	0.0165927	0.0367188	0.0483199	0.0758822	0.0138931	
0.0698131	0.0163375	0.00202641	0.0155117	0.124319	0.138695	0.0169942	0.0324375	0.00551623	0.0300676	0.0400893	0.0225029	0.00365049	0.030903	0.00101551	0.188059	0.0711294	0.0224552	0.0450677	0.123409	
0.0366841	0.0827217	0.00573256	0.0397599	0.0882714	0.00573836	0.0155729	0.0817181	0.0047998	0.0878373	0.0820447	0.0334413	0.000965049	0.0109406	0.00501804	0.0178061	0.0269522	0.0515298	0.0895335	0.232933	
0.0760894	0.105656	0.000499043	0.00211041	0.128339	0.0485425	0.00372541	0.198941	0.0148287	0.0746499	0.0737951	0.0136427	0.00253565	0.00443673	0.00835106	0.0156815	0.0509048	0.0841338	0.0187458	0.0743926	
0.0463032	0.0199573	0.0109886	0.0181219	0.0700622	0.0361326	0.00676565	0.0648649	0.0258665	0.0414499	0.0558111	0.0300513	0.0355855	0.0121047	0.0186038	0.0134717	0.0292912	0.0361123	0.310325	0.118131	
0.0923415	0.063152	0.00819481	0.00764467	0.0725609	0.0101544	0.0102021	0.109919	0.0143164	0.135132	0.0578019	0.00513212	0.000386069	0.00205207	0.000647458	0.00573301	0.0621702	0.0897398	0.0867921	0.165927	
0.0763863	0.104985	0.000505037	0.00207734	0.12913	0.0484866	0.0036134	0.200216	0.014695	0.0747528	0.0735702	0.0136999	0.00255601	0.00447123	0.00833046	0.0156892	0.050652	0.0847467	0.0182637	0.0731734	
0.010275	0.000767728	0.0429325	0.0382022	0.0184137	0.0457468	0.0149108	0.00355317	0.498377	0.00706899	0.00845086	0.0696372	0.0101963	0.0632994	0.0967792	0.0339775	0.0232988	0.00490209	0.00116796	0.00804309	
0.0278976	0.00451028	0.00186071	0.00184759	0.0617679	0.0764149	0.0375059	0.0385672	0.0808571	0.0636298	0.102601	0.0122665	0.000390921	0.0874614	0.145078	0.043773	0.0107278	0.0384837	0.026284	0.138075	
0.0942654	0.00798518	0.000984225	0.016142	0.183519	0.0358122	0.0322952	0.0778375	0.0236071	0.0307005	0.047278	0.0649495	0.00274481	0.00789017	0.000388588	0.0552783	0.0439205	0.0551485	0.213269	0.00598418	
0.0283345	0.00191722	0.0525544	0.149497	0.0137379	0.0160118	0.0449451	0.0358038	0.130972	0.00987305	0.0281595	0.0884562	0.0980875	0.0666507	0.070609	0.0191474	0.0590966	0.0451647	0.0037284	0.0372535	
0.0223345	0.0316475	0.10767	0.00465994	0.043407	0.00761921	0.178034	0.0958913	0.00438047	0.106962	0.17583	0.00292622	0.00824485	0.00176873	0.00322776	0.00668385	0.0476964	0.0247193	0.0345975	0.0916992	
0.010275	0.000767728	0.0429325	0.0382022	0.0184137	0.0457468	0.0149108	0.00355317	0.498377	0.00706899	0.00845086	0.0696372	0.0101963	0.0632994	0.0967792	0.0339775	0.0232988	0.00490209	0.00116796	0.00804309	
0.0283345	0.00191722	0.0525544	0.149497	0.0137379	0.0160118	0.0449451	0.0358038	0.130972	0.00987305	0.0281595	0.0884562	0.0980875	0.0666507	0.070609	0.0191474	0.0590966	0.0451647	0.0037284	0.0372535	
0.00808279	0.00677497	0.016569	0.00146665	0.150699	0.0851852	0.00550466	0.104911	0.0169471	0.190082	0.132332	0.00885104	0.000999727	0.0117872	0.009127	0.00580121	0.0464209	0.129315	0.0103735	0.0587702	
0.0497966	0.00581762	0.0479616	0.054341	0.0402429	0.0390754	0.0310631	0.0305328	0.0561467	0.0243069	0.0327615	0.120235	0.020439	0.166689	0.0228684	0.0322334	0.0202098	0.0414668	0.128749	0.0350633	
0.126403	0.0475225	0.0214106	0.0464406	0.00653452	0.00534402	0.00942636	0.0758306	0.0298003	0.022083	0.210655	0.0360151	0.00502356	0.0450479	0.0183674	0.100445	0.129584	0.015895	0.0154362	0.0327347	
0.0438978	0.0288711	0.00473319	0.0158032	0.17536	0.016205	0.0131295	0.16923	0.00372058	0.157924	0.0932174	0.0118627	0.000712153	0.00623822	0.00921801	0.0092311	0.00993601	0.106131	0.0775405	0.0470391	
0.0471801	0.018828	0.00628301	0.0164655	0.132282	0.0811773	0.00318628	0.110998	0.056033	0.0660099	0.163297	0.0152599	0.00453854	0.0414496	0.00351408	0.012066	0.0317884	0.0662172	0.0978857	0.0255409	
0.0551672	0.00937732	0.0166436	0.0326033	0.0240578	0.0492872	0.0526457	0.0158419	0.159858	0.0258577	0.0714544	0.0657824	0.00368231	0.0450947	0.119993	0.0450164	0.0872858	0.0309567	0.0532031	0.0361922	
0.151848	0.0179236	0.00696326	0.00787008	0.0284525	0.0451611	0.00396725	0.0655123	0.0134235	0.0198208	0.198631	0.103715	0.00813081	0.00257278	0.0258388	0.205348	0.0516846	0.0175124	0.0164175	0.00920668	
0.0773926	0.0302202	0.00150187	0.00463891	0.125771	0.113839	0.00851429	0.0992825	0.0443836	0.058253	0.172751	0.00839877	0.00821801	0.0108968	0.00876886	0.0229239	0.0316679	0.0823033	0.0782288	0.0120456	
0.0708398	0.0208233	0.0134173	0.0121059	0.0130258	0.0643161	0.0138243	0.0567074	0.260256	0.0183369	0.0245353	0.0273542	0.146757	0.0834212	0.0519703	0.0188812	0.0221926	0.0203547	0.0482178	0.0126631	
0.0565549	0.0138652	0.291113	0.0971118	0.00151414	0.0175111	0.0245863	0.0101311	0.0946776	0.00770432	0.0788028	0.0453974	0.0213154	0.105358	0.0313806	0.0534843	0.0344214	0.00530026	0.0040912	0.00567961	
0.0911729	0.0448673	0.00416762	0.0602597	0.0548708	0.00528397	0.00421287	0.201171	0.00473353	0.169099	0.133726	0.00368143	0.00102031	0.00464624	0.0115417	0.0186303	0.0128776	0.0315061	0.0126871	0.129844	
0.0653761	0.0255938	0.00191859	0.00946574	0.134626	0.11177	0.00905157	0.0767686	0.0609484	0.0479733	0.145428	0.00829579	0.0295792	0.0179408	0.0156794	0.0182585	0.0345249	0.0687581	0.0968612	0.0211821	
0.0132267	0.00998077	0.0990596	0.217865	0.0307936	0.0200033	0.0383377	0.017827	0.055093	0.022757	0.0336664	0.249175	0.00523435	0.0215354	0.0248017	0.0402087	0.0156537	0.0173916	0.0253863	0.0420036	
0.0269332	0.00368905	0.00320477	0.014521	0.184211	0.0227622	0.00251107	0.202845	0.00626302	0.0767307	0.0287108	0.0153409	0.000329627	0.00608733	0.00234934	0.00789688	0.0383384	0.162148	0.0847756	0.110353	
0.0993456	0.17157	0.00173019	0.00355896	0.0658606	0.0924558	0.00808713	0.0648097	0.0173181	0.092383	0.156649	0.00578879	0.000678524	0.00760929	0.000858752	0.0180124	0.102266	0.0459394	0.0277732	0.0173043	
0.072641	0.0489381	0.00648026	0.00205985	0.0912716	0.0645786	0.0150326	0.182051	0.0174871	0.099266	0.100732	0.0120742	0.00747838	0.00281392	0.00460965	0.0261088	0.038759	0.109	0.0806527	0.0179653	
0.0719949	0.0406243	0.0061808	0.00493022	0.086655	0.0156318	0.0115375	0.107141	0.0267596	0.162443	0.0700067	0.0054259	0.000542161	0.00232928	0.000950398	0.00480732	0.0518342	0.109588	0.100325	0.120293	
0.0682944	0.109815	0.00410599	0.0185431	0.0676583	0.0158105	0.0137222	0.0911935	0.00660876	0.0999524	0.0824236	0.0109432	0.000356338	0.00339513	0.000958953	0.0124075	0.0715868	0.058182	0.0991311	0.164912	
0.117096	0.0587548	0.00130116	0.00457008	0.111165	0.126782	0.0231272	0.0663463	0.00989531	0.0637685	0.171606	0.0117084	0.000880198	0.00341554	0.00311407	0.0239589	0.0440723	0.0669941	0.0786214	0.0128221	
0.0451854	0.0635338	0.00128474	0.00158311	0.205061	0.0100322	0.032914	0.110921	0.00143318	0.0655614	0.133494	0.00202287	0.000166854	0.00737571	0.000353454	0.0241528	0.0179214	0.065422	0.154172	0.0574084	
0.0396818	0.0958061	0.00510425	0.0016315	0.296232	0.045953	0.00127133	0.108104	0.0056468	0.0749564	0.0754468	0.0261028	0.0025559	0.00102058	0.00343665	0.0145844	0.0155549	0.0973301	0.0656913	0.0238903	
0.0567693	0.0479893	0.00203147	0.00172947	0.160517	0.0235372	0.0179923	0.105851	0.00209237	0.06298	0.139328	0.00677986	0.000161309	0.0145251	0.000704459	0.0232708	0.0137699	0.0619262	0.213603	0.0444418	
0.0451854	0.0635338	0.00128474	0.00158311	0.205061	0.0100322	0.032914	0.110921	0.00143318	0.0655614	0.133494	0.00202287	0.000166854	0.00737571	0.000353454	0.0241528	0.0179214	0.065422	0.154172	0.0574084	
0.0936734	0.067623	0.00146283	0.00451557	0.0337708	0.0815695	0.0266627	0.309081	0.00817735	0.0370637	0.107143	0.0113794	0.0122616	0.0110485	0.00108272	0.0205444	0.0158267	0.0579745	0.0933189	0.00582009	
0.016797	0.00430088	0.00599851	0.0021122	0.373795	0.00957785	0.00575715	0.087283	0.00337946	0.0178681	0.0437058	0.00549903	0.00607872	0.00325246	0.00406621	0.00642015	0.0285143	0.042763	0.0436068	0.289224	
0.316527	0.084842	0.00325941	0.00169635	0.0144572	0.0947181	0.0361215	0.0204214	0.0170095	0.0177423	0.0605857	0.0165741	0.000904754	0.00482507	0.00249989	0.210191	0.0488908	0.0151058	0.0116718	0.0219556	
0.0669805	0.0954789	0.00789079	0.00475727	0.0209397	0.00658233	0.0069116	0.191098	0.00557448	0.0760075	0.0350307	0.0142519	0.00190655	0.0839533	0.00433204	0.0258687	0.0212221	0.136401	0.148165	0.0466475	
0.0870031	0.0297752	0.00192666	0.00306821	0.109194	0.0984355	0.00587361	0.113487	0.0110325	0.0554189	0.164757	0.0155048	0.000822715	0.0172479	0.00379104	0.0270328	0.0169726	0.0581846	0.161397	0.0190754	
0.0901709	0.00595216	0.00344585	0.0141783	0.0933801	0.409621	0.00187523	0.0488396	0.029819	0.0355469	0.0875764	0.0180194	0.000453823	0.0202724	0.00921645	0.0297032	0.0103433	0.0119528	0.0697288	0.00990464	
0.0627475	0.0560748	0.0028631	0.00471303	0.0712378	0.014001	0.00626379	0.00693557	0.0217597	0.0320205	0.236791	0.0422073	0.00417925	0.0576762	0.00515914	0.0275385	0.0175366	0.163003	0.037462	0.12983	
0.043315	0.0125302	0.022749	0.0671791	0.0310784	0.0247459	0.0346399	0.0330815	0.0330004	0.0277193	0.0368118	0.15	0.00427732	0.268721	0.0135705	0.0430708	0.012067	0.0289106	0.0538031	0.0587293	
0.0391633	0.0266584	0.00602359	0.021154	0.142213	0.0139492	0.0157557	0.146353	0.00310192	0.168921	0.0921113	0.0162685	0.000728374	0.0120403	0.0112868	0.0103631	0.0107881	0.0943119	0.101285	0.067523	
0.0160105	0.00363371	0.0121202	0.0268746	0.356775	0.0202492	0.00617117	0.004517	0.00743606	0.0151932	0.0343936	0.0149513	0.00476927	0.010496	0.00636672	0.00429683	0.00857449	0.00490755	0.285154	0.15711	
0.0493593	0.0166215	0.0622407	0.0547094	0.0266401	0.302511	0.0222482	0.0146485	0.106564	0.0112022	0.0493665	0.0412623	0.0305238	0.0237549	0.0182201	0.0140895	0.0231292	0.0127347	0.0361118	0.0840627	
0.0493593	0.0166215	0.0622407	0.0547094	0.0266401	0.302511	0.0222482	0.0146485	0.106564	0.0112022	0.0493665	0.0412623	0.0305238	0.0237549	0.0182201	0.0140895	0.0231292	0.0127347	0.0361118	0.0840627	
0.0310025	0.00246872	0.0478948	0.147501	0.0281911	0.0196354	0.0331436	0.0428116	0.120717	0.0198976	0.0276227	0.0764247	0.0782321	0.0578995	0.0639949	0.0262097	0.0497689	0.0588843	0.0143893	0.0533101	
0.0181339	0.00870493	0.0506247	0.0833491	0.0637678	0.216724	0.0142596	0.0102045	0.0528875	0.00489406	0.0448549	0.0971298	0.0581297	0.0349322	0.0418634	0.0435721	0.0612994	0.0126964	0.0259834	0.0559883	
0.0293464	0.001886	0.0536422	0.1445	0.0150502	0.0166754	0.0442233	0.0361956	0.128274	0.0103134	0.0284943	0.0893238	0.0958228	0.0659606	0.0697069	0.0194523	0.0581352	0.0445925	0.0107002	0.037704	
0.0211141	0.00489047	0.162627	0.0869595	0.0732661	0.079948	0.0101559	0.0155305	0.032123	0.00787538	0.0320328	0.12479	0.0420493	0.0290489	0.0195013	0.0494049	0.0668417	0.0221021	0.0737914	0.0459485	
0.0242437	0.00835076	0.03573	0.0662125	0.0387623	0.0280587	0.0517795	0.0219817	0.0641375	0.029035	0.0388447	0.263332	0.0073427	0.107574	0.0239785	0.0473069	0.0178876	0.0221715	0.0576506	0.0456202	
0.0160105	0.00363371	0.0121202	0.0268746	0.356775	0.0202492	0.00617117	0.004517	0.00743606	0.0151932	0.0343936	0.0149513	0.00476927	0.010496	0.00636672	0.00429683	0.00857449	0.00490755	0.285154	0.15711	
0.0565549	0.0138652	0.291113	0.0971118	0.00151414	0.0175111	0.0245863	0.0101311	0.0946776	0.00770432	0.0788028	0.0453974	0.0213154	0.105358	0.0313806	0.0534843	0.0344214	0.00530026	0.0040912	0.00567961	
0.0148774	0.0461519	0.13234	0.0422146	0.010963	0.0197324	0.0250915	0.0124849	0.0655258	0.0125361	0.010128	0.217476	0.00492533	0.0338728	0.0262978	0.204465	0.0970848	0.00687556	0.00920947	0.00774695	
0.0152149	0.00376298	0.0100687	0.00386159	0.341859	0.00911094	0.00709583	0.119999	0.00359724	0.0153411	0.0375256	0.00495811	0.0113507	0.00215393	0.00346609	0.00892256	0.024686	0.0468365	0.0363418	0.293848	
0.0529508	0.0249264	0.00662445	0.0103866	0.0693592	0.118463	0.00323976	0.0664993	0.00133376	0.0487569	0.0406834	0.0072936	0.334855	0.0201445	0.00307605	0.0165927	0.0367188	0.0483199	0.0758822	0.0138931	
0.0448683	0.00793358	0.0637725	0.128521	0.0841145	0.0276882	0.029222	0.0128424	0.038075	0.0218835	0.0567859	0.0939865	0.00744518	0.0549138	0.0163841	0.0241502	0.0663225	0.0139719	0.148499	0.0586199	
0.320285	0.115828	0.00263597	0.00161817	0.0106938	0.0906229	0.0311039	0.0153953	0.0134732	0.0180299	0.0421862	0.0113359	0.000648271	0.0066431	0.00139905	0.224501	0.0526522	0.0130335	0.011329	0.0165849	
0.0169753	0.0287144	0.00696466	0.0086517	0.26861	0.0226757	0.00115218	0.0304813	0.00224026	0.0607635	0.174431	0.00260724	0.00281767	0.0023455	0.000674141	0.00809261	0.0116247	0.037018	0.159825	0.153336	
0.0272669	0.0216422	0.00924751	0.0217392	0.0463046	0.0102574	0.00220223	0.0787802	0.0189551	0.111325	0.146879	0.00278167	0.00183359	0.013144	0.00132292	0.00270813	0.00649261	0.0317694	0.284915	0.160433	
0.0862454	0.0377854	0.0140955	0.0139722	0.0794512	0.00521227	0.00164153	0.0229544	0.0672335	0.0275441	0.0527212	0.0139261	0.000344912	0.0273878	0.00568582	0.0342004	0.091404	0.022121	0.356681	0.0393923	
0.128318	0.0283233	0.00168828	0.0404692	0.00813532	0.0851063	0.013384	0.0245421	0.0268778	0.175416	0.103759	0.00563737	0.000497309	0.0159193	0.0012414	0.0817252	0.117239	0.109248	0.0237193	0.00875418	
0.0208735	0.00415694	0.00443342	0.00628045	0.481847	0.0325775	0.00279544	0.0698132	0.00941551	0.0291911	0.0523526	0.00406051	0.00489536	0.0080418	0.00115922	0.00272597	0.0488812	0.0365437	0.0408216	0.139134	
0.0279561	0.00884434	0.0275167	0.0406768	0.0105862	0.0163008	0.00638076	0.0654178	0.0189922	0.0233824	0.0318707	0.00781125	0.000353569	0.160948	0.137497	0.0478773	0.0819157	0.147564	0.127762	0.0103462	
0.0503469	0.168841	0.00239394	0.00706873	0.0116084	0.00452816	0.0413008	0.0968344	0.00257451	0.0510741	0.140867	0.0315135	0.000605213	0.00531798	0.0009025	0.0524738	0.187641	0.0968874	0.0257758	0.0214437	
0.156099	0.0722551	0.00350065	0.00603958	0.0127537	0.0360291	0.00291392	0.0370858	0.00194569	0.0948276	0.402138	0.0154981	0.00251123	0.0155821	0.000595032	0.0392966	0.0280453	0.0309465	0.0200722	0.0218652	
0.0193654	0.100048	0.0284906	0.0310624	0.0702718	0.102265	0.0186896	0.0180127	0.00354446	0.0250459	0.0299269	0.0063529	0.000730395	0.0633596	0.000666923	0.0678857	0.361392	0.0217201	0.0186021	0.0125679	
0.0134365	0.0377778	0.0269475	0.00390575	0.0859778	0.276673	0.00284082	0.00574728	0.00613778	0.0224787	0.0645843	0.0031438	0.000376338	0.12669	0.00315651	0.0498016	0.223338	0.00974887	0.00631183	0.0309263	
0.0330443	0.0130729	0.0962342	0.431856	0.00650012	0.00826466	0.00271493	0.0864307	0.0649076	0.0328011	0.0366264	0.0197492	0.000691046	0.00172268	0.00533499	0.00483273	0.0178991	0.0813128	0.0346721	0.021332	
0.0172595	0.00404284	0.0170214	0.0316449	0.303216	0.0197813	0.0064345	0.00484226	0.00756654	0.0137142	0.0312635	0.0148091	0.0123826	0.0130393	0.00547593	0.00462601	0.00765467	0.00613326	0.329576	0.149516	
0.00540195	0.00439023	0.0368102	0.107486	0.0477488	0.197349	0.0320366	0.0491317	0.00116467	0.00559646	0.0513198	0.13104	0.081114	0.0740354	0.000371148	0.00229555	0.110195	0.027373	0.0218678	0.0132725	
0.0242101	0.0039664	0.297719	0.0940315	0.0568305	0.0500723	0.00614149	0.0163151	0.0293053	0.0217007	0.0329323	0.100426	0.0457813	0.0388551	0.0133105	0.037549	0.0465872	0.018954	0.0380007	0.0273119	
0.0235039	0.0188071	0.0268029	0.0205558	0.0109949	0.0352955	0.0195255	0.213288	0.0296796	0.0757583	0.10513	0.0157603	0.0458498	0.0442049	0.000815563	0.0231072	0.0247935	0.170478	0.0538041	0.0418449	
0.0255904	0.0156459	0.00797635	0.0331181	0.0321704	0.023194	0.0967057	0.0172422	0.00561163	0.0693147	0.325766	0.021675	0.0202609	0.0168636	0.0229818	0.0145345	0.021012	0.0269807	0.0416961	0.16166	
0.0606934	0.0139945	0.0665839	0.0750053	0.0429555	0.0259068	0.0163738	0.018196	0.0277322	0.0173978	0.0418435	0.0286976	0.0986729	0.0484227	0.00490957	0.0140927	0.016307	0.0370226	0.274396	0.0707965	
0.0676723	0.00850212	0.0844978	0.0741178	0.0456104	0.0352104	0.0211459	0.0234609	0.0504337	0.0192794	0.0380018	0.0633556	0.0529312	0.0665754	0.0182039	0.0278059	0.0332588	0.0488442	0.183144	0.0379489	
0.0163083	0.00832931	0.0491083	0.0830613	0.0679843	0.198565	0.0133044	0.0103268	0.047975	0.00431037	0.0446974	0.10694	0.0564226	0.0333635	0.0413511	0.0475773	0.0676695	0.0135895	0.0322833	0.0568326	
0.0614077	0.0125797	0.0706604	0.0729447	0.0418309	0.0268195	0.0164267	0.0202332	0.0320658	0.0174436	0.0372992	0.0345009	0.0882538	0.0477607	0.00707285	0.016836	0.0202229	0.0421675	0.2741	0.0593739	
0.0463032	0.0199573	0.0109886	0.0181219	0.0700622	0.0361326	0.00676565	0.0648649	0.0258665	0.0414499	0.0558111	0.0300513	0.0355855	0.0121047	0.0186038	0.0134717	0.0292912	0.0361123	0.310325	0.118131	
0.128867	0.0640952	0.00527462	0.199856	0.00871853	0.193115	0.0329932	0.00617284	0.00208929	0.00733437	0.0755324	0.0491792	0.0259178	0.0147314	0.0222864	0.037971	0.0244355	0.0187053	0.0105029	0.072222	
0.0752925	0.0271122	0.00290284	0.00864132	0.0168006	0.0115057	0.0090246	0.0690021	0.148522	0.0154923	0.156782	0.0155726	0.0158501	0.035872	0.0246304	0.0147176	0.0087555	0.0568272	0.145839	0.140858	
0.0940027	0.0560458	0.0161082	0.00378568	0.100091	0.0278585	0.0124265	0.158557	0.00680246	0.13491	0.0718664	0.00242714	0.0266668	0.00430834	0.00646474	0.0238011	0.0458031	0.140887	0.0492808	0.0179076	
0.0167294	0.00432189	0.0058737	0.00208287	0.373229	0.00968706	0.00579003	0.0869848	0.00342083	0.0179243	0.0437825	0.005493	0.00601716	0.00327766	0.00407677	0.00637659	0.0287908	0.0430231	0.0432822	0.289836	
0.0812632	0.00288719	0.11428	0.0127489	0.2368	0.148565	0.0016277	0.032699	0.00383922	0.0198241	0.154196	0.0202492	0.00347617	0.0360663	0.00118816	0.00594587	0.0187365	0.0169288	0.027745	0.0609338	
0.0913026	0.0691088	0.0016175	0.0118051	0.0477407	0.0785916	0.00424987	0.132964	0.003314	0.05189	0.0759806	0.00680268	0.0084197	0.0056536	0.000908191	0.163933	0.115161	0.081107	0.028777	0.0206731	
0.0171096	0.0267074	0.00566929	0.00711577	0.279917	0.0228306	0.00099243	0.0318034	0.00224982	0.0575975	0.16635	0.00209302	0.00267985	0.00218006	0.000702624	0.00780288	0.0132493	0.037116	0.157959	0.157875	
0.0889758	0.103562	0.0658996	0.0440442	0.105373	0.00571104	0.0256213	0.131255	0.00948393	0.0183156	0.109637	0.0598057	0.000853204	0.0121758	0.00113958	0.0234063	0.0142685	0.0598778	0.0107954	0.109799	
0.0454006	0.0631645	0.00128404	0.00157191	0.204173	0.0102461	0.032374	0.111047	0.00137832	0.0655149	0.133795	0.00204091	0.000167577	0.00749142	0.000358446	0.0241037	0.0178427	0.0653515	0.155607	0.0570879	
0.0407995	0.0556045	0.00319993	0.00615077	0.204509	0.0262889	0.00470447	0.18462	0.00643274	0.120224	0.0965205	0.0115011	0.00151304	0.0027318	0.00556865	0.00808088	0.0149677	0.100007	0.0819317	0.0246435	
0.0405045	0.108455	0.00203147	0.0152941	0.0870516	0.220701	0.0426408	0.0563354	0.00545028	0.0171556	0.177264	0.0282263	0.000847121	0.0111912	0.00211127	0.0535023	0.034418	0.063092	0.0140133	0.0197141	
0.112014	0.0132709	0.00100704	0.00442347	0.0140508	0.277357	0.0023523	0.0547379	0.0103303	0.00374625	0.0772655	0.240281	0.0208816	0.0139145	0.00434899	0.0544903	0.0335289	0.021629	0.0320213	0.00834867	
0.0190585	0.00265097	0.00200121	0.0103716	0.208096	0.0225622	0.0019433	0.180777	0.0126878	0.0779473	0.0357903	0.0118034	0.000410285	0.00482702	0.00155849	0.00776039	0.0253382	0.14585	0.0930913	0.135474	
0.0214285	0.00237742	0.00183028	0.0113878	0.201145	0.0278364	0.00192546	0.195696	0.0085119	0.0786557	0.0295429	0.0121072	0.000343556	0.004099	0.00149128	0.00795615	0.0325127	0.148483	0.0860399	0.12663	
0.00939016	0.0428504	0.0145502	0.00873783	0.104969	0.0447671	0.00367699	0.100332	0.00915077	0.160869	0.225046	0.00458405	0.00504764	0.022141	0.00181697	0.00726987	0.0565633	0.133529	0.0208531	0.0238557	
0.0107568	0.0100626	0.012355	0.00188104	0.153254	0.0669563	0.00567602	0.11032	0.0222098	0.19398	0.149943	0.00581834	0.00118463	0.0091917	0.0054201	0.00576415	0.0482237	0.120641	0.0181976	0.0481648	
0.22549	0.0513241	0.00654498	0.0108121	0.0842424	0.0103573	0.00506178	0.00550892	0.00702758	0.0216488	0.0507743	0.376905	0.000690538	0.0146285	0.00542536	0.0419746	0.0206801	0.00893811	0.0332851	0.0186796	
0.019486	0.0190683	0.00860261	0.00903432	0.0239132	0.00679842	0.032773	0.0555991	0.00414426	0.233328	0.24256	0.00916373	0.00105143	0.00456098	0.000990084	0.0151243	0.0245026	0.0823344	0.0425128	0.164452	
0.00694158	0.034392	0.00383277	0.0190386	0.268278	0.0252714	0.00196219	0.139671	0.011344	0.102574	0.0914101	0.00485983	0.0903106	0.00566145	0.00138482	0.00396276	0.0258579	0.062497	0.0199864	0.0807636	
0.0536622	0.0114227	0.00551192	0.0045796	0.0305694	0.0141144	0.00386273	0.437639	0.00987851	0.0552737	0.0161057	0.020582	0.000642651	0.0425423	0.00134459	0.00350328	0.0346415	0.210836	0.0227406	0.0205475	
0.309764	0.00463271	0.00105973	0.00650554	0.0367701	0.292779	0.0141771	0.0109584	0.0167584	0.00444806	0.0700402	0.0602069	0.0539368	0.0109037	0.00270457	0.00649872	0.0240611	0.00834489	0.0311416	0.0343095	
0.00655563	0.0144523	0.00598653	0.0538105	0.0367993	0.00367503	0.0293759	0.157739	0.00153829	0.0614145	0.211391	0.0997929	0.00546748	0.0470865	0.00125267	0.00662868	0.00271972	0.230458	0.0209811	0.00287468	
0.114254	0.0198314	0.00407951	0.00759508	0.0282494	0.0051606	0.0101739	0.253513	0.00556785	0.0423178	0.255332	0.00449346	0.000801434	0.00983761	0.00192315	0.00250094	0.0020141	0.140495	0.0370211	0.0548401	
