0.0174354	0.0290126	0.00353299	0.00415687	0.109976	0.00465643	0.0308625	0.039836	0.0197505	0.221461	0.0265848	0.0174249	0.00120093	0.00305072	0.00735254	0.00344678	0.14162	0.177811	0.0813423	0.0594859	
0.0645831	0.00176297	0.0910471	0.112369	0.0119009	0.0214412	0.0259808	0.0123476	0.165664	0.0116219	0.0283733	0.125169	0.0060896	0.119398	0.0626879	0.0418951	0.0344811	0.0140055	0.017302	0.0318794	
0.137621	0.0236338	0.0290668	0.134733	0.0283727	0.0345478	0.0135218	0.0316341	0.0803753	0.0447358	0.080288	0.0395646	0.015771	0.0466396	0.0201734	0.0184839	0.0328	0.0427938	0.0479432	0.0973001	
0.0115696	0.00969357	0.000839793	0.0060749	0.041194	0.00934445	0.297552	0.131734	0.00817418	0.0198059	0.027383	0.0172931	0.000824987	0.0092324	0.000480189	0.00760881	0.17172	0.179958	0.0419259	0.00759165	
0.0417175	0.0421245	0.016373	0.0283474	0.0593992	0.0370754	0.0029222	0.00110433	0.00101139	0.0384886	0.0419503	0.513553	0.0257052	0.0200335	0.0111397	0.00823746	0.0102483	0.044354	0.0549545	0.00126045	
0.0644885	0.00183131	0.0906647	0.11261	0.0121589	0.0215819	0.0258513	0.0125173	0.165279	0.0117949	0.028267	0.124637	0.00616576	0.118226	0.0623026	0.041662	0.0349355	0.0143427	0.0181786	0.0325049	
0.127871	0.00955914	0.013491	0.110996	0.0820335	0.00725681	0.0266792	0.0807999	0.0586911	0.0905095	0.0270837	0.0160028	0.000421277	0.0134781	0.0612892	0.00132532	0.0088704	0.0284948	0.0362356	0.198912	
0.0497434	0.00239467	0.0310423	0.0256248	0.0363963	0.0114519	0.0029582	0.0420451	0.004713	0.00284605	0.0372545	0.0444357	0.000572524	0.00308767	0.604358	0.00461165	0.00358048	0.0316515	0.00746929	0.0537628	
0.063953	0.00133259	0.0688868	0.101096	0.0110021	0.019863	0.0234009	0.0131851	0.154515	0.0130099	0.0510113	0.102802	0.00432551	0.168438	0.0690428	0.0484555	0.028897	0.0115727	0.0183797	0.0268302	
0.064168	0.00134187	0.0698639	0.101413	0.0111413	0.0199637	0.0235114	0.0131657	0.155491	0.0130645	0.0497793	0.103636	0.00440005	0.165936	0.0687192	0.048167	0.0291588	0.0117007	0.0183262	0.0270527	
0.0164687	0.00257634	0.134262	0.00868506	0.0524931	0.203855	0.0170193	0.00589737	0.0842701	0.00141091	0.0670837	0.256941	0.0223834	0.0462481	0.0464617	0.0201785	0.0034779	0.00141841	0.00625259	0.00261676	
0.0427035	0.0852572	0.00144031	0.0470461	0.00367571	0.0019099	0.00262308	0.0166211	0.00708883	0.0411667	0.579501	0.0167263	0.00481112	0.0244811	0.00420876	0.00580884	0.0124442	0.0596103	0.0279488	0.0149276	
0.0824236	0.0528219	0.101463	0.105064	0.00402413	0.0410685	0.0161077	0.00563939	0.189358	0.0138467	0.0262864	0.0505586	0.114307	0.0550851	0.0325415	0.024851	0.0376937	0.00745548	0.00823898	0.0311649	
0.0829887	0.0492434	0.0968147	0.102946	0.0049642	0.0386258	0.0176367	0.00543724	0.193948	0.0139392	0.0268814	0.0500367	0.118487	0.0541212	0.0316645	0.0241075	0.0398741	0.007946	0.00834829	0.0319889	
0.00824884	0.0131498	0.00687865	0.00718518	0.0179474	0.00518193	0.00388457	0.0976562	0.00637211	0.183639	0.422552	0.0233389	0.000629751	0.0223562	0.000980448	0.00224566	0.00774092	0.122382	0.0125991	0.0350318	
0.0769661	0.00798421	0.0220977	0.116282	0.00902324	0.0138305	0.048126	0.0176887	0.217912	0.00692761	0.0238532	0.0229136	0.00038672	0.0615108	0.053125	0.0744283	0.0472788	0.0496592	0.0670517	0.062955	
0.0219327	0.00924363	0.00397625	0.00458642	0.0175311	0.00259907	0.0128362	0.0517905	0.0347493	0.00976063	0.0589776	0.0159478	0.00371629	0.0282648	0.00903612	0.00684447	0.00653111	0.0501025	0.3994	0.252173	
0.00671457	0.0543082	0.242487	0.00345047	0.010575	0.00900166	0.00804328	0.0079728	0.00204386	0.0425002	0.047324	0.160158	0.00350537	0.00723917	0.00172995	0.328399	0.0129657	0.00118138	0.0407054	0.00969441	
0.0824236	0.0528219	0.101463	0.105064	0.00402413	0.0410685	0.0161077	0.00563939	0.189358	0.0138467	0.0262864	0.0505586	0.114307	0.0550851	0.0325415	0.024851	0.0376937	0.00745548	0.00823898	0.0311649	
0.0529064	0.00287269	0.0712959	0.253016	0.0106478	0.0237643	0.00910284	0.0104224	0.11902	0.00535075	0.0172607	0.0612912	0.00179453	0.0312956	0.0223332	0.030399	0.199246	0.0422283	0.00783481	0.0279175	
0.079383	0.0583189	0.00427402	0.00369857	0.0266502	0.0022804	0.00845637	0.0800857	0.00856305	0.377907	0.0856558	0.0389141	0.000603463	0.00412714	0.00224662	0.00189154	0.0215715	0.0752041	0.0246964	0.0954718	
0.116369	0.0129864	0.0213939	0.50095	0.00211068	0.00600476	0.0147623	0.00584127	0.0107506	0.000603689	0.0389398	0.0365037	0.00433017	0.144704	0.00833536	0.0227566	0.0166108	0.00372484	0.0193442	0.0129782	
0.0649646	0.00174233	0.0893226	0.111711	0.0118165	0.0213572	0.0259026	0.0123913	0.165073	0.0118198	0.0295423	0.123422	0.00594027	0.122936	0.0627459	0.0422197	0.0341713	0.0139411	0.0171164	0.0318643	
0.092406	0.00681112	0.0519131	0.0676799	0.0295678	0.0661937	0.024083	0.0266619	0.0798684	0.0399451	0.0786828	0.0685079	0.0110022	0.0665605	0.0177024	0.0319644	0.0347243	0.0315052	0.102525	0.0716949	
0.384649	0.125601	0.00147981	0.00217325	0.0141224	0.0054729	0.0251016	0.0261098	0.0266428	0.0724616	0.114208	0.0442299	0.000585557	0.0434219	0.00523871	0.0285358	0.00945597	0.00939346	0.0345774	0.0265391	
0.0570969	0.0015463	0.0535644	0.0944704	0.0114783	0.0175753	0.0190882	0.0163423	0.137467	0.0138329	0.0818386	0.0761898	0.00354986	0.199881	0.0705231	0.0445416	0.0267978	0.00947984	0.0271706	0.0375661	
0.0648167	0.00174682	0.0899156	0.111931	0.0118375	0.021403	0.0259206	0.012417	0.165197	0.0117442	0.0292458	0.124156	0.00600013	0.121588	0.0627094	0.0420664	0.0342385	0.0139472	0.0172696	0.0318497	
0.0762783	0.0126367	0.00817252	0.0224767	0.0540544	0.0124593	0.148975	0.00369146	0.061796	0.01029	0.0476353	0.104365	0.00187482	0.0761476	0.0111765	0.00615988	0.00906653	0.00311562	0.168493	0.161135	
0.431633	0.0100591	0.0101109	0.00174291	0.00423417	0.00864687	0.0189715	0.0382624	0.0563437	0.0303303	0.0324903	0.00513111	0.000530364	0.0236285	0.00124874	0.166553	0.0216216	0.0933387	0.0301604	0.0149623	
0.0645831	0.00176297	0.0910471	0.112369	0.0119009	0.0214412	0.0259808	0.0123476	0.165664	0.0116219	0.0283733	0.125169	0.0060896	0.119398	0.0626879	0.0418951	0.0344811	0.0140055	0.017302	0.0318794	
0.0326236	0.00596334	0.0204798	0.0261076	0.0643081	0.332028	0.0375876	0.0198056	0.0515813	0.060035	0.0270174	0.0533171	0.0186465	0.025795	0.00387197	0.0333927	0.0685915	0.0175396	0.025717	0.0755917	
0.0938075	0.0154242	0.0199222	0.506955	0.00559696	0.00675366	0.0128494	0.00569514	0.0113607	0.000610753	0.0340661	0.0370082	0.00680697	0.136529	0.0112492	0.0217562	0.0269873	0.00495789	0.0310707	0.0105933	
0.0226721	0.0559001	0.019792	0.035903	0.0792181	0.048685	0.00409227	0.00111516	0.00104901	0.0484894	0.0348099	0.46018	0.0386464	0.0139626	0.00972597	0.00805613	0.0128729	0.0405805	0.0630123	0.00123734	
0.0766617	0.0327859	0.0420043	0.00430649	0.028514	0.00636014	0.00166069	0.329152	0.028808	0.103961	0.102911	0.0171668	0.00766591	0.0275446	0.00374978	0.0170235	0.057572	0.0504642	0.0172239	0.0444637	
0.0762783	0.0126367	0.00817252	0.0224767	0.0540544	0.0124593	0.148975	0.00369146	0.061796	0.01029	0.0476353	0.104365	0.00187482	0.0761476	0.0111765	0.00615988	0.00906653	0.00311562	0.168493	0.161135	
0.0792925	0.00595669	0.0666072	0.0707739	0.0260976	0.0624176	0.0259022	0.0231958	0.0955775	0.0323728	0.0632747	0.083794	0.0103658	0.0737467	0.0243443	0.0337698	0.0368967	0.0250529	0.0935374	0.0670241	
0.0800968	0.00684106	0.0579764	0.0566641	0.0290395	0.0735296	0.0271464	0.0237293	0.0808193	0.0347638	0.0744083	0.0726238	0.0104749	0.0722193	0.0180713	0.0322561	0.0340238	0.0245603	0.117635	0.073121	
0.0583378	0.000543123	0.0149489	0.0171734	0.0966588	0.0181437	0.0237471	0.0298337	0.0481318	0.0387803	0.105232	0.042393	0.0032388	0.0224075	0.00318555	0.00167362	0.0348412	0.0158831	0.392437	0.0324099	
0.0251199	0.476332	0.0463741	0.0756092	0.00692282	0.0154311	0.000713295	0.049043	0.0253074	0.0103497	0.0474146	0.0106316	0.0381378	0.0842858	0.00793627	0.00443605	0.0276999	0.0359207	0.0059368	0.00639795	
0.0321521	0.00580133	0.0208547	0.026185	0.0648509	0.327038	0.0363702	0.0197871	0.0517326	0.0624765	0.0270481	0.0539888	0.0190375	0.0267324	0.00388133	0.0340855	0.0686656	0.0175289	0.024508	0.0772751	
0.0834309	0.00395124	0.0174592	0.0288268	0.0075288	0.0124975	0.4706	0.00608302	0.0495713	0.00108191	0.109428	0.0557671	0.00708373	0.00313952	0.0165174	0.0239266	0.0206588	0.0358644	0.0310144	0.0155688	
0.12252	0.0243846	0.00384426	0.0121334	0.217347	0.00374175	0.0108467	0.00683895	0.0276471	0.00982103	0.0444443	0.0230639	0.000332294	0.00358217	0.0638313	0.00154527	0.00230151	0.00804328	0.108595	0.305136	
0.0529064	0.00287269	0.0712959	0.253016	0.0106478	0.0237643	0.00910284	0.0104224	0.11902	0.00535075	0.0172607	0.0612912	0.00179453	0.0312956	0.0223332	0.030399	0.199246	0.0422283	0.00783481	0.0279175	
0.13978	0.00949109	0.00825612	0.00872011	0.0430362	0.00295018	0.000840125	0.0210783	0.0150494	0.0121046	0.0214668	0.262464	0.00691478	0.279079	0.00548881	0.0146515	0.0245341	0.0262647	0.0837878	0.0140411	
0.0106318	0.0108048	0.00270919	0.00850393	0.0145818	0.00244203	0.00388069	0.143369	0.0092718	0.132825	0.437504	0.0180839	0.000620389	0.0232002	0.000828491	0.00368589	0.00897428	0.125314	0.0176175	0.025152	
0.109264	0.0112415	0.00166202	0.00197007	0.0126771	0.00263874	0.0031071	0.144234	0.020526	0.0851805	0.184912	0.00673258	0.000298617	0.00542327	0.00191615	0.00335612	0.0134054	0.321752	0.034848	0.0348545	
0.037087	0.000730651	0.0536315	0.0141233	0.0367129	0.0116128	0.0246513	0.00159378	0.0247572	0.0228889	0.0276224	0.113177	0.00112537	0.0339931	0.0108606	0.0263172	0.00487745	0.014903	0.495166	0.0441691	
0.0824236	0.0528219	0.101463	0.105064	0.00402413	0.0410685	0.0161077	0.00563939	0.189358	0.0138467	0.0262864	0.0505586	0.114307	0.0550851	0.0325415	0.024851	0.0376937	0.00745548	0.00823898	0.0311649	
0.0645831	0.00176297	0.0910471	0.112369	0.0119009	0.0214412	0.0259808	0.0123476	0.165664	0.0116219	0.0283733	0.125169	0.0060896	0.119398	0.0626879	0.0418951	0.0344811	0.0140055	0.017302	0.0318794	
0.0433962	0.009067	0.00276584	0.00903075	0.0815326	0.0082087	0.0196977	0.00902794	0.00850812	0.00570345	0.031444	0.0968701	0.000607839	0.111364	0.00443429	0.131181	0.20852	0.0434716	0.0700585	0.10511	
0.0529491	0.00286607	0.0712663	0.251833	0.0108222	0.0239066	0.00920474	0.0105045	0.11896	0.00547716	0.017412	0.0616614	0.00185751	0.03154	0.0224125	0.0303486	0.19763	0.04231	0.00858753	0.0284507	
0.0769661	0.00798421	0.0220977	0.116282	0.00902324	0.0138305	0.048126	0.0176887	0.217912	0.00692761	0.0238532	0.0229136	0.00038672	0.0615108	0.053125	0.0744283	0.0472788	0.0496592	0.0670517	0.062955	
0.0742268	0.00681697	0.00154504	0.00304275	0.0158266	0.00577783	0.00166466	0.213864	0.0103745	0.0854299	0.214082	0.0045925	0.000413004	0.00580907	0.000850116	0.00399878	0.0208319	0.255095	0.0303473	0.0454113	
0.00902187	0.0020918	0.00109167	0.00179749	0.0453095	0.483305	0.0406067	0.0489294	0.0485222	0.0354702	0.0752854	0.0580427	0.00442509	0.0478612	0.000307233	0.00109353	0.0190723	0.00152249	0.0201967	0.0560475	
0.0530083	0.570682	0.00265257	0.00424648	0.0255178	0.0132943	0.00922914	0.046971	0.0266154	0.00501557	0.0366009	0.015757	0.00100208	0.0441396	0.000686749	0.00289429	0.0132471	0.115177	0.00611748	0.00714512	
0.224385	0.00251484	0.0100038	0.00714905	0.0326094	0.263815	0.0492773	0.0431405	0.0285236	0.00384603	0.054165	0.043894	0.000614762	0.0286582	0.00055553	0.0430172	0.00128431	0.00880717	0.0160725	0.137667	
0.0281214	0.00905473	0.00539115	0.00220155	0.03042	0.00272023	0.019357	0.0503216	0.0548087	0.00897937	0.0800333	0.00740498	0.00200634	0.0430088	0.0235456	0.0137446	0.0100012	0.0705015	0.298206	0.240172	
0.0769661	0.00798421	0.0220977	0.116282	0.00902324	0.0138305	0.048126	0.0176887	0.217912	0.00692761	0.0238532	0.0229136	0.00038672	0.0615108	0.053125	0.0744283	0.0472788	0.0496592	0.0670517	0.062955	
0.064684	0.00194194	0.0901077	0.111978	0.0125047	0.0222481	0.0259023	0.0127479	0.164063	0.0121659	0.0287635	0.123922	0.0062985	0.116976	0.0617402	0.0414003	0.034829	0.0146607	0.0196609	0.0334057	
0.0799673	0.00689672	0.0576591	0.0567812	0.029247	0.0736129	0.0270499	0.0238703	0.0805639	0.0348969	0.0743055	0.072246	0.0105435	0.0713473	0.017786	0.0320451	0.0342953	0.0248303	0.11843	0.0736261	
0.0799673	0.00689672	0.0576591	0.0567812	0.029247	0.0736129	0.0270499	0.0238703	0.0805639	0.0348969	0.0743055	0.072246	0.0105435	0.0713473	0.017786	0.0320451	0.0342953	0.0248303	0.11843	0.0736261	
0.0283658	0.00355317	0.00175086	0.00277813	0.121432	0.0283151	0.0138052	0.0711126	0.00373691	0.046218	0.0502275	0.00259874	0.000385643	0.0119155	0.000984351	0.0094818	0.0783248	0.214716	0.188268	0.12203	
0.0629347	0.00609325	0.00872058	0.0275893	0.00318103	0.0212645	0.00535791	0.113085	0.0361284	0.0156952	0.0284492	0.0140788	0.00379422	0.103686	0.00470528	0.0325311	0.0820095	0.3701	0.0260082	0.0345883	
0.0251199	0.476332	0.0463741	0.0756092	0.00692282	0.0154311	0.000713295	0.049043	0.0253074	0.0103497	0.0474146	0.0106316	0.0381378	0.0842858	0.00793627	0.00443605	0.0276999	0.0359207	0.0059368	0.00639795	
