0.0113608	0.00511447	0.043208	0.190957	0.00107749	0.00574587	0.00565898	0.0067628	0.00981981	0.000908672	0.00348049	0.0266425	0.000127071	0.0936986	0.00277428	0.138333	0.449218	0.00294624	0.00156292	0.000602992	
0.0339838	0.012451	0.00173492	0.0255899	0.0773463	0.0244009	0.0235869	0.00508036	0.0181325	0.00292541	0.0751635	0.00909368	0.00111168	0.0242018	0.0213431	0.00211869	0.00643216	0.00422613	0.106072	0.525005	
0.0502851	0.00432192	0.0256127	0.086024	0.0206556	0.0380264	0.0413639	0.0171794	0.300852	0.0113844	0.00998732	0.0448759	0.00289216	0.175663	0.0933459	0.0291813	0.0202906	0.00329614	0.00409509	0.0206674	
0.0113608	0.00511447	0.043208	0.190957	0.00107749	0.00574587	0.00565898	0.0067628	0.00981981	0.000908672	0.00348049	0.0266425	0.000127071	0.0936986	0.00277428	0.138333	0.449218	0.00294624	0.00156292	0.000602992	
0.0215463	0.0121063	0.00670334	0.00635046	0.0991912	0.00365933	0.0122203	0.0703419	0.00620272	0.319945	0.109316	0.00545017	0.00233379	0.00518748	0.00221497	0.00418942	0.0212808	0.0459824	0.174753	0.071025	
0.0245065	0.0169408	0.141867	0.0845303	0.0280789	0.011809	0.038605	0.0116165	0.0370157	0.0519565	0.0620158	0.32434	0.00261578	0.0363284	0.0181857	0.0148348	0.0162144	0.012946	0.0310072	0.0345859	
0.0311159	0.00700908	0.0991574	0.309125	0.0130567	0.0130377	0.0202839	0.0159684	0.191564	0.0117898	0.0187368	0.0625787	0.00479282	0.0986722	0.0247068	0.0300573	0.028473	0.00722681	0.0010167	0.0116314	
0.0586802	0.00360657	0.064811	0.164352	0.0137524	0.010384	0.0288611	0.0207104	0.201886	0.0235634	0.0369698	0.0815021	0.00802763	0.118911	0.054924	0.0230068	0.0241511	0.0142926	0.0267668	0.020841	
0.226635	0.187632	0.00385252	0.00650174	0.00480952	0.019146	0.0107369	0.0666225	0.0216159	0.00937144	0.00360695	0.0103743	0.00204801	0.00833216	0.00158966	0.231755	0.0715325	0.0943091	0.00991713	0.00961112	
0.0245065	0.0169408	0.141867	0.0845303	0.0280789	0.011809	0.038605	0.0116165	0.0370157	0.0519565	0.0620158	0.32434	0.00261578	0.0363284	0.0181857	0.0148348	0.0162144	0.012946	0.0310072	0.0345859	
0.0502851	0.00432192	0.0256127	0.086024	0.0206556	0.0380264	0.0413639	0.0171794	0.300852	0.0113844	0.00998732	0.0448759	0.00289216	0.175663	0.0933459	0.0291813	0.0202906	0.00329614	0.00409509	0.0206674	
0.0481322	0.058391	0.00405975	0.0160501	0.100476	0.00461351	0.00936024	0.221757	0.0138717	0.158733	0.101313	0.00771842	0.00123027	0.00231611	0.00321556	0.00067014	0.0548066	0.0535315	0.0482917	0.0914627	
0.416288	0.0038765	0.00645535	0.00439088	0.0130491	0.0556473	0.0467843	0.0531774	0.0950144	0.0218021	0.0853156	0.0212814	0.000747905	0.0438895	0.00479184	0.0699979	0.011998	0.011368	0.0154294	0.0186954	
0.0734933	0.0215116	0.0130177	0.0278374	0.0297407	0.0186092	0.101531	0.0184789	0.0443455	0.02156	0.0297152	0.335738	0.0029313	0.0469302	0.0340223	0.0476666	0.0375608	0.0188231	0.0398835	0.0366035	
0.0631216	0.0225682	0.00855759	0.0138913	0.0980394	0.0583209	0.0610969	0.0319656	0.011754	0.0303304	0.093255	0.0167002	0.00363865	0.0257628	0.0172028	0.0226062	0.0347115	0.0392185	0.189341	0.157918	
0.0334208	0.0294709	0.0137903	0.0329928	0.131564	0.0107036	0.00491752	0.0902088	0.00902755	0.390141	0.0806246	0.0138281	0.000901865	0.0125668	0.000955012	0.00518256	0.0240009	0.0161954	0.0290719	0.0704355	
0.0337662	0.0191512	0.0131772	0.049042	0.0283714	0.00675329	0.019274	0.153472	0.160832	0.0674849	0.0612911	0.0141366	0.00395452	0.095262	0.0651541	0.0180487	0.0626408	0.0789368	0.0268367	0.0224144	
0.0244189	0.00511825	0.0848945	0.255999	0.00548789	0.0130829	0.0258687	0.0105912	0.224466	0.0067584	0.0155662	0.0929576	0.00590178	0.129186	0.028135	0.030932	0.0231139	0.00641754	0.00130793	0.00979666	
0.0428211	0.0140285	0.0386905	0.0613118	0.03177	0.0106657	0.0373624	0.0401995	0.184715	0.067644	0.13276	0.0510217	0.00743372	0.0917882	0.0326304	0.0210079	0.032173	0.0276887	0.0129582	0.0613296	
0.0114471	0.00871297	0.025473	0.0263209	0.0109796	0.666006	0.0167003	0.00891052	0.0323233	0.00567069	0.0149025	0.078495	0.0101742	0.016626	0.00743692	0.0129907	0.0226188	0.00422965	0.0110768	0.00890526	
0.066871	0.0682832	0.00824968	0.0104084	0.052446	0.0114189	0.0192402	0.180907	0.0199939	0.102981	0.0819483	0.0240122	0.00589611	0.0191129	0.00788092	0.0220728	0.042676	0.158051	0.0185862	0.0789644	
0.0843394	0.00285903	0.022384	0.0501276	0.0273911	0.0124992	0.0285863	0.00610074	0.312906	0.00491575	0.0392654	0.0430094	0.163366	0.0573098	0.0362256	0.0204198	0.0333592	0.0344997	0.00390904	0.0165272	
0.0172015	0.0102704	0.390007	0.0742879	0.020251	0.0147248	0.0243992	0.00619	0.0447565	0.00701462	0.0151155	0.102394	0.0268038	0.0561562	0.0171466	0.0728001	0.0722218	0.011253	0.00896023	0.00804581	
0.00684428	0.00681236	0.00691048	0.00365442	0.0106375	0.000800021	0.0303675	0.0321196	0.709774	0.00899154	0.00702211	0.0678811	0.00432436	0.00317937	0.0514667	0.00348767	0.013531	0.0198706	0.00543048	0.00689498	
0.0526453	0.259729	0.00566217	0.000881889	0.013773	0.00185302	0.00251762	0.127706	0.0193983	0.010085	0.0169535	0.0101312	0.00091081	0.0241276	0.000811157	0.00607372	0.0187573	0.409491	0.0134809	0.00501071	
0.236066	0.0367049	0.00511712	0.00912051	0.0420556	0.198203	0.0231429	0.0585549	0.0117891	0.0413825	0.170157	0.0370884	0.0136819	0.00636472	0.00215779	0.0121175	0.0125387	0.0458691	0.0111319	0.0267569	
0.0378845	0.163519	0.00223181	0.00220454	0.0306508	0.00763492	0.00115735	0.376069	0.00356191	0.0948896	0.059285	0.00393493	0.00138976	0.00224732	0.00278127	0.00785735	0.0257924	0.149291	0.00511326	0.0225051	
0.0393045	0.056409	0.0383158	0.0104805	0.102769	0.000954766	0.010131	0.0937574	0.00163249	0.0457825	0.273005	0.00606442	0.00154071	0.0187259	0.00242422	0.0064175	0.0104452	0.0292094	0.0580697	0.194561	
0.273956	0.0232361	0.0117058	0.0125728	0.105378	0.0522284	0.0030566	0.0177114	0.00428833	0.0311391	0.268468	0.00164218	0.00861696	0.00260508	0.0020221	0.0418533	0.0594086	0.0179258	0.0488268	0.0133587	
0.0279647	0.00258954	0.13997	0.3342	0.0160373	0.0159201	0.0356374	0.00736132	0.0616552	0.00527206	0.00893431	0.0330282	0.179103	0.04377	0.0103182	0.0188308	0.0145555	0.00562506	0.0253351	0.0138923	
0.0121122	0.00116887	0.00997877	0.000716836	0.0229243	0.00158378	0.00806107	0.00218144	0.0996109	0.00529261	0.125122	0.421684	0.00650445	0.0330978	0.139119	0.00486668	0.0312019	0.000893644	0.0413404	0.0325395	
0.00776755	0.0649306	0.0372273	0.0553858	0.0099394	0.0598271	0.0188951	0.0722449	0.0182246	0.0126177	0.0503264	0.0798013	0.00446459	0.0171146	0.0584986	0.22306	0.133811	0.0516349	0.0093626	0.0148662	
0.0492819	0.0501655	0.0294851	0.0376007	0.0459221	0.0155266	0.0354152	0.103849	0.0352168	0.0397245	0.0597397	0.0273211	0.107182	0.009944	0.00544378	0.0120523	0.0327053	0.0567616	0.0874051	0.159258	
0.0283177	0.000948117	0.133832	0.393869	0.0310841	0.0113273	0.0319254	0.00849034	0.040591	0.0147605	0.0119978	0.038133	0.00908911	0.0772224	0.0219991	0.0226335	0.0144598	0.0037118	0.0815929	0.0240152	
0.0360822	0.00993913	0.00451342	0.05197	0.082975	0.00673635	0.10558	0.0125613	0.00748198	0.0225789	0.102959	0.0251979	0.00207647	0.0308436	0.00222399	0.0107397	0.0378071	0.0112342	0.247225	0.189275	
0.0731577	0.0446434	0.00516548	0.0344627	0.0506653	0.00703848	0.00949455	0.232274	0.0060995	0.044262	0.0973693	0.013951	0.0219202	0.0116134	0.00213614	0.00744182	0.0404614	0.0977186	0.100498	0.0996276	
0.0731577	0.0446434	0.00516548	0.0344627	0.0506653	0.00703848	0.00949455	0.232274	0.0060995	0.044262	0.0973693	0.013951	0.0219202	0.0116134	0.00213614	0.00744182	0.0404614	0.0977186	0.100498	0.0996276	
0.1795	0.037439	0.0022947	0.00199327	0.0365125	0.0657661	0.0228036	0.0842375	0.0190933	0.0577378	0.0619962	0.0403252	0.0113888	0.00568373	0.000652233	0.103143	0.152074	0.046987	0.0204397	0.0499321	
0.0394403	0.0560481	0.0388337	0.0106298	0.102559	0.00091511	0.0101055	0.0946955	0.00145621	0.0455148	0.275204	0.00612928	0.00155261	0.0187999	0.00239276	0.00638058	0.0105417	0.0292291	0.0556928	0.19388	
0.0135384	0.00443826	0.00109296	0.0153129	0.139237	0.00640545	0.0128371	0.030325	0.00170675	0.0654699	0.0756353	0.0059181	0.000755053	0.0176723	0.00227067	0.000395797	0.0109119	0.0100982	0.110663	0.475315	
0.315421	0.0117918	0.00913786	0.00322722	0.0254788	0.265848	0.0130548	0.0702253	0.0654405	0.0192211	0.0571183	0.0519566	0.000524007	0.0325735	0.00216069	0.0170056	0.0072107	0.000779193	0.00996283	0.0218616	
0.0378845	0.163519	0.00223181	0.00220454	0.0306508	0.00763492	0.00115735	0.376069	0.00356191	0.0948896	0.059285	0.00393493	0.00138976	0.00224732	0.00278127	0.00785735	0.0257924	0.149291	0.00511326	0.0225051	
0.0384782	0.00407064	0.00959658	0.00484698	0.0702637	0.00156634	0.0276095	0.0381214	0.0115288	0.113315	0.133452	0.0181405	0.00744402	0.0306201	0.00292849	0.0248169	0.0169018	0.0161884	0.28185	0.148262	
0.0190173	0.00769959	0.0242567	0.0387863	0.0419418	0.0071168	0.0334072	0.0250937	0.45925	0.0240614	0.0488961	0.011347	0.00794625	0.0315923	0.0310153	0.0111284	0.0153893	0.0272266	0.00763618	0.127192	
0.373406	0.0529252	0.00249923	0.00228387	0.034754	0.00570717	0.0123601	0.126107	0.0169101	0.0746526	0.0612641	0.0264971	0.00346465	0.0355861	0.00621477	0.0453734	0.032003	0.0342351	0.00801698	0.0457404	
0.0112486	0.00808893	0.0240004	0.0250221	0.0104628	0.673791	0.0161471	0.00884164	0.0306904	0.0055535	0.0183604	0.0762329	0.00955427	0.0157301	0.00701539	0.0131054	0.0210268	0.00407844	0.0126432	0.00840637	
0.236066	0.0367049	0.00511712	0.00912051	0.0420556	0.198203	0.0231429	0.0585549	0.0117891	0.0413825	0.170157	0.0370884	0.0136819	0.00636472	0.00215779	0.0121175	0.0125387	0.0458691	0.0111319	0.0267569	
0.227768	0.0770444	0.00088694	0.0236329	0.00919207	0.00884764	0.013597	0.155623	0.0680932	0.00624331	0.040992	0.00478672	0.0300446	0.02285	0.0181525	0.00829979	0.0738596	0.116384	0.00844193	0.0852606	
0.06316	0.0508331	0.00970299	0.0162759	0.0680295	0.0210089	0.0333111	0.0626647	0.0164765	0.0252465	0.0633828	0.0100311	0.101067	0.00722692	0.0050539	0.0213487	0.050295	0.0484556	0.0567945	0.269635	
0.089607	0.112044	0.0091013	0.00185187	0.0277184	0.0101969	0.0979255	0.0887834	0.00950794	0.0544881	0.066402	0.0418424	0.00217055	0.0075834	0.0007571	0.0758453	0.0594998	0.211752	0.007672	0.0252503	
0.0228899	0.00826044	0.0109729	0.0143962	0.0372543	0.0356887	0.00431122	0.0318606	0.00771422	0.0159685	0.0468313	0.190002	0.417422	0.0123359	0.00185802	0.013952	0.0696227	0.0322362	0.0176942	0.0087288	
0.0378845	0.163519	0.00223181	0.00220454	0.0306508	0.00763492	0.00115735	0.376069	0.00356191	0.0948896	0.059285	0.00393493	0.00138976	0.00224732	0.00278127	0.00785735	0.0257924	0.149291	0.00511326	0.0225051	
0.0143849	0.00130839	0.338477	0.0283825	0.0770058	0.0164018	0.0154606	0.0043293	0.00175361	0.00720892	0.0554819	0.244578	0.0265309	0.00916373	0.00824922	0.0308643	0.0190569	0.00465776	0.0138443	0.0828598	
0.0511523	0.0120034	0.110708	0.0772059	0.0149536	0.0210474	0.0175184	0.0924162	0.0519062	0.0190419	0.0425551	0.0409564	0.228778	0.0358998	0.00896623	0.0203167	0.0521107	0.0466088	0.025333	0.0305214	
0.0686877	0.0117916	0.138345	0.113177	0.0141267	0.0277035	0.0432685	0.00926719	0.0604198	0.0123151	0.0504522	0.131488	0.0140673	0.0887975	0.0203541	0.0927147	0.0749263	0.0143218	0.00277978	0.010997	
0.0384782	0.00407064	0.00959658	0.00484698	0.0702637	0.00156634	0.0276095	0.0381214	0.0115288	0.113315	0.133452	0.0181405	0.00744402	0.0306201	0.00292849	0.0248169	0.0169018	0.0161884	0.28185	0.148262	
0.0342617	0.00314161	0.059474	0.0975659	0.0109677	0.0658432	0.0142726	0.0109534	0.192615	0.00774851	0.0213985	0.0423716	0.294258	0.0274851	0.0248391	0.0249087	0.0451323	0.00656219	0.00118341	0.0150172	
0.059522	0.00968341	0.0927406	0.157411	0.0198761	0.0315443	0.020419	0.0467284	0.0991675	0.0234111	0.0552417	0.0422115	0.107491	0.0769792	0.0217296	0.0297405	0.0231804	0.0298689	0.0399975	0.0130571	
0.0294066	0.000995896	0.140231	0.396184	0.0236623	0.0122945	0.0312076	0.00768515	0.0511456	0.0131269	0.0101244	0.0434468	0.0114788	0.0814771	0.0213476	0.0242261	0.0151707	0.00390725	0.0665165	0.0163648	
0.0556457	0.00222717	0.0428901	0.250836	0.00680805	0.00783598	0.002598	0.0160181	0.00785128	0.00903433	0.0466405	0.0112441	0.00475523	0.0412116	0.431478	0.0170528	0.0270416	0.00613526	0.00248131	0.0102149	
0.0353127	0.0210412	0.00482496	0.00698401	0.0123108	0.0224105	0.0250006	0.238319	0.0828633	0.151766	0.109751	0.0106094	0.000486544	0.0397599	0.0438138	0.0118825	0.0147377	0.0657537	0.0314286	0.0709443	
0.0586377	0.00361832	0.0648904	0.16491	0.0137178	0.0104005	0.0287943	0.0206289	0.202199	0.0234451	0.0367462	0.0815244	0.00804351	0.118871	0.0546939	0.0230674	0.0241562	0.0142429	0.0266728	0.0207401	
0.012741	0.00467265	0.0392592	0.14914	0.148929	0.00490353	0.0705415	0.0171663	0.0517571	0.00704797	0.0522977	0.0130904	0.00214219	0.0183616	0.00955822	0.00823294	0.0271781	0.0183393	0.0772009	0.26744	
0.06847	0.068569	0.00940499	0.00854291	0.023258	0.00703588	0.00855441	0.219164	0.00171717	0.0360729	0.205832	0.00536151	0.00517771	0.121824	0.0589846	0.0194774	0.00995957	0.0536981	0.00811286	0.0607824	
0.2073	0.0721316	0.00303838	0.0167839	0.0552329	0.00449726	0.00577504	0.158383	0.0437169	0.133455	0.0816483	0.0116994	0.00348466	0.0339431	0.0038115	0.0301499	0.0230913	0.0501054	0.00682216	0.0549307	
0.0244189	0.00511825	0.0848945	0.255999	0.00548789	0.0130829	0.0258687	0.0105912	0.224466	0.0067584	0.0155662	0.0929576	0.00590178	0.129186	0.028135	0.030932	0.0231139	0.00641754	0.00130793	0.00979666	
0.0464673	0.00725176	0.404171	0.060234	0.0244028	0.00801451	0.0425716	0.0413642	0.0528858	0.0249563	0.0323262	0.0314838	0.00356127	0.0240716	0.00689452	0.0155832	0.0681623	0.0239852	0.03366	0.0479531	
0.226085	0.188278	0.00384219	0.00665705	0.00468645	0.0191854	0.0102171	0.066066	0.0219293	0.00933969	0.00319645	0.0101186	0.00207215	0.00831119	0.0015837	0.233775	0.0720672	0.0930387	0.00994225	0.00960868	
0.00810015	0.00228809	0.0468774	0.117379	0.00386391	0.0374846	0.0240526	0.00459329	0.302662	0.00305488	0.00690584	0.279478	0.00317568	0.112125	0.0185483	0.0102485	0.00965951	0.00459812	0.000279934	0.00462535	
0.154503	0.144381	0.025085	0.00417767	0.00432629	0.0132642	0.00702983	0.176992	0.0104796	0.0199971	0.0952517	0.0133898	0.126514	0.0032976	0.00239558	0.0566898	0.027095	0.103886	0.0051115	0.0061333	
0.0251064	0.00728328	0.0371979	0.0452804	0.00889903	0.0058016	0.0185371	0.0153614	0.535842	0.00395786	0.0280741	0.0392804	0.00601634	0.0415504	0.0679166	0.0255038	0.0475556	0.0327045	0.00212184	0.0060098	
0.0583069	0.0979483	0.00713149	0.0106091	0.0581294	0.00975338	0.0196684	0.171882	0.020489	0.0993639	0.0742708	0.0190051	0.0047708	0.0175634	0.00716713	0.0165994	0.0354478	0.149547	0.0350861	0.0872612	
0.0382247	0.162169	0.00231265	0.00232223	0.0310065	0.0077126	0.0014195	0.373181	0.00383153	0.0953232	0.0596688	0.00414301	0.00144241	0.00243219	0.00284094	0.00801707	0.0259333	0.149184	0.00534851	0.0234871	
0.0101335	0.00970007	0.000626224	0.0137287	0.262391	0.00155098	0.00144902	0.397067	0.0143532	0.0686657	0.0291549	0.00249341	0.000300121	0.00109156	0.00243993	0.00313394	0.00485266	0.104186	0.00320726	0.0694745	
0.0419247	0.131665	0.0358311	0.0173015	0.0273708	0.013813	0.00705322	0.0617721	0.0351704	0.0559614	0.0537929	0.0355417	0.00623135	0.0715368	0.0104434	0.0158367	0.128212	0.177513	0.00882891	0.0641996	
0.0686877	0.0117916	0.138345	0.113177	0.0141267	0.0277035	0.0432685	0.00926719	0.0604198	0.0123151	0.0504522	0.131488	0.0140673	0.0887975	0.0203541	0.0927147	0.0749263	0.0143218	0.00277978	0.010997	
0.0345583	0.00408387	0.141846	0.235063	0.0133334	0.0222683	0.0476259	0.0118069	0.159928	0.0102638	0.0164351	0.0680833	0.0337427	0.0849939	0.0173125	0.038274	0.025652	0.00994287	0.00504765	0.0197395	
0.0345583	0.00408387	0.141846	0.235063	0.0133334	0.0222683	0.0476259	0.0118069	0.159928	0.0102638	0.0164351	0.0680833	0.0337427	0.0849939	0.0173125	0.038274	0.025652	0.00994287	0.00504765	0.0197395	
0.0213174	0.0122343	0.0212878	0.0523302	0.115587	0.0233946	0.0410426	0.0191461	0.0354644	0.0524393	0.0953235	0.139406	0.00841396	0.0591744	0.00957417	0.0263997	0.0501351	0.0200964	0.0479042	0.149329	
0.0263399	0.00949449	0.0329285	0.0488681	0.0386611	0.00655747	0.034876	0.033311	0.353839	0.0456241	0.069968	0.0286558	0.00873648	0.0559946	0.0319149	0.0135716	0.0240012	0.0285032	0.00838501	0.0997693	
0.0341775	0.00431961	0.139656	0.229301	0.0154447	0.0220445	0.0460497	0.0136123	0.162043	0.0121298	0.0177935	0.0682765	0.0331538	0.0837143	0.0174719	0.03672	0.0261354	0.0109576	0.00594659	0.0210514	
0.0320385	0.008334	0.112382	0.15362	0.043627	0.0214977	0.0291239	0.0369197	0.172025	0.0367634	0.0369234	0.0645296	0.027726	0.0658185	0.0178616	0.0244304	0.0342943	0.0255449	0.0182032	0.0383363	
0.0432277	0.0221765	0.0790093	0.0524463	0.0920459	0.0439408	0.019707	0.095381	0.0827444	0.075239	0.0754153	0.0651186	0.0224178	0.0451701	0.0149274	0.020226	0.0294159	0.0479807	0.02349	0.0499204	
0.0320165	0.00832113	0.112461	0.153838	0.0435347	0.0214775	0.0291305	0.0368083	0.172169	0.0367092	0.0368252	0.0644982	0.0277305	0.0658521	0.0178494	0.0244248	0.0342972	0.02551	0.0182214	0.0383259	
0.0320165	0.00832113	0.112461	0.153838	0.0435347	0.0214775	0.0291305	0.0368083	0.172169	0.0367092	0.0368252	0.0644982	0.0277305	0.0658521	0.0178494	0.0244248	0.0342972	0.02551	0.0182214	0.0383259	
0.0327213	0.00558435	0.103474	0.0389169	0.0556644	0.0108256	0.029874	0.180157	0.0513909	0.0469349	0.0633403	0.0523586	0.0136272	0.0392675	0.00659461	0.0184849	0.0721432	0.0881842	0.0650552	0.0254009	
0.0336618	0.0195275	0.0813407	0.0736513	0.095253	0.0301166	0.0239143	0.0845798	0.0937087	0.0741488	0.0789624	0.0619709	0.0221611	0.0536947	0.0152577	0.0220606	0.0296079	0.0429902	0.0170415	0.0463506	
0.0323229	0.00930812	0.109651	0.146536	0.0477004	0.0222097	0.0286448	0.0414281	0.16564	0.0402167	0.0402845	0.0636911	0.0274417	0.0642986	0.0176131	0.0244058	0.0341846	0.0271461	0.0181287	0.0391484	
0.0320165	0.00832113	0.112461	0.153838	0.0435347	0.0214775	0.0291305	0.0368083	0.172169	0.0367092	0.0368252	0.0644982	0.0277305	0.0658521	0.0178494	0.0244248	0.0342972	0.02551	0.0182214	0.0383259	
0.0320165	0.00832113	0.112461	0.153838	0.0435347	0.0214775	0.0291305	0.0368083	0.172169	0.0367092	0.0368252	0.0644982	0.0277305	0.0658521	0.0178494	0.0244248	0.0342972	0.02551	0.0182214	0.0383259	
0.0319689	0.00835926	0.112622	0.153854	0.044008	0.0216277	0.029169	0.036796	0.171059	0.0366778	0.0370485	0.064611	0.0277366	0.0657409	0.0178247	0.024397	0.0343272	0.0254971	0.018404	0.0382708	
0.0320165	0.00832113	0.112461	0.153838	0.0435347	0.0214775	0.0291305	0.0368083	0.172169	0.0367092	0.0368252	0.0644982	0.0277305	0.0658521	0.0178494	0.0244248	0.0342972	0.02551	0.0182214	0.0383259	
0.0335282	0.0192316	0.0819543	0.0756501	0.0940584	0.0296756	0.0241109	0.0837342	0.095703	0.0732011	0.0780503	0.062111	0.0221829	0.054091	0.0152695	0.0221677	0.0297	0.0425844	0.0170503	0.0459454	
0.0320165	0.00832113	0.112461	0.153838	0.0435347	0.0214775	0.0291305	0.0368083	0.172169	0.0367092	0.0368252	0.0644982	0.0277305	0.0658521	0.0178494	0.0244248	0.0342972	0.02551	0.0182214	0.0383259	
0.0320165	0.00832113	0.112461	0.153838	0.0435347	0.0214775	0.0291305	0.0368083	0.172169	0.0367092	0.0368252	0.0644982	0.0277305	0.0658521	0.0178494	0.0244248	0.0342972	0.02551	0.0182214	0.0383259	
0.0320165	0.00832113	0.112461	0.153838	0.0435347	0.0214775	0.0291305	0.0368083	0.172169	0.0367092	0.0368252	0.0644982	0.0277305	0.0658521	0.0178494	0.0244248	0.0342972	0.02551	0.0182214	0.0383259	
0.0345583	0.00408387	0.141846	0.235063	0.0133334	0.0222683	0.0476259	0.0118069	0.159928	0.0102638	0.0164351	0.0680833	0.0337427	0.0849939	0.0173125	0.038274	0.025652	0.00994287	0.00504765	0.0197395	
0.0320165	0.00832113	0.112461	0.153838	0.0435347	0.0214775	0.0291305	0.0368083	0.172169	0.0367092	0.0368252	0.0644982	0.0277305	0.0658521	0.0178494	0.0244248	0.0342972	0.02551	0.0182214	0.0383259	
0.0319049	0.0071807	0.119046	0.173925	0.0369346	0.0212721	0.0316189	0.0314179	0.171085	0.0311917	0.0316801	0.0649546	0.0281364	0.0690336	0.01751	0.0262699	0.0326243	0.0226823	0.0157877	0.0357448	
0.0283873	0.0319344	0.059608	0.0950928	0.05103	0.0188398	0.043394	0.0396245	0.0770096	0.0257212	0.024793	0.158492	0.0815599	0.0471079	0.0206807	0.0541688	0.051403	0.0423157	0.0102885	0.0385488	
0.0241788	0.00577874	0.0892918	0.179516	0.00931875	0.0102179	0.0206413	0.0856908	0.0841879	0.0817933	0.0397171	0.0387587	0.116067	0.0428078	0.0196291	0.0100391	0.0336131	0.0377274	0.0118066	0.0592186	
0.0299758	0.0272857	0.0717121	0.108874	0.0541514	0.0190532	0.0397853	0.0435146	0.0972801	0.0308656	0.0313629	0.127067	0.064418	0.0530372	0.0199119	0.0446283	0.0454632	0.0385147	0.0140619	0.039037	
0.0283873	0.0319344	0.059608	0.0950928	0.05103	0.0188398	0.043394	0.0396245	0.0770096	0.0257212	0.024793	0.158492	0.0815599	0.0471079	0.0206807	0.0541688	0.051403	0.0423157	0.0102885	0.0385488	
0.0521999	0.00928109	0.101866	0.134152	0.0144215	0.0261096	0.0161099	0.0641876	0.0851774	0.0202195	0.0564839	0.0443392	0.146706	0.0608917	0.0169356	0.0259467	0.0352284	0.0338473	0.0392218	0.0166755	
0.0147114	0.0184075	0.294239	0.149446	0.0491274	0.0213576	0.0515259	0.0158361	0.023086	0.0093812	0.0186708	0.165982	0.00956343	0.0378985	0.0117055	0.022598	0.0455163	0.0118852	0.0194301	0.00963185	
0.0178924	0.00388785	0.353374	0.0548057	0.0191263	0.00924261	0.0501961	0.00449217	0.0153065	0.0190317	0.0204187	0.117538	0.00253633	0.0403964	0.0162132	0.0720171	0.16483	0.00444342	0.00897415	0.00527794	
0.0524542	0.0398618	0.0470693	0.0154358	0.010551	0.0211356	0.00232677	0.154017	0.031558	0.10555	0.0959436	0.0448863	0.148106	0.00293349	0.00751474	0.0101359	0.12512	0.0608183	0.0169855	0.00759542	
0.373406	0.0529252	0.00249923	0.00228387	0.034754	0.00570717	0.0123601	0.126107	0.0169101	0.0746526	0.0612641	0.0264971	0.00346465	0.0355861	0.00621477	0.0453734	0.032003	0.0342351	0.00801698	0.0457404	
0.0200874	0.0170183	0.00938755	0.0120526	0.0822567	0.014392	0.00302824	0.0791208	0.0209273	0.0330051	0.0606963	0.0270254	0.00103602	0.00673967	0.00251892	0.00771205	0.0277654	0.0363856	0.0426876	0.496157	
0.0222334	0.0292058	0.000796255	0.00941105	0.0624587	0.00692828	0.0120768	0.339662	0.00581582	0.108907	0.0977138	0.0053477	0.00224163	0.00148324	0.00104812	0.0042433	0.0128501	0.110886	0.0699392	0.0967526	
0.0021442	0.0632865	0.00449432	0.00134243	0.025772	0.0117133	0.00599381	0.338654	0.00192125	0.0718924	0.281443	0.0283631	0.0210909	0.0623549	0.000280136	0.013038	0.0243208	0.0213505	0.00529818	0.0152463	
0.00489626	0.00894551	0.0171147	0.00828299	0.280827	0.00327459	0.0161587	0.000537245	0.00990872	0.0154707	0.00294857	0.0472586	0.00522665	0.00262869	0.00168674	0.0090026	0.153421	0.0111097	0.0137492	0.387553	
0.0117982	0.00285212	0.0185923	0.159268	0.00401777	0.00619232	0.0413127	0.00191836	0.00680044	0.00278073	0.0134961	0.00322992	0.000666012	0.0219885	0.00242653	0.0356112	0.636732	0.0213066	0.00350014	0.0055108	
0.0148153	0.0214405	0.00714009	0.0154808	0.00649523	0.109424	0.0336898	0.0124037	0.0356667	0.00343652	0.100614	0.0131104	0.000948483	0.0406065	0.000964188	0.523962	0.026679	0.0285835	0.00267271	0.0018661	
0.00878039	0.00231505	0.00691415	0.0108616	0.010364	0.633447	0.0168858	0.0135003	0.0456512	0.00407758	0.105468	0.0578916	0.00387418	0.011475	0.00151425	0.0096998	0.00569538	0.0019414	0.042976	0.00666738	
0.0113608	0.00511447	0.043208	0.190957	0.00107749	0.00574587	0.00565898	0.0067628	0.00981981	0.000908672	0.00348049	0.0266425	0.000127071	0.0936986	0.00277428	0.138333	0.449218	0.00294624	0.00156292	0.000602992	
0.011142	0.00282558	0.0205699	0.18382	0.00609888	0.00670534	0.0401177	0.00209117	0.00758747	0.00273771	0.0124467	0.00308197	0.000612178	0.0260397	0.00229195	0.0309687	0.603326	0.0237065	0.00578723	0.00804288	
0.00921784	0.00278097	0.00835021	0.0122123	0.0100978	0.647427	0.0154013	0.0124433	0.0470206	0.00408462	0.0959887	0.0554044	0.0042491	0.0103988	0.00192792	0.0105442	0.00669678	0.00207666	0.0373166	0.00636084	
0.0398102	0.0083429	0.0395628	0.0776563	0.0261593	0.00658138	0.0301231	0.0294316	0.269092	0.0893033	0.0799334	0.0507148	0.010891	0.0698302	0.063304	0.0152201	0.0335516	0.0264248	0.00619914	0.0278687	
0.0101251	0.0121168	0.0164447	0.0159918	0.0194453	0.00357924	0.00284663	0.042797	0.0280732	0.00961664	0.0673749	0.0258901	0.638804	0.0196001	0.00277685	0.0177029	0.0119019	0.0044524	0.0183735	0.0320866	
0.110803	0.0162123	0.00920225	0.00109965	0.053594	0.0899487	0.0144878	0.00697349	0.522036	0.0141129	0.0145409	0.000607211	0.00400387	0.000813126	0.000516847	0.0084595	0.00158052	0.0800907	0.0109887	0.0399285	
0.0720545	0.0283187	0.00389301	0.00389493	0.0620042	0.378684	0.00749661	0.0610877	0.019542	0.0451233	0.150642	0.0202367	0.016703	0.0886701	0.0036788	0.0072884	0.00280698	0.00436279	0.00822179	0.0152907	
0.0526453	0.259729	0.00566217	0.000881889	0.013773	0.00185302	0.00251762	0.127706	0.0193983	0.010085	0.0169535	0.0101312	0.00091081	0.0241276	0.000811157	0.00607372	0.0187573	0.409491	0.0134809	0.00501071	
0.0332741	0.0513333	0.00166297	0.0403138	0.0108042	0.00968935	0.0116428	0.038511	0.0298338	0.025567	0.2801	0.0119847	0.039188	0.262567	0.015372	0.00167894	0.0214695	0.0496453	0.0380331	0.0273291	
0.00771022	0.0250605	0.00235658	0.00363014	0.0167845	0.0125413	0.221723	0.22799	0.0477537	0.0707119	0.0911754	0.031932	0.00155374	0.0235969	0.0164841	0.00602684	0.0317457	0.0806445	0.0142122	0.0663675	
0.0648812	0.00285148	0.021354	0.218412	0.019485	0.00971638	0.0100997	0.00377478	0.0385334	0.00762185	0.0228362	0.042525	0.0330021	0.0132508	0.0327058	0.130522	0.290048	0.0200255	0.00608201	0.0122727	
0.0596551	0.00250641	0.00156935	0.0158245	0.0592606	0.0207734	0.333738	0.0340721	0.0087681	0.00535895	0.0515157	0.033554	0.0123942	0.0439208	0.00421587	0.0115439	0.145773	0.0893643	0.047382	0.0188102	
0.0502851	0.00432192	0.0256127	0.086024	0.0206556	0.0380264	0.0413639	0.0171794	0.300852	0.0113844	0.00998732	0.0448759	0.00289216	0.175663	0.0933459	0.0291813	0.0202906	0.00329614	0.00409509	0.0206674	
0.0668809	0.0202384	0.0248962	0.00391792	0.0229376	0.118377	0.0120196	0.0103187	0.0251264	0.00145028	0.0290565	0.432555	0.00934125	0.029071	0.0117268	0.146898	0.0219527	0.00213929	0.00806612	0.00303075	
0.0282477	0.0139467	0.00131298	0.0143087	0.0649358	0.00659876	0.0140081	0.313049	0.00641016	0.101571	0.102764	0.00724811	0.00520257	0.0029651	0.00109078	0.00435864	0.0162319	0.103441	0.0826719	0.109637	
0.0668594	0.0683084	0.00825713	0.0103701	0.052453	0.0114262	0.0192564	0.180847	0.0200064	0.103025	0.0819693	0.0240262	0.00587685	0.0191169	0.00788794	0.0220853	0.0426778	0.15808	0.0185543	0.078916	
0.0734933	0.0215116	0.0130177	0.0278374	0.0297407	0.0186092	0.101531	0.0184789	0.0443455	0.02156	0.0297152	0.335738	0.0029313	0.0469302	0.0340223	0.0476666	0.0375608	0.0188231	0.0398835	0.0366035	
0.0213174	0.0122343	0.0212878	0.0523302	0.115587	0.0233946	0.0410426	0.0191461	0.0354644	0.0524393	0.0953235	0.139406	0.00841396	0.0591744	0.00957417	0.0263997	0.0501351	0.0200964	0.0479042	0.149329	
0.0668594	0.0683084	0.00825713	0.0103701	0.052453	0.0114262	0.0192564	0.180847	0.0200064	0.103025	0.0819693	0.0240262	0.00587685	0.0191169	0.00788794	0.0220853	0.0426778	0.15808	0.0185543	0.078916	
0.0428211	0.0140285	0.0386905	0.0613118	0.03177	0.0106657	0.0373624	0.0401995	0.184715	0.067644	0.13276	0.0510217	0.00743372	0.0917882	0.0326304	0.0210079	0.032173	0.0276887	0.0129582	0.0613296	
0.0471765	0.0166256	0.0558183	0.0360805	0.036008	0.0358575	0.0395102	0.0197033	0.0128115	0.0160524	0.042452	0.206204	0.00633518	0.11664	0.00354859	0.0344755	0.0241068	0.0130686	0.209559	0.0279659	
0.0436188	0.0422896	0.0225272	0.0176763	0.101749	0.0326458	0.0344894	0.0774342	0.0161592	0.0345669	0.140731	0.0416229	0.00678858	0.0394063	0.0053868	0.0212281	0.0414876	0.0443474	0.136155	0.0996891	
0.0647652	0.0213786	0.0360129	0.060047	0.0304705	0.0287113	0.0446767	0.0456674	0.0879026	0.0538589	0.141259	0.0711044	0.00601417	0.0933127	0.0299916	0.0381918	0.0324782	0.0278571	0.0208631	0.0654369	
0.042427	0.00662085	0.0871767	0.157579	0.0321539	0.0160225	0.03026	0.0305788	0.187231	0.031215	0.0382789	0.0686118	0.017725	0.0903852	0.0355042	0.0234354	0.0293957	0.0204089	0.0231931	0.0317971	
0.0266798	0.023328	0.0152244	0.0248031	0.0565055	0.0123666	0.0773029	0.0910314	0.0364506	0.0236635	0.056232	0.0378408	0.00678505	0.0306307	0.0212077	0.0258344	0.0676649	0.0578677	0.128613	0.179968	
0.0436188	0.0422896	0.0225272	0.0176763	0.101749	0.0326458	0.0344894	0.0774342	0.0161592	0.0345669	0.140731	0.0416229	0.00678858	0.0394063	0.0053868	0.0212281	0.0414876	0.0443474	0.136155	0.0996891	
0.0187018	0.00688486	0.0584878	0.0767937	0.166481	0.0331832	0.0304495	0.0228351	0.14192	0.016975	0.0550887	0.0896481	0.0389289	0.0442449	0.0105049	0.0166197	0.0206081	0.0104277	0.0860213	0.0551953	
0.0339413	0.0196832	0.0811903	0.0721689	0.0960992	0.0305648	0.0237189	0.0850907	0.0924098	0.0746211	0.0791511	0.0619565	0.0221953	0.0533283	0.0152381	0.0219344	0.0294946	0.0432641	0.0171785	0.0467708	
0.034534	0.00409884	0.141762	0.234844	0.0134902	0.0223083	0.0476	0.0118565	0.159808	0.0102919	0.0165776	0.0681032	0.0337537	0.0849211	0.0173085	0.0382251	0.0256903	0.00996751	0.00510144	0.0197588	
0.0257549	0.0111857	0.111896	0.138757	0.116555	0.040783	0.039858	0.0243214	0.0677716	0.0219359	0.0705085	0.080554	0.041292	0.0489144	0.0159479	0.0259599	0.036316	0.0142515	0.0381372	0.0293002	
0.0280432	0.0109552	0.081051	0.0243406	0.00861538	0.0137471	0.0225317	0.0869147	0.204007	0.0055936	0.047234	0.0390624	0.0158929	0.0487191	0.139268	0.0199206	0.119683	0.0682709	0.00394182	0.0122079	
0.0266798	0.023328	0.0152244	0.0248031	0.0565055	0.0123666	0.0773029	0.0910314	0.0364506	0.0236635	0.056232	0.0378408	0.00678505	0.0306307	0.0212077	0.0258344	0.0676649	0.0578677	0.128613	0.179968	
0.0176574	0.0111097	0.00855511	0.00497024	0.086735	0.00410529	0.0149416	0.0741559	0.00739499	0.278766	0.105847	0.00312657	0.00312089	0.0050038	0.00291	0.00485034	0.0197339	0.0485105	0.228255	0.0702509	
0.0471765	0.0166256	0.0558183	0.0360805	0.036008	0.0358575	0.0395102	0.0197033	0.0128115	0.0160524	0.042452	0.206204	0.00633518	0.11664	0.00354859	0.0344755	0.0241068	0.0130686	0.209559	0.0279659	
0.0198877	0.121426	0.00332269	0.00119081	0.231956	0.00531093	0.0158496	0.0624664	0.0726992	0.0596016	0.111082	0.0252815	0.0113716	0.0142308	0.00185121	0.0135688	0.0341662	0.0830662	0.0289456	0.0827248	
0.110915	0.0302369	0.00617327	0.00358353	0.0441015	0.0308416	0.113694	0.0593768	0.00617807	0.0809892	0.1023	0.0409084	0.0250222	0.00488854	0.00127136	0.0810925	0.148401	0.0416097	0.0223693	0.0460474	
0.0858161	0.00524034	0.0175974	0.0400262	0.0152858	0.0432064	0.0195592	0.0100411	0.0186997	0.0232466	0.057635	0.248467	0.192834	0.0091283	0.0012723	0.113395	0.0327165	0.00458879	0.0168919	0.0443516	
0.0116676	0.0269774	0.0184008	0.0146592	0.110482	0.114469	0.0664233	0.0645682	0.00579963	0.0328374	0.109735	0.00585881	0.0230724	0.00867978	0.000217539	0.00883696	0.0165663	0.0109244	0.0209615	0.328863	
0.0282105	0.0297207	0.00800309	0.00450412	0.323535	0.0115198	0.161659	0.043643	0.00285508	0.00763102	0.0378344	0.0173462	0.00674442	0.00585743	0.000492995	0.0349478	0.0153325	0.0189483	0.219451	0.0217634	
0.0282105	0.0297207	0.00800309	0.00450412	0.323535	0.0115198	0.161659	0.043643	0.00285508	0.00763102	0.0378344	0.0173462	0.00674442	0.00585743	0.000492995	0.0349478	0.0153325	0.0189483	0.219451	0.0217634	
0.0464673	0.00725176	0.404171	0.060234	0.0244028	0.00801451	0.0425716	0.0413642	0.0528858	0.0249563	0.0323262	0.0314838	0.00356127	0.0240716	0.00689452	0.0155832	0.0681623	0.0239852	0.03366	0.0479531	
0.236066	0.0367049	0.00511712	0.00912051	0.0420556	0.198203	0.0231429	0.0585549	0.0117891	0.0413825	0.170157	0.0370884	0.0136819	0.00636472	0.00215779	0.0121175	0.0125387	0.0458691	0.0111319	0.0267569	
0.0854057	0.0381374	0.00408332	0.0707353	0.0592182	0.148954	0.0816224	0.0462369	0.00285328	0.0298797	0.181452	0.0482643	0.00598845	0.0218125	0.00466801	0.0724956	0.0559787	0.0237067	0.00244658	0.0160606	
0.0266798	0.023328	0.0152244	0.0248031	0.0565055	0.0123666	0.0773029	0.0910314	0.0364506	0.0236635	0.056232	0.0378408	0.00678505	0.0306307	0.0212077	0.0258344	0.0676649	0.0578677	0.128613	0.179968	
0.0278822	0.0172989	0.0173635	0.0436432	0.113783	0.0256618	0.0367135	0.0271276	0.0273774	0.0455102	0.111201	0.0986328	0.00753775	0.0498778	0.00861588	0.0233385	0.0463702	0.0239566	0.108527	0.139581	
0.0224509	0.0576622	0.151942	0.240001	0.0378322	0.049166	0.0247587	0.0313658	0.00849202	0.0136151	0.0288304	0.0931457	0.0074573	0.0511204	0.00828977	0.0352933	0.0353418	0.0248241	0.0605509	0.0178604	
0.0585819	0.0521802	0.00534949	0.039936	0.0610495	0.0074943	0.00984871	0.236418	0.00498003	0.0486685	0.122711	0.0225054	0.017446	0.0120615	0.00347921	0.00670311	0.0492997	0.0897731	0.0776005	0.0739143	
0.0408791	0.0288674	0.0057395	0.0109056	0.120034	0.0139479	0.0152995	0.0531693	0.019276	0.0508309	0.0962523	0.0185563	0.00515551	0.0130122	0.00457015	0.0122269	0.0271472	0.0298593	0.328514	0.105757	
0.0592018	0.048702	0.0525198	0.0290903	0.0289025	0.246822	0.0217326	0.0169683	0.0121736	0.0149357	0.0327233	0.220992	0.0175455	0.0117323	0.00844318	0.0212558	0.0479208	0.0189187	0.0754798	0.0139395	
0.06316	0.0508331	0.00970299	0.0162759	0.0680295	0.0210089	0.0333111	0.0626647	0.0164765	0.0252465	0.0633828	0.0100311	0.101067	0.00722692	0.0050539	0.0213487	0.050295	0.0484556	0.0567945	0.269635	
0.0176574	0.0111097	0.00855511	0.00497024	0.086735	0.00410529	0.0149416	0.0741559	0.00739499	0.278766	0.105847	0.00312657	0.00312089	0.0050038	0.00291	0.00485034	0.0197339	0.0485105	0.228255	0.0702509	
0.0423474	0.0290504	0.00335851	0.00748838	0.118724	0.00733891	0.00862286	0.0586488	0.0236367	0.0597571	0.0817825	0.0113299	0.00501705	0.0062952	0.00385624	0.00887218	0.0212084	0.0307286	0.377191	0.0947455	
0.0734933	0.0215116	0.0130177	0.0278374	0.0297407	0.0186092	0.101531	0.0184789	0.0443455	0.02156	0.0297152	0.335738	0.0029313	0.0469302	0.0340223	0.0476666	0.0375608	0.0188231	0.0398835	0.0366035	
0.0114471	0.00871297	0.025473	0.0263209	0.0109796	0.666006	0.0167003	0.00891052	0.0323233	0.00567069	0.0149025	0.078495	0.0101742	0.016626	0.00743692	0.0129907	0.0226188	0.00422965	0.0110768	0.00890526	
0.115196	0.0455139	0.00724187	0.0145627	0.0281078	0.176271	0.127496	0.0304933	0.0170816	0.0147263	0.134738	0.0968051	0.00308105	0.081453	0.00748493	0.0354712	0.0219435	0.0172389	0.00353463	0.0215594	
0.0330567	0.137451	0.00723808	0.0604276	0.0056956	0.0127638	0.0183096	0.00819982	0.19196	0.00251877	0.0256689	0.0218815	0.00755469	0.0710393	0.0316371	0.0279475	0.321386	0.00269838	0.00468703	0.00787923	
0.0666922	0.0685407	0.00821915	0.0103533	0.052354	0.0114133	0.0191809	0.181577	0.0198951	0.103123	0.0818998	0.0240007	0.00586019	0.0190279	0.00786735	0.0220394	0.0425783	0.158052	0.0184921	0.0788338	
0.0178345	0.105514	0.004088	0.00464921	0.0407795	0.0130888	0.184943	0.142809	0.0408784	0.0324272	0.0407319	0.0468919	0.00151789	0.0118201	0.00791854	0.0100249	0.0242169	0.122961	0.0138168	0.133088	
0.0184691	0.09506	0.00189935	0.00131073	0.101627	0.00915189	0.00840123	0.321667	0.0588785	0.0824354	0.115507	0.018192	0.00608206	0.00694405	0.00651887	0.0107519	0.0120949	0.076505	0.0145209	0.0339836	
0.06316	0.0508331	0.00970299	0.0162759	0.0680295	0.0210089	0.0333111	0.0626647	0.0164765	0.0252465	0.0633828	0.0100311	0.101067	0.00722692	0.0050539	0.0213487	0.050295	0.0484556	0.0567945	0.269635	
0.0345583	0.00408387	0.141846	0.235063	0.0133334	0.0222683	0.0476259	0.0118069	0.159928	0.0102638	0.0164351	0.0680833	0.0337427	0.0849939	0.0173125	0.038274	0.025652	0.00994287	0.00504765	0.0197395	
0.0342617	0.00314161	0.059474	0.0975659	0.0109677	0.0658432	0.0142726	0.0109534	0.192615	0.00774851	0.0213985	0.0423716	0.294258	0.0274851	0.0248391	0.0249087	0.0451323	0.00656219	0.00118341	0.0150172	
0.0263579	0.0103447	0.104885	0.135436	0.121382	0.0412966	0.0397249	0.0246806	0.0704397	0.0226266	0.0721062	0.0769263	0.0436103	0.0483228	0.0160816	0.0260592	0.0358782	0.0142514	0.0393891	0.0302007	
0.0164385	0.0197565	0.295669	0.122589	0.0411876	0.0224256	0.0331967	0.0163434	0.0347899	0.0095747	0.0201089	0.144775	0.0284594	0.0435802	0.0148321	0.0356802	0.054475	0.0158682	0.0173797	0.0128708	
0.0685124	0.0388037	0.0171898	0.0204427	0.0592387	0.0240728	0.0264675	0.0628714	0.0288419	0.0295079	0.0605161	0.0129389	0.172759	0.0114699	0.00536708	0.0193129	0.0422861	0.0474818	0.0436281	0.208292	
0.034433	0.00410671	0.140903	0.234059	0.0136502	0.0222019	0.0472753	0.0121053	0.160759	0.0106174	0.0166777	0.0683415	0.0333709	0.0852942	0.0174276	0.0379352	0.0256883	0.0101319	0.00518421	0.0198381	
0.0584725	0.00370072	0.0647077	0.163067	0.0139561	0.0103555	0.028932	0.0209237	0.201773	0.0241229	0.0377733	0.0814461	0.00804841	0.118483	0.0547081	0.0229612	0.0243356	0.0144619	0.0265381	0.021233	
0.0423474	0.0290504	0.00335851	0.00748838	0.118724	0.00733891	0.00862286	0.0586488	0.0236367	0.0597571	0.0817825	0.0113299	0.00501705	0.0062952	0.00385624	0.00887218	0.0212084	0.0307286	0.377191	0.0947455	
0.0423474	0.0290504	0.00335851	0.00748838	0.118724	0.00733891	0.00862286	0.0586488	0.0236367	0.0597571	0.0817825	0.0113299	0.00501705	0.0062952	0.00385624	0.00887218	0.0212084	0.0307286	0.377191	0.0947455	
0.0262622	0.00471156	0.097142	0.254104	0.00702967	0.0141953	0.0291308	0.0104824	0.219982	0.00764844	0.0160474	0.0850914	0.0105855	0.118347	0.0260477	0.0305929	0.0231406	0.00664536	0.00177774	0.0110355	
0.0464673	0.00725176	0.404171	0.060234	0.0244028	0.00801451	0.0425716	0.0413642	0.0528858	0.0249563	0.0323262	0.0314838	0.00356127	0.0240716	0.00689452	0.0155832	0.0681623	0.0239852	0.03366	0.0479531	
0.0187034	0.0967936	0.00189541	0.00126355	0.100436	0.00915628	0.00830651	0.32273	0.0583035	0.0822508	0.114752	0.0179441	0.00600115	0.00691934	0.00648022	0.0107212	0.012294	0.0766388	0.0143344	0.0340752	
0.0288781	0.00500502	0.0820754	0.243143	0.0061405	0.0128688	0.026218	0.011703	0.219424	0.0084484	0.0176658	0.0944258	0.00647021	0.130541	0.0309704	0.0302134	0.0232219	0.0076657	0.00392209	0.0110003	
0.0308076	0.00460064	0.083242	0.243835	0.0079268	0.0117363	0.0266435	0.0124757	0.227653	0.010441	0.0202909	0.0829179	0.00587924	0.121235	0.0334476	0.0273864	0.0229363	0.00778789	0.00655955	0.0121975	
0.0333947	0.00617371	0.00384984	0.0700069	0.0774756	0.00336102	0.133023	0.00841831	0.00797525	0.0219714	0.0855138	0.0265917	0.00152822	0.0342463	0.00160731	0.00956958	0.0345902	0.008985	0.215125	0.216594	
0.00810015	0.00228809	0.0468774	0.117379	0.00386391	0.0374846	0.0240526	0.00459329	0.302662	0.00305488	0.00690584	0.279478	0.00317568	0.112125	0.0185483	0.0102485	0.00965951	0.00459812	0.000279934	0.00462535	
0.0553623	0.212587	0.00160411	0.0038322	0.0263389	0.0157633	0.00317796	0.275249	0.0151888	0.0155394	0.0135748	0.00430021	0.136688	0.00551253	0.00208342	0.00570966	0.0208632	0.17161	0.00676424	0.00825075	
0.0160975	0.00358128	0.334643	0.0482214	0.0170345	0.00980007	0.0464758	0.00440658	0.0158072	0.0304957	0.0224054	0.129153	0.00101526	0.036406	0.0182762	0.048699	0.196373	0.00365484	0.0109197	0.00653438	
0.0266798	0.023328	0.0152244	0.0248031	0.0565055	0.0123666	0.0773029	0.0910314	0.0364506	0.0236635	0.056232	0.0378408	0.00678505	0.0306307	0.0212077	0.0258344	0.0676649	0.0578677	0.128613	0.179968	
0.0423474	0.0290504	0.00335851	0.00748838	0.118724	0.00733891	0.00862286	0.0586488	0.0236367	0.0597571	0.0817825	0.0113299	0.00501705	0.0062952	0.00385624	0.00887218	0.0212084	0.0307286	0.377191	0.0947455	
0.0436188	0.0422896	0.0225272	0.0176763	0.101749	0.0326458	0.0344894	0.0774342	0.0161592	0.0345669	0.140731	0.0416229	0.00678858	0.0394063	0.0053868	0.0212281	0.0414876	0.0443474	0.136155	0.0996891	
0.107095	0.0341282	0.00554212	0.00211916	0.0801719	0.146965	0.001157	0.0517881	0.0136565	0.103292	0.0720151	0.00915459	0.00418073	0.0746575	0.00510542	0.0501454	0.0796768	0.0467222	0.0179793	0.0944482	
0.0714062	0.00830935	0.00252669	0.00301577	0.0242782	0.00401242	0.124237	0.0545868	0.00485515	0.00913194	0.0155605	0.0136684	0.0675659	0.0147364	0.00348621	0.0334391	0.273024	0.191622	0.0334094	0.0471277	
