0.0521693	0.0269622	0.00508951	0.0185676	0.123597	0.0190355	0.0242519	0.0732642	0.0327126	0.0914787	0.298269	0.0109966	0.018065	0.00569213	0.0058481	0.0187984	0.0230385	0.051141	0.0492498	0.0517735	
0.0278674	0.00571085	0.044924	0.0461173	0.0460627	0.0495025	0.0591494	0.0156413	0.176018	0.0249781	0.0401684	0.0458992	0.0899249	0.0126679	0.164119	0.0213435	0.041328	0.022995	0.0319837	0.0335992	
0.0117528	0.0151512	0.00257762	0.00457758	0.0858666	0.00248771	0.013543	0.335881	0.0026842	0.0678839	0.0420845	0.00205899	0.000615149	0.00893944	0.00165705	0.00181046	0.00885158	0.139955	0.109175	0.142446	
0.0930658	0.0156129	0.0194635	0.00245585	0.0365101	0.0409529	0.0233356	0.079813	0.0334761	0.105724	0.0675238	0.0118971	0.000258149	0.00927849	0.00786432	0.00451557	0.0382361	0.0710829	0.129073	0.209861	
0.0759897	0.0485756	0.00511671	0.0111803	0.134376	0.0113984	0.137255	0.179719	0.0023738	0.0589252	0.0335065	0.00743749	0.000734954	0.0441847	0.000331532	0.00323715	0.00405919	0.194959	0.0356516	0.0109883	
0.0352518	0.0963507	0.00145436	0.00698045	0.0794051	0.00364326	0.00689642	0.282639	0.0015363	0.10843	0.0646233	0.0278951	0.000324665	0.0168878	0.000275825	0.00787938	0.0617262	0.172911	0.00903205	0.015857	
0.102388	0.00777351	0.000834333	0.00159418	0.00374778	0.517571	0.00472639	0.0020596	0.00223421	0.00350614	0.0348745	0.101703	0.00279117	0.0342891	0.00029637	0.111909	0.0570708	0.000787489	0.00746343	0.00238028	
0.00058878	0.0994329	0.625155	0.0069917	0.0526869	0.00115469	0.000558882	0.0178011	0.00153237	0.0398162	0.0713737	0.00763861	0.0188851	0.00570577	0.00367959	0.0022853	0.0102826	0.000523928	0.0325246	0.00138261	
0.0119798	0.0307052	0.0033622	0.0189314	0.02991	0.00312137	0.0309356	0.208418	0.0030894	0.115468	0.125789	0.0244796	0.036527	0.00559694	0.000612768	0.0125403	0.133314	0.0871453	0.113527	0.00454699	
0.00399972	0.0223103	0.0100841	0.000469961	0.0553208	0.0116249	0.787253	0.0152979	0.00112372	0.00429751	0.01539	0.0147031	0.00319078	0.0121102	0.000285395	0.005537	0.00101612	0.00819479	0.0237767	0.00401387	
0.0345172	0.0224729	0.0389983	0.0180072	0.0737523	0.335276	0.00714096	0.0934277	0.0225687	0.0858695	0.0325532	0.0182979	0.00248976	0.0278232	0.00398629	0.0242827	0.0072438	0.0340288	0.0323636	0.0849002	
0.0154912	0.0258536	0.0680886	0.0538134	0.0543902	0.208272	0.0245751	0.0138784	0.0705012	0.0126557	0.0426071	0.0916917	0.020849	0.157718	0.0236594	0.0249548	0.024953	0.0135056	0.034724	0.017818	
0.0361804	0.00922899	0.0513917	0.136415	0.120878	0.0258375	0.0408578	0.0215362	0.0634543	0.0546294	0.0510585	0.0604992	0.038604	0.0372425	0.0132776	0.0151639	0.0158706	0.0210823	0.0532256	0.133566	
0.0500727	0.0113586	0.144668	0.135651	0.0370645	0.0241544	0.0343395	0.0297404	0.0963918	0.0210543	0.0498096	0.0749002	0.040546	0.0595633	0.0281921	0.030241	0.023951	0.0235077	0.0290251	0.0557694	
0.0501024	0.0113577	0.144677	0.135657	0.0370916	0.0241074	0.0343321	0.0297486	0.0963887	0.0210667	0.0498313	0.0749001	0.0404606	0.0595747	0.0281982	0.0302425	0.0239499	0.0235121	0.0290263	0.0557749	
0.0414085	0.0157661	0.0549567	0.102151	0.107313	0.0108157	0.02998	0.0606797	0.0973957	0.0692333	0.0509636	0.0559337	0.0145979	0.062642	0.0271065	0.0142776	0.0222844	0.0342223	0.0896354	0.038637	
0.0402278	0.0175182	0.0551379	0.0913984	0.113496	0.0104194	0.0294331	0.0645118	0.0937861	0.0707726	0.0519919	0.0558918	0.013857	0.0615456	0.0255698	0.014111	0.0222458	0.0356745	0.0958232	0.0365881	
0.0404735	0.0172381	0.0554778	0.0934092	0.111881	0.0104526	0.0298884	0.0633731	0.094401	0.0700611	0.0510841	0.0564853	0.0141779	0.0623577	0.0259131	0.0142065	0.0221577	0.0351899	0.0948881	0.0368838	
0.0430164	0.0144435	0.0626468	0.112684	0.0939568	0.012077	0.0302266	0.0561305	0.102508	0.0647126	0.0513848	0.0598012	0.016529	0.0622766	0.0285515	0.0166155	0.022821	0.0324221	0.0778873	0.039308	
0.0404441	0.0175513	0.055123	0.0915997	0.11258	0.0104667	0.0297844	0.0643644	0.0938813	0.0706424	0.0516227	0.0564418	0.0140407	0.0621959	0.0256793	0.0141949	0.0222444	0.0355717	0.0952576	0.0363142	
0.0577905	0.0164289	0.0709462	0.10564	0.0332398	0.0723736	0.0308661	0.0887291	0.103693	0.0504392	0.0554713	0.0746328	0.0252808	0.0538765	0.0198121	0.0192882	0.0234396	0.0572561	0.0135641	0.0272316	
0.0509714	0.0120864	0.071379	0.0955904	0.0444282	0.0706284	0.0335983	0.0756194	0.0965135	0.0445895	0.0492836	0.0848405	0.0301777	0.0528176	0.0184383	0.0199706	0.0223125	0.0515925	0.0309096	0.0442528	
0.0501388	0.0113486	0.144536	0.135694	0.0370924	0.0240945	0.0343229	0.0297402	0.0964457	0.0211291	0.0497941	0.0749328	0.0404705	0.0595807	0.0282194	0.0302324	0.0239671	0.0235411	0.0289991	0.0557197	
0.0293125	0.01435	0.0891024	0.101448	0.0209708	0.0616582	0.0319147	0.0345111	0.125954	0.0271914	0.0336381	0.0815671	0.138189	0.0531277	0.0235627	0.0284316	0.0233429	0.0258289	0.0200984	0.0358003	
0.0264045	0.0148584	0.0941568	0.0952519	0.0197377	0.0645359	0.0323759	0.0252022	0.133595	0.0194866	0.0278713	0.0831538	0.148985	0.0572416	0.0250016	0.0291358	0.0231332	0.0197064	0.0231028	0.0370635	
0.0497716	0.013081	0.0625458	0.0783221	0.063375	0.0297018	0.0204186	0.0932635	0.0442291	0.0437969	0.0375428	0.0796976	0.14833	0.0215406	0.00980745	0.0171456	0.0183525	0.0980599	0.0225582	0.0484603	
0.0230332	0.00530751	0.373376	0.0496232	0.00647099	0.0133391	0.0303149	0.0335902	0.163188	0.0095415	0.00702545	0.0717341	0.00948881	0.0620041	0.0345922	0.0207211	0.0386468	0.0240933	0.0196559	0.00425338	
0.0405188	0.0178778	0.0548568	0.0913123	0.112932	0.0104484	0.0297897	0.0643538	0.0935669	0.0710436	0.051848	0.0564088	0.014036	0.0620673	0.025586	0.0141207	0.0222152	0.0356102	0.0949704	0.0364371	
0.0126606	0.015285	0.00177122	0.00317211	0.0740747	0.00241676	0.00769123	0.287056	0.00227615	0.0835106	0.0434537	0.00278779	0.000513944	0.00492775	0.00113118	0.00163919	0.00844562	0.140815	0.119083	0.187288	
0.0126606	0.015285	0.00177122	0.00317211	0.0740747	0.00241676	0.00769123	0.287056	0.00227615	0.0835106	0.0434537	0.00278779	0.000513944	0.00492775	0.00113118	0.00163919	0.00844562	0.140815	0.119083	0.187288	
0.00463981	0.0287677	0.00993065	0.000553017	0.0628701	0.00601077	0.780351	0.016517	0.00133026	0.00563057	0.0127754	0.0182962	0.00403267	0.0109878	0.000390339	0.00387744	0.000741731	0.00994292	0.0182646	0.00408939	
0.132849	0.0751317	0.00303222	0.00422203	0.0101736	0.0496298	0.00328866	0.0314025	0.00355211	0.175867	0.129504	0.147076	0.0115435	0.00763086	0.000653976	0.0174243	0.122888	0.0489735	0.0119459	0.0132111	
0.00376087	0.00192468	0.000974208	0.00105052	0.0609862	0.48405	0.0391627	0.0621714	0.0338298	0.030027	0.106019	0.0492344	0.0087065	0.0375179	0.000160174	0.000699396	0.0150721	0.00337612	0.0100854	0.051192	
0.00058878	0.0994329	0.625155	0.0069917	0.0526869	0.00115469	0.000558882	0.0178011	0.00153237	0.0398162	0.0713737	0.00763861	0.0188851	0.00570577	0.00367959	0.0022853	0.0102826	0.000523928	0.0325246	0.00138261	
0.0430126	0.00182583	0.00218463	0.00123193	0.186789	0.0177432	0.00318976	0.109592	0.00562182	0.189848	0.0575183	0.0631536	0.00203364	0.0188914	0.00239334	0.00188762	0.0129002	0.101536	0.0469556	0.131691	
0.0429581	0.0149665	0.00249602	0.014712	0.189211	0.00536611	0.0216466	0.11242	0.089141	0.0261959	0.0259957	0.018587	0.00840607	0.0549084	0.00222561	0.0355792	0.0867693	0.190215	0.0108756	0.0473248	
0.0264226	0.0142155	0.361908	0.0434023	0.00895383	0.0158187	0.0829634	0.0183785	0.0170716	0.00990621	0.0366811	0.0509729	0.0089898	0.0737747	0.00243979	0.025223	0.0305571	0.00216105	0.0641849	0.105975	
0.0278674	0.00571085	0.044924	0.0461173	0.0460627	0.0495025	0.0591494	0.0156413	0.176018	0.0249781	0.0401684	0.0458992	0.0899249	0.0126679	0.164119	0.0213435	0.041328	0.022995	0.0319837	0.0335992	
0.0154912	0.0258536	0.0680886	0.0538134	0.0543902	0.208272	0.0245751	0.0138784	0.0705012	0.0126557	0.0426071	0.0916917	0.020849	0.157718	0.0236594	0.0249548	0.024953	0.0135056	0.034724	0.017818	
0.0264333	0.0148437	0.0942725	0.0950441	0.0199106	0.0645175	0.0324219	0.0253435	0.133173	0.0195967	0.0278752	0.0833149	0.148513	0.0571188	0.0249587	0.0291186	0.0231302	0.0198069	0.0233541	0.0372535	
0.020149	0.0104126	0.071676	0.0507536	0.0806989	0.0445784	0.0496584	0.0314475	0.0654525	0.0383564	0.0265228	0.127422	0.0516219	0.0552232	0.0180675	0.0187521	0.0176601	0.0248833	0.0976482	0.0990153	
0.0378352	0.0181632	0.0642653	0.0649555	0.081249	0.0325624	0.0336654	0.0440586	0.0526562	0.0270475	0.0172093	0.0556323	0.0450929	0.0276141	0.014853	0.126487	0.0333075	0.0383635	0.0768758	0.108106	
0.0409505	0.0122731	0.0659576	0.109621	0.0432281	0.014465	0.0188706	0.0621305	0.103679	0.106527	0.0770786	0.0845751	0.054325	0.0398614	0.0227472	0.0280138	0.0292209	0.0397323	0.019383	0.0273606	
0.0445523	0.00639466	0.0397849	0.207115	0.104922	0.0192269	0.037264	0.0247994	0.0767961	0.0588923	0.0538785	0.0380592	0.0221291	0.0386017	0.0171254	0.01377	0.017223	0.020892	0.0542393	0.104334	
0.0309991	0.0674477	0.0365872	0.102913	0.0209952	0.0195656	0.0344351	0.0489092	0.105501	0.0234067	0.0346249	0.0374506	0.0245522	0.0981182	0.0243781	0.0224477	0.0626941	0.10267	0.0438088	0.0584954	
0.0440829	0.0335954	0.0481505	0.100386	0.0747732	0.0139089	0.0283543	0.0637355	0.0969241	0.100847	0.0735085	0.0627109	0.0216252	0.0561191	0.0243608	0.0191184	0.0215891	0.03956	0.047541	0.0291093	
0.045468	0.0150417	0.0627659	0.111476	0.0633657	0.0125612	0.0237589	0.0551044	0.114258	0.0875029	0.0596077	0.0843235	0.0284453	0.0505744	0.029188	0.0259661	0.0273321	0.0356447	0.0364557	0.0311596	
0.0479132	0.00777505	0.0413706	0.198491	0.101918	0.0189472	0.035654	0.0274899	0.0789885	0.0587934	0.0552538	0.0404081	0.0214596	0.0413102	0.0191631	0.0150969	0.0183037	0.0216839	0.0502616	0.0997184	
0.026457	0.0148824	0.0941092	0.0952745	0.0197681	0.0645564	0.0323863	0.0253155	0.133454	0.0195551	0.0279424	0.0831173	0.148948	0.0571373	0.0249779	0.0291485	0.0231408	0.0197935	0.022939	0.0370969	
0.0560917	0.0128064	0.0745003	0.106926	0.0295931	0.0732093	0.0306528	0.0901844	0.102802	0.0480425	0.0558346	0.0756465	0.0312497	0.0507697	0.0187829	0.0195734	0.0239333	0.0586712	0.0130423	0.0276881	
0.0264045	0.0148584	0.0941568	0.0952519	0.0197377	0.0645359	0.0323759	0.0252022	0.133595	0.0194866	0.0278713	0.0831538	0.148985	0.0572416	0.0250016	0.0291358	0.0231332	0.0197064	0.0231028	0.0370635	
0.0163508	0.0398291	0.0719879	0.00532873	0.104714	0.00591668	0.0228754	0.106326	0.127924	0.0325396	0.0409594	0.0141191	0.00146601	0.0239316	0.00310169	0.00408052	0.0273753	0.159564	0.114657	0.0769538	
0.0233083	0.0179133	0.00435194	0.0188503	0.143464	0.00609381	0.108262	0.0516162	0.0273869	0.0152306	0.0586365	0.00631868	0.001467	0.0155019	0.00861273	0.00547197	0.0141407	0.0349462	0.0646215	0.373806	
0.0521693	0.0269622	0.00508951	0.0185676	0.123597	0.0190355	0.0242519	0.0732642	0.0327126	0.0914787	0.298269	0.0109966	0.018065	0.00569213	0.0058481	0.0187984	0.0230385	0.051141	0.0492498	0.0517735	
0.0352518	0.0963507	0.00145436	0.00698045	0.0794051	0.00364326	0.00689642	0.282639	0.0015363	0.10843	0.0646233	0.0278951	0.000324665	0.0168878	0.000275825	0.00787938	0.0617262	0.172911	0.00903205	0.015857	
0.0446884	0.00279	0.0176746	0.040427	0.0663549	0.0225322	0.0700033	0.0269619	0.102861	0.0563092	0.121194	0.0181788	0.100671	0.0107079	0.149732	0.0155501	0.0215405	0.025878	0.0439507	0.0419951	
0.00376087	0.00192468	0.000974208	0.00105052	0.0609862	0.48405	0.0391627	0.0621714	0.0338298	0.030027	0.106019	0.0492344	0.0087065	0.0375179	0.000160174	0.000699396	0.0150721	0.00337612	0.0100854	0.051192	
0.0326324	0.0194021	0.00908458	0.08166	0.0600684	0.00662204	0.00425749	0.0023614	0.00105915	0.0385528	0.0667783	0.497171	0.0386249	0.02215	0.00291422	0.007059	0.00193321	0.0552011	0.0508072	0.0016609	
0.00463981	0.0287677	0.00993065	0.000553017	0.0628701	0.00601077	0.780351	0.016517	0.00133026	0.00563057	0.0127754	0.0182962	0.00403267	0.0109878	0.000390339	0.00387744	0.000741731	0.00994292	0.0182646	0.00408939	
0.00206138	0.0832845	0.291787	0.272982	0.0593425	0.00180719	0.00143105	0.0577968	0.00126451	0.0329032	0.0580343	0.00164933	0.0121958	0.00148947	0.00812231	0.00789701	0.0517195	0.00186396	0.0459371	0.00643035	
0.0367278	0.0479709	0.0707207	0.0428077	0.18811	0.0198876	0.0264354	0.0602401	0.0434194	0.035362	0.0422714	0.0411646	0.0182341	0.0508025	0.012185	0.0478933	0.0316939	0.023477	0.0726712	0.0879261	
0.0501024	0.0113577	0.144677	0.135657	0.0370916	0.0241074	0.0343321	0.0297486	0.0963887	0.0210667	0.0498313	0.0749001	0.0404606	0.0595747	0.0281982	0.0302425	0.0239499	0.0235121	0.0290263	0.0557749	
0.0201794	0.0104191	0.0716974	0.0508037	0.080673	0.0446099	0.0496491	0.031502	0.065501	0.0383561	0.0265462	0.127303	0.0516011	0.0552482	0.0180705	0.0187647	0.0176661	0.0249142	0.0975472	0.0989481	
0.0560186	0.0127685	0.0745673	0.107136	0.0295126	0.0730825	0.0306153	0.0901837	0.102558	0.0481251	0.0559826	0.0755667	0.0316151	0.0505754	0.0187533	0.0195786	0.023915	0.0587396	0.0129815	0.0277242	
0.0351213	0.00889208	0.0690611	0.0504453	0.0588657	0.0359265	0.0117347	0.0241943	0.0419985	0.0442826	0.0918078	0.276585	0.0306498	0.0272533	0.0125701	0.0102032	0.0478641	0.0203557	0.0352591	0.0669295	
0.0348934	0.0402406	0.0556858	0.055896	0.184065	0.0148051	0.0250489	0.06497	0.0630584	0.0516899	0.0505335	0.0442835	0.0134109	0.0631416	0.0162519	0.0240615	0.0257109	0.0257814	0.0896554	0.0568162	
0.0403677	0.0174769	0.0552229	0.0917696	0.112677	0.0104125	0.0297793	0.064176	0.0938492	0.0705518	0.0515359	0.0564319	0.0140619	0.0622322	0.0256941	0.0141877	0.0222363	0.0354649	0.0954651	0.0364074	
0.0404708	0.0171548	0.0565573	0.0938749	0.11105	0.0105581	0.0299088	0.0629654	0.09441	0.069483	0.0510082	0.0566808	0.0143742	0.0624201	0.0259777	0.0143561	0.0221676	0.0349819	0.0947319	0.0368679	
0.0404268	0.0173653	0.0554551	0.0932126	0.111526	0.0104625	0.0298752	0.0635166	0.0944793	0.0701059	0.0511087	0.0566172	0.0141653	0.0623394	0.0259111	0.0142833	0.0222095	0.0352969	0.0949543	0.0366886	
0.0339111	0.0153626	0.0574833	0.111121	0.142259	0.0115191	0.0229508	0.0514961	0.0929398	0.0653951	0.0563713	0.045909	0.0116061	0.0470603	0.0238469	0.0127971	0.0179848	0.0278284	0.100272	0.0518861	
0.0444199	0.0114054	0.116534	0.123778	0.0354945	0.0214361	0.0265388	0.0416753	0.0997755	0.0543027	0.060794	0.0836111	0.0532892	0.0501835	0.0239332	0.0292448	0.0257636	0.0315944	0.0224367	0.0437893	
0.040507	0.0172551	0.0554234	0.093544	0.111818	0.0104414	0.029842	0.0633032	0.0944563	0.07011	0.0510512	0.0564597	0.0141918	0.0623148	0.0259464	0.0142132	0.0221453	0.0351589	0.0948399	0.0369782	
0.0349254	0.0104842	0.0591139	0.108463	0.0352235	0.0157927	0.0177721	0.0695578	0.0922628	0.117716	0.102026	0.0671863	0.0801236	0.034432	0.0168662	0.0262709	0.0269936	0.0393917	0.0195494	0.0258493	
0.0346212	0.00963294	0.0601583	0.108614	0.0335534	0.0176295	0.0180268	0.0714052	0.0901599	0.114587	0.100522	0.0664385	0.0851306	0.0328862	0.0162714	0.0262482	0.0268906	0.0410357	0.0195889	0.0265997	
0.0413095	0.0122688	0.065392	0.109983	0.0396216	0.0151734	0.0185878	0.062886	0.104219	0.1085	0.079296	0.0849123	0.0566669	0.0389309	0.0223294	0.0283634	0.0291691	0.0401661	0.0155564	0.0266681	
0.0491962	0.0210334	0.0571052	0.102925	0.0926681	0.0139091	0.0279417	0.0594787	0.103818	0.0692794	0.0489932	0.0642627	0.015791	0.06111	0.0292873	0.0201558	0.0245491	0.0346704	0.0654016	0.0384239	
0.0554297	0.0143475	0.121402	0.13187	0.0430531	0.0222299	0.0322291	0.0338287	0.104665	0.0310505	0.0469825	0.0771021	0.0347136	0.0575993	0.0307424	0.0326711	0.026894	0.024801	0.0242696	0.0541197	
0.0554898	0.0126521	0.0743226	0.107433	0.0295845	0.0721568	0.0303983	0.0899296	0.102414	0.0492429	0.056355	0.0752861	0.0328921	0.0502414	0.018577	0.0197493	0.0238696	0.0584307	0.0132464	0.027729	
0.0559382	0.0127645	0.0746276	0.107284	0.029479	0.072965	0.0306104	0.0901561	0.102514	0.0481456	0.0559281	0.0755439	0.0318397	0.0505042	0.0187288	0.0196039	0.0239144	0.0587315	0.0130096	0.0277122	
0.0259889	0.0128889	0.106794	0.0920385	0.0277369	0.0592349	0.0333826	0.026722	0.120145	0.0223174	0.0283895	0.0923881	0.117615	0.0574173	0.0240011	0.0270418	0.0222578	0.0206409	0.0396464	0.0433526	
0.0199756	0.0107228	0.0726073	0.0516406	0.0774839	0.0458186	0.049013	0.031963	0.0696032	0.03727	0.0256286	0.12415	0.0557307	0.0557778	0.018468	0.019148	0.0177824	0.0249591	0.0974514	0.0948057	
0.0230332	0.00530751	0.373376	0.0496232	0.00647099	0.0133391	0.0303149	0.0335902	0.163188	0.0095415	0.00702545	0.0717341	0.00948881	0.0620041	0.0345922	0.0207211	0.0386468	0.0240933	0.0196559	0.00425338	
0.0117528	0.0151512	0.00257762	0.00457758	0.0858666	0.00248771	0.013543	0.335881	0.0026842	0.0678839	0.0420845	0.00205899	0.000615149	0.00893944	0.00165705	0.00181046	0.00885158	0.139955	0.109175	0.142446	
0.0460266	0.00207639	0.00200303	0.00127309	0.187552	0.0194274	0.00326252	0.108947	0.00561992	0.192906	0.0577497	0.0587345	0.00214566	0.0182459	0.002638	0.00175149	0.0129639	0.106914	0.0481948	0.121568	
0.0782654	0.20304	0.0298371	0.00364823	0.0528504	0.00468155	0.0120582	0.0727806	0.00709027	0.103424	0.227287	0.00459778	0.0031993	0.00951102	0.00048448	0.00496467	0.0214889	0.105527	0.00832189	0.046942	
0.0532083	0.0816045	0.00422695	0.00241794	0.0809306	0.0500202	0.00446096	0.0397834	0.0106243	0.042047	0.2489	0.0358884	0.0044465	0.034209	0.00265357	0.0523351	0.0854569	0.0726949	0.0611287	0.0329628	
0.00410046	0.0227529	0.00995552	0.000473104	0.0557216	0.0107002	0.788345	0.0152874	0.00111664	0.00443808	0.0151624	0.0150177	0.00326263	0.01177	0.000294581	0.00518482	0.000928008	0.00834313	0.0231439	0.00400234	
0.0864068	0.0173651	0.0332905	0.0296383	0.0286092	0.277894	0.137276	0.0544733	0.0338271	0.0149459	0.0528973	0.0440374	0.00041628	0.0587484	0.0120243	0.0165004	0.0120202	0.0273102	0.0180625	0.0442558	
0.00814261	0.00408678	0.0616046	0.0454997	0.0841894	0.219104	0.146657	0.00439642	0.0021576	0.00414424	0.03291	0.0687918	0.137604	0.00354783	0.00485136	0.0142969	0.0245804	0.00682649	0.0937073	0.0329027	
0.034392	0.00883588	0.0559897	0.0932585	0.0370179	0.0190595	0.0192104	0.0870433	0.0728323	0.107915	0.100429	0.0619199	0.102561	0.0282038	0.013224	0.0234727	0.0246896	0.0516545	0.0254777	0.0328144	
0.0378352	0.0181632	0.0642653	0.0649555	0.081249	0.0325624	0.0336654	0.0440586	0.0526562	0.0270475	0.0172093	0.0556323	0.0450929	0.0276141	0.014853	0.126487	0.0333075	0.0383635	0.0768758	0.108106	
0.026457	0.0148824	0.0941092	0.0952745	0.0197681	0.0645564	0.0323863	0.0253155	0.133454	0.0195551	0.0279424	0.0831173	0.148948	0.0571373	0.0249779	0.0291485	0.0231408	0.0197935	0.022939	0.0370969	
0.0491511	0.0112055	0.13865	0.134431	0.0356651	0.0243683	0.0329119	0.034253	0.0971471	0.0273899	0.0521793	0.0755969	0.0431333	0.058061	0.0271514	0.0286853	0.0238985	0.0261274	0.0274818	0.0525114	
0.040386	0.0174159	0.0552459	0.0918404	0.113004	0.010393	0.0297805	0.0641108	0.0938041	0.0705694	0.0514515	0.0563739	0.0140756	0.0622236	0.0256833	0.0141594	0.0222118	0.0353911	0.0953534	0.0365265	
0.0516014	0.116314	0.0254904	0.0911104	0.0738648	0.0163066	0.0328177	0.0441741	0.063946	0.1464	0.0767185	0.0398154	0.0117615	0.0714409	0.0147165	0.00885924	0.0153484	0.0444714	0.0227966	0.0320459	
0.0417224	0.0153463	0.0550397	0.104724	0.10586	0.0109583	0.0299778	0.0598533	0.0983934	0.0690439	0.0511385	0.0561437	0.0146666	0.0625547	0.0273	0.0144512	0.0223031	0.0338923	0.0874053	0.0392255	
0.0501024	0.0113577	0.144677	0.135657	0.0370916	0.0241074	0.0343321	0.0297486	0.0963887	0.0210667	0.0498313	0.0749001	0.0404606	0.0595747	0.0281982	0.0302425	0.0239499	0.0235121	0.0290263	0.0557749	
0.020149	0.0104126	0.071676	0.0507536	0.0806989	0.0445784	0.0496584	0.0314475	0.0654525	0.0383564	0.0265228	0.127422	0.0516219	0.0552232	0.0180675	0.0187521	0.0176601	0.0248833	0.0976482	0.0990153	
0.0166965	0.0229703	0.075126	0.0623936	0.0504487	0.188939	0.025712	0.0146543	0.0825586	0.0135353	0.0389855	0.0922865	0.034259	0.142088	0.0244778	0.0250308	0.0244196	0.0140751	0.0315155	0.0198287	
0.0628503	0.0349924	0.0294452	0.0383965	0.083013	0.0240338	0.00349306	0.153456	0.0317205	0.0737705	0.0637096	0.0299723	0.0693856	0.00356463	0.000492167	0.000798679	0.00865257	0.170733	0.0373573	0.0801625	
0.0230332	0.00530751	0.373376	0.0496232	0.00647099	0.0133391	0.0303149	0.0335902	0.163188	0.0095415	0.00702545	0.0717341	0.00948881	0.0620041	0.0345922	0.0207211	0.0386468	0.0240933	0.0196559	0.00425338	
0.0930658	0.0156129	0.0194635	0.00245585	0.0365101	0.0409529	0.0233356	0.079813	0.0334761	0.105724	0.0675238	0.0118971	0.000258149	0.00927849	0.00786432	0.00451557	0.0382361	0.0710829	0.129073	0.209861	
0.0117528	0.0151512	0.00257762	0.00457758	0.0858666	0.00248771	0.013543	0.335881	0.0026842	0.0678839	0.0420845	0.00205899	0.000615149	0.00893944	0.00165705	0.00181046	0.00885158	0.139955	0.109175	0.142446	
0.0562613	0.0610931	0.00236795	0.00645159	0.129739	0.00435691	0.0738438	0.244456	0.00144692	0.0898265	0.0506503	0.0112051	0.000355222	0.0284588	0.00021703	0.00443952	0.0202546	0.175566	0.0251226	0.0138878	
0.0361697	0.0560459	0.00221791	0.0337081	0.112896	0.0513282	0.077529	0.0191401	0.00316481	0.0257287	0.0743351	0.0445597	0.000258536	0.0097047	0.108594	0.054228	0.0289694	0.0157023	0.153254	0.0924656	
0.102388	0.00777351	0.000834333	0.00159418	0.00374778	0.517571	0.00472639	0.0020596	0.00223421	0.00350614	0.0348745	0.101703	0.00279117	0.0342891	0.00029637	0.111909	0.0570708	0.000787489	0.00746343	0.00238028	
0.00403126	0.0223678	0.010318	0.000483303	0.0558594	0.0117371	0.784683	0.0160534	0.0013693	0.00426596	0.0159832	0.0145557	0.00315906	0.0119775	0.000288957	0.00557757	0.00116313	0.00822301	0.0239381	0.00396548	
0.00769191	0.00512378	0.102861	0.188409	0.0200656	0.00372128	0.0130326	0.0809887	0.0340149	0.0313332	0.0597474	0.0107858	0.000649112	0.143567	0.00355064	0.0343811	0.151313	0.03951	0.0468324	0.0224214	
0.00463981	0.0287677	0.00993065	0.000553017	0.0628701	0.00601077	0.780351	0.016517	0.00133026	0.00563057	0.0127754	0.0182962	0.00403267	0.0109878	0.000390339	0.00387744	0.000741731	0.00994292	0.0182646	0.00408939	
0.0309991	0.0674477	0.0365872	0.102913	0.0209952	0.0195656	0.0344351	0.0489092	0.105501	0.0234067	0.0346249	0.0374506	0.0245522	0.0981182	0.0243781	0.0224477	0.0626941	0.10267	0.0438088	0.0584954	
0.0287151	0.030915	0.0908281	0.0683123	0.0993329	0.0296685	0.0172526	0.0114605	0.0437582	0.0313434	0.0938339	0.0545418	0.085112	0.0661693	0.0150124	0.0191802	0.00793405	0.0218267	0.0167476	0.168055	
