0.00814478	0.00965791	0.0160585	0.0260541	0.0229793	0.244029	0.0293634	0.0122126	0.364848	0.0101895	0.0447796	0.0728894	0.00165013	0.0669372	0.00752239	0.0267378	0.00849789	0.00650301	0.0164432	0.00450191	
0.0180365	0.0144211	0.00299556	0.0221293	0.00935062	0.00195392	0.042042	0.090977	0.0427061	0.00707313	0.017779	0.0484137	0.00354626	0.0122602	0.00348123	0.0249165	0.396902	0.139723	0.0611301	0.0401632	
0.00641058	0.00664205	0.000497772	0.000668713	0.00376243	0.000303359	0.00978499	0.401701	0.0102103	0.0265773	0.0253064	0.00408108	3.52873e-05	0.000640423	0.000103034	0.000524351	0.00498135	0.267618	0.000697034	0.229454	
0.00484676	0.013276	0.00469712	0.00588913	0.0546136	0.000608885	0.00156688	0.374744	0.0343187	0.313633	0.0487438	0.0120708	0.000776806	0.0050003	0.00212668	0.0024514	0.0108123	0.0581522	0.0236173	0.028054	
0.00641058	0.00664205	0.000497772	0.000668713	0.00376243	0.000303359	0.00978499	0.401701	0.0102103	0.0265773	0.0253064	0.00408108	3.52873e-05	0.000640423	0.000103034	0.000524351	0.00498135	0.267618	0.000697034	0.229454	
0.00991259	0.00559787	0.0066625	0.0240509	0.0121832	0.0015425	0.0427536	0.100043	0.0289792	0.0177133	0.0254344	0.0222598	0.00176441	0.017718	0.00152076	0.0133068	0.42825	0.161417	0.0245623	0.0543271	
0.00365093	0.0040354	0.0292285	0.0291554	0.0342778	0.398227	0.026557	0.0428514	0.0970266	0.0318352	0.0522835	0.0816076	0.00251778	0.0137205	0.001193	0.00481537	0.0199288	0.0182296	0.0213187	0.0875398	
0.075004	0.0427433	0.0442094	0.00912244	0.0445443	0.353154	0.0121765	0.0638252	0.0706685	0.0188015	0.106793	0.0398638	0.00288636	0.0243934	0.000639151	0.0129885	0.0166755	0.0207245	0.0104309	0.0303551	
0.036652	0.00730996	0.0567843	0.0362943	0.0539441	0.0262325	0.00401084	0.0531653	0.0324373	0.105561	0.184709	0.0301159	0.000237137	0.00404307	0.00042119	0.0360868	0.276123	0.00300143	0.00599459	0.0468764	
0.00809584	0.010571	0.0166419	0.0261765	0.023992	0.248925	0.0282502	0.0119655	0.353551	0.00997431	0.0450973	0.0700266	0.00160313	0.0717493	0.00771169	0.0294087	0.00923635	0.00625442	0.0158858	0.00488329	
0.0535289	0.0180711	0.0273161	0.0331606	0.0325096	0.24815	0.0292499	0.0411207	0.0942439	0.0119831	0.20407	0.0204764	0.00350749	0.00793406	0.00147519	0.0205	0.0823795	0.0378233	0.00392887	0.0285706	
0.00397823	0.00204128	0.000626218	0.00186988	0.0873197	0.00129259	0.00166589	0.546944	0.0230292	0.180207	0.0504828	0.00400507	0.00106091	0.000317951	0.0011387	0.00262835	0.0105747	0.0648114	0.0077632	0.00824267	
0.0340478	0.00427865	0.00514185	0.0106851	0.0509219	0.320791	0.0182488	0.0863823	0.116418	0.0404194	0.150815	0.0481669	0.00655364	0.0185713	0.00191574	0.00491468	0.0120423	0.0113237	0.0100083	0.0483538	
0.0373577	0.00205553	0.0313194	0.0291195	0.069004	0.0164113	0.0210555	0.037956	0.267644	0.211113	0.0487871	0.0267719	0.00462654	0.0617193	0.0283885	0.0198018	0.0193961	0.00925733	0.00114295	0.0570722	
0.0606159	0.0403776	0.0150645	0.222653	0.0642241	0.00443378	0.129906	0.0863142	0.108247	0.0358018	0.0136379	0.0332133	0.00205282	0.0372182	0.00740152	0.0336615	0.0277828	0.0341238	0.00579098	0.0374789	
0.0165518	0.075753	0.00675883	0.00275945	0.0540838	0.00110421	0.00347273	0.20845	0.0147632	0.109104	0.150079	0.0468973	0.000466804	0.00313143	0.000762775	0.00760266	0.0905441	0.135737	0.0299866	0.0419902	
0.175051	0.108788	0.00144156	0.00401571	0.0428512	0.00390494	0.0249634	0.0595795	0.0269633	0.0110073	0.247041	0.0160988	0.000315563	0.0237118	0.000374454	0.0354539	0.0860577	0.0983681	0.0055102	0.0285022	
0.0306724	0.000997863	0.0893858	0.170112	0.010397	0.00687344	0.0288804	0.0176937	0.25458	0.00849368	0.0352282	0.130493	0.00119506	0.0986312	0.0389766	0.0209236	0.0328147	0.00798572	0.00214874	0.0135167	
0.00250988	0.00372137	0.0121424	0.0913632	0.0750827	0.00100074	0.272048	0.022038	0.159204	0.0122649	0.0675832	0.0136224	8.66665e-05	0.00534113	0.00418991	0.00137184	0.0303893	0.00657204	0.185178	0.0342898	
0.00167339	0.0350434	0.0052379	0.00541151	0.0576887	0.00217304	0.000419429	0.0771778	0.0186378	0.374557	0.327425	0.0154445	2.29198e-05	0.00222479	9.91033e-05	0.00230253	0.00190199	0.0265782	0.0266712	0.0193094	
0.141454	0.0214062	0.0175941	0.0104066	0.0694384	0.00837376	0.0133847	0.188733	0.0384848	0.0293178	0.0678762	0.0348614	0.000812328	0.0141341	0.00282087	0.0117882	0.024662	0.258602	0.00777045	0.0380787	
0.031662	0.000974803	0.0910766	0.172373	0.0101552	0.0071566	0.0286495	0.0173187	0.252734	0.00840617	0.0353494	0.129921	0.00121539	0.0984911	0.0374924	0.0211171	0.0326463	0.00805453	0.00211985	0.0130872	
0.0305429	0.00121671	0.0884985	0.183447	0.0100052	0.00664506	0.0286076	0.0175874	0.249264	0.00917051	0.037864	0.127058	0.00116226	0.0992132	0.0362424	0.0204735	0.0299006	0.00762772	0.00212922	0.0133444	
0.188076	0.0332301	0.0179135	0.0250666	0.0781212	0.0146884	0.00800684	0.15372	0.0763057	0.0139097	0.0472767	0.0418014	0.00176476	0.0212543	0.00342366	0.0120981	0.0514961	0.194575	0.00272042	0.0145519	
0.0165923	0.00419965	0.0472317	0.235681	0.0176869	0.00598084	0.0289804	0.0282902	0.230762	0.00782115	0.0222245	0.066969	0.00343576	0.0922112	0.04075	0.0199724	0.0930972	0.0145435	0.00577254	0.0177985	
0.00445921	0.0216663	0.0234774	0.0240234	0.0608889	0.000258536	0.237704	0.0359208	0.208075	0.00574409	0.0154504	0.160242	7.6675e-05	0.0213025	0.0290538	0.0509304	0.040326	0.0180509	0.0167796	0.0255695	
0.00386391	0.0019308	0.000608907	0.00176036	0.0875549	0.00131092	0.00168002	0.546646	0.0227415	0.180054	0.0504888	0.0039926	0.00108222	0.000309794	0.00115169	0.00264572	0.0106626	0.0654637	0.00787009	0.00818114	
0.0169252	0.0054398	0.0050535	0.00218784	0.0978284	0.00334776	0.0251773	0.293886	0.0362059	0.0384083	0.00715877	0.0368697	0.000655265	0.000640342	0.000308693	0.00787672	0.0477284	0.129961	0.0328374	0.211504	
0.0014063	0.0354974	0.00524385	0.00543357	0.0548749	0.00218628	0.000380281	0.0766988	0.0185751	0.376524	0.327847	0.0155555	2.18564e-05	0.00226372	8.61142e-05	0.002341	0.00190529	0.0269783	0.0273948	0.0187861	
0.0166635	0.0763694	0.00690811	0.00272103	0.0535446	0.0010715	0.0035169	0.207869	0.0137458	0.110323	0.150733	0.0473744	0.000471806	0.00309556	0.000763015	0.00755458	0.0885727	0.137161	0.0296194	0.0419215	
0.0393592	0.0168053	0.0890891	0.0257896	0.00342706	0.0896544	0.0102402	0.0351789	0.0290942	0.00494017	0.0321074	0.114304	8.78413e-05	0.0158751	0.00214376	0.43964	0.0305087	0.00528715	0.00258398	0.0138838	
0.011717	0.00271891	0.00893701	0.0546626	0.0353431	0.00604286	0.0141176	0.0609414	0.0348613	0.0327035	0.0597545	0.0763873	0.010303	0.008088	0.341398	0.0255765	0.0350699	0.0464839	0.0278969	0.106997	
0.00200123	0.00279143	0.561079	0.0544138	0.00192228	0.001267	0.00680013	0.0175941	0.0866536	0.001869	0.0169245	0.130765	0.000607129	0.0433357	0.0109884	0.0367492	0.0135337	0.00426498	0.00094614	0.00549361	
0.0140844	0.00211792	0.0433531	0.100412	0.0623891	0.0687249	0.0352877	0.0360809	0.164367	0.0354607	0.0849111	0.0617559	0.00653954	0.0551091	0.00613508	0.0142575	0.0137527	0.0156386	0.0596076	0.120016	
0.0553644	0.0426252	0.0231948	0.0451598	0.0405131	0.0022865	0.0411245	0.21542	0.0348236	0.0576508	0.114543	0.0503217	0.00304809	0.11448	0.00339125	0.0216419	0.0266121	0.0421162	0.0116888	0.053995	
0.0404815	0.00212371	0.145742	0.292956	0.0132556	0.014551	0.0203174	0.0229297	0.149749	0.00958568	0.033265	0.049728	0.00538223	0.0972421	0.00843229	0.0258842	0.0423942	0.0100561	0.00642007	0.00950452	
0.0404815	0.00212371	0.145742	0.292956	0.0132556	0.014551	0.0203174	0.0229297	0.149749	0.00958568	0.033265	0.049728	0.00538223	0.0972421	0.00843229	0.0258842	0.0423942	0.0100561	0.00642007	0.00950452	
0.0055416	0.0225225	0.00877193	0.00978733	0.0300809	0.000123114	0.00129817	0.244451	0.0524052	0.373474	0.0594535	0.0220962	0.000741866	0.0108386	0.0035871	0.00298856	0.0143066	0.0443018	0.0428565	0.0503737	
0.0347996	0.00133695	0.103254	0.19454	0.010789	0.00842805	0.0270232	0.0182493	0.231732	0.00853038	0.0342021	0.114146	0.00196079	0.103037	0.0307062	0.0221683	0.0317781	0.0078572	0.00330343	0.0121572	
0.0237729	0.0086605	0.0732534	0.455135	0.0272434	0.00308533	0.0220004	0.02255	0.0876724	0.0338204	0.0325545	0.0284759	0.00121647	0.11486	0.00961226	0.0141154	0.0123727	0.00727491	0.0116266	0.0106968	
0.0055416	0.0225225	0.00877193	0.00978733	0.0300809	0.000123114	0.00129817	0.244451	0.0524052	0.373474	0.0594535	0.0220962	0.000741866	0.0108386	0.0035871	0.00298856	0.0143066	0.0443018	0.0428565	0.0503737	
0.0155095	0.00434132	0.0447704	0.240845	0.018283	0.00584332	0.0293031	0.0294201	0.226157	0.00789072	0.0217996	0.0628641	0.00357249	0.0922084	0.0402972	0.0198754	0.0982869	0.014812	0.00595219	0.017968	
0.00605836	0.00642562	0.0266484	0.0332881	0.0239719	0.326675	0.0271403	0.0228287	0.224311	0.0193721	0.0450606	0.0815102	0.00148974	0.0440896	0.00516483	0.0171482	0.00747433	0.0111512	0.0241373	0.0460536	
0.177727	0.0320974	0.018652	0.0377525	0.0903083	0.0133636	0.00694716	0.14352	0.0695377	0.0186383	0.0424074	0.045207	0.00216055	0.0221571	0.00476823	0.0138337	0.0559075	0.189642	0.00328893	0.012084	
0.0155486	0.00433045	0.0448481	0.240727	0.0182496	0.00585183	0.0292651	0.0293967	0.226277	0.00788328	0.0218165	0.0629726	0.00357119	0.0922165	0.0403085	0.0198984	0.0981267	0.0147985	0.00595032	0.0179636	
0.0308914	0.0107304	0.00509957	0.00259515	0.0349536	0.00127	0.00334796	0.367595	0.0760554	0.0184403	0.0810596	0.060961	0.0087526	0.0156977	0.000418962	0.00708699	0.0556038	0.198486	0.00894927	0.0120054	
0.0155095	0.00434132	0.0447704	0.240845	0.018283	0.00584332	0.0293031	0.0294201	0.226157	0.00789072	0.0217996	0.0628641	0.00357249	0.0922084	0.0402972	0.0198754	0.0982869	0.014812	0.00595219	0.017968	
0.0115893	0.00193891	0.00644553	0.00550132	0.199409	0.00240692	0.0273119	0.271084	0.0346488	0.0296724	0.0109641	0.0108248	0.00184061	0.00183111	0.00053422	0.00281461	0.0313115	0.10983	0.064588	0.175453	
0.0118221	0.0341589	0.00843395	0.0299901	0.0461667	0.000748861	0.0555455	0.381591	0.0547803	0.0480354	0.0657747	0.0510637	0.0004165	0.0190879	0.00592016	0.0079722	0.0139856	0.0626499	0.0247867	0.0770698	
0.122039	0.0435478	0.0288877	0.0335193	0.0707964	0.00377074	0.0112386	0.0526789	0.201068	0.0114855	0.0592495	0.0462309	0.0137247	0.128929	0.0185889	0.0423214	0.0877602	0.00748481	0.00476435	0.0119147	
0.0550875	0.225367	0.00851099	0.00766242	0.0610562	0.0205094	0.0249755	0.15209	0.030668	0.058909	0.157141	0.0467867	0.00218525	0.0131692	0.00117324	0.00608474	0.0136076	0.0933684	0.000863056	0.0207852	
0.00281102	0.00318455	0.601037	0.0234212	0.0195891	0.00336646	0.00292571	0.01146	0.0494697	0.00699578	0.0226591	0.118647	0.00202774	0.01425	0.00248897	0.0201608	0.0725407	0.00316026	0.00338414	0.0164205	
0.0268464	0.0227965	0.00497149	0.00316533	0.0266366	0.00160574	0.00340961	0.399908	0.0542464	0.0276041	0.0810252	0.0359047	0.00642014	0.0103043	0.000806619	0.0108947	0.0593518	0.19588	0.00846209	0.01976	
0.0783467	0.00298274	0.00744701	0.072794	0.0280683	0.0224939	0.0110355	0.0344963	0.0721951	0.0444447	0.132038	0.0168983	0.000179687	0.104376	0.0111239	0.108048	0.214171	0.00532709	0.00901059	0.024524	
0.00200123	0.00279143	0.561079	0.0544138	0.00192228	0.001267	0.00680013	0.0175941	0.0866536	0.001869	0.0169245	0.130765	0.000607129	0.0433357	0.0109884	0.0367492	0.0135337	0.00426498	0.00094614	0.00549361	
0.0346292	0.00977914	0.0263478	0.122894	0.0819271	0.00872698	0.0199574	0.0509939	0.128979	0.0195865	0.0806827	0.0397445	0.0459426	0.0352891	0.108311	0.00752636	0.0230676	0.0261856	0.0440507	0.0853777	
0.0404815	0.00212371	0.145742	0.292956	0.0132556	0.014551	0.0203174	0.0229297	0.149749	0.00958568	0.033265	0.049728	0.00538223	0.0972421	0.00843229	0.0258842	0.0423942	0.0100561	0.00642007	0.00950452	
0.0418968	0.00492678	0.0725601	0.0856025	0.0689475	0.007225	0.00536384	0.0434009	0.0970294	0.00568396	0.0753473	0.0158699	0.0014111	0.390704	0.00930868	0.0358444	0.012925	0.00846405	0.00442853	0.0130605	
0.0186932	0.0791376	0.00672775	0.00324901	0.0536743	0.001565	0.00401589	0.200339	0.0158245	0.113436	0.153587	0.046699	0.000458639	0.00280913	0.000908891	0.00719781	0.081308	0.139627	0.0286178	0.0421251	
0.0323392	0.000840077	0.0930987	0.166275	0.0100052	0.00706576	0.0288427	0.016898	0.252752	0.00846801	0.0359375	0.135244	0.00110071	0.0990356	0.0376976	0.0213604	0.0302657	0.00764256	0.00196876	0.0131635	
0.0324022	0.000831989	0.0933429	0.165824	0.00997868	0.00707295	0.0288384	0.0169019	0.25261	0.00847416	0.035949	0.135721	0.00109701	0.0989749	0.0376774	0.021384	0.0301822	0.00761143	0.00196682	0.0131596	
0.18216	0.0585296	0.0106509	0.00551311	0.0482827	0.0141345	0.00402921	0.124037	0.0495394	0.147552	0.10504	0.030202	0.0005741	0.00152862	0.00204662	0.00635551	0.0410864	0.117263	0.00418468	0.0472906	
0.00386391	0.0019308	0.000608907	0.00176036	0.0875549	0.00131092	0.00168002	0.546646	0.0227415	0.180054	0.0504888	0.0039926	0.00108222	0.000309794	0.00115169	0.00264572	0.0106626	0.0654637	0.00787009	0.00818114	
0.0324022	0.000831989	0.0933429	0.165824	0.00997868	0.00707295	0.0288384	0.0169019	0.25261	0.00847416	0.035949	0.135721	0.00109701	0.0989749	0.0376774	0.021384	0.0301822	0.00761143	0.00196682	0.0131596	
0.0404815	0.00212371	0.145742	0.292956	0.0132556	0.014551	0.0203174	0.0229297	0.149749	0.00958568	0.033265	0.049728	0.00538223	0.0972421	0.00843229	0.0258842	0.0423942	0.0100561	0.00642007	0.00950452	
0.0140777	0.0354075	0.00834215	0.0296235	0.0462554	0.000764128	0.0479042	0.416265	0.0484394	0.0507259	0.0669507	0.0189612	0.000582505	0.0226607	0.00509683	0.00826218	0.0139936	0.0626999	0.0239224	0.0790655	
0.0155952	0.00119134	0.112732	0.199197	0.0347963	0.0126942	0.0152165	0.0605542	0.126723	0.021292	0.0594188	0.104126	0.0363805	0.0407228	0.0141638	0.00898471	0.0217323	0.0256263	0.0679457	0.020907	
0.00386391	0.0019308	0.000608907	0.00176036	0.0875549	0.00131092	0.00168002	0.546646	0.0227415	0.180054	0.0504888	0.0039926	0.00108222	0.000309794	0.00115169	0.00264572	0.0106626	0.0654637	0.00787009	0.00818114	
0.00826161	0.0114828	0.249834	0.00317281	0.0276717	0.0128906	0.034635	0.00913054	0.148256	0.0192649	0.0828571	0.120747	0.000193182	0.0447596	0.034178	0.0227763	0.116573	0.0163938	0.0244198	0.0125019	
0.114241	0.0188872	0.00675461	0.00439911	0.0379119	0.251695	0.0544837	0.143346	0.0402313	0.0434383	0.089174	0.00845211	0.0022886	0.013529	0.00160845	0.0422151	0.0251499	0.0766782	0.00622857	0.0192875	
0.00641058	0.00664205	0.000497772	0.000668713	0.00376243	0.000303359	0.00978499	0.401701	0.0102103	0.0265773	0.0253064	0.00408108	3.52873e-05	0.000640423	0.000103034	0.000524351	0.00498135	0.267618	0.000697034	0.229454	
0.000284259	0.0075486	0.00248283	0.000521682	0.442002	0.000181034	0.00453399	0.378176	0.0260646	0.00780026	0.0296376	0.0126992	8.80664e-05	0.00179663	0.000406327	0.00170747	0.00367047	0.0358354	0.0146611	0.0299031	
0.0685233	0.00738335	0.000647729	0.0663075	0.0207913	0.0112959	0.318977	0.0114264	0.0139507	0.00937416	0.0686579	0.298691	0.000181635	0.000771791	0.000142652	0.00126596	0.00634082	0.0493729	0.0218622	0.0240358	
0.124624	0.0395424	0.00253044	0.02263	0.0142659	0.00699252	0.0024565	0.0336481	0.0239137	0.143787	0.0653063	0.358179	0.00125296	0.0109155	0.00180695	0.018644	0.0908962	0.0294132	0.00266234	0.00653323	
0.286069	0.018965	0.0342431	0.0209069	0.0968374	0.0087534	0.0521491	0.0521709	0.0630591	0.00647756	0.0777619	0.163504	0.00607573	0.0171189	0.000685339	0.0022279	0.00380249	0.0281378	0.0219944	0.0390602	
0.0343516	0.00475153	0.0104304	0.00875181	0.02592	0.239911	0.014659	0.137104	0.0608565	0.0250862	0.270286	0.0300863	0.00645097	0.0133252	0.000528174	0.00735989	0.0364136	0.0290796	0.00736851	0.0372805	
0.0247234	0.0816547	0.00911632	0.00842316	0.00778562	0.00614457	0.0137266	0.292165	0.0258414	0.0250968	0.0890885	0.0231586	0.00202008	0.0218544	0.00352631	0.02361	0.107598	0.193473	0.0187568	0.0222363	
0.0160789	0.00986008	0.00945115	0.0270467	0.0439111	0.0160889	0.00773019	0.118463	0.0662937	0.347304	0.03828	0.0547575	0.0104986	0.0271087	0.00417976	0.0348045	0.0329422	0.0574504	0.0397472	0.0380029	
0.0163024	0.00505791	0.345404	0.0811714	0.0346758	0.0193058	0.0172486	0.0441072	0.132133	0.0112096	0.0389344	0.103389	0.00332387	0.0372914	0.0119625	0.025235	0.0437863	0.00399089	0.00160341	0.0238678	
0.00304885	0.000530887	0.556074	0.0214998	0.0235007	0.00526198	0.00339588	0.0107761	0.049794	0.00334192	0.0230846	0.128503	0.00216711	0.00978448	0.000363758	0.0214927	0.103671	0.00474552	0.00211248	0.0268513	
0.0534191	0.0230418	0.0317229	0.064328	0.0221043	0.0911927	0.013086	0.0689911	0.304156	0.0132122	0.0480217	0.0512168	0.0050689	0.047708	0.00682663	0.0271513	0.0975581	0.0138785	0.00448896	0.0128272	
0.0120897	0.00326013	0.0759132	0.00796133	0.063488	0.00171886	0.0120201	0.0960428	0.0440757	0.0554623	0.112786	0.193865	0.0336172	0.00772983	0.00129026	0.0255115	0.121019	0.0545757	0.00496035	0.0726138	
0.00386391	0.0019308	0.000608907	0.00176036	0.0875549	0.00131092	0.00168002	0.546646	0.0227415	0.180054	0.0504888	0.0039926	0.00108222	0.000309794	0.00115169	0.00264572	0.0106626	0.0654637	0.00787009	0.00818114	
0.0404715	0.00212015	0.145696	0.293141	0.0132662	0.0145434	0.02032	0.0229073	0.149672	0.00960893	0.0333059	0.0496675	0.00537771	0.097229	0.00843257	0.0258699	0.0423895	0.0100574	0.00642595	0.00949837	
0.0324022	0.000831989	0.0933429	0.165824	0.00997868	0.00707295	0.0288384	0.0169019	0.25261	0.00847416	0.035949	0.135721	0.00109701	0.0989749	0.0376774	0.021384	0.0301822	0.00761143	0.00196682	0.0131596	
0.00690894	0.00299507	0.0492338	0.0149882	0.0548207	0.00390011	0.00407126	0.0684031	0.0949602	0.0770958	0.3343	0.0338943	0.000818538	0.14251	0.00196683	0.00681197	0.0486102	0.0102733	0.00295479	0.0404831	
0.00287737	0.000511682	0.563225	0.0225661	0.0214139	0.0052829	0.00308867	0.00921984	0.0499737	0.00259035	0.0214139	0.126394	0.00164172	0.0101351	0.00034829	0.0214363	0.106934	0.00390598	0.00217245	0.024869	
0.0155952	0.00119134	0.112732	0.199197	0.0347963	0.0126942	0.0152165	0.0605542	0.126723	0.021292	0.0594188	0.104126	0.0363805	0.0407228	0.0141638	0.00898471	0.0217323	0.0256263	0.0679457	0.020907	
0.0404815	0.00212371	0.145742	0.292956	0.0132556	0.014551	0.0203174	0.0229297	0.149749	0.00958568	0.033265	0.049728	0.00538223	0.0972421	0.00843229	0.0258842	0.0423942	0.0100561	0.00642007	0.00950452	
0.0324022	0.000831989	0.0933429	0.165824	0.00997868	0.00707295	0.0288384	0.0169019	0.25261	0.00847416	0.035949	0.135721	0.00109701	0.0989749	0.0376774	0.021384	0.0301822	0.00761143	0.00196682	0.0131596	
0.0038701	0.00456633	0.00654674	0.00622328	0.225011	0.000609671	0.00316275	0.126759	0.0270318	0.0755614	0.20004	0.0273225	0.000224982	0.00671514	0.00165848	0.00194609	0.00696948	0.0316989	0.21064	0.0334416	
0.0325108	0.00084261	0.0937691	0.16662	0.00998893	0.00711491	0.0287483	0.016964	0.251754	0.00848094	0.0359183	0.135137	0.00111939	0.0990415	0.0374704	0.0214555	0.0302988	0.00762383	0.00200453	0.0131376	
0.0324016	0.000833641	0.0933354	0.165984	0.00996305	0.00707474	0.0288516	0.0168939	0.252611	0.00847347	0.0359108	0.135576	0.00110018	0.0989903	0.0376779	0.02138	0.0301984	0.00761817	0.00196902	0.0131563	
0.0204723	0.13311	0.0141023	0.00923376	0.00893045	0.0048853	0.0174382	0.21057	0.0194535	0.0185418	0.0814164	0.0419114	0.000686405	0.0246252	0.00210455	0.0352278	0.0865237	0.212275	0.0316747	0.0268172	
0.0038701	0.00456633	0.00654674	0.00622328	0.225011	0.000609671	0.00316275	0.126759	0.0270318	0.0755614	0.20004	0.0273225	0.000224982	0.00671514	0.00165848	0.00194609	0.00696948	0.0316989	0.21064	0.0334416	
0.0324262	0.0008372	0.0932614	0.165592	0.0099903	0.00707137	0.0289625	0.0168744	0.252498	0.00847337	0.0360609	0.135786	0.00109543	0.0990399	0.0377042	0.0214238	0.0301624	0.00760434	0.00197114	0.0131647	
0.115978	0.0333908	0.00457237	0.00943804	0.0185212	0.0107617	0.0033822	0.151753	0.0413012	0.0292557	0.0431267	0.0559511	0.152888	0.00860232	0.00166863	0.027349	0.116406	0.135713	0.0107934	0.0291472	
0.00558988	0.00639828	0.00237522	0.0050521	0.0239646	0.0493531	0.00162004	0.00497067	0.672762	0.0232402	0.00353587	0.108389	0.00357992	0.000987144	0.00107281	0.00202984	0.00445198	0.0459828	0.0190128	0.0156316	
0.110588	0.0132195	0.00415625	0.00396826	0.106739	0.00174508	0.0142585	0.207595	0.0470066	0.0374547	0.0406559	0.0194696	0.000318785	0.0301324	0.00416148	0.00800418	0.107242	0.156386	0.0109726	0.0759252	
0.0102683	0.00247645	0.132248	0.0273976	0.0635998	0.00365095	0.0107265	0.0615696	0.123667	0.0542887	0.220211	0.0648722	0.0018847	0.0926944	0.00520704	0.00787203	0.0607441	0.00938237	0.00268109	0.044558	
0.116393	0.0127362	0.00541285	0.00547106	0.0434852	0.257385	0.0564534	0.134251	0.0425475	0.0445789	0.0808664	0.0101954	0.00305982	0.0151809	0.00119565	0.0491737	0.0261803	0.0688281	0.00634049	0.0202653	
0.22486	0.00676156	0.00361254	0.00663642	0.031171	0.00461945	0.0349351	0.0533166	0.029951	0.033065	0.175494	0.00988259	0.0065797	0.0097201	0.000258513	0.0294346	0.1105	0.133076	0.00969004	0.0864349	
0.0038701	0.00456633	0.00654674	0.00622328	0.225011	0.000609671	0.00316275	0.126759	0.0270318	0.0755614	0.20004	0.0273225	0.000224982	0.00671514	0.00165848	0.00194609	0.00696948	0.0316989	0.21064	0.0334416	
0.0213542	0.00853431	0.00402423	0.0352097	0.016223	0.000682839	0.0825431	0.0455635	0.0284461	0.0282389	0.0780041	0.485413	0.000142359	0.0152721	0.00316579	0.00509002	0.0129654	0.0492291	0.0411598	0.038739	
0.0014063	0.0354974	0.00524385	0.00543357	0.0548749	0.00218628	0.000380281	0.0766988	0.0185751	0.376524	0.327847	0.0155555	2.18564e-05	0.00226372	8.61142e-05	0.002341	0.00190529	0.0269783	0.0273948	0.0187861	
0.00783071	0.0495675	0.259251	0.0138911	0.0477797	0.0030341	0.298956	0.0908485	0.0319447	0.00327831	0.0830752	0.0141951	9.42553e-05	0.00175944	0.00153991	0.0227649	0.0321482	0.0206759	0.00536346	0.0120022	
0.0155095	0.00434132	0.0447704	0.240845	0.018283	0.00584332	0.0293031	0.0294201	0.226157	0.00789072	0.0217996	0.0628641	0.00357249	0.0922084	0.0402972	0.0198754	0.0982869	0.014812	0.00595219	0.017968	
0.115073	0.0444756	0.00343025	0.0648715	0.0303912	0.00528822	0.0308267	0.0750556	0.0436291	0.213901	0.0339158	0.0176638	0.000324547	0.0770037	0.00693292	0.00679276	0.0385828	0.0589829	0.0089822	0.123877	
0.0103339	0.0585673	0.00443589	0.0127613	0.15165	0.00454021	0.00375361	0.0362982	0.0620689	0.0694525	0.124071	0.0259045	0.000118539	0.0328129	0.000334532	0.00789445	0.348281	0.0359561	0.00414473	0.00662171	
0.0380153	0.00174156	0.0354612	0.0310208	0.0607377	0.0161974	0.018117	0.0417391	0.291119	0.186179	0.0514839	0.0246345	0.0053569	0.0691763	0.0297691	0.0190715	0.0204744	0.0092779	0.00125778	0.0491696	
0.00879315	0.00447307	0.189413	0.121397	0.0533352	0.0388323	0.0423058	0.01801	0.194453	0.00207758	0.0506601	0.0862156	0.0851389	0.0229431	0.0109805	0.0190594	0.0342374	0.00101942	0.0112858	0.00536993	
0.0160727	0.00940726	0.0102197	0.0282396	0.0435114	0.0172875	0.00834134	0.114261	0.0682996	0.34892	0.037322	0.0541457	0.0104893	0.0274802	0.00428803	0.034206	0.0321407	0.0569817	0.0393152	0.0390713	
0.0156421	0.005177	0.394337	0.0957647	0.0236112	0.0290851	0.0129263	0.0371802	0.123917	0.0104896	0.0391303	0.0778155	0.00282997	0.0295863	0.0115811	0.0428932	0.0297897	0.00204227	0.0014211	0.0147798	
0.0193007	0.0111346	0.019874	0.0142112	0.39372	0.00124571	0.0372614	0.0277712	0.0410256	0.02959	0.0772494	0.0561458	0.000537994	0.0180087	0.0195039	0.0112208	0.0135657	0.0107174	0.112098	0.0858179	
0.00401086	0.00687961	0.00503668	0.0465802	0.562217	0.0135951	0.00860085	0.175792	0.027666	0.0114172	0.0386177	0.0078842	0.000247342	0.00457812	0.000457814	0.000779439	0.00868685	0.021366	0.051947	0.00363999	
0.00641058	0.00664205	0.000497772	0.000668713	0.00376243	0.000303359	0.00978499	0.401701	0.0102103	0.0265773	0.0253064	0.00408108	3.52873e-05	0.000640423	0.000103034	0.000524351	0.00498135	0.267618	0.000697034	0.229454	
0.00613453	0.0821999	0.0018629	0.00340994	0.1475	0.00359716	0.00620896	0.0611836	0.0104428	0.120763	0.21734	0.187832	0.000115053	0.0074615	0.00138636	0.00826066	0.0222699	0.0577519	0.00343134	0.0508478	
0.00380394	0.0161405	0.00252535	0.0131147	0.445115	0.017097	0.00240271	0.0702182	0.0255059	0.00153824	0.0554799	0.00425602	0.000582028	0.0292678	0.000943982	0.00289626	0.0402953	0.0323974	0.00651713	0.229902	
0.0397507	0.0168406	0.0888863	0.0257275	0.00342175	0.0894858	0.0102496	0.0351418	0.0290981	0.00494297	0.0318901	0.114707	8.92398e-05	0.0158802	0.00213736	0.439398	0.0305666	0.00533523	0.00256711	0.0138839	
0.0154722	0.00613068	0.0248605	0.0315337	0.0134922	0.00685463	0.0308076	0.108552	0.0689157	0.00612287	0.0690969	0.0497206	0.002723	0.0367994	0.00262647	0.383857	0.0144719	0.118498	0.00133606	0.00812893	
0.0238618	0.0764262	0.00386737	0.00810521	0.0619108	0.0134084	0.00811637	0.265467	0.0430543	0.0371852	0.227782	0.0803396	0.000667609	0.0319684	0.000651612	0.0082699	0.0113515	0.0879202	0.00141797	0.00822861	
0.184221	0.0176987	0.00556422	0.00338851	0.0129535	0.0257651	0.0144582	0.062287	0.0344116	0.00699289	0.0661559	0.193636	0.00193885	0.0210274	0.000841217	0.23005	0.0520092	0.0366575	0.00361361	0.02633	
0.0971784	0.0592648	0.00431023	0.0200912	0.0406978	0.12853	0.0195888	0.12487	0.0363205	0.00276605	0.0438061	0.0628714	0.006994	0.0819068	0.000629254	0.174747	0.0612184	0.0177361	0.00245855	0.0140141	
0.0153208	0.00169824	0.00569362	0.0236212	0.0610875	0.0118463	0.00958531	0.147055	0.1111	0.0621629	0.134506	0.0217099	0.000151391	0.0219613	0.00297475	0.00782231	0.137976	0.170068	0.0212377	0.0324227	
0.0038701	0.00456633	0.00654674	0.00622328	0.225011	0.000609671	0.00316275	0.126759	0.0270318	0.0755614	0.20004	0.0273225	0.000224982	0.00671514	0.00165848	0.00194609	0.00696948	0.0316989	0.21064	0.0334416	
0.0172533	0.00324848	0.00285723	0.0335111	0.0509098	0.322066	0.0244204	0.0474477	0.14687	0.00385074	0.1457	0.0409759	0.0153277	0.0121542	0.00572075	0.0178423	0.010178	0.00907466	0.0166014	0.0739899	
0.0836176	0.00396348	0.012225	0.0120303	0.0451445	0.0449153	0.0223366	0.028099	0.00740486	0.00943304	0.0696013	0.488926	0.0085451	0.0145061	0.00235041	0.052067	0.0176972	0.0415318	0.0137038	0.0219016	
0.0757155	0.00325853	0.00875323	0.06366	0.124908	0.0359989	0.00353854	0.166711	0.166229	0.00702887	0.0684762	0.0571484	0.0599657	0.0238431	0.00347641	0.0179775	0.0187305	0.0256306	0.00523241	0.0637184	
0.0081367	0.00961125	0.0161336	0.0261585	0.0228703	0.244445	0.0294307	0.0124043	0.363121	0.010334	0.045039	0.0733062	0.00164538	0.0667633	0.00749805	0.0266502	0.00847036	0.00656843	0.0164826	0.00493085	
0.0125602	0.0176843	0.016438	0.00563334	0.0812396	0.00880559	0.0129184	0.0211502	0.0189288	0.0188552	0.137859	0.0640652	0.000109013	0.411505	0.00254677	0.00904707	0.00366312	0.00944066	0.0716258	0.0759245	
0.106791	0.049935	0.00327427	0.0175122	0.045068	0.124771	0.0253402	0.122966	0.0351618	0.00287031	0.0425218	0.0599097	0.00904935	0.070081	0.000869507	0.178427	0.0690513	0.0180748	0.00367604	0.0146491	
0.0836176	0.00396348	0.012225	0.0120303	0.0451445	0.0449153	0.0223366	0.028099	0.00740486	0.00943304	0.0696013	0.488926	0.0085451	0.0145061	0.00235041	0.052067	0.0176972	0.0415318	0.0137038	0.0219016	
0.050897	0.000349684	0.00408635	0.129599	0.00195626	0.00616133	0.0127643	0.0596538	0.0521488	0.0119803	0.077185	0.00781691	0.000663115	0.00503504	0.00379699	0.000989298	0.0685947	0.0490403	0.0224942	0.434787	
0.189654	0.0189112	0.00618716	0.00340514	0.0136719	0.026618	0.0137847	0.0600668	0.0358331	0.00768352	0.0661483	0.190012	0.00192304	0.0215758	0.000798323	0.223858	0.0515096	0.0389283	0.00361656	0.0258142	
0.148465	0.0684968	0.00379186	0.00452412	0.131771	0.0014467	0.0225232	0.0343292	0.0573318	0.0544935	0.1481	0.0444723	0.00409244	0.0511116	0.000810037	0.0806045	0.0287983	0.00566307	0.0359596	0.0732146	
0.222491	0.00358198	0.00569341	0.020314	0.0258392	0.0903667	0.0601133	0.0263926	0.0355249	0.014729	0.1844	0.0447059	0.000175647	0.0955187	0.0087219	0.0948971	0.0370658	0.00883038	0.00428781	0.0163511	
0.00538184	0.0738271	0.0058539	0.00150011	0.0485539	0.0159618	0.0034223	0.00178758	0.20721	0.0235249	0.0128536	0.548646	0.000484182	0.00150291	0.0010598	0.0159564	0.00437945	0.0187415	0.00775278	0.00160037	
0.0853628	0.027248	0.0102933	0.0169179	0.223193	0.0123296	0.169543	0.0173427	0.083878	0.0035959	0.0472744	0.0250442	0.00028834	0.0783005	0.00174199	0.0682442	0.0689994	0.0143616	0.0269264	0.019114	
0.144675	0.00398939	0.00422003	0.0795758	0.186019	0.0459739	0.0303549	0.00620355	0.0607685	0.00285037	0.0831491	0.00652605	0.00028329	0.0374729	0.00499451	0.00312994	0.0333895	0.0400004	0.102914	0.12351	
0.00140332	0.0356312	0.00524843	0.0054798	0.0547219	0.00218155	0.000380258	0.0766744	0.0186611	0.376154	0.328113	0.0155911	2.22649e-05	0.00227777	8.69347e-05	0.00234504	0.00193831	0.0269888	0.0273328	0.0187676	
0.00200123	0.00279143	0.561079	0.0544138	0.00192228	0.001267	0.00680013	0.0175941	0.0866536	0.001869	0.0169245	0.130765	0.000607129	0.0433357	0.0109884	0.0367492	0.0135337	0.00426498	0.00094614	0.00549361	
0.196981	0.00284808	0.00728996	0.0228881	0.0328066	0.0856897	0.0727129	0.0242027	0.0287023	0.0158038	0.217611	0.0438815	0.000100708	0.103258	0.010873	0.0714979	0.0338976	0.00767085	0.00383864	0.0174455	
0.0402165	0.0158786	0.0205625	0.0197409	0.334198	0.0107139	0.00146151	0.121221	0.0348529	0.201718	0.0853476	0.0278845	0.000150761	0.00311825	0.00262807	0.0010223	0.00724365	0.00359854	0.0233049	0.0451373	
0.159502	0.0999702	0.00121008	0.00369615	0.0420519	0.00368034	0.023314	0.0640538	0.0208015	0.00942987	0.291627	0.012936	0.000407162	0.0211227	0.000230448	0.0286998	0.0918051	0.0938847	0.00434632	0.0272308	
0.0256669	0.011762	0.0127651	0.0863508	0.0670294	0.0066658	0.111567	0.0163763	0.0775182	0.0146401	0.102719	0.0203803	0.000198723	0.0668406	0.0277065	0.0252641	0.0306724	0.00954709	0.174175	0.112154	
0.0296378	0.0143089	0.0121593	0.0822633	0.0203167	0.00873772	0.11324	0.0188827	0.0726774	0.0145075	0.102129	0.0207379	0.000162773	0.0694227	0.0270466	0.0292471	0.0345163	0.0133155	0.191037	0.125654	
0.0781763	0.0146447	0.0130526	0.0481612	0.0268245	0.00210777	0.0167967	0.0673042	0.0948251	0.0624166	0.254151	0.0359494	0.000266413	0.0107658	0.158065	0.00231104	0.0432769	0.0120932	0.0397965	0.0190153	
0.0290967	0.013324	0.0273099	0.014587	0.0371768	0.00660028	0.10413	0.0197809	0.150065	0.0144897	0.114748	0.119238	0.00013369	0.156768	0.109316	0.0404323	0.0249656	0.00707691	0.00257669	0.00818365	
0.0281848	0.0107812	0.0375671	0.0258457	0.0440448	0.00529727	0.10738	0.0180059	0.177518	0.0193017	0.100912	0.1054	0.000153332	0.158896	0.0666453	0.0509415	0.0232319	0.00732492	0.00275813	0.00981003	
0.0237729	0.0086605	0.0732534	0.455135	0.0272434	0.00308533	0.0220004	0.02255	0.0876724	0.0338204	0.0325545	0.0284759	0.00121647	0.11486	0.00961226	0.0141154	0.0123727	0.00727491	0.0116266	0.0106968	
0.00484493	0.00636136	0.0493965	0.0406506	0.0162766	0.379522	0.038227	0.0309269	0.03603	0.0395811	0.0473336	0.0952557	0.000583357	0.00710286	0.00157686	0.00643493	0.0167872	0.0225677	0.025208	0.135333	
0.0374769	0.00297976	0.0343972	0.0289352	0.0688285	0.0158052	0.0235167	0.0387067	0.256505	0.216684	0.0469589	0.0287349	0.00447593	0.0589875	0.0272703	0.0192047	0.018614	0.00939014	0.00136397	0.0611638	
