0.00646357	0.126463	0.00200677	0.00888253	0.00647277	0.000919218	0.00145721	0.466518	0.0219845	0.0306088	0.00191403	0.00604123	5.93782e-05	0.00284611	0.000484628	0.000559359	0.00103659	0.215031	0.0077394	0.0925119	
0.0152286	0.00381832	0.0967304	0.0566814	0.0414637	0.00451205	0.00808458	0.0222777	0.314593	0.0508511	0.0916775	0.0295289	0.00552501	0.0726873	0.0892064	0.017069	0.011048	0.0165256	0.0152676	0.0372235	
0.0459703	0.0026392	0.103057	0.0926707	0.0161783	0.0163228	0.0162772	0.0110029	0.155609	0.00580168	0.0276524	0.0782551	0.00164181	0.337293	0.0125588	0.0364574	0.0127175	0.00808254	0.00922735	0.0105863	
0.0291903	0.000200287	0.0822831	0.128979	0.0715373	0.0107645	0.0618848	0.0229729	0.165276	0.00553935	0.0136227	0.0316351	0.000102602	0.139893	0.0470116	0.0134609	0.0425576	0.0521444	0.0627027	0.0182414	
0.0308095	0.0139444	0.00108433	0.00749021	0.00415473	0.000764027	0.00158814	0.147849	0.0183169	0.0879222	0.277511	0.00429273	0.000142565	0.012116	0.00129761	0.0044629	0.0167918	0.317735	0.0268217	0.0249053	
0.0291903	0.000200287	0.0822831	0.128979	0.0715373	0.0107645	0.0618848	0.0229729	0.165276	0.00553935	0.0136227	0.0316351	0.000102602	0.139893	0.0470116	0.0134609	0.0425576	0.0521444	0.0627027	0.0182414	
0.0579116	0.00339523	0.0636278	0.141348	0.00526819	0.0121928	0.00759463	0.0136107	0.197835	0.0217861	0.0050455	0.0765527	0.00127035	0.208722	0.070219	0.0502865	0.034989	0.0152748	0.00699766	0.00607245	
0.114258	0.000832017	0.075803	0.0109892	0.0423271	0.00723816	0.0351866	0.0507015	0.290624	0.012219	0.0624344	0.0519754	0.000365283	0.131517	0.00595722	0.000843028	0.00652933	0.019394	0.0574873	0.0233188	
0.0120751	0.000876403	0.0586391	0.0283602	0.0826814	0.00142443	0.00875613	0.135546	0.006335	0.0327129	0.330812	0.00753858	0.00210684	0.0405261	0.00227997	0.0119979	0.0167139	0.10257	0.0744288	0.043619	
0.0450956	0.0025365	0.107386	0.0894754	0.0171788	0.0165139	0.0168007	0.0110499	0.152488	0.00511585	0.0294886	0.0787447	0.00168336	0.342123	0.00919871	0.0356726	0.0115698	0.00773013	0.00923365	0.0109146	
0.0579116	0.00339523	0.0636278	0.141348	0.00526819	0.0121928	0.00759463	0.0136107	0.197835	0.0217861	0.0050455	0.0765527	0.00127035	0.208722	0.070219	0.0502865	0.034989	0.0152748	0.00699766	0.00607245	
0.00946643	0.0605103	0.257412	0.211894	0.0355738	0.00153519	0.00497022	0.00431582	0.0142209	0.00818901	0.020923	0.069445	0.000297248	0.00987948	0.00191661	0.00587056	0.0254599	0.00412156	0.163964	0.0900349	
0.0145256	0.00065912	0.0165664	0.0394796	0.0427732	0.0988418	0.00075018	0.114577	0.290804	0.0207711	0.082975	0.0440541	0.0686554	0.0577561	0.034001	0.0140944	0.024332	0.0243503	0.0074296	0.00260376	
0.016146	0.00301334	0.0100918	0.441949	0.0205077	0.0430977	0.0486607	0.00589592	0.0343528	0.00338041	0.00333095	0.100011	5.78159e-05	0.0157558	0.0782748	0.0440005	0.0414123	0.0289463	0.0441071	0.0170081	
0.0100456	0.0402355	0.0305556	0.032	0.00245065	0.00257528	0.000334563	0.0697604	0.0505069	0.0287832	0.46998	0.037181	0.0141995	0.0411112	0.000114777	0.00531711	0.0296902	0.0293584	0.00357544	0.102225	
0.111046	0.000446552	0.0167717	0.0988504	0.0731884	0.0885155	0.0124137	0.133958	0.0202779	0.0612679	0.0624828	0.0152866	0.0154465	0.0287368	0.00214074	0.00371574	0.0222839	0.0259815	0.130819	0.0763699	
0.314774	0.00313271	0.00136038	0.00633701	0.0494928	0.0846602	0.0681703	0.0323866	0.105082	0.000687316	0.0882632	0.0168553	0.117553	0.00318188	0.00316014	0.00356314	0.00568781	0.0771596	0.0133352	0.00515809	
0.0850857	0.000934199	0.00716643	0.11356	0.0141309	0.0922159	0.000921311	0.0759455	0.327572	0.0332045	0.0185885	0.00579095	0.0493198	0.00196073	0.00472717	0.145549	0.000724926	0.0134135	0.00662695	0.00256258	
0.0173819	0.000261527	0.00210922	0.0183603	0.0311286	0.000600446	0.0011025	0.141853	0.0648297	0.182359	0.365766	0.00342071	9.8582e-05	0.0521905	0.00030781	0.00601416	0.0304718	0.0214029	0.0589055	0.00143589	
0.00319055	0.0157175	0.00531105	0.24766	0.00340593	0.00142382	0.000674667	0.275985	0.00888509	0.168106	0.111394	0.0160571	0.000281473	0.0126771	0.000534838	0.00289285	0.00788904	0.0666923	0.0271205	0.0241019	
0.000999904	0.000447664	0.107352	0.151491	0.0270501	0.000198677	0.00493882	0.00692574	0.00876423	0.00060137	0.00814365	0.00186158	0.00214999	0.0229146	0.610333	0.00909378	0.0076481	0.00777578	0.00439989	0.0169106	
0.00467755	0.00050842	0.00309091	0.0118478	0.0207273	0.00441638	0.000328739	0.033829	0.00848215	0.149234	0.663651	0.0157849	5.88156e-05	0.0173253	0.00124732	0.00121071	0.00992732	0.0159615	0.0361798	0.00151082	
0.0768809	0.000957603	0.000515564	0.00284204	0.282537	0.00915283	0.204321	0.197125	0.0161663	0.0196938	0.0498283	0.00135994	0.00222071	0.0215028	0.0001486	0.00866795	0.0361916	0.0310531	0.0232767	0.0155577	
0.0153807	0.000284063	0.00638912	0.011629	0.577358	0.00342669	0.000779423	0.00236702	0.0608049	0.00923086	0.0389253	0.0204223	0.000230328	0.00522292	0.00394551	0.0016923	0.00667313	0.0043934	0.213693	0.0171521	
0.0322437	0.00463921	0.000728439	0.0200607	0.0153934	0.0146902	0.399926	0.0377904	0.00430107	0.000548152	0.0267534	0.0135142	0.000268257	0.0396377	0.000178581	0.106149	0.14053	0.115368	0.0258854	0.00139448	
0.00692072	0.000444393	0.780257	0.00706137	0.0331846	0.00329145	0.00202067	0.00279069	0.00688965	0.00953392	0.0283599	0.00517041	0.000317241	0.0139707	0.000445897	0.0362364	0.0426556	0.000285956	0.0140432	0.00612003	
0.0664691	0.661474	0.0338018	0.00540349	0.00193245	0.000531322	0.00116996	0.0276285	0.0858788	0.00195462	0.00629837	0.0246145	0.0195901	0.0326249	0.000153529	0.00607018	0.00709722	0.0132373	0.00138751	0.00268199	
0.0102542	0.00112116	0.00293082	0.00887658	0.422381	0.216475	0.00630071	0.0603596	0.017208	0.00725632	0.0395294	0.00352193	0.000492747	0.1015	0.00060234	0.00217646	0.00359867	0.0242375	0.0700729	0.00110446	
0.0171125	0.0041935	0.00455093	0.012725	0.00278736	0.00930603	0.00659325	0.019172	0.0259226	0.000745208	0.0754838	0.0539853	0.10234	0.0135089	0.000425979	0.0211078	0.166465	0.418038	0.0288838	0.0166536	
0.00750432	0.000214662	0.0689047	0.118203	0.0464318	0.00291788	0.0190995	0.0112702	0.141861	0.00229928	0.00670864	0.156859	0.00298395	0.236567	0.072209	0.0133833	0.0103722	0.00518964	0.0149057	0.0621147	
0.00865701	0.000810427	0.112234	0.00931944	0.0044036	0.620271	0.00478724	0.0149553	0.031863	0.00303654	0.0282854	0.043265	0.00207608	0.0180672	0.0289316	0.0322337	0.00396863	0.0174766	0.00688418	0.00847382	
0.0645154	0.660909	0.0346768	0.00523117	0.00191989	0.000502391	0.000643214	0.0276104	0.0867158	0.00200558	0.00556908	0.0246667	0.0194694	0.0342477	0.000154388	0.00603857	0.00739682	0.0136823	0.00139581	0.00264975	
0.0179975	0.00152126	0.766444	0.0251236	0.0572581	0.00377049	0.0121589	0.0153553	0.012438	0.000645374	0.00602415	0.00381375	0.00182672	0.00912291	0.00253588	0.0113009	0.00848133	0.00077398	0.00846472	0.0349429	
0.00109991	0.00241433	0.441372	0.0132832	0.00245438	0.0021081	0.00154011	0.2079	0.0356263	0.203765	0.00429198	0.0194112	0.00113965	0.00221877	0.000369313	0.00629392	0.0216331	0.0192916	0.00813125	0.0056561	
0.0179449	0.000287021	0.362413	0.056751	0.0206384	0.0560787	0.0054485	0.00207336	0.173703	0.00147399	0.0259926	0.13372	0.0029078	0.0439548	0.0193539	0.0346318	0.022827	0.00756243	0.00181986	0.010417	
0.0157078	0.000105327	0.373636	0.0514893	0.0226128	0.0647462	0.00400381	0.00132459	0.168979	0.000987027	0.0247804	0.137281	0.00375676	0.0182869	0.0256392	0.0395861	0.027359	0.0072712	0.00155481	0.0108932	
0.0248579	0.000149037	0.0944657	0.0647932	0.176358	0.0185321	0.00596199	0.0447822	0.0722097	0.0508929	0.0389396	0.247902	0.0201504	0.0572832	0.0206555	0.0131835	0.0162841	0.0220069	0.00126187	0.00932995	
0.0291983	0.00200893	0.0813358	0.0989241	0.0813084	0.0532473	0.0538364	0.0145017	0.072702	0.0084684	0.0157167	0.113437	0.0126976	0.175718	0.0177076	0.0420877	0.0655126	0.040235	0.00687665	0.0144798	
0.144902	0.000742435	0.146672	0.056994	0.0559737	0.132785	0.00222741	0.00250823	0.0308924	0.0056097	0.0182929	0.00186571	0.0862501	0.0280897	0.00155412	0.140133	0.0651668	0.014606	0.0119406	0.0527948	
0.000494664	0.00163776	0.00259129	0.581792	0.0468507	0.00502215	0.000160286	0.0410255	0.00206859	0.000452737	0.0826755	0.0161649	0.0125648	0.0293409	0.000926333	0.00144178	0.00644876	0.0043408	0.017684	0.146316	
0.00307951	0.00268714	0.000501283	0.00908928	0.00764495	0.000330781	0.00163864	0.0523875	0.534922	0.0600414	0.0191615	0.0145461	0.000290107	0.15786	0.0975853	0.00609675	0.00995259	0.0133335	0.00355217	0.00529938	
0.0160944	0.000973306	0.209028	0.0686884	0.0688952	0.0271202	0.00878609	0.0156735	0.0495765	0.0160021	0.0273516	0.307261	0.00475574	0.03353	0.0115099	0.0519401	0.0614915	0.00992498	0.00331126	0.0080862	
0.0720664	0.0164931	0.0234125	0.0117583	0.0352543	0.00813957	0.121951	0.0295125	0.00912374	0.00166828	0.0932773	0.0336634	0.00102574	0.0280494	0.00797043	0.0972288	0.00214365	0.00236228	0.386538	0.018362	
0.0851407	0.000593997	0.0622124	0.0934771	0.0319179	0.13627	0.00649003	0.0413118	0.0636678	0.0120065	0.00795469	0.067931	0.14085	0.0268071	0.00658317	0.00953523	0.0162374	0.0228138	0.162488	0.00571151	
0.0609081	0.000520194	0.0624979	0.0800568	0.0375064	0.107573	0.0186195	0.0329663	0.10319	0.00912975	0.00597127	0.0554885	0.208705	0.0300921	0.00787918	0.0137419	0.016073	0.0305295	0.111573	0.00697912	
0.0323841	0.000369435	0.106016	0.0679482	0.142471	0.0161036	0.00742996	0.0458996	0.1025	0.0641163	0.033918	0.242604	0.0127574	0.0471492	0.0185051	0.0133802	0.0156176	0.0198572	0.0017401	0.00923243	
0.037065	0.0014129	0.00633082	0.00623989	0.0132304	0.179571	0.00141356	0.0613927	0.0112137	0.131549	0.0119536	0.104585	0.00637621	0.0368882	0.0434004	0.28416	0.0459817	0.00600478	0.00487065	0.00636005	
0.0636484	0.032857	0.152645	0.0380092	0.0440315	0.0217121	0.00632203	0.138351	0.136499	0.118785	0.0657729	0.00559797	0.00800866	0.0235383	0.00344683	0.0137537	0.0125703	0.0792036	0.0102263	0.0250222	
0.0496111	0.0107571	0.195935	0.0545997	0.00779767	0.0218378	0.0375109	0.0234064	0.216741	0.0115404	0.0256646	0.0167724	0.00316736	0.0643021	0.210247	0.0194434	0.0086654	0.011241	0.00657397	0.00418553	
0.120558	0.00409248	0.00872569	0.00782074	0.0479774	0.443388	0.00882308	0.007893	0.0860745	0.00085506	0.00913863	0.105103	0.00745285	0.0243097	0.000328548	0.0383492	0.0064986	0.0490184	0.0106898	0.0129038	
0.00125867	0.000205316	0.00113136	0.0143446	0.484571	0.00134086	0.00029845	0.0173047	0.00505447	0.0334548	0.0278677	0.0344026	0.000142043	0.00242242	0.0355817	0.00104647	0.00161752	0.018711	0.0047634	0.314481	
0.0326266	0.000119278	0.241851	0.29676	0.000726689	0.0201975	0.00611408	0.00669516	0.113979	0.00133274	0.00635271	0.0742672	0.0242471	0.0607005	0.0334561	0.0351818	0.0277406	0.00468887	0.00151004	0.0114535	
0.0279666	0.00181432	0.00142212	0.00421999	0.0951147	0.0191884	0.00221419	0.18828	0.0533137	0.0585475	0.0247582	0.0383715	0.00187596	0.0128961	0.000300565	0.00460526	0.0669199	0.302809	0.0309407	0.0644416	
0.00646357	0.126463	0.00200677	0.00888253	0.00647277	0.000919218	0.00145721	0.466518	0.0219845	0.0306088	0.00191403	0.00604123	5.93782e-05	0.00284611	0.000484628	0.000559359	0.00103659	0.215031	0.0077394	0.0925119	
0.0115565	0.0022692	0.245936	0.160708	0.0123507	0.00389704	0.000243123	0.161651	0.0129135	0.00851009	0.0457496	0.0682559	0.000604855	0.0186435	0.00973335	0.00594301	0.0238796	0.00454031	0.2014	0.00121501	
0.0326266	0.000119278	0.241851	0.29676	0.000726689	0.0201975	0.00611408	0.00669516	0.113979	0.00133274	0.00635271	0.0742672	0.0242471	0.0607005	0.0334561	0.0351818	0.0277406	0.00468887	0.00151004	0.0114535	
0.138632	0.104724	0.00188473	0.00655378	0.0153997	0.000979278	0.00328668	0.467246	0.0121026	0.0110852	0.0731382	0.00184319	0.000299527	0.0279408	0.00159171	0.00422172	0.00708479	0.0608394	0.0426562	0.0184896	
0.0799889	0.000720252	0.0150751	0.000931394	0.00561063	0.00112515	0.00295382	0.0134467	0.627394	0.00627621	0.00948827	0.00112712	0.00208037	0.0348768	0.0141249	0.00710578	0.000685976	0.142407	0.0155721	0.0190093	
0.0579116	0.00339523	0.0636278	0.141348	0.00526819	0.0121928	0.00759463	0.0136107	0.197835	0.0217861	0.0050455	0.0765527	0.00127035	0.208722	0.070219	0.0502865	0.034989	0.0152748	0.00699766	0.00607245	
0.0599256	0.00659944	0.0493936	0.163374	0.00718448	0.0111424	0.0074713	0.0438422	0.222134	0.0179956	0.00961965	0.0577054	0.00132656	0.174179	0.0512155	0.0434746	0.028093	0.035845	0.00513393	0.00434461	
0.0032906	0.730936	0.0198762	0.00208747	0.0158226	0.0323005	0.0339726	0.00373496	0.0591778	0.00438737	0.0104629	0.00969427	0.00206664	0.0135381	0.00451208	0.00453653	0.0047664	0.000603175	0.000988779	0.0432447	
0.0154116	0.00038732	0.0492171	0.024837	0.0649269	0.0774139	0.0485525	0.0130358	0.213358	0.00506095	0.0166919	0.0314835	0.326834	0.0244591	0.0110158	0.0175648	0.0192206	0.0147699	0.0185649	0.00719374	
0.0052129	0.0594355	0.00171955	0.0120461	0.00226985	0.00252854	0.00915063	0.0827263	0.0246302	0.0143682	0.0313158	0.00249062	0.00163023	0.0383319	0.00374476	0.00409144	0.00343266	0.634627	0.042964	0.0232838	
0.00749287	0.00106201	0.0396937	0.04225	0.00212422	0.0921181	0.0458908	0.00854589	0.0369523	0.00571211	0.0318096	0.0145438	0.00026044	0.052671	0.0060474	0.526477	0.035466	0.038017	0.0105275	0.00233868	
0.0425474	0.424923	0.00201962	0.0227483	0.0193901	0.00062161	0.0020646	0.212173	0.038183	0.013931	0.0496243	0.00405209	0.00117088	0.00327126	0.000785401	0.00127606	0.0216211	0.0234135	0.0761286	0.0400544	
0.444481	0.00430786	0.00584242	0.0111085	0.00986521	0.0609235	0.0191117	0.0238787	0.0503384	0.0262918	0.0859558	0.031382	0.000291364	0.0485663	0.000858845	0.117352	0.0197519	0.00721804	0.0215215	0.0109524	
0.00389446	0.00455005	0.736358	0.00370087	0.0337258	0.00298218	0.000720719	0.00491765	0.00778838	0.0138103	0.0399458	0.00858564	0.00100579	0.0176644	0.00113565	0.0391506	0.0601731	0.000437227	0.0183224	0.00113074	
0.00595257	0.0108526	0.00155661	0.00778726	0.0813464	0.00150584	0.00113919	0.67622	0.00949929	0.0794568	0.0343534	0.00175072	0.000124367	0.00193778	0.000703719	0.000367926	0.00457703	0.0721256	0.00735062	0.00139272	
0.00295369	0.00223823	0.00110436	0.0315303	0.0266896	0.000701698	0.00197286	0.341608	0.0036131	0.312237	0.0835354	0.0167177	0.00109274	0.00287054	0.000134815	0.00261048	0.0137703	0.0904473	0.0330639	0.0311088	
0.300302	0.00181721	0.00357486	0.00234671	0.00293682	0.000821431	0.0133006	0.108731	0.0126024	0.0174141	0.0245136	0.0303801	0.00165613	0.13806	0.000432516	0.0185668	0.108639	0.180022	0.0274024	0.00647986	
0.00889089	0.00083564	0.00217923	0.0123504	0.1069	0.0770147	0.00125892	0.084788	0.0199223	0.236269	0.24139	0.00328768	0.000558088	0.0488793	0.00479593	0.00506486	0.00529489	0.0497959	0.00845668	0.0820662	
0.48351	0.0218374	0.00114527	0.00896104	0.00552794	0.0596824	0.0219564	0.0144905	0.0331984	0.00193517	0.108371	0.0489477	0.000237092	0.0669415	0.000539192	0.0224443	0.0332065	0.0332595	0.0198838	0.0139248	
0.344716	0.00105653	0.00123691	0.00889967	0.00424129	0.23315	0.0275776	0.0081948	0.0375934	0.0168044	0.0565344	0.0101905	0.000241169	0.0557738	0.000742686	0.0415028	0.116298	0.00495595	0.0217916	0.00849901	
0.0327099	0.0287218	0.00105269	0.156449	0.00810978	0.0114268	0.00102947	0.010047	0.0240285	0.00114574	0.0151432	0.170996	0.000243272	0.0807486	0.348758	0.0104024	0.0115562	0.0732164	0.00969568	0.00451985	
0.0499821	0.015791	0.53063	0.0453025	0.00405059	0.00906325	0.00114679	0.0380983	0.0184576	0.0131183	0.0314594	0.00915	0.00952604	0.0306195	0.00130159	0.00918954	0.039283	0.0778643	0.0421227	0.0238433	
0.444931	0.00441423	0.00252213	0.0112945	0.00861242	0.159539	0.00712748	0.00396687	0.0564703	0.0218664	0.0495019	0.00632293	0.00134868	0.0436871	0.000511192	0.0741493	0.00817672	0.0861168	0.00834824	0.00109317	
0.00458896	0.0166607	0.000629823	0.0067573	0.0148747	0.00338319	0.00303484	0.239188	0.0320492	0.0188556	0.136926	0.00490453	0.00138852	0.0113568	0.00100957	0.0505189	0.107128	0.241953	0.0243535	0.0804386	
0.016146	0.00301334	0.0100918	0.441949	0.0205077	0.0430977	0.0486607	0.00589592	0.0343528	0.00338041	0.00333095	0.100011	5.78159e-05	0.0157558	0.0782748	0.0440005	0.0414123	0.0289463	0.0441071	0.0170081	
0.0943442	0.0846279	0.102286	0.0449584	0.0391916	0.0109942	0.00392934	0.120403	0.128928	0.110495	0.089382	0.0118341	0.00439899	0.025928	0.00569322	0.0146647	0.0113113	0.057987	0.0116383	0.0270046	
0.120639	0.0163557	0.0112668	0.00605603	0.049475	0.00355031	0.00138605	0.0138268	0.00560787	0.0806926	0.397595	0.00979228	0.0102434	0.0576754	0.00215326	0.0564646	0.0604049	0.0661375	0.0154854	0.0151913	
0.00934947	0.000149432	0.0160514	0.0345663	0.0261005	0.21475	0.00558081	0.00316	0.213692	0.0117287	0.00836273	0.367741	2.97832e-05	0.0629729	0.00303626	0.0113047	0.00496334	0.000244965	0.00355724	0.00265843	
0.0191868	0.000439728	0.00767369	0.00417537	0.0335102	0.729687	0.00201208	0.00550918	0.0625119	0.00800296	0.0318044	0.064079	7.57033e-05	0.0145721	0.00257772	0.00504814	0.00156559	0.00315673	0.00264372	0.00176851	
0.0296478	0.000344081	0.0161066	0.122394	0.0593558	0.0373644	0.0300857	0.0220144	0.196565	0.0123504	0.00876192	0.0275996	0.271324	0.0302435	0.0119926	0.017106	0.0209427	0.0350613	0.0375348	0.0132048	
0.0223788	0.00430281	0.0980163	0.0767658	0.111106	0.0430171	0.0295474	0.0116989	0.0796088	0.0126146	0.017414	0.1777	0.00651305	0.116208	0.0176229	0.0420209	0.0594184	0.0272654	0.0134672	0.0333127	
0.0149575	0.00434582	0.00327629	0.0263752	0.0811487	0.00310795	0.000368162	0.261616	0.0426146	0.0115491	0.0403921	0.00336828	0.000394304	0.0266519	5.36386e-05	0.000395151	0.0061871	0.0981356	0.136844	0.238219	
0.0569974	0.0261825	0.16431	0.179232	0.00203653	0.0654657	0.00661094	0.0114804	0.0768641	0.0142066	0.014782	0.121969	0.0845455	0.0498964	0.0118765	0.0602567	0.0177581	0.012232	0.0227307	0.000567081	
0.0039353	0.00464736	0.00309846	0.00201426	0.338957	0.00115804	0.0082762	0.0561338	0.015331	0.00674849	0.0579758	0.0788912	0.000613485	0.0164846	0.00139227	0.00189196	0.00302242	0.273049	0.0991511	0.0272285	
0.0311588	0.000686196	0.00101605	0.2092	0.074338	0.0200838	0.0265086	0.0161429	0.193047	0.0254688	0.0250044	0.0163477	0.196854	0.0250983	0.0163983	0.0128273	0.0210407	0.0313192	0.0412788	0.016181	
0.0295176	0.0333076	0.00205576	0.00459561	0.045043	0.0471624	0.00214942	0.0107832	0.096724	0.255322	0.0835684	0.00443622	0.0383727	0.00274207	0.000221294	0.0134652	0.161822	0.0204295	0.0327891	0.115493	
0.00633234	0.000794992	0.00356925	0.00186793	0.0693202	0.53343	0.00796697	0.0583206	0.0442182	0.0722782	0.0753186	0.0314631	0.00541512	0.0297703	0.000645181	0.00311025	0.0138245	0.00353868	0.00553619	0.0332796	
0.00517441	0.000817874	0.0970925	0.137526	0.0292624	0.000377379	0.00445172	0.00655346	0.00733174	0.000876819	0.00965883	0.00601331	0.00182275	0.0269438	0.616451	0.00875636	0.00587619	0.0112358	0.00452632	0.0192513	
0.00909858	0.000923726	0.00358212	0.0685166	0.126249	0.00955805	0.0166309	0.007279	0.165736	0.117809	0.0795921	0.00887749	0.0194431	0.0245818	0.172967	0.0043073	0.00685608	0.0970257	0.0146037	0.0463622	
0.00121314	0.0418758	0.770889	0.00542705	0.0382349	0.000519166	0.00562273	0.00153681	0.00155736	0.00122095	0.0572211	0.0281452	0.010103	0.00443019	0.000469338	0.000881674	0.00115283	0.000505605	0.0284109	0.00058366	
0.124467	0.00272714	0.0348657	0.00362955	0.00401667	0.341559	0.0272552	0.0453326	0.0712926	0.00181481	0.0181416	0.00468162	0.000393252	0.0655059	0.00644339	0.205698	0.0152845	0.00740071	0.00877116	0.0107194	
0.0266978	0.000630162	0.00589662	0.0132763	0.142368	0.0116764	0.00515936	0.0247225	0.134542	0.0736395	0.0525639	0.0268823	0.00216214	0.00613581	0.118109	0.00871694	0.0554835	0.0227415	0.178405	0.0901915	
0.0450956	0.0025365	0.107386	0.0894754	0.0171788	0.0165139	0.0168007	0.0110499	0.152488	0.00511585	0.0294886	0.0787447	0.00168336	0.342123	0.00919871	0.0356726	0.0115698	0.00773013	0.00923365	0.0109146	
0.0568837	0.0263222	0.164753	0.179576	0.00191559	0.0652666	0.00656152	0.0114339	0.0773711	0.0142439	0.0148324	0.122329	0.0837216	0.0498349	0.0118775	0.0605297	0.017715	0.0122042	0.0220688	0.000559212	
0.0224201	0.00083992	0.119812	0.0830449	0.150599	0.021958	0.00671135	0.029367	0.0621483	0.0354994	0.0374331	0.258875	0.0108572	0.0549064	0.0181029	0.0190849	0.0366834	0.0189085	0.00150857	0.0112401	
0.0244498	0.00367962	0.0909893	0.082249	0.101313	0.0485362	0.0356825	0.0119116	0.078903	0.011449	0.0164454	0.163497	0.00803034	0.131483	0.0178296	0.0426055	0.059737	0.0304792	0.0121114	0.028619	
0.0248658	0.000149046	0.0945884	0.064837	0.176322	0.0185304	0.00596478	0.044679	0.0722321	0.0509065	0.0388109	0.247929	0.0201281	0.0573247	0.0206351	0.0131796	0.0163027	0.0220119	0.00126186	0.00934091	
0.00246675	0.00336485	0.00218704	0.0195079	0.0271449	0.00332766	0.00184075	0.301874	0.00517904	0.384396	0.0997829	0.0127402	0.00154203	0.00236441	0.000258361	0.00285681	0.00922724	0.0656647	0.0230472	0.0312277	
0.017914	0.00228934	0.000694311	0.254321	0.0471654	0.00640878	0.00219484	0.0884254	0.0904504	0.00369128	0.0389072	0.0217142	0.263809	0.00147487	0.000134767	0.00148153	0.000843259	0.0204722	0.0326365	0.104971	
0.0568837	0.0263222	0.164753	0.179576	0.00191559	0.0652666	0.00656152	0.0114339	0.0773711	0.0142439	0.0148324	0.122329	0.0837216	0.0498349	0.0118775	0.0605297	0.017715	0.0122042	0.0220688	0.000559212	
0.0309673	0.000340371	0.0163942	0.124058	0.0594534	0.0376585	0.0289245	0.0224971	0.191833	0.012403	0.00872946	0.0282396	0.268653	0.0296873	0.0119305	0.0172494	0.0211449	0.0353341	0.041808	0.0126941	
0.0190139	0.00358972	0.119609	0.0738305	0.131475	0.0346592	0.0146087	0.0126632	0.0726876	0.0167539	0.0243021	0.231318	0.00307608	0.0751685	0.0174853	0.0357044	0.0568136	0.01856	0.00933288	0.0293486	
0.0450956	0.0025365	0.107386	0.0894754	0.0171788	0.0165139	0.0168007	0.0110499	0.152488	0.00511585	0.0294886	0.0787447	0.00168336	0.342123	0.00919871	0.0356726	0.0115698	0.00773013	0.00923365	0.0109146	
0.0103687	0.000347176	0.300178	0.0345468	0.00361803	0.0348157	0.00849989	0.00778828	0.0366307	0.00474861	0.0162092	0.341002	0.00706818	0.0187849	0.00545667	0.0851386	0.0719418	0.00466866	0.00627864	0.00190971	
0.0983126	0.0101899	0.00194678	0.00727406	0.0764105	0.00127965	0.000687463	0.177672	0.0237437	0.122802	0.096881	0.019664	0.00933659	0.0743138	0.00283971	0.00397281	0.0285933	0.172443	0.0534599	0.0181771	
0.0326266	0.000119278	0.241851	0.29676	0.000726689	0.0201975	0.00611408	0.00669516	0.113979	0.00133274	0.00635271	0.0742672	0.0242471	0.0607005	0.0334561	0.0351818	0.0277406	0.00468887	0.00151004	0.0114535	
0.0292127	0.00200438	0.0812457	0.100051	0.0799835	0.0530874	0.0547003	0.0143867	0.0728576	0.00817167	0.0154896	0.111292	0.012442	0.176713	0.0178057	0.0421589	0.0658537	0.0404287	0.00742005	0.0146958	
0.0232933	0.0014965	0.00306179	0.0136759	0.0254436	0.00124966	0.00214086	0.18871	0.0619064	0.170658	0.291168	0.00325673	0.00016586	0.0700147	0.000240099	0.0068701	0.0273031	0.0220266	0.0793422	0.00797746	
0.00307951	0.00268714	0.000501283	0.00908928	0.00764495	0.000330781	0.00163864	0.0523875	0.534922	0.0600414	0.0191615	0.0145461	0.000290107	0.15786	0.0975853	0.00609675	0.00995259	0.0133335	0.00355217	0.00529938	
0.0579116	0.00339523	0.0636278	0.141348	0.00526819	0.0121928	0.00759463	0.0136107	0.197835	0.0217861	0.0050455	0.0765527	0.00127035	0.208722	0.070219	0.0502865	0.034989	0.0152748	0.00699766	0.00607245	
0.0152286	0.00381832	0.0967304	0.0566814	0.0414637	0.00451205	0.00808458	0.0222777	0.314593	0.0508511	0.0916775	0.0295289	0.00552501	0.0726873	0.0892064	0.017069	0.011048	0.0165256	0.0152676	0.0372235	
0.0167668	0.000248662	0.00422276	0.00445888	0.575549	0.00199814	0.00145342	0.00257519	0.100159	0.00966252	0.0695294	0.0134939	6.56797e-05	0.00742928	0.0111683	0.00176782	0.00186018	0.00640956	0.158647	0.0125347	
0.0452134	0.00254498	0.106915	0.0897786	0.0170977	0.0165099	0.0167671	0.0110313	0.152888	0.00515856	0.029291	0.0787355	0.00167634	0.341726	0.00944218	0.035721	0.0116497	0.00773822	0.00920548	0.0109092	
0.0579116	0.00339523	0.0636278	0.141348	0.00526819	0.0121928	0.00759463	0.0136107	0.197835	0.0217861	0.0050455	0.0765527	0.00127035	0.208722	0.070219	0.0502865	0.034989	0.0152748	0.00699766	0.00607245	
0.00844128	0.000799461	0.000863977	0.00592283	0.134614	0.011046	0.0124434	0.00972014	0.292766	0.0373263	0.312243	0.0280203	0.000109591	0.0657746	0.0142697	0.00426784	0.000247197	0.0423387	0.0109134	0.00787153	
0.00934947	0.000149432	0.0160514	0.0345663	0.0261005	0.21475	0.00558081	0.00316	0.213692	0.0117287	0.00836273	0.367741	2.97832e-05	0.0629729	0.00303626	0.0113047	0.00496334	0.000244965	0.00355724	0.00265843	
0.0108594	0.00109772	0.120423	0.103503	0.0892592	0.0575609	0.000232166	0.0105109	0.00798624	0.135905	0.421924	0.0125828	8.34296e-05	0.00747173	0.000304608	0.00220767	0.003754	0.00152581	0.0117538	0.00105425	
0.0103687	0.000347176	0.300178	0.0345468	0.00361803	0.0348157	0.00849989	0.00778828	0.0366307	0.00474861	0.0162092	0.341002	0.00706818	0.0187849	0.00545667	0.0851386	0.0719418	0.00466866	0.00627864	0.00190971	
0.0499821	0.015791	0.53063	0.0453025	0.00405059	0.00906325	0.00114679	0.0380983	0.0184576	0.0131183	0.0314594	0.00915	0.00952604	0.0306195	0.00130159	0.00918954	0.039283	0.0778643	0.0421227	0.0238433	
0.0105805	0.00136645	0.0455342	0.203412	0.0363715	0.00215829	0.027293	0.00840379	0.321208	0.00391019	0.00533396	0.0416766	0.0233155	0.120733	0.0584101	0.00617122	0.0473769	0.022556	0.00898018	0.005209	
0.00156183	0.00244455	0.22041	0.184645	0.1496	0.00203373	0.000107498	0.0214076	0.00174164	0.1362	0.233614	0.000972117	0.000344297	0.0100218	0.000223169	0.00321107	0.0176311	0.00123699	0.0120556	0.000538369	
0.00352822	0.00192633	0.000977231	0.0096936	0.0145123	0.000724038	0.000728625	0.0345544	0.00771114	0.168544	0.651106	0.00378548	7.03817e-05	0.0231905	0.000857631	0.0016772	0.015325	0.0239072	0.0321092	0.00507122	
0.0252447	0.00610348	0.000989767	0.00369821	0.00134016	0.000679371	0.0491982	0.09072	0.0106601	0.00215236	0.00706481	0.00384459	0.000142398	0.0340092	0.000788767	0.00700022	0.0717993	0.593841	0.0786149	0.0121079	
0.309158	0.00153568	0.00426395	0.00226829	0.00295315	0.000931126	0.0123845	0.10637	0.0129671	0.0191851	0.0243747	0.0272179	0.00150491	0.12724	0.000464592	0.0182977	0.106738	0.187645	0.0270306	0.00747022	
0.022024	0.00506923	0.0368639	0.0466479	0.0264655	0.0575196	0.000793167	0.0615288	0.0218498	0.543132	0.135382	0.0111872	0.00143147	0.00278108	0.000493707	0.00133834	0.00310116	0.00359112	0.00906376	0.00973638	
0.0588402	0.00124658	0.00245248	0.0261819	0.00593662	0.218428	0.0105744	0.062492	0.0403129	0.085203	0.176166	0.0211124	0.000439756	0.0343075	0.00137524	0.188225	0.00830646	0.0464426	0.00965097	0.00230558	
0.0188707	0.000393382	0.00638698	0.00298117	0.0380897	0.735829	0.0021412	0.0109337	0.0502194	0.010406	0.0407323	0.0473452	7.24611e-05	0.0167082	0.00203728	0.00456999	0.00171549	0.00357289	0.00403668	0.00295866	
0.302123	0.0163231	0.00307027	0.00289535	0.0133928	0.173944	0.0187138	0.010388	0.0339872	0.078688	0.171385	0.0188353	0.000293916	0.0111811	0.000527296	0.109971	0.00307498	0.00175679	0.0088821	0.0205667	
0.0427888	0.000638626	0.000840967	0.0410244	0.0416701	0.000538557	0.519916	0.0540471	0.0484167	0.000428458	0.0504635	0.00196885	0.000101352	0.000639004	0.0142802	0.014504	0.0907417	0.0726198	0.00350005	0.000871612	
0.0263587	0.00177513	0.00856476	0.0088744	0.00920592	0.00191579	0.219516	0.00202878	0.00722451	0.00123742	0.00501267	0.00875197	0.000308944	0.0366351	0.00248924	0.0539718	0.472598	0.101678	0.0221545	0.00969798	
0.0041702	0.0107006	0.00132599	0.00743445	0.0858302	0.0013638	0.00111116	0.673325	0.00984567	0.0792422	0.0339738	0.00189536	0.000128957	0.0021235	0.000744776	0.000346619	0.00440809	0.0726749	0.00803625	0.00131856	
0.0173604	0.00046133	0.00868571	0.00385006	0.0342977	0.713262	0.000857608	0.0083514	0.0493883	0.0198641	0.0571036	0.057593	6.93203e-05	0.0150053	0.00189966	0.00409403	0.00132614	0.00192524	0.00291999	0.00168461	
0.0170683	0.000284509	0.033454	0.0499858	0.0611028	0.00795425	0.0262276	0.0324495	0.300667	0.00875602	0.0208518	0.0421121	5.54981e-05	0.150089	0.0920296	0.0136036	0.0472505	0.0585032	0.0262313	0.0113237	
0.238816	0.0850954	0.00179318	0.00666327	0.00349523	0.0498108	0.00288133	0.00429586	0.0045049	0.00143955	0.0228558	0.275598	0.000305933	0.123358	0.000568962	0.0961616	0.0529905	0.0239618	0.00385616	0.00154763	
0.0426635	0.00129519	0.051109	0.0218242	0.0423649	0.00755496	0.458375	0.00339744	0.020075	0.00084147	0.0188407	0.0418096	0.000271878	0.130988	0.0799286	0.011541	0.00322822	0.0215824	0.00281299	0.0394966	
0.0032906	0.730936	0.0198762	0.00208747	0.0158226	0.0323005	0.0339726	0.00373496	0.0591778	0.00438737	0.0104629	0.00969427	0.00206664	0.0135381	0.00451208	0.00453653	0.0047664	0.000603175	0.000988779	0.0432447	
0.0291602	0.0020295	0.0813078	0.0993492	0.0799836	0.0536777	0.0543468	0.0143096	0.0728364	0.0082396	0.0155892	0.11233	0.0125358	0.176694	0.0177246	0.0423494	0.0657283	0.0403188	0.00694059	0.0145493	
0.0291866	0.0020135	0.0811888	0.0994673	0.0800094	0.0536771	0.0544889	0.0143356	0.0727831	0.00821224	0.0155767	0.1119	0.0125669	0.177015	0.0177087	0.0423341	0.0657943	0.0403784	0.00688638	0.0144771	
0.00628184	0.000293385	0.0793582	0.0903636	0.0195355	0.00510093	0.0133116	0.00606294	0.0590955	0.0020061	0.0067218	0.091446	0.00138184	0.0495353	0.0183632	0.192757	0.34342	0.00667884	0.00343297	0.00485435	
0.030475	0.000342376	0.0162962	0.123774	0.059409	0.0375083	0.0291771	0.0224007	0.193684	0.0123419	0.0087079	0.028282	0.269139	0.0298686	0.0119519	0.0172307	0.0210563	0.0352829	0.0402901	0.0127819	
0.0189403	0.00307812	0.128095	0.0726286	0.130903	0.0314686	0.0102275	0.0149394	0.0720189	0.0208829	0.0275563	0.250362	0.00279903	0.0606587	0.0173968	0.0323262	0.0536117	0.0163909	0.00783886	0.0278763	
0.0170299	0.000287254	0.0332236	0.0496327	0.0606771	0.00794967	0.0261241	0.032512	0.301347	0.00877989	0.0208586	0.0422017	5.55461e-05	0.149851	0.0922904	0.0136796	0.0474598	0.058659	0.0260387	0.011342	
0.00446227	0.00132276	0.0141709	0.0183549	0.617403	0.0278585	0.00199037	0.00737002	0.0411598	0.0190972	0.0349629	0.0261805	9.68487e-05	0.00174296	0.00135584	0.00224826	0.016308	0.0116679	0.14477	0.00747666	
0.00386656	0.000569732	0.685211	0.00367855	0.0351832	0.00416061	0.00019821	0.00292282	0.00920611	0.0170195	0.0441255	0.00905791	0.000804087	0.0227366	0.00028891	0.0507246	0.0876563	0.000443322	0.0214615	0.00068498	
0.00852006	0.0040731	0.0305552	0.0734221	0.00186105	0.00612006	0.00533765	0.0129701	0.0310051	0.0311815	0.0711766	0.59826	0.000123177	0.0278708	0.00538132	0.0128967	0.0219718	0.0104838	0.0417861	0.00500387	
0.0450956	0.0025365	0.107386	0.0894754	0.0171788	0.0165139	0.0168007	0.0110499	0.152488	0.00511585	0.0294886	0.0787447	0.00168336	0.342123	0.00919871	0.0356726	0.0115698	0.00773013	0.00923365	0.0109146	
0.00520945	0.000306822	0.00114345	0.26752	0.0768319	0.0253303	0.000210727	0.0683201	0.0322949	0.000578935	0.0384542	0.00109998	0.0333277	0.0263123	0.00806361	0.00105855	0.00385754	0.0106428	0.024337	0.3751	
0.00615403	0.000137576	0.000806387	0.0180494	0.475986	0.00811482	0.000299744	0.0148473	0.0127187	0.0297808	0.0313105	0.0170214	0.000239304	0.00585109	0.0290644	0.00116041	0.00528022	0.0153073	0.0096152	0.318255	
0.0170299	0.000287254	0.0332236	0.0496327	0.0606771	0.00794967	0.0261241	0.032512	0.301347	0.00877989	0.0208586	0.0422017	5.55461e-05	0.149851	0.0922904	0.0136796	0.0474598	0.058659	0.0260387	0.011342	
0.00852006	0.0040731	0.0305552	0.0734221	0.00186105	0.00612006	0.00533765	0.0129701	0.0310051	0.0311815	0.0711766	0.59826	0.000123177	0.0278708	0.00538132	0.0128967	0.0219718	0.0104838	0.0417861	0.00500387	
0.00385786	0.00349482	0.00352689	0.00656648	0.0281	0.000887856	0.00197466	0.349412	0.00498507	0.327508	0.0714169	0.0293103	0.00132358	0.00197884	0.000195045	0.00330731	0.0166778	0.0898151	0.0264481	0.029213	
0.0109193	0.000213011	0.00120508	0.0138601	0.0448826	0.00274176	0.00271682	0.0901866	0.0579955	0.195886	0.300793	0.0106048	0.00187159	0.0973928	0.02019	0.00304679	0.0100655	0.0879573	0.00128861	0.0461835	
0.00750432	0.000214662	0.0689047	0.118203	0.0464318	0.00291788	0.0190995	0.0112702	0.141861	0.00229928	0.00670864	0.156859	0.00298395	0.236567	0.072209	0.0133833	0.0103722	0.00518964	0.0149057	0.0621147	
0.0210642	0.00142181	0.0323394	0.0208741	0.0158902	0.426041	0.0510335	0.00606598	0.0702443	0.0071294	0.0107252	0.116208	0.00518602	0.0618528	0.0785197	0.0215395	0.00241811	0.0410902	0.00422099	0.00613581	
0.0152286	0.00381832	0.0967304	0.0566814	0.0414637	0.00451205	0.00808458	0.0222777	0.314593	0.0508511	0.0916775	0.0295289	0.00552501	0.0726873	0.0892064	0.017069	0.011048	0.0165256	0.0152676	0.0372235	
0.0263818	0.00116338	0.00201914	0.00187425	0.0638855	0.371249	0.00429114	0.0642563	0.00809946	0.120006	0.205239	0.0107479	0.000397547	0.012057	0.00399017	0.00904163	0.00943597	0.0494055	0.00364842	0.0328118	
0.0109193	0.000213011	0.00120508	0.0138601	0.0448826	0.00274176	0.00271682	0.0901866	0.0579955	0.195886	0.300793	0.0106048	0.00187159	0.0973928	0.02019	0.00304679	0.0100655	0.0879573	0.00128861	0.0461835	
0.032144	0.001705	0.091633	0.0886264	0.401303	0.0304167	0.000712337	0.0376839	0.0322827	0.142552	0.0573935	0.013843	0.000155889	0.00442496	0.000503645	0.000668702	0.0472668	0.00255913	0.011953	0.00217233	
0.0291866	0.0020135	0.0811888	0.0994673	0.0800094	0.0536771	0.0544889	0.0143356	0.0727831	0.00821224	0.0155767	0.1119	0.0125669	0.177015	0.0177087	0.0423341	0.0657943	0.0403784	0.00688638	0.0144771	
0.0340153	0.000577617	0.0105825	0.0299675	0.00277798	0.00346429	0.150915	0.115172	0.0289491	0.00157947	0.0238338	0.00693529	0.000366531	0.0472087	0.0036252	0.340479	0.113185	0.0765771	0.00512248	0.00466618	
0.00121314	0.0418758	0.770889	0.00542705	0.0382349	0.000519166	0.00562273	0.00153681	0.00155736	0.00122095	0.0572211	0.0281452	0.010103	0.00443019	0.000469338	0.000881674	0.00115283	0.000505605	0.0284109	0.00058366	
0.0450956	0.0025365	0.107386	0.0894754	0.0171788	0.0165139	0.0168007	0.0110499	0.152488	0.00511585	0.0294886	0.0787447	0.00168336	0.342123	0.00919871	0.0356726	0.0115698	0.00773013	0.00923365	0.0109146	
0.0756259	0.0305665	0.0345885	0.207334	0.00576694	0.014851	0.00319285	0.124544	0.108415	0.0214055	0.0306248	0.0466197	0.00175962	0.0933238	0.0238339	0.0301327	0.0306887	0.109747	0.00477188	0.00220704	
0.0204337	0.00481239	0.0369171	0.0459704	0.0298105	0.0556664	0.000836034	0.0725244	0.01836	0.543597	0.133531	0.00884906	0.0013098	0.00268283	0.00045201	0.0010661	0.00220699	0.00481305	0.00741801	0.00874271	
0.0274203	0.000592006	0.00578961	0.013148	0.143136	0.0119592	0.00521612	0.0250728	0.13554	0.070479	0.0542291	0.0268721	0.00205281	0.00600719	0.116239	0.00843269	0.0547037	0.0223018	0.178768	0.0920406	
0.0190936	0.00334683	0.124552	0.0735428	0.12853	0.0331366	0.0125859	0.0131405	0.0728431	0.0180501	0.0257789	0.240565	0.00263155	0.0688497	0.0174385	0.0348756	0.0563532	0.0172957	0.00866997	0.0287203	
0.0116762	0.000156778	0.397969	0.0412848	0.0130931	0.0559194	0.00632373	0.00193108	0.121243	0.0012259	0.0172107	0.197705	0.00360773	0.0186644	0.01344	0.0468413	0.0338137	0.00661587	0.00253031	0.00874792	
0.0568837	0.0263222	0.164753	0.179576	0.00191559	0.0652666	0.00656152	0.0114339	0.0773711	0.0142439	0.0148324	0.122329	0.0837216	0.0498349	0.0118775	0.0605297	0.017715	0.0122042	0.0220688	0.000559212	
0.00750432	0.000214662	0.0689047	0.118203	0.0464318	0.00291788	0.0190995	0.0112702	0.141861	0.00229928	0.00670864	0.156859	0.00298395	0.236567	0.072209	0.0133833	0.0103722	0.00518964	0.0149057	0.0621147	
0.022298	0.0240727	0.00321422	0.0116062	0.0869777	0.00273895	0.00131056	0.0327352	0.0227697	0.00320093	0.047528	0.00434206	0.000298928	0.147901	0.00091303	0.0261084	0.365296	0.0731827	0.00652658	0.11698	
0.0497244	0.0106977	0.194415	0.0541379	0.00792621	0.0215767	0.0370689	0.0234836	0.218614	0.0119682	0.026648	0.0169057	0.00317288	0.0641965	0.208829	0.019536	0.00867906	0.0113151	0.00665212	0.00445201	
0.0568837	0.0263222	0.164753	0.179576	0.00191559	0.0652666	0.00656152	0.0114339	0.0773711	0.0142439	0.0148324	0.122329	0.0837216	0.0498349	0.0118775	0.0605297	0.017715	0.0122042	0.0220688	0.000559212	
0.0678097	0.000406388	0.00983909	0.0950711	0.0976981	0.0494974	0.0162447	0.154064	0.0224095	0.0679577	0.064426	0.00793622	0.00631686	0.0452641	0.00303233	0.00294984	0.0226936	0.0241732	0.140238	0.101972	
0.0249696	0.00620146	0.00105286	0.00328421	0.00133532	0.000734687	0.0369961	0.0929092	0.0108308	0.00272705	0.00819301	0.00418369	0.000138985	0.0339072	0.000510446	0.00787358	0.0653967	0.600881	0.0879644	0.0099102	
0.0441507	0.00250647	0.0717284	0.147778	0.0124652	0.00953603	0.00965333	0.0129367	0.191025	0.0177898	0.00502482	0.0919669	0.00174869	0.208985	0.0677134	0.0397453	0.0297123	0.0129058	0.00802483	0.0146038	
0.0579116	0.00339523	0.0636278	0.141348	0.00526819	0.0121928	0.00759463	0.0136107	0.197835	0.0217861	0.0050455	0.0765527	0.00127035	0.208722	0.070219	0.0502865	0.034989	0.0152748	0.00699766	0.00607245	
0.045529	0.000221053	0.00112163	0.0214257	0.135868	0.0134241	0.00453482	0.00731081	0.00382799	0.0124602	0.213079	0.0235616	0.000477964	0.0724848	0.000873999	0.00128321	0.00443203	0.000731643	0.164222	0.273131	
0.263062	0.000402786	0.148189	0.00987233	0.0129049	0.00919983	0.00927441	0.0160885	0.0209054	0.0516728	0.10652	0.0106669	0.000233534	0.143594	0.00723151	0.0752774	0.0159931	0.0384966	0.00847939	0.0519361	
0.0579116	0.00339523	0.0636278	0.141348	0.00526819	0.0121928	0.00759463	0.0136107	0.197835	0.0217861	0.0050455	0.0765527	0.00127035	0.208722	0.070219	0.0502865	0.034989	0.0152748	0.00699766	0.00607245	
0.0234286	0.00670779	0.265379	0.0731375	0.00305052	0.0416097	0.0092129	0.0100536	0.0469113	0.00775916	0.014394	0.289035	0.0275872	0.026974	0.00684058	0.0771443	0.0510849	0.00654844	0.0120365	0.00110428	
