0.206492	0.0879837	0.00234471	0.00119728	0.0362844	0.0831832	0.0400795	0.109673	0.00178395	0.0995642	0.111392	0.00381571	0.000236918	0.0010764	0.000264896	0.00198547	0.0112611	0.0483139	0.0895009	0.0635671	
0.023099	0.0115216	0.0026579	0.00184534	0.215145	0.00813255	0.0039937	0.229551	0.00309714	0.172858	0.0665881	0.00112441	0.000747891	0.00588108	0.000293208	0.00377211	0.0215468	0.129367	0.0727804	0.0259973	
0.0733436	0.00179649	0.00991554	0.0252919	0.00246993	0.119827	0.0167243	0.0214501	0.00210431	0.0221428	0.137442	0.107288	0.000227512	0.027093	0.269405	0.0208102	0.0222452	0.00864512	0.00762248	0.104155	
0.248526	0.00957547	0.00153075	0.00311283	0.0480011	0.234938	0.0166302	0.00862842	0.0065688	0.000910503	0.0430308	0.150868	0.000362531	0.0386504	0.000730786	0.10962	0.0435156	0.0268603	0.00451261	0.00342665	
0.012177	0.0341981	0.217545	0.00320752	0.00129851	0.0341247	0.528388	0.00187256	0.000774237	0.000157167	0.136843	0.014594	0.000137812	0.00330318	8.21816e-05	0.000908249	0.00245168	0.00142738	0.00611356	0.000396601	
0.00687859	0.00306884	0.000391562	0.0114024	0.0922412	0.00315659	0.021435	0.0954599	0.000908358	0.0478328	0.413873	0.00278434	0.00137543	0.0128209	0.000664292	0.00225255	0.0294372	0.0206887	0.0537329	0.179596	
0.00491513	0.00931307	0.797078	0.0234806	0.015232	0.0158597	0.000367561	0.0273878	0.00415478	0.00867966	0.0313474	0.00063363	0.00139316	0.00180614	0.000861894	0.0206815	0.0286723	0.00212723	0.00542835	0.00057965	
0.159823	0.00291398	0.000202894	0.000698441	0.000791632	0.0130983	0.441887	0.0142008	0.0552358	0.000397412	0.00946121	0.00468555	5.54099e-05	0.000648826	0.00488883	0.0331591	0.146618	0.100455	0.00929974	0.00147832	
0.00391473	0.0215246	0.00479531	0.00453525	0.010679	0.00652123	0.00130767	0.0120824	0.006557	0.130951	0.0135298	0.0591488	0.000678102	0.177682	0.000713993	0.00152168	0.0432059	0.475997	0.0125176	0.0121366	
0.00923413	0.00763773	0.0733099	0.114855	0.141956	0.0066412	0.0328993	0.0371996	0.0742315	0.00222504	0.045164	0.0499511	0.171684	0.0136547	0.00877513	0.0052097	0.00627856	0.0381332	0.0937563	0.0672042	
0.244157	0.00627161	0.0109786	0.00694574	0.00722428	0.411355	0.00905861	0.00309345	0.00423259	0.0152117	0.0845576	0.0848425	0.00205794	0.0338466	0.00329432	0.0127079	0.0169143	0.000826461	0.0137601	0.0286633	
0.0269525	0.366855	0.00227744	0.0158004	0.002644	0.0637128	0.0024173	0.00697402	0.00555283	0.0409537	0.046542	0.0614171	0.0463668	0.00481256	0.281536	0.00118181	0.0173566	0.00176472	0.00242956	0.0024529	
0.00117473	0.00204882	0.00110308	0.00354576	0.0492593	0.485483	0.0445055	0.051308	0.0321705	0.0322583	0.0827708	0.0511448	0.0178289	0.03824	0.00137634	0.00117223	0.0478643	0.00142806	0.0142883	0.0410299	
0.159823	0.00291398	0.000202894	0.000698441	0.000791632	0.0130983	0.441887	0.0142008	0.0552358	0.000397412	0.00946121	0.00468555	5.54099e-05	0.000648826	0.00488883	0.0331591	0.146618	0.100455	0.00929974	0.00147832	
0.0375113	0.0333896	0.364486	0.0346492	0.0624787	0.0038346	0.0220172	0.015189	0.0421834	0.0066634	0.0194095	0.0585501	0.000394439	0.0656314	0.0114897	0.0204177	0.0245554	0.0232517	0.049606	0.104291	
0.00868557	0.00273331	0.7903	0.0171461	0.0262406	0.0311974	0.000517572	0.0237071	0.0147335	0.0154407	0.0309083	0.00103802	0.00014183	0.00735019	0.000156492	0.00749482	0.00916848	0.00509032	0.00718693	0.00076302	
0.012177	0.0341981	0.217545	0.00320752	0.00129851	0.0341247	0.528388	0.00187256	0.000774237	0.000157167	0.136843	0.014594	0.000137812	0.00330318	8.21816e-05	0.000908249	0.00245168	0.00142738	0.00611356	0.000396601	
0.015862	0.0924955	0.00398514	0.0130083	0.00802745	0.0455759	0.0023047	0.0276522	0.51268	0.00651678	0.086372	0.000895269	0.00580966	0.0122146	0.00086715	0.00111908	0.0738763	0.0533296	0.0207636	0.0166454	
0.180211	0.0784724	0.00420176	0.00301779	0.0235638	0.194496	0.00187321	0.0315757	0.00388271	0.0203465	0.0586792	0.054496	0.000407441	0.0779584	0.00182006	0.0551149	0.116282	0.014035	0.00594292	0.0736221	
0.0512755	0.0072713	0.0062818	0.00721757	0.0332847	0.335152	0.0271396	0.0744367	0.00180803	0.00246694	0.199332	0.015189	0.0285651	0.104004	0.000387706	0.0374665	0.0148989	0.0203398	0.00724406	0.0262395	
0.110089	0.0274156	0.0230416	0.00377279	0.041211	0.157242	0.0225092	0.111565	0.00418657	0.171567	0.0409228	0.0572626	0.00089223	0.00241506	0.000585251	0.00940895	0.0345658	0.158288	0.0192815	0.00377868	
0.116391	0.0827245	0.00263611	0.000582028	0.0872905	0.00964938	0.00858487	0.143175	0.00715992	0.148115	0.153654	0.00842175	0.00133735	0.00300386	0.00121563	0.0122543	0.0290315	0.0763793	0.0196133	0.0887819	
0.180211	0.0784724	0.00420176	0.00301779	0.0235638	0.194496	0.00187321	0.0315757	0.00388271	0.0203465	0.0586792	0.054496	0.000407441	0.0779584	0.00182006	0.0551149	0.116282	0.014035	0.00594292	0.0736221	
0.122618	0.0197634	0.00714324	0.0156945	0.0455171	0.0602106	0.0263773	0.0432624	0.0142072	0.0324039	0.229878	0.0161382	0.00700901	0.0988385	0.0106975	0.0101632	0.0425188	0.0479048	0.0863998	0.0632549	
0.176892	0.0729939	0.0018431	0.000804409	0.0554589	0.0480432	0.0178514	0.138569	0.00254606	0.120285	0.129629	0.00342746	0.000539154	0.00120798	0.000456795	0.00432423	0.0148077	0.0579446	0.0691521	0.0832238	
0.0812734	0.0225382	0.0231649	0.151804	0.0448422	0.011803	0.0614299	0.0484584	0.160744	0.0375728	0.0592793	0.014921	0.00307066	0.0460528	0.0257795	0.0181508	0.0365729	0.0415683	0.0172332	0.0937407	
0.290952	0.0554514	0.0037844	0.0127332	0.0124682	0.0178785	0.0330146	0.0544674	0.0323276	0.0323346	0.0209286	0.0170463	0.00118673	0.0320806	0.0104599	0.0375594	0.0428194	0.0737317	0.0659681	0.152807	
0.116335	0.082499	0.00262015	0.000577432	0.0873216	0.00965328	0.00855416	0.143818	0.00712409	0.148183	0.15353	0.00842914	0.00134182	0.00303326	0.00120701	0.012223	0.0289615	0.0765567	0.0197027	0.0883294	
0.0572436	0.00708828	0.0253246	0.210448	0.0124367	0.0211915	0.0164	0.031697	0.224468	0.0226384	0.0634916	0.0367255	0.0103738	0.0932304	0.054321	0.0214579	0.024437	0.0223095	0.0201582	0.0245598	
0.0719737	0.00449483	0.0899091	0.222104	0.00578412	0.0212052	0.0226574	0.0153879	0.186411	0.0156497	0.0309754	0.0622386	0.00742107	0.101854	0.0392813	0.0321268	0.0309584	0.0108807	0.0121745	0.0165125	
0.0407835	0.0157851	0.0741981	0.144466	0.0334131	0.0211187	0.0260783	0.0561237	0.134877	0.0279949	0.0838985	0.0434143	0.0780344	0.0418971	0.0243295	0.0188101	0.0458381	0.0413418	0.00933072	0.0382666	
0.0206564	0.00485622	0.23825	0.122898	0.00739273	0.0145061	0.0385934	0.00695124	0.152963	0.00842592	0.00582622	0.196299	0.0319285	0.0454835	0.0190417	0.0339876	0.0224931	0.00513172	0.00800456	0.0163115	
0.009085	0.00649729	0.0520381	0.102443	0.113073	0.0122461	0.0629769	0.049855	0.0680153	0.108139	0.0274494	0.0277011	0.0935062	0.038745	0.00631716	0.0096413	0.0441626	0.0182395	0.144687	0.00518236	
0.0206564	0.00485622	0.23825	0.122898	0.00739273	0.0145061	0.0385934	0.00695124	0.152963	0.00842592	0.00582622	0.196299	0.0319285	0.0454835	0.0190417	0.0339876	0.0224931	0.00513172	0.00800456	0.0163115	
0.0857287	0.0386332	0.0148437	0.00485829	0.0333497	0.435521	0.0366173	0.0157685	0.0464059	0.027989	0.0493419	0.0329695	0.00307417	0.0169685	0.0378844	0.0106606	0.0296493	0.0358027	0.00178762	0.0421458	
0.0145047	0.00314857	0.190672	0.0814778	0.00976135	0.0288224	0.0263733	0.00314571	0.0814281	0.003086	0.0263938	0.268246	0.0523686	0.0268058	0.0231086	0.0208451	0.131036	0.00326163	0.00326809	0.00224628	
0.0349705	0.0181797	0.00435105	0.000997758	0.103674	0.0105606	0.00231791	0.338596	0.0028997	0.160051	0.0684811	0.0012133	0.00177013	0.00989912	0.000150217	0.00713949	0.0209553	0.169448	0.0207307	0.0236144	
0.0593737	0.0273166	0.0160888	0.136166	0.0263	0.0153922	0.0548217	0.0521596	0.210076	0.0283965	0.0678264	0.014627	0.00158546	0.0281836	0.053335	0.0190323	0.0425317	0.0525992	0.0361327	0.0580553	
0.0231858	0.0115336	0.00265988	0.00184371	0.215033	0.00812955	0.00399667	0.229537	0.0030959	0.172759	0.0665973	0.00112945	0.000750433	0.00588094	0.000293139	0.00377195	0.0215424	0.129408	0.0728871	0.025965	
0.0380621	0.0204887	0.00419962	0.000992975	0.100764	0.0104452	0.0025212	0.335199	0.00287548	0.159504	0.0716646	0.00147229	0.00177442	0.0101135	0.000176331	0.00741022	0.0210799	0.165684	0.0199663	0.0256064	
0.0904892	0.0107272	0.0144556	0.00342568	0.487911	0.0488397	0.0570602	0.0856528	0.0031409	0.0295823	0.0421536	0.0252005	0.000451343	0.00400497	0.000370897	0.0127448	0.0114708	0.0177342	0.0248041	0.0297804	
0.00444494	0.000702867	0.00146085	0.128084	0.0199512	0.0155962	0.000668861	0.0128195	0.000868354	0.00404857	0.039081	0.0502292	0.000383368	0.383966	0.000184504	0.00761728	0.193688	0.0406765	0.0903073	0.00522183	
0.0664987	0.039094	0.00689868	0.0127553	0.0206733	0.0889048	0.0732901	0.0156857	0.00384809	0.00181083	0.0683317	0.00143744	0.37293	0.0172063	0.00305873	0.0369911	0.0455797	0.0634673	0.00653888	0.0549996	
0.155041	0.0643864	0.313069	0.138325	0.011128	0.0401249	0.000940273	0.0024421	0.00254076	0.00654339	0.14608	0.0629048	0.000381752	0.00267648	0.00324302	0.0314496	0.00170514	0.000561067	0.0127677	0.00368949	
0.000552745	0.00157536	0.00136656	0.547194	0.147549	0.000388398	0.00128391	0.00263798	0.000262691	0.0106383	0.14093	0.00254649	0.00662233	0.000224312	0.00580923	0.000921462	0.0274581	0.000193382	0.0285684	0.0732769	
0.000552745	0.00157536	0.00136656	0.547194	0.147549	0.000388398	0.00128391	0.00263798	0.000262691	0.0106383	0.14093	0.00254649	0.00662233	0.000224312	0.00580923	0.000921462	0.0274581	0.000193382	0.0285684	0.0732769	
0.0458316	0.0257982	0.0264619	0.0107814	0.00824495	0.202111	0.00198726	0.124188	0.0730009	0.0133737	0.0648643	0.0706562	0.00590698	0.0214065	0.00420859	0.0548263	0.103682	0.078554	0.0384376	0.0256778	
0.0593102	0.0091571	0.0455817	0.0760145	0.026373	0.245057	0.0181224	0.0172796	0.0423207	0.0179618	0.148809	0.0423291	0.0409236	0.0457066	0.014811	0.0458032	0.0488321	0.018062	0.00902898	0.0285158	
0.0625135	0.0328712	0.0115239	0.033875	0.0219654	0.179949	0.0238729	0.00232882	0.0209604	0.0114182	0.179998	0.0570867	0.00174529	0.0915471	0.0631237	0.160501	0.0142698	0.00146507	0.021766	0.0072191	
0.0116051	0.011968	0.121837	0.0432969	0.0418144	0.601509	0.00515832	0.00180984	0.0284998	0.00211747	0.0294963	0.0337339	0.00109807	0.0247861	0.00263108	0.0108094	0.00809858	0.00510903	0.00972775	0.00489476	
0.400754	0.00350468	0.00893431	0.00222324	0.00347673	0.123014	0.00622375	0.0381951	0.00932965	0.00716216	0.117056	0.0435171	0.00910436	0.0041918	0.00616389	0.0507945	0.10155	0.0276656	0.0251817	0.0119566	
0.0572436	0.00708828	0.0253246	0.210448	0.0124367	0.0211915	0.0164	0.031697	0.224468	0.0226384	0.0634916	0.0367255	0.0103738	0.0932304	0.054321	0.0214579	0.024437	0.0223095	0.0201582	0.0245598	
0.083519	0.00385441	0.115577	0.218782	0.00387405	0.0224369	0.0240255	0.00866347	0.176193	0.0132953	0.0200609	0.0690045	0.00730535	0.0944019	0.0358277	0.038108	0.0348575	0.00740313	0.00994355	0.0128666	
0.083519	0.00385441	0.115577	0.218782	0.00387405	0.0224369	0.0240255	0.00866347	0.176193	0.0132953	0.0200609	0.0690045	0.00730535	0.0944019	0.0358277	0.038108	0.0348575	0.00740313	0.00994355	0.0128666	
0.0563661	0.0047771	0.0338379	0.0841587	0.0113512	0.0200959	0.0378058	0.125296	0.0917899	0.0159091	0.0279309	0.0351483	0.261364	0.0333864	0.012211	0.0324083	0.0281783	0.0363888	0.0332551	0.018341	
0.0187746	0.00474953	0.224476	0.141008	0.0114373	0.02095	0.0346856	0.00742844	0.128219	0.00776115	0.0114092	0.188239	0.041463	0.0386794	0.0195148	0.031639	0.0459116	0.00451705	0.00756687	0.0115701	
0.122618	0.0197634	0.00714324	0.0156945	0.0455171	0.0602106	0.0263773	0.0432624	0.0142072	0.0324039	0.229878	0.0161382	0.00700901	0.0988385	0.0106975	0.0101632	0.0425188	0.0479048	0.0863998	0.0632549	
0.071817	0.163685	0.0168991	0.0941602	0.0089401	0.150834	0.0018522	0.0640308	0.169719	0.0149369	0.010672	0.0254429	0.0693947	0.0226561	0.00110798	0.0054835	0.0150894	0.0668633	0.00819156	0.0182241	
0.0258303	0.0554234	0.00759733	0.0108104	0.144819	0.00701701	0.00629129	0.269298	0.0226842	0.0567985	0.0561924	0.0145362	0.0438524	0.00460349	0.00113266	0.0211622	0.0630091	0.159147	0.0169091	0.0128862	
0.059056	0.0233031	0.0858629	0.108119	0.0128215	0.0136317	0.0235553	0.026683	0.0894734	0.0532548	0.0402118	0.0598642	0.0769719	0.0248806	0.0137894	0.0470507	0.126004	0.0908427	0.00571732	0.0189071	
0.0407835	0.0157851	0.0741981	0.144466	0.0334131	0.0211187	0.0260783	0.0561237	0.134877	0.0279949	0.0838985	0.0434143	0.0780344	0.0418971	0.0243295	0.0188101	0.0458381	0.0413418	0.00933072	0.0382666	
0.0491042	0.00956503	0.137292	0.0639385	0.00313403	0.00983875	0.0186811	0.0155496	0.00105901	0.00993078	0.0360553	0.452018	0.0333955	0.0438283	0.00562073	0.0300979	0.0302749	0.0145491	0.0294336	0.00663359	
0.0206564	0.00485622	0.23825	0.122898	0.00739273	0.0145061	0.0385934	0.00695124	0.152963	0.00842592	0.00582622	0.196299	0.0319285	0.0454835	0.0190417	0.0339876	0.0224931	0.00513172	0.00800456	0.0163115	
0.0528563	0.00948485	0.0574651	0.118623	0.0219833	0.0214393	0.0349792	0.0773549	0.1099	0.0216336	0.053714	0.0383075	0.178674	0.0385619	0.0203816	0.0290817	0.0363717	0.0351588	0.0156029	0.0284268	
0.0576545	0.0616591	0.0048035	0.0204691	0.120581	0.00874193	0.0143317	0.107649	0.00600502	0.0619732	0.102852	0.0449588	0.00287725	0.0102347	0.00221224	0.0175464	0.0553363	0.0717841	0.135085	0.0932447	
0.0734176	0.0258549	0.00515959	0.0247409	0.0646057	0.00794682	0.0146728	0.144947	0.0245971	0.0374102	0.0903561	0.0190512	0.00285877	0.0173898	0.00915547	0.0197716	0.079489	0.119484	0.108593	0.110499	
0.083519	0.00385441	0.115577	0.218782	0.00387405	0.0224369	0.0240255	0.00866347	0.176193	0.0132953	0.0200609	0.0690045	0.00730535	0.0944019	0.0358277	0.038108	0.0348575	0.00740313	0.00994355	0.0128666	
0.0812734	0.0225382	0.0231649	0.151804	0.0448422	0.011803	0.0614299	0.0484584	0.160744	0.0375728	0.0592793	0.014921	0.00307066	0.0460528	0.0257795	0.0181508	0.0365729	0.0415683	0.0172332	0.0937407	
0.104525	0.0580961	0.00181902	0.000916769	0.081335	0.00954267	0.00736402	0.216528	0.00454983	0.127552	0.137158	0.0157711	0.00252101	0.0021146	0.000961361	0.0108822	0.0190174	0.0967469	0.0414208	0.0611779	
0.0572436	0.00708828	0.0253246	0.210448	0.0124367	0.0211915	0.0164	0.031697	0.224468	0.0226384	0.0634916	0.0367255	0.0103738	0.0932304	0.054321	0.0214579	0.024437	0.0223095	0.0201582	0.0245598	
0.0834784	0.0038559	0.115509	0.218774	0.00388	0.0224435	0.0240223	0.00867646	0.176185	0.0132997	0.0200847	0.0689802	0.0073081	0.0944491	0.0358533	0.0381047	0.0348455	0.00741475	0.00995408	0.0128814	
0.238978	0.0516421	0.00782195	0.0218451	0.0198183	0.0195959	0.0205776	0.0841321	0.0454917	0.0318842	0.0269542	0.0188333	0.00373327	0.0550062	0.00971534	0.0537878	0.069339	0.0813163	0.0385544	0.100973	
0.116391	0.0827245	0.00263611	0.000582028	0.0872905	0.00964938	0.00858487	0.143175	0.00715992	0.148115	0.153654	0.00842175	0.00133735	0.00300386	0.00121563	0.0122543	0.0290315	0.0763793	0.0196133	0.0887819	
0.0407835	0.0157851	0.0741981	0.144466	0.0334131	0.0211187	0.0260783	0.0561237	0.134877	0.0279949	0.0838985	0.0434143	0.0780344	0.0418971	0.0243295	0.0188101	0.0458381	0.0413418	0.00933072	0.0382666	
0.0407835	0.0157851	0.0741981	0.144466	0.0334131	0.0211187	0.0260783	0.0561237	0.134877	0.0279949	0.0838985	0.0434143	0.0780344	0.0418971	0.0243295	0.0188101	0.0458381	0.0413418	0.00933072	0.0382666	
0.0407835	0.0157851	0.0741981	0.144466	0.0334131	0.0211187	0.0260783	0.0561237	0.134877	0.0279949	0.0838985	0.0434143	0.0780344	0.0418971	0.0243295	0.0188101	0.0458381	0.0413418	0.00933072	0.0382666	
0.0407835	0.0157851	0.0741981	0.144466	0.0334131	0.0211187	0.0260783	0.0561237	0.134877	0.0279949	0.0838985	0.0434143	0.0780344	0.0418971	0.0243295	0.0188101	0.0458381	0.0413418	0.00933072	0.0382666	
0.0683384	0.048426	0.010165	0.0266722	0.0421537	0.0358257	0.0208192	0.0314877	0.143164	0.0244766	0.0716952	0.00634466	0.0125164	0.0973371	0.0030269	0.180588	0.0795127	0.0610513	0.0295375	0.00686158	
0.0397638	0.00455814	0.0165985	0.048233	0.0208521	0.177354	0.0101151	0.0118166	0.00537819	0.0203461	0.320842	0.0690323	0.0516196	0.0328265	0.0229542	0.0319615	0.0609635	0.00996563	0.0340169	0.0108013	
0.159163	0.00262512	0.00377823	0.0301483	0.0808121	0.208691	0.000846204	0.0357793	0.00573778	0.00404119	0.129619	0.0429379	0.012839	0.00465529	0.00196135	0.0181112	0.0493568	0.000879459	0.0441081	0.16391	
0.0749271	0.0400703	0.0160049	0.0146194	0.0206302	0.237526	0.079762	0.00663112	0.0240379	0.0095588	0.0142083	0.061105	0.00423687	0.0521697	0.003522	0.0876103	0.112883	0.0200777	0.10298	0.0174396	
0.0223892	0.0243216	0.0172091	0.413853	0.00733595	0.0389531	0.237445	0.00240364	0.00152465	0.0147067	0.0203882	0.00625078	0.00283552	0.000852728	0.000239535	0.0384322	0.13195	0.00170985	0.0050706	0.0121285	
0.0053251	0.00733091	0.809099	0.0248752	0.0138506	0.0173168	0.000367411	0.0255968	0.00295975	0.00808362	0.0291589	0.000638845	0.000376038	0.000813372	0.000265859	0.0203755	0.0270518	0.00229646	0.00368988	0.000527938	
0.101391	0.0134795	0.00213271	0.00447257	0.366468	0.0438047	0.0409894	0.106278	0.0281748	0.0040807	0.113615	0.00718222	0.000702879	0.0743748	0.000558428	0.029895	0.0297002	0.0108626	0.00581463	0.0160232	
0.112368	0.0227782	0.00824283	0.0162923	0.00702148	0.128247	0.0169993	0.020207	0.0528074	0.00942895	0.0988254	0.124184	0.0622351	0.0762196	0.0794168	0.0713597	0.021799	0.0133549	0.0433474	0.0148649	
0.0314506	0.00267653	0.0223482	0.0752936	0.187204	0.00780786	0.0671119	0.0458117	0.00667129	0.0150019	0.0286658	0.0431239	0.0550501	0.0233589	0.0130193	0.0115276	0.0169168	0.0223201	0.148551	0.176089	
0.00687859	0.00306884	0.000391562	0.0114024	0.0922412	0.00315659	0.021435	0.0954599	0.000908358	0.0478328	0.413873	0.00278434	0.00137543	0.0128209	0.000664292	0.00225255	0.0294372	0.0206887	0.0537329	0.179596	
0.117933	0.0134748	0.0202326	0.0250115	0.0169431	0.0390796	0.00712461	0.0271436	0.0591	0.115652	0.124591	0.0576607	0.017176	0.133943	0.0432922	0.0528528	0.0362751	0.00893217	0.0612426	0.0223404	
0.0845805	0.014945	0.0434402	0.0599192	0.0226333	0.248926	0.0260363	0.0247592	0.0718238	0.0158953	0.0436223	0.0463243	0.0376892	0.0695609	0.0320717	0.0536992	0.0360816	0.0211949	0.0137482	0.0330491	
0.0680906	0.0487447	0.0864096	0.0609896	0.0635486	0.157857	0.00806868	0.0423216	0.074182	0.00602914	0.0566167	0.0561998	0.0946138	0.0439457	0.00737507	0.0159909	0.0434884	0.0316728	0.0171029	0.0167526	
0.0330108	0.0274795	0.00403962	0.00700233	0.131944	0.00238756	0.00846605	0.0825069	0.0941925	0.011225	0.295457	0.00155218	0.0109654	0.0174476	0.00199279	0.00993669	0.0459511	0.046305	0.00511632	0.163022	
0.0680906	0.0487447	0.0864096	0.0609896	0.0635486	0.157857	0.00806868	0.0423216	0.074182	0.00602914	0.0566167	0.0561998	0.0946138	0.0439457	0.00737507	0.0159909	0.0434884	0.0316728	0.0171029	0.0167526	
0.104104	0.0210465	0.00721003	0.0136057	0.0546412	0.0590817	0.0203984	0.0397367	0.0144153	0.028271	0.255244	0.015919	0.00611234	0.084223	0.0141525	0.0100039	0.0431992	0.0513132	0.106207	0.051116	
0.0349705	0.0181797	0.00435105	0.000997758	0.103674	0.0105606	0.00231791	0.338596	0.0028997	0.160051	0.0684811	0.0012133	0.00177013	0.00989912	0.000150217	0.00713949	0.0209553	0.169448	0.0207307	0.0236144	
0.0219751	0.0128629	0.0113272	0.153028	0.149158	0.301791	0.00227624	0.0319126	0.0341845	0.0161494	0.0364368	0.0619045	0.000595567	0.00548009	0.000294901	0.00712122	0.0245997	0.0465059	0.0769711	0.00542575	
0.057354	0.061712	0.00479315	0.0204464	0.120742	0.00852534	0.0142828	0.108206	0.00600869	0.0619009	0.102253	0.0450746	0.00286514	0.0100083	0.0022074	0.0176074	0.0555606	0.0721687	0.134875	0.0934095	
0.13954	0.00648283	0.000203282	0.00451727	0.00568755	0.0278473	0.46238	0.0175285	0.0497888	0.000390386	0.01818	0.00379302	9.08794e-05	0.000580868	0.00386219	0.0301906	0.12865	0.0876376	0.0114293	0.00122016	
0.0732877	0.0226168	0.025879	0.00516337	0.00432587	0.113342	0.20608	0.00407865	0.0535977	0.00120344	0.0150841	0.109165	0.00100484	0.160123	0.00298561	0.0890071	0.0789137	0.00861256	0.0185417	0.006989	
0.0563661	0.0047771	0.0338379	0.0841587	0.0113512	0.0200959	0.0378058	0.125296	0.0917899	0.0159091	0.0279309	0.0351483	0.261364	0.0333864	0.012211	0.0324083	0.0281783	0.0363888	0.0332551	0.018341	
0.0206564	0.00485622	0.23825	0.122898	0.00739273	0.0145061	0.0385934	0.00695124	0.152963	0.00842592	0.00582622	0.196299	0.0319285	0.0454835	0.0190417	0.0339876	0.0224931	0.00513172	0.00800456	0.0163115	
0.000552745	0.00157536	0.00136656	0.547194	0.147549	0.000388398	0.00128391	0.00263798	0.000262691	0.0106383	0.14093	0.00254649	0.00662233	0.000224312	0.00580923	0.000921462	0.0274581	0.000193382	0.0285684	0.0732769	
0.0375113	0.0333896	0.364486	0.0346492	0.0624787	0.0038346	0.0220172	0.015189	0.0421834	0.0066634	0.0194095	0.0585501	0.000394439	0.0656314	0.0114897	0.0204177	0.0245554	0.0232517	0.049606	0.104291	
0.0258303	0.0554234	0.00759733	0.0108104	0.144819	0.00701701	0.00629129	0.269298	0.0226842	0.0567985	0.0561924	0.0145362	0.0438524	0.00460349	0.00113266	0.0211622	0.0630091	0.159147	0.0169091	0.0128862	
0.0206564	0.00485622	0.23825	0.122898	0.00739273	0.0145061	0.0385934	0.00695124	0.152963	0.00842592	0.00582622	0.196299	0.0319285	0.0454835	0.0190417	0.0339876	0.0224931	0.00513172	0.00800456	0.0163115	
0.0160568	0.00970961	0.146132	0.37417	0.0332049	0.00179135	0.0134291	0.0743654	0.0488201	0.0552561	0.0359643	0.00452794	0.0284606	0.00945825	0.00711588	0.00378463	0.0105962	0.0419275	0.0642724	0.0209576	
0.083519	0.00385441	0.115577	0.218782	0.00387405	0.0224369	0.0240255	0.00866347	0.176193	0.0132953	0.0200609	0.0690045	0.00730535	0.0944019	0.0358277	0.038108	0.0348575	0.00740313	0.00994355	0.0128666	
0.0506104	0.04305	0.27824	0.071727	0.0418354	0.00718499	0.0269219	0.0401197	0.0301625	0.0107041	0.0309766	0.0806078	0.000369491	0.0724355	0.007543	0.0601553	0.0246867	0.0305778	0.0453892	0.0467026	
0.146713	0.0662396	0.00207945	0.000640393	0.0675565	0.0345667	0.0129257	0.155463	0.00335065	0.129459	0.1416	0.00430775	0.000819135	0.00150112	0.000642938	0.00603601	0.0170877	0.0639383	0.0502025	0.094871	
0.0410939	0.0155861	0.0736165	0.143909	0.0330543	0.0211321	0.0264999	0.0564003	0.13399	0.0280274	0.0830175	0.0430532	0.0810838	0.0418518	0.0242882	0.0189595	0.0452851	0.0411754	0.00959577	0.0383805	
0.0407835	0.0157851	0.0741981	0.144466	0.0334131	0.0211187	0.0260783	0.0561237	0.134877	0.0279949	0.0838985	0.0434143	0.0780344	0.0418971	0.0243295	0.0188101	0.0458381	0.0413418	0.00933072	0.0382666	
0.0857287	0.0386332	0.0148437	0.00485829	0.0333497	0.435521	0.0366173	0.0157685	0.0464059	0.027989	0.0493419	0.0329695	0.00307417	0.0169685	0.0378844	0.0106606	0.0296493	0.0358027	0.00178762	0.0421458	
0.106109	0.0294421	0.00726255	0.0260534	0.044028	0.0109586	0.0151851	0.150347	0.0356426	0.0325012	0.0720291	0.013313	0.00442205	0.03067	0.0104216	0.0310879	0.0855354	0.12106	0.0729839	0.100947	
0.083519	0.00385441	0.115577	0.218782	0.00387405	0.0224369	0.0240255	0.00866347	0.176193	0.0132953	0.0200609	0.0690045	0.00730535	0.0944019	0.0358277	0.038108	0.0348575	0.00740313	0.00994355	0.0128666	
0.0722677	0.0263727	0.00506279	0.0243923	0.0664751	0.00787343	0.0145685	0.145019	0.0238859	0.0380909	0.0913144	0.0194793	0.00283488	0.016595	0.00901278	0.0194438	0.0789434	0.119036	0.109166	0.110166	
0.00687859	0.00306884	0.000391562	0.0114024	0.0922412	0.00315659	0.021435	0.0954599	0.000908358	0.0478328	0.413873	0.00278434	0.00137543	0.0128209	0.000664292	0.00225255	0.0294372	0.0206887	0.0537329	0.179596	
0.0812734	0.0225382	0.0231649	0.151804	0.0448422	0.011803	0.0614299	0.0484584	0.160744	0.0375728	0.0592793	0.014921	0.00307066	0.0460528	0.0257795	0.0181508	0.0365729	0.0415683	0.0172332	0.0937407	
0.083519	0.00385441	0.115577	0.218782	0.00387405	0.0224369	0.0240255	0.00866347	0.176193	0.0132953	0.0200609	0.0690045	0.00730535	0.0944019	0.0358277	0.038108	0.0348575	0.00740313	0.00994355	0.0128666	
0.0942852	0.0719934	0.00287381	0.00467722	0.110955	0.00851248	0.00918109	0.133974	0.00489023	0.126951	0.132622	0.0180397	0.00164133	0.00395193	0.000896482	0.0132215	0.0378714	0.0721811	0.0540232	0.0972578	
0.101395	0.0549651	0.00181974	0.000986535	0.0777084	0.00930534	0.00735841	0.228394	0.00426792	0.125185	0.133367	0.0165628	0.00278534	0.00222639	0.000917592	0.0108206	0.0183954	0.099386	0.046258	0.0578944	
0.0572436	0.00708828	0.0253246	0.210448	0.0124367	0.0211915	0.0164	0.031697	0.224468	0.0226384	0.0634916	0.0367255	0.0103738	0.0932304	0.054321	0.0214579	0.024437	0.0223095	0.0201582	0.0245598	
0.083519	0.00385441	0.115577	0.218782	0.00387405	0.0224369	0.0240255	0.00866347	0.176193	0.0132953	0.0200609	0.0690045	0.00730535	0.0944019	0.0358277	0.038108	0.0348575	0.00740313	0.00994355	0.0128666	
