0.0301286	0.00160092	0.123581	0.391023	0.00896078	0.0372047	0.0219997	0.00804675	0.0400942	0.00349005	0.0272621	0.0505386	0.016211	0.117699	0.0354828	0.0222651	0.0338161	0.00756365	0.00285737	0.0201747	
0.0573952	0.0114054	0.0242399	0.059987	0.0169299	0.0223072	0.0103795	0.0167451	0.0325849	0.0352594	0.0598669	0.0587865	0.00656462	0.451998	0.0267201	0.0276151	0.0412712	0.0229389	0.00919985	0.007805	
0.0811223	0.03265	0.00559594	0.00845825	0.12721	0.030551	0.00203159	0.152688	0.005003	0.070458	0.0548663	0.014147	0.0114489	0.0132736	0.00342647	0.0116995	0.146533	0.0749395	0.0834432	0.0704552	
0.0174182	0.00866705	0.00330601	0.0057421	0.0556619	0.0132435	0.0108678	0.0390285	0.127446	0.0261071	0.0384092	0.00707931	0.00514664	0.0319593	0.01802	0.0100927	0.0132572	0.0218048	0.256512	0.290231	
0.14698	0.00478046	0.00630757	0.0268186	0.0260092	0.0129711	0.0156856	0.0825472	0.0193624	0.0823637	0.0636862	0.0263297	0.00496715	0.083625	0.00713895	0.0386519	0.0741076	0.0536468	0.0607624	0.163258	
0.0742788	0.165172	0.0141488	0.0232275	0.0203883	0.0186941	0.0033753	0.0798673	0.0221189	0.222472	0.086637	0.113526	0.00271963	0.0078645	0.00398894	0.0237905	0.0142163	0.0877031	0.0070005	0.00881137	
0.108436	0.0281155	0.000722679	0.0123376	0.0361407	0.0440064	0.00866433	0.0352452	0.015516	0.057457	0.0604769	0.00696155	0.00847645	0.0241756	0.00219089	0.0388805	0.150619	0.0773459	0.231035	0.053197	
0.0415478	0.0163317	0.0275811	0.0229882	0.00951342	0.00897583	0.0315976	0.0150759	0.0793604	0.0176434	0.039639	0.0130877	0.00555769	0.0414209	0.0448966	0.0146817	0.0168553	0.0132621	0.43942	0.100564	
0.0299453	0.000395989	0.00692309	0.0395083	0.0450782	0.0406428	0.0153114	0.00570016	0.246025	0.011171	0.0139912	0.0264201	0.00123182	0.0599384	0.390418	0.0302011	0.0127582	0.00487255	0.00982259	0.00964446	
0.0301286	0.00160092	0.123581	0.391023	0.00896078	0.0372047	0.0219997	0.00804675	0.0400942	0.00349005	0.0272621	0.0505386	0.016211	0.117699	0.0354828	0.0222651	0.0338161	0.00756365	0.00285737	0.0201747	
0.0524662	0.0100607	0.0303969	0.00453215	0.157273	0.00874293	0.0274065	0.125689	0.0213327	0.0538491	0.110962	0.0975329	0.00170936	0.0238006	0.0134816	0.0191437	0.0451304	0.0422468	0.11521	0.0390343	
0.0442459	0.00572708	0.00480633	0.0185489	0.0118151	0.00396708	0.00676038	0.0816567	0.273128	0.0678805	0.0568862	0.0142839	0.0420142	0.104875	0.0655325	0.0174904	0.0430359	0.0470506	0.0373493	0.0529457	
0.0498656	0.00385569	0.0320728	0.0543434	0.0141716	0.0213391	0.0130001	0.0176762	0.0551097	0.0264256	0.0665564	0.0804702	0.00380951	0.400252	0.0398157	0.0368081	0.0618876	0.0141139	0.0024178	0.0060095	
0.0845259	0.00137808	0.00535489	0.00412792	0.0463313	0.00265008	0.0149058	0.0501515	0.047159	0.0403127	0.247205	0.0150461	0.00339004	0.0423548	0.0845348	0.00974503	0.0549577	0.0278747	0.125113	0.0928823	
0.0174182	0.00866705	0.00330601	0.0057421	0.0556619	0.0132435	0.0108678	0.0390285	0.127446	0.0261071	0.0384092	0.00707931	0.00514664	0.0319593	0.01802	0.0100927	0.0132572	0.0218048	0.256512	0.290231	
0.0299453	0.000395989	0.00692309	0.0395083	0.0450782	0.0406428	0.0153114	0.00570016	0.246025	0.011171	0.0139912	0.0264201	0.00123182	0.0599384	0.390418	0.0302011	0.0127582	0.00487255	0.00982259	0.00964446	
0.0362985	0.00162326	0.221174	0.108565	0.0133244	0.0508732	0.0262459	0.0267274	0.0229116	0.00222936	0.0773244	0.139279	0.00685803	0.0651623	0.0518022	0.0533428	0.0595326	0.0113476	0.0156767	0.00970168	
0.0466243	0.00141655	0.0793759	0.0817571	0.0060116	0.0871006	0.0197433	0.0042494	0.111054	0.00268366	0.0326002	0.0529894	0.242496	0.0471559	0.0491589	0.0381093	0.0274422	0.0167291	0.0464656	0.00683706	
0.112635	0.00322049	0.00501441	0.0253235	0.0264086	0.0128373	0.014052	0.0729831	0.0192171	0.0824977	0.0809029	0.0363638	0.00529705	0.0923515	0.00562752	0.0412332	0.070181	0.0466593	0.0411656	0.206029	
0.0150584	0.00147232	0.0145208	0.0152001	0.0393771	0.280587	0.00817026	0.0481676	0.0226274	0.0480664	0.0403793	0.0951711	0.0133056	0.0608385	0.0236116	0.0217401	0.129747	0.020202	0.0191295	0.082628	
0.131618	0.023794	0.00457087	0.00207193	0.0582003	0.0452008	0.0131593	0.102133	0.0382937	0.0893731	0.0627812	0.0161083	0.00704596	0.0140838	0.0295003	0.0125877	0.0478012	0.0601811	0.174674	0.0668213	
0.0970457	0.00472781	0.0101012	0.00619839	0.0327411	0.0682252	0.00119522	0.0223391	0.00491423	0.0175605	0.121817	0.0434721	0.0283857	0.0345104	0.00238623	0.0441734	0.0907087	0.0454296	0.320283	0.00378529	
0.0363373	0.00906198	0.00571149	0.00616232	0.0028343	0.0429102	0.0964972	0.0131026	0.217555	0.00631653	0.021481	0.040843	0.0992053	0.0508894	0.219327	0.0766716	0.0380426	0.00888549	0.00677325	0.00139305	
0.0811223	0.03265	0.00559594	0.00845825	0.12721	0.030551	0.00203159	0.152688	0.005003	0.070458	0.0548663	0.014147	0.0114489	0.0132736	0.00342647	0.0116995	0.146533	0.0749395	0.0834432	0.0704552	
0.175097	0.0535256	0.00192224	0.00431383	0.107639	0.0590473	0.00325293	0.150204	0.00863198	0.100106	0.0784931	0.00793586	0.00980375	0.00951525	0.00769057	0.0391012	0.0648379	0.0741823	0.0260713	0.0186299	
0.0498656	0.00385569	0.0320728	0.0543434	0.0141716	0.0213391	0.0130001	0.0176762	0.0551097	0.0264256	0.0665564	0.0804702	0.00380951	0.400252	0.0398157	0.0368081	0.0618876	0.0141139	0.0024178	0.0060095	
0.0375049	0.0116971	0.0214496	0.0249557	0.0119382	0.0227584	0.0648848	0.0164918	0.035533	0.0121975	0.0327256	0.0707489	0.468381	0.0434985	0.00346195	0.0358795	0.0504035	0.0171614	0.00628433	0.0120448	
0.13184	0.045545	0.00169841	0.0399626	0.0571427	0.0475363	0.00238674	0.16094	0.00325453	0.0985147	0.111173	0.00398202	0.0101687	0.0183846	0.00358316	0.0408598	0.0963016	0.0946781	0.0171641	0.014884	
0.174686	0.0566915	0.00182702	0.00564328	0.106139	0.0579465	0.00203266	0.153471	0.00583792	0.100717	0.0830103	0.00717608	0.0101207	0.00886168	0.00568944	0.0416443	0.069389	0.0775836	0.016551	0.0149818	
0.0375459	0.00524399	0.00365641	0.00459653	0.016913	0.00904986	0.0173329	0.0463466	0.0154478	0.0347235	0.2926	0.0430252	0.00970467	0.165337	0.00356138	0.0217312	0.0600108	0.0318133	0.120279	0.0610813	
0.222747	0.0209741	0.0134435	0.0142167	0.045348	0.260049	0.00307831	0.0427772	0.00763802	0.0377305	0.0968686	0.0188325	0.00909455	0.0108737	0.00181992	0.0943559	0.0395699	0.0069759	0.0233982	0.0302076	
0.172646	0.0554788	0.00191183	0.00442531	0.112094	0.0565734	0.00203357	0.151179	0.00509911	0.102488	0.0783663	0.00746981	0.0103266	0.00798722	0.00544218	0.0400641	0.0719831	0.0753782	0.0204408	0.0186128	
0.0694468	0.0180828	0.00804111	0.00237009	0.118527	0.0531203	0.00906068	0.206749	0.00579849	0.0783709	0.11158	0.00810607	0.0123354	0.00229416	0.00249243	0.0180199	0.037074	0.189049	0.00977036	0.0397114	
0.0811877	0.0325871	0.00561051	0.00847097	0.127302	0.0305137	0.00204054	0.152753	0.00499471	0.0704585	0.0549226	0.0141437	0.0114435	0.0132348	0.00343222	0.0117091	0.146291	0.0749911	0.0834099	0.0705035	
0.0552867	0.00339114	0.0026053	0.00547752	0.021089	0.524973	0.0167202	0.0120454	0.0134902	0.0076014	0.0974776	0.0287553	0.00530769	0.0210616	0.00853453	0.0296294	0.0351095	0.018699	0.0669013	0.0258443	
0.0779243	0.00456743	0.00494764	0.00334986	0.123809	0.0301288	0.00810015	0.0345556	0.02415	0.0653852	0.0633826	0.0385182	0.0143899	0.0289668	0.00103754	0.1171	0.233869	0.0440133	0.0459435	0.035862	
0.0764815	0.0345093	0.00873346	0.00490217	0.00883146	0.100127	0.00271633	0.127056	0.021866	0.103001	0.13142	0.0232717	0.0237568	0.0100018	0.0116805	0.0315544	0.0589236	0.199743	0.0155488	0.00587569	
0.021703	0.0118239	0.0048815	0.0060535	0.28243	0.0146751	0.00749191	0.0237825	0.0144417	0.0175063	0.0266741	0.0216627	0.0146297	0.0062606	0.00247213	0.00629636	0.00904482	0.0125088	0.358083	0.137578	
0.0211851	0.00922009	0.008406	0.016416	0.0330778	0.110268	0.0493648	0.00578721	0.0344593	0.0281665	0.0294638	0.00343009	0.0133445	0.0282169	0.0119132	0.0222735	0.0115564	0.00808262	0.407411	0.147957	
0.0656923	0.00170233	0.00137115	0.010768	0.0220491	0.167683	0.00278408	0.0435766	0.0411114	0.0335544	0.127672	0.0547565	0.207511	0.0732193	0.0151365	0.0149175	0.0205475	0.0502168	0.0204692	0.0252615	
0.0580182	0.0028504	0.00238816	0.00421748	0.0253317	0.487784	0.0136513	0.0175705	0.0113984	0.0107015	0.109628	0.0367152	0.00547425	0.0181447	0.00677667	0.029668	0.0267771	0.0168344	0.0824703	0.0336002	
0.194143	0.0515237	0.00220224	0.00521636	0.117667	0.0456475	0.00402302	0.131095	0.00396495	0.109598	0.0887006	0.00961277	0.00739578	0.0082614	0.00385003	0.0385741	0.0624102	0.074051	0.0185941	0.0234687	
0.0668053	0.0396473	0.00132667	0.0106266	0.0556959	0.0282302	0.0020186	0.123258	0.00910545	0.118826	0.280511	0.00658438	0.0104354	0.0370241	0.000983207	0.0217882	0.0688662	0.0547653	0.0473438	0.0161588	
0.155992	0.040062	0.00072789	0.000850881	0.183943	0.0606609	0.00174941	0.0366525	0.00220514	0.0124028	0.16753	0.0121507	0.0013571	0.0356883	0.000666819	0.0701253	0.0339558	0.0259419	0.0235843	0.133753	
0.0909818	0.00350964	0.00368481	0.0182543	0.134303	0.243442	0.0144758	0.0140698	0.00358771	0.0118338	0.139451	0.031795	0.00220457	0.0642814	0.000974639	0.0120374	0.0643477	0.0166817	0.103178	0.0269074	
0.159065	0.0346784	0.00524509	0.0210755	0.0368417	0.0420445	0.0189786	0.0609852	0.00448661	0.0330039	0.148807	0.0446574	0.00107654	0.0804783	0.000744045	0.15268	0.0960665	0.0257524	0.0139905	0.0193435	
0.141039	0.0542742	0.00189048	0.022821	0.0378899	0.0442537	0.0019392	0.156023	0.00348524	0.0682644	0.120232	0.00957663	0.0089502	0.0193638	0.00195825	0.0375913	0.100593	0.109001	0.043379	0.0174746	
0.0673555	0.0350477	0.00701855	0.00941674	0.0603421	0.0490433	0.00362714	0.0869653	0.00393104	0.115547	0.207202	0.0081552	0.0304698	0.0531155	0.00317578	0.0209389	0.153285	0.0471099	0.0324231	0.0058302	
0.0476247	0.00573819	0.00755991	0.0574144	0.169415	0.135938	0.028039	0.0158162	0.00243821	0.0122307	0.1524	0.037825	0.00162835	0.0416939	0.00205706	0.00696633	0.0647535	0.0258818	0.159052	0.0255283	
0.0461222	0.000798137	0.00199907	0.0205318	0.0258357	0.156738	0.0273379	0.0399722	0.00233995	0.0773591	0.114896	0.0887226	0.0181557	0.106011	0.00446241	0.0150546	0.0275363	0.037089	0.165673	0.0233663	
0.17033	0.0468138	0.00138395	0.00224527	0.133966	0.153163	0.0273138	0.0162281	0.00481912	0.0247361	0.10463	0.0369717	0.0301775	0.00583978	0.000546208	0.089548	0.0401357	0.0270614	0.0647892	0.0193014	
0.0821155	0.0234857	0.00504884	0.220301	0.0166808	0.130573	0.00221148	0.0191734	0.00881602	0.0235503	0.10239	0.0931308	0.0416494	0.0746358	0.00573113	0.0726535	0.0518786	0.0130631	0.00614618	0.00676581	
0.105741	0.0468346	0.000835127	0.00819755	0.0591744	0.0237509	0.0019528	0.0641268	0.00238642	0.048026	0.300003	0.036159	0.00212342	0.0595635	0.000775512	0.0161683	0.047065	0.035298	0.134486	0.00733261	
0.0782451	0.0128395	0.0154297	0.0157846	0.0521884	0.0888291	0.00449688	0.0294223	0.00579235	0.0214813	0.114146	0.0767683	0.0108107	0.0977507	0.00138066	0.102498	0.105347	0.0266697	0.0927703	0.0473491	
0.0821155	0.0234857	0.00504884	0.220301	0.0166808	0.130573	0.00221148	0.0191734	0.00881602	0.0235503	0.10239	0.0931308	0.0416494	0.0746358	0.00573113	0.0726535	0.0518786	0.0130631	0.00614618	0.00676581	
0.112097	0.00463406	0.0120955	0.0218802	0.0177424	0.0233403	0.00854297	0.143135	0.0324097	0.0634416	0.169474	0.0314179	0.00982169	0.0469992	0.0247663	0.060543	0.0681935	0.114152	0.0121162	0.0231977	
0.0547098	0.0120032	0.0163132	0.0247372	0.0911721	0.0241138	0.0391302	0.0332832	0.0116197	0.033191	0.0539205	0.0885142	0.317176	0.0350779	0.00163426	0.0331196	0.050813	0.0264696	0.0170134	0.0359882	
0.0996057	0.00425058	0.0209926	0.0349763	0.0357035	0.0480544	0.0321891	0.0780132	0.0665863	0.0346189	0.0879136	0.0795916	0.010808	0.0634166	0.00974442	0.0852234	0.0915505	0.0604797	0.0159797	0.040302	
0.0577086	0.00409589	0.00667182	0.0110646	0.20604	0.0194128	0.00538589	0.0341862	0.0346565	0.0300773	0.121018	0.0154384	0.00195259	0.069524	0.0469207	0.0404448	0.119785	0.0518184	0.0919686	0.0318302	
0.0464393	0.0149159	0.119432	0.201759	0.0606919	0.00525273	0.00782421	0.0981241	0.00248785	0.0197374	0.0978907	0.0113941	0.0865953	0.0143533	0.000839964	0.0330746	0.0194957	0.0570588	0.0658589	0.036774	
0.0253608	0.000879815	0.0186781	0.0549609	0.00934669	0.026314	0.0232677	0.0292546	0.184125	0.0101057	0.0390778	0.0337322	0.00718613	0.27759	0.095436	0.0355533	0.0243261	0.019865	0.0412419	0.0436985	
0.0301286	0.00160092	0.123581	0.391023	0.00896078	0.0372047	0.0219997	0.00804675	0.0400942	0.00349005	0.0272621	0.0505386	0.016211	0.117699	0.0354828	0.0222651	0.0338161	0.00756365	0.00285737	0.0201747	
0.0420707	0.000900615	0.00718547	0.0234742	0.0454849	0.0179648	0.0253472	0.0142935	0.151996	0.0441292	0.057162	0.0505312	0.000775954	0.0538483	0.344299	0.0271132	0.0416535	0.00913801	0.0233389	0.0192934	
0.0471478	0.00260742	0.0655075	0.0700089	0.00489251	0.212111	0.0219214	0.00750191	0.092691	0.00219392	0.0440856	0.0613781	0.191128	0.0342956	0.0387531	0.0304355	0.0271755	0.0111262	0.0248517	0.0101882	
0.0134196	0.00429116	0.0164117	0.0297022	0.0415377	0.0469377	0.0157391	0.13767	0.00305533	0.0525897	0.0678522	0.115605	0.0161981	0.0108638	0.00584501	0.0432354	0.107677	0.226682	0.0251475	0.0195394	
0.0498746	0.00844024	0.000981792	0.00347024	0.200935	0.0142394	0.00497952	0.0713116	0.00480541	0.0861069	0.108145	0.0095908	0.00565222	0.00793679	0.000288955	0.0143934	0.0400679	0.0504883	0.170241	0.14805	
0.0840283	0.00632933	0.0492422	0.210109	0.0132994	0.00651761	0.00341644	0.0394759	0.0771602	0.0315583	0.0732934	0.0500135	0.00602133	0.0710175	0.0248284	0.0212628	0.0153385	0.0680703	0.025269	0.123748	
0.0299453	0.000395989	0.00692309	0.0395083	0.0450782	0.0406428	0.0153114	0.00570016	0.246025	0.011171	0.0139912	0.0264201	0.00123182	0.0599384	0.390418	0.0302011	0.0127582	0.00487255	0.00982259	0.00964446	
0.0153301	0.0350255	0.0101598	0.438253	0.0279803	0.00460129	0.104412	0.0262278	0.0779904	0.0412779	0.0385319	0.00377389	0.00101673	0.0988214	0.00216384	0.0111135	0.0182815	0.0153363	0.026875	0.00282782	
0.062461	0.00242691	0.00750622	0.0123301	0.0556385	0.00628232	0.0409817	0.0259876	0.0964931	0.0715801	0.0714631	0.0421837	0.00110277	0.036289	0.284375	0.0249352	0.0713804	0.0164257	0.0344371	0.0357206	
0.155946	0.00885478	0.125305	0.0235336	0.0294185	0.011066	0.027626	0.0137725	0.106687	0.00773956	0.0321612	0.0513611	0.0454959	0.0315497	0.0436093	0.055649	0.0628285	0.0900388	0.0124395	0.0649188	
0.218026	0.0032284	0.0210961	0.00310513	0.0815204	0.0156078	0.033178	0.0126461	0.00825555	0.0160874	0.102397	0.105693	0.010312	0.00972236	0.00615988	0.127527	0.079058	0.00802852	0.0229014	0.115449	
0.0641584	0.00482749	0.0424085	0.0426176	0.0049874	0.129784	0.0230831	0.0041655	0.149683	0.00699499	0.0286844	0.0677378	0.259913	0.0366443	0.0500058	0.0235872	0.0127942	0.00686774	0.020479	0.0205766	
0.0845259	0.00137808	0.00535489	0.00412792	0.0463313	0.00265008	0.0149058	0.0501515	0.047159	0.0403127	0.247205	0.0150461	0.00339004	0.0423548	0.0845348	0.00974503	0.0549577	0.0278747	0.125113	0.0928823	
0.0363373	0.00906198	0.00571149	0.00616232	0.0028343	0.0429102	0.0964972	0.0131026	0.217555	0.00631653	0.021481	0.040843	0.0992053	0.0508894	0.219327	0.0766716	0.0380426	0.00888549	0.00677325	0.00139305	
0.0678239	0.00394569	0.00846505	0.00997061	0.0241928	0.0175804	0.0348597	0.0414123	0.0135717	0.0381836	0.0342646	0.0542834	0.173011	0.0168281	0.0746749	0.0309876	0.0356313	0.0404271	0.224719	0.0551665	
0.0431963	0.00979778	0.00856267	0.0122862	0.115698	0.0219028	0.0415008	0.0317461	0.0622932	0.0397037	0.0366872	0.00245421	0.0777969	0.0116621	0.00778725	0.0731537	0.0374327	0.0194122	0.329842	0.0170848	
0.276249	0.00297645	0.0560798	0.1208	0.0150686	0.00698382	0.0111648	0.0347762	0.00274661	0.0174132	0.0622146	0.0125777	0.0946761	0.0149047	0.00576356	0.0700066	0.0937508	0.0435183	0.0440374	0.0142912	
0.071475	0.00113339	0.0238527	0.102586	0.10136	0.0057645	0.00566	0.160486	0.00247271	0.020994	0.0482793	0.00175779	0.00590524	0.010687	0.0150092	0.0255309	0.0615996	0.050781	0.0592246	0.225441	
0.162117	0.0225693	0.000603295	0.00501751	0.179439	0.0112721	0.0316814	0.0779887	0.0113944	0.0155531	0.0607275	0.00162924	0.00968494	0.00349935	0.000588623	0.0225742	0.0306783	0.0721398	0.06464	0.216203	
0.145445	0.0553248	0.00241018	0.00392505	0.109018	0.0449632	0.00185373	0.149789	0.00372019	0.108389	0.0785266	0.0113723	0.00780342	0.00698189	0.00383377	0.0292252	0.072492	0.0745469	0.0677792	0.0226006	
0.296166	0.0276198	0.000911748	0.00399397	0.00726184	0.2299	0.00157555	0.018826	0.00408201	0.0175479	0.0876206	0.0209326	0.0389069	0.0279842	0.000654639	0.122995	0.0248576	0.00564756	0.0569559	0.00556028	
0.0252829	0.000700252	0.0143709	0.050599	0.0122363	0.0290923	0.0263838	0.0254775	0.177462	0.0103126	0.0450012	0.0374222	0.00671935	0.283745	0.0943243	0.0423764	0.0259907	0.0172001	0.029541	0.0457627	
0.111491	0.0426648	0.00321107	0.0135731	0.0361482	0.0318216	0.00494988	0.136032	0.00502832	0.0333811	0.130819	0.0303114	0.00328128	0.0320218	0.000994255	0.0367705	0.0862408	0.0996853	0.123888	0.037687	
0.100223	0.0672337	0.00113988	0.00620184	0.0716274	0.0299037	0.00164109	0.148336	0.00228493	0.129975	0.109768	0.016138	0.00734475	0.00978449	0.00185801	0.0185849	0.0688484	0.0744535	0.122538	0.0121146	
0.155146	0.0424246	0.00164663	0.0030498	0.0185188	0.161769	0.00114552	0.0452577	0.00180024	0.0312931	0.0671892	0.0232476	0.0495643	0.0400561	0.000830693	0.0874239	0.0698705	0.0895148	0.0950313	0.0152206	
0.0301286	0.00160092	0.123581	0.391023	0.00896078	0.0372047	0.0219997	0.00804675	0.0400942	0.00349005	0.0272621	0.0505386	0.016211	0.117699	0.0354828	0.0222651	0.0338161	0.00756365	0.00285737	0.0201747	
0.176356	0.055421	0.00176402	0.00425636	0.111892	0.0585917	0.00211912	0.15018	0.00503706	0.102902	0.0810761	0.00741552	0.0101226	0.00812491	0.00521597	0.0419346	0.0682668	0.0749066	0.0170675	0.0173506	
0.0731924	0.0412867	0.00080538	0.00165829	0.0360977	0.0183253	0.00187754	0.0441262	0.00148045	0.0352699	0.065424	0.0014051	0.446068	0.00175491	0.000984011	0.0115057	0.0371911	0.039206	0.108151	0.03419	
0.0175283	0.00863966	0.00330226	0.00572726	0.0556145	0.0132135	0.0109318	0.0391245	0.127154	0.0262015	0.0391033	0.00707846	0.00514628	0.0320005	0.01831	0.0101022	0.0133769	0.0218579	0.256128	0.289459	
0.111679	0.00400927	0.0201364	0.0437449	0.0257632	0.0703215	0.0257548	0.068312	0.0693826	0.0255986	0.0765914	0.089	0.00923685	0.0703896	0.00858901	0.1027	0.0743125	0.0490546	0.0188614	0.0365627	
0.179649	0.0558836	0.00178351	0.00423116	0.113706	0.0561836	0.00212904	0.148522	0.00491096	0.103453	0.0804853	0.00717481	0.00974215	0.00784211	0.00509542	0.0419043	0.067825	0.0747261	0.017844	0.0169103	
0.167583	0.06122	0.00160244	0.00660175	0.100031	0.056969	0.00204681	0.155155	0.00498486	0.101772	0.0884902	0.00640833	0.0110971	0.00889488	0.00531378	0.0405758	0.0717664	0.0781353	0.0172484	0.0141039	
0.108626	0.0627122	0.030089	0.110891	0.0339238	0.0133992	0.00456939	0.0429126	0.00234809	0.032895	0.10437	0.0381964	0.00948753	0.257805	0.00853775	0.0231033	0.030269	0.0629699	0.00655975	0.0163349	
0.155146	0.0424246	0.00164663	0.0030498	0.0185188	0.161769	0.00114552	0.0452577	0.00180024	0.0312931	0.0671892	0.0232476	0.0495643	0.0400561	0.000830693	0.0874239	0.0698705	0.0895148	0.0950313	0.0152206	
0.0815389	0.0326844	0.005551	0.00838366	0.126936	0.030686	0.00202574	0.152569	0.00504525	0.0705989	0.055144	0.0140928	0.0114547	0.0131693	0.00342274	0.0118473	0.146634	0.0749307	0.0831925	0.0700927	
0.0990192	0.106771	0.00284854	0.0105009	0.0400129	0.0663504	0.00906575	0.206745	0.002823	0.0612335	0.0869369	0.00322419	0.0514477	0.00521911	0.00151915	0.0265089	0.0685975	0.0856581	0.0439882	0.0215309	
0.0973133	0.0131233	0.000749064	0.00491066	0.199201	0.0143087	0.0138611	0.0747865	0.00643863	0.0412727	0.0872525	0.00464863	0.00685105	0.00380638	0.000532396	0.018923	0.0397196	0.0637491	0.137813	0.17074	
0.061806	0.0268703	0.0103104	0.00659848	0.0700146	0.077798	0.00218055	0.0368967	0.00427786	0.0318578	0.147355	0.0818669	0.00701607	0.0357656	0.00147093	0.0837047	0.116181	0.0354175	0.103295	0.0593164	
0.17705	0.0563786	0.0017426	0.00434242	0.11136	0.0577711	0.00202713	0.151075	0.00508633	0.102989	0.0805111	0.00730299	0.0100709	0.00810267	0.00534128	0.0419608	0.0684557	0.0755172	0.0167911	0.0161245	
0.0786777	0.120493	0.00557511	0.0048892	0.0450946	0.0594829	0.00860513	0.203833	0.0026871	0.0506839	0.0772995	0.002844	0.075991	0.0037221	0.00105174	0.0206408	0.0581792	0.0850516	0.0679156	0.0272821	
0.108436	0.0281155	0.000722679	0.0123376	0.0361407	0.0440064	0.00866433	0.0352452	0.015516	0.057457	0.0604769	0.00696155	0.00847645	0.0241756	0.00219089	0.0388805	0.150619	0.0773459	0.231035	0.053197	
0.0176107	0.00865337	0.00331629	0.00572988	0.0556387	0.0132977	0.0108691	0.0391429	0.12708	0.026176	0.0384556	0.00709837	0.00515309	0.0318673	0.0180105	0.0100705	0.0133265	0.0218647	0.256168	0.290471	
0.0205115	0.0114629	0.00409071	0.00335793	0.259129	0.014889	0.0109911	0.0256664	0.0100651	0.021435	0.0299736	0.0198303	0.0171948	0.00754214	0.00308426	0.00832641	0.0126458	0.0205418	0.36498	0.134283	
0.0432486	0.00779484	0.00246296	0.0349566	0.0559374	0.0135687	0.00351747	0.0314897	0.00334694	0.0623803	0.306603	0.0141064	0.0922884	0.015448	0.00128859	0.0176222	0.0588767	0.0271355	0.162665	0.045263	
0.026534	0.00602079	0.0496943	0.0364341	0.0225205	0.341012	0.0521953	0.00792681	0.0527866	0.00186969	0.0681655	0.124983	0.0690787	0.0191501	0.0151406	0.0353265	0.0284419	0.00414826	0.0110116	0.0275591	
0.0384354	0.014312	0.00194414	0.00425646	0.179304	0.0119906	0.00602978	0.0787321	0.0074756	0.107425	0.0896389	0.0168931	0.00615031	0.0242907	0.000740444	0.0105827	0.0240335	0.0424975	0.176306	0.158962	
0.0301286	0.00160092	0.123581	0.391023	0.00896078	0.0372047	0.0219997	0.00804675	0.0400942	0.00349005	0.0272621	0.0505386	0.016211	0.117699	0.0354828	0.0222651	0.0338161	0.00756365	0.00285737	0.0201747	
0.0678239	0.00394569	0.00846505	0.00997061	0.0241928	0.0175804	0.0348597	0.0414123	0.0135717	0.0381836	0.0342646	0.0542834	0.173011	0.0168281	0.0746749	0.0309876	0.0356313	0.0404271	0.224719	0.0551665	
0.0717309	0.0173928	0.00726756	0.0211648	0.303822	0.116507	0.00250627	0.0794639	0.00619902	0.0710313	0.0354933	0.00789171	0.0107473	0.0151802	0.00277774	0.0110703	0.0210358	0.0401555	0.12202	0.0365425	
0.0174182	0.00866705	0.00330601	0.0057421	0.0556619	0.0132435	0.0108678	0.0390285	0.127446	0.0261071	0.0384092	0.00707931	0.00514664	0.0319593	0.01802	0.0100927	0.0132572	0.0218048	0.256512	0.290231	
0.0655799	0.0658863	0.00289532	0.0037592	0.0539378	0.0166826	0.00720482	0.0873152	0.00473162	0.0448487	0.103104	0.00528177	0.187911	0.00246511	0.000579565	0.0133647	0.0224268	0.0504355	0.204537	0.0570538	
0.102671	0.0191777	0.000927086	0.00190097	0.12454	0.0919165	0.00216491	0.0865464	0.00370171	0.109012	0.14337	0.00512808	0.027197	0.00487189	0.000238836	0.0179341	0.0294064	0.0445699	0.0827631	0.101962	
0.0965438	0.0371964	0.00535069	0.00972365	0.132717	0.0460497	0.0104085	0.0834513	0.00138313	0.0533115	0.133427	0.0240406	0.00245778	0.0190475	0.000877506	0.0341491	0.117246	0.0710254	0.0359027	0.0856906	
0.0346122	0.0894811	0.000913849	0.00154975	0.0394409	0.021909	0.0498243	0.094018	0.0054825	0.0580786	0.136979	0.105901	0.00157746	0.0103031	0.00080244	0.0405604	0.0615121	0.0378767	0.104152	0.105026	
0.0712583	0.0163591	0.00177626	0.00411348	0.183119	0.022751	0.00424823	0.079987	0.00362735	0.0707816	0.10081	0.00977222	0.00495284	0.00597349	0.000669724	0.0167607	0.0625397	0.0572405	0.152327	0.130933	
0.110913	0.061834	0.00306685	0.0158441	0.0502205	0.0543649	0.00605901	0.0951015	0.00328453	0.126771	0.168886	0.00458769	0.031127	0.0298773	0.00163837	0.0270644	0.105646	0.0562061	0.0371543	0.0103532	
0.0762353	0.0410825	0.00557315	0.00901245	0.13681	0.0405387	0.0116484	0.0749806	0.00240589	0.0605573	0.142693	0.0306356	0.00266675	0.0322972	0.000915564	0.0452809	0.128118	0.0688783	0.0128644	0.0768054	
0.102758	0.0125527	0.014572	0.0527066	0.0875324	0.0607058	0.0538411	0.0674531	0.00404127	0.0414734	0.114257	0.0447257	0.0013051	0.0501402	0.00351101	0.0825122	0.10385	0.0372905	0.0121206	0.0526518	
0.0657981	0.0442508	0.000937952	0.0047839	0.0688902	0.0191707	0.00199049	0.0647671	0.00208636	0.0627996	0.27843	0.0332214	0.00304871	0.0690804	0.000631231	0.0150207	0.0506176	0.0314001	0.174057	0.0090173	
0.0675156	0.0662948	0.00213467	0.00294608	0.122355	0.0367111	0.00442996	0.0631874	0.00282518	0.0422906	0.205821	0.0417237	0.00195665	0.0219621	0.000803786	0.0322945	0.0858861	0.0657368	0.0232452	0.10988	
0.146548	0.0422372	0.000799244	0.000882702	0.185315	0.0587735	0.00176735	0.0360983	0.00233713	0.0127336	0.172263	0.0134991	0.00114337	0.0354457	0.00071257	0.0732086	0.0347895	0.0250666	0.0241848	0.132195	
0.0809303	0.0304838	0.0392924	0.0274788	0.0252231	0.0620945	0.0179021	0.0435736	0.00243318	0.0487245	0.0993435	0.0572435	0.00130268	0.0601644	0.00107174	0.162166	0.157976	0.0457512	0.0150992	0.0217456	
0.0809918	0.0203034	0.00188985	0.00254305	0.0558804	0.17268	0.0426593	0.00793006	0.00734975	0.0471541	0.088425	0.0312834	0.00214412	0.0278025	0.00243813	0.162725	0.0749752	0.00676662	0.115666	0.0483914	
0.0764172	0.0190104	0.00100894	0.00296178	0.128686	0.0580298	0.00238937	0.102967	0.00376089	0.115374	0.176254	0.00617723	0.0139544	0.0103607	0.000235617	0.0113371	0.0246558	0.050854	0.103084	0.0924809	
0.0682138	0.00228435	0.00085895	0.00195707	0.12901	0.438276	0.00833265	0.0113987	0.00765709	0.00305265	0.102799	0.0169277	0.0054368	0.0325088	0.00156888	0.0459085	0.0202963	0.0116702	0.0435719	0.0482704	
0.0762738	0.00260694	0.00763347	0.00607338	0.04135	0.00238464	0.0177267	0.0498894	0.0427668	0.0493119	0.231955	0.0139689	0.00259549	0.0541774	0.122478	0.0118293	0.0548417	0.0298389	0.106071	0.0762266	
0.116892	0.0476025	0.00105298	0.00828315	0.0578563	0.0266556	0.00235361	0.064106	0.00245092	0.0461359	0.296783	0.0332282	0.00208381	0.0553763	0.000807262	0.0165872	0.047065	0.037061	0.130731	0.00688778	
0.0805062	0.0827871	0.00115011	0.00246646	0.0704978	0.0216112	0.00140635	0.160845	0.0012589	0.128341	0.085079	0.0333634	0.00162744	0.00719827	0.00102882	0.00676358	0.0391859	0.0764053	0.182741	0.0157368	
0.222436	0.06489	0.000614669	0.0019085	0.00138605	0.336101	0.00581548	0.0335785	0.00911232	0.00154016	0.0343809	0.0239368	0.000723854	0.0346318	0.000421483	0.139535	0.0644786	0.0165205	0.00561033	0.00237842	
0.219976	0.146079	0.000717257	0.00398449	0.0229998	0.0491404	0.00357274	0.0326083	0.00169204	0.0237812	0.0634583	0.106534	0.00272442	0.015575	0.000425882	0.121905	0.127152	0.0225498	0.0242545	0.0108691	
0.131314	0.0244869	0.00449046	0.00199175	0.0586643	0.0454388	0.0130313	0.102461	0.0380768	0.0892947	0.0631812	0.016076	0.0070278	0.0136585	0.0294781	0.0127226	0.0483711	0.0602555	0.172615	0.0673643	
0.219999	0.14613	0.000723357	0.00397671	0.0230098	0.0491332	0.00356083	0.0325417	0.00168388	0.0237815	0.0634387	0.106538	0.00272623	0.0156058	0.000425686	0.121817	0.127162	0.022547	0.0243359	0.0108635	
0.0466243	0.00141655	0.0793759	0.0817571	0.0060116	0.0871006	0.0197433	0.0042494	0.111054	0.00268366	0.0326002	0.0529894	0.242496	0.0471559	0.0491589	0.0381093	0.0274422	0.0167291	0.0464656	0.00683706	
0.00960444	0.0180691	0.132753	0.00818497	0.0128295	0.00797722	0.0175724	0.00547168	0.0293714	0.00881892	0.0215046	0.50418	0.00159803	0.0110929	0.00472076	0.106844	0.0754087	0.00667873	0.00200848	0.0153116	
0.0459284	0.000803245	0.00667739	0.292422	0.0649067	0.0174662	0.0159335	0.0491177	0.00592574	0.0301076	0.165172	0.00134753	0.00678513	0.142505	0.00214165	0.00424524	0.0157008	0.0293944	0.0309595	0.0724602	
0.0301286	0.00160092	0.123581	0.391023	0.00896078	0.0372047	0.0219997	0.00804675	0.0400942	0.00349005	0.0272621	0.0505386	0.016211	0.117699	0.0354828	0.0222651	0.0338161	0.00756365	0.00285737	0.0201747	
0.059109	0.0027975	0.257037	0.044177	0.00847761	0.048527	0.00419846	0.0465237	0.0251596	0.0146881	0.106171	0.0417707	0.0100895	0.142153	0.00471278	0.0158036	0.0685005	0.0460216	0.0332899	0.0207927	
0.370807	0.00260648	0.0008046	0.00252369	0.0865978	0.0670021	0.0101751	0.0705629	0.00765859	0.0210036	0.103024	0.00608633	0.00797912	0.0383113	0.000443748	0.0435633	0.0236421	0.0290777	0.0455288	0.0626015	
0.118341	0.00443923	0.0115161	0.0231688	0.0308563	0.117708	0.0136791	0.0315367	0.0170198	0.0145569	0.106208	0.0856528	0.00474924	0.164511	0.00422713	0.11438	0.0668069	0.0332896	0.0202373	0.0171152	
0.11602	0.00184794	0.00526618	0.0103074	0.0633938	0.0282724	0.0271567	0.0809024	0.0573563	0.0418692	0.089941	0.0834745	0.0119048	0.10894	0.00929899	0.0447208	0.116895	0.0651245	0.0105197	0.0267889	
0.0616265	0.0273376	0.00485163	0.00332467	0.112476	0.0555075	0.00533384	0.190652	0.0042546	0.0748493	0.112753	0.00646996	0.0313951	0.00461275	0.0016428	0.0121791	0.0553273	0.138844	0.0357002	0.0608614	
0.143241	0.0262398	0.00352512	0.00189852	0.0151984	0.159778	0.00118664	0.0435835	0.00108075	0.0289203	0.0890374	0.0387885	0.0398633	0.0421403	0.00142672	0.0666747	0.0551272	0.0701894	0.162399	0.00970177	
0.0746164	0.00763441	0.00658921	0.0272449	0.0618429	0.151983	0.00809533	0.0133117	0.00388275	0.0069212	0.077401	0.104367	0.200481	0.0479958	0.000794193	0.0772652	0.0911992	0.0179738	0.0169711	0.00343094	
0.109793	0.0222676	0.00159331	0.00441697	0.132303	0.0791931	0.00318686	0.0762202	0.00497029	0.0636656	0.14944	0.0360986	0.0700377	0.0102604	0.00113042	0.0437399	0.0560897	0.0857594	0.0400048	0.00982992	
0.0708999	0.0182077	0.00777085	0.00237601	0.119472	0.0530696	0.00868173	0.206309	0.00563953	0.078477	0.110718	0.00801703	0.0124212	0.00220999	0.00248241	0.0181348	0.0383813	0.186254	0.0101963	0.040282	
0.0955083	0.016322	0.00553048	0.0057837	0.144389	0.026809	0.0110018	0.0842275	0.00219548	0.11258	0.127771	0.0192617	0.00562165	0.0238238	0.00051293	0.0317415	0.0824999	0.0676416	0.0536461	0.0831338	
0.034063	0.0138983	0.00189107	0.00125364	0.0847066	0.0330833	0.00248438	0.0558503	0.00929316	0.0610569	0.256418	0.0908863	0.00570656	0.0528571	0.00493763	0.0601111	0.138126	0.0500801	0.0173556	0.0259409	
0.0731924	0.0412867	0.00080538	0.00165829	0.0360977	0.0183253	0.00187754	0.0441262	0.00148045	0.0352699	0.065424	0.0014051	0.446068	0.00175491	0.000984011	0.0115057	0.0371911	0.039206	0.108151	0.03419	
0.0658533	0.0449005	0.000968469	0.00495907	0.0691943	0.0193929	0.00198294	0.0626735	0.00221129	0.0605498	0.281842	0.0329331	0.00296747	0.0679226	0.000636847	0.015324	0.0511196	0.0300787	0.176092	0.00839754	
0.0355332	0.0172208	0.00130743	0.00172327	0.0827144	0.0297865	0.0020071	0.0559147	0.00697494	0.0580816	0.287021	0.0916235	0.00470434	0.0543374	0.00439746	0.0478769	0.113688	0.0464833	0.034806	0.0237975	
0.0554816	0.0082811	0.0017538	0.00298828	0.172635	0.0240863	0.00556871	0.0771557	0.00425798	0.10333	0.116807	0.0127751	0.0109971	0.0135156	0.00026431	0.0152509	0.0383668	0.0490093	0.153021	0.134454	
0.173209	0.00737462	0.00354966	0.00701172	0.27694	0.0255759	0.00209088	0.0351545	0.00879728	0.0753301	0.0589872	0.00685619	0.00387725	0.00451778	0.00126409	0.013406	0.155842	0.0202618	0.0381092	0.0818452	
0.204565	0.0705951	0.000773948	0.00234955	0.00163253	0.339849	0.0034132	0.0225823	0.00523351	0.00305352	0.0373606	0.0289918	0.000811103	0.0352063	0.000345578	0.145399	0.0746102	0.0155347	0.00542512	0.00226837	
0.0017453	0.0050886	0.000492159	0.00215499	0.022045	0.241445	0.00188629	0.0227033	0.0324659	0.00551552	0.0521518	0.0346535	0.412013	0.00193886	0.000194503	0.00587592	0.0167129	0.00200093	0.0436276	0.0952895	
0.162839	0.0213224	0.000564538	0.00486436	0.180632	0.0113935	0.0309407	0.0784696	0.0109679	0.0153847	0.0595063	0.00167079	0.0092063	0.00434042	0.000640406	0.0217392	0.0301851	0.0738889	0.0655219	0.215921	
0.0572147	0.0283332	0.00140191	0.0052849	0.166042	0.032061	0.00314636	0.0769054	0.0032937	0.0491903	0.2023	0.0147175	0.00197379	0.0205362	0.000565714	0.0226372	0.0636394	0.0668185	0.0607512	0.123187	
0.121039	0.00496857	0.00134399	0.0128488	0.0495048	0.0276684	0.00137546	0.121988	0.0143432	0.0182373	0.0372279	0.00774525	0.00814814	0.0894284	0.00979609	0.00499241	0.0220129	0.0789018	0.257715	0.110714	
0.037588	0.0116003	0.021411	0.0248955	0.0123342	0.0227202	0.0644311	0.0164857	0.0353352	0.0122736	0.0328336	0.0711047	0.468382	0.0434513	0.00347223	0.0359185	0.0503012	0.0171707	0.00623022	0.0120609	
0.0373748	0.00592232	0.00712952	0.0160557	0.0162306	0.00444297	0.00733708	0.0653683	0.232975	0.0665341	0.0444019	0.0125544	0.0760755	0.0850595	0.0834534	0.0174524	0.0367818	0.0654273	0.0400744	0.0793495	
0.0466243	0.00141655	0.0793759	0.0817571	0.0060116	0.0871006	0.0197433	0.0042494	0.111054	0.00268366	0.0326002	0.0529894	0.242496	0.0471559	0.0491589	0.0381093	0.0274422	0.0167291	0.0464656	0.00683706	
0.0498656	0.00385569	0.0320728	0.0543434	0.0141716	0.0213391	0.0130001	0.0176762	0.0551097	0.0264256	0.0665564	0.0804702	0.00380951	0.400252	0.0398157	0.0368081	0.0618876	0.0141139	0.0024178	0.0060095	
0.0524063	0.0175166	0.00284449	0.0137035	0.0432791	0.0415716	0.003277	0.128725	0.014615	0.10429	0.357714	0.00607887	0.00238539	0.041949	0.000717981	0.00603087	0.0134682	0.0522773	0.0406463	0.0565037	
0.0375049	0.0116971	0.0214496	0.0249557	0.0119382	0.0227584	0.0648848	0.0164918	0.035533	0.0121975	0.0327256	0.0707489	0.468381	0.0434985	0.00346195	0.0358795	0.0504035	0.0171614	0.00628433	0.0120448	
0.115834	0.00539282	0.00141347	0.0124374	0.0572568	0.0268479	0.00212382	0.107762	0.0160592	0.0200349	0.037515	0.00811213	0.00935585	0.0791905	0.00813027	0.00549897	0.0205224	0.0720856	0.278049	0.116377	
0.0253608	0.000879815	0.0186781	0.0549609	0.00934669	0.026314	0.0232677	0.0292546	0.184125	0.0101057	0.0390778	0.0337322	0.00718613	0.27759	0.095436	0.0355533	0.0243261	0.019865	0.0412419	0.0436985	
0.0129387	0.00986189	0.00380033	0.00374855	0.187824	0.00947712	0.00913924	0.0247457	0.0418401	0.0183333	0.0227271	0.01621	0.00808564	0.0115436	0.00704836	0.00745251	0.0095919	0.0139322	0.404828	0.176872	
0.0702909	0.0176398	0.0008433	0.00631605	0.0779556	0.0599404	0.00185322	0.122171	0.00747911	0.107672	0.277911	0.00376845	0.0088457	0.023551	0.000346317	0.0078388	0.0177869	0.0506635	0.0612291	0.0758988	
0.0416649	0.0176391	0.0246703	0.0195203	0.0100831	0.00753866	0.0355332	0.0123793	0.0644656	0.018171	0.0402001	0.011971	0.00575658	0.0252766	0.0403508	0.0133084	0.0158688	0.011326	0.467326	0.11695	
0.0797991	0.0818301	0.00120911	0.00200387	0.0696442	0.0207868	0.00169956	0.159806	0.00186184	0.126662	0.0809874	0.0299707	0.00178716	0.00699822	0.00154768	0.00684434	0.0386735	0.0748084	0.193991	0.0190892	
0.00960444	0.0180691	0.132753	0.00818497	0.0128295	0.00797722	0.0175724	0.00547168	0.0293714	0.00881892	0.0215046	0.50418	0.00159803	0.0110929	0.00472076	0.106844	0.0754087	0.00667873	0.00200848	0.0153116	
0.0017453	0.0050886	0.000492159	0.00215499	0.022045	0.241445	0.00188629	0.0227033	0.0324659	0.00551552	0.0521518	0.0346535	0.412013	0.00193886	0.000194503	0.00587592	0.0167129	0.00200093	0.0436276	0.0952895	
0.0711729	0.00827074	0.00245043	0.00257007	0.159777	0.0330012	0.00726435	0.081238	0.00299022	0.109164	0.132578	0.0126972	0.0122931	0.0133924	0.000259908	0.0181889	0.0439242	0.0564428	0.113471	0.118853	
0.10908	0.00359349	0.0153534	0.00329237	0.0531079	0.0210788	0.0436483	0.00594632	0.122201	0.00544743	0.0670941	0.0259117	0.00779901	0.0191055	0.0788186	0.0553458	0.172666	0.0366349	0.0314215	0.122454	
0.0212278	0.012258	0.00943224	0.0132786	0.0187675	0.0604743	0.0571717	0.00628046	0.0334466	0.0161352	0.0250794	0.00485242	0.0101798	0.0154605	0.0180247	0.0152545	0.00956442	0.00603106	0.453674	0.193407	
0.143299	0.0189415	0.000997751	0.00167889	0.093805	0.124107	0.00254464	0.076738	0.00725735	0.0759671	0.135458	0.00606857	0.0325604	0.00807803	0.000350851	0.0269109	0.0431227	0.0349066	0.0760292	0.091178	
0.0823008	0.00219584	0.00155552	0.0225051	0.104192	0.0642337	0.00537314	0.12677	0.00299575	0.035049	0.0964728	0.05588	0.00209067	0.0541274	0.00498747	0.00166318	0.0742096	0.168596	0.0237596	0.0710425	
0.0301286	0.00160092	0.123581	0.391023	0.00896078	0.0372047	0.0219997	0.00804675	0.0400942	0.00349005	0.0272621	0.0505386	0.016211	0.117699	0.0354828	0.0222651	0.0338161	0.00756365	0.00285737	0.0201747	
0.27513	0.024961	0.00224508	0.00568166	0.0066493	0.238777	0.000886189	0.027058	0.00346624	0.0256497	0.111654	0.0255767	0.0282423	0.0330872	0.000752338	0.108992	0.0244238	0.00656815	0.043767	0.00643327	
0.0992474	0.0121713	0.00300875	0.00317735	0.153926	0.0294593	0.00778927	0.0875926	0.00224488	0.117867	0.132539	0.0124534	0.00903694	0.0131238	0.000364557	0.0223158	0.049965	0.0631685	0.0811876	0.0993625	
0.0808315	0.0074028	0.0141231	0.0224849	0.0179382	0.00266665	0.00871265	0.0390169	0.019723	0.0482393	0.209384	0.00989711	0.00145007	0.0959	0.238635	0.0248504	0.0558898	0.0494236	0.0230508	0.0303801	
0.106755	0.00407117	0.0264615	0.0475257	0.0229001	0.0636253	0.0289681	0.0826208	0.0732836	0.0225604	0.0650482	0.0769553	0.0132796	0.0515061	0.00842192	0.10355	0.0733468	0.0513063	0.030808	0.0470063	
0.137545	0.0150012	0.0109052	0.00431583	0.0172502	0.1273	0.00354205	0.0810274	0.0019465	0.0168215	0.0237536	0.325825	0.0153679	0.0174332	0.000914646	0.0298266	0.0836384	0.0640242	0.0135679	0.00999385	
0.0459284	0.000803245	0.00667739	0.292422	0.0649067	0.0174662	0.0159335	0.0491177	0.00592574	0.0301076	0.165172	0.00134753	0.00678513	0.142505	0.00214165	0.00424524	0.0157008	0.0293944	0.0309595	0.0724602	
0.0467596	0.00818492	0.000986747	0.00388291	0.20361	0.0123129	0.005539	0.0705896	0.00580483	0.0885816	0.103451	0.0111954	0.00560636	0.00975891	0.000296717	0.0132713	0.0376306	0.0474161	0.17368	0.151442	
