0.0143651	0.00215279	0.107177	0.192354	0.0105967	0.0188602	0.0424644	0.037488	0.138147	0.0191497	0.0102716	0.0629317	0.0207235	0.0649269	0.0134485	0.0368621	0.0974061	0.018137	0.0636956	0.0288426	
0.0208524	0.0115181	0.0185855	0.0314876	0.134015	0.0130346	0.0105933	0.233925	0.0250852	0.129608	0.058362	0.0398271	0.0198321	0.0215929	0.0123344	0.00612916	0.0118793	0.0726667	0.080265	0.0484073	
0.0285627	0.00641571	0.0652535	0.125983	0.129713	0.0127541	0.0242187	0.0431539	0.109695	0.0471933	0.0320659	0.0462061	0.0601041	0.0885996	0.0261173	0.0200001	0.0394421	0.0246354	0.0209213	0.0489642	
0.0221501	0.0137858	0.0255013	0.0301071	0.13506	0.0115701	0.0139963	0.228157	0.0224982	0.123468	0.0567925	0.0509238	0.022884	0.0247965	0.0131873	0.00610355	0.0106359	0.0701988	0.0678459	0.0503385	
0.0337092	0.00113285	0.0530496	0.144253	0.0115373	0.0489434	0.0600375	0.03425	0.125936	0.0286005	0.0222695	0.13265	0.0642546	0.0333853	0.0393323	0.0669446	0.0576115	0.00686467	0.026281	0.00895724	
0.0294701	0.00249633	0.0732431	0.138782	0.0260751	0.0977498	0.0438055	0.0506145	0.0997274	0.0315999	0.0355736	0.0677931	0.00675015	0.068944	0.00829939	0.115555	0.0133358	0.0173908	0.0388936	0.0339007	
0.0342065	0.0146223	0.0345742	0.0735021	0.0553547	0.00437822	0.0194831	0.040597	0.0561466	0.0363888	0.0713022	0.0571064	0.00309614	0.0596636	0.0140266	0.0133017	0.0134743	0.0165958	0.277728	0.104451	
0.0141569	0.0048116	0.102974	0.179127	0.0122371	0.0203557	0.0159427	0.170851	0.00703769	0.0333123	0.0133278	0.0244614	0.000837056	0.00529287	0.00461552	0.179763	0.165688	0.0246619	0.00927708	0.0112703	
0.00491522	0.000553844	0.0148893	0.00380716	0.0980966	0.0119361	0.042664	0.00283073	0.00478901	0.00165659	0.00864438	0.759828	0.00413911	0.0177713	0.00118115	0.00839604	0.00317031	0.00246956	0.0033014	0.00496015	
0.0439341	0.0496669	0.00622016	0.0175452	0.00856518	0.0224162	0.0250163	0.0432035	0.0818108	0.0155216	0.0439493	0.154915	0.000384073	0.130142	0.0265228	0.0394771	0.133833	0.149499	0.00443882	0.0029388	
0.00855149	0.0297027	0.00366377	0.00837871	0.100586	0.00175559	0.00362414	0.0274238	0.117826	0.00517304	0.00676353	0.011604	0.00117223	0.0109497	0.00758113	0.00457794	0.040135	0.0939263	0.150764	0.365841	
0.0151378	0.0207045	0.00701869	0.0468914	0.163903	0.000952134	0.0276308	0.0412798	0.0432734	0.0402355	0.0855029	0.0220597	0.000607453	0.0729207	0.0144096	0.00622501	0.00646308	0.0159717	0.13875	0.230063	
0.0298295	0.0231948	0.0671989	0.0035379	0.0980488	0.0101874	0.0199587	0.170932	0.168761	0.0554877	0.0223845	0.012889	0.00504691	0.048819	0.0939076	0.015801	0.0233363	0.0846546	0.00541277	0.040611	
0.0167766	0.00368318	0.117728	0.133983	0.016779	0.0286032	0.0452872	0.0459551	0.121791	0.0371076	0.0159332	0.0668494	0.00847324	0.0754298	0.0116061	0.0265636	0.0949285	0.0277935	0.0625804	0.0421488	
0.0163707	0.00385504	0.122294	0.128586	0.0171523	0.0265211	0.0451547	0.0435924	0.120278	0.0356988	0.0148874	0.068319	0.00865466	0.0734119	0.011111	0.0265818	0.0981458	0.0264634	0.0680443	0.0448767	
0.011019	0.0186874	0.000844129	0.00254351	0.214088	0.00111539	0.00219788	0.396901	0.00646996	0.0928588	0.0314108	0.00146889	0.00401976	0.00132108	0.00120816	0.00200753	0.00708361	0.11049	0.037378	0.0568863	
0.065156	0.0451324	0.00529018	0.0074552	0.0928845	0.00568435	0.00982803	0.0723339	0.0911546	0.222677	0.0440275	0.0225684	0.000850918	0.00732138	0.0026184	0.00608908	0.00630139	0.181314	0.093973	0.0173402	
0.00241365	0.00854589	0.358563	0.000265202	0.0383245	0.00133454	0.000186767	0.00481839	0.40154	0.00160883	0.0812782	0.000791806	0.000252523	0.0115984	0.0494806	0.00264315	0.0284311	0.00110252	0.00389959	0.00292068	
0.0298295	0.0231948	0.0671989	0.0035379	0.0980488	0.0101874	0.0199587	0.170932	0.168761	0.0554877	0.0223845	0.012889	0.00504691	0.048819	0.0939076	0.015801	0.0233363	0.0846546	0.00541277	0.040611	
0.0466021	0.0160309	0.0412287	0.0189615	0.065272	0.00790124	0.0657674	0.0264802	0.0983829	0.00976647	0.0390587	0.178518	0.0929824	0.0308489	0.00843428	0.0181924	0.0146503	0.0144304	0.0316991	0.174792	
0.0337092	0.00113285	0.0530496	0.144253	0.0115373	0.0489434	0.0600375	0.03425	0.125936	0.0286005	0.0222695	0.13265	0.0642546	0.0333853	0.0393323	0.0669446	0.0576115	0.00686467	0.026281	0.00895724	
0.0323172	0.0138823	0.0943279	0.0812904	0.0254567	0.0214445	0.0842957	0.0588941	0.153236	0.0414487	0.0201039	0.0742775	0.10509	0.0256964	0.0242866	0.043655	0.0395339	0.0195205	0.00760426	0.0336383	
0.0480876	0.00306849	0.111457	0.191063	0.0260273	0.0338458	0.0581923	0.0313189	0.10411	0.0198996	0.0458713	0.0535756	0.0495059	0.0916458	0.0264145	0.0341506	0.0314225	0.0164008	0.00646831	0.0174742	
0.032287	0.00788168	0.00166836	0.0671781	0.162035	0.00632601	0.00995927	0.088006	0.035078	0.0368282	0.0890326	0.0344333	0.000352072	0.0118282	0.0136942	0.0087473	0.02864	0.0516996	0.23451	0.0798144	
0.099621	0.0161793	0.0291982	0.0466258	0.0690255	0.0138001	0.0293888	0.0606293	0.009875	0.118771	0.214706	0.00513677	0.00067692	0.024995	0.0146124	0.0272954	0.049013	0.00944569	0.025742	0.135264	
0.0546621	0.00347021	0.113644	0.14748	0.00982389	0.0150577	0.0292451	0.0143403	0.173574	0.0193104	0.0255398	0.0925503	0.0155436	0.170145	0.0302117	0.0313365	0.0261152	0.00558017	0.0139717	0.00839781	
0.0198519	0.0107503	0.00680895	0.013581	0.108885	0.00160891	0.122649	0.0834924	0.0185406	0.039196	0.0093532	0.00989522	0.00178542	0.01008	0.00821087	0.00131942	0.00307073	0.013823	0.230271	0.286827	
0.0531439	0.0226509	0.00274475	0.00980594	0.121977	0.00335074	0.00557326	0.173745	0.00838162	0.231813	0.19546	0.00522139	0.000488343	0.0117136	0.00313191	0.00596202	0.00813758	0.044202	0.0358846	0.0566118	
0.0464382	0.00200288	0.064058	0.171179	0.0118725	0.0130303	0.0475971	0.0273833	0.246277	0.0164433	0.0222376	0.0539271	0.00589763	0.114413	0.0539778	0.0277896	0.0315132	0.0150795	0.00605052	0.0228319	
0.0555315	0.00367502	0.117426	0.145596	0.00998612	0.0153476	0.0275304	0.013473	0.168234	0.0192925	0.0256096	0.0958231	0.0160823	0.172557	0.0284045	0.0321209	0.0259258	0.0049329	0.0148057	0.00764641	
0.0400972	0.0284622	0.0310687	0.0999572	0.0250094	0.0107785	0.107181	0.0406623	0.110598	0.0609638	0.0447767	0.138327	0.00662665	0.0885187	0.0205383	0.03544	0.0456388	0.0121332	0.00309354	0.0501288	
0.0209357	0.0116074	0.0186669	0.0311693	0.134458	0.0130104	0.0105721	0.234624	0.0259884	0.128958	0.0579343	0.0398781	0.0201238	0.0216268	0.0121584	0.0062734	0.0117618	0.0727565	0.0793321	0.0481648	
0.0346141	0.296836	0.0191387	0.001185	0.0159377	0.00949008	0.00119227	0.171433	0.0513686	0.0374672	0.0398444	0.0344886	0.000251817	0.0283394	0.00141866	0.0194247	0.0600507	0.157523	0.0125615	0.00743501	
0.046238	0.00200168	0.0637622	0.171432	0.0119534	0.0130054	0.0475485	0.0274725	0.246749	0.0164544	0.022181	0.0535538	0.00586136	0.114339	0.0541778	0.027689	0.0314969	0.0151681	0.0060363	0.0228799	
0.0205234	0.0132354	0.0330429	0.0113324	0.037394	0.00805373	0.0153387	0.153606	0.0267543	0.0615912	0.0636367	0.0434038	0.0760029	0.0106348	0.00938388	0.0059352	0.0276506	0.131766	0.109775	0.140939	
0.0304042	0.00576387	0.006357	0.033437	0.0731835	0.0045852	0.078405	0.153538	0.0606643	0.0880914	0.0374175	0.0192929	0.00147317	0.00587698	0.0223448	0.00284225	0.00667309	0.0740643	0.0866664	0.208919	
0.0589554	0.0240273	0.142428	0.0382421	0.0534101	0.0351752	0.0854674	0.0119952	0.0553299	0.0443453	0.0492585	0.109326	0.00771574	0.0123334	0.00553153	0.0177106	0.0256554	0.00798985	0.149557	0.0655458	
0.0181465	0.00605475	0.0726163	0.0803469	0.162537	0.0361165	0.0499518	0.0398772	0.0883664	0.0385025	0.0236891	0.0416998	0.0115078	0.0473917	0.0171959	0.0106623	0.0161214	0.0245542	0.142677	0.0719839	
0.0400972	0.0284622	0.0310687	0.0999572	0.0250094	0.0107785	0.107181	0.0406623	0.110598	0.0609638	0.0447767	0.138327	0.00662665	0.0885187	0.0205383	0.03544	0.0456388	0.0121332	0.00309354	0.0501288	
0.0064296	0.0142404	0.0685429	0.169414	0.0381802	0.12021	0.00964334	0.0562073	0.0615058	0.0624905	0.017709	0.043902	0.0265094	0.0293578	0.00768442	0.0104936	0.0170305	0.0337634	0.0934927	0.113194	
0.0186345	0.00571423	0.105331	0.067638	0.089999	0.00941858	0.0518202	0.0356007	0.168829	0.0489432	0.0572223	0.0437057	0.0138332	0.0437166	0.0167015	0.0148556	0.0295042	0.00767769	0.0920946	0.0787599	
0.0307454	0.00799174	0.00167695	0.0659345	0.163354	0.0063098	0.00989379	0.0851586	0.0359751	0.036119	0.0891575	0.0301322	0.000346153	0.0118312	0.0129617	0.00822475	0.0279671	0.0520866	0.24024	0.0838937	
0.0450748	0.0280684	0.0379079	0.117073	0.054664	0.01153	0.00614979	0.0469895	0.0453962	0.0580489	0.0666084	0.00787893	0.0211195	0.0198862	0.046619	0.0665457	0.079125	0.0210402	0.00996466	0.21031	
0.133318	0.0133528	0.0114547	0.0443733	0.0674769	0.00958293	0.0310222	0.129809	0.0847392	0.0935431	0.0380087	0.0120671	0.0040158	0.00511201	0.00944461	0.00360243	0.0215307	0.110809	0.0803826	0.0963548	
0.0316115	0.0138002	0.0112714	0.0268232	0.0498557	0.0349282	0.0394689	0.0734033	0.0328933	0.0454719	0.240265	0.013646	0.00296438	0.211026	0.00238439	0.00501276	0.0189447	0.0358536	0.057111	0.0532642	
0.0104179	0.00189875	0.0819655	0.292865	0.0332148	0.0128022	0.0296202	0.0187906	0.0990275	0.0034323	0.0133319	0.060492	0.0551551	0.0466356	0.0160212	0.0549061	0.119804	0.00761538	0.0314158	0.010589	
0.0125757	0.00934219	0.0349767	0.0790148	0.143673	0.0225758	0.0358592	0.0300754	0.0489267	0.0238351	0.0271921	0.0180136	0.0173073	0.0185567	0.0142439	0.00823224	0.00748376	0.0108794	0.211912	0.225324	
0.0144661	0.0344208	0.0938553	0.0880065	0.0355131	0.0122842	0.0189118	0.166704	0.126435	0.099003	0.0800675	0.0126832	0.00292936	0.0386602	0.016935	0.00798808	0.0224454	0.0800334	0.0196748	0.0289833	
0.0260677	0.010171	0.105614	0.128266	0.0207223	0.0182467	0.0740975	0.0272548	0.0760596	0.0468135	0.0241914	0.0808735	0.151448	0.0674008	0.00924522	0.013088	0.0770112	0.00132299	0.015989	0.0261169	
0.0439858	0.0202492	0.0136604	0.0586305	0.0562843	0.254139	0.0457272	0.0698986	0.0695563	0.0463266	0.134349	0.0299117	0.0182398	0.0162989	0.00303239	0.00287809	0.0203547	0.0188625	0.0360673	0.0415477	
0.0462845	0.00199273	0.0638261	0.171412	0.0119142	0.0130121	0.0476634	0.0274788	0.246543	0.0164652	0.0222251	0.0536133	0.00583781	0.114258	0.0541503	0.0277264	0.0315217	0.0151576	0.00601088	0.0229071	
0.0191687	0.0158804	0.145768	0.10536	0.0134748	0.00780026	0.0686849	0.0966458	0.0558024	0.0275301	0.0123138	0.0655217	0.0324546	0.114937	0.00514541	0.0338938	0.0502291	0.0615326	0.0262499	0.0416066	
0.0220064	0.0113754	0.0209739	0.0387468	0.135254	0.0151652	0.0129907	0.219406	0.0279799	0.125789	0.0586715	0.0413672	0.0198076	0.0254985	0.012418	0.00654995	0.0127558	0.0692532	0.0732918	0.0506991	
0.020985	0.00214657	0.105833	0.114989	0.0614584	0.0131274	0.0325636	0.0314769	0.112519	0.0353449	0.0436558	0.0628675	0.0116194	0.0237578	0.0144109	0.022618	0.0454872	0.00788489	0.0715119	0.165742	
0.0572622	0.00493406	0.114673	0.139376	0.0130551	0.0146815	0.0261554	0.0162646	0.161449	0.0223853	0.0287329	0.0934408	0.015507	0.163889	0.0277987	0.0330267	0.026771	0.00546688	0.0237264	0.011405	
0.0556997	0.0269193	0.00322647	0.00802648	0.112515	0.00280105	0.00710139	0.176535	0.00879734	0.197211	0.234528	0.00653821	0.000257701	0.00822506	0.00321782	0.00662771	0.00813109	0.0454587	0.0307189	0.0574645	
0.153006	0.0167246	0.00701615	0.00786526	0.0313526	0.150339	0.179852	0.11019	0.0333214	0.0397024	0.0382287	0.0605521	0.000951259	0.0404334	0.00801249	0.00105321	0.00804563	0.0425284	0.0537439	0.0170821	
0.0462845	0.00199273	0.0638261	0.171412	0.0119142	0.0130121	0.0476634	0.0274788	0.246543	0.0164652	0.0222251	0.0536133	0.00583781	0.114258	0.0541503	0.0277264	0.0315217	0.0151576	0.00601088	0.0229071	
0.0942803	0.0266063	0.0127462	0.0333372	0.161783	0.0209162	0.00926348	0.0730307	0.0502011	0.0717614	0.0452413	0.0602468	0.00215424	0.136648	0.0129259	0.00949675	0.0935768	0.04236	0.0106753	0.0327485	
0.0536754	0.00755688	0.0454828	0.017241	0.0163274	0.0477176	0.0249236	0.0899317	0.0629191	0.194631	0.179753	0.0556703	0.00161169	0.0480098	0.00374096	0.00588587	0.0646051	0.0259229	0.0177451	0.036649	
0.178581	0.0206912	0.0155437	0.0414479	0.0462262	0.0317353	0.0459498	0.0435213	0.198674	0.0310451	0.0274172	0.0657537	0.000769997	0.0165315	0.0714538	0.0180192	0.0339288	0.0435844	0.0105806	0.0585448	
0.0462845	0.00199273	0.0638261	0.171412	0.0119142	0.0130121	0.0476634	0.0274788	0.246543	0.0164652	0.0222251	0.0536133	0.00583781	0.114258	0.0541503	0.0277264	0.0315217	0.0151576	0.00601088	0.0229071	
0.0487547	0.0242797	0.00280831	0.00847082	0.120649	0.00297883	0.00639319	0.181896	0.00784909	0.213248	0.213283	0.00484565	0.000472471	0.00934341	0.0030034	0.00620393	0.00767477	0.0436183	0.0372794	0.0569477	
0.043444	0.0112988	0.0157958	0.014892	0.0440166	0.00162095	0.488157	0.0458808	0.0405085	0.00132945	0.0370784	0.0195751	0.0196087	0.0472918	0.0136954	0.0955824	0.0297761	0.00372651	0.0226528	0.00406914	
0.055506	0.00366724	0.117415	0.145673	0.00997149	0.0153434	0.0275406	0.0134562	0.168232	0.0192812	0.0255732	0.0958088	0.0160778	0.172682	0.0284137	0.032128	0.0259066	0.0049314	0.0147592	0.00763398	
0.0756801	0.0274347	0.0113628	0.0188557	0.0723305	0.0112452	0.0671738	0.14193	0.0507389	0.0394765	0.0240759	0.045598	0.000639563	0.07301	0.00812641	0.0451919	0.0548237	0.0363984	0.101719	0.0941889	
0.0323601	0.171529	0.0928016	0.0596179	0.0706881	0.013867	0.0211723	0.062134	0.164755	0.0283044	0.0215712	0.0638003	0.00933402	0.0397474	0.0199638	0.0191182	0.0475343	0.0185747	0.00447805	0.0386478	
0.0319301	0.00260344	0.0520408	0.0499857	0.0618584	0.0722629	0.0191347	0.039284	0.0854075	0.0160691	0.136297	0.0495607	0.193653	0.054158	0.0394935	0.0322771	0.0267703	0.0107802	0.0108204	0.0156135	
0.0270369	0.00671043	0.0693173	0.122469	0.135665	0.0107715	0.0226509	0.0429801	0.104524	0.0515982	0.0351281	0.047492	0.0582578	0.0853373	0.0238002	0.0209797	0.0398092	0.0246481	0.0196373	0.0511875	
0.0346592	0.00857257	0.129511	0.189137	0.0512047	0.0147041	0.0247052	0.0327191	0.119952	0.0343247	0.0551348	0.06563	0.0293305	0.0833295	0.0166451	0.0301322	0.0312797	0.0182356	0.00600994	0.0247826	
0.0171616	0.00581069	0.0771747	0.0648188	0.142753	0.0301468	0.0556495	0.0366314	0.106113	0.0336806	0.0299024	0.0441475	0.0115152	0.0412329	0.0188467	0.0120246	0.0176522	0.0180627	0.161387	0.0752885	
0.0160244	0.00894333	0.078345	0.0731909	0.074162	0.00569415	0.0469184	0.0800298	0.050932	0.0319061	0.178661	0.0807465	0.0120398	0.0344858	0.0145554	0.0213293	0.0163414	0.0323866	0.0778022	0.0655065	
0.0337092	0.00113285	0.0530496	0.144253	0.0115373	0.0489434	0.0600375	0.03425	0.125936	0.0286005	0.0222695	0.13265	0.0642546	0.0333853	0.0393323	0.0669446	0.0576115	0.00686467	0.026281	0.00895724	
0.0208524	0.0115181	0.0185855	0.0314876	0.134015	0.0130346	0.0105933	0.233925	0.0250852	0.129608	0.058362	0.0398271	0.0198321	0.0215929	0.0123344	0.00612916	0.0118793	0.0726667	0.080265	0.0484073	
0.0177297	0.00341485	0.0976585	0.0979959	0.0930421	0.0106072	0.0317153	0.0249296	0.143911	0.0391521	0.0430221	0.0473381	0.0138829	0.0313564	0.0144045	0.0150213	0.0339871	0.00625396	0.0765888	0.157988	
0.0265502	0.0175228	0.0721341	0.120387	0.135854	0.0129832	0.0299208	0.0457207	0.102031	0.0499992	0.0365609	0.0497347	0.048158	0.0784064	0.0224263	0.0182224	0.0387376	0.0239494	0.0219678	0.048733	
0.0349294	0.0117374	0.0402781	0.0735548	0.0395107	0.00563112	0.0182191	0.0427857	0.0578316	0.0420821	0.0534429	0.0608143	0.00405546	0.0563674	0.0131376	0.0144435	0.0137614	0.015483	0.31	0.0919342	
0.0271078	0.00873134	0.0462304	0.127272	0.0692148	0.0152751	0.0267212	0.0291416	0.252098	0.0238454	0.0216281	0.03456	0.038226	0.0753721	0.0664534	0.0182901	0.0221743	0.0186581	0.036325	0.0426753	
0.0433854	0.0042032	0.0725678	0.0961284	0.0458422	0.028241	0.0248167	0.0280837	0.0677343	0.0309148	0.0441528	0.0470796	0.00734096	0.140476	0.0169071	0.00752333	0.0211956	0.0143322	0.0413797	0.217695	
0.0361395	0.00131164	0.0747031	0.0423712	0.0709148	0.00565965	0.0164416	0.102176	0.0596621	0.0982532	0.0251719	0.101657	0.00751484	0.0587727	0.0442829	0.00838984	0.0145478	0.0460587	0.00429292	0.181678	
0.027573	0.0101282	0.080876	0.125162	0.0497907	0.00740833	0.0405494	0.0705581	0.0649344	0.0342836	0.129694	0.0801733	0.0186525	0.0478586	0.0148993	0.0194245	0.0178156	0.0360002	0.0899052	0.0343129	
0.055506	0.00366724	0.117415	0.145673	0.00997149	0.0153434	0.0275406	0.0134562	0.168232	0.0192812	0.0255732	0.0958088	0.0160778	0.172682	0.0284137	0.032128	0.0259066	0.0049314	0.0147592	0.00763398	
0.0282679	0.0100593	0.033079	0.0732079	0.0362299	0.00522977	0.0229446	0.0544834	0.0536078	0.0349783	0.0452099	0.0570451	0.00411332	0.045124	0.0135018	0.0102759	0.011306	0.015139	0.352735	0.0934623	
0.0187148	0.00573634	0.105225	0.0672599	0.090296	0.00939474	0.0519133	0.035685	0.169152	0.0491445	0.0573242	0.0436352	0.0138743	0.0440501	0.0166821	0.014889	0.029503	0.00768429	0.092196	0.0776409	
0.0362588	0.019266	0.099295	0.157873	0.0446067	0.00812364	0.0393049	0.0568131	0.0702946	0.0355253	0.0780657	0.0837239	0.0286086	0.0533397	0.0143505	0.030401	0.0241042	0.0432345	0.0579643	0.0188464	
0.0376938	0.00786925	0.133548	0.195518	0.0361614	0.0152862	0.0247759	0.029995	0.126597	0.0305766	0.0549774	0.0704657	0.0247844	0.0918995	0.0168584	0.0311572	0.0296528	0.0159908	0.00531381	0.0208802	
0.0177535	0.0162453	0.167461	0.0834702	0.0698439	0.0541343	0.0328158	0.028458	0.041389	0.0549422	0.0268017	0.0799423	0.00417024	0.0525226	0.00777807	0.0107436	0.0494542	0.0364654	0.110763	0.0548457	
0.0180933	0.00528564	0.0754145	0.0831261	0.161113	0.0311246	0.0476074	0.0387709	0.10339	0.041358	0.028816	0.0406347	0.0125738	0.0492519	0.0168662	0.0103474	0.0163831	0.0219775	0.130642	0.0672233	
0.029036	0.00727353	0.0926173	0.139294	0.104809	0.0105017	0.0208405	0.0368719	0.118326	0.0462704	0.0390844	0.0523047	0.0502012	0.0841736	0.0224257	0.0252635	0.0382203	0.0223025	0.0145763	0.0456068	
0.0282175	0.0100732	0.0329954	0.0731778	0.0363133	0.00521785	0.022975	0.0544833	0.0535436	0.0349456	0.0453017	0.0569688	0.00410525	0.0450927	0.0135292	0.0102671	0.011293	0.0151504	0.352998	0.0933515	
0.055506	0.00366724	0.117415	0.145673	0.00997149	0.0153434	0.0275406	0.0134562	0.168232	0.0192812	0.0255732	0.0958088	0.0160778	0.172682	0.0284137	0.032128	0.0259066	0.0049314	0.0147592	0.00763398	
0.029501	0.0126877	0.030801	0.0740283	0.0518823	0.0044621	0.0234363	0.0510185	0.0537047	0.0321683	0.060804	0.0544033	0.00341276	0.050292	0.0146199	0.0102247	0.0121287	0.0163023	0.308166	0.105956	
0.0325582	0.0776453	0.072022	0.0377206	0.0592706	0.0068745	0.0501041	0.115565	0.0129379	0.115494	0.141632	0.0214714	0.00733747	0.0188629	0.0116345	0.00345861	0.0153323	0.0271344	0.125463	0.0474822	
0.0264646	0.00717967	0.0932846	0.129783	0.100025	0.0104721	0.0353741	0.0336754	0.142263	0.0451178	0.0456671	0.043804	0.0391624	0.0704965	0.0227482	0.0177748	0.0316966	0.0163286	0.0385765	0.0501054	
0.0554548	0.00366988	0.117418	0.145745	0.01003	0.0153415	0.0275406	0.0134988	0.168167	0.0192859	0.0256211	0.095817	0.0161216	0.172472	0.0283987	0.0321306	0.0259181	0.00495096	0.0147544	0.00766396	
0.0400972	0.0284622	0.0310687	0.0999572	0.0250094	0.0107785	0.107181	0.0406623	0.110598	0.0609638	0.0447767	0.138327	0.00662665	0.0885187	0.0205383	0.03544	0.0456388	0.0121332	0.00309354	0.0501288	
0.0196253	0.00260298	0.127886	0.0183365	0.00873915	0.0219322	0.00587347	0.0787008	0.104177	0.0897386	0.108206	0.0319036	0.0190359	0.0678496	0.0196536	0.0014465	0.00485524	0.0387068	0.203194	0.0275366	
0.0365826	0.0139295	0.0731798	0.0355887	0.0394948	0.00957112	0.0806253	0.0430828	0.129115	0.028344	0.0334278	0.121597	0.127267	0.0247844	0.0151171	0.0272974	0.0237876	0.0207969	0.0144665	0.101944	
0.0270387	0.00666012	0.0674646	0.121964	0.135932	0.0109179	0.0228086	0.0436645	0.105114	0.051374	0.03455	0.047181	0.0590084	0.085254	0.0240485	0.0204618	0.0400771	0.0248388	0.0202418	0.0514005	
0.0439341	0.0496669	0.00622016	0.0175452	0.00856518	0.0224162	0.0250163	0.0432035	0.0818108	0.0155216	0.0439493	0.154915	0.000384073	0.130142	0.0265228	0.0394771	0.133833	0.149499	0.00443882	0.0029388	
0.0188182	0.0114251	0.0122158	0.0206359	0.163976	0.0088602	0.00728151	0.24076	0.0169897	0.133515	0.0555274	0.0273193	0.0165637	0.0139763	0.009577	0.00459454	0.0112423	0.0804506	0.0952721	0.050999	
0.0346141	0.296836	0.0191387	0.001185	0.0159377	0.00949008	0.00119227	0.171433	0.0513686	0.0374672	0.0398444	0.0344886	0.000251817	0.0283394	0.00141866	0.0194247	0.0600507	0.157523	0.0125615	0.00743501	
0.0379153	0.0248465	0.00107717	0.0440262	0.0556737	0.0213542	0.429014	0.0712298	0.0499683	0.00719611	0.0695546	0.00479437	0.000500622	0.000943014	0.000942906	0.0146298	0.0602338	0.00209573	0.0952662	0.00873739	
0.0250321	0.047891	0.021413	0.00443364	0.0939811	0.237086	0.0121741	0.0189261	0.0220151	0.018351	0.150541	0.226169	0.000355535	0.0210639	0.0568611	0.00135051	0.0181085	0.00270142	0.00882678	0.0127192	
0.00226039	0.0219147	0.553732	0.0485607	0.0611549	0.00110768	0.000855793	0.0578497	0.00552152	0.036011	0.0652699	0.00182758	0.00663343	0.00159771	0.0232533	0.041302	0.0260654	0.000312132	0.0424747	0.00229583	
0.0170225	0.0166619	0.000759071	0.00150936	0.2208	0.00218786	0.0015047	0.287375	0.00248183	0.129937	0.0557081	0.00159003	0.00779323	0.0010598	0.00116856	0.00131718	0.011583	0.10115	0.071733	0.0666573	
0.0218113	0.0544772	0.00300511	0.00281055	0.0531761	0.00901675	0.22595	0.020036	0.122815	0.00496151	0.110121	0.136115	0.000327223	0.0216794	0.0152488	0.0169775	0.0300748	0.00772614	0.134115	0.00955466	
0.0317301	0.0209507	0.0972656	0.0606124	0.0219838	0.0198931	0.0994831	0.0733728	0.128576	0.0494108	0.0245049	0.0677206	0.112419	0.0198546	0.020168	0.0440739	0.0352003	0.026252	0.00562217	0.0409061	
0.0156984	0.00305758	0.165359	0.0672078	0.0437761	0.0846145	0.0237479	0.00731827	0.0500032	0.00305485	0.0344939	0.163332	0.0240043	0.0398798	0.0188584	0.0218314	0.00848415	0.00547664	0.127588	0.0922136	
0.00491522	0.000553844	0.0148893	0.00380716	0.0980966	0.0119361	0.042664	0.00283073	0.00478901	0.00165659	0.00864438	0.759828	0.00413911	0.0177713	0.00118115	0.00839604	0.00317031	0.00246956	0.0033014	0.00496015	
0.0170225	0.0166619	0.000759071	0.00150936	0.2208	0.00218786	0.0015047	0.287375	0.00248183	0.129937	0.0557081	0.00159003	0.00779323	0.0010598	0.00116856	0.00131718	0.011583	0.10115	0.071733	0.0666573	
0.0526486	0.0259584	0.014132	0.00898643	0.0795319	0.00572898	0.0266357	0.179803	0.00888813	0.141739	0.310159	0.0178011	0.000967834	0.00584174	0.00541091	0.00352583	0.00748584	0.0447211	0.0295301	0.0305044	
0.0304715	0.00810221	0.00167777	0.0656746	0.163252	0.00624048	0.0100007	0.0850526	0.0361044	0.0361148	0.0887236	0.0297139	0.000346054	0.0122456	0.0129188	0.00817104	0.0277368	0.0519431	0.240972	0.0845378	
0.0147316	0.0129327	0.22438	0.0504638	0.0327481	0.014167	0.0567837	0.0138337	0.0772962	0.0492809	0.0410653	0.104453	0.00299296	0.0504745	0.0221405	0.0516425	0.160677	0.00543524	0.00922991	0.00527188	
0.0140859	0.0122738	0.15077	0.13053	0.0318253	0.0696987	0.0354056	0.0133011	0.0329096	0.0230809	0.0384623	0.0819196	0.0291	0.0720072	0.0120142	0.0280562	0.0341948	0.0242731	0.15183	0.0142621	
0.0254898	0.00921811	0.0262918	0.108518	0.0559124	0.0253109	0.0311666	0.0288059	0.256814	0.0219309	0.0278586	0.0470898	0.0514172	0.0562894	0.0759425	0.0196449	0.0196135	0.0250532	0.0333013	0.0543311	
0.0123237	0.020174	0.000819312	0.00213318	0.216539	0.00138261	0.00216192	0.367054	0.00423175	0.104107	0.0394979	0.00129817	0.00475973	0.00119364	0.000958213	0.0016498	0.00797721	0.111315	0.0432562	0.057168	
0.0104869	0.0181685	0.000876068	0.00279225	0.210539	0.00111391	0.00242163	0.405988	0.00744249	0.0908413	0.0297635	0.0016388	0.0038095	0.00147561	0.00123242	0.00201266	0.00677642	0.108587	0.0371734	0.0568608	
0.00241365	0.00854589	0.358563	0.000265202	0.0383245	0.00133454	0.000186767	0.00481839	0.40154	0.00160883	0.0812782	0.000791806	0.000252523	0.0115984	0.0494806	0.00264315	0.0284311	0.00110252	0.00389959	0.00292068	
0.00179932	0.0121492	0.285203	0.00705427	0.20413	0.000769477	0.026618	0.0059783	0.00263667	0.0207468	0.00409677	0.0139158	0.0770801	0.00151941	0.000309617	0.00257862	0.00283353	0.00550833	0.295255	0.0298174	
0.0355263	0.00153543	0.172829	0.270388	0.0108901	0.0695186	0.000874668	0.00885304	0.00422228	0.00201439	0.0961493	0.0477366	0.000561841	0.113588	0.000481554	0.012432	0.0585926	0.00683427	0.0333882	0.0535828	
0.00124194	0.0170649	0.263257	0.063529	0.0983656	0.0125841	0.00486994	0.00817639	0.0110893	0.0360918	0.134461	0.0278052	0.00556605	0.00485092	0.0299027	0.0144703	0.0918612	0.00283768	0.0165991	0.155375	
0.186134	0.177355	0.00390965	0.00439752	0.0524585	0.00899009	0.0168542	0.0274457	0.024533	0.0515844	0.120219	0.0124381	0.000765694	0.0119263	0.00133208	0.10191	0.0516669	0.0467051	0.0372886	0.0620868	
0.0201639	0.0546535	0.0568751	0.00855898	0.0698815	0.0750735	0.0469274	0.015547	0.106456	0.0128686	0.184932	0.0101886	0.000373169	0.0431472	0.0273197	0.0380572	0.0744503	0.0225449	0.00435721	0.127624	
0.0153586	0.0120895	0.0259906	0.0108175	0.0353123	0.00349799	0.0234643	0.123548	0.0466069	0.0437598	0.0755482	0.059992	0.0464989	0.0130125	0.00861691	0.00611183	0.0273718	0.0789431	0.178282	0.165177	
0.0837873	0.00864352	0.0668222	0.0161021	0.0209056	0.23561	0.0133738	0.0425907	0.0131929	0.0103809	0.115836	0.189347	0.000774646	0.0416742	0.00290733	0.0366485	0.0456243	0.0013067	0.0158038	0.0386677	
0.00179932	0.0121492	0.285203	0.00705427	0.20413	0.000769477	0.026618	0.0059783	0.00263667	0.0207468	0.00409677	0.0139158	0.0770801	0.00151941	0.000309617	0.00257862	0.00283353	0.00550833	0.295255	0.0298174	
0.0344841	0.00327272	0.00499403	0.021463	0.0625272	0.00212291	0.00458236	0.155703	0.0767216	0.0341954	0.114353	0.00956223	0.152557	0.0329242	0.0821685	0.0132679	0.00936666	0.0475771	0.0438639	0.0942935	
0.0968502	0.014	0.0249275	0.175877	0.0301321	0.0150986	0.0603819	0.0721979	0.00784402	0.0528863	0.136385	0.00285269	0.000398649	0.02142	0.0127301	0.0201455	0.0268838	0.0172222	0.0970626	0.114704	
0.0151143	0.0207187	0.00690737	0.0468944	0.164222	0.000959273	0.0275478	0.0413844	0.0430466	0.0402526	0.0854823	0.0219675	0.000602867	0.0728424	0.0143152	0.00621282	0.00647264	0.0161153	0.138697	0.230245	
0.00226039	0.0219147	0.553732	0.0485607	0.0611549	0.00110768	0.000855793	0.0578497	0.00552152	0.036011	0.0652699	0.00182758	0.00663343	0.00159771	0.0232533	0.041302	0.0260654	0.000312132	0.0424747	0.00229583	
0.0170316	0.0166506	0.000770965	0.00152952	0.220722	0.00219596	0.00150607	0.287304	0.00250444	0.129973	0.0557049	0.00160638	0.00780447	0.00107048	0.00117808	0.00132175	0.0115786	0.101114	0.0718203	0.0666135	
0.323025	0.00595433	0.00319322	0.0053104	0.0264454	0.0941298	0.0137754	0.0536905	0.0110353	0.0123498	0.0553093	0.0591357	0.00106718	0.0276648	0.000694089	0.0292639	0.0403889	0.0518512	0.133716	0.0519999	
0.0115685	0.0117133	0.0696265	0.0257829	0.0673653	0.00454291	0.0524536	0.0913143	0.0376253	0.0291926	0.252068	0.0919387	0.00520123	0.0200746	0.0125378	0.0266014	0.01892	0.0287159	0.0506487	0.0921082	
0.0934995	0.11705	0.00288139	0.00464797	0.0655442	0.0114297	0.127705	0.0697955	0.0147818	0.106565	0.116467	0.0141796	0.00184757	0.0143732	0.000827626	0.0337386	0.116415	0.0315365	0.0116957	0.0450188	
0.0157612	0.0626544	0.00226831	0.0454401	0.121242	0.00886072	0.0309054	0.130074	0.0253609	0.161582	0.0600165	0.0068196	0.00587529	0.0319133	0.00178769	0.0156155	0.0163442	0.0381931	0.150012	0.0692737	
0.0126433	0.0111132	0.0732349	0.038533	0.0693816	0.00500093	0.0543718	0.0862996	0.0381217	0.0307586	0.228572	0.0904296	0.00692266	0.0248249	0.0133719	0.0256028	0.0178969	0.0310919	0.0572641	0.0845641	
0.0216727	0.00506576	0.0685852	0.106916	0.160268	0.0238634	0.0375452	0.0469013	0.0939489	0.0487541	0.0322319	0.0457393	0.027897	0.0696795	0.0179674	0.013068	0.0258393	0.0255662	0.0758606	0.0526301	
0.0140859	0.0122738	0.15077	0.13053	0.0318253	0.0696987	0.0354056	0.0133011	0.0329096	0.0230809	0.0384623	0.0819196	0.0291	0.0720072	0.0120142	0.0280562	0.0341948	0.0242731	0.15183	0.0142621	
0.0415537	0.00731184	0.125372	0.204458	0.0308996	0.020588	0.0410388	0.0359836	0.0977635	0.0259567	0.075321	0.0575642	0.0366201	0.0817127	0.0183688	0.0275675	0.0266727	0.020569	0.00904697	0.0156317	
0.035418	0.00902942	0.123122	0.189502	0.041514	0.0144893	0.0319012	0.0322712	0.119386	0.0345227	0.0562532	0.0747868	0.0251597	0.0852332	0.0169435	0.0315563	0.031436	0.0178229	0.00580914	0.0238434	
0.0253657	0.0120519	0.0942371	0.0441952	0.181188	0.00507224	0.00869939	0.0354401	0.0112779	0.0362531	0.0510586	0.00926725	0.0192773	0.112827	0.007311	0.00871418	0.0185896	0.0250069	0.204098	0.0900706	
0.0361395	0.00131164	0.0747031	0.0423712	0.0709148	0.00565965	0.0164416	0.102176	0.0596621	0.0982532	0.0251719	0.101657	0.00751484	0.0587727	0.0442829	0.00838984	0.0145478	0.0460587	0.00429292	0.181678	
0.0371152	0.00809222	0.133986	0.196155	0.037468	0.0151977	0.0253642	0.0306347	0.124276	0.0311563	0.0560534	0.0695352	0.0252197	0.0891003	0.0165994	0.0310094	0.0298435	0.0166881	0.00542146	0.0210845	
0.0461691	0.00401357	0.0738882	0.0984887	0.0432459	0.029884	0.0259134	0.0294825	0.0660177	0.0309451	0.0505039	0.0482838	0.00779083	0.136225	0.017837	0.00754357	0.0229474	0.0144895	0.0390843	0.207247	
0.0412484	0.00408102	0.0675054	0.0914415	0.0520654	0.0280866	0.0251477	0.0306029	0.0682865	0.0339384	0.0422214	0.0459103	0.00675315	0.130742	0.0175482	0.00783769	0.0199409	0.0160398	0.0425201	0.228082	
0.0325503	0.00998665	0.0609532	0.113193	0.127233	0.0525889	0.0403442	0.0558021	0.074883	0.0641384	0.0437401	0.0495115	0.0115486	0.081539	0.0148874	0.00946898	0.0177976	0.0345598	0.0709856	0.0342883	
0.0462845	0.00199273	0.0638261	0.171412	0.0119142	0.0130121	0.0476634	0.0274788	0.246543	0.0164652	0.0222251	0.0536133	0.00583781	0.114258	0.0541503	0.0277264	0.0315217	0.0151576	0.00601088	0.0229071	
0.0433757	0.00420667	0.0725521	0.0960459	0.045857	0.0282328	0.0248149	0.0280933	0.0677295	0.030923	0.0441183	0.0470821	0.00733507	0.140347	0.0169025	0.00752588	0.0211807	0.0143444	0.0416331	0.217701	
0.0433854	0.0042032	0.0725678	0.0961284	0.0458422	0.028241	0.0248167	0.0280837	0.0677343	0.0309148	0.0441528	0.0470796	0.00734096	0.140476	0.0169071	0.00752333	0.0211956	0.0143322	0.0413797	0.217695	
0.0288064	0.00631722	0.0660782	0.126645	0.130752	0.013147	0.0251349	0.0433713	0.105454	0.0472413	0.0319575	0.0465406	0.059907	0.0890583	0.0255752	0.020201	0.0397544	0.0245029	0.0211875	0.0483681	
0.0194495	0.0146467	0.163737	0.0928883	0.0607645	0.0578194	0.0338994	0.0336577	0.0495273	0.0564039	0.027726	0.0781117	0.0041222	0.0583188	0.00784677	0.0119356	0.0486693	0.0393864	0.0906756	0.0504144	
0.0148835	0.00727805	0.0224745	0.107998	0.119922	0.0151011	0.0273544	0.03289	0.0323591	0.029469	0.0371217	0.00791192	0.0264437	0.0146966	0.0122161	0.00597786	0.00718554	0.00884166	0.21434	0.255534	
0.0503499	0.00382459	0.112619	0.192588	0.0304631	0.0290384	0.0577393	0.0316848	0.100617	0.0208176	0.0491587	0.0437095	0.0479592	0.0974521	0.029446	0.0284166	0.0289533	0.0176045	0.00926673	0.0182911	
0.0280793	0.00763061	0.0423026	0.134239	0.0517994	0.0152285	0.0292193	0.0272529	0.282368	0.0189009	0.0197848	0.0386304	0.0255488	0.0831403	0.0684291	0.0201903	0.0206395	0.0181926	0.0298361	0.0385886	
0.0567524	0.0368056	0.0167943	0.0450887	0.0332524	0.0266561	0.0328269	0.11254	0.0303106	0.055194	0.163376	0.0337963	0.0196137	0.00399509	0.0490411	0.0116223	0.0327925	0.0367993	0.0368703	0.165873	
0.0472041	0.00330862	0.0659154	0.16325	0.0124703	0.0129117	0.045739	0.0270471	0.240313	0.0199962	0.0251262	0.0514358	0.00672015	0.11159	0.0593979	0.0289696	0.0284292	0.0139648	0.0070379	0.0291736	
0.0148835	0.00727805	0.0224745	0.107998	0.119922	0.0151011	0.0273544	0.03289	0.0323591	0.029469	0.0371217	0.00791192	0.0264437	0.0146966	0.0122161	0.00597786	0.00718554	0.00884166	0.21434	0.255534	
0.0198519	0.0107503	0.00680895	0.013581	0.108885	0.00160891	0.122649	0.0834924	0.0185406	0.039196	0.0093532	0.00989522	0.00178542	0.01008	0.00821087	0.00131942	0.00307073	0.013823	0.230271	0.286827	
