0.0132186	0.00188231	0.0846396	0.17007	0.00395441	0.0145592	0.0299961	0.0137813	0.22065	0.0082858	0.0398175	0.0609373	0.0496827	0.175556	0.0216283	0.0267425	0.0394393	0.00757247	0.00292406	0.0146622	
0.0230608	0.0252033	0.00133625	0.0093183	0.0990237	0.0674953	0.0325894	0.156635	0.0171343	0.0654729	0.125681	0.00613344	0.000284189	0.00796726	0.000412738	0.0145849	0.024066	0.082887	0.0431159	0.197598	
0.00662505	0.00872958	0.00331915	0.00526211	0.0995703	0.00144939	0.00129838	0.329503	0.00763776	0.222555	0.175549	0.0116676	0.00460571	0.00796952	0.000191271	0.000888554	0.0075135	0.0649282	0.0244646	0.0162736	
0.0119451	0.0614917	0.00908495	0.0443236	0.0602416	0.0193973	0.0137116	0.0971757	0.0551614	0.122929	0.162811	0.0373458	0.000454887	0.0273862	0.00823901	0.0478443	0.123249	0.0605734	0.0105945	0.0260394	
0.011406	0.0450575	0.00455069	0.00490072	0.516829	0.00228304	0.0111636	0.0917692	0.0394181	0.0130688	0.0290431	0.0232738	0.00213657	0.0207894	0.00330724	0.00218835	0.00856515	0.117419	0.011463	0.0413674	
0.0100115	0.00378189	0.0575788	0.155242	0.00722488	0.0130952	0.0287923	0.0233953	0.238778	0.0105342	0.067759	0.0540033	0.00818445	0.179217	0.02986	0.023261	0.0480799	0.0122343	0.00336921	0.0255969	
0.0414898	0.084533	0.00354582	0.00732874	0.0140927	0.00145816	0.00522049	0.317371	0.00944264	0.104414	0.115842	0.0302614	0.000739189	0.00824475	0.00108537	0.0181039	0.0577404	0.129285	0.00797148	0.04183	
0.0206832	0.00669586	0.0845626	0.113846	0.0354749	0.24491	0.0199386	0.00278573	0.0504666	0.00138697	0.0941601	0.240509	0.00579382	0.0240519	0.00551843	0.025399	0.00853368	0.00062431	0.0024705	0.0121886	
0.0217252	0.00179351	0.114008	0.179958	0.00175823	0.0681864	0.0237528	0.0175147	0.186828	0.0050673	0.0129193	0.18715	0.0300497	0.0583456	0.0196252	0.03299	0.0206283	0.0033583	0.00985705	0.00448389	
0.0164558	0.00166157	0.0699312	0.325364	0.018425	0.0101752	0.0258257	0.0118053	0.146767	0.00976681	0.0470839	0.103439	0.00428034	0.1153	0.0207224	0.0268432	0.0214188	0.00673518	0.0068104	0.0111896	
0.0111616	0.00598265	0.0238327	0.131819	0.0147422	0.0044949	0.0293841	0.0445306	0.115343	0.034964	0.0778729	0.0515398	0.00670948	0.104253	0.0220863	0.0148478	0.143317	0.0394228	0.0537227	0.069973	
0.0320918	0.00461258	0.0013241	0.016337	0.22421	0.0011927	0.00687989	0.0520698	0.167819	0.0432068	0.0336526	0.00489153	0.000821288	0.00483835	0.0129033	0.00180502	0.00631943	0.0207136	0.104452	0.259859	
0.251206	0.10746	0.00134152	0.00410205	0.00901944	0.0909043	0.0260728	0.219607	0.0525762	0.0453459	0.0268157	0.0276153	0.000720094	0.0228031	0.00048611	0.01132	0.0178534	0.0545291	0.00440834	0.025813	
0.0141076	0.0346129	0.000928315	0.00434636	0.0576266	0.00281644	0.00867957	0.479846	0.016402	0.0742722	0.0781949	0.00193563	0.000703693	0.00631459	0.0017079	0.00460627	0.0237407	0.131615	0.00199032	0.055553	
0.00708285	0.000797321	0.182024	0.0621401	0.012807	0.0146848	0.00399687	0.0048296	0.0835121	0.00379122	0.0269985	0.252202	0.225646	0.0537438	0.00647908	0.0280919	0.0125992	0.00146105	0.0154812	0.00163164	
0.0615456	0.0543124	0.00462441	0.0128712	0.0139378	0.0013271	0.00417428	0.347617	0.00546243	0.0821245	0.148529	0.0429725	0.000962395	0.0142984	0.000450241	0.0178289	0.0506507	0.113987	0.00364909	0.0186747	
0.0164722	0.00166109	0.0699238	0.325373	0.0184465	0.010173	0.0258343	0.0118038	0.146721	0.0097709	0.0470653	0.103513	0.00428049	0.115252	0.0207265	0.0268515	0.0213904	0.00673534	0.00681757	0.0111889	
0.0284406	0.00737204	0.0430548	0.0913958	0.0127168	0.0128486	0.0357346	0.0122105	0.447045	0.0105133	0.0202365	0.0647149	0.00346051	0.0932726	0.035792	0.0351184	0.01834	0.00548141	0.00403764	0.0182145	
0.0135887	0.0610384	0.00100328	0.000967968	0.00892226	0.000252624	0.00819785	0.596627	0.00760189	0.0117102	0.0315105	0.00463901	0.000249572	0.00217735	0.000591146	0.0147924	0.0498847	0.161258	0.00129509	0.0236924	
0.0179546	0.00639157	0.0395781	0.098563	0.00819271	0.0112245	0.0285089	0.0502949	0.295207	0.0134247	0.0548233	0.0655984	0.00395998	0.147582	0.0468825	0.028546	0.0376273	0.0167921	0.0043225	0.0245267	
0.00285146	0.00385059	0.0150348	0.496779	0.032533	0.0129322	0.0232552	0.0222196	0.0513117	0.00401989	0.0987558	0.00779855	0.00148407	0.0244682	0.0428907	0.0664387	0.0641455	0.000717026	0.0152384	0.0132757	
0.0135887	0.0610384	0.00100328	0.000967968	0.00892226	0.000252624	0.00819785	0.596627	0.00760189	0.0117102	0.0315105	0.00463901	0.000249572	0.00217735	0.000591146	0.0147924	0.0498847	0.161258	0.00129509	0.0236924	
0.0290108	0.0111933	0.0131335	0.132521	0.0251287	0.00608486	0.0442186	0.293836	0.0297265	0.0675905	0.0926517	0.0266017	0.000432479	0.0150499	0.0468966	0.0108766	0.00840502	0.112823	0.00646974	0.0273491	
0.0187484	0.00503216	0.07953	0.161752	0.00866974	0.0153832	0.0347582	0.0225414	0.214376	0.0111125	0.0331145	0.0604226	0.0476349	0.147269	0.0298226	0.0299291	0.0400104	0.0119275	0.00315867	0.0248071	
0.0327105	0.0150185	0.0146017	0.0293295	0.032745	0.00628316	0.0169772	0.0866127	0.0583224	0.0326412	0.112917	0.0557805	0.152176	0.0333342	0.0084034	0.0082845	0.0149176	0.042004	0.0557724	0.191168	
0.0227496	0.000275232	0.104524	0.156463	0.00232483	0.0172728	0.0333494	0.0123939	0.166079	0.007812	0.0251636	0.0870671	0.111897	0.137284	0.0183181	0.0389995	0.0387984	0.00667424	0.00503361	0.00752027	
0.0230051	0.000580631	0.10355	0.158317	0.00271768	0.0175051	0.0331688	0.0132078	0.168157	0.00807924	0.0246297	0.0868036	0.108044	0.13447	0.0192829	0.0388333	0.0392808	0.00695411	0.00493689	0.00847677	
0.0201925	0.0288289	0.0424646	0.0665418	0.0570671	0.00250527	0.0597429	0.061546	0.155114	0.00509455	0.0282535	0.0587694	0.000896017	0.0179518	0.0112055	0.039198	0.258686	0.00659477	0.00962001	0.0697272	
0.0325188	0.00969767	0.0762771	0.137022	0.0160275	0.0163972	0.038724	0.0394297	0.169527	0.0163542	0.0224984	0.0748794	0.0720174	0.0929459	0.037233	0.0427849	0.0471114	0.0179523	0.00479767	0.0358046	
0.00860419	0.00546752	0.0103966	0.0076055	0.00876491	0.00465114	0.0152064	0.382809	0.0268878	0.0390458	0.0707598	0.0360759	0.00828232	0.0201479	0.00595704	0.0194922	0.0629436	0.101108	0.029493	0.136301	
0.0258022	0.0145137	0.0141773	0.0427742	0.0530272	0.00537894	0.0117977	0.0515312	0.115711	0.0243036	0.0941255	0.045595	0.252692	0.044554	0.010075	0.00902527	0.00636379	0.0190345	0.0383233	0.121195	
0.00533426	0.0179219	0.0428063	0.0698633	0.0288391	0.0746277	0.127978	0.00869462	0.105298	0.0574861	0.0889123	0.186044	0.00282473	0.0751074	0.0269795	0.0157821	0.0260026	0.00703198	0.00537477	0.0270908	
0.0857842	0.0112903	0.0363874	0.0196422	0.0148075	0.0112608	0.00381492	0.0783328	0.0226171	0.0186532	0.257211	0.066535	0.00431969	0.0740357	0.0114404	0.080816	0.121522	0.0447246	0.0239495	0.0128551	
0.0233086	0.000625632	0.102984	0.159139	0.00346363	0.0173117	0.035618	0.0118674	0.161509	0.00753978	0.0249009	0.0898401	0.113405	0.132885	0.0179029	0.0394785	0.0385123	0.00653255	0.00511055	0.00806553	
0.0217252	0.00179351	0.114008	0.179958	0.00175823	0.0681864	0.0237528	0.0175147	0.186828	0.0050673	0.0129193	0.18715	0.0300497	0.0583456	0.0196252	0.03299	0.0206283	0.0033583	0.00985705	0.00448389	
0.0204559	0.0177072	0.0295783	0.0426756	0.139331	0.00920117	0.0636553	0.053649	0.125801	0.0225281	0.0174297	0.0313552	0.0032207	0.0472147	0.00824394	0.0229403	0.0452218	0.0234002	0.086974	0.189417	
0.0117183	0.00442255	0.00551423	0.00162937	0.0709358	0.00312921	0.0383658	0.220278	0.020333	0.0601519	0.232862	0.0209509	0.00787567	0.0358986	0.00392746	0.0104816	0.0644371	0.139787	0.00725581	0.040046	
0.0588708	0.0182217	0.00248225	0.00166363	0.0791281	0.00771115	0.00519851	0.262456	0.00276866	0.0483156	0.112969	0.0147658	0.000113687	0.0205123	0.00154996	0.0077243	0.0228194	0.0961795	0.039118	0.197431	
0.0115926	0.00191906	0.0781064	0.0331885	0.00389457	0.00265954	0.0195411	0.0290109	0.0234585	0.0052592	0.0258217	0.594746	0.00196569	0.0235618	0.0190692	0.0227392	0.0541306	0.0200971	0.0225425	0.00669627	
0.00479573	0.006689	0.00246015	0.00499908	0.023066	0.000361391	0.067576	0.272216	0.0267731	0.108478	0.0454786	0.0373446	0.000396124	0.00945006	0.00189611	0.00350039	0.0131331	0.0794783	0.0716219	0.220287	
0.0115761	0.00179198	0.0587458	0.159586	0.0321974	0.00592406	0.0037302	0.0285794	0.0218917	0.00251104	0.0610858	0.150001	0.00398906	0.119203	0.24587	0.00968258	0.00284399	0.00347114	0.00438112	0.0729378	
0.0206832	0.00669586	0.0845626	0.113846	0.0354749	0.24491	0.0199386	0.00278573	0.0504666	0.00138697	0.0941601	0.240509	0.00579382	0.0240519	0.00551843	0.025399	0.00853368	0.00062431	0.0024705	0.0121886	
0.0164722	0.00166109	0.0699238	0.325373	0.0184465	0.010173	0.0258343	0.0118038	0.146721	0.0097709	0.0470653	0.103513	0.00428049	0.115252	0.0207265	0.0268515	0.0213904	0.00673534	0.00681757	0.0111889	
0.00860419	0.00546752	0.0103966	0.0076055	0.00876491	0.00465114	0.0152064	0.382809	0.0268878	0.0390458	0.0707598	0.0360759	0.00828232	0.0201479	0.00595704	0.0194922	0.0629436	0.101108	0.029493	0.136301	
0.00793204	0.0229204	0.00105698	0.00665468	0.0421183	0.00180305	0.0222177	0.381891	0.0151079	0.0853117	0.0792257	0.0147427	0.000484865	0.0080926	0.0014803	0.0046925	0.0265849	0.0973125	0.0321729	0.148197	
0.0121833	0.00213791	0.0453985	0.105436	0.0171873	0.0246937	0.00551846	0.0728707	0.0932668	0.00305708	0.0364743	0.0892015	0.222694	0.00920834	0.000872689	0.0230898	0.0672588	0.0316747	0.115915	0.0218605	
0.014199	0.0266378	0.000531281	0.00123412	0.0365114	0.00132317	0.00545332	0.546245	0.0161645	0.0658573	0.0682311	0.00636424	0.000386946	0.00168458	0.00154929	0.000738428	0.00575503	0.163933	0.0105718	0.0266288	
0.014205	0.0266192	0.000530503	0.00122866	0.0364616	0.00132192	0.00546088	0.54633	0.0161809	0.0658432	0.0682496	0.0063612	0.000386631	0.00168392	0.00155131	0.000735907	0.00573322	0.164043	0.0105893	0.0264839	
0.00459307	0.00872637	0.559493	0.0473703	0.00390272	0.00348332	0.0239449	0.00409539	0.0371419	0.00113126	0.0369107	0.154089	0.00798844	0.0185273	0.0168644	0.0346408	0.00976417	0.000285353	0.0016708	0.0253765	
0.0305132	0.0604826	0.0147337	0.0125098	0.058984	0.00586916	0.00513377	0.130962	0.0237555	0.272288	0.19683	0.0305945	0.00613818	0.00928296	0.00101856	0.00179262	0.0807279	0.0261313	0.0146299	0.0176231	
0.0284406	0.00737204	0.0430548	0.0913958	0.0127168	0.0128486	0.0357346	0.0122105	0.447045	0.0105133	0.0202365	0.0647149	0.00346051	0.0932726	0.035792	0.0351184	0.01834	0.00548141	0.00403764	0.0182145	
0.0284261	0.00736425	0.0430564	0.0914626	0.0126894	0.012848	0.0357287	0.0122407	0.446857	0.0105164	0.0202627	0.0647088	0.00346052	0.093369	0.0358178	0.0351094	0.0183532	0.00548232	0.00403371	0.0182128	
0.0337555	0.00443281	0.00149888	0.0191627	0.209269	0.00120984	0.00848533	0.0528928	0.181839	0.0422547	0.0324549	0.00566065	0.000884307	0.00499509	0.0153063	0.00180576	0.00564282	0.0219427	0.116231	0.240276	
0.0138846	0.0202065	0.0026114	0.00315161	0.354565	0.000950208	0.00304027	0.161451	0.00973533	0.170105	0.130381	0.0112701	0.00166904	0.00277963	0.000686438	0.00561977	0.00818598	0.0393524	0.028332	0.032023	
0.0206832	0.00669586	0.0845626	0.113846	0.0354749	0.24491	0.0199386	0.00278573	0.0504666	0.00138697	0.0941601	0.240509	0.00579382	0.0240519	0.00551843	0.025399	0.00853368	0.00062431	0.0024705	0.0121886	
0.00231376	0.013014	0.0199022	0.0993497	0.0774804	0.0249488	0.0191883	0.122842	0.0746893	0.088977	0.172792	0.0490175	0.00741872	0.019572	0.014044	0.00522648	0.00758754	0.0409383	0.0173514	0.123346	
0.0227496	0.000275232	0.104524	0.156463	0.00232483	0.0172728	0.0333494	0.0123939	0.166079	0.007812	0.0251636	0.0870671	0.111897	0.137284	0.0183181	0.0389995	0.0387984	0.00667424	0.00503361	0.00752027	
0.0334573	0.0101443	0.0742897	0.140283	0.0175699	0.0164637	0.0410963	0.0390504	0.163974	0.0161131	0.0223593	0.0781136	0.0732834	0.0873329	0.0367761	0.0434267	0.0469821	0.0178633	0.00488888	0.0365319	
0.0325234	0.0102303	0.0723613	0.13473	0.0173647	0.0161217	0.0392942	0.0416649	0.168583	0.0176236	0.0243284	0.0755746	0.0682046	0.0884798	0.0371975	0.0426803	0.0499504	0.0192501	0.00588208	0.0379544	
0.0326903	0.0102268	0.0725017	0.135053	0.0174358	0.016158	0.0393084	0.0415197	0.16823	0.0175187	0.0242587	0.0758735	0.0684806	0.088267	0.0372152	0.0427962	0.0496649	0.0191385	0.00580777	0.0378552	
0.0327568	0.00987357	0.0750945	0.136388	0.0165457	0.0163181	0.0388346	0.0402267	0.168827	0.0167033	0.0230051	0.0754288	0.0709496	0.0910793	0.0372504	0.0429191	0.0478571	0.0182907	0.0050604	0.0365916	
0.0245937	0.00227548	0.098793	0.15635	0.00518151	0.016828	0.0338231	0.0183432	0.17238	0.00974185	0.0238341	0.0847269	0.0976408	0.124083	0.0225153	0.0391822	0.041989	0.0090797	0.00495552	0.0136832	
0.0181262	0.00270846	0.0693923	0.298886	0.019585	0.010557	0.0280716	0.0166006	0.149714	0.0116387	0.0446776	0.102169	0.0103641	0.109811	0.0218842	0.0279511	0.0260091	0.00905675	0.00743659	0.0153608	
0.0103508	0.00510697	0.0557642	0.142534	0.0115851	0.0127405	0.0309482	0.0271313	0.232429	0.0145848	0.0566713	0.0567024	0.0111938	0.163115	0.0256243	0.0232654	0.0600821	0.0157527	0.00660997	0.0378074	
0.00751628	0.0248092	0.0108713	0.0110045	0.056912	0.00306277	0.0258675	0.112664	0.224791	0.0131911	0.0772732	0.108861	0.0283608	0.0182029	0.0453264	0.0166649	0.0173499	0.0633454	0.00696005	0.126966	
0.0639196	0.0196193	0.0023919	0.000607286	0.0739585	0.00471673	0.00266871	0.262444	0.00279183	0.0464161	0.10951	0.0164681	0.000127399	0.0212647	0.0018501	0.00672225	0.0222602	0.102283	0.0420777	0.197902	
0.014205	0.0266192	0.000530503	0.00122866	0.0364616	0.00132192	0.00546088	0.54633	0.0161809	0.0658432	0.0682496	0.0063612	0.000386631	0.00168392	0.00155131	0.000735907	0.00573322	0.164043	0.0105893	0.0264839	
0.0141608	0.0265665	0.00052845	0.0012306	0.0363632	0.00132043	0.00543716	0.546881	0.0161419	0.0656947	0.0681781	0.00635902	0.000385182	0.00167533	0.00154814	0.000756798	0.00577968	0.164018	0.0105864	0.0263887	
0.0412612	0.0551022	0.00107863	0.00143771	0.0365072	0.010225	0.00874521	0.207017	0.0135422	0.0468323	0.0854264	0.00542893	0.000192635	0.00216837	0.00235097	0.0185004	0.272138	0.136969	0.0290717	0.0260051	
0.0164722	0.00166109	0.0699238	0.325373	0.0184465	0.010173	0.0258343	0.0118038	0.146721	0.0097709	0.0470653	0.103513	0.00428049	0.115252	0.0207265	0.0268515	0.0213904	0.00673534	0.00681757	0.0111889	
0.0172942	0.0166109	0.0327458	0.0451645	0.125264	0.00923918	0.0601326	0.0568415	0.13362	0.0250026	0.0179395	0.0356288	0.00386826	0.0517243	0.00937498	0.0238064	0.0529957	0.0264632	0.0746091	0.181675	
0.0217252	0.00179351	0.114008	0.179958	0.00175823	0.0681864	0.0237528	0.0175147	0.186828	0.0050673	0.0129193	0.18715	0.0300497	0.0583456	0.0196252	0.03299	0.0206283	0.0033583	0.00985705	0.00448389	
0.0217252	0.00179351	0.114008	0.179958	0.00175823	0.0681864	0.0237528	0.0175147	0.186828	0.0050673	0.0129193	0.18715	0.0300497	0.0583456	0.0196252	0.03299	0.0206283	0.0033583	0.00985705	0.00448389	
0.00999547	0.00375076	0.05769	0.155886	0.00708233	0.0131357	0.0287808	0.0231111	0.238469	0.010385	0.0675762	0.0541141	0.00817248	0.179836	0.0298129	0.0232997	0.0479579	0.0120809	0.00340474	0.0254593	
0.0135567	0.00591853	0.0461425	0.0772624	0.0287324	0.00653224	0.0268066	0.0825324	0.19763	0.0640414	0.0762058	0.066677	0.0137114	0.0583815	0.021857	0.0275609	0.0678333	0.0363128	0.0315291	0.0507762	
0.0647849	0.0194962	0.00239675	0.000608782	0.0742818	0.00473328	0.00260332	0.258335	0.00274376	0.0461672	0.109866	0.016885	0.00012249	0.0218253	0.00186628	0.00676639	0.022569	0.101814	0.0431851	0.198949	
0.118966	0.0418292	0.0029734	0.0040145	0.029994	0.245912	0.0766131	0.125474	0.0648945	0.0644679	0.0523423	0.050074	0.00134813	0.0369814	0.000834672	0.00569277	0.00455783	0.0221762	0.010876	0.0399784	
0.0138846	0.0202065	0.0026114	0.00315161	0.354565	0.000950208	0.00304027	0.161451	0.00973533	0.170105	0.130381	0.0112701	0.00166904	0.00277963	0.000686438	0.00561977	0.00818598	0.0393524	0.028332	0.032023	
0.0947744	0.0252218	0.00331737	0.0241906	0.0284218	0.00541406	0.0630828	0.193216	0.0668364	0.0896391	0.111696	0.0322061	0.019606	0.0511014	0.0204227	0.00326063	0.032753	0.111746	0.00919567	0.013897	
0.0243542	0.0752945	0.00190661	0.00195665	0.0086209	0.00066542	0.0112763	0.455726	0.0175078	0.0119376	0.0324672	0.00997056	0.000807835	0.00919268	0.00213073	0.0182862	0.0523398	0.214739	0.00769469	0.0431253	
0.00459307	0.00872637	0.559493	0.0473703	0.00390272	0.00348332	0.0239449	0.00409539	0.0371419	0.00113126	0.0369107	0.154089	0.00798844	0.0185273	0.0168644	0.0346408	0.00976417	0.000285353	0.0016708	0.0253765	
0.0165081	0.0016805	0.069869	0.324821	0.0184155	0.010183	0.0258434	0.0117903	0.147571	0.0097649	0.0469316	0.10335	0.00427601	0.11522	0.0207678	0.0268865	0.0213876	0.00672728	0.00679814	0.011209	
0.014205	0.0266192	0.000530503	0.00122866	0.0364616	0.00132192	0.00546088	0.54633	0.0161809	0.0658432	0.0682496	0.0063612	0.000386631	0.00168392	0.00155131	0.000735907	0.00573322	0.164043	0.0105893	0.0264839	
0.017595	0.00664395	0.0544373	0.0884617	0.0261451	0.00816934	0.0297562	0.0821676	0.191442	0.0594918	0.0677595	0.0697014	0.0251057	0.0583551	0.0252398	0.0313434	0.0579637	0.0338106	0.026992	0.0394191	
0.0217252	0.00179351	0.114008	0.179958	0.00175823	0.0681864	0.0237528	0.0175147	0.186828	0.0050673	0.0129193	0.18715	0.0300497	0.0583456	0.0196252	0.03299	0.0206283	0.0033583	0.00985705	0.00448389	
0.00741397	0.00366602	0.00116135	0.114407	0.00667914	0.00158218	0.00341189	0.391934	0.0351223	0.00874606	0.0637721	0.0423988	0.000216816	0.125713	0.00438356	0.0161503	0.0479257	0.115182	0.00403961	0.00609423	
0.00723091	0.0178857	0.0260539	0.165053	0.0202615	0.00048525	0.0929178	0.140438	0.0617291	0.0351973	0.0342008	0.0161139	0.000477041	0.201666	0.0536646	0.00742763	0.0316501	0.0520903	0.0138345	0.0216221	
0.0164722	0.00166109	0.0699238	0.325373	0.0184465	0.010173	0.0258343	0.0118038	0.146721	0.0097709	0.0470653	0.103513	0.00428049	0.115252	0.0207265	0.0268515	0.0213904	0.00673534	0.00681757	0.0111889	
0.0145456	0.0405466	0.00103056	0.0045852	0.0603695	0.00420997	0.00932221	0.458572	0.0201289	0.0736937	0.0776569	0.00216411	0.000798833	0.00922085	0.00216845	0.00540253	0.026853	0.126152	0.00297553	0.0596028	
0.0205747	0.00337745	0.148177	0.0470471	0.00706034	0.00908473	0.0312066	0.0396873	0.107075	0.00535837	0.0306769	0.13257	0.0585736	0.0216617	0.0100752	0.120356	0.0682078	0.117722	0.00955615	0.011952	
0.0125684	0.00139361	0.0389205	0.112709	0.00596934	0.00456358	0.00932269	0.306336	0.085433	0.0154407	0.0165966	0.0238681	0.0360208	0.0404234	0.00669714	0.0178192	0.0305225	0.0515972	0.176095	0.00770282	
0.0284406	0.00737204	0.0430548	0.0913958	0.0127168	0.0128486	0.0357346	0.0122105	0.447045	0.0105133	0.0202365	0.0647149	0.00346051	0.0932726	0.035792	0.0351184	0.01834	0.00548141	0.00403764	0.0182145	
0.0227496	0.000275232	0.104524	0.156463	0.00232483	0.0172728	0.0333494	0.0123939	0.166079	0.007812	0.0251636	0.0870671	0.111897	0.137284	0.0183181	0.0389995	0.0387984	0.00667424	0.00503361	0.00752027	
0.00863346	0.0154036	0.021854	0.0337314	0.0623677	0.00111105	0.00272278	0.42301	0.0175256	0.154769	0.13895	0.0101948	0.00700004	0.0101049	0.00034902	0.000439523	0.0102074	0.0567429	0.0133511	0.0115316	
0.0138997	0.00189375	0.0703292	0.293948	0.0147157	0.0114855	0.026073	0.0125967	0.173081	0.00954956	0.0489303	0.0883715	0.00559866	0.132838	0.0206396	0.0249869	0.0259291	0.00673845	0.00536285	0.0130329	
0.0228405	0.000295481	0.104304	0.15668	0.00237534	0.0173259	0.0334228	0.0123936	0.166039	0.00778156	0.0250865	0.0873016	0.111948	0.136895	0.0182757	0.0390178	0.0387266	0.00666739	0.00509174	0.00753099	
0.0453657	0.00784971	0.0176542	0.0210187	0.0367002	0.00980126	0.0254064	0.143366	0.029422	0.0383153	0.108192	0.12623	0.0727256	0.0397115	0.00894085	0.00849482	0.0321418	0.0598898	0.0248803	0.143893	
0.0217252	0.00179351	0.114008	0.179958	0.00175823	0.0681864	0.0237528	0.0175147	0.186828	0.0050673	0.0129193	0.18715	0.0300497	0.0583456	0.0196252	0.03299	0.0206283	0.0033583	0.00985705	0.00448389	
0.0330681	0.00984565	0.0754469	0.13778	0.0166052	0.016414	0.0389994	0.0397232	0.168233	0.0163866	0.0225122	0.0756756	0.071848	0.0909882	0.0371933	0.0430385	0.0471844	0.0180554	0.00485743	0.0361448	
0.0217252	0.00179351	0.114008	0.179958	0.00175823	0.0681864	0.0237528	0.0175147	0.186828	0.0050673	0.0129193	0.18715	0.0300497	0.0583456	0.0196252	0.03299	0.0206283	0.0033583	0.00985705	0.00448389	
0.0184813	0.027525	0.00115205	0.0106834	0.0842796	0.0228716	0.0192012	0.343209	0.0119954	0.07689	0.0952939	0.00262132	0.000537198	0.0112539	0.00113221	0.0105707	0.0333885	0.0971438	0.0148285	0.116942	
0.0634569	0.00192888	0.00902308	0.0495846	0.00478696	0.00936324	0.0264845	0.0423641	0.141835	0.0210895	0.0876538	0.0258653	0.00331732	0.0624081	0.0272408	0.14615	0.141003	0.0123453	0.0275632	0.0965362	
0.0712932	0.00330177	0.00335124	0.00716618	0.0910324	0.290299	0.00775402	0.0679614	0.0525916	0.00574509	0.0745002	0.120191	0.0185404	0.0713259	0.0154346	0.0396352	0.0131719	0.00259136	0.00855052	0.0355629	
0.0719465	0.0678803	0.0041186	0.0215382	0.0133759	0.00171719	0.00772123	0.324508	0.00630738	0.0659794	0.14435	0.0399527	0.00127184	0.0168157	0.000711064	0.0190736	0.04868	0.113102	0.00369376	0.0272568	
0.0438071	0.0498089	0.00106444	0.00143265	0.0411042	0.0110235	0.00901427	0.201216	0.0131998	0.0436989	0.0801223	0.00521132	0.000212567	0.00253753	0.00228655	0.0186447	0.283103	0.130571	0.0323148	0.0296276	
0.011277	0.00449995	0.0097275	0.0309448	0.00220631	0.000539598	0.0231591	0.225955	0.399576	0.0235198	0.0109161	0.0963027	0.00631249	0.0479712	0.0272897	0.00984788	0.0224596	0.0249237	0.00268807	0.0198832	
0.0129441	0.0066605	0.0455173	0.0623488	0.0346094	0.00521901	0.0181751	0.110579	0.164055	0.0960996	0.0935487	0.0607174	0.0145827	0.0577627	0.0202836	0.023994	0.0601673	0.036962	0.0343697	0.0414039	
0.00708285	0.000797321	0.182024	0.0621401	0.012807	0.0146848	0.00399687	0.0048296	0.0835121	0.00379122	0.0269985	0.252202	0.225646	0.0537438	0.00647908	0.0280919	0.0125992	0.00146105	0.0154812	0.00163164	
0.0206832	0.00669586	0.0845626	0.113846	0.0354749	0.24491	0.0199386	0.00278573	0.0504666	0.00138697	0.0941601	0.240509	0.00579382	0.0240519	0.00551843	0.025399	0.00853368	0.00062431	0.0024705	0.0121886	
0.0126436	0.0007146	0.00729068	0.00173031	0.0714096	0.0033359	0.0371559	0.218034	0.0184939	0.0604865	0.247519	0.0281456	0.0110482	0.0367857	0.00389655	0.0103551	0.0531754	0.132361	0.0052852	0.0401337	
0.0647849	0.0194962	0.00239675	0.000608782	0.0742818	0.00473328	0.00260332	0.258335	0.00274376	0.0461672	0.109866	0.016885	0.00012249	0.0218253	0.00186628	0.00676639	0.022569	0.101814	0.0431851	0.198949	
0.0149794	0.0203623	0.0180447	0.0519969	0.0493965	0.00620593	0.00720794	0.171249	0.0406311	0.14193	0.104912	0.0496254	0.0248001	0.119568	0.01553	0.0128666	0.0682741	0.0318423	0.0116676	0.0389097	
0.00769752	0.0122851	0.000790427	0.00419178	0.0246068	0.000550459	0.0206108	0.453204	0.0159093	0.0760233	0.0680449	0.0197235	0.000209619	0.00384695	0.0013794	0.00108164	0.00817192	0.123099	0.0437123	0.114861	
0.00632244	0.00766509	0.00473887	0.00786934	0.0635151	0.00122434	0.00125651	0.372607	0.00832297	0.224634	0.168279	0.0120673	0.00566294	0.00829403	0.000164413	0.000330659	0.00816123	0.065227	0.018801	0.0148572	
0.00459307	0.00872637	0.559493	0.0473703	0.00390272	0.00348332	0.0239449	0.00409539	0.0371419	0.00113126	0.0369107	0.154089	0.00798844	0.0185273	0.0168644	0.0346408	0.00976417	0.000285353	0.0016708	0.0253765	
0.0597288	0.0304134	0.00860705	0.0245794	0.0240759	0.0206634	0.0258963	0.200931	0.0224338	0.0642159	0.0811164	0.0279274	0.100878	0.020794	0.00245468	0.00967136	0.063509	0.137103	0.0139456	0.0610557	
0.0180514	0.00219842	0.0708894	0.31694	0.0196282	0.0105352	0.0287599	0.0122969	0.143384	0.00975732	0.0436468	0.105974	0.0115421	0.110176	0.0204518	0.0278509	0.0218614	0.00705332	0.00661133	0.0123912	
0.0284406	0.00737204	0.0430548	0.0913958	0.0127168	0.0128486	0.0357346	0.0122105	0.447045	0.0105133	0.0202365	0.0647149	0.00346051	0.0932726	0.035792	0.0351184	0.01834	0.00548141	0.00403764	0.0182145	
0.00629083	0.00762345	0.00487294	0.00814595	0.0634755	0.00118803	0.00125012	0.375898	0.00827105	0.222051	0.168097	0.0122028	0.00550101	0.00828394	0.000165951	0.000313082	0.00835453	0.0648333	0.0185051	0.0146768	
0.0184233	0.00384553	0.0660043	0.298274	0.02953	0.0102514	0.0261034	0.0167387	0.154178	0.0128398	0.0480315	0.0985041	0.00486471	0.107673	0.0213024	0.0269152	0.0227642	0.00968685	0.007226	0.0168437	
