0.028899	0.00180682	0.522459	0.0797	0.013546	0.224389	0.000731542	0.0124866	0.00237083	0.00133792	0.05258	0.00219962	0.00718046	0.00292761	0.00016738	0.0133869	0.0174555	0.00276109	0.0123124	0.00130187	
0.0864097	0.0150833	0.00114722	0.00251227	0.00126178	0.0410977	0.00282862	0.284948	0.00120102	0.00202368	0.0375268	0.0308615	0.00208586	0.0721671	0.00014721	0.0108512	0.0601891	0.340627	0.00234472	0.00468626	
0.00263159	0.000546216	0.00039378	0.00169354	0.021366	0.70609	0.0349691	0.00342034	0.0220074	0.00416813	0.0479447	0.0045779	0.00267865	0.0469919	7.03461e-05	0.00915942	0.0543139	0.00350473	0.00427975	0.0291924	
0.0248108	0.302585	0.0187747	0.016081	0.00240778	0.0323456	0.0029691	0.00254836	0.0225235	0.00152597	0.026008	0.0940144	0.00841335	0.30621	0.00279582	0.0470387	0.0610452	0.00397431	0.00599178	0.0179367	
0.0458427	0.0304422	0.00359853	0.00665332	0.0348222	0.00765911	0.395373	0.0129422	0.00142985	0.0319317	0.0773903	0.142512	0.00745514	0.0072173	0.000178464	0.0495623	0.0320338	0.0234146	0.0048271	0.0847149	
0.0248108	0.302585	0.0187747	0.016081	0.00240778	0.0323456	0.0029691	0.00254836	0.0225235	0.00152597	0.026008	0.0940144	0.00841335	0.30621	0.00279582	0.0470387	0.0610452	0.00397431	0.00599178	0.0179367	
0.0123183	0.000882637	0.00927265	0.0237358	0.0160108	0.0511963	0.0143089	0.0284235	0.0746567	0.0273747	0.575114	0.0042097	0.00391714	0.0168723	0.0539105	0.00731453	0.00491255	0.0408398	0.0246778	0.0100514	
0.0349816	0.00306356	0.0769495	0.0889513	0.0104295	0.0323151	0.0113821	0.0120369	0.0937161	0.0105005	0.0251671	0.125836	0.364085	0.053436	0.00754533	0.0122446	0.0189309	0.00430814	0.00668577	0.00743493	
0.0303891	0.0102008	0.02906	0.10844	0.0207695	0.0731295	0.0952185	0.0010578	0.0786151	0.00302559	0.073093	0.0655818	0.000697863	0.208047	0.0632363	0.0574456	0.0531006	0.00210802	0.00546109	0.0213226	
0.121742	0.0140769	0.00116818	0.00854877	0.125822	0.0301462	0.0228192	0.0295813	0.00350261	0.0168254	0.0524051	0.0035286	0.00433951	0.0292871	0.000452613	0.00990782	0.0158056	0.0187734	0.311579	0.179689	
0.0400738	0.00344142	0.00836391	0.00258904	0.0715254	0.00850609	0.0762216	0.208145	0.00127997	0.0946892	0.142714	0.0154148	0.000593381	0.0639404	0.00537343	0.00160539	0.0197797	0.0760919	0.0795613	0.0800905	
0.0242692	0.00891622	0.098654	0.0218824	0.037356	0.0389544	0.0108894	0.0292288	0.0478243	0.0237171	0.0795246	0.209587	0.0252866	0.00332075	0.00977774	0.0435107	0.185156	0.0161859	0.0820439	0.00391562	
0.0205194	0.00181998	0.0140568	0.00184029	0.0487677	0.234845	0.02304	0.013129	0.0182854	0.0206491	0.0953889	0.0293947	0.00321851	0.248192	0.0065305	0.00740522	0.0132315	0.0105792	0.0906876	0.0984188	
0.0371644	0.0386003	0.00202571	0.0242531	0.0537551	0.0090936	0.367659	0.00551314	0.00103443	0.0677984	0.112206	0.098749	0.00316934	0.0246195	0.0002557	0.0211564	0.0186868	0.00804307	0.0220412	0.0841755	
0.0469406	0.00420171	0.00250351	0.00558691	0.00341342	0.586	0.00161484	0.0155304	0.00191369	0.00265643	0.0272163	0.0446792	0.00445984	0.137435	0.000412805	0.0267829	0.0723523	0.00941167	0.0048661	0.00202297	
0.0993091	0.0966891	0.0125568	0.00386562	0.000807048	0.0717376	0.0500084	0.0394717	0.00159847	0.0229968	0.00600031	0.0382018	0.0209403	0.0199595	0.000460956	0.0248749	0.479572	0.00860706	0.00104366	0.00129845	
0.00593321	0.0240564	0.029343	0.236032	0.0165913	0.00395238	0.161985	0.00304073	0.000192503	0.0118055	0.485845	0.00462434	0.000931865	0.00233505	5.05835e-05	0.00418222	0.00183989	0.000188344	0.00508474	0.00198561	
0.0420466	0.00037842	0.000291144	0.0120914	0.00421079	0.772997	0.0129278	0.00292782	0.00106061	0.00839959	0.0994608	0.0133379	0.000132203	0.00167154	0.000140244	0.0100066	0.00285664	0.00134007	0.00138777	0.0123352	
0.0527153	0.01504	0.00597121	0.0061152	0.110461	0.0103083	0.0200125	0.0140701	0.000707912	0.00104522	0.00891157	0.0931356	0.00028577	0.0714084	0.200092	0.00983986	0.00858023	0.0632812	0.0959048	0.212114	
0.21282	0.0106733	0.00780966	0.0857035	0.0062612	0.401867	0.00796554	0.00221829	0.00249306	0.00562283	0.0765498	0.00446815	0.0143564	0.0114571	0.0002094	0.0788284	0.0351001	0.010667	0.0154164	0.00951278	
0.028598	0.000707689	0.000868294	0.00151222	0.0937364	0.0208043	0.00927454	0.308588	0.000578155	0.18925	0.146225	0.0177195	0.0130944	0.000723375	0.000129185	0.00639331	0.00877229	0.0973481	0.00386273	0.0518138	
0.104172	0.00352497	0.00246163	0.00401265	0.0154633	0.0861389	0.00286447	0.00698542	0.00554442	0.000864968	0.0622379	0.0583554	0.5331	0.0335355	0.000429886	0.0318316	0.0183451	0.0010157	0.0163302	0.012786	
0.135269	0.00901144	0.0005464	0.0058899	0.167046	0.0388643	0.017721	0.0395729	0.00345563	0.0181035	0.0456286	0.00553234	0.00515169	0.0310866	0.000399099	0.0122877	0.0209451	0.0212932	0.278003	0.144193	
0.461608	0.00622386	0.00156177	0.00172737	0.0093266	0.0686206	0.0314317	0.104162	0.0167708	0.0308316	0.0893784	0.0210442	0.000648546	0.0419328	0.000662027	0.0493224	0.0112787	0.0145149	0.016275	0.0226782	
0.0689981	0.0319595	0.000774875	0.0110454	0.015275	0.0764953	0.0244058	0.229079	0.00219194	0.0703314	0.29068	0.0265168	0.0037101	0.0350066	0.00159991	0.0171535	0.0342287	0.04312	0.0158649	0.00156296	
0.0424902	0.000383262	0.000353189	0.0119913	0.00401705	0.771791	0.0129395	0.00277782	0.00105719	0.0083674	0.0999798	0.0134725	0.000130817	0.00227017	0.000147634	0.0100492	0.00279209	0.00136628	0.00138394	0.0122396	
0.530765	0.0675714	0.000644761	0.00106432	0.00999899	0.0128152	0.0208936	0.086176	0.00228567	0.0134975	0.0822068	0.00397366	0.00161703	0.0260589	0.000357333	0.0201908	0.0158764	0.0766326	0.0238506	0.00352306	
0.193716	0.0807402	0.00286538	0.0155663	0.0377197	0.0117592	0.00405331	0.00205555	0.328824	0.000337781	0.00401776	0.00649028	0.00133233	0.046204	0.00983683	0.152829	0.0231608	0.00381069	0.0499471	0.0247343	
0.128471	0.00978614	0.0164641	0.021508	0.0674357	0.0105122	0.00897494	0.144146	0.137646	0.112426	0.14652	0.00391495	0.000477724	0.0193016	0.0107727	0.0164121	0.0443001	0.0886936	0.00339777	0.00884031	
0.044584	0.00366706	0.0955097	0.240223	0.0397549	0.0266775	0.0256964	0.0133961	0.124547	0.0122462	0.0291047	0.054179	0.0559455	0.108246	0.0239721	0.0178922	0.0430448	0.0115454	0.00397318	0.0257962	
0.0452204	0.120743	0.00294477	0.00152697	0.018883	0.006346	0.067667	0.0829022	0.0102462	0.000655542	0.0281396	0.0366973	0.0437159	0.0540361	0.0016988	0.0428623	0.084722	0.295927	0.0212293	0.0338366	
0.01645	0.00901736	0.00256776	0.0103623	0.0543871	0.00339098	0.0201737	0.3173	0.0003186	0.0227899	0.0934113	0.0259769	0.00262253	0.0031578	7.60308e-05	0.00546796	0.0218119	0.155788	0.159075	0.075854	
0.13488	0.394007	0.0809305	0.00365229	0.00445398	0.0151709	0.016207	0.0153429	0.00224558	0.0223711	0.0190473	0.0899403	0.000837655	0.0277557	0.000768341	0.062376	0.0188177	0.0839151	0.00525002	0.00203071	
0.01645	0.00901736	0.00256776	0.0103623	0.0543871	0.00339098	0.0201737	0.3173	0.0003186	0.0227899	0.0934113	0.0259769	0.00262253	0.0031578	7.60308e-05	0.00546796	0.0218119	0.155788	0.159075	0.075854	
0.103958	0.060448	0.099732	0.0082638	0.00539676	0.0588267	0.00254116	0.0678663	0.00235744	0.00303288	0.119961	0.00156758	0.0010358	0.103564	0.000593439	0.0906082	0.118671	0.110514	0.0364203	0.00464237	
0.00260613	0.000527818	0.000389924	0.00173103	0.0214269	0.706312	0.0348844	0.00345078	0.0220086	0.00422701	0.0483678	0.00465879	0.00267066	0.0463917	7.10178e-05	0.00912104	0.0541132	0.00347732	0.00417589	0.0293884	
0.00119825	0.0322046	0.575082	0.0186201	0.039771	0.000735591	0.000543862	0.0466455	0.00175895	0.0321347	0.0845471	0.00101714	0.019574	0.00178809	0.0191197	0.0368953	0.0535085	0.000548426	0.0333397	0.000967553	
0.042315	0.000379656	0.000291874	0.0120135	0.00411704	0.771959	0.0129251	0.00295142	0.00106987	0.00841009	0.100224	0.01325	0.00013153	0.00193223	0.000139103	0.0100777	0.00276235	0.0013478	0.00144433	0.012259	
0.0758498	0.076136	0.201434	0.00793292	0.00404812	0.227794	0.00150504	0.00264624	0.00431583	0.00634659	0.0259408	0.0012662	0.000435772	0.0309243	0.00018776	0.249917	0.0743321	0.000564477	0.00627116	0.00215109	
0.0828407	0.0149497	0.00134729	0.00562086	0.361277	0.0503068	0.00981087	0.0732972	0.00411343	0.0362107	0.0719316	0.011731	0.00250605	0.0129433	0.00123376	0.0108979	0.0336321	0.0192306	0.138965	0.0571542	
0.0205194	0.00181998	0.0140568	0.00184029	0.0487677	0.234845	0.02304	0.013129	0.0182854	0.0206491	0.0953889	0.0293947	0.00321851	0.248192	0.0065305	0.00740522	0.0132315	0.0105792	0.0906876	0.0984188	
0.0543722	0.00296513	0.0993249	0.00433265	0.113294	0.0680918	0.143163	0.00286696	0.00210369	0.00244957	0.364262	0.00747883	0.000177397	0.0208483	0.000117293	0.0539776	0.00281674	0.00240639	0.00558202	0.0493694	
0.0121552	0.111337	0.000762366	0.132947	0.000579588	0.0142245	0.0645056	0.0888528	0.000626107	0.0107287	0.0261744	0.313956	0.00366044	0.00463238	0.000679885	0.0615369	0.121794	0.0113026	0.00833199	0.0112121	
0.0394544	0.0163319	0.00434895	0.011393	0.0194382	0.127662	0.037184	0.213331	0.00569422	0.0798031	0.240426	0.0415037	0.0113587	0.0156846	0.00254218	0.0219869	0.0303107	0.0413694	0.0368921	0.00328416	
0.019414	0.00111379	0.00723652	0.0234459	0.00183582	0.133247	0.00806431	0.00509904	0.00561319	0.0010073	0.300506	0.230371	0.00927798	0.188562	0.0018757	0.013997	0.0193157	0.00138875	0.0277651	0.00086377	
0.00593321	0.0240564	0.029343	0.236032	0.0165913	0.00395238	0.161985	0.00304073	0.000192503	0.0118055	0.485845	0.00462434	0.000931865	0.00233505	5.05835e-05	0.00418222	0.00183989	0.000188344	0.00508474	0.00198561	
0.00732313	0.00390367	0.0104002	0.0150749	0.150112	0.0204134	0.0119155	0.104375	0.00637709	0.188239	0.16981	0.0330297	0.000474184	0.00257104	0.000480407	0.00187821	0.123015	0.0244506	0.0910475	0.0351105	
0.106303	0.00189788	0.0421765	0.175467	0.00310813	0.0552507	0.0249441	0.161393	0.00105299	0.024436	0.099709	0.00700394	0.00336402	0.020983	0.000239365	0.0621712	0.012546	0.0322218	0.15476	0.0109718	
0.0318539	0.00357856	0.0474767	0.0192507	0.00307613	0.0665833	0.275837	0.0148965	0.00113755	0.0162368	0.0105232	0.0509889	0.000607254	0.0370882	0.00043784	0.0117475	0.330854	0.0584891	0.0184629	0.000874315	
0.136575	0.116257	0.000761177	0.0189507	0.0235345	0.0111788	0.012169	0.256663	0.00357528	0.0596562	0.198852	0.038304	0.000390198	0.0426245	0.00209318	0.0176137	0.0228132	0.0333849	0.00247114	0.00213173	
0.174942	0.0595731	0.000698544	0.00304319	0.0247731	0.0307913	0.0274576	0.04115	0.183623	0.0098768	0.0647232	0.028514	0.00379007	0.0161807	0.0240819	0.0602617	0.0552235	0.136698	0.00731531	0.047283	
0.0196266	0.00101603	0.0457668	0.133312	0.0620375	0.0154822	0.00297225	0.0116173	0.0660619	0.00307425	0.0881688	0.0164667	0.000510875	0.22956	0.20958	0.00790369	0.0165917	0.0138772	0.00279702	0.053576	
0.0437129	0.00328288	0.0155693	0.319031	0.0278056	0.00398964	0.0353888	0.00713197	0.0320493	0.0445213	0.0654495	0.0958599	0.000212135	0.0168054	0.0942109	0.00333844	0.000530868	0.00183378	0.00198948	0.187287	
0.0525365	0.0211633	0.0167967	0.0269034	0.0164139	0.0831091	0.0648969	0.24885	0.0215511	0.11576	0.092266	0.0416041	0.0232522	0.0107776	0.00914971	0.0210737	0.0388502	0.0426856	0.0428691	0.00949181	
0.00798273	0.00202009	0.305978	0.00959948	0.013608	0.0125627	0.0143601	0.00183559	0.108395	0.00067753	0.00638607	0.26832	0.203602	0.0126489	0.0112511	0.00805929	0.00641351	0.00109359	0.00467877	0.000528488	
0.01645	0.00901736	0.00256776	0.0103623	0.0543871	0.00339098	0.0201737	0.3173	0.0003186	0.0227899	0.0934113	0.0259769	0.00262253	0.0031578	7.60308e-05	0.00546796	0.0218119	0.155788	0.159075	0.075854	
0.00683395	0.0220184	0.000846798	0.00111219	0.0898256	0.000568142	0.00407126	0.118	0.332322	0.0899882	0.0233281	0.0337723	0.00105786	0.000965063	0.00149908	0.000597546	0.0630148	0.181854	0.00408255	0.0242422	
0.01645	0.00901736	0.00256776	0.0103623	0.0543871	0.00339098	0.0201737	0.3173	0.0003186	0.0227899	0.0934113	0.0259769	0.00262253	0.0031578	7.60308e-05	0.00546796	0.0218119	0.155788	0.159075	0.075854	
0.0305158	0.271368	0.000284655	0.00424696	0.0368558	0.000542431	0.0013002	0.32616	0.00028102	0.0423977	0.0612777	0.00892279	0.000100714	0.00043575	0.00023405	0.0048033	0.00594932	0.200492	0.00339311	0.000438559	
0.0305158	0.271368	0.000284655	0.00424696	0.0368558	0.000542431	0.0013002	0.32616	0.00028102	0.0423977	0.0612777	0.00892279	0.000100714	0.00043575	0.00023405	0.0048033	0.00594932	0.200492	0.00339311	0.000438559	
0.00417363	0.00454169	0.00103636	0.0138633	0.122352	0.0280478	0.058804	0.0874357	0.00602187	0.114496	0.236109	0.00807827	0.000606991	0.00822302	0.0003106	0.00396011	0.0239935	0.0426465	0.197288	0.0380119	
0.0044806	0.00456251	0.312975	0.0173337	0.0110661	0.0084875	0.00727982	0.000988902	0.0233243	0.0018899	0.0318927	0.393347	0.0734976	0.0182881	0.037454	0.0159219	0.0104523	0.0105205	0.0157892	0.00044797	
0.00573413	0.0310698	0.0919673	0.0015457	0.0368501	0.00376518	0.000475066	0.00105534	0.000419544	0.0309631	0.0818053	0.586057	0.0184237	0.0511634	0.0163594	0.00114539	0.00533475	0.00274488	0.0325168	0.000604271	
0.0303891	0.0102008	0.02906	0.10844	0.0207695	0.0731295	0.0952185	0.0010578	0.0786151	0.00302559	0.073093	0.0655818	0.000697863	0.208047	0.0632363	0.0574456	0.0531006	0.00210802	0.00546109	0.0213226	
0.0774659	0.0150875	0.00303911	0.0426819	0.0135377	0.117878	0.0226988	0.117631	0.0623326	0.00384531	0.0600329	0.0193086	0.00116236	0.0554001	0.019626	0.0352238	0.0717364	0.0884247	0.141179	0.0317078	
0.00676869	0.00426934	0.00566863	0.00448869	0.0245414	0.0137631	0.00769475	0.00513728	0.00162846	0.126814	0.173329	0.00752094	0.000367431	0.138235	0.000531101	0.00206169	0.10645	0.00111423	0.228499	0.141118	
0.0541331	0.00458993	0.0365308	0.0206817	0.0105924	0.540313	0.0126679	0.00225022	0.0128283	0.00745921	0.0716528	0.119298	0.00103126	0.0693766	0.0045352	0.010378	0.00864574	0.00553423	0.00369622	0.00380599	
0.0341712	0.0792061	0.00231313	0.0263507	0.051453	0.00454532	0.00121067	0.00436157	0.00189374	0.0333022	0.475227	0.187857	0.00022984	0.0406639	0.000272254	0.0117896	0.0210983	0.00498035	0.0139572	0.00511701	
0.000929732	0.0595799	0.00280264	0.0556844	0.00964905	0.0029144	0.00212832	0.222764	0.000949027	0.00517984	0.00821826	0.0012941	0.00329211	0.0239917	0.000248488	0.0059368	0.270174	0.30831	0.00950522	0.00644849	
0.0306805	0.00379183	0.00832907	0.0707335	0.00431645	0.141792	0.00418988	0.0063089	0.465198	0.00316654	0.00397983	0.0496922	0.000271768	0.00866298	0.140975	0.00570736	0.0203565	0.00443768	0.00288861	0.0245218	
0.0205194	0.00181998	0.0140568	0.00184029	0.0487677	0.234845	0.02304	0.013129	0.0182854	0.0206491	0.0953889	0.0293947	0.00321851	0.248192	0.0065305	0.00740522	0.0132315	0.0105792	0.0906876	0.0984188	
0.00807279	0.000501973	0.00508507	0.146035	0.0267749	0.00786356	0.0278848	0.00536841	0.0416652	0.018403	0.00742793	0.0257678	0.00278373	0.461479	0.00202958	0.00398961	0.00573397	0.0111386	0.17652	0.0154753	
0.0150026	0.0189106	0.00643651	0.0896513	0.00303693	0.00505328	0.0223315	0.000979673	0.00847368	0.00871324	0.147814	0.00305018	0.025324	0.440978	0.00308566	0.0239954	0.143149	0.00589372	0.00283684	0.0252843	
0.0345146	0.00158805	0.132092	0.241649	0.00776807	0.0180874	0.0335212	0.00478051	0.0436426	0.0294921	0.0591248	0.042292	0.0044345	0.103462	0.0256082	0.0664848	0.11291	0.0174726	0.0112387	0.0098365	
0.0524774	0.00066208	0.0615955	0.0469619	0.0214269	0.0116295	0.0145988	0.0502599	0.0737401	0.0770405	0.230954	0.0377056	0.162579	0.033372	0.0153435	0.0227403	0.0127465	0.041139	0.0168615	0.0161666	
0.0369503	0.00624416	0.0692943	0.109541	0.122472	0.0549742	0.0380133	0.0222942	0.110884	0.025379	0.0623712	0.0782862	0.0415429	0.0542965	0.0200638	0.0217255	0.030429	0.0164903	0.0143986	0.0643497	
0.0205194	0.00181998	0.0140568	0.00184029	0.0487677	0.234845	0.02304	0.013129	0.0182854	0.0206491	0.0953889	0.0293947	0.00321851	0.248192	0.0065305	0.00740522	0.0132315	0.0105792	0.0906876	0.0984188	
0.0369503	0.00624416	0.0692943	0.109541	0.122472	0.0549742	0.0380133	0.0222942	0.110884	0.025379	0.0623712	0.0782862	0.0415429	0.0542965	0.0200638	0.0217255	0.030429	0.0164903	0.0143986	0.0643497	
0.0369503	0.00624416	0.0692943	0.109541	0.122472	0.0549742	0.0380133	0.0222942	0.110884	0.025379	0.0623712	0.0782862	0.0415429	0.0542965	0.0200638	0.0217255	0.030429	0.0164903	0.0143986	0.0643497	
0.0349816	0.00306356	0.0769495	0.0889513	0.0104295	0.0323151	0.0113821	0.0120369	0.0937161	0.0105005	0.0251671	0.125836	0.364085	0.053436	0.00754533	0.0122446	0.0189309	0.00430814	0.00668577	0.00743493	
0.0105119	0.00544053	0.401	0.0109228	0.00934272	0.00978191	0.0131098	0.00337008	0.0368106	0.00262499	0.0163341	0.247524	0.148024	0.0109981	0.0283718	0.0304482	0.00658647	0.00126187	0.00704311	0.000493035	
0.0373405	0.00411493	0.00298289	0.0166161	0.308469	0.00811315	0.0622351	0.0440561	0.00226334	0.0268993	0.0548417	0.00268416	0.145933	0.00333793	0.000237497	0.000371812	0.00583424	0.0142164	0.127831	0.131622	
0.130477	0.243388	0.0312217	0.0896901	0.00550906	0.0140582	0.016947	0.0618974	0.0528623	0.0213424	0.0548608	0.045794	0.0106764	0.0148002	0.0062542	0.0169042	0.0155616	0.11376	0.0519095	0.00208564	
0.0964456	0.00187418	0.0572561	0.291621	0.0049829	0.0213877	0.0113468	0.0129386	0.252075	0.0156132	0.0315127	0.0235865	0.0117843	0.0610981	0.0467374	0.0196809	0.0237696	0.00950349	0.00356778	0.00321833	
0.0283473	0.000648773	0.000942282	0.00151412	0.0924524	0.02035	0.0103702	0.30738	0.00054299	0.188496	0.146148	0.0177101	0.0126684	0.00140115	0.000167172	0.00646358	0.0090118	0.0975582	0.0042927	0.0535357	
0.530765	0.0675714	0.000644761	0.00106432	0.00999899	0.0128152	0.0208936	0.086176	0.00228567	0.0134975	0.0822068	0.00397366	0.00161703	0.0260589	0.000357333	0.0201908	0.0158764	0.0766326	0.0238506	0.00352306	
0.0964456	0.00187418	0.0572561	0.291621	0.0049829	0.0213877	0.0113468	0.0129386	0.252075	0.0156132	0.0315127	0.0235865	0.0117843	0.0610981	0.0467374	0.0196809	0.0237696	0.00950349	0.00356778	0.00321833	
0.266284	0.0121509	0.0123464	0.00256899	0.00650695	0.125538	0.00908642	0.00344804	0.00629989	0.0167531	0.0672283	0.0739434	0.00337516	0.0781077	0.00074238	0.253645	0.0289056	0.0169137	0.0122511	0.00390549	
0.11653	0.0514016	0.00464635	0.00919536	0.104147	0.0157168	0.0319076	0.0224908	0.000985969	0.0218265	0.254788	0.00288801	0.000367066	0.0109671	0.000335108	0.00819077	0.00375967	0.0126545	0.0700609	0.257141	
0.0686015	0.0337773	0.0727061	0.0479737	0.00115308	0.00740451	0.0265506	0.00977817	0.155153	0.00524488	0.0101547	0.0905069	0.0731545	0.0184271	0.066074	0.131851	0.13381	0.0364722	0.00923851	0.00196846	
0.0369503	0.00624416	0.0692943	0.109541	0.122472	0.0549742	0.0380133	0.0222942	0.110884	0.025379	0.0623712	0.0782862	0.0415429	0.0542965	0.0200638	0.0217255	0.030429	0.0164903	0.0143986	0.0643497	
0.0964456	0.00187418	0.0572561	0.291621	0.0049829	0.0213877	0.0113468	0.0129386	0.252075	0.0156132	0.0315127	0.0235865	0.0117843	0.0610981	0.0467374	0.0196809	0.0237696	0.00950349	0.00356778	0.00321833	
0.0374485	0.00266438	0.165626	0.279805	0.0123366	0.0219996	0.0393936	0.0053803	0.0594036	0.016953	0.0338108	0.0307539	0.0163563	0.10417	0.0242725	0.0481646	0.0679743	0.00701966	0.0172142	0.00925216	
0.128471	0.00978614	0.0164641	0.021508	0.0674357	0.0105122	0.00897494	0.144146	0.137646	0.112426	0.14652	0.00391495	0.000477724	0.0193016	0.0107727	0.0164121	0.0443001	0.0886936	0.00339777	0.00884031	
0.0964456	0.00187418	0.0572561	0.291621	0.0049829	0.0213877	0.0113468	0.0129386	0.252075	0.0156132	0.0315127	0.0235865	0.0117843	0.0610981	0.0467374	0.0196809	0.0237696	0.00950349	0.00356778	0.00321833	
0.0549068	0.00329483	0.114508	0.30042	0.00946989	0.0185897	0.02242	0.00805879	0.134575	0.00734071	0.0157432	0.0411854	0.051586	0.112581	0.0287946	0.0199789	0.0360026	0.0069501	0.00381101	0.00978372	
0.128471	0.00978614	0.0164641	0.021508	0.0674357	0.0105122	0.00897494	0.144146	0.137646	0.112426	0.14652	0.00391495	0.000477724	0.0193016	0.0107727	0.0164121	0.0443001	0.0886936	0.00339777	0.00884031	
0.0284063	0.000653367	0.000869915	0.00150939	0.0937436	0.0207034	0.00929594	0.308768	0.000577818	0.189251	0.146305	0.0177224	0.0130403	0.000735528	0.000127442	0.00639402	0.00876081	0.0973764	0.00385846	0.0519013	
0.0964456	0.00187418	0.0572561	0.291621	0.0049829	0.0213877	0.0113468	0.0129386	0.252075	0.0156132	0.0315127	0.0235865	0.0117843	0.0610981	0.0467374	0.0196809	0.0237696	0.00950349	0.00356778	0.00321833	
0.0964456	0.00187418	0.0572561	0.291621	0.0049829	0.0213877	0.0113468	0.0129386	0.252075	0.0156132	0.0315127	0.0235865	0.0117843	0.0610981	0.0467374	0.0196809	0.0237696	0.00950349	0.00356778	0.00321833	
0.11653	0.0514016	0.00464635	0.00919536	0.104147	0.0157168	0.0319076	0.0224908	0.000985969	0.0218265	0.254788	0.00288801	0.000367066	0.0109671	0.000335108	0.00819077	0.00375967	0.0126545	0.0700609	0.257141	
0.0473475	0.0214532	0.00431802	0.019484	0.112328	0.01012	0.00278016	0.0104012	0.0555074	0.0196462	0.0287927	0.00848141	0.451875	0.00803746	0.00348782	0.0301279	0.0446713	0.0471329	0.00622958	0.067778	
0.174942	0.0595731	0.000698544	0.00304319	0.0247731	0.0307913	0.0274576	0.04115	0.183623	0.0098768	0.0647232	0.028514	0.00379007	0.0161807	0.0240819	0.0602617	0.0552235	0.136698	0.00731531	0.047283	
0.00683395	0.0220184	0.000846798	0.00111219	0.0898256	0.000568142	0.00407126	0.118	0.332322	0.0899882	0.0233281	0.0337723	0.00105786	0.000965063	0.00149908	0.000597546	0.0630148	0.181854	0.00408255	0.0242422	
0.0305158	0.271368	0.000284655	0.00424696	0.0368558	0.000542431	0.0013002	0.32616	0.00028102	0.0423977	0.0612777	0.00892279	0.000100714	0.00043575	0.00023405	0.0048033	0.00594932	0.200492	0.00339311	0.000438559	
0.0115357	0.0101694	0.324476	0.328102	0.00274569	0.00405047	0.0530748	0.0544931	0.00103146	0.000458019	0.0112732	0.0839819	0.000654771	0.0297112	0.0110474	0.0117125	0.00134199	0.0324772	0.024677	0.00298611	
0.0305158	0.271368	0.000284655	0.00424696	0.0368558	0.000542431	0.0013002	0.32616	0.00028102	0.0423977	0.0612777	0.00892279	0.000100714	0.00043575	0.00023405	0.0048033	0.00594932	0.200492	0.00339311	0.000438559	
