0.106527	0.0339564	0.00289353	0.0124545	0.0609044	0.00282701	0.00525282	0.240285	0.00692432	0.177698	0.215472	0.00512677	0.000598585	0.00469985	0.00160742	0.0051704	0.00947594	0.0598517	0.0321842	0.0160899	
0.0325413	0.0132327	0.00938346	0.0215835	0.0786543	0.000786073	0.0106681	0.228413	0.0296792	0.0323327	0.0569913	0.00338882	0.000909421	0.0228098	0.00858679	0.0042347	0.0305022	0.147227	0.056383	0.211693	
0.023802	0.0046602	0.0363287	0.15838	0.0163556	0.00745558	0.0427019	0.0301877	0.197193	0.0300414	0.0717336	0.0837392	0.00320475	0.145714	0.0343822	0.0309398	0.0371993	0.00899781	0.00458941	0.0323937	
0.0237964	0.00466001	0.0363454	0.158079	0.0163294	0.00743685	0.0428158	0.0300509	0.197114	0.0300192	0.0718548	0.0838977	0.0032072	0.146131	0.0343615	0.030894	0.0370847	0.00898075	0.00456308	0.0323791	
0.00344541	0.033533	0.00359367	0.0260242	0.189074	0.00126262	0.0686586	0.0173984	0.00482757	0.024314	0.0854265	0.222212	8.01443e-05	0.00491255	0.00223491	0.00760024	0.0106875	0.0109371	0.090962	0.192817	
0.00890186	0.00608365	0.00135733	0.0257755	0.0103569	0.00913441	0.0538194	0.133461	0.237467	0.0754341	0.0404609	0.0166997	0.000657459	0.0909801	0.0248641	0.0101645	0.0135374	0.0115919	0.0018265	0.227426	
0.00578236	0.00918053	0.255624	0.040513	0.00246706	0.00699836	0.0145793	0.0163166	0.231602	0.0029985	0.0225944	0.186658	0.0187201	0.0653959	0.0436643	0.0227881	0.0197206	0.00454291	0.000417434	0.0294361	
0.0180719	0.00048848	0.0876709	0.0406879	0.0986905	0.0028284	0.0195183	0.0225046	0.209545	0.147858	0.151727	0.0172162	0.00425142	0.0302563	0.0105892	0.00654093	0.0299152	0.0106962	0.0268915	0.0640522	
0.031861	0.012477	0.00412108	0.00647372	0.0199455	0.00119457	0.00767625	0.241693	0.0319327	0.145008	0.0281516	0.0204067	0.00037885	0.00397151	0.0175434	0.00290866	0.00566434	0.313448	0.0197647	0.0853789	
0.0109397	0.0071012	0.00470543	0.0120891	0.0884602	0.002685	0.0409745	0.0503439	0.17382	0.0289297	0.0893455	0.0214511	0.000614375	0.0182829	0.0355846	0.00964699	0.0284662	0.0279849	0.045217	0.303358	
0.0946841	0.0088525	0.00987982	0.0101344	0.0266339	0.0350638	0.0619923	0.00331189	0.27614	0.00773667	0.0304861	0.111145	0.000130252	0.0674538	0.0695703	0.0835816	0.0346166	0.00148886	0.0216587	0.0454393	
0.0339978	0.00723613	0.00495827	0.0428819	0.0853128	0.00167237	0.016765	0.252886	0.035386	0.0672158	0.0832193	0.00500624	0.00213844	0.00976944	0.00863362	0.00471141	0.0195212	0.0912298	0.0815815	0.145877	
0.115189	0.0361811	0.00195878	0.0101694	0.0597019	0.00288858	0.00356609	0.24885	0.00694399	0.182085	0.212139	0.00463304	0.000535033	0.00377536	0.00156995	0.0054821	0.00916925	0.0630525	0.0218031	0.0103079	
0.0109397	0.0071012	0.00470543	0.0120891	0.0884602	0.002685	0.0409745	0.0503439	0.17382	0.0289297	0.0893455	0.0214511	0.000614375	0.0182829	0.0355846	0.00964699	0.0284662	0.0279849	0.045217	0.303358	
0.0946841	0.0088525	0.00987982	0.0101344	0.0266339	0.0350638	0.0619923	0.00331189	0.27614	0.00773667	0.0304861	0.111145	0.000130252	0.0674538	0.0695703	0.0835816	0.0346166	0.00148886	0.0216587	0.0454393	
0.0100573	0.00734963	0.00490398	0.0121088	0.0898105	0.00223361	0.0385428	0.0626572	0.14564	0.0351599	0.0990292	0.0182119	0.00047551	0.0167612	0.0302415	0.00835369	0.0232543	0.0266314	0.0679082	0.300669	
0.0382202	0.0434764	0.0129784	0.146045	0.0320455	0.0148184	0.0145291	0.054499	0.134598	0.0527772	0.0673226	0.0343676	0.00256078	0.0599641	0.0220098	0.0323797	0.119939	0.0424089	0.0023567	0.0727044	
0.0241714	0.00367411	0.0342888	0.0506758	0.0334871	0.10241	0.0374274	0.0305045	0.196553	0.0134169	0.0254203	0.154857	0.0277117	0.0831841	0.0232981	0.039662	0.0264902	0.0195935	0.051749	0.0214251	
0.00578236	0.00918053	0.255624	0.040513	0.00246706	0.00699836	0.0145793	0.0163166	0.231602	0.0029985	0.0225944	0.186658	0.0187201	0.0653959	0.0436643	0.0227881	0.0197206	0.00454291	0.000417434	0.0294361	
0.0241714	0.00367411	0.0342888	0.0506758	0.0334871	0.10241	0.0374274	0.0305045	0.196553	0.0134169	0.0254203	0.154857	0.0277117	0.0831841	0.0232981	0.039662	0.0264902	0.0195935	0.051749	0.0214251	
0.0830074	0.00764639	0.0514852	0.131457	0.0417428	0.0157225	0.0822929	0.0699903	0.0395237	0.0503002	0.0908997	0.0199349	0.00695879	0.0811209	0.00468291	0.0366094	0.0279401	0.0427564	0.0734354	0.0424925	
0.0137042	0.00109894	0.222159	0.287983	0.0152228	0.00270981	0.0115686	0.0340176	0.034015	0.0326178	0.0905488	0.0587095	0.00933665	0.0436202	0.00262057	0.0312438	0.0218768	0.00368533	0.0647171	0.0185445	
0.126188	0.00558861	0.0139737	0.0856299	0.0912919	0.00813826	0.0851303	0.0653794	0.0598095	0.033257	0.152624	0.0153149	0.00274558	0.0457221	0.0124369	0.0173353	0.0158882	0.0258166	0.0288789	0.108851	
0.0137042	0.00109894	0.222159	0.287983	0.0152228	0.00270981	0.0115686	0.0340176	0.034015	0.0326178	0.0905488	0.0587095	0.00933665	0.0436202	0.00262057	0.0312438	0.0218768	0.00368533	0.0647171	0.0185445	
0.000857763	0.0219708	0.524609	0.0771824	0.0498228	0.00152006	0.00303519	0.0647878	0.017867	0.019012	0.0706371	0.0024387	0.0062886	0.00994147	0.00690087	0.0313762	0.046243	0.00062852	0.0371505	0.00772984	
0.115189	0.0361811	0.00195878	0.0101694	0.0597019	0.00288858	0.00356609	0.24885	0.00694399	0.182085	0.212139	0.00463304	0.000535033	0.00377536	0.00156995	0.0054821	0.00916925	0.0630525	0.0218031	0.0103079	
0.0305952	0.0192589	0.00858891	0.021996	0.0734893	0.000518561	0.00988699	0.228025	0.0281517	0.0316703	0.0594762	0.0036383	0.000574739	0.028468	0.00784132	0.00459498	0.0327369	0.158772	0.0464757	0.205241	
0.0665738	0.024821	0.00855678	0.0126984	0.0343422	0.0237856	0.0110978	0.0391114	0.00693173	0.00044867	0.067106	0.0394921	0.00184314	0.270253	0.00290629	0.302009	0.03727	0.00423651	0.0223566	0.0241602	
0.0141544	0.0350647	0.137115	0.399988	0.00986065	0.00125645	0.00468512	0.125377	0.0218705	0.00423828	0.0320044	0.0180048	0.000699196	0.00534277	0.00157166	0.0498542	0.0428848	0.018482	0.0270501	0.0504969	
0.0908536	0.04428	0.00161459	0.0077004	0.00939955	0.164409	0.0255651	0.0943789	0.0360852	0.0170838	0.0429747	0.0100744	0.000480861	0.0360577	0.000451858	0.011671	0.257361	0.107869	0.0116047	0.0300847	
0.00344541	0.033533	0.00359367	0.0260242	0.189074	0.00126262	0.0686586	0.0173984	0.00482757	0.024314	0.0854265	0.222212	8.01443e-05	0.00491255	0.00223491	0.00760024	0.0106875	0.0109371	0.090962	0.192817	
0.0464029	0.0133055	0.00386064	0.044123	0.0754363	0.00171043	0.0170058	0.246153	0.0313556	0.101818	0.122467	0.00526574	0.00150169	0.00884948	0.00713288	0.00516004	0.0131592	0.0687717	0.0865224	0.0999987	
0.0404775	0.00625973	0.0014228	0.0805473	0.0166206	0.128187	0.0087657	0.0545673	0.449538	0.00304281	0.0175582	0.00748549	0.00114921	0.0233953	0.0706863	0.0345032	0.0300132	0.00448645	0.00495928	0.0163355	
0.115189	0.0361811	0.00195878	0.0101694	0.0597019	0.00288858	0.00356609	0.24885	0.00694399	0.182085	0.212139	0.00463304	0.000535033	0.00377536	0.00156995	0.0054821	0.00916925	0.0630525	0.0218031	0.0103079	
0.0214487	0.00809711	0.0133536	0.0513377	0.0628786	0.00243691	0.036827	0.143384	0.0241552	0.0696266	0.126764	0.0124046	0.000622021	0.0175739	0.00561231	0.00356033	0.00719881	0.0319391	0.192712	0.168068	
0.0946841	0.0088525	0.00987982	0.0101344	0.0266339	0.0350638	0.0619923	0.00331189	0.27614	0.00773667	0.0304861	0.111145	0.000130252	0.0674538	0.0695703	0.0835816	0.0346166	0.00148886	0.0216587	0.0454393	
0.0339988	0.00721816	0.00497109	0.0428894	0.0852148	0.00167643	0.016746	0.252948	0.035321	0.0674002	0.0835101	0.00502434	0.00214494	0.00973609	0.00863444	0.00471803	0.0194426	0.090939	0.0819992	0.145467	
0.0212369	0.0138185	0.143272	0.22894	0.0580756	0.0165947	0.0718551	0.00969593	0.181014	0.00149691	0.0488078	0.0504172	0.0375319	0.0256695	0.0278642	0.0308522	0.0101864	0.00234323	0.00923241	0.011095	
0.00578236	0.00918053	0.255624	0.040513	0.00246706	0.00699836	0.0145793	0.0163166	0.231602	0.0029985	0.0225944	0.186658	0.0187201	0.0653959	0.0436643	0.0227881	0.0197206	0.00454291	0.000417434	0.0294361	
0.00578236	0.00918053	0.255624	0.040513	0.00246706	0.00699836	0.0145793	0.0163166	0.231602	0.0029985	0.0225944	0.186658	0.0187201	0.0653959	0.0436643	0.0227881	0.0197206	0.00454291	0.000417434	0.0294361	
0.0210493	0.00147927	0.0731877	0.0776102	0.0227061	0.0998606	0.0563046	0.0559991	0.218769	0.00902963	0.01881	0.222697	0.0106746	0.00972964	0.000461807	0.0521052	0.00266286	0.0205593	0.0124938	0.0138102	
0.0433207	0.00235935	0.0029793	0.0305017	0.470351	0.00450027	0.00350052	0.0321968	0.107559	0.045944	0.0178308	0.0215651	0.0928254	0.012674	0.00343527	0.000795086	0.0197142	0.0291403	0.0524323	0.00637466	
0.0214989	0.00343591	0.0420048	0.148831	0.00843326	0.0106519	0.017743	0.0679906	0.288641	0.03296	0.0251925	0.0360427	0.00436305	0.0411171	0.0364589	0.0597566	0.0496005	0.013313	0.0307094	0.0612557	
0.111934	0.0112462	0.00248478	0.0163829	0.0110748	0.0547639	0.00897051	0.00962524	0.0388013	0.00358423	0.037528	0.0640672	0.0273991	0.0294337	0.0128844	0.0857328	0.367391	0.0120093	0.0135145	0.0811724	
0.0343013	0.00169788	0.00326311	0.0589074	0.158407	0.000236915	0.015403	0.0153868	0.0870569	0.00764025	0.0509967	0.00408127	0.0053212	0.0321706	7.32086e-05	0.000146087	0.0955106	0.0047633	0.0869331	0.337703	
0.115189	0.0361811	0.00195878	0.0101694	0.0597019	0.00288858	0.00356609	0.24885	0.00694399	0.182085	0.212139	0.00463304	0.000535033	0.00377536	0.00156995	0.0054821	0.00916925	0.0630525	0.0218031	0.0103079	
0.0109397	0.0071012	0.00470543	0.0120891	0.0884602	0.002685	0.0409745	0.0503439	0.17382	0.0289297	0.0893455	0.0214511	0.000614375	0.0182829	0.0355846	0.00964699	0.0284662	0.0279849	0.045217	0.303358	
0.0116948	0.00845656	0.00194443	0.0213558	0.0555709	0.0077111	0.0220665	0.0451166	0.232453	0.00568937	0.0821665	0.0156691	0.0138034	0.0634448	0.0372765	0.0177064	0.124859	0.0118196	0.187589	0.0336069	
0.00609065	0.015467	0.00204091	0.00923266	0.00169679	0.00132692	0.00374745	0.331078	0.0295483	0.00830545	0.0851561	0.00237164	0.000243295	0.015852	0.0184274	0.00506834	0.0299426	0.0580343	0.2838	0.0925694	
0.105192	0.00261566	0.00151412	0.00845834	0.00427651	0.00936555	0.011213	0.482467	0.0254504	0.0405591	0.0881908	0.00531526	0.000177706	0.01423	0.000646338	0.0051422	0.0789861	0.0676631	0.0176473	0.0308886	
0.0109315	0.0054265	0.00685605	0.0179814	0.0669845	0.00274795	0.0458402	0.055869	0.202014	0.0272106	0.0808692	0.0295653	0.000826578	0.0175928	0.0524286	0.0101749	0.0344145	0.0319687	0.0604041	0.239894	
0.0302268	0.00226751	0.00124255	0.00461117	0.054401	0.10729	0.0365645	0.00419353	0.0236246	0.00676718	0.0444999	0.353272	0.00225069	0.183597	0.0873976	0.0263132	0.0015134	0.00231107	0.00955589	0.0181007	
0.0390354	0.0294965	0.0158715	0.161213	0.0277209	0.0122647	0.0175709	0.0532726	0.153919	0.0465435	0.0598851	0.0378329	0.00269382	0.0664692	0.0239959	0.0338385	0.109027	0.036584	0.00240071	0.0703653	
0.115189	0.0361811	0.00195878	0.0101694	0.0597019	0.00288858	0.00356609	0.24885	0.00694399	0.182085	0.212139	0.00463304	0.000535033	0.00377536	0.00156995	0.0054821	0.00916925	0.0630525	0.0218031	0.0103079	
0.00890186	0.00608365	0.00135733	0.0257755	0.0103569	0.00913441	0.0538194	0.133461	0.237467	0.0754341	0.0404609	0.0166997	0.000657459	0.0909801	0.0248641	0.0101645	0.0135374	0.0115919	0.0018265	0.227426	
0.00578236	0.00918053	0.255624	0.040513	0.00246706	0.00699836	0.0145793	0.0163166	0.231602	0.0029985	0.0225944	0.186658	0.0187201	0.0653959	0.0436643	0.0227881	0.0197206	0.00454291	0.000417434	0.0294361	
0.126829	0.00441653	0.0119428	0.0922882	0.0926284	0.00794282	0.0908505	0.0510578	0.0605176	0.0274545	0.153094	0.0166664	0.00193437	0.0413633	0.0146	0.0163664	0.0154357	0.0195021	0.0227706	0.132339	
0.0253711	0.00847468	0.00609845	0.0397065	0.077985	0.00134206	0.0265031	0.209216	0.0374466	0.0768682	0.106911	0.00693389	0.00130133	0.0107844	0.00914544	0.00457618	0.0115732	0.0554163	0.132267	0.152079	
0.0277116	0.000684167	0.0110469	0.0449693	0.0536098	0.00508663	0.00319342	0.0288021	0.388359	0.0325317	0.0754083	0.054487	0.000160923	0.0361206	0.124868	0.0101496	0.0197355	0.0137282	0.00552679	0.0638208	
0.0216441	0.00211941	0.0876353	0.0271084	0.00692203	0.0103589	0.00800797	0.00417306	0.475682	0.00456431	0.0512784	0.0688804	0.000558933	0.0625916	0.0211812	0.0473872	0.0377821	0.00348733	0.0335706	0.0250671	
0.0228785	0.0041093	0.033347	0.14061	0.0170562	0.00669311	0.0444856	0.0252767	0.196655	0.0334276	0.0692066	0.10662	0.00240362	0.161317	0.03248	0.0269159	0.0316169	0.00813245	0.0031945	0.0335737	
0.0216441	0.00211941	0.0876353	0.0271084	0.00692203	0.0103589	0.00800797	0.00417306	0.475682	0.00456431	0.0512784	0.0688804	0.000558933	0.0625916	0.0211812	0.0473872	0.0377821	0.00348733	0.0335706	0.0250671	
0.0352513	0.0224177	0.0203099	0.164593	0.0268753	0.0114653	0.021	0.05545	0.159785	0.0425042	0.0603348	0.0394744	0.00312925	0.0721086	0.0256367	0.0346007	0.100617	0.0328793	0.00349786	0.06807	
