0.0384748	0.0139698	0.0185606	0.0701887	0.0107407	0.00279979	0.0421774	0.249342	0.0514008	0.0276323	0.0122606	0.0223436	0.0128426	0.038941	0.0242329	0.0239746	0.0378969	0.287236	0.00676494	0.00822044	
0.0119504	0.0137441	0.0443075	0.0817802	0.0116402	0.0439908	0.0406818	0.028501	0.0594131	0.034915	0.0142617	0.0594451	0.00855166	0.0501398	0.017112	0.261418	0.175609	0.0185608	0.0149722	0.00900622	
0.00835941	0.010874	0.0580422	0.0905249	0.0443643	0.0422456	0.0402305	0.115843	0.0332316	0.0475074	0.00931665	0.0542084	0.00466903	0.045661	0.0166007	0.0238459	0.289073	0.0377877	0.0156047	0.0120096	
0.0197268	0.0141565	0.0161105	0.053802	0.00999991	0.00322974	0.0434635	0.358378	0.0344417	0.0338508	0.0107175	0.00806997	0.00923648	0.0363833	0.0159927	0.00666182	0.0154274	0.299208	0.00445898	0.00668415	
0.0162493	0.00107675	0.0564077	0.0891428	0.0495352	0.0119247	0.0393564	0.0929832	0.057696	0.0463932	0.00824411	0.0779168	0.0102447	0.0455787	0.0240312	0.00732979	0.303355	0.036164	0.0138625	0.0125082	
0.0431494	0.00466037	0.0718103	0.0789497	0.234476	0.0408543	0.0388951	0.0962831	0.0632414	0.0276351	0.0151857	0.0499084	0.0203377	0.0483945	0.0236803	0.0230265	0.0845971	0.010835	0.0175067	0.0065733	
0.0184627	0.0105547	0.0596187	0.0898824	0.0392991	0.0234678	0.0446996	0.101921	0.030565	0.061744	0.003506	0.0556345	0.0114638	0.0459957	0.0316325	0.0373821	0.241486	0.0688039	0.0123691	0.0115109	
0.0392281	0.0212672	0.0650538	0.0401544	0.0388712	0.0728691	0.00602281	0.0687547	0.0269964	0.0382108	0.013055	0.0670617	0.00627741	0.298694	0.0109768	0.0535558	0.069722	0.0328474	0.0163075	0.0140737	
0.0600996	0.0115448	0.120147	0.113512	0.039501	0.0314396	0.00963973	0.0490421	0.0588127	0.0391996	0.0142399	0.102078	0.0235601	0.0626592	0.0267723	0.0686419	0.0889281	0.011541	0.0154496	0.0531908	
0.275527	0.0109723	0.0405428	0.0319714	0.0444416	0.0946735	0.0368468	0.0523102	0.0686031	0.0396526	0.0157614	0.0664187	0.0111936	0.0509488	0.0161071	0.0808541	0.0180354	0.00605409	0.0226324	0.0164534	
0.0157	0.0181489	0.0778689	0.164355	0.0383808	0.0140223	0.0230526	0.0512499	0.0286464	0.0524981	0.013672	0.0626909	0.0196067	0.194818	0.0243079	0.0641015	0.0870006	0.0143052	0.0156257	0.0199484	
0.010648	0.0134283	0.0635821	0.0804967	0.0387252	0.0454769	0.0423667	0.0453494	0.068889	0.0453651	0.0109592	0.0403	0.00561565	0.0450631	0.0265419	0.0282746	0.336907	0.024654	0.0147854	0.0125716	
0.0393845	0.0191148	0.0645002	0.0509455	0.0352907	0.0802015	0.0422283	0.0240685	0.329316	0.0395467	0.012086	0.0158532	0.0176449	0.0228577	0.0160674	0.0570679	0.085846	0.0194936	0.015443	0.013044	
0.0183671	0.0135624	0.0166615	0.0590288	0.0143533	0.00294068	0.0425232	0.330597	0.0361223	0.0317697	0.00971763	0.013487	0.0114719	0.0344781	0.0175675	0.00637146	0.0266514	0.304476	0.0026695	0.00718414	
0.0111759	0.0104078	0.064535	0.0800773	0.0426507	0.0234325	0.0515542	0.0568142	0.114859	0.0406553	0.00556254	0.0433597	0.0061557	0.0434525	0.0516846	0.0349554	0.2595	0.0332492	0.0147213	0.011197	
0.112121	0.0124832	0.0489875	0.0305732	0.0422725	0.252296	0.027685	0.0510943	0.0598945	0.0361146	0.0154521	0.0746456	0.0136255	0.0476062	0.00464493	0.0576862	0.0386053	0.00414096	0.0517869	0.018285	
0.0557663	0.00407961	0.0665409	0.0976457	0.0744569	0.0456002	0.0392072	0.0164078	0.0664629	0.0033393	0.0163298	0.0650007	0.0332673	0.0437641	0.0280828	0.180242	0.0687888	0.0348739	0.0176159	0.042528	
0.0162771	0.0123866	0.0162954	0.0459322	0.0108094	0.00110842	0.0449715	0.351823	0.0365021	0.0291648	0.0105116	0.0148526	0.00908837	0.0391715	0.015508	0.00938133	0.0273357	0.29928	0.00360648	0.00599357	
0.0106554	0.0108004	0.063333	0.0842072	0.0396637	0.0346803	0.0430424	0.0825202	0.0623157	0.0434818	0.0101017	0.0319778	0.00601006	0.0386857	0.0187525	0.0635307	0.301189	0.028693	0.0140934	0.0122658	
0.00840921	0.0256802	0.0179661	0.0129348	0.0243242	0.564089	0.0252744	0.0324916	0.0517096	0.0311531	0.0108209	0.0627928	0.0106871	0.0369108	0.00195536	0.0230065	0.0378808	0.00248517	0.0118521	0.0075757	
0.0414766	0.0254025	0.0558682	0.0858645	0.00697966	0.0835915	0.0710841	0.0253058	0.064415	0.249651	0.010705	0.0515507	0.00493505	0.0500215	0.00862469	0.0533037	0.0695821	0.0133646	0.0153593	0.0129148	
0.0329351	0.0149243	0.0575868	0.0917981	0.036893	0.00904856	0.0376297	0.0488355	0.0724201	0.0416116	0.0120926	0.0596069	0.022018	0.0490801	0.0256832	0.0970794	0.243896	0.013403	0.0163412	0.0171165	
0.0163075	0.0241216	0.0762755	0.0895125	0.0456137	0.0574619	0.0157728	0.0667895	0.0634137	0.0141593	0.0174689	0.0625132	0.27869	0.036099	0.0184999	0.0294693	0.0232915	0.0307486	0.0155431	0.0182487	
0.0089462	0.0276166	0.0188093	0.0136069	0.023604	0.554052	0.0243045	0.0343511	0.0572495	0.0310075	0.0100959	0.0614949	0.0104957	0.0377393	0.00180574	0.0265351	0.0386077	0.00212893	0.0101572	0.00739143	
0.0439818	0.0186182	0.0528186	0.081178	0.0147121	0.0751039	0.0359505	0.0263302	0.0663176	0.300173	0.0108373	0.0652932	0.00459906	0.0422052	0.0083994	0.0463131	0.0651111	0.0158095	0.013326	0.0129217	
0.0364446	0.0130456	0.0255679	0.0895487	0.0365895	0.0353718	0.269629	0.0935602	0.0674413	0.0224689	0.0129722	0.0175352	0.00769104	0.0113062	0.0435552	0.0509108	0.0852294	0.06206	0.0144324	0.00463983	
0.00930744	0.02825	0.0211667	0.0149224	0.0222343	0.555982	0.0219984	0.0331445	0.0502121	0.0298538	0.0113755	0.0633471	0.011721	0.040039	0.00186537	0.0247074	0.0376237	0.00226922	0.0119324	0.00804759	
0.0474041	0.00575045	0.064999	0.0800217	0.306968	0.0572875	0.038693	0.0337287	0.0684473	0.0075479	0.0126601	0.0550115	0.025952	0.0436064	0.0287485	0.0228026	0.068828	0.00871862	0.0166826	0.00614227	
0.0186903	0.0131781	0.0159751	0.0572082	0.00978593	0.00153166	0.0437551	0.354215	0.0362227	0.024964	0.0115139	0.00879403	0.00965574	0.0361715	0.016736	0.00623897	0.0144052	0.311141	0.00415207	0.00566569	
0.0418244	0.0150923	0.0331964	0.0879489	0.0320853	0.0529862	0.289532	0.0942107	0.0630113	0.0188846	0.0137844	0.0186645	0.00809132	0.00891524	0.016254	0.0573572	0.0738391	0.0553774	0.0142802	0.0046647	
0.0147537	0.0166168	0.0198334	0.390757	0.0322272	0.00720814	0.0447768	0.057412	0.0478422	0.0423853	0.0168714	0.055721	0.019017	0.0172544	0.0209839	0.0573841	0.0824538	0.0271663	0.0164562	0.0128794	
0.370177	0.0173076	0.0404245	0.0348933	0.04579	0.0212675	0.0392305	0.0538823	0.0675609	0.0438117	0.0169271	0.0624846	0.0101636	0.0499602	0.0236535	0.0479531	0.0162375	0.00870451	0.0158289	0.0137415	
0.00736318	0.0256632	0.0165228	0.0154451	0.0232153	0.558949	0.0247053	0.0329381	0.0539652	0.0328484	0.0107033	0.0646648	0.0113736	0.0376	0.00210031	0.0229841	0.0392341	0.00227388	0.010001	0.00744932	
0.013243	0.0163145	0.430831	0.0169336	0.0433911	0.0110841	0.015116	0.0515218	0.0779373	0.0379266	0.0144423	0.0201027	0.0253848	0.0505019	0.0240597	0.0500089	0.0712026	0.0100947	0.0140351	0.00586838	
0.0473492	0.0210878	0.0636927	0.0713861	0.0191035	0.0875421	0.0346076	0.0430028	0.0517945	0.228956	0.00506394	0.0582759	0.00473359	0.105332	0.0070913	0.0485193	0.0622666	0.012885	0.0150936	0.0122163	
0.0103223	0.0190489	0.0454109	0.084312	0.024531	0.0480419	0.0432193	0.0174226	0.0658527	0.0353	0.0125993	0.0392621	0.00538314	0.0459638	0.0205158	0.19795	0.243208	0.0134796	0.0158078	0.0123684	
0.0483181	0.0204736	0.0227584	0.0711775	0.0360887	0.102542	0.00884018	0.0195927	0.0138244	0.0422543	0.017596	0.402507	0.0208002	0.0544025	0.0198706	0.0300298	0.0290512	0.0174557	0.0137888	0.00862834	
0.00749465	0.0257508	0.015828	0.0161705	0.02176	0.557865	0.0252082	0.0328293	0.0526381	0.0336978	0.00960569	0.0624308	0.0130559	0.0387687	0.00249655	0.0233388	0.0411327	0.00221088	0.0102481	0.00746982	
0.0111862	0.0114621	0.0542597	0.0805631	0.0439229	0.0456521	0.0324417	0.0471102	0.062564	0.0464817	0.0123674	0.0903852	0.00554643	0.0427411	0.0277035	0.0282681	0.308825	0.0220242	0.0131506	0.0133445	
0.011484	0.01709	0.0132368	0.0848226	0.0208477	0.00349794	0.0408455	0.0258356	0.0645255	0.0388806	0.0173212	0.0619177	0.00221027	0.0502198	0.0193517	0.265235	0.23151	0.00316994	0.0157846	0.0122137	
0.0121732	0.0171316	0.0445261	0.0819228	0.018363	0.0646777	0.0366208	0.0211136	0.0341521	0.0311069	0.013755	0.06087	0.00505408	0.049923	0.0124115	0.210261	0.245746	0.0125133	0.0140128	0.0136656	
0.00684981	0.0372946	0.0170138	0.0153207	0.0219299	0.55733	0.0251232	0.0340099	0.0517975	0.0302688	0.00990242	0.0625595	0.0105001	0.0385053	0.00213304	0.0215408	0.0378711	0.00211921	0.0108983	0.00703201	
0.173051	0.0103632	0.0456983	0.0781377	0.04861	0.0370194	0.0361051	0.0919187	0.0648793	0.0497862	0.0148874	0.055996	0.0611434	0.0428232	0.0252671	0.0736885	0.0191234	0.0545485	0.00540799	0.0115454	
0.0434725	0.00474549	0.0678146	0.0716012	0.310322	0.052033	0.0415848	0.0359755	0.0631584	0.00785673	0.0138214	0.0580681	0.0233798	0.0459146	0.0305888	0.022766	0.0713755	0.00906228	0.0197559	0.00670332	
0.0561962	0.0139708	0.0127457	0.217173	0.0307366	0.00713865	0.0416777	0.0782479	0.121066	0.114782	0.0125293	0.0400226	0.0156472	0.0138297	0.0192893	0.0508922	0.069231	0.0590425	0.0140281	0.0117539	
0.0122126	0.0124132	0.0510548	0.0770229	0.0123859	0.0457472	0.0416623	0.0248226	0.061815	0.0372099	0.0147183	0.0613209	0.00641255	0.0519775	0.0183645	0.263608	0.17083	0.0157842	0.0133186	0.00731932	
0.048475	0.0195803	0.0631624	0.0434867	0.0409744	0.0787041	0.037815	0.0508091	0.321636	0.0371262	0.00677328	0.0447201	0.0230441	0.0217655	0.0130337	0.0517292	0.0403463	0.0278637	0.0143891	0.0145654	
0.00953884	0.0135166	0.0617637	0.0876486	0.0456036	0.041318	0.0423484	0.0900924	0.0375774	0.0430973	0.00805339	0.0541529	0.00530931	0.0444684	0.0173449	0.0269186	0.310165	0.0322634	0.0166103	0.0122093	
0.00898028	0.0259919	0.0197111	0.0141652	0.0235868	0.553269	0.0234706	0.035541	0.0547774	0.0306718	0.00993491	0.0624904	0.0115105	0.0390521	0.00222608	0.0265365	0.0379511	0.00228007	0.00979705	0.00805656	
0.0257678	0.0115696	0.0680644	0.05081	0.0305666	0.319555	0.0285636	0.0359495	0.0573653	0.033033	0.0112866	0.0703145	0.0176883	0.0494121	0.00734197	0.075584	0.0618444	0.00390997	0.0210128	0.0203603	
0.013743	0.0212289	0.0745665	0.0880383	0.0468565	0.0580376	0.0231816	0.0687968	0.0701822	0.0125799	0.0175957	0.060819	0.280721	0.0241789	0.0181767	0.0278917	0.0267169	0.0332382	0.0153842	0.0180659	
0.0139358	0.0176673	0.0577315	0.347529	0.0337266	0.00959906	0.0500661	0.0584947	0.0445262	0.0354028	0.0151841	0.0602987	0.0223044	0.0220055	0.01887	0.0511413	0.0826545	0.0292159	0.0154149	0.0142317	
0.0133912	0.0182534	0.440036	0.0164499	0.0427779	0.0125466	0.0135206	0.0501824	0.0749684	0.0374758	0.0140055	0.020322	0.0275292	0.0500432	0.0250448	0.0463449	0.06768	0.00837468	0.01465	0.00640315	
0.0159504	0.0158656	0.0197657	0.391808	0.0341372	0.00748723	0.0512492	0.059124	0.0463231	0.0421208	0.0136005	0.0505469	0.0232702	0.0158452	0.022027	0.0581077	0.0777016	0.0291624	0.0146831	0.0112245	
0.0158186	0.0125322	0.0123981	0.0613235	0.00955442	0.00147799	0.0443269	0.328464	0.0427283	0.0251791	0.0112542	0.0131197	0.0111358	0.0344813	0.0184458	0.010522	0.0277521	0.306807	0.0057547	0.00692454	
0.0439915	0.00625285	0.0666105	0.0832148	0.0447755	0.00612742	0.0223429	0.0737504	0.0771986	0.0131385	0.0184025	0.0555382	0.012813	0.045419	0.243276	0.0322351	0.0817777	0.044322	0.0156015	0.0132125	
0.0271349	0.0135358	0.0196843	0.0463618	0.0139282	0.00155622	0.0426825	0.331736	0.0378693	0.0395638	0.0116039	0.01362	0.00860251	0.0365029	0.0169031	0.0150028	0.0335772	0.275925	0.00675327	0.00745621	
0.0377119	0.0212581	0.0533244	0.0860369	0.00708869	0.0855415	0.0226399	0.0249111	0.0562846	0.299771	0.00955672	0.0599833	0.00545389	0.0643212	0.00752198	0.0485413	0.0655183	0.0155169	0.0133153	0.0157034	
0.00696185	0.027048	0.0200263	0.013109	0.0227912	0.550803	0.0250503	0.0353034	0.0519306	0.0329254	0.0116348	0.0623818	0.0104315	0.040092	0.00217324	0.0275071	0.0387282	0.002201	0.0115144	0.00738656	
0.0186261	0.0119625	0.0145182	0.054985	0.0117389	0.00298086	0.0448075	0.365948	0.0335828	0.0279512	0.0115556	0.00956613	0.00891654	0.0359783	0.0133251	0.0071664	0.0143129	0.301878	0.00439823	0.00580192	
0.0117209	0.0146644	0.0501134	0.244573	0.0262916	0.00370233	0.0457437	0.116982	0.0633973	0.00989505	0.00554738	0.0374232	0.0232284	0.0251706	0.0271275	0.0448102	0.0680879	0.157044	0.0126006	0.0118765	
0.0576015	0.00874911	0.0614853	0.0878169	0.0324906	0.0163276	0.03995	0.0179802	0.0633479	0.0439758	0.0162792	0.0353538	0.0215414	0.0511845	0.00705305	0.303893	0.0766187	0.0217999	0.0171716	0.0193804	
0.00804105	0.027392	0.0212811	0.0145946	0.0232262	0.555131	0.0228198	0.0321363	0.0524121	0.0333829	0.00994143	0.0641255	0.0109471	0.0397682	0.00217321	0.024154	0.0398135	0.00247215	0.0093532	0.00683514	
0.0505248	0.00839998	0.0466734	0.0946319	0.039272	0.118339	0.00553768	0.0405442	0.0510717	0.0324006	0.0156175	0.134239	0.0222861	0.0530434	0.0181007	0.110148	0.0817044	0.00460254	0.0193667	0.0534968	
0.0225594	0.0110939	0.0586035	0.080151	0.0151666	0.044351	0.0406784	0.0353594	0.0619911	0.041506	0.0167456	0.0579564	0.0110658	0.0488741	0.0189401	0.294853	0.0922813	0.0214166	0.0162802	0.0101268	
0.0067077	0.0365528	0.0156215	0.0143848	0.0225546	0.556029	0.024631	0.0323456	0.0547569	0.0309621	0.0107225	0.0615174	0.00992336	0.0404322	0.00249395	0.0213052	0.0379967	0.00209244	0.0121952	0.0067748	
0.0226858	0.0106085	0.0325113	0.0892058	0.0184249	0.00180089	0.0458871	0.222503	0.0508498	0.0366491	0.011207	0.0308641	0.0107996	0.0400278	0.0424465	0.0207159	0.0656813	0.229532	0.00878945	0.0088109	
0.351257	0.0110198	0.0263571	0.0485589	0.0437968	0.0264396	0.0363057	0.051958	0.0671331	0.0442902	0.0154919	0.062273	0.0112696	0.0496059	0.0209838	0.0800758	0.0140071	0.00627042	0.0186926	0.0142136	
0.0428031	0.0160472	0.0449182	0.24812	0.0342535	0.0312424	0.0514417	0.0309675	0.223711	0.052869	0.0115645	0.0119425	0.0226507	0.0159909	0.0117656	0.0540794	0.0305293	0.0347684	0.0158405	0.014495	
0.0163946	0.0149544	0.0224051	0.0488921	0.0143736	0.00230181	0.0427503	0.290118	0.0451085	0.0228299	0.0114418	0.0168693	0.014077	0.0388978	0.0207908	0.0199471	0.0316115	0.309455	0.00837763	0.00840471	
0.0226402	0.0155596	0.052801	0.0833021	0.0297356	0.0462077	0.0409229	0.036647	0.0650955	0.018872	0.0164457	0.0578514	0.0102115	0.0458223	0.0274828	0.286737	0.0960386	0.021917	0.00904788	0.0166617	
0.023151	0.01337	0.0316625	0.0645715	0.0101622	0.0155955	0.0411375	0.358717	0.0424786	0.0235337	0.039089	0.00982765	0.0140558	0.0363813	0.0195609	0.0100361	0.0139042	0.21434	0.0108709	0.00755542	
0.0116109	0.00974355	0.056454	0.079346	0.0408321	0.0286689	0.0503841	0.0515381	0.121791	0.0330754	0.0051815	0.0419357	0.00766352	0.0430155	0.0491174	0.079817	0.233422	0.0301096	0.0152939	0.0109996	
0.013408	0.0174297	0.431483	0.0183896	0.0434782	0.0128395	0.0121767	0.0491727	0.0754493	0.0384424	0.0150763	0.0195723	0.0242521	0.0534895	0.024969	0.0456096	0.0733761	0.0108487	0.0144349	0.00610248	
0.0116727	0.0180881	0.0650152	0.0861135	0.0381299	0.0461541	0.0762684	0.0378382	0.0784609	0.0109933	0.0141462	0.0405033	0.0542337	0.0355428	0.0446351	0.136434	0.137587	0.0357364	0.0177268	0.0147204	
0.0460032	0.0198382	0.0621491	0.0818934	0.0274335	0.0482899	0.0317762	0.12431	0.0258317	0.211691	0.00528577	0.0570971	0.0139937	0.059438	0.00905335	0.0390162	0.0338095	0.0726343	0.0167374	0.0137182	
0.0280343	0.0161866	0.0440746	0.0634278	0.0137188	0.0307917	0.0403346	0.361085	0.042935	0.0201072	0.05253	0.0123711	0.0195592	0.0345051	0.0205894	0.012247	0.0167043	0.14869	0.0120217	0.0100872	
0.0191399	0.0128244	0.0692332	0.0884273	0.0393498	0.0412312	0.0448408	0.0514547	0.0727735	0.0130426	0.0158416	0.0469456	0.112611	0.0202318	0.0606526	0.185164	0.0397153	0.0318471	0.0184286	0.0162458	
0.0423151	0.0205257	0.0560995	0.0786	0.00780856	0.0852303	0.0225132	0.0265829	0.0644359	0.292847	0.0127174	0.057923	0.00465319	0.0580514	0.00700715	0.0520249	0.0689008	0.0157653	0.0117683	0.0142309	
0.0100817	0.0475176	0.0486183	0.0794363	0.0107046	0.0963696	0.0387592	0.0307472	0.0582429	0.0406801	0.0137973	0.0596835	0.00612901	0.0453442	0.0151951	0.208287	0.152206	0.0168551	0.0158329	0.00551169	
0.205991	0.00401842	0.0447788	0.0669446	0.0774564	0.0481984	0.0361185	0.0735552	0.0628855	0.0292421	0.0170123	0.0599278	0.0408326	0.0416328	0.0258218	0.0834716	0.0185481	0.039725	0.013775	0.0100645	
0.0444476	0.0154522	0.0181061	0.0780083	0.0247585	0.0388058	0.159638	0.116974	0.0762935	0.102288	0.0124411	0.0147367	0.00642533	0.0365873	0.0361414	0.0414255	0.0803177	0.079048	0.0135503	0.00455365	
0.0113521	0.0200498	0.0479577	0.0786938	0.020692	0.0708282	0.0287446	0.0133344	0.0541511	0.0355358	0.0155657	0.14262	0.00653153	0.0494114	0.0166315	0.187348	0.155291	0.013745	0.0150627	0.0164528	
0.0302675	0.0175662	0.0433418	0.064383	0.0149658	0.0345682	0.0416896	0.376941	0.0432755	0.0215814	0.0167638	0.0144995	0.0177932	0.0419111	0.0197043	0.0142626	0.0156126	0.151251	0.0105463	0.0090759	
0.0391421	0.0146974	0.0399267	0.0600967	0.0274339	0.0504513	0.0347519	0.306881	0.0288158	0.0687808	0.0105451	0.0299928	0.012395	0.0474375	0.0125184	0.0259063	0.0253697	0.140531	0.0139249	0.0104011	
0.0452489	0.00602871	0.0721845	0.0828516	0.0428078	0.0065963	0.0192183	0.0722554	0.0753232	0.0141001	0.0172311	0.0610158	0.0127475	0.0479199	0.241261	0.0268623	0.0804963	0.0435901	0.0163952	0.0158661	
0.19337	0.00778923	0.0378977	0.0654547	0.0244648	0.0387858	0.041399	0.0441229	0.0706802	0.0492028	0.016613	0.0575107	0.0113571	0.0524481	0.0223791	0.181251	0.0381588	0.0148697	0.0199796	0.0122655	
0.0407415	0.0207952	0.0565112	0.0950324	0.0085489	0.0523063	0.0217963	0.0382034	0.061907	0.277677	0.00954575	0.0623065	0.0053366	0.0554893	0.0082398	0.0490682	0.0631908	0.0478756	0.0115278	0.0139002	
0.0160653	0.01254	0.0143458	0.0643348	0.00959026	0.00192007	0.0454176	0.329067	0.0380289	0.0249494	0.0129259	0.0150447	0.0107556	0.0336534	0.0171084	0.0114177	0.0251593	0.30603	0.00500705	0.00663821	
0.0163143	0.0141722	0.0119326	0.0630107	0.00968595	0.00143042	0.043758	0.349322	0.037085	0.0237916	0.0134151	0.0141837	0.0101049	0.0356331	0.017069	0.00919927	0.0223455	0.297053	0.0048151	0.00567866	
0.377052	0.0149469	0.0420978	0.0343541	0.0496782	0.0212478	0.0387709	0.0526841	0.068119	0.0404097	0.0165131	0.0648193	0.00881803	0.049721	0.0207176	0.0466225	0.0168161	0.00792053	0.0159584	0.0127332	
0.045379	0.0183361	0.0548763	0.0333979	0.0331158	0.0839218	0.0049967	0.0731452	0.0280368	0.0830353	0.0115089	0.0686072	0.00498554	0.268287	0.00788239	0.0487106	0.0631949	0.0426604	0.0140452	0.0118771	
0.0161581	0.0120956	0.0832348	0.0850775	0.0393897	0.0349034	0.0169306	0.0623558	0.0720542	0.0134522	0.0142995	0.0559296	0.148837	0.0403517	0.0949888	0.111763	0.0304564	0.0357822	0.0165916	0.0153485	
0.043538	0.0212419	0.0597417	0.0787328	0.0080745	0.0815984	0.0205486	0.0230546	0.060135	0.294248	0.0118166	0.0649411	0.00417691	0.0616352	0.00679662	0.052517	0.0639944	0.0155066	0.013879	0.0138229	
0.0551847	0.0149235	0.07298	0.0335624	0.0369196	0.0356844	0.0405318	0.0808405	0.204758	0.047252	0.00562965	0.00852786	0.0238811	0.122428	0.0560176	0.0515745	0.034059	0.0475251	0.0143591	0.0133613	
0.00828777	0.0276387	0.0195902	0.0127467	0.0227804	0.559001	0.0239224	0.0314931	0.0490349	0.0311384	0.0104634	0.0652037	0.010763	0.0399092	0.00225179	0.0267858	0.0395844	0.00221621	0.00911614	0.00807278	
0.00844138	0.0272221	0.0211721	0.0141764	0.0212906	0.545957	0.0232962	0.0325979	0.0548075	0.0332403	0.0109195	0.0640834	0.0102217	0.0426075	0.00189026	0.0266009	0.0415858	0.0021305	0.0110331	0.006726	
0.0365418	0.0168184	0.064431	0.0896057	0.0360618	0.0618578	0.270815	0.08072	0.0645947	0.0170861	0.0119611	0.0174794	0.00782976	0.00928097	0.0179814	0.0564013	0.0722522	0.0483355	0.0156824	0.00426337	
0.0148127	0.0170621	0.111135	0.238894	0.0336715	0.00901146	0.0492412	0.076275	0.0360831	0.0440207	0.0136359	0.0495589	0.0230416	0.02577	0.0266598	0.0518354	0.0720072	0.0769769	0.0139553	0.0163528	
0.0401122	0.0239764	0.0627149	0.0823015	0.00522041	0.0709339	0.0294034	0.0425087	0.0572239	0.300008	0.00585255	0.0596714	0.0108527	0.0627167	0.0135982	0.0310864	0.064675	0.0168247	0.00729417	0.0130244	
0.0622921	0.00294798	0.0570653	0.0794214	0.0297847	0.00463725	0.0163226	0.111189	0.0646535	0.115168	0.0138725	0.0439263	0.0284636	0.0534501	0.037315	0.0793688	0.0938286	0.0788993	0.0143643	0.013029	
0.00908804	0.0185299	0.0457457	0.0786008	0.0182568	0.0616777	0.0378038	0.0164372	0.0326389	0.0305319	0.015587	0.0622874	0.00471427	0.048729	0.0095203	0.24507	0.22387	0.0117297	0.0163814	0.0127998	
0.0115885	0.013957	0.0596648	0.0856843	0.0426935	0.045206	0.0425516	0.0471137	0.0696371	0.0463007	0.0101554	0.0389173	0.00533003	0.0428487	0.0263315	0.0274333	0.333451	0.023569	0.0146815	0.0128853	
0.00786685	0.029034	0.0216292	0.0143394	0.0222622	0.553245	0.0269951	0.0325936	0.0526679	0.0307575	0.00985285	0.0613196	0.0102664	0.0392436	0.00206181	0.0253799	0.039691	0.00270147	0.0112058	0.00688652	
0.0515357	0.0215602	0.0208427	0.0706142	0.03515	0.107839	0.00854695	0.021287	0.0138057	0.0431406	0.0158153	0.399439	0.0197448	0.051542	0.0173103	0.0305744	0.0289522	0.0188835	0.0153722	0.00804479	
0.343789	0.0124248	0.0255447	0.0478219	0.0443046	0.0232486	0.0404241	0.053635	0.0643718	0.045962	0.0177228	0.062298	0.0117102	0.0536303	0.0199532	0.0780292	0.0166438	0.00850397	0.0162529	0.0137294	
0.0930807	0.00808118	0.0325727	0.0483487	0.038336	0.274654	0.0262518	0.0413266	0.0589642	0.0374843	0.0157512	0.0810275	0.0162173	0.0431123	0.00603727	0.0819301	0.0445711	0.00360456	0.0293441	0.0193046	
0.0414671	0.0191898	0.0585231	0.100293	0.00767108	0.0483875	0.0182603	0.0354926	0.0645107	0.281635	0.010546	0.0578311	0.0055329	0.0576133	0.00733732	0.0447059	0.0628888	0.0480474	0.0159848	0.0140826	
0.385782	0.0148564	0.0392306	0.0315311	0.0432188	0.0213252	0.0417257	0.0512121	0.0715943	0.0439066	0.0158305	0.060537	0.0101793	0.0475452	0.0225151	0.0444841	0.0151683	0.00976801	0.0181966	0.0113927	
0.0358962	0.251013	0.0601898	0.0775868	0.0123657	0.0259843	0.0415982	0.0839164	0.0619331	0.0573327	0.0165418	0.0533976	0.0259627	0.0521824	0.0124592	0.0174055	0.053233	0.04422	0.00789203	0.00888951	
0.00880775	0.0257972	0.0166105	0.0152219	0.0224827	0.558134	0.0230119	0.0334325	0.0519434	0.029155	0.0100192	0.0631769	0.0113497	0.041897	0.00292133	0.0230049	0.0406198	0.00215402	0.0125888	0.00767183	
0.0148609	0.0120646	0.0129241	0.0607881	0.00913793	0.00167461	0.0439815	0.34936	0.0357654	0.0247708	0.012389	0.0131006	0.00920246	0.0363582	0.017869	0.0106863	0.0215878	0.303412	0.00427845	0.00578896	
0.0337349	0.0178881	0.0345499	0.0619107	0.0179568	0.0365731	0.0387335	0.385241	0.0472177	0.0207929	0.0182214	0.0116259	0.0157756	0.0383398	0.0184714	0.0137448	0.0167079	0.155232	0.0091913	0.00809114	
0.00879845	0.0253171	0.0184031	0.0156814	0.0243851	0.55522	0.0241278	0.0328756	0.0525331	0.0324304	0.0105305	0.0620209	0.00943926	0.041214	0.00204795	0.0241003	0.0398899	0.00224336	0.0110506	0.00769106	
0.0332022	0.0152581	0.0406774	0.0628435	0.0537859	0.0400045	0.0390886	0.343961	0.0448089	0.0226705	0.0129634	0.0152115	0.0206941	0.0400776	0.0212953	0.0161771	0.0207313	0.135465	0.0116667	0.0094173	
