0.0192158	0.0227061	0.00854514	0.0235716	0.0148917	0.031566	0.0405163	0.0231559	0.0620384	0.0351193	0.012181	0.0613952	0.0421561	0.0473787	0.0292093	0.0549499	0.0801366	0.371069	0.00604136	0.0141572	
0.0447817	0.0142393	0.00842179	0.0342171	0.0210069	0.142666	0.0942052	0.00551066	0.223006	0.0232209	0.0171755	0.0441476	0.0206362	0.0453441	0.0144694	0.0563982	0.103554	0.0597368	0.00719675	0.0200665	
0.0228696	0.0168231	0.0333646	0.0498664	0.0135809	0.115005	0.0521339	0.00974399	0.0887088	0.0334531	0.0158439	0.0681145	0.0117659	0.0474705	0.0163504	0.076842	0.243384	0.0652599	0.00642819	0.0129915	
0.021634	0.021567	0.00728165	0.0237964	0.0123787	0.0311519	0.0409728	0.0321635	0.0580082	0.0476775	0.00761899	0.0557706	0.0387056	0.0472196	0.0273047	0.0558623	0.0784633	0.374504	0.005398	0.0125209	
0.0257947	0.0201508	0.0336673	0.0524176	0.0166527	0.109547	0.0447046	0.00954344	0.0719189	0.0393763	0.0175146	0.044817	0.0142319	0.0486783	0.0217184	0.0454011	0.297514	0.0633736	0.00625194	0.0167258	
0.0704516	0.0263117	0.0436395	0.0760576	0.0117547	0.0970958	0.0355383	0.0436955	0.0524588	0.232369	0.015724	0.0641769	0.0129925	0.0317929	0.0214681	0.0486128	0.072895	0.0205189	0.00718829	0.0152578	
0.0240035	0.0151776	0.0332562	0.0526567	0.011633	0.11266	0.0443897	0.0313885	0.0751361	0.0185501	0.0199046	0.0577971	0.0531065	0.0537152	0.0256906	0.122474	0.15047	0.0779581	0.00761457	0.0124178	
0.0626631	0.0258503	0.0471695	0.0794602	0.0202607	0.0822701	0.0149204	0.0401089	0.0332128	0.0232786	0.0223611	0.0712984	0.025301	0.225315	0.0229989	0.0547412	0.0810629	0.0409775	0.00782344	0.018926	
0.0842642	0.0243153	0.0361189	0.0744118	0.0220472	0.0667089	0.0371503	0.0304679	0.067209	0.0137968	0.021792	0.0627201	0.0700357	0.0575973	0.0355514	0.0497842	0.158956	0.0587618	0.00905557	0.0192558	
0.0760385	0.0112301	0.0340292	0.0660376	0.0447401	0.0921632	0.0406409	0.0365673	0.0602878	0.043913	0.019879	0.0630552	0.0235314	0.059228	0.0282662	0.143204	0.0638882	0.0746113	0.00751407	0.0111753	
0.0556198	0.0200346	0.0413742	0.0708798	0.0204899	0.0953601	0.031104	0.0337811	0.0632106	0.0176311	0.0236313	0.0634125	0.142071	0.075469	0.0268136	0.0907169	0.0388354	0.0596311	0.009149	0.0207849	
0.0256777	0.0199092	0.0393826	0.0554585	0.015047	0.101816	0.0460082	0.0122283	0.0491964	0.038522	0.0175254	0.0563514	0.0138022	0.048181	0.0131323	0.0607789	0.298025	0.066378	0.00685242	0.0157275	
0.0596752	0.0244348	0.0180676	0.0626647	0.0153211	0.0287777	0.0433615	0.0294558	0.052692	0.0683019	0.0163543	0.0659477	0.0368056	0.0570784	0.0317355	0.0553345	0.0866293	0.22416	0.00789001	0.0153118	
0.111932	0.0271861	0.0439078	0.0795992	0.00568372	0.0700069	0.0355075	0.2855	0.0383542	0.0615637	0.00872165	0.0357429	0.0258174	0.0477962	0.0263001	0.0248139	0.0198527	0.0271721	0.00694949	0.0175925	
0.0188794	0.0149223	0.0344772	0.0407673	0.0138125	0.129413	0.0563777	0.0103676	0.100381	0.0313492	0.01966	0.0636537	0.012402	0.0476411	0.0143029	0.107402	0.198458	0.065707	0.00709387	0.0129327	
0.0186655	0.0238928	0.0151614	0.0235694	0.0189719	0.0878865	0.0445076	0.0195095	0.0628037	0.0409628	0.0147287	0.0596632	0.0459792	0.0522549	0.0324183	0.0611126	0.0853579	0.268727	0.00762583	0.0162009	
0.0265999	0.0204301	0.0342544	0.0610738	0.0164328	0.102597	0.0407073	0.0709303	0.0634774	0.0198664	0.0185612	0.0592151	0.0517724	0.0548109	0.0290405	0.103052	0.127829	0.0765751	0.0063307	0.016444	
0.0228192	0.0196132	0.00892538	0.0250857	0.0132935	0.0290223	0.0389131	0.0364015	0.0570487	0.0588002	0.00723621	0.0618907	0.0407219	0.0496355	0.027566	0.0561486	0.0799175	0.34803	0.00611325	0.0128173	
0.0196734	0.0137502	0.029651	0.0433636	0.0149966	0.136733	0.0531561	0.0109137	0.0873702	0.0329917	0.0170488	0.0417424	0.0125624	0.0480716	0.0155743	0.112364	0.224871	0.0664167	0.00734204	0.0114067	
0.0124862	0.00943784	0.00973936	0.0299273	0.0138494	0.432996	0.0464367	0.0230091	0.0930461	0.030608	0.0170429	0.0472303	0.0237669	0.0422265	0.00848198	0.0564052	0.0793055	0.00689809	0.00510107	0.0120059	
0.0645364	0.0264375	0.0490532	0.0764362	0.00489078	0.0968211	0.0309231	0.0208734	0.0547358	0.223962	0.0224264	0.0667617	0.0219441	0.0550523	0.0355221	0.0357792	0.0690938	0.0190207	0.00821746	0.0175127	
0.118093	0.038454	0.0116262	0.0632547	0.019568	0.0743958	0.0433164	0.0457356	0.0641196	0.0411898	0.0228084	0.059611	0.0374457	0.0583907	0.0136039	0.14511	0.0996873	0.0172723	0.00805159	0.0182654	
0.0241454	0.0295261	0.0412792	0.0608821	0.0170368	0.0811161	0.0170898	0.0419159	0.0532961	0.0444161	0.0234071	0.0719609	0.213785	0.061518	0.0370629	0.0383741	0.0282718	0.0880615	0.00951628	0.0173391	
0.012856	0.00700221	0.00737876	0.0380017	0.0141327	0.434346	0.0470818	0.0208415	0.0902501	0.032143	0.016453	0.0468666	0.0227891	0.0400326	0.0104806	0.0506508	0.0801736	0.0088412	0.00691809	0.0127607	
0.0601765	0.0210512	0.0346236	0.103816	0.0179254	0.112536	0.0451889	0.0364664	0.19832	0.0378409	0.0111695	0.0236972	0.0364221	0.0765934	0.016818	0.0507514	0.0459041	0.0472176	0.00726422	0.0162182	
0.0538891	0.0130522	0.0508233	0.0652076	0.0217668	0.0662737	0.0444583	0.0341732	0.0479095	0.0181634	0.0239773	0.0737818	0.122708	0.0619131	0.119339	0.0306439	0.056819	0.0645674	0.00680972	0.0237236	
0.0129254	0.00713642	0.00688649	0.038697	0.0157076	0.437208	0.0438981	0.0235047	0.0929566	0.0312824	0.0158294	0.0444394	0.0230461	0.0433832	0.0101386	0.0520418	0.0773934	0.00685221	0.00531719	0.0113563	
0.0615886	0.0244607	0.0385455	0.0312596	0.0202505	0.0876725	0.0377708	0.0362291	0.107561	0.0472905	0.0714774	0.0219307	0.0576573	0.108008	0.0754296	0.0508718	0.0356791	0.0568945	0.00793712	0.021486	
0.0199809	0.0201339	0.00816235	0.0249745	0.0127235	0.029162	0.0405546	0.0317532	0.0570145	0.0471158	0.00707183	0.0595851	0.0408038	0.0477292	0.0265238	0.0566374	0.081304	0.368978	0.00611158	0.0136796	
0.0574462	0.023558	0.0377904	0.0689568	0.0162184	0.0766635	0.0398818	0.0451622	0.0596875	0.0368243	0.0203108	0.0731859	0.0589024	0.0554171	0.0311095	0.0751397	0.117049	0.081586	0.0071208	0.0179894	
0.116554	0.0239152	0.0428783	0.0838707	0.0200396	0.0578834	0.0143705	0.0341718	0.0483662	0.041609	0.0232486	0.0731746	0.051492	0.0609702	0.0732702	0.021761	0.123904	0.0591654	0.00795058	0.0214046	
0.0192313	0.0745855	0.0142752	0.0497829	0.0204722	0.0562904	0.0412827	0.0382065	0.0533486	0.0464972	0.0240472	0.0606647	0.0660809	0.0653368	0.0937711	0.0847542	0.0683564	0.0973543	0.00689635	0.0187655	
0.0134047	0.0070177	0.00661641	0.0387052	0.0157835	0.441784	0.044947	0.0213847	0.0924766	0.0314576	0.0161224	0.044479	0.0238386	0.0412618	0.00971733	0.0510969	0.0742872	0.0077633	0.00535548	0.0125008	
0.0562613	0.0252753	0.129578	0.0494275	0.021616	0.0680609	0.0296735	0.0138175	0.104258	0.0370915	0.0256495	0.100911	0.0413542	0.100763	0.0480507	0.0454603	0.039852	0.0304156	0.00985913	0.0226261	
0.0856045	0.0202304	0.0711183	0.0930589	0.0396918	0.0612963	0.0249239	0.0412972	0.0534036	0.0118682	0.0246152	0.144971	0.0133991	0.0446304	0.0485851	0.0387895	0.0617142	0.0317449	0.00820362	0.080854	
0.0231822	0.0175343	0.0330712	0.0471932	0.0159588	0.115558	0.0507799	0.0101184	0.0803541	0.0357865	0.0162972	0.0389655	0.0132444	0.0477837	0.0183492	0.0788097	0.272747	0.0649261	0.00657948	0.0127605	
0.0632455	0.0256913	0.0240096	0.0655895	0.0198967	0.0776537	0.0190264	0.0196137	0.0167973	0.0430299	0.0217579	0.311559	0.0429052	0.0566629	0.0357382	0.0294573	0.0356556	0.0699072	0.00939707	0.0124061	
0.011877	0.00682092	0.00704603	0.036877	0.0146214	0.439461	0.0452574	0.0227667	0.0933845	0.0310612	0.0160101	0.0466075	0.0214692	0.043063	0.00906593	0.0507913	0.0790309	0.00756971	0.00536214	0.0118573	
0.0630547	0.0219457	0.0417059	0.0616691	0.020217	0.0800051	0.0463679	0.0128112	0.0723698	0.0388052	0.0187275	0.0756629	0.0167649	0.0549054	0.0282572	0.0346337	0.227231	0.0584545	0.00732834	0.0190829	
0.0296363	0.0114415	0.0349979	0.0555164	0.00914841	0.125312	0.0406581	0.0326958	0.068988	0.0426524	0.0207381	0.0592682	0.0227471	0.0585945	0.0261409	0.194511	0.0828069	0.0669027	0.00737924	0.00986459	
0.252314	0.0253904	0.0198097	0.072937	0.0223958	0.0390583	0.038935	0.0602653	0.0614781	0.0448834	0.0197632	0.0619052	0.0161396	0.0552624	0.0295385	0.0615509	0.0728471	0.0146623	0.00784253	0.0230217	
0.013587	0.00712632	0.00729928	0.038335	0.0139828	0.437314	0.0454339	0.0220366	0.09233	0.0311113	0.0179583	0.0431699	0.0231575	0.0426233	0.0097952	0.0517225	0.0785781	0.00772712	0.00535545	0.0113567	
0.0275602	0.0257808	0.0487187	0.0630259	0.0189778	0.0817977	0.0152737	0.0402458	0.0524957	0.0227219	0.0227214	0.0762561	0.238575	0.0637222	0.0402871	0.0394152	0.0312223	0.0645704	0.0076355	0.0189966	
0.0759256	0.0118604	0.046076	0.0754196	0.166329	0.0895751	0.0343625	0.0140317	0.0669191	0.00745696	0.0242966	0.0757988	0.0362958	0.0558183	0.0385829	0.0314504	0.0690243	0.018925	0.00933155	0.0525208	
0.0564704	0.0262822	0.0378476	0.0803035	0.0128956	0.0954854	0.132204	0.0522416	0.0255526	0.0920286	0.0207841	0.0606173	0.0107601	0.0315833	0.0317386	0.0519758	0.0808697	0.0757139	0.00917601	0.0154695	
0.0513526	0.0182512	0.0208658	0.0288343	0.0173248	0.130957	0.0632827	0.0101681	0.279326	0.0296541	0.0191196	0.0439978	0.0242787	0.0349122	0.0126864	0.054439	0.0806325	0.0568992	0.00711753	0.0158998	
0.0879926	0.0250626	0.00781754	0.0545829	0.00950909	0.0255744	0.035827	0.0649474	0.0558613	0.0642713	0.0170126	0.0641778	0.0354032	0.0560242	0.0321573	0.0542129	0.0790618	0.206675	0.00885089	0.0149783	
0.0429343	0.00756537	0.0422238	0.0530427	0.0174441	0.107337	0.051544	0.0131615	0.0883265	0.0333825	0.0192821	0.12536	0.0263291	0.0538134	0.00567405	0.108552	0.117621	0.064109	0.00764107	0.0146569	
0.0144537	0.00672606	0.00685084	0.0372785	0.0160701	0.437436	0.043916	0.0204354	0.0910448	0.0306569	0.0160068	0.0477983	0.0210225	0.0448205	0.00948769	0.0515187	0.080605	0.00665032	0.00548535	0.011737	
0.271762	0.0225264	0.0305746	0.0389752	0.0197239	0.109983	0.0369501	0.0754481	0.0571113	0.0459213	0.0231421	0.0666625	0.0128344	0.0548999	0.0324492	0.0283015	0.0307047	0.0132368	0.00887915	0.0199139	
0.0234351	0.0250278	0.0541884	0.0586652	0.0201774	0.0744718	0.0281693	0.034933	0.0521762	0.0194797	0.0218271	0.0741969	0.185366	0.0459362	0.100704	0.0488901	0.0321174	0.0758734	0.00637698	0.0179885	
0.0625052	0.0188641	0.0330367	0.0596295	0.0182957	0.0879573	0.0435376	0.0112032	0.0687041	0.0352457	0.0173193	0.0426047	0.0174314	0.0498692	0.0200659	0.0702398	0.252792	0.0673238	0.00759793	0.0157765	
0.0282597	0.0234581	0.280361	0.0550378	0.0200957	0.035932	0.0528174	0.0380992	0.0580539	0.0433223	0.0231058	0.0578981	0.039238	0.0578684	0.0337527	0.0519531	0.0691864	0.012036	0.00911291	0.0104111	
0.120515	0.0215464	0.0611387	0.273429	0.0196854	0.0310433	0.0233667	0.06692	0.0211624	0.041283	0.0212285	0.0605869	0.0310254	0.0289894	0.0311531	0.0383517	0.0599707	0.0121677	0.0066019	0.029835	
0.0695828	0.027273	0.061277	0.183639	0.0172532	0.0671147	0.0269957	0.0838449	0.00497076	0.0518043	0.0199974	0.155415	0.0327821	0.0317897	0.0184245	0.0388291	0.0323988	0.048203	0.00808477	0.0203206	
0.0640748	0.0311516	0.0480837	0.0699005	0.0215997	0.0690537	0.0382877	0.0433483	0.0230729	0.0470845	0.0104971	0.0818998	0.0599015	0.0633329	0.181857	0.0207346	0.0403498	0.0603151	0.00384413	0.0216103	
0.085233	0.0234785	0.00891896	0.0479939	0.00996889	0.0305954	0.0385054	0.027288	0.0637685	0.0359635	0.0182153	0.0707065	0.0409853	0.0547042	0.0317679	0.0510867	0.0905638	0.246665	0.00771575	0.0158753	
0.0413187	0.0224323	0.0376615	0.0681004	0.0171573	0.0841078	0.0707978	0.0389944	0.0623935	0.110952	0.0195848	0.0614615	0.03092	0.0513008	0.0305263	0.0658268	0.0675108	0.0937904	0.00863735	0.0165258	
0.0132923	0.00962268	0.00945886	0.0293648	0.0140104	0.434375	0.0458454	0.0210636	0.096112	0.0300467	0.0159011	0.0446838	0.0228929	0.0404521	0.00878027	0.0545803	0.0840831	0.00701352	0.00578037	0.0126406	
0.0204786	0.0211013	0.00776828	0.0239072	0.0133398	0.0295368	0.0398676	0.0367795	0.0584572	0.0488303	0.00788926	0.0571729	0.0399264	0.0459417	0.027365	0.056514	0.0760527	0.370702	0.0063828	0.011987	
0.020367	0.0227044	0.00706704	0.0275036	0.011109	0.031119	0.0428878	0.0255378	0.0597106	0.0390751	0.0105523	0.0569209	0.0402654	0.0475742	0.0263512	0.0542431	0.0798841	0.377192	0.00662385	0.0133115	
0.331832	0.0238609	0.0225749	0.0657198	0.0188649	0.0435025	0.0330251	0.0822777	0.0533085	0.0439445	0.0195378	0.0651017	0.0115309	0.0533202	0.0318249	0.0280846	0.029225	0.0119867	0.00912605	0.0213517	
0.0217427	0.0250507	0.0425406	0.0539536	0.0184549	0.0871043	0.0352759	0.0359213	0.0588724	0.0414138	0.0215535	0.0632265	0.118383	0.0662246	0.0800612	0.0760331	0.0332932	0.0964095	0.00713077	0.0173547	
0.100702	0.0226009	0.0505291	0.129828	0.0200159	0.105045	0.0348748	0.0481696	0.0556641	0.0431513	0.0201711	0.0753756	0.0593472	0.0609709	0.0343495	0.0591804	0.0404701	0.0111132	0.00903506	0.0194059	
0.0257737	0.0288144	0.270564	0.087655	0.0185861	0.0547854	0.0209954	0.0367099	0.0506707	0.0391006	0.0212377	0.0779921	0.0387639	0.0579752	0.0309506	0.0446195	0.0668093	0.0100362	0.008103	0.00985759	
0.12475	0.0268724	0.065926	0.0820783	0.0197701	0.144393	0.0334863	0.0563323	0.0534555	0.0472491	0.0222074	0.0719074	0.0162814	0.0586096	0.0352499	0.0262702	0.0734066	0.0115997	0.00824073	0.0219144	
0.0200353	0.0191964	0.00664538	0.0298762	0.0107206	0.031014	0.0411349	0.024435	0.0639051	0.0361812	0.0111404	0.0629508	0.0434603	0.049351	0.0273007	0.0537633	0.0803695	0.369889	0.0068348	0.0117959	
0.345666	0.021723	0.0275399	0.0460255	0.0189474	0.0443612	0.0332354	0.0797477	0.0587247	0.0402201	0.0207152	0.0658929	0.0110772	0.0541635	0.0284115	0.0303941	0.0299118	0.0125815	0.0089037	0.0217575	
0.0726324	0.0255833	0.0481469	0.0677071	0.0202691	0.0382889	0.0400666	0.0403807	0.0588668	0.0630034	0.0189856	0.0730461	0.020984	0.126391	0.100219	0.0450772	0.0656052	0.0511049	0.00307817	0.0205634	
0.020463	0.0215395	0.00907911	0.0339	0.0367084	0.0660517	0.0417425	0.0188013	0.0673818	0.0323197	0.017165	0.0603861	0.0457592	0.0508291	0.0344149	0.0604055	0.0831733	0.274088	0.00796768	0.0178242	
0.0241662	0.0237473	0.266787	0.108016	0.0193038	0.0347169	0.0199956	0.0374807	0.0481663	0.0398545	0.0189123	0.0914023	0.0404326	0.0590239	0.0303531	0.042825	0.0680347	0.00920037	0.00837497	0.00920634	
0.0856304	0.0308177	0.038388	0.0803517	0.0121169	0.0645774	0.0372057	0.240897	0.0235174	0.0507885	0.00913524	0.0536061	0.0293196	0.0541862	0.0220435	0.0348309	0.0237629	0.0821378	0.0071755	0.0195113	
0.0198098	0.0163845	0.0261574	0.0414146	0.0158786	0.132191	0.0504476	0.0112723	0.0886718	0.0333088	0.0166523	0.038789	0.0118157	0.0459216	0.0161655	0.114645	0.22963	0.0701188	0.00728649	0.0134386	
0.0229841	0.0228326	0.278202	0.0922076	0.0159253	0.0336685	0.0203538	0.0388461	0.0522727	0.0374295	0.0211359	0.0894845	0.0393511	0.060235	0.0322609	0.0441069	0.0721121	0.0097031	0.0076775	0.00921079	
0.0214874	0.00805665	0.0333018	0.0493908	0.00918167	0.13879	0.0444247	0.0250514	0.0823103	0.0397789	0.0181701	0.0534979	0.0182978	0.0495481	0.017999	0.164706	0.143843	0.067726	0.00661722	0.00782163	
0.0259657	0.0212703	0.00744735	0.0350231	0.0101409	0.0284309	0.0373814	0.0526065	0.0518419	0.0583614	0.011242	0.0595835	0.0387166	0.0502304	0.027846	0.0579406	0.0787072	0.32919	0.00727967	0.0107947	
0.157774	0.0279684	0.0418091	0.0866228	0.0112786	0.0594943	0.0361902	0.249504	0.0358366	0.0472524	0.0130998	0.0506005	0.0067318	0.0510901	0.0232811	0.0264536	0.0120187	0.0359599	0.00807224	0.018962	
0.0238305	0.0151578	0.0364759	0.0501448	0.0159228	0.12499	0.0491484	0.0272582	0.0870767	0.0203454	0.0181892	0.0529894	0.0195917	0.0519279	0.0209027	0.164861	0.138568	0.0666024	0.00380868	0.0122091	
0.0721528	0.0273115	0.0410249	0.0718073	0.0088723	0.098099	0.0216294	0.02349	0.0525675	0.244737	0.0243884	0.066625	0.0122846	0.0438831	0.0229462	0.0486915	0.0742763	0.019819	0.00762667	0.0177678	
0.0188662	0.0216695	0.0355188	0.0551969	0.0163482	0.104174	0.0411556	0.067775	0.0590714	0.0466255	0.0227653	0.0331096	0.0207726	0.0585047	0.0245075	0.158504	0.103254	0.090635	0.00729619	0.0142503	
0.0272675	0.0209214	0.0404411	0.0577525	0.0202936	0.11502	0.0301449	0.0349416	0.0570736	0.0169373	0.0224374	0.070323	0.146118	0.0608442	0.0441664	0.10566	0.0388597	0.0651421	0.00810797	0.0175466	
0.050644	0.0167869	0.00928285	0.0408797	0.0146597	0.130139	0.134474	0.0230587	0.137143	0.0175485	0.0147618	0.0633105	0.0104178	0.0748894	0.0113136	0.0594822	0.114955	0.0599333	0.00823901	0.0080814	
0.0181039	0.00915871	0.0311367	0.0459641	0.00956763	0.132368	0.05006	0.0254606	0.0846297	0.0286256	0.0164585	0.0527681	0.0145847	0.0485888	0.0173036	0.146023	0.184745	0.0694235	0.00620119	0.00882912	
0.112039	0.0282936	0.0448028	0.085006	0.00622363	0.0711401	0.0319702	0.304508	0.0379167	0.0374091	0.00896663	0.0362411	0.0254219	0.0481182	0.0276918	0.0260057	0.0225933	0.0209179	0.0067708	0.0179628	
0.0258687	0.0237669	0.0112813	0.052532	0.0340524	0.0359312	0.0446441	0.0337459	0.0542858	0.109147	0.0194364	0.0613128	0.0362744	0.0496685	0.0350201	0.0925805	0.0811709	0.173653	0.00884364	0.0167852	
0.0678491	0.0263407	0.0425157	0.0805051	0.0214169	0.0375923	0.0370919	0.040777	0.0241297	0.045687	0.0113422	0.0780661	0.0563936	0.0644706	0.182708	0.0187806	0.0769364	0.0619554	0.00373964	0.0217016	
0.0555856	0.0175649	0.0246731	0.0537446	0.0188475	0.10805	0.0484566	0.0131439	0.0789668	0.0387464	0.0180464	0.0376614	0.0177111	0.0501421	0.0208256	0.112427	0.20269	0.0628608	0.00601711	0.0138386	
0.0190863	0.0224858	0.0107526	0.0209818	0.0174644	0.0602	0.0410414	0.0201553	0.0668519	0.0297609	0.0139937	0.0608732	0.0473194	0.0496955	0.0347694	0.0546723	0.0802483	0.328864	0.00637942	0.0144039	
0.0218154	0.0198319	0.00708345	0.029876	0.0101325	0.0312058	0.0417391	0.0247334	0.0614687	0.0375735	0.0124649	0.05819	0.0423007	0.0483021	0.0264814	0.0563135	0.0829708	0.368659	0.00624726	0.0126107	
0.0254906	0.021915	0.00663903	0.0352132	0.00947192	0.0270365	0.0391862	0.0489834	0.0554461	0.0452289	0.0122767	0.0600909	0.0379301	0.0483321	0.0264951	0.0581589	0.0774475	0.346482	0.00643514	0.0117408	
0.304616	0.0259126	0.0298782	0.0507052	0.0192449	0.0439158	0.0377884	0.0794595	0.0586793	0.043654	0.0191386	0.0583352	0.012825	0.0552761	0.0266266	0.0536138	0.0347429	0.0146162	0.00869286	0.0222783	
0.0461554	0.0216188	0.0512686	0.111224	0.00701943	0.19366	0.0368986	0.0527169	0.0483373	0.10261	0.0206992	0.0681392	0.0247188	0.0460278	0.0256385	0.0416	0.0681718	0.0104658	0.00693187	0.0160976	
0.0619668	0.0251824	0.0462684	0.0737701	0.0205067	0.070986	0.0180817	0.0340267	0.0490683	0.017493	0.0221955	0.0717084	0.161664	0.0574617	0.0716164	0.0358178	0.0745609	0.060893	0.00666034	0.0200723	
0.0684234	0.0257164	0.0433938	0.0736898	0.00817944	0.101641	0.0238344	0.0238131	0.0553234	0.240139	0.0237934	0.0709423	0.011077	0.0462117	0.0214006	0.0464266	0.071236	0.0191358	0.00763687	0.0179859	
0.045383	0.0203546	0.0192572	0.0296546	0.0177361	0.135599	0.0584621	0.0138004	0.295816	0.030688	0.0187583	0.0293489	0.0258643	0.0359974	0.0127102	0.0520398	0.077032	0.0592441	0.00762669	0.0146277	
0.013081	0.00666833	0.00717576	0.0368789	0.0141313	0.408506	0.0465026	0.020925	0.0953958	0.0288343	0.0188228	0.0444599	0.0242538	0.0435059	0.00961703	0.0702711	0.0847517	0.00904513	0.00592698	0.0112467	
0.012545	0.00701427	0.0077043	0.0385109	0.0145361	0.4415	0.0445452	0.0212993	0.088611	0.0339306	0.0156105	0.0433671	0.0243814	0.0427	0.0106683	0.0520686	0.0758575	0.00812835	0.00568681	0.0113345	
0.0408914	0.0156279	0.00732029	0.0305447	0.0158737	0.138696	0.131286	0.0138531	0.180526	0.0158831	0.0168653	0.0474773	0.00945209	0.0449674	0.00877384	0.0632957	0.139319	0.0626274	0.00706285	0.00965758	
0.164364	0.0229923	0.0368443	0.264124	0.0242279	0.02314	0.0110619	0.0607795	0.0348503	0.040705	0.0202288	0.0271184	0.0316959	0.0482288	0.0336589	0.0400324	0.0609997	0.00667693	0.00797856	0.040292	
0.0694176	0.0230423	0.116917	0.256536	0.016639	0.031957	0.0249659	0.0533877	0.020439	0.0462206	0.0198821	0.074361	0.0336609	0.0320851	0.0323566	0.042997	0.0611185	0.0121203	0.00684757	0.0250493	
0.0681316	0.0264896	0.0458177	0.0745771	0.0128153	0.09439	0.0410442	0.0216379	0.0552225	0.195417	0.0212266	0.0678594	0.0161883	0.0344086	0.0508251	0.0469686	0.0793725	0.0195197	0.00877535	0.0193125	
0.0378778	0.015235	0.018373	0.0271878	0.0162434	0.13979	0.0592109	0.00847207	0.248919	0.0306991	0.0179614	0.0296754	0.0208234	0.0325322	0.0105637	0.0622159	0.143718	0.0603649	0.00661102	0.0135264	
0.027877	0.0189098	0.0374934	0.0533037	0.0162462	0.103415	0.0448421	0.0170006	0.0572946	0.0377562	0.0111309	0.0550939	0.0135705	0.0494493	0.015743	0.0533985	0.296418	0.0682426	0.00769794	0.0151169	
0.0123199	0.00721602	0.00715284	0.0357605	0.0158491	0.417923	0.0465161	0.0204753	0.0916912	0.0298482	0.0172963	0.041851	0.0236801	0.0412805	0.0104586	0.0684161	0.0851143	0.00915619	0.00588597	0.0121089	
0.0644808	0.0256155	0.0232776	0.0685439	0.0199623	0.075109	0.0191672	0.020163	0.0145765	0.0448515	0.0214195	0.309726	0.044209	0.0550619	0.0376901	0.0280863	0.0390447	0.0683599	0.0084303	0.0122252	
0.339385	0.0234053	0.0280424	0.0499114	0.0180463	0.0431371	0.0319404	0.0780728	0.0534721	0.0430661	0.0233319	0.0645241	0.0117429	0.056524	0.0287653	0.0280782	0.0319504	0.0144375	0.00994443	0.0222229	
0.0283478	0.00811184	0.0170138	0.043539	0.0181299	0.353453	0.0409433	0.0142546	0.0817573	0.0374755	0.0193669	0.029762	0.0315802	0.0504543	0.0165704	0.0998448	0.058267	0.0290627	0.00632159	0.0157445	
0.0653826	0.0284824	0.0374089	0.0791392	0.00812269	0.0728549	0.0219828	0.0877824	0.0436825	0.150359	0.0218707	0.0630281	0.0155738	0.0483388	0.0194976	0.0490621	0.0656352	0.0961978	0.00903199	0.0165666	
0.316337	0.0221549	0.0320389	0.0422587	0.0199643	0.0736514	0.0386791	0.0738486	0.0564649	0.0436044	0.0218284	0.0656668	0.0102532	0.0537863	0.0306686	0.0271408	0.0283291	0.0133547	0.00908875	0.0208811	
0.0640259	0.209064	0.0436312	0.0683806	0.00847114	0.0439634	0.0369509	0.0535431	0.0518025	0.05111	0.021676	0.0672305	0.0333307	0.0586722	0.0252224	0.021221	0.064554	0.0597648	0.00490446	0.012481	
0.0193786	0.00799511	0.011289	0.0466385	0.0186786	0.365105	0.0402126	0.0236292	0.0775679	0.0403576	0.021339	0.0513255	0.0340482	0.0536386	0.0347272	0.0473794	0.0720998	0.0122698	0.00698663	0.0153336	
0.0199264	0.022032	0.00708586	0.0280754	0.00959795	0.0314323	0.0408666	0.0249571	0.0639224	0.0384679	0.0108943	0.0584618	0.0386595	0.046706	0.0279161	0.0583133	0.0818551	0.371036	0.00659758	0.013196	
0.111627	0.0295061	0.0428199	0.0818243	0.00682131	0.0703531	0.0360614	0.302602	0.0354319	0.0360666	0.00846099	0.0364447	0.0257518	0.0537179	0.0285985	0.025183	0.0214824	0.0220973	0.00736313	0.0177868	
0.0267165	0.0383283	0.0118912	0.0506325	0.0157301	0.297368	0.0421817	0.0272011	0.0775403	0.0381568	0.0224833	0.0517952	0.0309078	0.0571636	0.0154295	0.0778298	0.0828713	0.0136386	0.00626052	0.0158737	
0.0502087	0.028133	0.0483562	0.10493	0.013742	0.085084	0.038002	0.051452	0.0487828	0.159423	0.0426838	0.0694287	0.0137403	0.0331757	0.0204572	0.049404	0.0762953	0.0408737	0.00735712	0.01847	
