0.0454637	0.0430486	0.00972346	0.00152865	0.00568332	0.0167936	0.00518403	0.0465013	0.0167633	0.00465313	0.0151852	0.0162739	0.00204147	0.0586814	0.00528434	0.00598315	0.105548	0.568196	0.00819427	0.0192695	
0.00889516	0.0172362	0.0292277	0.0473721	0.0279162	0.00659572	0.0701001	0.00778758	0.273957	0.0111351	0.00550537	0.0449447	0.0162451	0.065308	0.0336526	0.175058	0.128213	0.00689391	0.00302236	0.0209348	
0.0115706	0.0334912	0.0919481	0.0466973	0.00396273	0.1025	0.00923844	0.0581447	0.0240503	0.00288217	0.0015174	0.071721	0.00721995	0.0447327	0.00412812	0.0255708	0.342372	0.0734002	0.0129868	0.0318662	
0.00640556	0.00294227	0.00607034	0.00767373	0.00775543	0.00700313	0.0141986	0.321111	0.00805067	0.0248818	0.00469	0.0127272	0.00280052	0.00128215	0.00330596	0.00241112	0.00340397	0.54361	0.00438343	0.0152932	
0.0181232	0.00101059	0.0578838	0.0290933	0.117115	0.011833	0.109344	0.0346427	0.0571757	0.0246829	0.00432257	0.0462488	0.0074045	0.0452793	0.0338543	0.0147751	0.0993298	0.0545722	0.0506321	0.182678	
0.0524556	0.00206642	0.0708377	0.0417818	0.603643	0.014529	0.00410523	0.0200588	0.0208082	0.0376865	0.0213617	0.00562453	0.0185009	0.0141562	0.00330077	0.00328884	0.0046941	0.00827677	0.0416134	0.0112106	
0.010741	0.0548529	0.0174771	0.0749128	0.0499206	0.00739385	0.00159347	0.117797	0.0306604	0.0325537	0.00331025	0.0416544	0.0143093	0.0206205	0.0203877	0.184347	0.246027	0.0326844	0.00537306	0.0333831	
0.0208761	0.0150302	0.00118366	0.031234	0.00395244	0.00655339	0.00518474	0.0160628	0.00390562	0.00314416	0.0582645	0.00385824	0.000244463	0.333212	0.00381422	0.108367	0.369762	0.0093799	0.00396252	0.00200855	
0.111323	0.00163071	0.0888617	0.432845	0.00440189	0.0116486	0.00111859	0.0117952	0.0367189	0.00534499	0.00621578	0.041748	0.0446211	0.0345724	0.0102707	0.0808432	0.0473006	0.0182298	0.00909689	0.0014133	
0.0865109	0.00421229	0.0965833	0.0244272	0.0633911	0.215181	0.032287	0.00726	0.0762074	0.000563075	0.0193845	0.0477545	0.0172311	0.0224831	0.00959567	0.166867	0.0405566	0.0534376	0.00941885	0.00664844	
0.0362021	0.0430256	0.117945	0.21107	0.0298077	0.0388376	0.0110068	0.015063	0.0187243	0.0123175	0.016139	0.10244	0.135151	0.00705218	0.0209123	0.0788671	0.0345222	0.0354673	0.0216747	0.0137748	
0.0189476	0.0414821	0.0123076	0.00891831	0.010366	0.0194147	0.0224235	0.0312131	0.00324907	0.0820058	0.0489987	0.0127092	0.00613374	0.00779988	0.00215981	0.00388439	0.540352	0.101609	0.0140454	0.0119805	
0.0127581	0.0156234	0.00667321	0.0587445	0.00790797	0.0156614	0.0571051	0.0259175	0.290052	0.00682405	0.0168881	0.00300677	0.0138266	0.019882	0.0415825	0.0283669	0.237557	0.12084	0.00214453	0.0186389	
0.00640556	0.00294227	0.00607034	0.00767373	0.00775543	0.00700313	0.0141986	0.321111	0.00805067	0.0248818	0.00469	0.0127272	0.00280052	0.00128215	0.00330596	0.00241112	0.00340397	0.54361	0.00438343	0.0152932	
0.00195876	0.00672866	0.127675	0.261447	0.01049	0.0199127	0.0257365	0.00407575	0.0193416	0.0523093	0.0167625	0.0242319	0.00167475	0.0145375	0.0145237	0.143522	0.186364	0.0147032	0.0453654	0.00863946	
0.03186	0.00769429	0.00367105	0.0214428	0.0469325	0.37621	0.00542152	0.106637	0.023327	0.0158305	0.00347647	0.00702757	0.0393322	0.0049978	0.00208224	0.00428927	0.012888	0.108457	0.164916	0.0135057	
0.0127579	0.00440274	0.0431836	0.112913	0.0783954	0.00728353	0.00744866	0.00234475	0.0506936	0.0179374	0.0230815	0.123891	0.00142979	0.0445027	0.0422112	0.222045	0.073504	0.0273373	0.029335	0.0753012	
0.0119722	0.00556019	0.01521	0.0115564	0.0215474	0.00125722	0.0198388	0.523194	0.00462096	0.188471	0.00661203	0.00460579	0.00674947	0.00274681	0.00442625	0.00613618	0.00674496	0.144504	0.00627499	0.0079712	
0.0109358	0.0161341	0.00386745	0.0503294	0.00711669	0.0126098	0.00797499	0.0399374	0.188177	0.00474295	0.0101999	0.0448535	0.00392505	0.00800002	0.0114706	0.21534	0.236636	0.0737227	0.0261252	0.0279012	
0.0122454	0.00957837	0.00779295	0.0049695	0.0342752	0.784997	0.00510583	0.00521752	0.0102107	0.0237085	0.00883109	0.0332839	0.0059141	0.0102753	0.00646953	0.00682909	0.00630406	0.00396515	0.00766907	0.0123574	
0.00522528	0.0234032	0.0324553	0.00112937	0.00805934	0.00393458	0.00886283	0.00161574	0.0104579	0.658791	0.0166851	0.181514	0.0018832	0.00407832	0.00232164	0.00198245	0.007025	0.00693245	0.00360519	0.0200377	
0.0706099	0.00199444	0.0789235	0.0397964	0.00355247	0.00315629	0.0040927	0.00106355	0.248794	0.00657459	0.00647698	0.0102149	0.101979	0.0719063	0.0060207	0.0779963	0.24918	0.00130837	0.011737	0.00462213	
0.0292804	0.00686485	0.0284809	0.0649817	0.00617303	0.00371128	0.00782738	0.00789815	0.0948481	0.00942561	0.0161644	0.057468	0.559863	0.0327293	0.0254944	0.012237	0.00711529	0.00674423	0.00211441	0.0205785	
0.090509	0.00165924	0.0114963	0.00758713	0.0211607	0.593719	0.0121156	0.0369027	0.0313253	0.019196	0.0432068	0.0110448	0.0118247	0.0329011	0.00538599	0.0330124	0.0152336	0.0015152	0.00746126	0.0127436	
0.0104202	0.0187319	0.0485082	0.0975869	0.0111573	0.0107369	0.0058997	0.00691537	0.208676	0.425959	0.00199568	0.0333529	0.0226458	0.0210682	0.0203325	0.00921935	0.0248838	0.0078078	0.00528066	0.00882196	
0.0577493	0.00608806	0.00715643	0.0111094	0.0244642	0.0321406	0.557777	0.0263627	0.032303	0.00308634	0.0205831	0.00637376	0.0105912	0.00302215	0.161184	0.00767764	0.0231869	0.00562001	0.00255603	0.000968356	
0.012216	0.00959367	0.00777068	0.00497093	0.0342837	0.785137	0.00510852	0.0051447	0.0102168	0.0237206	0.00877021	0.033311	0.00591915	0.0102776	0.00646446	0.00680308	0.00630628	0.00396439	0.00766219	0.0123593	
0.049367	0.00189434	0.0731944	0.041498	0.600387	0.0168674	0.00419762	0.018989	0.020275	0.035277	0.0236457	0.00573658	0.0172379	0.013494	0.00264376	0.00346504	0.00508217	0.00767256	0.0480977	0.0109781	
0.00640556	0.00294227	0.00607034	0.00767373	0.00775543	0.00700313	0.0141986	0.321111	0.00805067	0.0248818	0.00469	0.0127272	0.00280052	0.00128215	0.00330596	0.00241112	0.00340397	0.54361	0.00438343	0.0152932	
0.248365	0.00312979	0.00605732	0.00364685	0.0073662	0.00450644	0.468441	0.00811861	0.00465257	0.00412638	0.0110947	0.000839594	0.00227774	0.00551356	0.000182385	0.054627	0.0931621	0.0510353	0.01965	0.00320709	
0.222919	0.00306531	0.00280373	0.296814	0.0217084	0.0154392	0.00591418	0.00159397	0.00329687	0.0318027	0.0232077	0.0292673	0.00937679	0.0786985	0.0329695	0.0626762	0.0653314	0.0468012	0.0299217	0.0163923	
0.095871	0.00260062	0.00525893	0.0127731	0.23535	0.0174085	0.0143562	0.0232773	0.21058	0.123439	0.0324224	0.0105201	0.0234378	0.0123793	0.0660038	0.0268208	0.0185929	0.00541837	0.00699597	0.056494	
0.012216	0.00959367	0.00777068	0.00497093	0.0342837	0.785137	0.00510852	0.0051447	0.0102168	0.0237206	0.00877021	0.033311	0.00591915	0.0102776	0.00646446	0.00680308	0.00630628	0.00396439	0.00766219	0.0123593	
0.0138722	0.00483795	0.683742	0.00613206	0.0100584	0.00593823	0.00725545	0.0193786	0.00587301	0.0059611	0.00515062	0.00723594	0.0052227	0.013493	0.00314477	0.152012	0.0360987	0.00691021	0.00667676	0.00100655	
0.0234344	0.0051744	0.00633759	0.00848585	0.0149196	0.0156497	0.0119511	0.0207717	0.00773248	0.0695044	0.00243428	0.344067	0.00518526	0.0239601	0.0176781	0.0128785	0.215201	0.154634	0.03465	0.00535095	
0.0143805	0.0102889	0.0031085	0.0295669	0.00273124	0.00677833	0.0087193	0.00318387	0.00435724	0.00376856	0.0606913	0.00445519	0.000232055	0.292187	0.00449167	0.116898	0.419358	0.00884154	0.00430467	0.00165704	
0.0128575	0.015407	0.0227063	0.00156573	0.0222384	0.0103673	0.0178078	0.00441611	0.0078071	0.228918	0.00663794	0.555568	0.0171771	0.0169884	0.00714611	0.00487741	0.00557584	0.00608975	0.0323727	0.00347457	
0.0122022	0.00958922	0.00776898	0.00497478	0.0343218	0.784743	0.00514424	0.00518761	0.0102298	0.0237704	0.00892879	0.0333585	0.00591377	0.0102863	0.00646785	0.00680396	0.00632073	0.00396833	0.00765948	0.0123608	
0.0295075	0.0155934	0.00503725	0.00586431	0.0161961	0.0296913	0.0426775	0.0817978	0.00802024	0.0845376	0.133141	0.0120373	0.00833975	0.012215	0.00167901	0.0044157	0.401176	0.100697	0.00390081	0.00347462	
0.0476485	0.00507962	0.0530252	0.032944	0.0148509	0.00292802	0.0254475	0.00331376	0.0338738	0.0193205	0.0140748	0.00110837	0.0150853	0.0417797	0.00886178	0.510826	0.00957416	0.1307	0.0100793	0.0194784	
0.463644	0.00659026	0.00179962	0.00387753	0.0115378	0.00091282	0.0539426	0.0167262	0.0633191	0.0477872	0.019739	0.00846846	0.00412232	0.0381013	0.0368759	0.0233317	0.158859	0.00125079	0.0280687	0.0110452	
0.012216	0.00959367	0.00777068	0.00497093	0.0342837	0.785137	0.00510852	0.0051447	0.0102168	0.0237206	0.00877021	0.033311	0.00591915	0.0102776	0.00646446	0.00680308	0.00630628	0.00396439	0.00766219	0.0123593	
0.218622	0.00424079	0.0475295	0.0388453	0.017239	0.0998916	0.0021726	0.0110706	0.0370825	0.00649137	0.0193497	0.0175393	0.382826	0.00213385	0.00329492	0.0407935	0.00660317	0.0122498	0.0132583	0.0187659	
0.015019	0.000705747	0.0116851	0.0347844	0.477767	0.0168547	0.00128859	0.0127084	0.05651	0.00800566	0.0129847	0.00870434	0.0398795	0.0375704	0.080316	0.00531643	0.0487037	0.00494822	0.0240325	0.102216	
0.0717032	0.0276494	0.034823	0.0750926	0.254941	0.00715	0.12082	0.00145012	0.0573813	0.0789295	0.0133946	0.0444667	0.00493151	0.0284175	0.00634546	0.0155368	0.0805213	0.00774984	0.0327986	0.0358981	
0.0112361	0.018342	0.0296339	0.0216065	0.0257615	0.15117	0.0242881	0.0206061	0.136827	0.0127292	0.0191717	0.111379	0.0052925	0.121192	0.026158	0.220316	0.00818743	0.024299	0.0018894	0.00991362	
0.0060452	0.00762293	0.00189952	0.00165079	0.00724454	0.00211219	0.00328917	0.0048246	0.467601	0.0648259	0.146897	0.0334323	0.00165314	0.0648132	0.0347262	0.0162452	0.0600145	0.0649384	0.007029	0.00313541	
0.0202027	0.0079405	0.0815425	0.174504	0.0120124	0.0104308	0.0571832	0.00495259	0.0504435	0.00508502	0.00509043	0.145653	0.00282717	0.0267292	0.0175191	0.0303927	0.267979	0.0495532	0.0140138	0.0159451	
0.01228	0.00958803	0.00778581	0.00497655	0.0342777	0.785201	0.00510518	0.00517539	0.0102078	0.0237148	0.0087843	0.0330834	0.0059402	0.0102825	0.00646597	0.0068305	0.00631666	0.0039671	0.00766145	0.0123558	
0.477053	0.00102055	0.0136823	0.00433833	0.0149439	0.149113	0.0781081	0.00395534	0.0596675	0.0274649	0.0058716	0.025637	0.0132452	0.0325476	0.00117712	0.0293663	0.0186128	0.00478962	0.00228481	0.0371211	
0.0259545	0.00570858	0.0273002	0.0600423	0.00704675	0.00788833	0.00812343	0.00817321	0.0913701	0.0093311	0.017085	0.05819	0.563501	0.0305129	0.0259439	0.0117028	0.00751253	0.0122157	0.00307378	0.0193239	
0.0143172	0.0375049	0.194145	0.133903	0.0110825	0.0434858	0.00607908	0.00145483	0.0094125	0.0185077	0.00296857	0.150569	0.00361702	0.0934726	0.00722822	0.0989549	0.121999	0.00652297	0.0401754	0.00459886	
0.101527	0.00898241	0.587288	0.00854423	0.0190392	0.0116959	0.010013	0.028515	0.00886393	0.00659274	0.0148119	0.00712954	0.0103231	0.00322946	0.00794234	0.109937	0.00829552	0.0108109	0.0289916	0.00746676	
0.111323	0.00163071	0.0888617	0.432845	0.00440189	0.0116486	0.00111859	0.0117952	0.0367189	0.00534499	0.00621578	0.041748	0.0446211	0.0345724	0.0102707	0.0808432	0.0473006	0.0182298	0.00909689	0.0014133	
0.0143203	0.0389154	0.0472304	0.0744293	0.00298113	0.0156534	0.00503506	0.111232	0.00660651	0.00728512	0.0156918	0.27992	0.00385621	0.00439809	0.0200937	0.0268134	0.0832252	0.20398	0.0327389	0.00559434	
0.0253637	0.0113465	0.0242925	0.0442825	0.0487639	0.0105484	0.00195966	0.0064199	0.00635744	0.00451664	0.00630593	0.0222954	0.00680233	0.00152971	0.701583	0.00623601	0.0167296	0.02265	0.00257772	0.0294392	
0.142797	0.02536	0.014845	0.0184372	0.00403229	0.000812899	0.018603	0.0276843	0.045745	0.0404473	0.0343988	0.0354836	0.0205028	0.00518333	0.001736	0.00149778	0.00243321	0.472472	0.0185944	0.0689338	
0.00516469	0.0236628	0.0326581	0.00102208	0.00805577	0.00390142	0.00887431	0.00159163	0.0104764	0.659135	0.016905	0.181044	0.00185543	0.00405151	0.0023087	0.00195496	0.00644334	0.00689145	0.00356768	0.020435	
0.012216	0.00959367	0.00777068	0.00497093	0.0342837	0.785137	0.00510852	0.0051447	0.0102168	0.0237206	0.00877021	0.033311	0.00591915	0.0102776	0.00646446	0.00680308	0.00630628	0.00396439	0.00766219	0.0123593	
0.00640556	0.00294227	0.00607034	0.00767373	0.00775543	0.00700313	0.0141986	0.321111	0.00805067	0.0248818	0.00469	0.0127272	0.00280052	0.00128215	0.00330596	0.00241112	0.00340397	0.54361	0.00438343	0.0152932	
0.00837522	0.0119226	0.0136062	0.141036	0.0112823	0.00229151	0.0153883	0.0809625	0.0880534	0.079615	0.00969923	0.0308542	0.00907318	0.0218958	0.0172209	0.0129595	0.243973	0.106794	0.0418812	0.0531161	
0.293324	0.00329372	0.00778643	0.00333883	0.00596277	0.00156886	0.422423	0.00852194	0.00318168	0.00370195	0.00907486	0.00110578	0.00261085	0.00847999	0.00019487	0.0619425	0.0870069	0.0526513	0.020328	0.00350174	
0.0209229	0.000849677	0.2041	0.00633134	0.0214465	0.269359	0.00720092	0.00453311	0.18796	0.0336187	0.0478434	0.0546983	0.0327123	0.040947	0.0105743	0.0207288	0.0118664	0.00908368	0.0131538	0.00206993	
0.236181	0.0243761	0.0810744	0.0641061	0.00431087	0.0725185	0.0131439	0.0408935	0.0907532	0.01462	0.0123413	0.0415867	0.00334614	0.0724177	0.0116294	0.159375	0.0225078	0.00796249	0.0145512	0.0123042	
0.0143172	0.0375049	0.194145	0.133903	0.0110825	0.0434858	0.00607908	0.00145483	0.0094125	0.0185077	0.00296857	0.150569	0.00361702	0.0934726	0.00722822	0.0989549	0.121999	0.00652297	0.0401754	0.00459886	
0.054813	0.00306844	0.0102517	0.00375072	0.0167704	0.589488	0.0109327	0.0630755	0.00950416	0.00415783	0.0574496	0.0145515	0.0162123	0.0292515	0.0096744	0.0532186	0.0228606	0.00299372	0.0119846	0.0159907	
0.0142677	0.0104362	0.00842558	0.00646446	0.00602148	0.00419199	0.0278227	0.0257669	0.0293603	0.043284	0.00147766	0.199075	0.00656287	0.00910956	0.0407251	0.0127355	0.178054	0.312566	0.0545517	0.00910083	
0.328461	0.00317131	0.0102314	0.00597578	0.00633685	0.00191434	0.363325	0.0164715	0.0056963	0.0056542	0.00966606	0.00178614	0.00389994	0.0107461	0.000921069	0.0568022	0.0907922	0.0551173	0.0197728	0.00325924	
0.0155375	0.0162657	0.0486407	0.08225	0.012245	0.00414538	0.0865222	0.0165832	0.273759	0.0133678	0.00454509	0.0498335	0.0205431	0.0722492	0.0269155	0.113226	0.106541	0.0157955	0.00574619	0.0152893	
0.0271284	0.0302187	0.013702	0.0120846	0.071965	0.283583	0.00313024	0.135068	0.0102356	0.0232398	0.000931675	0.0116356	0.0186146	0.00451671	0.00222571	0.00256072	0.021424	0.215645	0.101079	0.0110129	
0.021616	0.0110248	0.192889	0.0358211	0.00218527	0.00965965	0.0310102	0.0199958	0.0646721	0.014914	0.0103584	0.215101	0.00101904	0.036828	0.00317647	0.141688	0.134929	0.0121681	0.0228941	0.0180507	
0.0512524	0.00048499	0.0129962	0.012463	0.104515	0.0176027	0.00199168	0.452987	0.093659	0.0550148	0.0496885	0.0143062	0.0126585	0.0133896	0.00267535	0.0102939	0.00581912	0.044178	0.00495743	0.0390671	
0.00918565	0.0172182	0.00377003	0.0570554	0.00515437	0.0117769	0.0067217	0.0457916	0.168432	0.00312762	0.010295	0.0386733	0.00300918	0.0203026	0.0103356	0.225209	0.218614	0.0880149	0.0200288	0.0372841	
0.0139163	0.00455263	0.674697	0.00584135	0.00987475	0.00595998	0.00711863	0.0190273	0.0110553	0.00595731	0.00529183	0.00696059	0.00509498	0.0123101	0.00307104	0.156344	0.0391602	0.00663802	0.0061281	0.00100098	
0.0422019	0.0583552	0.0132281	0.0345272	0.0059693	0.036327	0.0644862	0.00337767	0.124855	0.0208289	0.0186993	0.0543731	0.0382922	0.0269189	0.0136682	0.39321	0.0294914	0.00527493	0.0040191	0.0118965	
0.0123391	0.00459948	0.00307357	0.0237556	0.0218235	0.00719495	0.0331115	0.0808465	0.0698726	0.162586	0.128782	0.0107464	0.0119045	0.229424	0.00197499	0.0115817	0.00418674	0.146688	0.0167273	0.0187818	
0.00864146	0.0285047	0.0126069	0.00240094	0.0108342	0.00152372	0.0360906	0.433545	0.00801339	0.124164	0.0874119	0.006325	0.00871137	0.010991	0.00435579	0.00407313	0.0100285	0.189078	0.00117039	0.0115307	
0.00128305	0.00182805	0.0351195	0.063261	0.00453713	0.00487561	0.00350991	0.0267664	0.0482288	0.00352881	0.0054288	0.0311172	0.15579	0.0772266	0.0123809	0.367606	0.128421	0.0246773	0.00182075	0.00259352	
0.00500287	0.0209528	0.0323969	0.0153283	0.00836535	0.00462289	0.00784093	0.00239225	0.0371268	0.633438	0.0122572	0.164266	0.00503944	0.00729202	0.0047391	0.00262409	0.00869358	0.00706061	0.00468336	0.0158776	
0.010741	0.0548529	0.0174771	0.0749128	0.0499206	0.00739385	0.00159347	0.117797	0.0306604	0.0325537	0.00331025	0.0416544	0.0143093	0.0206205	0.0203877	0.184347	0.246027	0.0326844	0.00537306	0.0333831	
0.0292804	0.00686485	0.0284809	0.0649817	0.00617303	0.00371128	0.00782738	0.00789815	0.0948481	0.00942561	0.0161644	0.057468	0.559863	0.0327293	0.0254944	0.012237	0.00711529	0.00674423	0.00211441	0.0205785	
0.0174715	0.0304194	0.0302608	0.0182623	0.0163746	0.00507693	0.162462	0.0126502	0.0077671	0.0825111	0.00503389	0.350702	0.0209318	0.0479539	0.0297014	0.00443039	0.111707	0.00792458	0.0156313	0.0227266	
0.00537097	0.00333447	0.109661	0.0286031	0.00277719	0.124515	0.0321497	0.0267528	0.0296268	0.00161064	0.019068	0.0291679	0.00286099	0.0397262	0.00594867	0.446196	0.0482206	0.0284897	0.0142158	0.00170499	
0.00908319	0.289864	0.0151382	0.0307219	0.00199329	0.00803764	0.00325122	0.406396	0.0133525	0.00479106	0.00257596	0.000398986	0.0106115	0.0409786	0.00442043	0.00776726	0.00529155	0.137088	0.00483728	0.00340088	
0.011965	0.00574732	0.0151655	0.0116036	0.0213345	0.00125372	0.0198314	0.524236	0.00455464	0.187521	0.0068273	0.00449875	0.00669225	0.00275715	0.00439831	0.00614344	0.00675543	0.144516	0.00621133	0.00798737	
0.0257992	0.0115562	0.0245243	0.0446295	0.0472804	0.0106443	0.00192112	0.00643356	0.0066521	0.00455753	0.00643049	0.0226306	0.00672121	0.00144516	0.701808	0.00621792	0.0175908	0.0214577	0.00253751	0.029162	
0.248327	0.00425407	0.00524684	0.0186333	0.00438314	0.0110419	0.0347536	0.00974974	0.0119653	0.00577634	0.0116135	0.0157212	0.000622274	0.0418372	0.00318748	0.259784	0.282466	0.00174975	0.0058405	0.0230471	
0.0143644	0.0592777	0.0227886	0.00260456	0.0219005	0.0014232	0.0143758	0.205511	0.00895362	0.184094	0.113038	0.0102716	0.00624278	0.00576122	0.00686246	0.0101817	0.0155133	0.290034	0.00147715	0.00532422	
0.0146086	0.0239511	0.00561828	0.00180683	0.00602785	0.0066397	0.0247012	0.00507348	0.0450394	0.000933874	0.00353631	0.0266738	0.016652	0.0427804	0.0596364	0.157478	0.0372907	0.480081	0.018004	0.0234666	
0.0064079	0.00293638	0.00603273	0.00771896	0.00771289	0.00698199	0.014504	0.320381	0.00816202	0.0247608	0.00466537	0.0127774	0.00281839	0.00130582	0.00331269	0.00240353	0.00339287	0.543883	0.00454678	0.0152946	
0.488814	0.00906894	0.0258498	0.130641	0.0207757	0.0341902	0.0122748	0.00521021	0.0301518	0.0253903	0.0235042	0.0105501	0.00321904	0.0149712	0.0399169	0.0260026	0.0409263	0.0240497	0.0190113	0.0154815	
0.0210439	0.0015282	0.207681	0.00546574	0.0235156	0.252623	0.00790759	0.00442185	0.199334	0.0363286	0.0482817	0.0542625	0.0353306	0.0424446	0.0113673	0.0201155	0.005093	0.00937193	0.0130702	0.000814488	
0.0354186	0.0366791	0.00358862	0.214436	0.0179807	0.0151786	0.0048421	0.0177784	0.0394058	0.00212233	0.0273218	0.0170815	0.156462	0.101603	0.092465	0.00184591	0.120292	0.0360533	0.038609	0.0208363	
0.00516469	0.0236628	0.0326581	0.00102208	0.00805577	0.00390142	0.00887431	0.00159163	0.0104764	0.659135	0.016905	0.181044	0.00185543	0.00405151	0.0023087	0.00195496	0.00644334	0.00689145	0.00356768	0.020435	
0.0615845	0.00986515	0.0290596	0.0047719	0.0626131	0.0225422	0.0225825	0.0177096	0.436645	0.102841	0.00543142	0.00476908	0.030954	0.0219889	0.10105	0.0114062	0.00696756	0.0165264	0.00196929	0.0287221	
0.012216	0.00959367	0.00777068	0.00497093	0.0342837	0.785137	0.00510852	0.0051447	0.0102168	0.0237206	0.00877021	0.033311	0.00591915	0.0102776	0.00646446	0.00680308	0.00630628	0.00396439	0.00766219	0.0123593	
0.010485	0.000806222	0.131019	0.00818145	0.0130752	0.398685	0.00115211	0.0344946	0.06085	0.0143107	0.0205434	0.0389185	0.00615555	0.0257191	0.00815298	0.0240125	0.168586	0.00806403	0.0042984	0.0224909	
0.022426	0.0108171	0.066525	0.00349976	0.0683675	0.0146505	0.320353	0.00679812	0.024484	0.00895242	0.0172267	0.18876	0.0118694	0.00672887	0.0513902	0.0909509	0.0425578	0.015384	0.0203514	0.00790807	
0.0870287	0.00219209	0.07685	0.45871	0.0638536	0.00662643	0.00235632	0.0112458	0.0381942	0.0115676	0.0205077	0.0329826	0.0514007	0.0180105	0.0108209	0.0453343	0.0297113	0.0142488	0.0149265	0.0034315	
0.00180311	0.00515071	0.154992	0.329824	0.0179476	0.0175301	0.0114318	0.0092542	0.0149735	0.110854	0.0266051	0.013779	0.00495761	0.0155135	0.0133455	0.0837459	0.107123	0.00762713	0.049132	0.00440954	
0.0109084	0.0194384	0.0494817	0.0990426	0.0108471	0.0116474	0.00571546	0.00696279	0.204887	0.425077	0.00228956	0.0329499	0.0218432	0.0210377	0.0204294	0.00982601	0.0255644	0.00756655	0.00573649	0.00874917	
0.0129143	0.00988564	0.040417	0.00169319	0.014026	0.00530667	0.0319961	0.0231617	0.344526	0.0199489	0.0119288	0.00101082	0.00228081	0.00138043	0.00244211	0.104499	0.330983	0.0102276	0.0127698	0.0186013	
0.00962594	0.0366774	0.0300487	0.0266767	0.0219236	0.0593153	0.0474434	0.00697042	0.0032443	0.0531941	0.00863976	0.00380889	0.00211499	0.0266388	0.00186898	0.00615491	0.519739	0.0857946	0.0257791	0.0243407	
0.012216	0.00959367	0.00777068	0.00497093	0.0342837	0.785137	0.00510852	0.0051447	0.0102168	0.0237206	0.00877021	0.033311	0.00591915	0.0102776	0.00646446	0.00680308	0.00630628	0.00396439	0.00766219	0.0123593	
0.0173231	0.0108092	0.0205271	0.00453383	0.0226223	0.0086117	0.0381803	0.00604269	0.00664886	0.0226988	0.00277835	0.710762	0.0245625	0.0224353	0.0113278	0.00612972	0.0150959	0.00553578	0.0385267	0.00484762	
0.453852	0.00491371	0.00215663	0.0195956	0.0309112	0.000772954	0.0702549	0.0611012	0.0276734	0.0108852	0.0101501	0.0238829	0.00618461	0.0209295	0.0286729	0.152414	0.00191125	0.0105632	0.018111	0.0450633	
0.256276	0.00423864	0.00237732	0.00770613	0.0335206	0.209815	0.0238824	0.0114725	0.12172	0.00815751	0.0190024	0.0181412	0.0793498	0.0595964	0.0154422	0.0925853	0.00561876	0.0151592	0.00466889	0.0112695	
0.0510212	0.0606808	0.0147478	0.0464841	0.00676574	0.0166879	0.00138529	0.0721678	0.0844868	0.347953	0.00378947	0.0209104	0.0455924	0.00410036	0.00750599	0.0471378	0.00917801	0.127161	0.00771145	0.0245327	
0.477053	0.00102055	0.0136823	0.00433833	0.0149439	0.149113	0.0781081	0.00395534	0.0596675	0.0274649	0.0058716	0.025637	0.0132452	0.0325476	0.00117712	0.0293663	0.0186128	0.00478962	0.00228481	0.0371211	
0.00897332	0.42073	0.0202357	0.0276399	0.00106014	0.00577033	0.00393882	0.236468	0.0193097	0.0107012	0.00785019	0.00573257	0.0130399	0.0361941	0.00430992	0.00641551	0.0688436	0.101668	0.000531853	0.00058751	
0.012216	0.00959367	0.00777068	0.00497093	0.0342837	0.785137	0.00510852	0.0051447	0.0102168	0.0237206	0.00877021	0.033311	0.00591915	0.0102776	0.00646446	0.00680308	0.00630628	0.00396439	0.00766219	0.0123593	
0.00642391	0.00298045	0.0060216	0.00782206	0.0076665	0.00701106	0.0147739	0.319521	0.00824392	0.024632	0.00464477	0.0127795	0.00311651	0.00133863	0.00339172	0.00240046	0.00347707	0.543398	0.00454174	0.015815	
0.00908319	0.289864	0.0151382	0.0307219	0.00199329	0.00803764	0.00325122	0.406396	0.0133525	0.00479106	0.00257596	0.000398986	0.0106115	0.0409786	0.00442043	0.00776726	0.00529155	0.137088	0.00483728	0.00340088	
0.0124825	0.00970935	0.00779776	0.00496903	0.0339895	0.783356	0.00514867	0.00507279	0.0102505	0.0242125	0.00849826	0.0341199	0.00597189	0.0103267	0.00664652	0.00684527	0.00631275	0.00397227	0.00776005	0.0125573	
0.00435377	0.00877576	0.0198914	0.00453056	0.0181363	0.00968342	0.00399041	0.386071	0.0547475	0.263581	0.00203024	0.0157468	0.00920991	0.00643198	0.00205075	0.00765932	0.00750936	0.0750731	0.00184831	0.0986794	
