0.237265	0.00122696	0.0517922	0.0431437	0.0290225	0.00360734	0.0263996	0.013929	0.135196	0.0137855	0.0236393	0.00804408	0.00415512	0.0624657	0.176967	0.126661	0.00932473	0.0127946	0.00522042	0.0153609	
0.0259086	0.00285396	0.0112635	0.0175876	0.0179117	0.0072176	0.0399941	0.454904	0.00685169	0.0169898	0.00407795	0.00472675	0.0372715	0.0129193	0.00839893	0.00317527	0.0045955	0.294103	0.00357739	0.0256717	
0.0699551	0.00943739	0.156188	0.106685	0.030804	0.0246121	0.0576703	0.0989556	0.0751066	0.0548947	0.0241518	0.0202764	0.0183393	0.0725243	0.0525171	0.0581528	0.0319687	0.0250476	0.00675257	0.00596101	
0.0129492	0.00817043	0.158286	0.243821	0.0470081	0.0118792	0.0472794	0.0313667	0.0428943	0.0372228	0.0364369	0.0266344	0.00908663	0.0991267	0.0354877	0.023725	0.0897388	0.00644107	0.00547499	0.0269697	
0.479801	0.00687604	0.0206822	0.0209485	0.0382285	0.0111516	0.0404081	0.0302428	0.0503042	0.0376437	0.043146	0.0301843	0.0131654	0.0284094	0.0542945	0.0421715	0.00841263	0.0123113	0.00680335	0.0248155	
0.03794	0.00891772	0.0545901	0.0173748	0.0167984	0.0154454	0.034129	0.113971	0.0184067	0.42413	0.00819297	0.0214207	0.00523674	0.018973	0.010505	0.0050049	0.0468578	0.11251	0.00370623	0.0258894	
0.26075	0.00944036	0.168871	0.0371352	0.0429898	0.0166418	0.0572681	0.0416652	0.0441705	0.059421	0.0473082	0.029982	0.016425	0.0385997	0.0420904	0.0206541	0.0188753	0.0161333	0.00901579	0.0225631	
0.0810032	0.00761711	0.410485	0.0159908	0.0466171	0.0249692	0.0149328	0.0314882	0.021867	0.0470783	0.0482713	0.0173566	0.0472497	0.0216223	0.0244134	0.0263791	0.0868278	0.00961151	0.00751172	0.0087079	
0.053245	0.0070015	0.0543422	0.0268469	0.0556584	0.0219197	0.0471101	0.178819	0.0226666	0.273695	0.0178228	0.0195928	0.00936036	0.026497	0.0178963	0.00355561	0.0328959	0.103464	0.00515663	0.0224538	
0.186264	0.00370305	0.0406983	0.038182	0.0344421	0.011764	0.0310061	0.0232088	0.205684	0.0191253	0.00714733	0.00544641	0.00445786	0.0667177	0.202163	0.0685572	0.00649074	0.0168326	0.004505	0.0236048	
0.0769803	0.00945441	0.0748551	0.0979475	0.0231997	0.0157558	0.0956208	0.0454829	0.0983101	0.0630656	0.0207615	0.0222023	0.0015298	0.140591	0.0990565	0.036906	0.0369596	0.00974954	0.00573356	0.0258382	
0.149676	0.00265095	0.0515578	0.0626978	0.0339295	0.0116594	0.0377933	0.0301339	0.146862	0.0173362	0.0198979	0.0164833	0.00308131	0.0966125	0.203398	0.0601997	0.0161338	0.0172764	0.00251138	0.0201096	
0.0331529	0.0243495	0.0697343	0.0330967	0.0427192	0.354191	0.0491414	0.0316025	0.0198597	0.0714481	0.0539263	0.0305033	0.047449	0.0230312	0.00525328	0.0129843	0.0648165	0.007029	0.00449346	0.0212185	
0.0411965	0.00159491	0.0214283	0.0208379	0.0330108	0.0119706	0.0394892	0.380777	0.0109607	0.0120847	0.00746557	0.00915436	0.0363711	0.0184835	0.0146717	0.00145179	0.0105883	0.285804	0.00591637	0.0367428	
0.0377717	0.00427088	0.0266899	0.0185222	0.0221455	0.0117747	0.0371566	0.346322	0.0133912	0.151693	0.00446754	0.00631546	0.0220557	0.0185136	0.0110765	0.00220645	0.00564285	0.228361	0.00453258	0.0270899	
0.0385591	0.00878109	0.054882	0.0175855	0.017611	0.0159644	0.0334334	0.117705	0.0201243	0.418516	0.0072008	0.0228001	0.00476692	0.0191076	0.0103695	0.00554102	0.0453192	0.111742	0.00346192	0.026529	
0.0249829	0.00728499	0.0399359	0.013247	0.030899	0.00552648	0.0475527	0.193357	0.0136504	0.104152	0.0156888	0.0239842	0.0237765	0.0227991	0.0169441	0.0107029	0.0463195	0.323996	0.00637977	0.028821	
0.0353634	0.00781247	0.46086	0.0189962	0.0406172	0.0257032	0.0122691	0.0310761	0.0182953	0.060448	0.0467861	0.0207955	0.0360281	0.0249156	0.0209058	0.0229749	0.0939866	0.010061	0.00480772	0.00729785	
0.100349	0.0146119	0.0420293	0.0428737	0.0534322	0.0537753	0.0158365	0.0165005	0.00585006	0.0555186	0.0546624	0.367932	0.0368392	0.0318009	0.0302093	0.0117684	0.0135283	0.0352378	0.00842419	0.00882058	
0.0335165	0.0172696	0.044739	0.0485043	0.0480566	0.366093	0.0483926	0.0336726	0.0195842	0.0773922	0.0534044	0.0331694	0.0401033	0.0230062	0.00861933	0.00731415	0.0584151	0.00770635	0.00669273	0.0243486	
0.0531531	0.00876629	0.0752214	0.0289321	0.0206682	0.0423783	0.0171659	0.0752398	0.0190757	0.45483	0.0209089	0.0251345	0.00239644	0.016485	0.0045794	0.0108559	0.0594539	0.0389274	0.00521443	0.0206131	
0.0485159	0.00445352	0.0299521	0.026075	0.0185052	0.0197654	0.0387473	0.426415	0.0107997	0.0268232	0.00471019	0.00625658	0.0369908	0.0177938	0.0137617	0.00384063	0.0059125	0.229591	0.00462868	0.0264611	
0.0668121	0.00333824	0.0691449	0.0388986	0.125507	0.0277481	0.0570485	0.120448	0.0238765	0.171349	0.0325504	0.0305411	0.0109966	0.0348791	0.0249379	0.00623991	0.0462819	0.0910573	0.00701529	0.0113294	
0.361215	0.00692848	0.0782025	0.0206435	0.0478565	0.0225224	0.0293042	0.0329718	0.0251455	0.0235484	0.0654715	0.0369553	0.121105	0.0212994	0.0217679	0.0288712	0.00646712	0.014098	0.00897602	0.0266498	
0.460943	0.00468914	0.0317164	0.0119179	0.0298158	0.00682696	0.0360148	0.0174336	0.0714764	0.0194097	0.0365404	0.0226884	0.0154216	0.0330573	0.0850395	0.08086	0.00518701	0.00712625	0.0053534	0.0184823	
0.013823	0.00811053	0.114057	0.265975	0.0459793	0.0118193	0.0525607	0.0320045	0.0566877	0.0338346	0.03682	0.0248773	0.00699644	0.102998	0.0382876	0.0232694	0.0883218	0.00842259	0.00779195	0.0273639	
0.0494715	0.0275029	0.142514	0.0735995	0.0473224	0.00707095	0.0393545	0.00949755	0.0221747	0.0502424	0.0404869	0.108904	0.00932913	0.0440877	0.0064725	0.0356019	0.223423	0.0323603	0.00793628	0.0226477	
0.223745	0.00796507	0.0248422	0.0344547	0.0396304	0.0138862	0.0497617	0.154985	0.0222064	0.0669218	0.0266674	0.0301249	0.00907462	0.0292444	0.029027	0.0114193	0.0195873	0.167746	0.00977178	0.0289391	
0.0202682	0.00961076	0.121212	0.0519079	0.0474372	0.0438432	0.0468544	0.0143296	0.0059986	0.0585864	0.0266184	0.0182461	0.00110019	0.0279143	0.00557535	0.0164143	0.433962	0.0263995	0.00645912	0.017263	
0.0530237	0.00775208	0.102598	0.0358182	0.0348034	0.0700812	0.0144321	0.0912365	0.0148257	0.00576425	0.0569986	0.0299763	0.369187	0.00639605	0.00331131	0.00955075	0.00271532	0.0648223	0.00584561	0.0208608	
0.0187621	0.006725	0.0613384	0.250734	0.0432337	0.0108488	0.0589487	0.0347228	0.11334	0.0327707	0.0268251	0.0197056	0.00831011	0.107418	0.0611754	0.0280913	0.0694578	0.0094667	0.00701871	0.031107	
0.0681849	0.00817461	0.0809766	0.0445426	0.0447221	0.0100048	0.184642	0.0643571	0.0471939	0.158393	0.0319498	0.0135098	0.00985721	0.053216	0.0366465	0.0210207	0.0556547	0.0473765	0.00692259	0.0126543	
0.0191626	0.00967013	0.0523611	0.0104038	0.0372792	0.0055258	0.0425969	0.0885177	0.0182912	0.326052	0.0174043	0.027427	0.00820912	0.0251595	0.0137343	0.00989241	0.0635824	0.190771	0.00651998	0.0274391	
0.479933	0.0059854	0.0265935	0.0190004	0.0398798	0.0103402	0.0415121	0.027513	0.0484931	0.0330725	0.0483664	0.0308889	0.0150855	0.0274487	0.054396	0.0399336	0.00687836	0.0105228	0.00838583	0.025771	
0.0662779	0.00958706	0.105171	0.0460286	0.177814	0.0497034	0.0276248	0.0246857	0.0166398	0.166157	0.0943285	0.0333685	0.00340742	0.0151145	0.00589668	0.0119757	0.101144	0.0156409	0.00870591	0.0207287	
0.0180534	0.00915314	0.123445	0.0476914	0.048738	0.0423178	0.0451488	0.00801872	0.00670107	0.0615786	0.0405004	0.0158844	0.00134364	0.0262947	0.00488673	0.0143229	0.435453	0.0260616	0.00579343	0.0186128	
0.482327	0.00564742	0.0367879	0.0123284	0.0380922	0.0101574	0.0429175	0.0279186	0.0486407	0.0377491	0.0413357	0.0305666	0.0119298	0.0283996	0.0569623	0.0406166	0.00710008	0.00988416	0.00755869	0.0230797	
0.123796	0.00529286	0.0665604	0.0569135	0.0422494	0.0152446	0.0419378	0.0457317	0.0953672	0.0508833	0.0223091	0.0237652	0.00258824	0.0615975	0.207836	0.0454753	0.0303587	0.0353503	0.00282581	0.0239179	
0.0932676	0.011542	0.0295617	0.0423268	0.0415817	0.0476702	0.365756	0.0713283	0.018554	0.0261957	0.038197	0.00863975	0.00432387	0.017221	0.0112151	0.0200633	0.0682634	0.0658635	0.00691974	0.0115093	
0.0609024	0.0830598	0.0700845	0.0545376	0.0194222	0.28265	0.0481712	0.0441508	0.0209836	0.0738776	0.0486221	0.0376411	0.0378188	0.0290514	0.00746862	0.00433934	0.0472288	0.0183349	0.00190716	0.00974779	
0.226959	0.00156006	0.0519988	0.0420539	0.0270255	0.00422428	0.0222372	0.0185068	0.143231	0.010938	0.0193721	0.0120367	0.00156968	0.0664025	0.198292	0.111681	0.0126202	0.00982821	0.00504486	0.0144189	
0.0498878	0.00921743	0.0749176	0.027044	0.0286957	0.0443192	0.0265081	0.100202	0.0175347	0.445912	0.0146536	0.0192382	0.00190213	0.0104055	0.00348697	0.0073088	0.0475478	0.0431229	0.00559895	0.0224968	
0.0313555	0.00292752	0.0122558	0.0197526	0.0193829	0.00859879	0.0384958	0.442327	0.00535922	0.0100267	0.00255697	0.00737155	0.0393642	0.0114504	0.0068816	0.00271236	0.00455506	0.306062	0.00406426	0.0245001	
0.0543868	0.00964338	0.0767089	0.0280574	0.030842	0.0411889	0.0250905	0.0991177	0.018587	0.439156	0.0119657	0.0188622	0.001679	0.0120812	0.00364941	0.0111419	0.0485224	0.0420174	0.00419046	0.0231115	
0.298805	0.00859037	0.121168	0.0280076	0.0457196	0.0458384	0.0217454	0.0370164	0.0185416	0.00804347	0.0638117	0.0350866	0.150612	0.00852146	0.00492556	0.0466889	0.00454649	0.0192333	0.00834455	0.0247529	
0.0614277	0.00966708	0.0731014	0.0301595	0.0118189	0.0439246	0.0249058	0.0766696	0.0197914	0.442306	0.0186352	0.0244711	0.00542488	0.0212491	0.00977622	0.00917553	0.0523304	0.0392683	0.003898	0.0219997	
0.0182344	0.0105822	0.114448	0.0561198	0.0487047	0.037798	0.0440282	0.00784542	0.0123696	0.0649402	0.0376376	0.0109802	0.00124338	0.0281555	0.00945413	0.0136058	0.432529	0.0254989	0.00547903	0.0203458	
0.233441	0.008866	0.138488	0.0347551	0.0450683	0.0562371	0.0112554	0.0394983	0.0157425	0.0069083	0.0689115	0.0324165	0.196271	0.0135163	0.00436674	0.0448685	0.00417571	0.0182985	0.00647978	0.0204355	
0.0503394	0.00752676	0.339634	0.0626989	0.0405985	0.0247504	0.0155898	0.0250212	0.0307616	0.043114	0.0460565	0.0182502	0.0427283	0.0322443	0.0332853	0.0655114	0.100605	0.00740477	0.00673245	0.00714713	
0.0735603	0.00450721	0.0728083	0.0737063	0.0192262	0.0381874	0.116489	0.0773246	0.0416977	0.0598682	0.0361	0.00861781	0.0180625	0.0534617	0.0344902	0.0080502	0.0584749	0.0566712	0.00687109	0.141826	
0.0533518	0.00858879	0.0672276	0.0248994	0.0172371	0.0331588	0.0156729	0.14838	0.0171103	0.459639	0.0117986	0.0148203	0.00172741	0.0137154	0.00336355	0.00584908	0.0291716	0.0477064	0.00355203	0.0230302	
0.126773	0.00295209	0.039248	0.0801419	0.0291996	0.00498857	0.0484379	0.0232614	0.206599	0.0196989	0.0151224	0.00984228	0.00143456	0.111103	0.170939	0.0612722	0.016176	0.00917007	0.00324174	0.0203986	
0.121619	0.00485853	0.0225241	0.0643435	0.0293319	0.00474205	0.0826592	0.0274578	0.180605	0.031532	0.0179991	0.0107567	0.0028391	0.128571	0.166673	0.0560918	0.0191619	0.00545467	0.00396227	0.0188175	
0.0588606	0.0118406	0.0625801	0.0309394	0.0131424	0.0433129	0.0279105	0.103252	0.0203581	0.445465	0.0103601	0.0220812	0.00383447	0.0201422	0.00916871	0.0062017	0.0421685	0.0422394	0.00315097	0.0229915	
0.0896279	0.00750273	0.0818843	0.0552658	0.0510637	0.133244	0.0279294	0.056503	0.0323425	0.0143969	0.0261818	0.0366605	0.00812351	0.0337688	0.223037	0.0174428	0.0346181	0.0391089	0.00334293	0.0279561	
0.0538328	0.00989371	0.0766449	0.029918	0.0184883	0.0439675	0.0160622	0.0725991	0.0211328	0.453951	0.0218422	0.0222714	0.0020647	0.0166437	0.00451307	0.011104	0.0588795	0.0382977	0.00455683	0.0233367	
0.0523528	0.00735824	0.100911	0.0350731	0.0367328	0.0680933	0.0148323	0.0860494	0.0142904	0.00615988	0.0579183	0.0305287	0.376083	0.00713528	0.00334637	0.00987624	0.00341977	0.0617019	0.00619506	0.0219415	
0.0536637	0.00997932	0.0702361	0.0271476	0.0131311	0.045658	0.0257835	0.103093	0.0213209	0.452504	0.00906898	0.0226765	0.00431111	0.0190556	0.00746256	0.00632786	0.0419924	0.0432686	0.00183504	0.0214838	
0.112768	0.00647258	0.097693	0.0406615	0.0518837	0.0516959	0.0371431	0.00495187	0.00861448	0.00871897	0.368635	0.0426396	0.0573551	0.0273682	0.00823533	0.0193134	0.0206575	0.00774439	0.00741304	0.0200356	
0.230012	0.00619021	0.0726107	0.0408098	0.0297334	0.0178058	0.0393837	0.0267023	0.0935635	0.0130981	0.0395382	0.0183608	0.00606087	0.0503414	0.107828	0.148949	0.0148106	0.0190425	0.00885388	0.0163056	
0.238172	0.00120674	0.0529212	0.0441053	0.0287677	0.00291189	0.0196328	0.0172801	0.133904	0.0105381	0.0216596	0.0138935	0.00182805	0.0627648	0.183991	0.121007	0.0135302	0.011302	0.00518565	0.0153985	
0.341125	0.0101202	0.023762	0.0514165	0.0538084	0.0809948	0.0391709	0.0427112	0.0287869	0.0568411	0.0477316	0.0384604	0.0159348	0.0282929	0.0516783	0.0217775	0.0139549	0.0181862	0.00801861	0.0272281	
0.0827085	0.0047108	0.0852912	0.0580068	0.28103	0.0455122	0.0362657	0.0123072	0.0327561	0.00987163	0.0567868	0.0323124	0.0345446	0.0354947	0.0316739	0.0114212	0.0591997	0.0114277	0.00896537	0.0697133	
0.0171991	0.00932573	0.109416	0.0546703	0.0459888	0.0403911	0.04934	0.00989152	0.0101622	0.0617645	0.0335873	0.0126033	0.00213614	0.0269785	0.00810204	0.0117357	0.439105	0.0274459	0.00668416	0.0234721	
0.0243611	0.00272677	0.0131175	0.0119263	0.0221421	0.00551157	0.0400214	0.389655	0.00768926	0.00943039	0.00520486	0.00840851	0.0368771	0.0117424	0.00987437	0.0033906	0.0110383	0.358361	0.00420324	0.0243176	
0.0422007	0.00537253	0.12057	0.0773987	0.0184579	0.0311775	0.0482628	0.0417401	0.0567851	0.0451172	0.0411468	0.0248763	0.00319653	0.0570134	0.0633869	0.170874	0.108814	0.0263749	0.00813747	0.00909757	
0.0215125	0.00294184	0.0148565	0.010837	0.0205539	0.00610103	0.0404315	0.389318	0.00658977	0.0107569	0.00591378	0.00977654	0.0378793	0.0130848	0.00912442	0.00390589	0.0107841	0.353475	0.00472633	0.0274307	
0.0365186	0.00915158	0.464764	0.0174213	0.0475695	0.0207459	0.011963	0.0261455	0.0190913	0.0572125	0.0437813	0.0208714	0.0342266	0.0240869	0.020435	0.0226741	0.0963966	0.00986307	0.00758116	0.00950036	
0.490655	0.00480851	0.0211993	0.0214275	0.0352148	0.00987164	0.0393708	0.0316914	0.0539034	0.0347201	0.0420739	0.0259543	0.0130741	0.0298378	0.0595625	0.0418302	0.00655699	0.0124243	0.00592266	0.0199002	
0.326452	0.00981143	0.0550094	0.0158755	0.0474975	0.0119993	0.0509081	0.0826177	0.0309568	0.0664488	0.0402878	0.0311565	0.0130879	0.03171	0.0350391	0.0184948	0.0150925	0.0858731	0.00696485	0.0247171	
0.0163131	0.00519737	0.0684711	0.230094	0.0470175	0.00578179	0.0616783	0.0319567	0.115457	0.0256748	0.0292851	0.0143562	0.00337443	0.114463	0.0650399	0.0291271	0.0899786	0.00559051	0.00499322	0.0361501	
0.0333234	0.0221003	0.0730157	0.0941508	0.0468505	0.292527	0.0440741	0.0329727	0.0180008	0.0690003	0.0529757	0.0343211	0.0455294	0.0234064	0.00573553	0.0163421	0.0603431	0.0060753	0.00642307	0.0228326	
0.0227789	0.00372445	0.0110445	0.0150147	0.0186794	0.00604982	0.039859	0.391491	0.00730965	0.0136415	0.00598475	0.00818203	0.0359851	0.0118207	0.0086463	0.00343385	0.0121501	0.352399	0.00424529	0.0275606	
0.0207824	0.00988282	0.110612	0.0540379	0.046357	0.0401497	0.0465538	0.0081881	0.0119382	0.0633196	0.0373056	0.0117569	0.0011917	0.029103	0.0105136	0.0117366	0.428576	0.0277385	0.00548476	0.0247719	
0.0177444	0.0115191	0.122246	0.0529816	0.0452386	0.0391216	0.0473631	0.0134653	0.00757721	0.0611664	0.0261443	0.0173714	0.00132041	0.0269193	0.00676949	0.0151318	0.433331	0.0264612	0.00628658	0.0218418	
0.0348647	0.00333607	0.0116165	0.0180375	0.0202711	0.00884319	0.0385072	0.440427	0.00517811	0.00863493	0.00325709	0.0058296	0.0418848	0.0129968	0.00700552	0.00302201	0.00433518	0.300833	0.00378351	0.027336	
0.478089	0.00568582	0.036492	0.012969	0.0370063	0.0108729	0.0419501	0.0292344	0.0523543	0.0408254	0.041338	0.0285427	0.0127054	0.0279188	0.0574733	0.0405796	0.00714348	0.00922315	0.00852124	0.0210747	
0.454597	0.00429666	0.0211332	0.01691	0.0310404	0.00666918	0.0313207	0.0207961	0.0742405	0.018141	0.0373397	0.0224745	0.0126481	0.03536	0.089491	0.0861313	0.00498491	0.00626405	0.00567195	0.0204893	
0.030228	0.00771142	0.403519	0.0729684	0.0485682	0.0220035	0.0145423	0.0300362	0.0197649	0.0506736	0.0474852	0.0176553	0.0299737	0.0323764	0.0242538	0.0271537	0.0957711	0.00854795	0.0081423	0.00862469	
0.478168	0.0065729	0.0349847	0.00958651	0.0410759	0.00893235	0.0395347	0.0248715	0.049205	0.0404818	0.047957	0.0285591	0.0128395	0.0288095	0.0559497	0.0415899	0.00791179	0.00955326	0.00713121	0.0262853	
0.0188262	0.00875147	0.118789	0.0538251	0.0502703	0.0384875	0.0450623	0.00862873	0.00995538	0.06071	0.039059	0.0115672	0.00181362	0.0280909	0.0088781	0.0121622	0.436722	0.0243372	0.00521552	0.0188478	
0.017421	0.00959592	0.119941	0.0548104	0.0471613	0.0392414	0.0416133	0.00794489	0.0113064	0.0595435	0.0399861	0.0114873	0.00155309	0.0275875	0.00999101	0.0120275	0.434711	0.0274247	0.00598917	0.0206637	
0.0435248	0.00605502	0.0294812	0.0267619	0.0174616	0.0176804	0.0412108	0.433016	0.010106	0.024694	0.00485187	0.00730288	0.0396635	0.017375	0.0156146	0.00474939	0.00540733	0.225136	0.00536647	0.0245412	
0.188374	0.00293388	0.0417794	0.0514663	0.0295526	0.00430512	0.0354844	0.0144519	0.211039	0.0161144	0.0125068	0.00818625	0.0026951	0.0866117	0.184323	0.0743373	0.00681064	0.00725198	0.00391756	0.0178592	
0.0245776	0.014155	0.14233	0.0573842	0.0385136	0.0295124	0.0431093	0.00751317	0.00872652	0.0500959	0.0394562	0.0306797	0.00118746	0.0326008	0.00854631	0.0477128	0.374147	0.0247107	0.00702374	0.0180183	
0.477528	0.00625951	0.0367912	0.0126931	0.0379232	0.00970697	0.0397956	0.0297612	0.0499344	0.039736	0.0449784	0.0291771	0.0112901	0.0294201	0.0559842	0.0419732	0.00762444	0.0114648	0.0064931	0.0214655	
0.0306193	0.0031043	0.0135249	0.0189874	0.0188019	0.00805494	0.039438	0.442006	0.00793704	0.0160193	0.00297548	0.00456548	0.0380628	0.0120613	0.00965633	0.00274089	0.00450542	0.298314	0.00404912	0.0245761	
0.477357	0.00521101	0.0387682	0.0146596	0.0417713	0.0116777	0.0398819	0.0312159	0.0466708	0.0375703	0.0427316	0.0289802	0.0128628	0.0292909	0.0546341	0.040677	0.00710204	0.00949987	0.00645921	0.0229779	
0.0713857	0.0099176	0.229878	0.0421953	0.0436635	0.107617	0.0195092	0.030181	0.0235357	0.0219307	0.0650163	0.0256403	0.176901	0.023766	0.0279378	0.0381133	0.00847547	0.00570386	0.00675385	0.0218793	
0.0450176	0.00848181	0.308644	0.0352154	0.0517604	0.0559138	0.0269693	0.0202657	0.0186218	0.0572695	0.0403303	0.0225418	0.00517798	0.032902	0.0260142	0.0187562	0.192222	0.00704994	0.00822538	0.0186211	
0.486983	0.00541179	0.0205252	0.0183851	0.0361825	0.0108758	0.0435168	0.0283941	0.0508537	0.0381707	0.0455924	0.0283976	0.0106302	0.0306265	0.0592094	0.0419778	0.00699821	0.0105915	0.00569323	0.0209843	
0.0895398	0.00491299	0.0749288	0.0530973	0.0561906	0.133998	0.01623	0.0550252	0.0311249	0.0179151	0.030623	0.0372116	0.0103862	0.0441801	0.2282	0.0082021	0.031171	0.0411182	0.00510472	0.0308403	
0.0954456	0.00738385	0.113662	0.0344881	0.0359345	0.0648742	0.0151004	0.0778001	0.0128411	0.00560438	0.0643	0.0297806	0.333119	0.0069574	0.00350633	0.0144492	0.00358666	0.0537937	0.00670925	0.0206639	
0.150681	0.0141005	0.0182315	0.187918	0.0548232	0.114675	0.0411888	0.0489783	0.0122263	0.0522103	0.0538661	0.0416982	0.041471	0.017963	0.0356692	0.0217972	0.0380024	0.0193677	0.00858653	0.0265457	
0.0351853	0.00832126	0.466506	0.0158732	0.0430681	0.0215181	0.0142171	0.0302954	0.0208993	0.0596034	0.0423846	0.0206605	0.0339869	0.0260942	0.0230109	0.0230793	0.0901884	0.0103776	0.00673	0.00800072	
0.0565841	0.00992131	0.0655047	0.0267863	0.0153047	0.0341255	0.0272903	0.175639	0.0200055	0.430834	0.00561532	0.00902427	0.00372342	0.0209418	0.011371	0.00496629	0.0094151	0.0448296	0.00409462	0.0240233	
0.0252713	0.00555623	0.0160538	0.0182363	0.0191552	0.00878954	0.0479962	0.270448	0.0116443	0.0284315	0.0115598	0.0199369	0.0347433	0.0175171	0.0143598	0.00784868	0.0266172	0.381439	0.00643008	0.0279657	
0.133405	0.00247056	0.0634193	0.0510137	0.0408402	0.0285236	0.0209256	0.0368265	0.102892	0.0168732	0.0248148	0.0217727	0.00411731	0.0599372	0.26829	0.0423292	0.0197512	0.029968	0.00633512	0.0254944	
0.0208903	0.00215807	0.01233	0.0119548	0.0215189	0.00595316	0.0405611	0.414657	0.00662946	0.0093184	0.00483757	0.00814645	0.0400301	0.0124606	0.0090622	0.00335347	0.00691197	0.338259	0.00346125	0.0275063	
0.0842253	0.00408956	0.0928325	0.0503852	0.322659	0.0437359	0.0399244	0.0114651	0.0298238	0.0126489	0.0573953	0.0379679	0.0325182	0.0341922	0.0319608	0.0126326	0.0583735	0.00979258	0.0096068	0.0237706	
0.0514482	0.00890828	0.104818	0.0347572	0.0367323	0.0654781	0.0107835	0.0840893	0.0143514	0.00715143	0.0590261	0.032113	0.373281	0.0079963	0.00344223	0.00950043	0.00308513	0.0631538	0.00768019	0.0222038	
0.0509683	0.0100824	0.0725875	0.0264255	0.0292189	0.0372563	0.0258537	0.0990685	0.0167606	0.455066	0.0106621	0.0200553	0.00170143	0.0103396	0.00384678	0.00858746	0.0477191	0.0439631	0.00622033	0.0236175	
0.0884282	0.0112096	0.0568417	0.0159683	0.0408537	0.00856816	0.0583236	0.114618	0.0180348	0.107549	0.0231154	0.0261531	0.00439709	0.0282337	0.0184745	0.00945087	0.135007	0.195229	0.0074024	0.0321409	
0.487924	0.00633813	0.0200497	0.0208428	0.0404156	0.0113478	0.0424438	0.0285541	0.0500554	0.0340901	0.043048	0.0276368	0.0123105	0.0308339	0.0556139	0.0425546	0.00701493	0.00897627	0.00667909	0.0232711	
0.0974897	0.00686436	0.0546988	0.0784344	0.0339325	0.00777801	0.0580346	0.0477525	0.126203	0.0478782	0.0222346	0.0196515	0.00260542	0.128983	0.143859	0.0413799	0.0294943	0.0245003	0.00508411	0.0231423	
0.0212489	0.00862639	0.220822	0.222544	0.0529685	0.0178525	0.0243485	0.0306626	0.0353897	0.0401995	0.0373012	0.0203897	0.019427	0.063273	0.0327735	0.0267558	0.0961616	0.00739775	0.00896523	0.0128926	
0.0319847	0.0256128	0.0732044	0.0353275	0.0468846	0.3498	0.051677	0.0321749	0.0188517	0.0719773	0.0500519	0.0329101	0.0417415	0.0199906	0.00580874	0.0141123	0.0645248	0.00785981	0.00510075	0.0204046	
0.0265761	0.00525786	0.0202507	0.018554	0.0199834	0.00766131	0.047034	0.275806	0.0104441	0.0233846	0.0132001	0.0193829	0.0303477	0.014601	0.0144479	0.00773301	0.0268463	0.382054	0.0070632	0.029372	
0.0535927	0.00898556	0.0756271	0.0293343	0.0273891	0.0409623	0.0228134	0.100427	0.0181828	0.448145	0.01055	0.0216672	0.00219766	0.0107249	0.00468834	0.00918673	0.0491666	0.0406982	0.0051984	0.0204637	
0.0896535	0.0094723	0.0532448	0.115387	0.0394864	0.0137058	0.0579662	0.156382	0.0261584	0.0117268	0.01318	0.0245523	0.0251865	0.0322915	0.0318302	0.0220041	0.0411976	0.195823	0.00937052	0.0313816	
0.172132	0.00372998	0.0573932	0.0437393	0.0384903	0.0191549	0.0267123	0.0331783	0.10974	0.0160428	0.0214936	0.0209403	0.00397199	0.0486049	0.248339	0.0631953	0.0193974	0.0260393	0.00693662	0.0207687	
0.0874439	0.0101054	0.0292517	0.0484535	0.0411347	0.044005	0.333719	0.0744809	0.0240744	0.0255373	0.0390057	0.00846545	0.00274511	0.0497104	0.0147207	0.0204312	0.0614481	0.0655796	0.00756484	0.012123	
0.0850118	0.0154264	0.0489305	0.0588356	0.0478793	0.299207	0.0484178	0.0359666	0.0178776	0.065149	0.0517893	0.031202	0.0525666	0.0227681	0.0139223	0.0126396	0.0482952	0.0108095	0.006577	0.0267288	
0.070586	0.0117649	0.150726	0.0515014	0.0425603	0.030254	0.0478536	0.0116197	0.0258834	0.0521882	0.0381789	0.0184251	0.00212566	0.0358084	0.023441	0.0736718	0.255462	0.0290944	0.00654319	0.0223115	
0.0272334	0.00467705	0.02075	0.0154654	0.0242362	0.0073493	0.0450133	0.280088	0.0120322	0.0161622	0.015048	0.0182595	0.0304895	0.0184621	0.0142996	0.0082278	0.0278238	0.380353	0.00530271	0.0287262	
0.0340571	0.00920729	0.459985	0.0181322	0.0478567	0.0216469	0.0108805	0.0272933	0.0166785	0.0625966	0.0466542	0.0195886	0.0363216	0.0218658	0.0223945	0.0249651	0.0951587	0.00967237	0.00751926	0.00752626	
0.0513555	0.0101707	0.063715	0.0230273	0.0185718	0.0329237	0.0154498	0.141114	0.017042	0.459837	0.0141458	0.0136	0.00174631	0.0140619	0.00336133	0.00817922	0.0352846	0.0467791	0.00416509	0.0254696	
0.485034	0.00652779	0.0366071	0.0121804	0.0346758	0.0101888	0.0410245	0.0277214	0.0485092	0.0372273	0.042823	0.0269612	0.0131424	0.0306297	0.0563077	0.0411861	0.00833657	0.0107992	0.00707797	0.02304	
0.138645	0.00264731	0.0667133	0.0525498	0.0376227	0.0252111	0.0203572	0.0395616	0.103822	0.0167157	0.0204448	0.0226699	0.0045258	0.0619667	0.266366	0.0407167	0.0229238	0.0280069	0.00600078	0.0225328	
0.0734299	0.00981564	0.0973154	0.0384619	0.0757687	0.0534904	0.0343439	0.0454958	0.0179285	0.275392	0.0773223	0.0269495	0.00248645	0.012107	0.00556206	0.0143306	0.092259	0.0204325	0.0069947	0.0201138	
0.382441	0.00530748	0.0396935	0.022064	0.0308551	0.0124164	0.0376376	0.0204468	0.0823185	0.00886884	0.0358245	0.0223546	0.00556308	0.0424496	0.103806	0.105618	0.00620659	0.0112343	0.00583058	0.019064	
0.031864	0.017594	0.044796	0.0495323	0.0485504	0.366259	0.0458506	0.0313061	0.0148034	0.066372	0.0553515	0.0393644	0.045835	0.0226867	0.00869295	0.0100718	0.063544	0.00792213	0.00516251	0.0244411	
0.0645873	0.00863815	0.0888029	0.0368672	0.113151	0.0453724	0.0365745	0.0426422	0.0200694	0.265888	0.046428	0.0365443	0.010079	0.0247317	0.0191189	0.00763259	0.0782692	0.0295604	0.0075283	0.0175143	
0.181068	0.0112091	0.109695	0.0465057	0.0577488	0.0476337	0.0541127	0.0165986	0.0245117	0.0625495	0.0471789	0.00927217	0.0032635	0.0362046	0.0302285	0.00845305	0.168289	0.0474671	0.00854645	0.0294639	
0.05513	0.0084357	0.107056	0.0365757	0.0375128	0.067565	0.0163439	0.0835347	0.013098	0.00535107	0.0581736	0.0312124	0.367592	0.00657902	0.00297338	0.0105406	0.00298049	0.0602927	0.00743733	0.0216163	
0.465456	0.00678443	0.0402596	0.0152049	0.039318	0.0089135	0.0316913	0.0327395	0.0474019	0.042666	0.0463864	0.0295571	0.0136567	0.0310371	0.0576922	0.0404593	0.00702933	0.00950295	0.00769279	0.0265513	
0.0319897	0.0177408	0.0492275	0.0484829	0.048455	0.369886	0.0513609	0.0313699	0.0168012	0.0734375	0.0547977	0.0342426	0.0417643	0.0209717	0.00925369	0.00777322	0.058073	0.00544603	0.00578092	0.0231458	
0.0255491	0.00332414	0.0161642	0.0122185	0.0196659	0.00656291	0.0450278	0.344163	0.0100949	0.0124173	0.00548226	0.0138713	0.0370037	0.0147813	0.0120133	0.00546495	0.0162012	0.367393	0.00466298	0.0279383	
0.0628287	0.0084632	0.0633457	0.0302205	0.0337674	0.0327185	0.0337458	0.268134	0.013125	0.254707	0.00733097	0.0178062	0.0135872	0.0223694	0.0071956	0.0112516	0.00866013	0.078942	0.00601294	0.025788	
0.0277526	0.00496125	0.0263598	0.0140428	0.0248753	0.00714727	0.0507217	0.273929	0.0117672	0.0134474	0.0134089	0.0177343	0.0330213	0.0170785	0.0149137	0.00790957	0.0307775	0.375487	0.00605225	0.0286135	
0.0573102	0.00990187	0.0706942	0.0271138	0.0245602	0.0375614	0.0233342	0.100455	0.0169305	0.443553	0.0123767	0.0232713	0.00266996	0.0114115	0.00442906	0.00852124	0.0524136	0.0439128	0.00588193	0.0236978	
0.0229517	0.0106555	0.123225	0.0454089	0.0567789	0.0399024	0.0413996	0.0153359	0.00816943	0.0684206	0.0786749	0.0201607	0.00160352	0.0227853	0.0069742	0.014554	0.375849	0.023557	0.00679954	0.0167938	
0.0971946	0.0152595	0.0403653	0.0448216	0.0561691	0.0508788	0.0148988	0.0196918	0.00617854	0.0567889	0.0610726	0.359092	0.0364731	0.0327774	0.0284786	0.0107451	0.014909	0.0347215	0.00919039	0.0102935	
0.0563506	0.00699404	0.106678	0.0368597	0.0358375	0.0649146	0.00994895	0.0823079	0.0135951	0.00626301	0.060547	0.032857	0.371591	0.00940634	0.00334938	0.0108222	0.00406525	0.0590535	0.00713888	0.0214207	
0.0332035	0.00916166	0.397753	0.0185814	0.0449637	0.0250423	0.01496	0.0343941	0.0185021	0.0612549	0.0447587	0.0749854	0.027603	0.0326087	0.0210302	0.0232164	0.094446	0.0114238	0.00681753	0.00529403	
0.0318059	0.0219223	0.0756657	0.0347066	0.0498148	0.343952	0.0475338	0.0318239	0.0154411	0.0743246	0.0565565	0.0328801	0.0431687	0.0228012	0.00741126	0.0144057	0.0612499	0.00549052	0.00559782	0.0234473	
0.0250637	0.0135259	0.14267	0.0636793	0.0431081	0.0281684	0.0454906	0.00675805	0.013341	0.0495396	0.0379264	0.0177252	0.00229623	0.0337962	0.0140784	0.0399834	0.377241	0.0227845	0.00539266	0.0174314	
0.113092	0.00751018	0.0913292	0.0423018	0.0534701	0.0542765	0.0370526	0.00508117	0.00937856	0.0100101	0.367991	0.0381146	0.0624596	0.0262882	0.00912328	0.0201272	0.0174244	0.00701431	0.00749284	0.0204623	
0.478763	0.00538939	0.0198557	0.0222413	0.044845	0.0125748	0.043017	0.0316876	0.0500035	0.0373918	0.0400465	0.0316313	0.0106095	0.0304868	0.0547608	0.0386959	0.007198	0.0101875	0.00693524	0.0236795	
0.151649	0.00311456	0.0607993	0.0477893	0.0399193	0.0215895	0.0202078	0.0368181	0.106176	0.0168442	0.0259291	0.0230812	0.0042123	0.059071	0.258906	0.0455726	0.0212229	0.0235062	0.00633457	0.027258	
0.0891227	0.00679787	0.076929	0.0560445	0.0518765	0.0987489	0.0280465	0.0662521	0.0284257	0.0274683	0.0181492	0.0370406	0.0154274	0.0513494	0.242142	0.00947427	0.0167288	0.0479422	0.00295823	0.0290758	
0.0956634	0.00819591	0.113463	0.0365549	0.0366491	0.0667504	0.0120724	0.0765878	0.0134354	0.00515513	0.0593058	0.0311539	0.341204	0.00608228	0.00266115	0.0155148	0.0031057	0.050577	0.00536871	0.0204987	
0.146621	0.00662161	0.119857	0.0517668	0.0450131	0.0789948	0.0457491	0.0195366	0.0259491	0.0440566	0.0610437	0.0130492	0.066713	0.0324373	0.00336746	0.157486	0.0266332	0.0218989	0.00929477	0.0239105	
0.0169289	0.00744509	0.0541376	0.00743187	0.032841	0.00388435	0.0330847	0.116283	0.0169329	0.438572	0.00704683	0.021347	0.00394256	0.0184409	0.00914943	0.00573638	0.0524586	0.123269	0.00514233	0.0259247	
0.0213154	0.00485368	0.0157117	0.0156663	0.0217683	0.0057667	0.0377203	0.306416	0.0138078	0.13835	0.0065729	0.0114264	0.0239023	0.016709	0.0106656	0.00445467	0.0164081	0.296644	0.00466871	0.0271725	
0.0596906	0.00571739	0.0127086	0.0317985	0.0178776	0.0284671	0.043046	0.37749	0.0135097	0.0249567	0.00920223	0.0119924	0.0327544	0.0195457	0.0207866	0.00813373	0.0141663	0.237173	0.00478924	0.0261941	
0.0815287	0.00446791	0.100625	0.0525756	0.301331	0.0461021	0.0379307	0.0126523	0.0287372	0.0414159	0.0538829	0.0334067	0.0218553	0.0346936	0.0291255	0.0101049	0.0743995	0.0124905	0.00838141	0.0142934	
0.453868	0.00416547	0.0197431	0.0168247	0.0360706	0.00613086	0.0344181	0.0186167	0.0770078	0.0175859	0.0341489	0.0230677	0.00985931	0.0378383	0.090977	0.0829635	0.00453759	0.0064489	0.00648095	0.0192462	
0.217657	0.0018168	0.0536209	0.0462565	0.0282405	0.00493698	0.0213373	0.0224115	0.145552	0.011511	0.0198379	0.0153387	0.0020539	0.0673122	0.204332	0.0921196	0.0141333	0.0107715	0.00446727	0.0162938	
0.127404	0.00713785	0.0488122	0.0501354	0.0331521	0.023728	0.0460812	0.0388184	0.219108	0.0389025	0.00912195	0.00680434	0.00866188	0.118172	0.11395	0.0502287	0.00930835	0.0238201	0.0046009	0.0220519	
0.0917668	0.0101065	0.026293	0.0393151	0.0418196	0.0485495	0.371041	0.0779895	0.0186102	0.0267504	0.0435756	0.00932816	0.00456564	0.0157655	0.00886605	0.0206299	0.061965	0.0647037	0.0069463	0.011413	
0.0320779	0.0101595	0.211439	0.0458679	0.0491429	0.213402	0.0330371	0.0293571	0.0217779	0.0536776	0.0499509	0.0321782	0.0588545	0.0262389	0.0120119	0.0133713	0.0712525	0.00851461	0.00552458	0.0221639	
0.0555093	0.0093199	0.0818144	0.0295698	0.0194649	0.0393281	0.0179974	0.0720446	0.0195998	0.447715	0.0236438	0.0234639	0.00167956	0.0164786	0.00563338	0.00900568	0.0592866	0.0390559	0.00485856	0.0245305	
0.0929806	0.0054519	0.0752611	0.0647756	0.0524712	0.0768025	0.0244227	0.0616025	0.0408509	0.0166909	0.0333037	0.033791	0.0483583	0.0916972	0.160496	0.0147079	0.0318099	0.041096	0.00339219	0.0300376	
0.028493	0.00236402	0.0126436	0.0163895	0.0198729	0.00819933	0.0366331	0.433737	0.00548789	0.00774757	0.00287037	0.00567583	0.0406683	0.0122783	0.00717633	0.00271084	0.00410579	0.321956	0.00405894	0.0269319	
0.0197246	0.00833687	0.0494426	0.00838697	0.0314575	0.00455396	0.0389654	0.115221	0.0168729	0.387148	0.00727436	0.0223623	0.0054893	0.0223543	0.0118701	0.00797912	0.0516249	0.16043	0.00575979	0.0247456	
0.0181731	0.00968407	0.116239	0.0562476	0.0441903	0.0417923	0.0454507	0.0127361	0.00896594	0.0635136	0.0255502	0.0145689	0.00166647	0.0282875	0.00505093	0.0155879	0.436587	0.027607	0.0062133	0.0218875	
0.0309158	0.00219716	0.0113692	0.0182107	0.0213935	0.00904215	0.0370982	0.440522	0.00588103	0.00917024	0.00324903	0.00576887	0.0393419	0.0117478	0.00702192	0.00295239	0.00457248	0.30922	0.00363863	0.0266866	
0.0332404	0.00744673	0.0431092	0.332977	0.0501276	0.0311054	0.0519963	0.0463773	0.0319207	0.0440005	0.0415833	0.0345131	0.0249645	0.0439874	0.0318407	0.0260202	0.0677237	0.017854	0.00661972	0.032592	
0.0577562	0.0112907	0.151743	0.1196	0.0391587	0.0286883	0.0610159	0.0414815	0.0447758	0.0193943	0.0462524	0.0926679	0.00235014	0.124713	0.0238079	0.0296331	0.0684942	0.0218609	0.00629092	0.00902524	
0.0540443	0.00852755	0.0667606	0.0234569	0.0267451	0.0355931	0.0280972	0.140337	0.0200251	0.434487	0.0153073	0.0151055	0.00234219	0.0108166	0.00379217	0.00803984	0.0329554	0.0470236	0.00350644	0.0230369	
0.0467723	0.00334648	0.0114803	0.0219147	0.0178955	0.00876866	0.0403413	0.37571	0.00997728	0.0195561	0.00584813	0.00885347	0.0374989	0.0132524	0.0115349	0.00545878	0.0128051	0.316333	0.00371858	0.028934	
0.453337	0.00441301	0.0356521	0.0130179	0.0290483	0.00662404	0.0352182	0.0193687	0.0704346	0.0209561	0.0392723	0.0248816	0.0121842	0.0337631	0.0838358	0.0818358	0.00589626	0.00594087	0.00617131	0.018149	
0.0862983	0.00429515	0.0308003	0.0497649	0.0244106	0.0399158	0.0262237	0.100868	0.0260025	0.0653202	0.0335703	0.0115057	0.0286528	0.0290466	0.0339576	0.00865125	0.0457779	0.0808257	0.00833169	0.265781	
0.141611	0.00209495	0.0659895	0.0498908	0.0406656	0.023665	0.0229781	0.0396037	0.102706	0.0164612	0.0212389	0.0222474	0.0055947	0.0628721	0.260125	0.0411228	0.0230026	0.0279313	0.00586153	0.0243382	
