0.0129126	0.00655666	0.0350519	0.00850044	0.0321578	0.0180044	0.004854	0.00497615	0.0311607	0.0314852	0.0154155	0.0320434	0.0864569	0.047694	0.321158	0.178312	0.105011	0.00588683	0.0164267	0.00593631	
0.0137898	0.00947561	0.00385063	0.00469872	0.00412952	0.00285652	0.00491631	0.184173	0.00545754	0.0204837	0.00972684	0.00440314	0.0099651	0.0117525	0.00318878	0.00431201	0.0215273	0.63792	0.0243684	0.0190041	
0.013548	0.00423694	0.0233828	0.551316	0.0304312	0.00409405	0.0140344	0.0466609	0.0742554	0.0432091	0.00943033	0.00166956	0.046986	0.0441768	0.00605234	0.0293783	0.0114108	0.00587404	0.0163617	0.0234914	
0.1158	0.0217935	0.113556	0.446459	0.0121943	0.013546	0.00708397	0.00696937	0.031192	0.0221585	0.00177708	0.0433508	0.0222991	0.0488914	0.0131893	0.0277575	0.0311575	0.00431919	0.000964286	0.0155403	
0.606498	0.00271075	0.0112936	0.00689727	0.00968255	0.0159735	0.0148248	0.0313901	0.0261841	0.0953882	0.00664397	0.0553298	0.0080213	0.0341683	0.0148564	0.00552467	0.0051269	0.0143438	0.011159	0.0239829	
0.00692373	0.0151522	0.0142562	0.00517588	0.00553656	0.00556405	0.0044768	0.488672	0.00145378	0.348997	0.00427974	0.00796785	0.0127895	0.0093961	0.0087036	0.0164015	0.0081072	0.0216666	0.00895043	0.00552888	
0.1158	0.0217935	0.113556	0.446459	0.0121943	0.013546	0.00708397	0.00696937	0.031192	0.0221585	0.00177708	0.0433508	0.0222991	0.0488914	0.0131893	0.0277575	0.0311575	0.00431919	0.000964286	0.0155403	
0.240485	0.06673	0.286762	0.0928103	0.00947072	0.000509842	0.0114491	0.00986831	0.00686535	0.0348096	0.0311592	0.0115182	0.00139159	0.0153644	0.0177821	0.113006	0.00876098	0.0109171	0.0231764	0.00716477	
0.244838	0.0108269	0.00332198	0.00944251	0.0437656	0.0029432	0.00902737	0.239	0.00353776	0.313393	0.0123157	0.020757	0.0117129	0.0187772	0.00911457	0.00282079	0.00579488	0.0320092	0.00328246	0.00331781	
0.0387416	0.00830123	0.0576185	0.00652243	0.00474356	0.00338492	0.0123791	0.0142469	0.0804804	0.0122364	0.0408955	0.0017696	0.0054481	0.0142719	0.581563	0.00992499	0.0578061	0.0330468	0.00509052	0.0115286	
0.274514	0.00197116	0.00589719	0.0911084	0.00793298	0.0148596	0.00605807	0.00319318	0.00820769	0.045523	0.0119387	0.121907	0.00414507	0.216734	0.090313	0.0459319	0.0264352	0.00345514	0.0097946	0.0100807	
0.0137582	0.00223605	0.0111358	0.116356	0.0295504	0.044405	0.00302172	0.0109362	0.249298	0.0116554	0.00845459	0.0406179	0.000902067	0.0249429	0.326671	0.00537338	0.0161031	0.00815421	0.00109095	0.0753374	
0.0368645	0.00400097	0.00912278	0.0244022	0.024254	0.294687	0.00377073	0.0224833	0.0236815	0.0350271	0.282924	0.00449294	0.160058	0.0109832	0.013042	0.00881234	0.00704053	0.0104311	0.0192014	0.00472032	
0.0395144	0.00760244	0.00621742	0.0117446	0.0725238	0.00406639	0.00227852	0.173278	0.00208273	0.0118626	0.0101553	0.00771127	0.010118	0.0197854	0.0388268	0.0099743	0.00258043	0.549604	0.00985908	0.0102145	
0.00580233	0.00643727	0.014163	0.00352254	0.00909304	0.0121553	0.00892949	0.479574	0.00353033	0.180546	0.0251802	0.00455544	0.00210319	0.0028395	0.0054763	0.00323603	0.00147948	0.17768	0.00679516	0.0469019	
0.0349638	0.0776996	0.0255547	0.00370295	0.00978437	0.00748368	0.00364966	0.0730111	0.0508791	0.307988	0.00910256	0.00254259	0.00870013	0.005059	0.00529231	0.0104113	0.00208406	0.334377	0.0162536	0.0114602	
0.0323495	0.0751405	0.0138587	0.0104537	0.00302605	0.00732318	0.00751963	0.00507904	0.035395	0.107729	0.128182	0.0151151	0.0250129	0.0165553	0.0210949	0.0107962	0.0395476	0.423086	0.00615815	0.016578	
0.00406796	0.0563612	0.642308	0.00571221	0.0138209	0.00367594	0.00326086	0.00873211	0.0207443	0.0167226	0.0160154	0.0070235	0.0121044	0.00731057	0.0218404	0.0104935	0.128653	0.00336401	0.0139029	0.0038861	
0.190746	0.043834	0.0127907	0.00297395	0.0158496	0.00564318	0.0103023	0.00691032	0.00210357	0.00577887	0.0140397	0.491282	0.0122043	0.0701499	0.0254952	0.00793955	0.0192842	0.0139411	0.0463829	0.00234871	
0.0165709	0.00663225	0.00968447	0.000295383	0.0247024	0.765355	0.00705588	0.00131838	0.0291034	0.011104	0.0206919	0.0239646	0.0102133	0.00164511	0.00609771	0.00371946	0.00810826	0.00469695	0.0119968	0.0370438	
0.00928483	0.00612805	0.0399571	0.00908273	0.0218826	0.00522527	0.0110602	0.102379	0.00859525	0.62148	0.0802393	0.00662129	0.00533705	0.00993508	0.00737383	0.0100053	0.0055067	0.0243108	0.00503899	0.0105571	
0.0533465	0.0507875	0.00459381	0.0152919	0.0075571	0.00135246	0.00276737	0.438494	0.0013609	0.0501715	0.0133784	0.00326568	0.0105348	0.00444443	0.00506412	0.0181096	0.031821	0.279883	0.00378989	0.00398678	
0.0640845	0.112483	0.0136899	0.00966191	0.145257	0.0163812	0.00960809	0.145916	0.0241135	0.0957333	0.204971	0.00291629	0.00265926	0.00794041	0.00877823	0.00338319	0.0122428	0.106557	0.010562	0.00306124	
0.511795	0.0075435	0.0146794	0.00255306	0.00821069	0.00604572	0.0026874	0.00394703	0.0335039	0.0130061	0.0150739	0.0368429	0.199868	0.00503536	0.0189233	0.0757231	0.00986189	0.00858293	0.00899625	0.0171213	
0.558576	0.0134391	0.00359432	0.000973946	0.00727128	0.00487946	0.0137414	0.012394	0.0283343	0.00601425	0.0142657	0.19272	0.00534279	0.0288518	0.0119985	0.0239495	0.010907	0.00715868	0.047822	0.00776677	
0.0241716	0.0358189	0.0730961	0.343532	0.0206628	0.0134887	0.00979369	0.0161108	0.00107674	0.0344354	0.0271277	0.00663202	0.0135804	0.157786	0.00391547	0.111507	0.0500797	0.0131234	0.0270135	0.0170477	
0.038357	0.00357186	0.0173337	0.00486848	0.155295	0.011096	0.206421	0.0103238	0.197369	0.0373255	0.0583015	0.0267194	0.00680694	0.0116794	0.0235124	0.0379146	0.0728355	0.00612892	0.0702947	0.00384663	
0.389156	0.0412233	0.0101333	0.00865875	0.00220415	0.00655494	0.00830412	0.059455	0.00739751	0.0552105	0.0222278	0.014348	0.0110821	0.00834012	0.00579995	0.0525064	0.0324207	0.227694	0.0248406	0.0124432	
0.00180075	0.0301804	0.0387197	0.0397797	0.00465236	0.014602	0.0403518	0.0078603	0.00381951	0.0143843	0.00536431	0.00633997	0.0055648	0.0209882	0.0450021	0.0548447	0.4648	0.167526	0.0100787	0.0233402	
0.0923525	0.0123397	0.00963757	0.0220216	0.0941934	0.00511018	0.00964387	0.0318377	0.0111865	0.011403	0.0179318	0.0656236	0.500491	0.00647167	0.0114178	0.00903681	0.0172176	0.0218966	0.0245583	0.0256293	
0.1158	0.0217935	0.113556	0.446459	0.0121943	0.013546	0.00708397	0.00696937	0.031192	0.0221585	0.00177708	0.0433508	0.0222991	0.0488914	0.0131893	0.0277575	0.0311575	0.00431919	0.000964286	0.0155403	
0.354759	0.0049341	0.0773159	0.0134812	0.0342122	0.00206453	0.0357979	0.0664214	0.0329596	0.0281145	0.00770603	0.0260435	0.000630546	0.132641	0.0199388	0.0150874	0.0466432	0.0460155	0.0539598	0.00127402	
0.00472349	0.0373097	0.0126578	0.00684065	0.00735288	0.00759607	0.00299203	0.46309	0.0201546	0.0080111	0.184916	0.0084073	0.00434114	0.0181391	0.0183338	0.00598444	0.015602	0.133844	0.0084565	0.0312468	
0.407271	0.0215031	0.00467661	0.000607789	0.00795017	0.00162664	0.0112623	0.00766345	0.00908534	0.00145353	0.0128716	0.34219	0.00538429	0.0419701	0.0173718	0.0101885	0.0151842	0.00711252	0.0699558	0.00467131	
0.245459	0.00320923	0.00682021	0.0098686	0.376751	0.0538348	0.00732321	0.0019122	0.0629241	0.0697148	0.09117	0.0303221	0.00317139	0.00680576	0.000905496	0.00219951	0.00597894	0.00162439	0.0147758	0.00522913	
0.0228769	0.0134399	0.014896	0.00997726	0.00513986	0.0338097	0.00896437	0.00725814	0.00931806	0.0607903	0.556903	0.0287928	0.00669173	0.0972914	0.00513676	0.00842533	0.0526107	0.0033969	0.0114391	0.0428416	
0.260313	0.270235	0.00674563	0.008219	0.00617793	0.00368461	0.0109327	0.207953	0.00210922	0.0549034	0.000481487	0.0122509	0.00202682	0.0023552	0.0162822	0.0139198	0.0214414	0.079301	0.00378905	0.0168779	
0.0352605	0.00463513	0.0270323	0.0190945	0.00995495	0.00188967	0.0224754	0.00659841	0.129568	0.00890447	0.0404959	0.0038446	0.0125725	0.00915487	0.431858	0.00725804	0.122841	0.0792095	0.00672487	0.0206282	
0.0233409	0.0215716	0.0182484	0.225792	0.053068	0.0158215	0.266156	0.0069355	0.0301132	0.00384462	0.034164	0.00935033	0.00903739	0.0128207	0.0119147	0.00808226	0.0180391	0.00506375	0.0714342	0.155203	
0.166289	0.201546	0.00992036	0.00089409	0.0339749	0.338391	0.0256647	0.0120702	0.0283838	0.0028567	0.0131015	0.0298438	0.00212726	0.0344503	0.00477942	0.0103235	0.0540775	0.00849539	0.0132045	0.0096056	
0.0810851	0.0310891	0.0112735	0.0308705	0.0254278	0.00423824	0.0495102	0.0136794	0.00490417	0.00792292	0.0101461	0.0467672	0.00275748	0.00250847	0.31883	0.14527	0.0110478	0.185638	0.00861504	0.00841841	
0.0251302	0.0356416	0.0123986	0.00763275	0.00562883	0.00316809	0.00508011	0.303448	0.00402943	0.507777	0.00482732	0.00385338	0.0100373	0.00750316	0.00945661	0.0110335	0.00600184	0.0238394	0.00713429	0.00637838	
0.0126413	0.0140767	0.0058039	0.00314064	0.00491405	0.00556015	0.0418278	0.571238	0.00427239	0.00721802	0.00417664	0.00621546	0.0039682	0.00888539	0.00609963	0.00428599	0.00172822	0.247347	0.0354143	0.0111866	
0.0208946	0.0159685	0.0241415	0.0289075	0.0152196	0.00857915	0.0087702	0.0629511	0.0228435	0.659946	0.01207	0.00672737	0.00463419	0.00998558	0.00448804	0.00533959	0.00837184	0.0458822	0.00677894	0.0275002	
0.220654	0.128545	0.00336168	0.00688076	0.00601415	0.0111793	0.0248482	0.0063335	0.00130976	0.0246298	0.00718071	0.0117191	0.189821	0.00767665	0.0058213	0.0716929	0.245545	0.00932471	0.0146243	0.00283907	
0.0100104	0.0103976	0.0745485	0.00637067	0.0204106	0.00661018	0.00920909	0.115796	0.0109146	0.502082	0.148659	0.00789743	0.00392839	0.0154589	0.00939319	0.0141326	0.00528225	0.0106599	0.0063308	0.0119081	
0.026988	0.00956172	0.0403478	0.064725	0.0240575	0.00512821	0.00289687	0.00124685	0.01515	0.0311172	0.0168942	0.0230795	0.0287337	0.0437973	0.00152413	0.0199902	0.497373	0.125429	0.0175247	0.00443507	
0.0787395	0.00858396	0.179386	0.20445	0.00274375	0.0760377	0.0118869	0.0122388	0.0473319	0.00274298	0.0300017	0.0224233	0.091515	0.0817243	0.0633932	0.0525104	0.0049951	0.00613303	0.0167398	0.00642301	
0.1158	0.0217935	0.113556	0.446459	0.0121943	0.013546	0.00708397	0.00696937	0.031192	0.0221585	0.00177708	0.0433508	0.0222991	0.0488914	0.0131893	0.0277575	0.0311575	0.00431919	0.000964286	0.0155403	
0.0761426	0.00480475	0.0439755	0.0104556	0.0324326	0.00341943	0.0200195	0.00971991	0.132823	0.024186	0.0115896	0.011426	0.00401895	0.0533794	0.438629	0.00684809	0.0277235	0.0773267	0.00616314	0.00491693	
0.260313	0.270235	0.00674563	0.008219	0.00617793	0.00368461	0.0109327	0.207953	0.00210922	0.0549034	0.000481487	0.0122509	0.00202682	0.0023552	0.0162822	0.0139198	0.0214414	0.079301	0.00378905	0.0168779	
0.0366075	0.0125009	0.25199	0.113436	0.0185208	0.00493911	0.00795941	0.0301534	0.184989	0.00508186	0.0129923	0.0144443	0.00572009	0.0444036	0.174635	0.0477136	0.00328868	0.0041163	0.0239961	0.00251226	
0.0820244	0.0040997	0.00977342	0.12821	0.00769652	0.00636559	0.0229049	0.00676524	0.10286	0.00485737	0.0304679	0.00927654	0.00537977	0.272608	0.163582	0.0186356	0.0171488	0.0755199	0.00244048	0.0293829	
0.0251919	0.01	0.0333722	0.0109695	0.00493276	0.000953593	0.00413239	0.0196174	0.0114104	0.749889	0.0336623	0.0130169	0.00263938	0.000697202	0.00754149	0.0101849	0.0152026	0.00827191	0.00214173	0.0361719	
0.0586619	0.00706292	0.215252	0.126654	0.00906525	0.17914	0.0257978	0.00537266	0.0692349	0.00562995	0.00205961	0.0782446	0.0115887	0.0983228	0.0441164	0.0211156	0.0278647	0.00394037	0.00346589	0.00741042	
0.0252162	0.00976564	0.0331415	0.0109765	0.00496506	0.000931141	0.00415651	0.0196777	0.0109874	0.75058	0.0338764	0.0130548	0.0026298	0.000702154	0.00760368	0.0101466	0.0150034	0.00830203	0.00210664	0.036177	
0.0141679	0.0232352	0.263072	0.124154	0.00356117	0.00452427	0.00423172	0.00598181	0.0198823	0.00249466	0.00178578	0.00308226	0.475712	0.000459079	0.0103369	0.00885119	0.00707545	0.0151202	0.00143528	0.0108375	
0.0406851	0.0153397	0.0167539	0.103511	0.0094209	0.0206495	0.00312094	0.00767386	0.00259693	0.220106	0.24903	0.00490097	0.156631	0.0820737	0.00483539	0.0143887	0.0120497	0.00716373	0.0249041	0.00416454	
0.0230556	0.0109093	0.0116255	0.00612144	0.00367264	0.0151279	0.0188672	0.00742595	0.00997278	0.0120459	0.726806	0.0222224	0.0142214	0.0120963	0.00788611	0.0235703	0.0279846	0.0277731	0.0135714	0.00504443	
0.0958981	0.0111643	0.0147807	0.00607691	0.00591512	0.0183515	0.0196231	0.0113682	0.0281603	0.0113459	0.00591377	0.041043	0.00717287	0.0195874	0.0891933	0.0441987	0.0909774	0.42107	0.0230692	0.03509	
0.084927	0.000790205	0.0425187	0.166983	0.000994414	0.00412851	0.00782962	0.0121028	0.0729618	0.00964549	0.00560074	0.0453508	0.0564963	0.0534406	0.0710146	0.086691	0.182226	0.0253032	0.0014491	0.0695457	
0.311584	0.00624611	0.0251891	0.0115247	0.00557673	0.0253637	0.0106118	0.0133295	0.110241	0.0216648	0.00690035	0.357898	0.00839506	0.0195315	0.0189097	0.00830058	0.00401302	0.00744762	0.00948077	0.0177922	
0.00599657	0.00251295	0.0163315	0.0586697	0.728926	0.00893805	0.0227556	0.00595303	0.0287884	0.0088328	0.00521486	0.00287278	0.00933628	0.0111954	0.00556969	0.00457776	0.0311048	0.0155867	0.0073526	0.0194847	
0.00485203	0.0415023	0.136864	0.0594246	0.00735618	0.00849053	0.00336783	0.00663151	0.00816244	0.00757113	0.00738191	0.00280256	0.0106927	0.0128111	0.0107649	0.00553949	0.632742	0.00580806	0.0215859	0.00564914	
0.0118812	0.0136054	0.00340512	0.00513603	0.00591287	0.00264121	0.00591195	0.153816	0.00540145	0.0177419	0.0100272	0.00819861	0.0125509	0.0115856	0.00519281	0.00684639	0.0172779	0.657752	0.0249243	0.0201907	
0.0141802	0.00785002	0.0599225	0.0250071	0.0114064	0.0151644	0.0293628	0.00377045	0.0126993	0.00383208	0.0199323	0.000920471	0.00614174	0.0713485	0.00710513	0.458683	0.128748	0.0971232	0.0234332	0.00336927	
0.0118871	0.0201154	0.00642328	0.00331206	0.00435511	0.00588285	0.0163202	0.604779	0.00393657	0.0063734	0.00385726	0.00756529	0.00779277	0.00814975	0.00755635	0.00475136	0.00202595	0.233538	0.0328496	0.00852892	
0.014363	0.0505728	0.142341	0.423103	0.0194814	0.00489093	0.00537002	0.029045	0.00197241	0.00417943	0.0332399	0.000721964	0.0116652	0.00772202	0.00651464	0.0270355	0.137417	0.000553712	0.0707961	0.0090153	
0.612326	0.00266034	0.0132929	0.00809365	0.00785544	0.016965	0.0157396	0.0165453	0.0315129	0.0703597	0.00664976	0.0739523	0.00826416	0.0364208	0.0163202	0.00624831	0.00499621	0.0124586	0.0123903	0.0269485	
0.34023	0.00609088	0.0170304	0.00597617	0.025255	0.0275552	0.0105174	0.0844173	0.0909444	0.0166778	0.0595415	0.0367554	0.0197376	0.0102848	0.153031	0.0166932	0.00192853	0.0120889	0.00515246	0.0600923	
0.00859805	0.0154635	0.0618408	0.293081	0.0134431	0.00771516	0.0835888	0.00155459	0.074653	0.0120053	0.0030534	0.0183693	0.0431714	0.0681222	0.0383321	0.0381706	0.103791	0.0394523	0.0174874	0.058107	
0.0165257	0.00663799	0.00969342	0.000284849	0.0249716	0.764666	0.00700811	0.00131654	0.029516	0.0111774	0.0205747	0.0239769	0.0101476	0.0017196	0.00608202	0.00371245	0.0081536	0.00468898	0.0120096	0.0371374	
0.00961585	0.0938753	0.00284584	0.00578054	0.00367948	0.00337075	0.00368252	0.117178	0.00617826	0.0158122	0.00836271	0.00345083	0.00550124	0.00891152	0.00199068	0.00378458	0.016879	0.660378	0.0174357	0.0112867	
0.00983897	0.022495	0.0345993	0.0628865	0.00512839	0.00967725	0.0267306	0.00571174	0.00967554	0.00819319	0.00641813	0.0149604	0.00573474	0.00998363	0.00642796	0.188289	0.555507	0.00809408	0.00531533	0.00433321	
0.00644467	0.0144475	0.00657984	0.00766265	0.00846451	0.00992277	0.00510092	0.0233227	0.00629542	0.0505306	0.0683845	0.00628462	0.0114031	0.0170442	0.0146104	0.00483853	0.700943	0.0213089	0.00780593	0.00860535	
0.00425632	0.0191954	0.00517481	0.00344386	0.00331865	0.00415011	0.104727	0.521786	0.00609535	0.00422913	0.00345146	0.00539492	0.00667238	0.0172967	0.00651721	0.00558285	0.00343217	0.227469	0.0426814	0.00512514	
0.53015	0.141825	0.00157806	0.00169002	0.0212909	0.00584119	0.0355156	0.0231135	0.0282856	0.0283969	0.0200308	0.0399513	0.0012369	0.0501239	0.0144021	0.00130883	0.00235971	0.00576184	0.0173631	0.0297746	
0.500099	0.00220901	0.00869246	0.0433926	0.0506749	0.00871661	0.0304245	0.0221833	0.0802493	0.00590439	0.0172424	0.0148912	0.00345357	0.00867302	0.043857	0.0340162	0.0102402	0.0161266	0.0160064	0.0829471	
0.0133308	0.0120017	0.73008	0.0369889	0.0202111	0.00553143	0.00807442	0.00489504	0.0147869	0.0101569	0.0149253	0.0102597	0.0131645	0.0102882	0.00743647	0.0428785	0.0179955	0.00903849	0.0102924	0.00766352	
0.389156	0.0412233	0.0101333	0.00865875	0.00220415	0.00655494	0.00830412	0.059455	0.00739751	0.0552105	0.0222278	0.014348	0.0110821	0.00834012	0.00579995	0.0525064	0.0324207	0.227694	0.0248406	0.0124432	
0.0162806	0.0392477	0.0249325	0.00645276	0.00266105	0.00256136	0.238697	0.00643967	0.0303151	0.0454819	0.00663056	0.0267405	0.00212043	0.0580015	0.303976	0.00416044	0.143596	0.0225379	0.0114415	0.00772611	
0.00469983	0.0433328	0.132047	0.0550671	0.021238	0.00948158	0.0035873	0.00669312	0.00861155	0.00710532	0.00688955	0.00271021	0.0112299	0.0107964	0.0104748	0.00536172	0.627468	0.00601124	0.0213359	0.00585845	
0.0179002	0.0126026	0.00554433	0.00298225	0.00578376	0.00614532	0.0162436	0.608601	0.00460269	0.00869568	0.00524305	0.00673038	0.00467664	0.00470149	0.00583646	0.00407679	0.00116847	0.237575	0.0286755	0.0122145	
0.105746	0.00332364	0.00953733	0.0521647	0.0242974	0.00433715	0.0147639	0.0158058	0.157503	0.0640834	0.0059424	0.0284798	0.00652502	0.106782	0.310506	0.0133886	0.0139577	0.0461979	0.0143911	0.00226655	
0.378538	0.0423068	0.00721777	0.00258014	0.00357539	0.00262893	0.0724748	0.00982504	0.0410294	0.0292585	0.0133055	0.00638376	0.00103218	0.0338721	0.00246752	0.0268355	0.13902	0.136113	0.026278	0.0252585	
0.586342	0.00679391	0.00880667	0.00541358	0.0130801	0.0133225	0.0141574	0.0570103	0.0183721	0.134557	0.00711174	0.0263678	0.00796107	0.0314575	0.0131876	0.00454538	0.00502392	0.0166027	0.00998877	0.0198974	
0.0582567	0.0534369	0.004751	0.0163259	0.00812016	0.00130761	0.00260031	0.438338	0.00174907	0.0503582	0.012724	0.00366468	0.00986635	0.00416003	0.00488439	0.0205147	0.0316031	0.27122	0.0039067	0.00221235	
0.357671	0.00508091	0.108373	0.00403459	0.00700616	0.00289628	0.0364154	0.0123429	0.0532025	0.0158732	0.017103	0.140928	0.00780594	0.0201721	0.0283128	0.153499	0.00554883	0.00088352	0.00870409	0.0141474	
0.0568924	0.0087996	0.320053	0.0786069	0.0145116	0.023483	0.00504812	0.00318151	0.112643	0.0103217	0.0158837	0.0109987	0.187577	0.0157708	0.0558855	0.0346703	0.00536191	0.0158801	0.018943	0.00548744	
0.0586619	0.00706292	0.215252	0.126654	0.00906525	0.17914	0.0257978	0.00537266	0.0692349	0.00562995	0.00205961	0.0782446	0.0115887	0.0983228	0.0441164	0.0211156	0.0278647	0.00394037	0.00346589	0.00741042	
0.378186	0.042117	0.00187071	0.0067329	0.00521566	0.0022928	0.0667768	0.00551606	0.0324586	0.00476626	0.14584	0.0063523	0.0137164	0.00472558	0.0276517	0.0820493	0.0990896	0.0244354	0.00281143	0.0473953	
0.0146901	0.0100083	0.00845358	0.031408	0.00782942	0.170729	0.0160059	0.00571851	0.210435	0.00867373	0.017831	0.000612184	0.00364197	0.17766	0.147867	0.0275234	0.0529155	0.0614116	0.0109125	0.0156741	
0.0937676	0.0106101	0.0190802	0.0221719	0.0786304	0.00877827	0.00891271	0.0279008	0.0195689	0.011738	0.0199365	0.0621316	0.496472	0.00701741	0.0139993	0.0101934	0.0137444	0.0187611	0.0237344	0.0328509	
0.129662	0.00338741	0.141964	0.225547	0.0191845	0.0400607	0.0350405	0.012108	0.00692149	0.00226299	0.017175	0.0487588	0.00614134	0.019103	0.000912877	0.218621	0.0505009	0.00216702	0.00325015	0.0172315	
0.0133308	0.0120017	0.73008	0.0369889	0.0202111	0.00553143	0.00807442	0.00489504	0.0147869	0.0101569	0.0149253	0.0102597	0.0131645	0.0102882	0.00743647	0.0428785	0.0179955	0.00903849	0.0102924	0.00766352	
0.200134	0.0156169	0.00739827	0.0107679	0.0428997	0.00542156	0.015451	0.230524	0.00381327	0.347081	0.00956977	0.0271301	0.0158962	0.0181873	0.00911796	0.00364268	0.00460604	0.0262491	0.00274595	0.00374646	
0.100219	0.0205223	0.00393606	0.0104307	0.0064896	0.00543047	0.054318	0.0158106	0.0118931	0.00862594	0.0100293	0.067767	0.00323794	0.00205989	0.253639	0.116394	0.0189414	0.270686	0.0139797	0.00559076	
0.0190478	0.0111321	0.0099673	0.0058714	0.0253549	0.00293359	0.0376628	0.00185697	0.00873097	0.00846566	0.00580781	0.00762667	0.00825032	0.204494	0.333897	0.163764	0.100159	0.016571	0.00142464	0.0269814	
0.00541948	0.00994589	0.00474639	0.00372563	0.00410664	0.00347393	0.0958482	0.426521	0.00614846	0.00730824	0.00510903	0.00443023	0.00471635	0.0167836	0.0047102	0.00516541	0.00730943	0.332742	0.046445	0.00534506	
0.00598442	0.00252216	0.0163204	0.0583377	0.729862	0.00891519	0.0225814	0.00597129	0.0287414	0.00885141	0.0052028	0.00284988	0.00933729	0.0109996	0.00533697	0.00459032	0.0311023	0.0156006	0.00736811	0.0195253	
0.0132703	0.0198157	0.266048	0.128007	0.00299467	0.0029051	0.00401218	0.00555101	0.0153168	0.00263101	0.00116039	0.00212924	0.490504	0.000219734	0.00723324	0.00714329	0.00553161	0.0143473	0.00113179	0.0100476	
0.0246447	0.0263791	0.0386807	0.0133192	0.00493471	0.00832818	0.0074746	0.0532118	0.0282232	0.676089	0.016576	0.0124901	0.00471411	0.00205393	0.00610055	0.0130123	0.0188512	0.0129507	0.00646705	0.0254985	
0.0543924	0.0187516	0.00477473	0.00679048	0.00136964	0.00360156	0.0449459	0.0423252	0.0808476	0.00690052	0.121615	0.00155171	0.00867202	0.0495676	0.348124	0.0130235	0.0498133	0.0894492	0.0205977	0.0328861	
0.553074	0.141752	0.00269908	0.00226454	0.016851	0.00873873	0.0292458	0.0191822	0.0269511	0.0309054	0.0186411	0.0353335	0.00201307	0.0522104	0.00939575	0.00182384	0.00290162	0.00651223	0.0155884	0.0239157	
0.103387	0.00362389	0.0319665	0.00581983	0.0394491	0.00327218	0.0210256	0.0119302	0.166816	0.0229287	0.00315433	0.0179256	0.00267508	0.0819017	0.29116	0.00727281	0.0064221	0.164193	0.0124703	0.00260607	
0.0450774	0.0126106	0.0972274	0.130765	0.0287342	0.00340085	0.00803085	0.00557304	0.105219	0.0242059	0.0212803	0.0531138	0.291136	0.0407387	0.0261241	0.0700313	0.0197244	0.00159437	0.00940394	0.0060089	
0.0165467	0.00663806	0.00968738	0.000284715	0.0247	0.765205	0.0070556	0.00131908	0.0290994	0.0111185	0.0205337	0.0239963	0.0101794	0.00171363	0.00609263	0.00371807	0.00815465	0.00469188	0.0120098	0.0372554	
0.00351106	0.104129	0.0018159	0.0062406	0.00156874	0.00581337	0.148887	0.0128497	0.0201731	0.00594322	0.00408269	0.00631231	0.00781722	0.0291631	0.0151799	0.0439611	0.0906152	0.452087	0.0293342	0.0105157	
0.0255174	0.00959358	0.0321317	0.0109342	0.00499558	0.00093351	0.00416986	0.0196017	0.010994	0.750907	0.0340803	0.0132762	0.00260149	0.000702719	0.00756356	0.0101691	0.0149758	0.00829216	0.00210591	0.0364543	
0.0620667	0.0142012	0.00114614	0.13164	0.00719907	0.031493	0.0521127	0.0289085	0.0206173	0.00593525	0.0137335	0.0563605	0.0341046	0.0210644	0.0447109	0.0140441	0.165983	0.24874	0.0240588	0.0218811	
0.388384	0.00103224	0.041654	0.0245817	0.0325009	0.0414116	0.00444681	0.0138064	0.0196806	0.00339069	0.00598667	0.00400031	0.052221	0.01031	0.178115	0.0559716	0.0978302	0.00353824	0.00117393	0.0199645	
0.00508737	0.0455097	0.0012857	0.00791792	0.00324108	0.00724436	0.433486	0.113101	0.0278224	0.0033214	0.0168169	0.00115326	0.0087991	0.0522379	0.00354122	0.0194002	0.0142161	0.172064	0.0603459	0.00340843	
0.333856	0.0065203	0.00682606	0.000910526	0.272948	0.0723026	0.0125915	0.00872052	0.0523442	0.0523177	0.097455	0.0295323	0.00108485	0.0146699	0.000575112	0.00226687	0.000854911	0.00188375	0.0228849	0.00945542	
0.247171	0.0108328	0.0028753	0.00302308	0.00591738	0.126779	0.0317448	0.0143986	0.0598032	0.00207746	0.0147175	0.00632858	0.0095574	0.0318906	0.00424961	0.273511	0.136673	0.0135433	0.00354929	0.00135667	
0.00917569	0.103631	0.00276429	0.00592663	0.00373265	0.00351068	0.00367371	0.114231	0.00606187	0.0156555	0.00807162	0.00348504	0.00509667	0.00870314	0.00191027	0.00380162	0.0159207	0.65706	0.0167985	0.0107893	
0.00454583	0.0550859	0.672958	0.00846354	0.0110541	0.00358941	0.00389671	0.00724589	0.0160008	0.0150444	0.0148048	0.00755452	0.00996795	0.00438224	0.013397	0.0118054	0.119823	0.00420997	0.0118444	0.004326	
0.0340202	0.0262004	0.015156	0.0148487	0.0114866	0.00336174	0.00724451	0.106319	0.0095335	0.677065	0.0120834	0.00294305	0.00522664	0.00736372	0.00641612	0.00558509	0.00438615	0.0338205	0.00469028	0.0122491	
0.375101	0.0459471	0.00198304	0.00639336	0.00399361	0.00221186	0.0715446	0.00583151	0.0266056	0.00433704	0.159667	0.00634155	0.0133123	0.00416337	0.0288438	0.0755396	0.0910985	0.0237737	0.00263243	0.0506793	
0.041537	0.0079483	0.0514703	0.00535269	0.00640743	0.00344604	0.0131781	0.0117594	0.0779408	0.014391	0.035431	0.00152092	0.00577794	0.0156423	0.592565	0.00925446	0.0591699	0.0303189	0.00436635	0.0125225	
0.0255174	0.00959358	0.0321317	0.0109342	0.00499558	0.00093351	0.00416986	0.0196017	0.010994	0.750907	0.0340803	0.0132762	0.00260149	0.000702719	0.00756356	0.0101691	0.0149758	0.00829216	0.00210591	0.0364543	
0.690357	0.0118396	0.00646955	0.00054155	0.0120178	0.0150601	0.00333352	0.029366	0.0841021	0.0137409	0.0185929	0.00132655	0.00527763	0.0169959	0.00809942	0.0581309	0.00402621	0.00565339	0.00242383	0.0126455	
0.0164029	0.00659025	0.00958728	0.000302081	0.0246536	0.76384	0.00940671	0.00143917	0.0287971	0.011049	0.0205364	0.024032	0.0101784	0.00157788	0.00611563	0.00373373	0.00806406	0.00468041	0.0120105	0.0370028	
0.038127	0.030527	0.0121062	0.0339118	0.0609481	0.0117233	0.0224973	0.00489088	0.0781741	0.493145	0.00432608	0.0349078	0.00708934	0.00290252	0.0175256	0.00573327	0.0434529	0.00642311	0.00481996	0.0867688	
0.084927	0.000790205	0.0425187	0.166983	0.000994414	0.00412851	0.00782962	0.0121028	0.0729618	0.00964549	0.00560074	0.0453508	0.0564963	0.0534406	0.0710146	0.086691	0.182226	0.0253032	0.0014491	0.0695457	
0.0132736	0.0197873	0.265808	0.127909	0.00295421	0.00293399	0.00403191	0.00560804	0.0152974	0.00262569	0.00118131	0.00213896	0.490683	0.000215979	0.00723208	0.00714244	0.00554924	0.0144146	0.00116731	0.0100457	
0.442446	0.0471475	0.00734561	0.0672197	0.0365644	0.00473867	0.0206597	0.00528471	0.0279138	0.00382006	0.00481147	0.00667741	0.00789376	0.0293726	0.0032758	0.120568	0.00641179	0.0490156	0.0170844	0.0917489	
0.120999	0.00577198	0.00203464	0.00587915	0.0544966	0.351113	0.0999031	0.0119411	0.0493872	0.00153311	0.0600747	0.0663153	0.00305873	0.0180843	0.00806301	0.0763858	0.00593103	0.00730731	0.00286388	0.048857	
0.00920835	0.103822	0.00273438	0.00590479	0.00367773	0.00358504	0.00369817	0.112232	0.00606976	0.0157257	0.00810491	0.00346484	0.00501895	0.00887255	0.00184638	0.00380576	0.0159156	0.658649	0.0169962	0.0106676	
0.00693101	0.0151159	0.0142671	0.00517602	0.00552075	0.00555462	0.00447557	0.48888	0.00142834	0.349002	0.00427275	0.00787404	0.0127911	0.00940387	0.00870084	0.0164156	0.0081234	0.0216619	0.00896048	0.00544478	
0.170603	0.391329	0.0264147	0.00792301	0.00284626	0.00492484	0.0170132	0.0274352	0.0278577	0.0423724	0.0216657	0.0183125	0.00606386	0.0288421	0.000451727	0.00145432	0.0182505	0.181539	0.00416887	0.000532113	
0.00580233	0.00643727	0.014163	0.00352254	0.00909304	0.0121553	0.00892949	0.479574	0.00353033	0.180546	0.0251802	0.00455544	0.00210319	0.0028395	0.0054763	0.00323603	0.00147948	0.17768	0.00679516	0.0469019	
0.00776374	0.0188991	0.00649154	0.0190258	0.00765165	0.0126598	0.00573908	0.0588597	0.0124133	0.150826	0.223071	0.00597279	0.00684661	0.0374763	0.00693853	0.00153144	0.325232	0.0525132	0.00779572	0.0322932	
0.311584	0.00624611	0.0251891	0.0115247	0.00557673	0.0253637	0.0106118	0.0133295	0.110241	0.0216648	0.00690035	0.357898	0.00839506	0.0195315	0.0189097	0.00830058	0.00401302	0.00744762	0.00948077	0.0177922	
0.0127534	0.0212404	0.275923	0.134958	0.00290787	0.00266198	0.00417126	0.00580695	0.013949	0.00258361	0.00114186	0.00188429	0.472917	0.000211567	0.00738241	0.00715554	0.00575393	0.0148456	0.00133359	0.0104185	
0.0105796	0.0150456	0.755529	0.0203536	0.0157096	0.00590132	0.00852749	0.00397786	0.0186406	0.00699898	0.0157369	0.0137868	0.0150718	0.00680495	0.00599201	0.0305012	0.0267606	0.0101555	0.00639564	0.00753069	
0.0162875	0.00657081	0.00953099	0.000302276	0.0247747	0.761545	0.0110513	0.00176003	0.0286899	0.0113276	0.020313	0.0240491	0.0101097	0.00166501	0.00609996	0.00375301	0.0081684	0.00465042	0.0120408	0.037311	
0.0104331	0.0239459	0.0369531	0.0570393	0.00498112	0.00886097	0.0253711	0.00580236	0.0087285	0.00910043	0.00615667	0.0131998	0.0061332	0.011581	0.00581069	0.196559	0.553021	0.00699851	0.00470298	0.00462133	
0.0230556	0.0109093	0.0116255	0.00612144	0.00367264	0.0151279	0.0188672	0.00742595	0.00997278	0.0120459	0.726806	0.0222224	0.0142214	0.0120963	0.00788611	0.0235703	0.0279846	0.0277731	0.0135714	0.00504443	
0.690045	0.0115858	0.00649913	0.000669748	0.0128161	0.014728	0.00365982	0.0286977	0.0818095	0.0139201	0.0183068	0.00393859	0.00529335	0.0170422	0.00804611	0.0573375	0.00421859	0.0057578	0.00282663	0.0128017	
0.056459	0.0123306	0.0804439	0.00815964	0.0121218	0.00393363	0.0154693	0.0242339	0.0445953	0.0132526	0.017883	0.00541103	0.00221946	0.00804942	0.617522	0.00491773	0.0204391	0.0177124	0.00189676	0.0329494	
0.0662101	0.00449886	0.0307551	0.0143806	0.00780908	0.0642892	0.00564632	0.00871295	0.0390335	0.3235	0.0789102	0.0991426	0.00875009	0.00676485	0.125656	0.00194231	0.0468192	0.0440532	0.00516369	0.0179621	
0.0132955	0.0197803	0.265716	0.127801	0.00298252	0.0029196	0.00402214	0.00553886	0.0153714	0.00263177	0.00116268	0.00213935	0.49106	0.000219724	0.00724197	0.00714871	0.00553534	0.0143129	0.00113292	0.00998718	
0.00098657	0.0290706	0.353681	0.233133	0.0358538	0.00430328	0.00449567	0.0400727	0.00956129	0.0108207	0.0225949	0.00416711	0.00936739	0.137743	0.00455497	0.0303691	0.0381538	0.000597433	0.0291478	0.00132534	
0.0225658	0.0231728	0.0144895	0.0146172	0.0119706	0.00328391	0.00801676	0.101965	0.0101003	0.69243	0.0102896	0.00289446	0.00542954	0.00748046	0.00621001	0.00542811	0.00422834	0.0378655	0.00460716	0.0129558	
0.0629331	0.0257382	0.00302544	0.218906	0.0236577	0.00164535	0.0038863	0.13673	0.0578266	0.0557336	0.0540202	0.00151817	0.0029933	0.0209827	0.0577773	0.0157494	0.0372174	0.158252	0.041554	0.0198535	
0.112629	0.00296325	0.0358315	0.147307	0.00636073	0.0111804	0.00185831	0.0693116	0.165087	0.0532845	0.00738282	0.0356474	0.0521173	0.0581268	0.0969674	0.0225121	0.044119	0.0482204	0.0167469	0.0123473	
0.00733436	0.00352722	0.0105267	0.0535961	0.715563	0.00972112	0.0167569	0.00716681	0.0292324	0.0096405	0.00738651	0.00430663	0.0252261	0.0128616	0.00456101	0.00434933	0.0308963	0.0165601	0.00796871	0.0228191	
0.689544	0.012185	0.00636626	0.000546255	0.0121008	0.015221	0.00332549	0.0291611	0.0836539	0.0137179	0.0186856	0.00144181	0.00528946	0.0172186	0.00823834	0.0584653	0.00398759	0.00571845	0.00241511	0.0127178	
0.0897269	0.0039431	0.0123376	0.132739	0.00834215	0.0022927	0.0213469	0.00650642	0.105259	0.00489426	0.0297726	0.0104718	0.00571204	0.260775	0.163101	0.0190236	0.015628	0.0770074	0.00230572	0.0288151	
0.0731142	0.00381176	0.00142131	0.0901966	0.0128171	0.00565887	0.0135191	0.0221732	0.167237	0.0776656	0.0050968	0.0485099	0.00963353	0.120733	0.282681	0.0134564	0.0212126	0.00810154	0.0195095	0.0034519	
0.0552875	0.00507608	0.000606689	0.0116848	0.0645326	0.0658823	0.491121	0.100964	0.0217881	0.00266929	0.0278141	0.0228671	0.00277931	0.00399414	0.00328972	0.0285363	0.0269606	0.0229272	0.0224657	0.0187527	
0.0211055	0.00435182	0.178879	0.00722941	0.00943421	0.278857	0.0261805	0.0106253	0.0274365	0.0236241	0.00309505	0.252441	0.018495	0.0534287	0.0447993	0.0102327	0.0052282	0.0105089	0.00935944	0.00468892	
0.0109182	0.0104823	0.0681789	0.00727859	0.0219438	0.00672609	0.00872675	0.114832	0.0102975	0.507518	0.149148	0.00811502	0.00393445	0.0155525	0.00962031	0.0144975	0.00471209	0.010289	0.00775132	0.00947782	
0.043375	0.0347124	0.00677962	0.0133151	0.0338762	0.0228968	0.00103173	0.00363743	0.315686	0.0256758	0.0197745	0.0261164	0.264824	0.00860901	0.0262307	0.0232944	0.0238905	0.0521915	0.0254033	0.02868	
0.00580233	0.00643727	0.014163	0.00352254	0.00909304	0.0121553	0.00892949	0.479574	0.00353033	0.180546	0.0251802	0.00455544	0.00210319	0.0028395	0.0054763	0.00323603	0.00147948	0.17768	0.00679516	0.0469019	
0.0465185	0.0830314	0.00722113	0.00417639	0.00420743	0.331583	0.00546174	0.0950999	0.0107821	0.18959	0.00676432	0.00899332	0.0072157	0.0133221	0.00443591	0.00328159	0.00846309	0.146961	0.00225844	0.0206329	
0.0260861	0.0325203	0.0256367	0.0267089	0.00642271	0.00605942	0.0184968	0.00790287	0.00550205	0.0146976	0.00575383	0.0146698	0.00847304	0.00782137	0.00443932	0.2325	0.535697	0.00293455	0.00500745	0.0126703	
0.0231137	0.0132846	0.00570673	0.00319368	0.00590057	0.00686529	0.0108907	0.614622	0.00527102	0.00994909	0.00596268	0.00675306	0.00596969	0.00347501	0.00583659	0.00434596	0.000923785	0.229617	0.0233826	0.0149361	
0.450963	0.00278582	0.0377145	0.166002	0.00973126	0.00128874	0.00486514	0.00201547	0.0189797	0.0121898	0.0107393	0.00716123	0.00893961	0.0277777	0.100762	0.0999915	0.00417443	0.00853605	0.0124837	0.012899	
0.0132282	0.0119785	0.723822	0.03745	0.020893	0.0055673	0.00817028	0.00509215	0.0150565	0.0106051	0.0151385	0.0101418	0.0135085	0.0114503	0.00785809	0.0433318	0.0196284	0.00895585	0.0104382	0.00768525	
0.0255135	0.0241439	0.0198827	0.00729009	0.00608194	0.000831918	0.00569487	0.0683153	0.0109431	0.728916	0.0197439	0.00496887	0.00448864	0.0028938	0.00812999	0.009768	0.00891821	0.0186896	0.00447587	0.0203095	
0.0470413	0.0148436	0.00735745	0.0055585	0.00726679	0.0100364	0.0209634	0.541257	0.0134717	0.0096883	0.00928388	0.0105825	0.0109803	0.0110941	0.0108604	0.00605911	0.000475569	0.225456	0.0133499	0.0243741	
0.450676	0.00282177	0.0375279	0.165944	0.0098204	0.00128851	0.00496121	0.00214354	0.0189368	0.0122205	0.0109546	0.0072299	0.00892303	0.027789	0.100947	0.0999578	0.00415202	0.00852945	0.0124697	0.0127076	
0.0699821	0.0117033	0.00091893	0.0402226	0.0286147	0.00509181	0.00816985	0.0168558	0.0360274	0.00367479	0.0156051	0.000954831	0.0559848	0.0300003	0.0779697	0.00218509	0.0270147	0.00405518	0.0404675	0.524502	
0.0520473	0.0107684	0.0962779	0.00753046	0.00895929	0.00403657	0.0118331	0.0178942	0.0517478	0.0177176	0.0166561	0.005098	0.00262107	0.0107131	0.619591	0.00563879	0.0261185	0.0126026	0.00174602	0.0204023	
