0.0917186	0.0275012	0.064514	0.0529952	0.0580361	0.0100575	0.0402399	0.0826879	0.0152124	0.0321287	0.0137262	0.044302	0.0357959	0.044567	0.201252	0.0666131	0.0312824	0.0461388	0.00603471	0.0351965	
0.0700561	0.0278558	0.0394018	0.034002	0.0258737	0.0225222	0.031818	0.24636	0.0280342	0.0348955	0.0501454	0.0203562	0.0606353	0.0374958	0.0494025	0.0396576	0.019755	0.115254	0.0113651	0.0351134	
0.121316	0.0313585	0.0667412	0.0383015	0.0472758	0.0287986	0.0273329	0.0576097	0.121374	0.114823	0.0081686	0.034311	0.0300861	0.0327539	0.0780381	0.0425447	0.0569665	0.0112321	0.0145781	0.0363894	
0.0673039	0.0293138	0.191396	0.177326	0.0587635	0.00807478	0.0564955	0.053707	0.0105395	0.045149	0.0242443	0.0251155	0.032002	0.0117928	0.0564736	0.0334645	0.0546965	0.0117747	0.0118947	0.0404722	
0.0866575	0.025521	0.0500662	0.0409382	0.0270441	0.0275703	0.0415751	0.280829	0.0225608	0.060914	0.0136553	0.0249327	0.0294505	0.0421858	0.0793326	0.0280604	0.0237927	0.0440663	0.0118557	0.0389924	
0.117526	0.0235899	0.0351385	0.00560473	0.0463769	0.1843	0.00616776	0.0966873	0.0270158	0.0557904	0.030276	0.05376	0.0290177	0.0457938	0.0647574	0.0212396	0.0348748	0.0931414	0.0147036	0.0142381	
0.24133	0.0346142	0.0877535	0.0470234	0.0611375	0.0117869	0.0296103	0.0617688	0.0303985	0.06752	0.0201787	0.041065	0.0142598	0.033956	0.0598735	0.0290894	0.0677402	0.0155081	0.014163	0.0312229	
0.161	0.0750079	0.143631	0.0362851	0.0694476	0.0179762	0.00791051	0.0285131	0.0270648	0.0626195	0.0229002	0.0664671	0.0416113	0.0386193	0.0394268	0.0467296	0.0550523	0.0303823	0.0167263	0.012629	
0.0815169	0.0252741	0.0460038	0.0278423	0.0443763	0.0352693	0.0340755	0.184566	0.0210442	0.0394479	0.031902	0.0754125	0.0342274	0.0698638	0.0991419	0.0238988	0.00951898	0.0710881	0.0111546	0.034376	
0.139731	0.0255415	0.0455492	0.0106835	0.0578784	0.0350242	0.0322685	0.0948262	0.030084	0.0322196	0.0297499	0.0486349	0.0235016	0.0402146	0.192525	0.0262309	0.0360454	0.060262	0.00428018	0.0347494	
0.0829739	0.0286912	0.0663079	0.0486818	0.0600157	0.0353573	0.00448314	0.0872623	0.0154376	0.0156112	0.0257067	0.0513082	0.0213108	0.130687	0.152325	0.0353395	0.0463002	0.0466058	0.0108842	0.0347109	
0.0820668	0.0161771	0.0428485	0.0671795	0.0598312	0.00961233	0.175477	0.0851036	0.0273202	0.0138657	0.0249447	0.0320631	0.00645462	0.0239579	0.171466	0.0179147	0.0379772	0.0466059	0.0111085	0.0480258	
0.0766121	0.0394833	0.045922	0.0361148	0.00918956	0.0306934	0.0242902	0.072393	0.0316682	0.189304	0.0329273	0.0431396	0.0228613	0.0370123	0.0410989	0.0183942	0.0501644	0.15498	0.0124953	0.0312557	
0.037872	0.0295989	0.0308838	0.0213937	0.0235635	0.00906262	0.0325396	0.139621	0.0269217	0.0196013	0.0177762	0.0369699	0.0584451	0.0350414	0.0559842	0.0247448	0.0388952	0.313817	0.0155138	0.0317537	
0.076512	0.0309978	0.043316	0.0357953	0.00911362	0.0253715	0.0248297	0.230083	0.0330476	0.125771	0.0312279	0.0311131	0.0273773	0.0348256	0.033693	0.0173227	0.0351703	0.107981	0.0116791	0.0347727	
0.104097	0.027749	0.0493085	0.0119558	0.0338489	0.0318503	0.0248874	0.205005	0.0547553	0.0893059	0.0228867	0.00577108	0.0471478	0.0464098	0.0475091	0.0326965	0.0565448	0.064198	0.0126819	0.0313909	
0.105861	0.022331	0.0763164	0.0393066	0.0668622	0.0294286	0.00679056	0.0521387	0.0300465	0.323869	0.0274681	0.0385586	0.0107233	0.022482	0.0122065	0.033809	0.0505196	0.0115062	0.0126555	0.0271204	
0.0328818	0.0371211	0.399224	0.0265976	0.0633367	0.00562079	0.00558275	0.0542566	0.0252564	0.0635433	0.0213972	0.0178226	0.0478896	0.0330692	0.0459016	0.0300634	0.0545335	0.0124309	0.0138274	0.00964365	
0.0872503	0.0326421	0.0772155	0.0449062	0.0628792	0.0357103	0.00953203	0.0392576	0.0143189	0.0550474	0.0265234	0.247349	0.0459479	0.0413897	0.0617882	0.020469	0.0237833	0.0443537	0.0152079	0.0144287	
0.0478205	0.013082	0.0262211	0.0310985	0.0527419	0.312627	0.026048	0.0798956	0.0284904	0.0599635	0.0309347	0.0426128	0.0399885	0.0505215	0.0299719	0.014452	0.0456375	0.0217123	0.0113227	0.0348576	
0.129334	0.0289703	0.0619091	0.038911	0.0255375	0.0298595	0.00683288	0.0946751	0.0335869	0.242093	0.0253785	0.0355249	0.0451371	0.0361984	0.0146449	0.0396964	0.0538638	0.0203642	0.0109845	0.0264989	
0.0765472	0.0221573	0.0455836	0.0387796	0.033614	0.0315918	0.0380224	0.313065	0.0151983	0.0173958	0.0161061	0.029105	0.0479626	0.0474106	0.0797021	0.0242237	0.0179071	0.0562386	0.0131435	0.0362458	
0.0666792	0.0244402	0.0440652	0.0343357	0.0769104	0.0392495	0.0352398	0.195298	0.0300096	0.0279183	0.0929189	0.0275249	0.0372151	0.0389951	0.0603367	0.0143375	0.0172321	0.0871204	0.0137362	0.0364374	
0.33243	0.0275693	0.0386005	0.0164528	0.0500939	0.0169102	0.0240959	0.0810029	0.0283654	0.0905393	0.0198228	0.0421269	0.0118196	0.0332674	0.0455416	0.0603168	0.028376	0.0115568	0.0107589	0.0303528	
0.221808	0.0216482	0.0216116	0.028581	0.0472838	0.103529	0.0236086	0.086665	0.0319219	0.0924881	0.0239706	0.0397301	0.0111328	0.0423608	0.0468144	0.068261	0.0272841	0.0184178	0.0132773	0.0296063	
0.0633782	0.023581	0.0726113	0.233575	0.0542484	0.00590177	0.112543	0.0627008	0.0216666	0.0429452	0.0227912	0.0111757	0.0223727	0.0183951	0.0531713	0.0320336	0.055649	0.0121016	0.0112963	0.0678619	
0.0796329	0.0575747	0.095401	0.0456825	0.303448	0.0241525	0.0240704	0.0224319	0.0262571	0.0151707	0.0301855	0.0408883	0.0328172	0.0375293	0.0681639	0.0171606	0.0434362	0.0114777	0.010533	0.0139868	
0.0601076	0.0310385	0.0353768	0.026104	0.0272803	0.02115	0.0298872	0.131609	0.0535921	0.0615493	0.0503497	0.0391563	0.0383134	0.033439	0.0275307	0.0196886	0.0203898	0.242463	0.0129122	0.0380619	
0.0735273	0.0312292	0.0628756	0.0520795	0.0517194	0.0358943	0.0257744	0.0911661	0.012962	0.0230916	0.0231988	0.0426047	0.142546	0.137577	0.0287804	0.0300921	0.044075	0.0459513	0.0150185	0.0298365	
0.029633	0.0240331	0.0721261	0.0399766	0.0449298	0.0170957	0.00861011	0.0972483	0.0199269	0.0111576	0.026303	0.0371276	0.361156	0.0351208	0.02349	0.0165648	0.0345304	0.0615281	0.0139573	0.0254851	
0.0704411	0.0272904	0.125017	0.217698	0.0544804	0.00788273	0.0740194	0.0580471	0.0117157	0.0493828	0.0197084	0.0263891	0.0326308	0.0117862	0.0534961	0.0313705	0.0554847	0.0128411	0.0124617	0.0478568	
0.35661	0.0303183	0.0410408	0.0174175	0.0555429	0.0123493	0.0273437	0.0708447	0.0302529	0.0889028	0.0226425	0.0425986	0.010053	0.0310144	0.0511584	0.0299721	0.0269146	0.0145449	0.0120523	0.028426	
0.0743993	0.0258903	0.0491837	0.042452	0.018204	0.027563	0.0351499	0.352231	0.022967	0.0303765	0.0129329	0.0168785	0.046232	0.0428309	0.0548144	0.0185113	0.0203767	0.0640747	0.0126109	0.0323208	
0.102374	0.03139	0.0318124	0.0430656	0.0543361	0.0311728	0.00943532	0.041358	0.0117374	0.0650474	0.025551	0.25577	0.0411083	0.041227	0.0568113	0.0572924	0.0244816	0.0476476	0.0134995	0.014883	
0.0831371	0.0273996	0.0802274	0.0488698	0.259005	0.0304962	0.025948	0.0305822	0.0269624	0.0655722	0.0575329	0.0430101	0.0300715	0.0344402	0.052849	0.0202626	0.0400545	0.0129583	0.0141529	0.0164681	
0.138265	0.0318187	0.0589747	0.0491248	0.0541025	0.0312225	0.034701	0.083475	0.0329465	0.0649154	0.0259656	0.0553854	0.0138069	0.0348897	0.0651629	0.0112621	0.118784	0.0437148	0.0166079	0.034874	
0.114459	0.0287839	0.0346259	0.0145212	0.0391236	0.0510765	0.0295125	0.136176	0.0285348	0.0526752	0.0309132	0.0478364	0.0087285	0.0344768	0.0750282	0.0137672	0.0138785	0.198134	0.0131751	0.034574	
0.0822902	0.0596342	0.0750848	0.0466352	0.0758833	0.0114149	0.0178694	0.0751706	0.0348412	0.0149137	0.026286	0.0413594	0.010645	0.0392182	0.244803	0.0209992	0.0388374	0.0441874	0.0100737	0.0298529	
0.0672227	0.0183712	0.0423983	0.0930037	0.0474495	0.0179278	0.262587	0.0842044	0.0230283	0.0214723	0.0212595	0.0118938	0.0058209	0.00643403	0.0441977	0.0310029	0.0469405	0.0490476	0.0109555	0.0947826	
0.211497	0.0265135	0.0425038	0.0149428	0.0517649	0.145256	0.0180503	0.0834279	0.0286001	0.0884935	0.0255129	0.0391203	0.0220803	0.0381243	0.0152984	0.040166	0.0407761	0.0199079	0.0154011	0.032563	
0.049323	0.0257841	0.0756628	0.0570162	0.0491667	0.0219316	0.0376187	0.0572356	0.0249483	0.0338065	0.0208369	0.0321448	0.0138725	0.0293081	0.0605601	0.178013	0.143103	0.044324	0.00834065	0.0370036	
0.106125	0.0275314	0.0739852	0.0370617	0.0715516	0.0259833	0.00580477	0.0523407	0.0297151	0.316456	0.0265479	0.0408703	0.0112584	0.0213339	0.0127419	0.0362583	0.0488138	0.0118456	0.013956	0.0298197	
0.0686771	0.0262615	0.0465245	0.0411166	0.0193222	0.0283417	0.0351916	0.353998	0.0247959	0.02844	0.0127098	0.0164674	0.0479458	0.0421392	0.0544183	0.0192699	0.0207038	0.0637685	0.0143016	0.0356066	
0.110468	0.0278178	0.0673106	0.0403778	0.0241732	0.0309218	0.0126028	0.0614387	0.0333057	0.312888	0.0238151	0.0356646	0.0206531	0.0276554	0.0256556	0.030285	0.0529077	0.0196701	0.013242	0.0291474	
0.0341737	0.0290719	0.0868468	0.0561844	0.0513635	0.0212746	0.031196	0.0464022	0.0139253	0.0680492	0.0156444	0.0237521	0.0146666	0.0263899	0.0256233	0.106844	0.262151	0.0396067	0.0153711	0.0314627	
0.11436	0.0254281	0.0691885	0.040974	0.0414711	0.0279057	0.00983788	0.0726712	0.0327568	0.328609	0.0173032	0.0384567	0.0126733	0.0131598	0.0124176	0.0378627	0.0493334	0.0132112	0.0108497	0.0315299	
0.0220428	0.0346127	0.0823637	0.0529495	0.0469058	0.0271256	0.0198746	0.0639552	0.0287739	0.123317	0.0261218	0.0325316	0.0445933	0.0133232	0.0116753	0.0554126	0.220188	0.0424117	0.0164074	0.0354147	
0.0921896	0.0239532	0.0448425	0.0322193	0.0489357	0.164444	0.0228038	0.0969083	0.0114268	0.04142	0.0122093	0.0492321	0.036194	0.136155	0.0495163	0.0415245	0.0181711	0.0415558	0.00443738	0.0318612	
0.0460116	0.0272493	0.127943	0.235921	0.057534	0.00883527	0.0741151	0.0588338	0.0121562	0.0487374	0.0229766	0.0245669	0.0269428	0.00953588	0.0531161	0.0306642	0.0625291	0.0137976	0.0114089	0.0471257	
0.0885163	0.0305026	0.0666288	0.0546664	0.068682	0.0110362	0.0443652	0.0375629	0.0204222	0.0281558	0.02381	0.0408711	0.0311289	0.0407325	0.219688	0.0336234	0.0694661	0.0407752	0.012153	0.0372133	
0.0859774	0.0364724	0.0243956	0.0401383	0.0134193	0.0135145	0.0250209	0.0846998	0.0329101	0.135645	0.0310878	0.0371021	0.0299844	0.0329642	0.0466819	0.0288138	0.0445922	0.211758	0.0118975	0.0329249	
0.0813446	0.0278205	0.0665216	0.0532217	0.0635362	0.0112554	0.0470993	0.0762902	0.0287749	0.0171868	0.0250072	0.0404429	0.00849367	0.020785	0.270577	0.0268576	0.0435639	0.0461836	0.00716932	0.0378689	
0.0813378	0.0286097	0.0738404	0.0392002	0.051747	0.0116573	0.0201788	0.096762	0.0257779	0.0193893	0.0236653	0.0443922	0.0859893	0.120264	0.116799	0.0308328	0.0417059	0.0447725	0.014279	0.0287999	
0.115194	0.0253204	0.0662239	0.0390489	0.0419256	0.02468	0.0119955	0.0720626	0.0333114	0.325024	0.0192915	0.0372256	0.0125239	0.013673	0.0124238	0.0395687	0.0521318	0.0141663	0.0131039	0.0311051	
0.0787428	0.0397282	0.211469	0.0497737	0.0687169	0.0278283	0.00625324	0.0321546	0.0460352	0.0532233	0.0274163	0.0843773	0.0376806	0.0403701	0.0692845	0.0142372	0.0207144	0.034078	0.0163378	0.0415786	
0.112201	0.0226913	0.0784137	0.0391584	0.0721175	0.0283102	0.00669732	0.0515255	0.0285437	0.314548	0.025241	0.0378372	0.0118316	0.0211438	0.0141404	0.0346705	0.049601	0.00904857	0.0111293	0.0311499	
0.0305762	0.0230705	0.0692179	0.036053	0.0450533	0.0203232	0.00413937	0.0990488	0.0194552	0.0126837	0.0240192	0.0401877	0.331029	0.0544381	0.0461434	0.0202405	0.0285267	0.0583339	0.0140899	0.0233707	
0.122569	0.0288774	0.0659744	0.0418384	0.0292209	0.0255714	0.00737052	0.0968832	0.0360713	0.301286	0.0256114	0.0368355	0.0130777	0.0240983	0.0126528	0.035257	0.0434713	0.0158955	0.00968581	0.0277518	
0.192921	0.0229532	0.0496681	0.0399658	0.0403614	0.0272843	0.0203466	0.0895113	0.03296	0.137271	0.0207457	0.0421564	0.0297516	0.0144765	0.0496651	0.0660147	0.046154	0.0331663	0.0110278	0.0335992	
0.0417223	0.0326131	0.0208227	0.033505	0.0167348	0.00841141	0.0283263	0.09645	0.0304768	0.0322889	0.0236861	0.0397911	0.0480987	0.032577	0.0523253	0.0249185	0.0416496	0.343465	0.0171624	0.0349746	
0.0606876	0.0244842	0.0628133	0.0194071	0.0467762	0.0393535	0.00566319	0.105496	0.0144854	0.021489	0.0217595	0.0419783	0.175996	0.144827	0.0605191	0.0298419	0.0362705	0.0498234	0.011511	0.0268176	
0.138376	0.027201	0.057561	0.0379973	0.0208354	0.0303041	0.0145122	0.0765416	0.0338099	0.261299	0.0149689	0.0348004	0.0197672	0.0254427	0.0266853	0.0639582	0.0595771	0.0151261	0.00699597	0.0342407	
0.0751987	0.0283355	0.090931	0.0463227	0.316302	0.0305254	0.0265597	0.0271575	0.0269425	0.0120245	0.0298206	0.0419303	0.04197	0.0375446	0.0682169	0.0177174	0.0418059	0.0134876	0.0126645	0.0145425	
0.0336919	0.0325212	0.083477	0.0608948	0.0495136	0.0293843	0.0302244	0.0499609	0.0143817	0.0689673	0.0135969	0.0262963	0.0193861	0.0312635	0.0263221	0.0473246	0.292257	0.0401898	0.015979	0.0343675	
0.0400843	0.0306108	0.0199436	0.0299597	0.016473	0.00989574	0.0322114	0.177623	0.0316628	0.0328579	0.0260329	0.032607	0.0589828	0.0303348	0.0440127	0.022375	0.0325418	0.290519	0.0122162	0.0290551	
0.105077	0.0216857	0.0749948	0.0474362	0.0454837	0.00372085	0.0208633	0.0676513	0.0296125	0.0562318	0.0248482	0.0436798	0.0453641	0.0384798	0.0803282	0.144077	0.075133	0.0476433	0.0196307	0.00805853	
0.0540885	0.0273433	0.0330811	0.0338156	0.0183651	0.0209841	0.0382244	0.346714	0.0217109	0.025962	0.0156056	0.0177683	0.0548603	0.0365817	0.0515674	0.0159756	0.0177894	0.12755	0.0120915	0.0299211	
0.0418612	0.0313936	0.0317562	0.249531	0.0453641	0.00947303	0.04733	0.0838179	0.014817	0.0538905	0.0260267	0.0364903	0.0309725	0.0162037	0.0569879	0.0328176	0.0562386	0.0775035	0.0130873	0.044438	
0.362743	0.0288566	0.0238112	0.0258927	0.0555189	0.0150729	0.0292728	0.0766106	0.032277	0.0801583	0.0223656	0.0392553	0.0118674	0.0351466	0.0481311	0.0321876	0.0252117	0.0151288	0.0126949	0.0277971	
0.333208	0.0277864	0.0370501	0.0179009	0.0507119	0.0169903	0.0260658	0.0758066	0.029348	0.0932142	0.0213759	0.0431489	0.0118586	0.0292636	0.0490662	0.0574419	0.0293838	0.0123296	0.012133	0.0259159	
0.0386508	0.0311051	0.160923	0.187059	0.0635363	0.0367371	0.0518014	0.0569899	0.0118519	0.0503378	0.0239945	0.0326744	0.0279188	0.0133912	0.0519623	0.0323401	0.0617869	0.0139184	0.0140451	0.0389758	
0.0515653	0.022514	0.0430809	0.0222139	0.0512349	0.273011	0.0250856	0.0851718	0.0295982	0.0590222	0.0256838	0.0416257	0.0353269	0.0586717	0.0438474	0.0254939	0.0409579	0.0220977	0.00666531	0.0371313	
0.0400742	0.0340948	0.0208203	0.0301008	0.0163748	0.00994661	0.0338623	0.099251	0.0277162	0.0327761	0.0242399	0.0402626	0.053191	0.0370648	0.0503125	0.0270024	0.0390427	0.338565	0.0129588	0.0323433	
0.031792	0.0251204	0.085251	0.0612473	0.0505694	0.0220413	0.0332339	0.0275347	0.0237252	0.0633457	0.0211148	0.0140683	0.0137747	0.0265764	0.0476476	0.137169	0.22667	0.0388047	0.0141206	0.0361921	
0.035206	0.0365623	0.0791772	0.0610379	0.0540525	0.0274225	0.0290011	0.0351807	0.0265377	0.0616393	0.0258951	0.0188758	0.0177433	0.0328227	0.0500968	0.0310468	0.295357	0.0400389	0.0131298	0.0291763	
0.0550249	0.0222878	0.0356104	0.0359893	0.0260505	0.0259373	0.0352803	0.342101	0.0160106	0.0192763	0.0162619	0.0264666	0.0536958	0.0365332	0.0391945	0.0184879	0.0180475	0.127431	0.0140254	0.0362872	
0.361354	0.029383	0.0387394	0.0185422	0.0552028	0.0137672	0.026958	0.0741462	0.0267523	0.0809142	0.0256449	0.0392759	0.00999407	0.0342223	0.0543675	0.0293368	0.0241319	0.0145617	0.0140752	0.0286303	
0.0711861	0.0193248	0.0597612	0.108681	0.050531	0.0155593	0.17659	0.0844345	0.0230451	0.04503	0.0209737	0.011008	0.00560552	0.00499464	0.065186	0.0302822	0.0479988	0.0422567	0.0112678	0.106284	
0.0336713	0.0345382	0.320531	0.108744	0.0623915	0.00907072	0.00996042	0.0552319	0.0242161	0.0619445	0.0233988	0.0171249	0.0423917	0.0320621	0.0447569	0.0299761	0.05518	0.0115513	0.0106704	0.0125882	
0.156372	0.0234531	0.0471524	0.0330073	0.0373287	0.0360602	0.0185691	0.130959	0.0338683	0.199175	0.0237562	0.0347383	0.0126483	0.0171471	0.00968579	0.073349	0.0378456	0.0332954	0.0117354	0.029854	
0.0853714	0.0312729	0.0690676	0.0492506	0.065251	0.0124674	0.0428463	0.0742081	0.0319899	0.0176731	0.0279497	0.0376041	0.0109331	0.0234575	0.266736	0.0315247	0.0378205	0.0420541	0.00669576	0.0358264	
0.0348017	0.0387055	0.0734538	0.0580298	0.0530497	0.0274469	0.034586	0.0367393	0.0242584	0.0595131	0.0226212	0.0161762	0.0147463	0.0377057	0.0492663	0.0330894	0.293528	0.0412219	0.0171339	0.0339271	
0.0430768	0.0194948	0.0227364	0.0283678	0.0561164	0.0485246	0.0341159	0.26399	0.0299978	0.0438805	0.0394008	0.035585	0.0305676	0.0412399	0.0635444	0.0218497	0.0277892	0.0975783	0.0125057	0.0396389	
0.0809373	0.0221193	0.0696553	0.043188	0.0653624	0.0122567	0.0239508	0.0748855	0.0337216	0.017354	0.0256953	0.0473348	0.00893312	0.0394434	0.284509	0.018406	0.0426952	0.0472975	0.00930071	0.0329543	
0.286858	0.0269758	0.0277517	0.0354543	0.049873	0.0167615	0.0269299	0.0765697	0.0287431	0.0881387	0.019596	0.0322032	0.011745	0.0286186	0.0518025	0.0679446	0.0628376	0.0142682	0.0138872	0.0330409	
0.360941	0.0287107	0.0227463	0.0263919	0.0518168	0.0143309	0.0312876	0.0774211	0.0288177	0.0843342	0.0242022	0.0394408	0.00987588	0.0335667	0.051219	0.0293206	0.0260396	0.0151549	0.0117932	0.0325893	
0.0530716	0.0240707	0.027899	0.0271753	0.0250711	0.023207	0.0354542	0.324143	0.0170983	0.018321	0.0178198	0.0271819	0.0588758	0.0372386	0.0379706	0.017572	0.0192093	0.162444	0.0143428	0.031834	
0.110194	0.0159395	0.0651128	0.0495695	0.0484415	0.011281	0.0250376	0.0428682	0.0265518	0.0606298	0.0238655	0.0763569	0.0436325	0.0420004	0.0643112	0.157528	0.0444041	0.0435588	0.0136811	0.0350355	
0.0931422	0.0296019	0.0650799	0.0388499	0.0452303	0.0317285	0.00685683	0.0977017	0.0238061	0.0189283	0.0245954	0.0396599	0.238294	0.0470383	0.0238267	0.020648	0.057384	0.057864	0.014935	0.0248292	
0.090959	0.0236674	0.0235286	0.0478703	0.0522007	0.025437	0.208229	0.093765	0.0264303	0.0207358	0.0258963	0.0565512	0.00954137	0.0334436	0.0925041	0.0288364	0.0414816	0.0564388	0.0138575	0.0286261	
0.318865	0.0313579	0.0387514	0.0234565	0.0431315	0.0258822	0.0172483	0.0818179	0.0254419	0.0889355	0.0175271	0.0381839	0.0127656	0.037679	0.0266045	0.0588506	0.0519318	0.0195788	0.0116194	0.0303712	
0.0917027	0.0158801	0.0489442	0.0339402	0.0609652	0.097289	0.0143923	0.0908699	0.0295711	0.019638	0.0267912	0.0467532	0.0116683	0.0456792	0.204926	0.0151788	0.0339621	0.0618822	0.0104984	0.0394683	
0.0326176	0.0258365	0.0728886	0.0413626	0.0460604	0.0228816	0.00744748	0.0883441	0.0220288	0.0137412	0.0254277	0.0348044	0.339666	0.0335749	0.0222303	0.0166174	0.0552278	0.0602277	0.0147075	0.0243077	
0.151856	0.0273912	0.0627877	0.0558973	0.0511605	0.0266521	0.0377754	0.036386	0.0305334	0.0673547	0.0195384	0.0132826	0.0107891	0.0302033	0.0604732	0.128093	0.107036	0.0322394	0.0136129	0.0369378	
0.0293647	0.0349545	0.407493	0.029725	0.0667091	0.00690759	0.00426475	0.0542268	0.0272462	0.0589537	0.0217626	0.0185736	0.0397228	0.0334242	0.0457002	0.0301391	0.0569834	0.0115401	0.0138433	0.00846528	
0.119352	0.0270081	0.0608088	0.0374188	0.0296246	0.0279539	0.00618961	0.096552	0.0347055	0.303573	0.0266952	0.037866	0.0141917	0.020255	0.0140718	0.0374305	0.0438413	0.0194878	0.0111908	0.031783	
0.0773461	0.0306405	0.0701257	0.0490403	0.0729771	0.0111515	0.0449625	0.0704191	0.0309131	0.0141766	0.0256701	0.0406951	0.00808664	0.0234586	0.272009	0.0259236	0.0409501	0.0442631	0.0124725	0.0347195	
0.0819684	0.0290689	0.0620861	0.0438753	0.0552695	0.0142307	0.0261579	0.0894087	0.0277555	0.016977	0.0246959	0.0482503	0.0226278	0.143909	0.151618	0.0295427	0.0436964	0.0523725	0.00665061	0.0298394	
0.0458549	0.0324234	0.0358012	0.0179206	0.0205258	0.0123051	0.0317969	0.148068	0.0300246	0.0997346	0.0227958	0.0368841	0.0300728	0.0342	0.0439117	0.0253946	0.0434842	0.241493	0.0121427	0.0351659	
0.0795375	0.0280466	0.0923071	0.0456804	0.326083	0.0264262	0.0259471	0.0264828	0.0245188	0.0131703	0.0279154	0.0429977	0.0382642	0.0328096	0.0713318	0.0178222	0.0391264	0.0109858	0.0119758	0.0185709	
0.0271668	0.0255387	0.0723083	0.0390472	0.0442545	0.0180443	0.0049505	0.0925652	0.0217079	0.0114797	0.0258766	0.0396308	0.358508	0.0486463	0.0255427	0.0156917	0.0307071	0.0584094	0.0135586	0.0263657	
0.110682	0.0292978	0.0653407	0.0412855	0.0219818	0.0270026	0.0141544	0.0840015	0.0355803	0.307592	0.0166128	0.0368043	0.0204384	0.0238517	0.0242351	0.0306501	0.0525095	0.0209	0.00657718	0.0305024	
0.0829705	0.0299459	0.0654262	0.0488944	0.0689424	0.0121021	0.0529717	0.067483	0.0312049	0.0162566	0.0241146	0.0417789	0.00912535	0.0220364	0.2706	0.0296061	0.040936	0.0454007	0.00599018	0.034214	
0.24218	0.0297718	0.0468224	0.0308506	0.0410545	0.0294933	0.0152412	0.13132	0.0108542	0.0902979	0.0253135	0.03745	0.0688482	0.0363246	0.0114951	0.0503172	0.0179782	0.0396709	0.0138939	0.0308227	
0.0828407	0.0328174	0.0769924	0.0467932	0.0742097	0.0130975	0.0378931	0.0452947	0.0554103	0.0255785	0.0251755	0.053686	0.0190707	0.0399591	0.255185	0.0102606	0.0209141	0.0438285	0.00970995	0.0312825	
0.0512071	0.010517	0.0651207	0.0407024	0.0405949	0.00461186	0.00379795	0.0998862	0.0223898	0.00984651	0.0224076	0.0436334	0.298131	0.0559313	0.0444151	0.0444774	0.0378818	0.0667152	0.0116745	0.026058	
0.0341978	0.0226898	0.0386515	0.0106728	0.04933	0.309082	0.0197772	0.0895986	0.0291357	0.0556311	0.030753	0.04114	0.0442451	0.048583	0.0405177	0.00988194	0.0397244	0.0384632	0.01464	0.0332848	
0.0402127	0.0288751	0.0320348	0.0213703	0.0240039	0.00882811	0.0339932	0.144313	0.0239844	0.0198534	0.0162327	0.0381472	0.0594484	0.0347921	0.0535481	0.0257381	0.039879	0.309164	0.0154162	0.0301652	
0.104521	0.027831	0.0727605	0.0432588	0.0259421	0.0295956	0.0156737	0.0596312	0.0345661	0.311924	0.0232337	0.0407765	0.019824	0.025753	0.024042	0.0293474	0.0538657	0.0182247	0.0114731	0.0277552	
0.152074	0.0297443	0.0590956	0.0526745	0.0557099	0.0261318	0.0371308	0.0630345	0.0152219	0.0506284	0.0147538	0.0349409	0.0153181	0.0370099	0.0772166	0.0319611	0.156209	0.041763	0.0138226	0.0355592	
0.0906466	0.0267412	0.0609393	0.041125	0.0671918	0.0579285	0.0310701	0.0566039	0.0223995	0.0291384	0.0268171	0.0461248	0.0183202	0.0432624	0.252168	0.0109334	0.0222627	0.0505914	0.0112523	0.0344836	
0.0675851	0.0160595	0.0587183	0.105814	0.0447412	0.0147862	0.235094	0.0831523	0.0227331	0.022235	0.0229006	0.0110992	0.0054456	0.00528243	0.0480024	0.0296589	0.0491271	0.0425206	0.0103895	0.104655	
0.369882	0.0294337	0.0228717	0.0271752	0.0540514	0.0139392	0.0290852	0.0762195	0.0278232	0.0806978	0.0230105	0.0379559	0.0111263	0.0339377	0.0519333	0.0326102	0.0244127	0.0140984	0.011274	0.0284621	
0.197994	0.0275173	0.0236969	0.0339837	0.0487314	0.0567063	0.0297108	0.0777092	0.0320367	0.0958254	0.0209605	0.035647	0.0101391	0.0349754	0.0532351	0.0894931	0.0662889	0.0172334	0.0128404	0.0352757	
0.0783636	0.22553	0.0716338	0.0425858	0.0291568	0.0112572	0.0198787	0.0809874	0.0278938	0.0639435	0.0304587	0.042145	0.0403813	0.0348803	0.0292711	0.00934858	0.0450384	0.0617095	0.0427802	0.0127564	
0.0305502	0.0372255	0.39943	0.0291512	0.0694362	0.00682726	0.00577341	0.0534837	0.0257369	0.0604245	0.0207707	0.0171038	0.0473945	0.0354094	0.0447503	0.0277678	0.0546192	0.013355	0.012766	0.00802433	
0.0730999	0.00962392	0.0616822	0.055498	0.0901596	0.0338412	0.0425169	0.0978759	0.0295263	0.0333119	0.0313893	0.0371749	0.0289516	0.0445051	0.132915	0.0169007	0.0381052	0.0449839	0.0252724	0.0726667	
0.359578	0.0294575	0.0242625	0.0282583	0.0526794	0.0143887	0.0283763	0.0741389	0.0299358	0.0875377	0.0202481	0.0403257	0.0108712	0.0321765	0.0478824	0.0322113	0.0262646	0.0158645	0.011482	0.0340604	
0.0783159	0.0342295	0.0779505	0.0424177	0.0726459	0.0108411	0.0387574	0.0442569	0.0603284	0.0282966	0.0268012	0.0481197	0.0195556	0.0403742	0.253524	0.0104897	0.0226542	0.0446881	0.0101459	0.035608	
0.109632	0.026878	0.0629017	0.0413956	0.0499729	0.0299265	0.0159008	0.0931071	0.0359157	0.22729	0.0712108	0.0344843	0.0184913	0.0278481	0.02629	0.023568	0.0394184	0.0221949	0.0140141	0.0295592	
0.103912	0.00846023	0.0501928	0.0607683	0.0968504	0.0255726	0.0580493	0.0707252	0.0276275	0.0779758	0.0232391	0.0313803	0.00978449	0.0290902	0.0575309	0.0660408	0.0649907	0.0324175	0.012056	0.0933358	
0.0438537	0.0160635	0.0265833	0.0293937	0.0514379	0.315654	0.0281829	0.0820449	0.0281101	0.0654363	0.0271796	0.0420984	0.038649	0.0511493	0.0274345	0.0159921	0.0436317	0.0216365	0.0123282	0.0331408	
0.111301	0.0219162	0.0736329	0.0382934	0.0740707	0.0297516	0.00553055	0.0488155	0.0299546	0.317354	0.0278877	0.0392459	0.0112546	0.0230192	0.012533	0.0348541	0.0483622	0.0104188	0.0122688	0.0295354	
0.0838206	0.0106236	0.0240105	0.0411573	0.0677242	0.0402575	0.021086	0.0934053	0.0285462	0.061834	0.031245	0.0613758	0.0341171	0.0426209	0.0624152	0.0197177	0.0397667	0.0563324	0.0130165	0.166927	
0.0290376	0.0260679	0.0673806	0.0401101	0.0423149	0.017752	0.00548745	0.0938532	0.0197084	0.0117734	0.0253911	0.0386218	0.355615	0.0483491	0.0283254	0.0166271	0.0325448	0.0620234	0.0145259	0.0244911	
0.336581	0.0257688	0.0259808	0.0283094	0.0457575	0.0175901	0.0261499	0.07901	0.02839	0.0880943	0.0194599	0.0422899	0.0109908	0.0302137	0.0476345	0.0618729	0.0296136	0.0148671	0.0109008	0.0305252	
0.233262	0.0239746	0.0364239	0.0174189	0.05308	0.109088	0.0212662	0.0901587	0.0296951	0.075706	0.0278434	0.0387896	0.0108554	0.038243	0.0595391	0.0294716	0.0252929	0.0295613	0.0138303	0.0365004	
0.0436617	0.0321063	0.0214827	0.0276138	0.0178369	0.00864997	0.0334254	0.0939776	0.0291735	0.0330727	0.0232527	0.0406084	0.0584051	0.0329249	0.0509584	0.0267885	0.0422837	0.33761	0.014833	0.0313351	
0.0548635	0.0240345	0.0364546	0.0354802	0.0186572	0.0271707	0.0327294	0.346538	0.020989	0.0287054	0.0166965	0.0163413	0.0532625	0.0332142	0.0514668	0.0149845	0.016118	0.128217	0.0108201	0.0332565	
0.0814621	0.244351	0.0736527	0.0402242	0.0296789	0.0120834	0.021702	0.0804897	0.0321332	0.059851	0.0262968	0.0424147	0.0377267	0.0391134	0.0296967	0.0117422	0.0457459	0.0609638	0.0169442	0.0137275	
0.0878436	0.027	0.0537916	0.0435762	0.0162852	0.0272498	0.032024	0.300312	0.0306944	0.0910157	0.0172123	0.0172735	0.0287805	0.0369104	0.0476665	0.0205653	0.0208922	0.0515994	0.0132858	0.036021	
0.0678165	0.0330806	0.0408546	0.0358323	0.00992573	0.0252134	0.0258663	0.128877	0.0343773	0.154667	0.0543266	0.0355347	0.0257863	0.0322633	0.0408887	0.0145891	0.0407204	0.160134	0.00715551	0.0320909	
0.0907958	0.0345423	0.0361208	0.0420622	0.0641761	0.0299713	0.0104846	0.0418337	0.0376837	0.059596	0.0268507	0.2596	0.0380523	0.0410426	0.0663298	0.0210304	0.0208124	0.0496577	0.0120125	0.0173455	
0.0650784	0.0280774	0.0398274	0.0329467	0.072738	0.0354406	0.0333595	0.188382	0.0269918	0.0242614	0.0650474	0.0592647	0.0401424	0.0396005	0.0672559	0.0142763	0.0165002	0.0973145	0.0141658	0.0393291	
0.0320372	0.0337698	0.398263	0.0269214	0.0645841	0.00599666	0.00698043	0.0523854	0.0264279	0.0627871	0.0216909	0.0182522	0.0447207	0.0365246	0.0487377	0.0301985	0.0534889	0.0119068	0.0136188	0.0107078	
0.159779	0.0271836	0.0611641	0.0379288	0.0463388	0.0246463	0.0239586	0.0780757	0.0383111	0.0772257	0.00887932	0.0394193	0.0629937	0.0410635	0.0750685	0.0489299	0.0642122	0.0397695	0.0124548	0.0325973	
0.0338958	0.0271282	0.093153	0.0607995	0.0524977	0.0194452	0.0305707	0.0255836	0.0209078	0.0616844	0.0202816	0.011454	0.0119014	0.0294429	0.0512276	0.153396	0.213681	0.0336568	0.0145303	0.0347624	
0.0653511	0.0321721	0.0980478	0.0436446	0.0344052	0.0082697	0.0421549	0.111254	0.0303746	0.0552583	0.0285075	0.0384042	0.0227586	0.0300235	0.0599746	0.0444808	0.0508757	0.15796	0.012813	0.0332698	
0.362641	0.0288892	0.0371193	0.0187095	0.0569206	0.0135235	0.0281986	0.0737694	0.0256954	0.0790032	0.0209336	0.0399621	0.0116467	0.0351671	0.0525662	0.0319145	0.0265775	0.014142	0.0121168	0.0305043	
0.0829989	0.0296849	0.065184	0.0504164	0.0727587	0.0124939	0.0451172	0.0700314	0.0348521	0.0144128	0.0237568	0.0427729	0.00974622	0.0196772	0.27189	0.0276558	0.0421295	0.0441065	0.00604782	0.0342668	
0.0838418	0.0368443	0.0580658	0.0424498	0.0233803	0.0339471	0.00775617	0.0601875	0.0318099	0.262129	0.0309163	0.043941	0.0132375	0.0346984	0.0184764	0.0335875	0.0552563	0.0844328	0.0156345	0.029408	
0.0337054	0.0253696	0.0714851	0.0404044	0.0488283	0.0202306	0.00551672	0.0866151	0.0207241	0.012389	0.0235231	0.0364711	0.335478	0.0432914	0.0245399	0.0175845	0.0556893	0.0589254	0.0146701	0.0245585	
0.10449	0.0380761	0.0695541	0.0366034	0.0516364	0.0398405	0.0168492	0.0733569	0.0279923	0.0692216	0.00930792	0.0416469	0.0577124	0.197353	0.0248482	0.0327762	0.0473428	0.0135285	0.0160188	0.0318457	
0.120051	0.0282317	0.0624133	0.0351926	0.0426906	0.0290156	0.0137106	0.106654	0.0498559	0.260632	0.0412947	0.0385428	0.016488	0.0213831	0.0110286	0.0321585	0.0242333	0.0251976	0.0122318	0.0289946	
0.120341	0.0310217	0.0224328	0.0320222	0.0176984	0.0130585	0.0306416	0.155963	0.0257015	0.0364661	0.0274947	0.0388108	0.0483154	0.0374392	0.0545146	0.0259389	0.0354759	0.201303	0.0118332	0.0335274	
0.118846	0.0290689	0.0577501	0.0431212	0.0364166	0.0063304	0.0196931	0.0930017	0.036688	0.183554	0.0245132	0.0370833	0.0370217	0.0502946	0.0487109	0.0380257	0.0550093	0.0477234	0.00557127	0.0315771	
0.0845778	0.0613886	0.0900236	0.048622	0.278531	0.0258546	0.0251016	0.0251429	0.0291922	0.0323084	0.0285688	0.0414526	0.0280832	0.0379385	0.0618866	0.0184373	0.043759	0.0120639	0.0119836	0.0150835	
0.365784	0.0300511	0.0390808	0.0167467	0.0560211	0.0138889	0.0264447	0.0711879	0.0278751	0.0852807	0.0237962	0.0398298	0.010581	0.0339265	0.0483734	0.0301051	0.0247051	0.0173303	0.0118218	0.0271697	
0.0792064	0.0307264	0.0666873	0.0603307	0.0445927	0.0297167	0.0310578	0.107986	0.173914	0.0897286	0.0316766	0.0118754	0.0374251	0.0161398	0.0288607	0.0312758	0.0269695	0.0519766	0.0159071	0.0339465	
0.0421302	0.0297791	0.046512	0.285355	0.0511164	0.0112959	0.0566888	0.0704616	0.013519	0.0554712	0.0251579	0.0317455	0.0315528	0.016251	0.0544709	0.036912	0.0554776	0.0280204	0.0135733	0.0445099	
0.0774617	0.0248592	0.0336773	0.0690497	0.0485226	0.0202284	0.289539	0.0852354	0.0267053	0.0191595	0.0217421	0.0191204	0.00597098	0.01039	0.0491566	0.0303664	0.0455868	0.0551432	0.0108936	0.0571922	
0.0521412	0.025342	0.0447833	0.0580656	0.0561379	0.245466	0.0246552	0.0797549	0.0283716	0.064687	0.0279801	0.0416394	0.0355615	0.0466684	0.0172972	0.0295215	0.0537941	0.0186164	0.0150772	0.034439	
0.11908	0.0280302	0.0661355	0.0395179	0.0389594	0.0287652	0.0118653	0.0696843	0.0328215	0.324876	0.0195434	0.0351132	0.0125449	0.015222	0.0141925	0.0383744	0.0480762	0.014837	0.0126999	0.0296618	
0.0446107	0.0243893	0.0569212	0.0388947	0.036822	0.00552999	0.00987439	0.105485	0.0227863	0.0250871	0.0242939	0.0402035	0.292626	0.0497618	0.0356567	0.0315503	0.0406855	0.0782286	0.0137403	0.0228535	
0.0431659	0.0328858	0.0187005	0.0358152	0.0122759	0.0118797	0.0265061	0.20676	0.0340317	0.118017	0.0358738	0.0338684	0.0299018	0.0341944	0.0371351	0.0217305	0.034948	0.186857	0.0115574	0.0338954	
0.0964774	0.0245429	0.0520465	0.0429403	0.01803	0.0266079	0.0360144	0.302779	0.0273739	0.0354803	0.0154007	0.0151618	0.0531048	0.0393458	0.0496363	0.0505005	0.0217376	0.0466132	0.0118757	0.034331	
0.0305472	0.023249	0.0929176	0.0634271	0.0541483	0.0204664	0.033629	0.0263504	0.0202146	0.0614582	0.0211836	0.0130761	0.0113646	0.0247365	0.0486165	0.153477	0.215812	0.035256	0.014807	0.0352625	
0.0370264	0.0266308	0.0175054	0.0306186	0.0161462	0.00873092	0.0309103	0.278192	0.028038	0.0314114	0.029255	0.0268416	0.0580172	0.0317301	0.0447981	0.0191668	0.0241759	0.214918	0.013834	0.0320532	
0.193326	0.0252483	0.0562724	0.0742722	0.0530993	0.0129047	0.0356586	0.07715	0.0309199	0.0807475	0.0222186	0.0438412	0.0136825	0.0314345	0.0600649	0.0899493	0.0313408	0.0196061	0.012061	0.0362023	
0.031384	0.0332598	0.368098	0.0623434	0.0718517	0.00789233	0.00562145	0.0494373	0.026074	0.0596484	0.0254643	0.0175449	0.0429417	0.031578	0.0460167	0.0277116	0.0583168	0.0107083	0.0139142	0.0101929	
0.131483	0.0250514	0.0614568	0.0356138	0.0249058	0.0301355	0.00670879	0.130877	0.0368002	0.266606	0.0282331	0.0329383	0.012791	0.0255601	0.014629	0.0373855	0.0382572	0.020243	0.0111018	0.0292222	
0.0846823	0.0256625	0.0386294	0.0375243	0.0364001	0.0665429	0.0269605	0.139587	0.0299482	0.0560452	0.034667	0.0462988	0.00843102	0.0404928	0.0738813	0.0111402	0.0124974	0.181221	0.0135132	0.0358754	
0.264731	0.0329149	0.0293417	0.0353123	0.0565032	0.0137504	0.0285735	0.0679873	0.0315692	0.0753394	0.0186224	0.0401444	0.0131128	0.0320803	0.0605749	0.0319618	0.103994	0.017324	0.014708	0.0314542	
0.0771722	0.0109921	0.028051	0.0483277	0.0294782	0.0313501	0.0363928	0.0955577	0.0316108	0.0643981	0.0257313	0.0216359	0.038688	0.0342006	0.0560438	0.0203667	0.0458542	0.0662046	0.0119762	0.225968	
0.0882275	0.0281404	0.0618227	0.0511981	0.0651299	0.0127392	0.0483851	0.07043	0.0305373	0.0157782	0.0250365	0.0468115	0.00712216	0.0223117	0.267796	0.0293134	0.0426518	0.0448738	0.00628911	0.0354053	
