0.0828913	0.0153628	0.057985	0.0365051	0.0218602	0.0508889	0.0328772	0.0576605	0.0439523	0.261436	0.0217068	0.0627598	0.0152709	0.0275971	0.0204029	0.0194688	0.0516235	0.0332215	0.0495166	0.0370128	
0.0366923	0.0106918	0.0478367	0.0378819	0.060305	0.0438207	0.0105438	0.0338265	0.0340335	0.00995687	0.0338152	0.146099	0.305746	0.00935295	0.00865931	0.00811564	0.0166722	0.0304595	0.0761642	0.0393276	
0.196511	0.0139033	0.0475522	0.0513839	0.0622091	0.0238957	0.0284138	0.0439681	0.0529655	0.040909	0.0296022	0.0666053	0.063898	0.0437602	0.0243713	0.0259655	0.0696681	0.0205321	0.062843	0.0310425	
0.0785326	0.0154732	0.0618496	0.0385141	0.0428569	0.0526316	0.0322597	0.0725692	0.040071	0.253023	0.0147635	0.0551543	0.00895778	0.0188874	0.0133151	0.0277753	0.0502444	0.0317466	0.0544856	0.036889	
0.0366083	0.0108774	0.0472527	0.0354869	0.0606407	0.0399961	0.0084426	0.0330818	0.0342357	0.00920695	0.035176	0.15459	0.305169	0.0106752	0.00892066	0.00851611	0.0167278	0.0299081	0.0763623	0.0381256	
0.0691423	0.0064615	0.0262712	0.0368779	0.0523314	0.0455216	0.0104375	0.0542456	0.0396408	0.0557959	0.0307734	0.0366533	0.036894	0.0369237	0.0257297	0.013114	0.0416485	0.0476258	0.0587314	0.275181	
0.219572	0.0135785	0.08709	0.0507547	0.0612741	0.0533586	0.0313821	0.0531693	0.0487901	0.0507783	0.0308135	0.0582434	0.0132478	0.046723	0.0260633	0.0166544	0.0323086	0.0193696	0.0592051	0.027624	
0.1245	0.0181497	0.0548908	0.0453996	0.0610085	0.0336283	0.0235574	0.0437108	0.0406916	0.0204214	0.0341113	0.0940161	0.167165	0.0111603	0.00980247	0.0220003	0.0510702	0.0341431	0.0727687	0.0378045	
0.0558597	0.0142574	0.239706	0.065869	0.0640377	0.0306965	0.0173905	0.0392045	0.0470203	0.0418119	0.0335418	0.0788574	0.0325079	0.0326046	0.0289088	0.0326213	0.0469479	0.0157329	0.0643787	0.0180449	
0.266936	0.0157214	0.071905	0.0355527	0.0565922	0.0293158	0.0293805	0.052407	0.050181	0.050969	0.0273569	0.0548646	0.0159532	0.04978	0.0261925	0.0219596	0.0331411	0.0208985	0.061345	0.0295483	
0.0748362	0.0147995	0.0565638	0.039555	0.0202181	0.052159	0.0366058	0.0530917	0.0416734	0.26856	0.0242929	0.0603948	0.0161382	0.0295224	0.02127	0.018922	0.0511486	0.0316572	0.0484743	0.0401171	
0.0937967	0.0165757	0.0350778	0.201381	0.0615	0.0209308	0.0323627	0.047172	0.0367548	0.044314	0.0289627	0.0788292	0.0458503	0.0247331	0.0289898	0.0378223	0.0420248	0.0255462	0.0636645	0.0337116	
0.0678789	0.0138522	0.0583977	0.0448388	0.0529246	0.0525201	0.0253128	0.046968	0.045611	0.0171803	0.0353775	0.0983708	0.189932	0.010094	0.0422404	0.0225828	0.0330261	0.039815	0.068176	0.0349008	
0.154	0.0201881	0.0613922	0.098628	0.0461321	0.0176097	0.0284807	0.0529246	0.0524763	0.0113095	0.012318	0.0685093	0.049561	0.037316	0.03491	0.0385664	0.0476959	0.073279	0.0597751	0.0349281	
0.0790528	0.022994	0.0605843	0.0441614	0.0474675	0.0615344	0.0464996	0.0483842	0.0380962	0.100237	0.0287442	0.0458953	0.0373514	0.0237624	0.00838296	0.152418	0.0247518	0.0487254	0.0606096	0.0203476	
0.106302	0.017863	0.274819	0.0230507	0.0679885	0.019258	0.0155939	0.0503245	0.0490171	0.0455778	0.0332842	0.0290384	0.0289204	0.0311806	0.0269085	0.0406039	0.047403	0.0162177	0.0647662	0.0118826	
0.222362	0.0193996	0.0776818	0.0320266	0.0650942	0.021698	0.02928	0.0451234	0.0512774	0.0420866	0.0338022	0.0458739	0.0163879	0.0433329	0.0336549	0.0776863	0.0376396	0.0198863	0.0574885	0.0282176	
0.0784453	0.0069785	0.0731504	0.0526679	0.0543012	0.0162114	0.015868	0.0453246	0.069244	0.0221217	0.0435196	0.071959	0.0143894	0.0363732	0.210735	0.0368968	0.0362542	0.0435308	0.0319332	0.040096	
0.0649303	0.0163057	0.0681174	0.0352362	0.0584817	0.0595208	0.0329241	0.04819	0.0307535	0.0580257	0.0143164	0.0649567	0.0126249	0.033024	0.0134092	0.0238478	0.238129	0.0368879	0.0574052	0.0329134	
0.0747962	0.0159558	0.0682913	0.0423855	0.066714	0.0489265	0.0271436	0.011605	0.0306834	0.0137544	0.240899	0.0959805	0.0493713	0.0302829	0.0191041	0.0325785	0.0226684	0.0189372	0.058302	0.0316203	
0.0997627	0.00646962	0.0694444	0.0598003	0.0580783	0.0244153	0.107314	0.0572988	0.0562594	0.0591475	0.0300469	0.0499065	0.0343335	0.0504093	0.0678498	0.016351	0.0438931	0.0420626	0.0423894	0.0247673	
0.0869386	0.0139443	0.0609121	0.0391203	0.0223588	0.0457521	0.0340323	0.198539	0.0378186	0.160433	0.0482463	0.0202715	0.0181127	0.0282513	0.0242712	0.0133741	0.0195518	0.0258752	0.0500522	0.0521444	
0.0753868	0.0168698	0.0312787	0.0405433	0.0499945	0.061476	0.223624	0.0599473	0.0435496	0.0890252	0.0289949	0.024992	0.0129243	0.011545	0.0120597	0.0412059	0.0579048	0.0480096	0.0595173	0.0111515	
0.0442668	0.0163104	0.178745	0.0250525	0.0620103	0.104549	0.0560926	0.0430066	0.0433176	0.0474627	0.0296136	0.0842859	0.0350492	0.0336956	0.02378	0.0348388	0.05552	0.0148639	0.0536634	0.0138761	
0.0876546	0.0129302	0.0697202	0.03874	0.0547377	0.0376982	0.0315761	0.0327431	0.206811	0.0486578	0.0340861	0.0171891	0.0331931	0.0257505	0.0798526	0.0377887	0.0258245	0.0445799	0.0460094	0.0344567	
0.0408922	0.0153046	0.0400006	0.0239219	0.0422484	0.0636503	0.033429	0.0293113	0.0442369	0.13712	0.0275772	0.0810867	0.0247752	0.032102	0.0282218	0.0377357	0.0475602	0.161761	0.0488854	0.0401795	
0.183289	0.0135161	0.0403182	0.0332755	0.0568226	0.102178	0.0333075	0.0515377	0.0500871	0.0566446	0.0272724	0.0602491	0.0115914	0.0436761	0.0197648	0.0164335	0.0893775	0.0173618	0.0564534	0.0368443	
0.111347	0.0166766	0.0661058	0.0450053	0.0494817	0.0462831	0.0366889	0.0349547	0.0525956	0.0547695	0.0213002	0.0317475	0.0129885	0.0347598	0.0222782	0.0468845	0.193748	0.0375462	0.0609927	0.0238466	
0.0708518	0.00649733	0.0217638	0.0355162	0.0287344	0.0452312	0.0103344	0.0569049	0.0407053	0.0637648	0.0263945	0.0342643	0.0370648	0.0393035	0.0252503	0.0110898	0.0358642	0.0500535	0.0525441	0.307867	
0.039567	0.0161263	0.0388643	0.0244629	0.0364791	0.0201923	0.0310321	0.0226446	0.0417992	0.037213	0.0292786	0.0850281	0.0394019	0.0308306	0.0352654	0.0388677	0.0438052	0.286956	0.0558431	0.0463426	
0.140681	0.039209	0.0728798	0.0492225	0.0299365	0.0308247	0.031129	0.0504537	0.049284	0.0437799	0.0266571	0.0393436	0.0154545	0.033074	0.0275821	0.105163	0.105737	0.0384878	0.0621426	0.00895912	
0.0483652	0.0117667	0.0195707	0.0295086	0.0515162	0.0371488	0.00656538	0.0189904	0.0112915	0.0306613	0.0311296	0.431549	0.0715017	0.0219404	0.0153564	0.00788328	0.0147657	0.0397194	0.0727336	0.0280365	
0.0744909	0.0153062	0.06408	0.0358113	0.0382005	0.0613326	0.0333383	0.0801892	0.0427329	0.249937	0.0155269	0.0571161	0.00943629	0.0173292	0.0134804	0.0316957	0.0477202	0.0285692	0.0496529	0.0340539	
0.0483037	0.0139519	0.0193979	0.0318937	0.0487485	0.0377711	0.00524581	0.0168285	0.0102151	0.0299742	0.0315785	0.430656	0.0712297	0.0228576	0.0151407	0.00917065	0.0145274	0.0385851	0.075861	0.0280631	
0.247073	0.0142271	0.0478144	0.0411731	0.0590098	0.0632922	0.0310073	0.0569677	0.0435588	0.0514088	0.0286982	0.0593061	0.0141612	0.0480388	0.0241184	0.0175313	0.0373289	0.0223567	0.0579983	0.0349305	
0.227258	0.0150925	0.0427116	0.0465724	0.0499812	0.0270107	0.0289357	0.0638589	0.0456492	0.0579646	0.0266255	0.0659901	0.019438	0.0443073	0.0273728	0.0210958	0.0339354	0.0618527	0.0568223	0.0375256	
0.0732972	0.0158255	0.0465922	0.0355896	0.0365344	0.0475574	0.0351734	0.0833982	0.0369888	0.222259	0.0133087	0.0700385	0.0100085	0.0186246	0.0135947	0.0311536	0.0471864	0.0801209	0.0409024	0.0418458	
0.233037	0.0153597	0.0904547	0.0568294	0.0645444	0.0255705	0.0281566	0.0470928	0.0535444	0.0480612	0.0294874	0.0538577	0.0151085	0.0537026	0.0282467	0.0233676	0.0291946	0.0190305	0.0593849	0.0259684	
0.111514	0.017039	0.0739449	0.0445889	0.0657956	0.0469785	0.0337016	0.0423138	0.0486788	0.0487417	0.0349512	0.0421955	0.0155123	0.0316646	0.0339199	0.13497	0.0701679	0.0377704	0.0561189	0.00943222	
0.0459346	0.00657718	0.0632885	0.0425885	0.0189692	0.070431	0.0379451	0.0503207	0.0477115	0.048971	0.029513	0.0522593	0.0992422	0.029096	0.0322564	0.0620604	0.15932	0.0475791	0.0469134	0.00902257	
0.0634238	0.0118955	0.0516527	0.0414625	0.0610632	0.0347769	0.00836204	0.0325135	0.0313754	0.0104324	0.0356943	0.145466	0.273624	0.0142548	0.00868729	0.00999207	0.0193668	0.0311329	0.0767258	0.0380983	
0.180676	0.00725348	0.069691	0.0547339	0.0503198	0.0417134	0.0269862	0.0688849	0.0543254	0.0413091	0.0295072	0.0566339	0.024747	0.0489734	0.0568311	0.0110893	0.0454472	0.0453217	0.0504665	0.0350896	
0.0790123	0.0180677	0.0203283	0.104988	0.0398186	0.046534	0.0322246	0.0552158	0.0564018	0.0560375	0.0315076	0.0900946	0.0428245	0.0205729	0.0331216	0.0397635	0.046895	0.095274	0.0536342	0.037684	
0.040994	0.0125333	0.0976417	0.0395107	0.0554555	0.182533	0.0503196	0.0366096	0.0341956	0.0504391	0.0302076	0.119584	0.0381595	0.0322915	0.0210426	0.0384233	0.0524989	0.0108654	0.0461757	0.0105195	
0.0815657	0.0174607	0.0735978	0.0398009	0.0425287	0.04813	0.0362428	0.0513979	0.0415969	0.123223	0.00945484	0.0535152	0.0221246	0.0305101	0.0221384	0.0598784	0.0505267	0.026848	0.138273	0.0311861	
0.10932	0.0548381	0.07262	0.04731	0.0495553	0.0206425	0.036924	0.0244424	0.0412243	0.0563439	0.0296329	0.0314965	0.0308582	0.029531	0.00506255	0.203747	0.0347402	0.0407282	0.0634107	0.0175725	
0.0905784	0.0135486	0.0675469	0.0446887	0.0271335	0.047872	0.0297653	0.267705	0.0434706	0.0572752	0.0171179	0.0228615	0.0355681	0.0348399	0.0316689	0.0187601	0.02679	0.0287693	0.0549777	0.0390628	
0.0760058	0.0170992	0.0473105	0.036219	0.0362216	0.0440553	0.0289689	0.105778	0.0386746	0.165504	0.0239324	0.0486762	0.0101317	0.0196043	0.0124042	0.0342328	0.0473191	0.110558	0.0517122	0.0455917	
0.0723358	0.0132497	0.0949659	0.168776	0.0638262	0.0191721	0.0285125	0.0430839	0.083542	0.0384085	0.0299255	0.0626967	0.0341797	0.036614	0.0380032	0.0333265	0.0419774	0.0158996	0.0564017	0.0251033	
0.110017	0.00390423	0.0622452	0.053738	0.0495752	0.0742109	0.0457859	0.0670305	0.0487139	0.0878564	0.0306191	0.0607699	0.0325718	0.0467046	0.0477403	0.00920873	0.0444065	0.0445498	0.0428156	0.0375366	
0.0830983	0.0144839	0.0612723	0.0364899	0.0374768	0.0562156	0.0317692	0.115069	0.0361256	0.21986	0.0235694	0.0493375	0.00823911	0.019551	0.0128126	0.0265073	0.0464287	0.0299183	0.0518702	0.0399057	
0.139264	0.0151096	0.0621451	0.0460779	0.0548176	0.0404688	0.0305327	0.0236419	0.110198	0.0499876	0.0298955	0.0264616	0.0121149	0.0781286	0.0131413	0.0243493	0.121962	0.0286391	0.0609699	0.0320945	
0.114277	0.0105693	0.119806	0.102924	0.0637609	0.0369315	0.0431492	0.0409341	0.0675207	0.0205666	0.0311691	0.0513892	0.0303098	0.0700824	0.0499157	0.0263913	0.0404601	0.0202126	0.0512266	0.00840442	
0.0903928	0.0157797	0.0529045	0.0394905	0.0414025	0.0491903	0.0358419	0.171065	0.0241346	0.104565	0.0155162	0.0471249	0.0234904	0.0279337	0.0126472	0.0342237	0.0620868	0.0628769	0.0530221	0.036311	
0.0610021	0.0116947	0.149198	0.11471	0.0591174	0.0656628	0.0334275	0.0420639	0.0360611	0.0424411	0.0333061	0.0738719	0.0297104	0.0556144	0.0283124	0.0292014	0.0398454	0.0141569	0.0563623	0.0242406	
0.128415	0.0588695	0.0437451	0.0450422	0.049509	0.0202744	0.0225242	0.0515573	0.0431	0.0470559	0.0279066	0.158408	0.0383786	0.0347968	0.0272303	0.0154676	0.046297	0.0353205	0.077054	0.0290481	
0.0384969	0.017301	0.0223438	0.0339395	0.0626172	0.0245351	0.0312845	0.0318738	0.0418089	0.168771	0.0240922	0.0863406	0.0265899	0.0301334	0.0270439	0.0334565	0.0423784	0.157662	0.0503094	0.0490223	
0.0389058	0.0109565	0.0469017	0.0370288	0.0603989	0.0427678	0.00802393	0.0334718	0.0321193	0.00859484	0.034747	0.144276	0.307199	0.0117291	0.00815877	0.00900124	0.0187742	0.03118	0.0776416	0.0381234	
0.0817607	0.00798319	0.0753347	0.0560192	0.0517831	0.0139336	0.0132331	0.0451455	0.0717807	0.0197288	0.0408359	0.0674465	0.0158415	0.0362095	0.190999	0.0650934	0.0367863	0.0451774	0.0310828	0.0338247	
0.0983632	0.0155869	0.0558448	0.0181752	0.0594049	0.0662884	0.0323781	0.0454386	0.0482978	0.0584967	0.0246723	0.0642059	0.00703557	0.0393129	0.0166709	0.0173848	0.221908	0.016764	0.0574483	0.0363229	
0.0803898	0.0172523	0.0683375	0.0179723	0.0560073	0.0537442	0.0304128	0.0455882	0.0377231	0.0564348	0.00864141	0.0844109	0.0220401	0.0125894	0.0305437	0.0401431	0.214414	0.0408136	0.0553579	0.0271837	
0.0363785	0.0147345	0.0366744	0.0219088	0.0388065	0.0231917	0.0324713	0.0234072	0.0437327	0.0789078	0.0283715	0.0747751	0.0314474	0.0312166	0.0289197	0.0386368	0.0410941	0.274977	0.0522283	0.0481203	
0.0807584	0.0120259	0.0722667	0.0505519	0.0534123	0.0174978	0.0242933	0.0489818	0.0692385	0.0208296	0.0419396	0.0695968	0.0153719	0.0268794	0.206475	0.0473153	0.0359603	0.0435476	0.0212463	0.0418122	
0.0514691	0.0122285	0.0200702	0.0295801	0.0511916	0.0383338	0.00623211	0.017449	0.0107045	0.0286702	0.0313917	0.43659	0.0707282	0.0230459	0.016392	0.00683458	0.015463	0.0344737	0.0722387	0.0269132	
0.0515624	0.0117892	0.0186723	0.0310084	0.0542907	0.0339061	0.00550435	0.0194488	0.0105762	0.029843	0.0293732	0.432518	0.0702949	0.0239665	0.0144195	0.00675229	0.0141702	0.0370132	0.0763294	0.0285613	
0.0441879	0.00614037	0.0407656	0.031619	0.0535129	0.238626	0.0349203	0.0533548	0.0411336	0.0624899	0.0309935	0.0825182	0.0431607	0.030822	0.0352378	0.0237812	0.04928	0.0219708	0.036575	0.0389106	
0.0322354	0.00576773	0.0392709	0.0259232	0.0468004	0.320249	0.0357767	0.0457053	0.0379685	0.0561416	0.0304739	0.08304	0.0395611	0.0261438	0.00841675	0.0357738	0.0499059	0.0198554	0.0296713	0.0313195	
0.0828446	0.0174489	0.0315513	0.041754	0.0499588	0.0553309	0.257451	0.055804	0.0487997	0.0502652	0.0298823	0.0272521	0.0151307	0.0103143	0.0139233	0.0391505	0.0596463	0.044627	0.0552745	0.0135904	
0.191103	0.0159275	0.0389739	0.0502834	0.0488751	0.0240491	0.0290649	0.0550558	0.0435692	0.0450813	0.0282794	0.0825505	0.0682597	0.0351842	0.0323278	0.0232039	0.0271836	0.0573764	0.0651998	0.0384519	
0.0526937	0.0122136	0.0200788	0.029506	0.0504586	0.0362986	0.00624964	0.0213233	0.0122813	0.0292084	0.0307693	0.394169	0.0694716	0.0247449	0.016148	0.00739416	0.0148643	0.0385771	0.0759511	0.0575983	
0.0997124	0.017748	0.0700256	0.0473739	0.0554103	0.0281062	0.0339398	0.0677257	0.0420462	0.0549227	0.0281475	0.0250621	0.034182	0.0261044	0.00536049	0.161738	0.0771501	0.0442198	0.0603736	0.0206511	
0.0827913	0.00755637	0.0695049	0.0401051	0.0835758	0.0561076	0.0370408	0.0793956	0.0437601	0.184401	0.0236548	0.061989	0.0158381	0.0312687	0.0205762	0.0140386	0.0535005	0.0250151	0.0561531	0.0137278	
0.083004	0.00792687	0.0717361	0.0477438	0.212446	0.0398863	0.0266039	0.0871001	0.0458576	0.0118567	0.028926	0.0762663	0.0540284	0.0338968	0.0242188	0.0145031	0.0485791	0.0133856	0.0579361	0.0140982	
0.0737515	0.00954597	0.0570751	0.0400073	0.061414	0.0170335	0.0217503	0.0385265	0.033325	0.0251588	0.0314209	0.0965176	0.0503166	0.027018	0.00673068	0.0140171	0.0384475	0.0301129	0.292415	0.0354154	
0.0882884	0.0192669	0.0693878	0.0225456	0.0523559	0.0605075	0.0333952	0.0498704	0.098604	0.0517898	0.0519382	0.0715533	0.033289	0.0170444	0.0138419	0.0426902	0.10298	0.0380445	0.0538037	0.0288034	
0.0891726	0.0202044	0.0609957	0.0473619	0.0220964	0.043279	0.0298317	0.110469	0.0472148	0.0268249	0.0545524	0.0754603	0.0351443	0.0374512	0.0482308	0.0537152	0.0269423	0.0870518	0.0470918	0.0369098	
0.0778547	0.017163	0.0619782	0.0363846	0.0314655	0.05518	0.0226042	0.0524497	0.0442572	0.263494	0.0211765	0.0619443	0.0104946	0.0264919	0.0135311	0.0310071	0.0505975	0.0331184	0.0504461	0.0383615	
0.083815	0.0183397	0.0631076	0.0411987	0.0452884	0.104312	0.0449075	0.0262245	0.0412875	0.0581542	0.0309634	0.0316987	0.0296706	0.0295172	0.00485677	0.19619	0.0338659	0.0429219	0.053484	0.0201963	
0.04341	0.0112099	0.0513368	0.0371128	0.0621862	0.0448164	0.0161463	0.0352317	0.0354508	0.0138417	0.0344649	0.125174	0.270815	0.0104836	0.0102807	0.0116131	0.0419971	0.0309519	0.0729177	0.0405594	
0.099412	0.0253921	0.0596638	0.0428284	0.0505311	0.0510964	0.0370187	0.0477385	0.0423788	0.0633161	0.0286642	0.0437719	0.0503685	0.00837065	0.00871787	0.143075	0.0718227	0.0492137	0.0556267	0.0209932	
0.0302276	0.00723626	0.0344386	0.0277884	0.0459896	0.297578	0.0376006	0.0465207	0.0371166	0.0530177	0.0339948	0.0687457	0.0323943	0.0254232	0.00708098	0.076482	0.0536213	0.0208317	0.0353493	0.0285627	
0.0310404	0.00874309	0.0467522	0.0171854	0.0490962	0.317377	0.0367344	0.0440369	0.0349636	0.0550254	0.0311941	0.0804528	0.0386876	0.0291148	0.007399	0.0430925	0.0482763	0.0187059	0.0294013	0.0327215	
0.0268663	0.00872451	0.0514624	0.0185532	0.0522978	0.31753	0.0370086	0.0431882	0.0348379	0.0520789	0.0284125	0.077777	0.0380287	0.0261837	0.00553214	0.0483644	0.0511781	0.0175519	0.0323047	0.032119	
0.074086	0.0113025	0.0699348	0.0647258	0.0518239	0.0281666	0.0326568	0.0585955	0.066355	0.0397417	0.0358594	0.0627541	0.0307566	0.0676535	0.131791	0.0375851	0.0134503	0.0461601	0.0397897	0.0368117	
0.0373188	0.011786	0.0476829	0.0366479	0.062025	0.0405148	0.00709812	0.0327979	0.0323878	0.00857053	0.0366853	0.150516	0.302001	0.0124373	0.00883413	0.00843937	0.0171163	0.0280146	0.0772087	0.0419176	
0.099956	0.0162685	0.0640266	0.0439141	0.0537429	0.0459099	0.0387024	0.0730972	0.052866	0.059427	0.0244223	0.0230547	0.01033	0.0339838	0.0209416	0.0459307	0.168327	0.0358852	0.0604053	0.0288084	
0.0312177	0.00825776	0.0380588	0.0287468	0.0475222	0.266287	0.0383391	0.0424471	0.036774	0.056565	0.0321062	0.0631801	0.0293831	0.0278324	0.00860872	0.107613	0.0499327	0.0206217	0.0384986	0.0280088	
0.123085	0.0169969	0.0680156	0.0527382	0.019579	0.024914	0.0272007	0.144591	0.0538556	0.0253588	0.0277356	0.0541038	0.0270344	0.0421346	0.0808892	0.0335907	0.0460918	0.0478842	0.0494867	0.034714	
0.0762332	0.0180775	0.0551566	0.039927	0.0634423	0.047603	0.0177862	0.0438313	0.0408128	0.193869	0.0209315	0.0707906	0.0101706	0.0297349	0.0121864	0.035077	0.0493764	0.0817049	0.0524171	0.040872	
0.237543	0.0139834	0.0648465	0.0294207	0.0567007	0.0618867	0.0321747	0.056546	0.0446762	0.0553785	0.0346339	0.0595956	0.0137789	0.043329	0.0224274	0.0178117	0.0412546	0.0218984	0.0570558	0.0350577	
0.155682	0.0139858	0.08228	0.0841388	0.0678348	0.0154032	0.0282821	0.040322	0.122204	0.0407965	0.0304018	0.0495616	0.0211402	0.0353673	0.0347303	0.032844	0.0458122	0.0146313	0.0606893	0.0238927	
0.241054	0.0151251	0.0678184	0.0555267	0.0642065	0.0216567	0.0271676	0.0446044	0.0647697	0.034156	0.028394	0.0216853	0.0127431	0.106728	0.0227547	0.0299239	0.0500843	0.015395	0.0638353	0.0123717	
0.0913356	0.0149907	0.0605826	0.0448091	0.0266873	0.0436587	0.0286508	0.268714	0.0457575	0.0648966	0.0197318	0.0274415	0.0298762	0.0353525	0.0279685	0.0189304	0.0247749	0.0296135	0.0552804	0.0409477	
0.085912	0.0117495	0.0691777	0.133168	0.0630237	0.0178608	0.0301638	0.0412969	0.105119	0.0327411	0.0276218	0.0564741	0.0194542	0.0954838	0.0421778	0.0298628	0.0414256	0.015659	0.0591615	0.0224658	
0.0803143	0.0125476	0.0801901	0.0553036	0.050279	0.0129683	0.0243363	0.0261133	0.0900304	0.0315286	0.036146	0.0590823	0.0269494	0.0383335	0.143781	0.0863412	0.0282855	0.0446547	0.0416856	0.0311293	
0.141384	0.0204655	0.130608	0.0558557	0.107561	0.0138398	0.027986	0.0427512	0.0536821	0.0430134	0.0335123	0.0456698	0.0116423	0.0388272	0.0373208	0.0682527	0.0293541	0.0181767	0.0592167	0.0208802	
0.0815228	0.0152693	0.0652932	0.0415151	0.0667714	0.0528401	0.0191752	0.0445377	0.0399205	0.222158	0.0222219	0.0635478	0.0104213	0.0289422	0.011859	0.0336016	0.0528514	0.0331811	0.0604706	0.0339002	
0.0279052	0.00980658	0.0469579	0.0184204	0.051497	0.32443	0.0360406	0.0454099	0.0348793	0.0558085	0.0305442	0.078207	0.0347223	0.0284966	0.0066181	0.0477267	0.0494048	0.0162833	0.0230683	0.0337737	
0.113828	0.0550672	0.0702774	0.0441116	0.0506817	0.0229409	0.0370684	0.0223464	0.0439441	0.0589734	0.0297053	0.0298361	0.0282384	0.0298481	0.00494651	0.196318	0.03653	0.0436169	0.0620272	0.0196938	
0.0893405	0.00735123	0.0665089	0.0459346	0.226476	0.0424452	0.0309038	0.0671242	0.0472228	0.0316302	0.0316155	0.0671057	0.038387	0.0368556	0.0236439	0.0146423	0.0466863	0.0145838	0.0589614	0.0125811	
0.106928	0.0182325	0.241288	0.057941	0.0654927	0.0217629	0.0160907	0.0441004	0.0494927	0.0422319	0.032572	0.0329494	0.0299228	0.033805	0.0294609	0.0388607	0.0480849	0.0141144	0.064347	0.0123227	
0.238963	0.0159145	0.0921626	0.0540868	0.0599263	0.0269241	0.0275231	0.0508471	0.0567633	0.0450237	0.0287974	0.0528822	0.0116299	0.0516544	0.0274177	0.0214322	0.0307005	0.019117	0.0626461	0.0255877	
0.0893538	0.00805865	0.0721732	0.0439117	0.222694	0.0468963	0.0337574	0.0301365	0.0459742	0.0579189	0.0317366	0.068353	0.0303792	0.0372409	0.0244334	0.0186123	0.0494626	0.0178463	0.0553317	0.0157292	
0.100698	0.021909	0.0678991	0.0498566	0.141796	0.0363357	0.0290585	0.041576	0.0427462	0.0418456	0.0352666	0.0789	0.0546136	0.0344653	0.0273785	0.0248918	0.0401728	0.0336688	0.0687808	0.0281412	
0.148139	0.0154554	0.0732392	0.120083	0.0675637	0.0161863	0.0160987	0.0380055	0.0603572	0.0359737	0.0303342	0.105985	0.026826	0.0451834	0.0341064	0.0343838	0.0445404	0.014034	0.0624704	0.0110343	
0.219308	0.0132448	0.0697692	0.0548385	0.0620435	0.0410514	0.0254781	0.0399372	0.0587054	0.0248363	0.0233124	0.0535845	0.00719628	0.0842248	0.0179836	0.00627395	0.0741718	0.0264263	0.0639237	0.0336899	
0.0827112	0.00807366	0.0681309	0.0477653	0.270493	0.0410403	0.0230189	0.0272472	0.0459665	0.0104114	0.037202	0.0801788	0.0526066	0.0301669	0.0223656	0.0139427	0.0448888	0.012469	0.0681165	0.0132048	
0.0908991	0.0155713	0.128137	0.0964788	0.0545633	0.0958185	0.0328342	0.0472304	0.0294122	0.0500916	0.0314448	0.0736762	0.0313126	0.0233044	0.0243315	0.0356981	0.0428199	0.0160742	0.0532048	0.0270972	
0.143586	0.0139053	0.0629043	0.0444067	0.0625201	0.0450629	0.0336647	0.0277274	0.0755641	0.0489148	0.0251638	0.0518288	0.00853518	0.0494061	0.0101421	0.0211015	0.153021	0.0305921	0.0613905	0.0305622	
0.237214	0.0146068	0.0888374	0.0522103	0.0572622	0.0242965	0.0305361	0.0563579	0.0498081	0.049559	0.0326682	0.0515565	0.015271	0.0519641	0.0272049	0.020152	0.0285167	0.0203509	0.0631263	0.0285015	
0.244695	0.0151892	0.0640527	0.0327132	0.0532067	0.0621304	0.0314749	0.0527648	0.0455725	0.0515898	0.0278247	0.0666448	0.0133434	0.0499103	0.0246366	0.015551	0.0395433	0.0189264	0.0559847	0.0342453	
0.150301	0.0188467	0.0508313	0.0201653	0.0425016	0.0483867	0.0348428	0.0629632	0.0412668	0.0681649	0.0289386	0.066373	0.0339879	0.0331171	0.00619845	0.0371094	0.0504634	0.107965	0.0594386	0.0381387	
0.0275343	0.00786615	0.0507261	0.0178697	0.0540801	0.327914	0.0366959	0.0461992	0.0340848	0.0532075	0.0334468	0.0750442	0.036717	0.0243704	0.00588586	0.0456703	0.0476703	0.0182944	0.0229996	0.0337231	
0.0798657	0.011603	0.0722597	0.0494656	0.0538939	0.0185069	0.0214781	0.0505529	0.0718113	0.0242041	0.0403996	0.0716522	0.0154346	0.0236684	0.206729	0.0494067	0.0373642	0.0427631	0.0190296	0.0399117	
0.0842539	0.00636393	0.0701127	0.0465616	0.273327	0.0411492	0.0234402	0.0260885	0.0441743	0.00974087	0.0380677	0.0843754	0.0493634	0.0332569	0.0214381	0.0137445	0.0429097	0.0116752	0.0660087	0.0139487	
0.0716689	0.00932042	0.0558839	0.039039	0.0595962	0.0155368	0.0203972	0.0356725	0.0344871	0.0238144	0.0308976	0.0998213	0.0513506	0.0277865	0.00614165	0.0164931	0.0386094	0.0282905	0.296023	0.0391699	
0.161223	0.0172156	0.0519651	0.0286287	0.0442171	0.0228907	0.0309015	0.0625585	0.0472281	0.0621242	0.0312428	0.0705779	0.0193594	0.033371	0.0304313	0.0236289	0.0273836	0.133457	0.059575	0.0420199	
0.0774539	0.0259359	0.058012	0.0385525	0.0530219	0.0169803	0.0242493	0.037388	0.0360298	0.0255698	0.0300531	0.0986793	0.0494689	0.0263684	0.00542403	0.0212542	0.042597	0.0308528	0.266086	0.0360226	
0.078228	0.013605	0.0454841	0.0373427	0.019816	0.0512678	0.0340953	0.0866923	0.0391336	0.230118	0.0154362	0.060728	0.0180494	0.0300547	0.0238507	0.0160701	0.0455464	0.0819662	0.0278489	0.0446664	
0.0594128	0.0145364	0.0610452	0.0413766	0.0507457	0.0562578	0.0373885	0.116795	0.0476847	0.0616658	0.026697	0.0302727	0.0129534	0.0293694	0.0238656	0.0448345	0.165947	0.0412228	0.0516713	0.0262581	
0.0789897	0.0146972	0.0509138	0.0456604	0.0199588	0.0353937	0.0209416	0.0298462	0.051549	0.0871552	0.0333018	0.0785802	0.0414681	0.03623	0.0878435	0.0408569	0.0442314	0.119875	0.0445329	0.037975	
0.0503496	0.0140414	0.065493	0.036988	0.0527054	0.0639866	0.0300212	0.0214421	0.0458775	0.0519276	0.02591	0.178656	0.0128272	0.0345006	0.0224567	0.0122968	0.1488	0.0422906	0.059396	0.0300336	
0.180357	0.014609	0.0622274	0.0631394	0.0511401	0.0424952	0.0516883	0.0680381	0.0559465	0.0455051	0.0287939	0.0219929	0.0230416	0.0553402	0.0296554	0.0312262	0.0441088	0.0398047	0.0555798	0.0353099	
0.0486285	0.0164421	0.188626	0.0609764	0.0572339	0.0298584	0.0164044	0.0455103	0.0412722	0.04219	0.0350368	0.106631	0.040235	0.0336983	0.029618	0.0309397	0.0391337	0.0164114	0.0600801	0.0610739	
0.0291873	0.0084056	0.052524	0.0170336	0.0508605	0.323349	0.0350142	0.0450505	0.0355707	0.0564937	0.0301034	0.0773487	0.0364955	0.0277991	0.00686614	0.0472845	0.0496557	0.0169801	0.0216717	0.0323063	
0.119614	0.0123687	0.0755516	0.124802	0.061243	0.0243683	0.0295482	0.0409014	0.10006	0.0173946	0.0300164	0.0454954	0.0100364	0.0826171	0.0501089	0.0295336	0.0446655	0.0223671	0.0557118	0.0235958	
0.0844698	0.0158243	0.0552866	0.0392811	0.0199013	0.0545045	0.0342586	0.0827766	0.0391806	0.267986	0.0168367	0.0546923	0.0132764	0.0283097	0.0198127	0.0169531	0.050929	0.0336978	0.0307427	0.0412798	
0.160686	0.0376074	0.0767074	0.0450771	0.0608216	0.0313378	0.0329663	0.0489892	0.0489578	0.0497566	0.0282414	0.0388232	0.0118006	0.0328924	0.0265595	0.0938422	0.0679213	0.0328321	0.0649226	0.00925775	
0.092097	0.0166174	0.0562372	0.0475276	0.0170276	0.0402288	0.0359947	0.171731	0.0426471	0.0355289	0.0295771	0.0511707	0.0332313	0.0354623	0.0365754	0.0331464	0.0471256	0.085459	0.0553479	0.0372674	
0.113258	0.015164	0.0640847	0.0368884	0.0623039	0.0489994	0.031093	0.0625633	0.0672057	0.0592046	0.0217101	0.0498858	0.0107627	0.0400132	0.0117882	0.0195835	0.161315	0.0308228	0.0609442	0.0324097	
0.105099	0.0521865	0.0754603	0.0414774	0.0491294	0.0231542	0.0347605	0.0204059	0.0443075	0.0564136	0.0349509	0.0526895	0.0285998	0.0300942	0.00558345	0.186115	0.0357359	0.0420322	0.0589389	0.0228658	
0.0636896	0.0148236	0.0666614	0.0316728	0.0549956	0.0600704	0.0371105	0.0343386	0.0325261	0.0631376	0.0205574	0.0705638	0.0128939	0.0322381	0.012084	0.0203386	0.249852	0.0386549	0.052723	0.0310682	
0.198397	0.0158869	0.0891198	0.0611216	0.0609728	0.0235775	0.0282271	0.0506308	0.0545455	0.038167	0.0290688	0.0661015	0.0499545	0.0442785	0.0325975	0.0208015	0.0293692	0.0213176	0.0596314	0.0262332	
0.059029	0.0133847	0.0235981	0.0346499	0.0514142	0.0379688	0.00795191	0.0461281	0.0129742	0.0381102	0.0311759	0.341032	0.0618569	0.0272929	0.0193977	0.00975909	0.016021	0.0346427	0.0723954	0.0612169	
0.109193	0.0153336	0.061184	0.0295706	0.05383	0.0446916	0.0136213	0.0438539	0.0279861	0.0290683	0.0314272	0.0767094	0.0136079	0.207639	0.0203835	0.0302849	0.0486943	0.0385696	0.0541475	0.0502037	
0.064764	0.0143393	0.311426	0.024761	0.0604472	0.0219798	0.0176969	0.0475758	0.0454306	0.0507011	0.0360576	0.0333697	0.0363001	0.0312578	0.0293432	0.0351893	0.0453187	0.0185342	0.0611471	0.0143604	
0.0438727	0.0134197	0.0673608	0.046512	0.0515	0.0580084	0.0269266	0.0146891	0.0456897	0.0472101	0.033044	0.136559	0.0109233	0.0324865	0.0782003	0.112238	0.0555548	0.0500775	0.0509393	0.0247882	
0.0388543	0.0118903	0.0472514	0.0370548	0.0602879	0.0409061	0.00726814	0.0338415	0.0306173	0.00823562	0.0344718	0.152828	0.305885	0.0116467	0.00823082	0.00811445	0.0174747	0.0286805	0.0778739	0.0385869	
0.079865	0.0137155	0.0613352	0.0405776	0.0249579	0.0489877	0.0207676	0.108091	0.0419789	0.192668	0.0277928	0.0552565	0.00996259	0.0316886	0.0443457	0.0256509	0.0521448	0.029871	0.0497006	0.0406426	
0.112831	0.0144943	0.0648141	0.0360631	0.0544777	0.0431224	0.0335303	0.0485404	0.0664686	0.0650104	0.0280758	0.0504557	0.0110369	0.14008	0.0161695	0.0285052	0.0549469	0.0333741	0.0575826	0.0404214	
0.103324	0.0132345	0.0688534	0.149642	0.0651021	0.0168162	0.0280761	0.0418627	0.0914614	0.0312385	0.0289233	0.0564682	0.0217078	0.0735948	0.0411972	0.029202	0.0412657	0.0164776	0.0589194	0.0226334	
0.10624	0.027491	0.0584149	0.0414048	0.0486373	0.0532519	0.0380483	0.0435141	0.0409067	0.0853379	0.0276007	0.0416437	0.0462063	0.00912792	0.00775442	0.143653	0.0523225	0.0478918	0.0593437	0.0212091	
0.207595	0.0137881	0.0609625	0.0297346	0.0560572	0.0676075	0.0348275	0.0465613	0.0532674	0.0522394	0.0246818	0.0560384	0.011741	0.044658	0.0205888	0.017521	0.0900009	0.0186028	0.0587294	0.0347975	
0.146918	0.0152878	0.0627839	0.038698	0.0607115	0.0497342	0.0339842	0.0474735	0.0369837	0.0559831	0.0115691	0.0523513	0.00847093	0.0374779	0.011289	0.0236333	0.18398	0.0308072	0.0601201	0.0317429	
0.0354642	0.0118803	0.0472414	0.0351392	0.0618485	0.0426355	0.0114696	0.0291296	0.0310297	0.00817009	0.0347406	0.146382	0.306259	0.00910037	0.00877286	0.00895203	0.0177888	0.0337432	0.0799957	0.040257	
0.0851453	0.0117468	0.060259	0.0376918	0.0344895	0.0510022	0.0321292	0.227894	0.0245617	0.137081	0.0207451	0.0378135	0.0211889	0.0312924	0.0150696	0.0229737	0.0252424	0.0323495	0.0471866	0.0441385	
0.0774594	0.0233739	0.0527154	0.0559294	0.0431845	0.0198785	0.0306209	0.110488	0.0565505	0.0426494	0.0317402	0.0600187	0.0270382	0.0408771	0.0797751	0.0723844	0.0527475	0.0425189	0.0515201	0.0285302	
0.037858	0.00961523	0.045179	0.0227116	0.0464652	0.269592	0.0352743	0.0519329	0.0384883	0.0671376	0.0316354	0.072603	0.0346847	0.0256177	0.00700959	0.041615	0.0517241	0.0550196	0.0222464	0.0335903	
0.0887508	0.0123111	0.0570332	0.0383164	0.0200798	0.0481746	0.0352729	0.187173	0.0384484	0.176215	0.0477114	0.0206468	0.0157757	0.030186	0.0253208	0.0131555	0.0197046	0.0275316	0.0486469	0.0495447	
0.0642721	0.0166228	0.312213	0.0254627	0.0628637	0.0212349	0.0154897	0.0493784	0.0441419	0.0485355	0.0342251	0.0313774	0.0351481	0.0296203	0.0294023	0.0364082	0.0517783	0.0170908	0.0615077	0.0132274	
0.0350686	0.0145664	0.0253048	0.0282392	0.0310195	0.0237697	0.034516	0.0242315	0.0426052	0.086438	0.025402	0.0853765	0.0317399	0.0315369	0.0323096	0.0379191	0.0444193	0.264924	0.0510581	0.0495555	
0.218468	0.0237963	0.0814247	0.0349078	0.0609244	0.0207329	0.0269341	0.0439855	0.051944	0.0437113	0.0326441	0.0442078	0.0155628	0.0388058	0.0347021	0.0890056	0.0359715	0.0229198	0.0568373	0.0225138	
0.0803623	0.015839	0.0650649	0.0376199	0.0414488	0.0571104	0.0325906	0.0766707	0.0407242	0.246306	0.0157622	0.0546499	0.0098761	0.0183762	0.0130805	0.0321789	0.0467848	0.0307504	0.0507655	0.0340388	
0.0558894	0.0175147	0.0634651	0.0480933	0.0258372	0.070248	0.0359136	0.0415346	0.0454489	0.0601903	0.032754	0.0448639	0.0520335	0.0291078	0.0330882	0.193778	0.0353756	0.0498211	0.0502339	0.0148092	
0.0675125	0.00632598	0.0235062	0.0341384	0.0260696	0.0465179	0.0110126	0.0557606	0.0392994	0.0594143	0.0259051	0.0345292	0.0398783	0.0400048	0.025863	0.0125388	0.0369642	0.0529577	0.0560632	0.305738	
0.107147	0.0130755	0.0525569	0.0327556	0.0439173	0.0406265	0.0215328	0.0489868	0.0333502	0.0286333	0.0311957	0.0747063	0.0104619	0.150728	0.048488	0.0240839	0.0412112	0.0388101	0.0511185	0.106615	
0.0586072	0.0133893	0.0254495	0.0372943	0.0473979	0.0381002	0.0081143	0.0201403	0.0295236	0.0353209	0.0340355	0.33799	0.0639293	0.0282782	0.0224278	0.011758	0.020244	0.0363974	0.0716422	0.0599605	
0.082149	0.0121585	0.0690179	0.0575948	0.0536463	0.0181338	0.0284482	0.0548619	0.0862168	0.0423563	0.0641769	0.0616704	0.024797	0.0390691	0.16216	0.0212041	0.0183408	0.0433785	0.0207728	0.0398468	
0.118944	0.0199713	0.0305049	0.0485577	0.0539086	0.0161893	0.0267504	0.0485528	0.0433034	0.0380728	0.0348682	0.088184	0.142716	0.0256936	0.0294808	0.0663605	0.0301527	0.040787	0.0640423	0.0329602	
0.121144	0.0249362	0.0641109	0.0717887	0.0486206	0.0184989	0.0316017	0.0477078	0.0505168	0.0467008	0.0288734	0.0430806	0.0173227	0.0322195	0.0339145	0.105679	0.0745473	0.0507695	0.0658037	0.0221633	
0.0717956	0.00620318	0.0217534	0.0341358	0.0279101	0.0467276	0.0108126	0.0565158	0.0386721	0.0581758	0.0274059	0.0328096	0.0371752	0.0389272	0.0276854	0.012706	0.0357599	0.0496005	0.0521875	0.313041	
0.0881849	0.01329	0.0522626	0.0402294	0.0414258	0.0488576	0.031729	0.147159	0.0358967	0.143861	0.0252725	0.0539382	0.0192865	0.0306456	0.0174687	0.0144547	0.0427161	0.0632602	0.049049	0.0410131	
0.100197	0.0169891	0.0701244	0.047227	0.049576	0.0241822	0.031708	0.0242109	0.0556905	0.0482558	0.0272722	0.0286805	0.0286422	0.0329697	0.0316273	0.178169	0.0780693	0.04442	0.0580406	0.0239483	
0.240175	0.0134278	0.048265	0.0467761	0.0556248	0.0599564	0.0305624	0.0538194	0.0485398	0.0564102	0.0315009	0.0567591	0.0132333	0.0500749	0.023974	0.0173373	0.0377978	0.0204382	0.0599159	0.0354123	
0.0823161	0.00683999	0.0711907	0.0460355	0.266485	0.0373511	0.0253146	0.0274262	0.0465951	0.00954144	0.0377366	0.0826965	0.0455771	0.0333161	0.023288	0.0136348	0.0453908	0.0135963	0.0727699	0.0128978	
0.0499956	0.0172214	0.0190296	0.125902	0.0476684	0.0541974	0.031446	0.0594762	0.0310561	0.0611268	0.0285621	0.0783016	0.0337047	0.0540794	0.0305561	0.0305192	0.0419964	0.110977	0.0549216	0.0392628	
0.050683	0.012651	0.0181183	0.0324621	0.0501261	0.0390791	0.00617359	0.0184174	0.0095938	0.032104	0.0290776	0.42852	0.0703347	0.0231813	0.0162075	0.00788746	0.0151921	0.0381482	0.0746601	0.0273827	
0.0362055	0.0158329	0.0377846	0.0246542	0.0362655	0.0205299	0.0314287	0.0257151	0.0422886	0.0367766	0.0229096	0.0888498	0.039686	0.0273607	0.0340119	0.0404699	0.0428172	0.294659	0.0570629	0.0446912	
0.0952912	0.0142717	0.0487968	0.0440122	0.0218258	0.0498506	0.0345301	0.22436	0.0367714	0.112779	0.0190989	0.0206053	0.0208198	0.0330551	0.0251555	0.0171101	0.024628	0.0621475	0.0478095	0.0470815	
0.0486697	0.0117565	0.0188514	0.030108	0.049705	0.035461	0.00641276	0.0166415	0.0104884	0.033528	0.0304506	0.432653	0.0721504	0.0230123	0.0152789	0.0068374	0.0142123	0.0395818	0.0752817	0.0289197	
0.0739292	0.00830344	0.0519392	0.0393843	0.059366	0.0157143	0.0239766	0.0388044	0.0342687	0.0259135	0.0291903	0.0987806	0.0517333	0.0272405	0.00618885	0.0141456	0.0411169	0.0303176	0.290862	0.0388242	
0.0922354	0.0132315	0.0726532	0.0487327	0.0501844	0.0196165	0.0272398	0.0240933	0.055929	0.0483396	0.0302184	0.0331187	0.0262309	0.0356193	0.0552709	0.165308	0.0794411	0.0452171	0.0503846	0.0269352	
0.0897673	0.0183636	0.0681567	0.043094	0.0459995	0.0586865	0.0832569	0.0585004	0.0432475	0.145103	0.0148878	0.0471333	0.00946594	0.0679692	0.0130817	0.0317902	0.0565697	0.0225065	0.0543421	0.028078	
0.0424878	0.0163207	0.027932	0.0363931	0.0272302	0.0212753	0.0328865	0.0255397	0.0404125	0.0497395	0.0283799	0.084888	0.0359724	0.0313793	0.0312628	0.0353142	0.041985	0.29132	0.0549832	0.0442978	
0.103045	0.0269483	0.0671313	0.0495145	0.0502314	0.0425526	0.0336574	0.0377413	0.0507942	0.0316026	0.0295749	0.0417667	0.0193641	0.0336607	0.0305099	0.178087	0.053487	0.0442951	0.0542609	0.0217751	
0.0778898	0.00788738	0.0741017	0.0537781	0.0515449	0.0151136	0.0166333	0.0491119	0.0685944	0.0228298	0.0390255	0.0655928	0.0285307	0.0389826	0.191066	0.0520829	0.0310548	0.042769	0.0352331	0.0381777	
