0.0755282	0.00753048	0.0641059	0.0457023	0.0135171	0.0372666	0.00540082	0.00986557	0.0469499	0.411156	0.0334588	0.0807529	0.00823644	0.0232013	0.00607646	0.0231956	0.0477176	0.0155677	0.0182351	0.0265351	
0.0295132	0.00646789	0.0567954	0.0236761	0.0436938	0.0294589	0.0120021	0.0282405	0.0538695	0.0149033	0.0259084	0.081626	0.429394	0.0149799	0.00516912	0.0160313	0.018305	0.034781	0.0447684	0.0304159	
0.0302235	0.00701552	0.0567893	0.0234023	0.0457426	0.0278379	0.00824553	0.0334794	0.0486426	0.0174076	0.0292784	0.0754018	0.432217	0.0193653	0.00539708	0.0161293	0.0141648	0.032143	0.0482284	0.0288884	
0.0741244	0.00876692	0.0627703	0.0411427	0.00861919	0.0360988	0.0101018	0.0129646	0.0505842	0.409574	0.0309655	0.0821894	0.0148694	0.0222538	0.0128675	0.0130882	0.0482142	0.0162307	0.0175458	0.0270288	
0.0453187	0.0036447	0.0702396	0.0539111	0.0135679	0.0654029	0.0141973	0.0275995	0.059327	0.0411076	0.0232936	0.0714476	0.0168892	0.0417078	0.0138978	0.27829	0.0835845	0.0444913	0.0230446	0.00903737	
0.070909	0.00940335	0.0100799	0.027955	0.0376734	0.0342771	0.060479	0.03445	0.0475309	0.0415061	0.0243006	0.0212504	0.028137	0.0290157	0.0088295	0.00930985	0.0355055	0.0504881	0.0449762	0.373923	
0.331508	0.00854558	0.0187848	0.0437724	0.0448146	0.0169088	0.0206266	0.0301527	0.0577371	0.0453014	0.0218693	0.0926798	0.0715775	0.0389812	0.0149551	0.0194616	0.0253735	0.0242668	0.0333873	0.0392958	
0.0789389	0.00737532	0.012743	0.0329705	0.0263345	0.0374854	0.0286109	0.0323037	0.0522673	0.0549262	0.0265821	0.0793902	0.0326794	0.0322879	0.0114487	0.0109909	0.0404408	0.0570268	0.0384948	0.306703	
0.0459892	0.00651998	0.255712	0.0660048	0.0339418	0.1533	0.0093065	0.0205661	0.0420233	0.0499892	0.0277219	0.0824418	0.00518769	0.0435038	0.00950107	0.0758621	0.0225836	0.00731662	0.0239459	0.0185831	
0.401209	0.00723917	0.0287961	0.025302	0.0434829	0.0132385	0.0228653	0.0224081	0.0459365	0.0614358	0.0284297	0.0896819	0.00947129	0.0404955	0.0147666	0.0183274	0.023234	0.0170987	0.0377544	0.0488272	
0.0729043	0.0071043	0.0638344	0.0415679	0.012603	0.0404144	0.00595112	0.0112919	0.0472613	0.405042	0.0328984	0.0879934	0.00667812	0.0227282	0.00573622	0.0226586	0.0526795	0.0149614	0.017835	0.0278564	
0.0572942	0.00742611	0.0359736	0.385165	0.0439807	0.0139477	0.0163686	0.0180477	0.0206442	0.051888	0.0239116	0.0723638	0.0249277	0.0407081	0.0133838	0.0405198	0.0512429	0.0139054	0.0378627	0.0304388	
0.0180319	0.00771443	0.0527344	0.0278673	0.0433385	0.0436659	0.0178606	0.0224683	0.273824	0.0342715	0.00353079	0.0664298	0.156148	0.0263649	0.00470831	0.0226272	0.0571899	0.0470799	0.0374733	0.0366713	
0.0741337	0.00815421	0.00888012	0.0291342	0.039157	0.0332072	0.0575682	0.0281877	0.0454457	0.0415409	0.0246443	0.0216904	0.0299485	0.0297247	0.00685258	0.0106543	0.0385963	0.0535485	0.0441566	0.374775	
0.0689956	0.00662454	0.0463694	0.0404938	0.0265569	0.0371761	0.0206916	0.321831	0.0207431	0.0570462	0.00833181	0.0438463	0.0414851	0.0400212	0.00740448	0.0284565	0.0226928	0.0826869	0.0348723	0.0436739	
0.0270645	0.00631927	0.424103	0.0251664	0.0392863	0.0375794	0.00439507	0.0199741	0.0517055	0.0553448	0.0284892	0.0513173	0.0329804	0.0344904	0.0106227	0.0357858	0.054405	0.0125462	0.0420535	0.00637096	
0.251079	0.0085392	0.0578758	0.152961	0.0384403	0.0121541	0.00977184	0.0186998	0.0420211	0.0455363	0.0232411	0.0691592	0.00686136	0.0575733	0.011444	0.0398605	0.0833803	0.0127788	0.0302933	0.0283309	
0.0949491	0.00721608	0.089043	0.292208	0.0416525	0.0229885	0.0010076	0.0148381	0.0673943	0.0137983	0.0216098	0.0625213	0.004644	0.0765974	0.0327796	0.038929	0.0519238	0.0217774	0.0283923	0.0157296	
0.0336358	0.00844343	0.0507469	0.0405351	0.0440221	0.0461006	0.0202021	0.0111746	0.0856689	0.057856	0.0228458	0.0334327	0.0132625	0.0357074	0.00853861	0.0322307	0.341555	0.0411927	0.0254087	0.0474406	
0.0747994	0.00658857	0.0623495	0.0475024	0.0513547	0.0400569	0.018596	0.00393298	0.0185693	0.0230085	0.324137	0.0884284	0.0503047	0.0405622	0.00612668	0.0240399	0.0220959	0.0205845	0.0391705	0.0377919	
0.0560226	0.00915539	0.0369339	0.378148	0.0420983	0.0145064	0.0156937	0.022402	0.0204849	0.049372	0.0240636	0.0708774	0.0237608	0.0411719	0.0120694	0.0407685	0.0539224	0.0149097	0.0406382	0.0330009	
0.0749369	0.00846351	0.0425405	0.0353257	0.0137505	0.0396104	0.0192062	0.356472	0.0359818	0.0286754	0.00774084	0.0286182	0.0408946	0.043828	0.0128958	0.0168038	0.0228018	0.0945422	0.0363735	0.0405385	
0.0635674	0.00304846	0.00526327	0.0250487	0.0607098	0.0281642	0.214898	0.0275677	0.031516	0.0225	0.0210305	0.0107355	0.0153827	0.0115724	0.0054274	0.00614174	0.0363093	0.049408	0.053826	0.307882	
0.049492	0.00258263	0.0642198	0.05215	0.0100806	0.0606114	0.0112456	0.0276336	0.0621741	0.0306028	0.0179264	0.06385	0.0200386	0.0405955	0.00755778	0.24175	0.169458	0.0423156	0.0185447	0.00717071	
0.0892087	0.0103995	0.0634565	0.0247437	0.0332699	0.0281219	0.014405	0.0248333	0.348224	0.0456524	0.00995035	0.0196644	0.0378052	0.021419	0.0643021	0.033916	0.031774	0.0410283	0.0248487	0.0329774	
0.0680344	0.00495052	0.00622281	0.0252479	0.0645741	0.0280284	0.236234	0.0288603	0.0323572	0.0168754	0.0221493	0.013761	0.0128831	0.0078014	0.00472462	0.0111546	0.0346188	0.0531962	0.0560441	0.272282	
0.0849664	0.00662608	0.0521937	0.0344865	0.041111	0.0418855	0.00300777	0.0308503	0.0191135	0.0202804	0.0261865	0.081225	0.0114812	0.345753	0.00363697	0.0339606	0.0506596	0.049752	0.0352054	0.0276187	
0.0363599	0.00777324	0.0574631	0.0444336	0.0371229	0.051743	0.0210671	0.0210538	0.0478328	0.0543954	0.00791215	0.0595605	0.0113476	0.0401373	0.00369622	0.0481243	0.335881	0.0507246	0.0290354	0.0343363	
0.0784211	0.0455078	0.015254	0.0307152	0.0243931	0.0385835	0.0301858	0.0337924	0.0580875	0.0505986	0.0237429	0.0278708	0.0364085	0.0316362	0.0126922	0.0124323	0.0437728	0.056529	0.0287444	0.320632	
0.054017	0.0066499	0.0199132	0.0123897	0.0237721	0.0172577	0.0227042	0.0648453	0.0484619	0.0150196	0.0191292	0.0643432	0.029791	0.0366707	0.0120734	0.0290351	0.0518066	0.386969	0.0396365	0.0455151	
0.0315141	0.00588879	0.0527477	0.0375943	0.0403006	0.0481503	0.0183917	0.00991423	0.142576	0.0600313	0.0216869	0.0581777	0.00905736	0.0292903	0.00479476	0.0380354	0.283488	0.0382356	0.0281565	0.0419689	
0.0826394	0.00551083	0.0316283	0.0394088	0.0474826	0.0328464	0.0100375	0.00735545	0.0101874	0.0561391	0.0279283	0.455975	0.0318713	0.0385497	0.0147044	0.0139784	0.0180652	0.0284778	0.0397404	0.00747329	
0.0703381	0.00946734	0.0618305	0.0463874	0.0158704	0.0399194	0.00662088	0.0104274	0.0458374	0.41308	0.0284379	0.081123	0.00762171	0.0226148	0.00635019	0.0253054	0.0517292	0.0153479	0.0165697	0.0251209	
0.0794656	0.00506675	0.0293074	0.0381052	0.0401401	0.028748	0.0112714	0.00795734	0.00948582	0.0553613	0.0278616	0.463054	0.0327087	0.0405137	0.0144397	0.0130372	0.0178982	0.036106	0.0427416	0.00673038	
0.306186	0.00584495	0.0302249	0.0192639	0.0411235	0.0152547	0.0211019	0.0389842	0.0488021	0.0429169	0.0215148	0.0850777	0.010248	0.0429403	0.0177291	0.0153601	0.0297512	0.121352	0.0417567	0.0445672	
0.329149	0.00939497	0.0383167	0.0405444	0.0423583	0.0159104	0.0186249	0.0203845	0.0511071	0.0625545	0.0213628	0.0851569	0.00849015	0.0428648	0.0132382	0.0271378	0.083861	0.0196899	0.0347306	0.0351226	
0.0747914	0.00600187	0.0625766	0.0435071	0.0145307	0.0360532	0.00675929	0.0128716	0.0475555	0.409444	0.0346957	0.0783741	0.00597149	0.021007	0.00755914	0.0213988	0.0506961	0.01554	0.018817	0.0318496	
0.0703981	0.00642148	0.116854	0.340958	0.035105	0.0165369	0.00916033	0.0214783	0.0186271	0.0379903	0.0213232	0.0540939	0.0208892	0.0598484	0.0116299	0.0388183	0.0548503	0.011333	0.0403974	0.013287	
0.0911957	0.00193376	0.0575127	0.0569319	0.00814949	0.0519267	0.0144395	0.0239267	0.0632085	0.0276057	0.0206032	0.0763631	0.0840452	0.0360435	0.0107413	0.169488	0.128906	0.0483385	0.02153	0.00710982	
0.0255145	0.00887013	0.0538416	0.0263184	0.0462454	0.039849	0.00873935	0.040294	0.0534263	0.0642333	0.0239249	0.0840429	0.350902	0.023576	0.00531671	0.0142	0.0177498	0.0477952	0.037426	0.0277345	
0.0185432	0.00420833	0.0494899	0.0383277	0.0297344	0.0617009	0.0594881	0.0238697	0.060931	0.0105302	0.0284175	0.0629425	0.174727	0.030683	0.0068805	0.136497	0.10307	0.038414	0.030246	0.0312995	
0.069305	0.00633395	0.0585841	0.0394051	0.00890435	0.0378583	0.00999834	0.0115256	0.0526838	0.421764	0.0293062	0.0839824	0.0151375	0.025541	0.0114405	0.014505	0.0457195	0.0155121	0.015449	0.0270436	
0.131258	0.00710393	0.0810483	0.2912	0.034107	0.012771	0.00384148	0.0138682	0.0170357	0.0258612	0.0209333	0.0474221	0.0105759	0.143317	0.0123232	0.0424797	0.0502362	0.00827184	0.0370267	0.00931941	
0.123148	0.00558171	0.054213	0.0805709	0.0218343	0.0400447	0.00871127	0.0261173	0.0546509	0.013639	0.0157765	0.0653519	0.0137378	0.048912	0.0075638	0.197512	0.144086	0.0426486	0.0205149	0.0153845	
0.0682346	0.00953739	0.0497882	0.0204467	0.0385156	0.03615	0.0140456	0.0271469	0.335636	0.0443594	0.0119489	0.0186165	0.0392961	0.0751501	0.014659	0.0378986	0.0457743	0.0435923	0.032044	0.03716	
0.0257625	0.00541873	0.0566428	0.0451696	0.0288212	0.0618835	0.0262021	0.0115342	0.0670061	0.0261427	0.0262953	0.0234627	0.150552	0.0342989	0.0144881	0.206884	0.110036	0.0382987	0.0218191	0.0192814	
0.137861	0.00610513	0.011829	0.0338619	0.0292271	0.0132263	0.0184381	0.0400178	0.0543756	0.0355143	0.0210247	0.0704774	0.00823795	0.0361019	0.0116181	0.0261786	0.127265	0.233847	0.0384409	0.046353	
0.0920891	0.0065502	0.0793362	0.157111	0.0452236	0.0375739	0.00396796	0.0167305	0.0431893	0.0494604	0.0226668	0.150745	0.0297166	0.0485953	0.0147894	0.0349893	0.0471944	0.0867064	0.0286254	0.0047391	
0.213116	0.00800892	0.0536819	0.103924	0.0267952	0.0306011	0.0108033	0.0301992	0.0188152	0.03206	0.00633977	0.0733796	0.00740975	0.053992	0.00236956	0.124786	0.114016	0.0473963	0.0223727	0.0199334	
0.0739146	0.00673825	0.0595543	0.0410817	0.0102309	0.0379552	0.0110718	0.0211852	0.0483552	0.42272	0.0154017	0.086844	0.0151337	0.022584	0.0122784	0.013024	0.0513116	0.0145677	0.00844387	0.0276037	
0.0206396	0.00979816	0.0516239	0.00972207	0.0528823	0.0225599	0.0170206	0.0241798	0.0570585	0.321556	0.0627805	0.0867802	0.0232701	0.0247335	0.0142956	0.026953	0.0473448	0.0707165	0.0217532	0.0343318	
0.222802	0.00781899	0.0265972	0.105351	0.0257747	0.0118163	0.00929322	0.0232831	0.0470425	0.0343399	0.0180159	0.0750756	0.00822624	0.056753	0.00954622	0.145276	0.11244	0.0175277	0.0239563	0.0190642	
0.100501	0.0114568	0.0612751	0.0565954	0.0425594	0.0146347	0.014177	0.00927642	0.20897	0.0495741	0.0255087	0.0627543	0.0342883	0.0311002	0.105311	0.0625387	0.0184078	0.0362858	0.0223471	0.0324383	
0.0998592	0.00959473	0.0369708	0.0107511	0.0536251	0.0218009	0.0199536	0.0214367	0.05081	0.13797	0.0308468	0.0864522	0.0303233	0.0347954	0.0174368	0.0248102	0.0527405	0.192443	0.0306221	0.0367576	
0.0310467	0.00599756	0.309747	0.0865063	0.0439761	0.121871	0.00325669	0.0164546	0.0482572	0.0487368	0.0263996	0.0539563	0.0235286	0.0369663	0.0107458	0.0416848	0.0507636	0.00807768	0.0266251	0.00540192	
0.0855614	0.0098512	0.0661791	0.0640275	0.0472762	0.107934	0.0201408	0.00746399	0.0216862	0.0498408	0.0286044	0.0809127	0.0610027	0.0392875	0.0776707	0.0371193	0.105038	0.0355923	0.0231185	0.0316931	
0.153811	0.00840122	0.0194953	0.0388978	0.0375438	0.0659249	0.0194026	0.0446741	0.0489951	0.0388881	0.0298704	0.0812562	0.0741682	0.0362974	0.0166635	0.0148762	0.0204981	0.175863	0.0339575	0.0405158	
0.0185205	0.00565691	0.051748	0.0348172	0.036	0.06618	0.0270753	0.0227432	0.0731272	0.00835602	0.0304	0.0702913	0.288038	0.0259021	0.0137871	0.0693282	0.0619261	0.0355315	0.0313396	0.029232	
0.409662	0.00670949	0.0169853	0.0448256	0.0460769	0.0141931	0.0187554	0.0235115	0.0446855	0.0561406	0.0253838	0.0832894	0.00972649	0.0419335	0.010976	0.018148	0.0239013	0.0156823	0.0445282	0.0448852	
0.141371	0.00906379	0.155827	0.0892281	0.0531725	0.0851402	0.0100101	0.00505763	0.0503044	0.0180293	0.02564	0.0999823	0.0291778	0.041356	0.0135762	0.0413687	0.0495267	0.0402628	0.0260435	0.0158614	
0.0739785	0.0104596	0.0566513	0.0427427	0.0403991	0.101492	0.0181297	0.0247096	0.0777402	0.0123442	0.0226491	0.0750269	0.174183	0.0133816	0.0683647	0.0456548	0.0620582	0.0402158	0.00487333	0.0349458	
0.0519497	0.00439614	0.00684061	0.0207194	0.00709399	0.0150635	0.0165781	0.147757	0.0430463	0.0171396	0.0109618	0.0375503	0.0294244	0.0370897	0.00863706	0.02748	0.042044	0.387376	0.0454748	0.0433773	
0.0898808	0.0072428	0.055207	0.0568874	0.0426943	0.0152176	0.01614	0.0341414	0.0315625	0.0621337	0.0114496	0.113187	0.0287679	0.0432132	0.270014	0.00911354	0.02052	0.0500784	0.00944619	0.0331028	
0.0893175	0.00548137	0.0262361	0.0385235	0.0443826	0.0294767	0.00987119	0.00919696	0.0126092	0.0503255	0.0299461	0.461318	0.0326178	0.038517	0.0153829	0.0147748	0.0189415	0.0329176	0.0325255	0.00763832	
0.0862725	0.00584659	0.0263001	0.0330425	0.0424327	0.0335917	0.0563043	0.0105562	0.0116679	0.0648269	0.0259233	0.392276	0.0369901	0.033649	0.0210011	0.0141833	0.019696	0.0381778	0.0378784	0.00938318	
0.0958078	0.00343311	0.0321247	0.0290954	0.0484281	0.208035	0.0183568	0.0354896	0.0507486	0.0550906	0.0324359	0.0781712	0.0333502	0.0345324	0.00454987	0.0210102	0.0528768	0.0977643	0.0196522	0.0490471	
0.0266328	0.00584279	0.0788456	0.0171732	0.0384918	0.306498	0.0179021	0.0271907	0.049803	0.0535261	0.0295472	0.0783623	0.0353123	0.0421457	0.00214876	0.0489183	0.0752465	0.0242761	0.0086745	0.033462	
0.0659414	0.00312514	0.00483521	0.0223794	0.100174	0.0266722	0.186885	0.0241166	0.0356227	0.0290787	0.0226632	0.0118412	0.0179112	0.0142495	0.00629497	0.00697721	0.0353565	0.04174	0.0551617	0.288974	
0.171012	0.00621532	0.0221327	0.0135238	0.0237009	0.0139036	0.0192328	0.0614683	0.0405199	0.013888	0.00894498	0.0721828	0.0230119	0.0363889	0.0125635	0.0302696	0.0537962	0.291281	0.041634	0.0443299	
0.08467	0.00658317	0.0283506	0.0392703	0.0409701	0.0291677	0.00999197	0.00687692	0.0111991	0.0603899	0.0266076	0.460183	0.0371508	0.0358635	0.0134622	0.0146167	0.0163543	0.0361298	0.0342605	0.00790205	
0.0491313	0.0047849	0.0617256	0.0609052	0.0244798	0.0532796	0.0155517	0.0266465	0.0579682	0.0184178	0.0198411	0.0611762	0.020374	0.0428824	0.0071406	0.247225	0.160287	0.0455785	0.00722951	0.0153747	
0.0810842	0.00938972	0.057687	0.0572012	0.0672193	0.0425109	0.0140439	0.0108427	0.0479974	0.197292	0.0292055	0.0895805	0.0125568	0.124789	0.0124571	0.0127673	0.048134	0.0195896	0.02699	0.0386621	
0.0723431	0.00194127	0.0607505	0.0514954	0.3749	0.03342	0.0131826	0.00641918	0.0434858	0.0125966	0.0254268	0.0844989	0.0406182	0.0381596	0.0108432	0.0112961	0.0403912	0.0144853	0.0468904	0.0168556	
0.0616187	0.00171623	0.0384988	0.0403747	0.0431078	0.00810646	0.0206198	0.0238264	0.0355761	0.0107411	0.0202755	0.0704041	0.0364639	0.0331324	0.00156581	0.00931279	0.0292136	0.0419861	0.431404	0.0420556	
0.0398659	0.00620969	0.053229	0.0482453	0.026984	0.0626637	0.0146963	0.0272088	0.0468013	0.044633	0.00925549	0.0520057	0.0156576	0.0359221	0.00471982	0.122413	0.303239	0.038809	0.0244204	0.0230218	
0.0458554	0.00703864	0.0142717	0.0215721	0.016977	0.0222302	0.0197168	0.0512534	0.0511374	0.0885488	0.0215945	0.0759972	0.0286735	0.037285	0.013007	0.0242002	0.0522551	0.333556	0.0375035	0.0373268	
0.0741797	0.00680753	0.0557436	0.0338397	0.0498015	0.0456668	0.0189063	0.0226599	0.0428256	0.246736	0.138068	0.0756665	0.0074019	0.0130188	0.00571003	0.0279135	0.047277	0.0258885	0.0270152	0.0348738	
0.0624022	0.00271279	0.102736	0.0488013	0.0353936	0.172719	0.0127989	0.00967817	0.0400855	0.0437171	0.0301843	0.103525	0.0302024	0.0463548	0.0013047	0.14024	0.0427508	0.0313499	0.0218559	0.0211872	
0.024794	0.00151251	0.055858	0.0427301	0.0072591	0.0703128	0.0184345	0.025017	0.0850932	0.0322641	0.0185192	0.0509948	0.0746695	0.0325574	0.00962119	0.131428	0.250435	0.042371	0.0207621	0.00536581	
0.223502	0.00808916	0.0455455	0.056289	0.0357822	0.0295471	0.0127872	0.00493772	0.0437456	0.0393517	0.0301331	0.219044	0.0332014	0.0486151	0.0135703	0.0486439	0.0209258	0.036229	0.0290821	0.0209781	
0.0241327	0.0041453	0.175367	0.0316423	0.0373557	0.279372	0.0113029	0.024236	0.0481489	0.0556469	0.0271171	0.0683979	0.0266137	0.0374826	0.00450384	0.0308261	0.0621037	0.0142161	0.019461	0.0179282	
0.0280454	0.00402585	0.0813676	0.0158248	0.0409155	0.307802	0.0173541	0.0254352	0.0533323	0.0576236	0.0264014	0.0730604	0.0295879	0.0379901	0.00352305	0.046766	0.0721627	0.0215585	0.0191875	0.0380363	
0.0752342	0.00773683	0.0608339	0.0418078	0.0294135	0.0412136	0.0105721	0.010257	0.0469619	0.400293	0.0283814	0.0809479	0.00779975	0.0141905	0.00678455	0.0245595	0.0470688	0.0138286	0.0196862	0.0324294	
0.029247	0.0057624	0.0541201	0.0312709	0.04504	0.0483355	0.0155411	0.00652849	0.230303	0.0541924	0.0158718	0.0624907	0.0124116	0.0280846	0.00372923	0.0341614	0.205767	0.0397368	0.0347253	0.0426808	
0.0407164	0.00873675	0.055205	0.00696088	0.0490587	0.00784786	0.0132325	0.0314442	0.0445138	0.0254304	0.0320895	0.0757152	0.474363	0.0202756	0.00780225	0.00950378	0.00855838	0.0101251	0.0477685	0.0306523	
0.0363285	0.00572656	0.0529731	0.0485141	0.0369706	0.0549189	0.0169643	0.0226227	0.0463724	0.0579679	0.010173	0.0575901	0.0120766	0.0427537	0.00492139	0.0482397	0.341687	0.0425833	0.0277894	0.0328268	
0.0777667	0.00631622	0.0793368	0.0227098	0.0423374	0.260956	0.0169188	0.0296323	0.0498343	0.0513764	0.0271054	0.0780582	0.0293793	0.0394551	0.00268087	0.0521601	0.0630612	0.02568	0.00850256	0.0367323	
0.215216	0.00752425	0.0845613	0.239507	0.0344793	0.010027	0.00243675	0.0180936	0.0354108	0.0414247	0.0226163	0.0290673	0.0126997	0.083495	0.0116437	0.0475989	0.0568194	0.00703342	0.034534	0.00581108	
0.0716039	0.00750562	0.0637554	0.0389536	0.0267971	0.036363	0.0123023	0.0124801	0.0430438	0.406734	0.0323203	0.0871015	0.0066457	0.0160734	0.0070177	0.0183568	0.048145	0.0165614	0.0165947	0.031645	
0.346546	0.00754398	0.0218331	0.0689131	0.034456	0.0133026	0.0185411	0.0230346	0.0445917	0.0484567	0.0241023	0.0869709	0.00956679	0.0491002	0.0122386	0.0707003	0.0411297	0.015466	0.0270309	0.0364751	
0.105635	0.00279848	0.0571987	0.0722591	0.00899025	0.0514616	0.00815701	0.0245418	0.0613737	0.0300541	0.0159696	0.0599761	0.0129364	0.0459167	0.00610497	0.181074	0.189639	0.0414717	0.017981	0.00646078	
0.406143	0.00776528	0.0206244	0.0436163	0.0468334	0.0152419	0.0202061	0.0218787	0.0443489	0.0514335	0.0260788	0.0864779	0.00893025	0.0416736	0.0136121	0.0181902	0.0237145	0.0169189	0.0415909	0.0447212	
0.0696977	0.00766759	0.0405673	0.0458216	0.0246704	0.0398365	0.0220191	0.335675	0.0188688	0.0196949	0.0079507	0.0520114	0.0458972	0.0474768	0.00720769	0.0262753	0.0228102	0.0772421	0.0357816	0.0528285	
0.0911572	0.00179419	0.0378838	0.0404988	0.044748	0.00783297	0.0514525	0.0301462	0.0419697	0.127318	0.025485	0.231995	0.006424	0.0350282	0.0732235	0.00827101	0.0379067	0.0493942	0.0255946	0.0318767	
0.341998	0.00887825	0.0209798	0.0694262	0.0364929	0.0108044	0.0154764	0.0256248	0.0477977	0.0468226	0.0252414	0.0868843	0.00801622	0.0491927	0.0114332	0.0726567	0.0403798	0.0167549	0.0323645	0.0327758	
0.112248	0.00764174	0.0826011	0.280496	0.0370964	0.0208666	0.00136169	0.0175294	0.0109659	0.013452	0.023614	0.0589835	0.0053664	0.156721	0.00754445	0.0394379	0.0495466	0.019303	0.0443586	0.0108661	
0.072389	0.00801515	0.0618969	0.0378848	0.0268059	0.0412419	0.0135626	0.0193084	0.0458544	0.401607	0.0193519	0.0826585	0.00728236	0.0143001	0.00715775	0.0199875	0.0511484	0.0160422	0.0214679	0.0320372	
0.0262404	0.00285626	0.0572361	0.0296921	0.0387137	0.284599	0.0157484	0.0318524	0.052055	0.0439579	0.020532	0.0652785	0.0411887	0.0409142	0.00355615	0.0902415	0.0928487	0.0203053	0.0146242	0.0275599	
0.0436127	0.00583904	0.0690651	0.0553142	0.0349685	0.0599794	0.015229	0.0275069	0.0505029	0.019013	0.026232	0.0683771	0.0195713	0.0430135	0.0141789	0.286012	0.0748046	0.0418322	0.0240239	0.0209235	
0.0832627	0.00589934	0.055758	0.041342	0.218026	0.0412875	0.00718393	0.00604903	0.0493695	0.151327	0.0338664	0.0852059	0.00793184	0.0460403	0.00420161	0.0253834	0.0507712	0.0208859	0.0301861	0.0360221	
0.0426083	0.00709626	0.28383	0.201011	0.0410027	0.0323605	0.00338945	0.0149556	0.0445593	0.0470153	0.0223158	0.033008	0.0202326	0.0535034	0.0120885	0.0369711	0.0511127	0.0085677	0.0391437	0.00522856	
0.0396323	0.00136237	0.0611236	0.0326828	0.0322427	0.212579	0.0199613	0.0813844	0.0580347	0.0534542	0.0197639	0.0171141	0.0304773	0.0377776	0.000619039	0.0413563	0.162553	0.0470992	0.0205432	0.0302388	
0.068569	0.00332656	0.0540759	0.0461077	0.286715	0.0429804	0.016114	0.00686614	0.048325	0.0423749	0.0339793	0.089282	0.0310191	0.0386229	0.0118219	0.012839	0.0432952	0.0659336	0.0435909	0.0141611	
0.0689607	0.00806968	0.0504386	0.0176383	0.044326	0.0406867	0.0173652	0.0139328	0.369495	0.0506853	0.0214591	0.0240632	0.0446887	0.020682	0.015509	0.0293031	0.0483882	0.0378833	0.0351237	0.0413013	
0.183859	0.00661585	0.0635573	0.213703	0.0302339	0.0110341	0.0063528	0.0166679	0.0383142	0.0364386	0.0175953	0.0578391	0.00524141	0.0709272	0.0103541	0.0861902	0.0925487	0.0100106	0.0251487	0.0173679	
0.410662	0.00888271	0.0257937	0.0225017	0.0404306	0.0123318	0.0239272	0.0202803	0.0482523	0.0647737	0.0257685	0.0811471	0.00853779	0.0405713	0.0145664	0.0176271	0.0222107	0.0178126	0.0480885	0.0458342	
0.0709907	0.00353297	0.0574721	0.0497191	0.345419	0.0379651	0.0163061	0.00668908	0.0425181	0.0400339	0.0276007	0.0843781	0.0320224	0.0394997	0.0105085	0.0106609	0.046358	0.0210938	0.041832	0.0154	
0.10165	0.00685203	0.0254378	0.0546295	0.032442	0.0473104	0.00640563	0.0672221	0.0129154	0.0513339	0.0258865	0.201375	0.0311771	0.0471298	0.00981708	0.0949106	0.0965136	0.0557404	0.021906	0.00934521	
0.227802	0.00866806	0.0473047	0.0670657	0.0440577	0.0335785	0.0175525	0.00809488	0.0568977	0.0515434	0.0255757	0.0893966	0.00654402	0.0427538	0.012455	0.0132309	0.121347	0.0474557	0.0370982	0.0415785	
0.41124	0.00830754	0.0266904	0.0285091	0.0454523	0.0139353	0.0204721	0.022375	0.0425657	0.0605685	0.027874	0.087818	0.00859501	0.0407806	0.0130325	0.0190403	0.0223511	0.0160122	0.0403609	0.0440197	
0.264213	0.0086993	0.0280094	0.0536304	0.0457699	0.127241	0.0179695	0.0218365	0.0496431	0.0631492	0.0270171	0.091877	0.0135531	0.0383418	0.0107689	0.0212274	0.0277125	0.0194631	0.0287429	0.0411348	
0.0231168	0.00751271	0.0464833	0.0124674	0.0525155	0.146507	0.0209849	0.0243948	0.0491392	0.104607	0.0876478	0.0718706	0.0299374	0.0334074	0.00799686	0.0312899	0.0556804	0.128772	0.0176349	0.0480341	
0.0622903	0.00692342	0.0493021	0.0139948	0.042888	0.0494221	0.0161367	0.00850028	0.186591	0.0498832	0.0185135	0.103442	0.0308652	0.0121055	0.00455119	0.0534294	0.177402	0.0441331	0.0308861	0.0387399	
0.0536614	0.00460524	0.0068026	0.0171076	0.0067982	0.0139583	0.0189598	0.148484	0.0408335	0.017993	0.01177	0.0414679	0.0285692	0.0357949	0.00844608	0.0265475	0.036501	0.394716	0.0457227	0.0412604	
0.0732563	0.00282516	0.0614132	0.050573	0.370162	0.0354151	0.0137883	0.00642862	0.0492076	0.0119783	0.0255844	0.0777185	0.0403148	0.0382392	0.0107785	0.012456	0.0389028	0.0146496	0.0478799	0.0184289	
0.0625575	0.00132993	0.0383025	0.0371353	0.0456317	0.00802604	0.0202787	0.020444	0.0358608	0.0121666	0.019922	0.066211	0.0349484	0.0346017	0.00196867	0.00834834	0.0281776	0.0366089	0.443607	0.0438732	
0.424872	0.00698943	0.0264781	0.0267118	0.0446788	0.0135205	0.0213255	0.0235693	0.0477784	0.054963	0.0239438	0.0836311	0.00898354	0.0383661	0.0134602	0.0186122	0.0246805	0.016474	0.0393945	0.0415672	
0.0610404	0.00129887	0.0383595	0.038676	0.0439033	0.0079098	0.0217701	0.0250729	0.0383944	0.012539	0.0204035	0.0679643	0.0370136	0.0349995	0.00181987	0.00809148	0.027567	0.0397383	0.431036	0.0424019	
0.0718718	0.00653905	0.0564528	0.043655	0.0297197	0.0380251	0.0152704	0.0115906	0.0485496	0.402675	0.0284996	0.0844047	0.00697554	0.0138087	0.00788008	0.0211284	0.0470853	0.0134769	0.0184348	0.0339565	
0.0252451	0.00682816	0.0308755	0.0129931	0.0398184	0.129895	0.0216797	0.043739	0.0510188	0.0626068	0.0415623	0.0740034	0.0363158	0.0363004	0.00206119	0.0269926	0.0578385	0.241266	0.00671795	0.0522426	
0.0455049	0.00907735	0.0308817	0.0116637	0.0455082	0.0276381	0.0218932	0.0317384	0.0498074	0.113172	0.0336811	0.072597	0.0283907	0.0327312	0.0152252	0.0284064	0.0517578	0.278507	0.0310302	0.0407885	
0.0294526	0.00665659	0.0522596	0.0360737	0.0420812	0.041996	0.0191482	0.00747126	0.200351	0.0580534	0.0174223	0.0595869	0.011876	0.0263938	0.00414343	0.0351213	0.244654	0.0390099	0.0300203	0.0382286	
0.0816514	0.00751823	0.0580162	0.0381849	0.0391621	0.0484474	0.00924493	0.0266256	0.0548726	0.0150208	0.030442	0.0791601	0.276098	0.027839	0.00752445	0.0635599	0.0289618	0.0515294	0.0319597	0.024181	
0.0285226	0.00618878	0.248998	0.0631254	0.0410663	0.16585	0.00306234	0.0153222	0.0483229	0.0517029	0.0285468	0.102516	0.0287613	0.0351956	0.00753136	0.043119	0.0464821	0.01027	0.0208121	0.00460419	
0.026937	0.00531065	0.0813278	0.0135313	0.0398934	0.303573	0.0210298	0.0273858	0.0482294	0.0562569	0.0258292	0.0642146	0.0359026	0.0360403	0.00332996	0.0530898	0.0733082	0.0252623	0.0199708	0.0395775	
0.0767104	0.0105071	0.0561348	0.0337122	0.0356422	0.0371622	0.000532434	0.0165478	0.367655	0.00711671	0.0148474	0.0599388	0.0342453	0.0174124	0.0304135	0.0430451	0.073154	0.0370511	0.026847	0.0213241	
0.075376	0.00738731	0.0637123	0.0434885	0.0272629	0.0364806	0.0125811	0.0184708	0.0476032	0.404731	0.0169132	0.0855089	0.00768976	0.0153478	0.00700957	0.0229586	0.0454994	0.0147172	0.0154157	0.0318459	
0.171036	0.0178754	0.112399	0.116212	0.0336522	0.0151376	0.00323629	0.0148595	0.141487	0.0699797	0.02202	0.0641794	0.00875157	0.050332	0.0243261	0.026368	0.0430483	0.0113017	0.0247119	0.0290852	
0.0659001	0.00563883	0.0275218	0.0253183	0.00784436	0.0333993	0.0186817	0.289418	0.0366902	0.0251618	0.00551107	0.0199448	0.0369933	0.0380594	0.0128786	0.0098954	0.013572	0.240627	0.0442025	0.0427414	
0.0420942	0.00523443	0.0604635	0.0573755	0.0261763	0.0591204	0.0122015	0.0143319	0.0395899	0.0363566	0.0205636	0.0539754	0.0153673	0.0381292	0.00359209	0.171155	0.263105	0.039898	0.021954	0.0193164	
0.0396778	0.00413178	0.0558218	0.0418269	0.0252981	0.0604828	0.0130005	0.0197205	0.12025	0.0367103	0.00870169	0.0509269	0.0190787	0.0299842	0.00345333	0.159706	0.232844	0.0415166	0.0219416	0.014926	
0.035892	0.0049248	0.0585045	0.0478316	0.0332772	0.0606191	0.0130283	0.0153669	0.0786663	0.0456317	0.0155127	0.0324327	0.0128831	0.0369315	0.00662892	0.0917678	0.31998	0.0415971	0.0246115	0.0239127	
0.415923	0.00847413	0.028471	0.0258037	0.0504356	0.0140678	0.0214421	0.0217898	0.0419328	0.0527617	0.0261351	0.0852401	0.00912354	0.0382336	0.0135261	0.0197297	0.0212552	0.0191233	0.0411755	0.0453564	
0.0790163	0.00481663	0.0289317	0.0331189	0.044683	0.0281981	0.00953915	0.00901871	0.0105204	0.0536798	0.0305379	0.457945	0.035832	0.0411931	0.0139662	0.0148983	0.0178603	0.0343966	0.0438197	0.00802849	
0.0786051	0.00825695	0.0564742	0.0395406	0.0426837	0.042455	0.00364816	0.0293835	0.0176348	0.0178543	0.0222585	0.0751334	0.0110184	0.359011	0.00462892	0.0296108	0.0494173	0.0489474	0.0394264	0.0240111	
0.0269673	0.00854958	0.407553	0.0284028	0.0444672	0.0414562	0.00342467	0.0198371	0.0570987	0.0548149	0.0290914	0.0470355	0.0388961	0.0367683	0.0116578	0.0350242	0.0526935	0.0130557	0.0364664	0.0067391	
0.0427086	0.00463982	0.0594371	0.0513094	0.0253284	0.0617569	0.0126593	0.0163001	0.0410614	0.033104	0.0160324	0.0527925	0.0166886	0.0433011	0.00359124	0.172909	0.268216	0.0374021	0.0219637	0.0187982	
0.0309092	0.00888299	0.0529693	0.0244149	0.0408903	0.0304848	0.0137768	0.0334313	0.0504819	0.0176663	0.0263174	0.0748053	0.434109	0.011486	0.00514702	0.0168161	0.0150869	0.0349048	0.0459847	0.0314347	
0.0869365	0.0102491	0.05853	0.0567647	0.0140992	0.0298985	0.00785651	0.075071	0.0605638	0.233131	0.0243257	0.0848771	0.00900005	0.043027	0.0645273	0.0258833	0.045766	0.0148306	0.0238595	0.0308035	
0.088717	0.00205425	0.0523678	0.0649099	0.023132	0.0251615	0.0121497	0.0617053	0.0511201	0.0318438	0.0166545	0.0330136	0.0328894	0.0442685	0.00179233	0.176465	0.188101	0.0560231	0.0185948	0.0190367	
0.0890703	0.00795521	0.0911989	0.33486	0.0378808	0.0116403	0.00456986	0.0167709	0.0168945	0.0298546	0.0188062	0.0549188	0.0131226	0.113762	0.0119677	0.0348886	0.047488	0.0093657	0.0407218	0.0142633	
0.0272948	0.00667639	0.0833916	0.015235	0.0362224	0.309887	0.0197301	0.0296354	0.0541526	0.0517964	0.0267159	0.0744402	0.0347999	0.0349952	0.0026997	0.0461015	0.0704014	0.0190739	0.0181576	0.0385933	
0.0707026	0.00792666	0.0417121	0.0327028	0.0670489	0.0423227	0.0194702	0.028347	0.05153	0.25192	0.0203537	0.0898882	0.0208179	0.0371496	0.0136436	0.0134136	0.0454255	0.0875202	0.0102927	0.0478123	
0.107983	0.00617314	0.0103532	0.0248979	0.0122107	0.0150241	0.0181441	0.0553763	0.0420551	0.0214242	0.0191233	0.0645244	0.0300403	0.0350528	0.0150666	0.0293742	0.0614214	0.357622	0.0374708	0.0366617	
0.0322589	0.00702355	0.0509829	0.0226741	0.0494197	0.0294812	0.0136411	0.0284063	0.0505917	0.0156363	0.0268264	0.0773126	0.424233	0.0122422	0.00462089	0.0185749	0.0192236	0.0351116	0.049404	0.0323352	
0.0655076	0.00721573	0.025326	0.0234711	0.00650329	0.0309693	0.0168107	0.2342	0.036371	0.0532135	0.00555742	0.0185312	0.0362031	0.0331797	0.0113177	0.00838389	0.0163098	0.283949	0.0402891	0.0466913	
0.0707292	0.00855427	0.0647876	0.0433213	0.00885694	0.0397393	0.0115195	0.0232216	0.0447229	0.413685	0.0155726	0.0892469	0.0164855	0.0208465	0.0109778	0.0142802	0.0506392	0.0162124	0.00828973	0.0283114	
0.029948	0.00473777	0.0568888	0.0134718	0.0399299	0.249795	0.0174681	0.0358547	0.0527325	0.0576843	0.0328612	0.0711034	0.0416544	0.0357969	0.00288761	0.0440591	0.067059	0.0957154	0.00705399	0.043298	
0.0722406	0.00775075	0.0606326	0.0358192	0.0274904	0.0415886	0.0106476	0.010079	0.0499325	0.409547	0.0336588	0.086581	0.00564026	0.0143241	0.00587051	0.0211722	0.0476161	0.0150339	0.0138553	0.0305196	
0.0263457	0.00604345	0.421333	0.0238769	0.0401819	0.0394413	0.00432382	0.0241584	0.0586919	0.056857	0.0264839	0.0492338	0.0377987	0.037917	0.0110108	0.0367504	0.0467565	0.0121319	0.0330339	0.00762994	
0.0545687	0.00622567	0.0107021	0.0217986	0.0138935	0.0191972	0.0199113	0.0647448	0.0491714	0.0210048	0.0183193	0.0611164	0.0324986	0.0382278	0.0108284	0.0295985	0.0517354	0.39865	0.0385702	0.0392376	
0.412727	0.00895384	0.0197635	0.0317116	0.0468403	0.0128574	0.0187794	0.0184289	0.0473622	0.0524304	0.0259534	0.0952284	0.0096266	0.0425637	0.0119074	0.0169531	0.023457	0.0168118	0.0421665	0.0454781	
0.0719588	0.00719768	0.0607171	0.0553756	0.0119267	0.046323	0.00619326	0.0735319	0.0454814	0.316179	0.0224793	0.0712908	0.00664491	0.0324104	0.0121722	0.0301908	0.0595614	0.0166359	0.0231654	0.0305648	
0.0758459	0.00852371	0.0478509	0.0137917	0.0379339	0.0427076	0.0133577	0.0192116	0.239577	0.0596323	0.00972749	0.175798	0.0406655	0.0150441	0.00895875	0.0308212	0.0484353	0.0407019	0.0377798	0.0336354	
0.0612659	0.00438144	0.00491732	0.0243573	0.0563053	0.0254928	0.16944	0.0274884	0.0382034	0.0282199	0.0198297	0.0129462	0.017265	0.0171511	0.00714404	0.00635734	0.0351936	0.0473752	0.0558222	0.340844	
0.0788015	0.00652839	0.0539702	0.0360081	0.0405509	0.0434999	0.00276337	0.0320394	0.019366	0.0204137	0.0212508	0.0783931	0.010646	0.357936	0.00463557	0.0362274	0.0484248	0.047487	0.0348284	0.0262298	
0.0780196	0.00645597	0.03182	0.0354471	0.0484463	0.0313528	0.0100692	0.00796767	0.0105223	0.0556936	0.0269214	0.4569	0.0321797	0.04273	0.0158425	0.0127536	0.0177183	0.0302526	0.0415105	0.0073964	
0.0911154	0.00458479	0.0544847	0.0581789	0.0441452	0.0136939	0.0109581	0.029178	0.0733123	0.0298971	0.0238442	0.0855253	0.013558	0.0413377	0.258639	0.0182996	0.0448181	0.0511796	0.0202277	0.0330224	
0.0659346	0.00740469	0.0493766	0.0268707	0.0447848	0.0272058	0.00880738	0.0339017	0.0451634	0.0172414	0.0257849	0.0791541	0.387365	0.0221161	0.00486036	0.0152797	0.0148874	0.0410643	0.0498124	0.0329851	
0.037551	0.00743128	0.323832	0.162225	0.0384449	0.0380968	0.00265299	0.0187036	0.043876	0.0464672	0.0234884	0.039748	0.0268314	0.0423165	0.0127255	0.0366102	0.0496417	0.00883532	0.0350667	0.00545603	
0.0669182	0.00556259	0.00901509	0.0269738	0.0886342	0.0308312	0.0843341	0.0220055	0.0408101	0.0409352	0.0227021	0.0161142	0.0238949	0.023126	0.0100319	0.00847254	0.0374439	0.039774	0.0405559	0.361865	
0.0499853	0.0046457	0.00743514	0.0175852	0.00675109	0.0157244	0.0178263	0.150042	0.0411054	0.0170887	0.00848947	0.0439771	0.0334812	0.0360457	0.00834876	0.0285422	0.038398	0.38604	0.0451946	0.0432935	
0.215674	0.00813788	0.0762514	0.123505	0.0489215	0.0683503	0.0123008	0.0195599	0.0383761	0.0582224	0.0296995	0.0790067	0.0235745	0.0507793	0.00280881	0.0426649	0.0520428	0.0136656	0.0043015	0.0321571	
0.407385	0.00797511	0.0204238	0.0425291	0.0481628	0.0123153	0.0205892	0.0244257	0.0421361	0.0570882	0.024212	0.0886635	0.00677478	0.040472	0.014816	0.0187317	0.0243882	0.0189956	0.0353491	0.044567	
0.0724157	0.0027787	0.0610699	0.049965	0.372524	0.0346561	0.0130494	0.00650693	0.045048	0.011248	0.0259673	0.0843368	0.0409398	0.0410961	0.0109438	0.0121862	0.0400063	0.0159416	0.0458869	0.0134335	
0.0674244	0.00500877	0.00826533	0.0271093	0.0882647	0.0295323	0.0851905	0.0209984	0.0428588	0.0420568	0.0240119	0.0163756	0.0220874	0.0232342	0.00982714	0.00732508	0.0368587	0.0381741	0.0468732	0.358523	
0.0773292	0.0092147	0.0304532	0.0358206	0.0495564	0.0381406	0.00654565	0.00741792	0.137416	0.0582619	0.0277945	0.296854	0.0389503	0.0301777	0.0123773	0.0181104	0.034318	0.0459965	0.0361255	0.00913963	
0.0557442	0.00632676	0.0204927	0.0123411	0.0228838	0.0163589	0.0211832	0.0632403	0.0480424	0.014764	0.0181298	0.061885	0.0292572	0.0358637	0.0143266	0.0310925	0.0530017	0.387479	0.0421091	0.0454783	
0.0904177	0.00624992	0.00741585	0.0196205	0.00698459	0.0123198	0.0161441	0.13266	0.0371865	0.0167047	0.0110537	0.0490543	0.0302036	0.0353808	0.00790856	0.0314147	0.0446679	0.357447	0.0455518	0.0416139	
0.026822	0.00805944	0.179259	0.0115407	0.0500484	0.027222	0.00527518	0.0165394	0.0447441	0.0623036	0.0273129	0.318674	0.0432383	0.0380236	0.0131495	0.0275151	0.0442677	0.0136801	0.037158	0.00516693	
0.0594548	0.00123745	0.0373881	0.0384663	0.0417673	0.00956744	0.0197927	0.0250238	0.0362726	0.0135812	0.0211154	0.066296	0.0372156	0.0327381	0.00146619	0.00900103	0.0286132	0.0417828	0.436664	0.0425558	
0.0475016	0.00826021	0.298247	0.0680336	0.0536568	0.0624738	0.00449967	0.00761888	0.00892346	0.0512822	0.0365119	0.165742	0.034821	0.0450012	0.0108718	0.0154504	0.0169255	0.0229758	0.0354731	0.00572961	
0.136197	0.00687907	0.0854598	0.302593	0.0350439	0.0123391	0.00401202	0.0153185	0.0163283	0.0250461	0.0184702	0.0515629	0.0116676	0.116797	0.011334	0.0404849	0.0500018	0.0082994	0.0403773	0.0117883	
0.110129	0.00672748	0.0104264	0.0213445	0.0111554	0.0154924	0.0190128	0.0531089	0.0453883	0.0189243	0.0183701	0.0672717	0.0270116	0.0355186	0.0114674	0.0336423	0.0530498	0.358661	0.0387728	0.0445247	
0.121858	0.00630607	0.058336	0.0829555	0.0229629	0.0471411	0.0101619	0.0265786	0.0565109	0.0120357	0.0156522	0.0592973	0.0145756	0.049898	0.00848771	0.201463	0.145707	0.0392256	0.00650142	0.0143452	
0.0864654	0.00694917	0.051156	0.046214	0.0341228	0.0482896	0.0114718	0.024739	0.20118	0.0449001	0.00642989	0.0613248	0.013101	0.0335439	0.00455296	0.0872804	0.145679	0.0434748	0.0236265	0.0254988	
