0.0539597	0.0226355	0.00868293	0.0155777	0.0263805	0.0135817	0.000732684	0.00620792	0.0487947	0.685672	0.00112205	0.0512969	0.000105408	0.00104573	0.00013088	0.00806397	0.0183244	0.0231242	0.00773319	0.00682823	
0.00618188	0.00806506	0.00200204	0.015008	0.0677299	0.00279962	5.68564e-05	0.00625577	0.0187641	0.00341171	0.0113342	0.112553	0.506797	0.00217103	4.74652e-05	8.08494e-05	0.000545109	0.000685827	0.180498	0.055012	
0.122449	0.00238033	0.086205	0.0157462	0.00344084	0.000941232	0.000361095	0.0572159	0.248391	0.0102309	0.00435176	0.040715	0.293051	0.0586601	0.000155613	0.0294037	0.0159314	0.000645829	0.00721412	0.00250996	
0.0542487	0.0147322	0.0849416	0.026564	0.000116204	0.0365544	0.00020303	0.0117807	0.0183227	0.677564	0.00399707	0.0115508	0.00011515	0.00062669	0.000125567	0.00137935	0.00600169	0.00224294	0.00179094	0.0471427	
0.0590494	0.00662018	0.0835452	0.0161092	0.00995807	0.0521624	0.000804397	0.0123998	0.133393	0.010056	0.0144044	0.052165	0.489428	0.00251362	0.000198005	0.033102	0.00451486	0.00516518	0.00487641	0.00953504	
0.0426079	6.49262e-05	0.000158674	0.0172999	0.0207253	0.0456345	0.000523882	0.00218708	0.0678137	0.000441401	0.0102812	0.000213382	0.0439777	0.0584343	0.018026	0.000171485	0.0267387	0.00206217	0.0599133	0.582724	
0.428089	0.00453478	0.252908	0.00836262	0.00676517	0.0416968	0.00182933	0.0237312	0.0211682	0.00119925	0.00747107	0.0899764	0.0669683	0.00629605	0.00052141	0.0247452	0.0078311	0.00033532	0.00278821	0.00278211	
0.047151	0.000439043	0.000412142	0.000267846	0.0362544	0.000163953	0.0310305	0.00026699	0.0477402	0.000129276	0.0012656	0.0149425	0.0613946	0.000344821	7.61843e-05	0.00375939	0.0865139	0.0567114	0.0528265	0.55831	
0.0409405	5.15987e-05	0.529522	0.0881232	0.00720561	0.0815385	0.000140004	0.000331176	0.000342771	6.69023e-05	0.00499928	0.143002	2.24925e-05	0.0252074	0.000157451	0.0587234	0.00642766	0.0118831	0.000209811	0.0011049	
0.614764	0.00601301	0.0447525	0.0260231	0.00147925	0.000150354	0.00602096	0.0028294	0.0465435	0.0051536	0.0497422	0.0123108	0.000109217	0.0225782	0.120726	0.0125305	0.00371049	0.0146407	0.00591792	0.00400424	
0.0561656	0.0148438	0.0892798	0.0274299	0.000176037	0.0425197	0.0015888	0.0067427	0.0316227	0.621193	0.00235324	0.042839	0.000380639	0.00137386	0.000450757	0.000316825	0.0153656	0.00160587	0.000828781	0.0429231	
0.0124229	3.91526e-05	0.0190908	0.886592	8.86328e-05	0.00964386	0.000237646	4.7133e-05	0.00282152	5.55378e-05	0.0035448	0.000137887	0.00017704	0.0289114	1.57767e-05	0.0223011	7.13376e-05	0.0131472	0.000525649	0.000128803	
6.37337e-05	2.11589e-05	3.26664e-05	0.000148337	0.000165876	0.0139225	0.000279432	0.000143438	0.120451	6.59527e-05	0.000306866	0.0178261	0.733309	0.0108837	0.040967	5.44058e-05	0.0180507	0.0226044	6.22434e-05	0.020641	
0.258447	0.000407696	0.000703315	0.000448959	0.0955192	0.000338579	0.00400748	0.000667573	0.00409352	0.000382965	0.000767751	0.0630698	0.000111297	0.0889964	0.00147295	0.0825944	0.0779393	0.12634	0.001309	0.192383	
0.00676534	0.000196058	0.00345385	0.0293372	0.126681	0.00245262	0.00304764	0.720413	0.0110012	0.0197272	0.00751123	0.00137974	0.00136528	0.0140398	0.000811964	0.000236707	0.00112179	0.0434788	0.00681274	0.000166539	
0.000515503	0.0132285	0.650566	0.000373018	0.0344455	0.0110521	0.000138418	0.0131573	0.00617176	0.0875004	0.0756723	0.00837885	0.0205742	0.0401645	0.00056745	0.00171675	0.0197557	0.000267659	0.0154889	0.000265403	
0.576128	0.00139524	0.000704636	0.0501145	0.00187045	0.000904283	0.00853596	0.00196454	0.0490317	0.000834044	0.00817528	0.00463489	0.000190807	0.115076	0.0231882	0.0302195	0.0797863	0.0406832	0.00161292	0.0049497	
0.0807486	0.00177797	0.00987072	0.283936	0.00125473	0.000145986	0.000435816	0.000666994	0.139599	0.0737269	0.0150885	0.00225357	0.0272126	0.179518	0.129393	0.00943469	0.0417413	0.00013614	0.00110445	0.00195531	
0.000694534	0.0129545	0.0983902	0.0284861	0.0342732	0.0696331	0.0332325	0.0241288	0.000652269	0.00485098	0.00050945	0.000988242	0.000153272	0.0574643	0.00024192	0.00024392	0.474588	0.0237375	0.0579845	0.0767925	
0.0704268	0.00796915	0.00389736	0.0257171	0.000144858	0.00768325	0.000664297	9.6365e-05	0.000328625	0.0167561	0.573868	0.263566	0.000226617	0.00555931	8.0526e-05	0.00182567	0.000306703	0.0019089	0.00169939	0.017275	
0.000537918	0.0101677	0.00305693	0.467517	0.0472629	0.00629953	0.0438217	0.00959515	0.0488977	0.00547135	0.00209975	0.0216454	0.00223418	0.0546987	0.1552	0.00967281	0.0664936	0.000310348	0.010571	0.0344467	
0.0309259	0.0905442	0.0312533	0.0186577	0.0652693	0.0133814	0.00464782	0.560849	0.000704929	0.125034	0.00100446	0.00264813	0.0019306	0.00838674	0.000274822	0.00118778	0.000578609	0.0268269	0.00826457	0.00762992	
0.100692	0.000397677	0.00160845	0.00987613	0.000467548	0.0324508	0.623534	0.0165386	0.0309366	0.000142063	0.0118425	0.000122846	7.87104e-05	0.000142925	8.84339e-05	0.00783697	0.0718591	0.0185535	0.0280728	0.0447584	
0.016837	0.000321188	0.42079	0.00582074	0.000856865	0.146409	0.000216584	0.00714835	0.0243639	0.00064224	0.000273618	0.0127226	7.23814e-05	0.0361393	0.000147792	0.137718	0.186292	0.00247945	0.00055075	0.000197264	
0.0768408	0.0179458	0.0120072	0.000571022	0.0597401	0.00711089	0.00469071	0.000568366	0.631556	0.034828	0.000265616	0.00846011	0.0400927	0.000519234	0.0452538	0.0017567	0.000459877	0.0391462	0.00483443	0.0133526	
0.103899	0.00206039	0.00124222	0.0132779	0.00856344	0.0401928	0.6051	0.0155927	0.0291278	0.000164265	0.0132639	0.000177807	8.38494e-05	0.000150054	9.01804e-05	0.0098931	0.0722321	0.0282168	0.0335496	0.0231211	
0.217494	6.37948e-05	0.000345767	0.000255893	0.119509	0.0374624	0.000163209	0.000254748	0.0346893	0.000180792	0.00101359	0.393408	0.000151791	0.179302	0.0104718	9.83354e-05	0.000273235	8.83501e-05	9.96934e-05	0.00467435	
0.242358	0.00231518	0.00472996	0.0057633	0.00686934	0.0595554	0.148852	0.000317794	0.0186526	0.0202168	0.00143448	0.00046713	0.000129453	0.0162077	0.00038805	0.0112766	0.435534	0.00242947	0.0110587	0.011444	
0.0417808	0.00365323	0.00023424	0.0161113	0.000395271	0.0235346	0.000110869	0.0983592	0.0382941	0.115702	0.0322667	0.000214922	0.0308789	0.0249835	0.00957443	0.000197016	0.0223753	0.149524	0.00591919	0.38589	
0.00372337	0.0124091	0.000531877	0.00066232	0.00268654	0.000216281	0.00371151	0.0753115	0.021277	0.020519	0.000283619	0.00288864	0.00108072	0.0153928	0.00110508	0.00133815	0.112299	0.684396	0.0119044	0.0282633	
0.0370951	0.00223461	0.0985741	0.00256177	0.0233962	0.00068618	0.000274132	0.000208934	0.058438	0.017305	0.00149207	0.282014	0.000588186	0.0845046	0.0360114	0.0397544	0.312152	0.00253281	1.08733e-30	0.000175526	
0.00442309	0.0139653	0.000257093	0.000900068	0.029964	0.058541	0.000168745	0.000151511	0.126857	0.0423499	0.00106019	0.512753	0.00114308	0.00105782	0.000309677	0.000229889	0.00911521	0.179112	0.0174351	0.000205967	
0.0635843	0.0332099	0.00501475	0.0126397	0.0323123	0.00774243	0.0012829	0.0103485	0.0413776	0.705295	0.00169737	0.0150791	0.000144723	0.00137417	0.000143719	0.0103099	0.00948134	0.0308237	0.0110964	0.00704237	
0.105104	0.00582681	0.000264203	0.00576877	0.0992577	0.0344772	0.000148393	0.000178933	0.010624	0.0115836	0.00966233	0.535294	0.0251783	0.115288	0.00554443	0.000189885	0.000187765	0.0186397	0.0166214	0.000160474	
0.409843	0.000555643	0.0677102	0.0649232	0.00209239	0.028313	0.000476182	0.0320712	0.196625	0.00022755	0.000594001	0.0610437	8.58477e-05	0.0538709	0.000181329	0.0119631	0.0480402	0.0186619	0.00221525	0.000506207	
0.768636	0.000414303	0.000345968	0.00268414	0.00388571	0.000132566	0.000318031	0.000133863	0.0165476	0.00779505	0.0012243	0.0274117	0.000186499	0.106336	0.000174073	0.00677738	0.0334335	0.0172781	0.00595833	0.000327126	
0.0132356	0.00518905	0.00241999	0.029344	0.0038766	0.000894468	0.000107641	0.191634	0.00708823	0.631203	0.00771382	0.00189691	6.84057e-05	0.000994441	0.00115359	0.000662807	0.00144403	0.0758537	0.00131986	0.0238996	
0.147982	0.0108093	0.0412433	0.4399	0.0259629	0.000235082	0.000396875	0.00367975	0.163677	0.00554293	0.000958604	0.0178105	0.000460916	0.0139554	0.00892605	0.0938171	0.0215686	0.000726973	0.00164494	0.000702694	
0.0683887	0.000177697	0.0688216	0.0271205	0.0088371	0.367602	0.00919103	0.00174039	0.171836	0.00090756	0.00318426	0.0900985	0.0207486	0.0044821	0.00416721	0.0539938	0.0757605	0.00251695	0.000141929	0.0202826	
0.0996526	0.00225232	0.023197	0.00345696	0.0680568	0.0302655	0.000876009	0.00270273	0.0127546	0.00506087	0.00124125	0.00527908	0.448043	0.000880198	0.0135159	0.0880799	0.186487	0.00187772	0.0012472	0.0050735	
0.128057	0.00026892	0.12906	0.25793	0.0399026	0.0438466	0.0188305	0.000362628	0.04739	6.91071e-05	0.000830594	0.0600911	0.110234	0.0554465	0.0125278	0.0506303	0.00874007	0.00914084	0.0223064	0.00433585	
0.0399119	0.00975072	0.00727624	0.0110549	0.0475775	0.000451928	0.0139991	0.0648157	0.012022	0.605562	0.0410016	0.000119778	0.000348002	0.000637605	3.56671e-05	0.000321093	0.00529661	0.0289005	0.0673105	0.0436072	
0.187544	0.00246145	0.00715567	0.261648	0.00480502	0.0361407	0.0218401	0.00444089	0.142213	0.0684676	0.0130414	0.00574119	0.00500371	0.112742	0.0259365	0.0383425	0.0385494	0.0170367	0.000483374	0.0064065	
0.0438175	0.000154857	0.313896	0.121867	0.000262064	0.0928507	0.0162997	0.000641207	0.0422498	0.00122176	0.000179572	0.141229	0.0174926	0.0420397	0.00651637	0.101558	0.0457993	0.0115682	0.000138651	0.000217841	
0.178337	0.00287506	0.00554449	0.285166	0.00547667	0.0361665	0.0226756	0.00292143	0.121715	0.0775295	0.0148986	0.00486436	0.00501757	0.117614	0.0219416	0.0326173	0.0385982	0.0190199	0.000570238	0.00645092	
0.00637888	0.0383169	0.17873	0.0290745	0.000564897	0.00785171	0.00524443	0.00483004	0.00351246	0.000346224	0.00158022	0.0895948	0.0709017	0.00465433	0.000523668	0.394434	0.137386	0.0252098	0.000297201	0.000567796	
0.0953639	0.00765284	0.0204367	0.000701821	0.00397746	0.00170052	0.0032956	0.183944	0.00763341	0.273297	0.00040565	0.00340955	0.025457	0.0022169	0.00011815	0.000222031	0.000366427	0.298754	0.000885717	0.0701617	
0.0527114	0.0294772	0.0758772	0.324233	0.0196819	0.0167786	0.0465609	0.0205695	0.0013317	0.0529907	0.000288446	0.0713678	0.00522334	0.00296391	0.00929249	0.0690687	0.124732	0.0765063	0.000170123	0.000174977	
0.121771	0.000757503	0.178033	0.427461	0.000129609	0.000710283	0.00370454	6.40803e-05	0.0567707	0.00013083	9.68709e-05	0.0234112	2.76138e-05	0.0506715	0.00180248	0.0495521	0.0793947	0.00453191	0.000144572	0.000833785	
0.00856594	0.00419597	0.00218083	0.0208986	0.0059372	0.000882403	9.97473e-05	0.188819	0.00581912	0.647227	0.00968707	0.00254373	6.34769e-05	0.00179706	0.00092442	0.00056791	0.00130441	0.0792769	0.00102692	0.0181816	
0.00209777	0.00110504	0.0108516	0.00126855	0.0304142	0.000791769	0.000398747	0.175421	0.00143574	0.56673	0.0189451	0.037732	0.000252438	0.021025	0.000175934	0.000255061	0.00935105	0.119349	0.000437389	0.0019621	
0.135852	0.000216605	0.013129	0.0661184	3.64135e-05	0.0170237	0.0128258	0.0163506	0.406089	0.00588429	0.00177329	0.0141144	0.000531903	0.0777946	0.0710499	0.09563	0.0630274	0.00176409	0.000111367	0.000676615	
0.0270229	0.00343152	0.0967539	0.0790431	4.36108e-05	0.0646169	0.00600271	0.0652576	0.0264599	0.120652	0.000106301	0.0463122	0.000154056	0.180096	0.210359	0.0709255	0.000454199	0.000102166	4.64331e-05	0.00216027	
0.00209094	0.00110504	0.0109517	0.00127116	0.0304196	0.000795964	0.000398742	0.175409	0.00143562	0.56673	0.018938	0.0375507	0.000252438	0.0210201	0.000175934	0.000255126	0.00936021	0.11944	0.000437391	0.0019621	
0.0443332	8.38166e-05	0.317511	0.122777	0.000260667	0.0918924	0.0157091	0.00062655	0.0416577	0.00118268	0.000180817	0.140313	0.0177528	0.0414179	0.00651469	0.102678	0.0431081	0.0117283	0.000107984	0.000164299	
0.135852	0.000216605	0.013129	0.0661184	3.64135e-05	0.0170237	0.0128258	0.0163506	0.406089	0.00588429	0.00177329	0.0141144	0.000531903	0.0777946	0.0710499	0.09563	0.0630274	0.00176409	0.000111367	0.000676615	
0.057355	0.00296352	0.00983431	0.00184737	0.0116237	0.0076133	0.00951654	0.106026	0.00306388	0.251805	0.000609787	0.00575111	0.0127339	0.00719978	0.000104742	0.0003794	0.00105677	0.357892	0.00134953	0.151274	
0.0093313	0.000456794	0.0174014	0.0373074	0.000822406	0.0145973	0.000256032	0.0131754	0.0497081	0.00177517	0.0224604	0.0231092	0.722094	0.0041761	0.000300387	0.0556492	0.0115848	0.00855145	0.00647405	0.000768938	
0.0824281	0.00302613	0.000905404	0.000434114	0.0217031	0.00592481	0.00968601	0.000332899	0.10144	0.0110509	0.0142677	0.123578	0.000210134	0.259819	0.357047	0.000549029	0.00036631	0.0058501	0.000836317	0.000545879	
0.0383388	0.00996014	0.00539936	0.0139764	0.00465116	0.141865	0.00115231	0.0133264	0.0227704	0.00724907	0.0289372	0.0398654	0.0618546	0.0376315	0.01709	0.0195186	0.49836	0.0297322	0.00125568	0.00706614	
0.610927	0.00129474	0.000643932	0.0216328	0.00711182	0.0488404	0.0094407	0.0243862	0.021799	0.000922592	0.00847936	0.0153575	0.0483999	0.00554007	0.00565114	0.0260854	0.0895934	0.0214313	0.0105727	0.0218896	
0.012565	0.009843	0.000223376	0.000422404	0.000101445	9.4134e-05	0.000362203	0.296246	0.00106886	0.0420363	0.00487593	0.000556644	0.000110967	0.0024772	0.000166772	0.000197581	0.000217173	0.542314	0.00412879	0.0819923	
0.16459	0.000251509	0.0361667	0.0188046	0.0332032	0.00026137	0.000339048	0.00283897	0.0641323	0.00228545	0.00277215	0.0130741	0.000134325	0.00712391	0.58561	0.00361865	0.00221501	0.0182377	0.000255264	0.0440862	
0.0440299	0.00352184	0.000463973	0.0149887	0.0327416	0.0134524	8.36927e-05	0.000800227	0.000189484	0.0140429	0.0966818	0.571986	0.0915302	0.0203103	0.00249103	0.000453571	0.000127974	0.00869468	0.0827941	0.000615875	
0.158708	0.00714333	0.000270488	0.022548	0.023459	0.0238055	0.0267614	0.000299363	0.000342604	0.00574576	0.0323224	0.615248	0.00230336	0.0255346	0.00184635	0.00610793	0.00154434	0.0296836	0.016061	0.000264638	
0.149325	0.000306608	0.000382351	0.000877018	0.0214694	0.431958	0.0181721	0.0910509	0.0448123	0.0209994	0.0197878	0.0760243	0.000241251	0.0498929	0.000214186	0.000205064	0.000401918	0.0325731	0.00115641	0.0401506	
0.000974094	0.000215399	0.00120472	0.00127351	0.062235	0.475909	0.0226392	0.0150354	0.0384741	0.0499387	0.0323299	0.0847828	0.0126338	0.0443177	7.33915e-05	0.0016353	0.0696324	0.000308208	0.000363088	0.0860241	
0.100684	0.00064425	0.00191508	0.00749032	0.000738962	0.0290287	0.640417	0.0154809	0.0280617	0.000134061	0.0127589	0.000109174	7.89098e-05	0.000123167	7.15706e-05	0.00681169	0.0693356	0.0156676	0.0324392	0.0380089	
0.389224	0.000313979	0.0056496	0.00085754	0.0211963	0.000239032	0.00151411	0.0351587	0.00031742	0.0674103	0.000108201	0.000544732	0.000188888	0.000683341	3.76232e-05	0.0101494	0.000153534	0.0962557	0.27024	0.0997572	
0.0462947	0.00340585	0.000460941	0.013394	0.0316046	0.0142311	6.30162e-05	0.000756885	0.000239471	0.0140635	0.102025	0.566419	0.0918732	0.0199964	0.00297167	0.000417604	0.000122834	0.00934226	0.0817342	0.000583144	
0.0393383	0.000254672	0.025147	0.0240039	0.00260271	0.000381451	0.0012666	0.0190309	0.0480195	0.0204002	0.000943613	0.0523308	0.000331672	0.0292545	0.0199081	0.485669	0.221871	0.00143145	0.00464219	0.00317305	
0.0639159	0.000535074	0.022138	0.0427251	0.222973	0.0544004	0.0149313	0.097513	0.00612658	0.343334	0.102322	0.0108678	0.000220389	0.00902564	0.000183878	0.000633883	0.00316053	0.00383483	0.000318986	0.000840074	
0.0601439	9.60836e-05	0.001399	0.0354176	0.5527	0.0549479	0.00113074	0.000324357	0.0659523	0.000123636	0.0139537	0.00239086	0.019441	0.0754117	0.0199268	0.000326771	0.0318971	0.000472656	0.0392737	0.0246702	
0.0164457	0.000109785	0.040025	0.0227004	0.0626896	7.78629e-05	0.0182999	0.00462126	0.0159305	0.00034375	0.00486674	0.0663008	0.0548793	0.0242123	2.05598e-05	0.000120718	0.0151481	0.0117016	0.588335	0.053171	
0.0547396	0.00124995	0.00353416	0.0931212	0.00388243	0.000746547	0.000849388	0.000258965	0.145541	0.00125059	0.000917409	0.0862292	0.0333605	0.117955	0.0565466	0.0994895	0.292841	0.00340398	0.00277422	0.00130843	
0.000996307	0.00473226	0.000615543	0.0390269	0.000221023	0.0293686	0.000280411	0.30133	0.00565981	0.178315	0.0273385	0.0647352	0.000242923	0.00284679	0.000305725	0.0964656	0.00141603	0.225082	0.00386148	0.0171598	
0.0652317	0.0124059	0.216011	0.0254485	0.000221031	0.0425818	0.00113215	0.0267916	0.000664567	0.221861	0.350583	0.00417718	0.00055745	0.00230831	0.000169316	0.000421575	0.000440255	0.000174813	0.000170315	0.0286483	
0.135277	0.00598662	0.00353314	0.000215487	0.0176338	0.153027	0.00209931	0.00360221	0.141308	0.00571823	0.000178499	0.00639725	0.000591204	0.000127152	0.00559222	0.436964	0.0512428	0.0104884	0.0174239	0.00259303	
0.00966408	0.00459053	0.0354196	0.0363328	0.00562102	0.0258201	0.000267726	0.00709527	0.0438959	0.00515538	0.0144909	0.0154888	0.696323	0.00800969	0.000174125	0.0333169	0.0339366	0.00902986	0.00964485	0.00572318	
0.0491385	0.00030667	0.100837	0.0260773	0.00508997	0.115133	0.00720099	0.000190801	0.0651316	0.000718017	0.000356705	0.286965	0.225323	0.0290291	7.16336e-05	0.0310064	0.00756532	0.0436613	0.00600273	0.000195125	
0.0719009	0.000331493	0.0707996	0.0313054	0.0113562	0.442568	0.0238088	0.00266218	0.105125	0.00393612	0.00628017	0.093372	0.0111802	0.0022894	0.0017296	0.0406669	0.0325871	0.00272687	0.000416136	0.0449584	
0.0297625	0.00126466	0.0110373	0.0414722	0.0185065	0.742344	0.00567617	0.0123952	0.0267626	0.00346418	0.0111966	0.0273541	0.000628421	0.00754872	0.00735151	0.0202051	0.0120398	0.00532596	0.00032971	0.0153349	
0.0237906	9.43507e-05	0.0175426	0.0164004	0.00176345	0.839627	0.00531212	0.00287826	0.0356228	0.00644262	0.00822672	0.00334585	0.000116233	0.00591247	0.00065183	0.0196426	0.0103957	0.000209329	0.000146752	0.00187864	
0.178337	0.00287506	0.00554449	0.285166	0.00547667	0.0361665	0.0226756	0.00292143	0.121715	0.0775295	0.0148986	0.00486436	0.00501757	0.117614	0.0219416	0.0326173	0.0385982	0.0190199	0.000570238	0.00645092	
0.00627491	0.00802627	0.00101687	0.0147658	0.069576	0.00103973	5.74636e-05	0.00579068	0.0184382	0.00333239	0.0112851	0.1126	0.504792	0.00198914	4.53038e-05	6.73351e-05	0.000485611	0.000643168	0.185071	0.0547027	
0.0223235	0.000330391	0.384488	0.0119945	0.000627297	0.13602	0.00151656	0.0102863	0.0275488	0.000384961	0.000235038	0.016684	6.9544e-05	0.0226278	0.000127147	0.155295	0.201545	0.00680747	0.000583226	0.00050606	
0.0237491	9.65732e-05	0.0181237	0.0155417	0.00142788	0.843593	0.00515613	0.00261197	0.0336329	0.00641685	0.00857612	0.00294847	0.000110956	0.00580116	0.000572904	0.0202751	0.00938046	0.000206132	0.000142115	0.00163704	
0.241371	0.00223704	0.228003	0.319766	0.00371009	0.00372764	0.000126995	0.0126355	0.0794328	0.00554058	0.00403878	0.0362121	0.0100513	0.00539003	0.015625	0.0209565	0.00652022	0.000183894	0.0038503	0.000621839	
0.0072029	0.00421452	0.00267189	0.0154567	0.00926553	0.000684869	0.000120829	0.181324	0.00470215	0.649066	0.00895247	0.00534259	7.18307e-05	0.00312622	0.000771293	0.000493557	0.00204524	0.0880857	0.000867636	0.0155336	
0.421023	0.00198636	0.00300059	0.0174368	0.00154476	0.0525222	0.00403994	0.00418503	0.0722762	0.218768	0.00693824	0.0742592	0.000277953	0.0170412	0.0343547	0.000342066	0.000390661	0.0388393	0.0104641	0.0203094	
0.271955	3.97657e-05	0.0481421	0.232762	0.000102879	0.00816594	0.000367246	0.0098416	0.143191	0.000167423	0.000221416	0.0080094	2.84003e-05	0.139798	0.0293679	0.0152382	0.0808796	0.0110909	0.000431578	0.000198432	
0.669995	0.00458618	0.0712664	0.0369047	0.000580175	9.6192e-05	7.33808e-05	0.000200352	0.0387091	0.00405324	0.0715351	0.000175751	0.000107946	0.0138168	0.0489114	0.00992232	0.00828314	0.01165	0.00889177	0.000241116	
0.0449485	0.0171976	0.0319408	0.0212856	0.00138716	0.0359553	0.0118651	0.681724	0.00230573	0.0338596	0.0101226	0.000824963	0.00589911	0.0297632	0.000580991	0.000650283	0.000538793	0.0162155	0.0136005	0.0393351	
0.0235789	0.0103704	0.288045	0.104504	0.00187729	0.00019749	0.00306817	0.0346215	0.0528828	0.0389234	0.00152295	0.229386	0.000290681	0.042252	0.0198767	0.0160136	0.0576261	0.0591171	0.0155523	0.000294137	
0.138749	0.00178669	0.0420195	0.130968	0.00230497	0.00696794	0.000192322	0.000725019	0.152786	0.000205878	0.000222222	0.0280338	0.00022272	0.140535	0.287443	0.0371311	0.0231186	0.00227729	0.000344784	0.00396638	
0.121771	0.000757503	0.178033	0.427461	0.000129609	0.000710283	0.00370454	6.40803e-05	0.0567707	0.00013083	9.68709e-05	0.0234112	2.76138e-05	0.0506715	0.00180248	0.0495521	0.0793947	0.00453191	0.000144572	0.000833785	
0.0887896	0.0131564	0.0423512	0.0456175	0.529226	0.0122506	0.000593119	0.0337319	0.0203617	0.135929	0.000380831	0.00242331	0.000407956	0.00443443	0.000263677	0.000232931	0.00218088	0.000169138	0.0335354	0.0339648	
0.0165598	7.87236e-05	0.0140464	0.0129655	0.005926	0.824078	0.010654	0.00319249	0.0319502	0.0108258	0.0109941	0.0057168	0.00412904	0.0154296	0.000405197	0.0189392	0.0095355	0.000150074	0.000245716	0.00417782	
0.00208813	0.000201171	0.0747136	0.00029326	0.0161617	0.159299	0.00411308	0.0021615	0.0338118	0.0107952	0.0190861	0.0156274	0.00277716	0.0744632	4.52311e-05	0.479756	0.102171	0.000155134	0.000294196	0.00198572	
0.00171676	0.000283848	0.00783066	0.000889235	0.575705	0.000696217	0.00887817	0.017001	0.0933624	0.130416	0.0122673	0.000502751	0.000112525	0.0144526	0.000137157	0.00034334	0.00569459	0.0932516	0.00383223	0.0326268	
0.0697606	0.00184474	0.344077	0.383278	0.011012	0.0105698	0.000227004	0.00954573	0.0265716	0.00616343	0.0150914	0.0486948	0.00513931	0.021897	0.00217963	0.0147605	0.0149943	0.00152206	0.0122697	0.000402251	
0.41163	0.000580366	0.0678925	0.0686021	0.00196179	0.0280121	0.000234072	0.0285139	0.202108	0.00016919	0.000478294	0.0571308	8.83915e-05	0.0507144	0.000164429	0.0133358	0.0470683	0.0187212	0.00216048	0.000434162	
0.0292715	0.000158661	0.0268124	0.0264425	0.666079	0.0301552	0.000286446	0.00497553	0.0166613	0.0618711	0.0441609	0.0739182	0.000160559	0.00178146	0.000156457	0.000194	0.0106667	0.00550974	0.0005505	0.000187899	
0.0722518	0.0100975	0.0263905	0.000317923	0.0685834	0.00678427	0.0001945	0.0048718	0.547293	0.000776661	0.000534694	0.00038218	0.000471967	0.0999542	0.0156325	0.00342578	0.000381076	0.0277385	0.00758657	0.106331	
0.12177	0.000757097	0.177937	0.427576	0.000129554	0.000710335	0.00369972	6.82011e-05	0.0568388	0.000130872	9.68256e-05	0.0234136	2.76257e-05	0.0506302	0.00180234	0.0495215	0.0793831	0.00452795	0.000144899	0.000833765	
0.274315	0.00106886	0.044268	0.201795	0.0008466	0.010253	0.000537505	0.0106455	0.148484	0.000201347	0.000587041	0.00604297	4.04143e-05	0.166833	0.034607	0.0120255	0.0729141	0.0120007	0.0017344	0.000800446	
0.0277676	0.000168274	0.0279129	0.0247669	0.743882	0.0286205	0.000118803	0.0113649	0.0114466	0.0574072	0.0139112	0.0402017	4.85285e-05	0.000384075	6.37226e-05	0.000356103	0.00541594	0.0051336	0.000627432	0.000402129	
0.18197	0.000773556	0.00427651	0.0522418	0.00501253	0.0691911	0.000198632	0.00469595	0.0489034	0.0036452	0.000292852	0.22261	0.000308571	0.00167038	0.00659182	0.180538	0.207165	0.00142031	0.00102193	0.00747156	
0.296574	0.00524985	0.0698693	0.0674034	0.010223	0.000246428	0.000194089	0.00135157	0.255997	0.0122843	0.00172105	0.0783373	0.000188422	0.105014	0.00030338	0.0171912	0.0734065	0.000240171	0.00354058	0.000664358	
0.753103	0.000651636	0.000741361	0.0041557	0.00481693	0.000347615	0.00965664	0.000878947	0.0183149	0.00838121	0.00358299	0.0336467	0.000143841	0.0915838	0.00749152	0.00666653	0.0324203	0.0133124	0.00745061	0.00265388	
0.473888	0.000836353	0.00159038	0.000583307	0.0285526	0.251102	0.0452486	0.0171672	0.0120957	0.00632563	0.00412174	0.0618223	0.00296205	0.0378905	0.000305869	0.0163988	0.0175453	0.000382264	0.00231504	0.0188668	
0.423758	0.00356106	0.00228786	0.0132166	0.00587123	0.0254501	0.000121375	0.0897729	0.0781099	0.130904	0.000276728	0.0222306	9.23407e-05	0.000572459	5.71262e-05	0.0155625	0.0848545	0.087584	0.00102198	0.0146941	
0.0504505	0.000217089	0.0351778	0.0108285	0.0190919	0.17796	3.94053e-05	0.000312852	0.0994931	5.35245e-05	0.00105662	0.0465089	0.00622072	0.00970066	0.0208357	0.059021	0.448493	0.0130508	0.000365202	0.00112273	
0.0349583	0.0145849	0.0601689	0.0160325	0.00737083	0.000351003	0.00756165	0.0092848	0.00313363	0.0182325	0.00104569	0.186793	0.00262151	0.0183684	0.515393	0.000645979	0.0105388	0.0773715	0.000288377	0.015254	
0.077877	0.000127771	0.0327737	0.0128737	0.400219	0.0371835	0.00561801	0.000180744	0.0424326	6.71675e-05	0.00816084	0.223574	0.0178328	0.0779948	0.0161035	0.0002104	0.013839	0.00022375	0.0317552	0.000952518	
0.016846	0.00010383	0.037087	0.0219543	0.0639942	7.9064e-05	0.0179037	0.00442883	0.0162135	0.000335045	0.00519353	0.0642657	0.0539793	0.0232687	2.00764e-05	0.000131012	0.0150876	0.0115673	0.59249	0.0550519	
0.480341	0.0327819	0.000521448	0.00174328	0.00265214	0.0794587	0.04099	0.00170508	0.046807	0.0027319	0.0130137	0.00798305	0.000170399	0.068939	0.00015167	0.0102888	0.0173301	0.170701	0.00639525	0.0152941	
0.0250488	0.00213207	0.124517	0.0280842	0.30856	0.00014161	0.00273549	0.0164419	0.0262445	0.00175762	0.00338982	0.0198636	0.0700637	0.01936	3.31458e-05	7.46827e-05	0.0171224	0.00387834	0.325079	0.00547193	
0.0370916	0.0156316	0.0480427	0.0163954	0.000598196	0.0154429	0.00117183	0.0165974	0.023938	0.718326	0.00090961	0.0258076	0.000386345	0.00187956	0.000813546	0.00038207	0.0111733	0.0164532	0.000284836	0.0486746	
0.000669517	0.0522638	0.000885798	0.00456971	0.000194684	0.0934181	0.000549121	0.0732534	0.000794444	0.0174219	0.00329813	0.00542323	8.29702e-05	0.00810836	9.49264e-05	0.0697221	0.0205665	0.534886	0.0590712	0.0547256	
0.023712	0.00434523	0.00440053	0.00630635	0.0169315	0.000188215	0.000123989	0.0167786	0.068957	0.147959	0.000282185	0.000589634	0.000154956	0.000604158	0.0787023	0.0230658	0.0401824	0.484783	0.0386688	0.0432651	
0.00688051	0.00779038	0.116021	0.00693393	0.000946138	0.044123	0.07978	0.000313442	0.0738626	0.000980421	0.00120148	0.210175	0.000283329	0.109377	0.0130465	0.0274172	0.270931	0.000394101	0.0249657	0.00457714	
0.128057	0.00026892	0.12906	0.25793	0.0399026	0.0438466	0.0188305	0.000362628	0.04739	6.91071e-05	0.000830594	0.0600911	0.110234	0.0554465	0.0125278	0.0506303	0.00874007	0.00914084	0.0223064	0.00433585	
0.0409405	5.15987e-05	0.529522	0.0881232	0.00720561	0.0815385	0.000140004	0.000331176	0.000342771	6.69023e-05	0.00499928	0.143002	2.24925e-05	0.0252074	0.000157451	0.0587234	0.00642766	0.0118831	0.000209811	0.0011049	
0.0207591	8.66305e-05	0.0171943	0.0139365	0.000586265	0.850869	0.0015092	0.00269348	0.0334143	0.0070138	0.00956165	0.00322554	9.57695e-05	0.00984304	0.000493493	0.0198768	0.00822767	0.000127757	0.000153464	0.000332252	
0.135852	0.000216605	0.013129	0.0661184	3.64135e-05	0.0170237	0.0128258	0.0163506	0.406089	0.00588429	0.00177329	0.0141144	0.000531903	0.0777946	0.0710499	0.09563	0.0630274	0.00176409	0.000111367	0.000676615	
0.00903112	0.0170246	0.0148405	0.00860943	0.00110569	0.00346304	0.000623387	0.061864	0.0417828	0.679633	0.00182468	0.00582087	0.000271314	0.00120507	0.000309002	0.00135659	0.00350694	0.113198	0.0013646	0.0331652	
0.178337	0.00287506	0.00554449	0.285166	0.00547667	0.0361665	0.0226756	0.00292143	0.121715	0.0775295	0.0148986	0.00486436	0.00501757	0.117614	0.0219416	0.0326173	0.0385982	0.0190199	0.000570238	0.00645092	
0.0125853	0.00985096	0.0002163	0.000424313	0.0001006	9.40382e-05	0.00036145	0.296515	0.00106876	0.0420541	0.00487308	0.00055664	0.000109771	0.0024772	0.000166829	0.000197581	0.000204209	0.542023	0.00412879	0.081993	
0.0438039	0.0477646	0.00326389	0.0273296	0.000290919	0.0879825	0.0933603	0.029101	0.0237908	0.0313942	0.0480287	0.000565956	0.000140322	0.00421112	0.000456561	0.0178177	0.327958	0.20623	0.000432846	0.00607721	
0.0749275	0.000124153	0.00332126	0.0430577	0.00746212	0.0245726	0.00986229	0.000263289	0.00633555	0.0265823	0.0194567	0.0114241	0.000937009	0.0690904	0.000122617	0.552477	0.125232	0.00454063	0.0162609	0.00395047	
0.000452046	0.0621582	0.0454269	0.0443153	0.000485578	0.00327068	0.00993857	0.000815725	0.0122184	0.000582021	0.00114835	0.00210984	0.000108672	0.0511929	0.0173533	0.127374	0.56776	0.0430797	0.000174776	0.0100353	
0.310464	0.00554549	0.00135056	0.000553925	0.00662869	0.0657925	0.00189455	0.0174146	0.0525161	0.0147388	0.016804	0.0812159	0.37937	0.0018002	0.000402399	0.0289448	0.000320715	0.000318334	0.00238667	0.0115381	
0.0622985	0.00647452	0.0014984	0.0109731	0.0468441	0.0314265	0.000104067	0.00291358	0.000294509	0.0180907	0.0236872	0.547485	0.139105	0.0243928	0.00625008	0.000224464	0.000187569	0.0118985	0.0656631	0.000188226	
0.0833672	0.00855667	0.0397889	0.000271788	0.0526169	0.0460869	5.28035e-05	0.0131198	0.000283488	0.000336968	0.0143111	0.0713956	0.000110733	0.406146	0.000130054	0.0527962	0.0570179	0.0434088	0.049149	0.061053	
0.000323711	0.00706491	0.600541	0.00473778	0.0836565	0.000265799	6.80301e-05	0.01243	0.00653482	0.0474883	0.0320309	0.000362515	0.00962127	0.00776071	0.00622054	0.0112179	0.0440721	0.000165923	0.12535	8.73031e-05	
0.0070257	0.00646603	0.0008963	0.0424673	0.00824811	0.000435693	0.000216235	0.0001888	0.000378615	0.0305541	0.0129704	0.387899	0.00518262	0.0515918	0.000117401	0.296477	0.0580046	0.0816681	0.00863985	0.000572781	
0.00406209	0.00720639	0.028657	0.0167719	0.0811095	0.00984877	8.60474e-05	0.00635275	0.0237962	0.00185641	0.0104352	0.0991221	0.466737	0.00121297	0.000460062	0.00010945	0.000454634	0.00619178	0.175441	0.0600886	
0.0986844	0.00737241	0.0167716	0.0326292	0.00834889	0.00674542	0.000310851	0.178964	0.0250407	0.538462	0.0034745	0.00802231	0.000153515	0.000916372	0.0104301	0.00123554	0.00504586	0.0309876	0.00220477	0.0241999	
0.00742842	0.000375793	0.0226471	0.0313002	0.00248359	0.011664	0.00401684	0.00671915	0.000490894	0.0194965	0.509096	0.00208765	8.88343e-05	0.15093	0.000171571	0.102335	0.125648	0.00183841	0.000871607	0.000310028	
0.0298295	0.0440303	0.225072	0.328126	0.00133376	0.00400581	0.032346	0.000402999	0.0301337	0.00780256	0.000612383	0.00907855	0.0588344	0.0907945	0.00401976	0.0289321	0.0623534	0.0029742	0.00438332	0.0349354	
0.0351176	0.00555797	0.00689709	0.0300521	0.00774783	0.719028	0.00230275	0.00167688	0.0441196	0.00173256	0.011757	0.00442098	0.000549611	0.0184968	0.0206746	0.0450044	0.00136266	0.0352247	0.000771993	0.00750536	
0.0992007	3.13346e-05	0.00859264	0.000797017	0.0170364	0.110788	0.0756569	0.0164107	0.243686	0.165435	0.040665	0.0553979	0.00443577	0.103688	0.0126175	0.029909	6.38888e-05	0.0151288	0.000404531	5.4111e-05	
0.0326674	0.000351235	0.00121045	0.0767201	0.0224561	0.000697768	0.00366261	0.0771171	0.00197772	0.0204502	0.000140218	0.000313831	0.00480819	0.18923	0.0135746	0.000125665	0.360577	0.0652152	0.00176608	0.126939	
0.00644353	0.00834608	0.00369797	0.0149431	0.0702053	0.00172751	5.25837e-05	0.00724387	0.0190245	0.00284811	0.011944	0.110734	0.492708	0.00176404	4.62681e-05	8.05253e-05	0.000450169	0.00144043	0.187241	0.059059	
0.000536699	0.0112006	0.00064448	0.000563371	0.00272474	0.000239024	0.00030975	0.549171	0.00198367	0.234545	0.0028739	0.00326394	0.000119005	0.000402687	9.78742e-05	0.000675841	0.000908828	0.169934	0.000758948	0.0190473	
0.0191679	0.00263302	0.0128768	0.00599924	0.0433622	0.00404947	0.00259118	0.1257	0.000739859	0.60408	0.133454	0.00186753	8.21968e-05	0.00069522	0.000108416	0.00269896	0.00282151	0.011745	0.0153507	0.00997624	
0.0520825	0.000502181	0.0032068	0.00615625	0.0786978	0.501591	0.0335381	0.0235686	0.0328574	0.0386543	0.0252524	0.0595332	0.00177659	0.0232426	0.000123227	0.00211589	0.0354756	0.00450648	0.000214758	0.0769043	
0.0185502	0.00311438	0.00450492	0.00278313	0.0405894	0.000650546	0.00289036	0.127373	0.000677899	0.616822	0.130064	0.00299772	7.11917e-05	0.000549807	0.000115584	0.0034496	0.00332543	0.0134997	0.0167591	0.0112112	
0.000334469	0.00705743	0.601018	0.00468342	0.0838746	0.000261638	6.64211e-05	0.0121251	0.00651501	0.0471106	0.032208	0.00037404	0.0107905	0.00778588	0.00605618	0.0114635	0.0436886	0.000167623	0.124334	8.51953e-05	
0.000637328	0.0151393	0.000478104	0.000820949	0.000245364	0.00029191	0.00225248	0.000484445	0.0763357	0.00819172	0.000516401	0.26017	0.000921653	0.0116773	0.00241877	0.0297851	0.0323295	0.522164	0.0188061	0.0163337	
0.450425	0.00747024	0.00110504	0.000544902	0.0575369	0.00346932	0.0505638	0.0157825	0.0484743	0.0517492	0.0620487	0.140698	9.48593e-05	0.0429048	0.0074461	0.00203345	0.00038959	0.000265462	0.0209422	0.0360553	
0.0443488	0.0144056	0.0757995	0.0256466	0.00010668	0.0254087	0.000233113	0.0161748	0.01103	0.7227	0.00166479	0.0016633	0.000130919	0.00063276	0.000169552	0.000337239	0.0010973	0.00399279	0.00127617	0.0531816	
0.00186981	0.000503528	0.0254671	0.000230638	0.0277847	0.000391821	0.052232	0.000264226	0.446562	0.00144135	0.000453865	0.261879	0.000529812	0.0779908	0.0456779	0.0378349	0.00806821	0.00111858	0.00952459	0.000175669	
0.0491188	0.000108029	0.00026405	0.0170386	0.0380185	0.0535268	0.0345516	0.00277753	0.0368485	0.000316058	0.0113281	0.00235697	0.0164955	0.00067713	0.0009886	0.00101211	0.0570203	0.0188215	0.0523059	0.606425	
0.0583773	0.00606776	0.019622	0.000336126	0.164963	0.00256865	0.0017461	0.00307578	0.0428203	0.000230438	0.00486013	0.0013789	0.000135182	0.521956	0.0467658	0.00261247	0.00233759	0.047132	0.00495573	0.0680589	
0.0778398	0.000506845	0.00022503	0.0229864	0.0101971	0.0031891	0.000435318	0.000139718	0.00019447	0.0155286	0.234062	0.518175	0.0279746	0.0242328	0.000107906	0.00238615	0.000269703	0.0175651	0.0405318	0.0034527	
0.19214	0.000146239	0.0382821	0.0172218	0.016471	0.000206208	0.00019859	0.00248645	0.0845668	0.0027711	0.00428615	0.00881031	0.000121267	0.00775895	0.5692	0.00442727	0.00267151	0.0131406	0.000294051	0.0347988	
0.14645	0.00190307	0.00211517	0.000246956	0.0386522	0.0242886	0.000962344	0.0222284	0.0282607	0.000458372	0.00905347	0.281262	0.402866	0.0100989	0.00174739	0.000216033	0.000472062	0.0032418	0.00126656	0.0242094	
0.0651796	0.000441181	0.49247	0.221901	0.00087997	0.000253972	0.000262218	0.00352111	0.000260957	0.000253378	0.000215766	0.0828032	5.41969e-05	0.0794017	0.000112264	0.0353388	0.0156405	0.000285141	0.000350064	0.000375518	
0.0408784	9.75426e-05	0.000165223	0.0171658	0.0192676	0.0443732	0.00022673	0.003096	0.0669484	0.00101923	0.0103989	0.000179825	0.0481951	0.0611445	0.0176239	0.000164527	0.0283829	0.00427612	0.0581162	0.57828	
0.000536699	0.0112006	0.00064448	0.000563371	0.00272474	0.000239024	0.00030975	0.549171	0.00198367	0.234545	0.0028739	0.00326394	0.000119005	0.000402687	9.78742e-05	0.000675841	0.000908828	0.169934	0.000758948	0.0190473	
0.242761	0.000515945	0.0970596	0.0575053	0.000462526	0.0939668	0.00823763	0.00300978	0.18072	0.000298026	0.0169009	0.0440096	8.07477e-05	0.0198594	0.00178031	0.204291	0.0264951	0.000966348	0.000502366	0.000578067	
0.526681	0.000833044	0.000666229	0.0241126	0.00280616	0.00983722	0.0143184	0.00249041	0.00395255	0.00836784	0.0150023	0.309245	0.000137511	0.0473605	0.000697267	0.0154237	0.0127702	0.000356639	0.00329765	0.0016435	
0.0223526	0.00166103	0.149933	0.0184866	0.302873	0.00273617	0.00160437	0.0176933	0.0236839	0.00218082	0.000836042	0.00239171	0.0685848	0.0173186	0.000344184	7.4416e-05	0.00984449	9.38988e-05	0.357234	7.28504e-05	
0.00123291	0.000117305	0.000528544	0.00186265	0.488296	0.000392246	0.000747596	0.000253868	0.0690839	6.372e-05	0.0112387	0.00175592	0.0242739	0.125117	0.0283787	0.000323208	0.0247596	0.0553549	0.0446799	0.121539	
0.00733431	0.000437869	0.0317126	0.133398	0.00138127	0.000543837	0.0163905	0.000347773	0.0184266	0.000722613	0.00353052	0.656372	0.000235675	0.0305503	0.0123961	0.0689801	0.0122684	0.003143	0.0015279	0.000300373	
0.00378929	0.0123665	0.000533512	0.000661776	0.00259076	0.000210942	0.0038717	0.0761463	0.0213771	0.0206005	0.000283206	0.00273911	0.000978391	0.0157553	0.0011495	0.0012127	0.110823	0.684464	0.0122277	0.0282187	
0.0125853	0.00985096	0.0002163	0.000424313	0.0001006	9.40382e-05	0.00036145	0.296515	0.00106876	0.0420541	0.00487308	0.00055664	0.000109771	0.0024772	0.000166829	0.000197581	0.000204209	0.542023	0.00412879	0.081993	
0.00469761	0.00959046	0.147054	0.00114132	0.0467703	0.00171952	0.0101702	0.000330077	0.000284502	0.00810806	0.0150385	0.562853	0.0019853	0.00664873	0.163211	0.000368217	0.000753963	0.00499759	0.0141142	0.000163727	
0.0165655	0.000104023	0.037235	0.0229711	0.0626736	7.11428e-05	0.0174609	0.00440658	0.0165145	0.00034336	0.00534467	0.0660532	0.054373	0.0229067	2.68193e-05	0.000129126	0.0148314	0.0122303	0.5918	0.0539592	
0.0442171	9.1143e-05	0.316973	0.122538	0.000262471	0.0920323	0.015758	0.000627634	0.0418163	0.00118447	0.000177133	0.140564	0.0177183	0.0415474	0.00653834	0.102514	0.0434791	0.0116779	0.000110245	0.00017263	
0.150469	0.00772108	0.0361091	0.433269	0.0321576	0.000201954	0.00989827	0.00698653	0.114166	0.000678472	0.00634679	0.00885352	0.000245393	0.0573661	0.000719694	0.000651978	0.00366092	0.0213509	0.0765386	0.0326094	
0.126087	0.016634	0.00047716	0.00146048	0.000366431	0.000324934	0.0461006	0.0425284	0.0644031	0.000245249	0.00181071	0.0245208	0.000923529	0.0893545	0.0157535	0.00216027	0.00205922	0.494593	0.032438	0.037759	
0.350741	0.000654872	0.0628988	0.157519	0.00430558	0.0353985	0.00428835	0.00326405	0.00347263	0.00441015	0.00319182	0.15786	0.000158157	0.0116722	9.79414e-05	0.147407	0.0502208	0.000195706	0.000355437	0.00188829	
0.122442	0.00184666	0.038566	0.138121	0.00213939	0.00573847	0.00020988	0.000256934	0.157305	0.00328665	0.000320374	0.0271403	0.00218463	0.140183	0.298651	0.0343316	0.0217595	0.00166752	0.000139596	0.00371088	
