0.0802877	0.0129733	0.0542783	0.0733613	0.0191022	0.0457114	0.00811376	0.155313	0.0372285	0.264846	0.0571915	0.0424615	0.00791889	0.0126028	0.00790934	0.0178163	0.0233622	0.0357935	0.0142044	0.0295242	
0.0624503	0.0132679	0.0565335	0.0516515	0.0359799	0.0416548	0.0307002	0.0637838	0.0442758	0.0496802	0.0424591	0.0422643	0.0360874	0.0359352	0.033313	0.0576247	0.0985443	0.132016	0.0251383	0.0466394	
0.0501636	0.0163209	0.0405232	0.0375812	0.0143973	0.0151333	0.0162124	0.201296	0.0563378	0.0857655	0.0329526	0.0197006	0.0478018	0.0214751	0.0194097	0.0118029	0.0206665	0.228218	0.0240186	0.040223	
0.092049	0.00743038	0.0720318	0.063423	0.214	0.0398097	0.023125	0.0781523	0.0519015	0.0416877	0.0386975	0.0466372	0.0337664	0.0283393	0.0413448	0.023292	0.0317397	0.0311616	0.0236194	0.0177915	
0.114443	0.0413006	0.0618078	0.0665914	0.0283618	0.0475275	0.0311797	0.0512378	0.0571042	0.0341446	0.0359518	0.0519237	0.0338894	0.0280944	0.0290883	0.175347	0.0366336	0.0132245	0.0257922	0.0363573	
0.0338328	0.00589908	0.0196584	0.0209855	0.0468509	0.380292	0.0200232	0.0613325	0.0434431	0.0649307	0.0373483	0.0533075	0.0412902	0.0302858	0.00500882	0.0391746	0.0402155	0.0126412	0.0208469	0.0226331	
0.0785051	0.0149367	0.0230944	0.0500516	0.0461724	0.0446028	0.0221461	0.0418296	0.0114288	0.0582536	0.0423451	0.296572	0.0406976	0.0359858	0.0404897	0.0264919	0.0219709	0.0656757	0.0224589	0.0162916	
0.243854	0.0150216	0.0428343	0.0421331	0.0382533	0.0332962	0.032064	0.0464413	0.0802666	0.020623	0.0343276	0.0553295	0.0330253	0.0292304	0.0443403	0.100301	0.0160085	0.0396809	0.02391	0.0290589	
0.0730114	0.0149054	0.0290816	0.0543813	0.0466135	0.0419975	0.019453	0.0472872	0.0117101	0.0628984	0.0385306	0.261125	0.0385068	0.035819	0.0349432	0.0300535	0.0530088	0.0663549	0.0243441	0.0159745	
0.0180722	0.0132068	0.11103	0.0515657	0.0308579	0.0310067	0.00783423	0.0944937	0.0401426	0.0141346	0.0284205	0.0380265	0.334373	0.0154867	0.00748828	0.0120868	0.0126162	0.101424	0.0189567	0.0187769	
0.116447	0.00770078	0.0622675	0.0657617	0.0476907	0.00719578	0.0254002	0.0263954	0.170227	0.0336672	0.0260933	0.0468948	0.0225451	0.0146181	0.193042	0.0244515	0.0157919	0.0442142	0.0222522	0.0273441	
0.0707243	0.0144428	0.0638152	0.0718003	0.0167474	0.0406507	0.0135605	0.0820236	0.0378513	0.322229	0.0464168	0.0508592	0.0124675	0.014362	0.0242806	0.0141468	0.03346	0.0275123	0.0157579	0.0268921	
0.298052	0.0109004	0.0232143	0.0445859	0.0420397	0.051889	0.0272983	0.0590334	0.0712966	0.0649204	0.0353722	0.0527376	0.0101055	0.0241851	0.0320487	0.0426518	0.0208143	0.030953	0.0194066	0.0384952	
0.130746	0.015617	0.053598	0.0835349	0.0434997	0.0506972	0.0313659	0.0732686	0.0452728	0.0684944	0.0437172	0.0526113	0.0435057	0.0266113	0.0340326	0.0311112	0.0295302	0.0708178	0.0269361	0.0450319	
0.380244	0.0119869	0.018917	0.0268877	0.0432917	0.00921546	0.0214992	0.0519713	0.114785	0.0532711	0.0293338	0.0411735	0.00622116	0.0213221	0.0409524	0.0394338	0.015204	0.0285344	0.0158958	0.0298592	
0.0642221	0.0142415	0.0727858	0.0544942	0.0172318	0.0356194	0.0179507	0.291504	0.0420135	0.0512346	0.0265272	0.0228247	0.0640708	0.0297178	0.0263746	0.0234661	0.0222664	0.0670176	0.023762	0.0326747	
0.38475	0.0102421	0.0147161	0.0229951	0.0389052	0.0102613	0.0211987	0.0529634	0.123424	0.0519983	0.0282775	0.0417593	0.00675614	0.0214668	0.0454645	0.0376809	0.0151306	0.0278819	0.0164782	0.0276494	
0.260264	0.00920008	0.0441671	0.0379482	0.02059	0.0366712	0.0329034	0.0476057	0.0885665	0.0377169	0.0329016	0.0551801	0.0112041	0.0297073	0.0382794	0.125627	0.0160261	0.0366686	0.0214233	0.0173495	
0.0373293	0.0206131	0.0126429	0.097876	0.0416357	0.0167854	0.024784	0.0759091	0.0176281	0.0495713	0.0366033	0.0604189	0.0401441	0.194315	0.0345633	0.0485308	0.0457267	0.0821411	0.0299928	0.032789	
0.0813952	0.0157828	0.0508786	0.0618388	0.0300589	0.0230855	0.0165529	0.0874822	0.0174688	0.240907	0.0781874	0.0492462	0.0198454	0.0198608	0.034824	0.0169565	0.012763	0.0908636	0.0191972	0.0328052	
0.0727897	0.0126066	0.0582946	0.146623	0.0452068	0.173915	0.0082798	0.0746769	0.0425276	0.0707001	0.0374987	0.0172616	0.0360835	0.029223	0.020858	0.053735	0.0463331	0.0154295	0.0230256	0.0149328	
0.0803226	0.0161024	0.0600082	0.0570402	0.0211011	0.0343053	0.0114109	0.132478	0.051519	0.108823	0.0513129	0.043054	0.0464955	0.0250504	0.0457519	0.0422234	0.0340515	0.0789605	0.027028	0.0329612	
0.0207041	0.0150298	0.108419	0.049117	0.0322873	0.0302366	0.00943596	0.0887378	0.0408672	0.0178575	0.0293982	0.0378842	0.29535	0.0202432	0.00856087	0.0208749	0.0332681	0.0968009	0.0232446	0.021682	
0.0747551	0.0139104	0.0544514	0.0733807	0.0201946	0.049302	0.00912274	0.0789689	0.0374682	0.340042	0.0426074	0.0482467	0.00918004	0.0153271	0.012107	0.0194228	0.0323548	0.025418	0.0167731	0.0269673	
0.166462	0.013481	0.0470988	0.0279125	0.0355744	0.0520336	0.0321566	0.0624511	0.0806488	0.0497971	0.0372986	0.0442678	0.0121289	0.0274341	0.0413826	0.0691499	0.061935	0.0776536	0.0202259	0.0409075	
0.218144	0.00728957	0.0365851	0.0273032	0.0432895	0.00456348	0.0220895	0.03162	0.317706	0.0331797	0.00931766	0.0206931	0.0140744	0.0105339	0.0762666	0.0339088	0.0156295	0.0433855	0.0107302	0.0236898	
0.134418	0.0174884	0.052313	0.0503091	0.0412321	0.0553562	0.0364046	0.0511021	0.0587483	0.0356786	0.0398088	0.0594411	0.0108774	0.0284456	0.0242544	0.172562	0.0289054	0.0459547	0.0259453	0.0307548	
0.0891996	0.0138522	0.0628847	0.0629673	0.00968367	0.0570601	0.0164303	0.157828	0.0468701	0.16558	0.053051	0.0380407	0.0221184	0.0210988	0.0237864	0.0470762	0.0289758	0.0362193	0.0180197	0.0292573	
0.0696708	0.0144473	0.0251941	0.0277674	0.0166968	0.00732552	0.0228792	0.0709578	0.0533032	0.028603	0.0342407	0.0393975	0.0438393	0.0283546	0.0342441	0.0283744	0.0553917	0.33206	0.0236226	0.0436296	
0.034714	0.0208946	0.0702026	0.0702086	0.030961	0.0493844	0.0259095	0.0530859	0.0522134	0.0172422	0.0359047	0.0534287	0.108988	0.0381052	0.0299184	0.193667	0.0372336	0.0444744	0.0154312	0.0180329	
0.110103	0.00938568	0.0772169	0.0566836	0.0429289	0.00876335	0.0313903	0.0577473	0.0600506	0.0340177	0.0166127	0.0500324	0.0237421	0.0209687	0.213406	0.0466503	0.0446664	0.0502122	0.0174589	0.0279626	
0.0815489	0.00667276	0.0813207	0.0653096	0.268533	0.0488236	0.0239489	0.031678	0.0621185	0.0164296	0.0339499	0.0448822	0.0388372	0.0313299	0.048516	0.0297313	0.0303472	0.0201538	0.024116	0.0117528	
0.274793	0.0135732	0.0376182	0.0362622	0.0777603	0.00802126	0.0221075	0.0786877	0.102752	0.0301556	0.0299644	0.0410231	0.0180803	0.0289834	0.0423474	0.0371213	0.0273769	0.037211	0.0204822	0.035679	
0.029877	0.0103206	0.375307	0.026987	0.0449441	0.00877562	0.0225053	0.0734579	0.0433419	0.0459717	0.0333075	0.0267243	0.0751041	0.0240169	0.0387629	0.0359442	0.0320873	0.023396	0.0200121	0.00915664	
0.0336704	0.00615847	0.0211864	0.0304054	0.0445903	0.330781	0.0243011	0.0552952	0.0521307	0.053966	0.0388444	0.0553321	0.0399966	0.0339646	0.00649682	0.0778114	0.0364921	0.0146971	0.0230498	0.0208297	
0.0266303	0.0145623	0.027966	0.356116	0.038739	0.0133292	0.0179246	0.0693964	0.0377262	0.0707111	0.0378265	0.0436031	0.0357225	0.0083937	0.0449922	0.0420449	0.0321593	0.025302	0.0234819	0.033373	
0.0587551	0.016844	0.0756032	0.0548097	0.025641	0.0421569	0.0187054	0.293151	0.0243348	0.03165	0.0275827	0.0355725	0.071411	0.0371365	0.0184392	0.0334432	0.0211782	0.0555241	0.0250911	0.0329706	
0.0721322	0.00723306	0.0686715	0.0633212	0.132132	0.0531113	0.0330824	0.039722	0.0723828	0.0380722	0.0384389	0.0542029	0.0200296	0.0337996	0.0440143	0.132887	0.0303925	0.0298472	0.0240096	0.0125175	
0.0282268	0.0145721	0.0191262	0.0222517	0.014044	0.00419066	0.0206433	0.0910369	0.0440715	0.0271921	0.0369508	0.038534	0.0587073	0.0268902	0.0302931	0.0289422	0.0389609	0.396156	0.0208491	0.0383607	
0.0949099	0.00825202	0.0769138	0.0630324	0.0413215	0.00707994	0.0309107	0.0429293	0.0438745	0.0353629	0.0168046	0.0561307	0.0260858	0.0160348	0.281201	0.0393908	0.0208389	0.0535347	0.0204341	0.0249574	
0.0708383	0.0160506	0.0531095	0.0537283	0.0319127	0.0225357	0.01653	0.192846	0.0902491	0.0729123	0.0282379	0.0296036	0.0464665	0.0166252	0.0129782	0.0238739	0.0177775	0.142279	0.0212521	0.0401938	
0.0534412	0.0141202	0.088481	0.243581	0.0423452	0.0431716	0.0217473	0.0625888	0.0432893	0.0609253	0.0377803	0.0411118	0.0396148	0.0239207	0.0206824	0.0613241	0.0385808	0.0131628	0.0226002	0.0275313	
0.0650645	0.0157404	0.062933	0.0625653	0.0331805	0.04376	0.0174134	0.220422	0.0264499	0.0866457	0.0263361	0.0435982	0.0478022	0.0250332	0.0161793	0.0352156	0.0537244	0.0634529	0.0202669	0.0342165	
0.0501809	0.0139072	0.0632242	0.0718681	0.0205775	0.056183	0.0334001	0.0559523	0.0528573	0.0344396	0.0413778	0.0546004	0.03056	0.0337252	0.0282131	0.238463	0.0339432	0.047873	0.0249472	0.0137069	
0.0237039	0.0150115	0.0200072	0.0201789	0.0140269	0.00443843	0.0168232	0.129985	0.0487266	0.0302681	0.0361037	0.0341653	0.0618997	0.0230352	0.0204629	0.0251321	0.0337694	0.386689	0.0215105	0.0340618	
0.0339948	0.00796295	0.0240073	0.0177881	0.0444492	0.375456	0.019314	0.0606104	0.0458653	0.0641715	0.0359862	0.0546788	0.0399026	0.0317541	0.00360812	0.0495947	0.0397689	0.0125685	0.0177131	0.0208058	
0.246415	0.0122268	0.0555115	0.0475645	0.044132	0.0130185	0.0230706	0.0768631	0.073179	0.0797369	0.0426611	0.0417596	0.00695159	0.0232138	0.0374518	0.0240275	0.0182386	0.070692	0.0196662	0.0436201	
0.0291096	0.00961426	0.342462	0.0735397	0.0417809	0.013025	0.0192314	0.0703482	0.0416076	0.0481833	0.0326918	0.026932	0.0732379	0.017425	0.0431863	0.039729	0.0308905	0.0165678	0.0209125	0.00952535	
0.02753	0.0164117	0.0296675	0.0173945	0.0192726	0.00567855	0.0188212	0.0911575	0.046831	0.0224702	0.0338407	0.0395106	0.0580947	0.0258586	0.0265149	0.0254976	0.0396547	0.395142	0.023933	0.036718	
0.0789827	0.0499008	0.0266156	0.0661463	0.0172699	0.0271279	0.0164995	0.0859804	0.0465106	0.0617669	0.0429173	0.0211799	0.0364413	0.0283602	0.0239507	0.0229324	0.045527	0.102733	0.0246757	0.174482	
0.0645558	0.0152442	0.0528946	0.0491278	0.0165124	0.0188407	0.0174121	0.258199	0.0508275	0.0538604	0.024249	0.0167395	0.0649447	0.0247484	0.0209375	0.0172911	0.0192018	0.15226	0.0238408	0.038313	
0.035577	0.0165436	0.0610998	0.040912	0.0171445	0.00703272	0.019147	0.132857	0.0460062	0.066255	0.046249	0.0322474	0.0532856	0.0230227	0.0261144	0.0273463	0.0354531	0.248634	0.0220095	0.0430632	
0.073342	0.0141724	0.0500411	0.0243458	0.0431513	0.0472181	0.00674644	0.0699079	0.0148838	0.0240949	0.0376343	0.0528619	0.0162044	0.293264	0.0141844	0.0434426	0.0520919	0.0693763	0.0247505	0.0282858	
0.0438611	0.0354099	0.0692903	0.0667174	0.0171031	0.046997	0.0301727	0.0587101	0.0529879	0.0325825	0.037537	0.0489065	0.0687671	0.030424	0.0281725	0.205069	0.0348739	0.0497379	0.0248028	0.0178775	
0.0546339	0.0164029	0.0784177	0.0488915	0.0644467	0.0471579	0.0342414	0.0395575	0.0432737	0.025271	0.0404285	0.0489803	0.0374311	0.0376211	0.0368396	0.0500869	0.0554398	0.167971	0.029039	0.0438687	
0.0968975	0.0103828	0.0493202	0.0584034	0.0402328	0.10156	0.0415992	0.0283373	0.05078	0.0338269	0.0421598	0.0917785	0.034852	0.032342	0.00734286	0.18197	0.0219479	0.0339071	0.0224492	0.0199104	
0.0215248	0.0178549	0.0966381	0.0516259	0.0361495	0.0288757	0.0152347	0.0911687	0.0451916	0.0391136	0.0299078	0.0421302	0.285303	0.013327	0.00878141	0.0148863	0.0151201	0.104474	0.0205043	0.0221878	
0.0193636	0.0148933	0.107967	0.051441	0.0341561	0.0346977	0.00896358	0.0929608	0.0376724	0.0151706	0.0276458	0.037332	0.335091	0.0202231	0.0065707	0.0116426	0.0129864	0.0894248	0.0213731	0.0204242	
0.0245121	0.0144757	0.0188202	0.0208361	0.0122227	0.00453367	0.0165731	0.131597	0.0449424	0.0309926	0.0331776	0.0324771	0.063975	0.0244113	0.0211565	0.027543	0.0389649	0.379813	0.0222312	0.0367454	
0.0744369	0.0164368	0.024201	0.0542052	0.0469117	0.0454899	0.0158039	0.0666443	0.010081	0.0785079	0.0408066	0.260126	0.0396527	0.036111	0.0358448	0.0230803	0.0198015	0.070038	0.02403	0.0177899	
0.0261431	0.0111701	0.231745	0.147109	0.0456207	0.0156124	0.0138054	0.0621354	0.0376354	0.0621771	0.0351983	0.0586738	0.0545448	0.0221092	0.0463473	0.044864	0.0331607	0.0167797	0.0245167	0.0106522	
0.105325	0.0124111	0.0218347	0.046678	0.0442162	0.0632414	0.102578	0.0254166	0.0207559	0.0310656	0.0411864	0.166803	0.0246002	0.0300218	0.0344654	0.12728	0.0179442	0.0462867	0.02507	0.0128194	
0.0754466	0.0153136	0.0613736	0.0720217	0.0416603	0.0425629	0.0144164	0.0911596	0.0361819	0.308396	0.0336496	0.0553778	0.0140708	0.0151186	0.018932	0.0122388	0.0291584	0.026757	0.0113806	0.0247838	
0.0715869	0.0164308	0.060707	0.0589617	0.0467882	0.051071	0.0255842	0.023981	0.0234125	0.0488352	0.203812	0.0547387	0.0367787	0.0290989	0.0156145	0.0494029	0.0796651	0.0423506	0.0257287	0.0354515	
0.0246004	0.0154411	0.0274951	0.354423	0.0401	0.0124719	0.0198785	0.0694303	0.0357586	0.0660437	0.0427582	0.0462828	0.0362202	0.00995321	0.0432402	0.0390614	0.0361376	0.0242523	0.0209535	0.0354976	
0.0770454	0.0138788	0.0555396	0.0693629	0.0280745	0.0483842	0.0113528	0.0810724	0.0376303	0.333697	0.0442612	0.0524911	0.00917128	0.0103771	0.0105327	0.0196142	0.0310509	0.02621	0.0142144	0.0260389	
0.0768279	0.0144748	0.060689	0.0742406	0.0164434	0.0502892	0.0124543	0.10117	0.0358018	0.317532	0.0346579	0.0488214	0.0132604	0.0123812	0.0178835	0.0137723	0.0310087	0.0284488	0.0102509	0.0295927	
0.0811615	0.0155948	0.0455515	0.0642068	0.0215012	0.0293982	0.0134054	0.195613	0.0384944	0.185701	0.0683923	0.0328283	0.00879728	0.0106709	0.00963102	0.0186342	0.0228504	0.0853605	0.0165507	0.0356568	
0.0797923	0.0151247	0.068741	0.058812	0.040199	0.0432044	0.0224182	0.0880993	0.0214001	0.0809262	0.199457	0.0460585	0.0338362	0.025287	0.0118875	0.0391257	0.0217661	0.0505058	0.0214961	0.0318632	
0.32425	0.0119226	0.020388	0.0357218	0.0428846	0.00944037	0.0233993	0.0640596	0.105204	0.0661841	0.0370193	0.0398855	0.00656945	0.0190266	0.0405339	0.027448	0.0139864	0.0611925	0.0168528	0.0340315	
0.0734592	0.0144987	0.0647604	0.0612589	0.0356832	0.0244711	0.020836	0.118948	0.0462461	0.0640579	0.0936606	0.0426901	0.0405349	0.0221793	0.0291335	0.0401389	0.0426546	0.107977	0.0215514	0.0352609	
0.379175	0.0130365	0.0173877	0.0255746	0.0405097	0.00960579	0.022073	0.0527125	0.118341	0.0549396	0.0285511	0.0426441	0.00733188	0.0178022	0.0469072	0.0380243	0.0147743	0.025046	0.0162826	0.0292803	
0.0754449	0.0128845	0.0601561	0.0781915	0.0382857	0.0442736	0.0119224	0.0882803	0.0408451	0.308892	0.0342975	0.0490288	0.0140277	0.0155194	0.0180617	0.0124437	0.0320258	0.0287442	0.0106338	0.0260415	
0.0735904	0.0088669	0.0801607	0.0695272	0.0494182	0.00640947	0.026505	0.030257	0.0293876	0.0380799	0.0242494	0.0622816	0.0250116	0.0148529	0.321869	0.0166076	0.0145867	0.0521912	0.0286836	0.027464	
0.105788	0.00621727	0.0717967	0.0627739	0.0427377	0.00662678	0.0258869	0.0438194	0.0796656	0.0242676	0.0246341	0.0492822	0.0150479	0.00979683	0.269966	0.0329912	0.0239119	0.054703	0.0251527	0.0249338	
0.361704	0.0113983	0.0149827	0.0228589	0.035972	0.0113242	0.0249371	0.044527	0.129993	0.0389944	0.0249435	0.0446474	0.00878898	0.0222418	0.0496467	0.0717953	0.0140572	0.022774	0.0178444	0.0265696	
0.0996167	0.0440241	0.0680498	0.0605446	0.0304593	0.0276225	0.0280468	0.042612	0.052194	0.0325316	0.0381789	0.0381259	0.0442013	0.0276944	0.0079743	0.229087	0.0315455	0.0436249	0.0246095	0.0292566	
0.381632	0.0113475	0.0170269	0.0252006	0.0398928	0.00930498	0.0230101	0.0518409	0.115109	0.0533785	0.0313312	0.0425895	0.0064068	0.0204092	0.0475396	0.0384947	0.0132866	0.0254144	0.0162309	0.0305541	
0.204398	0.0071903	0.0410726	0.0357504	0.0415307	0.00536774	0.0246131	0.0364225	0.274194	0.0305086	0.00980657	0.0302109	0.0137574	0.0124065	0.0976158	0.0455401	0.0156245	0.0404113	0.010615	0.0229639	
0.0292541	0.0170499	0.0680703	0.0724761	0.0294269	0.0492641	0.025354	0.0623035	0.048354	0.0190599	0.0385831	0.0426509	0.0625107	0.0341164	0.0351502	0.187108	0.078215	0.0581219	0.0243441	0.0185872	
0.0714208	0.0146853	0.0625881	0.0633135	0.0195339	0.0403558	0.0166383	0.252402	0.047218	0.120297	0.0334606	0.0218759	0.0370896	0.0246812	0.018771	0.017759	0.0196566	0.0626035	0.0222597	0.0333908	
0.0746696	0.0167062	0.0531665	0.0521837	0.0367726	0.0445908	0.0265091	0.0316402	0.0203098	0.056809	0.0441174	0.0381302	0.0140397	0.037578	0.0110768	0.0219704	0.266282	0.086981	0.0222022	0.0442647	
0.38159	0.0114367	0.0168663	0.0251165	0.0384452	0.00852731	0.024441	0.0519878	0.124267	0.0497659	0.0292401	0.0411943	0.00666821	0.0175391	0.0453888	0.0376737	0.0146169	0.0279356	0.0165064	0.0307927	
0.0263122	0.0144455	0.0298111	0.0151494	0.0178216	0.00459129	0.0188847	0.107399	0.0492147	0.0239426	0.0255355	0.0403708	0.0686412	0.025242	0.0241923	0.0255049	0.0360994	0.390043	0.0224927	0.0343062	
0.0792654	0.013773	0.0538384	0.0611141	0.0139381	0.029524	0.032133	0.159468	0.0436067	0.104388	0.114788	0.035772	0.00857862	0.0196359	0.0115813	0.0266656	0.0282552	0.0951708	0.0173455	0.0511593	
0.0191938	0.0154661	0.106386	0.0522439	0.0313114	0.0293914	0.0089447	0.0955189	0.0391839	0.0136643	0.0266263	0.0376773	0.337238	0.0172904	0.0066906	0.013367	0.0116838	0.0959496	0.0204896	0.0216833	
0.0941078	0.0187273	0.0482536	0.113743	0.0269496	0.0310656	0.0254209	0.081904	0.0581281	0.0533194	0.0474958	0.00972916	0.00791498	0.0218009	0.0080464	0.0238825	0.0511935	0.0803028	0.021884	0.176131	
0.139685	0.0130017	0.0554446	0.0549418	0.0440369	0.00875418	0.0201584	0.126861	0.0541243	0.126619	0.0595747	0.0442904	0.0224482	0.0196172	0.0299051	0.0275219	0.0308553	0.0663692	0.0190804	0.0367112	
0.0328259	0.00793411	0.0221555	0.0163484	0.0445937	0.375365	0.0205631	0.0598444	0.0425848	0.0672793	0.0385693	0.0563547	0.0402385	0.0316614	0.00449426	0.0454379	0.0380383	0.0133536	0.0203803	0.021978	
0.0938266	0.0131211	0.0299825	0.0646863	0.016383	0.0316	0.0440384	0.083951	0.0563611	0.0551443	0.0444548	0.0168966	0.0201648	0.0253805	0.0309914	0.0160634	0.0501225	0.10075	0.0215768	0.184505	
0.375282	0.0114011	0.0174452	0.0286683	0.040018	0.00864109	0.021319	0.0526417	0.118626	0.0578986	0.0300656	0.0390857	0.00598318	0.0193392	0.0469581	0.0378354	0.0147761	0.026851	0.0162488	0.0309159	
0.0881915	0.0139716	0.0685357	0.0463064	0.0378995	0.0766762	0.0352952	0.0681	0.0615647	0.0542615	0.0442513	0.0447405	0.0337288	0.0307092	0.0277876	0.050649	0.0461908	0.0890679	0.0264184	0.0556543	
0.094154	0.0144442	0.0682063	0.0736914	0.0388678	0.0406638	0.0340032	0.0634562	0.0294761	0.035427	0.0184542	0.0485143	0.0296854	0.0485502	0.063372	0.12945	0.0521414	0.0431324	0.0453586	0.0289513	
0.0291315	0.0104597	0.371808	0.0311756	0.0428547	0.00906401	0.0222663	0.0727332	0.0407632	0.047574	0.0354701	0.0271835	0.0738039	0.0251061	0.0419198	0.0345408	0.0329738	0.0213864	0.0204527	0.00933306	
0.0957972	0.00543989	0.0758859	0.0631429	0.0443361	0.00593379	0.021672	0.0403155	0.0699606	0.026834	0.026483	0.0495196	0.0168597	0.0150018	0.293264	0.0223469	0.021454	0.0526775	0.0269832	0.0260921	
0.178973	0.0104155	0.0408404	0.0185228	0.0375837	0.0273417	0.019509	0.0437324	0.325321	0.036999	0.0165953	0.0114914	0.0236278	0.00823272	0.0418288	0.0436686	0.0193677	0.0525932	0.0157082	0.0276471	
0.283692	0.0141961	0.0445716	0.0222346	0.038595	0.0172102	0.030862	0.0494832	0.0850191	0.0388152	0.0312874	0.0551295	0.0311974	0.0284557	0.0494811	0.0873684	0.0161954	0.0251437	0.0211908	0.0298715	
0.0794529	0.00872781	0.07916	0.06515	0.0565411	0.00589367	0.0283593	0.030387	0.0321534	0.0322534	0.0245004	0.061505	0.0275315	0.0143935	0.313071	0.0169513	0.0141862	0.0538564	0.0275709	0.0283552	
0.0255054	0.0139103	0.0315573	0.351024	0.0419574	0.0121497	0.0216586	0.0698462	0.0356523	0.0638577	0.0402233	0.047402	0.037112	0.00958504	0.0429742	0.0415834	0.0342424	0.0216064	0.0228849	0.0352675	
0.0362827	0.0148814	0.113156	0.0474551	0.0310163	0.0317177	0.00902482	0.0906464	0.0402527	0.0178129	0.0287858	0.0392944	0.301874	0.0201855	0.0111619	0.0154255	0.0145437	0.0908358	0.0240435	0.0216043	
0.0658983	0.0134079	0.0831323	0.0624681	0.0330121	0.0323348	0.0227546	0.211127	0.0265566	0.0237059	0.0195673	0.042734	0.0495334	0.0389594	0.0604802	0.0515047	0.0585622	0.0443584	0.028417	0.0314854	
0.12469	0.0169312	0.0157477	0.0923841	0.0427011	0.00662526	0.00902027	0.0875676	0.0373441	0.0905424	0.04886	0.0721068	0.0300929	0.0320356	0.0361759	0.0255817	0.0341399	0.140952	0.0222016	0.0343	
0.299631	0.00729649	0.0362916	0.0377015	0.0157526	0.030392	0.0301435	0.056769	0.0833223	0.0459904	0.0328893	0.0490872	0.0204789	0.0282186	0.0478239	0.0642012	0.0143259	0.0386444	0.0212821	0.0397581	
0.165515	0.0100969	0.0416292	0.019442	0.0350222	0.0244629	0.0202317	0.0648209	0.28407	0.0385136	0.0120003	0.0090718	0.0301203	0.00819622	0.0365142	0.0395936	0.0402385	0.0755595	0.0149162	0.0299846	
0.079267	0.0148135	0.0464506	0.0612189	0.0129458	0.0243947	0.014237	0.132689	0.0299949	0.22528	0.1009	0.0421519	0.0130186	0.0133673	0.0166124	0.0120165	0.0232678	0.0902616	0.00974706	0.0373656	
0.0658002	0.0147315	0.04005	0.0206852	0.0239535	0.00803531	0.0229027	0.0902228	0.0518828	0.0207965	0.0219662	0.038141	0.0560768	0.028985	0.0305139	0.0268036	0.0480091	0.325268	0.023637	0.0415386	
0.37458	0.0117294	0.0244464	0.0175152	0.040917	0.0097089	0.0216726	0.0575436	0.121072	0.0504413	0.0312268	0.0417137	0.00594167	0.0196396	0.0441318	0.0377442	0.0146305	0.0270665	0.0181757	0.0301033	
0.075042	0.0159418	0.0267603	0.0527741	0.0432571	0.0447926	0.0213043	0.043775	0.0127672	0.0611629	0.0389434	0.296033	0.0378302	0.0371685	0.0411829	0.0295631	0.021306	0.063011	0.0215608	0.0158232	
0.0793117	0.0131733	0.052571	0.0767845	0.0207838	0.047236	0.0084685	0.0823588	0.0382277	0.338025	0.043499	0.0476035	0.00830929	0.0133354	0.0129662	0.017476	0.0320539	0.0239994	0.0146222	0.0291947	
0.0818883	0.0148717	0.061662	0.072128	0.0482234	0.0350074	0.0114824	0.10998	0.0273619	0.252141	0.0664127	0.068451	0.0168118	0.0155145	0.0184539	0.0109042	0.0126367	0.0363615	0.0161601	0.0235469	
0.0340641	0.0148516	0.072716	0.0650855	0.0341683	0.0445738	0.0260126	0.0650643	0.0440887	0.018482	0.0367322	0.0367614	0.0255707	0.0392025	0.0411287	0.150941	0.135287	0.0618338	0.0277394	0.0256965	
0.181804	0.0132601	0.0501497	0.0410285	0.0459142	0.0374094	0.0282292	0.050544	0.101325	0.0216748	0.0328828	0.039131	0.0115033	0.0308526	0.0476265	0.0918053	0.0759134	0.0585041	0.0114779	0.0289648	
0.355924	0.010476	0.0297301	0.0162292	0.0357545	0.0105118	0.025773	0.0471075	0.130462	0.0354169	0.0281822	0.0437391	0.00831313	0.0209196	0.0491809	0.0707728	0.0146589	0.0216713	0.018541	0.026636	
0.0327328	0.00812485	0.0230978	0.0171602	0.0428509	0.375299	0.0175059	0.0630959	0.0443382	0.0628704	0.0396608	0.0525242	0.0412898	0.0339321	0.00513257	0.0444548	0.0391238	0.0127843	0.0219882	0.022033	
0.324998	0.0125659	0.0334255	0.0233056	0.0422956	0.00823974	0.0202114	0.0633174	0.103409	0.0635095	0.0349484	0.035094	0.00633446	0.0199454	0.0453549	0.028702	0.0186328	0.0631884	0.0182049	0.0343175	
0.0329603	0.0126786	0.314543	0.024948	0.0483827	0.0104906	0.0503347	0.0595239	0.0393027	0.0494015	0.0374335	0.0617466	0.052517	0.0225515	0.0519841	0.0417633	0.0330591	0.0230892	0.0228583	0.0104313	
0.0751753	0.0093498	0.0822377	0.0678741	0.0484447	0.005377	0.0299114	0.0409198	0.0291833	0.0342851	0.0182414	0.0594067	0.0260822	0.0153598	0.320294	0.0172191	0.0156001	0.0568219	0.022433	0.025784	
0.0399395	0.0148663	0.0338527	0.0246038	0.0227766	0.00963063	0.016088	0.131873	0.0351136	0.0344431	0.0237789	0.0373327	0.0600277	0.0290744	0.0113354	0.0261556	0.0465438	0.342377	0.0236144	0.0365726	
0.0778273	0.0132391	0.0546316	0.0705541	0.0213947	0.0445906	0.0082145	0.0835466	0.0364221	0.34131	0.0443301	0.047887	0.00936636	0.0131243	0.0122323	0.0189599	0.0345862	0.0255039	0.0150977	0.027181	
0.0747495	0.0167721	0.0495609	0.0562575	0.039998	0.0420141	0.0276786	0.0324885	0.0302314	0.0601795	0.0431869	0.0234982	0.0143384	0.034679	0.019106	0.0124737	0.26468	0.083671	0.0257282	0.048708	
0.030859	0.0156496	0.0205854	0.0251672	0.0147021	0.00650704	0.0199694	0.0963481	0.0448327	0.0484992	0.0411145	0.036693	0.0501958	0.0240159	0.0281644	0.0253177	0.0392364	0.371049	0.0238249	0.0372687	
0.108245	0.041963	0.0521572	0.0596828	0.0197253	0.0145376	0.0264863	0.069194	0.0545194	0.0417962	0.0372944	0.0504257	0.0324728	0.0356815	0.0349743	0.123263	0.0368464	0.0600477	0.0337596	0.0669278	
0.083459	0.0138696	0.0642766	0.072727	0.0219081	0.0367209	0.0124668	0.0676888	0.0483318	0.269705	0.0437698	0.0517498	0.0112809	0.0141341	0.0518585	0.0260007	0.03197	0.0286462	0.0203626	0.029074	
0.38393	0.0120769	0.025546	0.0176888	0.0406724	0.00854293	0.0229609	0.0512064	0.121745	0.0489984	0.0281388	0.0373724	0.0059928	0.0210008	0.0474572	0.038378	0.0141787	0.0274043	0.0161374	0.0305724	
0.112928	0.0127694	0.108841	0.0899589	0.0370508	0.105971	0.02831	0.0643824	0.048672	0.0641072	0.0425002	0.0430489	0.0122735	0.0294816	0.0261763	0.0757499	0.0194301	0.0217268	0.023103	0.0335186	
0.0772167	0.0150917	0.0492728	0.0291695	0.0445496	0.042992	0.00538231	0.0659007	0.0166037	0.0226753	0.0368978	0.0535532	0.0173557	0.288891	0.0136373	0.04253	0.0484295	0.0710953	0.0302315	0.0285243	
0.0547152	0.0141817	0.0762746	0.051958	0.0201602	0.0348126	0.0182417	0.263039	0.0479043	0.0485209	0.0250911	0.0210357	0.0571896	0.0277878	0.0278709	0.0269517	0.0575711	0.0699536	0.0227334	0.0340072	
0.0759072	0.0155336	0.0486058	0.0248813	0.0421084	0.0457195	0.0061598	0.0688438	0.015635	0.024261	0.0356773	0.0504397	0.0172683	0.292449	0.0141733	0.0425347	0.0534061	0.0703627	0.0267411	0.0292919	
0.0318568	0.00656992	0.0184779	0.0248903	0.0465705	0.384566	0.01846	0.0629671	0.0392737	0.0695861	0.0366201	0.052288	0.0412698	0.0324906	0.00454102	0.0380732	0.036185	0.0131131	0.0213658	0.020835	
0.0781619	0.00651179	0.0811448	0.0632656	0.262831	0.0505468	0.0245476	0.0309949	0.0617338	0.0151236	0.0331532	0.052983	0.037792	0.033585	0.048219	0.0292588	0.0353806	0.0189139	0.0232817	0.0125713	
0.0891632	0.00492606	0.0759474	0.0592285	0.226956	0.0511214	0.0264048	0.0286223	0.0758443	0.0139541	0.0341941	0.0495714	0.0364211	0.0348929	0.0511338	0.0583833	0.0312089	0.0191184	0.0219413	0.010967	
0.0706549	0.0100248	0.293659	0.0268024	0.044657	0.0106526	0.0184209	0.0692802	0.0407035	0.0559523	0.039091	0.0641866	0.0617003	0.0300496	0.0442573	0.0364796	0.027545	0.0222376	0.0232358	0.0104093	
0.0280916	0.0156173	0.0352152	0.0175412	0.0221933	0.00733189	0.0226586	0.0991769	0.0389775	0.0284367	0.0708833	0.0428296	0.0562215	0.0273235	0.0249489	0.0312621	0.0405615	0.330228	0.0246772	0.0358245	
0.0176585	0.014025	0.103005	0.0518703	0.0314256	0.0315604	0.00809284	0.0916307	0.0404587	0.0154499	0.0276753	0.0394427	0.336648	0.0172998	0.00877951	0.0122843	0.0122474	0.0973121	0.0224494	0.0206845	
0.0995391	0.0151616	0.0476985	0.0448121	0.0384258	0.0345566	0.112299	0.025278	0.0459933	0.0317932	0.0459582	0.0667342	0.0282216	0.024615	0.0147846	0.0623464	0.0590379	0.134107	0.0246139	0.0440233	
0.0324626	0.0127764	0.312407	0.022205	0.0380318	0.00828278	0.0172125	0.0821129	0.0489502	0.0504509	0.0389552	0.0259566	0.0840734	0.0264364	0.036582	0.0354275	0.0316649	0.0635543	0.0209214	0.0115365	
0.0983907	0.014051	0.020358	0.0470981	0.0425378	0.0542803	0.121275	0.0379217	0.0367145	0.024017	0.0430035	0.180748	0.0158172	0.032202	0.0178827	0.0904391	0.025564	0.0571788	0.0243363	0.0161843	
0.0889323	0.0170192	0.0500434	0.0664475	0.0300038	0.0334677	0.014913	0.0955127	0.0366908	0.267345	0.060327	0.0483598	0.0100649	0.00943026	0.0137775	0.0204567	0.0285668	0.0594407	0.0161227	0.0330776	
0.0829612	0.0152453	0.0691216	0.0714418	0.135505	0.041031	0.0136871	0.103624	0.0449807	0.069009	0.0435793	0.0547523	0.0402197	0.026405	0.0241761	0.0440027	0.0384073	0.0252683	0.0248485	0.0317345	
0.0617011	0.00648277	0.0225603	0.0358439	0.0439938	0.330582	0.0206068	0.0659998	0.0416268	0.074355	0.0386711	0.0530045	0.0338458	0.0292919	0.00602178	0.0340619	0.0414974	0.0150929	0.0218764	0.022884	
0.0807909	0.0154947	0.0415292	0.0198715	0.0261438	0.00748731	0.025363	0.0885554	0.0557971	0.0421286	0.0262436	0.0380632	0.0401971	0.0234693	0.0325564	0.0313981	0.0520867	0.288149	0.0225979	0.0420777	
0.0185749	0.0146871	0.110778	0.0514524	0.0313286	0.0310982	0.00896485	0.0951952	0.0402451	0.0146872	0.0271284	0.0380272	0.330696	0.0131959	0.00814188	0.012151	0.0136085	0.100553	0.0200625	0.0194238	
0.0783492	0.0142098	0.0534407	0.0621928	0.00942939	0.0243451	0.0158492	0.20401	0.0385535	0.151614	0.0588704	0.0331128	0.0255913	0.01637	0.0159636	0.0108984	0.0263351	0.103014	0.0190522	0.0387983	
0.0860877	0.0164358	0.0468633	0.0616796	0.0317415	0.0250341	0.0137723	0.0977847	0.0142298	0.237302	0.10741	0.0433015	0.0158455	0.0147662	0.0111251	0.0161216	0.0109578	0.0982673	0.0164772	0.0347965	
0.0713505	0.0123107	0.0620889	0.0717968	0.016696	0.0438757	0.0108024	0.100236	0.041476	0.325282	0.0327022	0.0494768	0.0139694	0.0142992	0.0192682	0.0130518	0.0351364	0.027624	0.0107515	0.0278058	
0.027405	0.0114856	0.267321	0.148716	0.0438874	0.0158171	0.0150156	0.0643105	0.0399538	0.0560069	0.0358739	0.0300556	0.0608868	0.0181392	0.039089	0.0436599	0.0330621	0.0138677	0.0241008	0.0113464	
0.0840734	0.0142015	0.0565536	0.0705201	0.0167184	0.0277583	0.0197403	0.0868782	0.0511618	0.0592865	0.0444211	0.0178575	0.0285085	0.0290219	0.0268229	0.0162434	0.0505408	0.0985026	0.0228656	0.178323	
0.0951273	0.0128232	0.0589391	0.0690541	0.100591	0.0374657	0.0250328	0.115606	0.0536846	0.0488475	0.0347941	0.0532785	0.0395589	0.0267677	0.0340831	0.0192547	0.0368543	0.0368994	0.0204449	0.0808934	
0.106442	0.0110359	0.0708837	0.0688003	0.0437049	0.00699171	0.0288441	0.0514903	0.0718184	0.0257091	0.0260351	0.0468867	0.0138135	0.00997865	0.228543	0.0349981	0.0260474	0.0508604	0.047649	0.0294677	
0.137247	0.0165034	0.0494991	0.0589962	0.0347665	0.0520546	0.0366174	0.0470784	0.062735	0.0226382	0.0355366	0.0608117	0.0216232	0.0340077	0.031731	0.186067	0.0226694	0.0426465	0.0236394	0.0231318	
0.106654	0.00527315	0.0790264	0.0593409	0.0447379	0.00728895	0.0537997	0.0538412	0.0857626	0.0500555	0.0308104	0.0459182	0.0122049	0.0136409	0.188555	0.0232008	0.0266815	0.0547524	0.0243432	0.0341119	
0.041074	0.0116589	0.0412177	0.0304812	0.0434138	0.232661	0.0273266	0.0643047	0.0423492	0.0611298	0.03865	0.0538091	0.0434652	0.0374372	0.0239248	0.0736795	0.0447356	0.018585	0.0457615	0.0243352	
0.0846589	0.014441	0.0527686	0.0673034	0.0299793	0.0307572	0.0133478	0.165929	0.0382962	0.216057	0.0672179	0.0386022	0.00764641	0.0067315	0.00972555	0.0167386	0.024929	0.0669906	0.0136802	0.0341988	
0.0640573	0.0119945	0.305785	0.0644312	0.0417219	0.0128794	0.0176377	0.0663065	0.0424617	0.0520265	0.0366775	0.0299722	0.0605367	0.0231186	0.0468366	0.0408634	0.0312715	0.0198912	0.0207121	0.0108182	
0.0724823	0.0207915	0.119477	0.0591555	0.0460666	0.0291336	0.0128451	0.0854008	0.0105839	0.0862368	0.0416976	0.127191	0.0490454	0.0334343	0.0359266	0.0173672	0.0176815	0.0627839	0.0249196	0.047779	
0.0747201	0.0163685	0.065152	0.0749741	0.0389882	0.058138	0.0153949	0.109578	0.0387607	0.199615	0.048355	0.0495018	0.0425156	0.00803163	0.0146746	0.0350475	0.0345647	0.0290125	0.019557	0.02705	
0.0288389	0.0149007	0.0284084	0.0147427	0.0193707	0.00497578	0.0196427	0.11063	0.0481433	0.0250821	0.0255814	0.0355791	0.0655112	0.0247777	0.0241215	0.0266133	0.0353356	0.392469	0.0228187	0.0324574	
0.0285326	0.0151626	0.0291834	0.0132001	0.0188551	0.00505178	0.0211659	0.114514	0.0504489	0.0364625	0.0294446	0.0358707	0.058022	0.0240674	0.0267632	0.0230788	0.0382152	0.370877	0.0220248	0.0390595	
0.0251312	0.0156631	0.0276285	0.014736	0.0177479	0.00569037	0.0178593	0.112376	0.0466811	0.0233215	0.0254293	0.0375231	0.0647221	0.0260773	0.0213808	0.0254372	0.0398208	0.394085	0.0214395	0.03725	
0.052806	0.0204467	0.0674048	0.0640593	0.0348579	0.0492887	0.0312398	0.0563811	0.0555906	0.0217044	0.0383091	0.0574636	0.027464	0.0332353	0.0256606	0.235942	0.0334613	0.0469158	0.0253636	0.0224051	
0.0182113	0.0145271	0.108561	0.0518747	0.0331404	0.0311035	0.0103586	0.0900158	0.0384946	0.0155578	0.0298268	0.0372141	0.334775	0.0138857	0.00728382	0.0136761	0.0134211	0.0962729	0.0199949	0.0218045	
0.0283732	0.0092378	0.375178	0.0315895	0.0443545	0.00884973	0.0211344	0.0694309	0.0435471	0.0470965	0.0346363	0.0264077	0.0791015	0.0224207	0.0379504	0.035393	0.0344748	0.0206206	0.0205155	0.00968813	
0.0293726	0.0167969	0.0304098	0.0153702	0.0191778	0.005214	0.0204542	0.117639	0.0480226	0.0374411	0.0291491	0.0360344	0.0604592	0.0239471	0.0231513	0.0246077	0.037509	0.36647	0.0219727	0.0368014	
0.0937842	0.0162364	0.082474	0.0638256	0.0877867	0.0398533	0.0767151	0.0518255	0.0595755	0.0424585	0.0352427	0.0616519	0.031289	0.0191949	0.0565413	0.0715563	0.0393169	0.0158017	0.0264123	0.0284583	
0.0370092	0.0111455	0.0346766	0.0219078	0.0439045	0.295014	0.0228181	0.0668833	0.0457354	0.0662268	0.0416558	0.0506722	0.0413192	0.0320913	0.00512903	0.0447138	0.0439674	0.0439137	0.0222761	0.0289404	
0.0278723	0.0153128	0.0194345	0.0212632	0.0145662	0.00523249	0.0183827	0.0950462	0.0442592	0.0283307	0.0355006	0.0440732	0.0597331	0.0251902	0.0250669	0.0254475	0.040053	0.394697	0.0239603	0.036578	
0.0837167	0.0139193	0.0255629	0.0521779	0.0415664	0.0627298	0.0278922	0.058432	0.0362633	0.0604081	0.0443698	0.0468603	0.0368137	0.0367719	0.0223847	0.0216323	0.170164	0.090679	0.0233413	0.0443149	
0.0758315	0.00839108	0.0804426	0.0691142	0.0513081	0.00644662	0.0304465	0.0312548	0.0326594	0.0369194	0.0253266	0.0572143	0.0244344	0.0152825	0.321733	0.0168041	0.0145023	0.0485047	0.0264229	0.0269616	
0.378015	0.0100688	0.0233911	0.0173871	0.0426892	0.00871796	0.0219146	0.0522181	0.130354	0.0515215	0.030411	0.0369702	0.00727932	0.0189602	0.0434924	0.0378435	0.0144185	0.0264438	0.0171327	0.03077	
0.0721911	0.00619079	0.0806779	0.0721654	0.0472786	0.00674192	0.0191799	0.0461858	0.0547235	0.0235697	0.0249136	0.0563702	0.0456701	0.0207665	0.26212	0.0274684	0.0271656	0.0547799	0.0267522	0.025089	
0.18217	0.0103183	0.0384432	0.0192356	0.0366918	0.0279574	0.0186045	0.0439289	0.323817	0.0389135	0.0174875	0.0106817	0.0263246	0.00693466	0.0422011	0.0413387	0.0194417	0.0548667	0.0147199	0.0259231	
0.0964432	0.00694914	0.065704	0.0580912	0.115652	0.0305544	0.0241323	0.0941531	0.0510264	0.0880001	0.046273	0.0513837	0.0322104	0.0290139	0.0353622	0.01573	0.0376396	0.078878	0.0231979	0.0196052	
0.362825	0.0119872	0.016217	0.0226068	0.0382078	0.0123289	0.0252692	0.0433204	0.132348	0.0360787	0.0244842	0.0400352	0.00779392	0.0235594	0.0495954	0.0678929	0.0158395	0.0227104	0.0182784	0.0286214	
0.171274	0.010012	0.0376811	0.0201012	0.0378757	0.0255405	0.0169886	0.0570894	0.32242	0.0360483	0.0120489	0.0110689	0.0282273	0.00762127	0.0395052	0.0405504	0.0191792	0.0667108	0.0150252	0.0250319	
0.117948	0.00836645	0.0714266	0.0578924	0.0449433	0.00704333	0.0309802	0.0532036	0.0916221	0.0525637	0.0285167	0.0436291	0.0105854	0.0078448	0.201213	0.0336151	0.0282585	0.056253	0.025891	0.0282035	
0.0782682	0.0148766	0.0579804	0.0729582	0.0291107	0.0446257	0.0117815	0.0783278	0.0359459	0.331477	0.0436121	0.0497055	0.00980576	0.00937754	0.0118452	0.0201512	0.0351885	0.0241275	0.0137544	0.0270806	
0.0911311	0.0170456	0.0261832	0.0620901	0.0408569	0.0380174	0.0640209	0.0355829	0.0395242	0.0470869	0.0432667	0.180317	0.035049	0.029586	0.0539878	0.0456985	0.0157908	0.0583288	0.0272027	0.0492335	
0.172757	0.0119153	0.0480834	0.0492948	0.026036	0.0461308	0.0240787	0.0777471	0.0899076	0.105945	0.0417499	0.04021	0.0101629	0.0212223	0.0395594	0.05227	0.0411894	0.0469085	0.0208817	0.0339502	
0.0302973	0.0164656	0.0716976	0.0686101	0.0336386	0.0449473	0.0246642	0.0795756	0.0503434	0.0303746	0.0391461	0.0183148	0.0488698	0.0337611	0.0386502	0.163648	0.100795	0.0609433	0.0238769	0.0213803	
0.0884165	0.0148096	0.0456658	0.0645893	0.0171138	0.0278226	0.00969244	0.169893	0.0366665	0.218786	0.0676398	0.0375757	0.0087975	0.0136626	0.00995488	0.0168666	0.0233451	0.0784382	0.0181297	0.0321345	
0.327073	0.0115846	0.019399	0.0359336	0.0408265	0.0104342	0.0232756	0.0663576	0.0952147	0.0682898	0.0385955	0.0379401	0.0058367	0.0218155	0.0406858	0.0290571	0.0154274	0.058813	0.0182856	0.0351552	
0.0551009	0.0145619	0.052476	0.0440893	0.0166058	0.0209494	0.0170917	0.254042	0.0517635	0.0522801	0.0261044	0.0200657	0.0676687	0.0236022	0.0216456	0.0151423	0.0213206	0.162696	0.0241082	0.0386858	
0.0222746	0.0161124	0.0291006	0.0133949	0.0166969	0.00449229	0.0158473	0.15774	0.0480349	0.0263124	0.036368	0.032294	0.0698174	0.0267032	0.021783	0.0237505	0.0306384	0.349464	0.022291	0.0368848	
0.0304742	0.00927402	0.340096	0.0561899	0.0438091	0.0113009	0.0447165	0.0677356	0.0404291	0.04471	0.0371404	0.0256587	0.0563173	0.020234	0.0455761	0.040352	0.0349131	0.0179386	0.0214125	0.0117216	
0.147785	0.0106756	0.048975	0.02324	0.0328799	0.0304452	0.0203504	0.079047	0.282037	0.0424927	0.021067	0.0100251	0.0331721	0.00790176	0.0317348	0.0336761	0.0192319	0.0779724	0.0169654	0.0303262	
0.0787271	0.00949095	0.0804329	0.0687808	0.0445305	0.00565112	0.0295026	0.0446671	0.030614	0.0353872	0.0181763	0.0561491	0.0266362	0.0161563	0.316738	0.0159175	0.0159739	0.0566019	0.0206522	0.0292139	
0.245259	0.015168	0.026379	0.0452676	0.0395929	0.0427103	0.0283228	0.0721667	0.0702913	0.0719008	0.0446845	0.0427052	0.00928296	0.0273565	0.0306417	0.0338477	0.0218341	0.067827	0.0192762	0.0454856	
0.163236	0.0137626	0.0573587	0.0518262	0.0597212	0.0136234	0.0316568	0.0474338	0.0625319	0.0651895	0.0417688	0.0490928	0.0254942	0.0263298	0.0394201	0.0362377	0.0431676	0.104249	0.0248321	0.0430673	
0.148508	0.0165465	0.0211794	0.0723387	0.0331289	0.0304524	0.0466115	0.0692062	0.0598504	0.0586172	0.0453441	0.0446679	0.0215303	0.021824	0.0355709	0.0424091	0.0432468	0.0866614	0.0222584	0.0800479	
0.0302184	0.0161346	0.0233154	0.0238745	0.0147794	0.00598272	0.0236784	0.0927185	0.0466821	0.0479236	0.0438172	0.0363459	0.0503516	0.0264632	0.0268879	0.0261035	0.0430781	0.358549	0.0231546	0.0399411	
0.0253392	0.0143632	0.0684911	0.325735	0.0348957	0.0157494	0.0178024	0.069225	0.0384294	0.0702237	0.0402281	0.0405408	0.0353722	0.0088027	0.0458003	0.0420887	0.0321425	0.0200977	0.0212399	0.0334329	
0.023145	0.0157304	0.0206744	0.0195045	0.0134408	0.00345191	0.0153138	0.135197	0.0443491	0.0307667	0.0329512	0.0342717	0.0655563	0.0230671	0.0215061	0.025666	0.0338991	0.382328	0.0227077	0.0364729	
0.131721	0.00565394	0.0727733	0.0622632	0.0411687	0.0276841	0.0576932	0.0520511	0.097463	0.0224948	0.0271886	0.0415377	0.00979662	0.0219155	0.121298	0.0652934	0.0346769	0.0478519	0.0252883	0.0341874	
0.0342102	0.00831801	0.0226579	0.0174348	0.0455048	0.368456	0.0215043	0.0620278	0.0439294	0.0676694	0.0356403	0.0535827	0.0355358	0.0347739	0.00419778	0.050839	0.0376497	0.0125711	0.0210107	0.0224868	
0.0798093	0.060506	0.0168606	0.0607048	0.103916	0.0281108	0.00819709	0.0802699	0.0361677	0.083345	0.041203	0.102574	0.0369239	0.0404305	0.0269079	0.0188324	0.0359432	0.0688995	0.0272803	0.0431182	
0.11941	0.00532758	0.0691814	0.0509454	0.0420941	0.00877877	0.0240442	0.0889861	0.113674	0.0487844	0.0298985	0.0410049	0.0198645	0.0217653	0.0998562	0.0452821	0.0576667	0.0637933	0.0247772	0.0248655	
0.184722	0.013796	0.042904	0.0227874	0.038811	0.0113537	0.0241928	0.0728942	0.0792772	0.0576067	0.0393834	0.0331451	0.0108574	0.0291766	0.0381118	0.0236608	0.0689089	0.139671	0.0220947	0.046645	
0.0303137	0.0157876	0.0217314	0.0439279	0.0137428	0.00603755	0.0172753	0.200543	0.0495699	0.0774462	0.0501717	0.0297032	0.0473728	0.0254841	0.0193493	0.0224705	0.0283868	0.24054	0.0223492	0.0377977	
0.0750146	0.013323	0.0592336	0.0685768	0.0370085	0.0461759	0.0130839	0.0937915	0.0381508	0.308238	0.0343963	0.0518839	0.01722	0.0148241	0.0192103	0.0126396	0.0337775	0.0259329	0.0104315	0.0270873	
0.157884	0.014571	0.0290679	0.0128014	0.0264028	0.0232381	0.0348441	0.068262	0.0766322	0.0411224	0.0393006	0.0147907	0.0208474	0.0249433	0.0346341	0.0338888	0.0560787	0.176305	0.0227588	0.0916262	
0.0298236	0.0110755	0.358446	0.0257744	0.0431679	0.00836245	0.0463364	0.0644863	0.045985	0.0419533	0.037616	0.028207	0.0615184	0.0201317	0.0480815	0.0399306	0.0371201	0.0199428	0.0218581	0.0101831	
