0.105495	0.0103587	0.0188837	0.0181405	0.0221319	0.00917434	0.00373749	0.219083	0.00372708	0.406527	0.0644961	0.00997964	0.00360374	0.0033326	0.00293472	0.00871295	0.0112828	0.0478929	0.00707897	0.0234262	
0.0647984	0.0070509	0.120811	0.141228	0.0256459	0.0164913	0.0367856	0.0115495	0.227518	0.0180963	0.00325595	0.111544	0.00944714	0.0135133	0.0922406	0.0373013	0.0358244	0.0146501	0.00163016	0.0106184	
0.101326	0.0115462	0.0199974	0.0184704	0.0236574	0.00713088	0.00420642	0.217351	0.00563745	0.383506	0.0589836	0.0135372	0.00420223	0.00436355	0.0123511	0.00699308	0.0136475	0.0636746	0.00672505	0.0226922	
0.104143	0.0104015	0.0187975	0.0147922	0.0247258	0.00801863	0.00304721	0.224972	0.00145091	0.412078	0.0664288	0.00794687	0.00394759	0.00360492	0.00226174	0.00547657	0.00783115	0.0492134	0.00711995	0.0237421	
0.23789	0.00950014	0.0536359	0.0339388	0.015586	0.0158111	0.0182308	0.0244873	0.0315026	0.011038	0.0371406	0.0665493	0.012282	0.0485378	0.021126	0.285797	0.019359	0.0392245	0.00574733	0.0126151	
0.107352	0.0125468	0.0252955	0.0181279	0.0181636	0.0131439	0.00373602	0.185325	0.00621694	0.397403	0.0592782	0.019733	0.00353253	0.00745592	0.00398621	0.0149963	0.0174074	0.0591885	0.00697875	0.0201322	
0.0798954	0.00970277	0.0830706	0.0479776	0.0476483	0.0357343	0.00472474	0.00537992	0.00539947	0.0241179	0.0350438	0.405586	0.0497823	0.0328736	0.066374	0.0312202	0.00677895	0.0193591	0.00587808	0.00345269	
0.23709	0.00947693	0.0460693	0.0372003	0.0132923	0.0163271	0.0180385	0.0239024	0.0260469	0.0127233	0.0421083	0.0640912	0.0138724	0.0470173	0.0170246	0.296972	0.018241	0.0402279	0.00690723	0.0133705	
0.0792276	0.0117351	0.084588	0.0468345	0.0480247	0.0396316	0.00625339	0.00743035	0.00535464	0.0232906	0.0357859	0.402182	0.0490536	0.0329405	0.0594155	0.0270543	0.00962191	0.0227988	0.00470756	0.00406954	
0.033822	0.0148665	0.0495208	0.0544776	0.0533769	0.13085	0.0622677	0.0615768	0.0203449	0.00574999	0.0277935	0.0497792	0.251256	0.0301986	0.057638	0.0186064	0.0122587	0.0310031	0.00650773	0.0281056	
0.0817388	0.0160327	0.0133797	0.0243184	0.0444592	0.288554	0.0364187	0.0343082	0.0233495	0.0287329	0.0372022	0.0486508	0.117174	0.0417386	0.040112	0.0630752	0.0144487	0.0106767	0.00541133	0.0302182	
0.0891093	0.0168912	0.0533292	0.040176	0.0132401	0.0272366	0.00867162	0.122064	0.0161876	0.371895	0.0499951	0.0346123	0.00889576	0.0152789	0.0199925	0.0195465	0.0329922	0.031422	0.00766947	0.0207955	
0.468912	0.0116428	0.0193806	0.00778713	0.0338686	0.00377757	0.00968119	0.0591194	0.015533	0.0723169	0.0446269	0.0505023	0.00300261	0.0360322	0.0409482	0.0623897	0.0106127	0.0210789	0.0061551	0.0226318	
0.0718232	0.01005	0.148628	0.227301	0.0377688	0.00879311	0.0272549	0.0232908	0.0635082	0.0300556	0.0235202	0.0741747	0.0238088	0.0368037	0.0524582	0.0416129	0.0651865	0.00640175	0.00836336	0.0191955	
0.348201	0.00882809	0.0341885	0.0124775	0.0147429	0.00576089	0.0133019	0.0212491	0.0240574	0.0206599	0.0435538	0.0644826	0.00618721	0.0528633	0.0161765	0.264798	0.0122884	0.0200866	0.00534697	0.0107497	
0.0329112	0.0209768	0.00333268	0.00434318	0.00323465	0.0006809	0.0114055	0.325997	0.00437727	0.0263274	0.0136415	0.0145543	0.0295769	0.011209	0.012463	0.0262462	0.0265988	0.40652	0.00957831	0.0160259	
0.476483	0.0123059	0.00986191	0.0105434	0.0325836	0.00428231	0.0109568	0.0611133	0.015716	0.0780401	0.0423574	0.0466834	0.00273554	0.0387754	0.0345206	0.0637534	0.0110859	0.0208691	0.00554412	0.0217884	
0.0562461	0.0117828	0.177415	0.247921	0.0293825	0.00668891	0.0151656	0.018783	0.0721293	0.029499	0.0230547	0.0500764	0.0151149	0.0267298	0.0535787	0.0474561	0.0886271	0.0045994	0.00673244	0.019017	
0.0912949	0.0491939	0.0757041	0.0887229	0.0256479	0.0194942	0.0143269	0.0433426	0.0780676	0.0133708	0.0224371	0.0604302	0.0055549	0.0285259	0.135198	0.0967858	0.0652028	0.0532069	0.00613697	0.0273556	
0.105355	0.010567	0.0163837	0.0154224	0.0203565	0.005059	0.00262528	0.224798	0.00128164	0.411209	0.0672261	0.00863652	0.0026886	0.00430163	0.00180699	0.0062917	0.010336	0.0563015	0.00704427	0.0223094	
0.0289181	0.0079421	0.0109863	0.00574504	0.0555739	0.485578	0.0188129	0.0369721	0.0164685	0.0274449	0.030889	0.0512821	0.0808033	0.036596	0.0142601	0.0229122	0.0278361	0.00295489	0.00558976	0.0324346	
0.0874568	0.0188379	0.0329927	0.0232751	0.0118905	0.0177025	0.0068128	0.238013	0.0136129	0.218038	0.0385604	0.0246922	0.00533411	0.0168707	0.042616	0.0250172	0.0258331	0.123084	0.00865361	0.0207069	
0.0421316	0.014095	0.0440775	0.0555052	0.0539836	0.13842	0.0621563	0.0616137	0.0134276	0.00407351	0.0304567	0.0495635	0.232712	0.0264578	0.0663616	0.025183	0.0144531	0.0319879	0.00595186	0.0273881	
0.0773468	0.0152612	0.0601845	0.0409544	0.020915	0.0325652	0.00966551	0.116785	0.0188276	0.280286	0.0677697	0.0448081	0.0395143	0.0136679	0.00788805	0.0443058	0.0367897	0.0371459	0.00989575	0.025423	
0.0592705	0.0208919	0.0218325	0.00923431	0.0496045	0.369894	0.0342332	0.034094	0.0263756	0.0353555	0.032181	0.0441898	0.0723074	0.0502422	0.0443704	0.0345867	0.0201787	0.0057219	0.0039904	0.0314458	
0.0638565	0.00624066	0.142486	0.215019	0.0272495	0.0117671	0.0342293	0.0120421	0.145553	0.016918	0.0102268	0.100501	0.0134007	0.0158402	0.08274	0.0308011	0.0473584	0.00669384	0.00327955	0.0137968	
0.351017	0.0182257	0.0202484	0.0288959	0.0335762	0.0100572	0.0144499	0.0704613	0.0272757	0.0908335	0.0541935	0.0440737	0.00612711	0.0353622	0.0336515	0.0528863	0.0399922	0.0334253	0.00768422	0.0275634	
0.155814	0.0101899	0.0640009	0.0591799	0.0167781	0.00611018	0.0150662	0.0136447	0.0186305	0.0258355	0.0502916	0.0254123	0.030728	0.0417303	0.00306722	0.283362	0.101256	0.0547054	0.00745077	0.0167466	
0.0360523	0.0208822	0.0024954	0.00604466	0.00363915	0.00094027	0.0118989	0.277774	0.00541101	0.023654	0.0157331	0.0162341	0.0282514	0.014907	0.0132878	0.0342529	0.0281508	0.436215	0.00827052	0.0159051	
0.0452676	0.0117189	0.121039	0.157002	0.0207169	0.0184563	0.032188	0.0186453	0.18249	0.0203708	0.0052541	0.0991984	0.00227119	0.012791	0.0985451	0.0564948	0.0620573	0.0188313	0.00353999	0.0131215	
0.0807486	0.00838038	0.0849513	0.0664359	0.0409222	0.00578225	0.0108354	0.0368997	0.0401104	0.0474321	0.0171468	0.0922889	0.00198024	0.00591233	0.345552	0.0222951	0.0244592	0.036425	0.00647084	0.0249717	
0.067295	0.00329081	0.0787677	0.0585391	0.332696	0.0662926	0.0157236	0.00579458	0.0264968	0.00319543	0.0355891	0.0808953	0.0581153	0.0338742	0.0416338	0.0160185	0.0328927	0.0072548	0.00564703	0.0299881	
0.2469	0.00436515	0.049369	0.035375	0.00665299	0.0171325	0.017941	0.0259488	0.0282326	0.0208167	0.0373942	0.0717437	0.0123438	0.0452679	0.0152282	0.295225	0.0194466	0.0396278	0.00523627	0.00575326	
0.052136	0.0090028	0.180814	0.0552781	0.0483221	0.0153291	0.00510003	0.00425824	0.00605357	0.0223036	0.0300737	0.368457	0.0509116	0.0335298	0.0628481	0.0286614	0.00640646	0.0135866	0.00387577	0.00305135	
0.0294144	0.00600103	0.00603757	0.00767059	0.0552734	0.495309	0.0194362	0.0379302	0.0159656	0.0256382	0.0294261	0.0449619	0.0851576	0.0359832	0.0157618	0.020102	0.0253111	0.00275174	0.00476054	0.0371074	
0.0229472	0.0171602	0.0514405	0.376809	0.0384518	0.00527481	0.0140565	0.0298119	0.0224578	0.0429721	0.0268481	0.0565666	0.040506	0.0104248	0.0551604	0.0497044	0.0926788	0.00943629	0.00697219	0.0303204	
0.0189289	0.0260302	0.0836734	0.123423	0.0158387	0.024631	0.0134806	0.0280731	0.0429435	0.060578	0.0286426	0.0324031	0.00399313	0.0279024	0.0267867	0.0855514	0.298099	0.0369885	0.00310048	0.0189329	
0.0769648	0.0126301	0.0858677	0.116355	0.0351878	0.0435945	0.0389321	0.0220327	0.121867	0.0105712	0.0162139	0.10188	0.00767207	0.0101491	0.184498	0.0348055	0.0345371	0.0253343	0.00222829	0.0186785	
0.0492321	0.0204364	0.012433	0.00761613	0.0099702	0.00267315	0.0121476	0.284385	0.00816502	0.028719	0.0088045	0.0203261	0.0455024	0.00425062	0.00570978	0.0404968	0.0298442	0.383648	0.00848492	0.0171558	
0.215348	0.0142759	0.0520742	0.0633392	0.0200682	0.0193461	0.0208368	0.0304022	0.0580206	0.0103203	0.0449696	0.0633783	0.00918135	0.0446649	0.0316896	0.164572	0.0540669	0.0638833	0.0050317	0.0145312	
0.0717647	0.0160001	0.0195312	0.017225	0.0114475	0.0204262	0.0125031	0.372315	0.0041505	0.142153	0.0270053	0.0136108	0.0204681	0.0128771	0.0107852	0.0144866	0.0142711	0.170282	0.00905873	0.0196386	
0.0823596	0.0949642	0.0519547	0.0459082	0.0258991	0.143866	0.0365971	0.0705845	0.0342103	0.108111	0.0318689	0.0479564	0.0106429	0.0498352	0.0422776	0.0158895	0.0373991	0.0339579	0.00925591	0.0264616	
0.030103	0.0132467	0.113451	0.332597	0.0335337	0.00541315	0.0137568	0.0204894	0.0410342	0.0339367	0.0231501	0.0703204	0.03471	0.0125659	0.0539885	0.0431232	0.0868147	0.00613376	0.00707693	0.0245555	
0.103642	0.0137915	0.0745443	0.0447004	0.0357788	0.0462406	0.00757574	0.00686356	0.009639	0.0292478	0.0374747	0.338128	0.0500363	0.0410317	0.0360007	0.082884	0.00987432	0.0236314	0.00496329	0.00395188	
0.0341932	0.020958	0.00213528	0.00467233	0.00396617	0.000956916	0.0116971	0.281101	0.00476743	0.0248483	0.0177652	0.0163288	0.0299172	0.014417	0.01115	0.0315953	0.0287497	0.436612	0.00821064	0.0159578	
0.0300956	0.00788894	0.00868369	0.00584171	0.0547081	0.494559	0.0179694	0.0347561	0.0144558	0.0281598	0.0320504	0.0459381	0.0823415	0.0373417	0.0141551	0.0261818	0.0263426	0.00464193	0.00385062	0.0300383	
0.0658226	0.0403285	0.0424734	0.0466531	0.0382163	0.207708	0.0428826	0.00683308	0.0578935	0.0396296	0.0305574	0.0207825	0.0593429	0.04895	0.137459	0.0378632	0.0138598	0.0207285	0.0067635	0.0352531	
0.0174202	0.0113223	0.473725	0.00936966	0.0360645	0.00441132	0.00443901	0.0285321	0.0284795	0.0381124	0.0280895	0.0754114	0.0497987	0.0364367	0.0407956	0.0462062	0.0393822	0.00708467	0.00622592	0.0186929	
0.0366438	0.0222142	0.00241909	0.00481842	0.0032224	0.00086715	0.0111728	0.284478	0.00661819	0.023677	0.0170898	0.0157745	0.0261131	0.0154551	0.0117451	0.0343451	0.0286243	0.429278	0.00855044	0.0168929	
0.0795613	0.00385115	0.0288281	0.04213	0.152707	0.0673395	0.00581328	0.046939	0.0171304	0.0660734	0.0387297	0.00655196	0.0331466	0.0399072	0.0354016	0.0127064	0.0326656	0.0232906	0.0169785	0.250249	
0.105865	0.0127212	0.0285906	0.0205077	0.021388	0.00780796	0.0051292	0.184163	0.00666444	0.394886	0.0609244	0.0179559	0.0035687	0.00495915	0.00437763	0.015301	0.0194835	0.0542101	0.00828588	0.02321	
0.0668099	0.0157959	0.00909326	0.00720431	0.0100648	0.0031005	0.00724829	0.339904	0.00240448	0.182719	0.0334743	0.00802137	0.012942	0.0082639	0.00937718	0.0123112	0.014899	0.228285	0.00910311	0.0189787	
0.138442	0.0154886	0.0692235	0.00876358	0.0436988	0.0413308	0.00326634	0.035505	0.00526086	0.00979785	0.0432418	0.0613338	0.00734196	0.313941	0.0075119	0.0729821	0.0396225	0.0458784	0.00636784	0.031002	
0.210321	0.00597213	0.0525233	0.0299264	0.0106227	0.00675123	0.018355	0.0145605	0.0234631	0.0207446	0.0410382	0.0422011	0.0266398	0.043423	0.00327291	0.359285	0.0254749	0.0455369	0.00622767	0.0136609	
0.0205656	0.025671	0.0770337	0.111582	0.0308346	0.02689	0.0129117	0.0205933	0.0145931	0.0440589	0.0257843	0.0154331	0.00536436	0.0344494	0.0109623	0.0598692	0.388374	0.0348888	0.00845317	0.0316869	
0.0953474	0.173388	0.0457345	0.0435441	0.00904912	0.0114637	0.0162034	0.100488	0.0225048	0.0685911	0.036855	0.0467127	0.0303525	0.0301	0.0160408	0.0484284	0.0752817	0.113296	0.00285208	0.013766	
0.132641	0.0254017	0.0617895	0.018654	0.0407117	0.0161586	0.0253042	0.0739395	0.0264343	0.0514469	0.0472394	0.0421696	0.068586	0.0386248	0.0272522	0.0397344	0.146673	0.0717562	0.0101556	0.0353272	
0.0103262	0.0111046	0.0894577	0.0461118	0.047551	0.072127	0.0114709	0.0466	0.0163123	0.00406762	0.0280983	0.0829149	0.419016	0.0103421	0.00862856	0.0219307	0.0117106	0.034869	0.00351079	0.0238502	
0.0437642	0.0237802	0.00186924	0.00636873	0.00792797	0.000815089	0.0114234	0.264663	0.00614495	0.0463691	0.0209522	0.0156602	0.0239143	0.0123722	0.0113532	0.0274565	0.0423871	0.405741	0.00900528	0.0180326	
0.0726606	0.0117699	0.0883488	0.0503523	0.0471387	0.0379667	0.00544553	0.00633061	0.00468678	0.0219061	0.0330064	0.407287	0.0514645	0.0318322	0.0610475	0.0317715	0.0078772	0.0206472	0.00458751	0.00387296	
0.0276578	0.013956	0.110848	0.338615	0.0345589	0.00584441	0.0135725	0.0261739	0.0391517	0.0332509	0.0235003	0.0671512	0.0315077	0.0126207	0.0489463	0.0470394	0.0835486	0.00523191	0.00753318	0.0292922	
0.0800849	0.0125078	0.0813778	0.0479771	0.0486954	0.0340485	0.00597259	0.00599555	0.00440546	0.0217695	0.0348568	0.403987	0.0510951	0.0324042	0.0628984	0.0313651	0.00911824	0.0234829	0.00401882	0.00393926	
0.0990742	0.0118292	0.0218123	0.0191157	0.0193939	0.0066435	0.0042733	0.202561	0.00699228	0.406444	0.0580964	0.0160486	0.00446124	0.00342211	0.0038479	0.0120304	0.0134512	0.0598165	0.00782528	0.0228613	
0.121072	0.0145016	0.0745133	0.044308	0.0495598	0.0504918	0.0140992	0.00404439	0.00980473	0.00723974	0.255637	0.081161	0.0523804	0.0466713	0.0132654	0.0800766	0.0280381	0.0169169	0.00835803	0.0278609	
0.0261883	0.0182597	0.0522393	0.371907	0.0370237	0.00572233	0.0116789	0.0351767	0.0198098	0.0418741	0.0302664	0.0583574	0.040354	0.010497	0.0533994	0.0488541	0.0896107	0.00928835	0.00767566	0.0318167	
0.108411	0.0133919	0.0278324	0.0207009	0.0170924	0.0103435	0.00354293	0.183526	0.00810348	0.390152	0.061386	0.0218477	0.00405637	0.00774776	0.00447518	0.0132158	0.0191561	0.0548917	0.00794462	0.0221819	
0.0963271	0.0149209	0.0436056	0.0343415	0.0142897	0.0149876	0.00805061	0.15967	0.013325	0.375577	0.048289	0.027348	0.00770414	0.0134684	0.0221465	0.014367	0.0251298	0.0368138	0.0061915	0.0234467	
0.0525575	0.0184509	0.00914689	0.0112106	0.00618388	0.00531432	0.0125893	0.37726	0.00347355	0.042538	0.0131319	0.0178106	0.0304658	0.0138386	0.0107406	0.022961	0.0191685	0.308308	0.00961085	0.0152396	
0.0992332	0.0101473	0.0223829	0.0181089	0.0194997	0.0102423	0.00292591	0.231247	0.0025548	0.403772	0.0629778	0.00711958	0.00276578	0.00440931	0.00337145	0.00739182	0.0109603	0.0511797	0.00665701	0.0230538	
0.128376	0.0228978	0.0167927	0.00747317	0.016023	0.00334501	0.0137995	0.21955	0.0141997	0.0395556	0.0133282	0.0345973	0.0185752	0.0242263	0.0316381	0.0476313	0.0333544	0.284151	0.00986146	0.0206244	
0.0896693	0.00384756	0.212476	0.0451744	0.0271859	0.0038323	0.0112812	0.00645727	0.0276139	0.0329722	0.0337631	0.207773	0.0584297	0.0381591	0.00290757	0.15427	0.0122246	0.0163182	0.0063491	0.00929589	
0.471725	0.0146938	0.0110454	0.011442	0.0350287	0.00428231	0.0102609	0.0539858	0.0174895	0.0764354	0.0391279	0.0529503	0.00323929	0.0388927	0.0345765	0.0667243	0.00934143	0.0211927	0.0061803	0.0213857	
0.0938383	0.0122631	0.0331692	0.0269474	0.0192508	0.016213	0.00486094	0.17257	0.0107904	0.397201	0.0524603	0.0245838	0.00464517	0.00619047	0.00490387	0.0207751	0.0256874	0.0405373	0.00862526	0.024487	
0.0855158	0.00956899	0.0854558	0.0718344	0.0505747	0.00756604	0.0153939	0.0243862	0.0419141	0.026324	0.0174356	0.0909913	0.00360444	0.00616918	0.358409	0.0203936	0.0222224	0.0291747	0.0050857	0.0279802	
0.0854009	0.00732008	0.0927577	0.0622938	0.0550888	0.00595401	0.00907559	0.0149846	0.0110085	0.0340151	0.0193801	0.0918357	0.00805726	0.00968973	0.414703	0.00827946	0.0109835	0.0247872	0.00478736	0.0295975	
0.322685	0.00984018	0.0374834	0.0276849	0.0153464	0.0166407	0.0146113	0.0214543	0.0294193	0.0105153	0.0369954	0.0633564	0.0089817	0.0481675	0.0168273	0.257104	0.0154944	0.0335295	0.0030734	0.0107899	
0.20871	0.00609346	0.059904	0.0369149	0.0115077	0.00743598	0.0173262	0.0126865	0.0218958	0.0228606	0.0408673	0.0339323	0.0277377	0.0475722	0.00330237	0.354148	0.0270213	0.0394257	0.0063855	0.0142726	
0.471758	0.0116226	0.0123755	0.0117266	0.0311477	0.00497804	0.0108822	0.0561692	0.0155802	0.0735602	0.0453015	0.0501665	0.00327576	0.0355962	0.0378358	0.0670035	0.0114446	0.0198129	0.00640629	0.023357	
0.0891747	0.0101917	0.0918834	0.170771	0.0366222	0.0622882	0.0402469	0.0267309	0.118361	0.0256194	0.0193597	0.0938406	0.00815933	0.0240859	0.0815353	0.024719	0.0435275	0.0125439	0.00444692	0.0158931	
0.0173474	0.0234895	0.0983595	0.201311	0.0239367	0.00224524	0.0110296	0.0122701	0.0540945	0.0370386	0.0275048	0.0284774	0.00174397	0.023397	0.0288418	0.107618	0.266411	0.00331698	0.00615643	0.0254109	
0.0691419	0.0175228	0.0307502	0.0303804	0.0110525	0.0382113	0.0205854	0.412807	0.0046515	0.0363826	0.0112535	0.020852	0.0461074	0.0242164	0.0144889	0.0201983	0.0172496	0.150158	0.00718051	0.0168096	
0.0193929	0.0282813	0.0800278	0.121945	0.0239819	0.0246807	0.010699	0.0206131	0.0165396	0.0465031	0.0246097	0.0176961	0.00356631	0.0344858	0.0103198	0.0895305	0.363919	0.0331342	0.0060546	0.0240198	
0.463186	0.01487	0.0112441	0.0121309	0.0360624	0.00451879	0.0117901	0.0584216	0.0166126	0.0750115	0.0440114	0.0451859	0.002944	0.0390281	0.0399056	0.0646964	0.010506	0.0216622	0.00655292	0.0216595	
0.058921	0.0245499	0.00387736	0.0101641	0.0102095	0.00188815	0.0108278	0.234567	0.00984679	0.0625737	0.0309079	0.0208922	0.0132839	0.0179037	0.0142528	0.0244072	0.0507092	0.373728	0.00852841	0.0179618	
0.0927481	0.0108013	0.0187498	0.0149033	0.0182053	0.00611251	0.00498192	0.266169	0.00229804	0.35055	0.0643969	0.00671292	0.00612735	0.00447051	0.00476369	0.00615953	0.0091063	0.0823244	0.00851332	0.0219054	
0.0114263	0.0109357	0.0897499	0.0426892	0.0467309	0.0752134	0.0144047	0.0487529	0.0166756	0.00403402	0.0266992	0.0805336	0.414388	0.0100064	0.00897927	0.0220938	0.0125698	0.0372365	0.00404077	0.0228397	
0.0785042	0.00504975	0.0595311	0.0564955	0.14742	0.0688372	0.00900009	0.00909804	0.0211439	0.0048207	0.0353448	0.0131245	0.0456683	0.043125	0.0430376	0.0143651	0.039107	0.00859236	0.0162734	0.281462	
0.0784709	0.0038927	0.0308367	0.0424106	0.148409	0.0666328	0.00519806	0.0494256	0.0149188	0.070786	0.0382956	0.007498	0.0343278	0.0360548	0.0390125	0.0118645	0.0339848	0.0224667	0.0184211	0.247093	
0.0295325	0.00666376	0.0115568	0.00630092	0.0526266	0.489029	0.0186319	0.0362248	0.0146775	0.0256588	0.0293134	0.0484372	0.0919645	0.0368573	0.0133008	0.0245013	0.0265289	0.00310023	0.00441565	0.0306777	
0.0815412	0.00884516	0.032632	0.0431672	0.0794627	0.0565741	0.00754963	0.0587908	0.0168508	0.0611161	0.0394354	0.00923294	0.034175	0.0352569	0.0396515	0.0220968	0.0435716	0.0448488	0.0182558	0.266945	
0.467415	0.0127017	0.0115064	0.0134906	0.0240125	0.00401638	0.0112818	0.0394888	0.0175812	0.0451778	0.0429439	0.0515777	0.00361451	0.0466101	0.0249123	0.126924	0.0109582	0.0208159	0.00526301	0.0197074	
0.0748386	0.00675011	0.0927648	0.0675879	0.0496408	0.00552804	0.00780638	0.021662	0.0306608	0.0265609	0.0182799	0.0946395	0.00254659	0.00676599	0.399393	0.0135702	0.0191257	0.02678	0.00527375	0.0298251	
0.14556	0.0135819	0.0659302	0.00771469	0.0421794	0.0436084	0.00276514	0.0351417	0.00634612	0.00890173	0.0413296	0.0651536	0.00774323	0.31078	0.00627361	0.0773849	0.0371236	0.0435344	0.00653	0.0324181	
0.0178246	0.0113611	0.471952	0.0103894	0.0392715	0.00487341	0.00487872	0.0253273	0.0275903	0.0384255	0.0287625	0.0702473	0.0568698	0.0337907	0.0426517	0.043215	0.0393644	0.00679267	0.00666935	0.0197426	
0.0791674	0.00920304	0.0972431	0.0782438	0.0451773	0.00798178	0.01379	0.021862	0.0467417	0.0230537	0.0154459	0.0862332	0.00252822	0.00597494	0.359279	0.0242257	0.0231228	0.0270978	0.00481563	0.0288126	
0.0854914	0.00813792	0.0889023	0.0720001	0.0476079	0.00680399	0.0146812	0.0265171	0.0416078	0.0242962	0.0177597	0.0909163	0.00203528	0.00606758	0.357535	0.0236769	0.0199965	0.0337049	0.00437595	0.027886	
0.101976	0.0195213	0.043324	0.0296344	0.0186662	0.038683	0.0180799	0.0765903	0.0206457	0.0139055	0.0435992	0.0439481	0.0644692	0.00870434	0.00574687	0.217007	0.0515733	0.156394	0.00830099	0.0192307	
0.079922	0.011269	0.0905024	0.0756718	0.0455219	0.00845694	0.0139004	0.0281085	0.0501932	0.0232491	0.0175161	0.0902035	0.00251369	0.00645495	0.348833	0.0225992	0.0227269	0.0283839	0.00321705	0.030756	
0.0244341	0.0160487	0.0502738	0.374618	0.0367913	0.00542278	0.0111327	0.0363726	0.0222123	0.041503	0.0258052	0.0537706	0.0446628	0.00963997	0.0540749	0.0487632	0.0944677	0.00749586	0.00902792	0.0334827	
0.0135296	0.0119987	0.0951278	0.0400917	0.041994	0.0783444	0.0104824	0.0435498	0.0159914	0.00702769	0.0309112	0.0861429	0.37763	0.0136144	0.00808522	0.0497171	0.0143032	0.037818	0.00408247	0.0195584	
0.0672752	0.018957	0.0289182	0.0258059	0.00724534	0.0313067	0.0171148	0.422834	0.00772569	0.0648122	0.015839	0.0154635	0.0367181	0.0218388	0.0209858	0.0146044	0.0150622	0.143916	0.0082835	0.015294	
0.0201749	0.024967	0.0766872	0.113047	0.0365419	0.0273095	0.0116739	0.0200377	0.0150795	0.0433159	0.0234095	0.0157581	0.00597396	0.0379246	0.0114614	0.0596488	0.388877	0.0323934	0.00672076	0.0289979	
0.467402	0.013039	0.0162693	0.00817429	0.0336736	0.00437663	0.00924927	0.0600748	0.015495	0.0747679	0.0430998	0.0546234	0.00305229	0.0389117	0.0320947	0.0666359	0.00971493	0.019381	0.00573528	0.0242294	
0.0774026	0.00530854	0.0940675	0.0662489	0.0520395	0.00567954	0.00939679	0.0229803	0.0292567	0.0266773	0.0174597	0.0930203	0.00321098	0.0105319	0.39464	0.0135603	0.017131	0.0259194	0.00619634	0.0292725	
0.0885452	0.0175879	0.0560429	0.0405004	0.0118429	0.0246374	0.00909806	0.124631	0.018091	0.36314	0.0494875	0.0368995	0.00898769	0.0146651	0.0245854	0.0163786	0.0313169	0.0327613	0.007994	0.0228067	
0.0356388	0.0222355	0.00627116	0.00530945	0.00951649	0.00147778	0.0116361	0.225223	0.00787741	0.0192199	0.016767	0.0201785	0.037397	0.0174717	0.0146801	0.0391073	0.0360408	0.447906	0.00872366	0.0173225	
0.457364	0.0120383	0.0130814	0.0128394	0.0207286	0.00457294	0.01159	0.0396	0.0196899	0.0434297	0.0410104	0.0579306	0.00274212	0.0474359	0.0175246	0.145678	0.0109061	0.0195171	0.00597581	0.016345	
0.044242	0.00867546	0.216106	0.0532295	0.0515613	0.0117385	0.00475358	0.004122	0.00887088	0.0223013	0.0318102	0.340868	0.050703	0.0344715	0.063268	0.0292426	0.0075622	0.0101167	0.00377416	0.00258292	
0.0923842	0.015052	0.0413843	0.0320312	0.01429	0.0215961	0.00794954	0.16877	0.0111466	0.380699	0.048351	0.0279895	0.00684938	0.0141542	0.0158555	0.0140307	0.0240865	0.0372072	0.00556875	0.0206051	
0.0962162	0.0137651	0.048484	0.0379384	0.0151814	0.0199128	0.00457179	0.130858	0.0142206	0.373467	0.0532359	0.0335682	0.00718241	0.0123638	0.00567199	0.0288095	0.0386671	0.0352236	0.00823284	0.0224292	
0.0222369	0.0250323	0.0854809	0.102984	0.0321524	0.0309947	0.0106991	0.0124636	0.023317	0.0415962	0.0365507	0.0105951	0.00677072	0.0428239	0.0177216	0.0498354	0.376817	0.0296761	0.0067299	0.0355228	
0.0505236	0.00895027	0.126867	0.196771	0.0240181	0.0133391	0.0318152	0.0113242	0.169432	0.0246194	0.00660224	0.0973714	0.00952305	0.0122032	0.0677686	0.0437489	0.0814736	0.0107082	0.00314585	0.00979467	
0.33345	0.0179322	0.0183538	0.0137612	0.020787	0.00332379	0.0127997	0.0794149	0.0218181	0.0804595	0.0416426	0.0475914	0.00621698	0.037172	0.0222616	0.11126	0.0166976	0.0878209	0.00713623	0.0201012	
0.0290185	0.00626908	0.00558398	0.00632728	0.0565505	0.497567	0.0173135	0.0378632	0.0150689	0.0265349	0.0301123	0.0461519	0.0876637	0.0376195	0.0160154	0.0186658	0.0229797	0.00349446	0.00416697	0.0350331	
0.0631657	0.0223835	0.0125317	0.0171674	0.00603015	0.00432333	0.0119569	0.267855	0.0180026	0.0394211	0.0194707	0.0235319	0.0287337	0.0130183	0.0235649	0.0451781	0.0291882	0.324389	0.0106163	0.0194715	
0.0607867	0.00513999	0.120667	0.153178	0.0235863	0.0251187	0.0360087	0.0069183	0.187462	0.0178388	0.00828954	0.123698	0.0159198	0.0135449	0.0831026	0.0412203	0.0525721	0.0134034	0.00254623	0.00899918	
0.0810311	0.00513758	0.0908325	0.067011	0.0524124	0.00628873	0.00766707	0.0237378	0.0269127	0.0280174	0.0172709	0.0961256	0.00297497	0.00905706	0.39105	0.0149184	0.0181141	0.0279595	0.00485261	0.0286286	
0.0390985	0.0219054	0.0044629	0.0102807	0.00605088	0.00181932	0.0118345	0.183414	0.0072704	0.0178123	0.0268374	0.0224468	0.0365297	0.0238847	0.0156935	0.0531755	0.0385591	0.45204	0.00771913	0.0191653	
0.08671	0.0116683	0.0123103	0.0125799	0.0171638	0.00577072	0.00549575	0.279241	0.00124274	0.29947	0.0573564	0.0076909	0.00642775	0.00598325	0.00229489	0.00936943	0.0101396	0.139456	0.00904621	0.0205834	
0.0174087	0.0279706	0.0874411	0.123042	0.0263072	0.0279267	0.00952671	0.00921718	0.0173145	0.0419872	0.0308425	0.0169248	0.00400798	0.0390921	0.0108712	0.0813717	0.368276	0.0244735	0.00791081	0.0280872	
0.0343785	0.0195134	0.00463244	0.00352886	0.00453519	0.000873314	0.0112475	0.354554	0.00354011	0.0502294	0.0152659	0.0141492	0.0254283	0.0104466	0.0121869	0.0233981	0.0215857	0.36492	0.00983364	0.0157533	
0.0195755	0.0113938	0.468032	0.00974162	0.0376097	0.00534575	0.00469409	0.0285202	0.0287125	0.0380616	0.0281251	0.068025	0.0554576	0.033917	0.0400371	0.0453951	0.0428091	0.00835258	0.00617393	0.0200203	
0.094248	0.0130426	0.0371774	0.0272472	0.0183751	0.0126746	0.00572498	0.174307	0.00944135	0.398948	0.0526536	0.0221857	0.00550422	0.00580429	0.00633958	0.0197517	0.0263484	0.0408838	0.0087189	0.0206229	
0.457729	0.0131456	0.0126072	0.0126371	0.0184614	0.00447556	0.0106639	0.0338736	0.0207564	0.0409603	0.0446101	0.0524476	0.00325228	0.0486051	0.0212612	0.145666	0.0108453	0.0220409	0.00640141	0.0195606	
0.113725	0.01855	0.04395	0.0346347	0.0444141	0.0702664	0.0224198	0.0925363	0.0241093	0.0152774	0.0411821	0.0488186	0.143729	0.0161245	0.0117039	0.0485796	0.0612945	0.106131	0.0098815	0.032672	
0.134584	0.0151963	0.0681522	0.00826846	0.0448888	0.0425697	0.00279727	0.0373243	0.00551811	0.0107437	0.0447468	0.0586111	0.00752953	0.316652	0.00700662	0.0719744	0.041517	0.0406015	0.00641272	0.0349051	
0.0702116	0.0183164	0.0252797	0.0250884	0.00839291	0.0285463	0.0173126	0.422138	0.00724203	0.0664088	0.0150117	0.0171553	0.035185	0.0189783	0.0199068	0.01396	0.0171563	0.14915	0.00787988	0.0166802	
0.140947	0.0139225	0.06261	0.00761898	0.0443476	0.0501809	0.00275025	0.0408253	0.00605808	0.009142	0.0407912	0.0626778	0.00672142	0.306093	0.00590965	0.0690884	0.0407194	0.0464646	0.00695092	0.0361811	
0.0283275	0.00613995	0.0068374	0.00619477	0.0600599	0.497555	0.0180768	0.036089	0.0149133	0.0264103	0.0293397	0.0460097	0.0849105	0.0368487	0.015561	0.0196301	0.0267645	0.00328627	0.00400707	0.0330381	
0.0695856	0.00376864	0.0770557	0.0577787	0.329705	0.065476	0.0159986	0.00548649	0.0263404	0.00441605	0.033879	0.0795114	0.0529948	0.0354351	0.04687	0.0159813	0.0324379	0.00917359	0.00595207	0.0321538	
0.0659908	0.00511458	0.0758724	0.0464648	0.328943	0.0752894	0.0178199	0.00478469	0.0261954	0.00364982	0.0341164	0.081649	0.0573187	0.0385554	0.0465854	0.0163438	0.0286142	0.00718114	0.00754768	0.0319637	
0.119916	0.0112653	0.0760105	0.0481983	0.0160106	0.021945	0.0164864	0.021963	0.027457	0.0148247	0.0373291	0.0690879	0.0199128	0.0428921	0.0188944	0.335316	0.0284131	0.0500845	0.00696961	0.0170235	
0.0758816	0.0215721	0.0284051	0.0240809	0.0148534	0.0301272	0.0192172	0.35231	0.00608864	0.0345627	0.0121066	0.0220896	0.0448278	0.0248757	0.0142957	0.0321086	0.0436135	0.170218	0.00943969	0.0193257	
0.0100808	0.0108737	0.0828294	0.0454427	0.0462633	0.0768743	0.0157134	0.0485179	0.0160308	0.00445074	0.0259323	0.0806148	0.418311	0.00979664	0.00991545	0.0227905	0.0121151	0.0367482	0.00313545	0.0235636	
0.0355215	0.0218742	0.00196701	0.0055483	0.00360563	0.000794746	0.011561	0.27668	0.00515714	0.0249175	0.0171622	0.0154477	0.0300249	0.0133797	0.0152651	0.0328322	0.0289154	0.435308	0.00854649	0.0154915	
0.0190508	0.0104521	0.475507	0.00866851	0.0400121	0.00408548	0.0042538	0.025229	0.0262343	0.0390273	0.0280473	0.0705985	0.0552406	0.0352466	0.0425331	0.0441199	0.037939	0.00664096	0.00711543	0.0199984	
0.0747851	0.0104475	0.0887865	0.0469072	0.0482402	0.0383302	0.00586861	0.00632912	0.00471119	0.0247238	0.0335269	0.405635	0.0507297	0.0325317	0.0602209	0.0316096	0.00989882	0.0179207	0.00545196	0.00334497	
0.101519	0.0115183	0.023197	0.0214952	0.0199402	0.00992299	0.00353353	0.201403	0.00516989	0.397154	0.0696048	0.0151494	0.00367459	0.00509941	0.00253494	0.0124931	0.0195176	0.0448146	0.00812803	0.0241295	
0.0592207	0.00473119	0.0696626	0.0457449	0.0548324	0.0273317	0.00880469	0.116929	0.0192796	0.148836	0.0416696	0.025289	0.00478783	0.0211713	0.0426755	0.018686	0.0301699	0.0730595	0.0701456	0.116973	
0.197721	0.018913	0.0436479	0.0749637	0.0383216	0.0743862	0.0307297	0.0511791	0.0633326	0.0499643	0.0365115	0.0678921	0.011407	0.0376845	0.0576303	0.0310685	0.0567903	0.022851	0.00939433	0.0256117	
0.0739259	0.0109913	0.0734391	0.0689948	0.00946718	0.0198408	0.0179017	0.0277615	0.0441409	0.0358232	0.0353704	0.0546245	0.017988	0.0372604	0.0281668	0.263175	0.107317	0.0582003	0.00717111	0.00844042	
0.00909022	0.011295	0.0902993	0.0464745	0.0482748	0.0714425	0.0134863	0.0507738	0.0148147	0.00468362	0.0249519	0.0794026	0.416867	0.00809155	0.00886483	0.0229726	0.0121052	0.0384267	0.00366765	0.0240152	
0.0578592	0.0180098	0.00988369	0.00987747	0.00617793	0.00711683	0.0126731	0.384371	0.00417754	0.0706727	0.016372	0.0118966	0.024832	0.0158735	0.015983	0.0162663	0.0182612	0.27554	0.00842681	0.0157299	
0.101721	0.0114309	0.0250998	0.0204105	0.0199321	0.00936443	0.00376569	0.202555	0.00448237	0.400677	0.0682118	0.0141569	0.00397217	0.00399025	0.0029602	0.0125017	0.017755	0.0478719	0.00759384	0.0215472	
0.28215	0.0214245	0.0256956	0.0185198	0.0294212	0.0128688	0.00747583	0.095972	0.00484717	0.139261	0.0991461	0.025964	0.00509067	0.0414007	0.0043022	0.0543422	0.0290032	0.0673741	0.00841199	0.0273291	
0.0839827	0.0221252	0.0534229	0.0201063	0.0448792	0.0988971	0.103464	0.0498045	0.0496529	0.0135968	0.0407218	0.0528799	0.0784711	0.073349	0.0317323	0.0643244	0.0406379	0.0463208	0.00726468	0.0243665	
0.0764151	0.0147644	0.256672	0.0248922	0.0507568	0.00560981	0.00648211	0.0431548	0.0271028	0.0607815	0.0393219	0.0182052	0.0325418	0.0357764	0.0478287	0.0426897	0.0466932	0.0127967	0.0167777	0.140738	
0.0929812	0.00785522	0.0723905	0.0515682	0.190751	0.0267787	0.0200969	0.0127255	0.0324504	0.0517899	0.0388796	0.0792809	0.0240834	0.0321537	0.0968046	0.0217045	0.048695	0.0587962	0.0129422	0.0272722	
0.161953	0.0706919	0.0109286	0.0220705	0.0166289	0.00453273	0.0135465	0.146249	0.0217782	0.0937103	0.0451028	0.0321273	0.0100315	0.0270776	0.0227692	0.0441882	0.0418828	0.178196	0.0081177	0.0284172	
0.0799132	0.0102111	0.0899899	0.0687891	0.0398575	0.00621712	0.0114369	0.0360958	0.0369045	0.0469371	0.0183603	0.0897251	0.0036949	0.00711035	0.343819	0.0215895	0.0207945	0.0378369	0.00546002	0.0252577	
0.0648455	0.00687384	0.149698	0.13046	0.0284902	0.0224662	0.0376319	0.00687371	0.197517	0.0167865	0.00575442	0.11803	0.0101085	0.0108736	0.0981043	0.0364842	0.0338589	0.0136621	0.00263618	0.0088449	
0.0843552	0.0108881	0.0997561	0.111931	0.0273628	0.0258057	0.0553998	0.0591621	0.124839	0.0366554	0.0136308	0.127932	0.0258389	0.0184615	0.070057	0.0272399	0.0399225	0.0337253	0.00333019	0.00370638	
0.0677901	0.0192289	0.0843728	0.05244	0.0198771	0.0587001	0.0200693	0.0649215	0.0298334	0.198417	0.0224949	0.0674394	0.0599606	0.0519179	0.0129112	0.0673986	0.0433839	0.0235074	0.0116171	0.0237186	
0.0396588	0.0121914	0.170451	0.245244	0.0351195	0.00684984	0.0191502	0.0158266	0.0574085	0.0323523	0.0226744	0.0756602	0.0264644	0.0374871	0.0451439	0.0443725	0.0800486	0.00435646	0.0082172	0.0213232	
0.0614908	0.0202432	0.0472921	0.052168	0.0521233	0.186411	0.0537194	0.0375001	0.0403186	0.0172127	0.0329124	0.0464589	0.098231	0.071603	0.0711631	0.0290709	0.0205511	0.021064	0.00950025	0.0309664	
0.0896949	0.0132387	0.0157875	0.0159759	0.0164873	0.00666848	0.00484497	0.238417	0.00510091	0.350118	0.0582595	0.0115872	0.00540172	0.00661059	0.00999656	0.00842198	0.013357	0.103072	0.00724791	0.0197121	
0.0707697	0.0228974	0.073305	0.0905853	0.0357307	0.0278586	0.0182048	0.0398322	0.0479243	0.051011	0.0832239	0.00500373	0.0343412	0.0451719	0.0084826	0.0718052	0.173603	0.0553145	0.0105967	0.0343382	
0.0358719	0.0215377	0.00202736	0.00539867	0.00336178	0.000932869	0.0107087	0.283107	0.00455286	0.0237116	0.0179461	0.0158964	0.0309629	0.0154723	0.0101661	0.031618	0.0281728	0.434245	0.00844712	0.0158627	
0.0340289	0.0209444	0.00866599	0.00456246	0.00806131	0.00147876	0.0117729	0.235069	0.00681664	0.0194457	0.0159517	0.0244825	0.0336666	0.0190038	0.0153596	0.038671	0.032449	0.441944	0.009128	0.0184969	
0.126344	0.00554896	0.0779849	0.0433237	0.0102274	0.020433	0.0187017	0.023002	0.0270389	0.0230546	0.0366312	0.0721811	0.0188885	0.0439219	0.0174753	0.345627	0.0254374	0.0497408	0.00654516	0.00789209	
0.0100071	0.0105576	0.0863223	0.0470801	0.0463584	0.0786208	0.0139462	0.0471836	0.0150773	0.00439455	0.0299111	0.0764962	0.414582	0.00811236	0.00863346	0.0230786	0.0131503	0.036655	0.00398662	0.0258469	
0.0203407	0.00970901	0.385498	0.0147357	0.0396771	0.00444921	0.00631692	0.0132301	0.0384991	0.0326796	0.0250272	0.182183	0.057923	0.033903	0.0463814	0.0491392	0.0183762	0.00750455	0.00517002	0.00925667	
0.0735659	0.0174716	0.0104659	0.0315128	0.0144197	0.0374319	0.051908	0.332142	0.00295899	0.0967508	0.0229046	0.0450487	0.0473681	0.0197283	0.0253776	0.0108649	0.01299	0.137088	0.00654286	0.00345852	
0.0528282	0.0122189	0.0169216	0.00709651	0.0535993	0.441494	0.0206614	0.033506	0.0185485	0.030317	0.0307656	0.0505054	0.0732691	0.0447799	0.0171038	0.031134	0.0212628	0.00407322	0.00457173	0.0353428	
0.0330177	0.00671546	0.00820754	0.0113784	0.0492567	0.449041	0.0193687	0.0293756	0.0177444	0.0283605	0.029175	0.0459626	0.093895	0.0389134	0.0188317	0.0463134	0.0325966	0.00504445	0.00543667	0.0313657	
0.0689457	0.0266281	0.0189064	0.0162283	0.014151	0.0058607	0.0157345	0.0822274	0.00433215	0.00806733	0.0509757	0.0361657	0.0467689	0.0421716	0.00393961	0.0662917	0.0558898	0.408227	0.00692844	0.0215599	
0.103295	0.0157758	0.0604577	0.081392	0.0333863	0.0310356	0.0395711	0.0678713	0.0831467	0.00799718	0.00920958	0.0879826	0.0347564	0.0272057	0.10974	0.0388081	0.0379167	0.102167	0.00654441	0.0217406	
0.0764491	0.00512772	0.0937721	0.0698272	0.0452823	0.00454218	0.00853945	0.0340437	0.0317213	0.0490214	0.0182682	0.087878	0.00340721	0.00740538	0.369654	0.0141173	0.0169664	0.0347065	0.00645914	0.0228113	
0.474708	0.0112035	0.0109982	0.0123507	0.0336421	0.00340679	0.00964439	0.0580264	0.0117264	0.0754877	0.0405208	0.0532377	0.00245639	0.040097	0.037523	0.0661755	0.00963283	0.0217939	0.00625152	0.0211171	
0.0830734	0.00637513	0.0926963	0.0699575	0.0493886	0.00488882	0.00801264	0.0254298	0.0312166	0.0273847	0.019997	0.0906221	0.00195645	0.00888042	0.38746	0.0133714	0.0180717	0.0280203	0.00494062	0.0282564	
0.335868	0.00543138	0.0332002	0.0259144	0.00597065	0.00910171	0.015549	0.0220683	0.0298571	0.0155107	0.0396017	0.0713822	0.00805647	0.0539639	0.0184356	0.253191	0.0140623	0.0318164	0.00564555	0.00537368	
0.103526	0.0107692	0.0176229	0.0151698	0.0206686	0.00679154	0.0033211	0.222251	0.00160629	0.417636	0.0694409	0.00790712	0.00316478	0.00335035	0.00213785	0.00591687	0.00813601	0.0502834	0.00724274	0.0230572	
0.418063	0.0120915	0.0277944	0.0220402	0.0192012	0.0102437	0.0143855	0.0216191	0.0291236	0.00843616	0.0424637	0.064323	0.00377175	0.0521467	0.0217487	0.176335	0.0100274	0.0248876	0.00469741	0.0166006	
0.0607769	0.00461095	0.124913	0.156109	0.0250545	0.0202636	0.038865	0.00547142	0.205748	0.0177782	0.00511533	0.125863	0.0118551	0.0119897	0.0825291	0.0373844	0.043274	0.0126204	0.0028314	0.00694649	
0.0714337	0.00991387	0.0902212	0.0723688	0.0423241	0.00583236	0.011768	0.0350244	0.0373887	0.0475773	0.0174772	0.0900779	0.00214798	0.00622643	0.349945	0.0192939	0.0224227	0.0358048	0.00472138	0.0280303	
0.0948816	0.014151	0.0457401	0.033449	0.0193245	0.020189	0.00733311	0.143835	0.0126426	0.384066	0.0520576	0.0278626	0.00499128	0.00730359	0.00474088	0.0264194	0.0329537	0.036476	0.0079982	0.0235851	
0.0645196	0.00804996	0.168862	0.112631	0.029588	0.0191187	0.0345325	0.00619211	0.184577	0.0272565	0.0108707	0.150848	0.0167742	0.0121777	0.0696776	0.0342023	0.0277612	0.0144818	0.00324388	0.00463476	
0.470705	0.0116949	0.0225681	0.00926301	0.0374716	0.00525785	0.0103225	0.053413	0.0156274	0.0703643	0.0388931	0.0534101	0.00337687	0.0401694	0.0350979	0.0619992	0.0105334	0.0197674	0.00610636	0.0239584	
0.0192647	0.0145865	0.0848499	0.0444331	0.0473327	0.0652504	0.011645	0.0496651	0.0151437	0.0049801	0.033335	0.0700088	0.370228	0.0158499	0.00912273	0.0292763	0.0356984	0.047533	0.00457956	0.0272178	
0.102841	0.00982216	0.0169591	0.0153405	0.0209928	0.00805148	0.00304755	0.230484	0.00114259	0.412194	0.0666006	0.00796237	0.00307326	0.00354286	0.00250181	0.00534917	0.00790987	0.0519222	0.00716483	0.0230976	
0.46772	0.0119789	0.0184651	0.0101573	0.0305528	0.00368886	0.0101397	0.0603889	0.013718	0.0750668	0.0416957	0.0543037	0.00237523	0.0387471	0.0372024	0.0662301	0.010216	0.0187372	0.00742466	0.0211917	
0.0672483	0.0180965	0.0302767	0.0259785	0.00630391	0.032119	0.0173925	0.418431	0.00612873	0.0612052	0.014398	0.0152017	0.0376191	0.0225272	0.0181796	0.0175042	0.016222	0.148192	0.00935573	0.0176202	
0.0346701	0.0201318	0.00387912	0.0035023	0.00459885	0.00106694	0.0127864	0.347129	0.00435758	0.0277104	0.0123393	0.0149707	0.0280563	0.0112523	0.0121903	0.0251419	0.0231036	0.387563	0.00953403	0.0160158	
0.0304271	0.0118086	0.382649	0.0221616	0.0368841	0.00481516	0.00519369	0.036582	0.0248469	0.052083	0.0345078	0.0315159	0.0378567	0.0398078	0.049638	0.0419056	0.0458321	0.00961321	0.0141261	0.0877452	
0.0895825	0.015815	0.0863984	0.0559906	0.0324776	0.0390314	0.026175	0.0267656	0.265779	0.0344333	0.0125303	0.0531934	0.0336599	0.0173881	0.0440403	0.0657572	0.0303713	0.0303566	0.0110473	0.0292076	
0.0850347	0.00702392	0.0895874	0.0589192	0.0495107	0.00588655	0.00922502	0.0279466	0.0131601	0.0344744	0.0135372	0.0930618	0.00534823	0.00875218	0.413926	0.00942758	0.0109886	0.0295302	0.00396967	0.0306899	
0.146022	0.0248697	0.0569907	0.0399929	0.0428555	0.0262991	0.0145148	0.00450458	0.010266	0.00646098	0.146615	0.0471051	0.0427712	0.0550025	0.00731086	0.0922057	0.124406	0.0776074	0.00732556	0.0268746	
0.0439075	0.0248558	0.0875011	0.133488	0.0275825	0.0183401	0.0159212	0.0232045	0.0587807	0.019878	0.0327533	0.0399986	0.00596972	0.0301965	0.035153	0.0792633	0.256413	0.0441129	0.00204772	0.0206327	
0.0332164	0.020298	0.00156378	0.00559868	0.0035621	0.00110291	0.0104357	0.328417	0.00469678	0.0504245	0.0144744	0.0146822	0.0244402	0.00981972	0.0151765	0.024874	0.0245498	0.388413	0.00860619	0.0156487	
0.0737284	0.0137061	0.0187457	0.0178466	0.0133841	0.0167523	0.00956926	0.34386	0.0045228	0.22682	0.0371188	0.00927347	0.0117636	0.0114244	0.0109	0.00911433	0.0123417	0.131355	0.00769739	0.0200764	
0.0310865	0.0110738	0.196102	0.252064	0.0290261	0.0059127	0.0130519	0.0158206	0.0668154	0.0299065	0.0236101	0.0499165	0.025325	0.0264956	0.0499146	0.045099	0.0981387	0.00462954	0.006374	0.0196371	
0.0433436	0.0179459	0.00382751	0.00468868	0.00522347	0.00176944	0.00946164	0.351987	0.0028557	0.0752642	0.0176761	0.0124261	0.02165	0.00871132	0.00911563	0.0212045	0.0193152	0.347881	0.00937751	0.0162749	
0.0458335	0.0154582	0.136719	0.286287	0.0354302	0.0048013	0.0104343	0.021283	0.0497305	0.0356684	0.0236705	0.0288738	0.0193849	0.0232507	0.0481654	0.0500402	0.104788	0.00478842	0.00972778	0.0456647	
0.0284188	0.00630267	0.00705489	0.00680747	0.058021	0.501883	0.0184985	0.0332636	0.0150526	0.0252473	0.0282299	0.0449038	0.083918	0.0382019	0.0161935	0.0201587	0.0241369	0.00354119	0.00468419	0.0354821	
0.0786371	0.0100861	0.0885837	0.0811913	0.0459344	0.00951273	0.0147948	0.0267589	0.0455178	0.0237589	0.0184934	0.0908252	0.00351738	0.00625354	0.349561	0.0212635	0.0232898	0.0298269	0.00576816	0.0264251	
0.083885	0.00632469	0.0962649	0.129811	0.0292938	0.0188685	0.0485647	0.0275956	0.141163	0.0109842	0.00982912	0.0995916	0.00693662	0.0153542	0.14706	0.0456478	0.0371612	0.0270788	0.00362321	0.0149623	
0.47426	0.0140446	0.0113522	0.0131864	0.0345516	0.00391696	0.0111371	0.0612241	0.0174119	0.0767902	0.0432302	0.0436484	0.00298037	0.0379703	0.0358237	0.0647675	0.0100801	0.0186509	0.00467379	0.0203002	
0.103314	0.010873	0.0205345	0.0156503	0.0202259	0.00892507	0.00294092	0.230549	0.0028146	0.403449	0.0643465	0.00783393	0.00289474	0.00492765	0.00276137	0.00627922	0.01091	0.0501826	0.00711948	0.0234676	
