0.070108	0.0277484	0.0570508	0.075947	0.0439635	0.0447385	0.01353	0.0422596	0.0618886	0.0234545	0.0367289	0.0404813	0.200443	0.0430488	0.0597733	0.0216407	0.0198147	0.0319883	0.0422751	0.0431173	
0.0265143	0.0255855	0.287207	0.0202557	0.0391553	0.0367589	0.0108567	0.0524055	0.0460815	0.0535625	0.0390285	0.0804142	0.0434752	0.066616	0.0427045	0.0315151	0.0290834	0.0200623	0.0330492	0.0156685	
0.0438335	0.0466009	0.0436982	0.0679424	0.0195684	0.0680054	0.0256045	0.0287072	0.0640092	0.0502726	0.0471927	0.0314979	0.0165358	0.052604	0.0369028	0.132636	0.0147536	0.0731895	0.0385775	0.0978677	
0.0570471	0.0277117	0.0616725	0.0696829	0.0156455	0.0562561	0.044617	0.030396	0.0501713	0.206052	0.0451734	0.0482656	0.021196	0.0487724	0.0475507	0.036021	0.0408881	0.0246736	0.0267312	0.0414756	
0.279336	0.028879	0.0274839	0.0586886	0.0726917	0.0515867	0.0174196	0.0132108	0.0680574	0.0283021	0.0346374	0.00842391	0.0656913	0.0341758	0.0237872	0.0620894	0.0409198	0.0237307	0.0267516	0.0341372	
0.0203841	0.0225826	0.278463	0.0176902	0.0419236	0.0805992	0.00999121	0.0426805	0.056738	0.0533311	0.0419771	0.042023	0.0393018	0.0653271	0.0469639	0.0335305	0.034685	0.0184187	0.0374846	0.0159043	
0.0749717	0.0228133	0.0639387	0.271065	0.0346822	0.0149803	0.0202793	0.0351801	0.0208503	0.0414936	0.0408022	0.0426484	0.0341209	0.0724799	0.0253637	0.0388875	0.0434871	0.0198727	0.0346997	0.0473834	
0.046833	0.0247227	0.0373953	0.0590809	0.0149802	0.0556008	0.0114825	0.100863	0.0335575	0.313285	0.0401917	0.0257321	0.0167615	0.0229347	0.0110795	0.0182805	0.0385447	0.0599539	0.022958	0.0457622	
0.0306238	0.028842	0.0649172	0.0676646	0.0420983	0.0413574	0.023434	0.0429211	0.0633249	0.0254711	0.0384783	0.0393784	0.240567	0.0265234	0.0577615	0.021602	0.0155373	0.0436759	0.0402598	0.045562	
0.056153	0.0257577	0.0649455	0.0593289	0.0150739	0.0549327	0.0205175	0.29729	0.0272677	0.0497446	0.0131561	0.0688375	0.0411732	0.0432648	0.0231044	0.0175751	0.0104908	0.041306	0.0335037	0.0365768	
0.084792	0.0186631	0.0560298	0.0646436	0.0386271	0.0220313	0.0223445	0.0142628	0.0922668	0.0328617	0.0417714	0.017768	0.0381281	0.0606142	0.113041	0.117193	0.0143338	0.0766982	0.028534	0.0453958	
0.0211374	0.0791084	0.0694763	0.0594604	0.0772614	0.0690448	0.0242287	0.0447859	0.0587687	0.0452503	0.0424701	0.036454	0.106954	0.0443379	0.0306794	0.0335037	0.010228	0.0404606	0.0441314	0.0622587	
0.0750583	0.0263606	0.0524183	0.224383	0.0283944	0.0125022	0.0208731	0.0579044	0.0240621	0.0771204	0.0471512	0.0343542	0.0331833	0.0321505	0.0217341	0.0358935	0.0454522	0.0732494	0.031725	0.0460302	
0.049698	0.00988507	0.0733437	0.0686957	0.0461497	0.0259201	0.0122625	0.038548	0.0732481	0.0649501	0.043931	0.0462091	0.0906976	0.0661146	0.125172	0.0191691	0.0236045	0.0389476	0.0407047	0.0427489	
0.060795	0.0266972	0.0482313	0.0730164	0.0351435	0.0513303	0.0422162	0.0255328	0.0370737	0.0586416	0.0472843	0.200513	0.0432297	0.0656285	0.0350101	0.0235672	0.0167121	0.0504446	0.0351482	0.0237845	
0.0513584	0.0149867	0.022956	0.0708895	0.11025	0.0573659	0.0121082	0.0366398	0.0488043	0.0622511	0.0434274	0.0140521	0.0405814	0.0459253	0.0275061	0.0180108	0.0677847	0.0428823	0.0370592	0.175161	
0.0963176	0.00634453	0.0392195	0.0660068	0.00685174	0.0393576	0.0202304	0.167715	0.040393	0.143792	0.0435181	0.0360864	0.034203	0.0344182	0.0225309	0.0399693	0.024267	0.084631	0.0262375	0.0279111	
0.060215	0.0229083	0.0733019	0.069648	0.046062	0.0499649	0.0181973	0.0343509	0.0680236	0.0526262	0.0475154	0.0518381	0.0836277	0.0693975	0.0945738	0.0394717	0.026689	0.0143458	0.0375819	0.0396609	
0.0847729	0.0367071	0.0229608	0.0648	0.034594	0.0524118	0.188578	0.0389912	0.0488964	0.032528	0.0447148	0.0187424	0.0219563	0.0177784	0.019121	0.0529399	0.0518649	0.0660195	0.0321773	0.0694453	
0.481104	0.0285554	0.0122584	0.0210965	0.0428905	0.01229	0.0173422	0.0234084	0.057582	0.020849	0.0305756	0.0229174	0.0145324	0.0307591	0.0165168	0.0845739	0.0343926	0.0149168	0.014356	0.0190834	
0.0572129	0.0290425	0.0488346	0.0622525	0.0296577	0.0717183	0.0190853	0.0736456	0.0481876	0.194785	0.0231281	0.0385927	0.0936295	0.0217177	0.0196292	0.0315131	0.0347267	0.0343145	0.0255681	0.0427591	
0.0259723	0.0106372	0.0269877	0.0249592	0.0321499	0.426143	0.0164319	0.038294	0.043703	0.0641384	0.0364177	0.034333	0.0281835	0.0361796	0.011479	0.0283094	0.0388892	0.00649846	0.0252182	0.0450757	
0.163461	0.020312	0.0386906	0.0665986	0.0331767	0.0241445	0.0239579	0.0157126	0.0500357	0.0306165	0.050725	0.0206632	0.0274088	0.0434754	0.0123498	0.227306	0.0315546	0.0595402	0.0244451	0.0358261	
0.0373424	0.0256239	0.0136607	0.0385879	0.0109067	0.0111399	0.0249281	0.022153	0.0573057	0.0243591	0.0522268	0.0292319	0.0237437	0.0499215	0.0283379	0.0466661	0.0376445	0.388764	0.0321404	0.045316	
0.0435961	0.0254126	0.041393	0.0547555	0.0109818	0.0670124	0.0111197	0.0438789	0.0345791	0.35098	0.036757	0.0311459	0.0128041	0.0265647	0.0105788	0.0203633	0.0696105	0.0399284	0.0217302	0.0468078	
0.0645098	0.0266066	0.0191725	0.0300454	0.0154458	0.00743243	0.0239424	0.045388	0.0629813	0.0516803	0.0546986	0.0331198	0.00956969	0.048974	0.0300306	0.0516994	0.0151548	0.339937	0.0267887	0.0428232	
0.120917	0.0493379	0.0514647	0.0657263	0.0380755	0.0294209	0.0206862	0.0117292	0.0927165	0.0304093	0.038103	0.0143409	0.0345325	0.0534353	0.0664965	0.126043	0.0146061	0.0661828	0.033405	0.0423705	
0.0624193	0.029889	0.0403222	0.0607418	0.0281719	0.0372636	0.0196397	0.0540775	0.0144719	0.11335	0.151348	0.0322482	0.0339705	0.036748	0.0122801	0.0402524	0.0463073	0.112882	0.0299453	0.0436716	
0.0128433	0.0193303	0.277846	0.0172513	0.0443314	0.0302667	0.0141148	0.0414261	0.0615541	0.0470237	0.0430201	0.0540772	0.0483042	0.0752219	0.0682943	0.0293123	0.0218861	0.0301325	0.0366681	0.0270956	
0.0852105	0.0256168	0.0447761	0.032194	0.0413153	0.0575468	0.0205058	0.0225307	0.260726	0.0370788	0.0209182	0.00736607	0.0435198	0.0325085	0.0625638	0.0513491	0.0120921	0.0653712	0.0360423	0.0407682	
0.0388447	0.0265127	0.0140423	0.0402256	0.0120631	0.00979622	0.0230515	0.0200511	0.0641331	0.0225003	0.0528911	0.0308317	0.0217981	0.0512466	0.0294458	0.0453455	0.0355496	0.387473	0.0309899	0.0432083	
0.0495468	0.0244962	0.0412438	0.0620307	0.0252141	0.048068	0.0157507	0.150326	0.0329557	0.23229	0.0440007	0.0256358	0.0332861	0.0287066	0.0201568	0.0122113	0.0231546	0.0605483	0.0251144	0.0452627	
0.0581911	0.211557	0.0483823	0.0698681	0.02045	0.0163953	0.02264	0.0535232	0.0416017	0.0855144	0.0408393	0.0377798	0.0396889	0.0452486	0.0150723	0.0140153	0.0522516	0.0694365	0.0256175	0.0319267	
0.117739	0.0135994	0.0598203	0.0800012	0.0527493	0.0570518	0.0221743	0.00938347	0.0613783	0.0390929	0.0523399	0.0367827	0.0396757	0.0590341	0.0325516	0.111095	0.0335473	0.0411281	0.034325	0.0465303	
0.0884045	0.0290526	0.0448717	0.0857775	0.0262512	0.00896149	0.0227315	0.0520752	0.0486251	0.0871867	0.0494372	0.031105	0.0112683	0.0375861	0.0257798	0.0298186	0.0542303	0.190846	0.0325944	0.0433968	
0.122237	0.030244	0.047435	0.0619294	0.0382172	0.0460522	0.0234596	0.018236	0.0563534	0.0188733	0.0465991	0.0317813	0.0145934	0.0521505	0.0298379	0.188235	0.0562283	0.0636512	0.0157349	0.0381508	
0.0380939	0.0280628	0.0133718	0.0390942	0.0103764	0.0102491	0.0216506	0.0198951	0.0619343	0.0226549	0.0516992	0.0331744	0.0250666	0.0473439	0.0316032	0.0470341	0.0354698	0.388961	0.0301676	0.0440969	
0.414344	0.0353492	0.0246081	0.0432106	0.0468297	0.0267962	0.0157018	0.0144419	0.0576553	0.0185534	0.0307829	0.0179619	0.0104447	0.034741	0.0163157	0.0918475	0.0506033	0.0224447	0.0186566	0.00871153	
0.0410812	0.0263469	0.0623362	0.30776	0.0345927	0.014281	0.0220899	0.0402001	0.0189497	0.0544214	0.0431516	0.0313875	0.0383422	0.0410552	0.0220971	0.0305375	0.0552488	0.0222681	0.0338106	0.0600426	
0.105903	0.025766	0.0523415	0.0331396	0.0403741	0.0546693	0.0163473	0.0216718	0.195363	0.0316284	0.0191297	0.00610145	0.0383733	0.0334016	0.0811156	0.0901441	0.0142885	0.0702062	0.0323063	0.0377291	
0.0395468	0.0274775	0.019511	0.0303346	0.0145218	0.0117128	0.0234744	0.0199926	0.0623993	0.0163245	0.0538329	0.0293498	0.0234632	0.049682	0.0294013	0.0472305	0.0347768	0.391612	0.0304286	0.0449277	
0.0336359	0.0365338	0.0628747	0.0643178	0.0457826	0.0467316	0.0157638	0.0446041	0.0546085	0.0251517	0.0416667	0.0418249	0.251757	0.0353517	0.0293503	0.0217897	0.0172345	0.0415945	0.0382345	0.0511917	
0.0292918	0.0325947	0.0699229	0.0643428	0.0438882	0.041342	0.0426522	0.0415391	0.0650943	0.0253041	0.0392128	0.0505625	0.19478	0.0402049	0.0555478	0.0212342	0.0142561	0.0447281	0.0426482	0.0408533	
0.0758742	0.0192068	0.0539413	0.0655928	0.247411	0.0556625	0.0224485	0.0141867	0.0545174	0.0127348	0.0390633	0.0364318	0.0463976	0.0534626	0.0336736	0.0269886	0.0576047	0.0157303	0.0317189	0.037352	
0.0437409	0.0263658	0.0414072	0.0555619	0.0111352	0.0713831	0.00934312	0.0434468	0.0347751	0.353292	0.0378254	0.0325152	0.0123958	0.027825	0.0110142	0.0204316	0.0640703	0.0376528	0.0198116	0.046007	
0.104687	0.0264141	0.0394487	0.0675404	0.0401216	0.0486223	0.0196927	0.017469	0.22763	0.0352104	0.0322821	0.00647876	0.0476014	0.0263307	0.0548031	0.0546697	0.0149019	0.0620139	0.0359822	0.0380996	
0.0674612	0.011787	0.0570034	0.0726443	0.0379316	0.0196656	0.0489123	0.039063	0.0726862	0.0264231	0.0408673	0.0423565	0.0285973	0.0719578	0.145759	0.0315769	0.0283775	0.0659107	0.0433079	0.0477114	
0.0459992	0.0241225	0.0318676	0.0650849	0.0156064	0.0172595	0.016522	0.200483	0.0223192	0.158671	0.0247676	0.0331821	0.030886	0.0291344	0.0112722	0.0164852	0.0130295	0.171024	0.02687	0.0454141	
0.0198832	0.0269088	0.0403972	0.0737097	0.0446222	0.0518257	0.0200221	0.0112179	0.0146463	0.0932538	0.0341265	0.0172125	0.00874002	0.0356819	0.0112461	0.00910023	0.342178	0.0536716	0.030406	0.0611504	
0.460897	0.0272338	0.0164824	0.0328995	0.0395014	0.0166369	0.0173999	0.0265636	0.0575991	0.0275101	0.0318284	0.0232067	0.0111536	0.0380786	0.0179368	0.0718744	0.029111	0.0160046	0.0165959	0.0214859	
0.0471582	0.0152081	0.0249262	0.071391	0.0277282	0.0546116	0.0133271	0.0430731	0.0444765	0.0778654	0.040766	0.0133319	0.0373985	0.0445981	0.0248054	0.0214008	0.0570437	0.0645678	0.0329085	0.243414	
0.034307	0.0150739	0.0253012	0.0332856	0.030032	0.391809	0.0203038	0.0348834	0.0439871	0.0565604	0.0362027	0.0332976	0.0336636	0.0382043	0.0109554	0.0536572	0.0313161	0.0102255	0.0266192	0.040315	
0.0619066	0.0302063	0.0531557	0.0761973	0.0394272	0.058321	0.0215712	0.00912871	0.0261509	0.0517275	0.235368	0.0455435	0.0383968	0.0477885	0.0210911	0.0500638	0.0195944	0.0419686	0.0289897	0.0434032	
0.0422993	0.0277905	0.0416304	0.0573751	0.0179137	0.0691177	0.0143409	0.0429676	0.0348386	0.342763	0.0403338	0.0311352	0.0139204	0.0213164	0.0114995	0.0224396	0.0648345	0.0368628	0.0209101	0.0457107	
0.0791784	0.0122646	0.0722481	0.063597	0.042292	0.0564462	0.00994266	0.0297786	0.0920768	0.0219345	0.041477	0.0355566	0.0214817	0.0763517	0.120068	0.0638274	0.026168	0.0608494	0.0384339	0.0360279	
0.0669845	0.0184262	0.0491385	0.0627422	0.0206338	0.0512623	0.0279513	0.03099	0.0608465	0.0376827	0.0509861	0.0307949	0.0159298	0.0514835	0.0388275	0.235603	0.0230311	0.0767409	0.0234436	0.0265015	
0.0200079	0.0287399	0.0396577	0.073667	0.0451751	0.0533239	0.0197073	0.0160229	0.0131255	0.0931007	0.0262755	0.0194321	0.0102331	0.0362444	0.00867771	0.010436	0.343846	0.0524988	0.0300866	0.0597418	
0.0532399	0.0283037	0.0499877	0.0692828	0.0293351	0.0538741	0.0224885	0.0851934	0.0503321	0.132846	0.0231564	0.0413894	0.119211	0.0202074	0.0177589	0.0311854	0.0314949	0.0666709	0.0318316	0.0422108	
0.0730849	0.0303413	0.0467467	0.065306	0.038238	0.0681479	0.0234735	0.0331631	0.0212	0.0532611	0.0218066	0.0350256	0.0639152	0.0412682	0.0132699	0.0995433	0.149547	0.0501045	0.031482	0.041075	
0.0223548	0.0280148	0.0399294	0.074582	0.0455446	0.0538844	0.0194276	0.0185596	0.0113023	0.087751	0.0510849	0.0212664	0.0107649	0.0396605	0.00902951	0.0138405	0.307565	0.0523922	0.0309868	0.0620587	
0.020994	0.0259613	0.158531	0.0168398	0.0365087	0.122242	0.00841159	0.0543777	0.0460176	0.0575856	0.0435168	0.106688	0.042613	0.0631295	0.039396	0.0328022	0.0310843	0.0441261	0.0336873	0.015487	
0.0311247	0.0289585	0.0966153	0.100703	0.038995	0.0208671	0.0586675	0.0405666	0.0345477	0.0646749	0.0456294	0.118444	0.0456089	0.0967521	0.0340273	0.0357988	0.0355702	0.0163586	0.0343088	0.0217812	
0.0278512	0.0294541	0.0699613	0.222763	0.0397483	0.0146203	0.0488926	0.0326353	0.0384172	0.0525653	0.0459955	0.0181603	0.0413094	0.0457926	0.0292795	0.033602	0.0540874	0.0167439	0.0346334	0.103488	
0.467368	0.0275363	0.0180466	0.0259722	0.0426645	0.0178195	0.0191397	0.025282	0.0585897	0.0263301	0.0296891	0.0234267	0.011194	0.0356302	0.0191063	0.0709391	0.0300736	0.0156976	0.0152421	0.0202533	
0.458189	0.0241346	0.022407	0.0366362	0.0433053	0.0213743	0.0159151	0.0129473	0.0573576	0.0165483	0.02989	0.0189308	0.00800022	0.0356492	0.0169715	0.0983487	0.0415309	0.0190386	0.0128212	0.0100038	
0.0999373	0.0255005	0.042137	0.0347583	0.036622	0.0641996	0.0179514	0.0183871	0.270985	0.0412155	0.0323604	0.00728153	0.0428529	0.025094	0.0362151	0.0503734	0.0149433	0.0654665	0.0331105	0.0406083	
0.0255438	0.0140732	0.034759	0.0206798	0.0314988	0.426846	0.0170999	0.0414243	0.0415406	0.062826	0.0350285	0.032792	0.0287913	0.0372646	0.00795641	0.0339157	0.0385931	0.00650516	0.019443	0.0434188	
0.0838532	0.0293258	0.0220966	0.0763679	0.0368717	0.0402964	0.0539599	0.036492	0.0534385	0.0184471	0.0412197	0.052486	0.0140753	0.123489	0.045829	0.0470506	0.0381871	0.065904	0.0388352	0.0817747	
0.0245802	0.0296022	0.0145524	0.0555006	0.0123527	0.00583154	0.0140475	0.137061	0.0325129	0.278794	0.0378955	0.0262099	0.0235026	0.0187096	0.0104877	0.0159005	0.0477343	0.143314	0.0239483	0.0474628	
0.274247	0.0476579	0.0331603	0.0501286	0.0409879	0.0638163	0.0194455	0.0112708	0.0494253	0.0226744	0.0385222	0.0159153	0.0295172	0.035697	0.00864456	0.117492	0.0569107	0.0359284	0.0241682	0.0243898	
0.0259641	0.0111658	0.0281053	0.026511	0.0334583	0.424577	0.0163917	0.0405932	0.0397029	0.065508	0.0369418	0.0329487	0.0264697	0.0374986	0.00966784	0.0284794	0.0402907	0.00698097	0.0228048	0.0459404	
0.0212793	0.0262296	0.0412014	0.0756509	0.0455276	0.0525821	0.0206521	0.0149562	0.0107889	0.0908542	0.0265057	0.0200633	0.00856393	0.0370447	0.00833018	0.0105912	0.344431	0.0527025	0.0278544	0.0641911	
0.0749169	0.0250841	0.0438663	0.0695956	0.0081047	0.0398413	0.0236484	0.0248137	0.0464582	0.0233765	0.16456	0.0373693	0.0309566	0.0509654	0.0302667	0.0791698	0.0309822	0.148271	0.00870581	0.0390473	
0.211141	0.0259008	0.0379283	0.0670092	0.0369369	0.00896441	0.0221226	0.0155562	0.0393736	0.0311546	0.059379	0.0279088	0.0227651	0.0440164	0.00686647	0.176269	0.0574723	0.061943	0.016595	0.030698	
0.0498508	0.0295023	0.0534084	0.0589243	0.0210085	0.0697384	0.0161653	0.0342708	0.0363173	0.27634	0.0456472	0.0406177	0.0141077	0.0539639	0.014066	0.0281738	0.0606594	0.0300219	0.0227886	0.0444275	
0.0534933	0.0260966	0.0559374	0.0649709	0.0155847	0.0541137	0.0211925	0.315817	0.0317702	0.0551595	0.0142437	0.0409227	0.0399048	0.0432506	0.0214713	0.0166013	0.00875385	0.0442985	0.0325411	0.0438761	
0.2392	0.0291932	0.0380716	0.0406115	0.0445803	0.0258865	0.0205828	0.0431341	0.0562932	0.0471617	0.0373391	0.0344491	0.113266	0.0407691	0.0330352	0.0381333	0.0278175	0.0194644	0.0329701	0.0380411	
0.195205	0.027119	0.0408064	0.058902	0.0342411	0.0451285	0.0186556	0.0232982	0.0640325	0.0152075	0.0437937	0.0271632	0.013354	0.0481528	0.0307482	0.180518	0.0233742	0.0640719	0.0130592	0.0331694	
0.0424597	0.0235495	0.0408564	0.0561737	0.0174814	0.0603028	0.0151629	0.0637982	0.0341694	0.347853	0.0317085	0.0330932	0.0139195	0.0173897	0.0110918	0.0185337	0.0589751	0.0463188	0.021483	0.0456792	
0.480428	0.0289461	0.0191969	0.0322314	0.0440466	0.0219045	0.0162938	0.0184227	0.0390595	0.0182894	0.0200654	0.0206637	0.00755077	0.0331226	0.0102498	0.104161	0.0366581	0.0217802	0.012447	0.0144822	
0.229854	0.0285089	0.0197745	0.061222	0.0289344	0.0130901	0.0219011	0.0541447	0.0551017	0.063626	0.0406798	0.0327544	0.0137679	0.0445901	0.026277	0.038972	0.0204247	0.141248	0.0259561	0.0391734	
0.0410241	0.0237123	0.0322468	0.0629011	0.0146993	0.0216485	0.0161379	0.180999	0.0349393	0.202343	0.0376048	0.0257742	0.0284373	0.0229991	0.0135828	0.0114867	0.0252706	0.132921	0.0262891	0.0449832	
0.0268747	0.031208	0.252753	0.052541	0.0435197	0.0318641	0.0142513	0.0510013	0.0387662	0.0560371	0.0438115	0.0873779	0.0405502	0.0591418	0.0345841	0.0324761	0.035649	0.0211943	0.0318992	0.0144992	
0.0401025	0.0259283	0.0437943	0.059295	0.0103757	0.0649504	0.0151317	0.0634763	0.0322023	0.344678	0.0292437	0.0319891	0.0199631	0.0262563	0.0153362	0.0150838	0.0547392	0.0475276	0.0148028	0.0451237	
0.0770207	0.0223948	0.0406182	0.0258319	0.038314	0.264952	0.0184463	0.0349073	0.0554687	0.047896	0.040115	0.0355418	0.0551813	0.0385842	0.0242809	0.0775137	0.0190795	0.00887262	0.0333793	0.0416015	
0.0884336	0.0250102	0.0406091	0.0348634	0.0344687	0.0621447	0.0193929	0.0181338	0.282794	0.0436106	0.0353754	0.00762441	0.0381208	0.0264367	0.0368207	0.049851	0.0139614	0.0664999	0.0359868	0.0398619	
0.0425356	0.0283914	0.042552	0.0560212	0.0119281	0.0652589	0.0104909	0.0417963	0.0368447	0.35777	0.0361616	0.0335657	0.0131026	0.0260275	0.011693	0.0193211	0.0641779	0.0385628	0.0194276	0.0443716	
0.0276537	0.0133638	0.0347627	0.020814	0.0296707	0.420968	0.0160419	0.0362349	0.040503	0.0654151	0.0353925	0.034115	0.0285174	0.0351037	0.00806376	0.034936	0.0425102	0.00783896	0.0253788	0.0427161	
0.0817494	0.0324658	0.0460004	0.0803407	0.0468437	0.0499899	0.0218898	0.0324135	0.0490706	0.0232381	0.0429963	0.0379983	0.176353	0.0612312	0.0221843	0.0237615	0.0561661	0.0334495	0.0382407	0.043617	
0.0681767	0.0269136	0.0334658	0.0597499	0.0347359	0.071012	0.0161028	0.0243389	0.0437097	0.0476975	0.0483072	0.162649	0.0387023	0.0576662	0.0320173	0.0564442	0.0163038	0.0652841	0.0339513	0.0627718	
0.0826388	0.0114448	0.0602921	0.0727624	0.034328	0.0522894	0.00779701	0.0354623	0.0609057	0.0772952	0.0487744	0.0379493	0.0720488	0.0472887	0.0381179	0.100737	0.0370355	0.047545	0.0326173	0.0426705	
0.0550749	0.0269315	0.055404	0.0642316	0.0230289	0.0688736	0.0230282	0.312877	0.0219583	0.0345588	0.0138854	0.0500921	0.0400089	0.0452012	0.0191846	0.0256987	0.00907399	0.0346894	0.033883	0.0423158	
0.0512957	0.00958084	0.0624559	0.0755654	0.0355401	0.0225341	0.0232018	0.0421654	0.0649987	0.0249275	0.0419926	0.0416126	0.0510854	0.0630375	0.0593845	0.0211075	0.0311856	0.0614504	0.163615	0.0532635	
0.0387678	0.0263709	0.0255825	0.0600649	0.0104377	0.017397	0.0141529	0.145203	0.0324884	0.2385	0.0391224	0.0263563	0.0260795	0.0197261	0.0136866	0.0110262	0.0412741	0.143247	0.0274797	0.0430363	
0.384073	0.0295699	0.0270421	0.0270744	0.0435743	0.0484801	0.0184799	0.0326164	0.0602442	0.0346672	0.0321144	0.0228068	0.0164797	0.0443647	0.0236054	0.0596474	0.0293183	0.0142308	0.0249512	0.0266598	
0.0422869	0.0260664	0.0406746	0.0542314	0.0186845	0.0714485	0.0147278	0.044155	0.0349618	0.351212	0.0379594	0.0288377	0.0120793	0.0201708	0.0111099	0.0181851	0.0672967	0.0376311	0.0198695	0.0484114	
0.0862662	0.0266426	0.0606801	0.0304259	0.0386348	0.0605846	0.00768809	0.0348445	0.0351972	0.0201071	0.0446634	0.0423437	0.0153636	0.238474	0.0303102	0.0477417	0.0420049	0.0600829	0.033881	0.0440637	
0.466656	0.0273971	0.0181543	0.0274656	0.0422132	0.0164154	0.016285	0.0271049	0.0583526	0.0279846	0.030453	0.0215647	0.00972988	0.035454	0.0166108	0.0732865	0.0313395	0.0156292	0.0167612	0.0211421	
0.0597366	0.0212074	0.0360673	0.0474977	0.0320065	0.330813	0.0186699	0.0351561	0.0568734	0.0576467	0.0399438	0.0341029	0.022634	0.0408999	0.0205985	0.0535369	0.0144715	0.00701686	0.0312842	0.039837	
0.0202974	0.0280486	0.0398075	0.0706788	0.0465474	0.0528346	0.0187843	0.0131146	0.0162392	0.0893092	0.0343909	0.0147012	0.00966231	0.0364185	0.0118261	0.00894216	0.338699	0.0560722	0.0309409	0.0626855	
0.462796	0.0290218	0.0185187	0.0261346	0.0405049	0.0166726	0.017068	0.0257244	0.0590148	0.0305716	0.0305768	0.021241	0.0102804	0.0382076	0.0191847	0.0717106	0.0291754	0.0148453	0.0160382	0.0227124	
0.154471	0.0165581	0.0403949	0.0693121	0.0203415	0.0525863	0.0219773	0.0245666	0.0641144	0.0326248	0.0513406	0.0280113	0.0150633	0.0510977	0.0306719	0.188406	0.0216215	0.073847	0.0206992	0.0222946	
0.053536	0.0253822	0.045739	0.0607461	0.0160087	0.0460641	0.0198068	0.267866	0.0327114	0.129714	0.0201372	0.031338	0.0385681	0.0291556	0.0193643	0.015335	0.00997259	0.0671649	0.028772	0.0426187	
0.0184545	0.0251743	0.0395094	0.0735708	0.0444832	0.0508894	0.0206875	0.0115358	0.010596	0.0926346	0.0352765	0.0203065	0.0104184	0.0374462	0.00811257	0.0111637	0.346183	0.0539085	0.0313763	0.0582726	
0.0263014	0.0132243	0.0356651	0.0199419	0.029293	0.422	0.0186055	0.0398046	0.0414177	0.063288	0.0356513	0.0335452	0.0273004	0.0355759	0.00839849	0.0325214	0.0392884	0.00768581	0.027282	0.0432098	
0.0750647	0.0150842	0.0249037	0.0426153	0.0351967	0.316899	0.0194024	0.0347267	0.0538229	0.0494907	0.0382871	0.0347609	0.0361483	0.0402543	0.0146181	0.0598475	0.0281583	0.0103545	0.0303843	0.0399807	
0.0591992	0.0389558	0.0537914	0.0635074	0.0396997	0.0838997	0.0218288	0.0407819	0.0505863	0.0268026	0.0409235	0.0365304	0.0423008	0.0474528	0.0139998	0.0266566	0.0450733	0.0495062	0.170793	0.0477107	
0.0647293	0.0260197	0.0158939	0.0479954	0.0123698	0.0104566	0.0210206	0.020483	0.0662044	0.0218465	0.0501444	0.0306624	0.021067	0.0481463	0.029047	0.0495513	0.0333058	0.361434	0.0287269	0.0408959	
0.462093	0.028155	0.0195542	0.0258155	0.0409223	0.0176584	0.0170999	0.0245511	0.0576566	0.029081	0.0301089	0.0239919	0.0118391	0.0354967	0.0196411	0.0722083	0.0297279	0.0154935	0.0157078	0.0231976	
0.0472035	0.0264247	0.0420083	0.0529246	0.019849	0.0699538	0.0157866	0.0453976	0.0366892	0.33973	0.0394947	0.0323547	0.0131712	0.0203734	0.0102935	0.0205141	0.0598922	0.038188	0.0210992	0.0486518	
0.0720937	0.0213148	0.062508	0.0645509	0.0347951	0.0917749	0.0210942	0.0282386	0.0579836	0.0462354	0.0398963	0.0356931	0.0367516	0.0484809	0.0302728	0.0692368	0.0324601	0.0464176	0.100403	0.0597989	
0.0461933	0.0243048	0.0952805	0.0737706	0.0269641	0.0573447	0.0127982	0.0503685	0.0348495	0.115527	0.0498751	0.131362	0.0509194	0.0735343	0.0338431	0.029592	0.027896	0.0328617	0.0264212	0.00629384	
0.460845	0.0283231	0.0201339	0.0242824	0.0436518	0.0167165	0.0168182	0.0250332	0.0570106	0.0297967	0.0303931	0.0228869	0.0101238	0.0362124	0.0187729	0.0722499	0.0306424	0.0188217	0.0162749	0.0210105	
0.0266447	0.0308254	0.016146	0.0599842	0.0123589	0.00771146	0.0168797	0.0948205	0.0340623	0.249643	0.041588	0.0277025	0.0234675	0.0229971	0.0154836	0.0229207	0.0607269	0.165363	0.0260134	0.0446611	
0.143387	0.0171622	0.0474709	0.0717662	0.0182524	0.0645798	0.0170974	0.0247877	0.0440319	0.0471994	0.0460013	0.0350378	0.0495672	0.0387594	0.0205826	0.0938619	0.126594	0.0507477	0.0299339	0.0131794	
0.0774374	0.0237648	0.0739924	0.0742005	0.0398048	0.0743764	0.016822	0.0320697	0.0660717	0.0419178	0.0458172	0.0422268	0.015646	0.135621	0.0525481	0.0420651	0.0299942	0.0424078	0.0355111	0.0377054	
0.0382324	0.0275702	0.02895	0.0558967	0.0148202	0.0283517	0.0157232	0.110284	0.0315991	0.303187	0.0246187	0.0272854	0.0151156	0.0146902	0.00991992	0.0169333	0.0586032	0.11074	0.023729	0.0437497	
0.06578	0.0209204	0.074622	0.0953372	0.0404671	0.0479406	0.0178679	0.0116401	0.0558657	0.0494088	0.053806	0.0525631	0.0403925	0.128478	0.0497262	0.0443474	0.0366166	0.0378394	0.034314	0.0420668	
0.378902	0.0274297	0.0243658	0.0328662	0.0375932	0.0161844	0.0198799	0.0385718	0.0558363	0.0399108	0.0345001	0.028094	0.0117999	0.0400455	0.0221042	0.0607955	0.0259203	0.0605548	0.0181771	0.0264689	
0.367778	0.0283823	0.0311743	0.0503096	0.0382066	0.0287342	0.0165596	0.00688205	0.052483	0.0173686	0.0397516	0.0232289	0.00911604	0.0418769	0.0192798	0.111612	0.0421283	0.0379428	0.0176804	0.0195056	
0.0275659	0.0141571	0.0345077	0.0206171	0.0314909	0.419738	0.0163501	0.0376353	0.0407985	0.0654338	0.0360975	0.0327648	0.0280854	0.0359282	0.0079902	0.032629	0.040242	0.00800506	0.0260482	0.0439151	
0.0810525	0.0266057	0.06743	0.16427	0.0304028	0.0137378	0.0223729	0.0500973	0.0709396	0.0638171	0.045512	0.0330319	0.0380052	0.0243914	0.0260785	0.0448872	0.0426615	0.0781486	0.0304051	0.0461534	
0.0516865	0.0244242	0.0410032	0.0603878	0.0314401	0.0527668	0.016016	0.126735	0.0359348	0.255218	0.0533945	0.0168668	0.0362822	0.0290721	0.0220519	0.0125695	0.0119977	0.0470899	0.0274636	0.0475996	
0.107051	0.0308347	0.0304605	0.0680803	0.036203	0.056997	0.0217385	0.0583651	0.196827	0.0658465	0.0339361	0.00759096	0.0382391	0.0223088	0.0245241	0.0452336	0.0160542	0.0678955	0.031045	0.0407693	
0.238412	0.0310243	0.0195203	0.0557545	0.0458571	0.0875733	0.0154757	0.0294522	0.0608088	0.0402076	0.0401953	0.0273403	0.0579391	0.0371693	0.0300305	0.0743095	0.0287895	0.0117021	0.0334724	0.0349659	
0.0766857	0.0277394	0.0507245	0.0652698	0.0342273	0.0529986	0.0247306	0.0261468	0.0655562	0.0192204	0.0514788	0.0303091	0.014597	0.0522639	0.0364618	0.205502	0.0218332	0.0756922	0.0300123	0.03855	
0.0348956	0.0331069	0.0544971	0.0688672	0.0447551	0.0495776	0.0222745	0.046294	0.0564075	0.0268009	0.0428623	0.0385698	0.256709	0.0228602	0.0312174	0.0231984	0.0171193	0.0467423	0.0371357	0.0461096	
0.0517201	0.0276926	0.0603595	0.0583765	0.0133766	0.0415641	0.0188364	0.266233	0.0274905	0.0713504	0.0137849	0.0638337	0.0378187	0.0424853	0.024392	0.0157451	0.0109548	0.0858182	0.0313797	0.0367876	
0.0519556	0.0238877	0.0396	0.0648152	0.0265435	0.0464501	0.016291	0.149366	0.0292784	0.228064	0.0441327	0.0284999	0.0351469	0.0272089	0.0212084	0.0124715	0.0238444	0.0619934	0.0262255	0.0430176	
0.0912975	0.0362071	0.182046	0.0702587	0.0472985	0.0506301	0.0231706	0.0284111	0.0560725	0.0346401	0.043473	0.0342561	0.0410748	0.0529048	0.0350102	0.0715265	0.0322057	0.029444	0.0340618	0.00601103	
0.430705	0.0283111	0.0170261	0.0355578	0.0409842	0.0186263	0.0181254	0.0156923	0.0635938	0.0166135	0.0305356	0.0202941	0.0109406	0.0386116	0.0186802	0.113568	0.0344781	0.0147147	0.0147885	0.0181524	
0.0322664	0.0307401	0.0387251	0.0298822	0.0269195	0.0391418	0.023155	0.0156533	0.0629575	0.0161332	0.0490504	0.0343982	0.0320692	0.0553621	0.0327151	0.0480403	0.0420603	0.306741	0.0376572	0.0463319	
0.465347	0.027031	0.0144909	0.0349995	0.0413435	0.0159873	0.0162978	0.0229413	0.0580175	0.0265247	0.0342784	0.02158	0.0106559	0.0354446	0.0180336	0.0727854	0.0304475	0.0144522	0.0174817	0.0218599	
0.452408	0.0291748	0.0179866	0.025973	0.0454015	0.0170661	0.0170621	0.0132335	0.0576334	0.0152314	0.0319211	0.0181808	0.011822	0.0368553	0.0170294	0.104069	0.0462801	0.0161165	0.0121532	0.0144024	
0.0370899	0.0270388	0.0130602	0.0393495	0.0114066	0.0105545	0.023927	0.0226543	0.0594055	0.0254601	0.0516628	0.0304261	0.0251918	0.0458337	0.0277024	0.0457317	0.036437	0.389721	0.0311096	0.0462376	
0.0596197	0.162541	0.0436171	0.0746953	0.0185049	0.0160327	0.0249238	0.0538672	0.0414218	0.086064	0.0458788	0.0304562	0.0407966	0.0420394	0.0118529	0.0124978	0.0532562	0.0627782	0.0557707	0.063386	
0.0254785	0.0107401	0.027194	0.0264327	0.033853	0.423073	0.0171181	0.0379758	0.0415047	0.0636154	0.0377803	0.0349455	0.0273257	0.0364496	0.0100696	0.0282193	0.0420424	0.00732395	0.0228071	0.0460516	
0.0453618	0.0238765	0.031976	0.0613332	0.0128087	0.0162908	0.0154371	0.211119	0.0330022	0.176939	0.0246712	0.0240368	0.0307459	0.0270458	0.0152626	0.0134537	0.0114868	0.154175	0.0268762	0.0441028	
0.0140122	0.0194044	0.0460771	0.0664587	0.14867	0.0694267	0.0257061	0.0236788	0.0393929	0.0418722	0.0448206	0.0260572	0.0230129	0.0477604	0.0296934	0.00904861	0.14299	0.0335576	0.0352707	0.11309	
0.0319124	0.022938	0.0683934	0.0736405	0.0405065	0.196669	0.0187098	0.0383907	0.0577301	0.0497774	0.0441944	0.041033	0.0675153	0.0433778	0.031394	0.0393133	0.0355329	0.0255772	0.0347778	0.0386166	
0.0285542	0.0125166	0.0277599	0.0497376	0.0360925	0.310809	0.0186873	0.0375013	0.059751	0.0702699	0.040088	0.0336852	0.0337787	0.0494438	0.0372852	0.0279466	0.0341629	0.0109697	0.0322103	0.0487501	
0.0707226	0.0237724	0.0568049	0.284712	0.0346787	0.0300741	0.0080677	0.0311483	0.0180404	0.0211891	0.0435711	0.0369371	0.0180864	0.0790698	0.0353193	0.0427425	0.0461588	0.0297607	0.0384695	0.0506747	
0.0638147	0.0338858	0.0210309	0.0782679	0.0496868	0.0158059	0.0225584	0.0362387	0.0500653	0.041013	0.0465556	0.038134	0.228816	0.043632	0.0376982	0.0202473	0.0711444	0.0168058	0.0357785	0.0488204	
0.142355	0.0665535	0.0712268	0.0598322	0.119984	0.0549958	0.0196408	0.0286348	0.067703	0.0318039	0.0381692	0.0294745	0.0450875	0.0490039	0.036147	0.0460767	0.0346078	0.028182	0.0146088	0.0159135	
0.0433494	0.0284549	0.0251348	0.0578997	0.0132708	0.0283114	0.0145237	0.0995377	0.0312856	0.304854	0.0280722	0.0268151	0.0136583	0.0132618	0.00845225	0.0196615	0.0645872	0.108966	0.0231135	0.0467903	
0.0445164	0.0258333	0.04426	0.0560247	0.0128061	0.0635178	0.0111206	0.0430303	0.0326211	0.357758	0.0384599	0.0327495	0.012616	0.0258198	0.00894203	0.0195349	0.0693245	0.035206	0.0202214	0.0456383	
0.0244464	0.0262672	0.313136	0.0210903	0.0432292	0.0339779	0.00953585	0.0454305	0.0545563	0.0581073	0.0419715	0.0479029	0.0396239	0.061596	0.0429863	0.0323708	0.0322399	0.0183932	0.0349805	0.0181577	
0.0496486	0.0146489	0.0571594	0.097705	0.0246492	0.0568582	0.0119309	0.0428974	0.0455	0.077927	0.0416991	0.0154713	0.0334922	0.0432114	0.0247731	0.0190318	0.0569557	0.0515791	0.0315436	0.203318	
0.182218	0.0307015	0.0390599	0.0625609	0.0429815	0.0777338	0.0229406	0.0321074	0.050473	0.0212186	0.0390836	0.0316669	0.104409	0.0205211	0.0154606	0.0633581	0.0569637	0.0373952	0.0342652	0.0348812	
0.0418659	0.0265238	0.0342627	0.307675	0.0339578	0.0198693	0.019815	0.0427228	0.0217755	0.0622716	0.0421005	0.0322627	0.0387012	0.0374819	0.0283028	0.0332636	0.0579691	0.027448	0.0355424	0.0561884	
0.242655	0.0527748	0.0509189	0.04883	0.0707457	0.0409228	0.0191992	0.0369376	0.0645501	0.00495491	0.0314684	0.0255456	0.0324998	0.0408144	0.024553	0.0964097	0.0363203	0.0424419	0.0242509	0.0132072	
0.236637	0.0360359	0.0376325	0.0611685	0.02348	0.05725	0.0153494	0.0242081	0.0512989	0.0360202	0.037491	0.0293912	0.038223	0.0366977	0.0185828	0.081403	0.0980539	0.0431807	0.0264097	0.0114861	
0.391603	0.0293688	0.025413	0.0665402	0.0385797	0.0171206	0.0206703	0.0299233	0.0597277	0.0333839	0.0329514	0.0249017	0.0132655	0.0391685	0.0213987	0.0600869	0.0278413	0.0203386	0.0203108	0.0274063	
0.123806	0.0726346	0.0527493	0.0595223	0.0483629	0.111427	0.0215563	0.0101583	0.0714385	0.0279811	0.0393986	0.0130912	0.040031	0.0441299	0.0332886	0.0872843	0.0164702	0.0408787	0.0420076	0.0437829	
0.0399822	0.024858	0.0135772	0.0377047	0.0109093	0.0100168	0.021137	0.0207878	0.0629342	0.0204128	0.0530607	0.029413	0.0242334	0.0498486	0.0290968	0.0441267	0.0365838	0.392335	0.0316387	0.0473433	
0.0427039	0.0263356	0.0257023	0.058225	0.0185506	0.023292	0.0168165	0.131414	0.033561	0.273803	0.0405968	0.0239422	0.015893	0.013348	0.00976547	0.0159846	0.0434284	0.117386	0.0248206	0.0444304	
0.0583046	0.0256019	0.0448874	0.0627502	0.0347734	0.0576516	0.0182881	0.0290471	0.0186973	0.0625127	0.0510852	0.242053	0.0466952	0.057079	0.0322402	0.0250105	0.0192616	0.0526628	0.0375482	0.02385	
0.0274723	0.0252194	0.0288809	0.0711073	0.0174239	0.00956718	0.0181242	0.176464	0.0286693	0.193037	0.0377948	0.0299002	0.0290517	0.0227491	0.0132218	0.0188887	0.0288867	0.1515	0.0273499	0.0446913	
0.0401049	0.0257899	0.0123466	0.0414274	0.0116005	0.0104127	0.0227637	0.0215027	0.0636958	0.0236554	0.0529204	0.0315634	0.0267807	0.0464846	0.0273747	0.0458732	0.0346845	0.39163	0.0284427	0.0409465	
0.0563264	0.0280543	0.0491699	0.0692111	0.0412392	0.0296551	0.0197749	0.0525531	0.0457319	0.0758887	0.102365	0.0379441	0.0413489	0.0528851	0.0300964	0.0185538	0.0442967	0.106187	0.0493899	0.0493288	
0.0531585	0.0278363	0.0390244	0.0767057	0.0363582	0.0530116	0.0207304	0.0213783	0.0132653	0.0926472	0.0259476	0.0235615	0.0138586	0.0376214	0.00971562	0.0201383	0.294408	0.0591261	0.028292	0.0532148	
0.0251914	0.0128423	0.0627957	0.0315279	0.033049	0.36442	0.0151358	0.037951	0.0427619	0.0661509	0.0367676	0.0371277	0.0320414	0.0382702	0.012661	0.0261305	0.0434974	0.00897199	0.0285015	0.0442046	
0.228239	0.0318545	0.0268979	0.0675874	0.0423144	0.038852	0.0205868	0.00930911	0.110948	0.030552	0.0395574	0.00611481	0.0340442	0.0208128	0.024492	0.0976317	0.0666446	0.0500042	0.0235845	0.0299722	
0.0236268	0.010883	0.0291575	0.0257607	0.0321301	0.428461	0.0148758	0.0384096	0.0435728	0.0691644	0.035926	0.0355579	0.0276372	0.0358778	0.00969861	0.0273055	0.0378502	0.0074654	0.0230452	0.0435942	
0.0479241	0.0131707	0.0804076	0.060037	0.0473625	0.0778008	0.0191671	0.024545	0.124744	0.0434834	0.0362769	0.0259438	0.0534532	0.0751247	0.122635	0.00530644	0.0168824	0.0399341	0.0394262	0.0463753	
0.0515957	0.02722	0.0441599	0.0604665	0.0287957	0.0610888	0.0187666	0.110389	0.0389869	0.219226	0.0385514	0.0338634	0.0692176	0.0177071	0.0143988	0.0231259	0.0249718	0.0459275	0.0272669	0.0442741	
0.0328219	0.0281509	0.016427	0.0479793	0.01139	0.00985407	0.0195218	0.0914985	0.0496932	0.0770367	0.0499637	0.0333489	0.0220988	0.0384683	0.021435	0.0366879	0.0320029	0.304454	0.0316794	0.0454879	
0.0344828	0.0268467	0.0269824	0.0318641	0.0183062	0.0125972	0.0189988	0.0386439	0.0543832	0.0657733	0.0620564	0.0334191	0.0254379	0.0448767	0.0285014	0.0423335	0.0378674	0.320079	0.028717	0.0478332	
0.0824002	0.0296499	0.0599971	0.0292791	0.0374389	0.0585146	0.00725567	0.0345524	0.0733354	0.0216995	0.0422743	0.0385909	0.0171726	0.21388	0.0339276	0.0485841	0.0341206	0.0638465	0.0326737	0.0408069	
0.0251023	0.0126642	0.0335414	0.0208429	0.0311611	0.433767	0.0160731	0.0408577	0.0398077	0.0647036	0.0343057	0.0322635	0.0266445	0.0373709	0.00797063	0.0313249	0.0407071	0.00797184	0.020225	0.0426949	
0.0207072	0.027121	0.0371597	0.0742043	0.0469006	0.0530077	0.0211254	0.0147858	0.0103856	0.0952636	0.0296797	0.0199913	0.00928074	0.0382864	0.00758651	0.0102396	0.340748	0.0526744	0.0293099	0.0615425	
0.394421	0.032803	0.0172203	0.0445372	0.0417053	0.0448715	0.0163701	0.0283719	0.0580297	0.0333011	0.0352054	0.0226945	0.015558	0.0401385	0.0238201	0.0594893	0.0298302	0.0137143	0.02158	0.0263386	
0.0319725	0.0271738	0.0519852	0.163665	0.0422226	0.1312	0.0223736	0.0371931	0.0608921	0.0578282	0.0441144	0.0368611	0.0435318	0.0493398	0.0342574	0.040682	0.0430442	0.0167003	0.0184024	0.0465605	
0.0518971	0.00956186	0.0814606	0.0655076	0.04328	0.0594677	0.0105903	0.038815	0.0771442	0.0613911	0.0432887	0.0410742	0.0687254	0.0736165	0.107766	0.0191178	0.0259184	0.0377094	0.0388811	0.0447869	
0.0387604	0.0372404	0.0623633	0.0641708	0.0460955	0.0704527	0.0242508	0.0412974	0.0557066	0.0249742	0.0408677	0.0369855	0.180691	0.0211453	0.0239761	0.0811589	0.019552	0.0447057	0.0396562	0.0459492	
0.0675296	0.0182687	0.0597873	0.0671101	0.224939	0.0628175	0.0216588	0.0147693	0.052293	0.0274546	0.0454762	0.0416907	0.0462465	0.0532519	0.0318306	0.0218581	0.0583106	0.0164753	0.0338807	0.0343519	
0.195039	0.0288007	0.0361125	0.061394	0.034641	0.0471371	0.0213966	0.0213972	0.0611392	0.0143917	0.044996	0.0289543	0.0125316	0.0462104	0.0301852	0.180123	0.0237872	0.0664727	0.0113734	0.0339165	
0.0873353	0.0263802	0.0270371	0.211507	0.0371561	0.0197508	0.0200332	0.0339251	0.069734	0.0470542	0.0421013	0.038576	0.046427	0.0710936	0.0358732	0.0412239	0.0391072	0.0233372	0.0335068	0.0488406	
0.465556	0.0286373	0.0194779	0.0325237	0.0435341	0.0233431	0.0153899	0.012682	0.0580899	0.00673803	0.0295157	0.0179774	0.00802892	0.0375238	0.0147229	0.0996806	0.0415385	0.0235127	0.00891413	0.0126132	
0.0437531	0.0257263	0.0653079	0.307849	0.0348329	0.0138979	0.0236501	0.0350566	0.0191819	0.0508301	0.0389808	0.0326945	0.0350291	0.038797	0.0261486	0.0358529	0.0530393	0.0211641	0.0386351	0.0595725	
0.0443429	0.0281492	0.03833	0.0573974	0.0178529	0.0665338	0.0147641	0.0408503	0.0344829	0.345518	0.0380787	0.0318218	0.0123872	0.0201588	0.0111602	0.0214375	0.0660751	0.0387252	0.0213684	0.050566	
0.0653624	0.0290985	0.20738	0.0745187	0.036723	0.0282951	0.0124746	0.048492	0.0360925	0.059053	0.0414641	0.0844636	0.0422734	0.0528845	0.0346108	0.0373294	0.039066	0.0189323	0.0341328	0.0173531	
0.0752873	0.0256613	0.0963116	0.269821	0.0387247	0.0201504	0.0223527	0.00648565	0.0332128	0.0197278	0.0459119	0.0419207	0.0377151	0.0564185	0.0280871	0.0415975	0.0463973	0.0104059	0.0358259	0.047985	
0.041661	0.0250837	0.0459953	0.0586724	0.0106688	0.0631335	0.0161489	0.0436397	0.0377974	0.336588	0.037791	0.0358109	0.0204949	0.0318906	0.0174106	0.0152678	0.0580919	0.0375529	0.0208745	0.0454264	
0.0494177	0.0258805	0.046919	0.0630786	0.0277175	0.0651578	0.0178981	0.11005	0.017883	0.27624	0.0464545	0.0315803	0.0331291	0.0323708	0.0273104	0.0213154	0.00832786	0.030538	0.0231611	0.0455702	
0.425243	0.0300569	0.022844	0.0375411	0.0415206	0.029441	0.0161279	0.0167362	0.0616034	0.00800213	0.031099	0.0182944	0.00821305	0.038618	0.0194161	0.107713	0.0320149	0.029512	0.00805698	0.0179464	
0.0519245	0.0126187	0.0258526	0.0752573	0.0267211	0.0618553	0.0136506	0.0484469	0.0452847	0.0706434	0.0431351	0.0134085	0.0349936	0.0422695	0.0252741	0.0202943	0.0552704	0.0618338	0.0314555	0.23981	
0.471398	0.0272168	0.017126	0.0260973	0.0413101	0.017448	0.0186601	0.0246717	0.0579267	0.0254014	0.0301291	0.0209167	0.0100395	0.0365265	0.0189471	0.0745705	0.0303929	0.0156754	0.0164661	0.0190804	
0.292772	0.0273868	0.0288742	0.0489798	0.034379	0.0295593	0.0188364	0.0207732	0.115147	0.0301496	0.0519521	0.0229705	0.00614908	0.0399329	0.0223483	0.0799068	0.0225882	0.0599114	0.021259	0.0261239	
0.0905235	0.0255683	0.0526182	0.0299554	0.0391628	0.0534735	0.0175084	0.0232276	0.229594	0.035651	0.0203967	0.00754765	0.038134	0.0713935	0.0638946	0.0532366	0.0118375	0.0616231	0.0344848	0.0401684	
0.0253411	0.0147336	0.0321321	0.0210097	0.0334594	0.427021	0.0175205	0.0375628	0.0385861	0.0611796	0.0363055	0.0345228	0.0300591	0.0359527	0.00777101	0.0346369	0.0422688	0.00628409	0.0223404	0.0413128	
0.0559729	0.0286719	0.0561945	0.0647512	0.0217627	0.0593901	0.0227137	0.313697	0.0219224	0.0388293	0.0149112	0.0503573	0.042671	0.0445065	0.0176323	0.026536	0.0101025	0.0371402	0.0308578	0.04138	
0.0765351	0.0227235	0.0777842	0.0290388	0.039634	0.0463974	0.00685752	0.0291163	0.0926583	0.0223304	0.0385073	0.0359195	0.0162702	0.148435	0.102929	0.0484499	0.0223411	0.063759	0.040149	0.0401637	
0.0809972	0.0261764	0.03658	0.282197	0.0362925	0.0199087	0.0221163	0.0385075	0.0228554	0.0540402	0.0421018	0.0361324	0.0405274	0.0392713	0.0258079	0.0409734	0.0499306	0.0236371	0.0321709	0.0497757	
0.0436626	0.0236259	0.0419782	0.057898	0.0127822	0.0612635	0.0164931	0.0687342	0.0356487	0.314229	0.0589662	0.031936	0.0267964	0.027981	0.018604	0.0145728	0.0490355	0.0378937	0.0147068	0.0431915	
0.0737661	0.028127	0.031152	0.0709885	0.0201875	0.0113131	0.0242549	0.0172309	0.0625927	0.0183378	0.0528184	0.028737	0.0273785	0.0463862	0.0306848	0.0537907	0.0409469	0.288897	0.0302357	0.0421745	
0.374943	0.0306246	0.0148404	0.0477539	0.0411482	0.0496634	0.017837	0.0200946	0.0551883	0.0292241	0.0364432	0.0224494	0.0167813	0.0431735	0.0209397	0.0667829	0.047831	0.0142864	0.0234406	0.0265542	
0.0426574	0.025436	0.0285314	0.059426	0.0149488	0.0255719	0.0171011	0.104364	0.0308179	0.302476	0.0267203	0.0260471	0.0138326	0.0141433	0.00873037	0.0210699	0.058613	0.109991	0.0235781	0.045943	
0.0741088	0.0237045	0.0690916	0.0305931	0.0397552	0.0530867	0.00800328	0.0339882	0.04252	0.0220934	0.0440748	0.043813	0.0155492	0.218201	0.0601503	0.0476602	0.0332039	0.0612539	0.0357988	0.0433498	
0.0697848	0.00946193	0.0649583	0.0661985	0.0345912	0.0149868	0.026655	0.0525491	0.0499364	0.0508649	0.0487828	0.0865578	0.0484937	0.066324	0.0981607	0.0385771	0.0295956	0.0681575	0.0381652	0.0371986	
0.075658	0.024767	0.067206	0.271188	0.0337173	0.0154603	0.0186935	0.0299569	0.0201556	0.0475606	0.0436863	0.0401284	0.0328581	0.067489	0.0264931	0.0378964	0.0463051	0.0202679	0.0324072	0.0481053	
0.458032	0.0307596	0.0196527	0.0258079	0.0422013	0.0183452	0.0162325	0.0195642	0.055191	0.0223139	0.0331507	0.0188615	0.0137204	0.0378639	0.0161686	0.0800811	0.0455159	0.013544	0.0155073	0.0174863	
