0.09449	0.0266411	0.0379563	0.0748104	0.0450532	0.0493414	0.00837116	0.043015	0.0227007	0.0131544	0.0421411	0.0414788	0.356725	0.018626	0.0116794	0.0086159	0.0127812	0.0622139	0.0115122	0.018693	
0.0321777	0.0235013	0.347559	0.0980607	0.0295374	0.0238696	0.00665469	0.0294886	0.0369524	0.0652566	0.054207	0.0134565	0.0237263	0.0568518	0.0241924	0.0460589	0.0545579	0.0114252	0.0167706	0.00569562	
0.0257564	0.00396305	0.00916568	0.0234249	0.0252167	0.586142	0.010939	0.0182852	0.0162531	0.0554754	0.0574811	0.0221305	0.0232974	0.0391683	0.00914156	0.00989064	0.0393054	0.00417631	0.00438775	0.0163992	
0.158068	0.013799	0.0158467	0.129699	0.0172528	0.00469528	0.0451564	0.0160347	0.0866607	0.0342542	0.035917	0.0340548	0.0044961	0.0772163	0.0779519	0.0757241	0.0750211	0.0731227	0.016439	0.00858995	
0.148452	0.0244849	0.0106199	0.0161044	0.0426675	0.0025627	0.0132191	0.0611311	0.00724769	0.0378763	0.0364271	0.0991794	0.168797	0.0446141	0.0306568	0.0355475	0.036014	0.157434	0.0148643	0.0121002	
0.0771234	0.0198448	0.0259899	0.0898496	0.0120914	0.0334116	0.171874	0.0190795	0.0653984	0.0798573	0.0533664	0.0340078	0.00395363	0.046898	0.0635485	0.0345572	0.049997	0.0946563	0.0129292	0.0115665	
0.289383	0.0110346	0.0271641	0.129449	0.0232118	0.0096812	0.0268894	0.0230483	0.0549159	0.0566184	0.0548048	0.034071	0.0050505	0.0693325	0.0452519	0.0782443	0.0196071	0.0122268	0.0187193	0.0112953	
0.121546	0.0267042	0.0331253	0.0726055	0.0204581	0.0481061	0.0176233	0.0134332	0.0043877	0.440412	0.0550367	0.0271303	0.00622062	0.0285477	0.00356707	0.0220736	0.0121081	0.0162679	0.0124326	0.018214	
0.169633	0.0203793	0.0305762	0.0794951	0.0427673	0.0449244	0.00414299	0.0339229	0.0575611	0.0198539	0.0416968	0.0472147	0.171316	0.0620951	0.0729011	0.0101609	0.00932819	0.0521166	0.0135639	0.0163509	
0.0141021	0.0526484	0.00605852	0.015142	0.011776	0.000890104	0.0525503	0.154609	0.00670391	0.142213	0.0401622	0.0155397	0.00325675	0.01171	0.00394699	0.00868754	0.0166318	0.424126	0.00775936	0.0114852	
0.0987173	0.00296145	0.0165831	0.153676	0.0124438	0.0034069	0.0893264	0.0025267	0.202186	0.00541936	0.0124028	0.0187032	0.00153144	0.102081	0.159905	0.0387833	0.0550204	0.0188079	0.00326494	0.00225302	
0.0410982	0.0497475	0.0137697	0.0460237	0.0150764	0.011988	0.0442925	0.19858	0.00366112	0.138726	0.069578	0.0211919	0.00964297	0.0178196	0.00358167	0.0121428	0.00702642	0.274011	0.010374	0.0116688	
0.0381931	0.0215097	0.0143037	0.336192	0.0591858	0.00565151	0.030013	0.0480088	0.0184861	0.0682535	0.05368	0.0302315	0.0234961	0.0228426	0.0253079	0.0314595	0.0627488	0.0802642	0.0151052	0.0150666	
0.0970099	0.00390559	0.0368774	0.0916557	0.0584421	0.00931714	0.010949	0.0319535	0.0955091	0.127339	0.0441179	0.0369864	0.0139566	0.0559489	0.168787	0.011478	0.028804	0.0463685	0.0120548	0.0185397	
0.199027	0.0153879	0.0402674	0.0950088	0.0336679	0.187214	0.0221511	0.0311469	0.035008	0.0759055	0.0510358	0.0381608	0.0105135	0.0499816	0.0414115	0.0245653	0.0114468	0.0104697	0.00906238	0.018569	
0.0851802	0.00540596	0.0333771	0.0787887	0.161751	0.0252669	0.0182232	0.182882	0.0202181	0.00993119	0.0273309	0.037009	0.0613421	0.0565889	0.0236365	0.0108077	0.0244429	0.117662	0.0159793	0.00417636	
0.0199236	0.0251161	0.0323445	0.0778	0.0308156	0.0492525	0.0154734	0.00486105	0.00524628	0.06756	0.0442831	0.0213731	0.00359167	0.0480164	0.00471043	0.0148967	0.454056	0.046404	0.0182258	0.0160493	
0.103833	0.00447636	0.0490109	0.0895801	0.0572362	0.0156541	0.00536768	0.0309816	0.0785119	0.0716243	0.0408846	0.034421	0.0633917	0.062483	0.18037	0.0134444	0.0307211	0.0419308	0.0122466	0.0138304	
0.0859362	0.031164	0.0109602	0.0700743	0.0284529	0.0373883	0.246899	0.0461847	0.032747	0.0555439	0.04658	0.0593917	0.00625156	0.0145026	0.0205438	0.0363939	0.0529377	0.0957578	0.0153945	0.00689626	
0.52735	0.033148	0.0131666	0.0228076	0.0218633	0.00526767	0.015021	0.0330596	0.0336076	0.0732306	0.0514049	0.0284526	0.00543966	0.0502965	0.0213694	0.0169719	0.00716714	0.00774579	0.0157492	0.0168814	
0.11593	0.0181227	0.0168093	0.294314	0.0270419	0.00532801	0.0282083	0.0178301	0.0571029	0.0525425	0.0494483	0.028009	0.014758	0.0909733	0.0469728	0.054363	0.0482543	0.0102816	0.0125891	0.0111214	
0.0272318	0.00334243	0.00856466	0.0245591	0.0271187	0.581482	0.0130794	0.0184703	0.017213	0.0574324	0.0553438	0.0243685	0.0228606	0.0393496	0.00818837	0.00770753	0.0411919	0.00272405	0.00385647	0.0159157	
0.0516638	0.00544221	0.0529047	0.108965	0.0181209	0.0249459	0.016566	0.0197457	0.028306	0.0254977	0.0561256	0.0279847	0.0151957	0.0628817	0.0199491	0.388066	0.0324756	0.0274049	0.00865034	0.00910832	
0.0828031	0.0299059	0.0151565	0.0242942	0.0244895	0.00427595	0.0266283	0.0847432	0.0220054	0.0428035	0.0177925	0.0362738	0.051373	0.0473039	0.0197283	0.0246442	0.0458661	0.363498	0.0168045	0.0196106	
0.110326	0.0250084	0.0342305	0.0939104	0.0297641	0.0409995	0.0160474	0.0167215	0.0256883	0.29365	0.0682106	0.0278319	0.00560016	0.0688914	0.00841486	0.032967	0.053967	0.0122096	0.0158256	0.0197362	
0.0234108	0.0487537	0.00612811	0.0228386	0.0115502	0.00159943	0.044619	0.151196	0.0068963	0.103829	0.035172	0.0208458	0.0155713	0.0195992	0.00679666	0.0105232	0.0215735	0.425663	0.0104675	0.0129664	
0.0996468	0.0028923	0.0142218	0.150071	0.0146826	0.00391066	0.0886989	0.00328317	0.195899	0.00604222	0.0145345	0.0177711	0.00120344	0.104455	0.165643	0.0376115	0.0530987	0.0209816	0.0033089	0.00204417	
0.0820652	0.00498141	0.0312936	0.0812229	0.38728	0.0548451	0.0161089	0.0133844	0.0464596	0.0179643	0.0294696	0.0291853	0.0375898	0.058636	0.0320924	0.00926377	0.037954	0.0178076	0.00824828	0.00414804	
0.117673	0.0236887	0.0165131	0.0736877	0.0440417	0.0468248	0.0100712	0.01165	0.0827804	0.0632761	0.0471349	0.243813	0.0342177	0.0549503	0.0369175	0.0157904	0.0143626	0.0449493	0.0130571	0.00460015	
0.0973996	0.0112561	0.0314094	0.0755999	0.0429768	0.0210121	0.0323391	0.0129407	0.34003	0.0364417	0.0116438	0.00703291	0.0183155	0.0638734	0.11	0.0196741	0.0176958	0.0272455	0.00779914	0.0153141	
0.0309783	0.0421133	0.00767669	0.0323272	0.00951952	0.0033324	0.0346006	0.0789135	0.0187927	0.0904287	0.0333111	0.0286661	0.016798	0.0292825	0.0145827	0.0182063	0.0467169	0.439641	0.00907823	0.0150338	
0.103946	0.0342993	0.0366411	0.0718783	0.0213478	0.0519148	0.0202919	0.0490123	0.0180619	0.385005	0.0337219	0.025851	0.00446581	0.0163781	0.00562131	0.0235641	0.0383702	0.0312151	0.0109313	0.017482	
0.0838832	0.367665	0.0278506	0.0581754	0.00665178	0.00383355	0.020112	0.0559187	0.0158672	0.0845548	0.0519186	0.027075	0.017091	0.0395195	0.00411566	0.0027893	0.0330249	0.095527	0.00222871	0.00219759	
0.0209799	0.0228575	0.0366932	0.0759253	0.0336612	0.0443427	0.0181179	0.00681986	0.00979467	0.0639474	0.0468272	0.0148256	0.00535081	0.0502874	0.0108922	0.0123331	0.447536	0.0433534	0.0184924	0.0169626	
0.512044	0.0317318	0.00874368	0.043955	0.0255384	0.00795747	0.0148538	0.0324034	0.0321301	0.0727448	0.0515644	0.0273503	0.00389471	0.0529865	0.0204066	0.0155327	0.00747876	0.0068903	0.015808	0.0159851	
0.0219809	0.0265205	0.0351573	0.0750034	0.0285179	0.0434738	0.0169922	0.0128139	0.00413426	0.0707514	0.0855791	0.0211455	0.00404978	0.0493362	0.00640151	0.0150103	0.395932	0.0520437	0.0184681	0.016688	
0.0309818	0.0374722	0.00581948	0.0371765	0.00857254	0.00219792	0.0333114	0.0772372	0.0179137	0.0914885	0.0365734	0.0258756	0.0182147	0.0308639	0.015721	0.0240522	0.0470495	0.431792	0.0124353	0.0152516	
0.0719893	0.0221264	0.115919	0.316396	0.0317693	0.00246099	0.00682555	0.021588	0.0517348	0.0566418	0.0416762	0.0100363	0.0221407	0.06262	0.0243787	0.0708443	0.042472	0.00753408	0.0164871	0.00435932	
0.0844754	0.0225599	0.134344	0.272841	0.0284122	0.00576864	0.0141638	0.0294408	0.0237802	0.0612229	0.0511419	0.0255281	0.0241842	0.0335171	0.0233994	0.0750989	0.0538189	0.0105902	0.0155927	0.0101199	
0.102169	0.00366186	0.0199449	0.158231	0.0119967	0.00327323	0.0759764	0.00306235	0.193952	0.00948562	0.00982429	0.0212085	0.0035241	0.100261	0.156795	0.0411486	0.0606246	0.0197901	0.00242874	0.0026419	
0.0362167	0.0390435	0.0106331	0.0192272	0.0197631	0.0035084	0.0325083	0.0989122	0.0162896	0.0748219	0.0222729	0.0260913	0.0287366	0.0369093	0.0143544	0.0185617	0.0387297	0.438642	0.0111785	0.0135992	
0.0571249	0.0267436	0.0401439	0.0735933	0.0463642	0.0442584	0.00446328	0.0443398	0.0249095	0.0148261	0.0455202	0.0431347	0.382274	0.029242	0.01132	0.00803734	0.0143241	0.0569188	0.0133662	0.0190955	
0.104999	0.0115373	0.0517853	0.0814716	0.0400662	0.0837325	0.0185462	0.0212093	0.0551636	0.0302944	0.0336853	0.0408077	0.0616209	0.0340232	0.203029	0.0365353	0.033887	0.032369	0.00978686	0.0154501	
0.0770124	0.00366848	0.0328488	0.0860315	0.389351	0.0550614	0.0171462	0.0130325	0.0446943	0.0172759	0.0289965	0.0290299	0.0306563	0.0592186	0.03092	0.00945475	0.0459192	0.0177615	0.00837811	0.00354311	
0.104096	0.0295215	0.0363652	0.0753626	0.00834133	0.0494057	0.018817	0.0191158	0.02395	0.379681	0.0634324	0.0312096	0.00958235	0.0328173	0.0150212	0.0125031	0.0399108	0.0188773	0.0122366	0.019754	
0.098351	0.0105864	0.0288127	0.107467	0.0462927	0.00349071	0.0365102	0.00356587	0.313913	0.0297881	0.0171221	0.0167442	0.0189554	0.0818418	0.112355	0.0107719	0.0167888	0.0228019	0.00894964	0.014891	
0.0363532	0.00813841	0.0320132	0.0679349	0.029253	0.430865	0.0168926	0.0184906	0.0193723	0.0569122	0.0520733	0.0302107	0.0259697	0.0442794	0.03812	0.0359269	0.0345302	0.00672358	0.00300042	0.0129408	
0.0198282	0.0471636	0.00808049	0.0160864	0.0135547	0.0021602	0.0448541	0.115279	0.0100737	0.125197	0.0313827	0.0201995	0.0106632	0.0173488	0.00676731	0.0112064	0.0329244	0.44434	0.010062	0.0128281	
0.0229062	0.0241726	0.0390283	0.0747076	0.0334548	0.0457408	0.0160353	0.00848858	0.00368275	0.065918	0.0336614	0.0205216	0.0043682	0.0512272	0.00517146	0.0155606	0.45831	0.0442542	0.0172651	0.015525	
0.520004	0.0330249	0.0104666	0.0254158	0.0245387	0.00724125	0.0171468	0.0320173	0.0319754	0.0743353	0.052379	0.0299632	0.00447355	0.0531032	0.0197532	0.0166809	0.00730541	0.00661089	0.0138269	0.0197372	
0.101392	0.00420924	0.0109508	0.068139	0.0082576	0.0588173	0.00588852	0.0402713	0.0322773	0.0794566	0.0503484	0.00940508	0.0226121	0.0526814	0.0226725	0.011151	0.0390779	0.0461816	0.0163644	0.319847	
0.136351	0.0117717	0.0574872	0.0678391	0.0262732	0.193357	0.0194764	0.00508796	0.0058209	0.0516954	0.0625082	0.0295932	0.0208677	0.0501718	0.0481975	0.151408	0.0110511	0.0237915	0.0139427	0.0133089	
0.105525	0.0230546	0.0361737	0.0736707	0.0234464	0.0535124	0.0158046	0.00260669	0.0112014	0.0307829	0.406368	0.0288937	0.0224017	0.0560651	0.00768428	0.0431156	0.0187256	0.00867941	0.0173221	0.014967	
0.113175	0.0299157	0.0314475	0.0726824	0.027542	0.0496288	0.0178096	0.0181769	0.0203757	0.385044	0.062132	0.0288686	0.00380774	0.0164595	0.00640263	0.0236264	0.0477163	0.0159166	0.0131683	0.0161053	
0.105032	0.00570664	0.0274821	0.11593	0.0308825	0.0102109	0.0469102	0.0153564	0.133631	0.0199326	0.0262828	0.0291157	0.00775065	0.059486	0.228851	0.0378768	0.0423651	0.0352796	0.00966087	0.0122571	
0.222896	0.00826951	0.0380987	0.11134	0.0200549	0.0282737	0.0193857	0.0209519	0.0389397	0.0192371	0.0480039	0.0336969	0.00730599	0.0612038	0.0325719	0.204428	0.0236538	0.0348215	0.0193464	0.00752116	
0.0189112	0.0238062	0.0359579	0.0759137	0.0354802	0.046561	0.0206611	0.00504076	0.0148231	0.0661304	0.0465557	0.0131872	0.00396694	0.0478586	0.011356	0.0125439	0.444022	0.0449894	0.0183316	0.0139031	
0.108633	0.00744815	0.027833	0.0735555	0.0292365	0.220644	0.023665	0.00301737	0.0528084	0.0366552	0.0430743	0.0409434	0.0340268	0.0597724	0.1259	0.0218138	0.0464468	0.0253457	0.00630549	0.0128757	
0.0945083	0.0027353	0.0427456	0.14433	0.00584045	0.016832	0.0301399	0.0146122	0.0595596	0.0341471	0.0452502	0.0325642	0.00856051	0.0681706	0.0463682	0.242069	0.0651546	0.0285562	0.0153567	0.00249983	
0.0515025	0.00529487	0.0497246	0.126309	0.0154113	0.0193361	0.0206473	0.0138484	0.0383461	0.0263113	0.0463795	0.0297479	0.0133852	0.0599917	0.0278519	0.34081	0.0736145	0.0298852	0.00617792	0.00542464	
0.173844	0.0138226	0.0367825	0.0567471	0.0372486	0.0541626	0.00434424	0.0176656	0.0934393	0.0158736	0.0357922	0.0462149	0.065042	0.130907	0.0738432	0.036061	0.0332379	0.0458481	0.0107782	0.0183454	
0.101958	0.00826327	0.0283245	0.111421	0.0292101	0.0107521	0.044399	0.0178285	0.127456	0.0209868	0.0278333	0.0332309	0.00955216	0.0559	0.239437	0.0312389	0.0442481	0.0346082	0.0104966	0.0128549	
0.0491923	0.0257887	0.0765208	0.359274	0.030083	0.0056352	0.0177873	0.0313304	0.0231453	0.0638996	0.0478639	0.0256094	0.025076	0.0307719	0.0233057	0.0634288	0.0621344	0.012244	0.0161219	0.0107877	
0.415179	0.0137479	0.0215483	0.043501	0.0201933	0.011797	0.021703	0.0259289	0.0405097	0.0621515	0.0537094	0.0324264	0.00537644	0.0636242	0.027434	0.0800156	0.0147478	0.0102441	0.0213046	0.0148583	
0.183594	0.0198054	0.0121199	0.081944	0.010616	0.00465613	0.0272165	0.0216116	0.0456659	0.0189836	0.0404582	0.0460641	0.0510096	0.0643624	0.0432006	0.0441427	0.0576637	0.195465	0.015082	0.0163393	
0.101407	0.0044766	0.0325282	0.116718	0.0377134	0.010787	0.0344811	0.0187532	0.123297	0.0235758	0.027321	0.0267477	0.0111865	0.0732411	0.24284	0.0177808	0.037165	0.0358204	0.00976053	0.0143991	
0.0256863	0.00340578	0.00775263	0.0235181	0.0258912	0.576638	0.0129349	0.0214864	0.0186117	0.058322	0.0529661	0.0252858	0.0237152	0.0419455	0.00964105	0.00921064	0.0386642	0.00273325	0.00458221	0.0170093	
0.0949206	0.0154842	0.0376455	0.0585738	0.0408229	0.0266488	0.0290776	0.00933065	0.367344	0.0498884	0.0286074	0.00598516	0.0216775	0.0493349	0.0611143	0.0262064	0.0166072	0.0322596	0.0121633	0.0163079	
0.0802713	0.035629	0.0272439	0.0687537	0.00327484	0.0319332	0.022818	0.211141	0.0212087	0.221653	0.0423495	0.0272829	0.00816354	0.0273385	0.0116648	0.00801891	0.0217306	0.0985965	0.0105743	0.0203538	
0.05144	0.00319243	0.0473402	0.121439	0.00789262	0.0140376	0.0198344	0.0181714	0.0413516	0.0417309	0.0530316	0.0299793	0.0135751	0.0556703	0.0274829	0.330332	0.0707444	0.0363996	0.0136723	0.00268264	
0.0270617	0.00630656	0.0164273	0.0200752	0.0266968	0.567532	0.0152461	0.020338	0.0167198	0.058223	0.0545544	0.023857	0.0201861	0.0424343	0.00801169	0.0128035	0.0405291	0.00389224	0.00313838	0.0159666	
0.0269805	0.019569	0.0403649	0.0887271	0.0248547	0.0410025	0.0151522	0.00553386	0.00649193	0.0575508	0.0520937	0.0284742	0.00592171	0.0514756	0.00718772	0.0587556	0.393126	0.0433209	0.0210179	0.0123996	
0.108639	0.0326695	0.0356056	0.0772531	0.0111951	0.0556801	0.0072991	0.017744	0.0191299	0.391512	0.065501	0.027428	0.00420539	0.029364	0.00573734	0.0216519	0.0452224	0.0144487	0.0115628	0.0181505	
0.102249	0.0280981	0.0359788	0.0262966	0.0321574	0.0474709	0.00232904	0.0285464	0.00953465	0.0201934	0.0511304	0.0300732	0.00799068	0.401901	0.00924364	0.0388849	0.0570213	0.0398813	0.0135711	0.0174474	
0.109467	0.031547	0.0384783	0.0786033	0.0250967	0.0514581	0.0183144	0.0489295	0.0178976	0.380388	0.0299797	0.0287082	0.0040545	0.0177543	0.0073345	0.0256734	0.0336247	0.0220781	0.0130465	0.0175662	
0.0652297	0.0300903	0.0217709	0.06712	0.0616703	0.0150861	0.0216484	0.270556	0.00597682	0.0456093	0.0182831	0.0285223	0.0437891	0.0390059	0.00966175	0.0163183	0.00730143	0.20167	0.0149002	0.0157894	
0.0575305	0.00527573	0.0186142	0.0212712	0.0279733	0.513309	0.0151184	0.0222054	0.0181804	0.0558878	0.056051	0.0302697	0.0212374	0.0480957	0.0090132	0.0166905	0.0391961	0.00463341	0.00419192	0.0152554	
0.0821311	0.00468703	0.0504808	0.10985	0.0199455	0.00872041	0.0141034	0.00920054	0.0244653	0.0467962	0.0626175	0.0187057	0.0185991	0.059257	0.00463911	0.386497	0.0290883	0.024863	0.0157221	0.00963151	
0.101862	0.0407108	0.0322116	0.070026	0.00422006	0.0367646	0.0188726	0.134047	0.0189025	0.277561	0.0457788	0.0276348	0.00768348	0.0289835	0.011179	0.00994815	0.0273855	0.0746515	0.0121602	0.0194172	
0.31737	0.0108814	0.0364823	0.0372497	0.0258994	0.0871108	0.0184523	0.0214933	0.0310055	0.0643446	0.0532253	0.0363134	0.00786986	0.0679901	0.036887	0.0896215	0.0152389	0.0109103	0.0208012	0.0108531	
0.0628719	0.0372794	0.00652042	0.0344385	0.0185825	0.00231728	0.0326421	0.147239	0.0101981	0.0681482	0.0294429	0.028393	0.0343892	0.0324811	0.0128312	0.0173488	0.0255816	0.369765	0.0131559	0.0163738	
0.0148985	0.0492536	0.00768573	0.0157295	0.00975352	0.00207971	0.0498471	0.121239	0.0103949	0.144575	0.0356909	0.0185759	0.00496046	0.015365	0.00728088	0.0101016	0.0287702	0.43115	0.0104583	0.0121913	
0.0305144	0.0314594	0.398306	0.0364437	0.0280835	0.0304344	0.00556986	0.0303203	0.0309357	0.0728683	0.0550705	0.0140799	0.0259195	0.0564728	0.0209037	0.0433269	0.0580172	0.011067	0.0139137	0.00629375	
0.017776	0.0157546	0.00509493	0.0990391	0.31245	0.00559373	0.026078	0.00599756	0.0408361	0.167618	0.0507054	0.0338663	0.0183768	0.0439714	0.0242558	0.0196502	0.0541414	0.034252	0.0128228	0.0117197	
0.0712141	0.00601821	0.0348749	0.0947708	0.00931393	0.0557173	0.0258285	0.00971897	0.0443884	0.0454742	0.0464868	0.0248547	0.0247515	0.0618743	0.0472675	0.0296138	0.304054	0.0436373	0.0160881	0.00405301	
0.524159	0.0288826	0.0154678	0.0274631	0.0255345	0.00454757	0.0159487	0.0311769	0.0331376	0.0738708	0.0561014	0.0281887	0.00595994	0.0474392	0.022091	0.0173478	0.00729151	0.00666656	0.0137524	0.0149726	
0.119197	0.0316753	0.0324328	0.0716606	0.0103972	0.0502232	0.00858963	0.0193649	0.0213837	0.38315	0.0638918	0.0279073	0.00505856	0.0286528	0.00578681	0.0273555	0.0462469	0.0151672	0.0138461	0.0180134	
0.0266549	0.00441326	0.016377	0.0194089	0.0268651	0.572114	0.0142418	0.0182782	0.0174143	0.056094	0.0533968	0.0263944	0.0237992	0.042678	0.00797882	0.0105617	0.0395641	0.00395096	0.00275045	0.0170645	
0.0448075	0.0235784	0.0187128	0.403551	0.0408811	0.00690161	0.0225828	0.0356241	0.0174959	0.0766163	0.0569305	0.0308642	0.0200593	0.0246406	0.0249033	0.0449411	0.0541859	0.0178814	0.0174261	0.0174164	
0.0990076	0.00652216	0.0225115	0.13767	0.0204558	0.00409473	0.0688178	0.00601574	0.175172	0.0103062	0.016726	0.024409	0.00378743	0.100233	0.187014	0.0346634	0.0508555	0.0235923	0.00242246	0.00572328	
0.0203979	0.0245409	0.0346805	0.0761838	0.031768	0.0464809	0.0164423	0.00655187	0.00525452	0.0644904	0.0445011	0.0208662	0.00414376	0.0518865	0.00542539	0.0167609	0.448838	0.0446837	0.0204847	0.0156184	
0.0923192	0.0363242	0.0323281	0.0679982	0.00797073	0.0345731	0.0190601	0.337482	0.0196006	0.139909	0.0198487	0.0194971	0.0106921	0.0258827	0.0138163	0.00881462	0.00698215	0.0773819	0.009237	0.0202824	
0.0585975	0.0358557	0.00574835	0.0524891	0.0256786	0.00144526	0.0348497	0.076678	0.026091	0.0818967	0.0361207	0.0255224	0.00511036	0.0431895	0.0222115	0.0127556	0.0905454	0.333162	0.0136155	0.0184374	
0.0149897	0.0440852	0.0053794	0.035495	0.00899163	0.00229679	0.0426673	0.0881136	0.0156586	0.181917	0.0498884	0.0227376	0.00696391	0.016626	0.0127865	0.0150953	0.0374692	0.37285	0.0125699	0.0134187	
0.0866201	0.355632	0.0265288	0.0605721	0.00615595	0.00402129	0.0207618	0.0570068	0.0194008	0.0811258	0.0570749	0.0253455	0.0192349	0.0426259	0.00356562	0.00307922	0.034811	0.0922981	0.00191872	0.00222101	
0.100395	0.0416796	0.0343341	0.0721045	0.00505587	0.0351474	0.00971673	0.347752	0.0195752	0.136415	0.0217178	0.0266468	0.00445369	0.0254263	0.00767367	0.0158122	0.0120485	0.055777	0.0111609	0.0171081	
0.107571	0.0244561	0.0359043	0.0278098	0.0330747	0.0521477	0.00308784	0.0241874	0.00928019	0.0178374	0.0524804	0.0251885	0.00658561	0.404765	0.00888497	0.041416	0.0583744	0.0367314	0.0166377	0.0135795	
0.529212	0.0334872	0.0135852	0.0234276	0.0247232	0.00645839	0.0147779	0.0330515	0.0293107	0.0742762	0.0529193	0.0283448	0.00406955	0.0471541	0.0194547	0.016183	0.00619402	0.00675514	0.0160124	0.0206032	
0.028139	0.00299561	0.00707585	0.0257605	0.0271978	0.574772	0.0119386	0.0194888	0.0169589	0.0595143	0.0547866	0.0247728	0.0206209	0.0420925	0.00907236	0.0103183	0.0403301	0.00303635	0.00334905	0.0177793	
0.0188764	0.0267827	0.0349151	0.0776819	0.0345299	0.0403089	0.0176793	0.00540043	0.00478585	0.0636079	0.047058	0.0216699	0.00408768	0.0528023	0.00470764	0.0144917	0.457462	0.0411651	0.0173087	0.0146781	
0.529464	0.0336569	0.011451	0.0245127	0.0247457	0.00476829	0.0142513	0.0312312	0.0314236	0.0716402	0.0549386	0.0255188	0.00465408	0.0532654	0.0192262	0.017363	0.00624028	0.00696916	0.0176016	0.0170775	
0.0506901	0.00838966	0.0493972	0.107831	0.0163332	0.0275098	0.0170311	0.0186655	0.0266667	0.0250619	0.0560886	0.0321886	0.0147561	0.0634659	0.0213455	0.386442	0.0310712	0.0326068	0.0067573	0.0077012	
0.0958136	0.0356244	0.0332112	0.0720947	0.0161413	0.0386591	0.0165368	0.353043	0.0199084	0.0788781	0.0181869	0.0184011	0.0259557	0.040005	0.0176327	0.0103937	0.00730577	0.0663082	0.013675	0.022225	
0.0273982	0.0156127	0.0392592	0.0851931	0.0274804	0.0393116	0.0205142	0.00693948	0.0215659	0.0534414	0.0469852	0.0186925	0.00486901	0.0554052	0.0215195	0.0338255	0.410076	0.0371157	0.0251856	0.00961007	
0.026585	0.0034115	0.00732296	0.0238449	0.0257475	0.579653	0.0116305	0.0169637	0.0181297	0.0571937	0.0563784	0.026252	0.0221453	0.0420367	0.00905604	0.00816484	0.0416543	0.00336333	0.0036997	0.0167669	
0.52671	0.0302088	0.0133111	0.0256221	0.0236641	0.00724665	0.0166356	0.0311126	0.0307208	0.0733831	0.0535116	0.0271879	0.00565009	0.0491456	0.021245	0.0189525	0.00799108	0.00736372	0.0130857	0.0172521	
0.114561	0.00301709	0.0379161	0.09345	0.0258873	0.00724202	0.0187442	0.0294234	0.025565	0.0334748	0.0550913	0.0301962	0.0212147	0.0599197	0.00550957	0.0710211	0.0709944	0.0431096	0.237825	0.0158383	
0.0151815	0.0484237	0.00463967	0.0340232	0.00811615	0.00237604	0.0447401	0.0950125	0.0140413	0.177685	0.0476513	0.0204074	0.00536249	0.0163305	0.00831418	0.0138829	0.0378179	0.379489	0.0105766	0.0159292	
0.500392	0.0333629	0.00714327	0.044015	0.0247359	0.00599021	0.0171117	0.0314116	0.0364836	0.0768224	0.050416	0.0251345	0.00429511	0.0518474	0.0234481	0.0164811	0.00810588	0.00662807	0.0170807	0.0190948	
0.0403557	0.0366196	0.0166759	0.0588695	0.0110486	0.00840136	0.0235757	0.0636619	0.017398	0.193418	0.0493228	0.025529	0.00397331	0.0276479	0.00615741	0.020923	0.0502571	0.315707	0.0128221	0.0176363	
0.101113	0.00200006	0.0186564	0.152287	0.0157476	0.0025332	0.0839885	0.00363985	0.180911	0.00701189	0.0136525	0.0223966	0.00193373	0.0975288	0.167144	0.0454352	0.0571324	0.0192254	0.00484714	0.0028155	
0.0841766	0.0289976	0.0330869	0.0791595	0.012333	0.0433723	0.127297	0.0263802	0.0271742	0.229091	0.0698572	0.0284944	0.00497434	0.0320712	0.012533	0.0279887	0.0516745	0.0554513	0.012774	0.0131134	
0.512766	0.0292035	0.00743542	0.0431847	0.0255009	0.0064155	0.0182974	0.0282445	0.0370929	0.0682374	0.0563692	0.0246614	0.00417016	0.0482566	0.0234776	0.0163835	0.00777118	0.00697591	0.0139064	0.02165	
0.0320439	0.0490326	0.0147461	0.0438249	0.0144409	0.00688546	0.0434063	0.152886	0.0102208	0.197139	0.0490369	0.0180127	0.00252366	0.00840922	0.00444088	0.0107964	0.0213061	0.296005	0.00844991	0.0163938	
0.0942448	0.0137004	0.0612017	0.0980109	0.0219594	0.0273669	0.00541996	0.0504915	0.00511332	0.0658362	0.0518449	0.0948151	0.0317019	0.0526768	0.0256433	0.150941	0.0796929	0.0483902	0.0183697	0.00257894	
0.0981471	0.00221291	0.0161995	0.152481	0.0126946	0.00375584	0.0881462	0.00176511	0.201777	0.00492565	0.01238	0.0189817	0.00116552	0.102044	0.163666	0.0391664	0.0565014	0.0185636	0.0028416	0.00258565	
0.109278	0.0302572	0.0337915	0.0720827	0.0233006	0.046719	0.0192147	0.0493459	0.0173217	0.39404	0.031128	0.0292804	0.00385455	0.0153677	0.00786358	0.0206636	0.0416331	0.0213618	0.0129254	0.0205703	
0.0889597	0.00754457	0.029209	0.120134	0.0327081	0.0166506	0.0430764	0.00637029	0.305181	0.0282683	0.0161953	0.0083467	0.0126557	0.0757495	0.117532	0.0234837	0.0236696	0.0239409	0.00820654	0.012117	
0.0502459	0.00804193	0.0457226	0.108072	0.0192346	0.0271946	0.016111	0.0195784	0.028121	0.0241194	0.0570698	0.0276128	0.0145107	0.0617052	0.0202482	0.387853	0.0319004	0.0277528	0.0153326	0.00957314	
0.141498	0.00691138	0.0163743	0.212499	0.0247951	0.00362317	0.0484538	0.00771178	0.138703	0.025934	0.0246454	0.0270392	0.00982616	0.10158	0.0937624	0.0434688	0.0483129	0.0112431	0.0067501	0.00686757	
0.0440843	0.00904071	0.0467555	0.110097	0.0211554	0.0251574	0.0165339	0.0239161	0.0259908	0.0246948	0.054625	0.0337559	0.0499403	0.0554834	0.0219701	0.365966	0.0281206	0.0252553	0.00785526	0.00960259	
0.0456649	0.00884639	0.0513723	0.117023	0.0175982	0.0233505	0.0229957	0.019875	0.0341996	0.0775487	0.0592993	0.0330051	0.00913479	0.0501515	0.024345	0.264485	0.0799242	0.035417	0.0178736	0.00788951	
0.0355728	0.0404857	0.0163917	0.0523093	0.0536357	0.0107879	0.0436448	0.201294	0.0131302	0.13891	0.0305652	0.00922006	0.0141906	0.0248265	0.0115679	0.00600259	0.00702532	0.264903	0.0110452	0.0144912	
0.0911558	0.0146559	0.0321669	0.0860521	0.0426507	0.0230804	0.0278476	0.0138184	0.326989	0.0405054	0.0118261	0.00656986	0.0168511	0.10069	0.0684131	0.027398	0.0174131	0.0266699	0.00972512	0.0155216	
0.124278	0.0067441	0.0257538	0.158292	0.0142121	0.0222018	0.0555842	0.0025915	0.11703	0.0236532	0.0275697	0.0408956	0.00360444	0.0845846	0.105375	0.0570478	0.0900484	0.0283172	0.00873713	0.00348069	
0.0193819	0.0461943	0.0135773	0.0627158	0.0204258	0.00225633	0.0438534	0.107621	0.0133405	0.155553	0.072284	0.021072	0.0092962	0.0186013	0.0108324	0.0156701	0.0363306	0.302056	0.0121276	0.0168099	
0.0623345	0.0266615	0.0400724	0.0686138	0.04611	0.0478104	0.0118954	0.0411795	0.0221382	0.0146535	0.0472166	0.040879	0.389437	0.0181145	0.0125577	0.00648824	0.0137535	0.0587103	0.014492	0.0168817	
0.0309162	0.0525217	0.0116803	0.039886	0.0127696	0.00831128	0.0466599	0.185998	0.00733305	0.169664	0.0451116	0.0167448	0.00288211	0.0076831	0.00437799	0.0108122	0.0152535	0.307125	0.0113429	0.0129269	
0.0415071	0.0142906	0.0318398	0.108053	0.0261946	0.0295898	0.0335657	0.00561284	0.0478576	0.0541326	0.042336	0.0533821	0.00495687	0.0603728	0.0408539	0.0400612	0.297496	0.0416812	0.0183922	0.0078232	
0.044733	0.0226207	0.136801	0.229579	0.0288801	0.00577606	0.0172462	0.0220919	0.0580773	0.0548738	0.0374428	0.026703	0.0154006	0.124357	0.032361	0.0566049	0.0548187	0.00954657	0.0148654	0.00722137	
0.0716974	0.00329824	0.0471122	0.116384	0.0156878	0.00569998	0.0128048	0.00999717	0.0228874	0.0397239	0.0569672	0.0197328	0.0197305	0.0562041	0.00477155	0.371441	0.0710692	0.0315342	0.0164331	0.00682344	
0.0212694	0.0440922	0.00752575	0.0185704	0.0114205	0.00185517	0.042431	0.0982575	0.012442	0.12249	0.040134	0.0178425	0.00688265	0.0180925	0.00865278	0.013511	0.0378781	0.453179	0.00837034	0.0151031	
0.525874	0.0292747	0.0116468	0.0232474	0.0271864	0.00667986	0.0159829	0.0306675	0.0294872	0.0726873	0.0574834	0.0290964	0.00381492	0.0543005	0.0179823	0.0166836	0.00756028	0.00881117	0.0134611	0.0180727	
0.524678	0.0304122	0.0118752	0.0306507	0.0235771	0.00589197	0.0172589	0.0263888	0.0296853	0.076841	0.0546303	0.0281012	0.00450887	0.0507228	0.0207539	0.0181133	0.00662139	0.00558985	0.0161782	0.0175206	
0.0310636	0.0414119	0.0129233	0.0212231	0.020236	0.00288907	0.0331333	0.102367	0.0151454	0.0757254	0.0228246	0.0254574	0.0251254	0.0352701	0.0116857	0.0198699	0.0392999	0.433492	0.0131107	0.0177465	
0.0841167	0.367177	0.0275999	0.0577575	0.006679	0.00309908	0.0191988	0.0566345	0.0157121	0.0847877	0.0543896	0.0234855	0.0163781	0.0401761	0.00423164	0.00278452	0.034048	0.096482	0.00245216	0.00281049	
0.026434	0.0049389	0.0175281	0.0192146	0.0273367	0.572102	0.0112239	0.016802	0.0173402	0.0574171	0.0576823	0.0251243	0.0232974	0.0393425	0.0085278	0.0122345	0.041691	0.00225541	0.0033519	0.0161553	
0.0941325	0.0412827	0.0288788	0.0697398	0.00957939	0.0322805	0.0181191	0.336282	0.0192537	0.135313	0.0186392	0.0197588	0.0112115	0.0302545	0.0109365	0.00774421	0.00692805	0.0766133	0.0100804	0.0229716	
0.0192774	0.0478715	0.00662861	0.014288	0.0120819	0.00159708	0.044892	0.118166	0.0104326	0.124811	0.032117	0.0184859	0.00726213	0.0181486	0.00805977	0.0110612	0.027577	0.453956	0.0100036	0.0132829	
0.137883	0.0165542	0.0553385	0.116127	0.0312361	0.00488658	0.0320232	0.0294754	0.0885348	0.0361734	0.0287132	0.088044	0.0373695	0.0723165	0.0604792	0.042116	0.0402315	0.0630632	0.0113281	0.00810683	
0.174748	0.00755133	0.0288807	0.14718	0.0126372	0.0242978	0.0479547	0.00298637	0.0964533	0.0318955	0.0362032	0.049352	0.00268678	0.0776376	0.0892816	0.0649646	0.0554107	0.030641	0.0139473	0.00529121	
0.12319	0.0166601	0.015871	0.289257	0.0269323	0.0066911	0.0275246	0.0224901	0.0527938	0.0544445	0.0485202	0.0280519	0.0124483	0.0912137	0.0477335	0.0500531	0.0484359	0.01059	0.0136819	0.0134167	
0.0903606	0.0290888	0.0367956	0.0780759	0.0468449	0.0461846	0.0107506	0.0436791	0.0214819	0.014865	0.043278	0.0459938	0.350734	0.0169467	0.0119936	0.00816097	0.0123775	0.061508	0.0142644	0.0166165	
0.0153401	0.0490206	0.00733823	0.0174692	0.0183473	0.0011091	0.0454062	0.100011	0.0112809	0.163093	0.0427273	0.0197113	0.00587661	0.0145001	0.00840109	0.0110658	0.0367078	0.407321	0.00981335	0.0154608	
0.107204	0.0286982	0.0384649	0.0758783	0.0116431	0.0512945	0.00796549	0.0170861	0.0212814	0.385565	0.0596558	0.0282078	0.00357133	0.0324271	0.0077297	0.0276938	0.0478308	0.0128392	0.0141225	0.0208412	
0.116622	0.0306609	0.0358565	0.0753763	0.0114585	0.05378	0.00955826	0.0171475	0.019761	0.38998	0.0594458	0.0262395	0.00431843	0.0300441	0.00599969	0.0267864	0.0411715	0.0150988	0.0133101	0.0173847	
0.0819142	0.362399	0.0254575	0.0585474	0.00615054	0.00456125	0.0211714	0.0567967	0.0196351	0.0807353	0.0525017	0.024472	0.017753	0.039387	0.00444467	0.00330608	0.037382	0.0976105	0.00306297	0.00271177	
0.101819	0.00412003	0.0121629	0.0666987	0.00979211	0.0575251	0.00573621	0.035713	0.0328147	0.0812057	0.0521494	0.00911051	0.0282794	0.0492598	0.0195508	0.0107375	0.0439638	0.0528658	0.0166625	0.309833	
0.13617	0.0244931	0.0626401	0.138285	0.0351975	0.00484296	0.02738	0.0581308	0.0206151	0.062296	0.0435448	0.0374887	0.0388332	0.0247923	0.0308385	0.0472802	0.0501639	0.130958	0.0127518	0.0132984	
0.0429291	0.0279926	0.0179693	0.407499	0.0440383	0.00723046	0.0226514	0.0273077	0.0168955	0.068795	0.0532032	0.0307926	0.0179455	0.0260884	0.0255471	0.0567171	0.0585302	0.0166562	0.017028	0.0141836	
0.050406	0.00349581	0.0512486	0.110487	0.0102382	0.0238409	0.0170775	0.0212227	0.0281373	0.0420733	0.0613783	0.0299012	0.013775	0.0621373	0.0209209	0.374819	0.0292287	0.0304024	0.0148066	0.00440321	
0.100027	0.00342742	0.0242103	0.163572	0.0126039	0.0129154	0.0669108	0.00126126	0.16294	0.0143011	0.0168299	0.0278475	0.00297562	0.096611	0.134012	0.059252	0.0703863	0.0226061	0.00466836	0.00264329	
0.506321	0.0286535	0.00873175	0.0478751	0.0269111	0.00647831	0.0188527	0.0283173	0.0330882	0.0721767	0.0513056	0.0270563	0.00575957	0.0499607	0.0236314	0.0186426	0.00820903	0.00791408	0.0126348	0.0174804	
0.0929775	0.0251973	0.110454	0.301979	0.0281508	0.0054732	0.0156659	0.0272087	0.0266512	0.0642949	0.044504	0.0244877	0.0260185	0.0332129	0.0246555	0.0692771	0.0481036	0.0115366	0.011963	0.00818861	
0.121302	0.0244198	0.0339745	0.102927	0.0344547	0.0372289	0.0267385	0.00832637	0.0479164	0.0566024	0.0452823	0.0136951	0.00761747	0.0622315	0.0402869	0.0132124	0.238066	0.0554085	0.014193	0.016116	
0.0975676	0.0298522	0.0340579	0.0785303	0.0282313	0.0559368	0.0161478	0.00221796	0.00880869	0.0607877	0.392696	0.0303115	0.0167019	0.0457941	0.00858214	0.0365437	0.0191986	0.00845674	0.0141612	0.0154164	
0.114662	0.0282202	0.0132027	0.0767662	0.038248	0.0511597	0.00908438	0.0160299	0.0121371	0.072219	0.0583825	0.294781	0.038581	0.0518909	0.0253258	0.0176344	0.0161227	0.0452937	0.0156975	0.00456089	
0.0138827	0.0530914	0.00472614	0.0262442	0.0069814	0.00105552	0.0549313	0.153638	0.00501349	0.152108	0.0435661	0.0144405	0.00388405	0.0100544	0.00326299	0.00835292	0.016352	0.407604	0.0086141	0.0121969	
0.055152	0.033242	0.014192	0.0453753	0.0445162	0.00611691	0.0288156	0.222582	0.00409649	0.05732	0.0202217	0.0269693	0.0391568	0.0343146	0.00658185	0.011515	0.00773869	0.316703	0.0122101	0.0131798	
0.100336	0.0297283	0.036384	0.0753631	0.0247951	0.0580889	0.0179721	0.00225187	0.00792012	0.0629822	0.385761	0.0267695	0.017031	0.0442899	0.0111192	0.0384532	0.0185868	0.0105014	0.0145274	0.017139	
0.0243	0.0232543	0.0406233	0.0740279	0.0377765	0.0403501	0.0164661	0.00508855	0.0127077	0.0633208	0.0467841	0.0141124	0.00302709	0.0514774	0.0109253	0.0130723	0.449177	0.0403037	0.0194552	0.0137499	
0.026494	0.00229638	0.00691146	0.0252784	0.0278029	0.580569	0.0112446	0.0203954	0.0193831	0.0551654	0.0523344	0.0249967	0.021949	0.0406919	0.0093239	0.00951249	0.0411529	0.00405519	0.00306504	0.0173776	
0.204014	0.00329526	0.0425385	0.106907	0.00708641	0.0310864	0.0240881	0.0165	0.0404141	0.0438851	0.0536566	0.0346908	0.00656432	0.0706421	0.0326062	0.203787	0.0226578	0.0310216	0.021274	0.00328506	
0.0780033	0.0181429	0.0411032	0.0865974	0.0420814	0.0627372	0.00444384	0.0396444	0.0410945	0.146637	0.057307	0.0379865	0.0797144	0.0585252	0.0627211	0.0528745	0.0106302	0.0458351	0.0171583	0.0167629	
0.0957444	0.0106789	0.0498659	0.0838357	0.0489731	0.0939806	0.022606	0.0340383	0.0364812	0.0536245	0.0195915	0.033465	0.0397222	0.0520111	0.241921	0.00958588	0.0185409	0.0324344	0.00556084	0.0173383	
0.061458	0.00563944	0.0310241	0.0912235	0.306391	0.0296951	0.0168381	0.0100962	0.0497785	0.108215	0.0537281	0.0338154	0.0224859	0.0535651	0.0275995	0.010208	0.0514812	0.0227047	0.00997854	0.00407387	
0.0177343	0.0502834	0.00445736	0.0279298	0.00646422	0.00168314	0.0402226	0.0973466	0.0124651	0.135008	0.0450866	0.0201386	0.00694785	0.0201434	0.0080034	0.0137821	0.0355738	0.431601	0.00989637	0.0152325	
0.0257726	0.0508096	0.0105886	0.0311575	0.0207547	0.00520825	0.0476272	0.206047	0.00335061	0.128817	0.0365292	0.0164041	0.00795291	0.0160108	0.00310802	0.00789786	0.00675891	0.354238	0.00904954	0.0119171	
0.101668	0.0285432	0.0372899	0.0247588	0.0325348	0.0495063	0.00287036	0.0282689	0.00949289	0.018815	0.0488198	0.0294052	0.00550208	0.407072	0.00829616	0.040343	0.0569525	0.0364912	0.0170294	0.0163406	
0.0276298	0.00399523	0.0157128	0.019733	0.0275848	0.572878	0.0142389	0.0185419	0.0164391	0.0549207	0.0549751	0.024536	0.0201988	0.0439642	0.00838345	0.0119646	0.0404859	0.00327368	0.00281506	0.0177287	
0.0217326	0.0263642	0.0358146	0.076534	0.0338043	0.0438983	0.0167312	0.00903571	0.00473269	0.0642564	0.0340126	0.0218067	0.00405303	0.0518453	0.00531084	0.0164214	0.451209	0.0484436	0.0181868	0.0158071	
0.493208	0.0288881	0.00719203	0.0478574	0.0255795	0.00752701	0.0155381	0.0298127	0.0365457	0.0690622	0.0612985	0.025573	0.00511326	0.0560667	0.0229018	0.0179482	0.00860439	0.00706964	0.0182947	0.0159196	
0.0578045	0.00792251	0.0195518	0.0219742	0.0231171	0.521142	0.0124926	0.0179006	0.017888	0.0600916	0.0551876	0.028324	0.0235451	0.044675	0.00911888	0.0199518	0.0388012	0.00409182	0.00316795	0.0132516	
0.524811	0.0343774	0.0129891	0.0253493	0.0233628	0.00404919	0.0147166	0.0326588	0.0340082	0.0728185	0.0509814	0.0272401	0.00447025	0.0525025	0.019234	0.0187236	0.00581027	0.00818747	0.0165449	0.0171651	
0.0468801	0.0304333	0.0453103	0.0819955	0.0486217	0.050372	0.00620441	0.0359067	0.0256574	0.0181934	0.0525827	0.037779	0.32794	0.0302998	0.0123321	0.0137337	0.054732	0.0474581	0.0142236	0.019344	
0.0658471	0.00838195	0.0269814	0.0831895	0.410123	0.0438509	0.0186262	0.0370258	0.0479971	0.0242261	0.00540283	0.0317492	0.0325828	0.0541198	0.0303614	0.00294875	0.0356509	0.031345	0.00200328	0.00758708	
0.0342605	0.0075027	0.0468383	0.114371	0.0165904	0.00315746	0.015786	0.0191081	0.0314877	0.0410348	0.0572471	0.0310559	0.0389866	0.054727	0.0175523	0.395711	0.0441925	0.00841028	0.0163629	0.00561722	
0.067045	0.0427497	0.0354278	0.0751558	0.0743103	0.0314195	0.141598	0.0626803	0.0319557	0.0932586	0.0539627	0.0060981	0.0168595	0.0351851	0.0267374	0.00454279	0.0370255	0.11804	0.0123612	0.0335874	
0.079997	0.00500796	0.0373233	0.217792	0.0147365	0.00232504	0.0431389	0.0101409	0.102468	0.0266839	0.0303611	0.0284738	0.0031095	0.0766418	0.0818809	0.11494	0.0949921	0.0114765	0.0124294	0.00608132	
0.0418148	0.0259713	0.0175193	0.405125	0.0408783	0.00557621	0.0205791	0.0335927	0.0164844	0.0805548	0.0579744	0.0324494	0.0215563	0.0253601	0.0195479	0.0503861	0.0572383	0.0170754	0.0152064	0.0151101	
0.111112	0.0307955	0.0315085	0.0733675	0.0225712	0.0514767	0.020977	0.0190642	0.0198627	0.382826	0.06403	0.0329314	0.00338579	0.015152	0.00733842	0.0228647	0.0430131	0.0153791	0.0131504	0.0191938	
0.0918927	0.0257142	0.033968	0.0864562	0.0859068	0.0477669	0.00952053	0.0149813	0.0260424	0.298388	0.0668382	0.0292723	0.00553928	0.0363879	0.00886731	0.0284512	0.0551498	0.0178151	0.0158338	0.0152078	
0.0847173	0.0147856	0.0473793	0.235985	0.0359016	0.0092433	0.0280904	0.00485324	0.151173	0.0444738	0.0316341	0.00733822	0.0125416	0.139035	0.0524337	0.0408773	0.0219863	0.0150319	0.0135415	0.00897804	
0.0911503	0.0317406	0.0340754	0.0723043	0.0218614	0.0523309	0.02078	0.0439263	0.0145693	0.268322	0.148641	0.0264578	0.00361637	0.0133998	0.00618484	0.023917	0.0508757	0.0434903	0.0144677	0.0178887	
0.109329	0.034388	0.0379424	0.072762	0.0071044	0.038945	0.00812321	0.122412	0.0163254	0.304661	0.0464216	0.0334476	0.00442662	0.0278616	0.0053889	0.0227333	0.028396	0.0477747	0.012892	0.0186645	
0.0354682	0.0216782	0.355556	0.0251551	0.0250663	0.0949651	0.00469839	0.0290396	0.0299727	0.0704235	0.0531634	0.0128778	0.0257705	0.0567944	0.0338744	0.0381427	0.0582341	0.0105605	0.0133886	0.00517097	
0.110344	0.0312615	0.0354322	0.0784629	0.0266459	0.050546	0.0211849	0.0170164	0.018866	0.383887	0.0633172	0.02854	0.00299213	0.0145447	0.00808276	0.0228284	0.0422535	0.0138424	0.0123614	0.0175912	
0.509437	0.031032	0.00931531	0.046461	0.0246132	0.00544769	0.0148155	0.0268631	0.0342378	0.070161	0.0528601	0.0297007	0.00466646	0.0516317	0.0234758	0.0158123	0.00713146	0.00927325	0.0144545	0.0186099	
0.0526729	0.0149556	0.0630318	0.224804	0.0299358	0.00368196	0.0241917	0.0116201	0.188197	0.037727	0.0263987	0.0166285	0.0118738	0.1199	0.0619145	0.0491422	0.0347722	0.00769024	0.0137786	0.00708334	
0.0920103	0.0148548	0.0466277	0.194564	0.0463253	0.0166601	0.00800313	0.0171091	0.174678	0.0584679	0.0384376	0.026753	0.00715638	0.114903	0.0303034	0.0365187	0.0253015	0.0232929	0.0133282	0.0147045	
0.0330597	0.00746541	0.0286316	0.0305569	0.0281536	0.509574	0.0167372	0.017187	0.0208367	0.0506147	0.0510301	0.0279083	0.0221421	0.0438645	0.028051	0.0286414	0.0328586	0.00411543	0.00498795	0.0135834	
0.0883287	0.0439858	0.0311155	0.0726687	0.00943864	0.037224	0.0204426	0.292012	0.016881	0.136634	0.0205381	0.0516418	0.014126	0.0330289	0.0141561	0.0105508	0.00763874	0.0727521	0.012531	0.014306	
0.0996796	0.00314245	0.0241323	0.178454	0.01617	0.0108985	0.066804	0.00103135	0.169097	0.00879687	0.0152057	0.0248628	0.00428674	0.102937	0.14073	0.0441429	0.0611667	0.0208528	0.00354772	0.00406154	
0.102297	0.00671468	0.0346232	0.143512	0.0289114	0.0264715	0.0335023	0.00762176	0.167836	0.0127636	0.0224981	0.026801	0.00912656	0.137071	0.127434	0.0348674	0.0401578	0.0204759	0.00713003	0.0101845	
0.111623	0.0290673	0.0364935	0.0706457	0.0141028	0.0530657	0.00695173	0.0177938	0.0198122	0.386806	0.060514	0.0317204	0.00294404	0.0321279	0.00632169	0.0259032	0.0501777	0.0131687	0.0140775	0.0166825	
0.0178962	0.05338	0.00763159	0.0331959	0.00917674	0.00233693	0.0451465	0.120576	0.00796075	0.141413	0.0577789	0.0173263	0.00228648	0.00647291	0.00387455	0.0116573	0.0303036	0.409883	0.0100879	0.0116158	
0.168744	0.0159915	0.0146233	0.247281	0.0251297	0.00587457	0.0297019	0.0175487	0.061259	0.0492467	0.0466402	0.0267335	0.0148853	0.0948672	0.0535071	0.0482027	0.042871	0.0117775	0.0144116	0.010703	
0.0242433	0.0538942	0.00906411	0.0295738	0.00822319	0.00335147	0.0787232	0.156343	0.00633234	0.132644	0.0415443	0.0179781	0.00162152	0.0115418	0.00320861	0.00952091	0.0174115	0.377246	0.0081999	0.00933402	
0.100467	0.0226204	0.0355231	0.0317063	0.0383996	0.0500225	0.00341382	0.0258441	0.0105016	0.0184526	0.0490438	0.0264937	0.00496282	0.405864	0.00805611	0.0375882	0.0605897	0.038083	0.0180164	0.014351	
