0.0464741	0.0131457	0.0889015	0.0359138	0.0242886	0.0441801	0.0321234	0.0346809	0.204803	0.0890644	0.0102475	0.00691957	0.0245448	0.0151551	0.0122073	0.0378167	0.121826	0.0671088	0.0375067	0.0530919	
0.0563415	0.0128332	0.091888	0.0696123	0.0202082	0.0408619	0.0255054	0.0288958	0.0481462	0.31468	0.0167733	0.0435861	0.0103552	0.0253752	0.0144715	0.0387825	0.0529344	0.0180741	0.0305812	0.0400936	
0.0163718	0.0148454	0.0232067	0.0446454	0.0162275	0.00484822	0.0312236	0.0445319	0.0508144	0.0198391	0.0248186	0.0367519	0.0529025	0.0331257	0.0291487	0.0356022	0.0453756	0.380606	0.0424547	0.05266	
0.0495057	0.0148109	0.0916419	0.0703732	0.0130248	0.0412179	0.0138715	0.0205435	0.0455247	0.33048	0.0266978	0.0425797	0.0099659	0.0401683	0.0143267	0.0345228	0.0516668	0.0170189	0.0294478	0.0426111	
0.0549362	0.0161431	0.0770525	0.0727274	0.0113691	0.038087	0.0230245	0.0350335	0.0495899	0.313936	0.0173691	0.0450715	0.0154493	0.0432318	0.0311269	0.0240639	0.0515368	0.0211075	0.0140228	0.0451209	
0.0474316	0.0131033	0.180341	0.0282057	0.0289713	0.197377	0.0294745	0.0353819	0.0597667	0.0583915	0.0242945	0.0371949	0.0249193	0.013057	0.0192492	0.0336583	0.0431563	0.0622765	0.0173056	0.0464434	
0.0499842	0.017887	0.027798	0.243287	0.0255262	0.0146571	0.0232365	0.048338	0.0319515	0.100576	0.0260775	0.0332664	0.022624	0.110009	0.0398854	0.0360344	0.0399949	0.029273	0.0266483	0.0529468	
0.049872	0.00684894	0.0793859	0.0756502	0.0259334	0.00982099	0.0303158	0.0201239	0.0506979	0.0913071	0.0258477	0.0294045	0.0342112	0.0434992	0.00416325	0.262841	0.0239737	0.0584417	0.0395886	0.0380724	
0.0692855	0.023925	0.0743841	0.147715	0.0112589	0.0261709	0.0239817	0.0568846	0.0512189	0.141956	0.0294327	0.0326915	0.0154049	0.0496283	0.0533756	0.0478825	0.0328383	0.0352388	0.0239099	0.0528169	
0.0508629	0.00334051	0.062332	0.0646798	0.0253316	0.0087888	0.0222621	0.0457668	0.0417334	0.0598501	0.0188877	0.0440514	0.0461236	0.0349963	0.00572009	0.0202517	0.0483506	0.0676483	0.28763	0.041392	
0.0661752	0.0179416	0.066343	0.0865328	0.0270429	0.0336706	0.0244338	0.027604	0.0437758	0.178672	0.0248759	0.0442075	0.00877666	0.108712	0.0242378	0.0361022	0.0471554	0.0463717	0.0292496	0.058119	
0.0431753	0.0211361	0.0306087	0.252145	0.0293374	0.0128191	0.0296481	0.0508461	0.0742891	0.0944668	0.0237046	0.0317552	0.0324459	0.0304588	0.0474766	0.0404102	0.0346174	0.0337302	0.0317415	0.0551882	
0.0457169	0.0157159	0.0604537	0.0573632	0.0265765	0.0348212	0.0153554	0.0244981	0.0137096	0.0899434	0.0208132	0.313068	0.0407159	0.0481495	0.0272501	0.0188145	0.0308554	0.0537776	0.0398455	0.0225562	
0.0752615	0.0249784	0.060421	0.101763	0.0268225	0.00827609	0.0293085	0.0453451	0.0770201	0.077333	0.0220318	0.0346715	0.0192811	0.0440103	0.196906	0.0119461	0.0103797	0.0637634	0.0105868	0.0598938	
0.0213305	0.0114285	0.0729852	0.0581419	0.0292566	0.0326202	0.0303328	0.0377219	0.0334801	0.106457	0.0121405	0.0397624	0.0111667	0.0381361	0.00772617	0.0219481	0.27942	0.0664056	0.0431236	0.0464168	
0.0477392	0.00834951	0.0780096	0.0457291	0.0261125	0.315491	0.0266447	0.0416637	0.0491783	0.0944746	0.0209437	0.0374988	0.0228035	0.0402514	0.00527234	0.015572	0.0394223	0.0246354	0.0146167	0.0455918	
0.0428819	0.00316147	0.155419	0.0715134	0.0505109	0.0349083	0.0202302	0.0447676	0.0461384	0.0787314	0.021635	0.0825523	0.0386249	0.0392175	0.0338008	0.0297154	0.0533833	0.0982368	0.0406131	0.0139582	
0.014157	0.013695	0.0234146	0.048603	0.0153703	0.00482154	0.0301292	0.0472858	0.0533493	0.0212633	0.0228723	0.0372042	0.0553301	0.0306445	0.0310094	0.0322552	0.0460716	0.384598	0.0413986	0.0465268	
0.0349316	0.0106228	0.322028	0.0212385	0.0248691	0.0898961	0.011073	0.0366118	0.0586952	0.093644	0.0219585	0.0268417	0.0339595	0.0357808	0.0155815	0.0373901	0.0476555	0.0213002	0.0300527	0.0258692	
0.0162789	0.0144489	0.0227205	0.0423008	0.0166118	0.00504473	0.0312127	0.0495381	0.0492918	0.0196457	0.0225461	0.0332104	0.050823	0.0343488	0.0286566	0.0346203	0.0470729	0.387388	0.0417338	0.052506	
0.0699422	0.00622526	0.19937	0.0606657	0.0264129	0.0678426	0.023774	0.0378939	0.0512485	0.099864	0.0203256	0.0354126	0.0260777	0.038891	0.00879312	0.0705316	0.0589335	0.0194841	0.0314687	0.0468431	
0.054198	0.0130053	0.0887884	0.0681859	0.0196456	0.040628	0.0215895	0.020408	0.0446731	0.32032	0.0255178	0.0448302	0.0129806	0.0261076	0.0153329	0.03916	0.0555115	0.0187552	0.0291722	0.0411897	
0.0307762	0.0158159	0.0730511	0.0693423	0.0266678	0.0253215	0.0349377	0.0373926	0.063234	0.0552255	0.0245906	0.0415192	0.0205865	0.0463096	0.0166461	0.168613	0.115975	0.069504	0.0114839	0.0530076	
0.0358039	0.0178502	0.140488	0.166156	0.0299173	0.00988399	0.0235162	0.0492886	0.03091	0.0915059	0.0245513	0.0498842	0.0386517	0.0202963	0.0355079	0.0421086	0.0407445	0.0720606	0.0401075	0.0407674	
0.0538857	0.0103115	0.0771432	0.0712556	0.0208872	0.0290941	0.0236383	0.0229878	0.0531672	0.100234	0.0193547	0.0908554	0.0512521	0.0460522	0.0315442	0.0360069	0.127497	0.0448705	0.0409213	0.049041	
0.0790948	0.0259365	0.0704205	0.104728	0.0152722	0.0191281	0.014149	0.0359514	0.0558126	0.169021	0.0298164	0.0366322	0.00867107	0.0463318	0.112676	0.0254621	0.0288167	0.0500617	0.0167863	0.0552322	
0.191044	0.0185066	0.0646196	0.114289	0.0306635	0.0114603	0.0267299	0.0443762	0.050232	0.0910576	0.0256601	0.0347662	0.0077632	0.0407778	0.0343723	0.0289439	0.0556631	0.0331445	0.0397967	0.0561338	
0.0960359	0.0216685	0.073252	0.139335	0.0291863	0.0495807	0.0293812	0.0422674	0.0565091	0.0237622	0.0726944	0.0395513	0.0291754	0.0477138	0.0479993	0.0350544	0.0410612	0.0504641	0.0217991	0.0535085	
0.290068	0.0172595	0.0536866	0.0529701	0.0338986	0.0100465	0.028154	0.0532486	0.0455425	0.0849262	0.0232782	0.0299124	0.00795972	0.0439353	0.0468224	0.0223403	0.0163459	0.0439275	0.0365612	0.059117	
0.0563094	0.0108355	0.0726052	0.0748922	0.0250375	0.0254484	0.0236042	0.0515886	0.0441043	0.0890671	0.0202635	0.119767	0.050434	0.0498166	0.0361664	0.0414278	0.078343	0.054696	0.0343112	0.0412817	
0.053323	0.00390756	0.0769388	0.07137	0.0135436	0.0270987	0.0254881	0.0365946	0.0609716	0.0887573	0.0195085	0.0544052	0.0835925	0.0413458	0.0267827	0.075253	0.0896903	0.0543227	0.0404695	0.0566366	
0.0957364	0.0106847	0.112424	0.0355126	0.026372	0.25068	0.023273	0.0381477	0.0485517	0.0945109	0.0203979	0.0367455	0.0155407	0.0393879	0.00445087	0.0289096	0.0380959	0.0239375	0.0100417	0.0465996	
0.0479079	0.0107242	0.108596	0.0333432	0.0255304	0.306119	0.0258355	0.0424683	0.050431	0.0877358	0.0202145	0.0420446	0.0231936	0.0342866	0.00372467	0.023204	0.0398924	0.0246451	0.00848122	0.0416218	
0.0850684	0.0305689	0.0690314	0.112632	0.0268698	0.00746579	0.0251378	0.0688147	0.0419859	0.0888679	0.0291785	0.0283034	0.0150396	0.0465136	0.153845	0.0290081	0.0100308	0.0543461	0.0140839	0.0632081	
0.0523863	0.0119552	0.0889894	0.0711933	0.0142941	0.0431294	0.0142979	0.0190197	0.047158	0.326411	0.0210071	0.0404053	0.0108632	0.0395329	0.0131184	0.0399716	0.0508201	0.0184386	0.0322598	0.0447491	
0.0490863	0.0125252	0.0822319	0.0732346	0.0268647	0.0318383	0.0260579	0.0219218	0.0485064	0.258931	0.0243589	0.0475174	0.0514556	0.0231241	0.0135157	0.0459377	0.0580167	0.0187557	0.0413681	0.0447525	
0.0756723	0.0253885	0.07643	0.0940858	0.0251075	0.0201252	0.0282997	0.034403	0.0606607	0.136978	0.0312728	0.0379062	0.00988616	0.0301775	0.138378	0.0296086	0.0244558	0.0457951	0.017971	0.0573976	
0.0555314	0.0177873	0.0744977	0.0799482	0.0266654	0.0193674	0.00594671	0.0444349	0.050081	0.0781868	0.0221033	0.101597	0.0463931	0.0997762	0.0873101	0.0249486	0.0446835	0.0635841	0.0270198	0.0301375	
0.0695683	0.0208563	0.0763225	0.0832927	0.0250323	0.0837481	0.0329274	0.0498668	0.0629942	0.100285	0.0292113	0.0411629	0.0220094	0.0472807	0.05051	0.0301881	0.0460829	0.0544467	0.0198099	0.054404	
0.0448911	0.0065183	0.12664	0.0397651	0.0262027	0.283019	0.0265593	0.0412036	0.0510743	0.0884422	0.0200933	0.0377789	0.0263748	0.0338751	0.0058116	0.0189996	0.0398237	0.0252583	0.0147253	0.0429436	
0.0657896	0.0163379	0.0485714	0.0732236	0.0187306	0.0165627	0.0347414	0.106618	0.0575166	0.100909	0.00678969	0.0123927	0.026995	0.0371016	0.0305424	0.0139488	0.0625757	0.178189	0.0344029	0.0580612	
0.0383657	0.0213803	0.0856972	0.117392	0.0265187	0.00933345	0.025563	0.0506223	0.10962	0.086424	0.0247885	0.0391506	0.0296782	0.0507619	0.0559778	0.0312392	0.0397973	0.0741477	0.034725	0.0488174	
0.160129	0.0204221	0.0313721	0.0736444	0.0316532	0.0104789	0.0272517	0.0580292	0.0518818	0.0846487	0.0275844	0.0367567	0.0683817	0.0449246	0.0618529	0.0205692	0.0219253	0.0758831	0.0303827	0.0622278	
0.0344993	0.0114289	0.373633	0.0244029	0.0254208	0.0328445	0.00967492	0.0384399	0.0502271	0.100635	0.0222841	0.0217947	0.0333518	0.0407559	0.0201445	0.0380305	0.0440945	0.0183175	0.0311444	0.0288766	
0.0609322	0.0154543	0.0746245	0.067965	0.0308326	0.031623	0.0256308	0.0274044	0.0524188	0.207027	0.0263379	0.0446023	0.0126959	0.021467	0.0168713	0.0403652	0.055369	0.0952725	0.0401445	0.0529621	
0.273393	0.0187839	0.0416453	0.0521711	0.0331902	0.00815783	0.0319801	0.0601867	0.0443108	0.0815303	0.0243955	0.0301429	0.00628534	0.0412013	0.0493555	0.0201847	0.0142145	0.0739065	0.0365542	0.05841	
0.0609376	0.0160233	0.0329782	0.0679208	0.0255888	0.0290594	0.261897	0.0544281	0.0544109	0.0530783	0.022228	0.0178199	0.0117729	0.0153568	0.0248599	0.0410543	0.0550081	0.0761991	0.03318	0.0461982	
0.0246842	0.0123032	0.0726841	0.0628573	0.026908	0.0310213	0.0317881	0.0281531	0.0607473	0.100976	0.0157187	0.0224097	0.0106205	0.0369933	0.0149716	0.0158724	0.279677	0.0620975	0.0399358	0.0495813	
0.0161513	0.0149648	0.0278403	0.0368684	0.0178192	0.00488727	0.0286188	0.0463831	0.0495807	0.0149018	0.0244602	0.0378455	0.0580408	0.0332917	0.0269547	0.0330381	0.0450763	0.393562	0.042369	0.0473457	
0.0510923	0.0120591	0.0879418	0.0675352	0.0148438	0.0412328	0.0136456	0.0198718	0.0458739	0.325159	0.0232806	0.0475857	0.0108852	0.0388485	0.0161051	0.0361619	0.0525727	0.0186869	0.0334085	0.0432091	
0.0641918	0.0154651	0.0607393	0.0758779	0.0296276	0.00733049	0.0164785	0.0505095	0.0595507	0.0538075	0.0253009	0.0499694	0.041676	0.0427027	0.207866	0.0147843	0.0311209	0.0770034	0.0221665	0.053831	
0.272202	0.0188145	0.0298019	0.0721195	0.0330847	0.0081413	0.0312588	0.0584198	0.0434057	0.0784999	0.0251402	0.0288342	0.00776542	0.0427501	0.0499516	0.01999	0.0138767	0.0729599	0.0329482	0.0600356	
0.061867	0.0183422	0.0724633	0.0727287	0.0268646	0.0413454	0.0284396	0.30665	0.0252254	0.0346145	0.0113726	0.0263572	0.0360222	0.0475207	0.0173428	0.0254759	0.0193653	0.0437661	0.0348711	0.0493659	
0.0734015	0.0246553	0.0533067	0.0823017	0.033002	0.00777579	0.0977898	0.0499013	0.0617675	0.0452024	0.0277282	0.0292429	0.0100445	0.0239563	0.155556	0.0240081	0.0302599	0.0766983	0.0194435	0.0739584	
0.023134	0.00945273	0.0702929	0.0626813	0.028683	0.0287151	0.0300105	0.038499	0.0317122	0.0990997	0.0129748	0.0409733	0.0127791	0.0406433	0.00818147	0.0218684	0.284205	0.0638818	0.0434982	0.0487142	
0.0560468	0.0143029	0.0784804	0.0717158	0.0257828	0.0395176	0.0261392	0.0226925	0.0482257	0.267099	0.0266274	0.0424705	0.0109293	0.0273809	0.0160309	0.0395623	0.0529738	0.0503296	0.0355707	0.048122	
0.0523527	0.00322709	0.071028	0.0659675	0.0241062	0.00805456	0.0264121	0.041187	0.0467941	0.0899257	0.0208351	0.042312	0.0375528	0.0314387	0.00446599	0.024012	0.0503231	0.0582853	0.261942	0.039778	
0.0664429	0.0146601	0.071191	0.078834	0.0283949	0.0381764	0.024974	0.042367	0.0422204	0.219046	0.015151	0.0414758	0.00907311	0.070386	0.0220453	0.0373552	0.0456916	0.0508209	0.0344972	0.0471971	
0.284382	0.018636	0.0544761	0.0515647	0.0312139	0.0123385	0.0299343	0.0510022	0.0458799	0.0841866	0.0249485	0.0300114	0.00725683	0.0445623	0.0444905	0.0216249	0.016321	0.0471629	0.0369261	0.0630819	
0.0657706	0.0207951	0.0754243	0.100043	0.0235792	0.0233091	0.0203624	0.0435136	0.0490555	0.244124	0.0203097	0.0369484	0.0100648	0.0346068	0.0696791	0.0289807	0.0373576	0.0211289	0.0218067	0.0531402	
0.0841198	0.0207102	0.12893	0.194976	0.0232571	0.0107774	0.0110118	0.0465236	0.0469782	0.0982078	0.0263805	0.0162218	0.0137462	0.0403268	0.0474541	0.0414758	0.0299964	0.0206968	0.0305245	0.0676855	
0.0456023	0.02093	0.0326612	0.264232	0.0237907	0.0117999	0.0263638	0.0495715	0.0331163	0.101538	0.0262003	0.0308118	0.0223667	0.0806586	0.0435866	0.0383291	0.0379799	0.0307736	0.0268299	0.0528572	
0.0647489	0.0166277	0.0734671	0.0808357	0.0284269	0.0347847	0.0243006	0.0255093	0.0275136	0.190677	0.10267	0.0495274	0.0222083	0.0424787	0.0233487	0.0399007	0.0184825	0.0522587	0.0348337	0.0474001	
0.0279872	0.0153384	0.111234	0.0598725	0.0286489	0.253019	0.0310596	0.043353	0.0538538	0.0766904	0.0262931	0.0376561	0.00531375	0.0390078	0.0172007	0.0310914	0.0154902	0.0602258	0.0184143	0.0482502	
0.0991212	0.0513489	0.0707486	0.125796	0.021727	0.0067034	0.0269312	0.0481931	0.0624306	0.0884598	0.0309438	0.0215458	0.00906461	0.0486916	0.130228	0.0319183	0.0193594	0.0284386	0.0109042	0.0674461	
0.0510913	0.0124024	0.0900018	0.0739835	0.0222713	0.0421177	0.023914	0.0199242	0.0411501	0.320565	0.0220396	0.0436845	0.0126729	0.025072	0.0136187	0.0380709	0.0509387	0.0190665	0.0362543	0.0411607	
0.0784483	0.0264021	0.0782567	0.0855469	0.0299422	0.0284575	0.047379	0.0500409	0.0683393	0.0753308	0.0250007	0.0411072	0.00498833	0.041855	0.0505586	0.0354848	0.0355297	0.0511519	0.0257326	0.120448	
0.0359411	0.0211966	0.0636545	0.0804761	0.0268023	0.0088691	0.030425	0.0968727	0.0528137	0.16443	0.0238648	0.0378725	0.0283297	0.0415261	0.0366	0.0312997	0.0443923	0.0806039	0.0393407	0.0546892	
0.0101757	0.0108218	0.0722218	0.0555573	0.0225295	0.0224565	0.0114903	0.056775	0.0425943	0.0331177	0.0204562	0.0436805	0.357104	0.0145824	0.00448783	0.0175463	0.0148273	0.0976685	0.0464805	0.0454264	
0.0232796	0.0145538	0.0379764	0.0726604	0.026168	0.00615815	0.0333254	0.0951479	0.0541429	0.0215917	0.0242497	0.0370658	0.0481199	0.0314302	0.0325361	0.0265411	0.0482188	0.281046	0.039174	0.0466145	
0.0585631	0.0142301	0.0438293	0.0644229	0.0453942	0.0169092	0.0340243	0.115397	0.0619094	0.0427311	0.00802488	0.015622	0.0227726	0.0299881	0.0263743	0.0146852	0.113776	0.180503	0.0391497	0.0516938	
0.0698066	0.0216503	0.0575499	0.0818009	0.0272183	0.00704451	0.0302295	0.0494652	0.060513	0.0500239	0.0265169	0.0437976	0.041232	0.0295713	0.199876	0.0207484	0.0306705	0.0739559	0.0215638	0.0567652	
0.0570165	0.00649908	0.0787202	0.076649	0.0239653	0.0103066	0.0303257	0.0203829	0.0585072	0.0916863	0.0243934	0.0236536	0.0316359	0.0387887	0.00364431	0.216859	0.0641632	0.0568724	0.0405132	0.0454177	
0.0515102	0.00297169	0.0620562	0.0612024	0.026251	0.00818847	0.0225251	0.044727	0.0455393	0.0614674	0.0198679	0.0394897	0.0470111	0.0309782	0.00663551	0.0211514	0.0486204	0.0697493	0.287428	0.0426294	
0.0763761	0.022502	0.06086	0.0952037	0.027851	0.00809524	0.0273096	0.033785	0.0437112	0.0816305	0.0271225	0.0389845	0.0197016	0.0418451	0.228113	0.0123939	0.0109835	0.0666391	0.0166758	0.0602168	
0.0516272	0.0140004	0.0907669	0.0696912	0.0147528	0.038594	0.0165397	0.0199078	0.0451527	0.323622	0.0246719	0.0421525	0.0107757	0.0396224	0.015585	0.0372602	0.0494523	0.0182589	0.0329121	0.0446546	
0.0740368	0.0207162	0.0672477	0.0882256	0.0275344	0.00649439	0.0194926	0.0467964	0.0588181	0.059477	0.0262977	0.0343647	0.0156326	0.0434641	0.221584	0.0163757	0.0251365	0.0653376	0.020048	0.0629203	
0.0599216	0.0179132	0.0682982	0.0752022	0.0261711	0.0400712	0.17705	0.0501014	0.054749	0.108595	0.0240174	0.0157789	0.00886338	0.0331261	0.0188147	0.0426632	0.051044	0.0545977	0.0371868	0.0358357	
0.0968081	0.0125262	0.100803	0.0360181	0.0287183	0.214902	0.0254615	0.0438318	0.0518162	0.0909352	0.0226097	0.0377305	0.0176808	0.0402399	0.00531348	0.0281279	0.0419396	0.0449927	0.0100975	0.0494475	
0.0617584	0.0175726	0.0720707	0.0412198	0.0295739	0.0375868	0.00824317	0.0501024	0.0199737	0.0576868	0.0250404	0.0464655	0.0128039	0.273836	0.0162514	0.03936	0.0481525	0.064419	0.0289883	0.0488942	
0.0552641	0.0159004	0.0816444	0.0785174	0.011591	0.0420801	0.0230587	0.031766	0.0474305	0.316401	0.0168675	0.0402703	0.0147171	0.0422589	0.0290996	0.0263983	0.0442986	0.0218835	0.0141853	0.0463676	
0.0253341	0.0133687	0.160025	0.0286008	0.0279936	0.0186688	0.0142608	0.0319016	0.028398	0.0918914	0.0212269	0.24039	0.0429005	0.0470069	0.029468	0.037997	0.0510393	0.0299291	0.0388744	0.0207248	
0.0574601	0.0181822	0.0836197	0.0420502	0.0263783	0.0382667	0.0337534	0.0407828	0.25432	0.0812226	0.0123066	0.00816529	0.0295642	0.0195103	0.0198467	0.0347373	0.0459826	0.0621219	0.0356168	0.0561128	
0.220966	0.0214739	0.0425766	0.0972001	0.0274158	0.0101229	0.030097	0.0505205	0.0482513	0.0903506	0.027675	0.0266852	0.00689863	0.0448035	0.0501679	0.0566483	0.0170094	0.0326902	0.038141	0.060306	
0.0807411	0.0269719	0.06029	0.239552	0.0215942	0.0181986	0.0253416	0.056614	0.0420187	0.104236	0.0265452	0.0037341	0.0143749	0.0677345	0.0664967	0.0263367	0.00740323	0.033345	0.020311	0.0581598	
0.0209101	0.010969	0.0739311	0.0577929	0.0267614	0.0311789	0.029191	0.0388322	0.031437	0.101848	0.0112122	0.0418705	0.0121507	0.0411981	0.00748028	0.0238415	0.280007	0.0664369	0.0420303	0.0509204	
0.272245	0.0197913	0.0198414	0.06774	0.0414575	0.00479703	0.0262063	0.0628973	0.0486856	0.0613219	0.0216337	0.029268	0.0108257	0.0418782	0.0532396	0.0256896	0.0240462	0.0687645	0.0392485	0.0604228	
0.181193	0.0179097	0.0238428	0.0686517	0.0532337	0.00635575	0.0353435	0.0831008	0.0518829	0.0433523	0.021695	0.0293517	0.0204256	0.0364867	0.0452699	0.0277978	0.0387955	0.122933	0.0358397	0.0565394	
0.080372	0.0250974	0.0687735	0.126121	0.0216748	0.00807854	0.0267096	0.0468586	0.0591958	0.11125	0.0282296	0.0321978	0.00652487	0.0832969	0.111291	0.02525	0.0272351	0.0412167	0.0168324	0.0537938	
0.071484	0.0148812	0.0332809	0.0719082	0.0186713	0.0309628	0.019743	0.0478488	0.0519136	0.0883269	0.0229312	0.0137717	0.029683	0.0428134	0.0367989	0.0187355	0.0403443	0.069172	0.0315809	0.245149	
0.107489	0.0208102	0.0743614	0.177283	0.0254252	0.0786911	0.0283601	0.0515749	0.0456719	0.106699	0.025132	0.0253746	0.00548087	0.0578222	0.042052	0.0215749	0.0151812	0.0163685	0.0179042	0.0567431	
0.0980057	0.0233874	0.128337	0.208581	0.0218062	0.00797026	0.0190505	0.0440312	0.043877	0.102987	0.0251451	0.0204543	0.0040431	0.046998	0.0506731	0.0476914	0.011052	0.0171319	0.0294352	0.0493419	
0.0561282	0.0178817	0.0710665	0.0418291	0.0270813	0.0385982	0.00904106	0.0485414	0.0221556	0.0587402	0.0235587	0.0493819	0.0134352	0.278331	0.0153897	0.0410304	0.0475806	0.0587213	0.031183	0.050325	
0.016859	0.0150051	0.0276461	0.0367073	0.019998	0.00569302	0.0299088	0.0589544	0.0514245	0.0162024	0.0183101	0.035782	0.0551242	0.0311713	0.0297407	0.0318111	0.0479519	0.378707	0.0409934	0.0520097	
0.0621878	0.0197419	0.0722635	0.0943827	0.0243302	0.0316237	0.023468	0.0629123	0.0394634	0.217797	0.0255854	0.039977	0.00784233	0.0749086	0.0244414	0.0378438	0.0351745	0.020671	0.0350127	0.050373	
0.0470461	0.0142738	0.0832225	0.0727049	0.0603766	0.0321548	0.0136736	0.0222064	0.045604	0.217142	0.027641	0.0525676	0.0647366	0.0365365	0.0160094	0.0346068	0.0548197	0.018735	0.0387159	0.0472269	
0.0882718	0.00358629	0.0765402	0.0744851	0.0114118	0.034834	0.0267607	0.0410588	0.0621174	0.086141	0.0215318	0.0613334	0.038515	0.0444198	0.0294223	0.0336927	0.106197	0.0477309	0.0367782	0.0751717	
0.0535171	0.00775416	0.0752137	0.0758921	0.02409	0.0103325	0.0312109	0.0188242	0.0503255	0.0923858	0.0248088	0.0293952	0.0345929	0.0451053	0.00448002	0.263835	0.0240071	0.0566791	0.0381689	0.0393823	
0.0608574	0.00798858	0.0762882	0.0731218	0.157938	0.0401529	0.0360059	0.0259282	0.04984	0.047688	0.0240435	0.0358305	0.0327934	0.0455156	0.0326497	0.0216657	0.0453768	0.0285822	0.0351744	0.122559	
0.0320949	0.0132526	0.36568	0.023807	0.0264766	0.0318919	0.00957804	0.0370792	0.0505798	0.100765	0.0236244	0.0256034	0.0381985	0.0347627	0.0213933	0.0354172	0.0462166	0.0231866	0.033448	0.0269438	
0.0266464	0.0152423	0.0235412	0.060809	0.0202455	0.00535632	0.0307772	0.127826	0.0526561	0.0305667	0.0213977	0.0313903	0.0499812	0.0313166	0.0298049	0.0256991	0.0506451	0.279191	0.0392701	0.047637	
0.0884136	0.0469018	0.0709557	0.119972	0.0277328	0.0190967	0.0266758	0.04933	0.0636464	0.0988704	0.0322842	0.023171	0.0101526	0.0483297	0.113279	0.0326341	0.0208469	0.0353369	0.00429122	0.0680787	
0.0103169	0.00938708	0.0719934	0.0595589	0.0228067	0.022422	0.0099255	0.0562446	0.0422262	0.0328452	0.0201375	0.0446412	0.3519	0.0170314	0.00544094	0.0192943	0.0149454	0.096526	0.0481849	0.0441719	
0.267196	0.019131	0.0305202	0.0707987	0.0320716	0.0084838	0.0299063	0.0592801	0.0448823	0.077759	0.0254588	0.0306868	0.00833133	0.0406628	0.051791	0.020045	0.0154411	0.0739217	0.035983	0.0576498	
0.0605198	0.0190364	0.0869305	0.085016	0.00911616	0.0385158	0.0221954	0.0322599	0.0484743	0.262956	0.0615217	0.039103	0.0143976	0.044498	0.0388456	0.0243259	0.0318397	0.0204265	0.0128885	0.0471336	
0.0232895	0.0105348	0.0753621	0.0766833	0.0249093	0.0233151	0.025839	0.0439914	0.0503834	0.051927	0.0249421	0.0534025	0.109604	0.058139	0.0103478	0.0702408	0.11123	0.0732617	0.0378211	0.0447758	
0.0835645	0.0756771	0.0652997	0.112462	0.0165124	0.0202764	0.0265102	0.0583478	0.0624579	0.0816007	0.0276665	0.0228062	0.0159314	0.0444317	0.0826797	0.03681	0.0229017	0.0316957	0.0151151	0.0972531	
0.0625519	0.0151333	0.0880069	0.0673425	0.0273253	0.0319995	0.0318307	0.0206644	0.0728123	0.0938591	0.0203801	0.0248862	0.0178774	0.039185	0.0221434	0.0851016	0.135258	0.0552723	0.0346638	0.0537061	
0.0707105	0.0248434	0.0606304	0.0610416	0.0283902	0.0448039	0.0986163	0.0450068	0.121944	0.0773796	0.02526	0.0310357	0.00359986	0.0412614	0.0632405	0.0302702	0.0387212	0.0495894	0.0108838	0.0727707	
0.0600918	0.016795	0.0767983	0.0882761	0.0254608	0.0329415	0.0115163	0.04847	0.0585525	0.10479	0.0303641	0.0503014	0.037929	0.0507255	0.125847	0.0170543	0.0405038	0.051871	0.0214271	0.050284	
0.0739334	0.0224384	0.0630784	0.0868665	0.0255416	0.00964159	0.0280409	0.0365104	0.0421899	0.0795464	0.0253268	0.0420785	0.0229803	0.0448692	0.230883	0.0122559	0.0119504	0.0620148	0.0174525	0.0624011	
0.0444511	0.0058712	0.0753357	0.07662	0.0220738	0.00751814	0.0277062	0.0193407	0.0465813	0.089924	0.0242431	0.0689812	0.0368231	0.0407999	0.00345102	0.244414	0.0228476	0.0600687	0.0451462	0.0378022	
0.0858765	0.0215896	0.0236414	0.150045	0.0244437	0.0502898	0.0241875	0.0488523	0.0280357	0.110583	0.0263113	0.0365684	0.0199232	0.137265	0.0407991	0.0327236	0.0408951	0.0225051	0.0205584	0.0549065	
0.0781379	0.0302393	0.0670496	0.114728	0.0219681	0.0279517	0.0300157	0.0488878	0.067464	0.135936	0.0285368	0.0285421	0.0060857	0.057677	0.0968595	0.0254548	0.0274345	0.0375167	0.00584481	0.0636699	
0.0704257	0.00609187	0.125165	0.0424881	0.025126	0.262469	0.0256943	0.0438881	0.0479821	0.0914176	0.0216735	0.0410008	0.0175175	0.038287	0.00548174	0.017577	0.0355539	0.0249743	0.012612	0.0445744	
0.0379784	0.0130571	0.315169	0.0611193	0.0253564	0.0285595	0.00946298	0.0437924	0.0530292	0.103358	0.021754	0.023564	0.0318508	0.0357307	0.0251818	0.0374363	0.0456384	0.0236753	0.0335126	0.0307736	
0.14234	0.0235614	0.0807151	0.174298	0.0226122	0.0102247	0.0218379	0.0498166	0.0463321	0.09878	0.0279606	0.0223835	0.00496592	0.0482012	0.0515397	0.058592	0.0135672	0.0194528	0.027473	0.0553465	
0.0728231	0.0253186	0.0616771	0.0953042	0.0263073	0.00786705	0.0285583	0.0363956	0.0790619	0.0806946	0.0281841	0.0358436	0.0192388	0.0410428	0.202376	0.0129123	0.0109525	0.0560973	0.0173278	0.0620173	
0.0636622	0.0137294	0.0340366	0.0761815	0.0182224	0.0294684	0.0213723	0.051487	0.051019	0.0820821	0.0231865	0.0136752	0.0335773	0.0423364	0.0351292	0.0184476	0.0432503	0.0662392	0.034801	0.248096	
0.272363	0.0176674	0.0344409	0.0791223	0.0297122	0.0112259	0.0331783	0.0583131	0.0476546	0.0860749	0.024838	0.0287064	0.00729606	0.0455396	0.0488972	0.0248877	0.0157135	0.0445689	0.0368267	0.0529728	
0.0237603	0.012954	0.0775864	0.0707812	0.0249273	0.02231	0.029211	0.0399411	0.048607	0.0463071	0.0257315	0.0444148	0.121963	0.0435435	0.0195228	0.165404	0.0341187	0.0723119	0.029127	0.0474775	
0.0722327	0.0234356	0.0774314	0.115219	0.0170763	0.021643	0.0132045	0.0864803	0.052107	0.186688	0.0260477	0.0262887	0.00781368	0.0505236	0.080233	0.0263845	0.0204684	0.0227467	0.0183287	0.0556477	
0.0820095	0.0158277	0.265178	0.0378473	0.0264617	0.0301165	0.0103992	0.0427279	0.0552278	0.0968432	0.0220544	0.019533	0.021798	0.0390705	0.0286822	0.0390655	0.0387074	0.024037	0.0325672	0.0718459	
0.0696469	0.0614444	0.0696201	0.0904021	0.0272525	0.0440027	0.010005	0.0474474	0.0546845	0.164741	0.0260797	0.0385201	0.0217235	0.0534729	0.0481904	0.0158583	0.0393734	0.0401038	0.0180086	0.0594224	
0.121368	0.0322181	0.070668	0.131006	0.0244805	0.0147961	0.0241877	0.0803575	0.0575403	0.094851	0.0284724	0.0104357	0.00151024	0.0490969	0.0885572	0.046771	0.00279129	0.0351742	0.0183153	0.0674026	
0.0749632	0.0323745	0.0707221	0.121476	0.0188354	0.0182766	0.026759	0.0395939	0.0868134	0.12934	0.0586088	0.0203199	0.0117239	0.0497569	0.103999	0.0240907	0.00830308	0.0220018	0.0173197	0.0647211	
0.059912	0.0204461	0.0781229	0.0794975	0.0244981	0.0380213	0.0337622	0.0232406	0.117712	0.0880131	0.0222125	0.0410202	0.0233243	0.0395436	0.0709355	0.0283305	0.083007	0.0502178	0.020588	0.0575946	
0.0579025	0.0107525	0.0703928	0.0635519	0.0270054	0.0342125	0.0294108	0.0399062	0.0341732	0.101032	0.0119921	0.0439808	0.0125767	0.0452049	0.00887222	0.0227282	0.231396	0.0648323	0.0392294	0.0508477	
0.0430424	0.0205276	0.0307933	0.292495	0.02614	0.0128871	0.0292155	0.0517249	0.0338767	0.0974966	0.0246772	0.0308497	0.0300908	0.0362036	0.0392077	0.0373369	0.0432812	0.0341196	0.0319039	0.0541301	
0.0354726	0.152132	0.0708703	0.0891062	0.0268547	0.0234485	0.0309522	0.0580838	0.0543329	0.0488041	0.0252791	0.031427	0.00927998	0.0432796	0.0434418	0.076211	0.0155097	0.0644261	0.0359219	0.0651669	
0.0532459	0.0149562	0.0808731	0.0730294	0.0275006	0.0375177	0.0321348	0.0396538	0.194491	0.0865171	0.0114061	0.00736928	0.0289157	0.0171662	0.0156325	0.0374361	0.0817507	0.0687279	0.0402483	0.0514278	
0.0493369	0.0121054	0.0894339	0.0733571	0.0141239	0.0425399	0.0151685	0.0184843	0.0445578	0.329777	0.024186	0.0412694	0.0106965	0.0364386	0.0135687	0.0392679	0.0521766	0.0182948	0.0324529	0.0427637	
0.0267443	0.0119074	0.0815011	0.0614032	0.0244154	0.0320555	0.0332248	0.0239857	0.0614348	0.105642	0.0158914	0.0262264	0.0141207	0.0362837	0.0141935	0.037866	0.246707	0.0607316	0.0355732	0.0500925	
0.026554	0.0167196	0.0357685	0.112035	0.027383	0.00706326	0.0253838	0.0564135	0.109523	0.072828	0.0247176	0.083232	0.0504448	0.0191932	0.0415297	0.0379345	0.0494486	0.12766	0.0349555	0.0412134	
0.0796007	0.0315876	0.069083	0.115333	0.0220072	0.0164539	0.0295776	0.0624184	0.100729	0.0842009	0.0438707	0.0218248	0.0154482	0.0455994	0.105206	0.0259379	0.00833187	0.0420236	0.0166484	0.0641182	
0.0430887	0.0149252	0.0272603	0.0702833	0.0528319	0.00788949	0.0332804	0.104121	0.0550059	0.0666984	0.020263	0.033097	0.0364458	0.0344802	0.0351507	0.0249984	0.0521261	0.199176	0.0371144	0.051764	
0.0557517	0.0141225	0.0938407	0.0725618	0.0102282	0.0304817	0.0256955	0.0211619	0.0489771	0.25846	0.0245	0.041812	0.0170977	0.0369252	0.0265008	0.0677692	0.0505508	0.0193176	0.0394236	0.0448223	
0.00977628	0.0096208	0.0737132	0.0598373	0.0226779	0.0206342	0.0124354	0.0568528	0.0416087	0.032433	0.0221022	0.0430959	0.357992	0.0131149	0.00590698	0.0197874	0.013252	0.0948979	0.0464229	0.0438386	
0.0726968	0.0256118	0.0764966	0.0963256	0.0588407	0.0237334	0.0261839	0.0919839	0.0540624	0.0993245	0.0239452	0.0309295	0.0260392	0.0424522	0.0498317	0.0480009	0.0368665	0.0297687	0.0307396	0.0561669	
0.0530116	0.00268316	0.0774008	0.0687074	0.0251877	0.00900422	0.025874	0.038071	0.0493803	0.102702	0.0206476	0.0432793	0.0338434	0.0342129	0.00491404	0.0460509	0.0524815	0.0496879	0.222418	0.0404423	
0.0526335	0.0138436	0.0445747	0.0732675	0.0273402	0.0224723	0.0132224	0.0628579	0.036501	0.0844632	0.0243949	0.20223	0.0323969	0.0452635	0.0300578	0.0224257	0.0804328	0.0697189	0.0360621	0.0258407	
0.0451292	0.00561611	0.0818239	0.0768992	0.0246088	0.00881694	0.0285428	0.0189378	0.0409494	0.0958121	0.0254029	0.0750282	0.0319436	0.0411945	0.00315065	0.238066	0.0218815	0.0600003	0.0408722	0.035324	
0.0556274	0.0146963	0.0582212	0.0692307	0.0309872	0.00782635	0.0337365	0.0572731	0.0627542	0.0800087	0.0231934	0.0378904	0.00883462	0.0382962	0.0285668	0.04886	0.101824	0.153944	0.0333583	0.054871	
0.0542024	0.0182368	0.0721113	0.0752765	0.0203628	0.0395253	0.0302529	0.296165	0.0406151	0.0479652	0.00947376	0.0165514	0.0407734	0.0453422	0.0268277	0.0187546	0.0178383	0.0449328	0.0344883	0.0503045	
0.2324	0.0214482	0.042392	0.0710625	0.0333123	0.00742815	0.0302044	0.0614204	0.0503763	0.06448	0.0232125	0.0333727	0.0163534	0.0401932	0.0506946	0.0266814	0.03049	0.0689431	0.0351503	0.0603849	
0.010997	0.011083	0.0738922	0.0574042	0.0239321	0.0212664	0.0132275	0.056706	0.0416258	0.0321602	0.0210599	0.044249	0.353101	0.0131605	0.00444449	0.0181197	0.0136762	0.0957637	0.0484082	0.0457227	
0.0902133	0.0146012	0.075905	0.078309	0.0247704	0.0308243	0.0301771	0.0407886	0.0750953	0.0882872	0.0119895	0.0586363	0.0420523	0.0479872	0.045838	0.0399545	0.0760149	0.0489547	0.0257313	0.0538698	
0.0578245	0.0137459	0.0884805	0.070471	0.011187	0.0373992	0.0247308	0.0203713	0.0453026	0.31314	0.0266347	0.0418498	0.0147385	0.0361213	0.0256108	0.0249492	0.0510704	0.0203737	0.0286143	0.0473845	
0.0771318	0.0180741	0.0691355	0.11165	0.0235263	0.00841471	0.0128183	0.052854	0.0575696	0.155412	0.0300609	0.0324369	0.00684358	0.0490866	0.120232	0.0423024	0.0232524	0.0392979	0.0169976	0.0529033	
0.130518	0.0190022	0.199628	0.110612	0.0270518	0.0144947	0.0183018	0.0483737	0.0473495	0.0979777	0.0273098	0.0316021	0.00570839	0.0390521	0.0455739	0.0244491	0.0153246	0.018554	0.0272731	0.0518425	
0.0461386	0.0106973	0.106708	0.0316939	0.0257263	0.30755	0.0266939	0.0429515	0.044881	0.0936423	0.0201796	0.0385133	0.0234963	0.0357426	0.00373711	0.0237738	0.0418298	0.0233278	0.0083395	0.0443774	
0.0739587	0.0273807	0.0687692	0.0965848	0.0250968	0.0211855	0.0255943	0.0502314	0.157151	0.0484689	0.0298359	0.0236017	0.00750633	0.0405563	0.109335	0.0282449	0.0315137	0.0614898	0.0159764	0.0575186	
0.0796696	0.0541649	0.0646893	0.107338	0.0241829	0.0065449	0.0176397	0.052302	0.0598252	0.0650443	0.0275597	0.0306117	0.00918524	0.0434361	0.179691	0.0189196	0.0172897	0.0609274	0.0142953	0.0666828	
0.0694444	0.0176468	0.0404152	0.0675811	0.0207496	0.0149126	0.0335139	0.12299	0.0503113	0.0653564	0.010207	0.012354	0.0360727	0.0362698	0.0409479	0.0116703	0.0293611	0.227186	0.0356674	0.0573418	
0.0656746	0.0208918	0.0740613	0.0877139	0.0176799	0.0325769	0.0284428	0.188876	0.0463987	0.139577	0.0117329	0.0136385	0.0288829	0.0462027	0.0397197	0.016688	0.0165012	0.0365943	0.0314113	0.0567358	
0.0177586	0.0137901	0.0323266	0.0385808	0.0198868	0.00503944	0.0282067	0.0475491	0.0483156	0.0155895	0.0241845	0.0368759	0.0514354	0.0353711	0.0280096	0.0313298	0.0463664	0.390049	0.0397268	0.0496082	
0.167864	0.0167286	0.0835158	0.0978149	0.0298674	0.0346883	0.0323498	0.0160151	0.0531508	0.0932437	0.0255644	0.00728013	0.00472408	0.0454955	0.024483	0.1091	0.0244577	0.0393107	0.036981	0.0573651	
0.286905	0.0170627	0.0522747	0.0533266	0.0313676	0.0113186	0.0291893	0.0562633	0.0499777	0.0875193	0.0224176	0.0299932	0.00687273	0.0433518	0.046638	0.0233067	0.0149128	0.0453474	0.033232	0.0587224	
0.0332724	0.00580389	0.0759985	0.0729625	0.0170292	0.0162386	0.0318455	0.033282	0.0479349	0.0970599	0.0267023	0.0470375	0.0208704	0.0435493	0.016077	0.27058	0.0231281	0.0592823	0.0317312	0.0296145	
0.0582836	0.0131959	0.0778325	0.0725739	0.0242141	0.0369617	0.0263626	0.0236478	0.0514643	0.262019	0.0274746	0.0466019	0.0138463	0.0246545	0.0180454	0.0405939	0.0521465	0.0534999	0.0334245	0.0431574	
0.13689	0.0142779	0.0736258	0.0556307	0.0266741	0.201348	0.0303834	0.049518	0.0506783	0.102805	0.0212288	0.0360997	0.00692427	0.0468878	0.0187416	0.0193432	0.0209329	0.0218006	0.0159749	0.0502352	
0.0566888	0.0165359	0.0852543	0.0851017	0.0198119	0.0376739	0.0219344	0.036151	0.0428868	0.271298	0.016141	0.0406405	0.00927689	0.0723023	0.0170142	0.0381426	0.0414411	0.0181819	0.027038	0.0464846	
0.0165607	0.013676	0.029596	0.0370046	0.0204123	0.00521884	0.0276606	0.0486564	0.0493631	0.015496	0.0251246	0.0346243	0.0558443	0.0330888	0.0288641	0.0342888	0.0473251	0.386881	0.0398246	0.0504899	
0.0486092	0.0155217	0.0841014	0.042741	0.0253474	0.0391227	0.0292614	0.0227088	0.235265	0.0901924	0.0179097	0.00875221	0.0299349	0.0180389	0.0148325	0.0388589	0.0918099	0.0586754	0.0352649	0.0530519	
0.0689597	0.0232681	0.0219401	0.065834	0.032448	0.0259516	0.168588	0.0556729	0.0621283	0.0401126	0.0248458	0.0126623	0.00889085	0.0136664	0.0670417	0.029063	0.0412623	0.0836211	0.0264353	0.127608	
0.0500909	0.0133114	0.0764318	0.0729952	0.0149315	0.0382731	0.0574849	0.0202803	0.0439632	0.276714	0.0246188	0.0482752	0.0101566	0.0383929	0.0154427	0.0428697	0.0553753	0.018887	0.0366397	0.0448659	
0.0459929	0.0176002	0.179469	0.17852	0.0243095	0.0104435	0.023141	0.0439895	0.0273801	0.0950259	0.0229691	0.0444151	0.0299068	0.0227917	0.0331559	0.0421969	0.0410108	0.0288891	0.0429758	0.0458179	
0.070274	0.0124596	0.109289	0.0619937	0.0266311	0.230609	0.0243083	0.0436276	0.0486996	0.0934103	0.0206559	0.0351734	0.0178105	0.0394763	0.0045787	0.0277134	0.0425962	0.0255516	0.0175735	0.0475679	
0.0255069	0.0156328	0.0267421	0.064266	0.0201943	0.00601769	0.030496	0.0897155	0.0525116	0.0281252	0.0681086	0.0406767	0.0445963	0.0347899	0.0343191	0.0303127	0.042648	0.256481	0.0376052	0.0512545	
0.0296676	0.00625902	0.0794444	0.0733501	0.0154195	0.0209817	0.0312329	0.0330104	0.048708	0.0962764	0.0285192	0.0458361	0.0201793	0.0436191	0.0124497	0.265938	0.0245884	0.0631308	0.0354128	0.0259765	
0.0331883	0.0114977	0.365382	0.0254921	0.024254	0.0313334	0.010065	0.03832	0.0548144	0.0972969	0.0208792	0.0251736	0.0350844	0.0387758	0.0214617	0.0374561	0.0486189	0.0205506	0.034299	0.0260567	
0.123012	0.0243076	0.0807816	0.208143	0.0238629	0.00910393	0.0207727	0.0462979	0.044827	0.0986347	0.0268141	0.0184756	0.00446435	0.0467908	0.0530426	0.0527715	0.0128356	0.0187117	0.0304851	0.0558644	
0.0288879	0.0153202	0.153148	0.12214	0.0258072	0.011678	0.0118215	0.0491919	0.0452619	0.0942207	0.0224443	0.0842046	0.0380907	0.0354434	0.0362069	0.0403557	0.0422511	0.0733354	0.0434848	0.0267063	
0.0577295	0.0164355	0.0736615	0.0768913	0.0254452	0.0373503	0.0293564	0.306468	0.0268293	0.0342514	0.0105725	0.0276268	0.0355071	0.0468895	0.0150751	0.0265566	0.0214413	0.0428695	0.0372908	0.0517524	
0.0118044	0.0135669	0.0787904	0.0602044	0.0251769	0.022708	0.0639151	0.0324519	0.0578458	0.187551	0.0198616	0.0527584	0.020299	0.0094492	0.0030517	0.061386	0.135277	0.0470966	0.0525013	0.0443037	
0.0758448	0.0115603	0.111432	0.032437	0.0255891	0.268808	0.0239911	0.04084	0.0518847	0.0950209	0.019419	0.0373867	0.0191491	0.0369366	0.00347034	0.0231411	0.0407859	0.0219895	0.0142185	0.0460957	
0.0552771	0.0131946	0.0862612	0.0736786	0.0133237	0.0425507	0.0149344	0.0194637	0.042904	0.324901	0.0250158	0.038703	0.0105328	0.0416242	0.0154906	0.0376609	0.049469	0.0193718	0.033804	0.0418388	
0.044869	0.0121779	0.0646993	0.0563694	0.0242153	0.0281842	0.0151753	0.0248244	0.0160365	0.0963993	0.023972	0.315273	0.0370307	0.0492459	0.0277276	0.0207893	0.0322402	0.0509032	0.0393855	0.020482	
0.0252006	0.0124021	0.0733992	0.0854702	0.0260672	0.0235279	0.0248783	0.0359118	0.061085	0.0878042	0.021495	0.0664892	0.0928677	0.0437774	0.0293705	0.0438698	0.118063	0.0438979	0.035307	0.0491158	
0.0101125	0.00947326	0.0738745	0.0568209	0.0222712	0.022161	0.0100434	0.0555907	0.0442889	0.0333159	0.0218564	0.0434286	0.352158	0.0187934	0.00515969	0.0194002	0.0133655	0.0961047	0.0471991	0.0445821	
0.0244823	0.011267	0.07525	0.0624159	0.0260704	0.0322986	0.0323879	0.0271134	0.0577415	0.097208	0.0137332	0.0238944	0.00998245	0.0389103	0.0132222	0.0149382	0.279569	0.0647811	0.0392461	0.0554881	
0.0460259	0.00949441	0.105158	0.0337945	0.0267743	0.304671	0.0244164	0.0415398	0.0505479	0.0900436	0.0189472	0.0410847	0.0218846	0.0373963	0.003873	0.0216532	0.0422924	0.0255318	0.00880787	0.0460633	
0.0355716	0.0164862	0.0493314	0.0864152	0.033227	0.00693695	0.0317304	0.153064	0.0562561	0.0531127	0.0186577	0.0337291	0.0395026	0.0326074	0.0342616	0.0255657	0.0481413	0.158769	0.0370204	0.0496138	
0.090954	0.0222044	0.0518884	0.0787642	0.0488062	0.0170186	0.0335595	0.140002	0.0469246	0.0678307	0.00744607	0.013788	0.0239007	0.0386678	0.0765018	0.0143479	0.0211966	0.118813	0.0276715	0.0597138	
0.0161384	0.0144369	0.0220991	0.0460608	0.015354	0.00490524	0.0312053	0.0477496	0.0507352	0.0177393	0.0243864	0.0351984	0.0564024	0.0349108	0.0283386	0.0330648	0.0461541	0.384292	0.0395885	0.0512398	
0.069584	0.0835306	0.0338293	0.0867871	0.0178052	0.0232891	0.0201209	0.0562311	0.0549821	0.0862354	0.0233664	0.0134004	0.0203053	0.0441734	0.0591722	0.0218951	0.0325631	0.0598271	0.0207716	0.17213	
0.136405	0.0217559	0.065436	0.133886	0.0236144	0.0490997	0.0289604	0.0468353	0.0537959	0.111918	0.0259243	0.0349449	0.0147688	0.0562163	0.0434249	0.0342553	0.032608	0.0204597	0.00699772	0.0586944	
0.052328	0.0155422	0.0800739	0.076507	0.00998821	0.0438034	0.0232575	0.0290539	0.0475426	0.319457	0.0166212	0.0404609	0.0163783	0.0427589	0.0281129	0.0247864	0.0518696	0.021394	0.0147501	0.045314	
0.051706	0.0170926	0.096294	0.0725716	0.0528561	0.0374405	0.0129892	0.025128	0.0462463	0.265266	0.0233694	0.0403779	0.0134162	0.0390549	0.0181109	0.0408921	0.0490338	0.0200396	0.0327994	0.0453153	
0.10689	0.0200701	0.10637	0.233094	0.0239608	0.00972887	0.0110848	0.0476592	0.0455918	0.104086	0.0248158	0.0131001	0.013303	0.0452309	0.0498914	0.0420292	0.0222416	0.0176053	0.0276841	0.0355629	
0.0435443	0.0116351	0.103197	0.0576641	0.0266623	0.0348002	0.0438031	0.0221009	0.0121066	0.0963394	0.0236793	0.245313	0.0372924	0.0471726	0.0323147	0.0208205	0.0310953	0.0489763	0.0385997	0.0228828	
0.0608043	0.0240845	0.0795716	0.0916676	0.0360189	0.0290488	0.0235209	0.0622024	0.0499298	0.198676	0.0249717	0.036711	0.0196505	0.0476801	0.0451207	0.0206206	0.0431731	0.0278917	0.0272362	0.0514198	
0.0253608	0.0103061	0.0767254	0.0623688	0.0279612	0.025084	0.0266397	0.0246273	0.0385573	0.0995535	0.01896	0.140491	0.0196555	0.0461864	0.0242908	0.0333749	0.156486	0.056889	0.0432305	0.0432517	
0.0133161	0.0107136	0.0723805	0.0604081	0.0262694	0.0228739	0.0150483	0.0533666	0.0430104	0.0583474	0.0218571	0.0459079	0.321854	0.0134228	0.0066152	0.0187088	0.015231	0.0873234	0.0447307	0.0486146	
0.0771591	0.0168204	0.0582581	0.0725925	0.0345564	0.0263698	0.0292309	0.0786039	0.05153	0.126411	0.0116066	0.0370906	0.0269514	0.0384062	0.0379428	0.0182147	0.0481536	0.142802	0.0115766	0.0557227	
