0.0135296	0.00792065	0.090258	0.0740081	0.037141	0.0256317	0.0284301	0.0337263	0.162899	0.0749292	0.00802849	0.0326812	0.00426141	0.0522948	0.0566873	0.0126209	0.142256	0.0344454	0.0586749	0.0495756	
0.0552927	0.00599983	0.0676529	0.0655272	0.00718342	0.0348225	0.0238211	0.0425739	0.0718037	0.356064	0.0194305	0.0430605	0.0089734	0.0365609	0.0289732	0.0186164	0.0424815	0.0201317	0.0108648	0.0401654	
0.0448967	0.0352089	0.0150966	0.062934	0.147365	0.0278881	0.010648	0.0294251	0.0735132	0.0525122	0.0191834	0.0130748	0.0466014	0.0409218	0.0215151	0.0123191	0.0361618	0.0284261	0.0617914	0.220518	
0.0495582	0.0100641	0.0712493	0.0725284	0.0054589	0.0348657	0.0200179	0.0231869	0.0661577	0.356245	0.0364233	0.0454205	0.0109863	0.0354463	0.0284635	0.0175336	0.0444508	0.0174101	0.018897	0.035637	
0.0466229	0.00795825	0.0631836	0.0573559	0.00635737	0.0277472	0.0189698	0.112268	0.0649353	0.286465	0.0237361	0.0363381	0.00368093	0.0348024	0.0144304	0.0281928	0.0463997	0.053088	0.0213774	0.0460906	
0.0492527	0.00783867	0.0364848	0.0198961	0.033253	0.346132	0.0227422	0.0263251	0.0632248	0.0900584	0.0295241	0.0444555	0.0368142	0.0359042	0.00713916	0.0334223	0.0550283	0.00737316	0.00860996	0.0465215	
0.0204806	0.00767742	0.0360846	0.298461	0.0378721	0.00693956	0.0224729	0.0349262	0.101151	0.0577959	0.0155314	0.0366114	0.022679	0.0723033	0.0245152	0.0333712	0.0417292	0.012025	0.0705867	0.0467861	
0.069419	0.0101014	0.0825316	0.0859333	0.0182441	0.0656634	0.0309206	0.0115745	0.0914136	0.0694106	0.018015	0.0407415	0.0216745	0.0396004	0.00228514	0.232631	0.0275118	0.0334146	0.0239318	0.0249827	
0.0288031	0.00685855	0.195032	0.200486	0.0283722	0.00566424	0.0251789	0.0299421	0.0327723	0.071151	0.0200878	0.0632125	0.0237755	0.0241223	0.0262667	0.0409316	0.0397179	0.0518085	0.0504425	0.0353742	
0.0236385	0.00105721	0.0526831	0.0764643	0.0451142	0.00296949	0.0175737	0.0372184	0.0607648	0.0134534	0.00848498	0.0263603	0.0303478	0.0265777	0.00617892	0.00900164	0.0213738	0.0224821	0.479228	0.0390284	
0.0607647	0.00756162	0.079861	0.0275217	0.0349197	0.0192212	0.00642421	0.031121	0.111317	0.0406812	0.012649	0.0499379	0.0114296	0.201729	0.0807587	0.038408	0.0366079	0.0483211	0.060175	0.0405901	
0.063715	0.00927771	0.0742352	0.0664061	0.00543384	0.0316447	0.0239834	0.0205138	0.068085	0.27473	0.0342575	0.0591799	0.0133262	0.0363374	0.022672	0.0735578	0.0479299	0.0221243	0.0182334	0.0343573	
0.0666354	0.00947245	0.033139	0.0745546	0.0209182	0.0217968	0.00818984	0.0135129	0.0118788	0.0689345	0.0199273	0.388676	0.0384823	0.0420029	0.0214087	0.0515166	0.0181761	0.0374136	0.0432882	0.0100757	
0.051905	0.00625419	0.0690157	0.0625707	0.00689777	0.0302802	0.0213823	0.045092	0.0737868	0.349932	0.0203466	0.0435447	0.0134457	0.0334986	0.0313931	0.0170677	0.0469811	0.0250424	0.00951769	0.0420459	
0.0266216	0.0070476	0.0772323	0.069128	0.028897	0.0308281	0.0271886	0.0247653	0.0570675	0.0924659	0.0327011	0.0242753	0.00483251	0.0443559	0.0190948	0.0591714	0.24804	0.0386244	0.0430668	0.0445963	
0.0553683	0.00390372	0.0169834	0.0298295	0.0361947	0.354631	0.0236662	0.0277733	0.0650615	0.0867486	0.0248042	0.0387306	0.0391308	0.0401388	0.00841567	0.013801	0.0569385	0.00850119	0.014734	0.0546448	
0.0267969	0.000906727	0.0602029	0.0744982	0.0456043	0.00403774	0.0173549	0.0335171	0.0585223	0.01331	0.00735592	0.0304553	0.0317841	0.0307059	0.0059328	0.0092868	0.0199353	0.0205417	0.470251	0.0390004	
0.0516967	0.0033763	0.0777912	0.0638052	0.0330978	0.00343515	0.0227237	0.0315789	0.0744472	0.0252934	0.0153267	0.0495826	0.00846555	0.0656812	0.0885495	0.0296782	0.034321	0.0410308	0.240643	0.039476	
0.0211385	0.00560168	0.433537	0.0342567	0.0176598	0.0107168	0.00854552	0.032757	0.0688151	0.0741228	0.02032	0.0257184	0.0330877	0.0421446	0.028067	0.0321721	0.0388007	0.0135884	0.0480833	0.0108667	
0.135871	0.0502724	0.0112326	0.0271705	0.0120094	0.0114592	0.0225742	0.0868639	0.0676014	0.105309	0.0135048	0.0626161	0.0188361	0.0411475	0.00208219	0.077197	0.0349944	0.178399	0.0127984	0.0280611	
0.0222356	0.00937085	0.0814627	0.0743601	0.0417702	0.0230303	0.0177531	0.0457159	0.0710777	0.0251064	0.0147539	0.0370829	0.195826	0.160982	0.0143664	0.0152824	0.0111253	0.0334735	0.0610434	0.044181	
0.0508116	0.00886006	0.0685062	0.0698233	0.0147028	0.0407315	0.0165676	0.0228364	0.0628965	0.369015	0.0365501	0.0474502	0.00516317	0.0224814	0.0121338	0.0286664	0.0493141	0.0163946	0.0222005	0.0348948	
0.0905446	0.0033011	0.0860593	0.0822423	0.0142038	0.0107459	0.0256076	0.00823824	0.0683399	0.0553518	0.0218333	0.138187	0.0189851	0.0388698	0.00328785	0.225745	0.0328692	0.0308018	0.0234447	0.0213413	
0.0621912	0.00541112	0.199455	0.21743	0.0244235	0.00771177	0.0170811	0.025689	0.040392	0.0624963	0.0234047	0.0617347	0.02988	0.0239059	0.0225097	0.0500681	0.036333	0.0126943	0.050428	0.0267608	
0.0488053	0.00660876	0.0594338	0.0261957	0.0257895	0.0214516	0.0304529	0.050497	0.398351	0.0649794	0.00432932	0.0103508	0.023344	0.0243215	0.0119873	0.0342599	0.0156823	0.046346	0.0538251	0.0429887	
0.059833	0.00701965	0.0776242	0.0589064	0.0344743	0.00380859	0.017489	0.042983	0.0409353	0.0982583	0.00936616	0.0521984	0.0243973	0.0507109	0.301479	0.0105206	0.0145036	0.0432544	0.0121829	0.0400546	
0.0913242	0.00689859	0.0725132	0.0468734	0.0287876	0.0144784	0.0252302	0.058193	0.0975634	0.0843437	0.00240251	0.0554604	0.00227536	0.0507744	0.0972587	0.0366683	0.0192436	0.13091	0.0400595	0.0387411	
0.0165901	0.00561564	0.0266968	0.426838	0.0349135	0.00615033	0.0153259	0.0299314	0.0266011	0.0614309	0.0229994	0.0537626	0.0283227	0.0295249	0.0196384	0.0345198	0.0399045	0.0114579	0.0678508	0.0419255	
0.339501	0.0086034	0.047338	0.027348	0.026825	0.0106077	0.0264962	0.0340626	0.0857847	0.0807764	0.0191292	0.0592435	0.00640579	0.0436986	0.0316349	0.0386061	0.0133438	0.0214454	0.0405372	0.0386121	
0.178384	0.0150512	0.0280402	0.0315207	0.0154053	0.00771357	0.0285616	0.0732369	0.0840506	0.0932698	0.00910612	0.0692152	0.00391511	0.0400153	0.0242305	0.0737799	0.0156826	0.156974	0.0261755	0.0256722	
0.177182	0.00697565	0.0746468	0.0757934	0.0159903	0.0251872	0.0235436	0.0219435	0.0667757	0.0303021	0.016086	0.0924736	0.00558373	0.0378733	0.0160059	0.164899	0.0738332	0.0419589	0.00953717	0.0234091	
0.094011	0.0424424	0.0621032	0.0521384	0.00421741	0.106314	0.0239385	0.0447636	0.0720838	0.089591	0.0165006	0.0656841	0.0223937	0.0396724	0.00275043	0.134633	0.0418156	0.072694	0.00423982	0.0080132	
0.0520174	0.00848308	0.0380389	0.0185845	0.031885	0.339381	0.0227255	0.0254695	0.0681119	0.0884966	0.0247175	0.0418068	0.0372524	0.0411486	0.00655208	0.0349027	0.0555504	0.00850355	0.00858979	0.047783	
0.0200744	0.00606093	0.0815369	0.169255	0.0287639	0.00704402	0.0335201	0.0333099	0.214785	0.0599864	0.0163024	0.0320893	0.025154	0.0584318	0.0224382	0.0362105	0.0382267	0.0112984	0.0637483	0.041764	
0.0531936	0.00808076	0.0715279	0.0626562	0.00591097	0.0341174	0.0215628	0.0235918	0.0694661	0.35722	0.0336851	0.0429595	0.012371	0.0356457	0.0309672	0.0172722	0.0475126	0.0156356	0.0160777	0.0405458	
0.0513023	0.00767883	0.0694322	0.0680765	0.00661952	0.0317073	0.0224255	0.0465078	0.066258	0.358925	0.0205561	0.0384755	0.00907146	0.0396381	0.0270195	0.0161436	0.0424415	0.0258923	0.0094147	0.0424146	
0.0439793	0.0065226	0.0650979	0.0882102	0.0251772	0.0277676	0.0302562	0.0428591	0.339234	0.0669922	0.00560222	0.0124143	0.0272964	0.0235816	0.011078	0.0363155	0.0181429	0.0295697	0.0559305	0.0439727	
0.0620642	0.0079259	0.112955	0.232802	0.0194569	0.0364767	0.0138156	0.022713	0.0724541	0.0607744	0.0199521	0.0782349	0.0361827	0.0364645	0.0164107	0.0694321	0.0386696	0.00894212	0.0378022	0.0164713	
0.0878267	0.00226281	0.0768521	0.0581201	0.0243696	0.00436529	0.0272148	0.0136439	0.0944141	0.0680119	0.0153912	0.128344	0.0231956	0.0539403	0.0962802	0.107763	0.0129857	0.043147	0.0331584	0.0287134	
0.088404	0.003379	0.0154261	0.0293594	0.0336458	0.322104	0.0211565	0.0262691	0.0621	0.0915724	0.0273335	0.037545	0.0378584	0.0394391	0.00712855	0.0144274	0.0641336	0.00762882	0.0155386	0.0555505	
0.0361672	0.00751652	0.0185302	0.0676533	0.230502	0.0288601	0.00842325	0.0175673	0.0695548	0.0315807	0.015607	0.01253	0.05077	0.037574	0.0177745	0.00766018	0.0309122	0.0198679	0.0844474	0.206502	
0.0700533	0.00917614	0.0702126	0.0660077	0.0498098	0.0207374	0.0303213	0.062369	0.0721148	0.0512655	0.0137505	0.0727841	0.031594	0.0505018	0.0798582	0.122419	0.0371045	0.0501192	0.00772012	0.0320808	
0.0350074	0.00394019	0.0522641	0.0701002	0.324207	0.026391	0.017497	0.00799902	0.0643586	0.00890226	0.0152687	0.0355057	0.050771	0.0387433	0.0216623	0.0115314	0.0309764	0.0185102	0.0895933	0.0767707	
0.0217117	0.00523261	0.42767	0.0342777	0.0212333	0.010468	0.00976493	0.030051	0.0751306	0.0684869	0.0164371	0.0290231	0.0329356	0.0467072	0.0304758	0.0338061	0.0305365	0.0125437	0.0531206	0.0103879	
0.0258831	0.00709825	0.0156874	0.0189729	0.00436493	0.00290626	0.0321296	0.206	0.0624302	0.119448	0.00685516	0.0335187	0.0168557	0.0342587	0.0169177	0.0217464	0.0311978	0.271783	0.0306077	0.0413386	
0.176252	0.0164212	0.0473624	0.0122662	0.0191695	0.0345868	0.0241671	0.0530611	0.0799015	0.140408	0.00526208	0.0650103	0.0237825	0.0422202	0.0247319	0.0596295	0.0282655	0.0973964	0.0207164	0.0293896	
0.0300805	0.00444404	0.0323157	0.0710336	0.312983	0.0256754	0.0139597	0.00795789	0.0640985	0.00798827	0.0124768	0.0221556	0.0503055	0.0389291	0.0195975	0.0073331	0.0281712	0.0137351	0.0954925	0.141267	
0.0205104	0.00728432	0.0697582	0.0733526	0.030282	0.0365084	0.0236816	0.0319707	0.0594579	0.0985479	0.0338988	0.0196822	0.00412972	0.0418731	0.0158639	0.0140881	0.287676	0.0365748	0.0460934	0.0487663	
0.0256528	0.00710945	0.0108823	0.0166077	0.00260306	0.00198727	0.0268222	0.269179	0.0583534	0.132954	0.00456727	0.0262042	0.0181164	0.0283425	0.0161941	0.015831	0.0311013	0.236884	0.0252106	0.0453978	
0.0604116	0.00673562	0.0713001	0.0634473	0.009791	0.0377646	0.0133745	0.0243937	0.0676867	0.364637	0.0350296	0.0485845	0.00403621	0.0298078	0.0128092	0.0335188	0.0464558	0.0196692	0.0177103	0.0328369	
0.0826113	0.00286777	0.0747994	0.0478497	0.0258964	0.00383541	0.0286015	0.0185141	0.162041	0.072398	0.0104791	0.0452486	0.0235272	0.0553717	0.140989	0.090149	0.0131387	0.0488102	0.0204104	0.0324619	
0.345006	0.00731753	0.0479396	0.0227028	0.027079	0.00902913	0.0275806	0.0343187	0.0839075	0.0835449	0.0170449	0.0620841	0.00533206	0.045447	0.0317378	0.0357515	0.0117059	0.0225838	0.0408239	0.039063	
0.0363678	0.00567707	0.0566303	0.0567886	0.00486736	0.0143663	0.026665	0.379341	0.0681973	0.0525649	0.00448956	0.010202	0.0371452	0.0401117	0.0170576	0.00995006	0.0183534	0.062458	0.0520585	0.046708	
0.0438758	0.00639898	0.241622	0.0984269	0.0252066	0.0155588	0.00688832	0.00620995	0.141952	0.0672086	0.0151794	0.0656852	0.0230844	0.0426863	0.0381534	0.0259471	0.0493018	0.0290209	0.0500237	0.00757004	
0.0204385	0.0080292	0.0673959	0.0726782	0.031234	0.032247	0.0245541	0.0528006	0.0353406	0.0944502	0.0211252	0.031978	0.00415603	0.042597	0.0103348	0.0248046	0.28371	0.0445708	0.0464231	0.0511329	
0.166742	0.0090303	0.0629825	0.0698884	0.0201863	0.0522531	0.0211925	0.00937955	0.0257336	0.0618095	0.0306963	0.0873186	0.00404662	0.0372354	0.00434362	0.120963	0.12615	0.0374238	0.0233822	0.029243	
0.0233298	0.00116538	0.0604186	0.0803568	0.0454252	0.00314036	0.0153806	0.0333398	0.0586237	0.0115863	0.00824046	0.0268091	0.0331635	0.0288902	0.00609345	0.00833065	0.020338	0.0225065	0.475653	0.0372087	
0.0433898	0.00623733	0.0505434	0.0494561	0.00472574	0.0264411	0.0677298	0.119128	0.0745423	0.238925	0.0218271	0.0283691	0.00238107	0.0326573	0.0160899	0.0239954	0.0496015	0.0519211	0.0235648	0.0684748	
0.141932	0.0112759	0.0256564	0.0287056	0.0185885	0.00560324	0.0265993	0.110971	0.0704591	0.102164	0.00999161	0.0470931	0.00524379	0.0428714	0.0303807	0.0312036	0.0125463	0.205741	0.0363014	0.0366711	
0.0509768	0.00831846	0.0722148	0.0672755	0.00841836	0.0355416	0.0130576	0.026266	0.0698311	0.354787	0.039093	0.0489305	0.00432257	0.0300409	0.013543	0.0299884	0.0528637	0.0214005	0.0184688	0.0346614	
0.0195085	0.00499455	0.306448	0.155134	0.0246626	0.00486655	0.0156202	0.0259436	0.0366746	0.0588009	0.0162972	0.0516672	0.0273894	0.0622136	0.0253242	0.0339127	0.0356748	0.0102352	0.0613732	0.0232594	
0.0184568	0.00546823	0.027208	0.427502	0.0385037	0.00617325	0.0173917	0.0323318	0.0280914	0.0600133	0.0221939	0.0529364	0.0229194	0.0263746	0.0185282	0.0315386	0.0383731	0.00985867	0.0748627	0.0412739	
0.0513506	0.00648571	0.0690442	0.0799978	0.023793	0.0505024	0.0184161	0.00493661	0.01964	0.155482	0.150527	0.0586242	0.0115041	0.0371406	0.00615036	0.048382	0.130799	0.0114136	0.0270153	0.0387957	
0.0213425	0.00671865	0.322471	0.108805	0.0214704	0.00723202	0.00968372	0.0216691	0.067473	0.0614624	0.0171287	0.0777723	0.0297027	0.0425098	0.0268538	0.0392058	0.0346666	0.0125091	0.0597744	0.0115499	
0.0556247	0.00501531	0.0748083	0.0608813	0.0126143	0.0179221	0.0158135	0.0857382	0.0651341	0.186033	0.0133294	0.0490313	0.00590801	0.0440278	0.14481	0.0263966	0.034788	0.0329908	0.0270598	0.0420738	
0.044699	0.00621368	0.0535739	0.0541804	0.00449906	0.0302048	0.0694564	0.109419	0.0725202	0.239227	0.0239414	0.0316867	0.00287055	0.0297502	0.0158188	0.0251766	0.045182	0.0496169	0.024233	0.0677304	
0.0246053	0.00116348	0.0540475	0.0755109	0.0443743	0.00418397	0.0174244	0.0390662	0.059159	0.0126599	0.00862976	0.0261507	0.0303919	0.027225	0.00575387	0.00813825	0.0208962	0.0231767	0.477962	0.0394808	
0.0301274	0.00633155	0.0160166	0.015559	0.00102601	0.00271928	0.0271917	0.2844	0.0609629	0.130517	0.0051809	0.0268724	0.0152369	0.0293052	0.0153469	0.0116987	0.0260811	0.217981	0.0320428	0.0454024	
0.0215092	0.00661701	0.0668753	0.0457862	0.0446919	0.0291014	0.00580256	0.0383648	0.0463412	0.016711	0.0141647	0.0410843	0.439166	0.0232463	0.0141072	0.00870989	0.00571989	0.0262072	0.0693768	0.0364177	
0.032961	0.00785228	0.0274161	0.0309887	0.019475	0.00626026	0.0350284	0.0810695	0.070795	0.0586282	0.0150896	0.0530876	0.0243768	0.039395	0.0255132	0.034963	0.0388194	0.321426	0.0377655	0.0390891	
0.0379332	0.00516571	0.0788203	0.057054	0.0177617	0.0183867	0.111139	0.0774094	0.159049	0.0775047	0.0102246	0.0197567	0.010044	0.0372194	0.0216053	0.0481308	0.0337227	0.0562206	0.0411244	0.0817277	
0.0756605	0.00684441	0.0784684	0.0229058	0.0343497	0.0109175	0.0232343	0.0126531	0.180381	0.0730216	0.013056	0.0547766	0.0237469	0.0286635	0.183717	0.0457897	0.0170717	0.0436087	0.0322778	0.038855	
0.0980323	0.00307172	0.0871948	0.0933079	0.015412	0.00793328	0.0253454	0.00855446	0.0544594	0.0491834	0.0221909	0.130811	0.0134886	0.0331974	0.0022412	0.195113	0.0822787	0.0316371	0.0229625	0.0235854	
0.0249252	0.00106422	0.055977	0.0773431	0.0453558	0.002946	0.0179028	0.0353782	0.0566427	0.0143122	0.00880106	0.0269652	0.0275609	0.029062	0.00590414	0.00827847	0.0231149	0.0235358	0.474529	0.0404014	
0.0516527	0.00751162	0.077478	0.0618325	0.0306623	0.00477294	0.0158243	0.0447053	0.040556	0.102208	0.00837468	0.0468701	0.0262825	0.0567494	0.304126	0.00942114	0.0132382	0.043777	0.0135465	0.0404112	
0.0569924	0.0084529	0.0726277	0.0698547	0.00860557	0.0331642	0.0115083	0.0235206	0.0637393	0.356767	0.0377605	0.0480351	0.00536046	0.0358446	0.0145453	0.0314974	0.0489854	0.0184732	0.0199383	0.0343274	
0.0514231	0.00407495	0.0825112	0.065005	0.036813	0.00447534	0.00924053	0.0374864	0.0746538	0.0611602	0.0110565	0.0503261	0.01163	0.0543275	0.287299	0.0164146	0.0257589	0.0416845	0.0368314	0.0378283	
0.0591022	0.0088592	0.0418825	0.0549137	0.0224276	0.0296432	0.310755	0.0503509	0.0935833	0.0401987	0.0174628	0.0224239	0.00603558	0.0180709	0.00771572	0.0423756	0.0398976	0.0540233	0.0488421	0.0314358	
0.244346	0.00573469	0.0605138	0.05043	0.00742293	0.0151544	0.0248292	0.0268106	0.0794749	0.0689811	0.0163241	0.0884806	0.00348145	0.0403415	0.0225374	0.129702	0.0227416	0.0585194	0.0255354	0.00863888	
0.0160934	0.00745895	0.0663711	0.0703916	0.0234054	0.0284248	0.0285006	0.0998766	0.036257	0.100944	0.0264704	0.0258393	0.00448493	0.0374791	0.0106484	0.0162325	0.256778	0.0499546	0.0453056	0.0490838	
0.0509927	0.00776474	0.06923	0.0681641	0.00594186	0.0376877	0.0181337	0.023136	0.0618452	0.354066	0.0355544	0.0453288	0.0117385	0.0364745	0.0256502	0.0183473	0.0436488	0.0172344	0.0227752	0.046286	
0.0660788	0.00783998	0.0361702	0.0657673	0.0248104	0.0214108	0.00804376	0.0134837	0.0108728	0.0731461	0.0183642	0.391176	0.0378796	0.0385432	0.0248604	0.0477083	0.0173381	0.0415456	0.0424183	0.0125427	
0.052168	0.00672292	0.0612405	0.0282127	0.0295285	0.0230461	0.0246489	0.0479618	0.400719	0.0641025	0.00542817	0.0115873	0.0272629	0.0221659	0.00827927	0.0323682	0.014859	0.0432825	0.0548321	0.0415838	
0.0379277	0.00674085	0.0811805	0.153381	0.0282403	0.0242047	0.0320974	0.0478972	0.204361	0.0737061	0.00599848	0.0138934	0.0178853	0.0236974	0.00779128	0.0383721	0.0726954	0.0214894	0.0579689	0.050472	
0.0184985	0.00659297	0.0253984	0.422491	0.0360619	0.00665583	0.0172025	0.0317552	0.0297505	0.053427	0.0237206	0.0506923	0.0278037	0.0303586	0.0192695	0.0352604	0.0394882	0.00939982	0.0734779	0.0426957	
0.0175842	0.00762924	0.0649549	0.0640225	0.0288863	0.0318079	0.0283388	0.093397	0.0578124	0.107843	0.0265449	0.0151187	0.00404035	0.0352909	0.0159716	0.00981076	0.239275	0.047754	0.0493392	0.054578	
0.352505	0.00753257	0.04084	0.0194742	0.0256252	0.0116805	0.024405	0.0313962	0.0813039	0.0848512	0.0174192	0.0619779	0.00430563	0.0406672	0.03641	0.0356673	0.0151682	0.0228842	0.0463403	0.0395466	
0.0554868	0.0056866	0.0813915	0.0598006	0.0241775	0.00406778	0.0216837	0.0457749	0.0754325	0.159531	0.0139094	0.0513838	0.00501024	0.0720037	0.143591	0.0307466	0.0312438	0.0454642	0.0322596	0.0413551	
0.0533038	0.0078868	0.0606137	0.0306782	0.0294771	0.0206034	0.0290435	0.0530895	0.326878	0.0677518	0.00675408	0.0115386	0.0231788	0.076712	0.0114896	0.0310645	0.0156288	0.0437443	0.0488999	0.0516636	
0.0337563	0.00401852	0.0210275	0.0500218	0.0200019	0.0268575	0.0711395	0.0773701	0.0706782	0.0941206	0.0147976	0.0119232	0.0188518	0.0334131	0.0210816	0.0102986	0.0359394	0.0479521	0.04877	0.287981	
0.0654739	0.0063136	0.143949	0.217992	0.0209978	0.00784955	0.0217511	0.0248839	0.102412	0.0627624	0.016057	0.0505015	0.0294025	0.0229232	0.0232016	0.0533911	0.0385481	0.0117698	0.0496221	0.0301984	
0.0257102	0.00618026	0.0921164	0.358955	0.0283311	0.00792555	0.0187324	0.031261	0.0410875	0.0575755	0.0200048	0.0529546	0.0243883	0.0255707	0.0180951	0.0416835	0.0413028	0.0112094	0.0673519	0.0295638	
0.0628002	0.00949709	0.0728073	0.0351185	0.0376595	0.0300049	0.00745078	0.037171	0.0385048	0.0369224	0.0192454	0.0617865	0.017516	0.296095	0.0166669	0.0433639	0.0391138	0.0470467	0.0536391	0.0375907	
0.0515933	0.0039153	0.0640442	0.0511142	0.138146	0.0187363	0.0324387	0.00959964	0.0740806	0.00829841	0.0194353	0.057297	0.0316813	0.054516	0.0354856	0.0189439	0.0415957	0.210188	0.059107	0.0197835	
0.055236	0.00704665	0.0803293	0.0678481	0.0741862	0.0290117	0.00912126	0.015	0.0754927	0.2144	0.0180261	0.0507848	0.00595641	0.0511479	0.086499	0.0368854	0.0389287	0.0160394	0.0293663	0.0386941	
0.0339911	0.00205195	0.0460054	0.0548383	0.0106189	0.00174301	0.0327919	0.307412	0.0664037	0.0933131	0.00925395	0.00626683	0.0151028	0.0333353	0.000648188	0.0184298	0.0664463	0.106897	0.0456637	0.0487866	
0.0247915	0.0014194	0.0569172	0.0750505	0.0454947	0.00306211	0.0199032	0.0361639	0.0577962	0.0130843	0.00809463	0.0275764	0.0287614	0.0282861	0.00514826	0.00854578	0.021896	0.025519	0.475636	0.0368539	
0.0414356	0.00674798	0.0860293	0.0811299	0.00844522	0.0263678	0.0305757	0.024073	0.0862516	0.0690208	0.021812	0.0967147	0.00931623	0.0423476	0.0218019	0.252844	0.0233903	0.031819	0.0281022	0.0117753	
0.0415573	0.00425596	0.0181279	0.0562255	0.0349238	0.0300122	0.0262437	0.0616586	0.0737292	0.0811324	0.0156586	0.0128455	0.0309434	0.0362588	0.0240806	0.0101229	0.0397005	0.0375852	0.0533966	0.311541	
0.0993468	0.00381453	0.0859916	0.0930577	0.0133167	0.00972194	0.0230522	0.00495833	0.0555832	0.050502	0.0214197	0.162743	0.011956	0.0357594	0.00192189	0.175315	0.0743296	0.0274687	0.0279671	0.0217752	
0.0261671	0.00778415	0.0342646	0.0138284	0.0155887	0.00306886	0.035461	0.180113	0.0691685	0.0726315	0.00785277	0.0415125	0.0241256	0.0362693	0.020278	0.025103	0.0372613	0.27353	0.0389778	0.0370134	
0.0444639	0.00810157	0.06322	0.0500097	0.0447172	0.0324674	0.00471595	0.0395158	0.0480287	0.0187204	0.0138088	0.0410281	0.389896	0.0352707	0.0143982	0.0112526	0.00813657	0.0262934	0.0678368	0.038118	
0.0228237	0.00590402	0.0666034	0.0452708	0.0478506	0.030064	0.00760858	0.0366585	0.0458187	0.0167531	0.0121449	0.0423352	0.437074	0.0204197	0.0135123	0.0101967	0.00706161	0.0271982	0.0653567	0.0393451	
0.0646337	0.0054915	0.175471	0.0807864	0.0183293	0.0142158	0.065825	0.0109669	0.122897	0.0627538	0.0147049	0.0635241	0.0158798	0.0385267	0.0234933	0.122736	0.0156133	0.0346378	0.0339032	0.0156109	
0.0497707	0.00808081	0.0670247	0.0693043	0.00567855	0.043766	0.0192123	0.0315599	0.0521266	0.317901	0.0904771	0.0423095	0.0099239	0.0297377	0.0198165	0.0172955	0.0623583	0.0127335	0.0089297	0.0419936	
0.304503	0.00709256	0.053918	0.0242681	0.0185175	0.0085364	0.0247145	0.0281399	0.0866819	0.0718302	0.0186006	0.0762035	0.00426295	0.0437014	0.0254783	0.101155	0.0205626	0.0313734	0.0302456	0.0202139	
0.098588	0.010466	0.0721122	0.0639442	0.0311029	0.0261627	0.0220506	0.0415928	0.0723897	0.127013	0.0199997	0.0474002	0.0645716	0.106594	0.0575894	0.0133239	0.0105287	0.0382172	0.0338566	0.042497	
0.0925382	0.0044469	0.0765079	0.0877367	0.0167439	0.0113697	0.0243233	0.00958816	0.061341	0.06577	0.0283558	0.0520429	0.00887744	0.0404956	0.00279245	0.181089	0.140682	0.0344214	0.0314144	0.0294628	
0.0377494	0.00503756	0.089431	0.0754419	0.0100949	0.0259863	0.0301386	0.0205985	0.0830807	0.0686078	0.0206791	0.0999397	0.00973877	0.0411292	0.022044	0.258332	0.0230338	0.034222	0.0303917	0.0143231	
0.0183063	0.00624196	0.0743961	0.0532616	0.045109	0.0269072	0.00586587	0.0354915	0.0570891	0.0189417	0.013765	0.0392145	0.379085	0.0366766	0.0458331	0.0107127	0.0059907	0.0278689	0.0565713	0.042672	
0.0983439	0.0062149	0.0168948	0.033512	0.031951	0.277109	0.0236998	0.0233811	0.0658445	0.0963111	0.0292066	0.0377543	0.00592176	0.0388525	0.0104039	0.0215471	0.105383	0.00817666	0.0159642	0.0535285	
0.0303462	0.0064247	0.0658349	0.0232801	0.0238094	0.00814549	0.187849	0.0590723	0.106775	0.0500536	0.0148518	0.046745	0.00724101	0.0617528	0.0126513	0.0453823	0.0362861	0.0913038	0.0459687	0.0762265	
0.0442294	0.0063396	0.0694644	0.0475403	0.0452628	0.0330801	0.00401808	0.0403973	0.0523547	0.0205631	0.0129578	0.0414252	0.387844	0.0351689	0.0127828	0.0105612	0.00573027	0.0296405	0.0616318	0.0390075	
0.0169734	0.00581363	0.0798631	0.0748376	0.026628	0.036373	0.122098	0.0413771	0.110767	0.0755662	0.0195518	0.045222	0.0163796	0.0366203	0.021228	0.0521535	0.0415726	0.0122805	0.0474181	0.117277	
0.0478387	0.00553792	0.0855736	0.054174	0.0217905	0.0211744	0.244042	0.04917	0.106353	0.0369802	0.0138062	0.0290623	0.00595483	0.0510182	0.00820556	0.0466101	0.035696	0.0520263	0.0507543	0.0342321	
0.0215023	0.00665516	0.332629	0.15144	0.0227868	0.00689063	0.00887138	0.0278814	0.0655782	0.0622685	0.0172045	0.0320621	0.0264713	0.0410306	0.0241838	0.0315858	0.0368042	0.0122895	0.0618144	0.0100504	
0.0196	0.00550169	0.0671838	0.0555335	0.0476276	0.0286573	0.00749616	0.0369217	0.0573821	0.0174667	0.0131997	0.0379735	0.396532	0.0297341	0.040612	0.0106521	0.0059348	0.0289856	0.0500658	0.0429393	
0.0578344	0.00578118	0.0767829	0.0593055	0.0370817	0.00367766	0.0171572	0.0204067	0.0984414	0.0871813	0.0134199	0.0521774	0.0233411	0.0541546	0.247806	0.0117691	0.0149748	0.0390011	0.0373312	0.0423746	
0.0425294	0.00508052	0.0189651	0.0537531	0.0380572	0.0299336	0.0279713	0.06001	0.0678055	0.0779292	0.0177856	0.013002	0.028877	0.0323119	0.0234679	0.0110103	0.0385499	0.0391002	0.0482837	0.325577	
0.344298	0.00768739	0.0283378	0.0369162	0.0221139	0.0125449	0.0252086	0.0326578	0.0834861	0.087126	0.0169573	0.0537549	0.00683587	0.0456372	0.0303155	0.0406275	0.0153674	0.0252553	0.047741	0.0371308	
0.0237664	0.00972459	0.357745	0.0210848	0.024599	0.0599257	0.0107525	0.0298307	0.0880495	0.0841514	0.0213053	0.025198	0.039946	0.0432426	0.022223	0.0459428	0.0360604	0.0136051	0.0308997	0.0119471	
0.0637877	0.00885554	0.0595457	0.0510214	0.00990238	0.0233712	0.0151624	0.0541657	0.0717556	0.274944	0.0190119	0.0536375	0.00572046	0.0413354	0.0133633	0.0378957	0.0425527	0.0987749	0.0186045	0.0365925	
0.0301036	0.0129499	0.071465	0.0854329	0.0227152	0.147164	0.0313604	0.0286743	0.0866185	0.0754061	0.0214529	0.062751	0.0228184	0.0370924	0.00360714	0.14276	0.050075	0.0095958	0.0235663	0.0343904	
0.0445407	0.00769988	0.095142	0.157472	0.0252326	0.041995	0.0261155	0.0244228	0.0783036	0.0486791	0.0176765	0.0644841	0.0908989	0.0386978	0.0145557	0.111285	0.036086	0.00820052	0.0339598	0.0345529	
0.0651526	0.011474	0.0461813	0.0386088	0.00544379	0.0113037	0.0417546	0.124949	0.0775383	0.107451	0.00425351	0.0972201	0.0165574	0.0470818	0.0247053	0.0477562	0.0134977	0.153991	0.0315656	0.0335143	
0.022572	0.00768538	0.0664121	0.0490885	0.0452398	0.0288275	0.00462912	0.0418683	0.0484863	0.0174944	0.0114368	0.0382231	0.429114	0.0290402	0.0140086	0.00866782	0.00700153	0.0270902	0.0629856	0.0401285	
0.0648877	0.00566725	0.0732524	0.0630825	0.0111484	0.0215623	0.0536232	0.0236113	0.0803544	0.186897	0.017614	0.0503032	0.00652808	0.0490319	0.132612	0.0332646	0.0295591	0.0182029	0.0272057	0.0515931	
0.0406311	0.00782404	0.0803372	0.078476	0.0213371	0.0264848	0.0246188	0.0176661	0.0352541	0.0820539	0.0333033	0.0562693	0.00525168	0.0422143	0.00569125	0.129481	0.211096	0.0362503	0.0317253	0.034034	
0.0177882	0.00539451	0.0295459	0.427381	0.0373144	0.00634598	0.0178521	0.0313252	0.0289914	0.0571776	0.0214637	0.0498539	0.0217005	0.0275057	0.0215615	0.0309682	0.0395427	0.0102336	0.0742745	0.0437794	
0.0918182	0.00883869	0.0280743	0.0761806	0.0165907	0.0188104	0.00643495	0.0112629	0.0149972	0.0615487	0.0208266	0.306913	0.0230071	0.0424372	0.0153833	0.151607	0.0255127	0.0391347	0.0314064	0.00921441	
0.0528559	0.00887794	0.0594644	0.0286269	0.0277648	0.0224141	0.0263277	0.0484534	0.403949	0.0694759	0.00480951	0.0111246	0.024153	0.0249102	0.0110181	0.0296963	0.0136783	0.0411755	0.0487333	0.042491	
0.0352721	0.00880246	0.0820623	0.0410793	0.0138613	0.00541715	0.0434891	0.0553759	0.0710604	0.108916	0.0133136	0.0536722	0.0193421	0.0407531	0.0288086	0.0433635	0.0401686	0.227878	0.0316409	0.035723	
0.0322629	0.00846314	0.0498633	0.0161286	0.0338361	0.00534422	0.036836	0.0661331	0.0759264	0.0430823	0.0144713	0.0513162	0.0245499	0.0487048	0.030359	0.0320944	0.0393522	0.301581	0.0444488	0.0452461	
0.0559982	0.01009	0.0507613	0.0446822	0.015614	0.0153863	0.0285252	0.100438	0.0717342	0.21335	0.00804725	0.0485407	0.00572198	0.0636947	0.0117549	0.0304592	0.0366358	0.116708	0.0289105	0.0429476	
0.186699	0.00840143	0.0903593	0.0496093	0.0156284	0.0072758	0.0310731	0.0440016	0.0822946	0.0715011	0.0112052	0.068551	0.00599779	0.0445172	0.0320288	0.0812096	0.0194766	0.096568	0.0317402	0.0218619	
0.063134	0.0105333	0.0607664	0.0578234	0.0236146	0.0399251	0.0246088	0.0607274	0.0292717	0.0991122	0.0377652	0.0446655	0.00482206	0.0406289	0.00801824	0.032103	0.174705	0.10634	0.0389956	0.0424402	
0.0477181	0.00788875	0.03167	0.0315899	0.00800505	0.0129654	0.0294881	0.174989	0.0704601	0.211482	0.0124986	0.0372243	0.00409933	0.0220882	0.0101394	0.0249494	0.0408221	0.153552	0.0210888	0.0472819	
0.0218294	0.00583939	0.0655388	0.0463146	0.0452363	0.0264746	0.00374554	0.0377333	0.0485393	0.0174546	0.0144487	0.0418652	0.433913	0.0298007	0.0135949	0.00762057	0.00610566	0.0234207	0.0678536	0.0426709	
0.0615653	0.0104634	0.0743952	0.0661589	0.118106	0.0367184	0.00885822	0.0122903	0.0727885	0.204731	0.0286705	0.049661	0.00599771	0.0433905	0.0203637	0.0372807	0.0492867	0.0188165	0.0339651	0.0464916	
0.0300845	0.00455444	0.0335288	0.0728798	0.308812	0.0260624	0.0159984	0.00702723	0.0668843	0.00620257	0.0139567	0.0232192	0.0528734	0.0366756	0.0183567	0.00769082	0.0290107	0.0114834	0.0983603	0.136338	
0.0669753	0.00862437	0.0931155	0.0939896	0.0287579	0.0194679	0.0148515	0.0102846	0.0472941	0.0658665	0.0228525	0.1522	0.022417	0.0418969	0.0245582	0.0932082	0.0742515	0.0360374	0.0276238	0.0557272	
0.0247956	0.00450315	0.103217	0.288286	0.0270057	0.00675959	0.0240275	0.0255893	0.109288	0.0627264	0.0177653	0.0454384	0.0213511	0.0252198	0.0208653	0.042275	0.041263	0.0114443	0.062594	0.0355844	
0.167117	0.00692512	0.0683581	0.0756064	0.0160943	0.0283549	0.0248528	0.0204499	0.0656495	0.029515	0.0198645	0.090382	0.00408716	0.038251	0.0171481	0.152577	0.104564	0.0390666	0.00756571	0.0235704	
0.0392332	0.00587583	0.0552117	0.0616995	0.00507904	0.0136155	0.0268718	0.375597	0.0718455	0.0476524	0.00474227	0.0116333	0.0366133	0.0356601	0.0184226	0.01188	0.0175595	0.0589069	0.0576616	0.0442389	
0.350391	0.00856507	0.0325226	0.0383123	0.0283586	0.0118011	0.0214662	0.0306504	0.0802985	0.0855765	0.0159947	0.0581171	0.00703109	0.0437466	0.0323212	0.0400048	0.013212	0.0242054	0.0414331	0.0359911	
0.0225418	0.00687135	0.0670138	0.0421726	0.0473675	0.0292169	0.00527701	0.0383242	0.0494767	0.016504	0.0132865	0.0404283	0.435617	0.022719	0.0152384	0.00845135	0.00528002	0.0257276	0.0668085	0.0416775	
0.056807	0.00273091	0.0789592	0.0613446	0.0367951	0.00536464	0.00878735	0.0342316	0.0791589	0.0574348	0.011767	0.0499668	0.0124657	0.0533868	0.286241	0.0178276	0.0247006	0.0407836	0.0433418	0.0379052	
0.0248319	0.00700297	0.00819559	0.0196574	0.00171449	0.00156876	0.0258003	0.307387	0.0572506	0.146122	0.0065762	0.0249383	0.0156451	0.0290753	0.0142821	0.0151132	0.0298217	0.19583	0.0241592	0.0450275	
0.0615046	0.00274521	0.0802204	0.054292	0.0254093	0.00469852	0.011445	0.0429665	0.0644832	0.129251	0.0124034	0.0523716	0.00597656	0.0549583	0.24643	0.0160402	0.0240496	0.0417869	0.0309435	0.0380243	
0.262091	0.00481481	0.0574239	0.0455941	0.00791797	0.011895	0.0260145	0.0281526	0.0867431	0.0751504	0.0161012	0.083787	0.00261524	0.0394462	0.0262716	0.115945	0.0213685	0.0513711	0.0295371	0.00775875	
0.0923121	0.00722631	0.0343109	0.0190961	0.0303168	0.311794	0.0227956	0.0230372	0.0610854	0.0892181	0.0267359	0.0452068	0.0311009	0.036182	0.00487269	0.0313707	0.0637234	0.00818605	0.0138152	0.0476138	
0.0546476	0.00732521	0.0590804	0.0249081	0.0283529	0.0279141	0.0302911	0.0256889	0.40413	0.0718202	0.0101638	0.0123833	0.0218659	0.0234028	0.0104897	0.0390527	0.0145671	0.0381454	0.0522472	0.0435235	
0.0549645	0.00689096	0.0737127	0.0605753	0.0380666	0.00358245	0.0168369	0.0428844	0.0427129	0.0935325	0.00782441	0.0564051	0.030371	0.0543314	0.300141	0.00979499	0.0128023	0.0399802	0.0123897	0.042201	
0.0339014	0.0073204	0.0290605	0.0293148	0.00275145	0.00790754	0.026193	0.356647	0.0635258	0.0845178	0.00346657	0.0145599	0.0282922	0.0324956	0.0158882	0.0109338	0.015497	0.155126	0.0372302	0.0453703	
0.0419658	0.00645218	0.0591758	0.0555924	0.0035879	0.0269231	0.0322471	0.0971107	0.0665743	0.294964	0.0251038	0.0354617	0.0100451	0.0349658	0.0316981	0.0171064	0.0424656	0.0423298	0.0240585	0.0521714	
0.0256418	0.00730692	0.0108696	0.0163989	0.00333663	0.00156817	0.0258281	0.240233	0.0592056	0.130488	0.00637087	0.0325648	0.0177548	0.0317518	0.0174295	0.0184733	0.031148	0.25527	0.0284522	0.0399083	
0.172303	0.00400427	0.0706757	0.0675873	0.0066287	0.0216514	0.0251681	0.0256411	0.0664364	0.0581361	0.0184355	0.0907543	0.00417659	0.0412286	0.0178738	0.158129	0.0728843	0.0459407	0.0210927	0.0112532	
0.341724	0.0070586	0.0320635	0.0367999	0.0268012	0.0104757	0.0251295	0.029378	0.0783634	0.0812475	0.0148054	0.0582522	0.00505068	0.0461921	0.0403122	0.0408581	0.0133058	0.0273661	0.0472944	0.0375217	
0.0784752	0.00637037	0.0855609	0.0789827	0.019156	0.0158379	0.032232	0.0121786	0.0916425	0.0560642	0.0209803	0.0543741	0.0160411	0.0430301	0.00468774	0.261185	0.0302622	0.0389522	0.0283538	0.0256333	
0.0547243	0.00663869	0.0744499	0.0681565	0.00529739	0.0319125	0.0226914	0.0238297	0.0667025	0.35166	0.0350429	0.0452613	0.0119759	0.0366288	0.0247377	0.017893	0.0450554	0.0187127	0.0191542	0.0394753	
0.358143	0.00894486	0.029486	0.0338115	0.0262721	0.012519	0.0257644	0.0360339	0.0766862	0.0829864	0.0164672	0.0546744	0.00618445	0.0437628	0.0317482	0.0351012	0.0139941	0.0241152	0.0413075	0.0419975	
0.056659	0.00775194	0.0751932	0.0628318	0.00679899	0.0396352	0.0114304	0.0239754	0.0749406	0.354417	0.0351703	0.0502843	0.00429558	0.0311308	0.0149758	0.030223	0.0497763	0.0191896	0.016872	0.0344493	
0.0280696	0.0090851	0.028691	0.0127123	0.012547	0.00294502	0.0338154	0.180743	0.0685543	0.10334	0.00438301	0.0380149	0.0215839	0.0347964	0.0193284	0.0245785	0.0295124	0.270459	0.0347791	0.0420615	
0.0487071	0.00663011	0.0603494	0.0247504	0.0257375	0.0206905	0.0294974	0.0521201	0.398339	0.0675503	0.00540434	0.0114766	0.0252046	0.0251254	0.00984365	0.0329972	0.0153917	0.0453825	0.0524728	0.0423291	
0.0352733	0.00363049	0.0216765	0.0511212	0.0173488	0.026446	0.0715417	0.078509	0.0706893	0.0920229	0.0152136	0.0118552	0.0156989	0.0319215	0.0206827	0.0108185	0.0382504	0.0476257	0.0497527	0.289921	
0.0568038	0.00952518	0.0688542	0.0617874	0.00918882	0.031418	0.0122317	0.0219313	0.0694555	0.35809	0.0389483	0.0467995	0.0042784	0.0348426	0.014928	0.0325893	0.0505565	0.0208293	0.0208043	0.036138	
0.0168798	0.00617135	0.390738	0.108285	0.0193744	0.00660805	0.0085393	0.0265801	0.0630036	0.0616834	0.0155625	0.0314785	0.0301999	0.0413687	0.0232706	0.0309196	0.0328063	0.0107089	0.064114	0.0117076	
0.0418578	0.007729	0.0571891	0.0207371	0.0316856	0.297962	0.0231915	0.0321154	0.0744494	0.0810209	0.0224482	0.0445496	0.0508357	0.0456296	0.028473	0.0322541	0.0460069	0.00958597	0.00960617	0.0426731	
0.0249671	0.00700402	0.00955415	0.014305	0.00231303	0.00253056	0.0279037	0.271057	0.062931	0.135265	0.00591928	0.0257591	0.016203	0.0293369	0.0132975	0.0152465	0.0289785	0.236686	0.0272463	0.043497	
0.0304726	0.00888845	0.0922025	0.0935481	0.0215412	0.0311995	0.032936	0.0202546	0.0847993	0.0292061	0.0175427	0.0813072	0.0666235	0.0496333	0.0190683	0.216996	0.0182299	0.0316235	0.0246192	0.0293078	
0.0210258	0.00737721	0.43608	0.0341943	0.021519	0.0135419	0.00901488	0.0270998	0.0728308	0.0746701	0.0197871	0.0260524	0.0340126	0.0420352	0.027504	0.0305925	0.0382125	0.0108083	0.0429968	0.0106444	
0.0389571	0.00707682	0.0938266	0.328575	0.041282	0.0126864	0.00257326	0.0328198	0.0290043	0.0222173	0.0184973	0.0574738	0.0112649	0.0848531	0.00672549	0.0415541	0.0380643	0.0207192	0.0783232	0.0335057	
0.123521	0.00664708	0.124826	0.0528468	0.0258574	0.0074301	0.0351966	0.0501971	0.0807644	0.0868652	0.0131597	0.0593119	0.0059052	0.0431557	0.0374876	0.0284625	0.0118249	0.131314	0.0442542	0.030973	
0.0378361	0.00642707	0.0480782	0.0572335	0.00620854	0.0145549	0.027989	0.379863	0.0696242	0.0515579	0.00533005	0.0104574	0.0336227	0.0365819	0.0174949	0.010074	0.017358	0.0670478	0.0543269	0.0483333	
0.077031	0.0119374	0.0290979	0.0122759	0.0102483	0.00485046	0.0275733	0.167581	0.0677632	0.155941	0.00397712	0.0457619	0.0143432	0.0380239	0.0237522	0.0290048	0.0265137	0.189306	0.0218988	0.0431193	
0.112284	0.00466146	0.0164878	0.030434	0.038304	0.291544	0.0228779	0.0229461	0.0626482	0.0968379	0.0269326	0.0379127	0.0326376	0.041013	0.00657651	0.0178128	0.0619984	0.00739766	0.016404	0.0522901	
0.0597403	0.011416	0.0724032	0.0607538	0.0475965	0.0246438	0.021911	0.0200954	0.071539	0.226046	0.0178118	0.0484552	0.0185991	0.0490121	0.0427417	0.0210338	0.0389795	0.0763525	0.027567	0.0433028	
0.0854983	0.00791195	0.0295331	0.0748921	0.0210032	0.0214744	0.00693122	0.0130856	0.0113183	0.0683908	0.0186548	0.34586	0.0244115	0.0401552	0.0173383	0.114688	0.022563	0.0383303	0.0296546	0.0083048	
0.0385974	0.00610179	0.0469206	0.0571494	0.00498381	0.0140049	0.0275278	0.383992	0.0749702	0.045388	0.00414021	0.00992467	0.0352909	0.0367978	0.0205063	0.0108345	0.0184993	0.0640364	0.0564142	0.0439196	
0.0216656	0.00592631	0.0625373	0.0497816	0.0471181	0.0267754	0.00575355	0.0374651	0.0497315	0.0186568	0.0138827	0.0402958	0.435146	0.0230269	0.015241	0.00899584	0.00595413	0.0228814	0.0651635	0.0440018	
0.0178996	0.00707224	0.0741053	0.0721108	0.0336846	0.03635	0.0241611	0.0319203	0.0600156	0.0928409	0.032962	0.0187538	0.00575594	0.0402879	0.0169333	0.0127202	0.284935	0.0372244	0.0532721	0.0469951	
0.0558461	0.00483186	0.0192593	0.0305257	0.0351494	0.351629	0.0198273	0.0275526	0.0625624	0.0942798	0.0235394	0.0368463	0.0394484	0.0399358	0.00862608	0.0162852	0.0601958	0.00771575	0.0153086	0.050635	
0.023501	0.00822282	0.0111297	0.01595	0.00333427	0.00202819	0.0256569	0.263204	0.0613548	0.135031	0.0068029	0.0288443	0.0136839	0.0291614	0.0165585	0.0163493	0.027963	0.240235	0.0306076	0.0403815	
0.0532988	0.00919535	0.0481339	0.0393039	0.00562226	0.0168935	0.0256419	0.117503	0.0797843	0.249197	0.00815279	0.0425027	0.0131092	0.0364818	0.0260257	0.0185104	0.0361109	0.1226	0.00782121	0.0441118	
0.0292171	0.0069698	0.0339478	0.0104461	0.0120348	0.00300965	0.031528	0.179616	0.0687029	0.101521	0.00430603	0.039271	0.0213887	0.0365334	0.0189261	0.0256915	0.0279933	0.270546	0.0334735	0.0448775	
0.0622927	0.00886987	0.068793	0.0592374	0.00874831	0.0356727	0.0112108	0.0220316	0.0683066	0.36564	0.0333984	0.0507316	0.00431092	0.0316057	0.0120794	0.0340935	0.0493296	0.0205739	0.0190761	0.0339977	
0.0201397	0.00670353	0.0303735	0.421944	0.0370737	0.00597809	0.0139114	0.0328321	0.0292208	0.0614125	0.0236992	0.0500055	0.0217524	0.0267306	0.0182411	0.0342464	0.0386303	0.0125147	0.0712801	0.0433099	
0.0502733	0.00907117	0.0728551	0.067068	0.00919225	0.0343626	0.0118811	0.0233826	0.0680041	0.368794	0.0393597	0.0453264	0.00429853	0.0349111	0.0128255	0.0342315	0.0446998	0.0169272	0.0165067	0.0360292	
0.0230789	0.0064016	0.418013	0.032337	0.0233534	0.0131837	0.00900036	0.0317035	0.0768168	0.07293	0.0182421	0.0235892	0.0427272	0.0432072	0.0258747	0.0315547	0.0341474	0.0118163	0.0514987	0.0105238	
0.0846827	0.0037754	0.0813874	0.0785973	0.0159912	0.0130686	0.0269604	0.00988053	0.0723386	0.0572071	0.0238869	0.134234	0.0173149	0.0413761	0.00345729	0.222526	0.0329818	0.031724	0.0285661	0.0200432	
0.0517169	0.00683517	0.171515	0.0778728	0.0220045	0.0228147	0.0103999	0.00927735	0.0137721	0.0695789	0.0184372	0.257803	0.0496417	0.0435535	0.024834	0.0343635	0.0165639	0.0366197	0.0502579	0.0121381	
0.0480635	0.00747932	0.0690844	0.0740059	0.0142989	0.041884	0.0184987	0.0318467	0.0582454	0.312664	0.0895258	0.0427889	0.00378282	0.0177871	0.00783281	0.0302572	0.0626613	0.0147314	0.016582	0.0379797	
0.065666	0.00699194	0.0814908	0.0294263	0.0235161	0.0224533	0.041236	0.0194946	0.324897	0.0670165	0.013478	0.0310985	0.0169448	0.0234123	0.0151878	0.0908412	0.0169461	0.0392472	0.0390344	0.0316215	
0.0369055	0.0101285	0.0643801	0.0102818	0.0322771	0.0348957	0.000938125	0.0451385	0.0142588	0.0602411	0.0175647	0.0624005	0.415566	0.0187498	0.0063342	0.0249952	0.0184121	0.037	0.0484644	0.0410675	
0.0444016	0.00749713	0.010345	0.0193286	0.0019884	0.00262196	0.0254832	0.304911	0.0616343	0.12927	0.0063654	0.0313007	0.022232	0.0319074	0.0148017	0.0165397	0.0221579	0.182545	0.0227162	0.0419531	
