0.0342566	0.0200754	0.0190226	0.0597606	0.0449005	0.0229937	0.0264996	0.0737326	0.0444224	0.197527	0.0311305	0.0107899	0.0190464	0.0208017	0.0125727	0.018251	0.0710464	0.228005	0.00428467	0.0408808	
0.0382819	0.049463	0.0821877	0.0712693	0.0237805	0.0713448	0.0357961	0.0342258	0.079329	0.0207617	0.0212175	0.0284317	0.0539921	0.0337553	0.0368523	0.18838	0.0300168	0.0575292	0.00316454	0.040221	
0.0198517	0.0260582	0.0755609	0.087767	0.036372	0.0507612	0.0389175	0.0500917	0.0810129	0.024792	0.0180091	0.0218643	0.294177	0.0276233	0.0129821	0.0108188	0.0103302	0.0595856	0.00578315	0.047641	
0.0368765	0.0212295	0.0462144	0.0621521	0.0224029	0.0200018	0.0239873	0.0752377	0.0374393	0.25633	0.034113	0.0129367	0.0140504	0.0201428	0.0118401	0.0153801	0.0805669	0.179568	0.00415589	0.0253746	
0.0390455	0.0248209	0.0213848	0.0653102	0.0202846	0.0273894	0.033767	0.0394557	0.0571248	0.148678	0.018467	0.0141829	0.0254029	0.0255933	0.0177659	0.0244469	0.061242	0.298854	0.0049358	0.0318481	
0.0540154	0.0161642	0.0657937	0.147974	0.0521347	0.00798338	0.0390946	0.0287622	0.100729	0.0268229	0.014657	0.0268307	0.0493994	0.0553902	0.144176	0.02991	0.0293759	0.045339	0.00198874	0.063459	
0.0219035	0.0257091	0.0426063	0.078351	0.0314128	0.0346098	0.221882	0.0742645	0.101325	0.0577499	0.0196856	0.0179374	0.0486987	0.0435375	0.0510863	0.0119669	0.00827998	0.064595	0.00687669	0.0375216	
0.056549	0.0269316	0.0598628	0.0647591	0.0138673	0.0410978	0.0351069	0.060653	0.0614694	0.270672	0.0202823	0.015223	0.0202038	0.0291076	0.0235879	0.0143258	0.0609022	0.0919236	0.00191553	0.0315593	
0.199232	0.0276803	0.0446774	0.0481698	0.0454969	0.0516906	0.0323531	0.0199543	0.0272318	0.0898231	0.0194623	0.0166993	0.00610968	0.0233403	0.0122967	0.0316391	0.164609	0.0851256	0.00444027	0.0499693	
0.0598535	0.00940601	0.0718199	0.0874998	0.0508312	0.0102737	0.0125938	0.0481286	0.109183	0.157436	0.0272852	0.0216754	0.0156139	0.0345967	0.126429	0.0134276	0.0230248	0.0510749	0.00462408	0.0652234	
0.0623892	0.0250568	0.0633597	0.056928	0.0279618	0.060577	0.0336499	0.0803967	0.0350919	0.169394	0.192535	0.0136418	0.020102	0.0190898	0.0124468	0.018351	0.0126946	0.0460132	0.00538976	0.044931	
0.0573735	0.0227174	0.0787794	0.115744	0.039563	0.0249496	0.0393433	0.069013	0.118366	0.0361021	0.00618063	0.0508398	0.0401198	0.0807366	0.0629899	0.0354748	0.0163495	0.047786	0.00507941	0.0524923	
0.0713047	0.0263536	0.05667	0.0354938	0.0375172	0.0470672	0.0352215	0.0388864	0.326471	0.0498988	0.0137924	0.00917396	0.0365297	0.0308494	0.0313837	0.0288404	0.0123779	0.0554163	0.00471416	0.0520384	
0.0201045	0.0241644	0.112477	0.220306	0.0310218	0.0141175	0.0295774	0.0509207	0.0424096	0.0652692	0.0170727	0.0297286	0.0490674	0.0251255	0.0349526	0.0305135	0.038547	0.124185	0.0054507	0.0349882	
0.0478947	0.0276639	0.0412545	0.062051	0.0279667	0.0491505	0.0255866	0.0734675	0.0172955	0.166395	0.0100803	0.012494	0.00788605	0.0204716	0.00617838	0.0276025	0.189833	0.149437	0.00502544	0.0322659	
0.0597968	0.0420285	0.0879671	0.0697906	0.0266353	0.0650478	0.0296094	0.0276186	0.0781153	0.0269097	0.0195895	0.0311985	0.0206741	0.0326233	0.0356215	0.22008	0.0273062	0.0588027	0.00713036	0.033455	
0.0248932	0.0570454	0.0673675	0.0570059	0.0188199	0.119766	0.0330189	0.0311584	0.062499	0.0188006	0.0233082	0.0294617	0.0471653	0.0127368	0.00954597	0.168556	0.117688	0.0566207	0.00473597	0.0398064	
0.268078	0.0241699	0.029387	0.0475143	0.0383973	0.0213051	0.0320037	0.063496	0.0819124	0.068241	0.027324	0.0195524	0.00841134	0.0293544	0.0281877	0.0261139	0.0212521	0.101686	0.005539	0.0580747	
0.0615919	0.0302648	0.0867003	0.0650933	0.0139014	0.0522752	0.0318186	0.0350498	0.0827522	0.0461637	0.0242983	0.0292386	0.0194975	0.0345326	0.0332594	0.240143	0.0258342	0.0611121	0.00676621	0.0197065	
0.0723207	0.0115605	0.0564385	0.0937931	0.244741	0.0385675	0.0303805	0.00695844	0.092888	0.0163644	0.0193687	0.0206038	0.0399361	0.0348055	0.0427918	0.0153798	0.0404049	0.0252199	0.00525519	0.0922221	
0.0582351	0.0185386	0.0702768	0.112424	0.0583267	0.00888888	0.0330824	0.0292576	0.101568	0.0347261	0.0154941	0.0236766	0.0449674	0.0282086	0.18414	0.0335971	0.0264758	0.0472773	0.00511246	0.0657264	
0.0830185	0.0227404	0.0301175	0.2616	0.0476924	0.0136101	0.0371404	0.0376087	0.0547605	0.0489653	0.0191473	0.0224834	0.0397967	0.0626352	0.0499753	0.030392	0.0377299	0.0335607	0.00446652	0.062559	
0.0582654	0.0247258	0.0584662	0.0649181	0.0152614	0.0423925	0.035079	0.0635609	0.0566887	0.26742	0.0190409	0.0150796	0.021968	0.0251525	0.0243934	0.0131033	0.0605508	0.101676	0.00244137	0.0298169	
0.0682186	0.0218741	0.0176941	0.0517119	0.0217687	0.0244943	0.0256588	0.0823391	0.0335668	0.221762	0.0356853	0.010665	0.0124191	0.0190601	0.0102693	0.015155	0.0739634	0.219832	0.00346704	0.0303949	
0.238031	0.0422589	0.0748834	0.0301461	0.0307578	0.0188892	0.0357953	0.0309336	0.0835607	0.036189	0.0233628	0.0283066	0.00936456	0.0309494	0.0394987	0.140058	0.0392189	0.0257041	0.0046283	0.0374634	
0.0369068	0.0280962	0.0370014	0.0789788	0.023719	0.0594026	0.0337151	0.0549723	0.0450701	0.165936	0.0113703	0.016525	0.0235741	0.0211451	0.0137535	0.0242713	0.0703479	0.219543	0.00370552	0.0319656	
0.255118	0.0316151	0.0514149	0.0545196	0.0465081	0.0306864	0.0375783	0.0110595	0.0403678	0.0380738	0.0210814	0.025785	0.00502278	0.0283036	0.0442894	0.0814178	0.104003	0.0325563	0.00552075	0.0550793	
0.0640803	0.026754	0.0628087	0.0544137	0.0344839	0.0565119	0.0264013	0.0661747	0.0528846	0.19801	0.150226	0.017187	0.010456	0.0125536	0.0125552	0.017658	0.0289357	0.0551025	0.00468495	0.0481176	
0.211694	0.024883	0.0461925	0.0306802	0.0292446	0.0230782	0.0345924	0.0726975	0.0784514	0.0835656	0.0315862	0.0184996	0.00626591	0.0298476	0.0267269	0.0221244	0.0217551	0.152511	0.00569146	0.0499129	
0.0697535	0.00595355	0.0150769	0.0791011	0.130406	0.0315372	0.00996439	0.0254634	0.0757451	0.0555188	0.0222938	0.00917359	0.0274105	0.0263582	0.0404789	0.0111658	0.0390864	0.0444073	0.00409365	0.277012	
0.0261881	0.0221675	0.0351702	0.339179	0.051215	0.0136532	0.0341677	0.0324989	0.052079	0.0482122	0.0195304	0.0242703	0.0432831	0.0314587	0.0483428	0.0249436	0.0362403	0.0439995	0.00539859	0.0680019	
0.256374	0.0321466	0.0427555	0.0353957	0.0473847	0.0244626	0.0351361	0.0211224	0.0519206	0.0435353	0.0221393	0.0217456	0.00504842	0.0258111	0.0286227	0.0727093	0.14487	0.025404	0.00461351	0.0588024	
0.0701708	0.00967685	0.0696129	0.105308	0.0578921	0.00927128	0.0205608	0.0331728	0.117022	0.0388173	0.0122215	0.0206825	0.0200089	0.0353226	0.214809	0.0203277	0.0251231	0.045883	0.00565091	0.0684662	
0.0512411	0.0269227	0.114446	0.113605	0.0407723	0.0407144	0.116329	0.00757298	0.0609928	0.0504941	0.023501	0.076435	0.0513332	0.0395104	0.0375649	0.0219008	0.0503454	0.0557572	0.00647952	0.0140828	
0.0507254	0.0189858	0.0312216	0.0538893	0.0346195	0.0335492	0.0143034	0.067628	0.031061	0.254982	0.0425599	0.00889296	0.00692063	0.0148573	0.0061416	0.0127572	0.0831123	0.192113	0.00330497	0.0383745	
0.0252874	0.0218055	0.0387129	0.321209	0.0505185	0.0135781	0.0294876	0.0306594	0.0790772	0.047334	0.0174451	0.027723	0.0448734	0.0356456	0.05422	0.023582	0.0352971	0.034175	0.00571698	0.0636524	
0.0527393	0.0261698	0.0384927	0.0611394	0.0281517	0.0361699	0.018537	0.0285613	0.00815283	0.264232	0.00639104	0.0101011	0.00997501	0.015184	0.00238571	0.0179707	0.140334	0.204368	0.00326872	0.0276749	
0.0660838	0.0393201	0.0617582	0.0795755	0.0351946	0.0650493	0.088425	0.00987146	0.0918244	0.04352	0.0248639	0.063528	0.0150144	0.0297048	0.0218192	0.0588765	0.110749	0.0548722	0.0057741	0.0341754	
0.0333049	0.031362	0.288237	0.105308	0.0281556	0.0814367	0.0130842	0.0408435	0.0669624	0.0568789	0.0258931	0.0191642	0.0438457	0.0306668	0.0219279	0.0368043	0.0302091	0.0230153	0.0057571	0.0171428	
0.0735846	0.008698	0.0626465	0.110681	0.0471741	0.0101308	0.0579882	0.0370822	0.110624	0.0283358	0.0121801	0.0226306	0.0233479	0.0433063	0.188562	0.0196953	0.0299946	0.0495182	0.00464727	0.0591728	
0.0486431	0.0419133	0.0454799	0.0582588	0.0230953	0.0722918	0.0275788	0.0875738	0.0245336	0.1049	0.0212397	0.0179422	0.0112469	0.0248918	0.00804893	0.0826157	0.155359	0.10965	0.00457568	0.0301616	
0.0339073	0.0245016	0.0417274	0.102073	0.0250964	0.0239568	0.043117	0.058561	0.0681282	0.0462452	0.00755002	0.0254851	0.0425677	0.0321138	0.027771	0.0326635	0.0392074	0.281226	0.00644088	0.0376605	
0.069371	0.028866	0.0563379	0.0904232	0.0319355	0.0457829	0.0347537	0.0690266	0.176197	0.0547414	0.0208414	0.023309	0.0178743	0.085015	0.021148	0.027347	0.0318335	0.060923	0.0057462	0.0485275	
0.0489142	0.0272636	0.0494803	0.0700752	0.0401994	0.0567716	0.0301447	0.0247132	0.0437252	0.121498	0.0167118	0.0110383	0.010245	0.0243002	0.0156372	0.0219242	0.227758	0.109684	0.0053799	0.0445366	
0.0197448	0.0238198	0.0811509	0.0905558	0.0354349	0.0526266	0.0237393	0.0551134	0.0847152	0.0561736	0.0197673	0.0226696	0.243207	0.0376659	0.0145973	0.0130738	0.0129935	0.0565379	0.00657431	0.0498387	
0.0579929	0.0256986	0.0584642	0.0607923	0.0180807	0.0631855	0.0368663	0.107136	0.0464023	0.180291	0.160506	0.0073102	0.0215976	0.0211886	0.0163994	0.0127056	0.0123075	0.0474081	0.00484972	0.0408181	
0.0742884	0.0315492	0.0446584	0.0544881	0.0293421	0.0999856	0.0316241	0.0539278	0.0493909	0.113039	0.020545	0.0187744	0.0238231	0.0239355	0.0024576	0.0347939	0.0635433	0.188465	0.00535986	0.0360093	
0.0357656	0.0211239	0.0223497	0.0577702	0.0194663	0.0223952	0.0342449	0.142733	0.0459327	0.158554	0.0289867	0.00998139	0.0212344	0.0255222	0.0138053	0.0182883	0.0558293	0.230222	0.00449791	0.0312973	
0.165349	0.0291848	0.0407247	0.0487854	0.0350817	0.0494726	0.0261736	0.0467875	0.0195932	0.134944	0.0184842	0.0156516	0.00583421	0.021359	0.00908202	0.0248868	0.14654	0.117526	0.00372677	0.040814	
0.0617226	0.0368115	0.045527	0.0638604	0.0411377	0.0676906	0.0313348	0.0222172	0.0435431	0.0938116	0.0161781	0.0123896	0.00830587	0.0249033	0.0168524	0.0518015	0.218712	0.0901439	0.00629816	0.046759	
0.0583681	0.108542	0.047832	0.0516105	0.0126867	0.188713	0.030801	0.0479575	0.066013	0.0518632	0.0229205	0.0252108	0.0327149	0.025254	0.00601023	0.0418734	0.0451929	0.0558063	0.00169682	0.0789329	
0.0364332	0.0204718	0.0689544	0.159876	0.0349005	0.023758	0.0394173	0.0352694	0.11469	0.016799	0.0126576	0.0278896	0.108145	0.0938726	0.0632404	0.0257615	0.0234481	0.0457038	0.003754	0.0449575	
0.044525	0.0276772	0.0274281	0.0648121	0.0165788	0.0704088	0.0396958	0.02989	0.0645646	0.07763	0.0168788	0.0181457	0.0353641	0.0266826	0.0187651	0.0339282	0.0528402	0.293645	0.00663323	0.0339071	
0.05211	0.0220622	0.0510314	0.0533794	0.00641203	0.0526826	0.0430029	0.355409	0.063331	0.0802398	0.0165119	0.00641166	0.0273612	0.0325564	0.0228565	0.0101532	0.00690744	0.0509887	0.00332183	0.0432705	
0.059046	0.0307967	0.0939918	0.0652013	0.0150226	0.0534371	0.0331975	0.0373517	0.0820591	0.0471088	0.0223173	0.0313984	0.0211236	0.0339758	0.0341959	0.231066	0.0261292	0.0570151	0.00607235	0.0194935	
0.0277081	0.0554438	0.0435274	0.0327169	0.0269371	0.37161	0.0323936	0.0514225	0.0619305	0.0435769	0.0258753	0.0185282	0.0381364	0.0217653	0.00250759	0.0382617	0.0452778	0.0169514	0.00228591	0.0431436	
0.0701117	0.0260918	0.0573638	0.0346443	0.0383253	0.0437878	0.0386851	0.0207432	0.335688	0.0511376	0.018773	0.0102473	0.03762	0.0318467	0.0305963	0.0274701	0.0109569	0.0551455	0.00567125	0.055094	
0.0689766	0.024115	0.0552976	0.0440209	0.0331332	0.0409796	0.0403014	0.0555216	0.296492	0.0438388	0.0101132	0.00807463	0.0401616	0.0689851	0.0253445	0.0249758	0.00984676	0.0597887	0.00433527	0.0456978	
0.0591666	0.0259471	0.0840647	0.0770738	0.0514301	0.0316887	0.0346843	0.0163654	0.0903596	0.161721	0.0314098	0.0240024	0.0457125	0.0188709	0.0901995	0.0311532	0.0279109	0.0345565	0.00496767	0.0587158	
0.0987801	0.0320016	0.0355187	0.0264563	0.0235987	0.0637163	0.0298856	0.0508132	0.0522614	0.127335	0.0221154	0.0162414	0.0197502	0.0225374	0.00245275	0.0357161	0.0645959	0.241447	0.00204403	0.0327329	
0.0715726	0.0243846	0.044606	0.0276812	0.0162538	0.0374774	0.0463332	0.279436	0.0549447	0.0676056	0.0250852	0.0171462	0.028542	0.0392665	0.0358259	0.0228417	0.00486867	0.0737463	0.00417257	0.0782102	
0.0366492	0.0255597	0.0332954	0.0439503	0.0295908	0.028004	0.0372064	0.0332805	0.0608163	0.120588	0.0182807	0.0185491	0.0277448	0.0238524	0.0224141	0.0298765	0.0611644	0.306394	0.00677082	0.0360126	
0.0913917	0.0822037	0.0919772	0.0625917	0.00991777	0.0831736	0.0314012	0.0364879	0.0768114	0.0359653	0.0211282	0.0266368	0.0436949	0.0301975	0.0268339	0.143331	0.0298328	0.0533339	0.00405971	0.0190299	
0.0355818	0.0228335	0.0516481	0.0717801	0.00805864	0.0183973	0.0420573	0.28921	0.063961	0.0468114	0.0178505	0.0146102	0.0380929	0.035981	0.0249462	0.0241899	0.0234626	0.126452	0.00671266	0.037363	
0.0563506	0.0254328	0.06119	0.0699271	0.012942	0.0444242	0.031968	0.0637717	0.0586752	0.274615	0.0181927	0.0188031	0.0225272	0.0256983	0.0245806	0.0144367	0.0584163	0.0851974	0.00216318	0.0306875	
0.338075	0.0262669	0.0547351	0.0299893	0.0406785	0.0199455	0.0311855	0.0511661	0.0797305	0.0499513	0.0253382	0.0197504	0.00802009	0.028454	0.0342153	0.0346845	0.0320634	0.0364536	0.0050149	0.0542816	
0.0280946	0.0553491	0.039432	0.0320341	0.0272898	0.372554	0.0296639	0.0467957	0.0630919	0.0455659	0.0287285	0.0183192	0.0347002	0.0226322	0.00302384	0.0409058	0.0449089	0.0183978	0.00277749	0.0457354	
0.0540256	0.0228952	0.0606167	0.0622724	0.0143085	0.0443527	0.0304541	0.0609131	0.0586762	0.280504	0.0182163	0.0171289	0.0186995	0.0260369	0.0229057	0.0130471	0.0608299	0.0980204	0.00275305	0.0333439	
0.0507489	0.0197641	0.0418148	0.0583078	0.0406748	0.0285134	0.0250673	0.035949	0.0474246	0.257478	0.0354966	0.0134986	0.0141593	0.017881	0.0147299	0.0103767	0.0717291	0.172398	0.00368551	0.0403024	
0.0593785	0.0212255	0.0298095	0.056828	0.031259	0.0364111	0.0222553	0.0363985	0.0321228	0.228422	0.0279621	0.0125175	0.00803884	0.00992917	0.00614841	0.0168029	0.0821895	0.244679	0.00391906	0.0337031	
0.0331044	0.0292663	0.35162	0.0874535	0.0276778	0.0272757	0.0107365	0.0376908	0.0714694	0.0549347	0.0250042	0.0223945	0.0395046	0.0327528	0.0356186	0.0428373	0.0272576	0.0214272	0.00473477	0.0172392	
0.0283565	0.0570614	0.0371467	0.031948	0.02669	0.371733	0.0309211	0.0485946	0.0612791	0.0468936	0.0279695	0.0186103	0.0365645	0.0218961	0.00265378	0.0406572	0.0442782	0.0176177	0.00255123	0.0465777	
0.0288546	0.0551813	0.0668178	0.0227393	0.0238584	0.1519	0.0324943	0.0320485	0.0706463	0.0402085	0.0231019	0.0292346	0.0506554	0.0239481	0.0249205	0.14882	0.078831	0.053576	0.00492859	0.0372345	
0.058891	0.0221601	0.0360021	0.0568058	0.0314215	0.0351539	0.0228522	0.0365532	0.0396654	0.271077	0.0327536	0.0129205	0.00775193	0.00979276	0.00905488	0.0179484	0.0807209	0.179367	0.00346126	0.0356468	
0.0631055	0.0374512	0.30272	0.0677256	0.0295308	0.030591	0.0105336	0.0097199	0.088237	0.0357081	0.0195677	0.0480888	0.0275611	0.0317286	0.0384952	0.0955612	0.0148579	0.0300119	0.00582106	0.0129842	
0.058678	0.0238018	0.0617855	0.0688887	0.0143342	0.0432141	0.0351631	0.029212	0.0581117	0.278489	0.0367481	0.01803	0.0237292	0.02663	0.0248444	0.014256	0.0585881	0.0891827	0.00416754	0.032146	
0.0543976	0.0223862	0.0511737	0.0560779	0.00696927	0.0547248	0.0455933	0.348197	0.0648985	0.076675	0.0155971	0.00671978	0.0275147	0.0335063	0.0211815	0.0112598	0.00990194	0.0490289	0.00412368	0.0400727	
0.129351	0.0367602	0.0446817	0.048608	0.0414964	0.0632673	0.0308671	0.0205236	0.0262672	0.0864862	0.0169985	0.0172403	0.00862121	0.0234706	0.0119688	0.0568454	0.200248	0.0848003	0.00556106	0.045937	
0.331281	0.0255755	0.051678	0.0289456	0.0429331	0.0207013	0.0353851	0.0483908	0.0886214	0.0501402	0.025283	0.0204245	0.00790298	0.0281436	0.0356577	0.0339794	0.0282602	0.0308476	0.00569605	0.0601528	
0.0774443	0.020046	0.0616208	0.038633	0.04827	0.0190089	0.0369303	0.013891	0.257074	0.0560294	0.0166664	0.00791821	0.0283638	0.0301007	0.13435	0.0323154	0.0108675	0.0461379	0.0063661	0.0579658	
0.0395509	0.0290051	0.0229786	0.067879	0.0194674	0.0299023	0.0388915	0.0325119	0.0712779	0.0730828	0.0176221	0.0211501	0.03097	0.0288389	0.0252595	0.0322276	0.0526021	0.323886	0.00494646	0.0379501	
0.0303539	0.0843701	0.0265255	0.0408645	0.0225993	0.321111	0.0315497	0.0421557	0.0578954	0.0405196	0.0246033	0.0202529	0.0332916	0.0247204	0.00390233	0.065472	0.0559032	0.0210289	0.00307942	0.049801	
0.036755	0.0250567	0.0354465	0.0460868	0.0265746	0.0288117	0.036143	0.0314726	0.0638704	0.126351	0.0190907	0.0159208	0.0276568	0.0255308	0.0208569	0.0270868	0.0563419	0.306762	0.00651183	0.0376735	
0.0554998	0.023409	0.0557832	0.0544744	0.00609944	0.0459244	0.0428356	0.373761	0.0634869	0.053815	0.00747307	0.00776049	0.0335913	0.0343551	0.0240596	0.0117534	0.00722249	0.0526575	0.00390499	0.0421335	
0.055788	0.0211041	0.0391568	0.0601886	0.0323771	0.0347466	0.027027	0.0352101	0.0382584	0.26915	0.0377058	0.0139817	0.00763222	0.011562	0.00827108	0.0173602	0.0787562	0.17315	0.00403855	0.0345348	
0.0677007	0.0101767	0.0204538	0.0727962	0.0768659	0.0382544	0.0107989	0.0471777	0.0808691	0.057275	0.0280159	0.00944458	0.0294415	0.0283502	0.0380379	0.0127595	0.0311873	0.0512862	0.0055901	0.283518	
0.0538952	0.0337629	0.219572	0.091701	0.0380665	0.0400232	0.0119634	0.0124274	0.0309986	0.0568085	0.0220362	0.123573	0.0441326	0.0332335	0.0274906	0.0176449	0.0144943	0.0587518	0.00607469	0.063349	
0.0200634	0.0245123	0.0688385	0.100179	0.0316334	0.0504847	0.0647561	0.0495864	0.0871065	0.0215115	0.0175763	0.021456	0.256238	0.0404376	0.0173507	0.009765	0.00949916	0.0604282	0.00608193	0.0424957	
0.0777225	0.029037	0.0450826	0.0932887	0.0254335	0.0263935	0.035957	0.0580148	0.0685201	0.0491246	0.00981289	0.0215425	0.0375141	0.0321715	0.0266481	0.0304483	0.042615	0.24666	0.00638904	0.037624	
0.0604428	0.0379962	0.0455113	0.0552687	0.0347454	0.069448	0.0274848	0.0357367	0.0252518	0.107798	0.0110462	0.0173999	0.00909326	0.0238395	0.00796546	0.0599718	0.218223	0.106434	0.00455648	0.0417876	
0.0589766	0.0234673	0.0580881	0.0578254	0.0299901	0.0397331	0.025106	0.0314866	0.0478401	0.294082	0.0434101	0.0160592	0.0121281	0.0160964	0.0143837	0.0185204	0.064531	0.103603	0.00454361	0.0401288	
0.0690594	0.0254727	0.0577916	0.0443344	0.0383382	0.0433573	0.0376889	0.0220272	0.307386	0.0433396	0.0201143	0.00886038	0.0422374	0.0636738	0.027236	0.0250813	0.0111304	0.0557455	0.00461573	0.0525101	
0.0466776	0.0288427	0.0793001	0.0940183	0.0382004	0.0556768	0.0243208	0.0454683	0.0869162	0.0243633	0.0191142	0.0238454	0.242712	0.0356891	0.0145107	0.0126364	0.0110203	0.0584891	0.00656318	0.0516353	
0.0355922	0.0239741	0.0213336	0.0614791	0.0159749	0.0248914	0.0403246	0.0963126	0.0609181	0.0921117	0.0194874	0.0136917	0.0364984	0.0299349	0.0197927	0.029633	0.0528181	0.283287	0.00606092	0.0358837	
0.0580694	0.0202763	0.0662501	0.229404	0.0598113	0.0169807	0.034394	0.00349538	0.0712304	0.0383661	0.012474	0.032208	0.0336255	0.035221	0.0883926	0.0327279	0.0638724	0.0365631	0.00437658	0.0622613	
0.0673874	0.00998807	0.0187843	0.0711733	0.0813499	0.0387217	0.0118119	0.0435994	0.0787542	0.0577686	0.0242295	0.0102818	0.0286568	0.0280429	0.041112	0.0134759	0.0333912	0.0533012	0.00534099	0.282829	
0.0684998	0.00582544	0.0167029	0.0801407	0.153789	0.033243	0.00907975	0.0200682	0.0787092	0.0490887	0.0232112	0.00984912	0.026634	0.0268656	0.0439943	0.0107831	0.0384354	0.0396404	0.00398012	0.26146	
0.068779	0.0160968	0.0418082	0.109536	0.189918	0.0381765	0.0236284	0.0033631	0.0743402	0.0236666	0.016122	0.0239267	0.029373	0.0332047	0.0472019	0.0154317	0.0668369	0.0349882	0.00489053	0.138711	
0.0647326	0.0187648	0.0584534	0.0669193	0.0446437	0.00799104	0.0371754	0.0135926	0.325285	0.0503144	0.0196155	0.0146659	0.0405309	0.0483733	0.0623411	0.00607933	0.00729383	0.0485973	0.00469154	0.0599389	
0.0308293	0.0196201	0.0217496	0.0657791	0.0780001	0.0203083	0.0263458	0.0268732	0.0535418	0.243584	0.0375004	0.0148891	0.0208723	0.0189817	0.0248148	0.0156867	0.0669313	0.150917	0.00334247	0.0594332	
0.0197378	0.0263629	0.0772858	0.0974529	0.036414	0.0504749	0.027655	0.043878	0.0867587	0.0225411	0.0173749	0.022906	0.291979	0.035274	0.0146335	0.00905315	0.0107762	0.0548629	0.00752194	0.0470574	
0.0612994	0.0198961	0.0702617	0.232506	0.0558184	0.0213717	0.0393998	0.00319832	0.0600406	0.0333472	0.0126333	0.0487823	0.0366025	0.0451733	0.0638254	0.0300419	0.0635329	0.0385337	0.00386696	0.0598685	
0.0855936	0.030171	0.353134	0.0308287	0.0254032	0.0225981	0.0117481	0.043457	0.0748828	0.056127	0.0259421	0.0225467	0.0307576	0.0281898	0.037612	0.0487224	0.0277892	0.021487	0.00564982	0.0173597	
0.0583395	0.022476	0.0195771	0.0955509	0.0229477	0.0360331	0.0469992	0.0653854	0.0491061	0.14757	0.0177781	0.00345525	0.0264064	0.02159	0.0140872	0.0203938	0.0688862	0.252083	0.00405765	0.00727683	
0.0601057	0.0314167	0.203828	0.15035	0.0299393	0.073493	0.0132248	0.0389366	0.0705471	0.0622806	0.0275405	0.014593	0.0417633	0.034168	0.0277894	0.0345811	0.0365208	0.0263205	0.00642014	0.016181	
0.0400432	0.0171838	0.0679248	0.293402	0.0496611	0.0151713	0.0396418	0.00861501	0.0677165	0.0379949	0.0147369	0.0128403	0.0458764	0.0532479	0.090734	0.0210661	0.0173296	0.0444433	0.00457987	0.0577909	
0.0561943	0.00758582	0.0696942	0.115444	0.0715935	0.00735303	0.0152696	0.0297131	0.108749	0.0679814	0.0186456	0.021232	0.0338521	0.0356669	0.179711	0.0169028	0.0254699	0.0393985	0.0038406	0.0757026	
0.0541168	0.0235632	0.0387101	0.0627211	0.0164936	0.0345943	0.0267992	0.0688176	0.0470871	0.25641	0.0178114	0.0132398	0.0148322	0.0228366	0.014136	0.0119903	0.0716083	0.169526	0.00236804	0.032338	
0.171086	0.0245396	0.0695695	0.0569909	0.0261078	0.0222138	0.0326789	0.0811572	0.0761062	0.0858873	0.0304986	0.0207795	0.00836168	0.0304775	0.0263376	0.0191373	0.0177965	0.149791	0.00535518	0.0451275	
0.0589471	0.0251084	0.0481015	0.0598884	0.014074	0.03995	0.0420565	0.28161	0.0595872	0.0901618	0.0253947	0.012635	0.0104889	0.0348039	0.0104116	0.0195792	0.0237462	0.0974737	0.00427772	0.0417048	
0.0529783	0.0227845	0.0464038	0.0661624	0.00937934	0.0292054	0.0475716	0.23905	0.0647547	0.0505192	0.0113648	0.00903353	0.0354473	0.034056	0.0227934	0.0155188	0.014314	0.18369	0.00516902	0.0398039	
0.0451269	0.0266084	0.0943614	0.0737174	0.0243494	0.050813	0.0114327	0.0576665	0.0380251	0.213313	0.0254428	0.00327973	0.028366	0.0267948	0.00310556	0.024874	0.115928	0.127314	0.0042993	0.00518166	
0.0437153	0.0289327	0.392705	0.0385136	0.0245097	0.0262729	0.0138464	0.0382862	0.0705115	0.0577236	0.0268149	0.0241338	0.0355383	0.0302988	0.0341685	0.0413866	0.0255885	0.0230524	0.00538957	0.0186112	
0.0189243	0.0295683	0.0591819	0.0937734	0.0340665	0.0505411	0.0972829	0.0533241	0.0870238	0.0234651	0.0177906	0.0224455	0.221793	0.0394066	0.0195277	0.0119028	0.00953185	0.063822	0.00590428	0.040724	
0.0617152	0.0275645	0.0629315	0.059733	0.0212777	0.0434373	0.0158018	0.0317329	0.0536864	0.298355	0.0364358	0.0180071	0.0109682	0.0237563	0.0153971	0.0195729	0.065351	0.0932066	0.00404442	0.0370251	
0.0276777	0.0459487	0.0295164	0.0444602	0.0267252	0.377624	0.0314976	0.0547453	0.0573104	0.0497518	0.028543	0.0165932	0.0427239	0.0223947	0.00538865	0.0292223	0.037435	0.0197917	0.00342729	0.0492231	
0.0265005	0.0527311	0.0503357	0.0628394	0.0300382	0.324445	0.0309396	0.0491555	0.0610424	0.0488792	0.0250441	0.0210548	0.0386655	0.0250022	0.00315795	0.0337577	0.0413864	0.0239904	0.00368472	0.0473502	
0.0337339	0.0374968	0.0669026	0.067972	0.0133064	0.0878121	0.0352543	0.0401528	0.0656032	0.0407251	0.0220246	0.0292239	0.0513484	0.0273471	0.0311078	0.150398	0.0802327	0.0585503	0.00565757	0.0551504	
0.25454	0.0352278	0.102806	0.046692	0.0342029	0.0212942	0.0299329	0.0365553	0.0771806	0.0447101	0.0231306	0.0254287	0.00911547	0.0311922	0.0379932	0.0829059	0.0293859	0.0312307	0.00505281	0.0414226	
0.148752	0.0324137	0.0252153	0.0463357	0.0284352	0.0737684	0.0312558	0.0556102	0.0669633	0.0747392	0.0273819	0.0230866	0.00927505	0.0281722	0.0209691	0.0525828	0.0256643	0.173178	0.00603477	0.0501667	
0.311891	0.0327989	0.0340352	0.0494482	0.0382158	0.0215397	0.0333147	0.0346788	0.0744605	0.0401382	0.0261493	0.021789	0.00731158	0.0304049	0.0369703	0.0766734	0.0411036	0.0325154	0.00434783	0.0522142	
0.256282	0.0319883	0.0289266	0.0500545	0.0501141	0.0224263	0.0367641	0.022553	0.0574296	0.0393261	0.0214398	0.0213557	0.00563761	0.0286508	0.0290734	0.0635498	0.141636	0.0266923	0.00517614	0.0609236	
0.0553393	0.0197577	0.0537649	0.0527403	0.006938	0.0505103	0.0454579	0.37661	0.063938	0.0526393	0.00914372	0.00669606	0.0329934	0.033778	0.0237537	0.0120457	0.00849621	0.049428	0.0041239	0.0418453	
0.140599	0.0470358	0.0470121	0.0559465	0.0371917	0.0719112	0.0397621	0.0277661	0.0499796	0.0217197	0.021067	0.0235821	0.00865294	0.0281701	0.0259572	0.0798517	0.180009	0.0433383	0.00649144	0.0439559	
0.0577536	0.0192212	0.0743118	0.0958049	0.12199	0.0247876	0.0103202	0.011575	0.0946578	0.10346	0.0254145	0.022905	0.0439513	0.0337631	0.0829014	0.0245266	0.0289421	0.0252397	0.00393078	0.0945441	
0.0708981	0.0218658	0.0192415	0.0512781	0.0207772	0.0262543	0.0259764	0.0869267	0.0356168	0.213774	0.0320479	0.00955319	0.0116744	0.0183015	0.0108173	0.0135223	0.0756205	0.219539	0.00414556	0.0321692	
0.0701623	0.0296503	0.0786528	0.0383691	0.0337015	0.047352	0.0331856	0.0408446	0.273164	0.0500811	0.0122817	0.0409376	0.0372363	0.029784	0.025383	0.0380702	0.0159971	0.0552489	0.00561537	0.044282	
0.0477186	0.024082	0.0851463	0.191462	0.0387179	0.0389144	0.00878029	0.0293347	0.176115	0.0158713	0.0149597	0.0253288	0.0592906	0.0633575	0.0285159	0.034207	0.0254899	0.0388263	0.00516498	0.0487162	
0.0837332	0.0110561	0.0715871	0.102883	0.0577462	0.0104479	0.0152707	0.0283092	0.101928	0.0294377	0.0157984	0.0232994	0.0183297	0.0355104	0.191542	0.0554321	0.0275526	0.0451832	0.00557688	0.0693759	
0.0266647	0.0600707	0.0408699	0.0309846	0.0297996	0.367364	0.0311665	0.0476095	0.0628494	0.0433227	0.0266518	0.0192921	0.0380672	0.021444	0.00226959	0.0415398	0.044782	0.0175106	0.00200201	0.0457389	
0.0841807	0.161555	0.0755618	0.0581064	0.0122917	0.0632185	0.0323246	0.0367069	0.0665631	0.056915	0.0233099	0.0242759	0.02951	0.0303046	0.0112019	0.0871276	0.0606415	0.0670617	0.00301408	0.0161294	
0.0598499	0.0771259	0.0616554	0.0610823	0.0116577	0.0969013	0.0368533	0.0361191	0.0565412	0.0460967	0.019182	0.0270704	0.0185602	0.0267165	0.0173463	0.136025	0.129015	0.0603807	0.0057973	0.0160235	
0.0979223	0.071123	0.102828	0.076698	0.022769	0.0222726	0.035655	0.0147997	0.0809913	0.0381142	0.0168342	0.0492969	0.0307657	0.0352022	0.0286723	0.157137	0.0265675	0.0530676	0.00443764	0.0348457	
0.0552293	0.0198048	0.0540829	0.0562229	0.00669372	0.0466638	0.0415091	0.375032	0.0614868	0.0510433	0.0100175	0.00734573	0.0332608	0.035853	0.0258809	0.0115807	0.0089049	0.0520071	0.0036471	0.0437335	
0.0741638	0.0143912	0.068209	0.104075	0.0514587	0.00863489	0.031704	0.0151429	0.116229	0.0464269	0.0152014	0.0198656	0.028589	0.0374557	0.196887	0.0363229	0.0171841	0.0473986	0.00545277	0.0652082	
0.053962	0.0230588	0.0600708	0.0714478	0.0959667	0.0396509	0.0269274	0.0404774	0.0715197	0.155556	0.08037	0.0182042	0.0303336	0.02574	0.0343056	0.0111213	0.0342298	0.0565931	0.00272676	0.0677387	
0.244855	0.040642	0.0758907	0.0469935	0.0313631	0.0385307	0.0338062	0.0312265	0.0769906	0.0209148	0.0193527	0.0256288	0.00794931	0.0354464	0.0378814	0.112101	0.0300715	0.0464609	0.00220513	0.0416896	
0.0521385	0.0246601	0.0588205	0.0706437	0.0137143	0.0444888	0.032777	0.064931	0.062884	0.268961	0.016111	0.017888	0.022029	0.0255029	0.0229877	0.0137155	0.0611463	0.095539	0.00220793	0.0288534	
0.0523352	0.0205117	0.0495487	0.0560881	0.00713917	0.0515678	0.0422425	0.357423	0.0627192	0.0760328	0.0149986	0.0076747	0.0309835	0.0335951	0.0202963	0.0104581	0.0084731	0.052295	0.00398072	0.0416367	
0.250232	0.0308409	0.0521084	0.0291252	0.0401159	0.0783073	0.0356005	0.0325261	0.0645352	0.0600568	0.0273722	0.0219571	0.00704894	0.0287964	0.0216894	0.0334206	0.089989	0.0391071	0.00541286	0.0517576	
0.338466	0.0250278	0.0512002	0.029376	0.0380856	0.0205545	0.0318346	0.0522372	0.0890484	0.0489405	0.0253402	0.0184935	0.00783567	0.0304435	0.0319166	0.0358132	0.0288318	0.0349481	0.0056144	0.0559921	
0.0204738	0.0262089	0.0765972	0.0943053	0.0374212	0.0504903	0.0287938	0.0424508	0.0884564	0.0256092	0.0173176	0.0251763	0.2862	0.0364706	0.0134162	0.00924106	0.0103148	0.0578847	0.00522657	0.0479455	
0.0627108	0.032185	0.0371981	0.138687	0.0569094	0.0478961	0.0115128	0.012825	0.0512949	0.0480837	0.0187618	0.0722384	0.0311867	0.0328353	0.0338688	0.0479449	0.0174159	0.105023	0.00489603	0.136527	
0.0480547	0.020246	0.0356969	0.0580476	0.0379187	0.0281247	0.0265779	0.0595393	0.0390414	0.248425	0.02177	0.0134738	0.0153485	0.0191241	0.0139923	0.00969658	0.0795238	0.182926	0.00226278	0.0402101	
0.296317	0.0263242	0.00770254	0.06186	0.0434436	0.00878333	0.0370187	0.0454108	0.105925	0.0457163	0.0210823	0.0202526	0.0145966	0.0404949	0.0396137	0.0407986	0.0521724	0.0186431	0.00546541	0.0683785	
0.0483202	0.0108309	0.0621019	0.172166	0.0590996	0.00676707	0.0371888	0.0272647	0.095701	0.0386407	0.00715413	0.0291662	0.0447911	0.0774787	0.118155	0.00986662	0.0405859	0.0416584	0.00216431	0.0708989	
0.0575367	0.0217663	0.0364363	0.0534092	0.0285631	0.0328931	0.0209937	0.0738661	0.0313724	0.248857	0.046346	0.00976091	0.00634404	0.0111617	0.00641738	0.0153261	0.0784089	0.181658	0.00393543	0.0349477	
0.0221739	0.0217237	0.0658191	0.172129	0.0410145	0.0113857	0.0387201	0.0376164	0.131574	0.0383446	0.0136074	0.0293077	0.0600669	0.127773	0.058173	0.0233135	0.0302252	0.0256504	0.00611153	0.0452696	
0.0165878	0.0202081	0.105154	0.24217	0.043274	0.012452	0.027566	0.0268243	0.0953164	0.037561	0.016498	0.0279111	0.0888244	0.0585767	0.0577835	0.0213819	0.0264445	0.0286097	0.0056151	0.0412407	
0.327574	0.026099	0.0306265	0.0450254	0.0428515	0.0190246	0.0348736	0.0456292	0.0868174	0.0512946	0.0248197	0.0181665	0.0073905	0.0320946	0.0355252	0.0338743	0.0348652	0.0372113	0.00447311	0.0617642	
0.0676791	0.0305323	0.0276168	0.0652139	0.0260513	0.0496597	0.230226	0.0691063	0.0701776	0.0875615	0.027014	0.0126542	0.0182625	0.0193553	0.0188508	0.0278863	0.0371297	0.085845	0.00591693	0.0232606	
0.0227117	0.027309	0.0748719	0.0996704	0.038257	0.0489158	0.0278387	0.0379602	0.085645	0.0244112	0.0150362	0.0223548	0.277862	0.0392152	0.017592	0.0109457	0.0190728	0.0555645	0.00659252	0.0481734	
0.0408214	0.0293852	0.393595	0.0392352	0.0293467	0.0268765	0.0119237	0.0380382	0.0783862	0.0545805	0.0256372	0.0223145	0.0346861	0.0293018	0.0340535	0.0423282	0.0257966	0.021561	0.00464087	0.0174916	
0.0370753	0.0288827	0.0416103	0.0486305	0.0258192	0.0260365	0.0445383	0.0328791	0.0744312	0.050218	0.0140802	0.02076	0.0399365	0.0308866	0.0284664	0.0346411	0.0445669	0.32945	0.00563962	0.0414512	
0.091535	0.0142793	0.0796753	0.058566	0.0325757	0.0850881	0.038812	0.070172	0.078711	0.048635	0.0246326	0.0384829	0.0295826	0.0374942	0.0521	0.0792899	0.017376	0.0683308	0.00552417	0.0491374	
0.062172	0.0242728	0.0518464	0.0549865	0.03898	0.0555134	0.0296347	0.0668501	0.0453481	0.183361	0.132686	0.0162159	0.00875368	0.0107866	0.00981127	0.021927	0.0324556	0.100923	0.00610016	0.0473757	
0.0735302	0.00678448	0.0156868	0.0770237	0.131289	0.035215	0.00940783	0.0215105	0.0782065	0.0495976	0.0234789	0.0095644	0.0250961	0.0258815	0.0408856	0.0100491	0.0388957	0.0417978	0.00436962	0.28173	
0.106484	0.0285475	0.0404965	0.0599573	0.0431916	0.0522003	0.0298648	0.0218684	0.0381343	0.119543	0.0157989	0.0102145	0.00739627	0.0213996	0.014357	0.0224052	0.20442	0.109015	0.00529997	0.0494063	
0.0601311	0.0804925	0.0267789	0.0385129	0.0260389	0.317314	0.0324892	0.0439002	0.0581432	0.0459532	0.0247642	0.0218882	0.0331084	0.0243816	0.00416469	0.0376151	0.0482741	0.0251873	0.00350969	0.047353	
0.279344	0.0305501	0.0600323	0.0293658	0.034797	0.0793791	0.0347872	0.0493298	0.0740992	0.0560386	0.0264219	0.0236659	0.00724253	0.0280528	0.026407	0.0331834	0.0330224	0.0385834	0.00412244	0.0515753	
0.146715	0.0362358	0.0580232	0.0336293	0.0425075	0.0683781	0.0419056	0.0274542	0.111278	0.0525526	0.0485652	0.0347923	0.0200773	0.0170233	0.0129001	0.0532904	0.0923223	0.0514733	0.0056329	0.0452434	
0.0200469	0.0212041	0.128214	0.256373	0.0413788	0.0134856	0.0282959	0.0326272	0.0912916	0.0448542	0.0166139	0.0275499	0.0589794	0.0406608	0.0501551	0.0239365	0.031123	0.0306638	0.00487477	0.0376721	
0.0868118	0.0250608	0.0231909	0.0823342	0.0327488	0.0330651	0.157816	0.0597537	0.103425	0.0238906	0.0156393	0.0122467	0.0183838	0.0723743	0.0596773	0.0321599	0.0332489	0.0617254	0.00595545	0.0604922	
0.0512077	0.0355509	0.212166	0.0909891	0.0393493	0.0385845	0.00904076	0.0303207	0.061977	0.057178	0.0210883	0.110519	0.0449872	0.0367249	0.0287525	0.0129831	0.022445	0.0488284	0.00567072	0.0416369	
0.0236873	0.0228503	0.0673604	0.263936	0.036993	0.0128131	0.031383	0.0476835	0.04373	0.0745761	0.0230636	0.0259207	0.0451676	0.0247553	0.035356	0.0252027	0.0371183	0.106776	0.00635628	0.0452714	
0.0747314	0.0288983	0.0258231	0.0676972	0.0255242	0.0496177	0.236487	0.0708993	0.0866718	0.0405665	0.0173805	0.0141065	0.0188645	0.0507226	0.0228734	0.0305815	0.0357689	0.0704946	0.00708204	0.0252087	
0.026776	0.0522712	0.0503216	0.0590111	0.0295795	0.336855	0.0308664	0.0519124	0.0608768	0.0479106	0.0246344	0.0169828	0.0370433	0.0235748	0.00312982	0.0368053	0.0413454	0.0199146	0.00281375	0.0473756	
0.0758352	0.00953084	0.037459	0.0978589	0.169662	0.0342013	0.0173205	0.00528047	0.07572	0.0255682	0.0183877	0.021284	0.0282968	0.031395	0.0530247	0.0280035	0.0460495	0.0245719	0.00483499	0.195716	
0.052961	0.0203036	0.0555599	0.0560621	0.00668982	0.049308	0.0419419	0.37651	0.0647067	0.0515267	0.0102598	0.00839676	0.0339532	0.0329651	0.0235483	0.012252	0.00783855	0.0499443	0.00499854	0.040274	
0.0538939	0.0227534	0.0548676	0.0585633	0.0288036	0.0431571	0.0301254	0.180777	0.0491969	0.170824	0.036515	0.0121529	0.022983	0.0273509	0.0196747	0.00807868	0.0426798	0.0914033	0.00288641	0.0433131	
0.0623481	0.0249577	0.0589045	0.066527	0.0314863	0.0435797	0.0276662	0.0330647	0.0469997	0.286975	0.038215	0.017381	0.0121568	0.0132116	0.0159769	0.0210506	0.0598761	0.0989662	0.00370698	0.0369503	
0.334768	0.027801	0.0547059	0.0297702	0.0364336	0.0224209	0.0323215	0.0486905	0.0856752	0.0514673	0.0252133	0.0206409	0.00944012	0.0309716	0.0344209	0.0376342	0.0291189	0.032627	0.00450121	0.051378	
0.0746415	0.0179173	0.0727977	0.0461077	0.0469763	0.0181914	0.0339707	0.0461823	0.116304	0.0607459	0.0086155	0.00708389	0.0290564	0.0212415	0.244689	0.0364018	0.0108243	0.0469663	0.00496792	0.0563186	
0.0468297	0.0266325	0.054946	0.0774647	0.0209354	0.0548845	0.0469253	0.107808	0.0266664	0.202721	0.0390989	0.0104991	0.0242783	0.0202719	0.00520641	0.0180855	0.0723079	0.119784	0.00379377	0.0208611	
0.0756367	0.00833434	0.0340205	0.0903754	0.197173	0.0395907	0.019147	0.00458793	0.0795209	0.0156666	0.0150044	0.0178871	0.0317919	0.0305538	0.0431824	0.0135694	0.0429421	0.0218955	0.00439607	0.214725	
0.059191	0.06019	0.042321	0.0287742	0.0248654	0.324881	0.0319183	0.0493367	0.0624566	0.0448017	0.0259754	0.0199375	0.0360036	0.022516	0.0027739	0.044712	0.0472834	0.0223028	0.0038985	0.0458611	
0.0585327	0.0293419	0.0466425	0.0660398	0.0362587	0.0562163	0.0313442	0.0259708	0.0232963	0.127925	0.0161711	0.0157383	0.00832913	0.0213165	0.0107941	0.0298593	0.238891	0.110138	0.00502583	0.042169	
