0.0491215	0.00606276	0.0403919	0.029768	0.00285276	0.0154822	0.00563758	0.24849	0.00738667	0.41647	0.0210775	0.0101286	0.00193287	0.00792172	0.00376115	0.00909242	0.0117201	0.100709	0.00341129	0.00858194	
0.125861	0.00306136	0.0361833	0.0174477	0.0321498	0.0107215	0.0219015	0.013955	0.25805	0.0154571	0.00557626	0.0821567	0.005338	0.0301813	0.193235	0.0501987	0.0376378	0.0456303	0.00424668	0.0110101	
0.00986199	0.00678544	0.0571184	0.061272	0.062225	0.0870527	0.00698396	0.0628302	0.0182807	0.00248315	0.0187449	0.0118006	0.475852	0.00232039	0.00132226	0.00242351	0.00345754	0.0246889	0.00355142	0.0809452	
0.0543257	0.00551086	0.0538266	0.0367765	0.00229839	0.0241237	0.00795947	0.166966	0.013148	0.480991	0.0211333	0.0113832	0.00165891	0.00663589	0.00445615	0.00964019	0.018148	0.0696119	0.00195718	0.00944858	
0.0617551	0.00747293	0.0219003	0.0378701	0.00771058	0.0491937	0.0250038	0.423508	0.010249	0.111571	0.00716535	0.0103988	0.0571536	0.0175278	0.0081863	0.0106201	0.00791316	0.109668	0.00335565	0.0117772	
0.122614	0.00130548	0.0392595	0.0303048	0.0272219	0.00253859	0.0231805	0.0209969	0.252159	0.0169464	0.00989697	0.0752715	0.004291	0.0375064	0.202407	0.0397318	0.0301261	0.0518057	0.00379844	0.00863847	
0.113642	0.0150871	0.00668465	0.0446405	0.0382002	0.0711835	0.369946	0.0554631	0.0240294	0.0125899	0.0364555	0.00773346	0.00450328	0.00496808	0.0144514	0.0404799	0.0680672	0.0614552	0.00619949	0.00422081	
0.0546495	0.00654238	0.06815	0.0349252	0.00558536	0.0124295	0.00366161	0.122663	0.0133169	0.472978	0.0262294	0.0113545	0.00104918	0.010984	0.00584215	0.0155292	0.0200272	0.10056	0.00330021	0.0102221	
0.0706845	0.0247887	0.0548703	0.0582362	0.0548448	0.0490246	0.0427976	0.0389519	0.0122931	0.0523156	0.0148281	0.0148375	0.00467279	0.0302655	0.0111003	0.0620419	0.290142	0.0796241	0.00652894	0.0271519	
0.0537399	0.00647685	0.0317853	0.0369709	0.00513615	0.0246813	0.00631007	0.331421	0.00357612	0.356461	0.0162424	0.0126421	0.00270056	0.00849615	0.00309897	0.00916845	0.00739248	0.0726698	0.00363132	0.00739948	
0.0517435	0.00693197	0.0410463	0.035733	0.00297443	0.0183623	0.00394681	0.277108	0.00733174	0.405971	0.023043	0.0123095	0.00143402	0.00574171	0.00278499	0.0104746	0.0102741	0.0724948	0.00306907	0.00722594	
0.11147	0.00412819	0.0498922	0.0399593	0.0367564	0.00680648	0.03273	0.024742	0.158678	0.0110698	0.0117988	0.0496999	0.00333284	0.0944208	0.183517	0.0586751	0.0490568	0.0471405	0.0038872	0.0222388	
0.29642	0.0075066	0.00586748	0.019125	0.030271	0.0938325	0.0564356	0.0658884	0.0203572	0.0478431	0.0342881	0.00926556	0.0092298	0.0191835	0.00806504	0.0123157	0.10786	0.114919	0.00490441	0.0364227	
0.0672085	0.00377744	0.176889	0.0996904	0.01496	0.00368577	0.0204323	0.0162558	0.0211644	0.0173829	0.00551144	0.107914	0.00299763	0.0276107	0.0863481	0.244204	0.0369728	0.0395723	0.00151869	0.0059047	
0.0740637	0.0194388	0.046619	0.0501705	0.0522418	0.0629922	0.0410341	0.023935	0.0284983	0.0452256	0.0313581	0.00903763	0.0047597	0.0264061	0.0291864	0.0164929	0.321653	0.0736799	0.00514697	0.0380603	
0.0466206	0.00244518	0.146192	0.0892576	0.00999681	0.0260827	0.0298402	0.0385663	0.0332616	0.0271237	0.0185829	0.0700236	0.00225715	0.0308847	0.0560274	0.289898	0.0247764	0.0490165	0.00461593	0.00453085	
0.182136	0.0189874	0.0274284	0.0377176	0.0550866	0.0629907	0.0477534	0.0146932	0.0277234	0.0315912	0.0376844	0.00619025	0.00457493	0.0307295	0.0273887	0.0132107	0.26064	0.0708724	0.00546058	0.0371404	
0.11633	0.00492468	0.0279484	0.0182988	0.0347593	0.0218208	0.0237955	0.0101254	0.332582	0.0220023	0.00980376	0.0653766	0.0163031	0.0298642	0.139496	0.0387119	0.0230826	0.0484402	0.00513652	0.0111989	
0.0700293	0.00172668	0.19507	0.105581	0.0114227	0.00327061	0.0149363	0.00907949	0.027504	0.0131463	0.0112345	0.128785	0.00247332	0.0269132	0.0689434	0.235224	0.0371321	0.0318861	0.00140406	0.00423771	
0.0752268	0.0157916	0.0381243	0.0518753	0.31562	0.0590161	0.0280832	0.0130351	0.0457284	0.00382046	0.0255895	0.0170478	0.0722552	0.0256588	0.0329644	0.0133765	0.051253	0.0235503	0.00676857	0.0852148	
0.109694	0.004426	0.0566881	0.0475189	0.0354988	0.0068603	0.0293141	0.0230072	0.171349	0.0125357	0.0114667	0.0549648	0.00295617	0.0261266	0.236125	0.0616103	0.0422584	0.0456964	0.00241671	0.019487	
0.0913493	0.0119846	0.0803157	0.135719	0.0445866	0.0367699	0.00524303	0.0669712	0.0191685	0.0174602	0.033924	0.0307166	0.0031232	0.175994	0.0193359	0.0596441	0.0546058	0.0728108	0.00714492	0.033132	
0.0555683	0.00754565	0.0611208	0.039518	0.00635464	0.0229129	0.00721195	0.157856	0.0123618	0.478689	0.0219492	0.0112249	0.00105441	0.00517882	0.00459795	0.0124708	0.0195609	0.0627902	0.00344933	0.00858428	
0.0524068	0.00929658	0.0495557	0.0327622	0.00877211	0.0157162	0.0120974	0.176346	0.0256235	0.298362	0.0284868	0.0180022	0.0026219	0.0218141	0.0194854	0.0423487	0.0290437	0.142374	0.00339167	0.0114932	
0.0852103	0.00996165	0.0734325	0.0631854	0.0318611	0.0581236	0.0351966	0.0607495	0.0518552	0.0304581	0.0118645	0.0489143	0.0121529	0.0375216	0.164728	0.114077	0.0254753	0.0661894	0.00306269	0.01598	
0.0499942	0.0077144	0.0287096	0.0308073	0.007679	0.0243428	0.00934623	0.337513	0.0083386	0.308154	0.0145999	0.0100268	0.0124203	0.0117299	0.00502957	0.0105718	0.00727942	0.103076	0.00298282	0.00968453	
0.11154	0.00760711	0.110142	0.0758485	0.0232523	0.0257634	0.0326865	0.0353696	0.0446413	0.0114056	0.0223453	0.0670317	0.00202025	0.0300296	0.0501119	0.257935	0.0263776	0.0514558	0.00390254	0.0105335	
0.0793967	0.0120989	0.0568128	0.0667437	0.0426637	0.0455466	0.0393925	0.00793864	0.0148267	0.0656583	0.318924	0.0216274	0.0261579	0.0263863	0.0142964	0.0391493	0.0341516	0.0486003	0.00846614	0.0311624	
0.158539	0.0238577	0.034899	0.0439464	0.0568326	0.0511201	0.0466381	0.0137067	0.0322426	0.0315995	0.030757	0.0073407	0.00285071	0.0276148	0.0286136	0.0364893	0.270935	0.0673212	0.00473221	0.0299633	
0.0613251	0.00182376	0.0101449	0.0417783	0.202731	0.0701121	0.00929464	0.00912457	0.0262524	0.00275367	0.0233427	0.00488951	0.103981	0.0191714	0.0201746	0.00543104	0.0410302	0.0213753	0.00597116	0.319292	
0.0302263	0.0136835	0.0432263	0.377637	0.042196	0.0103361	0.0366189	0.075121	0.012648	0.0633737	0.0328953	0.0257195	0.0523491	0.0104426	0.0226516	0.0402795	0.046141	0.0270229	0.00607923	0.0313531	
0.345593	0.0109154	0.013722	0.0141908	0.03684	0.0193923	0.0411785	0.0690826	0.0627673	0.0701275	0.0308244	0.0205859	0.00264582	0.026302	0.0434743	0.0206538	0.0465168	0.0918677	0.00376315	0.029557	
0.113715	0.00543607	0.0455188	0.0446178	0.044638	0.00840934	0.0354153	0.0297219	0.118135	0.0231399	0.0116345	0.0375718	0.00821742	0.0434804	0.240437	0.0241551	0.0750796	0.0564589	0.0032104	0.0310089	
0.0179976	0.00471513	0.380618	0.174257	0.018211	0.00143853	0.00369188	0.0185513	0.0205706	0.0287696	0.0142517	0.0953656	0.0418735	0.0138795	0.0350646	0.09693	0.0212237	0.00860824	0.0025298	0.00145243	
0.0526003	0.00629009	0.0701421	0.0472366	0.00269539	0.0191538	0.00815965	0.118028	0.0152304	0.483889	0.0318131	0.0118509	0.00318423	0.00794357	0.00656113	0.00867919	0.024994	0.0693688	0.0026918	0.0094878	
0.00951482	0.00687757	0.0544003	0.0591352	0.0626932	0.0872536	0.00758176	0.0629631	0.0182431	0.0026556	0.0179181	0.0117387	0.478336	0.00230671	0.00201996	0.00216829	0.0029014	0.0251349	0.00406944	0.0820883	
0.0540439	0.00654113	0.0595343	0.040754	0.00181058	0.0191205	0.00751886	0.158509	0.016844	0.480916	0.0210281	0.0122517	0.00130944	0.00724461	0.00590124	0.00834539	0.0191235	0.0661957	0.00234992	0.0106576	
0.167818	0.0236539	0.0309205	0.0416428	0.0509474	0.0587763	0.0436566	0.0145409	0.0320171	0.024702	0.0343082	0.00713075	0.00440926	0.0290722	0.0290591	0.0341684	0.26909	0.0694096	0.00583318	0.028844	
0.0167459	0.00553131	0.378073	0.187618	0.0193333	0.001796	0.00341705	0.0186283	0.020901	0.0295849	0.0135936	0.0875663	0.0469259	0.0132689	0.0330248	0.0892904	0.0216074	0.00820032	0.00331541	0.00157863	
0.0957326	0.00635982	0.0587364	0.0465902	0.030967	0.00667813	0.0892941	0.0350412	0.109009	0.0457994	0.0260386	0.0433448	0.00317649	0.0389036	0.171167	0.0574224	0.0473677	0.071691	0.00236777	0.0143136	
0.0985915	0.0104733	0.0318144	0.0678802	0.0466612	0.0998138	0.0921031	0.042407	0.072289	0.00426452	0.0299342	0.0173138	0.0753572	0.0459683	0.0708922	0.0249868	0.0709103	0.0526527	0.00742664	0.0382597	
0.0609651	0.00803809	0.023144	0.0458083	0.00946829	0.0544374	0.0285355	0.436702	0.0114935	0.100152	0.00804468	0.0111106	0.0579187	0.0182764	0.0144257	0.0118295	0.0108288	0.0731303	0.00481021	0.0108813	
0.160467	0.0100784	0.038667	0.0545585	0.0509324	0.0650887	0.0557362	0.0397084	0.0614484	0.00449196	0.029277	0.0190441	0.037105	0.0244696	0.0974893	0.0115374	0.129103	0.0592749	0.005992	0.0455309	
0.0772096	0.0216047	0.0481783	0.0559201	0.0542619	0.0531965	0.0438065	0.0182902	0.0284032	0.0396438	0.0290666	0.0091262	0.00308801	0.0296347	0.0246284	0.0433192	0.306644	0.0763056	0.00553428	0.0321381	
0.0101159	0.00733712	0.0555298	0.0592681	0.0621322	0.087118	0.00740298	0.062605	0.0200651	0.00214725	0.018884	0.0119736	0.476654	0.0023355	0.00142494	0.00295716	0.00313351	0.0240311	0.00378864	0.0810955	
0.0559892	0.0104968	0.00658843	0.040461	0.0137794	0.0364639	0.00440425	0.388021	0.00111787	0.216803	0.0145595	0.0244154	0.0360174	0.0127096	0.00913993	0.0211234	0.004516	0.0975503	0.00381721	0.00202633	
0.277155	0.0207882	0.0155262	0.0294163	0.0501852	0.114647	0.054351	0.00790502	0.00488447	0.00207268	0.0282272	0.00848413	0.00681146	0.0187241	0.00537579	0.0207389	0.208406	0.0782699	0.00723068	0.0407999	
0.111121	0.00722635	0.0384315	0.061077	0.0408637	0.030741	0.0343071	0.0130676	0.275489	0.0208142	0.0173634	0.0328763	0.0179491	0.0275668	0.135873	0.0338053	0.0270595	0.045402	0.00620808	0.0227579	
0.320086	0.0160587	0.010118	0.0114027	0.0386964	0.0727203	0.0561367	0.0383428	0.0248598	0.0305517	0.0354561	0.0111119	0.00414698	0.0195247	0.0172875	0.0194578	0.134659	0.100972	0.00532348	0.0330872	
0.0268172	0.00959116	0.239607	0.233647	0.0308127	0.00724422	0.0188262	0.0359243	0.0616017	0.0454816	0.0212859	0.0442455	0.0613494	0.00895687	0.0307625	0.0570831	0.0272974	0.0198405	0.00506908	0.0145559	
0.058852	0.009172	0.00514535	0.0283361	0.015173	0.309849	0.0633775	0.101195	0.032664	0.0122773	0.0325039	0.0169787	0.0496242	0.0279938	0.0203723	0.0337759	0.0602598	0.0939058	0.00600125	0.0225434	
0.105659	0.013211	0.0286502	0.0593391	0.0487568	0.118641	0.0736811	0.0447924	0.0612686	0.00436774	0.0304323	0.0163078	0.06488	0.0579703	0.0656661	0.0243394	0.0779652	0.057588	0.00753333	0.0389498	
0.126325	0.00483044	0.0291636	0.013803	0.0420305	0.0302376	0.0413468	0.0113664	0.16027	0.016135	0.0160841	0.0192833	0.0135907	0.0744574	0.181349	0.0282463	0.0975973	0.0527683	0.00485025	0.0362654	
0.0516857	0.00584852	0.0367697	0.0367135	0.00600128	0.0249629	0.00465068	0.316671	0.00734905	0.368861	0.0206972	0.0112704	0.00133784	0.00460751	0.0023377	0.0118843	0.0111344	0.0667755	0.00284561	0.00759657	
0.0991866	0.00581514	0.0470221	0.0555873	0.0287344	0.0888346	0.0443005	0.031005	0.0365696	0.0344353	0.0408292	0.0191244	0.0100539	0.0323384	0.0107041	0.29108	0.0275075	0.0735689	0.0088862	0.0144169	
0.0172302	0.00607571	0.00810823	0.0107949	0.0516151	0.441346	0.0414809	0.0660824	0.0244017	0.0310618	0.0282734	0.0106561	0.0986795	0.0157798	0.00432704	0.0166123	0.0417973	0.0266311	0.00397997	0.0550665	
0.128669	0.00335114	0.0184657	0.0189956	0.0289873	0.00750041	0.0154653	0.00837308	0.335024	0.0135167	0.00775232	0.0725835	0.00574211	0.0347564	0.190453	0.0391888	0.0220036	0.041792	0.00343807	0.00394196	
0.0171503	0.005682	0.405453	0.173076	0.0205331	0.00364699	0.00374853	0.0238123	0.0198701	0.0448023	0.0202835	0.0618007	0.0448525	0.0128573	0.0273061	0.0722761	0.0256143	0.0117568	0.00294207	0.00253581	
0.0511621	0.00493472	0.0540185	0.0395236	0.00191444	0.0181964	0.00878125	0.177646	0.00902714	0.446666	0.0479218	0.0123649	0.00353265	0.00771086	0.0055738	0.00940488	0.0149272	0.0749278	0.00170928	0.0100567	
0.330884	0.0112705	0.00580523	0.0221185	0.0194472	0.0752097	0.0639589	0.0500729	0.0364539	0.0123712	0.0327854	0.0141741	0.00895375	0.0231839	0.0270769	0.0350666	0.102227	0.10181	0.00586758	0.0212623	
0.0538986	0.0235937	0.0522189	0.0303286	0.0855691	0.020093	0.0210733	0.090393	0.0350431	0.125419	0.00941988	0.018847	0.00593969	0.0396782	0.0205561	0.0157235	0.050088	0.268403	0.00237853	0.0313363	
0.0485257	0.0159723	0.0414312	0.0209514	0.0501254	0.0187887	0.0321503	0.0987785	0.0481348	0.0362136	0.0115049	0.0227709	0.0208253	0.0344691	0.0342411	0.0428326	0.0557435	0.333729	0.00442594	0.0283856	
0.010052	0.00700478	0.0569166	0.0594211	0.0621047	0.0870269	0.00675493	0.0650274	0.0186904	0.00245782	0.0181509	0.0120885	0.47246	0.00250689	0.00161167	0.00342734	0.00471334	0.0263734	0.0039617	0.0792502	
0.0578005	0.00917141	0.0263056	0.0438795	0.00989142	0.0559772	0.027823	0.435892	0.0133932	0.1016	0.00678095	0.0102458	0.0553618	0.0174613	0.0116797	0.0131641	0.0113386	0.0755517	0.00454591	0.0121368	
0.0523726	0.00682951	0.068238	0.0444288	0.00209361	0.0201951	0.00856618	0.114369	0.0159141	0.497536	0.0274806	0.012586	0.00123052	0.00846351	0.00602027	0.0110148	0.0244038	0.0669808	0.00288537	0.00839129	
0.345067	0.0111762	0.00951455	0.0280085	0.043156	0.0214284	0.0393944	0.0331417	0.07598	0.0351889	0.0320937	0.0230592	0.00411569	0.0314049	0.0550252	0.023866	0.0979078	0.0501089	0.00575076	0.0346119	
0.017378	0.00381419	0.00396979	0.0154331	0.0505845	0.442031	0.0462345	0.065711	0.0241406	0.0278908	0.0288886	0.00924253	0.100339	0.0152909	0.00692867	0.00982214	0.0404172	0.025855	0.00329703	0.062732	
0.0527916	0.00600136	0.0689304	0.0455437	0.00285162	0.0185412	0.00806402	0.117721	0.0140068	0.494229	0.0309284	0.0118133	0.00144727	0.00923485	0.00610227	0.00888318	0.0195489	0.0707664	0.00281732	0.0097781	
0.126206	0.0123325	0.0434782	0.0480484	0.0528312	0.05238	0.0491482	0.00628844	0.0137855	0.0162614	0.233895	0.0206613	0.0237381	0.0255629	0.0120281	0.0374326	0.0958297	0.085783	0.00770739	0.0366022	
0.0518085	0.00656379	0.0607241	0.0348952	0.00829985	0.0145384	0.00754633	0.128346	0.0147299	0.472251	0.0275135	0.0128186	0.000886383	0.00467518	0.00304369	0.0126233	0.0191317	0.104685	0.00295838	0.0119615	
0.0193966	0.00970243	0.436676	0.0766028	0.0231265	0.00566707	0.00425233	0.0358585	0.0282105	0.0826228	0.0254298	0.0387313	0.0318186	0.0244035	0.0266939	0.051932	0.0336736	0.0373399	0.00432494	0.00353722	
0.017084	0.0043126	0.00459677	0.014043	0.0529681	0.433076	0.0451341	0.0660889	0.0248747	0.0307473	0.0302675	0.0100928	0.104016	0.0147183	0.00621503	0.00933441	0.0389074	0.0256374	0.00457678	0.0633088	
0.0726296	0.0302159	0.0400006	0.0325638	0.127242	0.0230163	0.00468665	0.0675597	0.0290166	0.0688708	0.026307	0.014781	0.0014172	0.0388034	0.00684188	0.0266214	0.0595848	0.275911	0.00429283	0.0496367	
0.0522663	0.00622671	0.0674085	0.0454744	0.00192472	0.0212292	0.00705643	0.113733	0.0154467	0.495273	0.0297386	0.011703	0.00161381	0.0111363	0.00699718	0.0087146	0.0245536	0.067221	0.00331464	0.00896868	
0.0679151	0.00110524	0.200249	0.107327	0.0112801	0.00493948	0.0160767	0.00751471	0.0383816	0.0126714	0.00968966	0.132169	0.00282975	0.025326	0.074277	0.228575	0.0261857	0.0286198	0.00127068	0.00359635	
0.0486459	0.00735002	0.0650291	0.0450435	0.00666964	0.0216855	0.00598388	0.160143	0.0122432	0.470903	0.0200879	0.0135165	0.000825079	0.00469173	0.00321686	0.0145561	0.0216471	0.0659264	0.00316271	0.00867273	
0.031101	0.0181447	0.0575762	0.0193166	0.0529993	0.00921976	0.0181604	0.1027	0.0322725	0.116161	0.00998738	0.0202516	0.0102372	0.0449038	0.0251877	0.0341245	0.0503022	0.315684	0.00404724	0.0276234	
0.104245	0.00309861	0.116661	0.0772352	0.00981626	0.0216708	0.0288729	0.0385336	0.0438468	0.0346232	0.0226193	0.0748092	0.00189931	0.0264635	0.055478	0.255547	0.0242263	0.0519376	0.00549866	0.00291869	
0.403113	0.00924425	0.01812	0.0162918	0.0361132	0.0162874	0.0386975	0.0551601	0.0716787	0.0588175	0.0327986	0.0233204	0.0027867	0.0297869	0.0470618	0.0227977	0.0405085	0.0428895	0.00643069	0.0280957	
0.047173	0.00168949	0.136704	0.0872133	0.0108326	0.0227144	0.0313199	0.0345892	0.0341299	0.0324148	0.0258551	0.0760208	0.00166449	0.0278595	0.0555217	0.288544	0.0255909	0.052301	0.00437368	0.0034887	
0.0537972	0.00816282	0.0211727	0.0388391	0.009065	0.0466131	0.0261845	0.415444	0.0108478	0.104208	0.00710421	0.0109642	0.0557374	0.0184882	0.0124733	0.0131006	0.0118877	0.121463	0.00405688	0.0103898	
0.077301	0.0111992	0.012386	0.0116834	0.0521015	0.342251	0.040504	0.0682942	0.0281574	0.032935	0.0277199	0.00968793	0.076834	0.0185726	0.00514603	0.0285292	0.0656819	0.0350445	0.00267301	0.0532985	
0.15745	0.0131802	0.028622	0.0191777	0.0512231	0.0236273	0.0439471	0.0316262	0.0555319	0.0168395	0.0382317	0.0244603	0.014259	0.0322446	0.0434183	0.0485813	0.072596	0.252647	0.00389021	0.0284473	
0.0229394	0.0149215	0.0546992	0.0170187	0.0428508	0.00699203	0.0120383	0.143952	0.0252687	0.202729	0.0229586	0.0152754	0.00663529	0.0316616	0.0160317	0.0294182	0.039608	0.269448	0.00411287	0.0214416	
0.0579922	0.00674483	0.0646472	0.0451262	0.00199408	0.0182842	0.00727996	0.11031	0.0172468	0.492126	0.0311456	0.0140504	0.00120102	0.00966647	0.00614892	0.00969776	0.0241679	0.0665754	0.00370303	0.0118927	
0.0589465	0.00146297	0.00484925	0.0359363	0.16947	0.0666435	0.00469695	0.0179133	0.0245822	0.0134042	0.0241797	0.00273794	0.102109	0.0188415	0.0162518	0.00439036	0.0391391	0.0389504	0.00491556	0.350579	
0.0163152	0.00756594	0.432442	0.13331	0.0223546	0.00473377	0.00385357	0.0286803	0.0201824	0.0526503	0.0193098	0.0544688	0.0444221	0.0177495	0.0252917	0.0632952	0.0293907	0.0165241	0.0048381	0.00262137	
0.00985228	0.00685224	0.0564621	0.0595201	0.0635254	0.086103	0.00661485	0.0621426	0.0188588	0.00266345	0.0195504	0.011855	0.47546	0.00262432	0.00169753	0.00238762	0.00327129	0.0254632	0.00413241	0.0809633	
0.0320391	0.0119378	0.0411916	0.380743	0.0413927	0.0115322	0.0338704	0.0721229	0.0114488	0.0593891	0.0311812	0.0243673	0.0470575	0.0141036	0.0223267	0.0455373	0.0489125	0.0282437	0.00592471	0.0366785	
0.0714032	0.0229	0.0490257	0.0588763	0.0499946	0.0594439	0.0423784	0.0464706	0.013104	0.0500092	0.0148666	0.0135035	0.00394757	0.0261793	0.0102971	0.0244533	0.326223	0.0843218	0.00508838	0.0275139	
0.0512088	0.0053585	0.0629311	0.0418687	0.0027766	0.0204898	0.00485047	0.119706	0.0159335	0.502476	0.0317242	0.0118346	0.000890422	0.00948869	0.00558319	0.0128721	0.0220085	0.06608	0.00344175	0.00847776	
0.10695	0.0142989	0.0402168	0.0163785	0.0527763	0.0400545	0.00617241	0.0405009	0.163236	0.018862	0.0243085	0.024964	0.00334219	0.177054	0.0559606	0.0449285	0.0525786	0.0786884	0.00557063	0.033158	
0.00959914	0.00714321	0.0566643	0.0591034	0.0623993	0.0883011	0.00705923	0.0641154	0.0181451	0.00223076	0.0184086	0.011556	0.475126	0.00246926	0.00184003	0.00281343	0.00364665	0.0249999	0.00403807	0.0803412	
0.0257525	0.0133082	0.00416162	0.0862962	0.0369365	0.0107708	0.0318528	0.159127	0.00571301	0.14716	0.0297024	0.0184657	0.0274045	0.010192	0.0180072	0.0310844	0.0416612	0.270993	0.00462502	0.0267858	
0.0312483	0.0114807	0.0508683	0.385982	0.0408662	0.00785362	0.0343609	0.0707387	0.012786	0.0539457	0.034461	0.0245958	0.0476897	0.012286	0.0206561	0.0481809	0.0519022	0.0253516	0.00446897	0.0302771	
0.070184	0.00157621	0.00570397	0.0370833	0.125243	0.0692744	0.00572428	0.0265317	0.0278127	0.0299896	0.0222269	0.00285115	0.0864947	0.0214328	0.0176793	0.00567138	0.0412157	0.0421579	0.00568034	0.355467	
0.0614334	0.0015741	0.00493697	0.0348119	0.16723	0.0690467	0.00467398	0.0193135	0.0244149	0.0129133	0.0231716	0.00292017	0.10134	0.0178437	0.0159567	0.0043143	0.0382389	0.0380778	0.0048191	0.352968	
0.0907668	0.147122	0.0474938	0.055258	0.140628	0.0303591	0.032902	0.0601699	0.0293263	0.0403472	0.030711	0.0162918	0.0268466	0.0228768	0.00652384	0.0291868	0.082316	0.104527	0.0017118	0.00463566	
0.097347	0.0101656	0.0322702	0.0209785	0.044658	0.0444552	0.0274843	0.0328801	0.326681	0.0400726	0.0102209	0.0279275	0.0314762	0.024554	0.0765446	0.034885	0.0240995	0.0589759	0.00496534	0.0293584	
0.0477201	0.00822526	0.0557812	0.033451	0.00759708	0.0125336	0.00648227	0.173342	0.00969862	0.446047	0.0194128	0.0112638	0.000872583	0.00541813	0.0034892	0.0169457	0.0185144	0.107799	0.00333388	0.0120724	
0.0221519	0.00700242	0.0539083	0.061364	0.0616173	0.087642	0.0113598	0.0676279	0.0174651	0.00372216	0.0185633	0.0142666	0.44852	0.00370319	0.00336987	0.003488	0.00502117	0.0295076	0.00419649	0.0755034	
0.107192	0.00887026	0.115462	0.0788557	0.0206214	0.020952	0.0295947	0.0365738	0.0472492	0.0124938	0.0189394	0.0734404	0.00212591	0.0266936	0.0562485	0.259531	0.0237552	0.052078	0.00190543	0.00741845	
0.0176299	0.00705365	0.437597	0.127465	0.0222836	0.00309596	0.00307918	0.0292124	0.0188931	0.0541134	0.0197884	0.0552475	0.041181	0.0151235	0.0269339	0.0677006	0.0287885	0.0187649	0.00351604	0.00253293	
0.0440101	0.0174849	0.0484007	0.0556067	0.0458497	0.0622499	0.0347731	0.149077	0.00982525	0.0780351	0.0226162	0.0169144	0.00408952	0.0316992	0.0117124	0.015653	0.21304	0.100943	0.00663942	0.0313802	
0.148772	0.00533288	0.106582	0.0633318	0.0248412	0.00547589	0.0189449	0.00752659	0.128663	0.0195515	0.0132325	0.112959	0.000872896	0.0288676	0.109441	0.127069	0.0286933	0.0381808	0.00457492	0.007086	
0.0474277	0.00713374	0.136964	0.0920073	0.0197407	0.0247646	0.0310347	0.0314393	0.0313555	0.0145219	0.0227332	0.0696067	0.00236132	0.03028	0.0556544	0.293172	0.0264229	0.0496073	0.0041367	0.00963676	
0.105101	0.00412179	0.0616589	0.0490424	0.0350305	0.00454391	0.0302264	0.0238973	0.167571	0.0112787	0.017012	0.0591637	0.00243679	0.0273697	0.223619	0.0628983	0.0420732	0.0486358	0.00428953	0.0200298	
0.0169256	0.0105941	0.23995	0.047171	0.0179734	0.0052126	0.0147132	0.0368525	0.0297777	0.208538	0.0396334	0.0237582	0.00863356	0.0348968	0.0247237	0.0379415	0.0428109	0.146361	0.00396617	0.00956638	
0.281242	0.0127844	0.0213852	0.0113916	0.0366299	0.02815	0.0432058	0.0480076	0.0493408	0.0526923	0.0340915	0.0201099	0.00335544	0.032881	0.0368893	0.0225223	0.102788	0.127464	0.00440839	0.0306606	
0.0539696	0.00436943	0.036877	0.0353329	0.00315408	0.0214781	0.00642926	0.265271	0.00655988	0.410939	0.0334761	0.00835928	0.00417387	0.00716564	0.00575707	0.00779597	0.00660254	0.0727005	0.00252003	0.00706781	
0.0582672	0.0115683	0.0201858	0.0434623	0.0139092	0.0513484	0.0275524	0.419936	0.00687825	0.067563	0.00632153	0.0132216	0.0687826	0.0198807	0.00861646	0.0178365	0.0116167	0.112281	0.00628435	0.0144871	
0.0510217	0.00711565	0.0677	0.0349936	0.00397783	0.0133376	0.00351881	0.131938	0.0119359	0.471336	0.0279421	0.0115205	0.00138152	0.00771082	0.00420526	0.0123168	0.0241712	0.102504	0.00227323	0.00910007	
0.0202479	0.00982096	0.432315	0.073775	0.0240595	0.00484985	0.00550145	0.0377104	0.026016	0.0805939	0.0251786	0.0420304	0.0342282	0.0224954	0.0268644	0.0540135	0.0340174	0.0385548	0.00490989	0.00281693	
0.00984235	0.00705889	0.0556548	0.0600302	0.0613408	0.0864271	0.00753817	0.0634178	0.0184306	0.00225956	0.0185804	0.0114461	0.477282	0.00238875	0.00218833	0.0023223	0.00322942	0.0252975	0.00371579	0.0815496	
0.0511395	0.00469894	0.0666499	0.045365	0.00364755	0.0227799	0.0048385	0.121045	0.0130615	0.495075	0.0312692	0.0120405	0.000986641	0.00809766	0.00322499	0.0123686	0.0231866	0.0691587	0.00279047	0.00857554	
0.0156115	0.00410118	0.00423746	0.017136	0.0544958	0.437955	0.0396305	0.0658903	0.0258314	0.0289311	0.02776	0.0105917	0.105314	0.0156767	0.00565188	0.00972524	0.0396013	0.0248215	0.00326931	0.0637678	
0.017889	0.00856626	0.00686167	0.0103431	0.0529075	0.426687	0.041388	0.0641863	0.0271659	0.0331482	0.0296599	0.0107091	0.0983447	0.0148908	0.00505825	0.0192769	0.0441752	0.0257893	0.00281401	0.0601385	
0.0501494	0.00255574	0.137314	0.0861836	0.00938316	0.0280405	0.0270917	0.0397053	0.0331394	0.0369166	0.0232867	0.0698886	0.00226726	0.0261413	0.0538258	0.290951	0.0223861	0.0528536	0.0039685	0.00395224	
0.305098	0.0105697	0.0126153	0.0332899	0.0338624	0.010583	0.037912	0.0516893	0.0997052	0.0444912	0.0249651	0.0395468	0.00219481	0.032641	0.0657547	0.0929824	0.0330877	0.0439358	0.0063427	0.0187331	
0.118572	0.0153473	0.0632479	0.0619741	0.0350909	0.0331483	0.0389544	0.0767706	0.0439441	0.0450339	0.0374922	0.0354114	0.00165818	0.033843	0.0167092	0.209076	0.0339136	0.0788021	0.00693522	0.0140763	
0.0876905	0.00385957	0.086033	0.0750914	0.0285568	0.0189982	0.0405648	0.0232139	0.0292991	0.0353445	0.0362474	0.0328497	0.00544578	0.0322654	0.0183518	0.276549	0.073087	0.0757593	0.00600687	0.0147859	
0.322905	0.0132201	0.010601	0.0234985	0.0440089	0.0274121	0.0468938	0.0281996	0.0515566	0.0265131	0.0363731	0.0184698	0.00365105	0.0280636	0.0446359	0.0247573	0.149758	0.0569637	0.00546527	0.0370536	
0.0538784	0.00859259	0.0283099	0.0390708	0.00741105	0.0242023	0.00734887	0.363311	0.0048296	0.31273	0.0151653	0.0126297	0.0055942	0.00962431	0.00318107	0.0116912	0.00888026	0.0716432	0.00372419	0.00818234	
0.0731449	0.00123078	0.168733	0.0921738	0.0134758	0.00382188	0.0157813	0.00836729	0.0881956	0.0113356	0.00940769	0.125385	0.00360663	0.0266308	0.108576	0.186058	0.0234109	0.0334296	0.00204584	0.00518919	
0.230811	0.0137436	0.00874544	0.0285809	0.0281676	0.0158644	0.0358557	0.0836766	0.062856	0.0797569	0.0316472	0.0308452	0.00222135	0.0308547	0.0444563	0.0767981	0.0369843	0.134446	0.00352928	0.0201592	
0.0597799	0.00578023	0.0636978	0.040938	0.00301888	0.0200914	0.00555713	0.120236	0.0142247	0.496021	0.0280359	0.0121333	0.00112817	0.00998613	0.00403248	0.0120798	0.0249945	0.0665186	0.00253067	0.00921473	
0.101812	0.0100464	0.0330995	0.0218916	0.048708	0.0352745	0.0283519	0.0187389	0.331956	0.0383952	0.01509	0.0291192	0.0278412	0.0264875	0.0772844	0.0353167	0.0250083	0.0592909	0.00717331	0.0291137	
0.120143	0.00479721	0.0383616	0.0241548	0.0327012	0.00490758	0.0264825	0.0126828	0.253156	0.0141185	0.0100502	0.0605531	0.00346725	0.0381376	0.21802	0.0485723	0.0291818	0.0457649	0.00467898	0.0100688	
0.11539	0.00266651	0.0466398	0.031651	0.0389499	0.00457187	0.0189402	0.0213827	0.197808	0.0105555	0.0146151	0.0479001	0.00240667	0.0427715	0.243529	0.0331223	0.0462206	0.0484474	0.00599902	0.0264325	
0.101163	0.00316905	0.0193559	0.0398362	0.0443416	0.210159	0.108899	0.0587936	0.052686	0.00672388	0.0310442	0.0149732	0.0186751	0.0350647	0.0607997	0.0121876	0.0688901	0.0692432	0.00620241	0.0377919	
0.333321	0.0154028	0.0103015	0.00689263	0.0367613	0.0763893	0.0562998	0.0572229	0.0195324	0.0390834	0.0379979	0.00994858	0.00727577	0.0185516	0.00357266	0.0285271	0.112465	0.0932688	0.00497111	0.0322137	
0.125483	0.00292212	0.0252698	0.0181353	0.0315535	0.0115103	0.0182481	0.0108872	0.327957	0.0163705	0.00575571	0.0709973	0.00458171	0.0294273	0.181193	0.0404991	0.0237628	0.0427029	0.0046002	0.00814335	
0.0663659	0.00333035	0.186013	0.105471	0.0161619	0.00314903	0.019353	0.0176615	0.00956895	0.0213611	0.00494417	0.108521	0.00271199	0.0261701	0.0624911	0.260009	0.043556	0.0371228	0.000795481	0.0052419	
0.0578433	0.00837518	0.0235928	0.0455838	0.00856903	0.0509279	0.0239153	0.447452	0.0116798	0.10492	0.00849677	0.0106037	0.0538882	0.0197268	0.0109523	0.0139095	0.0103744	0.0716994	0.00509341	0.0123967	
0.110815	0.00286949	0.0432299	0.0414764	0.0371674	0.0122266	0.0633332	0.0253161	0.155968	0.0152128	0.0202652	0.0388758	0.00585153	0.0423945	0.222401	0.0296101	0.0459647	0.05831	0.00535765	0.0233539	
0.0526014	0.00730143	0.0642392	0.0335811	0.00845982	0.0132922	0.00718321	0.120551	0.0143642	0.463477	0.0274468	0.0114372	0.000854124	0.00519042	0.00468722	0.0163413	0.0238782	0.110386	0.00432407	0.0104036	
0.0975023	0.146752	0.0391346	0.0496926	0.12629	0.0521312	0.0377615	0.0582946	0.0294441	0.041526	0.0295678	0.0171157	0.0283045	0.0225707	0.00670785	0.0299952	0.0863475	0.095497	0.00129226	0.0040723	
0.0538686	0.00522773	0.0459048	0.0338219	0.00190708	0.0207132	0.00408347	0.230375	0.00970167	0.44439	0.0235549	0.0107022	0.00116227	0.00571606	0.00447679	0.00771518	0.0113907	0.0739578	0.00225196	0.00907879	
0.0520261	0.00599858	0.0444544	0.0278509	0.00386696	0.0149553	0.00255097	0.223172	0.0072781	0.434928	0.0255845	0.0104395	0.000618594	0.00652432	0.00307155	0.0119688	0.0127961	0.100787	0.00239382	0.00873534	
0.393223	0.0112034	0.0170447	0.0176565	0.0411229	0.0158918	0.0412196	0.0572435	0.0697658	0.0620534	0.0253196	0.0248071	0.00264747	0.0295966	0.0444794	0.0230035	0.0385719	0.0470856	0.00530483	0.0327594	
0.347918	0.0111781	0.00984093	0.0233909	0.0314037	0.0205991	0.0422177	0.0699963	0.0563065	0.069597	0.0284342	0.0193831	0.00298719	0.0274442	0.040659	0.0218116	0.0492793	0.0939224	0.00440682	0.0292243	
0.00954606	0.00698828	0.054983	0.0600018	0.0611213	0.0859312	0.00713631	0.0648355	0.0194267	0.00261839	0.0185928	0.0117651	0.478139	0.00215957	0.00198895	0.00296752	0.00339634	0.0254987	0.00397022	0.0789332	
0.0270152	0.00765245	0.192263	0.316337	0.0300381	0.00520826	0.0185585	0.0435717	0.0146591	0.0464389	0.0234434	0.0450323	0.0621417	0.00891209	0.025227	0.057011	0.0359781	0.0175214	0.00561158	0.0173783	
0.04757	0.00757981	0.0321516	0.029298	0.00789929	0.0170569	0.00411604	0.266587	0.00742152	0.354061	0.0244226	0.0116137	0.000846791	0.0105107	0.0030821	0.0169211	0.0191805	0.126924	0.00411044	0.00864681	
0.365872	0.0110724	0.0195966	0.0464047	0.0383719	0.0134012	0.0334284	0.0595878	0.0729025	0.0587229	0.0307653	0.0270616	0.00274061	0.0353157	0.0472191	0.0272137	0.0324256	0.0412065	0.0051174	0.0315738	
0.328135	0.0109077	0.007785	0.01937	0.0383912	0.0286655	0.0450894	0.039707	0.0555743	0.0366271	0.0377837	0.0204994	0.00340273	0.0271268	0.0411122	0.0198823	0.111397	0.0927094	0.00367134	0.0321627	
0.0310252	0.0199009	0.0531582	0.0187303	0.0602843	0.0098145	0.0213498	0.0574767	0.0425253	0.105715	0.0240403	0.0180941	0.0064869	0.0438436	0.0282572	0.0356385	0.0533122	0.339043	0.00272461	0.0285793	
0.0764817	0.0106257	0.0712015	0.0439579	0.0393142	0.00280804	0.0191414	0.0719933	0.0421671	0.0554738	0.0253225	0.0266082	0.000744939	0.197231	0.025613	0.0455066	0.0483196	0.171017	0.00108434	0.0253886	
0.278055	0.0108931	0.073439	0.0536942	0.0419083	0.0143756	0.0278166	0.0392923	0.0640871	0.0484523	0.0357125	0.0280745	0.00428101	0.03293	0.0530003	0.0282368	0.089446	0.0405315	0.00784458	0.0279297	
0.397791	0.0105715	0.0108619	0.0236283	0.0404141	0.0163859	0.0353767	0.0574331	0.074828	0.0569371	0.0305923	0.0239299	0.00260079	0.027287	0.0456031	0.0218596	0.0384707	0.04515	0.00654042	0.033738	
0.112731	0.0129392	0.00601173	0.0457248	0.0356747	0.0684295	0.370633	0.0539393	0.0252751	0.0120579	0.0362786	0.00785411	0.00512295	0.00471204	0.0145297	0.0399178	0.0708517	0.0650603	0.00848506	0.003771	
0.0093978	0.00720433	0.056448	0.061839	0.063078	0.0866141	0.00635978	0.062972	0.0174432	0.00247162	0.0194616	0.0128601	0.473223	0.00235728	0.00137593	0.00277984	0.0033641	0.0241413	0.00371754	0.082891	
0.0190841	0.00969625	0.430794	0.0754985	0.0240591	0.00612988	0.00569561	0.0359093	0.0274061	0.0810653	0.0269107	0.0393747	0.0338935	0.0211239	0.0274988	0.0517827	0.0360141	0.038847	0.00524275	0.00397342	
0.0467999	0.0145643	0.0328621	0.023057	0.0501293	0.0160044	0.0356357	0.151705	0.0349785	0.0444912	0.0174664	0.0172452	0.0265583	0.0330775	0.0280528	0.0366144	0.0520198	0.300284	0.00428842	0.0341663	
0.017735	0.00568159	0.383977	0.197272	0.0206851	0.00190676	0.00629703	0.024015	0.0147947	0.0360584	0.0165237	0.0709231	0.0493336	0.00769307	0.0275108	0.078654	0.0238208	0.0104223	0.00294957	0.00374646	
0.057975	0.0109632	0.0237296	0.0432605	0.0162244	0.0564229	0.0292514	0.41253	0.00645647	0.0658525	0.00631214	0.0137102	0.069993	0.0184959	0.00867527	0.0205344	0.0109892	0.112573	0.00371977	0.0123312	
0.0588973	0.00106184	0.00407331	0.0354025	0.171436	0.0749073	0.00517063	0.0179562	0.0247336	0.011377	0.0244561	0.00239263	0.0994674	0.0208931	0.0155694	0.00403585	0.0366782	0.0383612	0.00482407	0.348306	
0.0253867	0.0137579	0.0762501	0.0175789	0.0453475	0.0074537	0.0171275	0.0731504	0.0351888	0.22581	0.0266941	0.0178402	0.00521084	0.0293302	0.021216	0.0323998	0.0436521	0.261057	0.00407773	0.021471	
0.399978	0.0104146	0.0173433	0.0191807	0.034705	0.0147214	0.0398982	0.0574237	0.0700244	0.0606757	0.0270755	0.0236525	0.00367813	0.0313156	0.0477327	0.0227974	0.0375095	0.0490969	0.00482163	0.0279545	
0.392317	0.0105508	0.0106045	0.0267316	0.0392228	0.0154163	0.0372354	0.0590552	0.0695981	0.0614071	0.0320547	0.0233011	0.00273436	0.0288479	0.0448661	0.0223797	0.0388593	0.0470197	0.00572728	0.0320712	
0.0556195	0.00704434	0.029491	0.0368716	0.00634778	0.0279738	0.00853749	0.373179	0.007964	0.296095	0.0129068	0.00960093	0.00930574	0.010133	0.00543832	0.00960043	0.00903492	0.0717577	0.00393717	0.00916141	
0.110434	0.00377962	0.0421987	0.0336511	0.0391004	0.00685107	0.0284653	0.0246249	0.173854	0.0113874	0.0128422	0.0505218	0.00300985	0.0688951	0.20775	0.0591171	0.0494514	0.0508356	0.0033909	0.0198397	
0.123469	0.00488899	0.0246621	0.0144731	0.0424706	0.0318722	0.0324251	0.0179786	0.214726	0.0167107	0.00696688	0.0259237	0.0143538	0.0788612	0.164865	0.028703	0.0716487	0.0492514	0.00394586	0.031804	
0.021353	0.00616776	0.381851	0.117028	0.019406	0.00350454	0.00460588	0.0237711	0.0317691	0.0408156	0.0167771	0.0986605	0.0331304	0.0211027	0.0398293	0.090198	0.0263818	0.0173469	0.0038165	0.00248423	
0.0556755	0.00999471	0.257204	0.236639	0.0330901	0.00498059	0.0171177	0.030071	0.0139279	0.0358115	0.0230957	0.0570229	0.0435509	0.00927116	0.0306477	0.0759984	0.0351648	0.0144749	0.00380145	0.0124598	
0.113625	0.0176802	0.00602385	0.0431764	0.0357206	0.069567	0.366847	0.0514115	0.0234628	0.0131596	0.0396269	0.00746112	0.00383043	0.00526943	0.0118985	0.0458522	0.0669695	0.068426	0.00548371	0.00450881	
0.0164923	0.00539439	0.00522587	0.0112849	0.0537108	0.436191	0.0432775	0.0671439	0.0253219	0.0276615	0.0272558	0.0109039	0.0977615	0.0161702	0.00594271	0.0140434	0.0434933	0.0275887	0.00355928	0.0615776	
0.0668745	0.00163744	0.00574765	0.039047	0.12442	0.0645284	0.00786556	0.0307388	0.0252648	0.0290426	0.0248147	0.00367945	0.0872038	0.0214535	0.0170505	0.00705291	0.0411404	0.0446416	0.00508532	0.352711	
0.0580052	0.0100748	0.0246275	0.0515032	0.0169189	0.0583404	0.0320289	0.440323	0.00853911	0.0634951	0.0083539	0.0159125	0.0552429	0.0192369	0.00846445	0.0203184	0.0141088	0.0744742	0.00576777	0.0142635	
0.0497649	0.00820415	0.0477515	0.0294118	0.016453	0.0132396	0.0093967	0.149885	0.00431591	0.416277	0.0355761	0.0110397	0.00108854	0.00914539	0.00311474	0.0175026	0.00906961	0.153191	0.00366703	0.0119062	
0.0532281	0.00575866	0.0611077	0.0445047	0.00198054	0.0197114	0.0062613	0.156152	0.0130536	0.48419	0.020064	0.0110423	0.00171041	0.0077549	0.00648907	0.00920112	0.019766	0.0671386	0.0022925	0.0085931	
0.394247	0.0117483	0.013206	0.0249285	0.036658	0.015139	0.0340224	0.0637186	0.0704663	0.0596689	0.0264245	0.0232873	0.00278025	0.0304817	0.0477968	0.0217335	0.0398907	0.0446864	0.00749221	0.0316233	
0.119514	0.0035258	0.0269011	0.0184093	0.0340111	0.0146783	0.0284694	0.0180602	0.282113	0.0186217	0.00617277	0.0444743	0.00632863	0.0360703	0.210349	0.0345996	0.0336178	0.0456881	0.00271024	0.0156855	
0.0500426	0.00717966	0.0673872	0.0366568	0.0121879	0.0134543	0.0062077	0.126083	0.0117822	0.46274	0.0329832	0.0113749	0.000708304	0.00520111	0.0035329	0.0134827	0.0223487	0.104444	0.0027625	0.00944018	
0.0700769	0.0160552	0.0423088	0.0567223	0.305018	0.0572447	0.0278297	0.0137294	0.0473866	0.00394984	0.0270228	0.0156426	0.0782253	0.0290334	0.0314217	0.0128101	0.0505915	0.0262307	0.00535247	0.0833476	
0.0163048	0.00319855	0.00472848	0.0146394	0.0534176	0.444638	0.0420433	0.068331	0.0268681	0.0306145	0.0262143	0.0112279	0.0986426	0.0141898	0.00538893	0.00776859	0.0404079	0.0250482	0.00411335	0.0622152	
0.0710315	0.021139	0.0509997	0.0571455	0.0478926	0.0626163	0.0464079	0.040844	0.0137255	0.0457068	0.0177126	0.0146296	0.00385418	0.0278188	0.010433	0.0209174	0.333416	0.0753864	0.00663392	0.031689	
