0.0248546	0.00886649	0.0155175	0.428952	0.0561515	0.0183613	0.01317	0.0505558	0.0274773	0.047707	0.0386986	0.0462239	0.0362928	0.0157297	0.0266308	0.0341116	0.0440912	0.0152374	0.0251684	0.0262026	
0.0621656	0.00519589	0.0391521	0.044309	0.0802331	0.00842703	0.0049287	0.0241588	0.08777	0.0199723	0.0144501	0.0526851	0.00952617	0.0616786	0.398757	0.00373583	0.0151097	0.0305617	0.00855452	0.0286292	
0.0336636	0.00921709	0.0423961	0.0540236	0.0531627	0.053046	0.0164047	0.0209892	0.0641818	0.0598014	0.034595	0.0228753	0.00681863	0.0458044	0.0194451	0.0162338	0.329012	0.0651509	0.0260199	0.0271583	
0.0503551	0.00179397	0.0436132	0.0474295	0.416136	0.0439902	0.00752611	0.0142263	0.0602389	0.00885733	0.0377656	0.0406891	0.0499201	0.045186	0.049193	0.00844196	0.0294175	0.00644856	0.0222329	0.0165391	
0.0506293	0.00925201	0.0357648	0.0426663	0.00470072	0.0261896	0.00329496	0.317092	0.0563937	0.0676039	0.0270109	0.0253383	0.00464713	0.0332206	0.00398542	0.0241555	0.0393722	0.176357	0.0231449	0.0291798	
0.0551631	0.00837428	0.0445734	0.0550778	0.0629472	0.0578787	0.0135356	0.00475411	0.0298513	0.0609335	0.370571	0.0433896	0.0340142	0.0376945	0.00720655	0.0329551	0.0197001	0.0187814	0.0217895	0.0208091	
0.0506011	0.00809469	0.0504953	0.0553129	0.0143734	0.0399224	0.010791	0.414296	0.0479442	0.0934531	0.00978905	0.0129382	0.0235323	0.0344711	0.0192515	0.0106527	0.0211821	0.0342853	0.0217881	0.0268251	
0.0160787	0.00468432	0.0408912	0.0439745	0.063746	0.062588	0.00300602	0.0434651	0.0540756	0.00937752	0.039447	0.0382928	0.458372	0.0353872	0.00312779	0.00532915	0.00728061	0.0210866	0.0242814	0.0255082	
0.0244094	0.00744049	0.43145	0.0197348	0.055957	0.0201805	0.0031582	0.0494309	0.06842	0.0498213	0.0363171	0.0138439	0.0384474	0.0417044	0.0286602	0.0358666	0.03692	0.0106561	0.0220703	0.00551189	
0.0221164	0.00510541	0.0164337	0.0411433	0.0606023	0.399991	0.014878	0.0494456	0.0650061	0.0502829	0.0381774	0.0435758	0.0535055	0.0404784	0.00505082	0.0131255	0.0392819	0.00758832	0.0119352	0.0222766	
0.0250953	0.00719781	0.0113832	0.0228937	0.00727316	0.00779229	0.00981634	0.0226816	0.0624119	0.0628835	0.0336248	0.0388044	0.0140461	0.0330948	0.021837	0.0318802	0.0479898	0.488862	0.0247391	0.0256928	
0.0659417	0.00876986	0.0429042	0.0193838	0.0498674	0.0455875	0.00221932	0.0439507	0.0572967	0.0253097	0.0410533	0.0479482	0.01421	0.339113	0.021522	0.0361299	0.0445123	0.0396679	0.0264363	0.0281762	
0.0606991	0.00393208	0.0449311	0.0398497	0.0752224	0.0102767	0.00541439	0.028888	0.0903311	0.0172604	0.0105135	0.0519682	0.0101774	0.0647924	0.397361	0.00402045	0.0188494	0.0319039	0.00771283	0.025896	
0.0948788	0.00604088	0.0290075	0.043863	0.0673976	0.203752	0.0115339	0.0125371	0.096517	0.0441819	0.0407706	0.053616	0.0346805	0.0648561	0.106544	0.00541135	0.0133574	0.0253261	0.0206497	0.0250781	
0.0789739	0.0123604	0.0514343	0.0511251	0.0151845	0.0496376	0.00738493	0.110491	0.0654632	0.26858	0.0272862	0.0379633	0.00667401	0.0321525	0.00545263	0.0402252	0.0608009	0.0339835	0.0221604	0.0226658	
0.0250942	0.00827944	0.0106268	0.0241559	0.00845404	0.00652094	0.0121636	0.0255421	0.0656517	0.0629123	0.0338063	0.0377615	0.0183182	0.0326582	0.0216849	0.031235	0.0450059	0.480559	0.0232234	0.0263463	
0.206674	0.00270783	0.061262	0.049201	0.0110433	0.0622763	0.0120069	0.033195	0.0676789	0.0646887	0.0442986	0.0512378	0.00956868	0.0430505	0.0134402	0.165358	0.0324307	0.0400749	0.0235943	0.00621294	
0.0286277	0.00754495	0.18564	0.205904	0.0553487	0.0218847	0.00514314	0.0618831	0.0322785	0.0412462	0.03889	0.038166	0.0453766	0.0809601	0.0235246	0.0401284	0.0399119	0.0134952	0.021764	0.0122819	
0.0513224	0.00513634	0.051313	0.0550646	0.0254855	0.0506739	0.00838715	0.465737	0.0377182	0.0237551	0.00762126	0.0212267	0.0458949	0.0387277	0.0101246	0.0134038	0.0199528	0.0233782	0.0220714	0.0230059	
0.0507346	0.00887775	0.0473029	0.0505497	0.0142002	0.0410522	0.00873074	0.468708	0.0510151	0.0323605	0.00880352	0.0132064	0.0385566	0.0382987	0.0211329	0.0117666	0.0204152	0.0251895	0.0231355	0.0259635	
0.0623729	0.00728207	0.0492893	0.0151684	0.0452255	0.0465021	0.0106319	0.0410187	0.324677	0.0439204	0.0160856	0.0131497	0.0454691	0.10429	0.0275465	0.0341165	0.0225644	0.0438513	0.0224206	0.0244174	
0.0595923	0.00304532	0.0442155	0.0413602	0.0743102	0.00886279	0.00454437	0.0257299	0.110992	0.0133538	0.0184462	0.0477842	0.00582965	0.0549601	0.385882	0.00844039	0.0269501	0.0306358	0.00935447	0.0257111	
0.0556985	0.00217236	0.0390251	0.051821	0.36817	0.0481912	0.0164695	0.0126988	0.0644954	0.0471131	0.0455399	0.0457622	0.0337837	0.045272	0.038647	0.0098336	0.0346815	0.00780321	0.0221798	0.0106423	
0.0234149	0.00622273	0.0136907	0.440169	0.0590163	0.018253	0.0124127	0.051654	0.0256006	0.047138	0.041187	0.0426912	0.0332221	0.0162506	0.0249231	0.0313476	0.0450831	0.0172056	0.0268408	0.0236767	
0.069746	0.00520683	0.0284081	0.0107369	0.0677539	0.0345071	0.00397613	0.00899134	0.150777	0.0243382	0.0234017	0.0832504	0.0190285	0.216818	0.136005	0.0218504	0.0225568	0.0345077	0.016637	0.021503	
0.0608364	0.00291368	0.0400102	0.0361206	0.0774632	0.00901982	0.00615228	0.0144062	0.137576	0.0162579	0.0134894	0.0531013	0.00774063	0.0791448	0.35619	0.00350284	0.0169398	0.0311355	0.0093949	0.028604	
0.0469878	0.00253862	0.0446331	0.0494222	0.431636	0.0449829	0.00814226	0.00982355	0.0613873	0.00977655	0.037465	0.0392987	0.0500825	0.0424108	0.0455971	0.00655607	0.0258476	0.00553308	0.0222729	0.0156064	
0.0590894	0.00837605	0.0493797	0.0198443	0.0473936	0.0508413	0.0158706	0.021055	0.399531	0.0516177	0.0310003	0.0114796	0.0354655	0.0295383	0.0113115	0.0354505	0.0230546	0.0532415	0.0192758	0.0271833	
0.0753585	0.0112621	0.0509365	0.0561802	0.0211868	0.0579334	0.00647154	0.0291354	0.0674413	0.328616	0.0368107	0.0489506	0.00893756	0.0363071	0.00905993	0.0447618	0.0463732	0.023471	0.0160161	0.0247902	
0.0819447	0.0090042	0.0150691	0.0334412	0.00780429	0.00865403	0.0113328	0.0237069	0.0720185	0.0532449	0.0443566	0.0465645	0.0153998	0.037759	0.02567	0.0431465	0.042578	0.380158	0.0236839	0.0244633	
0.289634	0.00764429	0.0370073	0.0191364	0.0616539	0.0885062	0.012292	0.0456701	0.0710899	0.0514546	0.0401675	0.049142	0.014781	0.052755	0.0560211	0.0238837	0.0234819	0.0116196	0.018996	0.0250633	
0.0762324	0.0114964	0.0496216	0.0570107	0.0409678	0.0546481	0.0152981	0.0259052	0.0725783	0.324444	0.0397908	0.0440715	0.00706766	0.0213636	0.00528507	0.0441818	0.0488734	0.0160833	0.0208661	0.024214	
0.0563497	0.0093393	0.0469504	0.0214257	0.0516268	0.0523394	0.0169967	0.0233605	0.401853	0.0510132	0.0299085	0.0117489	0.0322285	0.0285895	0.0153253	0.0342523	0.0248254	0.0489866	0.0203654	0.0225147	
0.0643037	0.00290771	0.0450384	0.0569291	0.272265	0.0512717	0.0190854	0.0159433	0.0616285	0.110959	0.0520894	0.0489727	0.0291	0.0417278	0.0285681	0.0123787	0.0421834	0.0110182	0.0227655	0.0108634	
0.0598015	0.0104676	0.0320549	0.0428967	0.00352811	0.0258313	0.0137059	0.205665	0.0614436	0.14676	0.0378514	0.0264913	0.0125087	0.0321423	0.0112922	0.00964703	0.0488736	0.170155	0.0227939	0.0260889	
0.0761857	0.00775021	0.0344696	0.0117213	0.0546078	0.0404417	0.00542716	0.00978255	0.15226	0.0354737	0.0363728	0.0637165	0.0238064	0.225596	0.0491691	0.0345855	0.061143	0.0372618	0.0220857	0.0181438	
0.225352	0.00967068	0.00789427	0.0424744	0.053626	0.0201653	0.0107456	0.0685223	0.0755418	0.0479402	0.0333118	0.0461712	0.128254	0.0398762	0.0242724	0.0264649	0.0808277	0.0144302	0.0239979	0.0204617	
0.0740969	0.0039106	0.047222	0.0514788	0.0238076	0.0179415	0.0114879	0.0174994	0.0628757	0.0514575	0.0394243	0.0219963	0.0152364	0.0425948	0.00222884	0.303362	0.120038	0.0537986	0.022167	0.0173763	
0.0599761	0.00203297	0.0457089	0.0392725	0.0778484	0.00706907	0.00301643	0.0254833	0.10627	0.0105858	0.0163845	0.0514064	0.00507019	0.069511	0.38422	0.00447841	0.0266796	0.0264543	0.0100716	0.0284605	
0.0776641	0.0122148	0.158045	0.182971	0.0487487	0.0874875	0.00246964	0.045225	0.0552376	0.0442203	0.0399977	0.0264957	0.0260181	0.0464799	0.0195065	0.0549571	0.0367022	0.00708247	0.0217872	0.00668935	
0.0751591	0.00890809	0.0343909	0.0390817	0.00685243	0.0325325	0.0150112	0.0374712	0.0689991	0.235668	0.0469967	0.0405876	0.0152923	0.0338856	0.0135184	0.0158626	0.0530432	0.180947	0.0210162	0.0247762	
0.189115	0.00783272	0.0374755	0.0142535	0.0402368	0.00868004	0.0161427	0.0189537	0.0732378	0.205376	0.0477313	0.0521715	0.0177172	0.0396588	0.0225378	0.0470099	0.0509134	0.0670205	0.0217772	0.0221588	
0.167737	0.00231083	0.00928591	0.0446426	0.0637862	0.0617255	0.00879132	0.0370679	0.088825	0.0369789	0.0257902	0.0520574	0.0297199	0.0704874	0.205401	0.00578995	0.03474	0.00581799	0.0198532	0.0291917	
0.0716396	0.00635331	0.037737	0.0104166	0.0635507	0.0335754	0.00174204	0.0243293	0.17328	0.0145843	0.0248619	0.0569417	0.00601537	0.206437	0.149584	0.0217456	0.0298025	0.0300068	0.0128404	0.0245573	
0.0547605	0.00349507	0.0127427	0.0492661	0.0206059	0.0418339	0.0031138	0.0664928	0.0695679	0.0494164	0.0368131	0.0164247	0.036947	0.043186	0.0351639	0.0102687	0.0402218	0.0588525	0.0243111	0.326516	
0.311073	0.0076627	0.0100662	0.0319311	0.0561876	0.0126691	0.0110762	0.0550217	0.0852659	0.0549464	0.0311964	0.046361	0.0151907	0.0480079	0.0438001	0.0254309	0.0894176	0.0179492	0.0217345	0.0250113	
0.0255378	0.00858197	0.304432	0.122058	0.0573251	0.0237876	0.00225912	0.0590527	0.0629322	0.0419135	0.0335095	0.0186413	0.0399437	0.0508557	0.0319694	0.0353978	0.0367373	0.0125047	0.0252863	0.00727487	
0.0704159	0.0105983	0.0104734	0.0550334	0.0552916	0.0524712	0.249633	0.0462177	0.0735113	0.105474	0.0438034	0.0163594	0.0102154	0.00742262	0.00705742	0.0374559	0.0533263	0.061661	0.0244458	0.00913292	
0.064259	0.00504408	0.0414434	0.0387086	0.0703744	0.00952043	0.00331098	0.0238453	0.11845	0.0115828	0.0195361	0.0535457	0.00441975	0.11349	0.324069	0.0085424	0.028999	0.0322351	0.0062129	0.0224107	
0.0932694	0.00829402	0.127417	0.0652355	0.0394999	0.184498	0.00823886	0.0323302	0.0633732	0.0523496	0.0420905	0.0482815	0.01915	0.0413112	0.00543367	0.097193	0.0323603	0.00739932	0.0192947	0.0129803	
0.0615297	0.00274516	0.0373307	0.034785	0.0734754	0.0107492	0.0046838	0.0244318	0.161552	0.0196812	0.00995805	0.0546395	0.00854942	0.0841499	0.332013	0.00367095	0.0161833	0.0296932	0.00628718	0.0238913	
0.0151643	0.00508072	0.043039	0.0490316	0.0616037	0.0558134	0.00229695	0.0445984	0.0574382	0.00941144	0.0413888	0.0389262	0.446429	0.0429068	0.00353245	0.00573006	0.00695741	0.0220119	0.0233926	0.0252467	
0.0545612	0.00301159	0.0376089	0.0453825	0.35946	0.0485274	0.00900654	0.0122198	0.0676474	0.00862001	0.036852	0.0370041	0.0439475	0.0453792	0.0476704	0.00840568	0.0328929	0.00748023	0.0254051	0.0689172	
0.122657	0.00901859	0.011691	0.0432662	0.0635475	0.122629	0.00965885	0.0441177	0.0737764	0.0343979	0.0364678	0.048881	0.223308	0.0453533	0.0283303	0.0128425	0.0147457	0.00804799	0.0234165	0.023847	
0.0925601	0.0118402	0.194963	0.0839888	0.0379562	0.137364	0.0066214	0.0326165	0.0654722	0.0490011	0.0470657	0.0469892	0.00576273	0.0429451	0.0121452	0.0853582	0.0144289	0.00489291	0.0189532	0.00907532	
0.0761597	0.00975421	0.0453679	0.0558787	0.0407035	0.0566426	0.0168628	0.0601975	0.0669257	0.329555	0.015843	0.0443898	0.00617799	0.0199764	0.00676604	0.0367896	0.04678	0.0202091	0.0198467	0.0251733	
0.0237275	0.008865	0.0188188	0.018788	0.0127168	0.00665476	0.00977375	0.04594	0.0629164	0.0934969	0.0297545	0.0336825	0.00993233	0.028322	0.0144642	0.0281456	0.044656	0.467251	0.0204196	0.021674	
0.0743817	0.00883048	0.0694297	0.0554428	0.038436	0.166766	0.0131523	0.0143659	0.0689501	0.0514903	0.0448909	0.0281	0.021706	0.0489491	0.0201194	0.185524	0.0258602	0.0253252	0.0203336	0.0179458	
0.0584232	0.00256222	0.0113464	0.0470103	0.0209522	0.043411	0.00320455	0.057932	0.0767323	0.0463497	0.0366977	0.0155924	0.0354303	0.0404036	0.0377245	0.00866002	0.0432577	0.0627341	0.024131	0.327445	
0.0835887	0.00862959	0.0477779	0.0559568	0.0911664	0.0423294	0.0100664	0.268229	0.0690462	0.0283963	0.0106172	0.0174319	0.0336242	0.0414946	0.0298725	0.0138165	0.0805989	0.0140652	0.0242483	0.0290438	
0.105923	0.0103189	0.0518919	0.0471092	0.0238461	0.0398225	0.0105615	0.0208007	0.0623251	0.0531547	0.0343391	0.0681446	0.00811854	0.0510945	0.0201784	0.156982	0.150659	0.0450431	0.0232547	0.016433	
0.0450448	0.00754232	0.0542895	0.0515505	0.0280863	0.0511538	0.0101281	0.0299426	0.0737461	0.0308417	0.0359427	0.0456519	0.00776852	0.0436309	0.0106759	0.331246	0.0552563	0.0479877	0.0211122	0.0184022	
0.0236127	0.00596141	0.013444	0.0374228	0.05905	0.4129	0.0141709	0.0427545	0.0655392	0.0471203	0.0406348	0.0460822	0.0471552	0.0338052	0.00745085	0.0203034	0.0372766	0.00720498	0.0145092	0.0236014	
0.0164475	0.00492265	0.0412617	0.0442292	0.0633413	0.0600391	0.00197257	0.0461226	0.0553141	0.00866201	0.0366556	0.0386812	0.445002	0.044224	0.00363568	0.00589692	0.00844936	0.0235504	0.0259067	0.0256854	
0.0256504	0.00784523	0.0184148	0.0170161	0.0126457	0.00887032	0.0117032	0.0228927	0.065704	0.0544138	0.0323759	0.0392861	0.0214011	0.0375887	0.021167	0.0264952	0.0451495	0.487625	0.0212193	0.0225357	
0.0418167	0.0068997	0.0206777	0.029782	0.0106255	0.012421	0.0121203	0.0708466	0.063314	0.130443	0.0248858	0.0305364	0.00465977	0.0142949	0.00458414	0.0284706	0.0558571	0.390462	0.0200925	0.0272101	
0.369118	0.00615949	0.029097	0.019253	0.0487021	0.0199058	0.00916113	0.0484963	0.07416	0.0607631	0.0332135	0.0446667	0.0100477	0.0536461	0.0476258	0.0226885	0.0370304	0.0166733	0.0228866	0.0267055	
0.0519877	0.00545653	0.0459166	0.0546723	0.0685736	0.0514633	0.0118286	0.00518621	0.0300416	0.0267668	0.400279	0.0438297	0.0444028	0.0395172	0.00857431	0.0329154	0.0207083	0.0141774	0.0220913	0.0216109	
0.0250255	0.00895374	0.0126805	0.022655	0.00716639	0.00750776	0.0118889	0.0272372	0.067884	0.0622714	0.0334338	0.0374274	0.0176783	0.032415	0.0220026	0.0296071	0.0429103	0.485113	0.0207076	0.025434	
0.0676713	0.00195642	0.0455855	0.0530021	0.0601502	0.0192171	0.0126927	0.0539194	0.0578055	0.0275076	0.0361595	0.0424994	0.0481141	0.0421597	0.00534066	0.0178162	0.040146	0.0460636	0.298121	0.0240717	
0.0248996	0.00785014	0.0132686	0.428112	0.0621095	0.0196523	0.0104117	0.0535451	0.0269931	0.0461451	0.0421866	0.0413378	0.0369651	0.0153662	0.0243763	0.0328663	0.0436412	0.0157762	0.0264039	0.0280934	
0.0739356	0.00895499	0.0796626	0.074359	0.0414009	0.0122778	0.00146191	0.0433435	0.0698429	0.0569601	0.0444081	0.184354	0.0266921	0.0517138	0.0398179	0.033833	0.0461953	0.0819178	0.0228204	0.00604777	
0.0262817	0.0103393	0.0496762	0.0889926	0.0627272	0.297923	0.010369	0.0429564	0.0657377	0.0500363	0.0480629	0.0465856	0.0430353	0.0368187	0.00395868	0.0355982	0.0375459	0.0071366	0.015207	0.0210121	
0.0280988	0.0101386	0.0123426	0.0334775	0.00649817	0.00712438	0.0106039	0.106448	0.0598336	0.066973	0.0354984	0.0312342	0.0179138	0.033252	0.0235919	0.025939	0.0491829	0.392285	0.0210035	0.028561	
0.0239747	0.00791086	0.019345	0.0180346	0.0132496	0.00735757	0.00890645	0.0240886	0.0721704	0.0521752	0.0318426	0.0398389	0.018465	0.0371551	0.0251029	0.0282257	0.0451624	0.476441	0.0234499	0.0271039	
0.0675709	0.00825698	0.0448823	0.0809914	0.0410272	0.0483753	0.0134198	0.0537129	0.263148	0.0557561	0.0131579	0.0112502	0.0235225	0.021625	0.0201	0.0522867	0.0858164	0.0440661	0.0236663	0.0273682	
0.112187	0.0125859	0.0483216	0.0563131	0.00634064	0.0529156	0.010178	0.0557996	0.0663366	0.0657546	0.00620868	0.0566584	0.0252876	0.0430987	0.0161869	0.166405	0.154584	0.0102339	0.0194827	0.0151212	
0.0866033	0.0143151	0.0502214	0.0205819	0.049972	0.308025	0.012229	0.0459975	0.0651827	0.0459851	0.0458566	0.0482413	0.0406614	0.0424028	0.00490667	0.0461066	0.0363065	0.00886141	0.00759901	0.0199444	
0.060583	0.00410295	0.0447008	0.0430814	0.0711499	0.0112138	0.00662183	0.0285389	0.106105	0.0108793	0.0146228	0.0480742	0.00588714	0.0498152	0.393733	0.00788248	0.0277927	0.0308453	0.0108038	0.0235666	
0.0726972	0.0087969	0.031769	0.0721254	0.0171574	0.00845479	0.0113895	0.0665595	0.0616055	0.0798859	0.0820213	0.0469814	0.0173972	0.0369039	0.0218791	0.0341158	0.0530091	0.229702	0.0240572	0.0234917	
0.0740934	0.00902633	0.049053	0.0444341	0.0152193	0.0569659	0.00651864	0.106	0.0720566	0.276384	0.0314065	0.0442613	0.00646895	0.033888	0.00611102	0.0380721	0.0510946	0.0357403	0.0206888	0.0225166	
0.0381001	0.00779332	0.0234403	0.0256169	0.015103	0.00802243	0.0111618	0.0698517	0.059075	0.142393	0.0752029	0.031616	0.011275	0.0320658	0.0105216	0.023923	0.055088	0.309319	0.0237275	0.0267039	
0.021752	0.0057233	0.0134729	0.0379988	0.0632818	0.404411	0.0139379	0.0473074	0.0622242	0.0460567	0.045945	0.0436836	0.0551453	0.0335118	0.00595886	0.0161285	0.035864	0.00798511	0.012945	0.0266664	
0.365678	0.0071651	0.0146599	0.0296293	0.0575983	0.0170119	0.0108008	0.0534232	0.0717942	0.0562887	0.0354589	0.0491533	0.0124987	0.0514014	0.0448572	0.0210142	0.0348955	0.0159789	0.0259938	0.0246982	
0.0351377	0.0104016	0.0493801	0.0587139	0.052502	0.053185	0.0138199	0.0224383	0.0331522	0.0642762	0.0347464	0.036293	0.0099366	0.0412282	0.00779408	0.0341814	0.336999	0.0608205	0.0226717	0.022322	
0.0641625	0.00723306	0.0161395	0.0513172	0.0589048	0.0550795	0.00295678	0.016697	0.0474304	0.0492738	0.0442681	0.350653	0.0392965	0.0465097	0.0450866	0.0144396	0.0175609	0.0460343	0.0185525	0.00840442	
0.0168458	0.00606951	0.0402083	0.0472898	0.0629916	0.0614916	0.00400638	0.0443463	0.0509544	0.0100607	0.0404457	0.0380965	0.458515	0.0365591	0.0033588	0.00449001	0.00752665	0.0202952	0.0227858	0.0236627	
0.20078	0.00785619	0.0139533	0.0418194	0.0234987	0.0103042	0.0131211	0.0504554	0.07581	0.0763684	0.0410429	0.0438028	0.0100304	0.0417882	0.0182511	0.107679	0.0951217	0.0921087	0.017627	0.018582	
0.275317	0.00608372	0.0272925	0.0194648	0.0508214	0.0134585	0.0110182	0.054668	0.0743088	0.0606818	0.0347393	0.0477189	0.0125444	0.0455147	0.0370486	0.0294674	0.134057	0.0159883	0.0255648	0.0242425	
0.0778063	0.00482675	0.0534588	0.0477573	0.0273952	0.0212949	0.0158308	0.0142445	0.0691948	0.0549986	0.0457954	0.0228782	0.0142975	0.0451192	0.00262032	0.338263	0.0509888	0.0531861	0.0247072	0.0153363	
0.314395	0.00974639	0.0106461	0.0332613	0.0512021	0.0118915	0.0120574	0.0545836	0.0779251	0.0549427	0.0338101	0.0438422	0.0151787	0.0504308	0.042592	0.0239788	0.0949865	0.0154476	0.0196792	0.0294027	
0.0158204	0.0052437	0.0411335	0.0479556	0.0643719	0.0551159	0.00218931	0.0450607	0.0526538	0.00985552	0.0398538	0.0394528	0.448516	0.0431309	0.00338931	0.00705656	0.00883674	0.0230061	0.0241484	0.0232092	
0.0238732	0.00966627	0.029961	0.0221008	0.060092	0.398642	0.0118808	0.0455735	0.0598262	0.0474943	0.0438591	0.0471563	0.0453741	0.0390697	0.00365719	0.0336444	0.0419288	0.00750891	0.00572011	0.0229706	
0.0324782	0.00978929	0.047153	0.0600359	0.0355575	0.0453328	0.011239	0.0182544	0.0394933	0.0534572	0.036168	0.0324691	0.00641341	0.0419896	0.00758618	0.133777	0.288155	0.0579671	0.0230661	0.0196185	
0.0508533	0.00662726	0.0486555	0.0498337	0.0160054	0.0507175	0.00893078	0.467395	0.050557	0.0287377	0.00890233	0.0130206	0.0458767	0.0367964	0.0161427	0.00828002	0.0163159	0.0231696	0.0261057	0.0270766	
0.0258929	0.0112714	0.0291274	0.023646	0.056987	0.395115	0.0128468	0.0437528	0.0672383	0.0458517	0.0440872	0.045276	0.0479227	0.0382388	0.00454307	0.0326923	0.0371611	0.00787592	0.00830289	0.0221702	
0.0256015	0.00702463	0.426663	0.0240118	0.0564203	0.0168057	0.00254788	0.0484654	0.0742026	0.0436082	0.0325675	0.0132623	0.0298991	0.0464122	0.0367233	0.0357703	0.0398868	0.0108253	0.0242068	0.00509551	
0.072279	0.0101512	0.0549203	0.0572304	0.0419798	0.0567017	0.0155188	0.0501547	0.0737585	0.330655	0.0139018	0.0458672	0.00748621	0.0204497	0.00722932	0.0357818	0.0503804	0.0190228	0.0168248	0.0197065	
0.0741083	0.118108	0.0524472	0.053616	0.01226	0.147376	0.0106056	0.051045	0.0734848	0.058989	0.0369866	0.0493777	0.0334567	0.0478638	0.00571862	0.0785787	0.054035	0.0322155	0.0042937	0.00543436	
0.0464923	0.00871956	0.0206788	0.0339902	0.00654661	0.0142718	0.00706257	0.0318317	0.0587519	0.132061	0.0452691	0.0353108	0.00521617	0.0305003	0.00387991	0.0318976	0.0512543	0.388369	0.0233021	0.0245937	
0.0407648	0.00385256	0.0552786	0.0512307	0.011194	0.0415079	0.0125132	0.0301118	0.0640236	0.0478985	0.0311897	0.0401115	0.00588953	0.0449689	0.00999457	0.250155	0.183577	0.0471636	0.0211207	0.00745474	
0.0248107	0.00769561	0.0177072	0.0179506	0.0114703	0.00717119	0.0114768	0.0276378	0.0613341	0.0984523	0.0390515	0.0335112	0.00889439	0.0289278	0.0102319	0.0267028	0.0494634	0.467281	0.0245377	0.0256916	
0.0246669	0.0119197	0.0307415	0.0249409	0.0580844	0.38984	0.0112866	0.0410853	0.0658681	0.050152	0.0418493	0.0438557	0.0528002	0.0387109	0.00404655	0.0328152	0.0376306	0.00934681	0.00803092	0.0223287	
0.0624052	0.00254161	0.0432789	0.0401356	0.0750594	0.00761473	0.00264349	0.0236152	0.108716	0.0103694	0.0167955	0.0543922	0.00519342	0.0715465	0.387203	0.00458679	0.0234928	0.0306367	0.0080649	0.0217082	
0.0598347	0.00943463	0.0200231	0.055677	0.0533505	0.051678	0.0041209	0.0177637	0.021129	0.0556948	0.0469888	0.376509	0.0396727	0.0417817	0.0323925	0.0156018	0.0181609	0.0477281	0.0247047	0.00775347	
0.0229105	0.00809776	0.0155793	0.0169734	0.0125431	0.00662792	0.0107525	0.0302215	0.0606739	0.092717	0.0367527	0.0298835	0.00912866	0.029473	0.0156698	0.0268055	0.0494161	0.47957	0.0213112	0.0248925	
0.0479744	0.00699997	0.0418564	0.0489592	0.00992824	0.0338282	0.00810161	0.423441	0.0558021	0.0458568	0.0106171	0.0152618	0.0265617	0.0375105	0.0189011	0.0104559	0.0195068	0.0883397	0.023181	0.026917	
0.0219147	0.00557089	0.0122226	0.0366813	0.0578237	0.417608	0.0140382	0.0411468	0.0632989	0.0454395	0.041109	0.0421329	0.0524154	0.037321	0.00601199	0.0164197	0.0389811	0.00790888	0.0142169	0.0277385	
0.024716	0.00642386	0.427525	0.025184	0.0555444	0.0208994	0.00337301	0.0495112	0.0693179	0.0489513	0.0326835	0.0152658	0.0358843	0.0476316	0.0312888	0.0299441	0.0367786	0.0125921	0.021165	0.00532011	
0.117229	0.00359268	0.0623827	0.0508772	0.0120069	0.059588	0.0123	0.0302864	0.0687457	0.0527698	0.0451464	0.0489236	0.00759216	0.0435035	0.00961089	0.259373	0.0410054	0.0469814	0.0232793	0.0048055	
0.0674468	0.00757121	0.0295627	0.0390904	0.00488748	0.0209442	0.0143929	0.0784734	0.0635958	0.164911	0.0597618	0.0134736	0.0112883	0.0311689	0.0114586	0.0144619	0.0984619	0.215676	0.0227229	0.0306502	
0.0187618	0.0058172	0.0455448	0.0476586	0.0584335	0.0592432	0.00308946	0.0494068	0.0591353	0.00947388	0.0356765	0.0372397	0.414993	0.0654603	0.0032037	0.00516669	0.00812397	0.0252925	0.0241062	0.0241732	
0.0433416	0.00923485	0.0504762	0.0557043	0.025703	0.0400671	0.0113286	0.0298067	0.0673949	0.030252	0.0337117	0.039599	0.00690783	0.0461479	0.0106313	0.286022	0.134156	0.044996	0.0203684	0.0141505	
0.363569	0.00655391	0.0282575	0.0180889	0.0543004	0.0207061	0.0110482	0.0474642	0.0697571	0.0634135	0.040559	0.045898	0.0135848	0.0479564	0.04407	0.0210492	0.0346325	0.0161751	0.0250044	0.0279119	
0.266709	0.00853475	0.0349071	0.0214787	0.044082	0.0233393	0.0112582	0.0539536	0.0696869	0.050466	0.0383947	0.0486584	0.0731449	0.0425512	0.0215541	0.0865443	0.0443299	0.0137845	0.0259858	0.0206362	
0.060308	0.00251875	0.0424446	0.040396	0.080927	0.00840349	0.00556774	0.0252768	0.102442	0.0130035	0.0191508	0.0503587	0.00515657	0.0501451	0.388894	0.00962181	0.0245275	0.02999	0.0120143	0.0288531	
0.0480748	0.00707469	0.0533687	0.0527687	0.0138685	0.0486158	0.00817997	0.469065	0.0536846	0.0285183	0.00732527	0.0135686	0.0373036	0.0365536	0.0203946	0.0104696	0.0182235	0.0255149	0.0224308	0.0249965	
0.0721749	0.00424629	0.0543921	0.0580133	0.0305426	0.0237135	0.0130689	0.0157584	0.0686449	0.0548472	0.0415343	0.0200075	0.0133199	0.0417131	0.00319844	0.337896	0.0529622	0.0508387	0.0242479	0.0188792	
0.0757726	0.00967782	0.0497349	0.0578938	0.0185413	0.0591199	0.00632011	0.02759	0.0695213	0.343371	0.0393893	0.0465299	0.00765934	0.0341844	0.00685538	0.0386722	0.0487298	0.02134	0.0164938	0.0226034	
0.045571	0.0024818	0.0406914	0.0455667	0.43818	0.042301	0.00782595	0.0114638	0.0616056	0.010109	0.0366734	0.0394154	0.0455965	0.0442913	0.0453392	0.00776298	0.0287643	0.00634051	0.0246911	0.0153287	
0.0442139	0.00195541	0.0452026	0.045071	0.428966	0.048911	0.00803766	0.0114818	0.0614176	0.00805534	0.0391958	0.0429158	0.0514603	0.0402092	0.0445902	0.00905859	0.0262922	0.00643746	0.0228354	0.0136924	
0.0845699	0.00593111	0.035637	0.0670654	0.066925	0.0320966	0.00745773	0.0367502	0.16201	0.0328156	0.00958493	0.0478475	0.0117967	0.0491727	0.198447	0.0247055	0.0595054	0.0271451	0.014928	0.0256087	
0.0819954	0.00626093	0.0712822	0.0539277	0.0379438	0.146992	0.0113364	0.0128863	0.0550689	0.054398	0.0508734	0.131294	0.02123	0.0480093	0.00196796	0.12839	0.0237548	0.0230945	0.0194513	0.0198437	
0.0726336	0.0100833	0.0493928	0.0502618	0.065645	0.0547894	0.014418	0.0539177	0.067889	0.302023	0.0183797	0.0432357	0.0169794	0.0394178	0.0206768	0.0213329	0.0436417	0.0214037	0.0100812	0.0237974	
0.212547	0.00892512	0.0274401	0.0411549	0.0343413	0.0313972	0.0100328	0.116557	0.0726977	0.0579193	0.0279274	0.0513352	0.0571394	0.043308	0.0294338	0.0338707	0.0726122	0.0332376	0.0182661	0.0198566	
