0.0246242	0.0203188	0.0239263	0.362431	0.0403525	0.0152909	0.0160984	0.0372147	0.0407195	0.0466272	0.063399	0.0414648	0.0249776	0.0339116	0.0412632	0.0333207	0.0267655	0.023162	0.0397362	0.0443959	
0.0515736	0.0165031	0.0402499	0.120569	0.0478227	0.00965339	0.0114831	0.0202689	0.117582	0.0292537	0.0467562	0.0487739	0.015755	0.0524948	0.2154	0.0202899	0.0061951	0.0486369	0.0362768	0.0444612	
0.032573	0.0166883	0.0525133	0.0958659	0.0307557	0.0566293	0.013587	0.02528	0.0279884	0.0435816	0.0343724	0.0422416	0.00427121	0.041503	0.0182904	0.0605554	0.280699	0.0510564	0.0335924	0.037956	
0.0408149	0.00949863	0.0292196	0.0851343	0.3169	0.0605743	0.00757308	0.024834	0.0729063	0.0140727	0.0134157	0.0371342	0.0256142	0.0381364	0.0381633	0.00501936	0.0209057	0.0534231	0.0100613	0.0965985	
0.0365478	0.02249	0.0222007	0.050736	0.0365346	0.00893897	0.0123163	0.0685682	0.0768927	0.0749993	0.0232066	0.03713	0.0182291	0.0666208	0.0392575	0.0418246	0.020175	0.26659	0.0397788	0.0369634	
0.207511	0.0211401	0.0128787	0.100266	0.0368367	0.0210011	0.0149754	0.0433722	0.0905019	0.037179	0.0551654	0.0495505	0.0446088	0.048531	0.0571782	0.0291672	0.00535549	0.044139	0.0367916	0.0438503	
0.0504644	0.0235923	0.0520342	0.101066	0.0356156	0.0395053	0.013176	0.233092	0.0540047	0.0485674	0.0343074	0.0337025	0.0226733	0.0434677	0.0249638	0.0398285	0.00761877	0.0644148	0.0361087	0.0417973	
0.0150694	0.0193042	0.059843	0.104123	0.0441507	0.0490531	0.0054211	0.0410044	0.0644193	0.0116987	0.0545479	0.0413534	0.281352	0.0426387	0.0117998	0.0179873	0.00411354	0.0447506	0.0487346	0.0386354	
0.0152551	0.0215093	0.379682	0.122189	0.0263862	0.013573	0.00534473	0.030766	0.0517404	0.0411475	0.0603034	0.0183292	0.0238271	0.0358658	0.031992	0.0267971	0.0219465	0.0141796	0.043283	0.0158833	
0.0388009	0.0067127	0.0186225	0.0360985	0.0546452	0.416216	0.0119198	0.0277391	0.0657707	0.0411115	0.0525052	0.0436299	0.0283233	0.0325881	0.00708322	0.0144347	0.0242141	0.0123962	0.0209552	0.0462334	
0.0445301	0.0223479	0.0150015	0.0724528	0.0142559	0.00953358	0.0120581	0.0584536	0.0768842	0.0235851	0.0369298	0.0384643	0.0195632	0.0516459	0.0443613	0.0381407	0.0200167	0.31418	0.0500447	0.0375507	
0.0474361	0.0214403	0.0604693	0.146565	0.028104	0.0303181	0.0130667	0.0366967	0.0259305	0.0373205	0.0946539	0.0167272	0.0182195	0.193356	0.0769996	0.0324756	0.00263478	0.044253	0.0396033	0.0337294	
0.054345	0.0131575	0.0475024	0.109391	0.0363445	0.00970086	0.0106757	0.0359796	0.0940544	0.0191308	0.0467699	0.0467831	0.0086916	0.0315575	0.24665	0.0463786	0.0126183	0.0595339	0.0267493	0.0439857	
0.0572735	0.0251443	0.0549638	0.104628	0.0424943	0.141736	0.0117196	0.041277	0.03878	0.0437868	0.0848937	0.0430259	0.0198255	0.0640649	0.107188	0.00805526	0.00704812	0.0482	0.0175774	0.0383182	
0.0474373	0.0252458	0.0586601	0.10468	0.0124547	0.0586911	0.0249324	0.0207403	0.0589275	0.275487	0.0815508	0.0466752	0.00723707	0.0273133	0.0161561	0.0281562	0.03087	0.017107	0.024622	0.0330557	
0.0459682	0.0204335	0.0213166	0.0529527	0.0215483	0.0111453	0.0101602	0.0802113	0.076139	0.0180006	0.0257783	0.0372684	0.0228102	0.0492254	0.0425127	0.0348977	0.018148	0.330509	0.0427532	0.0382212	
0.0359602	0.00949944	0.0243799	0.0333786	0.0510538	0.418638	0.0126829	0.0254539	0.0621256	0.0433745	0.0550096	0.0413571	0.0266318	0.0324694	0.00508808	0.018805	0.0267985	0.0114815	0.0215311	0.0442815	
0.013659	0.0224912	0.32962	0.164419	0.0268421	0.0107733	0.00671468	0.0296017	0.0689269	0.0406685	0.0566825	0.0238856	0.0257803	0.0275178	0.0346687	0.0263235	0.0199012	0.0104675	0.0408055	0.0202511	
0.0690728	0.0265601	0.0178192	0.0648735	0.00876447	0.0138932	0.0116639	0.143334	0.075141	0.0167115	0.0169664	0.0221333	0.0226616	0.0422826	0.0409943	0.0232595	0.00687888	0.293883	0.0478088	0.0352979	
0.0226642	0.0255168	0.013655	0.0985558	0.0603848	0.00952795	0.0130937	0.11211	0.0753209	0.125426	0.0473897	0.0457204	0.0169447	0.0544655	0.0402474	0.0493337	0.0184223	0.0945789	0.0378324	0.0388096	
0.0944965	0.0200072	0.0513552	0.143071	0.0212804	0.0235675	0.012737	0.0450729	0.0853316	0.0231933	0.0515378	0.0430284	0.00860175	0.0493878	0.0656385	0.122673	0.0136052	0.0556828	0.0320157	0.0377163	
0.0510355	0.00916223	0.0385109	0.116799	0.0419602	0.0113171	0.00717459	0.0328567	0.0926074	0.0185967	0.0462166	0.0411088	0.007939	0.0477886	0.256097	0.0359856	0.0126529	0.0530576	0.0343473	0.0447858	
0.0397743	0.00670107	0.0396027	0.0890146	0.313038	0.0678746	0.00721351	0.019486	0.0691946	0.0101353	0.034524	0.0379203	0.0252112	0.0375096	0.0385819	0.00871907	0.0159629	0.0241763	0.0337043	0.0816559	
0.0260046	0.0187178	0.0225177	0.314863	0.0391015	0.0128705	0.0129265	0.0328736	0.0445362	0.0426018	0.0598675	0.04097	0.0280413	0.0919786	0.0503225	0.0335628	0.0223568	0.0215638	0.0420392	0.0422842	
0.0498898	0.0185354	0.0520517	0.133	0.0347269	0.0258374	0.0225788	0.0357217	0.0712501	0.0251916	0.0596939	0.032791	0.00577565	0.170872	0.0787871	0.0374028	0.0149517	0.0573239	0.0380004	0.0356186	
0.0520245	0.0174728	0.0451208	0.11047	0.0482983	0.00999057	0.0126487	0.0374294	0.08663	0.0670699	0.0444279	0.0442189	0.00938673	0.0300784	0.189367	0.043614	0.0175395	0.0562718	0.0325843	0.0453567	
0.0602749	0.0085893	0.0170748	0.0942022	0.0253093	0.0402664	0.0070636	0.045771	0.0735549	0.0391822	0.0511068	0.0277728	0.0245941	0.0426908	0.045963	0.0572835	0.022329	0.0638991	0.0403772	0.212695	
0.0487891	0.0859035	0.061376	0.0965872	0.0334049	0.0420869	0.0111724	0.0413736	0.0713831	0.042568	0.0509221	0.0459004	0.0199438	0.0544018	0.0739888	0.0154073	0.0193106	0.102306	0.0442842	0.0388904	
0.0504212	0.0226708	0.0529515	0.10576	0.00478971	0.0635935	0.021433	0.0261273	0.0582142	0.236005	0.121323	0.040908	0.0113637	0.046677	0.0306299	0.0192478	0.0233032	0.0193396	0.0149189	0.0303228	
0.0548225	0.0210233	0.0148983	0.0674577	0.0122777	0.0103258	0.011547	0.144095	0.0705778	0.0202763	0.0313989	0.0325967	0.0220741	0.0452382	0.0428911	0.0350812	0.0116605	0.271962	0.0479637	0.0318319	
0.114754	0.0108351	0.0218283	0.0341417	0.0476266	0.308128	0.0128682	0.0326811	0.0637521	0.0438307	0.0614626	0.045364	0.0180859	0.0364153	0.00787412	0.0280914	0.0284482	0.0201739	0.0200604	0.0435778	
0.0505379	0.0235806	0.0542441	0.112834	0.0161948	0.0582065	0.0214564	0.00931005	0.0398863	0.167993	0.212218	0.041241	0.0156276	0.0448195	0.0199766	0.0300708	0.0098879	0.0150672	0.02391	0.0329377	
0.0252954	0.0188018	0.0257456	0.0903771	0.0404848	0.00670355	0.0122435	0.0508452	0.188468	0.03565	0.0369045	0.0499736	0.0253582	0.0180829	0.0518893	0.0391228	0.0135226	0.183207	0.0453531	0.0419715	
0.0483293	0.0249551	0.058436	0.107986	0.00863957	0.0565653	0.0157996	0.0192565	0.0619064	0.276827	0.0779041	0.0429275	0.00632367	0.0372475	0.0170548	0.0266146	0.0281248	0.0205088	0.0274072	0.0371864	
0.047076	0.0156959	0.0443156	0.102631	0.171455	0.0428448	0.00590873	0.0596104	0.0700871	0.0614354	0.044445	0.0384044	0.00610143	0.0489284	0.0611322	0.0317454	0.0222466	0.0231486	0.0370365	0.0657522	
0.0536641	0.0197223	0.0244419	0.0918891	0.0351429	0.0336127	0.0150259	0.045072	0.0488879	0.0561067	0.0604085	0.0238959	0.0044981	0.22511	0.06426	0.0401449	0.017609	0.0766595	0.0401247	0.0237239	
0.139601	0.0191601	0.0286232	0.0976451	0.0331869	0.0130686	0.0126415	0.0575602	0.0872299	0.0360239	0.0482601	0.0418508	0.0410742	0.0435706	0.0602087	0.0277194	0.00496929	0.124468	0.0407742	0.0423647	
0.0303794	0.0164436	0.050119	0.103163	0.0166462	0.0343862	0.00917432	0.04746	0.0675292	0.0275726	0.0564961	0.0472479	0.152927	0.0468542	0.0358119	0.12271	0.00598365	0.0578448	0.0399254	0.0313261	
0.0307885	0.0148973	0.0113913	0.167187	0.046171	0.00832693	0.0147018	0.0311647	0.142977	0.0361315	0.0548215	0.0478715	0.0156198	0.0876142	0.141092	0.0396121	0.0113185	0.0256876	0.0326266	0.0399996	
0.0591809	0.00605588	0.0339407	0.0858913	0.0361659	0.0265665	0.011742	0.064872	0.0729058	0.0395417	0.0451632	0.0528325	0.0209708	0.0555707	0.0622348	0.13094	0.0293557	0.11562	0.0373924	0.0130572	
0.044461	0.0274215	0.0526302	0.103919	0.0153081	0.0509503	0.0240129	0.0360257	0.0660318	0.286728	0.0553152	0.0430886	0.00792798	0.026383	0.0193338	0.0302067	0.0266883	0.0228586	0.0269344	0.0337754	
0.0490061	0.0458202	0.0415549	0.0964344	0.00102601	0.0411032	0.0175192	0.0672591	0.0668893	0.209466	0.0645894	0.0408343	0.0143308	0.0445159	0.0315938	0.027489	0.0227968	0.0656671	0.0283788	0.0237259	
0.0838148	0.0128291	0.0329328	0.101508	0.0342506	0.0153513	0.0144707	0.0423339	0.164333	0.0272405	0.0103975	0.048426	0.0181669	0.0418485	0.153543	0.0453044	0.0067522	0.0773858	0.0270158	0.0420951	
0.101273	0.0202433	0.0370813	0.0974997	0.0237891	0.051263	0.013148	0.0510406	0.0667064	0.0403156	0.0511262	0.0957693	0.00396185	0.0398364	0.0387998	0.0466841	0.0802732	0.0703122	0.0346621	0.036215	
0.051651	0.00687921	0.016521	0.0953101	0.0561678	0.0531423	0.00694633	0.0398691	0.0736833	0.0393652	0.0457981	0.0252871	0.0245103	0.040462	0.0423015	0.0183188	0.0197443	0.0523391	0.0406554	0.251048	
0.208533	0.0192765	0.0297563	0.0532892	0.042599	0.128148	0.0123203	0.04345	0.0749507	0.0460131	0.0614335	0.046866	0.00816668	0.0415687	0.0378267	0.0223802	0.010215	0.0341925	0.0355917	0.0434232	
0.0139705	0.0214501	0.355518	0.174032	0.0249189	0.00941932	0.00742015	0.0283784	0.0386122	0.0381519	0.0617519	0.0232009	0.0249503	0.0280638	0.0329076	0.0253705	0.0223567	0.00802485	0.0434133	0.0180883	
0.0561724	0.0204617	0.0374796	0.102677	0.0110573	0.052824	0.144998	0.0207721	0.0716384	0.146592	0.0650102	0.0395078	0.00728975	0.0473172	0.018681	0.0349642	0.0332198	0.021672	0.0336512	0.0340139	
0.0583035	0.0048726	0.0396559	0.108701	0.0280875	0.0093621	0.00731151	0.0379403	0.0948754	0.0174715	0.0450974	0.0481854	0.00761107	0.0475741	0.223372	0.0756901	0.0145685	0.0636883	0.0289396	0.0386924	
0.0647548	0.00543597	0.045583	0.0968753	0.0231902	0.0709061	0.0144967	0.0194154	0.0523427	0.0386465	0.0478575	0.0643931	0.0108248	0.0441205	0.0190978	0.0767776	0.178422	0.0551153	0.0343123	0.0374329	
0.0637829	0.007988	0.0433353	0.105453	0.0376332	0.0113916	0.0076253	0.0407562	0.0948899	0.0197365	0.0425894	0.0422875	0.0372366	0.0466173	0.205015	0.0384876	0.00990779	0.0653637	0.0363708	0.0435321	
0.0164139	0.0184134	0.0541823	0.102025	0.0440783	0.0462502	0.00756109	0.0371659	0.0710619	0.0108016	0.0545356	0.0426365	0.28922	0.0357722	0.0114757	0.0182545	0.00393775	0.0425664	0.0514061	0.0422408	
0.0354163	0.00472217	0.027519	0.0853108	0.292079	0.0712792	0.00633558	0.0160158	0.0694885	0.011384	0.0333466	0.0317617	0.028427	0.0350978	0.0384961	0.00759346	0.0186511	0.0228498	0.0278434	0.136383	
0.110976	0.0085533	0.0330077	0.0929928	0.00980971	0.0345091	0.0148798	0.0445927	0.0827213	0.0393853	0.0530877	0.0428574	0.0746398	0.0510498	0.0585685	0.0662536	0.00588928	0.0776703	0.0365525	0.0620036	
0.0697229	0.0792044	0.0456401	0.102995	0.0264479	0.0188179	0.00398432	0.0535931	0.0739567	0.0489848	0.0545956	0.0440238	0.0378238	0.0482285	0.0392548	0.0944213	0.00491462	0.0751685	0.0388518	0.0393704	
0.0498666	0.0260312	0.053396	0.105453	0.00598484	0.0525761	0.0246096	0.0340281	0.0613251	0.286774	0.0565277	0.0469202	0.0119074	0.0381289	0.026536	0.0214105	0.0273989	0.0206484	0.0154097	0.0350676	
0.0553386	0.0206566	0.0129781	0.0661024	0.0108304	0.00919586	0.0109822	0.113354	0.0743888	0.0214294	0.027446	0.0327191	0.0201688	0.0475697	0.045942	0.0376258	0.0140596	0.300306	0.0439552	0.0349513	
0.0606409	0.0124461	0.0453836	0.108268	0.0351396	0.00917767	0.0107376	0.0371442	0.0906246	0.019145	0.0414531	0.0436654	0.00820423	0.0297833	0.249571	0.0504784	0.0118841	0.0602529	0.033904	0.0420962	
0.041413	0.00438111	0.0156492	0.0871671	0.242172	0.0680131	0.00497219	0.0233195	0.0637472	0.0223745	0.0363582	0.0244446	0.0227514	0.0392415	0.0338821	0.00864691	0.0191482	0.0342732	0.0293658	0.178679	
0.0504285	0.0213168	0.0600382	0.106415	0.0268053	0.0457769	0.0111757	0.179104	0.0402288	0.0109894	0.140566	0.0383541	0.0366017	0.0448223	0.0245457	0.0364976	0.00734046	0.0286355	0.0507418	0.0396165	
0.110391	0.0138351	0.0391538	0.0919802	0.0200298	0.0529916	0.0148786	0.0384442	0.0605358	0.0178669	0.0431446	0.0607685	0.00438822	0.0451222	0.044065	0.0790215	0.124527	0.0673559	0.0365306	0.0349696	
0.0373678	0.00977201	0.0440326	0.106852	0.0151246	0.0298874	0.0161032	0.045823	0.0762505	0.0379124	0.0537721	0.0438938	0.0116904	0.0553028	0.0631146	0.212815	0.0135176	0.07268	0.0290722	0.0250156	
0.0390668	0.0151642	0.0502057	0.111922	0.0171226	0.0260618	0.0143912	0.0430812	0.0765617	0.0296606	0.0527258	0.0464542	0.010231	0.0516478	0.0690357	0.208088	0.0115637	0.0675912	0.0198666	0.0395589	
0.017712	0.0192074	0.0588736	0.100659	0.0440048	0.0504887	0.0052742	0.0362813	0.0643743	0.0110755	0.0565008	0.0419033	0.286917	0.0426217	0.0108404	0.0169026	0.00507865	0.0409477	0.0514115	0.0389256	
0.0432248	0.0218334	0.0156129	0.0743722	0.0133617	0.0107622	0.00986769	0.0599645	0.0742784	0.02299	0.0339609	0.0433913	0.0215192	0.0541786	0.0435486	0.037942	0.0170804	0.323787	0.0450619	0.0332623	
0.044754	0.195012	0.0614049	0.104241	0.0103486	0.0177763	0.0149935	0.0444913	0.0693973	0.0557629	0.0545633	0.0441128	0.0285005	0.0429873	0.0178007	0.0139227	0.0210124	0.0651704	0.0770904	0.0166571	
0.247847	0.0194836	0.0148348	0.0996793	0.0336413	0.0243711	0.0168858	0.038669	0.0792733	0.046871	0.0578089	0.0452768	0.0118298	0.0516373	0.0510313	0.0288408	0.0113495	0.0370755	0.0405845	0.043009	
0.045012	0.0190615	0.0635299	0.112017	0.0304445	0.0550389	0.0114316	0.0109679	0.0452026	0.0248457	0.295652	0.0419623	0.0290054	0.0473524	0.0281108	0.0304873	0.0129933	0.0214246	0.0399694	0.0354905	
0.0890605	0.0207516	0.0206769	0.0544325	0.0161709	0.0108718	0.0107505	0.134239	0.0712112	0.0144947	0.0278991	0.0344725	0.0190663	0.0435789	0.0453412	0.0409422	0.0170679	0.250202	0.0432675	0.0355023	
0.0408633	0.00636492	0.0574149	0.101021	0.030601	0.015731	0.0104886	0.04021	0.0688013	0.0199722	0.0495212	0.0407864	0.0315614	0.042176	0.0147108	0.012932	0.0204737	0.0575898	0.299303	0.0394776	
0.0252951	0.0205102	0.0235126	0.365867	0.0374489	0.0141394	0.0158307	0.0373223	0.0396482	0.0457108	0.061619	0.0419239	0.0244889	0.0325215	0.0463495	0.0354734	0.0263213	0.0245162	0.0389216	0.0425796	
0.0573285	0.0188284	0.0424016	0.0586962	0.0396731	0.0535178	0.0119683	0.0252372	0.314455	0.0408217	0.0444361	0.0211596	0.0240756	0.0218709	0.0337573	0.0341146	0.00740553	0.0625097	0.0421579	0.0455846	
0.0760328	0.00905021	0.0217275	0.0298689	0.0473037	0.369022	0.0144454	0.0323638	0.0620092	0.045518	0.0582625	0.042012	0.0198216	0.0335345	0.00607595	0.0218347	0.0285404	0.0151985	0.0242841	0.0430942	
0.0910565	0.0208674	0.0154986	0.0713017	0.0120137	0.00995046	0.0112532	0.0631266	0.0768695	0.0183841	0.0374177	0.0432417	0.020073	0.0525521	0.048129	0.0417047	0.0192384	0.268236	0.0427913	0.0362946	
0.041697	0.0224054	0.0228929	0.0529487	0.0235937	0.0108008	0.0113641	0.0554992	0.0804605	0.0181584	0.0350651	0.0385561	0.0236814	0.0513664	0.0466189	0.0367253	0.0200052	0.322785	0.0480727	0.0373029	
0.0588343	0.00629787	0.0436586	0.11877	0.0269663	0.00688585	0.0135911	0.0218897	0.0780072	0.032053	0.0494229	0.0715858	0.0151574	0.0576401	0.16237	0.103662	0.00705959	0.0595434	0.0298761	0.0367285	
0.0194963	0.0197094	0.0526358	0.102582	0.0469154	0.0502189	0.0151485	0.0156268	0.037912	0.0451879	0.0408184	0.0264028	0.00468911	0.0399723	0.0201704	0.0277396	0.31232	0.0432642	0.0401477	0.0390432	
0.095537	0.0245207	0.0272402	0.0409803	0.0242132	0.0615488	0.011847	0.0572324	0.0686957	0.0358806	0.0469848	0.0461414	0.00747788	0.0483994	0.0451801	0.0955685	0.0206914	0.165158	0.0364911	0.0402115	
0.062571	0.00738379	0.0418813	0.112642	0.0278308	0.00771058	0.00736948	0.0361897	0.0907054	0.0167032	0.040477	0.0502319	0.00840334	0.0490815	0.219853	0.0738804	0.0146621	0.0636984	0.0281048	0.0406208	
0.115559	0.0216805	0.0235614	0.0922997	0.022844	0.010268	0.0123507	0.0882048	0.078242	0.0114313	0.038928	0.0416771	0.0198978	0.0449908	0.0597312	0.0414541	0.0141474	0.180304	0.042657	0.0397711	
0.048934	0.0258026	0.0603071	0.107217	0.004196	0.0475753	0.0216595	0.0316852	0.0537031	0.191132	0.114306	0.0450694	0.0143904	0.0511048	0.0341319	0.0528032	0.0286548	0.0209181	0.0137965	0.0326134	
0.0461402	0.0308183	0.0384008	0.0874188	0.0134476	0.0365694	0.00879229	0.0835806	0.0663217	0.185656	0.0553193	0.0463704	0.00877881	0.0477599	0.0211767	0.0391452	0.0267542	0.0885839	0.033365	0.0356011	
0.0392443	0.00991593	0.0209124	0.031126	0.0515365	0.425674	0.0121604	0.0265367	0.0603282	0.044186	0.0537532	0.041664	0.0288034	0.0320322	0.00603254	0.0180889	0.0244291	0.0119613	0.0155624	0.0460528	
0.213581	0.0179319	0.0143527	0.0976391	0.0264235	0.0187219	0.0161655	0.0452219	0.0807715	0.0423315	0.0523352	0.0472482	0.0115092	0.0480149	0.0626366	0.0733449	0.00902839	0.0459777	0.0347806	0.0419841	
0.021014	0.0190891	0.0560567	0.102242	0.0418872	0.0527389	0.0162016	0.0171863	0.0267788	0.045337	0.0406267	0.0353826	0.00375102	0.0391818	0.0163038	0.0308896	0.312277	0.0426048	0.0431648	0.0372863	
0.0621353	0.0087186	0.0347817	0.111743	0.0275377	0.00900524	0.039053	0.0437559	0.0859989	0.0494434	0.0519161	0.0433795	0.0260187	0.0744679	0.116365	0.063125	0.0136807	0.0673863	0.0307966	0.0406914	
0.0164128	0.0196199	0.0592017	0.10858	0.0431571	0.0473755	0.00706529	0.0374233	0.0707801	0.0125224	0.0563234	0.0444032	0.28539	0.0338942	0.0119103	0.0167121	0.00359113	0.0408036	0.0479053	0.0369286	
0.238473	0.022677	0.0168929	0.102669	0.0382501	0.0236839	0.0138356	0.0412808	0.0839665	0.0422156	0.0591979	0.0491267	0.0107982	0.0452127	0.0538163	0.0275643	0.00779433	0.0363864	0.0405758	0.0455833	
0.129153	0.0192137	0.042482	0.15932	0.041996	0.0138057	0.0138919	0.0375518	0.148091	0.0402973	0.05092	0.0501658	0.0080673	0.047013	0.060913	0.0241884	0.00501417	0.0282457	0.0364329	0.0432376	
0.0417976	0.0166487	0.0461616	0.107382	0.0208319	0.026806	0.0163061	0.0459812	0.077325	0.0233549	0.0508836	0.0476248	0.0104177	0.0520471	0.0656775	0.210306	0.0138636	0.0689722	0.0175859	0.0400259	
0.046259	0.0172385	0.0609637	0.0958368	0.0559916	0.0367064	0.00393351	0.0148546	0.201147	0.0385847	0.0470518	0.0897933	0.0253908	0.0400297	0.0501406	0.0144738	0.00419092	0.0543724	0.0441173	0.0589239	
0.0202317	0.0196523	0.0573221	0.109124	0.0423599	0.0479944	0.00827233	0.0407138	0.063572	0.0136721	0.0573658	0.0427093	0.252475	0.0622977	0.0109892	0.0172186	0.00373666	0.0436611	0.0478854	0.0387468	
0.0362254	0.00609454	0.0192746	0.040931	0.0517695	0.423111	0.0122684	0.0251918	0.0583187	0.0429681	0.053204	0.0395346	0.0279627	0.0342596	0.00684042	0.0143649	0.0262271	0.012169	0.0229489	0.0463358	
0.021171	0.0174234	0.0591978	0.0981582	0.0401016	0.0537044	0.0159331	0.0159127	0.0277448	0.0485492	0.0429799	0.037018	0.00414431	0.0423416	0.0155933	0.030824	0.312124	0.0430991	0.041556	0.0324236	
0.0535149	0.0234158	0.0519208	0.0953797	0.0367296	0.042722	0.0130971	0.202616	0.0990954	0.0419575	0.0216665	0.0361298	0.0254497	0.0460815	0.0241788	0.0356565	0.00736841	0.0608942	0.0408289	0.0412972	
0.0363822	0.00571952	0.0177483	0.0381862	0.0516884	0.423939	0.0135661	0.0254417	0.0598599	0.0429423	0.0562092	0.0411578	0.0276677	0.0329004	0.00756066	0.01454	0.0270784	0.0101527	0.0218043	0.0454551	
0.0140572	0.0225719	0.367625	0.151578	0.0244708	0.00999991	0.00521561	0.0285003	0.0515787	0.0383051	0.0644209	0.0147716	0.0269217	0.0361354	0.0305783	0.0262795	0.0194503	0.00933709	0.0455384	0.0126645	
0.0386883	0.00420937	0.0270169	0.0870245	0.25689	0.0668037	0.00668992	0.0174655	0.0719348	0.0195337	0.0325085	0.0345017	0.0208582	0.0359892	0.0384622	0.00752019	0.0221443	0.023841	0.0289155	0.159003	
0.123406	0.00882169	0.0154311	0.0590998	0.0484183	0.213316	0.0124814	0.0387574	0.063555	0.0451559	0.0593696	0.0484726	0.0190184	0.0399899	0.0157978	0.0244733	0.0244254	0.0621863	0.0299939	0.0478301	
0.0450285	0.0249742	0.057086	0.103355	0.0071155	0.05975	0.0151353	0.0208164	0.0614101	0.282011	0.0848463	0.0447283	0.00720249	0.0364679	0.0170649	0.027114	0.0278702	0.0182538	0.0262212	0.0335487	
0.0142715	0.0209456	0.22231	0.187914	0.0281102	0.015527	0.00979478	0.0316455	0.0362822	0.0376027	0.0634841	0.0234983	0.0351012	0.0995572	0.0365317	0.0287115	0.023964	0.0123916	0.0459168	0.0264403	
0.0461337	0.0239888	0.0273329	0.0699999	0.0359976	0.0219404	0.0121804	0.0306638	0.0695115	0.0398416	0.0384936	0.0411708	0.00635147	0.114083	0.018768	0.0407661	0.0252779	0.256322	0.0436172	0.0375596	
0.0360958	0.0080885	0.0231536	0.0336326	0.0506312	0.419764	0.0119385	0.0236759	0.0634492	0.0425945	0.0552352	0.0426022	0.0273588	0.0306822	0.00513761	0.0171624	0.0277433	0.0117753	0.0235259	0.0457535	
0.0564767	0.00794071	0.0431093	0.116398	0.0379585	0.0105776	0.00830515	0.0331589	0.0937238	0.0174132	0.0409979	0.047942	0.00833145	0.0459721	0.253531	0.0334951	0.0122813	0.0599224	0.0326755	0.039789	
0.0531968	0.0202261	0.0192446	0.0951687	0.0312153	0.0497137	0.00659374	0.0243775	0.0388404	0.0468267	0.0568783	0.286444	0.0306832	0.0449198	0.043503	0.0238551	0.0108829	0.0496662	0.0453711	0.0223925	
0.0819574	0.0233704	0.0200928	0.0480662	0.0297589	0.0118695	0.0122155	0.109386	0.0721778	0.0412305	0.0307933	0.0368959	0.0184128	0.048264	0.0390515	0.0431264	0.0171435	0.235401	0.042853	0.0379335	
0.0497214	0.199828	0.058168	0.102753	0.0108079	0.0158137	0.0149623	0.0483987	0.0659203	0.0703972	0.0578509	0.0448144	0.0238146	0.0456555	0.0192885	0.0415258	0.0213347	0.0660061	0.0260527	0.0168866	
0.038493	0.00742561	0.0226834	0.0317784	0.0513869	0.424267	0.0123707	0.027901	0.0608003	0.0405038	0.0531904	0.0429608	0.0252502	0.0324136	0.00570194	0.0188004	0.0272932	0.0126348	0.0211501	0.042994	
0.0132224	0.021496	0.367657	0.156688	0.0246802	0.0103305	0.00489407	0.0294693	0.0486821	0.0354388	0.0593908	0.0146017	0.0274842	0.0382215	0.0351061	0.0252402	0.0202526	0.00873977	0.0428588	0.0155459	
0.0878116	0.00770805	0.0463195	0.0923253	0.0127863	0.0473081	0.0143267	0.0425144	0.0660258	0.0317717	0.046715	0.0513455	0.00644416	0.0464053	0.0497728	0.120436	0.103603	0.0776234	0.0302026	0.0185547	
0.0357009	0.0261396	0.0259458	0.0510326	0.0332134	0.00951902	0.0140936	0.0731093	0.0793263	0.0764285	0.0201236	0.0338577	0.0155591	0.0598144	0.0416464	0.0405659	0.0201281	0.265344	0.0409259	0.0375263	
0.0200372	0.0202528	0.123796	0.313231	0.0299021	0.0158444	0.0135595	0.0329602	0.0424329	0.0439663	0.0618284	0.0323749	0.0269794	0.0344348	0.0361283	0.0316201	0.0220618	0.0179618	0.0455762	0.0350518	
0.0384069	0.00724276	0.0467301	0.106449	0.0133055	0.0284643	0.0151361	0.0415246	0.0753909	0.0423554	0.0502562	0.0411133	0.0126184	0.0482018	0.07165	0.166377	0.0135986	0.0690111	0.0353407	0.0768271	
0.243272	0.0190925	0.0133078	0.0976106	0.0356168	0.0263744	0.0165319	0.0421302	0.0826787	0.0473973	0.0593102	0.0458501	0.0120154	0.0486339	0.0535173	0.0247008	0.00939338	0.0356585	0.0390303	0.0478778	
0.0544475	0.0195164	0.0211648	0.0957689	0.0393981	0.0404984	0.00601398	0.0186202	0.161184	0.0427311	0.0525119	0.188284	0.0246823	0.0440346	0.0529528	0.0199384	0.00485504	0.0500288	0.0382335	0.0251352	
0.0589602	0.0120011	0.0378578	0.11014	0.0342404	0.00874533	0.0116909	0.0328177	0.0934912	0.0192315	0.0469953	0.0476137	0.00909501	0.0323363	0.246552	0.047177	0.0134554	0.0651628	0.0307451	0.0416913	
0.0507841	0.0216364	0.0527124	0.11427	0.0365374	0.0541782	0.0120179	0.0364307	0.0671074	0.015284	0.0554082	0.0410726	0.00689485	0.0868442	0.123553	0.035629	0.0213471	0.0586262	0.0695241	0.0401423	
0.160079	0.0153064	0.0340739	0.0944412	0.0239961	0.0391493	0.0145646	0.0469684	0.0822761	0.019898	0.0481542	0.0459664	0.00881067	0.0487558	0.0598912	0.103564	0.0189114	0.0807565	0.0130445	0.0413929	
0.0439904	0.0248616	0.0533052	0.101125	0.00496662	0.058418	0.0226254	0.0360172	0.07009	0.282112	0.0545369	0.0445973	0.0134223	0.0391769	0.0259146	0.0193005	0.0268798	0.0224766	0.0188877	0.0372957	
0.0439746	0.00559615	0.0553872	0.0955539	0.0366946	0.0173335	0.0097915	0.0443092	0.0674088	0.0173414	0.0486412	0.0409071	0.0321153	0.0397593	0.0153095	0.0155367	0.0208973	0.0584212	0.297261	0.0377609	
0.0382041	0.00541531	0.0346665	0.0906128	0.311162	0.0639133	0.00754416	0.0173792	0.0723299	0.00997743	0.0391083	0.0374218	0.0254046	0.0392131	0.0430408	0.00962532	0.020012	0.0224561	0.0289148	0.0835989	
0.037733	0.0225856	0.264262	0.194302	0.025923	0.0138884	0.00541022	0.0313328	0.058731	0.0352555	0.0621321	0.0191161	0.0218979	0.0457294	0.0372391	0.0302513	0.0231079	0.015382	0.0416592	0.0140618	
0.0186279	0.0248622	0.178612	0.16814	0.0297184	0.101491	0.0050266	0.0363857	0.0618203	0.0467454	0.0627477	0.0206772	0.0299397	0.0468798	0.0379989	0.0302862	0.0325516	0.0160596	0.0359456	0.0154842	
0.0450952	0.0245867	0.0537683	0.10617	0.00449326	0.055185	0.0224772	0.018587	0.0617087	0.268415	0.0856173	0.0412702	0.0129917	0.0438131	0.0267891	0.0183852	0.0258903	0.0211706	0.0262794	0.0373077	
0.1136	0.0198459	0.02002	0.0557332	0.0200192	0.0108552	0.0110823	0.0862196	0.0792597	0.01275	0.0206898	0.0420559	0.0211688	0.0436054	0.0499456	0.0412215	0.0138243	0.256049	0.0433471	0.0387077	
