0.0469301	0.00451582	0.0191404	0.0578702	0.128064	0.0686216	0.00995488	0.0510908	0.0524097	0.0382165	0.0248482	0.0211835	0.0136441	0.0210004	0.0373185	0.0115886	0.0685848	0.0385145	0.0170603	0.269443	
0.0620113	0.0126656	0.0639387	0.0950117	0.0722801	0.0390278	0.00854306	0.0569421	0.0479206	0.0154383	0.0245864	0.06947	0.0354095	0.0127209	0.164569	0.0403759	0.0619617	0.0418094	0.0171496	0.0581686	
0.0470614	0.00468793	0.0230698	0.0630345	0.0473466	0.0621352	0.0166113	0.0625108	0.0462821	0.0457022	0.0266588	0.066346	0.0143085	0.0190391	0.0351859	0.0171572	0.0788629	0.0510042	0.0177245	0.255271	
0.069788	0.0150351	0.0888553	0.0706123	0.0177756	0.0613756	0.00720226	0.0344281	0.040746	0.220763	0.0348878	0.0580815	0.039778	0.0206587	0.00981819	0.0506175	0.0782389	0.0109413	0.0236431	0.0467533	
0.0496659	0.00846678	0.0521149	0.0630319	0.242623	0.0646642	0.0193416	0.0907549	0.0478512	0.0176467	0.0533543	0.0219136	0.0162723	0.0208271	0.0422427	0.0181922	0.0492747	0.0158772	0.0182878	0.0875969	
0.0615631	0.061414	0.0567004	0.0623052	0.0354145	0.049169	0.0340297	0.0874517	0.0447675	0.0557838	0.0252793	0.0405128	0.0161717	0.0180306	0.0496303	0.0726522	0.076204	0.0817412	0.036879	0.0343	
0.0656246	0.0202849	0.0844217	0.0687836	0.0167288	0.0643812	0.0081082	0.0360192	0.0420175	0.249595	0.0353209	0.0521472	0.016256	0.0193122	0.011475	0.0477066	0.0796368	0.00969729	0.0238186	0.0486651	
0.0261466	0.0152646	0.0219818	0.0278838	0.0115797	0.0164955	0.0354506	0.248389	0.0424396	0.0473986	0.0365023	0.0236017	0.0107823	0.0149432	0.0269278	0.0348303	0.0647321	0.231969	0.0127566	0.0499252	
0.0636981	0.0152095	0.0708496	0.072228	0.0243981	0.0539508	0.0172082	0.162878	0.0446858	0.160163	0.0390485	0.0375717	0.0105599	0.0107506	0.0132973	0.0433414	0.068258	0.025763	0.0202011	0.0459389	
0.0368846	0.0157508	0.0284122	0.0369985	0.00766924	0.031311	0.0361038	0.307658	0.0441888	0.0417996	0.0183195	0.0172813	0.0127501	0.0187399	0.0269008	0.0292023	0.0534498	0.176401	0.0174461	0.0427328	
0.0259302	0.0190025	0.367615	0.0305343	0.0406969	0.0247396	0.00726258	0.0415656	0.0234972	0.0628471	0.0278445	0.0999509	0.0145641	0.0184755	0.0298858	0.0496454	0.0660068	0.0180872	0.0181007	0.0137487	
0.0517422	0.0114613	0.0825937	0.0707204	0.0319146	0.027447	0.0246576	0.0379649	0.0427112	0.0721137	0.0296482	0.0298271	0.023206	0.0213021	0.00758132	0.223042	0.117122	0.0382158	0.0230885	0.033641	
0.0345697	0.0101659	0.0520941	0.0410955	0.0555134	0.297009	0.0155061	0.060916	0.0436585	0.0548066	0.0324178	0.0426186	0.0159515	0.0226825	0.00849564	0.0353269	0.0828362	0.0161022	0.0109951	0.0672389	
0.0262258	0.0170526	0.0336377	0.0229895	0.0264597	0.0178882	0.0363769	0.138609	0.0501524	0.0200291	0.0158345	0.0338169	0.0143423	0.0125265	0.0371659	0.0366871	0.0703585	0.317608	0.0171352	0.0551045	
0.0155748	0.00558386	0.0319614	0.0390801	0.0594963	0.354704	0.0163186	0.0557259	0.0435151	0.0535138	0.0323614	0.0381901	0.0151217	0.0209628	0.0103253	0.0259289	0.0823246	0.0132194	0.0121138	0.0739778	
0.0495787	0.0104796	0.0787703	0.0719656	0.0351278	0.0279359	0.0246716	0.0364912	0.047753	0.0686595	0.0304229	0.0289254	0.0253703	0.0197565	0.0069669	0.223405	0.119352	0.0392681	0.0223391	0.0327606	
0.070866	0.152159	0.0730001	0.0630525	0.0144445	0.0226704	0.0284372	0.0815117	0.0471627	0.0612253	0.0262115	0.0472846	0.0119061	0.0225249	0.020912	0.0562008	0.0749412	0.0584075	0.0521066	0.0149752	
0.0716939	0.0184613	0.0790696	0.0698479	0.0132753	0.0593146	0.014662	0.0407037	0.0409206	0.249531	0.0345256	0.0554528	0.0197412	0.0187373	0.02008	0.0391368	0.0778263	0.0104077	0.0209911	0.045621	
0.06251	0.0190469	0.0934913	0.0733251	0.0179006	0.0615094	0.00855744	0.0353419	0.0401583	0.246165	0.0363806	0.0572058	0.0157906	0.0176023	0.0121235	0.0479681	0.0790595	0.0101718	0.0207272	0.0449642	
0.0285369	0.0159208	0.0275107	0.0253426	0.0183949	0.0199877	0.039122	0.218724	0.044199	0.0521727	0.0249727	0.0231644	0.010499	0.0135566	0.0317074	0.0345809	0.0624369	0.2462	0.0147786	0.0481924	
0.0449733	0.00631389	0.0600743	0.126426	0.0790332	0.018302	0.00884923	0.0360461	0.0620501	0.0129317	0.0212727	0.0878534	0.0117549	0.0103184	0.240607	0.0161677	0.0531355	0.0355858	0.0136709	0.0546343	
0.0428468	0.00440011	0.045006	0.077552	0.25675	0.0572279	0.0170637	0.0299395	0.0523911	0.0211635	0.0257867	0.0442013	0.0144788	0.0165998	0.0464341	0.0161509	0.0754006	0.0182107	0.0170122	0.121384	
0.0885038	0.0221017	0.040203	0.0434965	0.0313922	0.0535016	0.0380284	0.145474	0.0422063	0.0365852	0.0124347	0.0339181	0.0121225	0.0195493	0.0301567	0.0478592	0.0829454	0.157055	0.017375	0.0450909	
0.0222077	0.0196555	0.396017	0.0278756	0.0454122	0.0251094	0.00759854	0.0478635	0.0339956	0.0591833	0.0299196	0.0572444	0.0143879	0.0181703	0.0325227	0.0455225	0.0708574	0.0157235	0.0180768	0.012656	
0.047516	0.014161	0.132997	0.110816	0.0541549	0.0425658	0.00926674	0.023462	0.0248336	0.0524576	0.0283332	0.243318	0.0147725	0.0155973	0.0533083	0.030381	0.0369332	0.0266441	0.0197624	0.0187194	
0.0625164	0.0187549	0.054988	0.0639676	0.0367011	0.0542591	0.0294652	0.125872	0.0417026	0.050891	0.0257073	0.0169675	0.00972167	0.0194872	0.0320585	0.0504926	0.166176	0.0756828	0.0173646	0.047224	
0.0754347	0.0252602	0.0423091	0.0459403	0.0256025	0.0463661	0.0382226	0.149874	0.0398526	0.0421694	0.0194501	0.0369358	0.00700076	0.0215822	0.0340465	0.0571142	0.0797654	0.156261	0.0172724	0.0395401	
0.0575325	0.0215205	0.074665	0.0717619	0.0422559	0.0551765	0.0125768	0.0286669	0.0127451	0.0586419	0.0288168	0.180527	0.0187609	0.0198086	0.0372592	0.0684675	0.121893	0.0377534	0.0228645	0.0283056	
0.024347	0.0114348	0.0348808	0.264231	0.0626057	0.0160138	0.021406	0.0315854	0.0759278	0.0321743	0.0184246	0.147982	0.0135861	0.00468733	0.0905627	0.0269569	0.0471618	0.0145774	0.0174828	0.0439722	
0.0635637	0.020108	0.0699413	0.0652586	0.0328732	0.0519105	0.0310322	0.0784535	0.038544	0.0345875	0.0250068	0.049789	0.0135743	0.0212755	0.031677	0.122054	0.136364	0.0634474	0.0115247	0.0390146	
0.0465396	0.0033165	0.0179693	0.0575688	0.125396	0.0625058	0.0107809	0.0506865	0.0492986	0.0342059	0.0263516	0.022642	0.0153821	0.0198065	0.0369261	0.0121506	0.0735287	0.0411542	0.0188055	0.274984	
0.0497374	0.0159289	0.0558106	0.0624261	0.0220563	0.0503738	0.0246192	0.273069	0.027979	0.0975131	0.0210728	0.0301825	0.0155577	0.0167853	0.0154355	0.0413194	0.0528275	0.0684702	0.0180761	0.0407599	
0.0746813	0.012093	0.0756149	0.0727283	0.015775	0.0421001	0.0311919	0.084276	0.0393847	0.0669049	0.0254553	0.0576212	0.0133221	0.0187683	0.0332128	0.17322	0.0681011	0.054239	0.0229228	0.0183868	
0.0276466	0.014181	0.0683143	0.0704522	0.0530727	0.0641654	0.0218147	0.0425216	0.0415152	0.0480286	0.0256221	0.0216243	0.00896566	0.0219675	0.0350421	0.0176616	0.292576	0.0428306	0.019304	0.0626943	
0.0496031	0.0175456	0.0458378	0.0498821	0.0112564	0.0391442	0.0279215	0.313276	0.0425355	0.0821338	0.0197447	0.015806	0.0121236	0.0188196	0.0211428	0.0296715	0.0498625	0.0958633	0.0158368	0.0419928	
0.0401446	0.0161854	0.0328672	0.037666	0.00974911	0.0310052	0.033484	0.280005	0.0407213	0.0394901	0.0173842	0.0153655	0.0112262	0.0188613	0.0256328	0.0314989	0.0813342	0.174508	0.0166085	0.0462631	
0.0687177	0.0222194	0.0691175	0.0556296	0.0236099	0.0491648	0.0344468	0.0999355	0.0363519	0.0783322	0.0257428	0.0474053	0.00940834	0.0166975	0.0293677	0.113931	0.0964291	0.069787	0.0213119	0.0323935	
0.0387669	0.0031341	0.0649158	0.0840669	0.322425	0.0490966	0.0141371	0.0251005	0.050708	0.00735058	0.0243238	0.0530631	0.0136651	0.0144548	0.0595389	0.0136992	0.0715749	0.0170684	0.0130605	0.0598498	
0.0477591	0.0164302	0.0502246	0.0341511	0.0505036	0.0510836	0.0197183	0.0690143	0.329516	0.0492056	0.0147688	0.00931925	0.0134427	0.0111948	0.013863	0.0366124	0.0446029	0.0560972	0.02071	0.0617823	
0.0478249	0.0192434	0.057989	0.060718	0.0120828	0.0455924	0.034556	0.229163	0.0408929	0.0740199	0.0169835	0.0181642	0.0174705	0.0191692	0.0269444	0.0609062	0.0892028	0.0769538	0.0189925	0.0331302	
0.0454175	0.00852104	0.0510316	0.137963	0.0833603	0.0171436	0.0146836	0.0203522	0.0775729	0.0170977	0.0203027	0.0976699	0.0155052	0.00892353	0.240883	0.0106746	0.0313693	0.0327514	0.0158693	0.0529075	
0.0284128	0.0122495	0.0620592	0.0677137	0.0612955	0.0654559	0.0204863	0.0423131	0.0402894	0.0462557	0.0276925	0.0242561	0.00835893	0.0233718	0.0340073	0.0198049	0.297562	0.0397316	0.0186065	0.0600768	
0.0255184	0.0163585	0.0301746	0.021224	0.0253632	0.017665	0.0370521	0.147011	0.0479974	0.0205806	0.0142922	0.0329242	0.0148392	0.0150784	0.0358902	0.0338393	0.0746609	0.319598	0.0163209	0.0536121	
0.0436989	0.010602	0.0390196	0.161525	0.057385	0.0322794	0.0107243	0.0253686	0.0844923	0.0367561	0.0213696	0.236323	0.0138231	0.0120823	0.094443	0.0199431	0.0296957	0.0280201	0.018912	0.0235371	
0.0615971	0.0179762	0.0771281	0.0693442	0.0171997	0.0577339	0.0093424	0.0924508	0.0365761	0.215291	0.043552	0.049577	0.0115062	0.0182603	0.0132714	0.0493885	0.0774466	0.0146718	0.0207926	0.0468939	
0.018975	0.00832024	0.141544	0.0606463	0.0482742	0.194242	0.0200145	0.0632587	0.0351354	0.0618547	0.0317205	0.0560192	0.0207989	0.0198636	0.0106837	0.0559867	0.0790697	0.0146619	0.0182756	0.0406548	
0.0195941	0.0134753	0.138059	0.0276391	0.0531203	0.191082	0.0224638	0.0676635	0.0403799	0.0525322	0.0273685	0.0467495	0.0209023	0.0245561	0.00716974	0.0470439	0.0849374	0.0504346	0.0186916	0.0461376	
0.050886	0.0172325	0.0521123	0.0350294	0.0563726	0.0548011	0.0183418	0.0511437	0.330986	0.0495113	0.0185249	0.00959754	0.0140583	0.00982113	0.0187668	0.0347419	0.0419755	0.0519188	0.0219841	0.0621944	
0.0277138	0.0169978	0.0573289	0.0576229	0.0334383	0.0548896	0.0266475	0.176065	0.0404723	0.0496804	0.0243911	0.0179179	0.0106884	0.0200412	0.0261363	0.045385	0.153586	0.0896474	0.0171415	0.0542084	
0.0391284	0.0184558	0.0381697	0.0377112	0.00930881	0.0345962	0.0354672	0.283774	0.0438813	0.0403813	0.0160655	0.0181373	0.012002	0.0181126	0.0255426	0.0522865	0.0562592	0.169	0.0177534	0.0339671	
0.0478944	0.0174899	0.0502378	0.0305653	0.053032	0.0528625	0.0201701	0.0642993	0.326661	0.0489924	0.0157933	0.0112706	0.013905	0.00993396	0.0201098	0.0356841	0.0420465	0.0584343	0.0216569	0.0589605	
0.0692974	0.0185582	0.0798321	0.0668105	0.0197771	0.0595172	0.00768347	0.0396499	0.0419398	0.254862	0.0361239	0.0557821	0.0157991	0.0177559	0.0108959	0.0504904	0.078365	0.0096945	0.0232268	0.0439387	
0.0443774	0.0170221	0.0467232	0.0604013	0.116744	0.0419093	0.0354179	0.0649679	0.0477284	0.0164041	0.0220844	0.0459906	0.0215018	0.0180244	0.0601012	0.0434767	0.0776616	0.135364	0.0189537	0.0651462	
0.0460046	0.0164156	0.0502336	0.0529579	0.0273111	0.0499677	0.0301377	0.313506	0.031172	0.0398442	0.0182584	0.0297868	0.0173905	0.0167614	0.0173161	0.0397612	0.0545938	0.0845215	0.017914	0.0461462	
0.027815	0.0144739	0.0563826	0.0622481	0.0468215	0.058181	0.024284	0.11114	0.0436884	0.0519729	0.0263005	0.0205662	0.00879354	0.0191749	0.0321086	0.0203076	0.229503	0.0647447	0.0188395	0.0626539	
0.324164	0.0220306	0.0408371	0.0390542	0.053302	0.0163002	0.0211049	0.0649605	0.0483679	0.0643829	0.0293287	0.0442429	0.00741321	0.0219529	0.0337544	0.0214787	0.0474279	0.0201952	0.0196655	0.0600361	
0.0581932	0.0182126	0.0687617	0.0392164	0.0595929	0.0655195	0.00607966	0.0645303	0.0220171	0.036661	0.0314117	0.0441635	0.0106119	0.212849	0.0140626	0.0398096	0.0879935	0.045239	0.0204032	0.0546715	
0.0250929	0.0142464	0.0674695	0.314271	0.052489	0.015677	0.0178966	0.0432193	0.0340619	0.0512053	0.0274987	0.0773569	0.0148412	0.00566333	0.0564587	0.0355269	0.073525	0.0120604	0.018159	0.0432815	
0.0449129	0.0112596	0.0647099	0.116674	0.0731726	0.019001	0.0172941	0.0437065	0.0579004	0.0147166	0.0239738	0.0830452	0.0125174	0.00570283	0.219579	0.0249668	0.0579466	0.0427091	0.0140014	0.052211	
0.0410918	0.00433115	0.0607311	0.0773205	0.285999	0.0496574	0.016652	0.0263911	0.0494738	0.00776587	0.025106	0.0547637	0.0142839	0.0193829	0.0520709	0.0187785	0.0752292	0.0525276	0.017521	0.0509226	
0.0447173	0.00977703	0.0634188	0.121223	0.081341	0.0192695	0.0148329	0.0369791	0.0587011	0.0129787	0.0204451	0.0845736	0.0121787	0.00558822	0.229089	0.0241078	0.0564377	0.0425476	0.0100697	0.0517245	
0.0301254	0.0137018	0.0635335	0.0706991	0.0553731	0.061084	0.0226853	0.0398961	0.0448805	0.0503353	0.0255556	0.02266	0.00784759	0.0181091	0.0333505	0.0196646	0.298536	0.0429729	0.0206807	0.0583092	
0.0374373	0.0165396	0.0299551	0.0411727	0.0167821	0.0297269	0.0400706	0.26275	0.0583369	0.0600435	0.0139758	0.0215305	0.010295	0.0151651	0.0261792	0.0333315	0.0525405	0.176443	0.0153768	0.0423471	
0.0297653	0.0132902	0.0605031	0.0761916	0.0583082	0.0627457	0.0228283	0.043431	0.0415184	0.0522677	0.0269018	0.0202188	0.00792794	0.0200118	0.0299587	0.0187458	0.288567	0.0437864	0.0187285	0.0643041	
0.0312978	0.0120864	0.0918683	0.0708437	0.0164794	0.0488825	0.0290172	0.076949	0.0378492	0.0653393	0.0256538	0.0474614	0.0135485	0.0200574	0.025385	0.156406	0.139477	0.0536241	0.0216628	0.0161112	
0.0560853	0.0247319	0.0667817	0.0653236	0.035121	0.0532576	0.0531078	0.0320853	0.0234374	0.0484225	0.0269077	0.0481819	0.019894	0.0184472	0.0312979	0.124508	0.141933	0.0537158	0.0233756	0.0533848	
0.0512881	0.00486434	0.0182677	0.0525853	0.057862	0.0650405	0.0121946	0.0636272	0.0542437	0.0459109	0.0262067	0.0252312	0.0155772	0.0189546	0.0329454	0.0148838	0.0783411	0.0496229	0.0167017	0.295651	
0.0524856	0.00424054	0.0187699	0.0552717	0.0593927	0.0614046	0.0110065	0.0660129	0.054035	0.0490526	0.0258565	0.0242677	0.0147774	0.0183351	0.0344769	0.0146085	0.0745721	0.0485005	0.0176469	0.295286	
0.0462525	0.00851846	0.0551204	0.136205	0.0857731	0.0169278	0.0156437	0.021743	0.0751255	0.0166076	0.0184234	0.0987247	0.0145231	0.0080713	0.241222	0.00982689	0.0321159	0.0321841	0.0130871	0.0539048	
0.0175014	0.00471758	0.0365374	0.0435741	0.054097	0.317563	0.0167101	0.057641	0.0423969	0.0566174	0.0311009	0.0395123	0.0204228	0.0202524	0.0105389	0.0506867	0.0815698	0.0127753	0.0133673	0.0724181	
0.194131	0.0207998	0.0292874	0.0651643	0.049511	0.0259367	0.0235973	0.0573492	0.042562	0.0588983	0.0266682	0.0392567	0.00831572	0.0238215	0.0312111	0.024315	0.167721	0.029472	0.0214984	0.0604838	
0.0540887	0.0190642	0.0696972	0.0644551	0.0380815	0.0489564	0.152737	0.0860803	0.043091	0.0294778	0.0253177	0.0698952	0.0116717	0.00602409	0.0241174	0.052841	0.0824723	0.0721414	0.020165	0.0296253	
0.0170358	0.00740579	0.049015	0.0283721	0.0596955	0.345342	0.0161087	0.0554382	0.044455	0.0526819	0.0344215	0.0393664	0.0184271	0.0207871	0.00720034	0.0359091	0.0795136	0.0115617	0.00940363	0.0678597	
0.0482834	0.0170817	0.048768	0.0499902	0.0136938	0.0452587	0.0256011	0.322624	0.0425337	0.0491404	0.0190741	0.0175033	0.0130688	0.0194642	0.0247993	0.0309665	0.0518215	0.0988723	0.0174391	0.044016	
0.0443924	0.0152161	0.0434351	0.0475084	0.0193012	0.0406037	0.0291167	0.304907	0.0399706	0.0499783	0.0415383	0.0195881	0.0119184	0.017772	0.0245296	0.0284415	0.0504323	0.107391	0.0176593	0.0463	
0.0673815	0.0184958	0.085925	0.0672331	0.0171928	0.0595743	0.00866271	0.0348845	0.0417194	0.246815	0.0331655	0.0567515	0.015737	0.0203395	0.0123095	0.0492241	0.0784019	0.0122177	0.0229762	0.0509927	
0.0245291	0.017641	0.0227021	0.0286477	0.0195595	0.0176494	0.0362837	0.133577	0.048713	0.0235182	0.020958	0.0309875	0.0127947	0.0168504	0.0359455	0.0377938	0.079391	0.323028	0.0162486	0.0531818	
0.04752	0.00371144	0.0197453	0.056848	0.0596915	0.0627883	0.0115933	0.0675113	0.0562422	0.0472993	0.0280508	0.0251872	0.0126076	0.0189054	0.0343948	0.0123021	0.0720715	0.0503817	0.0181652	0.294983	
0.0210939	0.0176899	0.394355	0.0252742	0.0459868	0.0249137	0.00670291	0.0515213	0.0341202	0.0656112	0.0299573	0.0550917	0.0150659	0.0189336	0.0299995	0.0454556	0.0707823	0.0154122	0.0178403	0.0141921	
0.0325707	0.0167714	0.0223564	0.0305107	0.0105147	0.0391056	0.0396397	0.224766	0.0445462	0.0307195	0.0199114	0.0223291	0.0128565	0.0153269	0.0312334	0.0373838	0.0698058	0.240208	0.0156253	0.043819	
0.0292011	0.0129526	0.0647372	0.0683101	0.0586375	0.0628519	0.017035	0.0394271	0.042349	0.0492845	0.0248133	0.0202745	0.00945812	0.0238432	0.0328057	0.0179128	0.29612	0.0428353	0.019611	0.0675405	
0.0333519	0.0181845	0.301738	0.0712875	0.0394218	0.0433835	0.0082435	0.0242711	0.00887069	0.0583685	0.0287828	0.141564	0.0154299	0.0186104	0.031622	0.0566042	0.0500694	0.019341	0.0187624	0.0120929	
0.089304	0.0219511	0.0627429	0.0283528	0.0516338	0.0819313	0.0290169	0.0612005	0.0442107	0.0533985	0.030091	0.0528901	0.0195303	0.0162704	0.112904	0.0548809	0.087273	0.0299423	0.0206244	0.0518509	
0.0440867	0.0155422	0.0479292	0.162961	0.049637	0.0480244	0.0203105	0.0759884	0.111037	0.0550367	0.0130046	0.0115456	0.0160256	0.0112121	0.0161753	0.045388	0.132022	0.0474675	0.019384	0.0572215	
0.0346288	0.0124352	0.0890999	0.0750707	0.0179101	0.0507803	0.0288434	0.0774821	0.047055	0.0673822	0.028811	0.0504376	0.0137751	0.0190001	0.0303634	0.206714	0.0686334	0.0443721	0.0194563	0.017749	
0.0391899	0.00259149	0.0443402	0.0802314	0.285197	0.0624713	0.0132008	0.0261738	0.0476741	0.00785088	0.0245395	0.0461629	0.0135184	0.0155802	0.0530792	0.0128934	0.0709794	0.0163007	0.0144033	0.123622	
0.111825	0.0262653	0.0561476	0.065037	0.0157898	0.0431452	0.0932995	0.0494273	0.0428114	0.0911424	0.0264342	0.0495206	0.00881872	0.0202446	0.0549404	0.0592659	0.0841342	0.0413187	0.0207063	0.0397256	
0.197088	0.0158404	0.0484658	0.0573804	0.0404627	0.03433	0.0168895	0.0646388	0.0440561	0.120754	0.0347453	0.0432793	0.0122715	0.0499522	0.00664784	0.0169868	0.076119	0.034866	0.0199873	0.0652393	
0.0336929	0.014097	0.0236935	0.0298013	0.00823623	0.0237514	0.0375562	0.294967	0.0432951	0.0391169	0.0175727	0.0151667	0.010073	0.0170277	0.0267326	0.0298326	0.0524203	0.22458	0.0140048	0.0443823	
0.0224171	0.0147505	0.145893	0.1331	0.0551398	0.0319792	0.0192024	0.0497081	0.0250629	0.0428706	0.017624	0.0583522	0.0153931	0.0149236	0.109138	0.0246298	0.150383	0.0185718	0.00690701	0.0439535	
0.0256787	0.015407	0.0658821	0.0695881	0.0470546	0.0563501	0.0236201	0.109684	0.0415206	0.0526261	0.0288657	0.0227542	0.0418206	0.0198436	0.033283	0.0487587	0.152951	0.0654134	0.0166781	0.06222	
0.0655777	0.0166566	0.0826819	0.0647157	0.0170734	0.0611372	0.0077598	0.035461	0.0448737	0.229993	0.0361875	0.0526439	0.0415119	0.0205025	0.0102448	0.0534713	0.0807053	0.0114555	0.0212184	0.0461284	
0.0476621	0.0232383	0.0394897	0.0475812	0.0114997	0.0326184	0.113632	0.143318	0.0438738	0.0209184	0.0189806	0.0369218	0.006287	0.011417	0.0625435	0.048552	0.0765573	0.15864	0.0189301	0.0373385	
0.0264984	0.0123684	0.0733055	0.310474	0.0576743	0.0195126	0.0185935	0.0477332	0.0325088	0.0479121	0.0234111	0.077611	0.0145767	0.00649915	0.0549496	0.03429	0.0687504	0.0137775	0.0167135	0.04284	
0.0268659	0.0168619	0.0170992	0.029234	0.00808581	0.0165245	0.0399166	0.254063	0.0471913	0.0476301	0.0223179	0.0198694	0.00962553	0.0163192	0.0293486	0.0321773	0.0642075	0.243523	0.0138059	0.0453326	
0.0383294	0.0113413	0.0525891	0.220552	0.0633631	0.0259043	0.0211774	0.0384083	0.0766317	0.0304179	0.0105193	0.159752	0.0138396	0.00479665	0.104803	0.0262419	0.022847	0.0260729	0.0165878	0.0358257	
0.0452785	0.014983	0.0703939	0.0947285	0.0720899	0.0456366	0.0229426	0.05677	0.0441625	0.0160208	0.0234044	0.064981	0.0308815	0.00496609	0.159357	0.0346322	0.0752687	0.0510456	0.0169674	0.0554898	
0.0474153	0.0129584	0.0227365	0.0611495	0.0658059	0.0597069	0.0840938	0.0707174	0.0442708	0.0205408	0.0242587	0.0919112	0.0388166	0.00379249	0.0182001	0.042327	0.0788871	0.0619319	0.0222939	0.128186	
0.324238	0.0198445	0.0255539	0.0492403	0.0536119	0.0160844	0.023954	0.0573394	0.0501662	0.0684699	0.0311697	0.0470362	0.00769784	0.0253614	0.0334585	0.0199483	0.0456443	0.0165191	0.0224429	0.0622197	
0.0575582	0.0208753	0.0483847	0.0517528	0.023909	0.0417434	0.0337659	0.181274	0.0409167	0.059774	0.0235543	0.0162778	0.0112455	0.0180142	0.0291892	0.0981815	0.0853564	0.10119	0.0214614	0.0355756	
0.0259488	0.0103579	0.0831695	0.0673066	0.0665241	0.0574436	0.0248035	0.0751971	0.0401013	0.0587419	0.0278032	0.0539575	0.0485447	0.0172735	0.0331355	0.11629	0.0994722	0.0534876	0.0203082	0.0201336	
0.0459661	0.0157462	0.069282	0.0629754	0.0434345	0.0625936	0.0252277	0.130222	0.013917	0.0625413	0.0318496	0.043984	0.0829854	0.0182277	0.0142398	0.0891181	0.0637725	0.0578546	0.0199486	0.0461134	
0.0459601	0.0163653	0.0497724	0.0488941	0.0146726	0.0421054	0.0355339	0.184287	0.0397578	0.0295335	0.0155536	0.0556115	0.0166334	0.0193129	0.0313458	0.0299476	0.123032	0.130563	0.0175087	0.0536095	
0.0333556	0.126629	0.0807884	0.0661649	0.015771	0.0409581	0.031032	0.0819193	0.0436847	0.0580577	0.0306699	0.0505619	0.0109967	0.0209147	0.0361352	0.113017	0.0544524	0.0573263	0.0314983	0.0160673	
0.0464074	0.0214671	0.0496179	0.0611236	0.011233	0.040567	0.0200926	0.215055	0.0441617	0.101205	0.0265728	0.0331131	0.00768287	0.0179198	0.0391031	0.0438063	0.0673241	0.0965068	0.0186462	0.0383947	
0.0299551	0.020307	0.0607791	0.0671722	0.0290262	0.0176059	0.0263574	0.16596	0.0496259	0.138621	0.0327025	0.0385525	0.015654	0.0244636	0.0279044	0.0468057	0.0774723	0.0670419	0.0211836	0.0428095	
0.0508901	0.0146045	0.0498327	0.056782	0.0113165	0.0457453	0.0270823	0.279122	0.0427411	0.113904	0.0204663	0.0196474	0.0121957	0.01724	0.022889	0.032351	0.0492411	0.0765436	0.0163375	0.0410686	
0.0268487	0.0177285	0.0300833	0.0227832	0.0202661	0.017142	0.0380149	0.15556	0.0502132	0.0216995	0.0149149	0.0312689	0.0126978	0.0140098	0.0342367	0.0345907	0.0722736	0.31384	0.0170942	0.0547336	
0.0152741	0.00871601	0.0507056	0.0285638	0.0559861	0.346558	0.0175883	0.0578886	0.0428139	0.0535293	0.0300018	0.0420924	0.0170445	0.0214781	0.00662888	0.033886	0.0779674	0.0133041	0.00940281	0.0705703	
0.0524136	0.012776	0.0627191	0.113416	0.0545712	0.0452006	0.0124589	0.0293068	0.0319591	0.0488619	0.0266745	0.280769	0.014668	0.0158832	0.0610029	0.025674	0.040689	0.0302343	0.0192392	0.0214824	
0.0511368	0.0130561	0.0845287	0.0670198	0.0636073	0.0620328	0.0133907	0.0273414	0.00971262	0.0524508	0.0285462	0.115653	0.0175464	0.0208158	0.0387684	0.0232581	0.125947	0.033677	0.0180394	0.133472	
0.021402	0.0190962	0.40155	0.0249603	0.0456306	0.0224205	0.00619472	0.0481734	0.0323309	0.0597935	0.0286579	0.0571033	0.0147272	0.0185541	0.0287635	0.0455688	0.0739019	0.0179611	0.0197479	0.0134622	
0.178086	0.0767022	0.0462695	0.0596182	0.00964036	0.0357407	0.0355722	0.0868956	0.0420262	0.0574553	0.0260071	0.0427392	0.00504669	0.0177774	0.0312879	0.0287971	0.0965592	0.0612103	0.0254726	0.0370958	
0.0920311	0.00858409	0.0705548	0.0610851	0.0148119	0.0447904	0.0311057	0.100007	0.0377454	0.0619047	0.029007	0.0485942	0.0380481	0.0194072	0.0394313	0.0859676	0.117914	0.0627645	0.0193709	0.0168743	
0.0637525	0.0331426	0.0659409	0.0697537	0.0229911	0.0456388	0.0310423	0.0922892	0.0426754	0.0761818	0.0266607	0.0516337	0.00999917	0.0190655	0.0275508	0.0969645	0.0837354	0.068429	0.0404421	0.0321108	
0.0551346	0.0211156	0.0942906	0.071772	0.00670189	0.0513424	0.0233	0.0711272	0.0374104	0.135126	0.0178433	0.0555774	0.0180627	0.0191639	0.0255864	0.141053	0.0923036	0.0200829	0.014288	0.0287183	
0.0459958	0.00732411	0.0658063	0.109085	0.0808789	0.0496347	0.00939968	0.0414365	0.0509846	0.0151306	0.0226774	0.0668292	0.0133327	0.0123196	0.210642	0.0171984	0.0745066	0.0363646	0.0135925	0.0568611	
0.0537214	0.0188199	0.0192935	0.0315242	0.0119722	0.019376	0.0393781	0.19109	0.0408997	0.0286837	0.0207134	0.0305803	0.0115116	0.0155182	0.0329905	0.039231	0.0675907	0.26194	0.0163502	0.0488155	
0.0259935	0.0168279	0.0386309	0.0266904	0.0287957	0.0191307	0.0343998	0.119963	0.0477428	0.0193278	0.019892	0.0340922	0.0143936	0.0143841	0.0364127	0.0353986	0.075434	0.323917	0.0160641	0.0525086	
0.0326098	0.0196287	0.0859604	0.0692215	0.0359983	0.0616041	0.0243612	0.0397106	0.0205804	0.0592339	0.0261114	0.0470115	0.0123178	0.0232658	0.0173098	0.115347	0.205602	0.0412386	0.0204403	0.0424472	
0.0350971	0.0022017	0.0385165	0.0629493	0.113872	0.0733044	0.0179577	0.0589051	0.0397177	0.0379402	0.026231	0.042625	0.0246137	0.0187194	0.0377596	0.0174819	0.106525	0.0524081	0.0152691	0.177906	
0.294305	0.0201213	0.0235196	0.051711	0.0517758	0.0177911	0.0243827	0.0615201	0.0477189	0.065828	0.0295311	0.044408	0.00698759	0.0219158	0.0316805	0.0219028	0.0815127	0.0232601	0.0211859	0.0589418	
0.0639345	0.0145766	0.065699	0.262371	0.0575213	0.0185087	0.0195116	0.0511435	0.0271244	0.0516221	0.0256338	0.0768009	0.0176429	0.00714638	0.0513487	0.0431177	0.0733157	0.012336	0.0205152	0.0401296	
0.0168292	0.00617798	0.0309917	0.0393162	0.0597864	0.3543	0.0159422	0.0570963	0.0454473	0.0503738	0.0314126	0.0422876	0.0149867	0.0191274	0.00915583	0.0249779	0.0765751	0.0133889	0.0142274	0.0775998	
0.027528	0.015551	0.0121837	0.0797958	0.0493863	0.0196485	0.030898	0.103983	0.168886	0.048197	0.0255631	0.0275279	0.0143194	0.0662547	0.0332036	0.035566	0.069705	0.0879362	0.0230331	0.0608337	
0.0648239	0.0706043	0.0626262	0.057247	0.0338866	0.0547312	0.0377603	0.0555456	0.0401978	0.0563201	0.0291286	0.0275174	0.0175552	0.0187287	0.065434	0.107853	0.0802821	0.061393	0.0275409	0.0308236	
0.0714441	0.0158216	0.077148	0.0694209	0.0522969	0.0582189	0.0099083	0.0339656	0.0452417	0.214199	0.03379	0.0517463	0.0120825	0.0199817	0.0124054	0.0413257	0.0863583	0.0118658	0.0200739	0.0627053	
0.109381	0.022141	0.0419936	0.0207638	0.0322899	0.0577802	0.040687	0.133656	0.0340919	0.0407089	0.0232217	0.0401328	0.0129557	0.00440671	0.032947	0.0523011	0.0838308	0.152828	0.0181153	0.0457666	
0.0266626	0.016943	0.257349	0.12327	0.0422145	0.0264286	0.00697072	0.0486478	0.0265324	0.0570531	0.0283804	0.0997858	0.0175364	0.0161738	0.0424995	0.045648	0.0721469	0.014653	0.0166344	0.0144702	
0.0231135	0.0154962	0.175792	0.184606	0.0458413	0.0680487	0.00882391	0.0525516	0.0377268	0.0533288	0.0285738	0.0390821	0.0167187	0.0176047	0.0469047	0.0442186	0.0911575	0.0149743	0.0172358	0.0182011	
0.065634	0.0234038	0.0414235	0.0354324	0.0238012	0.040507	0.11196	0.129782	0.0349298	0.0738896	0.0235241	0.0382514	0.0040719	0.0126604	0.0597819	0.0502501	0.0710241	0.10498	0.0186321	0.0360617	
0.022187	0.00730648	0.0292761	0.0516509	0.0584897	0.285697	0.0204709	0.0578275	0.0523082	0.0509367	0.0311433	0.0425762	0.0153293	0.0176123	0.0429486	0.0243102	0.0870107	0.0165311	0.0165004	0.0698873	
0.047225	0.0139796	0.0436598	0.0489278	0.0248135	0.0517559	0.0262043	0.246476	0.0184435	0.0906849	0.0363062	0.0293853	0.0139948	0.0224966	0.0120339	0.0392653	0.0684611	0.100589	0.0171467	0.0481507	
0.0222125	0.0154539	0.0738903	0.0651697	0.0532093	0.0646403	0.0280721	0.0759732	0.0402695	0.0360887	0.0300205	0.0513607	0.125806	0.00842439	0.0150371	0.0750061	0.0886274	0.0534706	0.0225202	0.0547479	
0.0421413	0.00366112	0.0613163	0.0839214	0.326161	0.05134	0.0142213	0.0257048	0.0501174	0.00747442	0.0230865	0.053045	0.0143753	0.015835	0.0581443	0.0119105	0.0653005	0.0164377	0.0144387	0.0613679	
0.0585463	0.0191845	0.0798394	0.0740996	0.0315419	0.0551192	0.0160312	0.0624757	0.0419882	0.23823	0.0214354	0.0505775	0.0161647	0.017888	0.0205755	0.0348332	0.0824039	0.0150511	0.0121883	0.051826	
0.0489775	0.012604	0.0686172	0.115867	0.0764446	0.0200058	0.0162549	0.0443006	0.0540322	0.014366	0.0210263	0.0757407	0.0297004	0.0048709	0.190833	0.0285638	0.0647273	0.0416889	0.0170894	0.05429	
0.0798284	0.0171573	0.0586376	0.0718082	0.050834	0.0551779	0.0218871	0.0542869	0.0315582	0.0513452	0.0209723	0.0285968	0.0101006	0.0236768	0.0248144	0.0267543	0.245241	0.0430048	0.0237178	0.0606003	
0.329052	0.0211522	0.0261913	0.0491562	0.0535725	0.0164506	0.0221392	0.0531546	0.0528699	0.0657096	0.0320056	0.0511059	0.00714917	0.0210713	0.0334271	0.0188576	0.0477349	0.0185629	0.02183	0.0588078	
0.0621157	0.0210653	0.0801553	0.0720058	0.0271343	0.0560866	0.0269364	0.0393686	0.0417799	0.193058	0.0323112	0.0609193	0.0106187	0.00964395	0.0501293	0.0496713	0.084061	0.0158763	0.0218557	0.0452076	
0.0289104	0.0225724	0.173819	0.0724472	0.036381	0.059495	0.0180216	0.0256346	0.0154867	0.0571182	0.026355	0.105228	0.011756	0.020043	0.0298766	0.0838249	0.132433	0.0315541	0.0187015	0.0303424	
0.323	0.0222527	0.0259397	0.0486788	0.0507099	0.0160745	0.0216878	0.0593274	0.0471357	0.0674202	0.0308424	0.0526731	0.00780115	0.0225044	0.0343581	0.0225586	0.0457416	0.0188984	0.0217038	0.0606915	
0.0530271	0.0172709	0.0464477	0.0549426	0.0393793	0.0466168	0.0635114	0.111655	0.0369422	0.0442446	0.0221162	0.0404924	0.0245926	0.0133803	0.0584497	0.0814952	0.0819224	0.0977153	0.0188988	0.0468991	
0.0160552	0.00468159	0.0300863	0.0405033	0.0641215	0.350912	0.0167434	0.0605575	0.0457458	0.0510798	0.0316189	0.0363308	0.0157564	0.0210253	0.011312	0.0245174	0.0784129	0.0124492	0.0121916	0.0758995	
0.0250251	0.0154562	0.0285565	0.0231056	0.0203532	0.0176145	0.0383327	0.181504	0.0482644	0.0234147	0.0191023	0.0302062	0.0125493	0.0123274	0.0302616	0.0348345	0.0677675	0.302263	0.0158707	0.0531912	
0.026164	0.0120326	0.0332166	0.286713	0.0598575	0.0167622	0.0216088	0.0444679	0.0767064	0.0379544	0.0206362	0.0998594	0.0126465	0.00627297	0.0693054	0.0322888	0.0611137	0.0149617	0.018404	0.0490281	
0.0267162	0.012617	0.0552972	0.321155	0.0525947	0.0161143	0.0190351	0.0498162	0.0343427	0.050212	0.0260799	0.077265	0.0141411	0.0056694	0.0555147	0.036501	0.0700221	0.014354	0.0196186	0.0429338	
0.036614	0.0131456	0.0313939	0.0335437	0.0146106	0.0267	0.0337311	0.208694	0.041832	0.0505583	0.0348862	0.0258875	0.0118258	0.0185453	0.0276202	0.0245277	0.0664215	0.241888	0.00939984	0.0481743	
0.0382419	0.00438014	0.0675139	0.0834178	0.322041	0.0525252	0.0139529	0.0266093	0.0462469	0.00700413	0.0242389	0.053149	0.0150257	0.0165594	0.0580987	0.0154016	0.0666359	0.015539	0.0148854	0.0585333	
0.0500487	0.0107928	0.0794133	0.0695017	0.0336921	0.0180501	0.0386526	0.147666	0.0381067	0.0485277	0.025565	0.0984648	0.0135983	0.0174295	0.0614106	0.0757454	0.0399941	0.0774886	0.0183962	0.0374554	
0.0639214	0.0191452	0.0392638	0.07336	0.045369	0.0660297	0.027895	0.0898876	0.0190058	0.0534179	0.029199	0.0416001	0.0147236	0.110454	0.0245693	0.0472228	0.0877347	0.069844	0.0229185	0.0544389	
0.0628411	0.0153063	0.0824177	0.0653393	0.0363492	0.0616004	0.0141956	0.0508852	0.0134673	0.156846	0.168577	0.0567687	0.0174328	0.020937	0.00872917	0.040816	0.0421098	0.0111321	0.0212526	0.0529967	
0.0780345	0.0221373	0.0556155	0.0669021	0.0455368	0.0574504	0.02564	0.0520824	0.0396583	0.052488	0.0261296	0.0256765	0.0103321	0.0201786	0.0311592	0.0560658	0.211305	0.0497602	0.0221328	0.0517148	
0.047125	0.0112476	0.0646488	0.11884	0.0797525	0.0197066	0.0159801	0.0383598	0.0587142	0.0138411	0.0227804	0.0853759	0.0129698	0.00609029	0.227212	0.0231958	0.0559129	0.0381701	0.0101541	0.0499229	
0.12168	0.0153654	0.136569	0.0909183	0.0264929	0.0256145	0.0293016	0.0502825	0.0344213	0.0547834	0.0270302	0.13559	0.00767954	0.0162177	0.045586	0.0822763	0.0274062	0.0290676	0.0236814	0.0200362	
0.0262895	0.0163505	0.016265	0.0283494	0.00925003	0.0158026	0.0402683	0.255779	0.0408716	0.0478688	0.0222557	0.0214005	0.0097588	0.0151563	0.0276015	0.032673	0.0619624	0.248962	0.0149744	0.0481612	
