0.0533083	0.00596734	0.0169814	0.052378	0.130111	0.0386457	0.0761997	0.0344934	0.0845621	0.0296597	0.0314361	0.0309175	0.00442306	0.0459043	0.0336132	0.0242664	0.0370665	0.0282305	0.00788869	0.233947	
0.0152549	0.0115838	0.52358	0.025694	0.0625995	0.00444366	0.00443033	0.0437081	0.0262847	0.0485215	0.0284193	0.0231666	0.00335371	0.0449654	0.0406737	0.0244241	0.0448264	0.00884783	0.00585047	0.0093722	
0.0654452	0.0131244	0.0209007	0.0593274	0.118541	0.0250149	0.024178	0.0382338	0.0559327	0.0353584	0.0319809	0.023677	0.00828855	0.0432954	0.0652718	0.0709567	0.0424235	0.0309799	0.00684724	0.220223	
0.044997	0.0132141	0.0894644	0.0678147	0.0326826	0.0431789	0.018461	0.0422069	0.0285108	0.332219	0.0741952	0.0470109	0.003466	0.015903	0.01223	0.0273563	0.0448977	0.0125312	0.00648569	0.043175	
0.0426829	0.00353983	0.0939561	0.0590946	0.409926	0.0515753	0.0204818	0.00855202	0.0487509	0.00574567	0.0273725	0.047772	0.00304581	0.0457107	0.0329318	0.010956	0.0438847	0.00533216	0.00761572	0.0310733	
0.0621841	0.0127581	0.0569854	0.0310098	0.0788289	0.0392963	0.0286079	0.0229175	0.374583	0.030315	0.0278976	0.00979509	0.00400989	0.0504789	0.0155223	0.0386693	0.0157132	0.0285845	0.00617991	0.0656631	
0.041122	0.012218	0.0894398	0.0599616	0.0163788	0.0277201	0.00959708	0.218501	0.0237696	0.225896	0.0485522	0.0412136	0.00393331	0.0284059	0.0177112	0.0236414	0.0297704	0.0365457	0.00559286	0.0400299	
0.011937	0.0135905	0.0695759	0.0210872	0.0218991	0.00456614	0.0183523	0.26307	0.0243062	0.192952	0.0429382	0.0402389	0.0067868	0.0324971	0.0418172	0.0248955	0.0315155	0.0925961	0.00589895	0.0394796	
0.0397262	0.0137754	0.0964579	0.0683856	0.0337376	0.045948	0.0152812	0.0402834	0.0284878	0.331095	0.0743047	0.051557	0.00337913	0.0164007	0.0138438	0.0244659	0.0418198	0.0114211	0.00679855	0.0428309	
0.0285846	0.014015	0.0657949	0.0541576	0.00731321	0.0174611	0.0172884	0.47281	0.0210935	0.0385213	0.0149801	0.0174609	0.00371249	0.0410959	0.0233555	0.0111153	0.0103803	0.098434	0.00633988	0.0360863	
0.0156216	0.0115722	0.531228	0.027464	0.065573	0.00351429	0.00433225	0.0443981	0.0299703	0.0401299	0.0288799	0.0240596	0.00373208	0.0384954	0.0414423	0.0242213	0.0425023	0.00861017	0.0050129	0.00924005	
0.081207	0.0141795	0.0692115	0.0614412	0.0299858	0.0189096	0.0272506	0.028205	0.0505277	0.0149842	0.0368806	0.0604477	0.00598481	0.0632632	0.0525383	0.244905	0.0533131	0.0368197	0.00999187	0.0399542	
0.0131652	0.00406081	0.0233593	0.0447632	0.0826093	0.416847	0.0346754	0.0294235	0.043153	0.0501408	0.0340487	0.061265	0.00377605	0.0397371	0.00433699	0.0132731	0.0485732	0.00617998	0.00770756	0.0389044	
0.0126065	0.016465	0.0202765	0.0481562	0.0132224	0.00630597	0.0278149	0.0883228	0.0317915	0.014878	0.0307985	0.0483719	0.00689398	0.0485938	0.0375232	0.0396633	0.052394	0.393696	0.00621788	0.056008	
0.0145663	0.00614983	0.0290083	0.0351356	0.0807236	0.409259	0.0339743	0.0298742	0.0463549	0.0493501	0.0369376	0.0648711	0.00422687	0.0383192	0.00236186	0.0160271	0.0484913	0.00568695	0.00661912	0.0420632	
0.129526	0.00793277	0.0613015	0.0553633	0.0321599	0.00945771	0.0258524	0.0211082	0.0523401	0.0279059	0.0385433	0.0392511	0.0107447	0.0602606	0.0122907	0.274638	0.0530002	0.0338595	0.00797624	0.0464881	
0.041955	0.22711	0.0873654	0.0657419	0.0144536	0.00920127	0.022714	0.0810778	0.0376498	0.04954	0.0385748	0.0515	0.00663559	0.0490091	0.0119178	0.0700402	0.057214	0.0560098	0.00414137	0.0181484	
0.0405506	0.0104125	0.0953553	0.0636987	0.0127998	0.0406714	0.0172594	0.0817444	0.0272246	0.331352	0.0564569	0.0472471	0.00368092	0.0266874	0.0214359	0.0167198	0.038618	0.0193239	0.00494745	0.043814	
0.0402505	0.0126075	0.0924377	0.0715593	0.0182497	0.0469278	0.0107096	0.0350095	0.0264799	0.34283	0.077419	0.0502594	0.00403704	0.0271458	0.0135465	0.0257635	0.0466251	0.0125859	0.00566081	0.039895	
0.0369025	0.0101146	0.0949584	0.0641476	0.0104295	0.0470894	0.0176142	0.0744058	0.023018	0.252227	0.156836	0.0499082	0.00576807	0.0238903	0.0158801	0.0151529	0.039355	0.0193241	0.00382595	0.0391526	
0.0495033	0.00392142	0.0948269	0.064838	0.0656777	0.00315266	0.00909833	0.0449137	0.0301473	0.0196255	0.0345202	0.0412692	0.00263902	0.0287642	0.36334	0.0309374	0.0229462	0.0380533	0.00854905	0.0432768	
0.0399963	0.00322395	0.102358	0.0617426	0.411268	0.0542205	0.0224569	0.0085265	0.0429659	0.00625156	0.0278909	0.0463685	0.00332011	0.0442308	0.0328037	0.0106578	0.040229	0.00555299	0.00645251	0.0294829	
0.257928	0.0108244	0.0257836	0.0389074	0.0303435	0.00529537	0.0234007	0.02452	0.0643737	0.0198076	0.034041	0.0451597	0.00209195	0.0581834	0.0462124	0.191852	0.0560359	0.00972871	0.00616898	0.0493416	
0.0162137	0.0118559	0.532083	0.0254407	0.0627111	0.00455608	0.00351668	0.0454516	0.0304287	0.0405558	0.0266265	0.0229826	0.00309931	0.0419737	0.0399567	0.022039	0.0449514	0.0107867	0.00596959	0.00880156	
0.0154274	0.0120749	0.526307	0.0255803	0.0660382	0.00511128	0.00398046	0.0436032	0.0291241	0.0431953	0.0302818	0.0223718	0.00333004	0.0409365	0.0424891	0.0210128	0.0441213	0.0104	0.00546244	0.0091517	
0.101395	0.0111895	0.013909	0.088837	0.0692016	0.0120076	0.0351764	0.0304588	0.216551	0.0232973	0.025923	0.0317543	0.00432353	0.111697	0.0294195	0.0680771	0.0412719	0.00749979	0.00562095	0.0723892	
0.0417448	0.00311881	0.102181	0.0589445	0.415575	0.0528305	0.0205172	0.0069121	0.0480968	0.00651021	0.0263766	0.0467189	0.0036039	0.0446728	0.0330125	0.00801154	0.0405505	0.00456411	0.00606161	0.0299967	
0.0322239	0.0272749	0.0880586	0.0595055	0.0362494	0.026025	0.0253015	0.0374588	0.0154377	0.0330482	0.0170624	0.0433988	0.00257126	0.0494919	0.0163387	0.0938407	0.294759	0.0544231	0.0075938	0.039937	
0.0251739	0.0188946	0.0630706	0.0396993	0.00352976	0.00755113	0.0189675	0.315338	0.0225249	0.0873867	0.0339192	0.0338117	0.00596731	0.0340455	0.0308289	0.0353672	0.0325444	0.147693	0.00616974	0.037516	
0.193722	0.00514703	0.0549611	0.0451963	0.0102521	0.0102381	0.0265117	0.026852	0.0568815	0.0152931	0.026424	0.036689	0.00340635	0.0623404	0.0375935	0.218752	0.118549	0.0184249	0.00580432	0.0269615	
0.0679713	0.0109213	0.0151917	0.0534479	0.0865648	0.035041	0.133105	0.0385041	0.097806	0.0113833	0.0270278	0.0305399	0.00225769	0.0555321	0.0148882	0.0495111	0.0511151	0.0344589	0.00849156	0.176241	
0.027994	0.0113677	0.071121	0.0524247	0.00733136	0.0176027	0.0171267	0.472467	0.0201358	0.0401911	0.0154235	0.0170716	0.00525979	0.0383095	0.0191459	0.0108981	0.0129454	0.0943302	0.0073847	0.0414693	
0.172463	0.0133395	0.058319	0.052886	0.0284321	0.0125087	0.0261664	0.0273096	0.0604367	0.0127032	0.0302409	0.0558501	0.00421858	0.0622948	0.0389524	0.211018	0.0561607	0.0224254	0.00805065	0.046224	
0.0131228	0.0166224	0.0955803	0.0732502	0.0732106	0.0382746	0.0205066	0.0153974	0.0204481	0.0388866	0.0305989	0.0361804	0.00250207	0.0455411	0.0196485	0.0228793	0.348981	0.0371703	0.00868476	0.0425137	
0.0324375	0.0118844	0.0698635	0.0564704	0.00633142	0.0164159	0.0193374	0.467709	0.0230904	0.037211	0.0159631	0.0176399	0.00489051	0.0377276	0.0211655	0.0135628	0.0122422	0.0901429	0.00775077	0.0381639	
0.0108584	0.0135729	0.0207608	0.0447749	0.00992683	0.00545025	0.0240799	0.260957	0.0284836	0.026374	0.0218461	0.0316023	0.00582004	0.0420395	0.0300508	0.025631	0.038313	0.305342	0.00673192	0.0473854	
0.0153863	0.0110327	0.530184	0.0227609	0.0622313	0.00399238	0.00459421	0.0483267	0.0284031	0.0396706	0.0265899	0.0219415	0.00358115	0.0448837	0.042236	0.0245429	0.0447882	0.00976976	0.00548382	0.00960108	
0.0401106	0.00322963	0.10174	0.0602592	0.412117	0.0492378	0.0197036	0.00869232	0.0498661	0.00794544	0.0258969	0.0471004	0.00391938	0.0437029	0.0348511	0.0103925	0.0405393	0.00467173	0.00695672	0.0290672	
0.0521277	0.00570743	0.0930317	0.0700331	0.0682735	0.0032381	0.0134116	0.0460129	0.0284827	0.0236662	0.030417	0.0382532	0.00218266	0.0204275	0.353306	0.0422871	0.0242491	0.032047	0.0068235	0.0460219	
0.0325801	0.0153424	0.0715467	0.06394	0.0102469	0.0216734	0.0269118	0.272283	0.0238465	0.0588604	0.0634835	0.074323	0.00482963	0.038385	0.0363245	0.0178538	0.0164175	0.106055	0.00777656	0.037321	
0.0467841	0.00771443	0.0899251	0.0671705	0.0664484	0.00269529	0.0136871	0.0431775	0.0310275	0.0223767	0.0334197	0.0360658	0.00210019	0.0177695	0.355954	0.0385416	0.025634	0.042424	0.00924031	0.0478446	
0.0136826	0.0148521	0.0954238	0.0776407	0.0728115	0.0474574	0.0252938	0.0160289	0.0184587	0.0409994	0.0339474	0.0843722	0.00306736	0.0434364	0.0185707	0.0170686	0.291686	0.0351864	0.00816607	0.0418501	
0.0219681	0.0132382	0.0557127	0.0538408	0.00805096	0.00955947	0.0174333	0.468342	0.011537	0.0293425	0.0127243	0.0221111	0.00438156	0.0366315	0.0132451	0.0123346	0.0124718	0.151883	0.00638686	0.0388049	
0.0259947	0.0143127	0.119538	0.339646	0.0646813	0.0115122	0.0151134	0.0560086	0.00720526	0.0475275	0.0366681	0.0613385	0.00502182	0.0194989	0.042566	0.0293111	0.0492048	0.0160863	0.00670975	0.0320555	
0.0330639	0.0103511	0.0864282	0.0655067	0.0594123	0.0121723	0.0214953	0.126609	0.0090727	0.235203	0.0248794	0.0452572	0.00718604	0.0284314	0.0933896	0.0267384	0.00646956	0.05133	0.00755458	0.0494494	
0.0245422	0.0134357	0.396965	0.113976	0.0656197	0.00719665	0.004913	0.0393705	0.0241478	0.0447801	0.0325267	0.0397958	0.00555127	0.0457712	0.0385419	0.0299066	0.0475297	0.00827836	0.0062476	0.0109047	
0.0153419	0.00413435	0.0306639	0.0349547	0.0817929	0.410258	0.0321179	0.0291455	0.0412487	0.0456602	0.0363116	0.066435	0.00521597	0.0406702	0.00354574	0.0185154	0.0484677	0.00681786	0.00744102	0.0412613	
0.0693475	0.0107025	0.0407645	0.0648332	0.076902	0.0354312	0.0398688	0.0279395	0.307841	0.00873879	0.0223848	0.0201825	0.00223563	0.0751056	0.0162525	0.0517108	0.0310336	0.0196468	0.006097	0.0729819	
0.0501924	0.00357501	0.0965694	0.0635049	0.0661599	0.00332241	0.00974507	0.0448165	0.0309937	0.0217686	0.036917	0.0342997	0.00265884	0.0263462	0.368818	0.0314032	0.0222736	0.0320941	0.00753573	0.0470054	
0.0223501	0.012922	0.0531146	0.0594514	0.00865184	0.00858882	0.0181555	0.463966	0.0122723	0.0290242	0.0146685	0.0231236	0.00426388	0.0339587	0.0140635	0.0113765	0.0139378	0.153284	0.00708367	0.035743	
0.0596742	0.0132384	0.0571203	0.0333655	0.078232	0.0359954	0.0310773	0.0374621	0.375099	0.0284814	0.0189094	0.00899091	0.0047777	0.0497321	0.0175116	0.0361305	0.0167908	0.0294379	0.00559478	0.0623788	
0.0415781	0.0128824	0.0931226	0.0739435	0.0248207	0.0472324	0.0164824	0.0392872	0.0243095	0.333894	0.0789114	0.0542176	0.00325886	0.0170638	0.0126036	0.0251898	0.038271	0.0109646	0.00559623	0.0463703	
0.056447	0.0148726	0.0978162	0.0357266	0.0519628	0.0300213	0.00777677	0.0626943	0.0228444	0.0133889	0.0327327	0.0524001	0.00362963	0.294666	0.0155068	0.0460706	0.0549705	0.0540358	0.0101834	0.0422536	
0.0257381	0.0140455	0.0700175	0.0562206	0.00630046	0.0151276	0.0164088	0.469328	0.0226504	0.0396513	0.0149768	0.0181812	0.004943	0.0381325	0.0227594	0.0115897	0.0125942	0.0984024	0.006376	0.0365561	
0.0160505	0.016517	0.0922494	0.0685914	0.064264	0.0474005	0.0252492	0.0170801	0.0127112	0.0430686	0.0328008	0.0469249	0.00224296	0.0442851	0.00945476	0.0279763	0.350016	0.0353827	0.00862783	0.0391072	
0.333153	0.00900024	0.0514422	0.0326041	0.0586259	0.00864474	0.0235013	0.04312	0.053248	0.0420013	0.0331162	0.0507986	0.00304859	0.051855	0.0449081	0.0660296	0.0293819	0.00975091	0.00711417	0.0486565	
0.0617973	0.013964	0.094335	0.030837	0.051011	0.0293475	0.00693158	0.067432	0.0260182	0.0156266	0.034205	0.0492429	0.00440646	0.296174	0.0149006	0.0513397	0.0559225	0.0440994	0.011024	0.0413853	
0.0218521	0.0150782	0.0459515	0.371591	0.0656598	0.0119852	0.0198089	0.0620018	0.0118702	0.0522419	0.0369703	0.0589887	0.00477083	0.0163915	0.0477103	0.0291052	0.045315	0.0251055	0.00905323	0.0485485	
0.0548147	0.00560143	0.0869449	0.0765731	0.0712579	0.00269533	0.0143412	0.0374869	0.0279242	0.0221019	0.0333068	0.0348633	0.00223038	0.0174225	0.353193	0.0408927	0.0257365	0.0388963	0.00682648	0.04689	
0.0564938	0.00707597	0.0363094	0.0593045	0.23375	0.0445424	0.0431887	0.0118821	0.0696149	0.00675403	0.0321965	0.0417951	0.00527858	0.0492993	0.0369201	0.0228775	0.0403577	0.00977517	0.00741353	0.185171	
0.11063	0.00737324	0.046704	0.0191476	0.0449206	0.0123828	0.0712364	0.0349359	0.13182	0.00766148	0.0270553	0.034526	0.00111326	0.0571942	0.107981	0.104324	0.0751484	0.0370035	0.00820805	0.0606336	
0.0486473	0.018534	0.0841884	0.0588798	0.0219854	0.0272302	0.0292424	0.0235169	0.0332617	0.0221905	0.0284263	0.0331979	0.00265353	0.0548297	0.0298334	0.124575	0.274126	0.0454481	0.00781375	0.0314192	
0.0262325	0.0113924	0.0701066	0.0516872	0.00753751	0.0208011	0.0164919	0.433314	0.0226725	0.0959759	0.0188349	0.0162852	0.00548071	0.0310489	0.025119	0.0136875	0.0119672	0.0796196	0.00589964	0.0358462	
0.0127793	0.0137789	0.0967299	0.0651111	0.0658856	0.0471068	0.022474	0.0179873	0.0121344	0.039076	0.0289118	0.0507288	0.00246463	0.0435266	0.0117026	0.0266386	0.350126	0.045784	0.00811496	0.0389389	
0.150258	0.00623465	0.0597305	0.0548332	0.0255179	0.00716076	0.0296282	0.0154267	0.0577158	0.0256653	0.027925	0.0244647	0.00697039	0.0549494	0.0154624	0.24786	0.11356	0.026927	0.00682294	0.0428875	
0.232696	0.00851381	0.04631	0.0421995	0.0197278	0.00852258	0.0287174	0.0278873	0.0633513	0.00809735	0.0251583	0.0351594	0.00289151	0.0630591	0.0351584	0.192706	0.103868	0.0142414	0.00380706	0.037927	
0.0469161	0.00337487	0.023301	0.0582796	0.0431035	0.0295185	0.0237007	0.0825393	0.0498126	0.0465553	0.034689	0.0222057	0.00598276	0.0464975	0.0397816	0.0239056	0.0369959	0.0532523	0.00786422	0.321724	
0.0490755	0.00542664	0.023778	0.0576128	0.0419425	0.0329817	0.0224938	0.0752859	0.0549596	0.0413997	0.0353612	0.0249422	0.00446827	0.0403176	0.0412137	0.021852	0.0388336	0.052095	0.00951899	0.326441	
0.0561925	0.00644376	0.0827194	0.0650586	0.0670681	0.00289512	0.0131715	0.0416719	0.0294492	0.0211803	0.0339534	0.0373411	0.00228529	0.0185257	0.353405	0.0450364	0.0304587	0.0383844	0.00781638	0.0469433	
0.0142271	0.00425004	0.0214406	0.0459235	0.0806226	0.414349	0.0334484	0.0296266	0.0442393	0.0467407	0.0368597	0.0631729	0.00417696	0.039936	0.00380357	0.0133354	0.0481862	0.00518357	0.00669234	0.0437851	
0.333377	0.0100953	0.0458073	0.0341389	0.0556403	0.00809635	0.0235117	0.0396614	0.0609145	0.0444659	0.0329238	0.0467316	0.00230581	0.0486588	0.0464237	0.0642351	0.0301913	0.0110555	0.00766897	0.0540975	
0.0166441	0.0118548	0.0586784	0.0136677	0.0418532	0.0837332	0.171406	0.0725725	0.0287337	0.0432418	0.0421223	0.128264	0.010252	0.0455713	0.0276024	0.0454688	0.0571485	0.0704074	0.0107149	0.0200632	
0.0145776	0.00518759	0.030691	0.0340249	0.077525	0.405354	0.0346377	0.0322423	0.0464224	0.0500287	0.0327306	0.0633441	0.00387136	0.0395545	0.00298364	0.0195051	0.0478149	0.00785244	0.00744818	0.0442041	
0.0187769	0.0126056	0.0512419	0.0540104	0.00991916	0.00989501	0.0196582	0.469252	0.0129506	0.0293653	0.0131417	0.0233731	0.00480052	0.0336372	0.0127499	0.0142229	0.0123405	0.15093	0.00799961	0.0391298	
0.0447897	0.0127569	0.0951875	0.0681999	0.0308067	0.0466029	0.017609	0.0640598	0.0238893	0.253936	0.147308	0.0479836	0.00308299	0.0135039	0.012832	0.0247999	0.0353426	0.0136919	0.00630882	0.0373093	
0.0273475	0.013356	0.0786749	0.0496292	0.00905667	0.0146065	0.0191298	0.240984	0.0185511	0.198439	0.0426266	0.04221	0.00680781	0.0259578	0.0316744	0.0157642	0.0254119	0.0910822	0.00878429	0.039906	
0.0143699	0.0179865	0.0302661	0.0308695	0.0187242	0.00535217	0.0284818	0.081024	0.0333152	0.00936286	0.0288118	0.0515363	0.00585281	0.0522908	0.0409065	0.039449	0.0595608	0.391939	0.0067361	0.053165	
0.0489019	0.00551533	0.0232426	0.053819	0.0392063	0.0259134	0.0229765	0.0753024	0.0501715	0.0441227	0.0349594	0.0264979	0.00507864	0.0468696	0.0424046	0.0236442	0.0415871	0.0495111	0.00965149	0.330624	
0.0155791	0.0128838	0.533035	0.0244767	0.0642419	0.00368284	0.00441264	0.0428721	0.0281928	0.0447654	0.0264499	0.0215935	0.00413152	0.0411837	0.0405431	0.0228737	0.0465988	0.00911016	0.00534587	0.00802763	
0.0408487	0.0139826	0.0613661	0.064302	0.0108894	0.0139707	0.0248576	0.251899	0.0288732	0.0374583	0.0194324	0.0249376	0.00729829	0.0479073	0.0293141	0.027068	0.120455	0.121728	0.00770802	0.0457036	
0.0163305	0.0146154	0.0982004	0.0673371	0.0593284	0.0450958	0.0237859	0.0308477	0.0124947	0.0373515	0.0208768	0.0474673	0.00237837	0.0450824	0.0122979	0.0301822	0.345032	0.0449425	0.00824408	0.0381097	
0.0250948	0.0114309	0.436998	0.051872	0.0626042	0.00592286	0.00570377	0.0404061	0.0204456	0.0401479	0.032956	0.0685667	0.00509049	0.0453361	0.0364557	0.030652	0.0517695	0.010615	0.00661054	0.0113222	
0.185865	0.00555721	0.0637172	0.0558812	0.0110548	0.0121139	0.0256629	0.0267991	0.0524117	0.0204891	0.0281718	0.0542366	0.00469445	0.0614603	0.0433754	0.231878	0.0632707	0.0217812	0.00804894	0.0235306	
0.182897	0.00454564	0.0565024	0.0493005	0.00950796	0.0104114	0.0274199	0.0266304	0.0524549	0.0199867	0.0266677	0.0303022	0.00309391	0.0618245	0.0357716	0.200159	0.146429	0.0229058	0.00471651	0.0284737	
0.0887678	0.0143621	0.0727912	0.0570868	0.0287825	0.0143024	0.028936	0.0144045	0.0519851	0.0282342	0.0287005	0.0220843	0.00291087	0.0596983	0.0433583	0.235144	0.123628	0.0350778	0.00754129	0.0422038	
0.038798	0.00448556	0.108947	0.0592826	0.400027	0.0521827	0.0228354	0.0039451	0.0492522	0.0104705	0.0258356	0.0491443	0.00325363	0.0435231	0.0357345	0.00399408	0.0383018	0.00238336	0.0073458	0.0402577	
0.13367	0.0121454	0.0976913	0.18108	0.0397797	0.0121101	0.0216444	0.0785864	0.0116907	0.0488322	0.0316575	0.0589153	0.00723239	0.0234457	0.0472793	0.0501476	0.0353803	0.0564125	0.00826591	0.044034	
0.0527643	0.0138866	0.0473952	0.0749485	0.0591597	0.0493402	0.0158995	0.0202422	0.00910968	0.0464578	0.0416253	0.351784	0.00951144	0.0479529	0.0258457	0.0408859	0.0252146	0.0372266	0.00709443	0.0236558	
0.0264452	0.0116705	0.0645315	0.0582685	0.00646055	0.0137357	0.0165829	0.475304	0.0201636	0.0394692	0.0146879	0.0185621	0.00536735	0.0404013	0.0206266	0.011307	0.0109202	0.0979032	0.00786984	0.0397227	
0.0459355	0.00270206	0.0977095	0.0711828	0.0759279	0.00397519	0.00948046	0.040976	0.0276445	0.019565	0.035872	0.0378118	0.00216958	0.0248195	0.371538	0.0293707	0.0187514	0.0330093	0.00740957	0.0441497	
0.100464	0.01226	0.0629785	0.0309564	0.0460174	0.0122989	0.0125584	0.0380004	0.109172	0.0133971	0.0291073	0.0297928	0.00233109	0.188996	0.0665204	0.0923858	0.0632308	0.0355084	0.00671589	0.0473088	
0.0451304	0.00863885	0.088558	0.0660162	0.159633	0.035232	0.0192331	0.0646573	0.0306704	0.189104	0.0581876	0.0184861	0.00537651	0.0329536	0.0794856	0.0147133	0.00896443	0.0139474	0.00701774	0.0539938	
0.188292	0.00481302	0.0493734	0.0439657	0.0134347	0.00969117	0.0305067	0.0298367	0.060183	0.0151939	0.0274118	0.0321514	0.0024697	0.060567	0.0394738	0.189829	0.118346	0.0194587	0.00609774	0.0589049	
0.0280029	0.0111932	0.131917	0.335746	0.0643156	0.00973972	0.0149713	0.0537027	0.00830568	0.0478395	0.0356473	0.0608783	0.00374839	0.0253137	0.0389692	0.0284331	0.047001	0.0170851	0.00738234	0.0298074	
0.010178	0.0156026	0.0434372	0.0216746	0.013644	0.00584198	0.0253502	0.307899	0.0203355	0.0691771	0.0332434	0.0362543	0.00543897	0.0358506	0.0233	0.0271977	0.0412554	0.213661	0.00858504	0.0420727	
0.152507	0.0102384	0.0547398	0.0424492	0.025404	0.00236919	0.028653	0.0257953	0.0721635	0.00747268	0.027099	0.0319512	0.0012429	0.101632	0.0514854	0.197003	0.0929707	0.0208166	0.00624866	0.047759	
0.0505518	0.00584444	0.0898259	0.0737801	0.0583594	0.0030833	0.0154571	0.0424409	0.0286697	0.0223036	0.0350227	0.0400949	0.00205738	0.019034	0.355751	0.0418736	0.0247918	0.0381966	0.00548258	0.0473797	
0.054024	0.0105964	0.0256889	0.058308	0.0761925	0.0525243	0.0794344	0.0219306	0.00850979	0.041674	0.0425918	0.192941	0.00764881	0.0395546	0.0329586	0.0212695	0.0251072	0.039714	0.0106085	0.158723	
0.329598	0.00986931	0.0299963	0.04812	0.0524323	0.00969733	0.0244182	0.0450037	0.0624646	0.0402911	0.0344852	0.0514091	0.00290583	0.0528852	0.0368626	0.0663853	0.0313639	0.00831813	0.00880469	0.0546896	
0.0779964	0.0111132	0.238545	0.17297	0.0514084	0.0122855	0.0070769	0.0443602	0.0188781	0.0454876	0.0335745	0.0977258	0.00439207	0.0499376	0.0316875	0.0387019	0.0385458	0.010321	0.00536554	0.00962733	
0.0801276	0.00895897	0.0729749	0.0703912	0.0282045	0.0375529	0.0270172	0.0507211	0.0378429	0.0424617	0.0387214	0.0866572	0.082291	0.0529054	0.0403204	0.140725	0.0239514	0.0483967	0.0095714	0.0202071	
0.0547145	0.00522718	0.0701144	0.078041	0.0467398	0.136983	0.0364775	0.014556	0.020746	0.0370512	0.0393833	0.206998	0.0146047	0.0540865	0.00304432	0.0964815	0.0131646	0.0265651	0.0088541	0.0361668	
0.0112736	0.0175605	0.0310376	0.0284631	0.0161254	0.00421425	0.0289015	0.155959	0.0307219	0.0134908	0.0175371	0.0398406	0.00551099	0.0475099	0.036382	0.0339026	0.0492814	0.375712	0.00647921	0.0500967	
0.0463267	0.211534	0.0887024	0.0670881	0.010763	0.00767022	0.0208924	0.0736655	0.0399457	0.046087	0.0399515	0.053207	0.0067877	0.0511947	0.00981175	0.086155	0.0640469	0.0549538	0.0041027	0.0171138	
0.0647475	0.0105257	0.0526328	0.0380005	0.0831894	0.0348349	0.0335844	0.0191535	0.345376	0.0209585	0.02534	0.00909149	0.00359834	0.0776491	0.0176728	0.0414478	0.020153	0.0247171	0.00455136	0.0727758	
0.0111089	0.0141817	0.0562252	0.0270552	0.0204983	0.00597246	0.0228903	0.239657	0.0234893	0.111022	0.0611936	0.0447118	0.00692502	0.0349076	0.0400841	0.0291321	0.0392301	0.164849	0.00687049	0.0399961	
0.0411381	0.0141971	0.0994946	0.0693046	0.0173221	0.0472268	0.00971831	0.0380975	0.0266015	0.337352	0.0825958	0.0489939	0.00324539	0.0245745	0.0122599	0.0278468	0.0410951	0.0125561	0.00723492	0.0391453	
0.0167658	0.0135561	0.0394907	0.0493128	0.00458436	0.00704272	0.0179594	0.4118	0.0202767	0.0335716	0.0139643	0.0159118	0.00478793	0.0346717	0.0188105	0.0133885	0.0164197	0.216691	0.00791126	0.0430825	
0.0129544	0.00404743	0.0251472	0.0431505	0.0795712	0.422352	0.0326782	0.0312779	0.044183	0.046682	0.036391	0.0587902	0.00387615	0.0378543	0.00383947	0.0139561	0.0495655	0.00566425	0.00611431	0.0419052	
0.05415	0.0145618	0.0448368	0.0747565	0.0699861	0.0507914	0.0170393	0.0199784	0.0073307	0.0429341	0.0409418	0.350099	0.00830438	0.0462544	0.0325119	0.037282	0.0228772	0.0325076	0.00765376	0.025203	
0.0742206	0.0187286	0.0394595	0.0711593	0.0405937	0.0472688	0.0149863	0.0192005	0.0094339	0.0376236	0.0383423	0.219731	0.01575	0.0550576	0.0330262	0.181373	0.0175924	0.0391673	0.0092007	0.0180842	
0.0159666	0.0136961	0.526886	0.0265054	0.0660331	0.00320685	0.00497052	0.0456461	0.0281642	0.0408489	0.0265629	0.0236429	0.00307407	0.0395051	0.0436018	0.022424	0.0448267	0.00883342	0.00618774	0.00941709	
0.0360558	0.0119418	0.100621	0.0653952	0.0212518	0.0432082	0.0152046	0.0714947	0.0214716	0.301978	0.117403	0.0468208	0.00377204	0.0146089	0.0141118	0.0210503	0.0347829	0.0184852	0.00506839	0.035274	
0.0364442	0.00121616	0.0819725	0.0692699	0.0487771	0.00451125	0.00561053	0.104483	0.0269761	0.159437	0.0473602	0.0464942	0.0499201	0.0427699	0.0353553	0.0161437	0.115436	0.0496307	0.0074356	0.0507571	
0.0303814	0.0128599	0.268987	0.219524	0.06806	0.00872464	0.00977774	0.044098	0.00777008	0.0450623	0.0343031	0.0636976	0.00539306	0.0309692	0.0367899	0.0275605	0.044716	0.010608	0.00709005	0.023628	
0.0523839	0.0035999	0.0844327	0.0624498	0.0623822	0.00491537	0.00762353	0.0762173	0.0317757	0.0768181	0.0338853	0.036272	0.00336978	0.0395036	0.2253	0.069663	0.0363996	0.0370253	0.00859969	0.0473836	
0.0543493	0.00461546	0.0930392	0.0700281	0.0635544	0.00309863	0.0148318	0.0399642	0.0300579	0.0209987	0.037135	0.0345296	0.00254421	0.0178727	0.348249	0.0437912	0.0262117	0.0390751	0.00708765	0.048966	
0.0126397	0.0189801	0.0223143	0.0471783	0.013476	0.00548304	0.0268254	0.0879966	0.0304388	0.0158	0.0289098	0.0500743	0.00688433	0.0504396	0.0366805	0.0394756	0.0576889	0.387654	0.0096419	0.0514193	
0.0130556	0.0179316	0.0288294	0.0311513	0.0196627	0.00651795	0.0263332	0.0747807	0.0337342	0.0105155	0.0300296	0.0457415	0.0065865	0.0499232	0.0419667	0.0432704	0.060468	0.399039	0.00746137	0.0530015	
0.145704	0.00664978	0.0581208	0.04591	0.0286732	0.00553557	0.0258829	0.0192126	0.0579807	0.0224856	0.033368	0.0306505	0.00586567	0.0654171	0.0431449	0.259021	0.0700423	0.0249381	0.00772077	0.0436764	
0.141407	0.00924305	0.0591636	0.0428186	0.0189667	0.00173681	0.0295318	0.0336297	0.0600857	0.019682	0.0248688	0.0266472	0.00425872	0.0714513	0.041975	0.174313	0.159768	0.0325934	0.00524905	0.0426101	
0.0260833	0.0159442	0.0319876	0.303781	0.0463816	0.00748829	0.0213948	0.104034	0.0119568	0.0464671	0.0328453	0.0515443	0.00700351	0.0185776	0.0437868	0.0371177	0.0443324	0.0887112	0.00784481	0.0527185	
0.133188	0.014425	0.19095	0.114451	0.0451812	0.00948682	0.0181941	0.0799814	0.0329967	0.044495	0.0347514	0.0585819	0.00313302	0.0462605	0.0443464	0.025082	0.0138707	0.0470364	0.0076387	0.0359505	
0.187501	0.0103788	0.0704939	0.0478085	0.0694648	0.141154	0.027078	0.045433	0.037709	0.0513207	0.0413869	0.0738175	0.00322973	0.058641	0.0213914	0.0271782	0.0130665	0.0102165	0.0100544	0.0526764	
0.0523256	0.0100136	0.093891	0.0688553	0.124143	0.0124098	0.00651917	0.0543795	0.0284927	0.0750611	0.0377495	0.0379324	0.0022599	0.0361089	0.207421	0.0429882	0.0312031	0.0103604	0.00993157	0.0579548	
0.0482632	0.00363989	0.0854227	0.0691811	0.0617099	0.00203447	0.0187709	0.0227656	0.0351987	0.0326336	0.0332808	0.0161345	0.00457468	0.0305081	0.364063	0.0583348	0.0141818	0.0373416	0.00869201	0.0532691	
0.0498531	0.0102785	0.0834331	0.0700532	0.149676	0.0318588	0.0201091	0.0593313	0.0297738	0.189368	0.028905	0.0454807	0.00694613	0.0370705	0.0635927	0.0157299	0.0365451	0.01313	0.0043389	0.054527	
0.29676	0.00896318	0.0291274	0.043668	0.0445549	0.00568542	0.0279993	0.0317657	0.0644379	0.0275477	0.0295431	0.0430935	0.00227674	0.0582314	0.0392807	0.101045	0.0837313	0.00625118	0.00580024	0.0502368	
0.0696982	0.0101523	0.185046	0.144917	0.0579554	0.079166	0.0198508	0.0380181	0.012641	0.0417234	0.0356809	0.0776972	0.00748755	0.0800893	0.0183142	0.0415097	0.0368736	0.00949804	0.00730651	0.0263744	
0.259307	0.0133116	0.040374	0.0288972	0.0243676	0.00717392	0.0281292	0.0258992	0.0599128	0.0192305	0.032607	0.0463316	0.00302029	0.0643099	0.0444161	0.187801	0.0599566	0.00711277	0.00530685	0.0425343	
0.0429436	0.0108215	0.0954404	0.073268	0.0298199	0.0427563	0.0167181	0.0432523	0.0243703	0.330393	0.0707298	0.0501786	0.00314527	0.0169188	0.0134749	0.0297371	0.0460062	0.0131076	0.00492346	0.0419951	
0.0165585	0.00981401	0.0444677	0.0897893	0.0720546	0.321864	0.0451934	0.0304274	0.0425953	0.0441237	0.0388675	0.0696169	0.00766789	0.0451125	0.00895221	0.0269165	0.0547987	0.00572054	0.00807333	0.0173856	
0.0260553	0.0160043	0.0766903	0.052952	0.00780304	0.0161549	0.0172465	0.42143	0.0201528	0.101012	0.0202788	0.0181506	0.00588779	0.0323346	0.0242477	0.0131428	0.0100069	0.0772172	0.00629847	0.0369333	
0.0256619	0.0113486	0.0198036	0.07476	0.117081	0.0439341	0.031276	0.0415189	0.0401164	0.0472731	0.03707	0.0838215	0.05706	0.0494983	0.0440341	0.129151	0.040536	0.0398539	0.00825412	0.0579474	
0.0388696	0.00292816	0.100502	0.0626625	0.40506	0.0499259	0.0210136	0.00829867	0.0472092	0.00717465	0.0285209	0.0498662	0.00308213	0.0418995	0.0369312	0.00954246	0.0442706	0.00520443	0.0071561	0.0298819	
0.0320414	0.0133758	0.0978581	0.0682952	0.0387624	0.0312809	0.0158545	0.130761	0.022575	0.27062	0.0588384	0.0433425	0.00350872	0.0169063	0.0222123	0.0237363	0.034427	0.0267102	0.00578469	0.0431096	
0.0228763	0.0120821	0.0453196	0.370475	0.0648864	0.00980356	0.0184511	0.0632545	0.0119143	0.053479	0.0372226	0.0518199	0.00666957	0.0187539	0.0441404	0.0337737	0.0478593	0.0243519	0.0101157	0.0527514	
0.0127707	0.0159034	0.100218	0.0700171	0.0614205	0.0463566	0.0233366	0.0148674	0.012311	0.0400954	0.0314773	0.0476585	0.00258435	0.0469259	0.00984665	0.027265	0.353807	0.0361405	0.00829634	0.0387015	
0.337041	0.0104314	0.0304721	0.0465256	0.0654817	0.0105628	0.0294897	0.0421023	0.0545485	0.03896	0.0366967	0.0484835	0.0023659	0.0450304	0.0390973	0.0636606	0.0313602	0.00916063	0.00780845	0.0507208	
0.0383206	0.0125161	0.0929653	0.0746931	0.0131574	0.0389135	0.0167832	0.0820975	0.0263387	0.324343	0.054967	0.0438437	0.00563593	0.0292626	0.021098	0.0181633	0.0395368	0.0205579	0.00330814	0.0434981	
0.0695834	0.0113011	0.0934614	0.143087	0.0619356	0.158918	0.0257108	0.0367255	0.0374926	0.0486007	0.0384697	0.0785101	0.0103588	0.0543968	0.00354715	0.0430003	0.036264	0.00833145	0.00424927	0.0360562	
0.106893	0.00853982	0.0691761	0.0639733	0.0367225	0.0145585	0.0268544	0.0198674	0.0379511	0.0321533	0.037413	0.109034	0.0134693	0.0511372	0.0112415	0.237626	0.0434144	0.0340646	0.0101135	0.0357977	
0.0189318	0.0127616	0.0542446	0.0474566	0.00455142	0.0109793	0.0166148	0.476637	0.0157198	0.0363554	0.0144932	0.0163248	0.00445951	0.0316744	0.0169997	0.0101919	0.0124383	0.154629	0.0068122	0.0377254	
0.0155532	0.00426649	0.024469	0.0438015	0.0789748	0.411996	0.0326021	0.0310629	0.0441134	0.0497502	0.0389136	0.0613686	0.00459619	0.0369291	0.00423859	0.0128393	0.0498811	0.00668934	0.00629465	0.0416598	
0.0133855	0.0184382	0.021552	0.0446811	0.0121359	0.00558535	0.0244475	0.0940833	0.0322832	0.015606	0.0297576	0.04548	0.00667607	0.0481764	0.0372811	0.0387676	0.0561389	0.392365	0.0082624	0.054897	
0.0357685	0.011705	0.209179	0.262171	0.0566986	0.0104579	0.00590636	0.04399	0.0148797	0.0446678	0.0323183	0.0913362	0.00404696	0.0446269	0.0295431	0.0296755	0.0457516	0.00966095	0.0067747	0.0108424	
0.0353456	0.0127765	0.224169	0.168688	0.0572602	0.0151956	0.0138254	0.0423273	0.0111401	0.037346	0.0319261	0.064602	0.00638894	0.119909	0.0308439	0.0364945	0.0454956	0.0108207	0.00696371	0.0284822	
0.34066	0.00794797	0.0511056	0.031768	0.0533061	0.0102781	0.0248547	0.037922	0.0563506	0.0361776	0.033029	0.0502943	0.00288319	0.0503945	0.0448615	0.0648343	0.030852	0.00994237	0.00725571	0.0552826	
0.0417723	0.00323508	0.0960836	0.0621542	0.404338	0.0564551	0.0224046	0.00751794	0.0462736	0.00865432	0.0277505	0.0497437	0.00402368	0.0419516	0.0373122	0.0102856	0.0369513	0.00457944	0.0063197	0.0321932	
0.0554215	0.0493359	0.0236944	0.0641749	0.153856	0.0265959	0.018737	0.0415598	0.0583758	0.0393363	0.0345596	0.0210628	0.00677716	0.0543273	0.0515131	0.0673611	0.0427555	0.0278654	0.00780682	0.154884	
0.13739	0.00995321	0.044041	0.0428917	0.0193585	0.0106745	0.0375338	0.0331293	0.05679	0.0185297	0.0242765	0.0216814	0.00352297	0.064529	0.0426581	0.171944	0.180916	0.0347016	0.00589745	0.0395805	
0.0425964	0.0111397	0.0936072	0.0707747	0.0330688	0.0414889	0.0181707	0.0684189	0.0247158	0.325358	0.051941	0.0503478	0.00355838	0.0170619	0.0181205	0.0255818	0.0393923	0.0158145	0.00677342	0.0420689	
0.307268	0.00777635	0.041344	0.0333439	0.0439048	0.00597697	0.0273276	0.029788	0.0548449	0.0277204	0.0331932	0.0418974	0.00177707	0.0548749	0.0353606	0.107933	0.0830475	0.00720903	0.00783345	0.0475785	
0.0499911	0.00320629	0.0899953	0.0696047	0.0650205	0.00270197	0.00978228	0.0480723	0.0259768	0.0220596	0.0333144	0.0375581	0.00294743	0.0284569	0.366415	0.031817	0.0250115	0.0357237	0.00905441	0.0432907	
0.0790098	0.0118312	0.271812	0.144668	0.0542759	0.012587	0.00556628	0.0437573	0.018272	0.0412738	0.0321609	0.0964284	0.00537459	0.0533573	0.0346829	0.0371243	0.0319974	0.0105184	0.00563681	0.00966553	
0.0195308	0.0124076	0.0529756	0.054944	0.00537021	0.00996242	0.0168961	0.472695	0.0136573	0.0380703	0.0134681	0.0175674	0.00417728	0.0320282	0.0165944	0.0106024	0.0122999	0.153796	0.00639353	0.0365633	
