0.0630578	0.0034945	0.0682696	0.0716464	0.0500597	0.0103343	0.0344813	0.0364797	0.0336299	0.0214263	0.0228011	0.0331833	0.0287333	0.0572315	0.207312	0.0563421	0.10329	0.0554151	0.0147136	0.0280982	
0.0279332	0.00338191	0.0505681	0.0355589	0.0199713	0.0148557	0.0291509	0.144803	0.0534415	0.0332601	0.0151437	0.0338474	0.043624	0.0469847	0.0343045	0.0289631	0.0526329	0.280309	0.0306535	0.0206128	
0.0484139	0.00114063	0.0528759	0.0627521	0.221303	0.099351	0.0177612	0.0382361	0.043726	0.00494278	0.0495476	0.0417626	0.0268549	0.0615268	0.0297507	0.0157126	0.0891027	0.0112346	0.0264152	0.0575899	
0.0516499	0.00115953	0.0568592	0.0668303	0.204102	0.0964202	0.0293932	0.0178862	0.0479653	0.0313763	0.0659317	0.0595725	0.0393399	0.051339	0.0288726	0.0209927	0.0702251	0.014333	0.0292019	0.0165492	
0.0433744	0.00322635	0.272993	0.0599281	0.0769302	0.0157927	0.00883041	0.0311147	0.0536073	0.0238942	0.0547362	0.0278953	0.0353506	0.0641004	0.0344418	0.0340409	0.0919185	0.0217485	0.0313335	0.0147429	
0.0268603	0.00230916	0.0374718	0.0387395	0.00437862	0.00500489	0.0342862	0.362928	0.0522572	0.0830404	0.00892877	0.0133046	0.0362795	0.0310979	0.0124494	0.0143629	0.0275601	0.172403	0.0148479	0.0214898	
0.123311	0.00245736	0.0633839	0.0618898	0.0430675	0.0131708	0.038359	0.0156235	0.0647543	0.0212062	0.0426464	0.0183949	0.0420009	0.0581309	0.0542817	0.118992	0.148364	0.0247041	0.0203412	0.0249213	
0.0372329	0.00213848	0.0482741	0.042715	0.00739516	0.0128659	0.0319997	0.35587	0.0561344	0.0643362	0.00916963	0.0124666	0.0388926	0.0400659	0.0183653	0.0139882	0.0268673	0.140581	0.0179859	0.0226557	
0.00747287	0.000615445	0.00834928	0.00873292	0.171579	0.420966	0.011619	0.0111537	0.0167566	0.00890293	0.051819	0.129082	0.0218753	0.0336417	0.00171376	0.00637136	0.0707191	0.00199533	0.00718631	0.0094493	
0.0620892	0.00371629	0.0919003	0.0705818	0.0668002	0.0492482	0.00887497	0.0202373	0.0702821	0.0287595	0.0582203	0.136892	0.0395695	0.0655168	0.0373553	0.0227513	0.0777102	0.0401852	0.0357148	0.0135952	
0.0272574	0.0035075	0.0300037	0.0774251	0.0227473	0.0851211	0.0337736	0.0213633	0.0706182	0.0139464	0.0429612	0.0612388	0.0425358	0.0492488	0.0327179	0.0287445	0.0798528	0.193034	0.0613529	0.0225494	
0.123581	0.0024318	0.0661917	0.038333	0.0489752	0.0327228	0.0417118	0.0271328	0.0597028	0.0175959	0.0417859	0.0337414	0.0914689	0.0411148	0.0428999	0.107249	0.126631	0.0141606	0.0204045	0.0221653	
0.0397768	0.00243207	0.0461666	0.050506	0.00899634	0.0178538	0.027047	0.271375	0.0522186	0.12405	0.0166965	0.0230467	0.0263632	0.0323264	0.0115637	0.0222584	0.0410466	0.141415	0.0184722	0.0263891	
0.00796912	0.000776154	0.00991512	0.0077316	0.174203	0.420642	0.0115347	0.0106066	0.0148958	0.00835673	0.0515787	0.128003	0.0229437	0.0336087	0.00146248	0.0062205	0.0698351	0.00192642	0.00811273	0.00967813	
0.0685358	0.00310479	0.0666336	0.0815463	0.0652887	0.0120104	0.0304855	0.0217519	0.0419719	0.0170778	0.0462099	0.0483212	0.0282911	0.0582987	0.246955	0.0178295	0.0485557	0.0472147	0.0174873	0.0324307	
0.0328634	0.00241177	0.046546	0.0351229	0.0091412	0.00782084	0.0316844	0.357442	0.0477222	0.0665655	0.00743384	0.0157784	0.0383283	0.0355618	0.0129702	0.0148373	0.0238257	0.173536	0.0174939	0.0229147	
0.0277931	0.0026034	0.0492823	0.0299761	0.0148879	0.0083823	0.0297783	0.238422	0.0500726	0.058368	0.00821721	0.0228572	0.0424012	0.0394946	0.0234231	0.0287568	0.036913	0.248711	0.017518	0.0221418	
0.0498237	0.00258151	0.0612155	0.0614328	0.149608	0.0918105	0.0265625	0.0514499	0.0274348	0.0161346	0.0991952	0.0426577	0.0326663	0.0605862	0.0144101	0.0350008	0.103123	0.0133191	0.0324983	0.0284896	
0.0339043	0.00291546	0.0202024	0.298225	0.059279	0.0226978	0.042548	0.036547	0.0420691	0.0321713	0.0545306	0.0513422	0.0339144	0.0319439	0.0406682	0.027808	0.0833225	0.0265499	0.0332952	0.0260654	
0.051474	0.00353089	0.0576737	0.0747796	0.0114442	0.0408323	0.0247698	0.116894	0.0528338	0.21349	0.0257133	0.0432562	0.0320713	0.0399429	0.0251364	0.0203033	0.0666394	0.0569878	0.0138675	0.0283598	
0.0399954	0.000700318	0.0459754	0.0502142	0.294798	0.13093	0.0186818	0.0141026	0.0380171	0.00328803	0.049082	0.0561289	0.0208076	0.0544372	0.0256459	0.0120295	0.0816538	0.0067678	0.0217737	0.0349699	
0.0281909	0.00165939	0.0257225	0.0185934	0.141391	0.35285	0.0153758	0.0139363	0.0278893	0.0158311	0.0548456	0.117938	0.0302692	0.0401788	0.00298378	0.01279	0.0604132	0.00674719	0.0188232	0.0135715	
0.0386335	0.00243024	0.275114	0.0560576	0.0725598	0.016826	0.00972506	0.0422651	0.0534308	0.025511	0.0532243	0.0266866	0.0339273	0.0623621	0.0327771	0.0360072	0.090288	0.0250994	0.0332867	0.0137885	
0.0267936	0.0027255	0.0650992	0.0394883	0.0107705	0.00862977	0.0300831	0.229246	0.0516404	0.0473194	0.0179501	0.0234399	0.0374019	0.0413263	0.0262626	0.0270336	0.0416075	0.229291	0.021893	0.021998	
0.0469367	0.00202424	0.0473071	0.0352945	0.0160089	0.00703837	0.0305168	0.238152	0.0500715	0.0591282	0.00865342	0.0232371	0.0412812	0.0372413	0.0265635	0.0274022	0.0329835	0.230495	0.0170087	0.0226549	
0.120478	0.0018336	0.112417	0.0819867	0.0820852	0.00664918	0.0100194	0.0281828	0.0496636	0.015604	0.056187	0.0243416	0.0293471	0.12138	0.0464532	0.0539507	0.073497	0.0131399	0.0233156	0.0494681	
0.0136174	0.00154097	0.0562425	0.0547861	0.118769	0.115828	0.0249783	0.01769	0.0293609	0.0185185	0.0432882	0.0152332	0.00867428	0.0464873	0.00926233	0.00982023	0.329628	0.0277564	0.0383019	0.020217	
0.208628	0.00364372	0.0415462	0.0818831	0.0490091	0.0138166	0.0280109	0.0508329	0.0576847	0.0305302	0.0591598	0.044354	0.029633	0.0620224	0.051118	0.0243335	0.0344127	0.0690594	0.0280906	0.0322308	
0.183198	0.00332996	0.0890332	0.0826936	0.0605321	0.0266002	0.025589	0.0339751	0.0636245	0.0220204	0.0568264	0.0413103	0.0277156	0.0744714	0.0501671	0.0316191	0.0399221	0.0293191	0.0267895	0.0312631	
0.0267879	0.00117271	0.012903	0.0419335	0.116646	0.225276	0.00533873	0.00813488	0.0156836	0.0142093	0.0618284	0.305973	0.0384651	0.035558	0.0155371	0.00996073	0.0104431	0.0210641	0.0264752	0.00661037	
0.0262786	0.000699185	0.0371421	0.0366298	0.334054	0.180868	0.01583	0.00894733	0.027237	0.00298819	0.0485623	0.076331	0.0210906	0.0450848	0.0171094	0.00661547	0.0777192	0.00441785	0.0184858	0.0139103	
0.0701062	0.00267476	0.0701293	0.0811304	0.0586775	0.010093	0.0318119	0.0328206	0.0580364	0.0131919	0.0399919	0.0402124	0.0206582	0.0446916	0.239214	0.0326116	0.0667076	0.0477747	0.0111414	0.028325	
0.17762	0.00246544	0.0737738	0.0496604	0.049588	0.00851657	0.0366244	0.0232741	0.0566998	0.0170927	0.0482381	0.0311329	0.0394883	0.0668657	0.0449783	0.105635	0.10687	0.0124058	0.0209712	0.0280994	
0.0553978	0.0037217	0.0660559	0.0748917	0.0197402	0.0566499	0.013771	0.0404769	0.0548894	0.227615	0.0548152	0.0516716	0.0208004	0.0460539	0.0161195	0.0312463	0.0782333	0.0268432	0.03028	0.0307272	
0.199799	0.0028555	0.0758533	0.0539036	0.0521098	0.0103706	0.031083	0.024705	0.0610597	0.0206828	0.0536496	0.035229	0.0346173	0.069739	0.0440471	0.0866653	0.0694549	0.017472	0.027293	0.02941	
0.0144681	0.00176784	0.0530575	0.0543618	0.114074	0.115298	0.0242451	0.0179487	0.0307873	0.0190312	0.0466903	0.0131258	0.00727604	0.0483615	0.0104648	0.00931206	0.3292	0.0285158	0.0406791	0.0213349	
0.00773748	0.000356343	0.00724472	0.011072	0.171282	0.417577	0.0133599	0.0116899	0.0163801	0.00852448	0.0516777	0.12801	0.0219919	0.0319469	0.00160856	0.00542721	0.0733597	0.00253811	0.00888803	0.00932833	
0.118363	0.00226159	0.0645531	0.0517381	0.0388593	0.0143717	0.0446002	0.0412186	0.0673905	0.0194501	0.0256521	0.02538	0.0702709	0.0499293	0.0492369	0.118261	0.117712	0.0433671	0.0154699	0.0219143	
0.149999	0.0019416	0.0845612	0.058677	0.0472397	0.00659488	0.0322156	0.0248502	0.0535072	0.0195033	0.0458796	0.0290213	0.0371206	0.072022	0.0487592	0.120919	0.108928	0.0124018	0.0188675	0.0269914	
0.00718647	0.000418191	0.00983164	0.00861997	0.172585	0.418499	0.0118394	0.0100124	0.0163808	0.00933911	0.0513104	0.129528	0.0223774	0.0328816	0.00144247	0.00673566	0.0700623	0.0021676	0.00891022	0.00987299	
0.0355436	0.00257424	0.0486999	0.0455065	0.0135705	0.0149808	0.0333013	0.333006	0.0701214	0.0706222	0.010805	0.0181626	0.0354107	0.0368566	0.0131069	0.0173145	0.0276013	0.132964	0.0183731	0.0214786	
0.00794566	0.000565256	0.0099908	0.00967237	0.170307	0.418913	0.0115946	0.0110422	0.0156617	0.00815128	0.0520523	0.129882	0.0227987	0.0322073	0.00160989	0.00681418	0.0697057	0.00231246	0.00965378	0.00911908	
0.0572523	0.00234761	0.0372912	0.0786854	0.0348687	0.0395665	0.0132338	0.0638133	0.0615525	0.0354757	0.0502927	0.0184838	0.0368799	0.0564251	0.0423607	0.0206908	0.081219	0.0592711	0.0342384	0.176051	
0.0694404	0.00370635	0.0628251	0.0892798	0.0581097	0.0361787	0.04181	0.0466951	0.151701	0.0290311	0.0600203	0.0293247	0.0497957	0.0480404	0.0935401	0.010887	0.0261886	0.0493771	0.0152123	0.0288363	
0.0273907	0.000397086	0.0253819	0.0437538	0.0998587	0.261475	0.0138269	0.0164416	0.0287644	0.0168209	0.0587445	0.223991	0.0405811	0.0363319	0.0049126	0.0157458	0.00990361	0.0289586	0.0328417	0.0138775	
0.0852773	0.0016703	0.0742172	0.0668804	0.0411904	0.0141787	0.0333074	0.0264272	0.0555713	0.0329535	0.0503635	0.0232691	0.0492556	0.0597144	0.0139063	0.215918	0.0605987	0.0447385	0.0277852	0.0227768	
0.045617	0.00301987	0.0617064	0.0504056	0.0409276	0.0349	0.0290923	0.239959	0.0728431	0.0340363	0.0192611	0.0269456	0.0346303	0.0536902	0.0163381	0.0344935	0.0778235	0.076561	0.0238262	0.0239229	
0.0294973	0.000440808	0.0396303	0.037336	0.328273	0.175608	0.0175216	0.00925826	0.0305917	0.00299588	0.0442692	0.0749575	0.0217793	0.0442892	0.0206355	0.00732289	0.0773075	0.00545263	0.0184292	0.0144038	
0.074913	0.00267291	0.0462525	0.107134	0.0525199	0.065759	0.130712	0.0222632	0.0655327	0.01119	0.0548684	0.0390478	0.0367409	0.0514374	0.0335179	0.051259	0.0845461	0.0202695	0.0291144	0.020249	
0.0677589	0.00284429	0.0708026	0.0803906	0.0624198	0.0110297	0.0320616	0.0307153	0.0584752	0.0125347	0.0382803	0.0392128	0.019568	0.0435676	0.242748	0.0334231	0.0685597	0.0463921	0.0105065	0.0287089	
0.0252306	0.00274985	0.0677477	0.03416	0.00869722	0.00678935	0.0286308	0.273056	0.0481924	0.0546261	0.0134507	0.0191648	0.0388083	0.0411428	0.0239923	0.024714	0.0384498	0.211873	0.0164406	0.0220839	
0.0335014	0.00271475	0.045894	0.0412816	0.00776164	0.0104242	0.032468	0.356016	0.0563581	0.0812307	0.00964005	0.0113918	0.0359679	0.034481	0.0141033	0.012654	0.0266307	0.151099	0.0146136	0.0217682	
0.0623987	0.00319812	0.0517868	0.0635744	0.0736932	0.078481	0.0193458	0.0493956	0.0521778	0.0164629	0.0515137	0.0790115	0.20157	0.022945	0.0213894	0.0211319	0.0246591	0.050372	0.0339848	0.0229085	
0.0592765	0.00215482	0.0712294	0.0434422	0.0934188	0.0797667	0.00437955	0.037563	0.0559733	0.0129922	0.0555732	0.0469633	0.0181756	0.199605	0.0179439	0.0302985	0.0837505	0.029402	0.0331922	0.0248992	
0.0267279	0.000495186	0.037946	0.0376257	0.326795	0.180932	0.0188132	0.00884784	0.0297481	0.0029533	0.0473565	0.0766862	0.0227664	0.0462149	0.0169242	0.00737246	0.0777428	0.00416017	0.0168053	0.0130871	
0.0519339	0.00246058	0.0545576	0.0635221	0.087079	0.105786	0.0206684	0.00825812	0.0283504	0.0142085	0.230139	0.0822247	0.0366258	0.0519965	0.0174835	0.0245857	0.0379897	0.0148336	0.0459517	0.0213451	
0.0534252	0.00349843	0.0647815	0.0753605	0.0370239	0.0554172	0.0225932	0.0382283	0.0523509	0.225567	0.0526407	0.0479317	0.0182357	0.0301445	0.0165476	0.0322923	0.0862668	0.0255257	0.0299838	0.0321847	
0.0185095	0.0023556	0.0638961	0.0524092	0.049524	0.0696292	0.0247636	0.0354375	0.094287	0.0256336	0.0552165	0.0537028	0.031828	0.0540194	0.00685647	0.0241244	0.0993781	0.0755027	0.140837	0.0220894	
0.00787711	0.000276061	0.00961802	0.00812771	0.172827	0.419775	0.011818	0.0109303	0.0168004	0.00805303	0.0524584	0.128336	0.0223459	0.0333816	0.00177758	0.00580161	0.0688759	0.00254959	0.00831012	0.0100603	
0.0917006	0.00283522	0.0714997	0.079619	0.0609742	0.0265389	0.0362757	0.0322357	0.0660772	0.0111681	0.0507179	0.0400205	0.0523122	0.090083	0.0612854	0.0505286	0.0698858	0.042259	0.0360525	0.0279307	
0.0276602	0.000348733	0.0359595	0.0383444	0.328476	0.175582	0.0195366	0.00912196	0.0300803	0.00286793	0.0467051	0.076921	0.0218801	0.0451913	0.0187213	0.00730163	0.0763837	0.00430638	0.0204522	0.0141595	
0.0139502	0.00237277	0.0516712	0.0550161	0.119972	0.112377	0.0276201	0.0174822	0.0343139	0.0183093	0.0455177	0.00976078	0.00905833	0.0453514	0.0144986	0.00692366	0.32418	0.0300954	0.0393322	0.0221965	
0.0313578	0.00175981	0.0177998	0.0470952	0.106488	0.202122	0.00589495	0.0105983	0.0268468	0.0175988	0.0601495	0.289346	0.0385909	0.0362172	0.0192522	0.0106096	0.0141727	0.0268633	0.0286417	0.00859544	
0.00752661	0.000275174	0.00651958	0.00963778	0.173361	0.419045	0.0117107	0.00992437	0.015658	0.00787905	0.0537402	0.131758	0.0220935	0.0317573	0.0019171	0.00544649	0.0704146	0.0024962	0.00887401	0.00996509	
0.0883738	0.00345522	0.203917	0.0424563	0.0690007	0.0145703	0.0102465	0.0380517	0.0508491	0.0222818	0.0543553	0.0587188	0.0386078	0.0730805	0.0386014	0.0532784	0.0747313	0.0198676	0.026514	0.0190422	
0.0070854	0.000262049	0.00722333	0.00773634	0.175038	0.426845	0.01235	0.00991102	0.015839	0.00777933	0.0512948	0.128286	0.0227281	0.0323691	0.00140754	0.00596064	0.0694328	0.00253649	0.00668546	0.00922982	
0.0153785	0.00231825	0.054965	0.0541908	0.112487	0.111249	0.0309171	0.0162916	0.0352881	0.0201355	0.0446695	0.0102895	0.00910034	0.0459248	0.0125059	0.00734537	0.331427	0.0288005	0.036671	0.0200454	
0.00750394	0.000496932	0.0068469	0.0105797	0.171741	0.421555	0.0125561	0.00997451	0.0158146	0.00838188	0.0523198	0.130911	0.0227455	0.0315972	0.00184877	0.00552346	0.0678323	0.00286072	0.0086574	0.0102531	
0.0606596	0.00331489	0.061335	0.0997783	0.0526008	0.0337021	0.036612	0.0294808	0.220762	0.0292677	0.0463735	0.013918	0.0459416	0.0371237	0.0322871	0.0339871	0.0433472	0.0548911	0.0347766	0.0298407	
0.0618343	0.00200702	0.0738368	0.0691308	0.0249869	0.0260051	0.0371628	0.0410312	0.0576787	0.0323573	0.0492031	0.0367784	0.0374464	0.0583347	0.0347579	0.203486	0.0621003	0.0497434	0.0268739	0.0152453	
0.036535	0.00235696	0.0457106	0.0449726	0.00839219	0.0113031	0.034385	0.361752	0.054747	0.0645801	0.00880191	0.0127128	0.0367323	0.0377959	0.0190979	0.0126873	0.0267383	0.14244	0.0168498	0.0214088	
0.0837368	0.00259499	0.0552012	0.068183	0.0488854	0.0369683	0.0371773	0.0460068	0.0601752	0.0319781	0.0767626	0.0528249	0.118771	0.0221117	0.0360359	0.0647253	0.0682277	0.0431621	0.0243105	0.0221613	
0.00764722	0.000224439	0.00692811	0.00953747	0.172548	0.417604	0.0133967	0.0102674	0.0150219	0.00806637	0.0542507	0.131836	0.0234085	0.0317797	0.00140522	0.00575597	0.0689107	0.00293484	0.0089064	0.00956994	
0.0346015	0.00306053	0.0153583	0.213432	0.0555445	0.0586648	0.0449096	0.0372465	0.0905128	0.0280006	0.05253	0.0515932	0.0401351	0.0286789	0.0388672	0.0267682	0.083866	0.033593	0.0387232	0.0239146	
0.114833	0.00221649	0.070275	0.0614937	0.0449646	0.0121233	0.0409807	0.0245062	0.0604933	0.0170837	0.0398158	0.0177362	0.0427714	0.0602471	0.0873615	0.107557	0.126106	0.0290978	0.0153302	0.025007	
0.0264534	0.000482601	0.0381947	0.038164	0.330637	0.17796	0.0185526	0.00815944	0.0304932	0.00257552	0.0460877	0.0761344	0.0201895	0.0446558	0.017644	0.00748276	0.0805496	0.00427947	0.0179725	0.0133322	
0.114912	0.00213507	0.113733	0.0765308	0.0758347	0.00615729	0.00965507	0.0268882	0.0494023	0.0198162	0.0547907	0.0425203	0.0295149	0.0950302	0.0452215	0.0597237	0.0726754	0.0137841	0.0216754	0.069999	
0.0350994	0.00345895	0.0193566	0.293345	0.0593472	0.0207074	0.0452046	0.0355458	0.0405721	0.0290361	0.0549055	0.0495138	0.0412547	0.0306808	0.0463223	0.0298845	0.082307	0.0264911	0.0300941	0.0268726	
0.0259799	0.000975129	0.0121864	0.0411986	0.115777	0.228789	0.00474947	0.00826405	0.0150628	0.0139777	0.0591811	0.309423	0.0372542	0.0351405	0.0182014	0.0090472	0.00970283	0.0230531	0.0256005	0.00643693	
0.0267014	0.000398661	0.0393066	0.0384495	0.333964	0.176861	0.0164481	0.00908379	0.029587	0.00270023	0.0444656	0.0757577	0.0221339	0.0454292	0.0194425	0.00738906	0.075472	0.00432996	0.0184936	0.0135864	
0.158963	0.00181881	0.0704612	0.0840812	0.0660264	0.00391171	0.0323226	0.0256369	0.0609985	0.0144817	0.0539053	0.0295944	0.0449826	0.0750161	0.0675946	0.066251	0.0803171	0.0157892	0.0176132	0.030235	
0.0502718	0.00395192	0.0621372	0.0712094	0.0313164	0.0471876	0.0313259	0.148111	0.0612252	0.102807	0.0647642	0.0419786	0.0381619	0.0435862	0.0263401	0.0179829	0.0686756	0.0474225	0.014474	0.0270705	
0.067927	0.00181184	0.0582024	0.0577713	0.0381541	0.0375262	0.0366133	0.0576588	0.0562008	0.0343365	0.046006	0.0422995	0.0969636	0.0380968	0.0363085	0.105628	0.0839512	0.0663588	0.0183019	0.0198832	
0.0514715	0.00301197	0.0200495	0.0798508	0.063353	0.0495261	0.256265	0.046817	0.059502	0.016519	0.0451428	0.0124072	0.0261909	0.0171938	0.0360114	0.0369525	0.0919422	0.0481932	0.0285085	0.0110919	
0.0149395	0.00238012	0.0556304	0.057241	0.112684	0.110301	0.0269416	0.0169995	0.0336177	0.0177685	0.0442349	0.0113655	0.00865531	0.0472573	0.0151724	0.00769248	0.329693	0.0285602	0.0376078	0.0212577	
0.0632734	0.00272938	0.0540876	0.0656856	0.0325603	0.024006	0.0360113	0.0883596	0.0544889	0.0335677	0.0348509	0.0410405	0.0581689	0.0448969	0.0386969	0.0769702	0.0602641	0.145683	0.0220011	0.0226581	
0.0728713	0.00271777	0.0552428	0.0647855	0.0577878	0.0540534	0.0241083	0.0478359	0.0634717	0.0153505	0.0538725	0.0679849	0.181319	0.0217097	0.0470137	0.0303927	0.0308671	0.0565751	0.0278532	0.0241874	
0.00705106	0.000236029	0.0067987	0.00995112	0.175943	0.419054	0.0124119	0.0110209	0.0154377	0.00761504	0.0512637	0.131635	0.0214363	0.0322489	0.00143112	0.00573572	0.0708998	0.00212677	0.0081428	0.0095606	
0.0230585	0.00408586	0.063762	0.0593311	0.0820159	0.0697792	0.0289665	0.106252	0.0455889	0.0305673	0.0494034	0.0148313	0.015133	0.0557576	0.0256164	0.00946679	0.214249	0.0464151	0.0297498	0.0259705	
0.0471749	0.00362739	0.0479863	0.0530791	0.00667188	0.0159791	0.0298789	0.240994	0.0545006	0.137073	0.0143657	0.0262066	0.0310999	0.0371049	0.0204722	0.014818	0.0438861	0.138311	0.0117041	0.0250674	
0.138588	0.00200583	0.108724	0.0798805	0.0588195	0.00594823	0.0225392	0.0424121	0.0384544	0.0221036	0.0591429	0.0320341	0.0326086	0.0906861	0.0450308	0.0522022	0.0662222	0.0420958	0.0255014	0.035001	
0.0691517	0.00417625	0.00946857	0.146182	0.0375936	0.036773	0.00750575	0.070949	0.060988	0.0603384	0.0475153	0.0526832	0.0493891	0.0446503	0.0360771	0.0329238	0.0594358	0.113538	0.0346311	0.0260301	
0.224186	0.00391387	0.0488301	0.0827698	0.0657265	0.00986011	0.0295292	0.0348907	0.0588232	0.0250537	0.0616216	0.044212	0.0292098	0.069031	0.0504519	0.0324665	0.0430231	0.0275673	0.0275411	0.0312924	
0.159086	0.00279468	0.072134	0.0876031	0.0632846	0.00491994	0.0315329	0.0188471	0.0544405	0.015454	0.0809975	0.0374943	0.0427753	0.0769331	0.0404757	0.063073	0.0793719	0.0116966	0.0265136	0.0305723	
0.00734631	0.000334706	0.010039	0.00888157	0.168283	0.422447	0.013789	0.010724	0.015175	0.00846956	0.0522651	0.128638	0.0224695	0.0316771	0.00170281	0.00672489	0.0693694	0.0029143	0.00905576	0.0096946	
0.066788	0.00356258	0.0624956	0.0963498	0.0602012	0.0317655	0.0348866	0.0323351	0.186679	0.0255156	0.0483439	0.0115814	0.0402153	0.0761073	0.033095	0.0339456	0.0437588	0.0491799	0.0332303	0.029964	
0.0271868	0.00090277	0.0122703	0.0420047	0.116741	0.227292	0.00579095	0.00830787	0.0153154	0.0133114	0.0601466	0.30844	0.0383215	0.0321807	0.0171217	0.0089914	0.00978078	0.0231551	0.0269028	0.00583602	
0.0144924	0.00142751	0.0542378	0.0580186	0.110905	0.107844	0.0261069	0.0236031	0.0286858	0.0205276	0.0399037	0.0137093	0.00921054	0.0466752	0.010183	0.00913762	0.337242	0.0295614	0.0365319	0.0219963	
0.0279088	0.000861918	0.0138015	0.0414822	0.113636	0.219498	0.00573199	0.00811299	0.0155791	0.0140922	0.0601561	0.311345	0.0396071	0.0334533	0.0171158	0.0105902	0.0121584	0.0234081	0.0250784	0.00638352	
0.00711591	0.000382679	0.00636715	0.00871225	0.172988	0.425906	0.011533	0.00970854	0.0151885	0.00823629	0.0514835	0.131605	0.0219166	0.0327716	0.00150976	0.00564499	0.0679065	0.00247968	0.00913633	0.00940881	
0.104918	0.00273228	0.0806756	0.0718076	0.0491542	0.0165831	0.0388543	0.017306	0.0315154	0.0249418	0.0504856	0.0420723	0.0421235	0.0653391	0.0418345	0.136307	0.0834634	0.0356722	0.0270811	0.0371324	
0.054846	0.0022965	0.0692832	0.0445821	0.0977608	0.0806937	0.00588504	0.0316466	0.0374549	0.0124004	0.0572847	0.0516976	0.0167334	0.217977	0.0212778	0.0279987	0.0832345	0.0305767	0.0316735	0.0246968	
0.0286904	0.000362044	0.0402777	0.0356601	0.335093	0.17595	0.0160753	0.00847744	0.0290431	0.00269411	0.0468255	0.073328	0.0208419	0.0459225	0.0194111	0.00796372	0.0775479	0.0038872	0.0180524	0.0138967	
0.0275417	0.000655037	0.0379492	0.0368045	0.327089	0.178187	0.0171632	0.00869064	0.0299002	0.00252081	0.0471234	0.0782611	0.0207568	0.0472054	0.0184161	0.00730004	0.0771338	0.00464278	0.0173821	0.0152766	
0.0377784	0.00230112	0.0455716	0.041051	0.00530169	0.0128524	0.043489	0.314463	0.0521676	0.0770491	0.0153303	0.018524	0.0417171	0.0336443	0.0115137	0.0218072	0.0346548	0.15467	0.0160318	0.0200813	
0.015108	0.00217343	0.0582504	0.0583733	0.108239	0.105191	0.0281558	0.0256817	0.0312562	0.0218965	0.0369739	0.014792	0.00871067	0.044482	0.00932845	0.00995998	0.329162	0.0305908	0.0379333	0.0237415	
0.0163025	0.00200835	0.055428	0.0554767	0.122754	0.110665	0.0228922	0.0247875	0.0271043	0.0225388	0.0637235	0.0152922	0.0090087	0.0486317	0.00977168	0.0100553	0.29638	0.0261031	0.0385513	0.0225253	
0.139012	0.00299943	0.0532027	0.0898692	0.0399074	0.0139013	0.029482	0.0821542	0.0592018	0.0342543	0.0437637	0.0403301	0.0271144	0.0543248	0.0463199	0.0195691	0.0318393	0.138051	0.0282843	0.0264196	
0.127108	0.00292073	0.0368174	0.0651265	0.0388891	0.0110207	0.0353644	0.0652305	0.0632486	0.0302513	0.0498935	0.0388633	0.109405	0.0434554	0.0391538	0.0500233	0.0795917	0.0642866	0.0256295	0.0237202	
0.0872591	0.00219677	0.0645879	0.0691205	0.054072	0.0242443	0.0402483	0.041781	0.0393943	0.026221	0.0247237	0.031089	0.0267435	0.056943	0.0735914	0.0482856	0.198599	0.0435401	0.0197067	0.0276526	
0.047643	0.00248456	0.0547964	0.0648257	0.0603879	0.0705404	0.0272962	0.0422393	0.0585509	0.0162373	0.0539963	0.0660535	0.170796	0.0212596	0.0427589	0.0596558	0.0367028	0.0566067	0.0268102	0.0203591	
0.0436014	0.00150297	0.0624641	0.0684232	0.0607624	0.0317821	0.0264368	0.0298233	0.0533929	0.0133729	0.0747212	0.0500748	0.0338634	0.0550763	0.00907889	0.017891	0.099412	0.0459715	0.199622	0.0227269	
0.0379077	0.00389259	0.301683	0.0350324	0.0703799	0.0200479	0.00940201	0.0398238	0.0537174	0.0269871	0.0532132	0.0227827	0.0355739	0.0575819	0.0322854	0.0330654	0.0954321	0.0260766	0.0321239	0.0129905	
0.00743911	0.000211004	0.00911944	0.00749735	0.175121	0.420333	0.0128109	0.0100033	0.0157675	0.00747547	0.0513654	0.130621	0.0220748	0.0331442	0.00143999	0.0062526	0.0701375	0.0024384	0.00747129	0.00927731	
0.0739103	0.00255658	0.0515076	0.0880001	0.0546352	0.022338	0.0510833	0.0581979	0.165075	0.0257674	0.029292	0.00884956	0.0492758	0.033996	0.0982832	0.0328091	0.0408182	0.0621501	0.0241376	0.0273172	
0.0585931	0.00330645	0.0206769	0.082038	0.0571546	0.0417577	0.244909	0.0420129	0.0611142	0.0155789	0.0477533	0.0123142	0.0263968	0.0156947	0.0544843	0.0408441	0.0881042	0.0472247	0.0294951	0.0105468	
0.0282029	0.00323122	0.0416265	0.0890828	0.0311211	0.0593216	0.0318979	0.0256102	0.0700389	0.0126541	0.0404019	0.0596044	0.0437093	0.0499374	0.0365464	0.0286615	0.0766868	0.195935	0.0534461	0.0222843	
0.030049	0.00304768	0.046379	0.0411683	0.0243024	0.0212573	0.0288974	0.0895212	0.0569648	0.0242328	0.0246122	0.0436513	0.0409917	0.0515135	0.0387514	0.0317681	0.0647509	0.280269	0.0340987	0.023773	
0.0272789	0.000330772	0.0359926	0.0384191	0.329013	0.179005	0.0174392	0.00867276	0.0303137	0.00294254	0.0472741	0.0724796	0.0201502	0.0473158	0.0180762	0.00724368	0.0805391	0.00470191	0.0188078	0.0140037	
0.0606364	0.00121918	0.0630526	0.0614081	0.0526472	0.0380492	0.0394462	0.0500133	0.0556622	0.0276313	0.0467422	0.0446113	0.0785759	0.042765	0.0354735	0.144927	0.0606781	0.0621174	0.0215141	0.0128299	
0.0276806	0.00342564	0.0487075	0.0357372	0.0196516	0.0162673	0.0290933	0.146831	0.0531943	0.033088	0.0151287	0.0340138	0.0422758	0.0404882	0.0358261	0.0313681	0.0568276	0.278686	0.029868	0.0218417	
0.0314807	0.00239984	0.0431792	0.0317891	0.00672392	0.00555455	0.031295	0.343714	0.0472946	0.0785666	0.00690628	0.0139223	0.0364715	0.0348734	0.0116384	0.0181903	0.0227594	0.200577	0.0133129	0.0193503	
0.0549675	0.00371995	0.0634019	0.206497	0.0608524	0.0151901	0.0296635	0.0377888	0.0425392	0.0241909	0.057069	0.0473516	0.0317423	0.0898113	0.0453169	0.0338451	0.0717328	0.0239651	0.0310944	0.0292601	
0.00773886	0.000275387	0.00690658	0.0104921	0.1734	0.420439	0.0127156	0.0102561	0.0159989	0.00836328	0.0509273	0.12956	0.0230743	0.0329176	0.00188922	0.00557755	0.0685948	0.00243606	0.00852326	0.0099142	
0.054933	0.00318564	0.0597887	0.0718198	0.0544934	0.0763718	0.0269863	0.00790386	0.033666	0.0298481	0.210633	0.0725684	0.0397566	0.0503456	0.0169252	0.0255185	0.0429535	0.0144455	0.0850545	0.0228022	
0.0372608	0.00396668	0.268315	0.0309855	0.0735001	0.0473238	0.00928834	0.0322494	0.0548437	0.0278148	0.0548317	0.0238696	0.0411736	0.0561179	0.0369773	0.0336104	0.0940152	0.0228748	0.0382176	0.0127635	
0.0420929	0.00310189	0.0480437	0.0461614	0.0166719	0.014381	0.0313636	0.186686	0.0505275	0.0529596	0.00811683	0.0284526	0.0255294	0.0500501	0.0322151	0.0290238	0.0443397	0.243764	0.0220659	0.0244528	
0.0286495	0.00335491	0.0379109	0.0582348	0.0162422	0.019307	0.0291773	0.0884638	0.0549571	0.0273311	0.0290593	0.0414161	0.0443295	0.0482896	0.0366895	0.0326225	0.0611742	0.286335	0.0333101	0.0231453	
0.0776283	0.00295413	0.0691767	0.0835315	0.0646875	0.00802591	0.0239911	0.0296423	0.0558449	0.0112094	0.0409364	0.0395909	0.0190168	0.0795792	0.19915	0.0366798	0.0677374	0.0480585	0.0110721	0.0314877	
0.164802	0.00201352	0.0804701	0.0657676	0.0677589	0.00574435	0.0226908	0.0249468	0.0562377	0.016792	0.0579466	0.0334306	0.0318261	0.109223	0.0451869	0.0618421	0.0805178	0.0133835	0.0242783	0.0351414	
0.026985	0.00345235	0.0488453	0.0367391	0.0167886	0.00710252	0.0297302	0.198475	0.0537383	0.0510334	0.0159412	0.0290364	0.0660758	0.0377095	0.0272627	0.0380006	0.0362238	0.236089	0.0191835	0.0215881	
0.143575	0.00299659	0.0622185	0.050823	0.0424889	0.0185623	0.0429061	0.0271364	0.0625159	0.0134853	0.0415115	0.0296259	0.0728399	0.0304617	0.0449222	0.132466	0.114309	0.0261871	0.0178899	0.0230784	
0.131391	0.00243051	0.0512867	0.059311	0.0403383	0.0086045	0.0401206	0.0239019	0.0570431	0.0197991	0.0461075	0.0264375	0.0435862	0.0577583	0.0440285	0.176283	0.11251	0.0110128	0.0215664	0.0264827	
0.0716198	0.00246615	0.0751719	0.0569354	0.0906759	0.0547424	0.0185004	0.0304455	0.0421407	0.0178134	0.0831414	0.0255087	0.0233231	0.130651	0.0144804	0.0412667	0.135342	0.0257668	0.0330073	0.0270007	
0.00751347	0.000260413	0.00810232	0.00782938	0.172128	0.42306	0.0113523	0.0111974	0.0156712	0.00864386	0.0531072	0.131576	0.0217983	0.0335805	0.0016287	0.00612634	0.0676033	0.00231314	0.00707863	0.00942915	
0.0742477	0.00212205	0.0650878	0.0716475	0.0442236	0.0252479	0.0407988	0.0157801	0.0608278	0.0212632	0.0416485	0.0189024	0.0329744	0.0526929	0.0531334	0.0939653	0.197245	0.0365409	0.0254389	0.0262117	
0.0919262	0.00215924	0.087233	0.0817144	0.0776619	0.0234902	0.00501033	0.0336853	0.0397465	0.0112707	0.0495862	0.0394767	0.018373	0.171249	0.0707011	0.0388487	0.0695369	0.0348409	0.0237295	0.0297603	
0.132309	0.00226102	0.0670592	0.0434953	0.0446349	0.0101501	0.039437	0.0259426	0.0597732	0.0171508	0.0408309	0.0246819	0.0678714	0.0466848	0.0489351	0.125581	0.150567	0.013145	0.0166735	0.0228157	
0.054489	0.00270881	0.123239	0.0630178	0.0424901	0.0264148	0.0281963	0.0675387	0.0479881	0.0288262	0.0459737	0.0451654	0.0273718	0.0664989	0.0314857	0.141795	0.044321	0.0583396	0.0289151	0.0252256	
0.0678465	0.00263813	0.0727966	0.0780297	0.0719637	0.0108869	0.0184468	0.0301788	0.0540644	0.0129527	0.0446537	0.0440607	0.017631	0.0623573	0.236319	0.0226998	0.063323	0.044384	0.0154323	0.0293351	
0.0398075	0.00285446	0.0501769	0.0638624	0.0690406	0.0872543	0.0133761	0.0394024	0.0531343	0.0149721	0.0579364	0.0917139	0.216024	0.0338219	0.0198092	0.0210753	0.0237562	0.0467893	0.0341849	0.0210081	
0.0276036	0.00253581	0.0449809	0.0258095	0.00668025	0.00464476	0.0323994	0.336316	0.0491257	0.0766784	0.00889694	0.0135949	0.0371816	0.0340866	0.0141905	0.0186267	0.0290932	0.201983	0.014812	0.0207601	
0.106368	0.00247744	0.0679476	0.0583284	0.0422597	0.00624434	0.0406241	0.0501079	0.0985322	0.02426	0.0403338	0.0264852	0.0579309	0.0545259	0.0331146	0.0891772	0.128667	0.0416403	0.0082982	0.0226773	
0.0708324	0.00195658	0.0622081	0.058994	0.0387701	0.0338204	0.0408709	0.0635657	0.0577557	0.0339518	0.0404477	0.0372397	0.0964353	0.039159	0.0361365	0.107296	0.0861825	0.0659406	0.00987329	0.0185642	
0.0456208	0.00285637	0.0370123	0.0411517	0.00825444	0.00678564	0.0308744	0.274047	0.0499067	0.0694349	0.0163423	0.0196899	0.0399947	0.0366521	0.019794	0.0237555	0.0338854	0.203915	0.017432	0.0225957	
0.0520094	0.00233332	0.0543738	0.0635109	0.0784335	0.074726	0.0377925	0.0142984	0.0686123	0.0203184	0.0415663	0.00684899	0.0255954	0.0303488	0.0139504	0.0435994	0.27449	0.0365375	0.0380879	0.0225672	
0.0300713	0.00268542	0.0440516	0.0341681	0.00586558	0.00667112	0.0307449	0.359244	0.0511933	0.0723506	0.00690026	0.0113476	0.0376435	0.0350843	0.0149257	0.0141431	0.0242008	0.181314	0.0160087	0.0213862	
0.142259	0.00201795	0.0735052	0.0949544	0.0651346	0.00734688	0.0290091	0.0305303	0.0660375	0.0180893	0.0550355	0.0344859	0.0354281	0.0918327	0.0438319	0.0604279	0.0752115	0.0167147	0.0244386	0.0337091	
0.0671717	0.00247206	0.193159	0.091008	0.0675531	0.010692	0.00875151	0.0284799	0.0477258	0.0237068	0.0582329	0.068984	0.0362043	0.0756986	0.0392316	0.0440489	0.0707612	0.018244	0.0274431	0.0204317	
0.141924	0.00281487	0.0676179	0.0438033	0.0477727	0.0323763	0.0359633	0.0242616	0.0582638	0.017728	0.0468699	0.039262	0.0777475	0.0491978	0.0399703	0.122512	0.091019	0.0141356	0.0232087	0.0235518	
0.00740556	0.000350573	0.00849898	0.00902958	0.171528	0.420447	0.0119467	0.00981436	0.0161084	0.00803036	0.0533107	0.130743	0.0227719	0.0320077	0.00145022	0.00606623	0.0691494	0.00260262	0.00920936	0.00952978	
