0.0366045	0.0122362	0.0587705	0.0579201	0.0813954	0.0114473	0.0113704	0.0133094	0.26539	0.0175432	0.0215196	0.0163091	0.0272364	0.0253452	0.235416	0.0118953	0.0151789	0.0485835	0.00843365	0.0240952	
0.0817066	0.0173438	0.0602357	0.0337141	0.0490297	0.0153668	0.0224548	0.0292628	0.0750518	0.0191425	0.0261601	0.0275106	0.0226116	0.0318765	0.0328351	0.0343073	0.0404342	0.339303	0.017422	0.0242306	
0.020174	0.00148419	0.0453968	0.0545915	0.51113	0.0745435	0.0198824	0.0162814	0.0493074	0.00390679	0.0432302	0.0315935	0.020291	0.0255721	0.0200123	0.00682617	0.0264655	0.0106327	0.0156673	0.00301084	
0.019085	0.00168052	0.0377322	0.0478784	0.516293	0.0738805	0.0190272	0.0172901	0.0533006	0.00431392	0.037777	0.0364005	0.0216156	0.0277641	0.0207088	0.0059859	0.0297093	0.0112914	0.0158375	0.00242801	
0.0197934	0.0168943	0.407361	0.0269755	0.0861218	0.0209941	0.00479049	0.0534296	0.0685988	0.029847	0.0380312	0.0206882	0.0257983	0.0354806	0.0287723	0.0298297	0.0408107	0.0242135	0.015738	0.00583103	
0.0344934	0.0163241	0.0613986	0.0723058	0.0538663	0.0637631	0.0192982	0.393556	0.0356323	0.020703	0.0196059	0.0293528	0.0257233	0.0326914	0.0110635	0.0179754	0.0144917	0.0353789	0.0200783	0.022298	
0.127763	0.0111239	0.0340263	0.0752515	0.0552359	0.0739335	0.0227941	0.0405602	0.0990075	0.0440801	0.0300942	0.0275873	0.0121641	0.0316419	0.0354232	0.125683	0.0836737	0.0330048	0.0153098	0.0216422	
0.0294666	0.0206323	0.0432365	0.0548117	0.0155404	0.0282726	0.0148494	0.279404	0.0614866	0.0543689	0.0159966	0.00945888	0.021696	0.0311497	0.0213243	0.00801091	0.0103805	0.238714	0.0154859	0.0257138	
0.0051571	0.00282063	0.0157317	0.0144668	0.0977049	0.556661	0.0231996	0.0346962	0.0392651	0.0210599	0.0420916	0.035467	0.0153758	0.0252598	0.00323961	0.0070785	0.0281036	0.00613272	0.00986134	0.0166268	
0.0213047	0.00417182	0.0596371	0.0945513	0.0203676	0.0360872	0.0410551	0.0293824	0.0731236	0.030317	0.0348008	0.0341542	0.00923209	0.0333882	0.0264301	0.344189	0.016551	0.0652739	0.0193428	0.00664052	
0.0340666	0.0155246	0.0430078	0.141177	0.0760465	0.0354477	0.0202293	0.0263737	0.34197	0.0281477	0.0200568	0.00475605	0.0244749	0.0250459	0.0291919	0.0296568	0.0213833	0.0455333	0.0199589	0.017952	
0.0296211	0.0147906	0.0483762	0.0745142	0.0725156	0.049255	0.00465305	0.0460473	0.0629899	0.009424	0.0442693	0.043568	0.342727	0.0262701	0.0186362	0.0127371	0.011789	0.0450924	0.0237414	0.0189827	
0.098719	0.0117872	0.0278867	0.078796	0.0107104	0.0565105	0.0234517	0.0171915	0.0861121	0.150425	0.0280112	0.032297	0.019019	0.0344182	0.0270883	0.139844	0.0534985	0.0674134	0.0197324	0.0170873	
0.0370274	0.0115787	0.0550871	0.0397144	0.0653722	0.0526825	0.00601949	0.063001	0.296584	0.0263092	0.0112637	0.00514307	0.0156723	0.152814	0.0193425	0.0224375	0.017001	0.0651359	0.0176634	0.0201501	
0.0414918	0.00885952	0.0480007	0.0740515	0.0818569	0.0155684	0.0114378	0.0375652	0.0805864	0.0194207	0.0122083	0.0380873	0.0345418	0.0279572	0.3602	0.00888505	0.014277	0.0553166	0.00581796	0.0238701	
0.0144839	0.0179721	0.0247114	0.0219156	0.0175486	0.00784463	0.0186748	0.0883233	0.0587246	0.0872258	0.010828	0.0237769	0.013858	0.025817	0.0177229	0.0156662	0.0265681	0.467269	0.0138695	0.0271996	
0.0134008	0.0211128	0.0163157	0.0380336	0.00872238	0.00832182	0.0186204	0.0728222	0.0581264	0.100259	0.0160328	0.0261015	0.0119038	0.0276805	0.017587	0.0166771	0.0257038	0.462429	0.0161296	0.0240204	
0.0331045	0.0119819	0.0583296	0.0736403	0.197087	0.0670135	0.00197162	0.209275	0.0619089	0.0587646	0.0311344	0.0454534	0.00259577	0.0330051	0.00289748	0.0171574	0.0414976	0.0123257	0.0186972	0.0221597	
0.0163611	0.0136259	0.0212455	0.357496	0.0790638	0.0937054	0.0252379	0.0503073	0.039398	0.032888	0.0383723	0.0397412	0.0249022	0.0105607	0.0231516	0.0314544	0.0446386	0.0201083	0.0155319	0.02221	
0.0353463	0.0167836	0.0498066	0.0843383	0.0707444	0.0621968	0.0118054	0.0815933	0.0679965	0.284726	0.013037	0.0386387	0.00620369	0.0133921	0.00793713	0.0248511	0.0488632	0.0419219	0.0159522	0.023866	
0.0435801	0.00836555	0.0502166	0.068464	0.0788178	0.0129425	0.0136512	0.0319079	0.136764	0.0106991	0.0255531	0.02681	0.0169183	0.0107973	0.32846	0.0265622	0.0291623	0.0478788	0.00624257	0.0262073	
0.091428	0.00149612	0.197452	0.0831902	0.0761045	0.0765304	0.0176485	0.0458959	0.0828922	0.0302475	0.0326577	0.0277444	0.0270923	0.0337127	0.0130543	0.0607541	0.0479096	0.0276503	0.0147109	0.0118284	
0.0204465	0.0132196	0.361873	0.0889181	0.0853985	0.023842	0.00429623	0.05341	0.0686751	0.0289499	0.0341857	0.0233105	0.0246035	0.0307172	0.0306047	0.0294481	0.0324659	0.0240369	0.0140551	0.00754323	
0.0995053	0.0153813	0.199511	0.0170645	0.0624882	0.0117316	0.0116921	0.0517862	0.0670357	0.0287075	0.0308814	0.0201372	0.0307871	0.040764	0.0287543	0.0328245	0.0351026	0.185969	0.0152623	0.0146147	
0.02297	0.0153831	0.0329043	0.0296369	0.0306905	0.0114938	0.0266686	0.0379681	0.068886	0.0349938	0.0169468	0.0289168	0.0241039	0.031421	0.0278939	0.0299439	0.0353932	0.446643	0.0201345	0.0270076	
0.0355375	0.0133147	0.0549121	0.0407498	0.0752413	0.0485552	0.00746556	0.101832	0.27886	0.0303541	0.0183334	0.00431098	0.0149997	0.111635	0.0134282	0.0204137	0.0173558	0.0752448	0.0175195	0.0199374	
0.0165401	0.0176752	0.0498999	0.0679996	0.0831883	0.0660493	0.0265017	0.0178312	0.0593748	0.0298109	0.0258687	0.00754017	0.0047299	0.0349235	0.0187969	0.0104724	0.380139	0.0460586	0.0158716	0.0207276	
0.0223368	0.0154307	0.051334	0.0384357	0.0493726	0.0667986	0.0261941	0.0627469	0.0771793	0.0207067	0.0108968	0.0302892	0.0278319	0.0338106	0.0276102	0.0345851	0.0459754	0.324554	0.0132474	0.0206638	
0.257487	0.0135926	0.0580915	0.122515	0.0740696	0.0139302	0.0210867	0.0516482	0.074411	0.0365408	0.0377439	0.0463758	0.0168783	0.0367273	0.0367221	0.0158488	0.0151758	0.0300868	0.0196516	0.0214164	
0.0328133	0.0139939	0.0183878	0.0651391	0.079543	0.0634388	0.00519449	0.0200225	0.00992379	0.0258426	0.0510979	0.459036	0.0309767	0.0294331	0.0193364	0.00867544	0.00757038	0.036261	0.0180279	0.00528642	
0.0324936	0.00199012	0.0499026	0.0605439	0.417949	0.0433141	0.0259046	0.0200026	0.0620317	0.00479719	0.0362224	0.0349914	0.0260756	0.0273062	0.0282739	0.0100472	0.0358901	0.0604043	0.0169788	0.00488103	
0.0395282	0.00783638	0.0530461	0.0692517	0.0776306	0.0113574	0.014344	0.0368726	0.088287	0.0205328	0.0119371	0.0377429	0.0313411	0.0273938	0.361349	0.00876699	0.0156907	0.0534659	0.00642368	0.0272017	
0.0789027	0.00671704	0.0787373	0.150752	0.0499183	0.0502452	0.013735	0.0333093	0.0887735	0.023598	0.00476306	0.0213399	0.0796478	0.029518	0.0748601	0.106793	0.0203505	0.059972	0.0127886	0.0152784	
0.0373192	0.0183862	0.0601891	0.0764636	0.0619147	0.0577307	0.0132485	0.0698417	0.0684009	0.296137	0.0110078	0.0367203	0.00653561	0.015262	0.00899773	0.0231677	0.0503046	0.0481713	0.0140823	0.026119	
0.0307001	0.370622	0.0521809	0.0736162	0.0137108	0.0108359	0.0179558	0.0627433	0.0572099	0.0376969	0.0350048	0.033808	0.0261338	0.0369829	0.00880612	0.00612342	0.0367042	0.078888	0.00537439	0.00490234	
0.0749706	0.0144882	0.0525865	0.0700059	0.0734437	0.0440139	0.0276897	0.0194041	0.0821318	0.0344483	0.0272295	0.00961716	0.00555953	0.0338949	0.0217412	0.0155113	0.292815	0.0608788	0.0184663	0.0211036	
0.0254944	0.00652686	0.0682721	0.041323	0.0770195	0.283391	0.0226258	0.0405724	0.0753171	0.0302055	0.032254	0.0378055	0.0279937	0.0343495	0.0751467	0.0260001	0.0371639	0.0230722	0.0144633	0.0210033	
0.0183564	0.0149696	0.0840827	0.387973	0.0679888	0.0207847	0.0226332	0.0523217	0.039469	0.028662	0.0494089	0.0405009	0.023929	0.0117345	0.0196308	0.0269568	0.0413467	0.015913	0.0167006	0.0166372	
0.0429029	0.00843062	0.0556037	0.0683923	0.0728805	0.0145354	0.0124324	0.0327394	0.1338	0.00968234	0.0193761	0.0372792	0.0176603	0.0125635	0.331426	0.0281723	0.0264266	0.04464	0.00506889	0.0259869	
0.0044615	0.00148351	0.00799597	0.0212052	0.09619	0.557779	0.0227067	0.0327462	0.0396039	0.020815	0.039601	0.0392927	0.0150832	0.0251296	0.00314065	0.0047684	0.0302022	0.00543389	0.0106166	0.0217452	
0.0345944	0.00233377	0.0529505	0.0858309	0.186282	0.0706558	0.0137919	0.0289857	0.0720308	0.14516	0.0301113	0.0344836	0.0177867	0.0333938	0.0253729	0.0107409	0.0447139	0.0110198	0.0177973	0.0819635	
0.00567851	0.00127129	0.00756664	0.0235445	0.0920477	0.561215	0.0232379	0.0326238	0.0401933	0.0197241	0.0406231	0.038404	0.0126569	0.0271025	0.00471135	0.00526843	0.0313719	0.00445077	0.0100049	0.0183035	
0.0340862	0.00303726	0.017582	0.0669865	0.0266301	0.0636322	0.00286998	0.0530536	0.0781935	0.0399111	0.034999	0.00881123	0.0292643	0.0319687	0.033446	0.0103883	0.0352711	0.074525	0.0158154	0.339529	
0.0357467	0.0100885	0.0507488	0.052898	0.0738025	0.0453183	0.0197146	0.0437177	0.38315	0.0303303	0.00976309	0.00495581	0.0201772	0.0302246	0.0361223	0.0307333	0.0199837	0.0636441	0.0196106	0.0192698	
0.00604953	0.00198738	0.00929155	0.0239262	0.0936746	0.562406	0.0196917	0.0316685	0.0401896	0.0212897	0.0428033	0.0378612	0.0124937	0.026791	0.00441208	0.00444291	0.0284754	0.00577375	0.0070332	0.0197382	
0.0418	0.0035771	0.0645974	0.0826417	0.0410589	0.0207566	0.0385506	0.0157229	0.0736576	0.0311982	0.0417408	0.0223928	0.020284	0.0362065	0.00704768	0.348156	0.0168801	0.0601939	0.0196262	0.0139111	
0.0338757	0.0201804	0.057253	0.071791	0.0250665	0.0463316	0.0156447	0.34036	0.058383	0.0341609	0.0906897	0.0287278	0.0207006	0.0349047	0.0181182	0.00919707	0.0125545	0.0423807	0.0184826	0.0211975	
0.0207331	0.00178279	0.0405369	0.0477376	0.510535	0.0843932	0.0213519	0.0177406	0.0521565	0.00356426	0.0415406	0.034965	0.0172807	0.0242087	0.0194131	0.00609819	0.0288569	0.0100551	0.0141268	0.00292328	
0.0268698	0.0141149	0.0147127	0.0784462	0.0796456	0.0684633	0.404861	0.0320609	0.0530223	0.0109191	0.0316439	0.0160338	0.00493151	0.00383511	0.00632709	0.0366924	0.0405845	0.0485192	0.0229584	0.00535825	
0.0416379	0.00528219	0.0526836	0.0654307	0.0763276	0.0128833	0.00683783	0.0330783	0.135877	0.00883413	0.0200463	0.0276958	0.0206665	0.0244537	0.340735	0.0161809	0.028819	0.0500629	0.00662802	0.0258394	
0.0227219	0.0207149	0.0186756	0.0396412	0.0127726	0.011696	0.0217212	0.0431772	0.0585037	0.0461451	0.0176471	0.0358476	0.0214675	0.0276725	0.0261902	0.0262387	0.0338962	0.469376	0.0189378	0.026957	
0.0314255	0.0156189	0.0572879	0.0691858	0.0463353	0.0385054	0.0169901	0.342205	0.0356882	0.0282794	0.0158231	0.0261972	0.0238561	0.0316221	0.00957075	0.0171928	0.0130945	0.141843	0.0192593	0.02002	
0.0310465	0.0170167	0.0496595	0.0768833	0.0767946	0.051632	0.0076521	0.0468714	0.0622143	0.00869587	0.041387	0.0502607	0.345314	0.0134986	0.0171483	0.0112665	0.0104873	0.0434096	0.0202226	0.0185388	
0.0413879	0.0127208	0.0695786	0.0808508	0.0740084	0.0488317	0.00156706	0.0449365	0.236273	0.0105967	0.0239164	0.0150792	0.00932747	0.128163	0.0497547	0.0327082	0.0383855	0.0487459	0.0149442	0.018224	
0.0195835	0.0020869	0.0420706	0.0544236	0.512971	0.0672342	0.0203317	0.0152229	0.0551802	0.00453045	0.0371845	0.0373413	0.0222431	0.0228804	0.0210678	0.00599239	0.0292049	0.012182	0.0147705	0.00349765	
0.0331764	0.0140528	0.0445989	0.0655487	0.0863147	0.0770754	0.0245758	0.00593584	0.0246261	0.00541439	0.42528	0.0488552	0.0245695	0.0261226	0.00685198	0.0237811	0.0128771	0.0122063	0.018867	0.0192699	
0.0277585	0.0190793	0.0514174	0.0719107	0.0218907	0.0470836	0.0035413	0.218907	0.0600975	0.190859	0.0302945	0.0502568	0.00524758	0.029934	0.00422585	0.0174283	0.0281161	0.0840455	0.0140736	0.0238326	
0.0376	0.013692	0.0486376	0.0318022	0.0744191	0.0588182	0.0023328	0.053013	0.0537938	0.0153987	0.0396882	0.0409657	0.00987743	0.341096	0.0111288	0.029202	0.0435781	0.0509589	0.0217866	0.0222114	
0.00512518	0.00169499	0.012006	0.0154657	0.0942815	0.563758	0.0184844	0.0361499	0.0374703	0.0203446	0.0457531	0.0375892	0.0125397	0.0275755	0.00278837	0.00590537	0.0290611	0.00602863	0.0110558	0.0169222	
0.0194042	0.0151257	0.408741	0.02972	0.0821589	0.0193209	0.0047646	0.0512281	0.0725473	0.0293978	0.0385075	0.0209168	0.0245632	0.0404014	0.031175	0.0286526	0.037795	0.0216941	0.0181081	0.00577787	
0.0267439	0.00349169	0.0528312	0.064915	0.398197	0.0677546	0.0171039	0.0775534	0.0722618	0.00603728	0.0311837	0.0333017	0.0218516	0.03003	0.02065	0.00699875	0.0345426	0.0123605	0.0180006	0.00419087	
0.0141607	0.020252	0.0243347	0.0220411	0.010167	0.00758605	0.0189025	0.0862624	0.0624892	0.0916066	0.0105143	0.0237786	0.0141694	0.0248243	0.0191242	0.0169814	0.0255382	0.468182	0.0162159	0.0228691	
0.0514508	0.01038	0.049169	0.0758707	0.0717489	0.0136571	0.0144407	0.033754	0.120488	0.0104583	0.0243706	0.0291508	0.0946487	0.0173284	0.255118	0.0285124	0.0251865	0.0494771	0.00550178	0.0192884	
0.00578661	0.00257563	0.0140768	0.0158711	0.100279	0.55061	0.0213976	0.0361735	0.0409327	0.0220347	0.0434738	0.034843	0.0140984	0.0259426	0.00281034	0.00699631	0.0282503	0.00560504	0.0103068	0.0179356	
0.0372805	0.0153112	0.0594133	0.07851	0.0338153	0.0604169	0.00721815	0.0436913	0.0631699	0.330479	0.0236025	0.0445672	0.00830243	0.025582	0.0110162	0.030912	0.0537344	0.0390709	0.0131388	0.0207686	
0.00545415	0.00121205	0.00843203	0.0249531	0.098059	0.55772	0.0204042	0.0352374	0.043218	0.0198489	0.0392677	0.0356772	0.0144417	0.0259049	0.00522256	0.00432204	0.0283698	0.00495938	0.0101356	0.0171598	
0.0158602	0.014236	0.0484284	0.0672416	0.0784593	0.0672229	0.0220096	0.0165149	0.0314455	0.034765	0.0272294	0.019938	0.00544796	0.0299553	0.00838376	0.0130351	0.409609	0.0494271	0.0188698	0.0219208	
0.00617503	0.00257272	0.016559	0.0143312	0.0952306	0.56612	0.0177443	0.0322408	0.0394639	0.0179295	0.0386939	0.0348039	0.0128171	0.0264597	0.00319318	0.00737701	0.0356605	0.00555937	0.00832868	0.0187394	
0.0353823	0.0122331	0.0501651	0.126437	0.080759	0.0486773	0.0200551	0.0337326	0.283291	0.0306547	0.0104951	0.00410312	0.0192386	0.0206862	0.0219319	0.0390023	0.0893018	0.0441621	0.0153062	0.0143858	
0.0430164	0.00328654	0.0565255	0.0822977	0.0363019	0.0186795	0.0404637	0.0143578	0.070916	0.034185	0.0385362	0.0225385	0.0190155	0.033915	0.00796745	0.36337	0.0199713	0.0575655	0.0215862	0.0155042	
0.0319326	0.0192104	0.051207	0.0778888	0.0273464	0.0492327	0.0157961	0.413369	0.0666229	0.0279328	0.0170737	0.0131478	0.026215	0.0318238	0.0189343	0.011036	0.0125658	0.0479311	0.0188329	0.0219009	
0.0330243	0.00378963	0.0160741	0.0705564	0.0256354	0.0579388	0.00436856	0.0528709	0.0858101	0.0371244	0.0342115	0.0108548	0.0251892	0.0331964	0.0351044	0.00993531	0.0379284	0.0626804	0.0164978	0.347209	
0.0060157	0.00102232	0.00778203	0.0279378	0.095056	0.552258	0.0230295	0.0331894	0.0387836	0.01966	0.0411201	0.0390634	0.013313	0.0255958	0.00306284	0.00458268	0.0323531	0.00587453	0.00973728	0.0205632	
0.0264006	0.00152909	0.191404	0.0916185	0.0694025	0.113964	0.0104832	0.0368235	0.0891671	0.0267874	0.0271164	0.0272546	0.0283163	0.0363908	0.0567731	0.0684485	0.0498316	0.0219514	0.0125412	0.0137966	
0.0341258	0.0108123	0.051661	0.0409419	0.066944	0.0272094	0.0154045	0.0148167	0.31914	0.0142706	0.0194071	0.0046107	0.0272875	0.0170791	0.203227	0.0289631	0.0204556	0.052121	0.00957752	0.0219452	
0.0206589	0.00128315	0.0425805	0.0565506	0.500472	0.0710042	0.0241875	0.0175864	0.0542087	0.00367509	0.0390337	0.0328214	0.0208688	0.026855	0.020584	0.00558973	0.031937	0.0109273	0.0143283	0.00484812	
0.203801	0.0144805	0.0254305	0.0741736	0.0684293	0.0129911	0.0141868	0.0479884	0.0745622	0.0230236	0.0416437	0.0500409	0.186825	0.0249262	0.0455022	0.015533	0.0104415	0.0257279	0.0197097	0.0205827	
0.0170762	0.0147592	0.0227729	0.430032	0.0656913	0.0223396	0.0275252	0.0486458	0.0450605	0.0311141	0.047348	0.0439764	0.0223352	0.0121104	0.0238943	0.0286965	0.0375392	0.0217217	0.0196793	0.0176817	
0.0319571	0.0132165	0.0211224	0.0613564	0.0788559	0.0708199	0.00557292	0.0200005	0.00842004	0.0248017	0.0469028	0.459444	0.0277091	0.0271066	0.0186239	0.01104	0.00744768	0.0416621	0.0177611	0.00617919	
0.0306699	0.00317821	0.0548184	0.0722579	0.32807	0.0714677	0.017405	0.0380151	0.0639832	0.0770666	0.0292072	0.0410407	0.0170822	0.0270043	0.0234826	0.0107556	0.0436196	0.0139404	0.0202106	0.0167247	
0.0296455	0.0178234	0.0712589	0.0772769	0.0306819	0.0486961	0.0090324	0.193646	0.0498028	0.0871289	0.070827	0.163657	0.0142622	0.0286229	0.0154611	0.00737638	0.0109647	0.0389405	0.0196138	0.015282	
0.0211952	0.0219048	0.0331154	0.0557591	0.00867675	0.0184836	0.0100158	0.182167	0.0686504	0.135622	0.0457721	0.0163302	0.0108235	0.0288251	0.0151353	0.00471109	0.00687214	0.279627	0.0107143	0.0255996	
0.0657332	0.0176554	0.0477997	0.141211	0.0576735	0.013789	0.0215546	0.112612	0.0866694	0.0483106	0.029681	0.0282552	0.0222191	0.0348841	0.024003	0.0250999	0.0303611	0.155009	0.0161958	0.0212828	
0.0285825	0.0126742	0.0141791	0.0789532	0.0813803	0.0660364	0.40868	0.0298002	0.053998	0.00862083	0.0334536	0.0161771	0.00568914	0.00362912	0.00833578	0.0382787	0.039154	0.0453708	0.0232729	0.00373403	
0.0196363	0.012072	0.0650233	0.165146	0.0586392	0.11552	0.0217055	0.0602631	0.076624	0.0387128	0.0322822	0.0330472	0.0234573	0.0283469	0.00847372	0.0397258	0.0460478	0.130497	0.0042123	0.0205681	
0.07877	0.0097188	0.0843829	0.04505	0.0605253	0.159501	0.0197277	0.0470128	0.0879945	0.037187	0.029908	0.0295175	0.0284393	0.0344947	0.0425159	0.0512078	0.0443717	0.0811823	0.010837	0.0176558	
0.0298202	0.0148842	0.0482473	0.0778788	0.0760929	0.049617	0.00343126	0.0481188	0.0636723	0.011206	0.0378637	0.0454888	0.345315	0.0225215	0.0194182	0.0106577	0.0120742	0.0456785	0.0184835	0.0195298	
0.00601223	0.00232696	0.0144381	0.0167946	0.0961532	0.563851	0.0196604	0.0337296	0.0380648	0.0198804	0.0391779	0.0369626	0.0113269	0.027966	0.00357824	0.00598315	0.0325588	0.00548807	0.00820125	0.0178457	
0.0322701	0.0186247	0.0413903	0.0611455	0.00897742	0.0361826	0.0133163	0.0950752	0.0682118	0.243978	0.0133502	0.0303075	0.015209	0.0328826	0.0175796	0.0164069	0.0363182	0.190957	0.00354171	0.0242755	
0.0439743	0.0142485	0.0545235	0.0792315	0.0224085	0.0601241	0.013793	0.0359328	0.0729428	0.334496	0.0274894	0.0423268	0.0138158	0.0286538	0.0198987	0.0159899	0.0432804	0.0414901	0.0137768	0.0216035	
0.0193775	0.00438628	0.0623175	0.0926433	0.0200078	0.0311483	0.0413096	0.035166	0.0733341	0.0269653	0.0379108	0.0401575	0.0083016	0.0327401	0.0242443	0.344191	0.0175884	0.0600226	0.0210118	0.00717623	
0.0281404	0.0141267	0.0442157	0.0717605	0.0801812	0.0746463	0.0232855	0.00588379	0.0251522	0.0070101	0.426657	0.0530498	0.0245529	0.0265104	0.00808722	0.0256592	0.0135203	0.0129663	0.0182203	0.0163741	
0.309385	0.0142324	0.0371444	0.080516	0.0713336	0.0166509	0.0255991	0.0533935	0.0772445	0.0354586	0.0364564	0.0491906	0.017746	0.0398431	0.0321343	0.0184064	0.0156904	0.0258479	0.0201204	0.0236064	
0.0361764	0.0107061	0.0550686	0.0668553	0.0682511	0.0132619	0.01539	0.0351186	0.142611	0.00896619	0.0221797	0.0313774	0.0186717	0.0129337	0.334824	0.029221	0.0289361	0.0447556	0.00371082	0.0209846	
0.00527098	0.00128858	0.00963512	0.0260848	0.0980543	0.554638	0.0205237	0.034454	0.0412476	0.020666	0.040976	0.0385367	0.0106141	0.0266764	0.00480162	0.00483523	0.0293549	0.00639772	0.00907801	0.0168668	
0.0923627	0.0185624	0.0529667	0.0741711	0.0802457	0.0349002	0.00329741	0.0452248	0.0643202	0.00943921	0.0387684	0.0426299	0.283878	0.0277552	0.0198242	0.0122278	0.0135378	0.0464241	0.0220144	0.0174499	
0.0307848	0.0128036	0.0182921	0.0674583	0.0775355	0.0709738	0.00393713	0.0212988	0.0088061	0.0268642	0.0439255	0.46049	0.0326279	0.0286338	0.0200631	0.00832309	0.00874965	0.0348506	0.0197528	0.00382872	
0.0183952	0.0182302	0.0469754	0.0699536	0.075799	0.0632418	0.0239031	0.0301006	0.0316257	0.0369471	0.0151558	0.0161375	0.00544581	0.0312222	0.0112923	0.0142934	0.403109	0.0512358	0.0168815	0.0200549	
0.0273823	0.01269	0.0194497	0.0664496	0.0791358	0.069182	0.00394247	0.0203602	0.00903454	0.0216053	0.0475861	0.472269	0.0267828	0.0284661	0.0173724	0.0092693	0.00806073	0.0377545	0.0186473	0.00456014	
0.00577064	0.00133519	0.0102591	0.0260744	0.0934228	0.563396	0.0203796	0.0311909	0.0411201	0.0219306	0.0386748	0.0368327	0.0132813	0.0271607	0.0053377	0.00536312	0.027885	0.00594181	0.008104	0.0165393	
0.0190676	0.00777456	0.0645445	0.0845467	0.0391966	0.0317551	0.0403238	0.0274179	0.0719464	0.013843	0.0369817	0.0408149	0.0107172	0.0351587	0.0311956	0.336266	0.0180136	0.0608404	0.0166888	0.0129071	
0.0354017	0.0120507	0.0582801	0.0272185	0.0773991	0.0678269	0.00322917	0.0500357	0.0421861	0.0171961	0.0424979	0.0386577	0.00975899	0.339856	0.0123476	0.0336155	0.041961	0.0490615	0.0207422	0.0206769	
0.022051	0.00149843	0.0435714	0.0507596	0.508414	0.0769327	0.0206928	0.0164728	0.0549273	0.0039402	0.0386069	0.0350502	0.018484	0.0243278	0.0197945	0.00673465	0.0294466	0.0118297	0.013718	0.00274713	
0.023429	0.00133639	0.0432412	0.0549872	0.50176	0.0725857	0.0201221	0.0180604	0.0551475	0.00366633	0.0355751	0.0347723	0.02049	0.0264268	0.0202384	0.00629523	0.0313798	0.0105946	0.0164001	0.00349181	
0.0265357	0.018912	0.0575829	0.069884	0.022955	0.0509432	0.00279561	0.292034	0.0608448	0.128617	0.0390712	0.0570928	0.00423985	0.0306754	0.0047742	0.0132772	0.022236	0.0664957	0.0135399	0.0174938	
0.017845	0.016637	0.0471499	0.0766512	0.0733908	0.0606898	0.0241032	0.0152636	0.0597622	0.0313739	0.0274365	0.00957208	0.00489304	0.0318535	0.0190267	0.0105159	0.388816	0.0464884	0.0177153	0.0208159	
0.0145926	0.0144126	0.0495577	0.0723813	0.0875846	0.0603188	0.0251044	0.0166585	0.0592277	0.031622	0.0261772	0.00845529	0.00594481	0.0307459	0.0203519	0.0105328	0.382391	0.0467477	0.0187703	0.0184224	
0.173334	0.0165178	0.070951	0.0838128	0.0697096	0.0126397	0.0201695	0.0209626	0.0827092	0.00783104	0.0327277	0.0340112	0.034032	0.0435467	0.0352702	0.033374	0.0397098	0.149265	0.0177843	0.0216419	
0.0354964	0.0154769	0.043041	0.206403	0.0751085	0.031295	0.0198415	0.0207682	0.288222	0.0298168	0.0317772	0.00427921	0.0242843	0.0231317	0.02578	0.0270888	0.0200172	0.0401176	0.0164047	0.0216501	
0.0168842	0.0155628	0.0418741	0.0688424	0.0786618	0.0665359	0.0234772	0.0157326	0.058038	0.0303984	0.0271296	0.00650796	0.00489664	0.0327838	0.0179539	0.0103979	0.390527	0.0548492	0.0192128	0.019734	
0.0284243	0.0128436	0.0678035	0.0968413	0.0637165	0.0433223	0.00516886	0.0369314	0.0810338	0.00921456	0.0318233	0.0296666	0.211758	0.0275061	0.0277972	0.0760762	0.0653278	0.049878	0.016787	0.0180796	
0.034662	0.0020883	0.0538108	0.0812489	0.0750784	0.0162841	0.0256771	0.0489845	0.0692389	0.0156077	0.0391021	0.0362395	0.0250339	0.0329124	0.00607669	0.0158237	0.0389869	0.0493733	0.311679	0.0220919	
0.0175287	0.0141518	0.344464	0.0364603	0.084437	0.0167553	0.005187	0.0576973	0.0572772	0.0346762	0.0422851	0.0916969	0.0241966	0.0343649	0.0292781	0.0290623	0.0344903	0.0205767	0.0200061	0.00540772	
0.0041935	0.00196205	0.0105358	0.0247603	0.0959704	0.557667	0.0205034	0.0347569	0.0397493	0.0212302	0.038689	0.039457	0.0119668	0.0278519	0.00452428	0.00543054	0.0303366	0.00405383	0.00801304	0.0183479	
0.0343397	0.00854929	0.0514492	0.0448791	0.0647291	0.0302271	0.0130948	0.0164684	0.357183	0.0211438	0.0193318	0.00419143	0.0263811	0.0255161	0.142944	0.0301331	0.0184303	0.0572759	0.0094249	0.0243079	
0.0286779	0.0111305	0.0143116	0.0740222	0.0843663	0.067111	0.396253	0.0357638	0.0550896	0.0108419	0.0379119	0.0156543	0.00546443	0.00341303	0.00735124	0.0378658	0.040646	0.0467528	0.0218464	0.00552628	
0.0228992	0.0165877	0.0339804	0.0300797	0.0268297	0.010247	0.0220502	0.0553446	0.0730376	0.0363853	0.011135	0.0311793	0.0206415	0.0328813	0.0282101	0.0307267	0.030309	0.445128	0.0171129	0.0252349	
0.0779612	0.0191039	0.0324389	0.0505377	0.0181252	0.0102225	0.0239644	0.0337091	0.0764687	0.0289917	0.0243164	0.0315024	0.0262066	0.0331004	0.0317418	0.0297371	0.0395465	0.366127	0.021011	0.0251871	
0.0206117	0.00190654	0.0477302	0.0581869	0.502744	0.0709508	0.0229736	0.0165689	0.0562134	0.00326057	0.0380461	0.0328325	0.0218512	0.0233551	0.0196752	0.00580952	0.0267279	0.0116211	0.0153235	0.00361072	
0.0185718	0.0196901	0.0124505	0.278956	0.0817686	0.0180528	0.0276717	0.0411276	0.230748	0.0309446	0.0260679	0.0177416	0.0215879	0.0140161	0.0304052	0.0299279	0.0387077	0.0182403	0.0210544	0.022269	
0.0198487	0.0215586	0.0195321	0.0456855	0.0148127	0.0101135	0.020563	0.046225	0.063537	0.0490077	0.0175985	0.0298409	0.0176981	0.0285889	0.0255072	0.0231776	0.040403	0.461757	0.0158465	0.0286987	
0.0206899	0.0243595	0.0333966	0.0491524	0.0115397	0.0150904	0.0156747	0.187206	0.0680214	0.113352	0.0162277	0.0100429	0.0146011	0.0298191	0.0147682	0.00495482	0.00618836	0.327392	0.0147388	0.0227843	
0.0171673	0.0139892	0.0795602	0.385404	0.0770446	0.0165484	0.0262398	0.049961	0.0361243	0.0300565	0.0435452	0.0404618	0.024048	0.00945931	0.0230218	0.0282541	0.0450175	0.0160936	0.0217581	0.0162456	
0.00552964	0.0018943	0.0164021	0.0158976	0.0958316	0.555409	0.0198579	0.0372193	0.0394176	0.0202651	0.0391293	0.036915	0.0139968	0.0262423	0.00286402	0.00795882	0.0314696	0.00530877	0.0114323	0.0169595	
0.0423164	0.00997284	0.0652429	0.0726521	0.252574	0.0548931	0.0169515	0.10817	0.0769651	0.0358242	0.0264156	0.0504103	0.0035818	0.0312095	0.0189101	0.00636288	0.0600398	0.0316213	0.0185209	0.0173666	
0.0202619	0.0117725	0.221816	0.173733	0.0756529	0.0731648	0.00415411	0.0470879	0.087386	0.0282086	0.0312056	0.0182723	0.0224861	0.0348885	0.0240815	0.0389384	0.0416967	0.0215584	0.0186651	0.00496986	
0.0143242	0.019876	0.0157478	0.0320079	0.00762214	0.00734264	0.0189318	0.0727281	0.0619455	0.0982998	0.0184608	0.0260861	0.0121223	0.0256308	0.0174282	0.0181511	0.0271222	0.463333	0.0179416	0.0248982	
0.0139349	0.0205068	0.0152777	0.0282301	0.00916989	0.00728696	0.0161902	0.0691054	0.0658133	0.104758	0.0139084	0.0271509	0.0125213	0.0252936	0.0192066	0.0203486	0.0252113	0.466715	0.0143037	0.0250665	
0.055648	0.0106803	0.066174	0.0761589	0.0597026	0.0179118	0.0148336	0.010447	0.162884	0.0195901	0.0244638	0.0243999	0.0399932	0.027044	0.199937	0.0882116	0.0170076	0.0555891	0.013551	0.0157732	
0.275608	0.00821829	0.0676571	0.0391976	0.0619473	0.02023	0.0256464	0.0484119	0.0869745	0.035573	0.0305714	0.0372637	0.0166199	0.039273	0.0382716	0.0792636	0.0218147	0.0331029	0.0167258	0.0176289	
0.0386391	0.0114205	0.0562718	0.0926946	0.0817256	0.0614565	0.00996641	0.0680525	0.0680816	0.282541	0.0130592	0.0355448	0.0118979	0.0268863	0.0212589	0.0118359	0.0468464	0.0246371	0.007235	0.0299486	
0.0164942	0.0184161	0.0222526	0.430346	0.0744344	0.0222144	0.0255071	0.0449434	0.0435751	0.0307264	0.0489043	0.038325	0.023426	0.0122732	0.0237602	0.0267113	0.0369409	0.0205586	0.0198394	0.0203519	
0.254897	0.0133716	0.112224	0.0800715	0.0801714	0.0143579	0.020807	0.0537907	0.0788624	0.0292256	0.0376525	0.0347597	0.0155546	0.0375708	0.0347819	0.0155768	0.0176454	0.0294529	0.0193573	0.0198684	
0.0130895	0.0219861	0.0368267	0.0295457	0.0202229	0.00811281	0.0121595	0.161519	0.0672484	0.166162	0.0241043	0.0223574	0.0128209	0.0290486	0.014427	0.0133199	0.0224616	0.291272	0.0098166	0.0234995	
0.0677439	0.00983979	0.0622187	0.068309	0.0707408	0.0441123	0.0234378	0.0393902	0.186557	0.0383953	0.0101116	0.018484	0.00661403	0.0331209	0.0141713	0.0673883	0.137585	0.060051	0.0203063	0.0214232	
0.0246829	0.0140582	0.0580427	0.0743803	0.0745433	0.0527101	0.0240845	0.0227618	0.0388082	0.035615	0.0282922	0.0231469	0.00785073	0.0313416	0.0107915	0.0644974	0.319672	0.0527421	0.0203513	0.0216272	
0.0704695	0.00779152	0.0874741	0.0859633	0.0557883	0.120131	0.0183975	0.0406748	0.102332	0.0343269	0.0283297	0.0249896	0.0316146	0.0357843	0.057755	0.0594242	0.0406487	0.0762802	0.00318254	0.0186425	
0.0452843	0.0049767	0.0294606	0.0787791	0.0483903	0.0204625	0.137833	0.0129573	0.0216606	0.0293575	0.0512618	0.157668	0.0155455	0.0294102	0.00567046	0.203293	0.0135299	0.0655184	0.021646	0.00729551	
0.00472709	0.00224379	0.0148264	0.0172113	0.0981579	0.563432	0.0219547	0.0312596	0.0392149	0.0197119	0.0399315	0.0346421	0.0151586	0.027514	0.00368797	0.0062277	0.0307961	0.00491413	0.00705267	0.0173351	
0.0417184	0.00834528	0.0482304	0.0451391	0.0628747	0.0416326	0.0171526	0.0246665	0.302966	0.0216308	0.0105466	0.00315937	0.0285311	0.0218743	0.111623	0.0458182	0.0777049	0.0511948	0.010886	0.0243058	
0.0255897	0.0136624	0.0508187	0.0734918	0.0811463	0.0483951	0.00428991	0.051588	0.0619425	0.0100969	0.0427521	0.0421774	0.347457	0.0250458	0.0177739	0.0112767	0.0130531	0.0423371	0.0193316	0.017774	
0.0449311	0.00401001	0.0782741	0.0873949	0.0420628	0.0299966	0.0208115	0.0120862	0.104419	0.0283659	0.0240401	0.00933669	0.026912	0.0363752	0.0507703	0.243405	0.065242	0.0570671	0.0158542	0.018645	
0.0359941	0.0118509	0.056366	0.0755728	0.0777942	0.045718	0.00134399	0.0548778	0.3047	0.0116378	0.0165929	0.012201	0.00787911	0.11712	0.0176799	0.025298	0.0333015	0.0570532	0.0173639	0.0196554	
0.0548981	0.0129247	0.0572296	0.0779933	0.0744699	0.0129542	0.0111577	0.0325105	0.0930127	0.00718307	0.0281923	0.0360043	0.183554	0.0442685	0.123784	0.0355555	0.025981	0.0484601	0.0145838	0.0252824	
0.0135524	0.0207217	0.0253488	0.0239567	0.0138013	0.00722797	0.0161322	0.0848441	0.0637617	0.0872994	0.011184	0.0268955	0.0129235	0.025328	0.0203543	0.0163941	0.025368	0.465595	0.0144158	0.0248953	
0.0266635	0.0127082	0.0586058	0.0789369	0.0744492	0.047639	0.024588	0.0806928	0.0801882	0.0368459	0.0262904	0.0125906	0.00661363	0.0304086	0.0175589	0.051479	0.239652	0.0556972	0.019275	0.0191173	
0.0327676	0.0162497	0.0587373	0.0731646	0.0253569	0.0563336	0.017154	0.401702	0.0657367	0.0298939	0.0213584	0.0140778	0.0242928	0.0329523	0.0204219	0.00838933	0.0119383	0.0466403	0.0215322	0.0212996	
0.0639472	0.00112293	0.125373	0.065611	0.0392392	0.0460492	0.0204496	0.0477787	0.0799481	0.0445032	0.0289122	0.027685	0.0214261	0.0361263	0.00935796	0.0961754	0.055414	0.16147	0.0143003	0.0151104	
0.0156784	0.0179669	0.209508	0.203302	0.0872412	0.018895	0.00602059	0.0593831	0.0569534	0.0282545	0.0438124	0.0806004	0.0264029	0.0267636	0.0273291	0.0243229	0.0334798	0.012804	0.0167972	0.00448387	
0.0332406	0.36716	0.0477428	0.0752291	0.0138574	0.0106761	0.0181918	0.0550641	0.0630265	0.0377046	0.0331237	0.0393104	0.0303755	0.0353709	0.0100349	0.00466299	0.0352626	0.0790655	0.00596079	0.00493974	
0.00597503	0.00145306	0.01484	0.0180021	0.095144	0.556375	0.0224824	0.0303571	0.0397283	0.0196975	0.0415765	0.0390082	0.013404	0.0277532	0.00373823	0.00815999	0.0260778	0.00543067	0.0113428	0.0194539	
