0.229752	0.00891891	0.00428967	0.0119567	0.00374927	0.0065746	0.0280368	0.00623551	0.11814	0.0167425	0.00756018	0.186129	0.00202602	0.030638	0.267208	0.00469889	0.0201931	0.0133821	0.0286075	0.00516155	
0.0186337	0.0677308	0.00429984	0.00368252	0.0032218	0.00915868	0.00485373	0.0106382	0.00765446	0.0111223	0.0045048	0.00854867	0.00209098	0.0330137	0.0154764	0.005755	0.0195264	0.762447	0.00499021	0.00265096	
0.00912676	0.00563321	0.00365235	0.0367199	0.38033	0.00558743	0.0131822	0.0139432	0.0518316	0.0060767	0.0167024	0.0191481	0.0479941	0.0214501	0.00382734	0.00416506	0.0147208	0.00464282	0.0734416	0.267824	
0.00467729	0.00491516	0.00292395	0.00504018	0.459708	0.371303	0.0608972	0.0080544	0.0198401	0.0250892	0.00246074	0.0033947	0.00380217	0.00362901	0.011635	0.00300147	0.00449277	0.00327382	0.000375481	0.00148632	
0.00613835	0.0155178	0.705653	0.0217678	0.00925044	0.00484863	0.00288679	0.010768	0.0127252	0.0386852	0.00617033	0.0692842	0.0419851	0.00130993	0.0189797	0.00574175	0.0123504	0.00433031	0.00529799	0.00630868	
0.0100212	0.00543508	0.00503969	0.0175044	0.00550123	0.00763257	0.00543122	0.55541	0.0119446	0.0355394	0.0612857	0.0140464	0.00435966	0.00591234	0.00563257	0.00537714	0.00250828	0.214786	0.0260769	0.000555405	
0.0430417	0.00658371	0.045481	0.177086	0.0048797	0.0123243	0.0120527	0.00941231	0.0806853	0.0184183	0.00267	0.01852	0.0214877	0.0940578	0.0263857	0.194033	0.21306	0.0118029	0.00439997	0.00361864	
0.162188	0.0308828	0.00467988	0.0285875	0.00399227	0.00304459	0.0964878	0.266661	0.0299931	0.0245129	0.00583543	0.00257648	0.00465433	0.139427	0.0447222	0.00766653	0.00465074	0.102512	0.0231152	0.0138102	
0.0155812	0.00319517	0.181941	0.0213062	0.00883253	0.533697	0.00225862	0.00364072	0.0158817	0.0130118	0.00767432	0.0855332	0.00306851	0.00608428	0.00534786	0.0660598	0.0111699	0.00444268	0.00411076	0.00716267	
0.0156128	0.00317645	0.180818	0.0213537	0.00897663	0.532967	0.00238064	0.00362033	0.0158936	0.0130944	0.00777708	0.0866283	0.00307253	0.005851	0.00530152	0.0662784	0.0114879	0.00444254	0.00413915	0.00712843	
0.0740323	0.00219144	0.0320347	0.203836	0.00247191	0.00341392	0.0112756	0.00294026	0.224897	0.00709708	0.0127698	0.0105434	0.104149	0.127328	0.0491483	0.0365812	0.0483433	0.0407553	0.00366374	0.00252772	
0.049823	0.011474	0.0754469	0.0409859	0.0173127	0.00441467	0.00171694	0.0182801	0.174691	0.0181887	0.00507614	0.052007	0.322159	0.0251052	0.0312149	0.0641057	0.00392926	0.0222882	0.00472635	0.0570545	
0.240577	0.00158356	0.00516215	0.0303627	0.0200036	0.00560896	0.00416336	0.0928678	0.0411953	0.210751	0.0118334	0.00766341	0.030637	0.0426285	0.021252	0.0397611	0.0183786	0.164638	0.0089477	0.00198419	
0.00580803	0.00628622	0.0042509	0.00984624	0.0332575	0.828688	0.00456124	0.00687147	0.0124343	0.00429376	0.00518418	0.00980534	0.0102146	0.00554514	0.00611696	0.013018	0.0160726	0.00428316	0.00345138	0.010011	
0.0220839	0.00626258	0.0250684	0.0552393	0.0100904	0.0104999	0.00471396	0.0133359	0.0779869	0.0130933	0.00753006	0.00383101	0.0144775	0.02636	0.56164	0.0185275	0.0700798	0.0306173	0.00467548	0.0238868	
0.0100212	0.00543508	0.00503969	0.0175044	0.00550123	0.00763257	0.00543122	0.55541	0.0119446	0.0355394	0.0612857	0.0140464	0.00435966	0.00591234	0.00563257	0.00537714	0.00250828	0.214786	0.0260769	0.000555405	
0.0185835	0.0118725	0.0187448	0.0451006	0.0061179	0.006087	0.015163	0.08677	0.0578767	0.0251101	0.00576037	0.0226659	0.018982	0.0253034	0.013677	0.0225816	0.107319	0.457899	0.0164171	0.0179688	
0.044057	0.00064327	0.0553074	0.0486677	0.312514	0.0235638	0.00668506	0.115581	0.0219373	0.0449337	0.233473	0.0174706	0.00379541	0.0303595	0.0183531	0.00198111	0.00256553	0.00349803	0.00439178	0.0102213	
0.00924669	0.00571522	0.00918761	0.303858	0.0192964	0.167765	0.0354266	0.00586279	0.0820353	0.18068	0.0373268	0.0583416	0.00687159	0.0193854	0.00374523	0.0117705	0.00791818	0.00259213	0.0299023	0.00307274	
0.000942455	0.0067718	0.0440805	0.0306039	0.0145976	0.00854659	0.00319234	0.0186891	0.0377147	0.694288	0.0035736	0.00392677	0.00508713	0.00331669	0.0124182	0.0063415	0.0136608	0.0476864	0.00701636	0.0375454	
0.00275816	0.0119733	0.0281099	0.0395592	0.11988	0.00298438	0.0187702	0.0168565	0.0192136	0.0230251	0.00528408	0.0411083	0.0311389	0.00916887	0.363714	0.0184629	0.0552439	0.00654194	0.05722	0.128986	
0.158998	0.0118618	0.138151	0.0209575	0.00143726	0.249535	0.014982	0.00653073	0.0481669	0.00115723	0.0138609	0.0485836	0.0350517	0.0551082	0.0216536	0.137762	0.0184872	0.00301206	0.00462921	0.0100743	
0.00263619	0.0165936	0.402354	0.052788	0.0154799	0.00317757	0.00385003	0.0155616	0.125436	0.0287283	0.0300817	0.0817899	0.0270059	0.00810584	0.0198762	0.12829	0.0113381	0.00708325	0.0190456	0.000778324	
0.0356583	0.00726752	0.0749982	0.0349006	0.0164484	0.00593369	0.0278641	0.0754478	0.0795294	0.0131969	0.00526569	0.00790124	0.00432449	0.00733076	0.0118097	0.0154287	0.140728	0.382156	0.0362429	0.0175675	
0.0182369	0.0496548	0.00558455	0.00371976	0.00493984	0.00751733	0.00528917	0.0101769	0.00812409	0.00625105	0.00517897	0.00914568	0.00354955	0.0324629	0.0522898	0.00428338	0.016777	0.747718	0.00604066	0.00305945	
0.00073829	0.0182463	0.00733074	0.00482761	0.00659141	0.00950454	0.00890549	0.0123528	0.623711	0.0137205	0.0103873	0.0124595	0.0261261	0.0272646	0.143813	0.00944512	0.0330297	0.0105259	0.0202174	0.000803634	
0.00667002	0.19853	0.00823612	0.0180778	0.00407188	0.00660501	0.00595963	0.00770614	0.0124821	0.00972409	0.0119878	0.00866639	0.0092574	0.0184003	0.0126758	0.00382578	0.621155	0.0101306	0.0154579	0.0103796	
0.445599	0.0226448	0.00651429	0.00210917	0.00239235	0.00664972	0.048697	0.00559569	0.139901	0.00430127	0.00931464	0.0159455	0.00115131	0.037009	0.0493174	0.0188545	0.00382072	0.108	0.0142654	0.0579168	
0.0910211	0.0249416	0.026117	0.497726	0.0739967	0.00484971	0.00396026	0.0162521	0.092102	0.0118497	0.0148721	0.0062981	0.0122758	0.0110464	0.0504114	0.00862519	0.00693025	0.00289768	0.018118	0.025709	
0.00335538	0.0106492	0.00280074	0.00648618	0.013847	0.0266989	0.00188959	0.00295456	0.00129079	0.00248217	0.302416	0.307992	0.00139742	0.290925	0.00324011	0.00297648	0.00540197	0.00554406	0.00696776	0.000684452	
0.00913882	0.00644369	0.00986161	0.0224055	0.756719	0.000346968	0.0252395	0.00362201	0.0203471	0.00235871	0.0230699	0.00852205	0.0150133	0.0111131	0.0108237	0.00547989	0.0350432	0.00347083	0.025319	0.00566257	
0.0370053	0.00386883	0.0358197	0.057291	0.0183744	0.00735637	0.0038817	0.0106169	0.0411329	0.0175705	0.00457727	0.0140564	0.014206	0.0240346	0.519661	0.00222645	0.00617018	0.152917	0.00364213	0.025591	
0.360904	0.0917777	0.00149246	0.0534964	0.00369977	0.00102842	0.00423718	0.0228836	0.0410209	0.0293278	0.00434652	0.0851283	0.00235918	0.208576	0.0105347	0.0218315	0.0192697	0.0149236	0.00959505	0.0135671	
0.0189353	0.0196514	0.0625967	0.0954831	0.0087813	0.0459631	0.0041455	0.0108824	0.0383787	0.536719	0.0152286	0.0545126	0.0035082	0.0136361	0.0045055	0.0103298	0.0165167	0.0122124	0.0131155	0.0148975	
0.209529	0.475544	0.0169443	0.00229297	0.000773754	0.00165072	0.0170765	0.0130292	0.0673732	0.0194785	0.0039685	0.0629611	0.00555377	0.0601533	0.00910645	0.0186521	0.00241386	0.00441371	0.00209163	0.00699384	
0.00670201	0.200821	0.00816085	0.018002	0.00366023	0.00654702	0.00601637	0.0077196	0.0125109	0.00961621	0.012098	0.0085844	0.00932772	0.0179861	0.0127941	0.00371632	0.620229	0.00957852	0.0154882	0.0104415	
0.00467729	0.00491516	0.00292395	0.00504018	0.459708	0.371303	0.0608972	0.0080544	0.0198401	0.0250892	0.00246074	0.0033947	0.00380217	0.00362901	0.011635	0.00300147	0.00449277	0.00327382	0.000375481	0.00148632	
0.0286889	0.0164714	0.0139185	0.470823	0.0103907	0.0179667	0.00975525	0.0106237	0.0446078	0.003011	0.00280563	0.0333581	0.0688595	0.0894291	0.0184268	0.0282733	0.0463827	0.0109328	0.0558137	0.0194614	
0.0796131	0.0692396	0.00677227	0.00963733	0.029682	0.00438005	0.0511757	0.000736821	0.466706	0.0471631	0.00250682	0.0315937	0.0567938	0.0488443	0.0277944	0.0146306	0.00823852	0.0264558	0.0134022	0.00463386	
0.00589457	0.00641169	0.00433852	0.00995414	0.0203933	0.840929	0.003177	0.00689913	0.0124215	0.00373332	0.00531751	0.0100912	0.010526	0.00563509	0.00604677	0.013416	0.0165623	0.00435247	0.00357622	0.0103238	
0.0122421	0.00379152	0.00513979	0.100803	0.36407	0.0113565	0.0128857	0.101995	0.0280398	0.113389	0.0593846	0.0102055	0.00760503	0.0209224	0.00353327	0.00646206	0.01101	0.0814917	0.0116773	0.0339963	
0.00589457	0.00641169	0.00433852	0.00995414	0.0203933	0.840929	0.003177	0.00689913	0.0124215	0.00373332	0.00531751	0.0100912	0.010526	0.00563509	0.00604677	0.013416	0.0165623	0.00435247	0.00357622	0.0103238	
0.0186337	0.00467542	0.00900592	0.0175847	0.045808	0.00275211	0.00632816	0.00627112	0.00824346	0.0113386	0.0549948	0.00992263	0.00646303	0.0318143	0.0247253	0.0119592	0.0219151	0.0155866	0.0185366	0.673441	
0.0614353	0.0125547	0.0062195	0.0551328	0.0275366	0.00641394	0.0150781	0.00133455	0.544531	0.0156315	0.00181799	0.00493421	0.0134116	0.0474665	0.0459426	0.0360401	0.00221396	0.0486991	0.0041922	0.0494141	
0.00589457	0.00641169	0.00433852	0.00995414	0.0203933	0.840929	0.003177	0.00689913	0.0124215	0.00373332	0.00531751	0.0100912	0.010526	0.00563509	0.00604677	0.013416	0.0165623	0.00435247	0.00357622	0.0103238	
0.00636333	0.0365167	0.0326417	0.0973514	0.00518971	0.0171012	0.112823	0.0147215	0.0575283	0.00498524	0.0459334	0.0115747	0.00873963	0.016533	0.00814093	0.473607	0.0151728	0.024214	0.00544973	0.00541261	
0.0627476	0.039613	0.00669434	0.0184594	0.0157063	0.0441252	0.0307809	0.0968015	0.166073	0.00324259	0.00879081	0.0138464	0.108785	0.04524	0.0279761	0.125633	0.0957967	0.0603687	0.0283368	0.000982007	
0.00914054	0.00643348	0.00985715	0.0226678	0.756695	0.000347302	0.0251442	0.00362369	0.020342	0.00235791	0.0230545	0.00850996	0.0149885	0.0111068	0.010811	0.00547003	0.0350051	0.00346925	0.025311	0.00566461	
0.00582091	0.00856395	0.00587999	0.0176382	0.0134338	0.0281929	0.768858	0.00817586	0.0392575	0.0140102	0.00344274	0.0079155	0.00724041	0.0115815	0.0114492	0.0216599	0.00988847	0.00839873	0.0017555	0.00683723	
0.00828218	0.010688	0.0211465	0.024742	0.0480874	0.00634202	0.00803229	0.0289184	0.0181307	0.00694555	0.00196215	0.0337462	0.00450202	0.0380839	0.616393	0.00333322	0.0133534	0.0898644	0.00141813	0.0160285	
0.0127657	0.0595154	0.00113652	0.00341482	0.00412428	0.0055046	0.0227138	0.227124	0.0230069	0.00286111	0.00140923	0.00608418	0.0190948	0.0592016	0.0159338	0.00580564	0.0072135	0.445672	0.0143325	0.0630851	
0.0326045	0.0361615	0.0132569	0.0238035	0.00624316	0.00992151	0.00417312	0.608195	0.00240944	0.00168062	0.00240414	0.0039904	0.167691	0.0130959	0.0117791	0.00284298	0.00537395	0.0144438	0.00999731	0.0299325	
0.00675168	0.00933495	0.0430965	0.0361908	0.00786579	0.0220657	0.00113673	0.125249	0.0536098	0.00926036	0.0277896	0.0987188	0.429031	0.0101596	0.0137451	0.0131109	0.00622503	0.0535346	0.0170503	0.0160743	
0.00518068	0.0120806	0.236192	0.0687344	0.0214016	0.127346	0.00467119	0.0105932	0.0365116	0.0102056	0.021144	0.138817	0.00337982	0.172801	0.0166816	0.0841705	0.00870155	0.00536893	0.0128005	0.00321798	
0.00920963	0.00642506	0.00984878	0.0229499	0.756355	0.000673175	0.0250753	0.00362043	0.0203529	0.00235999	0.0229987	0.00848498	0.0149527	0.0110991	0.0108555	0.00545833	0.0349014	0.0034659	0.0252479	0.00566512	
0.0022288	0.0124314	0.00782888	0.0345602	0.0166414	0.0338343	0.0051293	0.00251004	0.00185708	0.00208316	0.494245	0.177049	0.0039047	0.169578	0.00388635	0.00336589	0.00384869	0.00470811	0.00676662	0.0135426	
0.00340939	0.111312	0.218499	0.00865748	0.00129234	0.00566549	0.0239597	0.427536	0.00403699	0.0812735	0.0145568	0.00803707	0.00186343	0.0138101	0.00379485	0.0150491	0.00969582	0.0161397	0.0262833	0.00512846	
0.00569786	0.0218076	0.00631434	0.00183844	0.0172483	0.028373	0.0019282	0.00482349	0.00157585	0.00310012	0.23963	0.274272	0.00186627	0.355973	0.00331011	0.00677855	0.00658603	0.00844008	0.00815728	0.00227979	
0.00585196	0.00637444	0.00430052	0.00987736	0.0223454	0.838047	0.00340026	0.00688178	0.0123946	0.00380693	0.00610165	0.0103147	0.0104264	0.00595986	0.00606706	0.0132858	0.0164405	0.00433991	0.00356224	0.0102215	
0.000700157	0.0586269	0.426559	0.000771213	0.074169	0.00223065	0.012136	0.194117	0.0126651	0.0368576	0.0239796	0.00576085	0.0235793	0.0421922	0.00904094	0.0140101	0.0333394	0.00974542	0.019166	0.000353949	
0.0046921	0.00108773	0.079676	0.0406569	0.535423	0.00945084	0.0269188	0.0635872	0.0115529	0.0099853	0.002589	0.0124158	0.0457967	0.0582215	0.0272462	0.00500037	0.04414	0.00911479	0.0115454	0.000899097	
0.00575514	0.00207631	0.0802542	0.0266512	0.0208689	0.00783049	0.0105817	0.0104535	0.00342555	0.0381646	0.00293643	0.0018774	0.00510295	0.0457291	0.00732481	0.0305822	0.60274	0.0812744	0.0122284	0.00414291	
0.274705	0.00766913	0.00166872	0.00842958	0.00424356	0.00557967	0.0275747	0.00623419	0.10055	0.0196746	0.00806114	0.194722	0.00187317	0.026143	0.251293	0.00517702	0.0172775	0.0102337	0.0249946	0.00389587	
0.00589313	0.0064047	0.00433602	0.00994944	0.0206637	0.840651	0.00321815	0.00689996	0.0124279	0.00374585	0.0053167	0.0100903	0.0105196	0.00563638	0.0060538	0.0134024	0.0165513	0.00435143	0.00357322	0.0103151	
0.00939327	0.0120287	0.294103	0.00140245	0.00486002	0.0435783	0.0134514	0.00514662	0.00671802	0.015792	0.0161467	0.527285	0.00526821	0.00865834	0.00334779	0.00542846	0.00742822	0.00596383	0.00545564	0.00854458	
0.00532719	0.00571855	0.00366285	0.00851841	0.0991299	0.763967	0.0130111	0.006828	0.0128996	0.00728173	0.00500026	0.00835376	0.00889757	0.00497785	0.00698066	0.0108061	0.0135668	0.00405904	0.00280747	0.00820593	
0.00670201	0.200821	0.00816085	0.018002	0.00366023	0.00654702	0.00601637	0.0077196	0.0125109	0.00961621	0.012098	0.0085844	0.00932772	0.0179861	0.0127941	0.00371632	0.620229	0.00957852	0.0154882	0.0104415	
0.00588866	0.00641151	0.00433462	0.00994711	0.0203774	0.84065	0.00317537	0.00689549	0.0125422	0.00373019	0.00540874	0.0100948	0.0105224	0.00564414	0.00604602	0.0134615	0.016629	0.00435664	0.00357133	0.0103127	
0.012119	0.0160032	0.00246914	0.262669	0.015308	0.0113809	0.026986	0.00719362	0.394467	0.0201674	0.0225732	0.00564113	0.00254292	0.00206166	0.0446124	0.00509858	0.0222801	0.0285176	0.0154495	0.0824593	
0.00157308	0.00958085	0.0931189	0.0475679	0.00748596	0.0180969	0.0683247	0.0222384	0.057552	0.00649028	0.0127042	0.0443751	0.00509765	0.0204662	0.0146943	0.522536	0.00496796	0.0336805	0.00614808	0.00330116	
0.0312654	0.034956	0.0131538	0.0223103	0.00574012	0.0105825	0.00430017	0.616845	0.00239996	0.00171918	0.00256901	0.0041574	0.161193	0.0148477	0.0109013	0.00293034	0.00535684	0.0155466	0.010243	0.0289829	
0.0275169	0.00240884	0.00588623	0.0389737	0.02512	0.00733972	0.00593608	0.0137442	0.0480603	0.00828382	0.0417909	0.00756111	0.017122	0.0267802	0.0436917	0.00736393	0.0155738	0.0374123	0.0153074	0.604127	
0.00589457	0.00641169	0.00433852	0.00995414	0.0203933	0.840929	0.003177	0.00689913	0.0124215	0.00373332	0.00531751	0.0100912	0.010526	0.00563509	0.00604677	0.013416	0.0165623	0.00435247	0.00357622	0.0103238	
0.100004	0.0198501	0.0722566	0.303095	0.0113773	0.0738421	0.0132431	0.0138921	0.0495136	0.0116379	0.0161238	0.0616509	0.0123234	0.0178201	0.0838522	0.0798439	0.0428799	0.000821772	0.0146695	0.00130273	
0.00190369	0.0177257	0.00775027	0.00496142	0.0066315	0.00938476	0.00876768	0.0121286	0.621038	0.0131926	0.0101823	0.0126815	0.0250462	0.0264697	0.146075	0.0109192	0.0344811	0.0102503	0.019564	0.000845903	
0.0111403	0.00659995	0.0114344	0.0249946	0.743248	0.000902142	0.0249397	0.00347973	0.0245561	0.00238682	0.0220711	0.0102811	0.0176052	0.0125595	0.0110796	0.00578615	0.0341584	0.00334999	0.0240134	0.00541365	
0.171718	0.0641459	0.0840373	0.160649	0.0466657	0.00417583	0.00984069	0.0228391	0.0959648	0.0114312	0.0138213	0.100244	0.125968	0.00666287	0.0215281	0.0320105	0.00494567	0.00686291	0.00232659	0.0141626	
0.00951393	0.00543961	0.00596204	0.839406	0.0147839	0.00657052	0.012689	0.00470709	0.0113863	0.00715015	0.00646751	0.0108259	0.00441603	0.00502616	0.00924103	0.00601684	0.0168562	0.0126136	0.00364797	0.00727978	
0.0361269	0.019072	0.0307098	0.017029	0.00740219	0.0287406	0.0127248	0.00533427	0.0153963	0.00705127	0.0292618	0.533695	0.0197969	0.0186536	0.0173776	0.0941689	0.0169893	0.0789174	0.0102626	0.00128984	
0.00933649	0.00434387	0.0275095	0.0179974	0.46788	0.297379	0.0465023	0.00652204	0.0265329	0.0201434	0.00362841	0.0156797	0.00497887	0.0193312	0.0117831	0.00345755	0.00930054	0.00345337	0.00298303	0.00125779	
0.0440268	0.0152714	0.120279	0.117553	0.00167203	0.00373982	0.00592968	0.0853774	0.159354	0.00976382	0.00100079	0.0546954	0.0171387	0.137653	0.0188285	0.0278473	0.113536	0.0479246	0.011766	0.00664298	
0.000962351	0.00671946	0.0440334	0.0304776	0.0146131	0.00867837	0.00321265	0.0187581	0.0382075	0.693647	0.00357233	0.00402294	0.00511479	0.00332227	0.0124286	0.0063303	0.0137143	0.0477263	0.00693322	0.0375249	
0.000798946	0.0181805	0.00719161	0.00489587	0.00669933	0.00953144	0.00889767	0.0122025	0.62322	0.0136783	0.0102015	0.0126118	0.0261923	0.0272891	0.143722	0.00963687	0.0331388	0.0106245	0.0204832	0.000803402	
0.00502285	0.0180426	0.00250676	0.0219338	0.0089018	0.0180151	0.710251	0.00946199	0.0242696	0.00628779	0.0162064	0.00644701	0.00449709	0.00522945	0.00660115	0.108084	0.00980049	0.0110175	0.00287826	0.0045456	
0.0166946	0.0192245	0.202237	0.037498	0.00666217	0.0516345	0.00861949	0.0146264	0.0115363	0.0366023	0.00292623	0.0316181	0.00651334	0.0270406	0.0161838	0.0543321	0.369661	0.0281211	0.0139393	0.0443296	
0.0292811	0.0145391	0.00212555	0.0484499	0.0226769	0.41845	0.00704862	0.00968579	0.119983	0.0166209	0.0029033	0.0120408	0.0223699	0.0393542	0.121296	0.0294706	0.0144267	0.0373236	0.00681228	0.0251417	
0.0453577	0.0332197	0.0100253	0.0142801	0.0132861	0.0113578	0.00305867	0.45283	0.015083	0.00334988	0.00936671	0.00660261	0.297439	0.00173186	0.0197996	0.00378489	0.00748617	0.0123069	0.0084235	0.0312103	
0.00589457	0.00641169	0.00433852	0.00995414	0.0203933	0.840929	0.003177	0.00689913	0.0124215	0.00373332	0.00531751	0.0100912	0.010526	0.00563509	0.00604677	0.013416	0.0165623	0.00435247	0.00357622	0.0103238	
0.0439426	0.0045193	0.0531129	0.0292758	0.00247045	0.00865812	0.0116002	0.22834	0.0369576	0.233744	0.0189843	0.00907071	0.00689239	0.0164151	0.0168059	0.0117781	0.0782665	0.100713	0.0421259	0.0463274	
0.000942455	0.0067718	0.0440805	0.0306039	0.0145976	0.00854659	0.00319234	0.0186891	0.0377147	0.694288	0.0035736	0.00392677	0.00508713	0.00331669	0.0124182	0.0063415	0.0136608	0.0476864	0.00701636	0.0375454	
0.00190427	0.0115844	0.0815813	0.0461373	0.00501703	0.0199069	0.0668785	0.0237701	0.0577643	0.0050289	0.0268379	0.0383351	0.00610053	0.0165019	0.0120044	0.534499	0.00416894	0.0309562	0.00684079	0.00418202	
0.0022288	0.0124314	0.00782888	0.0345602	0.0166414	0.0338343	0.0051293	0.00251004	0.00185708	0.00208316	0.494245	0.177049	0.0039047	0.169578	0.00388635	0.00336589	0.00384869	0.00470811	0.00676662	0.0135426	
0.395836	0.0150909	0.001641	0.00595727	0.0436907	0.00450622	0.0380901	0.020083	0.0637917	0.0244742	0.0386625	0.110213	0.00120554	0.0606658	0.129906	0.00387338	0.00924982	0.00895249	0.0178096	0.00630148	
0.549899	0.0226987	0.00364151	0.0293986	0.00443534	0.00613826	0.0201397	0.0085926	0.0192088	0.0146727	0.0105125	0.021367	0.00119811	0.0412134	0.0173615	0.207317	0.00334345	0.0115397	0.00342389	0.00389826	
0.00588107	0.00641151	0.00436625	0.00994211	0.0217115	0.839524	0.00327431	0.00690573	0.0124646	0.00379493	0.00531411	0.0100631	0.0105234	0.0056196	0.00605866	0.0133809	0.0165313	0.00435079	0.00356636	0.0103158	
0.0271331	0.0144906	0.0245778	0.00320396	0.025389	0.0284556	0.00210332	0.0275111	0.0860721	0.00746235	0.0475098	0.033505	0.508239	0.00496706	0.0513978	0.00644356	0.0105013	0.00902797	0.0113901	0.0706192	
0.00908936	0.0123596	0.289431	0.00139298	0.00458403	0.0475777	0.0147822	0.0055074	0.00721389	0.00980623	0.0150878	0.533654	0.00429829	0.00870022	0.00308871	0.00570221	0.00765141	0.00632838	0.00483833	0.00890667	
0.00542733	0.00198992	0.0686568	0.0282277	0.0230543	0.00815056	0.0115787	0.00963007	0.00341987	0.036437	0.00317196	0.0016004	0.0048367	0.0435634	0.00789024	0.0310316	0.613755	0.0823609	0.0120557	0.0031619	
0.00500044	0.0155445	0.00292011	0.00625021	0.0133277	0.0256287	0.00183935	0.0029269	0.00129064	0.0033182	0.297027	0.314136	0.00371059	0.281821	0.00349765	0.00300561	0.00515461	0.00595481	0.00689689	0.000748432	
0.00586444	0.0064377	0.00429118	0.00986503	0.0230688	0.837435	0.00359462	0.0069951	0.0125329	0.0038857	0.00570697	0.0103356	0.010446	0.00566028	0.00605645	0.013297	0.0164104	0.00435223	0.00355177	0.0102128	
0.00528375	0.0305425	0.0362734	0.0651448	0.0046859	0.0207717	0.120703	0.020834	0.0467652	0.00473935	0.0612117	0.017851	0.00731949	0.0109737	0.00702029	0.498392	0.0096401	0.0216556	0.00475185	0.00544081	
0.00401557	0.0142774	0.00600064	0.00175565	0.0186949	0.0286056	0.00197931	0.00326188	0.00154475	0.00295199	0.244598	0.28523	0.00174228	0.356123	0.00340497	0.00432531	0.00601043	0.00581001	0.00819417	0.00147428	
0.00929491	0.00637646	0.00983002	0.024325	0.754285	0.000403745	0.0249047	0.00364983	0.0208974	0.00233419	0.0227865	0.00866277	0.0148773	0.0112746	0.0118681	0.00542594	0.0345536	0.00343457	0.0251798	0.00563577	
0.00913882	0.00644369	0.00986161	0.0224055	0.756719	0.000346968	0.0252395	0.00362201	0.0203471	0.00235871	0.0230699	0.00852205	0.0150133	0.0111131	0.0108237	0.00547989	0.0350432	0.00347083	0.025319	0.00566257	
0.00371488	0.101203	0.204357	0.0111088	0.00116042	0.0061749	0.0218832	0.443613	0.00437004	0.0722276	0.0137069	0.00977452	0.00312347	0.0160079	0.00389271	0.0167873	0.0100893	0.017067	0.0339461	0.00579305	
0.00670201	0.200821	0.00816085	0.018002	0.00366023	0.00654702	0.00601637	0.0077196	0.0125109	0.00961621	0.012098	0.0085844	0.00932772	0.0179861	0.0127941	0.00371632	0.620229	0.00957852	0.0154882	0.0104415	
0.00517323	0.101997	0.0284384	0.0200396	0.0105667	0.00619262	0.00857447	0.00947307	0.00774164	0.0235052	0.00843404	0.00546139	0.00608015	0.022409	0.00853742	0.0135461	0.631896	0.061245	0.0138666	0.00682238	
0.243597	0.0100425	0.0186779	0.0373652	0.00159372	0.0170746	0.00966955	0.0637386	0.0468255	0.00727248	0.0260422	0.0186737	0.00800125	0.018153	0.0378591	0.0379958	0.0930322	0.283296	0.0144081	0.006682	
0.0541949	0.000606868	0.0592691	0.115613	0.00211101	0.00184403	0.0100243	0.00467138	0.301885	0.00544329	0.00702466	0.0147824	0.162231	0.0465997	0.092094	0.0288875	0.0339418	0.0525511	0.00136088	0.00486374	
0.00670201	0.200821	0.00816085	0.018002	0.00366023	0.00654702	0.00601637	0.0077196	0.0125109	0.00961621	0.012098	0.0085844	0.00932772	0.0179861	0.0127941	0.00371632	0.620229	0.00957852	0.0154882	0.0104415	
0.0411642	0.0330592	0.106663	0.14123	0.00892942	0.00425125	0.000544881	0.0032445	0.00416978	0.00609078	0.0163571	0.032984	0.212385	0.016189	0.00148158	0.261718	0.0753688	0.0124421	0.0120069	0.00972088	
0.00990918	0.023722	0.0588354	0.0528573	0.0751804	0.0177944	0.238849	0.0229957	0.0214099	0.00886058	0.0361341	0.0260068	0.017076	0.0236236	0.0174847	0.00726397	0.019104	0.0198142	0.299733	0.00334633	
0.00603972	0.0159586	0.707284	0.0213749	0.00924729	0.00494986	0.00291768	0.0106481	0.0125223	0.0356011	0.00526255	0.070329	0.0436848	0.00103244	0.0194205	0.00593356	0.0120985	0.00432966	0.005179	0.00618614	
0.0101861	0.0164251	0.00369514	0.00679231	0.0184256	0.347765	0.0108501	0.0376454	0.098261	0.0248263	0.0547102	0.154922	0.0698972	0.0766991	0.00051807	0.0115348	0.00185426	0.00321372	0.034428	0.0173506	
0.115122	0.0734742	0.0486223	0.00372129	0.0265586	0.0054347	0.10811	0.00370905	0.385258	0.015089	0.00256948	0.000904803	0.0164996	0.00718736	0.0921829	0.00730279	0.00129325	0.0484449	0.0171644	0.0213511	
0.00405336	0.0115955	0.00286155	0.0191739	0.00917402	0.0174351	0.739084	0.0080791	0.0243258	0.00699118	0.0123928	0.0063557	0.00485546	0.00601005	0.00700506	0.0938943	0.0080283	0.0100763	0.00390973	0.00469891	
0.00760125	0.110223	0.0137454	0.0173278	0.00371682	0.0315796	0.0400228	0.0110742	0.00750968	0.0428818	0.0125163	0.0362435	0.020617	0.0471819	0.018744	0.0139488	0.180024	0.359928	0.00496263	0.0201504	
0.0179211	0.0509532	0.00515981	0.00362072	0.0040302	0.00747292	0.00440563	0.0104376	0.00755906	0.00654368	0.00494358	0.00729913	0.00216455	0.0319566	0.0529897	0.0042601	0.0149506	0.756402	0.00422626	0.00270336	
0.00915314	0.00644149	0.00985778	0.0224012	0.756257	0.000370511	0.0252268	0.00362311	0.0203336	0.00235706	0.0230992	0.00851986	0.0154112	0.0111079	0.0108688	0.00547202	0.0350406	0.00347719	0.0253046	0.00567647	
0.00266022	0.0100593	0.00684416	0.230884	0.00836744	0.00115727	0.0430147	0.0103855	0.29114	0.00993135	0.0053978	0.0216742	0.00636588	0.144284	0.084762	0.0739022	0.0216651	0.00672926	0.0190897	0.0016856	
0.0176572	0.0521458	0.00496581	0.00366761	0.00381056	0.0075299	0.004488	0.0106142	0.00732611	0.00695696	0.00477409	0.00722516	0.00221048	0.032169	0.0530193	0.00431454	0.0146052	0.756305	0.00410597	0.002109	
0.0412689	0.00286689	0.0551043	0.0393594	0.00204612	0.0078934	0.0110149	0.231821	0.0405141	0.209577	0.0174876	0.00996824	0.00616674	0.0129589	0.0160359	0.0138122	0.0836835	0.115902	0.0384146	0.0441039	
0.00654792	0.0210634	0.106705	0.262355	0.0196244	0.00676743	0.000848039	0.00436108	0.120761	0.00477827	0.00962506	0.0216517	0.0300397	0.0375848	0.0192821	0.273603	0.0300267	0.0107137	0.00989807	0.00376401	
0.00588149	0.00639166	0.00437899	0.00994763	0.0224646	0.838752	0.00337487	0.00689929	0.0124916	0.00381509	0.00530216	0.0100535	0.010505	0.00562779	0.0060485	0.0133542	0.0165063	0.00434471	0.00355262	0.010308	
0.0166563	0.0194502	0.0119525	0.0632354	0.0586202	0.0261003	0.00240414	0.0445806	0.0708	0.114571	0.382648	0.00312121	0.00809213	0.0480868	0.013763	0.00868792	0.0197223	0.00549846	0.00992999	0.0720794	
0.0151829	0.00411858	0.192731	0.028195	0.0105445	0.480472	0.00286543	0.00478654	0.021162	0.0155184	0.00283204	0.0920019	0.00364971	0.00717526	0.00645988	0.0825664	0.0126353	0.00511731	0.0044601	0.00752614	
0.0168137	0.00633514	0.0043014	0.0328751	0.0103391	0.006642	0.0167097	0.131863	0.0503456	0.0447166	0.00653837	0.0239596	0.00562678	0.0275277	0.0109424	0.0218343	0.11338	0.426366	0.0146668	0.0282168	
0.00572284	0.0668074	0.0067505	0.00465856	0.00478034	0.0117115	0.0332934	0.0139339	0.015784	0.043336	0.00657119	0.0197823	0.0107105	0.0360422	0.0138642	0.0187473	0.15073	0.514862	0.0100959	0.0118166	
0.0128132	0.00622423	0.0600048	0.134125	0.0165949	0.00207124	0.00779105	0.00899275	0.252638	0.00565878	0.00382388	0.0164415	0.00516574	0.0202385	0.294842	0.0287564	0.0366121	0.028502	0.00557516	0.0531295	
0.0999334	0.00768057	0.0273367	0.0340509	0.0059074	0.00410299	0.00906113	0.0126675	0.378614	0.0587711	0.0632758	0.0145952	0.00514766	0.0837906	0.0667708	0.064721	0.0362096	0.0147724	0.0069619	0.00562928	
0.0100212	0.00543508	0.00503969	0.0175044	0.00550123	0.00763257	0.00543122	0.55541	0.0119446	0.0355394	0.0612857	0.0140464	0.00435966	0.00591234	0.00563257	0.00537714	0.00250828	0.214786	0.0260769	0.000555405	
0.00887629	0.00553748	0.00552471	0.836753	0.0142796	0.00582268	0.0122652	0.00471099	0.011311	0.00675013	0.00679149	0.00989927	0.00445047	0.00445562	0.00830737	0.0145874	0.0167084	0.0110124	0.00384868	0.00810759	
0.22413	0.00298055	0.0200079	0.0410739	0.0342073	0.0496759	0.0322489	0.0266542	0.117839	0.0136377	0.0107862	0.0617945	0.0026275	0.0999386	0.0334702	0.1789	0.0374265	0.00831325	0.0020829	0.00220449	
0.017706	0.106425	0.00877205	0.046715	0.0750916	0.0129541	0.00657838	0.0239699	0.0259028	0.10024	0.0100624	0.0485097	0.00243527	0.109199	0.00672193	0.0330761	0.0993573	0.172836	0.00609692	0.0873502	
0.00723741	0.0307737	0.0728852	0.0256287	0.00424674	0.436059	0.0196067	0.0232913	0.0753757	0.0169281	0.0166469	0.0322162	0.110463	0.0180145	0.0138636	0.0108119	0.0618836	0.0080521	0.0012861	0.0147297	
0.00324313	0.00441245	0.104833	0.00996575	0.0307514	0.00516232	0.0015436	0.00789547	0.0431895	0.0189532	0.0365488	0.0155412	0.00348183	0.0135374	0.00744257	0.35217	0.272428	0.0608881	0.00372718	0.0042852	
0.158998	0.0118618	0.138151	0.0209575	0.00143726	0.249535	0.014982	0.00653073	0.0481669	0.00115723	0.0138609	0.0485836	0.0350517	0.0551082	0.0216536	0.137762	0.0184872	0.00301206	0.00462921	0.0100743	
0.0479812	0.0136939	0.0150644	0.026617	0.00263881	0.0252307	0.00497401	0.0197561	0.0276697	0.00411027	0.0046798	0.0687325	0.016234	0.122977	0.043665	0.468988	0.0526164	0.00407503	0.028801	0.00149526	
0.0155774	0.00319384	0.181643	0.021247	0.00886029	0.533882	0.0022652	0.00362608	0.015917	0.0130374	0.0076656	0.0856907	0.00306767	0.00582245	0.00533821	0.0662485	0.0111928	0.00445811	0.0041163	0.00715094	
0.0814567	0.00562238	0.0219784	0.0139976	0.0169991	0.0045921	0.00921908	0.00842265	0.419396	0.00171435	0.00328193	0.0297568	0.00513377	0.031814	0.197135	0.0662932	0.0647579	0.00904491	0.00333044	0.00605372	
0.0105479	0.0249452	0.0183341	0.0522867	0.0186688	0.0202246	0.0126098	0.0125174	0.00212887	0.00797846	0.0188053	0.0220998	0.399595	0.0221873	0.000858809	0.00596328	0.204705	0.071761	0.0271745	0.0466083	
0.101065	0.00795401	0.0288965	0.0255991	0.00766887	0.0042345	0.00872144	0.0116066	0.362545	0.0566153	0.0544467	0.0213392	0.00410793	0.077394	0.072897	0.0835113	0.0379689	0.0238004	0.00594799	0.00368009	
0.116675	0.020513	0.0116685	0.0243697	0.0108631	0.00453312	0.0141248	0.00394364	0.34686	0.0319973	0.00610246	0.0313539	0.00338418	0.162518	0.0601686	0.0829457	0.0221478	0.042133	0.00088508	0.00281307	
0.0541949	0.000606868	0.0592691	0.115613	0.00211101	0.00184403	0.0100243	0.00467138	0.301885	0.00544329	0.00702466	0.0147824	0.162231	0.0465997	0.092094	0.0288875	0.0339418	0.0525511	0.00136088	0.00486374	
0.0209025	0.0827297	0.000370128	0.00615973	0.00311503	0.00840298	0.00913828	0.230312	0.0229669	0.0050206	0.00226284	0.00372625	0.0156017	0.0643989	0.0130669	0.00389321	0.00559884	0.450886	0.0112176	0.04023	
0.0267489	0.00410414	0.0369487	0.0538695	0.00831729	0.00723543	0.0180574	0.094933	0.101694	0.0254423	0.0116734	0.0140503	0.0032322	0.016087	0.0247505	0.0205155	0.13008	0.371713	0.00727323	0.0232746	
0.00385781	0.0247065	0.0401437	0.0160153	0.00151088	0.0185736	0.0166072	0.616285	0.00624338	0.0058812	0.00282578	0.013165	0.0519124	0.0447832	0.00468574	0.0026006	0.00415851	0.0854406	0.0243413	0.0162623	
0.310914	0.0235109	0.0299376	0.0637178	0.0041648	0.0236408	0.0230011	0.0331609	0.0236317	0.00634821	0.00477871	0.00843714	0.00461277	0.0257075	0.0206639	0.105969	0.133654	0.133956	0.0192741	0.000919239	
0.0454208	0.0221235	0.448028	0.0715325	0.0135348	0.000740761	0.00947928	0.00694448	0.100071	0.0310341	0.00910198	0.123209	0.00171466	0.0211397	0.00179376	0.0470668	0.0210979	0.00281337	0.0220211	0.00113201	
0.0360993	0.399134	0.0148188	0.0965626	0.0023414	0.0171274	0.0226699	0.00325499	0.0484625	0.00843616	0.0909973	0.0145923	0.00206316	0.0611645	0.00638499	0.157311	0.00465385	0.0106286	0.00127513	0.00202229	
0.00554136	0.00612695	0.0039499	0.00914802	0.0643542	0.799292	0.00811438	0.00691968	0.0125255	0.00569321	0.00485884	0.00911188	0.00947577	0.00533593	0.00643998	0.0119264	0.0147666	0.00416643	0.00311141	0.00914127	
