0.0274707	0.00813314	0.209493	0.0633341	0.0103805	0.0161357	0.0494616	0.318428	0.0179324	0.109073	0.00923545	0.0144362	0.00601802	0.015087	0.0583038	0.00652359	0.01588	0.0242448	0.00905206	0.0113772	
0.34285	0.0138227	0.0321435	0.0201881	0.0491114	0.0156881	0.0211634	0.0384666	0.0568811	0.0490285	0.0422444	0.091484	0.00485924	0.0199012	0.0364131	0.0718854	0.0317001	0.0191175	0.0202063	0.022845	
0.0344092	0.0139023	0.0532652	0.0534776	0.0744939	0.0457665	0.0115921	0.0410366	0.0539307	0.0134167	0.0295734	0.0525561	0.312937	0.0166692	0.00974453	0.0340684	0.0231227	0.0438835	0.0438161	0.0383385	
0.0391621	0.00735502	0.195424	0.0598435	0.00795232	0.0154533	0.0503377	0.369046	0.0200451	0.0594334	0.00441767	0.012323	0.0129272	0.0139944	0.058402	0.00543024	0.0113756	0.0324473	0.0142654	0.0103642	
0.127974	0.0206916	0.0452425	0.0899835	0.0478949	0.0326766	0.0272278	0.0346995	0.0540097	0.0439553	0.0395424	0.0662974	0.0135022	0.0339277	0.0291532	0.195978	0.0302144	0.0167715	0.0211498	0.0291077	
0.372912	0.012601	0.0228228	0.0239194	0.0450547	0.0119398	0.0200759	0.050005	0.0624167	0.0453574	0.03552	0.0787607	0.00805167	0.0208089	0.0518963	0.0326715	0.0281726	0.0281363	0.0225815	0.026296	
0.0156181	0.00837794	0.373434	0.0633531	0.0336272	0.0101651	0.0367816	0.181372	0.0196387	0.0518221	0.0155407	0.0173157	0.0216777	0.018395	0.0512155	0.0172014	0.028944	0.00787908	0.0181611	0.00948045	
0.081401	0.00663323	0.0515487	0.0503724	0.289337	0.0489803	0.0248375	0.0199676	0.0588668	0.0241349	0.0306187	0.0726854	0.0474597	0.0260564	0.0398857	0.0271969	0.0381515	0.0167682	0.028926	0.0161722	
0.0714679	0.0150663	0.0500706	0.0658792	0.0253237	0.0643465	0.030347	0.0352137	0.0640817	0.03861	0.0351894	0.0625437	0.0135663	0.0303216	0.0308982	0.235707	0.0417657	0.0450604	0.0251331	0.0194081	
0.103539	0.0123337	0.0163575	0.0493039	0.056081	0.0347844	0.00606587	0.0232927	0.0953255	0.0493536	0.0306054	0.289043	0.0267185	0.0263818	0.042048	0.0245753	0.0231694	0.0463679	0.0270815	0.0175718	
0.0884407	0.0210248	0.042612	0.0463188	0.0273865	0.0403243	0.00868287	0.0490009	0.0718645	0.257396	0.0735944	0.0734774	0.00498254	0.0233687	0.0136389	0.0415152	0.0427338	0.0307002	0.0149679	0.0279693	
0.0558654	0.0448318	0.0152963	0.052327	0.0504898	0.169565	0.0139267	0.00777679	0.194417	0.0426624	0.0454428	0.0131968	0.043368	0.0552136	0.00660847	0.0553013	0.0303721	0.0294748	0.0344045	0.0394592	
0.141044	0.0191546	0.028661	0.0451451	0.030016	0.0305476	0.0142219	0.0839194	0.0761898	0.102712	0.0738986	0.113806	0.0233998	0.0199549	0.0221982	0.0523685	0.020082	0.0465648	0.0242223	0.0318924	
0.0236827	0.0115741	0.218026	0.174829	0.0400525	0.0128204	0.0404513	0.149501	0.0165962	0.050928	0.0214097	0.0331037	0.0305483	0.0181003	0.0455437	0.0273466	0.032208	0.0131956	0.0214248	0.0186587	
0.0244629	0.00658262	0.230106	0.0671158	0.00819741	0.0107898	0.0507469	0.34943	0.0135921	0.0853213	0.00501392	0.0118456	0.00740584	0.012438	0.063768	0.00508517	0.0113723	0.0154958	0.0124995	0.00873091	
0.12379	0.00894063	0.0512819	0.0324298	0.0475272	0.014981	0.0191703	0.0534073	0.117086	0.0261149	0.0111969	0.0582156	0.0161342	0.0142226	0.23546	0.00856693	0.058896	0.067458	0.00799285	0.0271277	
0.290474	0.0117263	0.0633498	0.0429567	0.048504	0.0230532	0.0258392	0.0390702	0.0533797	0.0443608	0.0375571	0.0731477	0.00756139	0.0277875	0.0385207	0.0789632	0.031168	0.0210896	0.0185408	0.0229502	
0.0261513	0.010954	0.0142044	0.0210093	0.00620891	0.0118263	0.00755867	0.0893696	0.0347329	0.106923	0.0127476	0.0285218	0.00752013	0.0149837	0.0105289	0.0204957	0.0966889	0.445489	0.0131814	0.0209043	
0.00820018	0.00686378	0.354729	0.0937053	0.0246529	0.00465699	0.0457353	0.222132	0.0113446	0.0604216	0.0122525	0.0092962	0.0164288	0.0174564	0.0579462	0.0119541	0.0198593	0.00459029	0.0121942	0.00557951	
0.250498	0.0131133	0.0310914	0.0308009	0.0557848	0.0261198	0.0189488	0.0151989	0.0767994	0.0283203	0.022463	0.0849027	0.00473369	0.0211835	0.152457	0.0133561	0.062229	0.0437845	0.0174681	0.0307476	
0.367964	0.0122766	0.0190379	0.0267162	0.0461937	0.0124193	0.0216668	0.0460764	0.0631991	0.043861	0.0371378	0.0920048	0.00734294	0.0207125	0.0508566	0.0306972	0.027556	0.0296463	0.0238248	0.0208102	
0.0286116	0.0135129	0.035218	0.0242029	0.0573655	0.312952	0.0239756	0.041889	0.0837418	0.0409331	0.0381735	0.0481438	0.0478938	0.0281477	0.0113444	0.0405019	0.0379624	0.0199313	0.0355855	0.0299138	
0.36953	0.0116909	0.0273241	0.0187997	0.0497136	0.0120518	0.0196433	0.0485975	0.0630697	0.0429917	0.0339037	0.0877	0.00951328	0.020331	0.0543677	0.0321275	0.0261959	0.0283472	0.0231133	0.0209883	
0.00726814	0.00616628	0.34999	0.0878835	0.0200114	0.00394727	0.0566742	0.245931	0.00728767	0.0623139	0.00880356	0.00814032	0.0147364	0.0150223	0.0626414	0.00985499	0.0149766	0.00234645	0.0114423	0.00456264	
0.0731257	0.00638347	0.0486963	0.0500035	0.0525997	0.0295604	0.0254686	0.0531949	0.0514023	0.0168804	0.029911	0.0681694	0.0510624	0.0264726	0.0101326	0.0252143	0.050433	0.0622103	0.235548	0.0335309	
0.0592445	0.0101173	0.133369	0.0587192	0.0110708	0.0275593	0.0373354	0.329527	0.0359063	0.0482739	0.00891953	0.0505688	0.0244375	0.0175684	0.0468913	0.0116197	0.0141367	0.0403153	0.0208113	0.0136089	
0.0362512	0.00845579	0.194507	0.0595099	0.00761008	0.0166702	0.050888	0.373345	0.019555	0.0578841	0.00453606	0.0141841	0.0146079	0.0135651	0.0575135	0.00622718	0.0109571	0.0298141	0.0142384	0.00968092	
0.0796099	0.00938439	0.0287977	0.034466	0.00350042	0.026031	0.0289966	0.222327	0.0488864	0.00810015	0.0097006	0.0405215	0.0313901	0.0223084	0.0299784	0.00930569	0.0366842	0.300958	0.0262404	0.0028134	
0.0275437	0.0131194	0.031648	0.0345447	0.0627727	0.299626	0.0240526	0.0416019	0.0789709	0.041998	0.039248	0.0565727	0.0458659	0.0287182	0.0124284	0.0371036	0.0392046	0.0182475	0.0369678	0.0297653	
0.0796617	0.013013	0.0475738	0.0161146	0.0527846	0.0369096	0.0247658	0.0432889	0.0669505	0.0344348	0.0276177	0.0589568	0.00747102	0.0296924	0.12374	0.0214496	0.17652	0.0735359	0.0230735	0.0424465	
0.0765546	0.00483903	0.0554106	0.0445671	0.33317	0.0512781	0.0252405	0.0151181	0.0534024	0.00577188	0.0263183	0.0753449	0.0488646	0.0261014	0.0336012	0.0304926	0.0380593	0.0134455	0.029244	0.0131759	
0.0301736	0.0135319	0.0149412	0.0325108	0.0497839	0.0188503	0.0210793	0.0583026	0.0442928	0.0303015	0.0189142	0.0506495	0.0273891	0.0228518	0.0349789	0.0287024	0.0864133	0.357523	0.0249545	0.0338554	
0.038629	0.0171338	0.0555905	0.0580098	0.0732164	0.0495484	0.0101282	0.0332116	0.0568718	0.0133247	0.034138	0.039555	0.293419	0.0193387	0.00866975	0.0557705	0.0251729	0.0366671	0.0396724	0.0419319	
0.10288	0.0119401	0.0150623	0.0426868	0.055082	0.0365736	0.00622898	0.0157327	0.0206452	0.0387414	0.0277035	0.418991	0.0278224	0.02549	0.0305145	0.0228987	0.0202996	0.0447161	0.0263088	0.00968215	
0.0305074	0.00833381	0.176237	0.0608542	0.0101773	0.01454	0.0417652	0.30365	0.0201335	0.0865903	0.00694271	0.0150421	0.00979614	0.0137216	0.053429	0.00785892	0.0389522	0.077034	0.0110077	0.0134273	
0.0279743	0.0110568	0.038846	0.0347747	0.0354732	0.0255326	0.0217937	0.0596849	0.0228939	0.0521231	0.0139144	0.0385026	0.0073212	0.0239885	0.0155015	0.0296297	0.26355	0.2194	0.0222919	0.035748	
0.0802794	0.00618808	0.0494146	0.0559733	0.251446	0.049277	0.0245356	0.0451128	0.053647	0.00583839	0.0307325	0.0659652	0.0618858	0.0269604	0.0305693	0.056546	0.047296	0.0150763	0.0271217	0.016135	
0.0314824	0.0153299	0.0256164	0.0405987	0.0589879	0.270616	0.023325	0.0288054	0.086527	0.0383443	0.0394361	0.057024	0.0457117	0.0282787	0.0135224	0.0734611	0.0412528	0.0160702	0.034713	0.0308975	
0.0348411	0.0183505	0.0500027	0.0521961	0.0658745	0.0495077	0.0130226	0.043759	0.0585674	0.0392483	0.0346002	0.0507242	0.282479	0.0167385	0.0118955	0.0311422	0.0242549	0.0445705	0.0373737	0.0408515	
0.0351271	0.00640984	0.163135	0.0436588	0.0461176	0.117457	0.0267553	0.0645634	0.0526506	0.0331039	0.0256094	0.0627979	0.0341962	0.0355245	0.0518672	0.0219572	0.0532943	0.0680305	0.0257318	0.0320126	
0.010082	0.00776628	0.00532309	0.0148889	0.003148	0.00631644	0.0120365	0.116947	0.0256529	0.0878666	0.00441981	0.0150421	0.00958027	0.0126638	0.0114712	0.0116036	0.102272	0.511363	0.0105996	0.0209567	
0.00971234	0.00782663	0.00615911	0.0157105	0.00380097	0.00629367	0.0122885	0.113535	0.0276171	0.0958257	0.00540158	0.0164848	0.00747578	0.0126628	0.0102829	0.0134663	0.105032	0.498673	0.0110242	0.0207274	
0.0407063	0.0216489	0.00971133	0.181835	0.0650338	0.0288838	0.0148478	0.0455983	0.12378	0.0447548	0.0356733	0.0736729	0.0433503	0.0647337	0.032251	0.0449553	0.0435175	0.0250988	0.027575	0.0323722	
0.343835	0.012347	0.0225236	0.0312491	0.0433142	0.0184989	0.024728	0.0411169	0.0564121	0.045926	0.0447561	0.0838928	0.00566732	0.02358	0.0368548	0.0741989	0.0312689	0.0198915	0.0187951	0.0211443	
0.00915068	0.00794483	0.00535353	0.0165417	0.00318906	0.00609744	0.0112774	0.117544	0.0261835	0.0868187	0.00435601	0.0156527	0.0093331	0.0129145	0.0108086	0.0129727	0.10382	0.508566	0.0107433	0.020732	
0.116271	0.00925687	0.0622345	0.034541	0.0485663	0.0139328	0.0237571	0.0695914	0.0971207	0.021494	0.0192044	0.0566489	0.00647781	0.00939477	0.247756	0.0225965	0.0447872	0.0563925	0.0148424	0.025134	
0.0984398	0.0200303	0.0163825	0.0532506	0.0521024	0.046687	0.00539809	0.0211075	0.160027	0.0499257	0.0400898	0.12102	0.0323544	0.0282584	0.0417265	0.060138	0.0256382	0.0417009	0.025262	0.0604614	
0.0327344	0.00716718	0.235955	0.0759423	0.0184807	0.00937883	0.0741147	0.239566	0.00528837	0.066368	0.0106134	0.0195817	0.00876644	0.0117714	0.0952248	0.0143987	0.0257214	0.0270234	0.0100317	0.0118716	
0.219207	0.0109416	0.0389121	0.0504131	0.0186044	0.0465018	0.0255293	0.0314601	0.0518393	0.0388812	0.0381926	0.0717797	0.00927417	0.028753	0.0287709	0.144095	0.070327	0.0401794	0.0217554	0.0145833	
0.0373372	0.0152256	0.254836	0.0239298	0.0391474	0.0285977	0.0132988	0.0737203	0.0450436	0.0434599	0.0267364	0.0771781	0.039043	0.0241375	0.0380742	0.0424173	0.0645591	0.0223441	0.0305083	0.060406	
0.0948308	0.0172884	0.0295792	0.0321411	0.0388871	0.0341656	0.0160245	0.0745309	0.0698059	0.168323	0.0932309	0.0714892	0.00619364	0.00937597	0.0110146	0.0366936	0.0455451	0.103705	0.0196333	0.0275424	
0.0397136	0.0149604	0.053161	0.0551345	0.0654542	0.0454811	0.014066	0.0421541	0.0537256	0.0125156	0.0313923	0.0450567	0.29321	0.0155572	0.0104806	0.0352818	0.0427096	0.0514676	0.0396481	0.0388296	
0.0804005	0.0230389	0.0447625	0.0436016	0.0760393	0.0383671	0.0178693	0.0737501	0.0770765	0.176099	0.102754	0.0826262	0.0124994	0.0183845	0.0226716	0.0223224	0.0343297	0.0132233	0.0110033	0.0291807	
0.013346	0.00781813	0.370189	0.0627119	0.0352868	0.011734	0.0357355	0.183874	0.020521	0.054357	0.0141281	0.0181677	0.0213357	0.0176467	0.0489732	0.018091	0.0290127	0.0080944	0.0186665	0.0103106	
0.0179495	0.00980964	0.0119134	0.0191319	0.0122603	0.0130459	0.0190079	0.084124	0.039214	0.049368	0.010604	0.0368473	0.0217762	0.0183729	0.0244007	0.0204647	0.085413	0.463198	0.0189642	0.0241345	
0.0546432	0.0124096	0.124601	0.0548362	0.0146959	0.0309838	0.029648	0.167911	0.0392146	0.206106	0.0269647	0.0551766	0.0111554	0.0186061	0.0441108	0.0155967	0.0327994	0.0318649	0.00818884	0.0204867	
0.0334522	0.00784327	0.197408	0.0620225	0.0082481	0.015449	0.051215	0.36926	0.0177301	0.0617959	0.00418551	0.0134577	0.0142522	0.0145772	0.0592193	0.00588231	0.0098776	0.0298254	0.0146995	0.00959921	
0.137835	0.0198336	0.0385907	0.0710082	0.0476312	0.0614535	0.0301709	0.0321012	0.059607	0.0190671	0.0355657	0.062704	0.0134387	0.0334371	0.0279756	0.197132	0.0382796	0.0355976	0.0116047	0.0269662	
0.0989339	0.0112347	0.0159103	0.0414812	0.0652535	0.0354179	0.00540795	0.0166431	0.0211489	0.0400338	0.0310942	0.411109	0.0256853	0.0258947	0.0314646	0.0211518	0.018338	0.044589	0.0285867	0.010622	
0.0180758	0.0083192	0.00745597	0.0214882	0.00684667	0.00992749	0.0165764	0.0942794	0.0312706	0.0588942	0.00695151	0.0298433	0.0149624	0.0150866	0.0193798	0.0173799	0.0930339	0.493934	0.0124412	0.0238534	
0.00864281	0.00643215	0.345836	0.0904255	0.0210839	0.00535467	0.0575362	0.24406	0.00678955	0.0631613	0.00973094	0.00780693	0.0127486	0.0142614	0.0633136	0.00882069	0.0145642	0.00298586	0.0114939	0.00495121	
0.0950304	0.0162556	0.0125963	0.0386254	0.0439269	0.0353574	0.00608187	0.12658	0.147916	0.0655686	0.0391759	0.0875985	0.0251166	0.0240665	0.0409277	0.0211499	0.0501812	0.085806	0.0240563	0.0139822	
0.0748042	0.00939526	0.0205952	0.0446253	0.0724274	0.0384248	0.00622162	0.041455	0.0573768	0.0455986	0.0398502	0.0438607	0.0384434	0.0272859	0.0439053	0.0257726	0.0680962	0.0727978	0.0264537	0.20261	
0.0701161	0.00981303	0.0615545	0.0394724	0.00937435	0.0276727	0.0340448	0.301373	0.0395415	0.0293573	0.00569052	0.0214021	0.0266267	0.0215118	0.0354738	0.0104045	0.023745	0.196378	0.0235074	0.0129411	
0.207152	0.0132157	0.0414128	0.0407321	0.0476384	0.0374009	0.0216821	0.0696415	0.0405685	0.0209831	0.00395228	0.0762152	0.146092	0.0250413	0.0549582	0.00994656	0.0104844	0.070996	0.0351674	0.02672	
0.375839	0.011826	0.0177142	0.0283089	0.0442118	0.0131766	0.0224026	0.0483355	0.0580246	0.0466653	0.0364401	0.0820706	0.00929529	0.0194651	0.0517369	0.0320513	0.0275984	0.0307796	0.0225584	0.0215002	
0.0764706	0.0057415	0.0545638	0.0495216	0.296407	0.0521225	0.0251404	0.0192009	0.0576292	0.0049857	0.0242199	0.0710766	0.0567489	0.0270241	0.0302467	0.0531245	0.0441014	0.0117578	0.0271329	0.0127839	
0.332204	0.0131665	0.0260077	0.0162587	0.0393629	0.0119193	0.0208604	0.0616348	0.0615958	0.0385021	0.0345268	0.0853904	0.0138661	0.017436	0.0549195	0.0233351	0.0255928	0.0776321	0.0231112	0.022678	
0.114711	0.0067829	0.040375	0.0561857	0.0551928	0.0697363	0.0184599	0.0115829	0.0617816	0.0349533	0.0265006	0.150192	0.0277206	0.0296608	0.0991279	0.0832618	0.0238874	0.0393796	0.0199785	0.0305291	
0.337541	0.0124511	0.0211195	0.0303923	0.0483994	0.0153445	0.0253442	0.0422886	0.0603128	0.0392673	0.0303959	0.0837371	0.00738398	0.0211229	0.0622925	0.0330401	0.0572697	0.0261372	0.0191	0.0270598	
0.0636464	0.0180383	0.0579136	0.045676	0.0608829	0.0936411	0.0173571	0.0411595	0.05322	0.0122449	0.0269176	0.073017	0.0110766	0.115985	0.0387112	0.0495573	0.0979991	0.0576723	0.0293906	0.0358932	
0.0148323	0.00984588	0.375639	0.0637325	0.0326777	0.0111322	0.0359318	0.181103	0.0206374	0.0548253	0.0149925	0.0157373	0.0212328	0.0177494	0.0490512	0.0172273	0.0280147	0.00803062	0.0182103	0.00939649	
0.0278014	0.00780913	0.235835	0.065548	0.0142578	0.0119899	0.0870545	0.254176	0.00419457	0.089406	0.0112113	0.016205	0.00187005	0.00935762	0.0787044	0.0111203	0.0239566	0.0288493	0.0114043	0.00924873	
0.0643753	0.0177649	0.0874	0.0495222	0.0410058	0.0254324	0.0157172	0.218879	0.0546625	0.139334	0.0498151	0.060226	0.00691991	0.0174959	0.0219036	0.025223	0.0294515	0.0376228	0.0154274	0.0218217	
0.0540911	0.0226118	0.049844	0.053607	0.0493918	0.0606054	0.0247677	0.0272975	0.0533631	0.0175083	0.0392178	0.0584054	0.0110123	0.0318955	0.0243812	0.158389	0.141854	0.0586169	0.0298524	0.0332883	
0.0138496	0.00867394	0.00637644	0.0184284	0.00473791	0.00817798	0.0148816	0.122846	0.0292839	0.0666025	0.00475759	0.0235868	0.0148771	0.0136689	0.0152793	0.0130638	0.0926084	0.495487	0.0126699	0.0201436	
0.0873561	0.0149549	0.025883	0.0416517	0.0528531	0.0480076	0.287917	0.0724292	0.0471946	0.0205436	0.0266422	0.0237478	0.0117171	0.00683033	0.0202206	0.0482413	0.056223	0.0711746	0.0262806	0.0101317	
0.0101619	0.00811314	0.00712274	0.0159293	0.00393178	0.00700584	0.0114325	0.103778	0.0288664	0.0865082	0.00509443	0.017418	0.0107317	0.0142121	0.0117825	0.0142011	0.103365	0.506622	0.0108371	0.0228865	
0.0880437	0.0114003	0.0500929	0.0339489	0.0393331	0.038022	0.0226567	0.0571351	0.0236048	0.0419879	0.0140104	0.0523876	0.00809217	0.0292971	0.0500901	0.0629438	0.171169	0.147226	0.0205812	0.0379769	
0.0289674	0.0148946	0.0485886	0.0336809	0.0331211	0.0318044	0.0210913	0.0492364	0.0210567	0.0444935	0.0155296	0.0440947	0.00862235	0.026084	0.0136088	0.0619421	0.242038	0.192626	0.0283274	0.0401917	
0.0702175	0.0150276	0.0545684	0.0525257	0.0645799	0.0402729	0.0142045	0.0432316	0.0548991	0.0123013	0.0278338	0.0478496	0.261192	0.014758	0.0135418	0.0361853	0.0442249	0.0537837	0.039508	0.0392947	
0.0859197	0.0135479	0.0273066	0.0425305	0.0524222	0.0488057	0.287701	0.0726178	0.0486604	0.0198658	0.024918	0.0240986	0.0111132	0.0077355	0.0208021	0.0487366	0.0518684	0.0718206	0.0287755	0.0107542	
0.0225023	0.00695471	0.227009	0.0656949	0.00916427	0.0122851	0.05107	0.337048	0.015445	0.095762	0.0060019	0.0134984	0.0064454	0.012763	0.0630338	0.00530056	0.012592	0.0176363	0.00998078	0.00981309	
0.175488	0.0165083	0.079968	0.0469849	0.0416551	0.0481807	0.0197937	0.0129421	0.0501184	0.0660756	0.0463737	0.0738106	0.0351825	0.0292002	0.0410505	0.0574478	0.0627535	0.0364274	0.0219815	0.0380574	
0.116339	0.00978369	0.0690993	0.03936	0.0479095	0.0142303	0.025446	0.0622665	0.0990056	0.0196957	0.0186019	0.0608264	0.00652223	0.00945814	0.249625	0.0205046	0.0459605	0.0534544	0.00817921	0.0237322	
0.0783533	0.0138658	0.0455004	0.0391879	0.0475709	0.0352095	0.0222563	0.0294857	0.0235016	0.0428204	0.0279908	0.0525154	0.00913449	0.0287616	0.0200535	0.0341821	0.256924	0.122864	0.0257408	0.0440807	
0.0218692	0.00842235	0.0112059	0.0191654	0.0037547	0.0104148	0.0126225	0.107051	0.0290172	0.0971509	0.00451088	0.0211754	0.00938758	0.0131997	0.014025	0.0116388	0.0993254	0.474809	0.00868542	0.0225682	
0.0860425	0.017825	0.0414634	0.039553	0.0367756	0.0403365	0.0134195	0.015724	0.057027	0.0326499	0.0887999	0.0729915	0.0645314	0.0286162	0.0303493	0.0534391	0.0902954	0.0472071	0.0355861	0.107368	
0.0204733	0.0123333	0.0318869	0.0287416	0.0279232	0.0247873	0.0185618	0.0908951	0.0316757	0.0630782	0.0188423	0.019492	0.00640722	0.0188004	0.022998	0.0345081	0.183922	0.289015	0.0210145	0.034644	
0.0394549	0.00675902	0.194467	0.0610727	0.00779479	0.0157116	0.0494551	0.371929	0.0186775	0.0592435	0.00458144	0.0137733	0.0142619	0.0151456	0.0554224	0.0061315	0.0115766	0.0279465	0.0157852	0.0108107	
0.117901	0.00847989	0.0610783	0.0339791	0.0457504	0.0143377	0.024068	0.0669558	0.0989788	0.0220167	0.0206682	0.0576343	0.00629267	0.0106689	0.25607	0.0226506	0.0451795	0.0515365	0.00753106	0.0282229	
0.25615	0.0144452	0.0370494	0.0508609	0.045024	0.0436488	0.0270109	0.0294214	0.0598502	0.0215156	0.034027	0.0744092	0.00850586	0.0321198	0.0318139	0.136244	0.0341621	0.0289752	0.0106699	0.0240971	
0.0756796	0.0207735	0.0578615	0.0508177	0.0393874	0.0441599	0.0196564	0.0804909	0.0669736	0.193937	0.0504671	0.0731565	0.0130901	0.0243269	0.0243077	0.0647599	0.0376516	0.0257712	0.0101357	0.0265962	
0.0292114	0.0143192	0.0536154	0.0185475	0.0537073	0.253807	0.0270361	0.0479262	0.0762098	0.0359886	0.0335963	0.0610678	0.0418538	0.0280033	0.0115264	0.0445673	0.0472968	0.0587157	0.0341786	0.0288252	
0.0816682	0.0192607	0.0328133	0.0214565	0.0486008	0.0715533	0.0193226	0.0333951	0.222029	0.0680738	0.130438	0.023616	0.034378	0.0129221	0.0206185	0.0408925	0.0233114	0.0327374	0.0317955	0.0311172	
0.118804	0.0119235	0.0430523	0.0333996	0.0567871	0.0479569	0.0183583	0.0190845	0.110184	0.0252368	0.0194379	0.0678268	0.0230522	0.0224776	0.203695	0.0101053	0.0639882	0.0563181	0.0158081	0.0325039	
0.368764	0.0127955	0.0191173	0.0271573	0.0487186	0.0115246	0.0211794	0.0509878	0.0613095	0.0415397	0.0365807	0.0831437	0.00877363	0.0205409	0.05705	0.030363	0.0259254	0.029981	0.0223649	0.0221829	
0.0288099	0.0176404	0.0409718	0.01684	0.0630026	0.264034	0.0273963	0.0390307	0.0839615	0.0340141	0.0391975	0.0517219	0.0465886	0.0286246	0.0085642	0.0495387	0.0416261	0.0175553	0.0716638	0.0292179	
0.0096587	0.00785385	0.0074011	0.0139633	0.00306425	0.00645024	0.0120037	0.112849	0.0260823	0.0874587	0.00358456	0.0157315	0.00771236	0.0126273	0.0123322	0.0113698	0.105954	0.511847	0.0105332	0.0215231	
0.168608	0.0142815	0.0268022	0.0219715	0.0312469	0.0142248	0.0247661	0.0832219	0.0538233	0.0106211	0.0106787	0.0666696	0.035519	0.0241391	0.0485135	0.0273327	0.0663221	0.219022	0.0260326	0.0262025	
0.0508078	0.011697	0.131901	0.0586456	0.0128289	0.0288805	0.0336011	0.169466	0.043424	0.202917	0.0254918	0.0488212	0.0101926	0.0161251	0.0426595	0.0148967	0.035397	0.0370538	0.00758264	0.0176107	
0.0967692	0.0111561	0.0152592	0.0453342	0.0614184	0.0345293	0.00591666	0.0164587	0.0237641	0.0413839	0.0301	0.416388	0.0260104	0.0230884	0.0302627	0.0216395	0.019508	0.0437409	0.0269376	0.010335	
0.0358807	0.0165287	0.0573855	0.0527668	0.0659419	0.0496021	0.0134846	0.0385907	0.0549918	0.0146311	0.03166	0.0525696	0.312536	0.0158473	0.00946323	0.0317921	0.0228358	0.0450142	0.0413598	0.0371181	
0.332875	0.0124961	0.0206686	0.0278405	0.0495865	0.0142737	0.0238865	0.0407923	0.063184	0.0427836	0.0338338	0.0777194	0.00611424	0.0225323	0.064428	0.0325358	0.0591474	0.0257706	0.0236876	0.0258446	
0.0572268	0.00439072	0.0470945	0.0398675	0.049136	0.00927609	0.0238987	0.0191715	0.035459	0.0407714	0.0294716	0.0424183	0.0159087	0.0299993	0.0102072	0.0310507	0.312606	0.124734	0.0278307	0.0494816	
0.0337665	0.0150353	0.0574721	0.057229	0.072889	0.0481294	0.0118173	0.0441119	0.0543576	0.0137774	0.028088	0.0542642	0.306257	0.0169139	0.00881303	0.0326524	0.0229141	0.0462259	0.039298	0.0359876	
0.0113137	0.00857462	0.0100695	0.0144008	0.00775492	0.00668005	0.0119515	0.103612	0.0280049	0.0898035	0.00680438	0.018647	0.0101339	0.0148937	0.0125893	0.015478	0.106406	0.487628	0.0127478	0.0225066	
0.0973636	0.0484157	0.0507893	0.0501693	0.0303263	0.0294735	0.0229683	0.0150482	0.0617351	0.0373374	0.0503657	0.0755898	0.0476572	0.0265016	0.00449918	0.14554	0.0773661	0.0431858	0.0377931	0.0478744	
0.0787871	0.0207059	0.0518657	0.0450544	0.0431031	0.0410684	0.0180267	0.0619732	0.0670529	0.229764	0.0747578	0.0756084	0.0122408	0.0200958	0.025927	0.0253899	0.0397726	0.0194664	0.0173578	0.0319827	
0.0542629	0.0109843	0.161187	0.0574356	0.0235387	0.0256054	0.0398427	0.195831	0.0313251	0.154469	0.015357	0.0413462	0.00483844	0.0122476	0.0670958	0.020986	0.0315394	0.0231637	0.0126656	0.0162794	
0.0651779	0.0181019	0.051193	0.113538	0.0723911	0.0191474	0.0181408	0.0359935	0.0538503	0.0247583	0.0353567	0.0565678	0.197033	0.0244999	0.0205818	0.0802488	0.0223014	0.0158624	0.0341763	0.0410798	
0.00838672	0.00565737	0.346084	0.0921072	0.0216319	0.00410265	0.0523364	0.241712	0.00475544	0.0619889	0.0111715	0.00945353	0.0132965	0.0175982	0.0615084	0.0111142	0.016726	0.00275805	0.0114662	0.00614545	
0.0146549	0.00992023	0.0085578	0.0222893	0.00743492	0.0103555	0.0174875	0.0972126	0.034177	0.0596196	0.00645375	0.0270243	0.0154298	0.0146598	0.0170173	0.0185843	0.093399	0.488638	0.0155115	0.0215731	
0.0846879	0.0212293	0.0528172	0.0483113	0.0274575	0.0446525	0.0103308	0.049679	0.0696074	0.248648	0.075984	0.0765232	0.00716821	0.0219448	0.0156511	0.037394	0.0398621	0.0232828	0.0180089	0.0267601	
0.00812017	0.00617243	0.359641	0.0870377	0.025127	0.00611033	0.0440726	0.221106	0.0108182	0.060573	0.0135418	0.010677	0.0190754	0.0165955	0.0561801	0.0132182	0.0189887	0.00422048	0.0127845	0.0059392	
0.096013	0.0227465	0.0359632	0.0440155	0.0311285	0.0450137	0.00808459	0.0422062	0.0820208	0.210572	0.138327	0.0762946	0.00585231	0.0194037	0.00739064	0.0371655	0.0346395	0.0163035	0.0197853	0.0270743	
0.0144963	0.0105228	0.00824176	0.0223699	0.00770586	0.0121949	0.0149557	0.0984949	0.0335176	0.0609428	0.00697401	0.0270827	0.0146729	0.0155367	0.0214491	0.0151169	0.0923405	0.489194	0.0144856	0.019705	
0.0904172	0.0146459	0.0515218	0.0512738	0.0482118	0.0661647	0.0215938	0.0519385	0.0632656	0.0142632	0.024073	0.0746937	0.0921294	0.0136694	0.0992213	0.0506568	0.0489594	0.0673759	0.0245519	0.031373	
0.0953487	0.0209091	0.0371886	0.0404024	0.0423679	0.0408469	0.0137207	0.0546911	0.0827606	0.173064	0.163003	0.0772223	0.00532668	0.0122271	0.00875885	0.0362087	0.0345968	0.015708	0.0194662	0.0261825	
0.0247892	0.0128603	0.0188657	0.0564043	0.0205323	0.0179555	0.0168039	0.0969161	0.0375498	0.0320669	0.00614929	0.0395148	0.0259088	0.0246357	0.0270646	0.0242507	0.0809405	0.387558	0.0217211	0.0275122	
0.0596401	0.0143691	0.12426	0.0569217	0.0139862	0.0278716	0.0312546	0.162298	0.0448947	0.204631	0.0294416	0.0552077	0.0099393	0.0175628	0.0410695	0.013948	0.0327609	0.0332489	0.00724415	0.0194492	
0.01049	0.00759065	0.0070554	0.0155559	0.00536619	0.00737974	0.0121421	0.109188	0.0280616	0.0839572	0.00419543	0.0160836	0.0110932	0.0135001	0.0120839	0.0126798	0.10167	0.507481	0.0116165	0.0228099	
0.0469605	0.0227038	0.0480972	0.0474633	0.0462876	0.061299	0.0290699	0.0188443	0.0481094	0.0404891	0.0434304	0.0320621	0.0114118	0.0300036	0.0256584	0.154247	0.159315	0.0717245	0.0264317	0.0363917	
0.0261759	0.0119697	0.0253425	0.0264034	0.0232387	0.050394	0.0207394	0.0938926	0.0467866	0.028582	0.00736375	0.049974	0.0249022	0.025259	0.0292986	0.0230228	0.0790166	0.362938	0.0198419	0.0248578	
0.100481	0.010381	0.0173142	0.0452349	0.0613911	0.0329489	0.00637339	0.0154098	0.0205228	0.0405646	0.0286998	0.420468	0.0258683	0.0234925	0.0295669	0.0215563	0.019407	0.0418385	0.0272672	0.0112139	
0.074871	0.00386908	0.0532666	0.049193	0.333377	0.0505326	0.0231073	0.015124	0.0546957	0.00577147	0.0260704	0.0747697	0.0501897	0.0274338	0.0350679	0.0290382	0.0379082	0.0134314	0.0296901	0.0125924	
0.0298563	0.0111535	0.0799607	0.0253926	0.058698	0.270507	0.0266327	0.0442508	0.0744589	0.0393851	0.0361995	0.0501721	0.0412142	0.0299367	0.0156265	0.0342727	0.0424941	0.0193894	0.0393204	0.0310792	
0.0816369	0.0181616	0.0323464	0.0224701	0.0570576	0.073941	0.0214614	0.0476617	0.281398	0.0458204	0.0372408	0.0212372	0.0357849	0.0154501	0.0328868	0.0383531	0.0237857	0.0585653	0.027619	0.0271219	
0.0768059	0.00432625	0.0547839	0.0496547	0.33121	0.0508088	0.0229228	0.0156962	0.0531035	0.00577696	0.0240513	0.0768823	0.0474203	0.0253298	0.0333969	0.0287304	0.038814	0.0137215	0.0337456	0.0128191	
0.0373692	0.00696376	0.196592	0.0587666	0.00718894	0.0162908	0.0501344	0.373341	0.0196587	0.0594705	0.00454695	0.0139674	0.0136685	0.014803	0.057179	0.00611105	0.0121608	0.0262296	0.0147563	0.0108007	
0.0424127	0.0195644	0.0582133	0.0621172	0.0780523	0.0450153	0.0142818	0.0287614	0.0547814	0.0154357	0.0329585	0.0214475	0.283072	0.0196445	0.0104216	0.060248	0.0279596	0.0380932	0.0419256	0.0455942	
0.108187	0.014474	0.0422449	0.0615727	0.0534209	0.0968236	0.0291702	0.0172989	0.0591214	0.0388096	0.0429212	0.0309983	0.0350376	0.0290966	0.00911965	0.207541	0.0382788	0.0333289	0.0260008	0.0265535	
0.0992794	0.0221489	0.0520357	0.0506044	0.0538235	0.04831	0.028427	0.00598893	0.0180177	0.0173165	0.0955138	0.0554405	0.0488779	0.0281025	0.0196154	0.148512	0.0881753	0.0311155	0.0316407	0.0570544	
0.0102151	0.00781905	0.0100927	0.0145223	0.00592193	0.00693854	0.0114308	0.1045	0.0281243	0.0899758	0.00624387	0.0198029	0.00919085	0.0139403	0.0147027	0.0146911	0.102615	0.495958	0.0102837	0.0230311	
0.0946128	0.0143962	0.0443339	0.0592474	0.0580395	0.107881	0.0249632	0.0337458	0.0677561	0.0334811	0.0100411	0.0845338	0.0336422	0.0348958	0.0688492	0.125384	0.0232756	0.0461075	0.0071669	0.0276474	
0.0100118	0.00896229	0.0117721	0.0198514	0.0117951	0.0119737	0.0119593	0.0958764	0.0290349	0.063244	0.00749227	0.0248495	0.0132621	0.0175973	0.0195316	0.0160109	0.125888	0.458545	0.0135054	0.0288373	
0.00897094	0.00763142	0.00800752	0.0147335	0.00514806	0.00737408	0.0112862	0.114072	0.0275565	0.0900152	0.00482462	0.0155834	0.00837373	0.0137416	0.0129689	0.0129137	0.104185	0.500217	0.0109134	0.0214822	
0.126357	0.00669919	0.0512441	0.0309958	0.0478675	0.0136074	0.0129358	0.0540269	0.108372	0.0172631	0.0207844	0.0618322	0.00760372	0.0157048	0.263576	0.012917	0.0473964	0.0588805	0.0137526	0.0281839	
0.12967	0.00673442	0.0527819	0.0331135	0.0489679	0.0129892	0.0129905	0.0573339	0.0987932	0.0185485	0.0216704	0.0608077	0.00610763	0.0149869	0.264904	0.0127809	0.0473882	0.0559677	0.0148653	0.0285976	
0.0191658	0.0092189	0.0127014	0.0206817	0.0048558	0.0107087	0.0142432	0.119405	0.0259862	0.0839269	0.00365343	0.0129502	0.00854804	0.01625	0.0153824	0.0138019	0.131146	0.438858	0.0137656	0.0247515	
0.122234	0.0119252	0.0337211	0.0189334	0.0590074	0.0325649	0.0169044	0.0187384	0.191474	0.0239495	0.0237854	0.0237485	0.0202899	0.0101203	0.231262	0.0250597	0.0326837	0.055614	0.016559	0.0314252	
0.254699	0.0100628	0.0408172	0.0525243	0.0181213	0.0396434	0.0247299	0.0321815	0.0500144	0.0386705	0.0385369	0.0758075	0.00687546	0.0262652	0.0340809	0.121088	0.0663909	0.0387708	0.0181423	0.0125788	
0.0893286	0.0177166	0.0582269	0.0446591	0.0283072	0.0329081	0.0169826	0.157288	0.0671356	0.152951	0.079999	0.0900271	0.0123986	0.0193536	0.0228798	0.0212309	0.01828	0.0289346	0.0176298	0.023763	
0.0732756	0.00961398	0.143446	0.0522918	0.0336965	0.0109759	0.0411954	0.163846	0.0500315	0.0593124	0.0184268	0.0409355	0.00535328	0.0103057	0.161513	0.0208379	0.0339157	0.0398822	0.0120105	0.0191346	
0.0671622	0.0477642	0.0453185	0.0459533	0.0135777	0.0250489	0.0158119	0.0386751	0.0695608	0.0435832	0.0415636	0.0537467	0.0682673	0.0261253	0.00547564	0.0741019	0.0628938	0.0742043	0.0824632	0.0987025	
0.0791104	0.0176421	0.0504631	0.175975	0.0544826	0.0408082	0.0045279	0.0461172	0.0291324	0.0185624	0.0298446	0.0722059	0.0128407	0.122719	0.0129823	0.0593925	0.0561464	0.0606443	0.0281398	0.0282628	
0.0725906	0.0204284	0.0123007	0.05128	0.0804387	0.00831167	0.0173615	0.100741	0.0635824	0.1279	0.0771964	0.0790825	0.0351163	0.0226577	0.0221409	0.0725488	0.0483223	0.0205406	0.0223059	0.0451534	
0.0870918	0.0174881	0.0624978	0.00949962	0.0544809	0.218429	0.0459862	0.0358748	0.0867226	0.0356114	0.036341	0.0221767	0.0412179	0.0293399	0.0280792	0.0477893	0.0452402	0.0136162	0.0367328	0.0457841	
0.0885643	0.0195087	0.045891	0.0501697	0.0406861	0.044866	0.01541	0.0421224	0.0708975	0.201911	0.0755117	0.0777659	0.0174171	0.0217663	0.0248977	0.0550053	0.0408267	0.0201491	0.0171107	0.0295224	
0.0360186	0.0166387	0.0572628	0.0598621	0.0695006	0.0555723	0.0147894	0.0415745	0.0554718	0.0138264	0.0261579	0.0507265	0.274804	0.0415275	0.00995581	0.0299232	0.0242372	0.0496129	0.0381365	0.0344012	
0.0170521	0.00935088	0.00948253	0.0169677	0.00703113	0.0105546	0.0156625	0.132672	0.0318812	0.0574101	0.00653086	0.0233839	0.0156054	0.0161819	0.0173041	0.0148909	0.0853207	0.480215	0.0139733	0.0185293	
0.0359065	0.00435132	0.230165	0.0655318	0.0179902	0.00632465	0.0819519	0.248167	0.0159735	0.0699266	0.00991679	0.0202327	0.00298706	0.0135347	0.10226	0.00723279	0.0225304	0.0248187	0.0100026	0.0101962	
0.0303244	0.00715221	0.209102	0.0631257	0.0134558	0.0141231	0.0462456	0.335696	0.0121889	0.0937202	0.00775284	0.0202905	0.00875054	0.0128934	0.0541059	0.010024	0.0145532	0.0254532	0.0112617	0.00978146	
0.0452147	0.0162038	0.0229774	0.285023	0.0564562	0.0246266	0.0234483	0.0518446	0.0370533	0.0464676	0.0331643	0.0761737	0.0459132	0.0249106	0.0286738	0.0473367	0.04608	0.0253392	0.0316165	0.031477	
0.018918	0.00863067	0.0120032	0.0198707	0.0115993	0.0121024	0.0164879	0.107542	0.0358933	0.0520334	0.00507135	0.028161	0.0169117	0.0158528	0.0239497	0.0171272	0.0847825	0.476009	0.0155305	0.021524	
0.0283933	0.00665661	0.232817	0.0671077	0.0118823	0.0115702	0.0570107	0.314661	0.015718	0.073448	0.00846222	0.0158787	0.00280836	0.00864519	0.0886554	0.00874144	0.0176495	0.00881205	0.0114163	0.00966628	
0.0935525	0.015888	0.120618	0.0131467	0.0500891	0.0457348	0.0190865	0.0329613	0.0493356	0.036446	0.012355	0.125123	0.032044	0.0390277	0.0156212	0.0500931	0.119683	0.0659275	0.0285134	0.0347534	
0.0385302	0.0212646	0.0551372	0.0422492	0.0472525	0.0154771	0.0150745	0.0350967	0.0463433	0.0343139	0.0455294	0.05355	0.121616	0.0240242	0.0195225	0.0727675	0.102426	0.0692957	0.0381241	0.102406	
0.0269653	0.0137167	0.0320299	0.0584779	0.027176	0.0534542	0.0222273	0.0882596	0.0480025	0.019534	0.00730015	0.0486608	0.0278608	0.0291123	0.0319191	0.0325534	0.0690556	0.314358	0.0238055	0.025531	
0.0318356	0.013222	0.0436198	0.0383439	0.0422627	0.0336891	0.0237915	0.0403318	0.0356202	0.0469454	0.0227719	0.0298927	0.00959308	0.0294513	0.0313349	0.0239151	0.271748	0.16934	0.0248082	0.0374829	
0.282052	0.0155989	0.0174078	0.0293129	0.0377818	0.0107068	0.0218264	0.0686849	0.0638834	0.0337865	0.0286359	0.0804289	0.0150497	0.021629	0.0566046	0.0209022	0.0253413	0.121844	0.024784	0.0237396	
0.0629677	0.0170086	0.0484493	0.0631372	0.0688298	0.0433758	0.0141288	0.0386389	0.0554008	0.0130703	0.0315272	0.0440961	0.270115	0.0166214	0.00974756	0.0587813	0.0255315	0.0383056	0.0386232	0.0416443	
0.0194297	0.00875131	0.0120593	0.0172134	0.0043977	0.0101394	0.0119269	0.103006	0.028504	0.097382	0.00435916	0.014238	0.0105029	0.0145838	0.0130284	0.0190904	0.120262	0.453202	0.0133529	0.0245715	
0.0696301	0.00933816	0.0255469	0.0332591	0.00636658	0.0261715	0.0273827	0.245169	0.0402885	0.0284836	0.00648924	0.0204607	0.0281404	0.0208534	0.0252804	0.00977373	0.037743	0.303812	0.0232699	0.0125419	
0.263865	0.0145252	0.0305527	0.0191706	0.0407472	0.0151973	0.022326	0.0741436	0.0561274	0.0369134	0.0241462	0.0845909	0.0668213	0.0239461	0.0457467	0.0204689	0.0209666	0.0856176	0.0272559	0.0268718	
0.134649	0.0168471	0.070715	0.0849113	0.042999	0.0550111	0.0185873	0.0501795	0.0208443	0.0328366	0.0305748	0.0599887	0.0456156	0.0535988	0.0355339	0.0596982	0.0563623	0.0748512	0.0259206	0.0302754	
0.368053	0.0117131	0.0269455	0.0180565	0.04797	0.0135689	0.023604	0.0473767	0.0612828	0.0433707	0.0377815	0.0850344	0.00707051	0.0215002	0.0563286	0.0322331	0.0262676	0.0277369	0.0210582	0.023048	
0.335211	0.0111098	0.0609665	0.0298067	0.0498961	0.0165744	0.0227004	0.0450891	0.0579741	0.0461272	0.0367472	0.076292	0.0088398	0.0239446	0.0460608	0.0359165	0.0275581	0.0229482	0.0233451	0.0228928	
0.0364564	0.0089826	0.0357358	0.0297754	0.0278684	0.0219386	0.00441308	0.057338	0.0337086	0.0520795	0.0268047	0.0449379	0.0105508	0.0253497	0.0233588	0.0368874	0.19066	0.236544	0.0205547	0.0760556	
0.0188117	0.00966801	0.00788984	0.0202692	0.00759696	0.0100954	0.0154594	0.0915157	0.0330277	0.0599879	0.00757623	0.0310863	0.0152863	0.0158148	0.0202516	0.0192333	0.0931858	0.484471	0.0161002	0.0226723	
0.0770941	0.0350267	0.0659681	0.0496517	0.0558923	0.028976	0.023307	0.107267	0.0677356	0.192766	0.0738409	0.076689	0.0117376	0.0185592	0.0280701	0.0186798	0.0302305	0.00986209	0.0169528	0.0116936	
0.0202731	0.00930311	0.0136747	0.0202826	0.013646	0.0113923	0.0180051	0.0900218	0.0373162	0.0510285	0.00812139	0.0315417	0.0174189	0.016885	0.0216051	0.0186726	0.0869133	0.476359	0.0153711	0.0221682	
0.324912	0.0127795	0.0176961	0.0243699	0.0382377	0.0132835	0.0199939	0.064972	0.0647899	0.0417764	0.0336517	0.0829041	0.0155038	0.0203935	0.0533665	0.0233601	0.0227156	0.077135	0.0253815	0.0227774	
0.0531991	0.0497793	0.0453961	0.0553037	0.0177754	0.0667376	0.0259833	0.0329069	0.0673493	0.0422967	0.0432894	0.0552208	0.01559	0.0291583	0.0200624	0.174738	0.0941135	0.0572604	0.0302918	0.0235481	
0.373055	0.011754	0.018377	0.0280548	0.0482264	0.0105514	0.0209942	0.0477582	0.0618048	0.0477452	0.0365937	0.083568	0.00672865	0.0196652	0.053311	0.0316805	0.0252319	0.0273331	0.023309	0.0242578	
0.0148363	0.00872965	0.0110083	0.0177903	0.0087256	0.0111436	0.014295	0.132328	0.0317897	0.0577735	0.00667057	0.0203179	0.0164046	0.0151751	0.0179659	0.0145593	0.0856522	0.47877	0.0165352	0.0195298	
0.078657	0.00811962	0.0208049	0.0441149	0.0657218	0.0327472	0.0060651	0.0377165	0.057778	0.0453868	0.0411504	0.0762902	0.0393949	0.0255449	0.0420122	0.0240265	0.073069	0.0709492	0.0298163	0.180634	
0.0323799	0.0173869	0.0510538	0.0187614	0.0621956	0.262605	0.0292543	0.0394307	0.0746377	0.0343838	0.0329962	0.0656847	0.0371706	0.0306445	0.0367753	0.0492265	0.045299	0.0195471	0.0320791	0.0284878	
0.0715607	0.0430417	0.0165634	0.0555441	0.0528669	0.187809	0.0238825	0.0301752	0.107334	0.0449999	0.0411321	0.0440354	0.0414372	0.0339857	0.0120705	0.0769259	0.0383775	0.0157925	0.0324685	0.029998	
0.0351914	0.0248545	0.0464221	0.0468632	0.0458523	0.0593323	0.0198152	0.0351042	0.0695539	0.0411357	0.0614044	0.0589856	0.0700738	0.0291379	0.0106754	0.117181	0.0829508	0.0607138	0.0363099	0.048443	
0.0930043	0.0202086	0.0416354	0.0626943	0.0566422	0.0560595	0.0222038	0.0330767	0.0643653	0.0161147	0.0352158	0.0674485	0.0888209	0.0278173	0.0325715	0.148462	0.0358157	0.0345197	0.0264178	0.0369057	
0.0195665	0.00848086	0.0105701	0.0189196	0.00424998	0.00921197	0.0142527	0.138375	0.0305099	0.0794718	0.00368247	0.0122739	0.010998	0.0163465	0.0146118	0.0104459	0.0876536	0.478272	0.0127107	0.0193957	
0.22249	0.0143981	0.0218432	0.0567925	0.0491747	0.0664044	0.0271202	0.0280645	0.0643614	0.041842	0.0425422	0.0791452	0.00672804	0.0311187	0.0369103	0.0864094	0.0628235	0.0188524	0.0201008	0.0228781	
0.0962053	0.0183161	0.0400894	0.168866	0.0584799	0.0994957	0.0232401	0.0407024	0.0642031	0.0421941	0.0348611	0.0679333	0.011729	0.040399	0.0313789	0.0755697	0.02126	0.0141232	0.0244745	0.0264792	
0.0489484	0.0127063	0.0271434	0.0183031	0.0263349	0.0130769	0.0179565	0.0682233	0.0376567	0.0308078	0.00850411	0.0432261	0.0230626	0.0220679	0.0418999	0.0304753	0.169569	0.302887	0.0221219	0.0350293	
0.038206	0.00711183	0.197504	0.0619501	0.007901	0.0144625	0.0489569	0.369382	0.0227082	0.0593528	0.00466724	0.0135988	0.0134404	0.0145829	0.0565124	0.00645968	0.0113059	0.0270116	0.0146324	0.0102541	
0.28662	0.0125194	0.0310506	0.037419	0.045181	0.0294398	0.0189789	0.0125221	0.0601904	0.037809	0.0396663	0.110711	0.00442399	0.0285777	0.0487186	0.0620802	0.0542425	0.0302404	0.0221381	0.0274704	
0.345832	0.0123689	0.0338698	0.0208039	0.0457062	0.0195118	0.0211506	0.0404144	0.0598868	0.0453987	0.0398783	0.0882166	0.00650904	0.0210932	0.0371526	0.0712732	0.0302811	0.0184209	0.0190816	0.0231503	
0.084809	0.0211004	0.0470915	0.0438484	0.0265598	0.0458891	0.0101808	0.0490247	0.0728761	0.250639	0.0732087	0.0793026	0.00674524	0.018513	0.0147049	0.0396518	0.0438538	0.0271656	0.0184398	0.0263962	
0.136265	0.0107076	0.0393013	0.0298142	0.0553354	0.014867	0.0155498	0.0244499	0.130661	0.020707	0.0194154	0.061124	0.0134522	0.0145718	0.267348	0.00985615	0.0357275	0.057077	0.0139895	0.0297804	
