0.0766469	0.00754079	0.0205469	0.0128598	0.00933141	0.0191724	0.0169645	0.311022	0.0184661	0.151823	0.0120819	0.0101865	0.0209381	0.0377065	0.0136896	0.00976295	0.00653555	0.220708	0.00559592	0.0184207	
0.462596	0.00864516	0.0353903	0.0170669	0.0504676	0.0180161	0.0304149	0.0449713	0.0481779	0.0424052	0.0299293	0.0421927	0.00349235	0.0418174	0.0349443	0.0247658	0.00934131	0.0286709	0.0073921	0.0193025	
0.0133997	0.00807106	0.0435902	0.0247327	0.0396392	0.0625424	0.0281744	0.0357138	0.0726881	0.00687624	0.0251731	0.0366878	0.428561	0.0251636	0.00534581	0.0141555	0.00571269	0.0956027	0.00784616	0.0203235	
0.0967234	0.0109813	0.0412961	0.0257885	0.00874648	0.0404649	0.0256329	0.355709	0.0216816	0.099097	0.01195	0.0143009	0.0202742	0.0431674	0.0208162	0.0158969	0.00974942	0.110731	0.00778196	0.0192109	
0.0768888	0.0143558	0.0672849	0.0469866	0.0239037	0.0689828	0.0366952	0.028254	0.0499701	0.025025	0.0358425	0.0449227	0.00860429	0.0585281	0.0471446	0.219995	0.0433367	0.0779285	0.00874242	0.0166085	
0.477867	0.00793518	0.0229126	0.0229488	0.0455106	0.017447	0.0248499	0.0429215	0.0513569	0.0420894	0.02973	0.0470003	0.00278411	0.0390268	0.0343142	0.026334	0.0102821	0.0284963	0.00729652	0.0188971	
0.0447563	0.00967237	0.421749	0.0466305	0.0359503	0.0204072	0.00946352	0.0295483	0.0528098	0.0380956	0.0313409	0.0299555	0.0258453	0.0462811	0.041568	0.0299621	0.0444853	0.0221096	0.00961867	0.00975076	
0.10072	0.00240449	0.0610266	0.0485461	0.327464	0.054939	0.0184813	0.00517884	0.0626943	0.0127412	0.0254329	0.0467449	0.0328179	0.0440639	0.0378559	0.00957582	0.02387	0.0149753	0.00769573	0.0627713	
0.0794728	0.00611835	0.051478	0.0346457	0.027424	0.114642	0.0365269	0.0094144	0.060471	0.0404886	0.0320216	0.0178798	0.0203482	0.0511259	0.00959317	0.17184	0.136991	0.0736129	0.0096444	0.0162608	
0.110758	0.00853581	0.0740958	0.0628922	0.0439409	0.0196186	0.0201487	0.0287446	0.0474358	0.0291702	0.0390175	0.0572476	0.00246754	0.021197	0.278141	0.0268308	0.0284106	0.0744844	0.00692611	0.0199368	
0.0874975	0.0104867	0.0397841	0.0208234	0.00494622	0.0361069	0.00830416	0.170494	0.0331282	0.28443	0.0177609	0.028194	0.00562945	0.0481629	0.0224495	0.0148826	0.0208272	0.127255	0.00470302	0.0141339	
0.0864725	0.00860758	0.0880533	0.081381	0.0367585	0.070148	0.0180308	0.0351052	0.0425158	0.0479139	0.0350897	0.0638837	0.00236073	0.158522	0.0486731	0.0462505	0.040295	0.0663168	0.00616398	0.0174579	
0.153427	0.00907954	0.185461	0.110968	0.0262851	0.0341878	0.0091068	0.0111181	0.0180068	0.036915	0.0325784	0.131969	0.00981534	0.050946	0.0432509	0.0614363	0.0251051	0.0355837	0.00901901	0.00574072	
0.081958	0.00508034	0.223747	0.310424	0.0305147	0.0144128	0.0114289	0.0108494	0.0340759	0.0197252	0.0227142	0.0806109	0.0032836	0.041999	0.0507648	0.0210115	0.0231653	0.00519393	0.00312835	0.0059119	
0.0749525	0.00787378	0.0122295	0.00701559	0.00423513	0.0153344	0.00311676	0.297975	0.0103865	0.259475	0.0108083	0.00783471	0.00207987	0.038173	0.00506409	0.00813329	0.00519925	0.213037	0.00448799	0.0125878	
0.0809733	0.00470934	0.179605	0.261664	0.0337507	0.0223411	0.015144	0.0129645	0.0435707	0.0273348	0.0248081	0.0934738	0.00518154	0.0417663	0.0850797	0.0293743	0.0229658	0.00611138	0.00187079	0.00731096	
0.474276	0.00830231	0.0374748	0.0181779	0.0404293	0.0167312	0.0291944	0.0411105	0.0475151	0.045175	0.0275502	0.0525237	0.00247357	0.0360759	0.0339802	0.022502	0.0105265	0.0309276	0.00673393	0.0183204	
0.0769335	0.00880398	0.0181476	0.0097327	0.00418057	0.018229	0.00320023	0.249678	0.0135606	0.273039	0.023585	0.0127135	0.000902996	0.042237	0.00650102	0.0132248	0.0107953	0.197483	0.00452024	0.0125313	
0.0609482	0.00701415	0.109051	0.345131	0.0376005	0.0205512	0.02382	0.0272085	0.0276928	0.0289215	0.0250544	0.0745684	0.0172426	0.0370267	0.0443455	0.0304287	0.0324409	0.0282535	0.00724069	0.0154601	
0.0880391	0.00873072	0.0523993	0.0579026	0.0324922	0.0466288	0.00929149	0.00973272	0.17042	0.0361477	0.0349464	0.118689	0.0180962	0.035666	0.108384	0.0251134	0.0557011	0.0737656	0.00884596	0.00900825	
0.28856	0.0114624	0.0625438	0.0205897	0.0324602	0.0293678	0.0307867	0.0299689	0.070531	0.0460338	0.0341111	0.0497197	0.0454254	0.0505484	0.0351898	0.0846101	0.0179469	0.0330237	0.00812514	0.0189953	
0.0308633	0.00655699	0.0231628	0.0276452	0.0455602	0.33999	0.0235886	0.0450182	0.0559051	0.0356225	0.0346064	0.0506671	0.0229982	0.0774266	0.0530025	0.0248664	0.0397947	0.0343657	0.00575947	0.0226001	
0.335754	0.00818934	0.0185469	0.0207256	0.0234626	0.0143203	0.0250457	0.0809711	0.0423644	0.0853186	0.0298232	0.0455388	0.00391534	0.0455475	0.0328728	0.02375	0.0123796	0.121898	0.00968112	0.0198953	
0.0519008	0.00757123	0.344864	0.181735	0.0333479	0.0182295	0.00945593	0.0197157	0.0400105	0.0277593	0.0244862	0.0586156	0.0128322	0.0417156	0.0436303	0.0254604	0.034823	0.012484	0.00469441	0.00666852	
0.0989986	0.0141365	0.0461941	0.0276063	0.0219251	0.0426264	0.0227628	0.0856573	0.0185099	0.150569	0.128401	0.0441808	0.0144036	0.0559102	0.0225273	0.0273968	0.0188102	0.130347	0.0075975	0.0214396	
0.0783213	0.00988747	0.0252811	0.0146539	0.00862698	0.0240679	0.00554748	0.199493	0.0262546	0.274589	0.0176682	0.0239586	0.00196844	0.0331552	0.0101348	0.0181332	0.0217054	0.185015	0.00571398	0.0158239	
0.0391799	0.00889231	0.0216791	0.00954138	0.0176014	0.0143355	0.0156205	0.185401	0.0271115	0.12764	0.0262461	0.0195504	0.0207235	0.0426459	0.0189837	0.0138995	0.0227763	0.343465	0.00541232	0.0192942	
0.0426873	0.00880742	0.0214055	0.0125923	0.0222645	0.0174778	0.0287613	0.0815711	0.0430977	0.025143	0.0214289	0.0375084	0.0421078	0.0422669	0.0261319	0.0246587	0.0490402	0.424948	0.00823779	0.0198634	
0.0307993	0.00747448	0.0302843	0.0138382	0.0467039	0.386351	0.0318382	0.0340751	0.0691101	0.0347717	0.0306611	0.0398963	0.0431369	0.0546734	0.0113414	0.0375699	0.0431533	0.028098	0.0047371	0.0214861	
0.0995985	0.0130915	0.0680475	0.0478301	0.032352	0.0570771	0.0266118	0.0052816	0.0250761	0.0155466	0.197021	0.0609438	0.0198624	0.0526369	0.0837076	0.0377266	0.0227979	0.107944	0.00835779	0.0184889	
0.0886455	0.00379426	0.0684264	0.0560826	0.334908	0.0592241	0.020946	0.00589722	0.0612314	0.013675	0.025314	0.0494693	0.035033	0.0408842	0.0393883	0.0117096	0.0244232	0.0182692	0.00711261	0.0355661	
0.047095	0.00853331	0.0158253	0.0264466	0.0128851	0.0151364	0.0288847	0.0504645	0.0487768	0.0248481	0.0373632	0.0418439	0.0377982	0.042816	0.0330708	0.0229079	0.0554366	0.422457	0.00937906	0.0180311	
0.0119678	0.00646296	0.0469536	0.0253549	0.0405818	0.0667606	0.0229373	0.0349609	0.0755996	0.00804845	0.0235182	0.0350486	0.432985	0.0286494	0.00521928	0.0147757	0.00570892	0.0870409	0.00737436	0.0200517	
0.113986	0.0100343	0.0376825	0.0519654	0.0422786	0.0489306	0.0106849	0.0125442	0.0177823	0.0410078	0.0378461	0.338206	0.0232176	0.0495655	0.0454198	0.0144614	0.0162368	0.0705728	0.00688432	0.0106933	
0.0892283	0.00921742	0.0301899	0.0176241	0.00986893	0.0328442	0.0136008	0.329898	0.0126037	0.170055	0.00985815	0.0159667	0.0117315	0.0425541	0.0138375	0.0154143	0.00833017	0.147723	0.00556776	0.0138867	
0.0384987	0.0105574	0.0543014	0.0348873	0.025387	0.0663201	0.0348547	0.00928679	0.0396362	0.0400729	0.0319682	0.0198549	0.00297427	0.0484441	0.0199988	0.118756	0.283862	0.0956394	0.00873312	0.0159663	
0.0938258	0.00947475	0.0419368	0.0294099	0.0149018	0.0465943	0.0256956	0.354106	0.0190343	0.0695442	0.0120911	0.02171	0.0258456	0.048751	0.0180935	0.0228566	0.00971515	0.108946	0.00747886	0.0199887	
0.0293873	0.00487374	0.0159009	0.0228138	0.0443513	0.403117	0.0308009	0.0365408	0.071685	0.0385171	0.0298586	0.0397924	0.0402607	0.0595795	0.0152521	0.0265877	0.0346668	0.0272627	0.00759298	0.0211589	
0.0109772	0.00625071	0.0450389	0.0256971	0.0434713	0.06394	0.0229328	0.0342764	0.0762157	0.00691865	0.0259082	0.0401632	0.430394	0.0277359	0.00506471	0.0139307	0.0056582	0.0893565	0.00658571	0.0194844	
0.106241	0.00987425	0.166793	0.0261458	0.0216649	0.087076	0.00865555	0.028969	0.0598089	0.0476956	0.0365085	0.0819539	0.0188122	0.0555193	0.0414665	0.052127	0.0539227	0.0783058	0.0105151	0.00794431	
0.0602415	0.00730726	0.0123409	0.00790211	0.0118417	0.0124258	0.00801403	0.259084	0.00990738	0.185383	0.00969097	0.0157717	0.0166361	0.0403846	0.00791647	0.00860328	0.00731821	0.297328	0.00549232	0.0164102	
0.0461895	0.00932699	0.0283236	0.0114545	0.0228501	0.021198	0.0201165	0.073994	0.0409395	0.0836134	0.0320914	0.0368512	0.0230455	0.0515436	0.0315581	0.0234001	0.0459285	0.366944	0.00797608	0.0226551	
0.0861632	0.00563959	0.190997	0.306462	0.0333596	0.0172594	0.0147238	0.0123805	0.0300962	0.0204416	0.0227419	0.0918354	0.00386863	0.0513526	0.0481957	0.023402	0.0217325	0.00745723	0.00414431	0.00774662	
0.474161	0.00842052	0.0334329	0.0157091	0.0447433	0.0173036	0.0254427	0.0423667	0.0500324	0.0404884	0.0298204	0.0492189	0.00241258	0.0438283	0.0364005	0.0255938	0.00840844	0.0276241	0.00753039	0.0170618	
0.0811776	0.00879744	0.0232556	0.0147839	0.00421486	0.0236208	0.00809008	0.236842	0.0187155	0.272763	0.0254584	0.0181705	0.00275587	0.0431251	0.0149124	0.0107096	0.014659	0.159448	0.0052328	0.0132679	
0.104822	0.00496385	0.0781527	0.0669063	0.0487938	0.0196988	0.00856816	0.0269194	0.0500865	0.0276944	0.0404494	0.0681304	0.00355867	0.0352605	0.272697	0.0108528	0.0270516	0.0814383	0.00540617	0.0185491	
0.0105171	0.00667602	0.0471329	0.0259795	0.0406469	0.0620133	0.0229782	0.0376009	0.0740722	0.00732487	0.0254635	0.0401841	0.42838	0.0290162	0.00523225	0.0141298	0.00569496	0.0904792	0.00648381	0.0199947	
0.0438829	0.0102867	0.019572	0.0957051	0.0132184	0.0215959	0.0313357	0.0270523	0.0419706	0.0223822	0.0404981	0.0550053	0.0404397	0.0546971	0.0322864	0.0326146	0.0625835	0.327857	0.0083398	0.0186771	
0.112338	0.0104433	0.011305	0.0270618	0.0187141	0.0114688	0.0287289	0.0331496	0.0507677	0.0361451	0.0397364	0.0444219	0.00182752	0.042685	0.0270107	0.0178513	0.187289	0.271489	0.00930783	0.0182596	
0.0801349	0.0118023	0.0497512	0.013005	0.0366428	0.0671489	0.0337216	0.0118336	0.325814	0.0361715	0.0265806	0.0188996	0.0354663	0.0250021	0.0172563	0.0375384	0.0721031	0.0716182	0.01049	0.01902	
0.0871855	0.00809799	0.0144923	0.00391223	0.0062762	0.0111582	0.00397248	0.26416	0.0126048	0.274417	0.021363	0.0126548	0.00167405	0.0397843	0.00793711	0.0114008	0.0082278	0.192465	0.00473888	0.0134775	
0.0377475	0.00589704	0.0140946	0.0159787	0.0448258	0.0137545	0.0291701	0.141467	0.0389046	0.038915	0.0279034	0.0305338	0.0369143	0.0407146	0.0255928	0.0131704	0.0341853	0.375194	0.00797294	0.0270638	
0.0997892	0.00265068	0.064048	0.0602757	0.329863	0.049278	0.0188489	0.00666698	0.06139	0.0273886	0.027803	0.0530298	0.0219161	0.0456117	0.0411677	0.0106403	0.0223083	0.0189858	0.00645256	0.0318855	
0.0467553	0.00815301	0.427193	0.0462943	0.0362202	0.0206245	0.00928039	0.0326204	0.0480805	0.0407698	0.0314423	0.0308494	0.0254243	0.0454018	0.0361494	0.0321351	0.0389005	0.0247732	0.00766353	0.0112692	
0.105219	0.00888033	0.015657	0.024924	0.0110788	0.0165193	0.0257148	0.0431019	0.0522899	0.0313498	0.0360955	0.0412724	0.0205474	0.0434223	0.03275	0.0283855	0.0744282	0.363743	0.00559116	0.019029	
0.104622	0.0122692	0.0537757	0.0319069	0.00905439	0.0423558	0.00797336	0.0889863	0.045402	0.282801	0.0355185	0.043391	0.00315276	0.0523303	0.0201124	0.0298552	0.0331264	0.0808348	0.00697727	0.0155553	
0.0360814	0.0065399	0.0210326	0.0120671	0.0233696	0.012874	0.0254817	0.184122	0.0323368	0.0510411	0.0225794	0.026211	0.0426018	0.0405249	0.020743	0.0142365	0.0306678	0.364107	0.00885488	0.0245277	
0.132997	0.00533238	0.0849143	0.0572511	0.0249443	0.035752	0.025256	0.00979049	0.0531761	0.0385631	0.0329237	0.0813244	0.021735	0.0546716	0.0429462	0.185549	0.0257157	0.0638663	0.00737218	0.0159186	
0.0915436	0.00708005	0.1367	0.204941	0.0354579	0.0314289	0.0148547	0.00399038	0.0430505	0.0267076	0.0265817	0.195112	0.0171193	0.04669	0.0301812	0.0224884	0.0113636	0.0371113	0.00514347	0.0124541	
0.0114306	0.00701734	0.0444056	0.026274	0.0402885	0.0661457	0.0233262	0.0366449	0.0752782	0.00653831	0.0256441	0.0375158	0.432644	0.0270838	0.00563532	0.0147794	0.00566607	0.0871189	0.00793533	0.0186282	
0.0657595	0.00397144	0.240914	0.305732	0.0342477	0.0150058	0.0144263	0.0115769	0.0309669	0.0182879	0.0214587	0.0874588	0.00631048	0.0332054	0.0501893	0.0202458	0.0226794	0.006456	0.00448421	0.00662338	
0.105417	0.0113868	0.0525489	0.0260129	0.00473508	0.0521871	0.0167754	0.0688979	0.0479188	0.184783	0.0336376	0.0378396	0.010552	0.0561041	0.0332549	0.0618333	0.0441172	0.130781	0.0065864	0.0146312	
0.0924633	0.00377977	0.0276281	0.0256801	0.0259867	0.0583281	0.0131011	0.0684992	0.0515031	0.0631063	0.0313155	0.0229378	0.0234034	0.0532978	0.0425	0.016876	0.0332866	0.114936	0.0122073	0.219164	
0.0425612	0.00819498	0.0235069	0.0115361	0.0217212	0.0165329	0.0181497	0.115961	0.0352396	0.102246	0.0187241	0.0303148	0.024097	0.0483222	0.0267558	0.0213203	0.0439007	0.366334	0.00648272	0.018099	
0.0900442	0.00450047	0.193105	0.316088	0.0339576	0.0151444	0.0189972	0.0153472	0.0298011	0.0183198	0.0228518	0.0866473	0.00569696	0.0330536	0.048757	0.0230835	0.0237383	0.00847214	0.00384491	0.00854963	
0.457788	0.00890501	0.037128	0.0165211	0.0447742	0.0167112	0.0262742	0.0401781	0.0523796	0.0480743	0.0310308	0.0485791	0.00356626	0.0425161	0.0370259	0.0238859	0.00960072	0.0315627	0.0058448	0.0176539	
0.100856	0.00237768	0.0634752	0.0517987	0.323272	0.0504149	0.0191166	0.00631745	0.0598998	0.01888	0.0257026	0.0470184	0.032048	0.043967	0.0377039	0.00951943	0.0229403	0.0181501	0.00819586	0.0583462	
0.223604	0.0102139	0.0298199	0.010488	0.0194049	0.0133188	0.0217863	0.109121	0.0424535	0.112916	0.0310574	0.0412845	0.00288838	0.0420195	0.0299683	0.020284	0.018267	0.196272	0.00668956	0.0181433	
0.0840203	0.00490366	0.181378	0.21501	0.0295698	0.0346672	0.0104833	0.0116663	0.0776644	0.0267777	0.0273771	0.117042	0.00873715	0.0430535	0.056343	0.0292426	0.0243225	0.00834331	0.00410762	0.00529015	
0.46166	0.00942207	0.0342873	0.0148255	0.0479011	0.0194131	0.0248677	0.0392335	0.0542568	0.0458787	0.0319494	0.0486316	0.00254526	0.0416353	0.0329589	0.0248863	0.0108225	0.0290454	0.00757316	0.0182062	
0.314052	0.0144327	0.064637	0.047924	0.02357	0.0400803	0.0343981	0.0314843	0.0521618	0.0225434	0.031188	0.0483189	0.00525287	0.0465795	0.0353298	0.110583	0.0133354	0.0456047	0.00745346	0.0110706	
0.0700048	0.00701637	0.330087	0.184703	0.0354493	0.0133974	0.0140483	0.0161111	0.044352	0.0260958	0.0225505	0.0773206	0.00203102	0.0408611	0.0451391	0.0140903	0.0342878	0.0086982	0.00421533	0.00954089	
0.110261	0.00907254	0.0771495	0.0619803	0.0454573	0.048276	0.0186296	0.0284335	0.0524151	0.125204	0.0639199	0.0610551	0.00258085	0.0225394	0.149306	0.0375289	0.029112	0.0342859	0.00673191	0.0160614	
0.0743991	0.00902702	0.0124195	0.0080925	0.00432981	0.0161452	0.00253408	0.253767	0.0137851	0.260679	0.0209078	0.0167837	0.00133882	0.0413271	0.00571453	0.0122822	0.0117615	0.215977	0.00454124	0.0141871	
0.0366431	0.00980135	0.0567129	0.0319445	0.0239688	0.0653789	0.0382065	0.00965158	0.0405637	0.036592	0.0312455	0.0172321	0.0028577	0.0530654	0.0220888	0.123544	0.285768	0.0905713	0.00870488	0.015459	
0.10477	0.0101203	0.0154072	0.0281543	0.0126503	0.0158801	0.0240311	0.0403569	0.0548815	0.0308506	0.0415329	0.0425429	0.0143154	0.040436	0.0334174	0.0275577	0.0694066	0.368046	0.00837941	0.0172641	
0.108099	0.0135466	0.0304667	0.0318638	0.0260601	0.0525077	0.351041	0.0407738	0.0613277	0.012683	0.03106	0.0137376	0.00727169	0.0097641	0.0114571	0.0370458	0.050908	0.091322	0.00937115	0.00969383	
0.093098	0.0101278	0.051712	0.0135409	0.0385565	0.0503784	0.00611828	0.0765722	0.0142647	0.108956	0.0358225	0.0460324	0.00623296	0.224282	0.0151731	0.0301742	0.0423614	0.110335	0.00747183	0.0187904	
0.469625	0.00800603	0.038834	0.0156428	0.0424749	0.0177214	0.0269715	0.0400455	0.0497634	0.0438785	0.0332845	0.0462645	0.00216327	0.0398217	0.0380998	0.023283	0.00917391	0.0303128	0.0079757	0.0166582	
0.0332691	0.0540366	0.0214346	0.0276825	0.0241982	0.168646	0.0315219	0.0622396	0.0596829	0.0622502	0.0357523	0.0434984	0.0383803	0.0561492	0.0121055	0.0200102	0.0425571	0.173055	0.0113703	0.0221597	
0.0491208	0.0111401	0.0512081	0.033058	0.023109	0.0491268	0.0273722	0.0640775	0.0481468	0.0474497	0.0398154	0.0275043	0.00302134	0.0558487	0.0266586	0.0200415	0.245831	0.147246	0.00969324	0.0205308	
0.104683	0.0135247	0.0299387	0.0321731	0.0268222	0.0524614	0.34794	0.0415879	0.0620427	0.0141678	0.0321467	0.0150934	0.00880784	0.0110427	0.0118236	0.0371027	0.049521	0.0915342	0.00897939	0.00860672	
0.0966207	0.0104072	0.044109	0.0213221	0.0175868	0.0406942	0.0116968	0.150249	0.0368799	0.287107	0.0182215	0.0321164	0.00243759	0.0318958	0.0148355	0.0224502	0.0250794	0.113695	0.00643229	0.0161639	
0.0987898	0.0119075	0.0648811	0.0381057	0.0287086	0.051104	0.315401	0.0354888	0.0598762	0.0147176	0.029953	0.0154975	0.0113255	0.0105688	0.0140017	0.0375906	0.0512391	0.0888093	0.0124436	0.00959116	
0.0943006	0.0096624	0.0703471	0.0226854	0.0389785	0.0880931	0.0234178	0.0322778	0.0574356	0.0522042	0.0403995	0.0585409	0.0103368	0.0582467	0.19089	0.0561319	0.038705	0.0299763	0.00877671	0.018594	
0.100685	0.00963258	0.0565706	0.0397279	0.0237661	0.041325	0.0287985	0.0270935	0.0177245	0.0386712	0.0203977	0.0484466	0.00311858	0.0476885	0.0141111	0.0347397	0.273113	0.143921	0.008894	0.0215741	
0.0756888	0.00830322	0.0133949	0.00572732	0.0041146	0.0138836	0.00367423	0.28998	0.00780555	0.269551	0.0110017	0.00765561	0.00125587	0.0400162	0.00485641	0.00895605	0.00442253	0.213121	0.00426458	0.0123262	
0.10044	0.0105079	0.0550648	0.018786	0.0345725	0.0706624	0.00934951	0.0448528	0.0214164	0.0370836	0.0352418	0.0466109	0.00573322	0.28067	0.02074	0.0375711	0.0497671	0.0907377	0.00865343	0.0215389	
0.255373	0.00990061	0.069067	0.0284612	0.0378072	0.0221595	0.0324763	0.0299111	0.0565512	0.0440056	0.0325942	0.0505026	0.0039602	0.0480746	0.0374345	0.0250572	0.128019	0.061351	0.00832907	0.0189648	
0.0926516	0.00968172	0.0425092	0.0234886	0.00773581	0.0445099	0.0231355	0.360503	0.0195449	0.106938	0.0120048	0.0128708	0.0225349	0.0442278	0.0178229	0.0149897	0.00840858	0.114545	0.00479726	0.0170996	
0.0942158	0.0100885	0.0463304	0.0100344	0.0439059	0.0634516	0.037009	0.0203112	0.373436	0.0323525	0.0186041	0.0151491	0.0512857	0.0259956	0.0155837	0.0282921	0.0215512	0.0672514	0.0085035	0.0166486	
0.100256	0.00517917	0.220798	0.287821	0.0325954	0.0157875	0.0175854	0.0109968	0.0302656	0.0186628	0.0214278	0.0870197	0.00519065	0.0340836	0.0517657	0.0219626	0.0209948	0.00687751	0.00398764	0.00674231	
0.0960579	0.00779872	0.0913171	0.100392	0.0343331	0.0351282	0.012941	0.0416068	0.0473307	0.138861	0.0356787	0.0661067	0.00191179	0.0396299	0.0855609	0.0355133	0.0321535	0.0760745	0.00550758	0.0160964	
0.0308631	0.00691748	0.0172605	0.0217809	0.0478104	0.402332	0.0284926	0.0344473	0.0715508	0.033266	0.0288176	0.0417929	0.045665	0.0613438	0.0146465	0.0252526	0.0333457	0.0268051	0.0075561	0.0200535	
0.0961203	0.00919158	0.0448044	0.010127	0.0454382	0.0703816	0.033878	0.0131065	0.373025	0.0307982	0.0247968	0.0145417	0.0518662	0.0282098	0.012868	0.0304679	0.0207119	0.0614701	0.00775687	0.0204402	
0.0950449	0.0116426	0.0494019	0.0102719	0.0442398	0.0679011	0.0296591	0.0146268	0.316746	0.035873	0.0281475	0.0130647	0.053155	0.0702482	0.0132143	0.0281127	0.0222412	0.0667771	0.00957105	0.0200608	
0.475245	0.00837586	0.0375092	0.0189011	0.0382865	0.0172008	0.0238962	0.0409626	0.052149	0.0427978	0.0295353	0.048463	0.002237	0.0417128	0.0360074	0.0263416	0.00893692	0.0292797	0.00716448	0.0149982	
0.0781879	0.00470252	0.0362243	0.0253673	0.0388049	0.333001	0.0358411	0.00968447	0.0750665	0.0394419	0.0320622	0.0103155	0.0572328	0.0471016	0.00397291	0.0694822	0.0233927	0.0516438	0.0085009	0.0199738	
0.038787	0.00772615	0.0209641	0.0129252	0.0237924	0.014771	0.0270956	0.137232	0.0303287	0.0367267	0.0281111	0.0303357	0.0377707	0.0417176	0.0211004	0.0165136	0.0402806	0.401683	0.00792922	0.0242087	
0.300505	0.0125446	0.0437322	0.0135857	0.0192256	0.0222577	0.027001	0.063568	0.0504437	0.0711109	0.0370773	0.0429481	0.00423071	0.0438399	0.0297691	0.0696587	0.0206334	0.104977	0.00657297	0.016319	
0.0829612	0.00932319	0.0250656	0.0106843	0.00454877	0.0197353	0.00321983	0.260857	0.0171592	0.267692	0.0201995	0.0150555	0.00148702	0.0466012	0.00727029	0.0140845	0.0116256	0.165478	0.00479272	0.012159	
0.10864	0.00808806	0.0418926	0.0553094	0.043104	0.0467142	0.00945151	0.0112961	0.0143976	0.0399703	0.0361643	0.336351	0.025877	0.0551591	0.0416799	0.0161554	0.0168675	0.0756037	0.00710664	0.0101721	
0.0116356	0.00734439	0.0467294	0.0248019	0.0432132	0.0649902	0.0213653	0.0330071	0.0746761	0.00704995	0.0264336	0.039432	0.430838	0.0291811	0.00551835	0.0143364	0.00614555	0.0866989	0.0075932	0.0190101	
0.0843998	0.00980628	0.0480397	0.0137228	0.0358591	0.304444	0.0289734	0.0385367	0.0786057	0.0388218	0.0320056	0.0386488	0.0336649	0.0553451	0.0104779	0.0415292	0.0427535	0.0343784	0.00852852	0.0214591	
0.0476858	0.00998668	0.0617001	0.0358842	0.0274064	0.0526272	0.0305269	0.0155329	0.0233233	0.0395953	0.0335367	0.0451688	0.0026673	0.0479328	0.0162691	0.0531704	0.314336	0.112992	0.011161	0.0184968	
0.0176937	0.00702239	0.0508247	0.0254139	0.0399147	0.0711803	0.0196421	0.0340382	0.0798278	0.00901474	0.0260429	0.0384669	0.388251	0.0317933	0.00767015	0.0325832	0.00861006	0.0798177	0.00950354	0.0226887	
0.060983	0.00818102	0.0102766	0.00572569	0.00584612	0.0113564	0.00527774	0.270676	0.0127171	0.253429	0.0171747	0.0105415	0.00414626	0.0400475	0.00858112	0.00964638	0.00753207	0.239896	0.00481002	0.0131565	
0.0717827	0.0100729	0.0539984	0.0418219	0.0360594	0.267332	0.0235151	0.0372933	0.0507246	0.0130092	0.0370154	0.0515728	0.00232326	0.113471	0.0277465	0.0421766	0.048021	0.0508485	0.00136338	0.0198528	
0.0780477	0.0097862	0.0157492	0.00810408	0.0040679	0.0168433	0.00231345	0.247755	0.0126014	0.26209	0.0189017	0.0126396	0.000879145	0.0399926	0.00618282	0.0113648	0.0117307	0.223047	0.00439576	0.0135088	
0.0719822	0.00886344	0.0120147	0.00616165	0.00631331	0.0173799	0.0049095	0.27528	0.0109653	0.263156	0.0140623	0.0105142	0.00105372	0.0341013	0.00468715	0.0107259	0.0081474	0.221439	0.00509922	0.0131431	
0.06742	0.00398068	0.182194	0.2954	0.0342148	0.0359977	0.0169796	0.0113701	0.0385939	0.0228186	0.0223036	0.0961454	0.00707407	0.0483856	0.0506028	0.024481	0.0232436	0.00732884	0.0031529	0.00831339	
0.0196	0.00822059	0.0473189	0.0313661	0.037304	0.0566906	0.0862091	0.0403073	0.0759337	0.0128281	0.0287446	0.0418934	0.318115	0.0389276	0.00940611	0.0153251	0.0093328	0.0927287	0.0100523	0.0196963	
0.0493844	0.00971863	0.0153308	0.0163941	0.0126261	0.0199915	0.0117918	0.123635	0.032329	0.182584	0.0300982	0.0339103	0.00835337	0.0496449	0.0245618	0.0221743	0.035571	0.296451	0.00708578	0.0183632	
0.0905753	0.0100813	0.0461631	0.028971	0.0257414	0.0352465	0.0146545	0.159824	0.0338027	0.221257	0.0299438	0.0363939	0.00573455	0.0478317	0.0279745	0.0151762	0.0242388	0.124517	0.00724122	0.0146314	
0.0625797	0.00473681	0.260672	0.270288	0.0319147	0.0144138	0.0140036	0.00920217	0.043932	0.0213649	0.0240735	0.0907363	0.00975112	0.031974	0.0500644	0.0206786	0.0225566	0.00582618	0.00394663	0.00728482	
0.118162	0.0743345	0.0462578	0.033751	0.0174078	0.0407895	0.0320059	0.127388	0.0460041	0.0816683	0.0359902	0.00903412	0.00135794	0.0510588	0.0174955	0.13081	0.01164	0.104397	0.00686542	0.0135823	
0.0761999	0.00977082	0.0174295	0.0100525	0.0109543	0.0190016	0.00781718	0.219515	0.0214524	0.259212	0.0115493	0.0205584	0.00142064	0.0311606	0.00864135	0.0165974	0.0207788	0.219035	0.00498004	0.0138737	
0.0403372	0.00926072	0.429817	0.0367463	0.0366738	0.0202658	0.0100139	0.0309007	0.0544073	0.0395491	0.0294529	0.0290036	0.031158	0.0455986	0.0424531	0.0324592	0.039741	0.0244295	0.00801924	0.00971276	
0.0905461	0.00892793	0.033944	0.00570425	0.0164915	0.0338798	0.00204433	0.161066	0.0101391	0.243497	0.0277227	0.0329422	0.00286808	0.0975028	0.00825494	0.0219374	0.0254375	0.153907	0.00761834	0.0155702	
0.041264	0.00687929	0.0230438	0.0164677	0.0182963	0.0158411	0.0289335	0.0805923	0.0472415	0.0262992	0.0227893	0.0336701	0.0410452	0.0411644	0.0273892	0.022237	0.0507695	0.428957	0.00597206	0.0211472	
0.103779	0.012437	0.0550587	0.0311141	0.022376	0.0488317	0.0162986	0.0756282	0.0468396	0.279401	0.0373963	0.0458765	0.00436342	0.0319827	0.0229973	0.0299872	0.0317914	0.0788282	0.00900965	0.0160034	
0.0471381	0.00993583	0.0272964	0.0159291	0.0168764	0.0228019	0.0296281	0.0484583	0.0455989	0.0191651	0.0786685	0.0495743	0.0332431	0.0442402	0.0316944	0.0274089	0.0594737	0.361516	0.00827668	0.0230765	
0.0381525	0.0110746	0.0584896	0.0304676	0.0243553	0.0601771	0.0362609	0.00756668	0.037732	0.0408567	0.0306002	0.0173967	0.00261981	0.0517889	0.0229192	0.125251	0.289261	0.0908747	0.0103724	0.013783	
0.0436316	0.0093499	0.0154687	0.0250316	0.0149257	0.0154535	0.028876	0.0500783	0.0465849	0.0333107	0.0361312	0.0423469	0.0365274	0.040733	0.0307093	0.0250746	0.0526319	0.425012	0.0078413	0.0202811	
0.112613	0.00884505	0.0411903	0.0571112	0.0401054	0.0433442	0.0102333	0.0134167	0.0169666	0.0405808	0.0376958	0.336606	0.0251064	0.0486906	0.0421099	0.0144142	0.0166371	0.078253	0.00624345	0.00983718	
0.101264	0.00222702	0.0592511	0.0480364	0.330933	0.0523567	0.0184977	0.00565831	0.0647982	0.0136744	0.024461	0.0444602	0.0363816	0.0438811	0.0371464	0.00999491	0.0212805	0.0151728	0.00950201	0.0610229	
0.0296431	0.00630135	0.0180348	0.0206981	0.0473156	0.398043	0.0305103	0.034713	0.0687696	0.0364206	0.0317399	0.0415119	0.0465886	0.0577998	0.0148535	0.025291	0.0342786	0.028709	0.00676882	0.0220094	
0.461874	0.00962245	0.0261851	0.0288018	0.043529	0.0201003	0.0268383	0.0416754	0.0517529	0.0448796	0.0303566	0.0465144	0.00339688	0.0452855	0.0343166	0.0234891	0.00940847	0.0279682	0.0065293	0.0174759	
0.104175	0.00361329	0.0678617	0.055499	0.291972	0.0442407	0.0208671	0.00766942	0.0619022	0.0485749	0.0255205	0.0582922	0.0219845	0.0455068	0.043265	0.0126782	0.0279479	0.0270827	0.00657713	0.0247703	
0.0944554	0.0108261	0.0454869	0.023894	0.00522897	0.0383963	0.0133347	0.107297	0.0341042	0.213258	0.0733047	0.042102	0.00642683	0.0488741	0.0304274	0.0164307	0.0275063	0.147612	0.0040615	0.016973	
0.0830293	0.00380327	0.0826216	0.0669863	0.0263923	0.0931085	0.0210476	0.00884856	0.0647011	0.0385292	0.0331905	0.0715913	0.0242039	0.0591921	0.0542415	0.121532	0.0747126	0.0523106	0.00617735	0.0137806	
0.0842761	0.00355379	0.10105	0.0511085	0.0213454	0.0451117	0.0496199	0.0425716	0.0515112	0.0464954	0.0300463	0.11771	0.0318353	0.0542351	0.0476324	0.0121468	0.0361423	0.0851565	0.0082561	0.0801953	
0.184443	0.00978601	0.065566	0.0466156	0.0285574	0.0516991	0.0357083	0.0108238	0.0615854	0.0435784	0.0351789	0.0214142	0.00367946	0.0504367	0.0323467	0.0669419	0.127659	0.0953677	0.00983242	0.0187799	
0.103862	0.0112497	0.017029	0.022554	0.0606468	0.0181948	0.0182415	0.075943	0.0468623	0.142582	0.038661	0.0451953	0.0068764	0.050115	0.0436897	0.0243428	0.0435624	0.201923	0.00713765	0.0213313	
0.0625665	0.00963657	0.0694868	0.0444427	0.0309312	0.0766164	0.0238207	0.00491735	0.167162	0.0341254	0.0253501	0.0588806	0.115477	0.0476231	0.0326771	0.083481	0.0275739	0.0616507	0.00841082	0.0151699	
0.094289	0.0101964	0.0460934	0.0109762	0.0455498	0.0707711	0.037036	0.0131235	0.371126	0.0343289	0.0228922	0.0134457	0.050053	0.0262335	0.0130662	0.0281385	0.0221352	0.0630579	0.00878619	0.0187012	
0.0814665	0.00908821	0.0289589	0.0141796	0.00571601	0.0238687	0.0117476	0.321618	0.0138011	0.210969	0.0128327	0.00833863	0.0049633	0.0419244	0.010454	0.0104434	0.00536008	0.165995	0.00468673	0.0135876	
0.106579	0.00744225	0.0726684	0.0637191	0.0506529	0.0202618	0.016282	0.0310589	0.0294027	0.0411005	0.0259142	0.0656758	0.00556279	0.0371483	0.29642	0.00914469	0.0155627	0.0797106	0.00435738	0.0213357	
0.0985222	0.008545	0.0896918	0.0867161	0.0506604	0.0202032	0.0152283	0.0140293	0.0735117	0.0391407	0.0371486	0.069383	0.00653021	0.0371373	0.241774	0.00752095	0.0143525	0.0644375	0.00734329	0.0181236	
0.0783555	0.00835757	0.0147891	0.00651208	0.00331137	0.0175974	0.00231643	0.258507	0.0150521	0.274565	0.0192909	0.0118147	0.00105666	0.040752	0.00613946	0.0102924	0.0131556	0.202156	0.00413323	0.0118458	
0.0942974	0.0105465	0.0456549	0.0130368	0.040583	0.0629405	0.027689	0.0248652	0.330846	0.0364708	0.0186518	0.052859	0.0448529	0.0266048	0.0211606	0.0289362	0.0244361	0.0702205	0.00890097	0.0164467	
0.111364	0.00424128	0.0797812	0.0703589	0.0462536	0.0175063	0.0105366	0.0252436	0.0460414	0.026576	0.0393097	0.0677269	0.00270303	0.0354582	0.275896	0.0137202	0.0237601	0.0797055	0.00523592	0.0185815	
0.09306	0.0104412	0.0565774	0.0331392	0.00596191	0.0417136	0.0134177	0.0927125	0.0453876	0.273748	0.0335351	0.0424578	0.00953336	0.0520944	0.0307309	0.0184032	0.0308642	0.0917682	0.00680943	0.017644	
0.0931558	0.00807166	0.0443971	0.0311089	0.00747674	0.042637	0.0231121	0.354547	0.0222698	0.100105	0.0110627	0.0148597	0.0212303	0.0444581	0.0211775	0.0143257	0.010554	0.111755	0.00560196	0.0180938	
0.038321	0.0106894	0.0624208	0.0329315	0.024762	0.0601082	0.0322124	0.010132	0.0377065	0.0383467	0.0311259	0.0197196	0.00243904	0.0528188	0.023888	0.0904317	0.303978	0.10402	0.00888588	0.0150628	
0.106897	0.00727078	0.123457	0.28469	0.0383404	0.0190415	0.0226414	0.019417	0.0584433	0.0261168	0.0257995	0.0823195	0.00930107	0.0307419	0.0529227	0.0258198	0.0266543	0.0228061	0.00509067	0.0122284	
0.0889943	0.00934489	0.0428273	0.0297031	0.051993	0.0414875	0.00856319	0.026009	0.0473906	0.0956279	0.043778	0.0507728	0.00345008	0.0494366	0.0737241	0.0376408	0.0514235	0.217312	0.00946277	0.0210585	
0.100876	0.0115557	0.0578801	0.0251273	0.0347923	0.0705263	0.040537	0.0417874	0.0225551	0.0274374	0.0342558	0.047608	0.00942221	0.252681	0.0201717	0.0375017	0.049162	0.0870434	0.00908746	0.0199922	
0.092315	0.0101358	0.058061	0.0313379	0.00875479	0.045168	0.00849941	0.078633	0.04889	0.289833	0.033345	0.0465247	0.00353534	0.0525821	0.0197852	0.0330219	0.0349909	0.0795875	0.00741449	0.0175846	
0.137373	0.00983091	0.0706095	0.0545888	0.021758	0.103792	0.0224842	0.0233449	0.0256922	0.0413008	0.019291	0.0493733	0.0105344	0.0592565	0.0759464	0.169467	0.0255794	0.0600666	0.00280117	0.0169094	
0.0471856	0.00334228	0.0223793	0.0200316	0.0285935	0.0209703	0.031188	0.1648	0.0343615	0.0189964	0.0230302	0.0278837	0.0435265	0.0435075	0.026371	0.00507067	0.0338548	0.365107	0.00799767	0.0318032	
0.0775037	0.0084479	0.0128123	0.00642411	0.00447488	0.0154269	0.00319057	0.276127	0.00667931	0.280411	0.0122973	0.011427	0.000851273	0.0404814	0.00356962	0.00930073	0.00505682	0.208576	0.00477642	0.0121657	
0.0842539	0.0107678	0.0225839	0.0123489	0.00423162	0.0207564	0.00362361	0.268083	0.0125633	0.262792	0.0219855	0.0140812	0.00135365	0.046078	0.00527383	0.012184	0.0117322	0.167639	0.00484457	0.012823	
0.0875815	0.00846269	0.103109	0.21211	0.0349445	0.0445849	0.00671298	0.0302158	0.0189682	0.0165652	0.0305953	0.0734301	0.00475605	0.134852	0.0195638	0.0325782	0.0496778	0.0664789	0.00796334	0.0168494	
0.0404052	0.00835084	0.0217687	0.0184636	0.0196509	0.0168186	0.0321494	0.0840549	0.0433645	0.0250132	0.0213739	0.0349251	0.0376032	0.0410645	0.0254339	0.0226982	0.0518862	0.425369	0.00763502	0.0219708	
0.0355904	0.00642136	0.0158455	0.0118499	0.0173864	0.0149485	0.0255972	0.211925	0.0237731	0.0822916	0.017337	0.0210714	0.0367902	0.0408717	0.0192336	0.0110205	0.0230278	0.351687	0.00970261	0.0236292	
0.0824347	0.00693065	0.191661	0.115465	0.0308312	0.0426593	0.00964915	0.00778136	0.0186475	0.0334972	0.0316248	0.136954	0.00835973	0.0552558	0.0409928	0.0221632	0.10097	0.051708	0.00617252	0.00624198	
0.0377555	0.0134091	0.0839217	0.0277912	0.0101838	0.0917739	0.0267094	0.0313305	0.0546932	0.0886075	0.0374864	0.0470019	0.0209528	0.0596921	0.0359712	0.0450215	0.0540312	0.204872	0.0103923	0.018403	
0.0819476	0.00707015	0.194312	0.219798	0.0256388	0.0322668	0.0150112	0.0137496	0.038541	0.0125968	0.0277656	0.111237	0.00134205	0.0592734	0.0711165	0.0322419	0.0267489	0.0218039	0.00426865	0.00326983	
0.0456126	0.0106737	0.0658736	0.0377616	0.0288067	0.0532374	0.0324241	0.0146043	0.0192741	0.0387953	0.0350073	0.0424683	0.00339392	0.0471326	0.0146665	0.053738	0.313446	0.114989	0.0102486	0.0178459	
0.371305	0.00763887	0.0472827	0.0282474	0.0388319	0.0703428	0.0284896	0.0398671	0.0563327	0.045363	0.0311093	0.0492621	0.00346154	0.0477109	0.0360214	0.0293471	0.01173	0.0273467	0.00973181	0.0205776	
0.0964896	0.00222307	0.0498524	0.0312786	0.02187	0.12275	0.0290804	0.183441	0.0384933	0.0685455	0.0354487	0.0323222	0.0162469	0.0582929	0.0452318	0.0219243	0.0272933	0.0922951	0.00716829	0.0197521	
0.0892078	0.01296	0.0553122	0.0151174	0.0387219	0.0615352	0.0302797	0.0384979	0.117743	0.107426	0.0305568	0.0389783	0.075896	0.100545	0.0131244	0.0370332	0.0280796	0.0804897	0.00934808	0.0191481	
0.0773083	0.0121078	0.0286058	0.0145193	0.0064307	0.0286224	0.00386734	0.157432	0.0316172	0.239685	0.0280637	0.0316305	0.00261253	0.046227	0.0118124	0.0238307	0.0247905	0.207282	0.00713585	0.016419	
0.143623	0.00947369	0.0135001	0.0301906	0.0243338	0.0119084	0.0260194	0.0393427	0.0554759	0.0421203	0.0374221	0.0444485	0.00182358	0.0463423	0.0313404	0.0179695	0.150193	0.248329	0.00836627	0.0177777	
0.0794301	0.00416595	0.206826	0.295615	0.0302463	0.0165944	0.0191988	0.0107621	0.0367216	0.0186052	0.0229713	0.100961	0.00624121	0.0414148	0.0550588	0.0211959	0.0195405	0.00536641	0.00371127	0.00537309	
0.40738	0.0108402	0.0453228	0.0213612	0.0309771	0.0248745	0.028011	0.0386704	0.0554522	0.0405222	0.0303257	0.044787	0.00462119	0.0444095	0.0318588	0.0707286	0.0118686	0.0327705	0.0068074	0.0184115	
0.469469	0.00835284	0.0370795	0.0190418	0.0444189	0.0146427	0.0239251	0.0428131	0.0469272	0.0480997	0.0307614	0.0480229	0.00282105	0.0445888	0.0349573	0.0236844	0.0104129	0.0287027	0.00611933	0.0151589	
0.0599074	0.00529807	0.284413	0.226617	0.0302288	0.0166841	0.0115784	0.0108853	0.0392102	0.0227402	0.0262094	0.0987226	0.0112971	0.0391744	0.04694	0.0237074	0.0279238	0.00938118	0.00451727	0.00456507	
0.101524	0.0094879	0.0156817	0.0262589	0.0115948	0.0174238	0.028055	0.0400574	0.0457139	0.0316807	0.0352108	0.0440511	0.0146365	0.0465905	0.037868	0.0283651	0.0692122	0.369969	0.0085977	0.0180211	
0.0752217	0.00833968	0.0124989	0.00510922	0.00523442	0.0136468	0.00342539	0.278751	0.00777114	0.264849	0.0102277	0.0101889	0.00303997	0.0396004	0.00406427	0.00937266	0.00425735	0.227567	0.00516295	0.0116706	
0.0425509	0.00924078	0.0160251	0.0276108	0.0132338	0.0153582	0.0309272	0.054775	0.0414563	0.0278111	0.0359014	0.0417414	0.0381257	0.0445857	0.0270573	0.0262562	0.0583675	0.418445	0.00973231	0.0207985	
0.462149	0.00806822	0.0405914	0.0179807	0.0468599	0.0170681	0.026316	0.0400194	0.0504357	0.0424651	0.0303321	0.049456	0.00248212	0.0402373	0.0354461	0.0247329	0.00965227	0.0293849	0.00731945	0.0190038	
0.0358984	0.0105383	0.0637625	0.0371578	0.02519	0.0686034	0.0374545	0.00789904	0.019941	0.0388106	0.0343456	0.0319899	0.003057	0.0594638	0.0144406	0.184331	0.209912	0.0885842	0.0117495	0.0168705	
0.4741	0.00809436	0.0247714	0.0261466	0.0462188	0.0157815	0.0246789	0.037723	0.0463913	0.0441871	0.033008	0.0501871	0.00306139	0.0416068	0.0340696	0.0248043	0.0104337	0.0283289	0.00674251	0.0196648	
0.0431132	0.00924838	0.0147483	0.0221485	0.0136765	0.0163347	0.0274986	0.0554795	0.0484963	0.0281045	0.0359771	0.0408239	0.0341146	0.0457454	0.0299095	0.026741	0.0598709	0.41949	0.00700012	0.021479	
0.0914841	0.00322563	0.0688926	0.0574664	0.329767	0.0543888	0.0195093	0.0062571	0.0585178	0.013086	0.027705	0.0538165	0.0359297	0.0415391	0.039471	0.0109883	0.0261722	0.0196009	0.00811945	0.0340633	
0.0896791	0.00918676	0.0558305	0.0735092	0.0309123	0.0445258	0.00820389	0.00915867	0.160087	0.0345063	0.0369475	0.153097	0.0175472	0.0399168	0.0698102	0.0187404	0.0593966	0.0747059	0.00747908	0.00675999	
0.227581	0.0442622	0.0586778	0.0460098	0.00696965	0.0434975	0.0303944	0.0629586	0.0496539	0.0596607	0.0335501	0.0408317	0.00326101	0.04675	0.0349083	0.111426	0.0143127	0.0732498	0.00765127	0.0043936	
0.0675238	0.0111379	0.078005	0.040001	0.0288654	0.11642	0.02981	0.0211086	0.0977141	0.0444654	0.0358663	0.0558128	0.0345908	0.0561721	0.035554	0.0697587	0.0885669	0.064437	0.00743917	0.0167509	
0.0721026	0.00717183	0.069544	0.0513038	0.0122149	0.0645918	0.034675	0.0289347	0.0523459	0.0433741	0.0326745	0.0513579	0.0058963	0.0607298	0.0498221	0.225588	0.0451951	0.0745568	0.00883284	0.00908782	
0.114479	0.00530751	0.0769797	0.0677216	0.0516353	0.0199001	0.0179953	0.0319908	0.0297648	0.0383746	0.0249249	0.0649006	0.00439221	0.035007	0.296199	0.00817163	0.0154273	0.0741253	0.00314116	0.0195616	
0.315049	0.00956717	0.0372339	0.0417803	0.0324903	0.0796827	0.0302372	0.0386913	0.0486282	0.0426571	0.0297169	0.0515187	0.00390886	0.0520375	0.0377221	0.0792209	0.015433	0.0289089	0.00808893	0.0174271	
0.137788	0.00681285	0.0690073	0.0477003	0.0277542	0.0384438	0.0268529	0.0155867	0.0466689	0.0429678	0.0372693	0.031275	0.0128034	0.053829	0.0888974	0.19249	0.0236215	0.0744258	0.00744424	0.0183617	
0.079018	0.0123951	0.0605417	0.0419196	0.00339757	0.0537826	0.0261595	0.0162444	0.0577176	0.00816885	0.0597613	0.0932128	0.0117277	0.0496953	0.0297284	0.0421183	0.171471	0.155484	0.00888487	0.0185721	
0.120664	0.00775903	0.00838036	0.0137513	0.0107075	0.0101957	0.018139	0.188515	0.0261152	0.145536	0.0242224	0.025935	0.00340247	0.0400318	0.022202	0.01315	0.0237996	0.273699	0.00603965	0.0177541	
0.311078	0.00800856	0.0851235	0.132537	0.043503	0.0171122	0.0254695	0.0325461	0.0405875	0.0351178	0.0336941	0.0655663	0.00247089	0.0469862	0.0427747	0.0196928	0.0131885	0.0237835	0.00689052	0.0138686	
0.108198	0.0043784	0.0780595	0.0632673	0.0344435	0.0688095	0.00736884	0.0357178	0.0444355	0.0684835	0.035638	0.060142	0.00355629	0.0550155	0.121237	0.0777792	0.0434365	0.0641488	0.00668252	0.0192021	
0.0997146	0.0109722	0.0543252	0.0300694	0.00840789	0.0459842	0.00715281	0.0842086	0.0473155	0.285028	0.0371978	0.0450032	0.00351358	0.057038	0.0173022	0.0285745	0.0363728	0.0792871	0.00808861	0.0144436	
0.103225	0.00909808	0.0716942	0.0626414	0.0519493	0.0205214	0.0173076	0.0297179	0.0492655	0.074374	0.0434899	0.0594728	0.00312823	0.0219287	0.218095	0.0280553	0.0301441	0.0820658	0.00290648	0.0209197	
