0.0098127	0.00245889	0.0181975	0.0126671	0.00822064	0.00653202	0.00603935	0.437321	0.0149606	0.27619	0.00388631	0.00396223	0.0026654	0.0122162	0.00449678	0.00404617	0.0018852	0.144591	0.00763756	0.0222138	
0.431174	0.0163367	0.00936177	0.00686308	0.0204735	0.00482292	0.0195569	0.0227792	0.0751128	0.032605	0.0217637	0.0444803	0.00344116	0.0379529	0.0776125	0.110123	0.00624957	0.0103662	0.0164997	0.032425	
0.00530813	0.100367	0.0230233	0.0369388	0.0263951	0.00632942	0.00545525	0.0230628	0.018902	0.00423147	0.0139203	0.0250649	0.650837	0.00600492	0.00392544	0.00201898	0.00368602	0.0137102	0.0113083	0.0195106	
0.0110999	0.0100313	0.0116518	0.023511	0.00940704	0.00844917	0.0046307	0.63601	0.00787943	0.0653353	0.0127847	0.00649998	0.00535229	0.0176343	0.00400785	0.00543866	0.0137013	0.10488	0.027133	0.0145624	
0.193892	0.00465512	0.00673706	0.00907764	0.013861	0.0111557	0.0113141	0.0233278	0.0724407	0.00742091	0.0264133	0.0244586	0.0188637	0.045259	0.00768579	0.492436	0.00700027	0.00540169	0.00813066	0.0104688	
0.675794	0.0391482	0.008748	0.0272313	0.00995291	0.0069725	0.0257877	0.0110255	0.0279118	0.00892134	0.0128066	0.00501873	0.00356254	0.0301914	0.00426614	0.0594293	0.0103118	0.0059697	0.0218221	0.00512879	
0.0105171	0.00182297	0.841706	0.0111529	0.00242474	0.0114614	0.0108887	0.00782468	0.00739117	0.00546527	0.00691365	0.0285844	0.0127421	0.00657959	0.00424913	0.00599106	0.00589652	0.00816371	0.00212016	0.00810506	
0.0073809	0.00708483	0.00751332	0.00996246	0.807825	0.00989861	0.0130683	0.00747894	0.0103122	0.00599168	0.00724999	0.0117061	0.00772113	0.00710922	0.00827688	0.00796326	0.0119471	0.00395152	0.0105873	0.0369715	
0.377974	0.0247631	0.00751568	0.0084182	0.00998939	0.079322	0.0124017	0.0110759	0.0215479	0.0285027	0.0478243	0.0138385	0.00848721	0.0758465	0.00659429	0.16033	0.032981	0.0150537	0.00213566	0.0553985	
0.259936	0.0170522	0.00672333	0.00227771	0.0213178	0.00623671	0.0149731	0.0274084	0.11892	0.00107295	0.00275941	0.139991	0.00619445	0.0201783	0.272324	0.00720472	0.0051765	0.0583514	0.0096465	0.00225522	
0.039132	0.0114135	0.0635701	0.0269963	0.0681622	0.0427589	0.0377799	0.00499167	0.0612365	0.462037	0.0067642	0.0473789	0.000885509	0.00700569	0.00640457	0.00277947	0.0769676	0.00831953	0.0200316	0.00538519	
0.108764	0.0062385	0.00543752	0.0682999	0.108957	0.442252	0.00413114	0.00795852	0.089299	0.035334	0.0111125	0.00794822	0.00884359	0.0293728	0.0146837	0.00568425	0.00437749	0.0041736	0.00237269	0.0347593	
0.145389	0.0102101	0.0981432	0.258288	0.00137189	0.0282865	0.000802199	0.0124981	0.0361563	0.0135837	0.0371996	0.0171692	0.00656845	0.129562	0.142518	0.0217354	0.0322664	0.00436473	0.00320432	0.000682646	
0.0798304	0.0251689	0.195908	0.296504	0.013893	0.0267856	0.02019	0.0285391	0.0385169	0.0129599	0.00886247	0.0174858	0.00637953	0.0618095	0.0133466	0.0605339	0.029212	0.0347581	0.00114078	0.0281749	
0.0177917	0.0142093	0.000754773	0.00603791	0.00754133	0.00649214	0.00575925	0.599485	0.00269989	0.04272	0.0147726	0.00514004	0.00891007	0.00918767	0.00503037	0.00635132	0.0239402	0.211594	0.00846942	0.00311303	
0.209477	0.00246795	0.0622853	0.109646	0.0261767	0.00526723	0.00749293	0.00184226	0.176084	0.0220746	0.00712597	0.0124915	0.00650081	0.0591973	0.248979	0.00830688	0.0186347	0.00533805	0.000810106	0.00980077	
0.260392	0.00654142	0.0929534	0.082118	0.0182241	0.00388267	0.0177788	0.00595824	0.1402	0.0183343	0.0197739	0.0164325	0.00807066	0.04409	0.201386	0.0144625	0.0352431	0.00205228	0.00862037	0.00348626	
0.123495	0.0133319	0.00926687	0.00934588	0.00493078	0.00201908	0.0948405	0.112343	0.0223656	0.10981	0.0056248	0.0256844	0.00325902	0.0328376	0.0331665	0.0105441	0.0121607	0.324033	0.0023484	0.0485923	
0.0389717	0.0173828	0.163346	0.40401	0.0172702	0.0107184	0.0128943	0.0487032	0.0251805	0.0157537	0.0223423	0.125223	0.00479994	0.00253386	0.00532254	0.012614	0.0272953	0.02532	0.0186	0.00171783	
0.180388	0.00773998	0.0798227	0.210113	0.0179594	0.0110711	0.00821248	0.00792498	0.159213	0.0111769	0.00566892	0.0387816	0.00810463	0.0841184	0.0820907	0.051687	0.0221198	0.0035453	0.00398613	0.00627559	
0.378728	0.0222151	0.00708363	0.00770528	0.00993141	0.0773989	0.0122563	0.0105798	0.018964	0.0300096	0.0496721	0.0150071	0.00887359	0.0778329	0.00684623	0.15711	0.0329828	0.0151436	0.00213406	0.0595258	
0.0132474	0.000926038	0.0303379	0.0431531	0.0477944	0.67024	0.00512644	0.0407836	0.0174309	0.0163488	0.0109054	0.0139943	0.00226397	0.0326121	0.00945357	0.0136764	0.00306232	0.00603174	0.00774831	0.0148633	
0.569444	0.0326218	0.0096558	0.0123189	0.0307615	0.00246744	0.148577	0.0207311	0.0191877	0.00491045	0.013276	0.00724976	0.0200223	0.00645053	0.00559523	0.0035732	0.00380289	0.062902	0.0206031	0.00585014	
0.00306225	0.00960054	0.408641	0.0764808	0.0280687	0.00426403	0.0120093	0.0288172	0.0724073	0.0378682	0.0292213	0.00340875	0.0069803	0.0422997	0.128321	0.0554403	0.018956	0.00289963	0.024851	0.00640291	
0.0219653	0.00159645	0.0331579	0.0454496	0.00716627	0.0144939	0.0447906	0.0314915	0.0255505	0.0543592	0.0706532	0.0356111	0.00391517	0.0201407	0.00750474	0.00510486	0.00330312	0.135555	0.387881	0.0503091	
0.0360061	0.0169573	0.0195722	0.00546081	0.0363441	0.00482895	0.00411091	0.385505	0.00280888	0.222833	0.0137012	0.00327108	0.00646311	0.00854446	0.00155949	0.00996929	0.00496771	0.204893	0.00463793	0.00756663	
0.00466101	0.0193297	0.0386351	0.0255425	0.0523608	0.00649418	0.00813532	0.31297	0.0235614	0.142767	0.00511354	0.0106215	0.0104674	0.0114001	0.0147104	0.00924284	0.0053253	0.268342	0.0120822	0.0182384	
0.00655591	0.0042051	0.00431899	0.003137	0.0150277	0.00806723	0.00525267	0.195724	0.00723821	0.0174075	0.00992192	0.00507765	0.00630172	0.00203963	0.0053036	0.00557455	0.0164838	0.668818	0.0115383	0.00200627	
0.00997033	0.00336624	0.0074188	0.00786204	0.0202776	0.708058	0.0132225	0.0239961	0.0213527	0.00939281	0.0203116	0.0786921	0.0104746	0.0117605	0.00517128	0.0112714	0.0134828	0.00684897	0.00818331	0.00888638	
0.0622224	0.0270954	0.0300763	0.0129985	0.0349455	0.0054543	0.289515	0.0231296	0.00677642	0.0282034	0.0794724	0.029549	0.0188247	0.0480598	0.0645335	0.0675609	0.0187263	0.147151	0.00374185	0.00196336	
0.0104726	0.00715073	0.00823187	0.0124844	0.788275	0.0106191	0.0179196	0.00723994	0.0114193	0.0060806	0.00761376	0.0183663	0.00822349	0.00955388	0.00866991	0.0077822	0.0116498	0.00372363	0.0102648	0.0342592	
0.0041672	0.00720323	0.00735781	0.00201658	0.00796055	0.00541731	0.0111258	0.0124408	0.0153065	0.00685533	0.00312793	0.0157259	0.00800073	0.0248171	0.00349831	0.00559185	0.00407758	0.840267	0.0107929	0.00424971	
0.00530813	0.100367	0.0230233	0.0369388	0.0263951	0.00632942	0.00545525	0.0230628	0.018902	0.00423147	0.0139203	0.0250649	0.650837	0.00600492	0.00392544	0.00201898	0.00368602	0.0137102	0.0113083	0.0195106	
0.011621	0.0113137	0.00628868	0.0211027	0.0136872	0.00530581	0.0102675	0.00969163	0.00996258	0.0164503	0.0330454	0.438755	0.0477749	0.0308923	0.0299779	0.237849	0.0390183	0.00725659	0.00942907	0.0103104	
0.0896468	0.0167443	0.0396898	0.0403256	0.00198376	0.0686037	0.0613916	0.356336	0.00691143	0.238508	0.0104512	0.00292584	0.00329528	0.0127806	0.00230826	0.00179507	0.00710822	0.000707833	0.0154927	0.0229938	
0.00526376	0.00475734	0.0223714	0.00127654	0.000883483	0.0100919	0.0271571	0.00705302	0.00633645	0.00689431	0.00567792	0.00257507	0.00502595	0.0113738	0.00529394	0.28603	0.521414	0.0442499	0.0225288	0.0037459	
0.0122063	0.0102637	0.0248561	0.0967615	0.292053	0.00320924	0.0455203	0.231338	0.0159285	0.0515054	0.0220299	0.0149683	0.0478621	0.0441163	0.0113012	0.00457338	0.00407611	0.0136983	0.00667882	0.0470535	
0.0099653	0.00336619	0.00717916	0.00748327	0.0210407	0.70722	0.0139302	0.0238102	0.0211062	0.00944605	0.0203094	0.0783528	0.0109949	0.0117045	0.00512596	0.0113231	0.0137283	0.00687071	0.00809919	0.00894349	
0.120108	0.044965	0.00206057	0.00777345	0.0334167	0.00574847	0.00969729	0.0952165	0.0098695	0.0512686	0.211788	0.0158214	0.303331	0.0161208	0.00497763	0.0225058	0.00579177	0.0201952	0.0067845	0.0125601	
0.0646229	0.0255198	0.120477	0.00105348	0.00988057	0.0440121	0.00526021	0.0327669	0.00248915	0.160151	0.0458188	0.0489851	0.318999	0.0346042	0.00453894	0.0359986	0.00827757	0.0172472	0.0151017	0.00419646	
0.017662	0.00618726	0.00400064	0.00336821	0.0151264	0.00671035	0.00501983	0.18626	0.0146428	0.0208261	0.014802	0.00433647	0.00628618	0.00191935	0.00548169	0.00511509	0.0249031	0.631271	0.0189549	0.00712671	
0.00964837	0.0304081	0.0294284	0.0142335	0.00674541	0.00833277	0.00748748	0.13726	0.00860517	0.153681	0.0198235	0.00263055	0.000661623	0.00441521	0.0076043	0.00488153	0.0100536	0.461981	0.0574644	0.0246551	
0.180388	0.00773998	0.0798227	0.210113	0.0179594	0.0110711	0.00821248	0.00792498	0.159213	0.0111769	0.00566892	0.0387816	0.00810463	0.0841184	0.0820907	0.051687	0.0221198	0.0035453	0.00398613	0.00627559	
0.383607	0.0318677	0.0300337	0.0315914	0.014294	0.117038	0.0185589	0.0137066	0.0461928	0.00936685	0.0126226	0.016307	0.00541306	0.0577215	0.00621952	0.156031	0.0146609	0.0128902	0.0102605	0.0116166	
0.016001	0.0136054	0.0103308	0.00338016	0.0259622	0.00378021	0.00196651	0.403949	0.00357024	0.246291	0.0200225	0.00404358	0.00828895	0.0048876	0.00128658	0.00768702	0.00345674	0.210602	0.00140024	0.00948776	
0.102942	0.00463597	0.0401545	0.0134773	0.0311109	0.00394618	0.0158498	0.00505291	0.127171	0.0136523	0.00659059	0.0399625	0.00885668	0.0236835	0.492028	0.0215915	0.0107465	0.0251526	0.0029996	0.0103954	
0.0433357	0.000869563	0.00379647	0.0130326	0.0315695	0.0306385	0.00222919	0.0040998	0.220638	0.00279852	0.00125904	0.00955536	0.445389	0.0167804	0.0824384	0.0416352	0.00998344	0.00668478	0.0155182	0.0177483	
0.162218	0.00116353	0.0113541	0.00998286	0.00325359	0.00403356	0.142073	0.0731046	0.031529	0.0941089	0.0142325	0.00519673	0.00579052	0.00991919	0.0275028	0.00846501	0.0260544	0.30975	0.00439648	0.0558711	
0.0980305	0.0082844	0.00891811	0.00254937	0.017844	0.00567212	0.0499571	0.0291749	0.00707633	0.00717297	0.00969538	0.0137394	0.00475677	0.0461489	0.00851477	0.163124	0.387803	0.118086	0.00391841	0.00953438	
0.021855	0.00856423	0.222986	0.04519	0.00777286	0.014	0.0140379	0.0121093	0.237134	0.00547227	0.0190001	0.0458679	0.00158728	0.072244	0.0629726	0.104556	0.0791408	0.00933735	0.0144857	0.00168682	
0.04404	0.0709488	0.0298468	0.0132659	0.00469306	0.0222986	0.0104837	0.0215857	0.0297459	0.513948	0.0897297	0.0167209	0.00806212	0.0352349	0.018047	0.00975878	0.0211132	0.0228758	0.00343195	0.0141695	
0.00762107	0.0122759	0.0170791	0.0101996	0.0741421	0.0186522	0.0047889	0.0429302	0.0449166	0.0240189	0.0294338	0.00928316	0.284393	0.00160844	0.00789742	0.00511756	0.0779161	0.264144	0.0431674	0.0204145	
0.0590178	0.00694713	0.0187082	0.0531741	0.233454	0.00195921	0.0010283	0.0811596	0.0192299	0.448387	0.0192811	0.00779349	0.000707319	0.0114864	0.00608726	0.00264782	0.00474378	0.0124452	0.001968	0.00977433	
0.0105171	0.00182297	0.841706	0.0111529	0.00242474	0.0114614	0.0108887	0.00782468	0.00739117	0.00546527	0.00691365	0.0285844	0.0127421	0.00657959	0.00424913	0.00599106	0.00589652	0.00816371	0.00212016	0.00810506	
0.0559182	0.152105	0.00900873	0.00884905	0.004891	0.00913316	0.00945124	0.00270572	0.0257679	0.00786904	0.0565179	0.00654688	0.00621773	0.116601	0.0147037	0.0260894	0.0775558	0.371907	0.0112176	0.0269431	
0.0790122	0.0663221	0.0233292	0.0239854	0.00534253	0.0426806	0.0149084	0.0113828	0.0341038	0.542209	0.0338649	0.0194699	0.0135983	0.0172286	0.0126014	0.0105001	0.0209533	0.0146194	0.00247377	0.0114141	
0.0163191	0.0105727	0.0038921	0.00638391	0.00851771	0.0060399	0.00678371	0.632118	0.00596663	0.0337498	0.0133731	0.00467396	0.00641923	0.0204352	0.00512604	0.00696124	0.0193102	0.164503	0.0237176	0.00513758	
0.136688	0.0090576	0.0394107	0.344645	0.00468684	0.00650469	0.00481991	0.0267707	0.0145695	0.0126633	0.00365568	0.0128997	0.00248809	0.0459289	0.00992631	0.0531677	0.040889	0.168743	0.060642	0.00184375	
0.0255068	0.0118689	0.0749473	0.128141	0.0199394	0.00118439	0.0509007	0.02392	0.0431177	0.0220446	0.0221463	0.157796	0.27559	0.0622016	0.0346604	0.012827	0.0068309	0.00376469	0.00953717	0.0130748	
0.0327707	0.0275988	0.0103806	0.0231477	0.0237005	0.0158411	0.00438861	0.0528943	0.0842563	0.00130995	0.0237513	0.0521797	0.427478	0.00403217	0.0125892	0.000866659	0.00336085	0.113414	0.0285193	0.0575201	
0.00819594	0.0701846	0.323068	0.237117	0.0458421	0.0171288	0.00191498	0.0198003	0.00180926	0.0104001	0.0135493	0.0012509	0.00632273	0.0132027	0.00172589	0.0106989	0.187389	0.00701699	0.0170697	0.00631266	
0.0415087	0.000936413	0.0033294	0.013572	0.00952101	0.00499637	0.0219742	0.0267165	0.123166	0.0362287	0.0230857	0.0923069	0.185523	0.0535924	0.296041	0.0196835	0.00712584	0.0238465	0.00731056	0.00953538	
0.0552334	0.0106835	0.012075	0.115893	0.0838497	0.00241871	0.0345363	0.0243894	0.0814943	0.037239	0.00248322	0.0124983	0.00266306	0.0224664	0.0256685	0.0117754	0.00746544	0.0103815	0.0201013	0.426684	
0.0141464	0.0104795	0.00998263	0.00402347	0.0226486	0.00400908	0.00234314	0.443723	0.00405823	0.232595	0.0159414	0.00424062	0.00614878	0.00490681	0.00142151	0.00670558	0.00420672	0.198001	0.00137158	0.00904706	
0.0506618	0.0132429	0.158749	0.29836	0.00814269	0.0303418	0.0235561	0.00399877	0.0301111	0.00697448	0.0256716	0.0222035	0.206624	0.0839115	0.00629542	0.0223405	0.00385966	0.00166718	0.00213011	0.00115806	
0.286257	0.0100463	0.190627	0.104026	0.0146096	0.00878689	0.00762412	0.0432162	0.044972	0.00547339	0.0131012	0.00526086	0.0202074	0.0689478	0.0397378	0.0328677	0.0764703	0.00767931	0.0190519	0.00103724	
0.0073809	0.00708483	0.00751332	0.00996246	0.807825	0.00989861	0.0130683	0.00747894	0.0103122	0.00599168	0.00724999	0.0117061	0.00772113	0.00710922	0.00827688	0.00796326	0.0119471	0.00395152	0.0105873	0.0369715	
0.41448	0.0204829	0.0026144	0.00232819	0.0123161	0.00498986	0.0189542	0.0686555	0.0745207	0.00263715	0.0032809	0.109602	0.00334537	0.0186711	0.141617	0.00862633	0.00582044	0.0629942	0.0169586	0.00710461	
0.180388	0.00773998	0.0798227	0.210113	0.0179594	0.0110711	0.00821248	0.00792498	0.159213	0.0111769	0.00566892	0.0387816	0.00810463	0.0841184	0.0820907	0.051687	0.0221198	0.0035453	0.00398613	0.00627559	
0.727904	0.0385811	0.00648221	0.0185542	0.0133914	0.0081006	0.0361824	0.0119331	0.0167083	0.0106966	0.00974989	0.00577252	0.00369316	0.0151644	0.00506235	0.0274914	0.0145524	0.00563788	0.0167024	0.00763913	
0.661616	0.0455137	0.0114376	0.0260116	0.00960122	0.00761626	0.0330836	0.0123458	0.0298385	0.00644364	0.00932201	0.00499559	0.00360819	0.0248877	0.00406974	0.0661249	0.0109837	0.00735462	0.0203466	0.00479892	
0.0105171	0.00182297	0.841706	0.0111529	0.00242474	0.0114614	0.0108887	0.00782468	0.00739117	0.00546527	0.00691365	0.0285844	0.0127421	0.00657959	0.00424913	0.00599106	0.00589652	0.00816371	0.00212016	0.00810506	
0.0218291	0.00488167	0.0071983	0.00504422	0.00234679	0.0185717	0.0139691	0.401666	0.00492439	0.148817	0.0460941	0.0197619	0.0111002	0.0118055	0.0574172	0.0219496	0.016675	0.0895161	0.0519577	0.0444737	
0.0366267	0.0174525	0.00898006	0.0539879	0.0025745	0.00915921	0.000820658	0.547509	0.0163095	0.14823	0.030981	0.00129616	0.00302574	0.00245236	0.00393298	0.000853111	0.0040747	0.0303871	0.0134523	0.0678952	
0.00526376	0.00475734	0.0223714	0.00127654	0.000883483	0.0100919	0.0271571	0.00705302	0.00633645	0.00689431	0.00567792	0.00257507	0.00502595	0.0113738	0.00529394	0.28603	0.521414	0.0442499	0.0225288	0.0037459	
0.0839577	0.0120055	0.00252207	0.010995	0.0421571	0.00321033	0.0341848	0.032449	0.0279408	0.00521753	0.00186203	0.0285661	0.0241448	0.0298384	0.0559592	0.0136969	0.0175501	0.537985	0.0216632	0.0140943	
0.183287	0.00336641	0.000438544	0.00170322	0.0148852	0.0739529	0.510694	0.0115048	0.0356367	0.00933425	0.0111413	0.00495546	0.00519345	0.0252249	0.00198238	0.027725	0.00627013	0.00667815	0.0635918	0.00243455	
0.295308	0.0172544	0.00901738	0.00245064	0.0362495	0.00449675	0.00459153	0.0367457	0.0751781	0.0425347	0.00313025	0.0514655	0.0906168	0.0153308	0.0017357	0.0247855	0.00515182	0.224108	0.046845	0.013004	
0.443248	0.00623728	0.00353024	0.0239802	0.0144054	0.00217059	0.0116044	0.0167942	0.0154328	0.00641392	0.0152992	0.0654694	0.00876659	0.0905161	0.058256	0.134129	0.0538039	0.0211781	0.00315274	0.00561162	
0.0390295	0.209039	0.0231125	0.0607397	0.0176686	0.184176	0.0316759	0.0104052	0.0233479	0.0157954	0.00223336	0.0118632	0.0053659	0.00883993	0.0101595	0.0785083	0.223557	0.0317007	0.00909953	0.00368268	
0.0352788	0.0108013	0.024437	0.0402391	0.00962802	0.00659605	0.0156778	0.0290508	0.0523722	0.00613361	0.00250219	0.032758	0.233181	0.0336884	0.0878691	0.00267184	0.114612	0.190023	0.0621634	0.0103176	
0.18266	0.0717756	0.00863061	0.0214113	0.0288172	0.0194158	0.453638	0.0161978	0.00743049	0.0012295	0.025359	0.00813676	0.00705998	0.00155909	0.000765383	0.0332943	0.0248927	0.063337	0.0238831	0.00050636	
0.0128267	0.00484281	0.0114275	0.0115565	0.0199682	0.00425996	0.00872691	0.273038	0.00997736	0.524641	0.00249478	0.00617227	0.0170564	0.0162078	0.00563836	0.00768157	0.0175556	0.0295553	0.00739944	0.00897363	
0.0300453	0.012702	0.105236	0.024431	0.0216111	0.0619105	0.477841	0.0540356	0.00884711	0.00123869	0.0312821	0.0236558	0.00342592	0.00213339	0.0105219	0.0124859	0.0133244	0.0646195	0.0282326	0.0124207	
0.0474209	0.00427095	0.0351487	0.0381472	0.0375734	0.0296248	0.00259442	0.0261731	0.0201346	0.00153329	0.0154899	0.0370512	0.0044197	0.00511422	0.539978	0.00648497	0.0108825	0.0337965	0.00464961	0.0995121	
0.121326	0.0101995	0.00688798	0.00600335	0.0241279	0.00538242	0.0282387	0.0135266	0.00345508	0.0226886	0.0296745	0.0122663	0.00257737	0.0426233	0.00780712	0.147717	0.367926	0.106732	0.00952993	0.0313104	
0.00977674	0.00221217	0.0181271	0.0115779	0.0086434	0.00657934	0.00610537	0.431739	0.0147977	0.281142	0.00381716	0.00393902	0.00290556	0.0123132	0.00452078	0.00423473	0.00192743	0.147508	0.00750301	0.0206294	
0.0573074	0.010163	0.0254434	0.0339842	0.0121961	0.0457761	0.0370585	0.0084592	0.0109337	0.00587738	0.00890416	0.0548492	0.00874455	0.389295	0.0133478	0.194718	0.0309944	0.00353826	0.00576208	0.0426471	
0.163439	0.0111609	0.00377002	0.0135486	0.0500808	0.00441125	0.00950179	0.00749402	0.149648	0.142957	0.038406	0.0027858	0.00459873	0.133293	0.0846842	0.0184205	0.0688625	0.00738087	0.0278336	0.057722	
0.0270114	0.00566842	0.0220783	0.0366193	0.010888	0.0133523	0.0125042	0.575576	0.0428784	0.0155036	0.00865561	0.00508775	0.00219461	0.0653974	0.00701229	0.00711699	0.00764958	0.0467848	0.0752505	0.0127701	
0.0604769	0.0293285	0.0121584	0.00496569	0.0147127	0.0011799	0.0159089	0.0116964	0.440781	0.0161758	0.00110581	0.00465136	0.0225541	0.00529659	0.225899	0.00568424	0.00479949	0.0787116	0.00138385	0.0425294	
0.158845	0.00484551	0.105351	0.0945142	0.00682196	0.0453724	0.00305341	0.00901733	0.030054	0.0043419	0.0117023	0.0958989	0.0386703	0.0764197	0.00921379	0.24162	0.00607764	0.0104498	0.0301196	0.0176118	
0.106371	0.0382394	0.0246485	0.0264693	0.0303997	0.0176467	0.0725283	0.00392317	0.105762	0.313058	0.00904913	0.0162131	0.0166738	0.0372336	0.01493	0.023215	0.0663723	0.0172299	0.00649808	0.0535392	
0.00996321	0.0033636	0.0072388	0.007559	0.0209007	0.707684	0.0135066	0.0238568	0.021177	0.00941809	0.0203302	0.0783508	0.0108241	0.0117411	0.00513062	0.0113034	0.0137218	0.00687471	0.00810123	0.00895449	
0.13074	0.0955908	0.00975393	0.000829638	0.0281429	0.00337227	0.00459258	0.0758669	0.112292	0.0540218	0.0672361	0.00304009	0.0100557	0.00264109	0.0028821	0.00945362	0.00598586	0.315809	0.03369	0.0340036	
0.071105	0.012245	0.0392516	0.00738852	0.0129779	0.00794919	0.008359	0.00561464	0.36687	0.0389027	0.0342225	0.0045844	0.0116292	0.0658464	0.164293	0.0234102	0.0786522	0.00878542	0.0110363	0.0268763	
0.568074	0.033247	0.00938859	0.012325	0.0336991	0.00240053	0.148149	0.0192199	0.0184836	0.00446401	0.0131912	0.00777358	0.021269	0.00640584	0.00420099	0.00345691	0.00379406	0.0626186	0.0207764	0.00706221	
0.0206483	0.00128621	0.0238557	0.0417912	0.0348849	0.673589	0.00826176	0.0389631	0.0279049	0.0116735	0.0118108	0.0191471	0.00279935	0.0262743	0.00958792	0.0149905	0.00362885	0.00638484	0.00873877	0.0137792	
0.0668105	0.0382934	0.00555828	0.00174663	0.0139246	0.00403111	0.00648095	0.108264	0.0607477	0.0327758	0.0373532	0.00350389	0.00657133	0.00433687	0.00914472	0.00600957	0.0223121	0.484542	0.0582738	0.0293194	
0.256269	0.0170337	0.00834418	0.00145896	0.00208568	0.00742355	0.0217629	0.00743767	0.0433502	0.00369452	0.00396935	0.0595983	0.00299774	0.0382642	0.0306814	0.104992	0.0279536	0.276368	0.0165141	0.0698009	
0.0230366	0.00898424	0.0138572	0.017002	0.0204497	0.00441015	0.00808037	0.246265	0.00963177	0.542092	0.00319228	0.00648316	0.0144355	0.01672	0.00572578	0.00684626	0.0139724	0.0231767	0.00654486	0.00909432	
0.0235845	0.0627212	0.0138374	0.0195722	0.0164906	0.0145967	0.0115063	0.00864033	0.00700807	0.00885524	0.00474522	0.717602	0.00575178	0.0207942	0.013376	0.00891894	0.0116712	0.0169197	0.00650808	0.00690085	
0.00527015	0.100168	0.0231205	0.0369221	0.0264	0.00632981	0.00548389	0.0228708	0.0184162	0.00425519	0.0140192	0.0251599	0.651653	0.00604568	0.00393618	0.00211433	0.00369219	0.013577	0.0112632	0.0193027	
0.202246	0.00228396	0.000668128	0.00125837	0.0108702	0.111828	0.448447	0.0202529	0.0365701	0.0153638	0.011136	0.004357	0.00689843	0.0316711	0.00309795	0.0435574	0.00428353	0.000474945	0.041403	0.00333232	
0.00774301	0.0379178	0.135755	0.103238	0.127859	0.013358	0.0129512	0.00208505	0.00208278	0.00924251	0.00887757	0.00466046	0.00283028	0.0348341	0.00255244	0.00681456	0.411181	0.0296588	0.0188043	0.0275537	
0.00421197	0.00823148	0.0425005	0.0730704	0.039117	0.013612	0.00658502	0.0386894	0.0349099	0.00318678	0.0362788	0.0368201	0.513675	0.00564543	0.00825046	0.0651404	0.000993532	0.0465612	0.0144765	0.00804403	
0.0767785	0.0230671	0.0103345	0.0665026	0.00453365	0.0128404	0.00141808	0.0612231	0.00542226	0.38483	0.00476509	0.00993179	0.0141905	0.00886156	0.00420932	0.00528363	0.019893	0.253199	0.00915261	0.0235635	
0.067279	0.00652198	0.0326076	0.0482056	0.0081425	0.0511647	0.0755214	0.0130485	0.0233307	0.00737523	0.0105204	0.0402632	0.00810632	0.244462	0.0123896	0.272681	0.0366903	0.0111141	0.00374762	0.0268285	
0.22714	0.0979392	0.00499867	0.00988734	0.0113728	0.0111264	0.0291745	0.00166126	0.00120973	0.087217	0.105395	0.017348	0.0118281	0.0199359	0.00532893	0.0520514	0.0788449	0.204049	0.00423271	0.0192583	
0.00975172	0.00172234	0.0181455	0.0113712	0.00827121	0.00636772	0.00604164	0.430899	0.0149496	0.288207	0.00346306	0.00384354	0.00313679	0.0123376	0.00454407	0.00410326	0.00238298	0.142145	0.00820804	0.0201088	
0.0355007	0.0207613	0.0795689	0.329951	0.01425	0.00109497	0.0012131	0.018053	0.185155	0.0716147	0.0062364	0.00393414	0.00315391	0.0336733	0.0493392	0.103802	0.00831799	0.0107812	0.0176252	0.00597456	
0.0139972	0.0617775	0.0726049	0.0917431	0.030348	0.0115946	0.126386	0.0105406	0.0105946	0.0100239	0.0487333	0.0659341	0.128026	0.00714061	0.0144168	0.0368494	0.00615908	0.0117577	0.0629796	0.178392	
0.0106269	0.0351659	0.0294708	0.0141175	0.00681079	0.00834961	0.00727763	0.139288	0.00686603	0.165276	0.0165524	0.00320729	0.000627795	0.00437753	0.00822033	0.00517381	0.0126135	0.474097	0.029676	0.0222045	
0.094862	0.0386823	0.0410125	0.0376411	0.00556496	0.0369432	0.0171152	0.183985	0.0156679	0.398232	0.012306	0.0155734	0.0031318	0.0474825	0.010831	0.00323114	0.00881341	0.00100481	0.00341113	0.0245088	
0.0506618	0.0132429	0.158749	0.29836	0.00814269	0.0303418	0.0235561	0.00399877	0.0301111	0.00697448	0.0256716	0.0222035	0.206624	0.0839115	0.00629542	0.0223405	0.00385966	0.00166718	0.00213011	0.00115806	
0.0188316	0.00286459	0.315079	0.115881	0.00272693	0.0090493	0.00105664	0.0488955	0.0444099	0.185198	0.0517961	0.0056233	0.022508	0.0259107	0.0666697	0.0323795	0.00252876	0.014865	0.019578	0.0141484	
0.0106262	0.0351753	0.0294517	0.0140683	0.00680769	0.0083516	0.00726386	0.139295	0.00686989	0.165396	0.0165234	0.00322991	0.000628514	0.00436377	0.00821591	0.00516293	0.0127338	0.47383	0.0298037	0.0222022	
0.0105171	0.00182297	0.841706	0.0111529	0.00242474	0.0114614	0.0108887	0.00782468	0.00739117	0.00546527	0.00691365	0.0285844	0.0127421	0.00657959	0.00424913	0.00599106	0.00589652	0.00816371	0.00212016	0.00810506	
0.0468009	0.0505314	0.042271	0.0245286	0.00404693	0.0181267	0.0126816	0.0249769	0.0313095	0.450164	0.116818	0.0202699	0.00693934	0.0496615	0.0133246	0.00800011	0.0244593	0.0201257	0.00854737	0.0264171	
0.00655591	0.0042051	0.00431899	0.003137	0.0150277	0.00806723	0.00525267	0.195724	0.00723821	0.0174075	0.00992192	0.00507765	0.00630172	0.00203963	0.0053036	0.00557455	0.0164838	0.668818	0.0115383	0.00200627	
0.0476841	0.09808	0.0239545	0.0115345	0.00714221	0.0279071	0.0157204	0.0164547	0.0252777	0.531896	0.0604038	0.0153064	0.010894	0.0277413	0.0189008	0.012119	0.0191961	0.0192931	0.00164341	0.00885075	
0.0154375	0.0129798	0.0102665	0.00339696	0.0258353	0.00376044	0.00195343	0.405714	0.00363829	0.246338	0.0196105	0.00404391	0.00812627	0.00483583	0.00132198	0.00765648	0.00345324	0.210833	0.00133951	0.0094595	
0.00526376	0.00475734	0.0223714	0.00127654	0.000883483	0.0100919	0.0271571	0.00705302	0.00633645	0.00689431	0.00567792	0.00257507	0.00502595	0.0113738	0.00529394	0.28603	0.521414	0.0442499	0.0225288	0.0037459	
0.0041672	0.00720323	0.00735781	0.00201658	0.00796055	0.00541731	0.0111258	0.0124408	0.0153065	0.00685533	0.00312793	0.0157259	0.00800073	0.0248171	0.00349831	0.00559185	0.00407758	0.840267	0.0107929	0.00424971	
0.0235845	0.0627212	0.0138374	0.0195722	0.0164906	0.0145967	0.0115063	0.00864033	0.00700807	0.00885524	0.00474522	0.717602	0.00575178	0.0207942	0.013376	0.00891894	0.0116712	0.0169197	0.00650808	0.00690085	
0.0073809	0.00708483	0.00751332	0.00996246	0.807825	0.00989861	0.0130683	0.00747894	0.0103122	0.00599168	0.00724999	0.0117061	0.00772113	0.00710922	0.00827688	0.00796326	0.0119471	0.00395152	0.0105873	0.0369715	
0.0100254	0.00336262	0.00723557	0.00766693	0.020669	0.707232	0.0137855	0.0239422	0.0212348	0.00942966	0.0203149	0.0783444	0.010936	0.0117315	0.0051458	0.0114264	0.0137244	0.00688769	0.00804066	0.00886464	
0.187573	0.00433382	0.0168465	0.0169179	0.0137559	0.00370558	0.0274028	0.00897884	0.146439	0.00743353	0.0107271	0.00978689	0.0109363	0.0659711	0.00760504	0.390502	0.0286678	0.0217205	0.00414577	0.0165511	
0.0363639	0.00289774	0.0152994	0.032789	0.45364	0.13991	0.00167395	0.00449758	0.0490534	0.0177799	0.00824239	0.00707683	0.00375059	0.0262863	0.0118654	0.00703912	0.051941	0.00284719	0.00830899	0.118736	
0.0304088	0.00895871	0.0445127	0.0405638	0.0136226	0.0110222	0.0116294	0.557599	0.0082874	0.067869	0.0303275	0.00185698	0.0238482	0.0341262	0.00582955	0.0151944	0.00810308	0.00657916	0.0249134	0.0547476	
0.0308704	0.0120136	0.0871509	0.172598	0.015482	0.00973006	0.0609507	0.0105498	0.00945193	0.0120466	0.0101645	0.0272509	0.412374	0.00893462	0.00966141	0.0279503	0.0263026	0.00557393	0.0404427	0.0105006	
0.0573074	0.010163	0.0254434	0.0339842	0.0121961	0.0457761	0.0370585	0.0084592	0.0109337	0.00587738	0.00890416	0.0548492	0.00874455	0.389295	0.0133478	0.194718	0.0309944	0.00353826	0.00576208	0.0426471	
0.0541603	0.159109	0.00866689	0.00765321	0.00493606	0.008667	0.0103938	0.00319036	0.017331	0.00767658	0.0758383	0.00413302	0.00552366	0.144887	0.0140331	0.0332602	0.0791646	0.326945	0.0104871	0.0239441	
0.0226458	0.0188146	0.0424769	0.00714585	0.0127447	0.0103025	0.0020904	0.0715816	0.0105635	0.336641	0.0213277	0.0188699	0.0110135	0.00848972	0.0130114	0.0257396	0.0885289	0.167845	0.00153206	0.108635	
0.0591022	0.0045712	0.290815	0.157211	0.0151406	0.0223019	0.00738241	0.00158703	0.0711688	0.0278248	0.00475706	0.0672919	0.0369407	0.0548057	0.0412094	0.0342711	0.0656068	0.00968573	0.0184984	0.00982859	
0.0142283	0.123699	0.0317743	0.00407523	0.0378684	0.0418781	0.0262274	0.00326162	0.485002	0.0450048	0.00287582	0.00350911	0.0244417	0.000961521	0.0309807	0.0150769	0.0180312	0.0421948	0.0244405	0.0244686	
0.0177917	0.0142093	0.000754773	0.00603791	0.00754133	0.00649214	0.00575925	0.599485	0.00269989	0.04272	0.0147726	0.00514004	0.00891007	0.00918767	0.00503037	0.00635132	0.0239402	0.211594	0.00846942	0.00311303	
0.13948	0.00250865	0.0389744	0.0112806	0.0192808	0.00206952	0.0175424	0.00370807	0.126003	0.0145677	0.00617455	0.0163992	0.00476325	0.0392065	0.451226	0.0491822	0.0162471	0.0278633	0.00197155	0.0115511	
0.145105	0.0102277	0.0980959	0.257587	0.00125676	0.0284052	0.000750754	0.0125197	0.0351142	0.0137429	0.0377215	0.0169696	0.00660072	0.130129	0.143503	0.0214486	0.0325273	0.00440165	0.00320607	0.000687431	
0.0748457	0.020618	0.0106516	0.0634901	0.00473844	0.0129388	0.000831892	0.0623703	0.00557036	0.392209	0.0050725	0.00933504	0.0135227	0.00884997	0.00421146	0.005919	0.01921	0.250998	0.00900498	0.0256115	
0.133315	0.00298827	0.0202322	0.00565336	0.0166449	0.00124287	0.0258049	0.00443503	0.223202	0.0098826	0.00493093	0.0167722	0.00569404	0.017153	0.419125	0.032928	0.0101009	0.0398639	0.00124527	0.00878471	
0.180609	0.00771437	0.0795382	0.209652	0.0178691	0.0112065	0.00829299	0.00791199	0.159411	0.0112188	0.00564032	0.0388012	0.0080945	0.0841668	0.0821751	0.0517531	0.02215	0.00355953	0.00396842	0.00626715	
0.0145929	0.00115098	0.0465019	0.0508711	0.00178557	0.00776858	0.0070778	0.104896	0.0366381	0.194815	0.281096	0.00372289	0.00547466	0.00447942	0.0570336	0.0223122	0.0473502	0.00275571	0.0432991	0.0663782	
0.116603	0.0493279	0.0380363	0.0201575	0.0101321	0.00209496	0.00233857	0.307847	0.0317897	0.0655704	0.00687014	0.00673065	0.00288553	0.0109419	0.153924	0.0339272	0.022221	0.0763173	0.0124561	0.0298284	
0.0591022	0.0045712	0.290815	0.157211	0.0151406	0.0223019	0.00738241	0.00158703	0.0711688	0.0278248	0.00475706	0.0672919	0.0369407	0.0548057	0.0412094	0.0342711	0.0656068	0.00968573	0.0184984	0.00982859	
0.180443	0.0077266	0.0798029	0.210179	0.0179489	0.0110845	0.00820226	0.00791781	0.15922	0.0111797	0.00565823	0.0387524	0.00811601	0.0840767	0.0820678	0.0516954	0.0221156	0.00354846	0.00398658	0.00627852	
0.0367076	0.00734747	0.00245162	0.0454955	0.0163275	0.0929218	0.0590899	0.0293002	0.100976	0.109275	0.0257873	0.0488229	0.00930492	0.0698863	0.203538	0.0456274	0.0234313	0.0364391	0.0136788	0.0235917	
0.0134902	0.000928398	0.0316611	0.0419877	0.0448162	0.668876	0.00516053	0.0415172	0.0182169	0.0193772	0.0108117	0.0145431	0.00221089	0.0320758	0.00927526	0.0137694	0.00296812	0.00596549	0.00794416	0.0144046	
0.0519018	0.0116803	0.0217051	0.0144498	0.0237373	0.0052015	0.0318896	0.00543071	0.0736499	0.406226	0.0037585	0.00944939	0.0403506	0.0114592	0.175199	0.0528003	0.00274706	0.027814	0.00541426	0.0251361	
0.0591022	0.0045712	0.290815	0.157211	0.0151406	0.0223019	0.00738241	0.00158703	0.0711688	0.0278248	0.00475706	0.0672919	0.0369407	0.0548057	0.0412094	0.0342711	0.0656068	0.00968573	0.0184984	0.00982859	
0.0917992	0.0267506	0.0105331	0.00831333	0.13555	0.000569231	0.008271	0.198126	0.00878456	0.0718305	0.0126231	0.00225064	0.0484326	0.0213897	0.017565	0.00438842	0.112008	0.15028	0.0112956	0.05924	
0.0160138	0.0113174	0.268948	0.214561	0.060107	0.00609273	0.0307043	0.0174358	0.0139933	0.0610618	0.0194038	0.00327421	0.0129096	0.00994857	0.107133	0.00323762	0.0260472	0.0267739	0.0854218	0.005615	
0.0367041	0.0174513	0.00900063	0.053987	0.00256794	0.00913859	0.000813737	0.547372	0.0163717	0.14825	0.0309935	0.00129032	0.00301846	0.00238926	0.00393251	0.000870754	0.00405967	0.0302577	0.01345	0.0680809	
0.0238979	0.0601266	0.0106753	0.449821	0.0172004	0.0165097	0.00228213	0.0223057	0.00167085	0.0210066	0.0181263	0.0600467	0.0162189	0.140263	0.0129145	0.0314425	0.00239697	0.00396724	0.0476286	0.0414993	
0.00655591	0.0042051	0.00431899	0.003137	0.0150277	0.00806723	0.00525267	0.195724	0.00723821	0.0174075	0.00992192	0.00507765	0.00630172	0.00203963	0.0053036	0.00557455	0.0164838	0.668818	0.0115383	0.00200627	
0.00655591	0.0042051	0.00431899	0.003137	0.0150277	0.00806723	0.00525267	0.195724	0.00723821	0.0174075	0.00992192	0.00507765	0.00630172	0.00203963	0.0053036	0.00557455	0.0164838	0.668818	0.0115383	0.00200627	
0.0245789	0.0237097	0.0744728	0.0109605	0.00866791	0.0285824	0.00448781	0.00549938	0.0696021	0.0536505	0.0288537	0.266834	0.00832994	0.0289351	0.00892635	0.0424611	0.268931	0.016028	0.0139317	0.0125568	
0.180703	0.00883842	0.0730325	0.0536545	0.0239692	0.00936372	0.00461319	0.0115085	0.0555017	0.111278	0.00382437	0.0485333	0.220157	0.00181862	0.0622889	0.0469084	0.028888	0.0424385	0.00483528	0.00784427	
0.0798537	0.0251609	0.196033	0.296384	0.0138882	0.026776	0.0201319	0.0285063	0.0385917	0.0129592	0.00886471	0.0175396	0.00639183	0.0618344	0.0133586	0.0605264	0.0292561	0.0347257	0.001169	0.0280481	
0.0163486	0.0150804	0.00636352	0.019427	0.0195476	0.0200183	0.0239556	0.0108743	0.0426724	0.0186181	0.0216832	0.182811	0.0177928	0.0153161	0.0103973	0.0117193	0.48548	0.03871	0.0166179	0.00656752	
0.40526	0.0147009	0.00567887	0.0100798	0.0190676	0.00581999	0.0219844	0.123115	0.0222522	0.0306459	0.0117391	0.0235456	0.00222047	0.0105648	0.00756593	0.0207688	0.0145982	0.162041	0.0445978	0.0437538	
0.162267	0.0132375	0.00251643	0.0670221	0.00611308	0.119071	0.0125758	0.0121895	0.126222	0.00591118	0.0123961	0.0015616	0.169898	0.0481812	0.112646	0.0295408	0.0053688	0.0612903	0.00254045	0.0294512	
0.160203	0.00732107	0.0434814	0.171412	0.00819159	0.00505057	0.010478	0.0182953	0.0750835	0.135899	0.00647273	0.0112128	0.00981179	0.16037	0.0343343	0.0514748	0.0241226	0.0460638	0.0196558	0.00106637	
0.162099	0.00238056	0.010696	0.00984516	0.00350587	0.00391732	0.137462	0.0744489	0.0304523	0.0956349	0.0145595	0.00553747	0.00567883	0.00970011	0.0261651	0.00814293	0.0261499	0.314091	0.00509762	0.0544354	
0.162218	0.00116353	0.0113541	0.00998286	0.00325359	0.00403356	0.142073	0.0731046	0.031529	0.0941089	0.0142325	0.00519673	0.00579052	0.00991919	0.0275028	0.00846501	0.0260544	0.30975	0.00439648	0.0558711	
0.180388	0.00773998	0.0798227	0.210113	0.0179594	0.0110711	0.00821248	0.00792498	0.159213	0.0111769	0.00566892	0.0387816	0.00810463	0.0841184	0.0820907	0.051687	0.0221198	0.0035453	0.00398613	0.00627559	
0.72772	0.0405684	0.00675622	0.016486	0.0143958	0.00814114	0.0296345	0.0137319	0.0169676	0.0132844	0.00995165	0.00670992	0.00340951	0.0138174	0.00879129	0.026293	0.0142744	0.0058423	0.0141447	0.00908035	
0.695141	0.0464811	0.00794514	0.00978264	0.0258941	0.0160774	0.0276398	0.0292994	0.0136344	0.0157331	0.0155804	0.0147527	0.00408263	0.00180811	0.00993678	0.00771923	0.0229815	0.0115386	0.00502626	0.0189454	
0.00210712	0.0445181	0.329576	0.0141028	0.0186567	0.0240242	0.00414594	0.0118168	0.0123292	0.0612777	0.00645809	0.267746	0.00938711	0.00645938	0.010141	0.0186877	0.109446	0.0171706	0.022893	0.0090568	
0.0717678	0.0388062	0.0058479	0.00173356	0.0140857	0.00423297	0.00640289	0.10272	0.0586894	0.0299808	0.0386315	0.00373868	0.00787569	0.00604848	0.0110976	0.00686897	0.0227603	0.470743	0.0675652	0.0304033	
0.0590353	0.00695414	0.0187102	0.0531572	0.233471	0.0019616	0.00102655	0.081172	0.0193251	0.448304	0.0191998	0.00776344	0.000709189	0.0115369	0.0060863	0.00264309	0.00474187	0.0124597	0.00196751	0.00977503	
0.0041672	0.00720323	0.00735781	0.00201658	0.00796055	0.00541731	0.0111258	0.0124408	0.0153065	0.00685533	0.00312793	0.0157259	0.00800073	0.0248171	0.00349831	0.00559185	0.00407758	0.840267	0.0107929	0.00424971	
0.719646	0.0393738	0.00579979	0.0101807	0.019272	0.0135805	0.0396234	0.0182526	0.0129343	0.0158059	0.0121824	0.00935098	0.00399383	0.00594493	0.00761985	0.0125465	0.0195616	0.00768761	0.0140733	0.0125701	
0.00234148	0.0210623	0.048676	0.0350385	0.0344555	0.0164894	0.0208524	0.0205811	0.0293706	0.0210338	0.0221985	0.00816934	0.00108721	0.0369311	0.0224356	0.559938	0.0481381	0.0174906	0.0256634	0.0080472	
0.599984	0.0261967	0.00369142	0.00677288	0.0260248	0.0201628	0.0896767	0.023167	0.0234052	0.0367764	0.0193751	0.0106947	0.00360224	0.0117117	0.00978341	0.00815385	0.0202038	0.00506178	0.0390423	0.0165135	
0.00827618	0.004628	0.00418214	0.00309638	0.01703	0.00755752	0.00509657	0.190341	0.00874397	0.0189775	0.0114189	0.00505295	0.0121352	0.00196258	0.00556876	0.00543053	0.0196961	0.656033	0.0123634	0.00240944	
0.0073809	0.00708483	0.00751332	0.00996246	0.807825	0.00989861	0.0130683	0.00747894	0.0103122	0.00599168	0.00724999	0.0117061	0.00772113	0.00710922	0.00827688	0.00796326	0.0119471	0.00395152	0.0105873	0.0369715	
0.0283557	0.00578896	0.0432629	0.00550357	0.104946	0.266538	0.00305045	0.0018034	0.156906	0.0126362	0.00712563	0.0819132	0.0106055	0.0276713	0.0709451	0.0266324	0.0117584	0.00732744	0.0250826	0.102148	
0.268703	0.0263199	0.035075	0.0373884	0.0122781	0.177414	0.0270921	0.0110309	0.0589112	0.00920217	0.0115423	0.0213739	0.00739834	0.0704616	0.007283	0.165154	0.0194556	0.0116415	0.0120922	0.0101823	
0.0711654	0.015688	0.118964	0.0776086	0.00269606	0.187034	0.00135625	0.00516305	0.072332	0.00549228	0.0129495	0.0303391	0.210934	0.0205037	0.0218388	0.0668465	0.0356803	0.0261896	0.00931215	0.00790566	
0.0117129	0.0110535	0.0173009	0.0219615	0.0151826	0.00693942	0.0104591	0.00965448	0.0103681	0.0145088	0.0262815	0.426053	0.0550053	0.0304687	0.0266663	0.237396	0.0422829	0.00956028	0.00755839	0.00958646	
0.0163062	0.021853	0.0065082	0.0289073	0.0152032	0.00553372	0.00489104	0.177217	0.0407334	0.0618816	0.0179881	0.00653103	0.229589	0.0263009	0.144331	0.00413602	0.0107415	0.0995161	0.00185054	0.0799809	
0.311169	0.00421993	0.0585686	0.126909	0.0117909	0.0299416	0.00533919	0.0786442	0.122664	0.00520939	0.00224007	0.00690583	0.0180463	0.012783	0.0282172	0.036959	0.0718275	0.0377664	0.00864186	0.0221574	
0.218016	0.00453261	0.0633261	0.196747	0.0108489	0.0276487	0.00562873	0.00978998	0.154657	0.0233594	0.00638502	0.0364112	0.00763892	0.0681133	0.0597875	0.0582694	0.0269746	0.0112735	0.00347972	0.00711213	
0.258335	0.00522484	0.00617993	0.0033394	0.00851095	0.012029	0.0155457	0.0213294	0.00867678	0.00242567	0.0233049	0.223726	0.00539221	0.0294289	0.105244	0.0171849	0.1721	0.0625284	0.0138799	0.00561373	
0.0177917	0.0142093	0.000754773	0.00603791	0.00754133	0.00649214	0.00575925	0.599485	0.00269989	0.04272	0.0147726	0.00514004	0.00891007	0.00918767	0.00503037	0.00635132	0.0239402	0.211594	0.00846942	0.00311303	
0.189053	0.00777042	0.08452	0.207529	0.0161563	0.0120861	0.00773469	0.0080568	0.149643	0.0107371	0.00684775	0.0364344	0.00795576	0.0842469	0.0835522	0.0491988	0.0249664	0.00350894	0.00419072	0.00581193	
0.231718	0.00354331	0.0444416	0.173895	0.0118243	0.0163705	0.00602297	0.020532	0.0763125	0.0893352	0.00768258	0.033601	0.00713533	0.0963257	0.0312732	0.0665343	0.0332463	0.0437337	0.00468588	0.00178589	
0.0659133	0.0122623	0.0319275	0.0319064	0.0241779	0.0216678	0.00494902	0.156213	0.00295716	0.513796	0.00874073	0.00360911	0.0050104	0.0430745	0.0083663	0.00674002	0.00260954	0.00448395	0.0262483	0.0253472	
0.115667	0.00222409	0.0660551	0.0276827	0.0219624	0.00189611	0.0138711	0.00398143	0.177386	0.0215839	0.00889018	0.0120056	0.00618834	0.0251877	0.443446	0.0213249	0.0142516	0.00838446	0.0010437	0.00696822	
