0.071786	0.052974	0.0139274	0.0119384	0.0367874	0.0848918	0.0255257	0.00230597	0.0243347	0.0373571	0.177559	0.0934597	0.0438078	0.000300295	0.00725896	0.103201	0.190775	0.000729195	0.00193124	0.01915	
0.0362617	0.0830473	0.081099	0.0736592	0.0882362	0.0358299	0.0350241	0.0412416	0.00731652	0.0948937	0.101016	0.0322827	0.0233508	0.0270178	0.0103867	0.0266221	0.0264304	0.0233673	0.0713879	0.0815293	
0.0362617	0.0830473	0.081099	0.0736592	0.0882362	0.0358299	0.0350241	0.0412416	0.00731652	0.0948937	0.101016	0.0322827	0.0233508	0.0270178	0.0103867	0.0266221	0.0264304	0.0233673	0.0713879	0.0815293	
0.11996	0.028701	0.14346	0.131926	0.0646251	0.0025096	0.031662	0.0515581	0.0022664	0.032729	0.135044	0.0179215	0.0302331	0.041131	0.00212256	0.0457054	0.0194357	0.0187777	0.0386503	0.0415808	
0.0407379	0.0592811	0.145197	0.0369625	0.0991477	0.0376379	0.0452958	0.0376771	0.0110941	0.0845935	0.0445301	0.0198464	0.0596941	0.0246	0.0471357	0.0773556	0.0169947	0.0267776	0.0229564	0.0624842	
0.0362617	0.0830473	0.081099	0.0736592	0.0882362	0.0358299	0.0350241	0.0412416	0.00731652	0.0948937	0.101016	0.0322827	0.0233508	0.0270178	0.0103867	0.0266221	0.0264304	0.0233673	0.0713879	0.0815293	
0.0362617	0.0830473	0.081099	0.0736592	0.0882362	0.0358299	0.0350241	0.0412416	0.00731652	0.0948937	0.101016	0.0322827	0.0233508	0.0270178	0.0103867	0.0266221	0.0264304	0.0233673	0.0713879	0.0815293	
0.0121864	0.000699765	0.00746255	0.0368394	0.519143	0.0324454	0.0961788	0.00232287	0.0590647	0.0192469	0.0267879	0.00943426	0.0414034	0.0247162	0.0253187	0.0125075	0.00935324	0.00041209	0.0490951	0.015382	
0.425005	0.00313189	0.000537372	0.00232373	0.00957217	0.112359	0.0419412	0.109338	0.0514121	0.00506446	0.0283511	0.0121153	0.00316096	0.0453232	0.00148878	0.000433202	0.000521392	0.0855442	0.0114519	0.0509262	
0.0375046	0.0531616	0.000247453	0.394061	0.053972	0.000339649	0.0366606	0.014958	0.0427436	0.0206178	0.0669057	0.00159788	0.00368927	0.0025542	0.191276	0.0036884	0.00209384	0.00226013	0.0195046	0.0521644	
0.000462986	0.00193429	0.32903	0.000356608	0.000842365	0.000200565	0.00395551	0.00998057	0.0213852	0.00761279	0.0157096	0.000200156	0.00789162	0.0416478	0.154414	0.0948479	0.0383776	0.224676	0.0078708	0.0386036	
0.03977	0.0416714	0.0560932	0.0562033	0.0998242	0.0217346	0.0357518	0.0692733	0.00814724	0.0543423	0.0704667	0.0129757	0.048367	0.0201776	0.0283408	0.0114262	0.0374482	0.0373892	0.137926	0.112671	
0.00390351	0.0537037	0.000432277	0.20531	0.00501353	0.00540713	0.0127778	0.16828	0.00273761	0.026832	0.0612995	0.0172256	0.00580169	0.0106228	0.0661898	0.000613001	0.00187186	0.22879	0.0563708	0.0668176	
0.0385942	0.0062829	0.0165804	0.00407492	0.0272636	0.000482123	0.0171997	0.00163544	0.140797	0.0299273	0.00143721	0.000735385	0.00505347	0.00415458	0.587137	0.0339091	0.0293638	0.0131877	0.000812142	0.0413717	
0.0249299	0.0774635	0.0547444	0.0450865	0.098006	0.0422567	0.0392544	0.043973	0.0239077	0.0640596	0.06266	0.0309344	0.00714415	0.046388	0.0277077	0.0309651	0.0303015	0.0276397	0.0716842	0.150894	
0.0391814	0.0548063	0.00321581	0.0011288	0.0485962	0.0273055	0.0119099	0.00121302	0.593282	0.031757	0.0017733	0.0668457	0.0516413	0.000893405	0.00100381	0.00199859	0.000345579	0.0346466	0.0244913	0.00396401	
0.147119	0.0874261	0.000861347	0.00046715	0.0124163	0.00260999	0.179818	0.0203199	0.438941	0.00613633	0.00205027	0.0240019	0.000822954	0.00505009	0.054454	0.00923588	0.000184164	0.00272547	0.00206721	0.00329223	
0.0626949	0.0206059	0.000362882	0.000710072	0.0117387	0.212698	0.00683216	0.1006	0.0233182	0.301699	0.0741693	0.00276969	0.0342292	0.0137311	0.000525784	0.0122067	0.00622193	0.000691941	0.019343	0.0948518	
0.0164912	0.0112698	0.00341679	0.00151678	0.0309883	0.476873	0.0130592	0.00173977	0.0488291	0.0105106	0.024416	0.00209262	0.032707	0.0108978	0.257903	0.00599535	0.018923	0.00103498	0.00215545	0.0291809	
0.00326864	0.527974	0.0488619	0.0303709	0.0473035	0.0384036	0.0214541	0.0397564	0.0450354	0.00754792	0.0689683	0.0144018	0.00841253	0.0380549	0.00185254	0.00720573	0.0446775	0.00276686	0.000385302	0.00329762	
0.0538694	0.00070327	0.00159828	0.0877698	0.00310331	0.0453127	0.0396312	0.000618827	0.0159418	0.00133904	0.0364631	0.000435213	0.000462361	0.032195	0.000306488	0.615379	0.0502765	0.00893267	0.00133744	0.00432423	
0.00124876	0.000500232	0.000191425	0.0276732	0.0428331	0.0022508	0.0400307	0.000214579	0.12167	0.0149	0.00787353	0.000399666	0.0210416	0.0935657	0.125073	0.0223154	0.000792159	0.173596	0.00059873	0.303232	
0.0623186	0.0333852	0.0379063	0.0425894	0.020766	0.0487108	0.0530691	0.0322876	0.0361645	0.00675673	0.0946316	0.129492	0.0252412	0.0154085	0.0566985	0.059896	0.141216	0.0937064	0.00515004	0.00460511	
0.0249055	0.00798348	0.0123171	0.137055	0.124145	0.0275078	0.0146389	0.0375069	0.00390306	0.0185017	0.0813444	0.032164	0.000290233	0.0479436	0.0056724	0.0721434	0.0421733	0.0664535	0.177448	0.0659024	
0.000786882	0.000752267	0.00168076	0.0249838	0.0111818	0.262354	0.0199243	0.000435545	0.0718752	0.0167933	0.051208	0.00246157	0.211515	0.0322026	0.000199206	0.202792	0.0724766	0.001369	0.00473736	0.0102697	
0.0242952	0.0769412	0.0483162	0.0410529	0.105026	0.0484284	0.0441269	0.0508543	0.0325449	0.0578748	0.0524739	0.0326491	0.000138534	0.0606949	0.0359282	0.0335017	0.0324529	0.0307091	0.0649568	0.127034	
0.000115039	0.38234	0.0339739	0.272267	0.0167127	0.000131485	0.0191995	0.00214091	0.000427476	0.000736998	0.02533	0.000561286	0.0373397	0.00296503	0.080779	0.0938356	0.000178361	0.0278495	0.000420803	0.0026963	
0.0166664	0.00775303	0.0120119	0.106739	0.0286095	0.0150148	0.016508	0.10321	0.0190063	0.0393324	0.0585012	0.010364	0.0137894	0.0288158	0.0989105	0.000184261	0.0158368	0.159851	0.190348	0.0585481	
0.0200339	0.0977113	0.0176556	0.0035425	0.0608503	0.000344126	0.000669722	0.0300948	0.331393	0.0387019	0.00947621	0.00231593	0.0198925	0.0281596	0.25184	0.00236331	0.0566839	0.00194456	0.00102667	0.0252996	
0.01254	0.514773	0.0148785	0.0756385	0.0185356	0.0225689	0.010034	0.0122518	0.0643307	0.00130357	0.0665874	0.0138289	0.0468035	0.030871	0.000362084	0.000222208	0.0321117	0.00411809	0.0483257	0.00991527	
0.0242952	0.0769412	0.0483162	0.0410529	0.105026	0.0484284	0.0441269	0.0508543	0.0325449	0.0578748	0.0524739	0.0326491	0.000138534	0.0606949	0.0359282	0.0335017	0.0324529	0.0307091	0.0649568	0.127034	
0.0623186	0.0333852	0.0379063	0.0425894	0.020766	0.0487108	0.0530691	0.0322876	0.0361645	0.00675673	0.0946316	0.129492	0.0252412	0.0154085	0.0566985	0.059896	0.141216	0.0937064	0.00515004	0.00460511	
0.122366	0.0752356	0.0132878	0.0210257	0.0146582	0.142158	0.039718	0.00130393	0.0053702	0.0935218	0.0677967	0.0465265	0.000841702	0.0440936	0.046187	0.186082	0.0118782	0.00065893	0.00165346	0.0656359	
0.0225145	0.0819717	0.0515925	0.0490665	0.109763	0.0398646	0.0424388	0.0444377	0.0285138	0.0554665	0.0660487	0.0336784	0.000105751	0.0599311	0.0319914	0.0343023	0.0425081	0.0320793	0.0518223	0.121904	
0.0242952	0.0769412	0.0483162	0.0410529	0.105026	0.0484284	0.0441269	0.0508543	0.0325449	0.0578748	0.0524739	0.0326491	0.000138534	0.0606949	0.0359282	0.0335017	0.0324529	0.0307091	0.0649568	0.127034	
0.0623186	0.0333852	0.0379063	0.0425894	0.020766	0.0487108	0.0530691	0.0322876	0.0361645	0.00675673	0.0946316	0.129492	0.0252412	0.0154085	0.0566985	0.059896	0.141216	0.0937064	0.00515004	0.00460511	
0.130356	0.367998	0.10157	0.00522226	0.0235978	0.0193658	0.000827251	0.000919148	0.0453331	0.000785681	0.0698053	0.000424204	0.0292536	0.0396228	0.0010074	0.0182001	0.00178031	0.00125631	0.000433678	0.142242	
0.0362602	0.0830274	0.0810869	0.0736525	0.0882463	0.0358151	0.0349903	0.0412088	0.00732366	0.0948648	0.101016	0.0322673	0.023323	0.0270398	0.0104066	0.0266228	0.0264543	0.0233708	0.0713647	0.0816594	
0.00153203	0.000370463	0.000187393	0.0286611	0.0460892	0.00221697	0.0417672	0.000261248	0.110747	0.0150798	0.0110896	0.000270982	0.0184157	0.0918093	0.117205	0.0224769	0.000862726	0.175006	0.000975956	0.314975	
0.0537063	0.000703147	0.00158552	0.0877841	0.003218	0.0452761	0.0401409	0.000623244	0.016055	0.0013981	0.0365132	0.000431292	0.000468472	0.0324425	0.000286529	0.614237	0.0502899	0.00908642	0.0013241	0.00443051	
0.0771257	0.0849337	0.0607193	0.0377844	0.0402874	0.0147612	0.0392454	0.0275441	0.120441	0.00212906	0.0576134	0.0797014	0.283493	0.000683691	0.000357198	0.00162205	0.000340802	0.00754	0.0240158	0.0396619	
0.0384615	0.0299727	0.000435474	0.00110672	0.128773	0.00128378	0.00169227	0.0107234	0.12299	0.0101154	0.0910592	0.0618557	0.363416	0.00179236	0.0442344	0.00285125	0.0077489	0.00159253	0.00877936	0.0711157	
0.0708622	0.107254	0.0205678	0.131532	0.0220944	0.0144236	0.010805	0.194251	0.000796918	0.0736827	0.111598	0.0123161	0.00498904	0.0217964	0.00185802	0.0297586	0.0735375	0.0756147	0.0156018	0.00665943	
0.059563	0.0521634	0.0137443	0.00268858	0.000768768	0.000637693	0.0056477	0.238086	0.0166972	0.20511	0.0451062	0.00455628	0.151741	0.0393224	0.00431394	0.000401655	0.0361575	0.0846299	0.0054834	0.0331809	
0.0291083	0.0207945	0.0255629	0.0991906	0.0466374	0.000585893	0.00485361	0.000917615	0.0175646	0.00292908	0.0149695	0.00685161	0.00165906	0.0481137	0.56134	0.000585469	0.0184537	0.039922	0.00435175	0.0556086	
0.00185317	0.00076884	0.0751748	0.038238	0.0172927	0.000450575	0.0162139	0.000859469	0.0200071	0.0110934	0.0561782	0.000300355	0.0681785	0.0351389	0.000181361	0.392444	0.15437	0.0666073	0.0196804	0.0249687	
0.00894184	0.0161777	0.0186215	0.0359678	0.0487697	0.013323	0.000773414	0.0389032	0.0834072	0.000542482	0.0624349	0.0314089	0.407922	0.00126404	0.0242633	0.000431436	0.000494671	0.0715713	0.0850705	0.0497109	
0.0372248	0.0123069	0.0147043	0.0212338	0.0116875	0.114061	0.00477675	0.0785039	0.00884819	0.478097	0.038711	0.00877068	0.0128352	0.00187979	0.00207243	0.00384137	0.0113054	0.000386196	0.0299836	0.10877	
0.000543914	0.235829	0.0528114	0.0106281	0.00291458	0.00140921	0.0259349	0.00240771	0.0019437	0.0025213	0.0317568	0.000320274	0.000444775	0.0294159	0.000384484	9.86428e-05	0.431982	0.134204	0.00268068	0.0317689	
0.0168667	0.000875958	0.192159	0.0114129	0.00554829	0.000221938	0.00203621	0.0135712	0.0265084	0.0124027	0.0184356	0.00309825	0.000380513	0.0369991	0.342626	0.0774168	0.0289976	0.165215	0.00146242	0.0437649	
0.098254	0.0922268	0.0015311	0.000530395	0.0926573	0.000916227	0.00678366	0.0944085	0.0277986	0.0594341	0.0833539	0.0965584	0.00146739	0.0588696	0.0366581	0.0173061	0.015714	0.208213	0.00180491	0.00551439	
0.00173044	0.0106037	0.0306756	0.123171	0.0913277	0.000963757	0.131046	0.00574993	0.0204141	0.000467715	0.00289662	0.0187806	0.000880801	0.00871539	0.0303686	0.0216069	0.000341577	0.0155042	0.325088	0.159668	
0.000807665	0.041241	0.00181036	0.0169555	0.000478093	0.000506578	0.00946639	0.00577351	0.00566476	0.196323	0.221327	0.0229364	0.0125811	0.00404848	0.146733	0.000604324	0.00638019	0.250489	0.00394528	0.0519287	
0.0351045	0.042165	0.048974	0.0406021	0.0258769	0.0831597	0.0128538	0.00812937	0.00676885	0.0299756	0.106689	0.0406428	0.0267112	0.00899704	0.00228998	0.191326	0.261724	0.00386497	0.00171293	0.0224327	
0.0225413	0.0819525	0.0516425	0.0490885	0.109693	0.0398377	0.0424167	0.0443848	0.0284821	0.0554491	0.0660752	0.0336542	0.000105749	0.0599005	0.0319779	0.0342991	0.0425215	0.0320804	0.0518445	0.122053	
0.0031136	0.26027	0.0587525	0.0105637	0.000375237	0.000611651	0.0247088	0.00746654	0.00795579	0.00680199	0.0361136	0.0007898	0.00502774	0.0284923	0.000287671	8.07565e-05	0.379824	0.140197	0.000229661	0.0283378	
0.000115039	0.38234	0.0339739	0.272267	0.0167127	0.000131485	0.0191995	0.00214091	0.000427476	0.000736998	0.02533	0.000561286	0.0373397	0.00296503	0.080779	0.0938356	0.000178361	0.0278495	0.000420803	0.0026963	
0.0224258	0.0839527	0.0518255	0.050693	0.10697	0.0410667	0.0439846	0.0460165	0.0277106	0.0587075	0.0651329	0.0338745	0.00132534	0.0587365	0.0305852	0.0334997	0.0390681	0.0309817	0.0549649	0.118478	
0.236114	0.0578216	0.000402893	0.000513705	0.0134108	0.0046138	0.142619	0.0258047	0.34159	0.00747244	0.0212646	0.0260402	0.000528844	0.0115457	0.0765555	0.017261	0.000176727	0.000298419	0.00546497	0.0105011	
0.179945	0.0446133	0.000852123	0.00102407	0.00465396	0.000303139	0.00469151	0.0202707	0.0699836	0.0964754	0.194204	0.0124086	0.000558283	0.0213257	0.00265972	0.00675688	0.00101036	0.281336	0.00923787	0.0476894	
0.0225413	0.0819525	0.0516425	0.0490885	0.109693	0.0398377	0.0424167	0.0443848	0.0284821	0.0554491	0.0660752	0.0336542	0.000105749	0.0599005	0.0319779	0.0342991	0.0425215	0.0320804	0.0518445	0.122053	
0.134688	0.0225888	0.000473251	0.000768372	0.101274	0.00249501	0.00806819	0.117755	0.0407855	0.0790575	0.115478	0.0108135	0.00365171	0.111613	0.0332017	0.0170751	0.0459368	0.148614	0.00229427	0.00336875	
0.00293308	0.020098	0.00416171	0.00789295	0.156269	0.0132666	0.0042349	0.342611	0.0114187	0.181447	0.193656	0.00207033	0.000385515	0.0013948	0.0428072	0.000968564	0.0125559	0.00134546	0.000203604	0.000279055	
0.000275585	0.0203863	0.0150774	0.132005	0.000373548	0.000638499	0.0399017	0.0249512	0.0123815	0.00721697	0.196262	0.000251827	0.0074946	0.244323	0.0261096	0.0437837	0.0798643	0.0475341	0.00153613	0.099633	
