0.0332999	0.0766201	0.0521293	0.0653948	0.0404528	0.0314225	0.0880503	0.0267343	0.0428919	0.0303057	0.106165	0.0221046	0.0689613	0.0510542	0.0256024	0.0288066	0.0959899	0.0425033	0.0399798	0.0315319	
0.0711539	0.0629156	0.0526101	0.105377	0.0433998	0.0728336	0.0870053	0.0307305	0.0648867	0.0412927	0.0526272	0.0239163	0.0289708	0.0501196	0.0390534	0.0501278	0.0154094	0.0293631	0.0475102	0.0306972	
0.0484109	0.0672744	0.0490741	0.0497784	0.0498604	0.0431831	0.113665	0.046625	0.0747088	0.0959459	0.0527178	0.0240634	0.0225928	0.0483653	0.0313418	0.029662	0.0222991	0.055149	0.0432559	0.0320271	
0.0528318	0.0822093	0.121601	0.103364	0.0464928	0.0219581	0.0767322	0.0294408	0.0461131	0.0343586	0.0540845	0.021052	0.0456617	0.0350441	0.0462687	0.0385496	0.0272364	0.0498625	0.0393435	0.0277956	
0.0252625	0.0536901	0.0518463	0.0545773	0.042432	0.037568	0.0821793	0.033058	0.0689785	0.106276	0.0566778	0.0218861	0.0323909	0.045091	0.0982469	0.0409766	0.030931	0.0423125	0.0414379	0.0341812	
0.0466003	0.0811939	0.0565879	0.125443	0.0429636	0.0335563	0.068574	0.0284458	0.0444289	0.0161268	0.0574829	0.0212838	0.0927523	0.0838996	0.0238941	0.0397176	0.02911	0.0411728	0.0374653	0.0293014	
0.0447642	0.145463	0.0546429	0.059662	0.0798786	0.0223433	0.0862794	0.0322637	0.0688937	0.0325363	0.0521241	0.0235003	0.0462447	0.049106	0.0268058	0.0316646	0.023731	0.0443832	0.0264945	0.049219	
0.0449825	0.0488599	0.0520774	0.0637064	0.166086	0.0392934	0.0844483	0.0193301	0.0681949	0.0346758	0.0553153	0.0263141	0.0450845	0.0533893	0.0478548	0.0306826	0.0253208	0.0364672	0.0404121	0.0175046	
0.115116	0.0732898	0.0523377	0.028813	0.0394234	0.0469154	0.0910254	0.0276969	0.0783758	0.0483741	0.0511557	0.0238898	0.0269638	0.051471	0.0395349	0.0236431	0.0160471	0.0890783	0.0410767	0.035772	
0.028209	0.0731819	0.0324735	0.178889	0.0468591	0.028681	0.0835877	0.028429	0.0851939	0.0368149	0.0567173	0.0264388	0.0426089	0.0390163	0.0418046	0.0418112	0.0294929	0.0260455	0.0422891	0.031456	
0.0364642	0.0808587	0.140952	0.0303724	0.0454187	0.0260699	0.0960139	0.0290619	0.0675804	0.0398337	0.0544444	0.016348	0.0359554	0.0508907	0.0470849	0.0446822	0.0269006	0.0738293	0.0383593	0.0188792	
0.0640852	0.0733178	0.048892	0.052259	0.043735	0.0314454	0.114235	0.0302702	0.0736976	0.044018	0.0542482	0.0224987	0.0437118	0.0585224	0.0672647	0.017666	0.0345851	0.0513667	0.042333	0.031848	
0.0438215	0.259266	0.0525357	0.0539812	0.0379909	0.0206698	0.0877518	0.0319032	0.0723518	0.0245977	0.0535494	0.025699	0.0427573	0.0486187	0.0216748	0.0140774	0.0232302	0.0430737	0.0241718	0.0182781	
0.0429175	0.0250071	0.0572096	0.054582	0.0437328	0.0204973	0.0768737	0.0150623	0.0698826	0.0440612	0.054415	0.0119853	0.0387038	0.0532992	0.178343	0.0519584	0.0361905	0.0487414	0.0418489	0.0346882	
0.0464305	0.113266	0.0510809	0.0525562	0.0272093	0.0800653	0.0955352	0.03068	0.0700452	0.0425537	0.0521799	0.0226929	0.0434621	0.0475957	0.0257791	0.014398	0.0251744	0.0464073	0.0590175	0.0538707	
0.0473948	0.0835329	0.0496895	0.0351828	0.0395119	0.0376426	0.0866234	0.0426685	0.188496	0.043036	0.0502335	0.0147821	0.0429955	0.0322386	0.0318345	0.0350807	0.0161725	0.0473769	0.0427421	0.0327656	
0.0428873	0.0754329	0.0426227	0.0345631	0.0417156	0.0367423	0.0885727	0.019018	0.143469	0.0353308	0.0507662	0.0833232	0.0411942	0.0656512	0.0295954	0.0409976	0.0140747	0.0502157	0.0393961	0.0244313	
0.0320715	0.0575362	0.0543423	0.039662	0.0388585	0.144823	0.0933193	0.0266144	0.0716911	0.0451315	0.0554477	0.0246022	0.0397498	0.0479068	0.0201323	0.0556684	0.0254204	0.031235	0.0610893	0.034698	
0.0326641	0.0588796	0.0483932	0.0377991	0.0386432	0.126757	0.0883435	0.0296195	0.0787039	0.0438291	0.0579561	0.0247258	0.0387818	0.0482418	0.0414884	0.0553909	0.0255084	0.0571249	0.0322825	0.0348674	
0.044525	0.255277	0.049653	0.0553769	0.0365662	0.021257	0.0872308	0.0307959	0.0748531	0.0250314	0.0527398	0.0245698	0.0413263	0.0494222	0.0232418	0.0156887	0.0230345	0.0487926	0.0235246	0.0170937	
0.0218407	0.0335684	0.0522779	0.0583764	0.0255355	0.0547032	0.0905668	0.0237266	0.067428	0.0302196	0.0631989	0.0274569	0.0255777	0.0517295	0.0509223	0.176639	0.0500527	0.0389162	0.0388661	0.018398	
0.0413699	0.0856847	0.0484098	0.04687	0.0418274	0.0349489	0.136773	0.0276793	0.155746	0.0118512	0.053454	0.0260576	0.0393528	0.0244864	0.0421391	0.0432114	0.0247979	0.0435743	0.0430899	0.028676	
0.0420912	0.0859495	0.0636666	0.0559833	0.0397262	0.0376058	0.154121	0.0263637	0.0757817	0.0219125	0.0534962	0.0472677	0.0254148	0.0737983	0.0270316	0.0472044	0.024611	0.0422003	0.0385331	0.0172411	
0.0459704	0.0589009	0.0517252	0.0560227	0.0414673	0.0269114	0.0886119	0.0291736	0.0822475	0.0261567	0.0564378	0.0246612	0.0384474	0.0521076	0.0647112	0.0293418	0.0259254	0.0454465	0.124921	0.0308124	
0.0403165	0.0275311	0.0505533	0.0602881	0.0396318	0.14351	0.0899423	0.0171111	0.0686618	0.0398111	0.0578738	0.0191575	0.0378458	0.0519991	0.014854	0.107001	0.021913	0.0396654	0.0437918	0.0285408	
0.0423654	0.076224	0.0525301	0.0598524	0.0443316	0.0347622	0.0891202	0.107185	0.0457276	0.0441177	0.0650239	0.0239939	0.0408304	0.0522784	0.0582272	0.0387715	0.0192217	0.0320549	0.0428596	0.0305225	
0.0433503	0.134867	0.0498324	0.0541802	0.043689	0.0201273	0.0918863	0.0283835	0.076377	0.0214502	0.0580782	0.0237375	0.0222348	0.0537247	0.0669148	0.0658801	0.0266898	0.048901	0.0409045	0.0287915	
0.0410086	0.0588858	0.0518373	0.053862	0.0448405	0.0433933	0.0830171	0.0513118	0.0746931	0.133881	0.0510378	0.0214329	0.0238478	0.0280566	0.0619738	0.0371786	0.0237741	0.0343416	0.0467215	0.034905	
0.0455558	0.0732603	0.0479476	0.0400167	0.0401443	0.0357548	0.092377	0.0204952	0.184973	0.0402505	0.049407	0.0127994	0.0371693	0.0314805	0.0621325	0.03807	0.0172897	0.0490505	0.0475114	0.0343143	
0.0444725	0.231589	0.0509461	0.0592692	0.0473488	0.0237621	0.0804268	0.0456745	0.0755417	0.00670275	0.0524975	0.0261197	0.0446025	0.0504547	0.0311565	0.0179226	0.0226852	0.047653	0.0297344	0.0114405	
0.0248354	0.0314841	0.0578458	0.0591768	0.0395648	0.0624134	0.0890267	0.0291736	0.0674586	0.0445412	0.0601838	0.0263564	0.0345607	0.0498757	0.0703589	0.0944414	0.0279075	0.0270921	0.0740812	0.0296217	
0.0442991	0.0870322	0.0317928	0.0489695	0.0419824	0.0378602	0.0679115	0.0347048	0.143049	0.0421856	0.0480615	0.0992281	0.0388799	0.0520843	0.037381	0.0260428	0.0124171	0.0512692	0.0396113	0.0152381	
0.0376497	0.0260666	0.0522012	0.0577384	0.0380978	0.0635197	0.0855429	0.0166384	0.0739803	0.0360008	0.0542604	0.0471202	0.0341897	0.0529747	0.0507693	0.132229	0.0247361	0.0410215	0.0473183	0.0279449	
0.0571123	0.0915861	0.0642846	0.0872081	0.0772859	0.0175844	0.0815605	0.018166	0.0717515	0.0199906	0.0519485	0.0243485	0.0437212	0.0532304	0.0412937	0.0359642	0.0272802	0.0689974	0.037895	0.0287908	
0.0517326	0.0692259	0.050017	0.0491338	0.0397937	0.0375762	0.089406	0.0538829	0.0958543	0.0905191	0.0143294	0.0282778	0.0327501	0.0458443	0.0575108	0.0302513	0.0102732	0.075377	0.0438407	0.034404	
0.0564749	0.0564806	0.0505716	0.0563102	0.0421657	0.0150372	0.0872786	0.0258196	0.0749914	0.0352017	0.0554169	0.0239933	0.0364699	0.0519126	0.0633115	0.112308	0.0288649	0.0573321	0.0414001	0.0286591	
0.0601551	0.0690744	0.137018	0.0265762	0.0420057	0.0565914	0.0646315	0.0284045	0.0743955	0.0401434	0.0520864	0.0160772	0.0402112	0.0512779	0.0432889	0.0421871	0.0270739	0.0320594	0.0458345	0.0509072	
0.0307589	0.0662743	0.0551143	0.167774	0.0446311	0.0564659	0.0786258	0.0308989	0.051938	0.0368583	0.0583734	0.0217703	0.0445597	0.0382472	0.039595	0.0487916	0.0297558	0.0278295	0.042518	0.0292202	
0.046923	0.0524003	0.0379966	0.0538501	0.0524785	0.0389873	0.0693124	0.0319075	0.0706281	0.0446595	0.0547042	0.0130052	0.0441671	0.0479409	0.0481027	0.0269395	0.0276229	0.0466101	0.0421659	0.149599	
0.0247227	0.0517541	0.0533077	0.0575768	0.036911	0.0469319	0.0864007	0.0235528	0.068328	0.0194762	0.0632278	0.0262632	0.0272274	0.0513854	0.0469235	0.170208	0.0498301	0.0414013	0.0294339	0.0251372	
0.0773404	0.0851808	0.0566006	0.0659022	0.044633	0.0394299	0.0520444	0.0266066	0.0710382	0.0181721	0.0563705	0.0245198	0.12644	0.0517965	0.022235	0.0473554	0.0180617	0.0450017	0.0396631	0.0316077	
0.0920321	0.0793526	0.0308726	0.0572092	0.0448018	0.020309	0.0848197	0.0291368	0.0730155	0.033163	0.0557223	0.0229247	0.112516	0.0529946	0.0419691	0.0219789	0.0420385	0.0315445	0.0404451	0.0331538	
0.0488238	0.0579196	0.0502667	0.048361	0.0186019	0.0409934	0.0927587	0.0290561	0.0699145	0.0983518	0.0840349	0.0239899	0.0356432	0.0506933	0.0475786	0.052438	0.0295763	0.0617558	0.0276055	0.031637	
0.0425627	0.0528783	0.0495669	0.0558124	0.0425105	0.0429146	0.0866624	0.0278099	0.0725321	0.147063	0.0553088	0.0225035	0.0260039	0.02924	0.0654177	0.039692	0.0240877	0.0361279	0.0482007	0.0331045	
0.0479531	0.0364646	0.0559374	0.051499	0.0439995	0.0221898	0.0672373	0.0269824	0.0663045	0.0322016	0.0522836	0.0247003	0.0298771	0.0542143	0.202677	0.0345727	0.0288289	0.0488058	0.0403347	0.0329366	
0.0259556	0.056519	0.0533059	0.0566531	0.035704	0.051898	0.087052	0.0247279	0.0728886	0.0221191	0.0608383	0.0271985	0.0234755	0.0496488	0.0482734	0.162582	0.0281754	0.0430956	0.0411852	0.0287037	
0.0424854	0.0838864	0.0521599	0.0655495	0.0450611	0.0354429	0.057932	0.0262967	0.0731562	0.0203161	0.0546778	0.0230068	0.183646	0.0522207	0.0240109	0.027369	0.0189498	0.0439159	0.0379896	0.0319277	
0.0484126	0.0242356	0.0506177	0.0553906	0.041149	0.0545224	0.0932885	0.0326425	0.0691302	0.155368	0.053158	0.0254749	0.0352418	0.0462604	0.0177669	0.0251419	0.0253377	0.0518967	0.0602511	0.0347139	
0.0447969	0.110437	0.0281267	0.049164	0.0204495	0.0424005	0.170052	0.0293744	0.0733999	0.0411044	0.0535787	0.00994243	0.0369893	0.0499989	0.0385775	0.0188387	0.0244668	0.0500452	0.042675	0.0655829	
0.0462682	0.0543085	0.0560711	0.0530012	0.0436431	0.0219721	0.0797078	0.0287263	0.0541717	0.0434285	0.0397866	0.0230893	0.0376954	0.0540239	0.202793	0.025091	0.0229313	0.0503605	0.0273638	0.0355668	
0.148134	0.0764987	0.0491412	0.0329369	0.0425801	0.0262894	0.0868311	0.0277573	0.0786352	0.0440142	0.0488362	0.0258249	0.031535	0.0514526	0.044409	0.0216995	0.0157902	0.0744796	0.040863	0.032292	
0.0428236	0.0825302	0.0353586	0.0544126	0.0378481	0.0354836	0.216302	0.0268332	0.0766243	0.0250705	0.0552659	0.0172304	0.028118	0.0578608	0.0306807	0.0420243	0.0276718	0.0452783	0.0400456	0.0225374	
0.0513742	0.0541651	0.0467079	0.0490481	0.018651	0.0448127	0.0947814	0.0206718	0.0728107	0.144992	0.0552441	0.0257298	0.0371356	0.0461648	0.0446389	0.0252499	0.0232127	0.0651331	0.0465402	0.0329359	
0.025487	0.0539683	0.0516406	0.0570374	0.0343627	0.0499312	0.0891113	0.0248933	0.0683904	0.0207742	0.0615209	0.0248107	0.0504758	0.0490899	0.046967	0.132052	0.0455901	0.0446308	0.0391952	0.0300714	
0.0423115	0.21082	0.0524819	0.0600827	0.0621685	0.0195614	0.0847979	0.0303874	0.0739259	0.0255337	0.0537531	0.0265175	0.0426752	0.0501535	0.0256693	0.031294	0.0219997	0.0431537	0.0218418	0.0208716	
0.043601	0.256617	0.0519229	0.0556551	0.0349702	0.0191098	0.0885561	0.0322582	0.0725055	0.0233527	0.052187	0.0250858	0.0436618	0.0491908	0.0242909	0.0153442	0.0246084	0.0448677	0.0240864	0.0181285	
0.0329664	0.0804652	0.111251	0.140701	0.0459131	0.0242943	0.0606664	0.03035	0.0598918	0.0330467	0.0565222	0.0146269	0.0455794	0.0473985	0.0432528	0.0407965	0.0271121	0.0471124	0.0377521	0.0203008	
0.0469303	0.0705742	0.0518141	0.0595176	0.0429707	0.0401137	0.16457	0.0306963	0.0452685	0.0689504	0.0532247	0.023067	0.0224371	0.0739123	0.0252213	0.0363279	0.0249178	0.0453707	0.0421757	0.0319395	
0.044429	0.0738423	0.0531602	0.0398414	0.0412881	0.0344171	0.0692767	0.0301871	0.0806115	0.0193386	0.0523301	0.0286059	0.030196	0.143647	0.066611	0.0450371	0.0270067	0.0424901	0.0469414	0.0307422	
0.0405988	0.0752536	0.0349668	0.0496423	0.0278311	0.0276139	0.0898865	0.0201497	0.0760484	0.031436	0.0550234	0.0260466	0.0419931	0.0509282	0.0517778	0.044341	0.0257119	0.159357	0.0406215	0.0307724	
0.069859	0.0603909	0.0279591	0.0434578	0.0231939	0.0526526	0.0953058	0.0203235	0.0754012	0.0917547	0.0535352	0.0234035	0.0390729	0.0492927	0.0398901	0.0387447	0.0213705	0.095782	0.046159	0.0324508	
0.0983098	0.0805648	0.0519646	0.025419	0.0393856	0.0231237	0.0872212	0.0199042	0.0762504	0.0454014	0.0522354	0.024395	0.0377861	0.0507351	0.0454274	0.0333628	0.0229974	0.111049	0.0407905	0.0336765	
0.0416805	0.0655627	0.0511726	0.0545469	0.0601021	0.0379566	0.0931909	0.0644328	0.0720225	0.102742	0.0484166	0.0252156	0.0330992	0.0445437	0.0434352	0.02374	0.0242322	0.0340393	0.0441262	0.035743	
0.0222698	0.0563471	0.0520859	0.0593586	0.0353394	0.0442973	0.0872801	0.0253646	0.0610227	0.0214904	0.079743	0.0259021	0.0266371	0.0520058	0.0441027	0.147687	0.0609981	0.0428178	0.0286561	0.0265944	
