0.042851	0.0340209	0.0533597	0.0490444	0.0378751	0.0441685	0.0448022	0.0552068	0.0611088	0.0584203	0.0450344	0.0607743	0.0136987	0.0513206	0.0331049	0.0540457	0.118794	0.048295	0.0383915	0.0556833	
0.0647164	0.0326668	0.0373817	0.053346	0.0504708	0.0536827	0.0437462	0.0622891	0.0468389	0.0516806	0.0476787	0.0614117	0.0279089	0.0518851	0.0386993	0.0546046	0.0623111	0.0650464	0.036953	0.0566822	
0.0533439	0.029751	0.0470323	0.0495763	0.0356096	0.0564002	0.0454381	0.0614222	0.0483481	0.0527025	0.0463758	0.0659065	0.0209592	0.0480094	0.0463092	0.0694007	0.0840569	0.0483076	0.0364729	0.0545778	
0.05437	0.0271956	0.0451249	0.0524921	0.118562	0.0477519	0.0410434	0.0898535	0.0488307	0.051248	0.0493204	0.0579051	0.00516896	0.0533283	0.0193069	0.0447194	0.0500914	0.0499823	0.0372378	0.0564674	
0.0444954	0.0361127	0.0432191	0.0498772	0.0323051	0.0451286	0.0400796	0.173726	0.0382739	0.0581152	0.0363987	0.0444625	0.0240951	0.053082	0.0192238	0.0406512	0.0457776	0.0705021	0.0392008	0.0652731	
0.0545163	0.0348267	0.0446505	0.0513061	0.0361417	0.047041	0.0465081	0.051504	0.0477023	0.124699	0.0481026	0.0612892	0.00831785	0.0457069	0.0502645	0.0518531	0.0543638	0.0429014	0.0361448	0.0621604	
0.0517724	0.0286352	0.0457172	0.0516585	0.0926461	0.0456331	0.0395375	0.0493061	0.0486976	0.104597	0.0481436	0.066834	0.00917792	0.052776	0.0259061	0.0436039	0.0569496	0.0444361	0.0382455	0.0557266	
0.0359823	0.0366065	0.0252765	0.0479232	0.038371	0.0371832	0.0426573	0.10626	0.0445994	0.064452	0.0450497	0.0564622	0.020767	0.0527767	0.0281421	0.0633012	0.0522612	0.105945	0.0399757	0.0560082	
0.0497651	0.0225482	0.0509162	0.0510218	0.103313	0.0452932	0.0463815	0.0473761	0.0487604	0.0324384	0.058635	0.0643011	0.0232316	0.0529452	0.0391217	0.0586079	0.052858	0.0315354	0.0364752	0.0844749	
0.0554038	0.0301505	0.0397535	0.0524174	0.0332252	0.0597429	0.0449103	0.0957255	0.0456935	0.0524123	0.0409955	0.060685	0.0213246	0.0542929	0.0235773	0.0861731	0.0617286	0.0587243	0.033582	0.0494817	
0.0526789	0.0335401	0.0475781	0.0472651	0.0357062	0.0578306	0.050553	0.0613706	0.0496427	0.0509571	0.0469166	0.0593194	0.027931	0.0331164	0.0313735	0.120631	0.0659839	0.0424871	0.0356488	0.0494697	
0.0465552	0.0317065	0.0679832	0.119458	0.039052	0.062084	0.0432096	0.0615474	0.0261193	0.0513655	0.0409332	0.0679265	0.023832	0.0334105	0.0587405	0.0447757	0.0409146	0.0468498	0.0361941	0.0573426	
0.081298	0.0331666	0.0359585	0.0506168	0.0339213	0.0512582	0.0409957	0.0656779	0.0445595	0.0956168	0.0452673	0.0615988	0.0727576	0.0420788	0.0418558	0.0163081	0.0393105	0.046768	0.040574	0.0604117	
0.0449741	0.0314246	0.0341646	0.0486651	0.0380543	0.0428552	0.022578	0.0537897	0.0390863	0.0208851	0.0515295	0.0731546	0.161836	0.0524202	0.0365072	0.0153163	0.0729008	0.0497595	0.0411769	0.068922	
0.146992	0.0328154	0.0295452	0.0471753	0.0364083	0.0546532	0.0424069	0.062771	0.0515213	0.0597052	0.0445204	0.0603455	0.022541	0.052681	0.036538	0.0386336	0.0477728	0.0352967	0.0373449	0.0603327	
0.0531694	0.0425109	0.0554083	0.0479929	0.0606445	0.0525305	0.0452608	0.040501	0.0534466	0.0486123	0.0574463	0.0629231	0.0178059	0.0496781	0.0360414	0.102525	0.066439	0.0295256	0.0328022	0.0447363	
0.0319414	0.0305678	0.176155	0.037475	0.0387406	0.029075	0.0562214	0.0589341	0.046894	0.0563604	0.0532199	0.0377663	0.0206996	0.0517628	0.0348551	0.0497369	0.0613509	0.0453416	0.0391078	0.0437939	
0.0498513	0.0360791	0.0426233	0.0713793	0.0347166	0.0421622	0.044254	0.0635142	0.082938	0.0581976	0.045598	0.0684384	0.0216936	0.0969632	0.0117623	0.0439945	0.0379861	0.0443542	0.0413309	0.0621632	
0.0484445	0.0312237	0.0409423	0.0492749	0.0165172	0.0488819	0.0418031	0.147804	0.0437493	0.103169	0.0387834	0.0492588	0.00610548	0.0522831	0.0147774	0.0342412	0.0446017	0.063875	0.0396493	0.0846146	
0.0515786	0.151181	0.0393825	0.0498986	0.0188197	0.051438	0.0415713	0.0648727	0.0491996	0.0575336	0.0519576	0.0628921	0.0269104	0.0536962	0.0315294	0.0426085	0.0515862	0.0503608	0.0319244	0.0210588	
0.0557841	0.034752	0.0480488	0.0491486	0.0378316	0.046096	0.0446441	0.0889026	0.036314	0.0602548	0.0404267	0.0524289	0.0158767	0.0504429	0.0289608	0.0735091	0.0699028	0.0754721	0.0347526	0.0564508	
0.0625788	0.0276764	0.0289928	0.0269241	0.0364308	0.188798	0.0425845	0.0646499	0.0464817	0.0582043	0.051457	0.057671	0.0273086	0.0512236	0.0177806	0.0503113	0.0543022	0.0241555	0.0255673	0.0569013	
0.0501155	0.0207482	0.0456572	0.0456545	0.0348254	0.0270829	0.0440871	0.0706145	0.0485663	0.0942877	0.0499505	0.0576997	0.020826	0.0527769	0.0262614	0.0424324	0.05162	0.0556675	0.0942656	0.0668606	
0.0446398	0.0358955	0.0435184	0.0537731	0.0375361	0.0427574	0.0426315	0.100228	0.0379071	0.0849144	0.0195614	0.053501	0.0241689	0.047992	0.0417395	0.0474938	0.0641768	0.0812422	0.0370353	0.0592883	
0.0806485	0.0671383	0.0459373	0.0490073	0.0288264	0.0561162	0.0438545	0.0579587	0.051377	0.0509243	0.0522602	0.0601832	0.0206833	0.0536407	0.0328364	0.0819956	0.0574647	0.0385378	0.0366064	0.0340032	
0.0485966	0.0261866	0.0167032	0.0516262	0.0358225	0.0465043	0.0313103	0.0455127	0.0405143	0.0519432	0.0561224	0.1881	0.039834	0.0549944	0.0384462	0.0185079	0.0344066	0.0384592	0.0392713	0.0971376	
0.12274	0.0376503	0.0398221	0.036282	0.0377563	0.0551884	0.0441334	0.0569644	0.0488476	0.0585009	0.0458384	0.0616231	0.0198975	0.0530337	0.0362789	0.0689874	0.0535816	0.0337124	0.0341752	0.0549862	
0.0492858	0.0360587	0.0427499	0.0710502	0.0381747	0.0394494	0.0493659	0.0639588	0.0870694	0.0544663	0.0539128	0.0616056	0.0115104	0.0828215	0.0107602	0.0452918	0.053116	0.0469863	0.0415526	0.0608138	
0.0506066	0.0322154	0.0531377	0.0610425	0.0415187	0.0422802	0.0348455	0.0438784	0.0307848	0.050685	0.0489152	0.081332	0.0217341	0.0785757	0.0778283	0.0472101	0.0608414	0.0441244	0.0384054	0.0600385	
0.0310478	0.0341187	0.177664	0.0364938	0.0392519	0.0128496	0.0402834	0.0728936	0.0436506	0.0593487	0.0490985	0.0373812	0.019769	0.0496375	0.0330547	0.0444704	0.0580573	0.0773642	0.0424133	0.0411522	
0.0533121	0.0350287	0.0451693	0.0477767	0.0325325	0.0473159	0.0445602	0.0698312	0.0447647	0.0916727	0.0353305	0.0576287	0.0415372	0.0832209	0.0231156	0.0472351	0.0511548	0.045987	0.0407047	0.0621213	
0.0647548	0.0308833	0.0427092	0.0477845	0.0414603	0.104564	0.0422981	0.059492	0.0518141	0.0565311	0.0486444	0.0566223	0.0213849	0.0449746	0.032985	0.117857	0.0658566	0.0371724	0.0179276	0.0142837	
0.0352117	0.0298317	0.166903	0.040849	0.0391117	0.0271701	0.0444946	0.0582627	0.0452669	0.0540248	0.0534078	0.0390679	0.021147	0.0520718	0.0393291	0.0502146	0.0568749	0.0441683	0.0405755	0.0620176	
0.0285957	0.0336419	0.0539732	0.0521506	0.0349625	0.0451353	0.0490743	0.037539	0.0486685	0.0543063	0.0608507	0.0780242	0.0132683	0.0525866	0.0340583	0.0785968	0.113333	0.0398457	0.0379141	0.0534748	
0.0539228	0.0180302	0.0409422	0.053334	0.108911	0.0503954	0.0401746	0.13369	0.0439954	0.033844	0.0454476	0.0567594	0.0297322	0.0530902	0.0342623	0.0172612	0.0440242	0.040838	0.0395185	0.0618267	
0.0558901	0.032235	0.0539083	0.0477506	0.087746	0.0496314	0.0439399	0.0472598	0.0496477	0.0581887	0.0488485	0.0669731	0.0178379	0.0520845	0.0357726	0.0900462	0.0604732	0.0284726	0.0214696	0.0518243	
0.0471579	0.0357216	0.0797061	0.0452807	0.0258243	0.0210421	0.0424155	0.104569	0.0424025	0.0618764	0.045628	0.0533441	0.0282806	0.0502196	0.0312801	0.0426018	0.0569825	0.0882355	0.0395416	0.0578894	
0.053534	0.0257639	0.0452308	0.0570316	0.0438162	0.0413288	0.0380565	0.0409029	0.0534806	0.039697	0.0500856	0.0675033	0.0281492	0.0532271	0.154743	0.0379649	0.0477667	0.0396836	0.0176294	0.0644052	
0.0479854	0.0341249	0.0467021	0.0502959	0.0350092	0.0477264	0.0477164	0.0570334	0.0511338	0.0214694	0.055848	0.0679146	0.0573167	0.0396273	0.0315019	0.126071	0.0485088	0.0439407	0.03839	0.0516838	
0.0209606	0.0380126	0.0377754	0.0582781	0.0246934	0.0455671	0.0421483	0.101667	0.0425682	0.057716	0.043932	0.0528905	0.0251353	0.0572619	0.0326845	0.0374086	0.0484126	0.134897	0.0386151	0.0593762	
0.0558121	0.036201	0.0434915	0.0536936	0.0358143	0.0469384	0.0400607	0.0715522	0.0320384	0.0525441	0.0439569	0.0563549	0.0554273	0.051738	0.030614	0.0517329	0.0931908	0.0515571	0.0390731	0.0582084	
0.0355682	0.0314868	0.0216957	0.0694543	0.0383579	0.0941158	0.0420137	0.0699948	0.0515131	0.0552541	0.0470956	0.0632102	0.0266829	0.0492394	0.0373941	0.0484933	0.0559153	0.0682865	0.0377017	0.0565266	
0.0264159	0.0354046	0.0533065	0.0518519	0.0422038	0.0406885	0.0459054	0.0248691	0.0441148	0.0526779	0.061353	0.065838	0.0140519	0.0529619	0.0313591	0.0571776	0.16434	0.0407178	0.0381514	0.0566107	
0.0544546	0.0299746	0.0442866	0.0445291	0.0316818	0.0434714	0.0383646	0.0116133	0.0627055	0.0298547	0.233045	0.0739886	0.0274199	0.0539743	0.0301887	0.0445849	0.0360285	0.0131194	0.0376982	0.0590161	
0.0615502	0.0298735	0.0537653	0.0486556	0.0338653	0.0481989	0.0491625	0.0549032	0.0505385	0.054281	0.0529047	0.0656156	0.00850697	0.0518367	0.032795	0.101014	0.0589327	0.0433394	0.0345475	0.0657138	
0.0401396	0.0294687	0.0421653	0.0552773	0.0913602	0.0362227	0.0428425	0.0644075	0.0438719	0.0633962	0.0657197	0.0547524	0.0252675	0.0518145	0.0352084	0.0280253	0.0263652	0.0984723	0.0429768	0.0622461	
0.0450691	0.0302566	0.0500194	0.0482336	0.0391594	0.0461042	0.0489677	0.0522571	0.0519447	0.0571832	0.0517891	0.0615053	0.00983759	0.0540168	0.0326847	0.13598	0.0629118	0.041718	0.0363496	0.0440125	
0.0530073	0.0353678	0.0395652	0.0488166	0.0319302	0.0436973	0.0465987	0.0820847	0.0441737	0.157221	0.0348604	0.0581966	0.00723085	0.0512008	0.0195669	0.0452647	0.0528494	0.0477423	0.0387109	0.0619143	
0.0555249	0.0324907	0.0523949	0.0471381	0.0241365	0.0482885	0.0482013	0.0486847	0.0527942	0.0898011	0.0508044	0.0619836	0.0187895	0.0544013	0.0329008	0.103755	0.0640997	0.0285373	0.0349839	0.0502901	
0.0536501	0.0571048	0.0495326	0.0510186	0.0387849	0.0469146	0.0534492	0.0604367	0.0486955	0.0558422	0.0516393	0.0611294	0.0215694	0.0500517	0.0628665	0.0422082	0.0557583	0.0485916	0.0353672	0.0553893	
0.0513526	0.0292038	0.0361546	0.0452721	0.035027	0.0948252	0.0467165	0.0623	0.060753	0.0663909	0.0361949	0.0581489	0.022094	0.0544988	0.00334119	0.0585698	0.0981794	0.0380182	0.0443913	0.0585677	
0.0499916	0.0307507	0.0429074	0.0540659	0.0754538	0.0464127	0.0446013	0.0280314	0.0467293	0.0492702	0.054443	0.0669613	0.0262232	0.0531382	0.0428176	0.0482444	0.0592993	0.0778737	0.0411546	0.0616305	
0.0522653	0.033373	0.0447846	0.0489836	0.0362812	0.0488341	0.0874251	0.062364	0.047561	0.0511381	0.0577752	0.0503188	0.032172	0.0322516	0.0463978	0.0812826	0.0623128	0.047749	0.0341627	0.0425677	
0.0447409	0.0317654	0.0525025	0.0463232	0.06514	0.0508441	0.0486391	0.0475726	0.0516713	0.0530568	0.0521547	0.0598062	0.00979183	0.0524832	0.0350816	0.119307	0.0608923	0.0409142	0.0336242	0.0436883	
0.0448816	0.0359713	0.0498813	0.0478044	0.0362354	0.047198	0.0504958	0.0541714	0.0514481	0.0283621	0.0560313	0.065302	0.0267159	0.0488517	0.0341811	0.133824	0.0617185	0.0399867	0.0369909	0.0499489	
0.0523898	0.0357418	0.0440917	0.0505319	0.0566881	0.0212844	0.0450849	0.0562999	0.0457097	0.0552954	0.0514735	0.0575808	0.0248644	0.0506843	0.0344374	0.0462841	0.060887	0.105889	0.0393339	0.065448	
0.0554422	0.0388115	0.0384635	0.0486191	0.020036	0.0444457	0.0467698	0.0779459	0.0449514	0.16546	0.0454601	0.0573025	0.0169798	0.0504867	0.0320786	0.0218737	0.049716	0.0424154	0.0377682	0.0649738	
0.0166588	0.0401723	0.0408053	0.0501709	0.0192465	0.0221187	0.0396139	0.175311	0.0393166	0.0683369	0.0406866	0.0420163	0.0227997	0.0549	0.0224963	0.027769	0.0399834	0.132367	0.0423389	0.0628913	
0.0513813	0.0280913	0.0463433	0.0538982	0.0426415	0.0464749	0.0997921	0.0612954	0.0481315	0.0541977	0.0551926	0.047671	0.0112401	0.0320033	0.0493205	0.0507175	0.0528351	0.0460251	0.0372366	0.0855109	
0.0350706	0.0367507	0.0458724	0.0455011	0.0381154	0.0221183	0.0411693	0.0963874	0.0428971	0.0716761	0.0444302	0.0509727	0.026079	0.055942	0.0287675	0.040803	0.0547634	0.12059	0.0409546	0.0611393	
0.112455	0.0356318	0.0558536	0.048852	0.038014	0.0543224	0.0470183	0.0564627	0.0542221	0.0559165	0.0476993	0.0649122	0.0193763	0.0487155	0.0357589	0.0686202	0.0318546	0.0302549	0.0370712	0.0569881	
0.0604686	0.0210594	0.034723	0.0536442	0.0360975	0.147847	0.0420521	0.0640636	0.0498255	0.0554951	0.0488459	0.0577723	0.022322	0.0505424	0.0314804	0.0513247	0.0536383	0.0262996	0.0347021	0.0577968	
0.0506748	0.0356493	0.0411002	0.0354301	0.0389764	0.0306029	0.0386766	0.0816467	0.0418653	0.0578424	0.0464529	0.0584135	0.0644735	0.0545811	0.0370076	0.0248121	0.0440574	0.113609	0.040312	0.0638161	
0.052814	0.0310794	0.0419069	0.0912011	0.036212	0.0455988	0.0446904	0.0452012	0.0426731	0.055398	0.0527068	0.155985	0.0230841	0.0352553	0.0263288	0.0457398	0.0383095	0.0399448	0.0376527	0.0582185	
0.0689217	0.0257242	0.0316594	0.047326	0.0393187	0.0451816	0.0205315	0.0547744	0.0399045	0.0192914	0.0523513	0.070888	0.183403	0.0501822	0.0391618	0.0107499	0.0434554	0.0422064	0.0403232	0.0746455	
0.0444654	0.0336309	0.0430713	0.0533612	0.0209216	0.0390985	0.0443731	0.0916897	0.0424603	0.13862	0.0431772	0.0550569	0.0208303	0.0534493	0.0293872	0.0200622	0.048405	0.0705227	0.0401072	0.0673097	
0.0516004	0.0341538	0.0457561	0.0501751	0.0293537	0.0409167	0.047034	0.0987762	0.045244	0.137869	0.0410438	0.0530609	0.00664912	0.0494786	0.0172475	0.0434015	0.0543799	0.0522864	0.0392572	0.0623158	
0.0524761	0.0389387	0.0454225	0.045477	0.0148643	0.0439573	0.0469569	0.0684434	0.047304	0.169075	0.0456496	0.0574364	0.00808324	0.0526343	0.0210254	0.0429343	0.052216	0.0463411	0.0387685	0.0619954	
0.0577895	0.0099481	0.0340497	0.057066	0.0359949	0.0696907	0.0140161	0.0525681	0.0467642	0.0533517	0.0472196	0.0674212	0.0766478	0.0515157	0.102992	0.0259756	0.0473631	0.0402506	0.0346014	0.0747738	
0.0513459	0.0332221	0.0437967	0.0382423	0.0366076	0.048158	0.0410392	0.0563899	0.129106	0.0528157	0.0553229	0.0739181	0.0232087	0.042247	0.036481	0.0532521	0.0429852	0.0452334	0.0362881	0.0603398	
0.0465345	0.186789	0.0406492	0.0484537	0.019518	0.0271808	0.039997	0.0688398	0.0467384	0.0598423	0.0517038	0.0641296	0.0275072	0.0544635	0.0298718	0.0383683	0.0507748	0.0523199	0.0271106	0.0192074	
0.0419424	0.0359458	0.0622428	0.0455337	0.0383789	0.0389776	0.047946	0.0206126	0.0651284	0.0499439	0.0679458	0.0659934	0.0115546	0.050271	0.0349486	0.0805171	0.118874	0.0336693	0.0366994	0.0528745	
0.0438462	0.0332185	0.0400367	0.0533227	0.0333266	0.0468055	0.030774	0.0706653	0.0433106	0.0999879	0.0464617	0.0620025	0.0568821	0.0572573	0.0382785	0.0308231	0.0564758	0.0550661	0.0405419	0.0609172	
0.0344328	0.0330272	0.0479306	0.0524573	0.0349794	0.044372	0.0408711	0.0490413	0.0351686	0.0535721	0.0490814	0.0671265	0.058443	0.0562257	0.0327237	0.0501263	0.117622	0.0465122	0.0383718	0.0579151	
0.0605595	0.0260739	0.0312688	0.026169	0.0394449	0.180032	0.0430235	0.0670172	0.0515847	0.0609573	0.0461045	0.0598502	0.024732	0.0495142	0.0171503	0.050912	0.0510193	0.0227466	0.0344319	0.0574084	
0.0674729	0.0299804	0.068734	0.0524561	0.0382817	0.0397878	0.0848702	0.0905839	0.0249952	0.0660702	0.0452257	0.0455468	0.0237064	0.0539485	0.0336119	0.0176021	0.0428083	0.0517758	0.0388257	0.0837166	
0.0503599	0.0467426	0.0820811	0.0481533	0.0348154	0.0486231	0.044119	0.0507735	0.0514125	0.0538594	0.0559017	0.0559257	0.0188622	0.0495633	0.0323829	0.0961017	0.0662707	0.0390752	0.0364507	0.038526	
0.0519014	0.0344148	0.0408504	0.0497381	0.0117988	0.0460316	0.0438462	0.111405	0.047345	0.153552	0.0425499	0.050758	0.0066388	0.0512479	0.01625	0.0355047	0.0487118	0.0544635	0.0403263	0.0626651	
0.0639412	0.029977	0.0408716	0.049319	0.0376708	0.0482698	0.0397899	0.063048	0.0474399	0.0532533	0.0490032	0.0621852	0.0807892	0.0564749	0.0378229	0.0383096	0.0491601	0.0491643	0.0401655	0.0633444	
0.0541998	0.0369359	0.0521452	0.0447822	0.0383683	0.0431379	0.0451141	0.0512448	0.0590641	0.0592628	0.0722657	0.0591466	0.0146348	0.0516294	0.0314297	0.0530985	0.0942175	0.0470648	0.0379851	0.0542727	
0.0520427	0.0277171	0.0321458	0.0476938	0.0379713	0.0469325	0.0179229	0.0500896	0.0409345	0.0178568	0.0569412	0.0737205	0.197838	0.0484239	0.0384326	0.0103937	0.0426181	0.0439011	0.0422789	0.0741453	
0.0465176	0.0349154	0.106916	0.0477648	0.0390218	0.0338331	0.033458	0.0405587	0.0371615	0.0529992	0.0540501	0.106927	0.0208117	0.0516477	0.0376791	0.0533764	0.0719824	0.0396245	0.0385484	0.0522063	
0.0511615	0.0739118	0.0493593	0.0462599	0.0380337	0.041709	0.0423228	0.0381014	0.0488273	0.0538223	0.0567005	0.0803814	0.0190212	0.0523128	0.037175	0.091434	0.0603362	0.0394172	0.0326658	0.0470469	
0.0307524	0.0349251	0.17905	0.0588731	0.0371065	0.0142199	0.0407424	0.0601502	0.0459881	0.0559477	0.0540337	0.0390098	0.0202145	0.0530195	0.0362255	0.045641	0.05738	0.0525219	0.0407608	0.0434376	
0.0530399	0.0275509	0.0439106	0.0514625	0.0389045	0.0428517	0.0661649	0.0593293	0.0490591	0.0520118	0.0528809	0.0446481	0.0112089	0.0795868	0.0434568	0.0479676	0.0509436	0.0465929	0.0392845	0.0991446	
0.0564847	0.0357509	0.0404592	0.0493339	0.0186109	0.0463408	0.0449588	0.0832878	0.0467047	0.168943	0.040383	0.0578386	0.0189784	0.054898	0.0314137	0.0210394	0.0526585	0.03968	0.031063	0.0611723	
0.0457565	0.0348227	0.0481861	0.0497867	0.0352714	0.0368308	0.0458654	0.0714386	0.0485938	0.107783	0.0425037	0.0601533	0.00708319	0.0783112	0.0202461	0.0414718	0.0521242	0.0749327	0.0402861	0.0585526	
0.057452	0.0354295	0.0444939	0.0495952	0.0223446	0.0499822	0.0500737	0.0539915	0.048379	0.104502	0.045595	0.0621394	0.0174494	0.0512273	0.0311576	0.0850001	0.0695378	0.0300663	0.0368202	0.0547635	
0.0546823	0.0426485	0.040421	0.0478936	0.0320105	0.0499944	0.100173	0.0671438	0.0480756	0.0855159	0.04789	0.0415269	0.0388954	0.0641611	0.0142576	0.0561381	0.0552803	0.0460168	0.0395054	0.0277696	
0.037649	0.0371232	0.0444788	0.0489877	0.0268068	0.0231906	0.0413703	0.0853706	0.0438187	0.0596907	0.0465818	0.0548349	0.0288179	0.0523491	0.0325472	0.0422292	0.0554238	0.137268	0.0413984	0.0600632	
0.0517952	0.0118455	0.0298049	0.0470789	0.0345934	0.0434329	0.0777417	0.0575591	0.0520296	0.0576106	0.0508581	0.0593718	0.0201974	0.0535674	0.030222	0.0835604	0.0583041	0.0456541	0.038671	0.0961018	
0.0286492	0.0456459	0.0522723	0.05452	0.114314	0.0410191	0.0437997	0.0576678	0.0482737	0.0490992	0.0524974	0.0633063	0.0170647	0.0519307	0.0401759	0.0283061	0.0646822	0.0496341	0.0382253	0.058917	
0.0573992	0.0304155	0.0468455	0.0485283	0.0377008	0.0687179	0.0518967	0.0444925	0.05223	0.0568897	0.0490525	0.0343408	0.0209022	0.0509412	0.019383	0.14302	0.06564	0.0393978	0.0330605	0.0491459	
0.0532714	0.00993873	0.0210676	0.0522274	0.0345798	0.047244	0.0216402	0.0638145	0.0439119	0.0525088	0.0508491	0.0545943	0.0377768	0.053485	0.0395364	0.0236875	0.0440657	0.043028	0.0397998	0.212973	
0.0490362	0.0322317	0.0591326	0.0581936	0.0410982	0.00576347	0.0452622	0.0709919	0.0447959	0.058552	0.0463901	0.0589629	0.0222875	0.05043	0.0526339	0.0423276	0.0572023	0.0932708	0.0495264	0.0619107	
0.019158	0.0393297	0.0391568	0.0536162	0.0221238	0.0224085	0.0425399	0.133317	0.0397903	0.0661753	0.0436469	0.0464661	0.0218906	0.0517157	0.025946	0.0335523	0.0476758	0.147266	0.042091	0.062134	
0.0359641	0.0336584	0.0262179	0.162641	0.0375631	0.0643769	0.0440852	0.0666519	0.0210475	0.0599571	0.0464668	0.0577944	0.0254367	0.0477376	0.0373034	0.0447983	0.0479006	0.0430468	0.0355969	0.0617556	
0.0341317	0.0320964	0.0377857	0.0789837	0.0368179	0.0957532	0.0443581	0.0623541	0.0458679	0.0742561	0.045487	0.0607487	0.0232227	0.0523067	0.0358966	0.0512692	0.055913	0.0423075	0.0325011	0.0579428	
0.0521158	0.0218653	0.0163388	0.0529229	0.0362678	0.1213	0.0451601	0.0717038	0.0493747	0.0561721	0.0444754	0.060398	0.0240548	0.0509525	0.0308484	0.0655966	0.0589998	0.0518578	0.0342906	0.0553045	
0.0478837	0.0447386	0.0916589	0.0500494	0.0868839	0.0436237	0.0227116	0.0491648	0.0508967	0.0492003	0.0552434	0.0563161	0.0216288	0.0501155	0.0589132	0.0588729	0.0616232	0.0440111	0.0357845	0.0206798	
0.0207924	0.0374978	0.0363601	0.0565746	0.0258798	0.0469103	0.0422837	0.0930895	0.0435796	0.0577471	0.0452532	0.0558708	0.0262408	0.0509924	0.0345231	0.0392965	0.0533387	0.134203	0.0379056	0.0616606	
0.052733	0.0337906	0.0547761	0.0503967	0.0374627	0.039742	0.0498271	0.0334411	0.0495548	0.0509142	0.058283	0.081837	0.0195113	0.045749	0.0469408	0.107966	0.0634556	0.0372983	0.0340687	0.0522522	
0.0327652	0.0376469	0.0315239	0.189683	0.0370958	0.0280114	0.0438866	0.0623864	0.0227398	0.0549791	0.0486147	0.0582627	0.0272142	0.0460215	0.0380483	0.0426168	0.0497751	0.0484304	0.0388964	0.0614016	
0.0951149	0.0325426	0.0559058	0.0305356	0.0364535	0.120195	0.0428032	0.0642095	0.0538548	0.0572046	0.0486703	0.0232232	0.0240507	0.0486549	0.0348138	0.0581258	0.0542323	0.0289155	0.0319398	0.0585538	
0.0299866	0.0360464	0.0394457	0.0522365	0.0392652	0.0481168	0.0431365	0.0649387	0.047869	0.0643429	0.0507141	0.0657475	0.0800366	0.0548028	0.038091	0.0502836	0.0503066	0.0507556	0.0386859	0.0551921	
0.0457563	0.176354	0.0434267	0.0462087	0.0216332	0.0247761	0.042788	0.0717537	0.0467819	0.0628554	0.0490756	0.0569296	0.0247502	0.0593602	0.0142912	0.0372705	0.053684	0.0538645	0.0356159	0.0328241	
0.0532524	0.00959758	0.0215183	0.0522914	0.0326343	0.0465346	0.0208203	0.0654603	0.0454249	0.0510652	0.0537644	0.0573751	0.0377096	0.0539831	0.0423922	0.0228519	0.0401121	0.0436655	0.0364519	0.213095	
0.0504638	0.0291649	0.0328275	0.0485702	0.0394253	0.046176	0.0249356	0.0538484	0.0442061	0.0317669	0.0508542	0.0700204	0.180607	0.0449563	0.0389513	0.0133357	0.0410344	0.0478843	0.0412375	0.0697343	
0.0592954	0.0190426	0.0144297	0.0496065	0.038252	0.192657	0.0386554	0.0656402	0.048793	0.0578762	0.0502853	0.0636028	0.0318503	0.0469213	0.0307526	0.0253542	0.045579	0.0236315	0.0341329	0.0636423	
0.0973052	0.0314009	0.0490547	0.0610247	0.0379192	0.0585911	0.0423192	0.054949	0.0301301	0.0499758	0.0446655	0.0603983	0.0278076	0.0469546	0.08165	0.0473835	0.0488114	0.0364979	0.034191	0.0589703	
0.0534129	0.0376452	0.0449725	0.0487556	0.0136626	0.0406683	0.0655297	0.0717229	0.0496603	0.15056	0.0452209	0.0568869	0.00678216	0.0525396	0.0178332	0.0455415	0.053947	0.0443081	0.0399836	0.0603666	
0.0496421	0.0331634	0.0514374	0.0472076	0.0438592	0.043226	0.0469065	0.0549754	0.0520002	0.0442453	0.0716413	0.0642946	0.0197459	0.0512239	0.0342789	0.0634933	0.0587099	0.0520482	0.0636976	0.0542034	
0.0980893	0.0315282	0.0514471	0.0449421	0.0348918	0.0961342	0.04618	0.0573913	0.0508025	0.0584951	0.0505936	0.0603415	0.0201269	0.0481039	0.0328128	0.0690104	0.0476467	0.0150728	0.0346916	0.0516982	
0.0642286	0.0309868	0.0508955	0.0467166	0.0346116	0.0515257	0.0462048	0.0498712	0.0527437	0.0592377	0.0528707	0.0617515	0.00851509	0.0525849	0.0317436	0.106465	0.0860719	0.0393991	0.0354033	0.0381729	
0.0448421	0.0319202	0.0400188	0.0498463	0.0394513	0.045018	0.0262421	0.0553808	0.0470183	0.0257933	0.055457	0.0724894	0.135826	0.0551329	0.0327382	0.0488849	0.0426076	0.0484866	0.0407546	0.0620915	
0.0526253	0.0325085	0.0926263	0.0472122	0.0358944	0.0342247	0.0453079	0.0491365	0.048372	0.0550941	0.0550377	0.0663019	0.0180256	0.0514318	0.0351823	0.0652119	0.0918745	0.0323384	0.0386956	0.0528985	
0.0529358	0.0348256	0.0446108	0.0507419	0.029824	0.0460334	0.0439683	0.083843	0.0471372	0.157315	0.0327055	0.0575052	0.00739888	0.0493079	0.0196225	0.0434786	0.0518398	0.0486233	0.0392866	0.0589965	
0.0194082	0.0293741	0.0420965	0.05489	0.117257	0.0238215	0.0422828	0.0865899	0.0443395	0.0515337	0.0482535	0.0584198	0.0236372	0.0545457	0.0362517	0.0410518	0.0492818	0.0751376	0.0402464	0.0615811	
0.0474821	0.0319205	0.0370245	0.0910105	0.0363553	0.0348819	0.0461118	0.0598757	0.101686	0.0565034	0.0541717	0.0468899	0.0204968	0.0812798	0.0133431	0.0441302	0.0408612	0.0475447	0.0426653	0.0657651	
0.05228	0.0347645	0.0441356	0.0568763	0.0406489	0.0522675	0.045336	0.0538373	0.0477429	0.0516525	0.0499088	0.0649566	0.0239094	0.0496099	0.0864833	0.0463415	0.0539967	0.0448064	0.0427005	0.0577454	
0.0529009	0.0361614	0.0380145	0.0495946	0.0182694	0.0470475	0.0450449	0.143215	0.0400633	0.129164	0.0418361	0.0450994	0.0180489	0.0519294	0.0230328	0.0180038	0.0453916	0.0533451	0.0369187	0.066918	
0.0475097	0.0299908	0.0272814	0.0715118	0.0384894	0.0934137	0.0411214	0.0673724	0.040234	0.0543719	0.0438518	0.0655721	0.0275197	0.0490236	0.0581821	0.0446369	0.053603	0.0565494	0.023036	0.0667289	
0.0504697	0.0358353	0.0489416	0.0544884	0.0419377	0.0497355	0.0449956	0.055015	0.049662	0.0547438	0.0576432	0.066208	0.0202098	0.0491065	0.0583042	0.077681	0.0579486	0.0481054	0.0284878	0.0504807	
0.0576782	0.0331055	0.0474009	0.0498879	0.0388563	0.0475294	0.0450633	0.0706265	0.0370931	0.0626367	0.0465303	0.0559956	0.0170726	0.051944	0.0318957	0.0527799	0.106784	0.0509874	0.0381322	0.0580009	
0.0312838	0.0298004	0.15478	0.055892	0.0388528	0.0117779	0.0462163	0.0583482	0.0414616	0.0510333	0.0572716	0.0553893	0.0182753	0.0525969	0.0383629	0.0482189	0.0590242	0.0468047	0.0426161	0.0619935	
0.0529021	0.0370574	0.0432213	0.0474547	0.0371391	0.04643	0.0290508	0.0584214	0.0392154	0.0494553	0.052746	0.0640802	0.0203762	0.146462	0.035498	0.044576	0.0544452	0.0462444	0.037738	0.0574862	
0.118384	0.0347453	0.0400182	0.0360548	0.0402027	0.0489327	0.0440495	0.0593129	0.0486555	0.0598248	0.0496629	0.0581518	0.0268264	0.0548145	0.0352137	0.0417816	0.0662658	0.0374861	0.0380956	0.0615211	
0.0323589	0.0327895	0.0618817	0.16276	0.0383207	0.0238732	0.0450787	0.0635372	0.0234298	0.0561082	0.0486958	0.0571354	0.0243268	0.0485241	0.0350041	0.0426992	0.052331	0.0485817	0.0412701	0.0612935	
0.0553889	0.0297623	0.0483281	0.0568566	0.0414426	0.0436311	0.0411529	0.0394924	0.0425531	0.0520237	0.0588652	0.0674729	0.0266408	0.0517873	0.114276	0.0438134	0.0544061	0.0333142	0.0359774	0.0628151	
0.0669623	0.0331238	0.0360941	0.0486804	0.0348605	0.0534386	0.0396388	0.103126	0.0402988	0.0543607	0.0415196	0.0367138	0.0760484	0.0477625	0.0349166	0.0418932	0.0543107	0.0554631	0.0375927	0.0631955	
0.0535901	0.0325737	0.0431605	0.0512848	0.063169	0.0234132	0.0452955	0.0355014	0.0492138	0.0538782	0.0527126	0.0612266	0.0269018	0.0537425	0.0390332	0.0463082	0.059343	0.107421	0.04187	0.0603614	
0.0500225	0.0362609	0.04299	0.0495828	0.0150553	0.046259	0.0460391	0.0710946	0.0489681	0.170994	0.0441558	0.0563887	0.00751067	0.0572605	0.0198485	0.0442054	0.0521364	0.0450516	0.0396332	0.0565427	
0.0476982	0.0318681	0.113047	0.0546919	0.0404725	0.0118712	0.0434242	0.0767608	0.0438927	0.0601378	0.0469754	0.0333067	0.0217988	0.0507313	0.0349244	0.0426157	0.0592257	0.07804	0.0446487	0.0638694	
0.0310247	0.0355946	0.174487	0.0398952	0.0396944	0.0144388	0.0374076	0.0474573	0.0442185	0.0528435	0.059609	0.0776561	0.0211775	0.0518853	0.0371593	0.049271	0.0623253	0.0424089	0.0387862	0.0426596	
0.0646102	0.0227445	0.0325159	0.051018	0.0350726	0.135491	0.0439855	0.0619212	0.0516878	0.05622	0.0503968	0.0602302	0.0215596	0.0498851	0.0303393	0.0656797	0.053267	0.0249193	0.0339581	0.0544982	
0.211507	0.0292627	0.0219967	0.0416505	0.0367334	0.052613	0.0405795	0.0507998	0.0527379	0.0537133	0.0549122	0.0667391	0.0260993	0.0571022	0.0417344	0.025288	0.0189961	0.0111529	0.0400014	0.0663811	
0.0513999	0.0311956	0.0381827	0.0571957	0.0306313	0.0801929	0.0459711	0.0845438	0.0419657	0.0706464	0.0410174	0.0495328	0.0290668	0.0504587	0.0344355	0.040851	0.0745957	0.0556715	0.0343145	0.0581308	
0.0947703	0.0352381	0.0414329	0.037378	0.0392792	0.0486679	0.0464874	0.0573436	0.0539054	0.0554848	0.0503056	0.0636372	0.0182457	0.04876	0.0333795	0.0944484	0.0354186	0.0533988	0.0377956	0.054623	
0.0522248	0.0193619	0.0427834	0.0515423	0.166948	0.0461353	0.0436942	0.0555646	0.0479187	0.0239654	0.0514997	0.0629672	0.0304997	0.0538733	0.0398511	0.0217	0.0491864	0.0329678	0.0406731	0.0666428	
0.0621966	0.0314176	0.077958	0.0319418	0.0389901	0.030179	0.0426236	0.0518265	0.0448958	0.0552891	0.0538537	0.0888917	0.02289	0.0499055	0.035962	0.0567989	0.0844608	0.0395797	0.0372907	0.0630489	
0.0540509	0.0313178	0.0352124	0.0497557	0.0388018	0.0436159	0.033999	0.0431955	0.0654813	0.0534456	0.0566754	0.170429	0.030485	0.0559403	0.0430669	0.02355	0.0375962	0.0372983	0.0383021	0.0577806	
0.0479478	0.0241909	0.0424447	0.0493454	0.0372306	0.0455991	0.0819535	0.0670821	0.0479304	0.0553521	0.0526962	0.0706331	0.0126205	0.0592154	0.0118577	0.0460376	0.0493987	0.0465739	0.0389013	0.112989	
0.0273027	0.0342137	0.0535048	0.0476463	0.0379601	0.0394303	0.0443964	0.0227201	0.0670885	0.0532364	0.0668237	0.0656124	0.0129476	0.0534402	0.0349324	0.0585426	0.14773	0.0385408	0.0393498	0.054581	
0.0388893	0.0307021	0.136315	0.0449297	0.0409586	0.0228127	0.0365364	0.0466374	0.033955	0.0542784	0.0578521	0.0925917	0.0220804	0.0505847	0.0381411	0.0519413	0.0509566	0.0400217	0.0374366	0.0723791	
0.0504982	0.0359613	0.0444746	0.0470833	0.0360494	0.0426921	0.0315888	0.0630107	0.0428615	0.0546553	0.0516617	0.0618347	0.0224236	0.160474	0.0156676	0.0423112	0.049755	0.046852	0.0377357	0.0624095	
0.0365229	0.0353665	0.0435093	0.0514171	0.0304829	0.0349629	0.040446	0.170001	0.0399398	0.0591841	0.0611343	0.0413827	0.0227448	0.0544258	0.0259743	0.0265257	0.0262533	0.0946283	0.0406902	0.064408	
0.027009	0.034052	0.0591034	0.047459	0.03683	0.0426124	0.0454807	0.0190874	0.0538659	0.0530283	0.0702426	0.0764087	0.013073	0.0505425	0.0366489	0.0782291	0.13401	0.0336029	0.0367596	0.0519547	
0.055342	0.0309756	0.0516604	0.0473295	0.037067	0.0247643	0.0489039	0.0414534	0.0521901	0.0554058	0.0551142	0.0356806	0.0199779	0.0556413	0.0174488	0.169241	0.0614959	0.0438232	0.0393367	0.0571489	
0.0479391	0.0230192	0.0528097	0.0515633	0.0836494	0.0435785	0.044398	0.0481308	0.0486742	0.0464067	0.0539692	0.0657913	0.0194132	0.0511348	0.035864	0.0786953	0.0614568	0.0540331	0.0367518	0.0527214	
0.0534948	0.0335862	0.0532573	0.0479362	0.0226092	0.0513946	0.0488358	0.0519383	0.0522715	0.0795615	0.0521186	0.0609704	0.0164673	0.0514815	0.0321087	0.109314	0.0655378	0.028337	0.0355522	0.0532271	
0.0450854	0.186938	0.0432623	0.0450258	0.0178604	0.0226866	0.0384589	0.0722369	0.0460295	0.065333	0.0503211	0.0595296	0.0252573	0.0578803	0.0141007	0.0329467	0.0536167	0.05582	0.0489795	0.0186313	
0.0468205	0.0344211	0.0353918	0.0506491	0.0339796	0.0468522	0.0377354	0.0666636	0.0444567	0.0792383	0.0475222	0.0684263	0.091586	0.0673635	0.0404759	0.0170459	0.0393896	0.0491906	0.0400552	0.0627365	
0.0591278	0.0331936	0.0441332	0.0519865	0.0371008	0.0489994	0.0427744	0.0645418	0.0346187	0.055697	0.0218569	0.0604519	0.0506972	0.0520872	0.0327761	0.054536	0.110117	0.0519417	0.0364529	0.0569095	
0.0716061	0.0345309	0.0485497	0.0413047	0.0416144	0.0244391	0.043999	0.0627228	0.047065	0.0802836	0.0527969	0.0600156	0.0226602	0.0555675	0.0327345	0.0535419	0.0654526	0.0627919	0.0393575	0.0589662	
0.0934249	0.0342272	0.0469873	0.0483419	0.0180292	0.0571491	0.0445634	0.0570431	0.0505142	0.0603816	0.0492717	0.0594633	0.00920261	0.0533439	0.0296297	0.113731	0.0611422	0.038364	0.0345395	0.0406502	
0.0496891	0.0271937	0.03159	0.0531734	0.0334972	0.0468778	0.0598964	0.0558551	0.0509445	0.055265	0.0542314	0.0578453	0.0205489	0.0494559	0.0544376	0.0819041	0.0584104	0.0475957	0.035387	0.0762016	
0.0570682	0.0347146	0.0558769	0.0500133	0.0397843	0.0473505	0.0440112	0.0386536	0.0600584	0.0554276	0.054676	0.0638608	0.0133294	0.0515692	0.0304282	0.0798587	0.0913101	0.0427076	0.0367572	0.0525444	
0.0601417	0.0223824	0.0350025	0.0517614	0.0361057	0.115564	0.0467868	0.0585845	0.0529729	0.0565988	0.0493124	0.0557645	0.0215107	0.0481074	0.0321748	0.0896647	0.0609878	0.0251414	0.0310602	0.0503752	
0.0540325	0.0356785	0.0314835	0.050834	0.0396949	0.0376615	0.0455042	0.0670867	0.0491043	0.0591676	0.0517876	0.0615522	0.0202181	0.0494979	0.0324874	0.077048	0.0597628	0.0837947	0.0394344	0.0541692	
0.0509109	0.0105646	0.0225533	0.0527932	0.0305541	0.0450667	0.0217393	0.0672179	0.0429197	0.0526408	0.0507224	0.0552356	0.0374707	0.0521487	0.0406221	0.0230519	0.0444215	0.047298	0.0381116	0.213957	
0.0525623	0.0144016	0.0504031	0.0543662	0.0406332	0.0368218	0.0219921	0.0448935	0.0529206	0.0416062	0.0483346	0.0656787	0.0248346	0.0507143	0.141802	0.0584705	0.05417	0.0443309	0.0379157	0.0631482	
0.0178356	0.0324782	0.0384383	0.0505668	0.0379582	0.0409835	0.0353673	0.0175385	0.046051	0.0444014	0.0668418	0.166887	0.0771505	0.0570257	0.0428591	0.0320811	0.0517764	0.0389517	0.0410298	0.063778	
0.0470091	0.037553	0.0402859	0.0499142	0.0105383	0.0421669	0.0421782	0.158484	0.0415985	0.126424	0.0401603	0.0452725	0.00642494	0.0508613	0.0140559	0.0329505	0.0425651	0.0638591	0.0416882	0.0660102	
0.056622	0.0331801	0.0462648	0.0531093	0.0332861	0.0445234	0.0466479	0.0519883	0.0472355	0.127082	0.0491014	0.0637156	0.00874602	0.0470339	0.0474571	0.0503774	0.0564677	0.0421797	0.0384611	0.0565205	
0.0500362	0.029373	0.0464826	0.0546181	0.0392309	0.0400324	0.0397401	0.0538167	0.0461138	0.0338923	0.0569264	0.0645954	0.0280012	0.020532	0.0683652	0.0478933	0.0556002	0.044447	0.12212	0.058183	
0.0174957	0.038243	0.0458616	0.0472056	0.0282356	0.0188959	0.0414289	0.163709	0.0398139	0.0747173	0.0431457	0.041947	0.0200963	0.0532584	0.0223738	0.0297507	0.0429519	0.126737	0.0428324	0.0613004	
0.0254858	0.0370872	0.045582	0.0544528	0.0380832	0.0453041	0.0464979	0.0945721	0.0439554	0.0648532	0.0460047	0.0434208	0.0169027	0.0522212	0.0311678	0.0413165	0.112316	0.0600923	0.0401793	0.0605053	
0.053029	0.0341661	0.0468348	0.0367443	0.0360412	0.046618	0.0455874	0.0546359	0.0893972	0.0578011	0.050585	0.0676176	0.0201247	0.0398151	0.0327421	0.0588407	0.0926107	0.0453338	0.0374878	0.0539877	
0.0317919	0.034177	0.0264136	0.183401	0.0369708	0.0488606	0.0400184	0.0653256	0.0220593	0.0537419	0.0481143	0.0583382	0.0243129	0.0464862	0.0394133	0.0412789	0.0509006	0.0462918	0.0380134	0.0640902	
0.0633303	0.0337469	0.0491306	0.0462361	0.0386321	0.0494502	0.0459419	0.0572736	0.0524052	0.0816962	0.0487596	0.0612933	0.0068807	0.0534338	0.0314734	0.0910422	0.0574077	0.0436693	0.0359224	0.0522747	
0.0343221	0.0332195	0.103979	0.107422	0.038167	0.0145422	0.043804	0.0578448	0.0429991	0.055531	0.0541753	0.0582026	0.0208491	0.0475164	0.0376554	0.0453046	0.0494762	0.0500427	0.0447568	0.06019	
0.04606	0.0355739	0.0459684	0.0548832	0.0593788	0.0352492	0.0431391	0.027488	0.0476706	0.0780305	0.0280544	0.0814347	0.0213199	0.0530846	0.0412618	0.0468698	0.0436919	0.109377	0.0415701	0.0598941	
0.0528059	0.0255376	0.0264868	0.0498562	0.0316498	0.0430335	0.0525772	0.0704763	0.0483289	0.0606666	0.0476066	0.051921	0.0240988	0.0531726	0.0315157	0.0308103	0.0501995	0.0517071	0.0436477	0.153902	
0.0469236	0.00920646	0.0853263	0.055672	0.0348845	0.0357581	0.0658054	0.0528466	0.0499331	0.0484891	0.053343	0.0812926	0.020046	0.0492701	0.0912964	0.0330005	0.054374	0.044272	0.0383116	0.0499489	
0.0303634	0.0327732	0.0442538	0.0509996	0.0348778	0.0421089	0.0405065	0.0506986	0.0430404	0.0438672	0.0464452	0.0542849	0.0820714	0.0524835	0.0350317	0.0563293	0.085907	0.0745542	0.0409237	0.0584797	
0.0486808	0.0334936	0.043692	0.0466346	0.0285863	0.0446317	0.0466082	0.102876	0.0453072	0.142237	0.0417622	0.0530696	0.00817483	0.0511878	0.0184705	0.0394442	0.0498493	0.0541796	0.0418964	0.0592176	
0.0266284	0.0364546	0.0492103	0.0504004	0.0371669	0.0449029	0.0466654	0.0436588	0.039095	0.0769424	0.0538536	0.0627125	0.0155629	0.0556222	0.0316821	0.0555354	0.13809	0.0450594	0.0381165	0.0526406	
0.0648123	0.0326082	0.0494693	0.0414311	0.0409343	0.0240434	0.0439083	0.0610876	0.0474425	0.0600211	0.0583834	0.0589476	0.0261123	0.0533882	0.0348566	0.0533948	0.0853099	0.0687345	0.0391113	0.0560036	
0.0548735	0.0355933	0.0501489	0.0499921	0.0409451	0.0473563	0.0271598	0.0494007	0.0381488	0.0451609	0.051109	0.0652068	0.0154987	0.112997	0.0809353	0.0428646	0.0534569	0.0426702	0.036265	0.0602171	
0.0483821	0.0210233	0.0455714	0.0482832	0.0375784	0.0285442	0.0395504	0.0647861	0.0482677	0.0439659	0.0501414	0.0608996	0.0291835	0.0549992	0.0153351	0.0388788	0.0516053	0.0504473	0.150907	0.0716498	
0.0475473	0.0407419	0.0431522	0.0499578	0.0402997	0.0426902	0.0517876	0.0592042	0.0473073	0.0372985	0.0551976	0.0634076	0.0591869	0.0467251	0.0540795	0.036823	0.0528056	0.0496802	0.0683903	0.0537174	
0.0541062	0.0330489	0.0171767	0.0480559	0.0353217	0.0474423	0.0310099	0.0456744	0.041851	0.0497065	0.0560182	0.212868	0.0395334	0.0558966	0.0394962	0.0208393	0.0352731	0.0371058	0.0375059	0.0620702	
0.0437513	0.0341259	0.0453801	0.0481225	0.0176158	0.0517899	0.0499623	0.0596664	0.0503746	0.0546736	0.0511703	0.0603313	0.0246539	0.048408	0.0318051	0.120759	0.0874815	0.0449662	0.0351091	0.0398533	
0.0570699	0.03231	0.0372074	0.0460776	0.0393524	0.0418911	0.031022	0.0443505	0.102086	0.0541079	0.0607836	0.121372	0.0234557	0.0568011	0.0414972	0.0439939	0.0386711	0.0379355	0.038413	0.0516022	
0.0608935	0.012414	0.0374228	0.0559707	0.041446	0.100329	0.0426039	0.0571641	0.0490888	0.051209	0.0500561	0.058583	0.0230138	0.0469532	0.0680236	0.0954796	0.0613407	0.0400664	0.0314812	0.0164608	
0.0317146	0.0348084	0.0457752	0.0445587	0.0311783	0.0213322	0.041114	0.146285	0.0416964	0.0761705	0.0436642	0.0443514	0.0229565	0.0516894	0.0256221	0.0359957	0.0491677	0.107611	0.0413816	0.0629268	
0.0422448	0.0332766	0.11418	0.041497	0.0375928	0.0449605	0.0586261	0.0482539	0.0541394	0.0553739	0.0579674	0.0540595	0.0171638	0.0515637	0.0397799	0.0548233	0.0764051	0.0376067	0.0373845	0.0431015	
0.0226972	0.0377381	0.0434094	0.0510269	0.0336959	0.0241787	0.0430919	0.1119	0.0441412	0.0464938	0.0280904	0.0503387	0.0294851	0.0528678	0.0332263	0.0377164	0.0502802	0.157066	0.0420058	0.0605501	
0.147873	0.0310871	0.0290967	0.0460837	0.036587	0.051507	0.0425365	0.0597202	0.0494434	0.0578121	0.0477086	0.0618865	0.0258846	0.0552661	0.0392177	0.0380069	0.0478742	0.0342734	0.0381665	0.0599688	
0.0185756	0.0367023	0.0401156	0.0524667	0.0217792	0.0228553	0.0421103	0.145063	0.0415067	0.0649605	0.0422668	0.0468671	0.0227883	0.051356	0.0247449	0.0306818	0.0421268	0.147923	0.0426614	0.0624489	
0.0552723	0.0344259	0.0418248	0.0490155	0.0209881	0.0440984	0.0468247	0.0824462	0.0432127	0.154212	0.0394022	0.0557488	0.0197134	0.0568758	0.028341	0.0192197	0.048036	0.0397461	0.0548086	0.0657883	
0.0468024	0.022778	0.0476306	0.047159	0.0386062	0.0263439	0.043711	0.0667811	0.04758	0.0445649	0.0576128	0.0574191	0.0255589	0.0525684	0.0150131	0.0425212	0.0506936	0.0513092	0.151395	0.0639514	
0.119681	0.0310367	0.0300473	0.0460644	0.0359753	0.146572	0.0403589	0.0656537	0.0500503	0.0570493	0.0446851	0.0174472	0.0243201	0.0488103	0.0364271	0.0606547	0.0513987	0.0271356	0.0317302	0.0349021	
0.0515342	0.0368486	0.0480975	0.0435825	0.0382104	0.0220649	0.0415623	0.0893625	0.0428119	0.0469111	0.0461365	0.05648	0.0342085	0.0531238	0.0312841	0.0457271	0.0587264	0.113761	0.042411	0.0571556	
0.0617198	0.0354547	0.0910274	0.0351619	0.0378681	0.0380427	0.0409359	0.0468599	0.0478928	0.0549462	0.0572428	0.112503	0.0215697	0.049799	0.0402078	0.0573035	0.0588121	0.0342891	0.0385349	0.0398289	
0.0559628	0.0332951	0.0442154	0.0516182	0.0363317	0.0511661	0.0442523	0.106625	0.0323744	0.0655096	0.0403585	0.0531735	0.0178161	0.0498657	0.0286732	0.0452512	0.0821403	0.0596078	0.0416429	0.0601201	
0.0403157	0.032568	0.0505951	0.0444212	0.042511	0.0240988	0.0436396	0.0510072	0.0457355	0.0375292	0.127697	0.0616893	0.029386	0.0523128	0.033235	0.0456987	0.0512485	0.0841477	0.0435845	0.0585796	
0.0542422	0.0334426	0.0397046	0.0524823	0.0432214	0.0492202	0.0445723	0.0711199	0.0432554	0.0371752	0.105501	0.0610607	0.025611	0.0521751	0.0505879	0.0461225	0.0457897	0.0453236	0.0371865	0.0622053	
0.0418497	0.0332958	0.0517305	0.0449458	0.0398432	0.0462657	0.0483596	0.0462709	0.0532329	0.0460844	0.055127	0.0638104	0.0087197	0.0510739	0.0349244	0.114696	0.09078	0.0402255	0.0351291	0.0536354	
0.0768754	0.0355025	0.050574	0.0513847	0.0363935	0.0466208	0.0427287	0.0493894	0.0360701	0.061412	0.0509366	0.062377	0.0164391	0.0526032	0.0315738	0.0537152	0.106458	0.0437121	0.0379107	0.0573226	
0.0324439	0.0265547	0.109642	0.0549508	0.0379188	0.0111086	0.0664424	0.0654245	0.0475851	0.0569832	0.0524163	0.0495751	0.0166237	0.0518007	0.035376	0.0460762	0.0583666	0.0497654	0.0404848	0.0904612	
