0.0636962	0.0148702	0.00436927	0.0139657	0.113675	0.0373806	0.0144937	0.0575607	0.0321684	0.0541158	0.096671	0.0538478	0.0400019	0.100628	0.0367573	0.0431445	0.12216	0.0430616	0.0208921	0.0365399	
0.0210158	0.0560797	0.0233478	0.0667419	0.0374564	0.0146444	0.01935	0.0181865	0.0117522	0.15474	0.0789448	0.0902258	0.00859325	0.0595136	0.00869894	0.0281698	0.0282594	0.0610169	0.0450119	0.168251	
0.115228	0.0593935	0.00646864	0.0339721	0.0571244	0.0601346	0.0133889	0.0690224	0.077411	0.0667685	0.0440218	0.0149364	0.093826	0.0244896	0.0670235	0.0501562	0.0370784	0.0446033	0.0469569	0.0179962	
0.122444	0.0153748	0.0275057	0.0331028	0.159403	0.00313051	0.0963943	0.0920232	0.0609653	0.0589169	0.0359521	0.0615951	0.00787051	0.0338394	0.0118427	0.0196689	0.0124117	0.0126035	0.0241158	0.11084	
0.0220143	0.0388114	0.0278106	0.0221862	0.103619	0.0389678	0.0583278	0.121483	0.0145704	0.115389	0.0559761	0.0215088	0.00682368	0.0977521	0.00656303	0.11396	0.0251427	0.00791171	0.0605776	0.0406051	
0.0331298	0.0401606	0.0388566	0.0313061	0.0548769	0.0126848	0.0121952	0.0844768	0.0709377	0.107734	0.11639	0.0195281	0.00160131	0.0708194	0.115052	0.010525	0.0475293	0.0652273	0.0439387	0.0230292	
0.051003	0.0102555	0.0147569	0.023365	0.162833	0.0315535	0.058294	0.0674498	0.0536043	0.173123	0.00976639	0.0518007	0.00582928	0.01773	0.0533101	0.0704254	0.0348812	0.0387757	0.015469	0.0557744	
0.012333	0.0693871	0.00406662	0.00714576	0.0284518	0.179329	0.0163359	0.0788268	0.010916	0.0588801	0.070709	0.0224087	0.0114774	0.0417399	0.0322103	0.0132957	0.02642	0.0382187	0.133858	0.14399	
0.174164	0.0552782	0.013869	0.00362615	0.124294	0.0070742	0.0532686	0.117571	0.100891	0.0335514	0.0320402	0.0119544	0.00905225	0.0195121	0.0258525	0.0834549	0.0255509	0.0313101	0.0245358	0.0531488	
0.0638315	0.0298147	0.0155124	0.0157396	0.121665	0.0208589	0.0649105	0.0552447	0.0227875	0.142267	0.0155518	0.093438	0.0148603	0.00992175	0.0203465	0.0576285	0.0446669	0.0985236	0.0505994	0.0418309	
0.0317282	0.120728	0.012409	0.00411597	0.0663699	0.119133	0.0115788	0.0200138	0.0195078	0.161496	0.0390834	0.00128942	0.031038	0.0424216	0.0327981	0.0790223	0.0693804	0.0497842	0.0554777	0.0326244	
0.0711304	0.0508315	0.0214509	0.103037	0.0670985	0.0252496	0.0215726	0.140298	0.0148699	0.0067826	0.00642434	0.0166531	0.013947	0.0616973	0.039861	0.0844405	0.0130567	0.154038	0.0150982	0.0724629	
0.150059	0.0639348	0.0125683	0.0714777	0.0176325	0.0281459	0.0668981	0.0359752	0.0286725	0.0766177	0.0528612	0.106567	0.00880758	0.0491913	0.0770761	0.0242747	0.0284229	0.0169208	0.0484683	0.0354287	
0.036786	0.0506938	0.0754622	0.228499	0.0154047	0.012509	0.0253933	0.123804	0.00901358	0.0085171	0.0557086	0.0247669	0.0788596	0.0309228	0.00524367	0.0539167	0.0603875	0.0467053	0.0239804	0.0334267	
0.0906447	0.0527802	0.0807656	0.0249092	0.0201152	0.00597861	0.0636797	0.0168727	0.0865049	0.096338	0.0867736	0.0043135	0.00461647	0.0469137	0.126826	0.0652992	0.0238995	0.0531937	0.0194133	0.0301625	
0.175564	0.045427	0.0770279	0.00850141	0.0230961	0.0463999	0.0629417	0.0644069	0.0625366	0.0156258	0.0509827	0.0578022	0.00806265	0.072552	0.0169785	0.084756	0.0135417	0.0463918	0.0505217	0.0168833	
0.0188796	0.0200035	0.228053	0.0314916	0.0138461	0.11402	0.0298877	0.0197377	0.047019	0.0260269	0.0861265	0.0545858	0.0788202	0.0435594	0.0262136	0.0066571	0.0108524	0.0776977	0.0474958	0.0190265	
0.000746412	0.0216179	0.00313449	0.0374913	0.0127763	0.00554578	0.00788622	0.0757889	0.0738365	0.149288	0.0256067	0.0673563	0.00344853	0.183081	0.0468887	0.0764938	0.0538298	0.0785586	0.0169722	0.0596526	
0.0383577	0.0287606	0.0478075	0.0460566	0.0135437	0.0113533	0.00290461	0.0772407	0.284319	0.123625	0.0531948	0.0533028	0.00391094	0.0779342	0.00835454	0.00741221	0.0088768	0.00859189	0.0440475	0.0604059	
0.0155563	0.148339	0.294774	0.0140176	0.0348014	0.00672066	0.00763868	0.0182258	0.0789819	0.0429975	0.0159144	0.0168748	0.0148885	0.0866224	0.0264343	0.0465858	0.0076194	0.0562028	0.055568	0.0112365	
0.0253946	0.0137999	0.0489849	0.0086322	0.0187695	0.00309122	0.0101964	0.260484	0.0054476	0.21907	0.0984651	0.028705	0.00655566	0.0119398	0.00644523	0.00704299	0.0164182	0.097982	0.00522534	0.10735	
0.0131322	0.00468736	0.0414661	0.0461705	0.014151	0.161219	0.0175108	0.0152626	0.0375117	0.0191069	0.0646154	0.0737168	0.0581268	0.0212722	0.0370422	0.277434	0.0115488	0.0292342	0.0260044	0.0307862	
0.0122687	0.0475334	0.0372728	0.0542807	0.113408	0.00361367	0.0721035	0.0333382	0.0642685	0.0225211	0.0533919	0.0232545	0.00238436	0.117739	0.00691358	0.00771003	0.142858	0.105904	0.0485198	0.0307159	
0.0687224	0.0678585	0.0293288	0.0320536	0.00297657	0.0408801	0.0933756	0.064033	0.0776066	0.144474	0.0365212	0.0598904	0.00596034	0.0787696	0.00674634	0.0295926	0.0347414	0.0652282	0.00787515	0.0533654	
0.272319	0.0389728	0.0055716	0.0045432	0.0189836	0.00790341	0.0395519	0.0180039	0.026569	0.00679618	0.0303764	0.0393386	0.00803765	0.0304475	0.0114213	0.0590767	0.0121547	0.297326	0.00913926	0.0634673	
0.022449	0.0082824	0.0194494	0.0440563	0.00938717	0.0324213	0.0334084	0.0194531	0.0810864	0.0134855	0.0230605	0.458902	0.0169393	0.0436224	0.087409	0.0239844	0.0103633	0.0207326	0.00855702	0.0229502	
0.253329	0.0123233	0.0521697	0.0231557	0.0400399	0.0257112	0.0238788	0.00961348	0.0660573	0.0223023	0.0268005	0.109117	0.0236667	0.0442661	0.0176844	0.0527111	0.0324087	0.00985798	0.074178	0.0807283	
0.124046	0.0550805	0.00865558	0.0526197	0.013072	0.0257942	0.0384931	0.0148041	0.0409664	0.00617461	0.0172221	0.0569763	0.00355959	0.0195477	0.0277536	0.276208	0.137013	0.0232319	0.0428026	0.0159789	
0.00740455	0.0265718	0.0374781	0.0168541	0.0488424	0.0078023	0.0354996	0.0108969	0.0276524	0.0115711	0.028156	0.189018	0.0535411	0.0239435	0.00965952	0.107793	0.264231	0.014535	0.0473495	0.0312002	
0.0249806	0.00833962	0.135182	0.050835	0.0654791	0.00410536	0.0821646	0.0116686	0.0578676	0.0364432	0.00358597	0.0297091	0.00950112	0.190429	0.0196024	0.0185279	0.107211	0.0769551	0.0313014	0.0361116	
0.0331396	0.0137454	0.0109925	0.110573	0.0230451	0.0187654	0.0536185	0.0077778	0.0214127	0.0294707	0.0132053	0.0476321	0.00619236	0.0436005	0.0157142	0.10941	0.329597	0.0234449	0.0310388	0.0576247	
0.0167896	0.0405766	0.0882329	0.00893699	0.0116606	0.00749701	0.0313424	0.113868	0.0624077	0.112921	0.0131421	0.0224561	0.00710818	0.055474	0.0124355	0.0385662	0.0117253	0.296839	0.0170285	0.0309921	
0.0224843	0.00408104	0.148723	0.0461196	0.0515445	0.0163492	0.031908	0.00276666	0.057487	0.029074	0.0829446	0.0706766	0.10417	0.0338932	0.020637	0.0213473	0.0670946	0.0723736	0.0267535	0.0895725	
0.0247666	0.00971061	0.0195414	0.056814	0.0191521	0.0324322	0.0513481	0.0120834	0.021231	0.01336	0.0158256	0.0662906	0.00534785	0.0527292	0.0112018	0.113924	0.372072	0.0158824	0.0261973	0.0600905	
0.0478341	0.0896664	0.0124879	0.0155598	0.0587987	0.0399053	0.0114494	0.21827	0.0180759	0.058249	0.0641433	0.0350869	0.0382468	0.0394932	0.0206673	0.0331627	0.087971	0.0115785	0.0258478	0.0735065	
0.0226312	0.0376476	0.147945	0.035403	0.0392081	0.00667527	0.0282405	0.0178349	0.00754937	0.0901704	0.0211778	0.0106846	0.00572815	0.0503254	0.0490984	0.193931	0.184489	0.00587098	0.032698	0.0126912	
0.026797	0.010493	0.0339133	0.164691	0.0220412	0.0419499	0.0615829	0.0426128	0.018202	0.00889192	0.0667208	0.0917262	0.00901334	0.0728842	0.0900177	0.116065	0.0382006	0.0164638	0.0436008	0.0241333	
0.0206859	0.017144	0.0222531	0.0380203	0.019474	0.0836698	0.0426549	0.0177328	0.10783	0.0268449	0.0258043	0.0370352	0.0406037	0.0200893	0.308464	0.00845908	0.103057	0.00685022	0.00857044	0.044758	
0.0224218	0.0082658	0.0194763	0.0443594	0.00928937	0.0325202	0.0334296	0.0194791	0.0810521	0.0135091	0.0231633	0.458451	0.0166102	0.0437681	0.0875541	0.0240464	0.0103823	0.0206739	0.00854505	0.0230033	
0.0250033	0.020927	0.0173466	0.0218922	0.0206834	0.0173212	0.0570706	0.118683	0.0235431	0.0282416	0.0379614	0.00574326	0.0126618	0.0205701	0.00438666	0.0108205	0.0415481	0.465538	0.0161522	0.0339066	
0.0758697	0.112257	0.0209134	0.00279614	0.0440533	0.0371037	0.0516352	0.00876832	0.117886	0.00620682	0.0323884	0.016246	0.0599416	0.073301	0.0614853	0.00185453	0.076395	0.14369	0.0236102	0.0335979	
0.0602437	0.0190804	0.0286924	0.0302808	0.0283114	0.0220664	0.0376409	0.0798015	0.069069	0.0014033	0.05656	0.0601016	0.00816189	0.0827529	0.0177877	0.0247053	0.0137157	0.21587	0.101525	0.0422293	
0.0155392	0.0152701	0.0750814	0.0296493	0.0745862	0.0182372	0.0228812	0.0169015	0.0548401	0.0403403	0.0273092	0.0324674	0.00132754	0.0608946	0.0176216	0.0324155	0.271356	0.0987298	0.0556192	0.0389325	
0.0608301	0.0426776	0.0847986	0.0437512	0.0970458	0.024831	0.246847	0.00863279	0.0159975	0.0158912	0.0675181	0.0255028	0.00331602	0.0231215	0.0117168	0.151147	0.0224541	0.0117047	0.0171811	0.0250349	
0.0483861	0.0167493	0.0462023	0.0652329	0.072467	0.03393	0.0608993	0.0212538	0.0366934	0.0724136	0.0346062	0.0328878	0.0169906	0.0434877	0.00341116	0.257775	0.0134705	0.0163803	0.102128	0.00463487	
0.0140272	0.00957921	0.00954377	0.0133016	0.0961909	0.0190478	0.0760218	0.0818155	0.188463	0.0459329	0.0308688	0.00584203	0.00322452	0.030528	0.0313842	0.0104303	0.030327	0.134356	0.0275971	0.141518	
0.00739656	0.0266054	0.0385495	0.0184228	0.0483687	0.00560136	0.0317899	0.0110199	0.0290572	0.0103201	0.0294994	0.194063	0.0538938	0.0258011	0.0106671	0.112943	0.251398	0.0159416	0.0493228	0.0293388	
0.070343	0.0234688	0.0275926	0.0446099	0.0311012	0.00954029	0.0421382	0.0319952	0.014153	0.397521	0.0315292	0.0346364	0.0467912	0.0620585	0.00994915	0.018118	0.0286656	0.0328603	0.0218794	0.0210494	
0.0122028	0.0474518	0.0553815	0.0445887	0.0159108	0.020669	0.0317205	0.0803691	0.048881	0.429547	0.0184875	0.0287738	0.0159437	0.0191438	0.0153404	0.0214653	0.0220708	0.0187195	0.0267848	0.0265487	
0.117339	0.0245474	0.0764637	0.134232	0.0414893	0.015859	0.0678205	0.0108281	0.0170656	0.0575193	0.00300563	0.01285	0.0050182	0.0512335	0.0682244	0.0144287	0.0370949	0.18763	0.0280649	0.0292859	
0.111093	0.0424685	0.126513	0.0266878	0.00501026	0.030311	0.0671278	0.0418693	0.0290974	0.0237292	0.0266628	0.0650509	0.00076496	0.0422788	0.00624205	0.0773782	0.13754	0.0683995	0.0399265	0.0318477	
0.0945747	0.0142975	0.00364332	0.200309	0.0739392	0.0766926	0.0488795	0.00419171	0.0599229	0.0452782	0.0406746	0.0427526	0.00398493	0.0446346	0.0205308	0.0445652	0.0210677	0.0692511	0.0175114	0.0732987	
0.0300861	0.0110721	0.013313	0.035148	0.0101706	0.0131299	0.286845	0.0314113	0.0398997	0.0127222	0.0379784	0.00929604	0.058932	0.0685196	0.0699471	0.0320712	0.0509122	0.0277812	0.0173768	0.143388	
0.0235704	0.0234806	0.0616529	0.0505847	0.0723615	0.0399505	0.0217055	0.0140264	0.062175	0.00860687	0.0649758	0.211935	0.0161193	0.0874452	0.0235342	0.080724	0.0712781	0.0145102	0.0247887	0.0265753	
0.0417954	0.0235665	0.0275489	0.0516753	0.0327168	0.209553	0.0344437	0.100013	0.0134217	0.00443568	0.147468	0.0521461	0.0113624	0.0205956	0.0308409	0.0508168	0.045008	0.00410764	0.0252889	0.0731949	
0.146174	0.0198423	0.0206438	0.0102151	0.193613	0.0370203	0.0314741	0.00420157	0.0465941	0.0422944	0.145049	0.0303019	0.00980129	0.0302149	0.050999	0.00622804	0.00567975	0.0740033	0.0781744	0.0174761	
0.00714439	0.0281486	0.035869	0.0406587	0.0296786	0.0193397	0.0252505	0.115643	0.0259902	0.423764	0.0323754	0.020388	0.0197915	0.0250387	0.0209834	0.015299	0.0211295	0.0290252	0.0302679	0.0342152	
0.0211368	0.242331	0.0150642	0.0755901	0.0275931	0.0164606	0.0185255	0.0709496	0.0179545	0.0420118	0.0356071	0.0565412	0.0297466	0.131281	0.00979767	0.00812666	0.0219579	0.0324623	0.0658264	0.0610351	
0.0785911	0.00946143	0.0159255	0.029697	0.0522404	0.0424481	0.0759395	0.0083127	0.0855625	0.0682534	0.0256915	0.0537906	0.00297643	0.0353191	0.172709	0.0940515	0.0459435	0.00742259	0.0176013	0.078063	
0.0251149	0.0134869	0.0461647	0.00767751	0.0185226	0.00320359	0.00941645	0.263128	0.00531079	0.223526	0.102826	0.0279432	0.0068006	0.00995701	0.00597827	0.00667667	0.0156632	0.100742	0.00482315	0.103039	
0.0135158	0.004812	0.0711684	0.0561085	0.0384313	0.0808342	0.18953	0.0215061	0.0882651	0.0134117	0.0523908	0.1346	0.00237335	0.0390498	0.0372154	0.0176493	0.01398	0.0201462	0.0393536	0.0656579	
0.0142982	0.00937021	0.0338592	0.140013	0.0179715	0.0626758	0.0907817	0.0426481	0.0283404	0.0067403	0.071522	0.0960433	0.0115361	0.057772	0.0752275	0.122175	0.04068	0.0138261	0.0416408	0.0228787	
0.0133803	0.0232548	0.0995662	0.0266824	0.0431749	0.0187921	0.0768284	0.102474	0.0502846	0.0830896	0.0564865	0.0427681	0.00285589	0.031492	0.0993399	0.00759074	0.0248278	0.154219	0.0104304	0.032462	
0.123279	0.0136896	0.0247615	0.134284	0.0320255	0.0493536	0.052165	0.00887042	0.141073	0.0168537	0.102067	0.0673276	0.0307085	0.0337716	0.0580241	0.0330356	0.0267431	0.0211397	0.0278364	0.00299202	
0.317174	0.0154926	0.0215587	0.0109505	0.00810455	0.0435849	0.0617214	0.0136721	0.0226793	0.0045519	0.0545017	0.0214887	0.225447	0.0166208	0.00906951	0.0118813	0.00874818	0.0291606	0.0511611	0.0524317	
0.00660511	0.0248691	0.0377027	0.0369379	0.0283001	0.0195848	0.0252476	0.114355	0.0276987	0.43036	0.0330207	0.0207943	0.0192971	0.0247874	0.020691	0.016374	0.0220813	0.0306124	0.0312489	0.0294321	
0.0303164	0.00786025	0.0369591	0.0262389	0.0452225	0.0154464	0.0736796	0.0458511	0.0305144	0.0651226	0.14934	0.0185843	0.0231972	0.116745	0.116189	0.0337462	0.0569139	0.0500941	0.020546	0.0374334	
0.00909407	0.0410927	0.0746772	0.0492011	0.015302	0.0215619	0.0327355	0.0993934	0.0385058	0.407726	0.0201806	0.0253728	0.013553	0.0169742	0.0222885	0.0203729	0.020515	0.0176094	0.0274264	0.0264181	
0.0655744	0.00172334	0.0878605	0.0533531	0.0398442	0.102815	0.0835393	0.00729973	0.0924351	0.0594581	0.033875	0.0167208	0.0248294	0.0905708	0.100318	0.0548759	0.0630929	0.0131909	0.00139534	0.00722826	
0.0258967	0.0485344	0.0458248	0.0162134	0.01075	0.0379664	0.00807275	0.0275926	0.0563552	0.045979	0.0379259	0.0328775	0.149191	0.0459891	0.0495709	0.0657071	0.228536	0.00779618	0.0497542	0.00946747	
0.0586728	0.261155	0.0311284	0.0261825	0.0324025	0.0075838	0.0174861	0.0234624	0.094221	0.0161234	0.146048	0.0627395	0.0197729	0.0532423	0.0243576	0.0157948	0.0186104	0.05266	0.0296299	0.0087268	
0.0483951	0.0409937	0.0694991	0.0392481	0.0247229	0.0669148	0.0152254	0.00376691	0.023213	0.0291209	0.0492135	0.154796	0.00513494	0.124331	0.0185154	0.166883	0.0858037	0.00908249	0.022191	0.00295007	
0.0249388	0.0309763	0.0417046	0.0646389	0.103526	0.0365977	0.0121653	0.138354	0.022988	0.0959811	0.0507787	0.0181336	0.105907	0.0359805	0.00463312	0.00156371	0.00341588	0.159357	0.0245792	0.0237815	
0.0194783	0.0458106	0.0508206	0.0285974	0.00571789	0.0326254	0.0254913	0.102551	0.0126218	0.107833	0.0147312	0.0378314	0.0408787	0.0444344	0.0457297	0.0456776	0.203965	0.105171	0.00289315	0.0271402	
0.0530796	0.0255277	0.00640934	0.019203	0.0073273	0.450574	0.0391951	0.00745731	0.0338019	0.0178527	0.0339222	0.0543363	0.0226282	0.0786976	0.0142193	0.0160067	0.0181616	0.0285922	0.0388986	0.0341095	
0.0125684	0.0203425	0.0184888	0.0199688	0.024265	0.00948375	0.0243835	0.0287825	0.0130527	0.00373985	0.10362	0.248868	0.0194625	0.0214002	0.00945725	0.0192375	0.0157002	0.0302281	0.337607	0.0193429	
0.00999164	0.0169283	0.0683864	0.0322877	0.0207391	0.027275	0.0491065	0.0145149	0.0899729	0.264929	0.0836583	0.0305216	0.00540747	0.0180772	0.0103061	0.132667	0.0282055	0.0580049	0.0111039	0.0279175	
0.0468541	0.0116302	0.0267225	0.0295215	0.028214	0.00615838	0.00611106	0.0770359	0.00969815	0.262072	0.0462633	0.0921834	0.0754684	0.0145996	0.0690878	0.01076	0.0672023	0.0424451	0.0441951	0.0337768	
0.0531781	0.0250958	0.00636184	0.0189298	0.00728248	0.450487	0.0398499	0.00750441	0.0334135	0.0176012	0.0328467	0.0553013	0.0230034	0.0786581	0.0142718	0.016299	0.0185367	0.0285036	0.0394957	0.0333794	
0.064061	0.0229199	0.0153996	0.0186451	0.0634182	0.0186826	0.108203	0.0345132	0.0353954	0.0685855	0.0164816	0.271048	0.00889665	0.013276	0.0117453	0.0565919	0.0433554	0.0739591	0.0427137	0.0121092	
0.0304236	0.0153836	0.053366	0.0365888	0.0196556	0.023092	0.189861	0.0404905	0.0648354	0.0100681	0.0486778	0.0246639	0.324783	0.00362782	0.0316889	0.00178408	0.0194254	0.0331355	0.0229388	0.00551007	
0.159344	0.010999	0.0450578	0.150682	0.0117921	0.0757066	0.0260241	0.00682155	0.0181886	0.0707659	0.0687255	0.0996909	0.00704127	0.0313776	0.00505222	0.0312792	0.0585858	0.0217212	0.00850385	0.0926412	
0.0362748	0.318529	0.0549378	0.038564	0.0220203	0.00660354	0.00960572	0.0301137	0.0481148	0.00835643	0.0837658	0.0743693	0.0130758	0.0457987	0.029943	0.0162725	0.0436436	0.085935	0.0245914	0.00948533	
0.0189895	0.0523716	0.205966	0.177083	0.0418396	0.0225953	0.0387014	0.0310332	0.00236823	0.0888876	0.0234471	0.016298	0.026081	0.0935441	0.0149973	0.0320756	0.034053	0.0105088	0.0381104	0.0310495	
0.0683335	0.0147856	0.116799	0.0788507	0.036949	0.0208524	0.0586562	0.0957317	0.0402506	0.0611227	0.0210763	0.0337343	0.0396669	0.0416105	0.0341706	0.0532061	0.0357055	0.0417815	0.0299894	0.076727	
0.0305023	0.0442588	0.0943711	0.0494596	0.00998454	0.0145593	0.0372607	0.108599	0.0301037	0.384105	0.0178903	0.0201846	0.0124986	0.0176667	0.0173007	0.0192918	0.0191486	0.0156431	0.0256625	0.0315088	
0.0559954	0.00571451	0.0346249	0.0579355	0.0351811	0.0452667	0.0101719	0.0642941	0.0625365	0.14365	0.0752606	0.0556422	0.00844077	0.12767	0.00983646	0.0319219	0.0198773	0.00803215	0.114131	0.033818	
0.0725878	0.00509162	0.0574204	0.0675315	0.0438582	0.0882259	0.0363225	0.0732317	0.0562291	0.0747893	0.0330518	0.0360605	0.0807714	0.0306356	0.0370843	0.0605723	0.0638882	0.0227747	0.0100258	0.0498475	
0.0661159	0.00977548	0.048529	0.0481793	0.0529841	0.0487693	0.0691905	0.0735259	0.08277	0.0698567	0.0413549	0.0284838	0.0222883	0.0712177	0.0413939	0.0348767	0.0907652	0.0206203	0.0274785	0.0518246	
0.0240614	0.0048039	0.0147806	0.126122	0.0365372	0.0148995	0.0641873	0.055508	0.0161436	0.094293	0.0386927	0.114836	0.0130628	0.0813682	0.0995251	0.0287274	0.0305455	0.0586016	0.0261652	0.0571387	
0.020754	0.0173804	0.0525214	0.084298	0.0743221	0.0205669	0.0413592	0.0437842	0.0395854	0.0286748	0.232069	0.013926	0.0317121	0.0451391	0.0205115	0.0875871	0.0445492	0.0249149	0.0133457	0.0629995	
0.0203344	0.162639	0.0622982	0.0285763	0.166801	0.0155992	0.0421796	0.016465	0.0340248	0.0553495	0.0220841	0.082092	0.0170143	0.0308221	0.00442677	0.0111901	0.0319758	0.00998661	0.17841	0.00773191	
0.0372012	0.0291922	0.0310893	0.0612698	0.0197354	0.0751517	0.0385071	0.0431035	0.0307676	0.00641297	0.0479751	0.061633	0.0076019	0.050389	0.0204247	0.356788	0.0114129	0.0239953	0.0292324	0.0181167	
0.0246483	0.0111309	0.0491246	0.0374219	0.0289934	0.0492924	0.0228143	0.00985924	0.0811844	0.0209318	0.0259054	0.0139699	0.0274632	0.0503766	0.0427688	0.0343305	0.0872784	0.0188487	0.052518	0.311139	
0.00751946	0.0611338	0.0118825	0.0678117	0.0384128	0.0197389	0.0130459	0.198931	0.0194889	0.112691	0.0610591	0.0326303	0.023154	0.0414838	0.0275698	0.0594048	0.00982403	0.128178	0.0527481	0.0132925	
0.0211987	0.0251811	0.0111738	0.0142731	0.00904522	0.00930661	0.0333913	0.285966	0.0389772	0.051224	0.0291122	0.0329022	0.00564415	0.0464952	0.0161163	0.0106506	0.0109363	0.281695	0.0321759	0.0345355	
0.013715	0.0118235	0.0113078	0.295443	0.0661413	0.0245904	0.0265741	0.13497	0.00374683	0.0257017	0.0191628	0.0404764	0.00613725	0.0925507	0.00757411	0.049964	0.0343879	0.0725548	0.0241103	0.0390681	
0.0965952	0.0155581	0.113368	0.117199	0.0205447	0.0367152	0.0202403	0.0103962	0.011992	0.0316086	0.0236761	0.00290395	0.00699822	0.136514	0.0502765	0.0727272	0.127725	0.0504058	0.0442022	0.0103535	
0.0851951	0.010718	0.0325281	0.0596358	0.0986857	0.0828919	0.0452125	0.0711775	0.0202758	0.0424369	0.0147409	0.055199	0.0864628	0.0447111	0.0301682	0.0143115	0.0186782	0.0604407	0.0649627	0.0615676	
0.0621713	0.0272609	0.116797	0.0152235	0.151732	0.100154	0.0150692	0.0207368	0.0489709	0.0806398	0.0170264	0.114222	0.00991506	0.0241539	0.0520002	0.0323285	0.0695961	0.00276116	0.0206989	0.0185417	
0.0622638	0.0932009	0.00385915	0.0255139	0.0241896	0.163649	0.0399109	0.0112735	0.00904277	0.00701666	0.00795206	0.0263796	0.0710824	0.093923	0.0215072	0.118888	0.0687452	0.109093	0.0301717	0.0123369	
0.0361985	0.0205581	0.0362054	0.123247	0.0282119	0.00866591	0.0513889	0.0893359	0.0439183	0.0512046	0.0343549	0.100409	0.0992557	0.0254393	0.0343011	0.0654815	0.0216511	0.0637157	0.0172152	0.0492421	
0.0462891	0.0196106	0.00609406	0.233644	0.13203	0.00961623	0.0902301	0.0175875	0.0185264	0.0394649	0.0224217	0.0382687	0.00253807	0.0730302	0.0154999	0.034086	0.028807	0.0519654	0.0837747	0.0365157	
0.0763552	0.0101189	0.026909	0.0161754	0.0258935	0.369112	0.027048	0.0208494	0.0438484	0.0417038	0.0464779	0.0295416	0.0281749	0.0267439	0.0152147	0.0594945	0.0543617	0.00899343	0.03627	0.0367143	
0.0891945	0.0392699	0.0254367	0.0880431	0.0272609	0.038212	0.0327703	0.0103354	0.0321215	0.135345	0.00536604	0.0630875	0.168865	0.0188343	0.00589017	0.0518098	0.0221522	0.11124	0.00805349	0.0267126	
0.0209074	0.535337	0.0308348	0.0153625	0.0163636	0.0172745	0.0244229	0.0245296	0.0114896	0.0301571	0.043548	0.0126163	0.0138687	0.0129817	0.00967859	0.0185203	0.0345755	0.0329778	0.0595502	0.0350036	
0.0389914	0.00787267	0.00542737	0.0434939	0.0645337	0.016444	0.0142691	0.0688507	0.0352693	0.0483003	0.0680316	0.0133974	0.013279	0.0290542	0.0205479	0.00813584	0.046558	0.0363655	0.0800796	0.341098	
0.0120273	0.0327115	0.0415392	0.0419088	0.0131088	0.0244471	0.0269231	0.0276011	0.0472838	0.0388469	0.00730191	0.0507314	0.41229	0.0217518	0.0199011	0.00894084	0.0149583	0.0941834	0.0140012	0.0495421	
0.04867	0.0259743	0.00764613	0.0199917	0.0114305	0.450973	0.0378246	0.0091308	0.0340258	0.0174213	0.0393417	0.0496781	0.021483	0.0779885	0.0140876	0.0159803	0.0193109	0.0268247	0.0359937	0.0362236	
0.114415	0.00830186	0.139851	0.0610868	0.0150498	0.108184	0.0255045	0.0449436	0.0397438	0.0619741	0.0295068	0.0237515	0.120249	0.0099295	0.0318069	0.04402	0.0451379	0.0136245	0.017146	0.0457724	
0.010699	0.0049383	0.0480257	0.035808	0.0586506	0.00492758	0.0647523	0.0874112	0.0586161	0.228299	0.0591948	0.0498119	0.00352033	0.0401893	0.00150316	0.0036553	0.0399491	0.019868	0.164411	0.0157693	
0.106622	0.0283593	0.08676	0.00947387	0.0436959	0.015852	0.0978015	0.0316641	0.0379578	0.0922688	0.0571222	0.00959592	0.00098206	0.0705527	0.0362656	0.0890642	0.118915	0.0321323	0.0128269	0.0220879	
0.0912269	0.0428098	0.13612	0.0520123	0.0448509	0.0291824	0.161954	0.00704116	0.013349	0.0300648	0.111571	0.0443889	0.0122542	0.0238892	0.0112173	0.104725	0.0253163	0.0057485	0.0177798	0.0344988	
0.0344269	0.0157807	0.0245039	0.0305235	0.0323837	0.0281672	0.0247239	0.173238	0.0135955	0.106986	0.0373458	0.018785	0.0295748	0.0998943	0.0104276	0.14158	0.0431181	0.0123882	0.0535306	0.0690265	
0.103568	0.0384848	0.0369283	0.144425	0.0249453	0.0562961	0.0172284	0.0453376	0.0134703	0.0121679	0.0703909	0.020075	0.146035	0.0537462	0.0208439	0.0566487	0.00882679	0.00427399	0.0375921	0.0887156	
0.0285619	0.0162001	0.0333876	0.419757	0.0245925	0.0227804	0.0196004	0.0300743	0.039199	0.0102377	0.0506928	0.0264977	0.00620423	0.03727	0.0300598	0.0115928	0.118577	0.0118006	0.0422767	0.0206379	
0.00773822	0.0256687	0.0339475	0.0410877	0.0288544	0.0263846	0.022677	0.110261	0.0332604	0.428967	0.031734	0.0207625	0.0177543	0.025419	0.0186468	0.0153581	0.0201604	0.0280447	0.0291582	0.0341147	
0.0117613	0.0125121	0.0167402	0.024599	0.0304481	0.011431	0.0605285	0.0306131	0.0577937	0.0277471	0.00968723	0.018402	0.0140736	0.0182018	0.488312	0.0264629	0.0504376	0.0174767	0.0483575	0.0244141	
0.0268847	0.0151038	0.0300897	0.320013	0.0415437	0.0135803	0.0345322	0.0218433	0.0593129	0.0342038	0.0556938	0.0372833	0.0216225	0.0285981	0.0415266	0.0899537	0.0288218	0.0275447	0.0186407	0.0532074	
0.0369582	0.0418991	0.0475886	0.040736	0.0555191	0.00443	0.0502342	0.0174162	0.0193159	0.0341731	0.0263608	0.0331424	0.0164444	0.177181	0.0953716	0.0353804	0.114317	0.080935	0.0557431	0.0168536	
0.00765428	0.0421912	0.0398949	0.0461672	0.0189089	0.0151743	0.0325921	0.0954159	0.0526974	0.439186	0.0230334	0.0229208	0.0142793	0.0205982	0.0175926	0.0189788	0.0207112	0.0205607	0.0281517	0.0232913	
0.0665163	0.0677382	0.00333564	0.0705981	0.0950111	0.165014	0.0324666	0.0173976	0.0570882	0.0249037	0.0144408	0.0465345	0.016317	0.071701	0.00864154	0.0963842	0.0987503	0.031507	0.00722063	0.00843346	
0.068586	0.0168177	0.0574441	0.118529	0.0536024	0.088941	0.0523626	0.040201	0.01048	0.0245913	0.0702324	0.0118631	0.00792992	0.0650117	0.034028	0.132767	0.0236846	0.0217473	0.013247	0.0879334	
0.0824675	0.10464	0.0130281	0.0122716	0.043529	0.00685654	0.0529369	0.17689	0.0219659	0.0429291	0.0362305	0.0365502	0.00369072	0.0398667	0.0065347	0.063774	0.0686162	0.0976533	0.0612287	0.0283407	
0.0329456	0.015003	0.0750604	0.0225002	0.0506901	0.0124839	0.0233097	0.117327	0.0533698	0.092772	0.00601819	0.0168636	0.00322991	0.0524745	0.0496652	0.0756397	0.144979	0.0211513	0.0486973	0.0858187	
0.0308144	0.00990998	0.0964343	0.076458	0.0456461	0.0704905	0.00470935	0.0341926	0.0914281	0.0119693	0.0225054	0.0179644	0.00110738	0.130357	0.0380354	0.0765534	0.0391866	0.085333	0.00636093	0.110544	
0.154213	0.00350202	0.0417283	0.0355887	0.058472	0.00920873	0.0274393	0.0390164	0.0734855	0.0910442	0.0491194	0.0177997	0.00128952	0.0559974	0.00520109	0.0452288	0.100189	0.0620291	0.0762774	0.0531701	
0.0116299	0.0371597	0.0750807	0.232506	0.0373923	0.0058663	0.100841	0.0151789	0.00866471	0.0186346	0.0550102	0.0177011	0.0157718	0.0186152	0.0237646	0.0580776	0.0543449	0.0282086	0.113382	0.072171	
0.0136912	0.0134081	0.026465	0.0164812	0.00634046	0.021032	0.0251425	0.0228102	0.405952	0.0062094	0.0400961	0.0181583	0.0315475	0.0160562	0.268353	0.00826744	0.0205117	0.00686064	0.0131921	0.0194246	
0.0352333	0.0169558	0.0173659	0.0378355	0.308521	0.00744581	0.0304327	0.0850606	0.0757823	0.0137859	0.0489113	0.0309436	0.0126798	0.0593973	0.00955744	0.00534472	0.0370919	0.0474063	0.0249926	0.095256	
0.014823	0.0332294	0.0397792	0.206252	0.0269602	0.00507855	0.0277519	0.0416945	0.0138513	0.0314247	0.0168033	0.0914731	0.209722	0.0387158	0.0395679	0.0427751	0.0207969	0.064288	0.0183061	0.016707	
0.0740783	0.033086	0.0341955	0.0718627	0.0569246	0.0126877	0.0179619	0.13133	0.0543382	0.144258	0.0863506	0.0243659	0.00763898	0.0384126	0.0130432	0.00421965	0.0157866	0.0347598	0.0313057	0.113394	
0.0294647	0.0171367	0.018379	0.0288115	0.473062	0.0034003	0.0287281	0.0291306	0.0482921	0.0145404	0.067001	0.0213619	0.017296	0.0182116	0.00662404	0.0133463	0.019793	0.0238937	0.0216548	0.0998722	
0.0225484	0.0259101	0.259052	0.0842277	0.0260483	0.00612808	0.010064	0.00985069	0.10379	0.014698	0.0304575	0.039608	0.0876913	0.0443353	0.0415571	0.0749907	0.038407	0.0397266	0.0142166	0.0266934	
0.0288516	0.0397748	0.039761	0.0225816	0.166235	0.0571688	0.0129317	0.00652771	0.0776363	0.0600424	0.0468055	0.0391653	0.0396208	0.0347189	0.0383681	0.0526635	0.0442853	0.0878748	0.0403126	0.0646746	
0.12122	0.0151179	0.0610536	0.0841405	0.0244902	0.0530723	0.0953921	0.0166249	0.00554936	0.03803	0.0739858	0.111909	0.0185876	0.0612551	0.00992533	0.0568132	0.0575546	0.0678205	0.0172461	0.0102124	
0.0219639	0.00149886	0.00977343	0.0394626	0.0301193	0.0666635	0.0135042	0.0741877	0.0396109	0.111964	0.100978	0.202916	0.0199149	0.0609672	0.028907	0.059638	0.0313953	0.0154891	0.0357191	0.0353277	
0.168151	0.018028	0.017635	0.0333172	0.0341175	0.036082	0.096389	0.0252965	0.0320889	0.0111537	0.0380972	0.0316954	0.00139017	0.0927829	0.00617596	0.0921504	0.140651	0.0452902	0.0662926	0.0132161	
0.0139052	0.0059142	0.0111225	0.0198059	0.309351	0.0141056	0.0309514	0.024961	0.0156608	0.0411617	0.153484	0.010805	0.00923786	0.0157358	0.00805023	0.00656465	0.026599	0.0413954	0.18825	0.0529395	
0.0440833	0.0703903	0.0172315	0.0476019	0.00242277	0.0398546	0.00796833	0.028773	0.00786754	0.0292391	0.096365	0.036433	0.194735	0.167961	0.0203624	0.0488873	0.0458726	0.0294407	0.0216213	0.042889	
0.0116337	0.0234643	0.00893048	0.00782138	0.029412	0.0209297	0.0146647	0.0127073	0.00519732	0.00684179	0.0815409	0.439789	0.0866952	0.0136138	0.00924681	0.0219508	0.00710207	0.0129951	0.166294	0.0191698	
0.0357714	0.00766077	0.00570758	0.0381669	0.0422038	0.0164002	0.167434	0.0111391	0.0074236	0.0153627	0.0353334	0.0813695	0.00306092	0.0266043	0.0154515	0.0691092	0.189502	0.0465521	0.0501313	0.135617	
0.0201524	0.0230982	0.0482146	0.0156249	0.0845981	0.2448	0.0136751	0.00733466	0.163617	0.037425	0.0415346	0.00714222	0.0198688	0.0421745	0.00876706	0.041614	0.131956	0.00463799	0.00664269	0.0371216	
0.0400886	0.0305969	0.116689	0.287786	0.0521212	0.0154523	0.0321007	0.0582672	0.0094539	0.00752136	0.0580524	0.0426095	0.0447818	0.0294592	0.00391472	0.0441061	0.0347861	0.0248718	0.0511929	0.0161487	
0.0648949	0.010132	0.0621452	0.0469555	0.0715208	0.0687193	0.0422651	0.0396166	0.0125523	0.0378273	0.034328	0.070045	0.0658153	0.121578	0.0247446	0.0181754	0.0245259	0.0498294	0.0383554	0.0959737	
0.0247505	0.011645	0.0137596	0.027499	0.0452715	0.559966	0.0407332	0.0113051	0.0220077	0.0169708	0.0142105	0.0384672	0.00373669	0.0379979	0.0236517	0.0176401	0.0116158	0.0120342	0.0312741	0.0354631	
0.0388448	0.00687612	0.0205085	0.00792133	0.0265433	0.0146255	0.027559	0.167278	0.110754	0.0118006	0.0422325	0.0621206	0.0113789	0.0427145	0.0853509	0.0444865	0.130897	0.101048	0.0214175	0.0256423	
0.00446414	0.0201366	0.0383949	0.114098	0.0131982	0.0356482	0.0369805	0.0129224	0.0294875	0.0026007	0.0577687	0.0458783	0.0111787	0.0363658	0.017656	0.32812	0.107148	0.0424	0.0248064	0.0207474	
0.22324	0.026967	0.0109522	0.0196451	0.0931796	0.0242191	0.0721991	0.0220939	0.00620534	0.0367531	0.0675616	0.0231554	0.00552755	0.0718479	0.0170904	0.168265	0.0172938	0.0227804	0.0182674	0.0527553	
0.275833	0.0421371	0.00849775	0.0103833	0.0406717	0.0125989	0.0819503	0.012175	0.0122368	0.0454977	0.049897	0.0258246	0.0062107	0.0674858	0.0156695	0.182451	0.0383309	0.0111146	0.0157139	0.0453206	
0.0228969	0.482792	0.0383575	0.0168588	0.0215017	0.0189632	0.0201989	0.020977	0.0219619	0.0408513	0.0445976	0.0102293	0.00999309	0.0271602	0.0108209	0.0419307	0.0274976	0.0397067	0.0353822	0.0473228	
0.0376787	0.0116572	0.0128567	0.126792	0.0183541	0.0845199	0.00465679	0.124859	0.011922	0.0731548	0.0472214	0.0563907	0.0776418	0.0883361	0.0640332	0.0322259	0.0770147	0.0238211	0.0174408	0.00942314	
0.140331	0.0421468	0.041737	0.0270677	0.0118617	0.0145758	0.101923	0.0499807	0.052513	0.0569441	0.0187096	0.00313321	0.0116764	0.052662	0.0949417	0.053744	0.111943	0.0442222	0.0264468	0.0434403	
0.0251462	0.0039341	0.0139147	0.123547	0.0219585	0.0155675	0.0584793	0.07969	0.0128002	0.0960496	0.0341186	0.0770084	0.00664642	0.0589651	0.0808907	0.0286148	0.0628782	0.0901302	0.0314027	0.0782574	
0.0888282	0.0302573	0.269668	0.0989639	0.0166535	0.0725123	0.0145205	0.0171528	0.0315538	0.00383427	0.0315069	0.0566003	0.00576807	0.0763312	0.0200802	0.0806587	0.0297288	0.0138977	0.0381393	0.00334375	
0.0276635	0.0165756	0.0849739	0.140733	0.0247536	0.0523563	0.0324255	0.0630895	0.0566688	0.0342769	0.0786025	0.0286199	0.00609993	0.0159084	0.0271949	0.0408221	0.163439	0.0532016	0.010626	0.0419685	
0.0290789	0.0210617	0.0485415	0.0384591	0.00737925	0.03114	0.0248202	0.0227032	0.0551029	0.156376	0.044369	0.035972	0.0945348	0.0440389	0.0261031	0.0745607	0.123928	0.0157072	0.0192116	0.0869124	
0.104764	0.0385612	0.0950893	0.089083	0.0110225	0.0624489	0.029457	0.00952339	0.0512885	0.0167882	0.0212092	0.0516115	0.00647138	0.103144	0.0213332	0.212487	0.0427936	0.00681091	0.0157076	0.0104063	
0.0295564	0.0182229	0.0180393	0.0369547	0.461855	0.00369927	0.0311685	0.0274623	0.0491567	0.0144035	0.0731087	0.021077	0.016884	0.0193064	0.00757412	0.0155542	0.0227922	0.0239941	0.0174155	0.0917753	
0.00921474	0.0193233	0.0190504	0.0592847	0.115214	0.00849431	0.0305116	0.0246306	0.0119529	0.0106619	0.0265888	0.0250092	0.013059	0.0483075	0.00736604	0.00979969	0.030195	0.00557444	0.0931188	0.432643	
0.0508973	0.0239789	0.0303391	0.0333405	0.0491093	0.0169711	0.148491	0.00357846	0.0959087	0.00701791	0.022993	0.0215252	0.0220374	0.0191676	0.228881	0.115037	0.0155376	0.0717553	0.0168078	0.00662591	
0.0167708	0.0647688	0.00581952	0.0285361	0.0385829	0.00707948	0.0540578	0.012904	0.00462858	0.0206873	0.0727862	0.417359	0.0194412	0.02956	0.00962754	0.0221303	0.0468421	0.0205776	0.0975074	0.010333	
0.00622012	0.0199946	0.0398937	0.0416719	0.0315741	0.0254005	0.019034	0.122961	0.0221569	0.404252	0.0460077	0.0239091	0.0171068	0.0216859	0.0239305	0.0171546	0.0175346	0.0358712	0.0314404	0.0322005	
0.0466514	0.0224942	0.0224327	0.0162161	0.100496	0.0346046	0.0863248	0.0212797	0.01618	0.178285	0.0425804	0.0588972	0.00379751	0.0538235	0.0138659	0.0175482	0.00805934	0.189069	0.0106416	0.0567525	
0.0186056	0.0296602	0.018537	0.0140062	0.0144684	0.0152201	0.0156474	0.0224438	0.0138016	0.0110781	0.0740226	0.0476444	0.0018449	0.0101529	0.0381603	0.0143266	0.0318644	0.0151485	0.576633	0.0167342	
0.0167676	0.0328851	0.0422703	0.0133361	0.0112154	0.00905133	0.0213191	0.196087	0.0395201	0.169421	0.0148989	0.0214306	0.0123829	0.0349204	0.0117063	0.0070603	0.0216789	0.268683	0.0225183	0.0328463	
0.00927728	0.0358836	0.0266319	0.0167631	0.0473571	0.104135	0.0395189	0.018236	0.00945687	0.204726	0.0174751	0.0313282	0.00133747	0.0376571	0.0199645	0.0506235	0.209104	0.0192288	0.0496168	0.0516782	
0.0341537	0.0399995	0.00168991	0.0881258	0.0100469	0.0739069	0.0448979	0.02222	0.110947	0.0710444	0.0643455	0.00948138	0.00939032	0.0802919	0.0937219	0.0368199	0.096989	0.0677811	0.040189	0.00395824	
0.0310372	0.0162656	0.0408081	0.114243	0.0748246	0.0289256	0.0386785	0.0823737	0.0613234	0.0323429	0.0494128	0.0358151	0.0164271	0.028522	0.0937795	0.0369323	0.0307268	0.0196946	0.0521225	0.115745	
0.0264842	0.0103209	0.0435221	0.0352297	0.0695666	0.0912413	0.0212158	0.01749	0.0133451	0.108676	0.0797921	0.11017	0.0024576	0.102768	0.00207965	0.147299	0.0264065	0.0167953	0.0258504	0.0492914	
0.0349501	0.0377435	0.102844	0.296515	0.0228811	0.0135779	0.0216913	0.102364	0.00765319	0.0106625	0.0423606	0.0327874	0.0630406	0.0244717	0.00482455	0.0503225	0.0485453	0.038111	0.0268811	0.0177717	
0.0279151	0.00173087	0.147118	0.101895	0.0608346	0.0178678	0.00653394	0.0193549	0.00966071	0.0180202	0.0261174	0.0925139	0.00451802	0.0933101	0.0137364	0.0563363	0.0833189	0.05676	0.0422264	0.120232	
0.00899818	0.0207786	0.0196347	0.0547314	0.122745	0.00926983	0.0298618	0.0236863	0.0136575	0.0111224	0.0267383	0.0246507	0.0119206	0.0445417	0.00713818	0.00962085	0.0265142	0.00634877	0.0943401	0.433701	
0.0531058	0.00569843	0.0423473	0.0737339	0.0333511	0.0559283	0.0653235	0.0485132	0.0945748	0.0255624	0.118639	0.0500372	0.0405169	0.0070513	0.033237	0.091713	0.00966737	0.0216134	0.0514503	0.0779358	
0.0659426	0.0110993	0.0450917	0.0440457	0.0539018	0.032904	0.0937956	0.066753	0.0655589	0.0633638	0.0463322	0.0278025	0.0371059	0.0761224	0.0353617	0.0406495	0.0745313	0.0346162	0.0282441	0.0567779	
0.0942352	0.030265	0.0067116	0.0136673	0.0586978	0.020468	0.0223922	0.0755589	0.0410994	0.143758	0.0470079	0.0156267	0.00549645	0.0287274	0.0113765	0.056158	0.0803171	0.163998	0.0264295	0.0580094	
0.114375	0.0121377	0.0269636	0.0506583	0.0586018	0.0149611	0.0475863	0.0195128	0.0573047	0.103775	0.0442817	0.0139102	0.000748368	0.0401233	0.0152154	0.0878763	0.0852752	0.0613417	0.0660941	0.0792579	
0.0492435	0.00371233	0.0277678	0.0100252	0.0789851	0.0480395	0.00658896	0.0547299	0.0179382	0.0140829	0.0407162	0.0905339	0.00831319	0.0626638	0.00817341	0.229023	0.0900584	0.0978315	0.0504247	0.0111486	
0.0542274	0.0146256	0.0363836	0.0887178	0.0390746	0.0629624	0.0203789	0.0220882	0.0302846	0.0264443	0.0764353	0.0394799	0.00932471	0.131183	0.0196135	0.0829261	0.0459803	0.0783955	0.047402	0.0740723	
0.0176356	0.0097646	0.0249569	0.0309757	0.178563	0.0112955	0.0179409	0.0156856	0.0328296	0.00896055	0.0358287	0.015591	0.0255148	0.020387	0.0039276	0.00599235	0.0140266	0.00964628	0.219848	0.300629	
0.0456579	0.0843384	0.0413653	0.0150257	0.0352527	0.0126203	0.0870175	0.0570577	0.0178503	0.0461159	0.0483336	0.0239848	0.0100108	0.0781697	0.0369029	0.0244316	0.104829	0.0893389	0.122198	0.0194991	
0.00864958	0.0444601	0.0202082	0.0330534	0.0342774	0.0276692	0.0252095	0.0226393	0.0638747	0.0258023	0.0519316	0.449785	0.0269948	0.0358989	0.00657894	0.00417112	0.0213422	0.03168	0.0431738	0.0226002	
0.0153371	0.0150717	0.0806519	0.0475738	0.0140944	0.0303934	0.0504123	0.021797	0.0619713	0.108734	0.0276373	0.0681971	0.00210813	0.0576582	0.0352975	0.157284	0.0454593	0.0944701	0.0216252	0.0442265	
0.0820638	0.0330993	0.0141398	0.0331972	0.100727	0.024953	0.0425118	0.0599321	0.123965	0.097772	0.0506711	0.0313826	0.0142589	0.0866466	0.0445421	0.0120628	0.00260233	0.120345	0.00300968	0.022118	
0.067399	0.00161319	0.0988822	0.047706	0.0386332	0.112557	0.0778228	0.0050263	0.0908529	0.0594928	0.0283902	0.0140083	0.0240043	0.0863457	0.102165	0.0608837	0.0665337	0.00719507	0.00281064	0.00767741	
0.0576059	0.0401724	0.00690799	0.0112498	0.0473057	0.0168953	0.055348	0.044358	0.124697	0.0707854	0.0151594	0.111953	0.00747039	0.0747483	0.118826	0.0557941	0.0305976	0.0658599	0.0114552	0.0328109	
0.0266699	0.0202197	0.116367	0.123348	0.0187293	0.00706025	0.0342875	0.0292016	0.0186811	0.0347453	0.0816751	0.0235917	0.102303	0.0312289	0.0355736	0.0924957	0.0836571	0.0611176	0.0510581	0.00798925	
0.0257338	0.0209631	0.0180016	0.0224461	0.0198981	0.017209	0.0553904	0.118882	0.0234644	0.029257	0.0375237	0.00591626	0.0130281	0.0219718	0.0044924	0.0112559	0.0411328	0.463346	0.0161724	0.0339153	
0.0775021	0.0229099	0.0276308	0.0469601	0.0313893	0.00884745	0.0430712	0.03006	0.0124747	0.393437	0.0312429	0.0349082	0.045892	0.0635267	0.0096289	0.0184114	0.0280788	0.0321912	0.0221204	0.0197168	
0.0152547	0.0259684	0.0400222	0.0143993	0.00602452	0.0103052	0.0220328	0.256229	0.0202349	0.15098	0.0165428	0.0323395	0.00877727	0.0263758	0.0225185	0.00608427	0.0116831	0.262137	0.0120142	0.0400763	
0.0241446	0.014584	0.0435157	0.00720107	0.0189829	0.00408885	0.00921927	0.262944	0.00543101	0.221082	0.109466	0.0279465	0.00692884	0.00919701	0.00629117	0.00649015	0.0151954	0.104718	0.00505298	0.0975214	
0.0210928	0.00686422	0.014164	0.03613	0.0794518	0.00810363	0.0601461	0.0334714	0.0243447	0.00680735	0.0285003	0.0604101	0.0195787	0.025795	0.00456184	0.00767392	0.0162726	0.0563504	0.32055	0.169731	
0.176609	0.0148158	0.015579	0.0125512	0.046602	0.302317	0.0393061	0.0444672	0.0459561	0.0226035	0.0144908	0.0789172	0.024142	0.0426272	0.0149658	0.0186252	0.00307418	0.00909825	0.0301413	0.0431114	
0.018706	0.0438189	0.0389494	0.0280519	0.041918	0.0127051	0.0154304	0.162572	0.0365266	0.105832	0.0213931	0.0275723	0.00983655	0.0347542	0.00194195	0.00589072	0.0183286	0.326637	0.0414156	0.00771961	
0.0436704	0.0231452	0.0296548	0.0589821	0.0738676	0.0143156	0.364288	0.0414844	0.00573197	0.0299738	0.0367894	0.0350117	0.00382319	0.0298937	0.0282352	0.0111348	0.0333794	0.0678209	0.0605658	0.00823254	
0.144143	0.0144596	0.0336943	0.0175204	0.102104	0.0226726	0.102782	0.0336736	0.00638155	0.0251926	0.0972239	0.0108224	0.00477874	0.116797	0.010672	0.114653	0.0220811	0.0387356	0.0130567	0.0685562	
0.0324757	0.0335876	0.0930066	0.0337869	0.0418221	0.0649764	0.0212651	0.0282708	0.0161903	0.0104211	0.0501101	0.0830789	0.302235	0.00345082	0.0189261	0.0155606	0.00809616	0.0763047	0.0353605	0.0310742	
0.0311524	0.0176212	0.0396103	0.154508	0.0836805	0.0189703	0.0631639	0.0144528	0.0461106	0.0165389	0.0343082	0.0374507	0.027139	0.0792641	0.0217691	0.195023	0.0153452	0.0409271	0.0282142	0.0347506	
0.0271548	0.0280225	0.0420503	0.0308539	0.0209325	0.12055	0.0830306	0.0349209	0.0645231	0.0369964	0.0560848	0.0260021	0.017184	0.0123094	0.0159714	0.217418	0.0996461	0.0316504	0.0132715	0.0214269	
0.125078	0.0138644	0.0897831	0.0577502	0.026681	0.0164246	0.0694517	0.0707825	0.0253071	0.160189	0.0297884	0.00416167	0.0193941	0.0634999	0.0199287	0.0648317	0.0453054	0.0336389	0.0208336	0.0433064	
