0.0384255	0.0374295	0.00568333	0.0765595	0.112579	0.00888351	0.0144934	0.0750493	0.0953156	0.112422	0.0214285	0.0195659	0.0206878	0.0454436	0.0456211	0.0356191	0.144198	0.0470981	0.00891156	0.0345853	
0.106527	0.0332692	0.0324982	0.00319294	0.0787624	0.0157778	0.025496	0.0157889	0.00712815	0.208474	0.0765616	0.0542681	0.0185464	0.0391499	0.0101367	0.088123	0.0373611	0.0502554	0.0176684	0.0810143	
0.0726169	0.0475348	0.0146147	0.0244479	0.0593538	0.0209374	0.0422022	0.0657909	0.0495442	0.0662633	0.0344381	0.026206	0.0345052	0.0588786	0.0789932	0.0429784	0.0408351	0.0588643	0.0834342	0.0775608	
0.172434	0.00640832	0.0201986	0.0411437	0.144141	0.0046483	0.0688123	0.0617949	0.0509991	0.160618	0.0296237	0.0453018	0.0120212	0.0552445	0.00908966	0.0262568	0.0147478	0.0216306	0.0122086	0.0426784	
0.0369696	0.0330841	0.00457657	0.00923926	0.121677	0.00874826	0.112472	0.122347	0.0128448	0.0539825	0.0667204	0.021655	0.00691175	0.0694637	0.00824703	0.0562405	0.028515	0.0123357	0.188928	0.0250401	
0.0431684	0.0508516	0.0138748	0.0353526	0.0250767	0.0211391	0.0310877	0.123119	0.0912131	0.0751969	0.098671	0.0622078	0.00142015	0.0211639	0.0781749	0.00412114	0.0305732	0.11311	0.0337102	0.0467684	
0.0566488	0.0481614	0.00636913	0.00992533	0.158171	0.0351149	0.0131455	0.0672447	0.0112907	0.230727	0.0212598	0.00780525	0.015305	0.0363219	0.0348424	0.0875212	0.0430318	0.0383202	0.0521097	0.0266848	
0.00297152	0.0621864	0.0108141	0.00859997	0.0641945	0.117785	0.00468657	0.0965172	0.00680165	0.109324	0.131034	0.0486986	0.0119846	0.0312055	0.014845	0.0074777	0.00833836	0.0478387	0.118021	0.0966755	
0.0866966	0.102418	0.0149413	0.0048913	0.200182	0.00322523	0.0169192	0.0657415	0.194641	0.0322574	0.0130005	0.0146723	0.00777956	0.0268902	0.024024	0.0840912	0.0422144	0.00864824	0.0166715	0.0400942	
0.0749757	0.0459321	0.0228323	0.0158679	0.107798	0.0159022	0.032217	0.0799047	0.0188607	0.137099	0.0377677	0.0447203	0.0112894	0.00798083	0.0161763	0.0562049	0.0552066	0.125654	0.0671065	0.0265048	
0.0478456	0.120582	0.0295066	0.00988183	0.0553284	0.123828	0.0255478	0.0208573	0.016846	0.0617986	0.0502407	0.019385	0.0152682	0.0314087	0.0353303	0.175521	0.00335383	0.121314	0.0212755	0.0148805	
0.072159	0.0290876	0.0221678	0.141912	0.0381207	0.0215788	0.0156918	0.091075	0.0108815	0.0137975	0.0391575	0.0236382	0.0161035	0.0468275	0.0599729	0.126576	0.0198359	0.173934	0.0275064	0.00997599	
0.125406	0.0525509	0.0370277	0.10652	0.0374437	0.027204	0.111092	0.0205217	0.0553328	0.0440868	0.0358764	0.0868813	0.0136107	0.0602183	0.0144567	0.0401644	0.0457234	0.00689464	0.038763	0.0402255	
0.0323703	0.127345	0.0247268	0.0272364	0.00560895	0.0105015	0.0161587	0.205497	0.0112971	0.00213772	0.0802024	0.019945	0.111675	0.0260371	0.00652715	0.0532892	0.106381	0.064269	0.0220242	0.0467704	
0.0826276	0.0276957	0.131602	0.0440594	0.01584	0.00816288	0.0811301	0.0173575	0.142655	0.0540761	0.0644819	0.00644912	0.00295408	0.0103683	0.051728	0.058954	0.0210969	0.0919969	0.0468984	0.0398663	
0.19551	0.0517083	0.0412572	0.00301678	0.0279314	0.0627452	0.111794	0.0582086	0.019741	0.019065	0.0412472	0.061012	0.00671994	0.0422168	0.0122666	0.138064	0.0208286	0.0299622	0.0545185	0.00218701	
0.0524598	0.0209647	0.279946	0.0684116	0.0244472	0.145809	0.00748115	0.0192697	0.0576932	0.011028	0.0335187	0.0520003	0.0123354	0.0506707	0.041991	0.0293815	0.0153159	0.0488124	0.00949745	0.0189658	
0.00221803	0.00142467	0.0106138	0.00927698	0.0140493	0.0187562	0.0160302	0.0713392	0.0412414	0.230703	0.0132288	0.0557379	0.00083103	0.179424	0.056963	0.0977714	0.0708011	0.0282564	0.013502	0.0678315	
0.0443382	0.0114878	0.0239958	0.0500743	0.0194811	0.00929715	0.00647241	0.259548	0.239751	0.0456152	0.067234	0.0268439	0.0112109	0.0646655	0.0123839	0.048381	0.00802587	0.0168613	0.0178779	0.0164553	
0.0315468	0.114774	0.332889	0.00647371	0.0073276	0.00365526	0.0150887	0.0209872	0.0267789	0.0337561	0.0454537	0.0206418	0.0614063	0.0224484	0.00673578	0.0263604	0.0533677	0.131681	0.0260792	0.0125487	
0.0430949	0.0163944	0.0929457	0.014332	0.00731861	0.00136197	0.0292078	0.249987	0.0164866	0.161223	0.0200373	0.0120603	0.00333422	0.00952874	0.0010138	0.0135118	0.0201721	0.110807	0.0397129	0.137469	
0.0242191	0.0188825	0.0122945	0.0187612	0.0250653	0.21659	0.0212265	0.0250407	0.069915	0.0486913	0.0509599	0.0306953	0.0649835	0.0258039	0.0232066	0.246217	0.0084945	0.0168479	0.0243261	0.0277792	
0.040118	0.0267114	0.00890198	0.0263361	0.0609744	0.00851433	0.0150996	0.0437019	0.0396948	0.03244	0.0648423	0.0101527	0.0177013	0.0246045	0.00692447	0.0180879	0.105245	0.115864	0.0695481	0.264537	
0.0376041	0.0490764	0.00444502	0.00465683	0.00719237	0.0475551	0.221399	0.0339506	0.0852699	0.0774482	0.0477148	0.00147276	0.00695254	0.0530079	0.00194382	0.0630542	0.0705671	0.0772344	0.0154797	0.0939753	
0.215775	0.112998	0.00164713	0.0117677	0.0128459	0.00199763	0.00960808	0.00375362	0.0218251	0.00724012	0.0108168	0.122428	0.017735	0.0486402	0.00725512	0.0650443	0.0196429	0.104835	0.0177114	0.186433	
0.0508356	0.0212152	0.0166912	0.0229004	0.052339	0.0161543	0.0220362	0.0318202	0.0720654	0.0155298	0.014454	0.49505	0.00573317	0.0138401	0.0688505	0.0239516	0.0171757	0.0068444	0.0185639	0.013949	
0.141093	0.0212779	0.0840143	0.0210471	0.0285014	0.038782	0.0145424	0.00587632	0.022385	0.0741365	0.0212957	0.357154	0.0082592	0.0115267	0.00233719	0.0405354	0.027407	0.0345039	0.0357109	0.00961427	
0.107893	0.0414449	0.0247284	0.105989	0.0308965	0.0265799	0.0507408	0.0176106	0.0336152	0.0150979	0.0968013	0.0243149	0.00534084	0.0374837	0.0174438	0.220085	0.0607331	0.0500895	0.00276668	0.0303453	
0.00488722	0.0332303	0.0311936	0.056562	0.0358761	0.0786746	0.0330983	0.0183677	0.0220371	0.0108541	0.014858	0.12602	0.0215484	0.0314761	0.0108828	0.0606753	0.323688	0.0144813	0.0491936	0.0223951	
0.0222983	0.0385054	0.15957	0.0600913	0.0366942	0.016895	0.0696677	0.0268964	0.0348477	0.00726639	0.0378216	0.0337316	0.00372375	0.205238	0.00781558	0.0115203	0.113608	0.0584022	0.0303388	0.0250676	
0.0191092	0.0245841	0.0027172	0.0899622	0.01422	0.0276006	0.0252319	0.0141779	0.0292048	0.137744	0.0230781	0.019556	0.0124485	0.0615931	0.0582002	0.0769693	0.324985	0.0169983	0.0103833	0.0112364	
0.0128474	0.0409546	0.0456594	0.00842289	0.00792917	0.00974517	0.0119736	0.225136	0.0545307	0.135142	0.0242472	0.0111217	0.00558152	0.0268723	0.0132098	0.011839	0.0223555	0.273522	0.0275925	0.0313173	
0.0169577	0.00952819	0.408226	0.0597566	0.0453192	0.0141656	0.0101942	0.0275697	0.0136123	0.0221294	0.0597858	0.0823666	0.0214002	0.0359777	0.012668	0.016718	0.0676437	0.0184502	0.017404	0.0401266	
0.0163349	0.0167776	0.0153579	0.0400743	0.0250496	0.0176326	0.0674546	0.0168375	0.00713527	0.0103448	0.0118938	0.0487689	0.0067476	0.0284214	0.0148925	0.131042	0.440393	0.0242619	0.0223035	0.0382763	
0.0476585	0.0870594	0.00821441	0.0339177	0.0799894	0.0298227	0.0152256	0.208895	0.0145035	0.0294084	0.141838	0.0254378	0.0245521	0.0699215	0.0111961	0.0092988	0.0739827	0.0119204	0.0165352	0.0606223	
0.071198	0.0252159	0.150487	0.0335	0.0394458	0.0141984	0.00759048	0.0264239	0.0225553	0.126241	0.0149185	0.0325152	0.0163046	0.0268279	0.0853347	0.146152	0.097026	0.00622488	0.0370391	0.0208014	
0.0382479	0.0129161	0.0102078	0.260863	0.0330876	0.0463755	0.0400808	0.0641875	0.0298049	0.00784837	0.0288875	0.031526	0.00282382	0.042168	0.0594479	0.111754	0.035085	0.0176421	0.0772832	0.0497629	
0.0279512	0.0256298	0.0138315	0.0343564	0.0125021	0.0826568	0.0264875	0.00873795	0.253555	0.0189396	0.0982487	0.0303834	0.0206326	0.0111945	0.200649	0.0114971	0.0383711	0.0199125	0.0133583	0.0511057	
0.0635754	0.0256727	0.0179761	0.0395717	0.0255623	0.0467774	0.0509954	0.00612631	0.0876745	0.0196571	0.0166063	0.37631	0.011998	0.0347164	0.0544028	0.042577	0.00377731	0.0371865	0.02501	0.0138267	
0.0264259	0.0577078	0.0240857	0.0206055	0.0229164	0.0126265	0.0214456	0.0924815	0.0217838	0.0301781	0.0548495	0.0203318	0.00555913	0.042939	0.0116206	0.00978231	0.0290319	0.432799	0.0355026	0.0273275	
0.114631	0.0658838	0.0237335	0.00864355	0.0454129	0.0933344	0.0159227	0.0115238	0.0863827	0.0062815	0.0232668	0.0103032	0.121911	0.013546	0.0735562	0.00225105	0.0320861	0.123378	0.0588162	0.0691358	
0.0708201	0.0558119	0.0270755	0.0458903	0.021189	0.0314	0.03932	0.0674662	0.0582366	0.00177337	0.103872	0.0428902	0.018265	0.097673	0.0304435	0.0243696	0.0385907	0.189174	0.0245183	0.0112206	
0.0152043	0.0132564	0.0824335	0.0525302	0.0898011	0.013266	0.052892	0.00945358	0.0481753	0.0435153	0.0282165	0.0230088	0.00125101	0.0595826	0.0146256	0.0182162	0.278813	0.0512423	0.0234092	0.0811067	
0.0862566	0.0229706	0.035531	0.0129738	0.060581	0.0104575	0.340477	0.0106517	0.0153234	0.0336018	0.0620998	0.0287322	0.00599649	0.0534548	0.00932558	0.0996833	0.0186611	0.0172442	0.0533143	0.0226634	
0.143467	0.010535	0.0134436	0.0160607	0.0491505	0.0152924	0.110433	0.0152559	0.0525077	0.0695673	0.0313572	0.0531932	0.00522569	0.016674	0.00594867	0.290993	0.0172786	0.0164995	0.0534271	0.0136892	
0.036387	0.0305588	0.00194503	0.0106927	0.0797692	0.0224506	0.0291559	0.107538	0.0231776	0.0870318	0.0379961	0.00848519	0.0108625	0.0802923	0.050405	0.0136502	0.0373046	0.211289	0.0328521	0.0881572	
0.00981053	0.00388019	0.0525456	0.114135	0.013855	0.00577442	0.0156252	0.0111912	0.0222069	0.0343474	0.042485	0.315721	0.0154228	0.0170612	0.0426613	0.0892256	0.10688	0.0494769	0.0237152	0.0139797	
0.0220361	0.0235243	0.045304	0.0430173	0.0305795	0.0171236	0.0227167	0.077476	0.0176576	0.371233	0.0304178	0.0266187	0.0609996	0.0278368	0.0201697	0.0201409	0.0390978	0.0182155	0.0450156	0.0408199	
0.0422192	0.0344352	0.0250859	0.0234648	0.0217351	0.00582029	0.0326036	0.060536	0.00500477	0.530964	0.0295733	0.0274792	0.0129036	0.0484281	0.00748238	0.0231027	0.0156796	0.0243125	0.0087813	0.0203881	
0.157923	0.0403121	0.0327579	0.0433505	0.0897638	0.00581608	0.0223175	0.0338884	0.0258078	0.0540925	0.00834607	0.0315825	0.00676704	0.00704921	0.0512115	0.0156284	0.154954	0.146422	0.0181213	0.0538886	
0.0993157	0.0147773	0.122159	0.0349137	0.00653169	0.066539	0.0299848	0.0471488	0.0380752	0.0369785	0.0537624	0.0326617	0.00784317	0.0821513	0.014254	0.0936826	0.10043	0.067353	0.0328729	0.0185653	
0.0706134	0.00488971	0.0107628	0.180987	0.0807262	0.101196	0.0247261	0.0280177	0.0279695	0.0212709	0.0790761	0.0343853	0.000659179	0.0484857	0.0792481	0.0740452	0.0158742	0.0403295	0.0333475	0.0433895	
0.0300757	0.0410277	0.0635514	0.0349211	0.0174273	0.0252145	0.161773	0.0559903	0.0428891	0.00572896	0.0904197	0.0225328	0.0426295	0.0540498	0.0743068	0.0294484	0.11946	0.0303277	0.0334865	0.0247397	
0.00378509	0.0103196	0.130858	0.038687	0.168894	0.0469832	0.0215465	0.0141704	0.0430855	0.0103477	0.0423789	0.160813	0.0220469	0.0324462	0.0130857	0.117432	0.0726343	0.0142198	0.0216639	0.0146024	
0.016747	0.024453	0.0284746	0.0416567	0.0159523	0.45897	0.0204827	0.0491465	0.00971556	0.00514588	0.127826	0.0252805	0.00867025	0.0139863	0.0422055	0.0223961	0.0390425	0.0132491	0.00504599	0.0315533	
0.0908403	0.0309227	0.0149085	0.00780462	0.2205	0.0364215	0.0401532	0.0109538	0.0847811	0.0751439	0.0546145	0.0766314	0.0207308	0.0349734	0.0906813	0.0106187	0.00844821	0.07056	0.00556231	0.0147498	
0.0143363	0.0156008	0.0308417	0.0467095	0.0484268	0.01367	0.0300697	0.0591201	0.0122384	0.315806	0.0453085	0.0324181	0.0331427	0.0253453	0.0427598	0.0291938	0.0242531	0.0180457	0.066307	0.0964069	
0.0125441	0.514948	0.0134766	0.0352	0.0198774	0.0215784	0.0248884	0.0293144	0.0325635	0.0278254	0.0423332	0.0232771	0.0203431	0.0366992	0.0118209	0.0136192	0.0212006	0.0375789	0.0263794	0.0345324	
0.0681074	0.00972626	0.0180175	0.00830382	0.0457007	0.00479054	0.0947196	0.00597189	0.0707257	0.0750643	0.0674295	0.0745794	0.0038755	0.0265072	0.176738	0.0974349	0.0407154	0.00701983	0.00754849	0.0970239	
0.00508757	0.0163692	0.0139782	0.0574606	0.0178408	0.0268639	0.0176948	0.164751	0.0098717	0.322935	0.0274523	0.0195413	0.0122754	0.00932672	0.00732384	0.00143008	0.00566677	0.0878272	0.105496	0.0708083	
0.0232231	0.00635117	0.0655829	0.110141	0.0109734	0.0729058	0.174617	0.00495027	0.11274	0.0179871	0.0373151	0.127386	0.00387741	0.0546663	0.0284878	0.0169086	0.00339646	0.00914109	0.042186	0.077164	
0.00909365	0.00439454	0.0831548	0.036824	0.0394942	0.24662	0.201588	0.00813869	0.042081	0.00318545	0.0335628	0.0755563	0.00660699	0.0444156	0.024699	0.0447354	0.0279462	0.00893324	0.0252556	0.0337145	
0.0375453	0.0450225	0.0224909	0.0373304	0.0166966	0.0202599	0.0321607	0.136196	0.0938788	0.0619619	0.0744601	0.0761187	0.0011243	0.0489055	0.0824982	0.00509776	0.0302537	0.127737	0.0229805	0.0272816	
0.110604	0.0113947	0.0189373	0.139008	0.0718712	0.0374249	0.0983506	0.00997081	0.0440953	0.041158	0.0889319	0.0483811	0.0515052	0.0394256	0.0314951	0.0284902	0.0297557	0.0179461	0.0536041	0.0276512	
0.163522	0.0575843	0.0209082	0.0165672	0.0348149	0.061156	0.0231893	0.00644032	0.0577383	0.00945571	0.0513756	0.0101975	0.383183	0.00421958	0.00744525	0.0117523	0.00439081	0.0179829	0.0211279	0.0369491	
0.00540447	0.0205681	0.051143	0.028697	0.0221818	0.0144545	0.059991	0.113385	0.018046	0.357955	0.0227955	0.0238176	0.013969	0.0217773	0.0120134	0.0058404	0.0181929	0.077799	0.0647989	0.0471695	
0.0164678	0.00356217	0.0778792	0.0641589	0.0431259	0.0119937	0.0140461	0.0935945	0.035291	0.0991858	0.0969676	0.0103856	0.0393536	0.0848821	0.067428	0.0303189	0.0383007	0.102367	0.0196838	0.0510079	
0.0174047	0.00377023	0.047671	0.0418133	0.00528158	0.00712261	0.013356	0.0573138	0.0577936	0.475595	0.0319489	0.0243547	0.00689526	0.0128527	0.0356924	0.0266799	0.0268462	0.0308753	0.0321161	0.0446163	
0.0292939	0.00723139	0.0511975	0.0251091	0.0578222	0.149761	0.115188	0.00538283	0.0495125	0.0795867	0.052947	0.0529179	0.0668489	0.0824651	0.0921972	0.0221558	0.0257966	0.00599137	0.0169575	0.0116373	
0.0252285	0.0135201	0.0364464	0.0548283	0.0127649	0.105747	0.0118593	0.0628681	0.0419439	0.0417586	0.0134352	0.0804517	0.108607	0.0909902	0.047129	0.0453104	0.159697	0.0263805	0.00791141	0.0131223	
0.0127346	0.502786	0.0134685	0.0348721	0.020987	0.0211355	0.0259048	0.0335561	0.0330069	0.0280588	0.0430787	0.0226526	0.0195679	0.0372123	0.0119883	0.0132229	0.0240659	0.0433686	0.0255377	0.0327953	
0.0319212	0.0304508	0.0732823	0.0414767	0.0248588	0.0465277	0.0207077	0.00488289	0.00933136	0.0111266	0.0787556	0.131408	0.00670366	0.0204345	0.0248149	0.269159	0.134462	0.00673811	0.0151482	0.01781	
0.00786629	0.0115946	0.00903825	0.00352323	0.0762054	0.00790585	0.0126005	0.334161	0.00731055	0.105358	0.114117	0.0338942	0.0470881	0.00995934	0.00142039	0.00308142	0.0204872	0.156622	0.0142213	0.0235462	
0.0298735	0.0635918	0.00431299	0.00986715	0.0226967	0.00656831	0.0362242	0.152502	0.038561	0.104869	0.0334466	0.0198049	0.0425643	0.0292512	0.020885	0.0255732	0.114628	0.144667	0.0200149	0.0800979	
0.105412	0.0182962	0.0250843	0.0248022	0.0127589	0.405195	0.0321877	0.00992624	0.0632627	0.0307706	0.0581013	0.0523287	0.0125009	0.0247365	0.0130916	0.0431999	0.0197761	0.0133242	0.0209819	0.014263	
0.0396129	0.0174214	0.0163025	0.0521446	0.0309207	0.00478755	0.0485019	0.0432852	0.0589527	0.0118356	0.0236397	0.0875229	0.0145121	0.0251861	0.00460905	0.00765319	0.0320681	0.11305	0.310974	0.05702	
0.0344756	0.00387007	0.0478197	0.0159303	0.0234943	0.0194372	0.0506645	0.00472821	0.0363957	0.308557	0.0177687	0.0388294	0.0180225	0.01739	0.0219057	0.228542	0.0134539	0.0622576	0.0319483	0.00450867	
0.026092	0.0268358	0.0597677	0.0571097	0.0181773	0.0201152	0.00644564	0.108896	0.0193189	0.318989	0.0212599	0.0327967	0.110244	0.0103763	0.012696	0.0160993	0.0698852	0.0238386	0.0266593	0.0143968	
0.0589493	0.0176406	0.0285909	0.0405906	0.014624	0.558171	0.0202024	0.0173047	0.0228123	0.00998196	0.0433484	0.0477793	0.0125363	0.0115424	0.0198028	0.0169062	0.0103645	0.0154178	0.0197606	0.0136737	
0.0151258	0.0273024	0.0147272	0.0148136	0.0179912	0.00587805	0.10367	0.0177878	0.029399	0.00897468	0.038366	0.467439	0.00934938	0.0109266	0.0061437	0.0472586	0.0436045	0.0709149	0.0420952	0.0082316	
0.018554	0.0142735	0.0337351	0.0671542	0.0166878	0.0391187	0.127449	0.0254367	0.0168611	0.0213512	0.101208	0.0129404	0.379403	0.00625188	0.0115547	0.00645253	0.0240814	0.0310628	0.0252631	0.021161	
0.163627	0.0130968	0.040643	0.172549	0.0400903	0.0549014	0.0227553	0.022018	0.00509342	0.0697894	0.0964774	0.105246	0.010838	0.00697482	0.00817805	0.048983	0.0552719	0.0389749	0.00505832	0.019434	
0.066623	0.384744	0.0180076	0.0465827	0.0104856	0.00604117	0.0198393	0.0270388	0.0318022	0.00774249	0.0758278	0.0249502	0.00354326	0.062072	0.0442575	0.0151468	0.0468548	0.0765553	0.028539	0.00334658	
0.011381	0.0257126	0.252607	0.119611	0.0571012	0.0131628	0.0120721	0.0214089	0.00521965	0.10097	0.16999	0.00143266	0.00966387	0.0581694	0.0164409	0.00793464	0.01923	0.00877577	0.0806888	0.0084274	
0.0691273	0.00964597	0.0930272	0.0479799	0.0731926	0.0396724	0.0483438	0.108935	0.0368518	0.0630137	0.0177069	0.0195867	0.0301588	0.0314927	0.0428093	0.0824262	0.0498273	0.0597971	0.0244403	0.0519649	
0.0413548	0.0323471	0.0266655	0.0240195	0.0210591	0.00493835	0.0338585	0.0650808	0.00516458	0.534813	0.0303107	0.0285679	0.011844	0.0480643	0.00700916	0.0205569	0.0153177	0.0221146	0.00762397	0.0192896	
0.0362257	0.0119177	0.0145332	0.0882955	0.020632	0.0234207	0.0256065	0.064196	0.0530973	0.127014	0.184632	0.0191373	0.0125727	0.0553876	0.00697897	0.0299459	0.0220625	0.0225008	0.159128	0.0227152	
0.061997	0.00441573	0.0678326	0.0780983	0.0456751	0.0663396	0.0222104	0.0916203	0.0216814	0.12593	0.0178855	0.0319154	0.10098	0.01583	0.0438395	0.0622843	0.0495232	0.0227601	0.00803444	0.0611467	
0.0622218	0.0206196	0.0386436	0.0251436	0.0791219	0.0444809	0.0525693	0.0726906	0.013677	0.0759187	0.0588682	0.0235181	0.0281958	0.0181344	0.0265374	0.0459156	0.123136	0.0603599	0.0310454	0.0992019	
0.0593221	0.0234065	0.0345057	0.0845504	0.0196448	0.0243139	0.111664	0.0518107	0.0120472	0.0764373	0.0168237	0.0479946	0.0107081	0.0542498	0.114941	0.0398934	0.0316492	0.086166	0.0202422	0.0796296	
0.0295512	0.00747897	0.029974	0.0729468	0.0929653	0.0612154	0.0193367	0.0639896	0.0607167	0.0461169	0.19309	0.00956215	0.0312281	0.0407206	0.0294196	0.0750826	0.0582845	0.02253	0.00464652	0.051144	
0.0109552	0.121821	0.063005	0.0254481	0.173597	0.0193085	0.0257599	0.00627185	0.0354088	0.0429505	0.0460895	0.0681283	0.020266	0.045819	0.00339411	0.0145742	0.0457087	0.00377183	0.225524	0.00219902	
0.0735865	0.010768	0.0481946	0.051136	0.021597	0.113133	0.0262105	0.00488942	0.046253	0.00670077	0.111106	0.00420425	0.0163481	0.0822021	0.00788898	0.273271	0.0111563	0.015175	0.0631585	0.0130205	
0.0142672	0.00555927	0.0117187	0.0144128	0.00612359	0.0572735	0.0324931	0.0280364	0.0704399	0.0283646	0.0785334	0.0086132	0.0152237	0.0113341	0.0231435	0.0141155	0.0189942	0.0222421	0.0228163	0.516295	
0.0325401	0.056545	0.0143461	0.00504882	0.0247791	0.00669218	0.0197258	0.419649	0.0115331	0.0694578	0.042809	0.00344855	0.00504533	0.0157526	0.00572088	0.0241522	0.0253295	0.157883	0.0345304	0.0250114	
0.0255178	0.0487604	0.0348739	0.0208193	0.0169171	0.0146211	0.0336254	0.114668	0.0282071	0.0301465	0.0414212	0.0237036	0.00584043	0.0746756	0.00892674	0.0105594	0.0450075	0.353845	0.042677	0.0251873	
0.0157263	0.00527073	0.0145128	0.381246	0.0675541	0.0403668	0.0120202	0.114063	0.00830318	0.0390045	0.0304339	0.00419266	0.00267562	0.0682152	0.03005	0.021786	0.0417463	0.0729792	0.0100087	0.0198451	
0.0829394	0.019796	0.0543229	0.0936143	0.0354902	0.034835	0.0426357	0.0130452	0.054826	0.0348054	0.0176901	0.00968674	0.0262312	0.175939	0.11053	0.0539845	0.0842821	0.0354739	0.0128067	0.00706548	
0.0919644	0.00601782	0.0100182	0.0425089	0.0590699	0.0797485	0.103002	0.074002	0.0468859	0.0477509	0.0361924	0.0348344	0.076403	0.0220276	0.0514572	0.0136611	0.0225909	0.0704197	0.0289037	0.0825412	
0.0505762	0.0199211	0.219882	0.0099761	0.11653	0.111942	0.0144371	0.026487	0.0272854	0.111896	0.0155636	0.112421	0.00651648	0.00531248	0.0463408	0.0409699	0.0346944	0.0117947	0.00464402	0.0128096	
0.0720923	0.0221029	0.00695529	0.0244416	0.00559659	0.0952123	0.0284393	0.0309149	0.0199252	0.00698051	0.0863212	0.0266741	0.0713087	0.097053	0.0216208	0.102813	0.121798	0.145728	0.0101215	0.00390161	
0.0599406	0.00190699	0.011006	0.149021	0.00375923	0.0328328	0.0642247	0.0818177	0.0137097	0.0454712	0.0748822	0.113013	0.0891873	0.0310953	0.0206183	0.0620867	0.0146271	0.0658563	0.0186745	0.0462695	
0.0399842	0.0531713	0.00781955	0.101154	0.0911564	0.0245449	0.126928	0.0118645	0.04608	0.0392393	0.0171928	0.10298	0.00281599	0.0228168	0.0208508	0.0504407	0.0232061	0.0450392	0.125097	0.0476193	
0.0769789	0.0147927	0.0373267	0.0507372	0.00871942	0.559432	0.0156494	0.016076	0.0293763	0.0108338	0.0341809	0.0251202	0.0138201	0.00922331	0.0208045	0.0249127	0.0109921	0.0135392	0.0167583	0.0107263	
0.112831	0.0479449	0.0150421	0.0995775	0.0282531	0.0208492	0.0368726	0.0125478	0.0103275	0.128698	0.0142913	0.0340682	0.156257	0.0148554	0.00442984	0.0177682	0.00798886	0.19252	0.0289898	0.0158878	
0.0547042	0.291547	0.0600205	0.0140547	0.0195353	0.0178385	0.0232307	0.0381206	0.0144876	0.0251618	0.107472	0.0493933	0.0144957	0.00981104	0.0246983	0.0285119	0.0222927	0.0202544	0.0939992	0.070371	
0.0565895	0.0175528	0.0167669	0.0300537	0.132783	0.0513318	0.0252635	0.110164	0.021849	0.0329427	0.132638	0.0257783	0.0155173	0.0113674	0.0172659	0.0193685	0.054114	0.0627759	0.0397148	0.126162	
0.013968	0.0270788	0.0151275	0.0410659	0.0138576	0.0135607	0.0231591	0.0259408	0.0223676	0.0368225	0.0225411	0.0238883	0.513443	0.0153689	0.0229061	0.0258923	0.00980329	0.062506	0.0309932	0.0397092	
0.0503068	0.0203385	0.0262929	0.0378966	0.0160728	0.535019	0.0225351	0.0187343	0.0235959	0.0101635	0.0532819	0.0647275	0.0120395	0.0144735	0.0189825	0.0150591	0.0102392	0.0150156	0.0213897	0.0138362	
0.0856342	0.00570544	0.126776	0.093356	0.0300488	0.0450415	0.0129297	0.0909035	0.0294958	0.155982	0.0406421	0.0125166	0.0440492	0.0165854	0.0280022	0.0272657	0.0507962	0.0183511	0.0445804	0.0413389	
0.00635824	0.0249045	0.0226576	0.0267333	0.0621827	0.024864	0.0227243	0.134212	0.0109775	0.293628	0.0845364	0.0261809	0.00166446	0.0115602	0.00455558	0.0175481	0.0824971	0.0558788	0.0611452	0.0251909	
0.109999	0.0154346	0.0510147	0.0235084	0.0579023	0.00714531	0.0659892	0.0789658	0.0475068	0.071446	0.0842458	0.0387343	0.0020455	0.0303394	0.0272399	0.141711	0.121443	0.00203703	0.0118867	0.011405	
0.115217	0.00569784	0.225132	0.044485	0.0303066	0.0307851	0.0609814	0.00456518	0.00112839	0.0754396	0.0660388	0.0789347	0.0108818	0.0191785	0.0158039	0.130757	0.0113007	0.00344757	0.0430122	0.0269072	
0.085276	0.0126242	0.0151548	0.0223623	0.0279233	0.0653146	0.0134288	0.168239	0.00643322	0.0933141	0.0409943	0.0250207	0.0250132	0.0373689	0.0210892	0.167433	0.0650722	0.0172993	0.0159575	0.0746811	
0.0980193	0.0297449	0.0155529	0.231517	0.0422644	0.0481142	0.0379547	0.0439525	0.00694259	0.00518818	0.0365005	0.0187559	0.122678	0.0873135	0.0101864	0.0439229	0.00857021	0.019857	0.0319132	0.0610521	
0.0236231	0.00671746	0.0300818	0.373016	0.0599252	0.0155489	0.0101861	0.0210063	0.0641814	0.0100744	0.0707672	0.0501084	0.0147251	0.0265826	0.0162161	0.0311909	0.114336	0.00568647	0.0335262	0.0224999	
0.0413842	0.0322486	0.0266419	0.0240639	0.0210942	0.00492064	0.0337899	0.0650301	0.00517414	0.534941	0.0302472	0.0284801	0.0120383	0.0480912	0.00703162	0.0205531	0.0153299	0.0221428	0.00771213	0.0190851	
0.0124164	0.0227456	0.00479386	0.028389	0.0472923	0.00773732	0.110085	0.0323501	0.0632974	0.0151666	0.0303948	0.0247857	0.0144077	0.0282741	0.327429	0.0147842	0.033225	0.0478902	0.014733	0.119803	
0.0272474	0.0382089	0.020221	0.322922	0.0292823	0.016686	0.0176364	0.0186589	0.0584168	0.0156051	0.0681548	0.107125	0.00935432	0.0173698	0.0330894	0.0743385	0.0125345	0.0172205	0.0386543	0.0572739	
0.0239073	0.0310876	0.0147687	0.0130813	0.0263692	0.0131622	0.0755068	0.0350702	0.0158239	0.0309773	0.072087	0.0496719	0.00677504	0.305182	0.0591204	0.0234129	0.0767852	0.03115	0.0537549	0.0423061	
0.0211741	0.0640237	0.0238685	0.00962979	0.0252371	0.0111911	0.0132107	0.290308	0.00960756	0.350239	0.0362651	0.0117406	0.00647639	0.0392317	0.00932397	0.0121295	0.0108379	0.0339174	0.0122523	0.00933639	
0.0396082	0.0515048	0.0309104	0.0699898	0.0922282	0.140273	0.0350363	0.0223788	0.0213005	0.0224304	0.0513314	0.0708464	0.00898279	0.0874498	0.0149091	0.0718778	0.0915195	0.0331844	0.0236956	0.020543	
0.168261	0.00805949	0.0515875	0.103552	0.0479197	0.0626381	0.0289118	0.0724499	0.00220733	0.0248855	0.0895809	0.0115761	0.00693587	0.0238054	0.0498018	0.119968	0.00948657	0.0480392	0.00605072	0.0642826	
0.0405169	0.0550231	0.00927954	0.0047021	0.0212699	0.0073035	0.0223706	0.394587	0.0241145	0.0648822	0.0550659	0.00335815	0.0033367	0.0169279	0.00422399	0.0233175	0.0223586	0.165109	0.0336063	0.0286471	
0.0333975	0.0023313	0.0990038	0.0401045	0.0203316	0.00445644	0.0134593	0.135621	0.0135375	0.153631	0.0421126	0.0436871	0.00220113	0.0253142	0.0894576	0.0620888	0.0749085	0.0444688	0.00808099	0.0918066	
0.0713277	0.0189225	0.111439	0.0626822	0.071904	0.051419	0.00931897	0.0361896	0.074526	0.0106807	0.0104767	0.0172496	0.00256772	0.185647	0.0499945	0.0469941	0.0306247	0.0786621	0.0113386	0.0480354	
0.250538	0.014572	0.00869464	0.00351871	0.0586705	0.0363591	0.0498442	0.019911	0.0248022	0.138281	0.0718942	0.00135577	0.00395085	0.0357388	0.00301052	0.0519665	0.0574152	0.0479091	0.0455101	0.0760567	
0.00767552	0.0188876	0.0597981	0.241304	0.0342602	0.00329462	0.0402604	0.0441776	0.0116135	0.00756921	0.103251	0.0591867	0.0307123	0.0122329	0.0197686	0.0807049	0.034927	0.0257577	0.0561528	0.108465	
0.0140366	0.0219861	0.0147699	0.0305126	0.0384904	0.0100599	0.0949428	0.0282932	0.074977	0.0168003	0.0359602	0.0262844	0.0157824	0.0293471	0.35927	0.015629	0.0241371	0.0411174	0.0129357	0.0946685	
0.0168173	0.0169951	0.0222195	0.017025	0.321266	0.0284913	0.0298208	0.0803313	0.0412766	0.0117951	0.0388946	0.0198761	0.0167679	0.0349674	0.0431038	0.0100413	0.0153929	0.0402044	0.034992	0.159722	
0.0303122	0.0193075	0.0754507	0.289145	0.00615245	0.0103724	0.0213334	0.0770593	0.0173676	0.0338843	0.0126263	0.0844872	0.0962039	0.0589999	0.0157949	0.0447783	0.0277507	0.0564557	0.0150021	0.00751599	
0.0416527	0.0368741	0.028589	0.0179569	0.090428	0.022289	0.0186081	0.278384	0.0124877	0.17105	0.100229	0.0312715	0.00478624	0.0361212	0.0156639	0.00559709	0.0112888	0.0300509	0.024067	0.0226049	
0.0211031	0.0226862	0.0369226	0.0275412	0.153759	0.0399617	0.0346625	0.0195401	0.0367548	0.0198741	0.181037	0.0385349	0.0173183	0.0355759	0.0181159	0.0297398	0.00947958	0.0120126	0.0941777	0.151203	
0.019124	0.00963817	0.162578	0.0538005	0.0229905	0.0331413	0.0144646	0.0244521	0.092511	0.0177036	0.0058481	0.0471559	0.171486	0.0250854	0.0485116	0.0913777	0.0384006	0.0395646	0.0191014	0.0630658	
0.0614269	0.0137657	0.064742	0.0423854	0.0504081	0.0819586	0.0412384	0.0147452	0.106522	0.0499546	0.00703713	0.0197911	0.0371981	0.0311538	0.0301026	0.0404652	0.0623365	0.0845083	0.071133	0.0891279	
0.163932	0.0129168	0.0408357	0.172994	0.0401732	0.0548619	0.0226525	0.0219687	0.00509324	0.0693928	0.0961899	0.105419	0.0109013	0.0069287	0.00813596	0.0491054	0.0553436	0.0390272	0.00510151	0.0190261	
0.021555	0.00151556	0.00471443	0.0683245	0.0099482	0.162596	0.0291369	0.0527693	0.0301071	0.066756	0.0779766	0.231543	0.00913392	0.0343564	0.0265977	0.0427153	0.0217176	0.0282768	0.0494468	0.0308129	
0.254801	0.0260718	0.00903437	0.0120025	0.0393127	0.0421648	0.0577441	0.0453777	0.0284916	0.010713	0.0439216	0.0350531	0.000834248	0.0705792	0.0328248	0.0801262	0.0967807	0.0749145	0.0282749	0.0109774	
0.00772941	0.0151744	0.00963567	0.0242836	0.232453	0.0129771	0.061604	0.00532513	0.0378366	0.0196521	0.0674514	0.00915725	0.00345505	0.0105761	0.00471638	0.0066413	0.0145728	0.0137162	0.340194	0.102849	
0.00943568	0.0947731	0.0178214	0.0595233	0.00829535	0.0439227	0.0118986	0.0944121	0.0102078	0.0410476	0.0625249	0.0661304	0.0847873	0.110162	0.0863808	0.0586003	0.021749	0.0574492	0.0278329	0.0330452	
0.0111684	0.0375345	0.0419932	0.0312878	0.0184421	0.0283499	0.028309	0.101614	0.028877	0.016248	0.0403492	0.321185	0.0381848	0.0678686	0.0229708	0.0308257	0.021203	0.0145861	0.0547049	0.0442985	
0.0278967	0.0170498	0.0150447	0.0147709	0.058213	0.00579855	0.126891	0.0188385	0.0120709	0.0258609	0.02356	0.058128	0.00664263	0.0317858	0.0160295	0.0991834	0.190919	0.0426281	0.0493884	0.1593	
0.0215645	0.0110493	0.10521	0.0205187	0.0428989	0.212673	0.0466673	0.00997857	0.0938341	0.0420565	0.0353336	0.00432523	0.00550617	0.0101824	0.00559853	0.0455502	0.209039	0.00330383	0.0302558	0.0444541	
0.0609734	0.0306689	0.157837	0.236575	0.0430934	0.0309218	0.0236702	0.0173147	0.00351105	0.0249682	0.0416704	0.0506912	0.00635962	0.0175115	0.0179103	0.0967361	0.0234066	0.0360629	0.0555722	0.0245456	
0.0993315	0.0116448	0.0467033	0.031278	0.0660172	0.0605345	0.0469028	0.0329657	0.0171581	0.00255052	0.0624944	0.0961492	0.0156766	0.194429	0.0275307	0.0208395	0.0218544	0.0202241	0.0204545	0.105261	
0.0601294	0.0157579	0.0315246	0.0419802	0.0136685	0.550975	0.0219456	0.0194527	0.0228942	0.012144	0.0415229	0.0417582	0.0127286	0.0142567	0.0201922	0.0187836	0.0116417	0.0155633	0.0194515	0.0136295	
0.047345	0.00569551	0.044834	0.0192331	0.023118	0.00956673	0.0872644	0.0880396	0.107119	0.00819708	0.0482037	0.0532132	0.0022829	0.0263475	0.0650381	0.0771656	0.0945967	0.117731	0.0234993	0.0515097	
0.00664378	0.0133059	0.0606411	0.0273396	0.00653293	0.0410177	0.0279888	0.0212527	0.00779586	0.0107681	0.0184106	0.00903894	0.00413748	0.0373363	0.00805632	0.383328	0.179005	0.0598151	0.0681396	0.00944608	
0.343517	0.0188755	0.00990302	0.0310262	0.0369793	0.0189044	0.0736119	0.0134576	0.0498007	0.0292404	0.0295048	0.0206861	0.00585434	0.0315519	0.00987292	0.168773	0.0170739	0.0140841	0.0431769	0.0341056	
0.200506	0.0253786	0.0152754	0.0261845	0.0088367	0.0120031	0.0282782	0.0120701	0.0169189	0.098809	0.0488291	0.0335748	0.00634791	0.031523	0.00618781	0.292701	0.0633096	0.0390519	0.00426212	0.0299515	
0.0142927	0.341285	0.0574289	0.0216268	0.0138062	0.0365738	0.0416565	0.0212161	0.0302235	0.0411598	0.0352043	0.0111171	0.00922909	0.0474633	0.0588351	0.0617309	0.0176927	0.0313866	0.0115409	0.0965307	
0.0256683	0.00949695	0.0434402	0.0624921	0.0130518	0.0893715	0.0122792	0.0702049	0.0336791	0.0448854	0.0156301	0.0846616	0.104143	0.0968897	0.0488281	0.0457003	0.151828	0.0338771	0.00801411	0.00585791	
0.116898	0.0632613	0.0607492	0.0390707	0.0322942	0.00781875	0.00936405	0.0568547	0.0160754	0.0133736	0.0157012	0.00863861	0.0114318	0.0720427	0.0928949	0.0701295	0.167997	0.0347033	0.0410002	0.0697003	
0.0602266	0.0226307	0.0338106	0.0835314	0.017883	0.0240001	0.112284	0.0503032	0.0125289	0.0777589	0.0167685	0.0504985	0.0104564	0.0555813	0.112396	0.0418136	0.0339172	0.0836307	0.0212546	0.0787254	
0.0859896	0.0200907	0.2089	0.071208	0.0412119	0.107239	0.0108847	0.0113558	0.0780545	0.00445761	0.0587452	0.0466793	0.0115015	0.0839894	0.0326932	0.0592428	0.0323902	0.0167497	0.0134685	0.00514813	
0.0302614	0.0145126	0.0258263	0.146143	0.0115572	0.0587222	0.0157024	0.0628633	0.0517162	0.0247611	0.140746	0.003319	0.00550106	0.0658954	0.0340472	0.045447	0.180088	0.0472458	0.0103796	0.0252654	
0.0296483	0.00673635	0.0266957	0.0111865	0.0137536	0.00355759	0.0698272	0.0167779	0.125668	0.153224	0.0238075	0.0196268	0.0713033	0.0450211	0.0279873	0.0751021	0.164203	0.0190778	0.018442	0.0783539	
0.0733149	0.00768592	0.0247939	0.118504	0.0215324	0.093448	0.039074	0.0198121	0.0798198	0.0262672	0.0242261	0.027774	0.00497722	0.0728887	0.00707567	0.238048	0.0577214	0.0107095	0.0149224	0.0374042	
0.035078	0.0243095	0.0172935	0.034336	0.545361	0.0165253	0.0164306	0.013374	0.0194733	0.0166282	0.00850157	0.00946836	0.0220581	0.0190866	0.0149404	0.0255954	0.0289529	0.0239664	0.0373131	0.0713079	
0.0100736	0.0213098	0.0142481	0.0724962	0.259877	0.00919535	0.0279571	0.020949	0.00884571	0.0139083	0.0365428	0.0293195	0.0138497	0.0192215	0.00501941	0.0122916	0.0377269	0.00625675	0.0281445	0.352767	
0.0195206	0.0361382	0.0107904	0.0733113	0.0401734	0.0223448	0.0411488	0.0175004	0.235156	0.00596915	0.0376297	0.0106807	0.0150778	0.0269517	0.225019	0.0632989	0.028858	0.0441494	0.0130558	0.0332254	
0.014812	0.0254443	0.0149508	0.0171647	0.0252373	0.00728886	0.0846875	0.0123331	0.0239571	0.00609367	0.039514	0.51294	0.0173906	0.0138129	0.00624106	0.0394407	0.0299726	0.0614438	0.0398978	0.00737684	
0.011625	0.0313165	0.0197149	0.0266403	0.0434924	0.0268217	0.00723152	0.211227	0.0239141	0.321851	0.100434	0.011881	0.00350025	0.0127373	0.00581628	0.0229453	0.0174432	0.0389712	0.0434041	0.0190329	
0.0550176	0.0375064	0.0282681	0.03623	0.1227	0.0270315	0.0295016	0.0407357	0.00908656	0.19177	0.0310437	0.0360256	0.00447996	0.0201373	0.0286378	0.0326597	0.0206194	0.162845	0.0492587	0.0364461	
0.00824882	0.0415599	0.0385994	0.0212123	0.0366102	0.025339	0.00923853	0.0217031	0.00722285	0.0183331	0.1094	0.0182333	0.0243492	0.0119168	0.0505749	0.0117285	0.0146659	0.0161801	0.46121	0.0536741	
0.017378	0.0410467	0.0161269	0.0131591	0.00535098	0.00236935	0.0189629	0.131184	0.0264825	0.251783	0.0121886	0.00763453	0.00657129	0.0275859	0.0123049	0.00397041	0.0234245	0.326937	0.0345774	0.0209622	
0.0229813	0.0625634	0.034943	0.0256373	0.0438413	0.0706797	0.0192749	0.0302478	0.0110206	0.178875	0.0560228	0.0304477	0.00397358	0.0775765	0.0168843	0.113831	0.124081	0.016624	0.0108973	0.0495978	
0.0523539	0.0330164	0.0114984	0.058362	0.0178666	0.0862269	0.0526498	0.0288225	0.103613	0.0545275	0.0517067	0.0267685	0.00575803	0.122596	0.083092	0.0594852	0.0682272	0.0566165	0.0135735	0.0132387	
0.0534545	0.0287388	0.0348895	0.0389291	0.0446186	0.0195354	0.0515138	0.0515653	0.0842086	0.0607466	0.111802	0.0383109	0.00408268	0.0201049	0.0925181	0.049134	0.0468246	0.0081466	0.0478593	0.113017	
0.0361747	0.00888133	0.0581178	0.0177804	0.0942347	0.075625	0.0159569	0.00872577	0.0152376	0.0959544	0.069188	0.101151	0.00181048	0.0867409	0.00569034	0.138051	0.0773003	0.0117542	0.0331752	0.0484496	
0.033754	0.0163302	0.0890593	0.286299	0.00700067	0.0155543	0.0217864	0.0699156	0.0149725	0.0293338	0.0122548	0.0792687	0.103199	0.0578831	0.0137881	0.0467669	0.0339424	0.0482992	0.0133166	0.00727553	
0.0499601	0.00392333	0.163301	0.114288	0.0539843	0.0184118	0.0120844	0.0204962	0.00494623	0.0195612	0.0293346	0.113823	0.0100624	0.0428422	0.0138792	0.0551776	0.0610795	0.0425309	0.0707021	0.0996124	
0.0152057	0.0203605	0.030738	0.0337939	0.109286	0.0124455	0.0319363	0.0216099	0.0279867	0.0333668	0.047416	0.035692	0.0144916	0.0248236	0.00622313	0.0119519	0.0200784	0.010832	0.0665557	0.425206	
0.0654537	0.00706399	0.0569734	0.0433133	0.0610712	0.0584809	0.0319174	0.064098	0.0775849	0.0450902	0.0370405	0.0549976	0.0340823	0.0269807	0.069868	0.113613	0.0261595	0.0271858	0.0488031	0.0502225	
0.0193845	0.0151512	0.0255792	0.0162962	0.0324786	0.0196738	0.114712	0.0707039	0.0938801	0.0698398	0.0721666	0.0150268	0.0390177	0.0588359	0.0108256	0.0587955	0.0893265	0.0515596	0.0269322	0.0998142	
0.0945838	0.010161	0.0170004	0.00219546	0.0676375	0.00506152	0.021723	0.145968	0.0152096	0.14577	0.0187315	0.0171151	0.00182556	0.00727488	0.00645975	0.0137949	0.0295652	0.365223	0.00424719	0.0104524	
0.0819818	0.0379906	0.023415	0.0150719	0.107199	0.0164645	0.0354705	0.0752226	0.0184023	0.146599	0.038153	0.0375456	0.0101631	0.00693757	0.0175656	0.0592846	0.0639751	0.110713	0.0620136	0.035832	
0.0593568	0.00719289	0.0201453	0.015273	0.078861	0.0429777	0.0270129	0.031362	0.0297963	0.0130975	0.0950316	0.0828925	0.0163856	0.110284	0.0223599	0.174612	0.0843101	0.0759682	0.0110595	0.00202063	
0.0520942	0.0163016	0.0273615	0.0990239	0.0394054	0.0416986	0.0178775	0.0437525	0.0381421	0.0225554	0.0665456	0.0832423	0.00185029	0.0914739	0.0104619	0.100602	0.0877307	0.0389424	0.0865734	0.034365	
0.00429457	0.012678	0.00772625	0.0115381	0.140452	0.0107586	0.0144313	0.00451352	0.0280233	0.0078932	0.0220497	0.00371009	0.00704117	0.010775	0.0059648	0.00765073	0.00394628	0.0191275	0.384619	0.292807	
0.0371462	0.0321589	0.0175175	0.0138297	0.0354503	0.0133705	0.0521818	0.0827882	0.0219645	0.0416148	0.0863742	0.139981	0.00368735	0.0973891	0.0629375	0.0142863	0.109733	0.0868314	0.0317392	0.0190179	
0.0295604	0.0395962	0.017478	0.034646	0.0407397	0.0150777	0.0129386	0.0134259	0.0345228	0.00674015	0.010977	0.627199	0.00726274	0.0123667	0.0225544	0.015504	0.0141425	0.00867254	0.0220868	0.0145092	
0.00794607	0.00529325	0.082875	0.0338272	0.0320935	0.0274081	0.00342207	0.0181899	0.0674776	0.106713	0.0368002	0.0390817	0.00090218	0.0935938	0.0237441	0.151741	0.071642	0.145823	0.00529667	0.046129	
0.0517592	0.0258433	0.0050073	0.0394745	0.15723	0.0233769	0.0328755	0.0581697	0.128289	0.0974331	0.0269383	0.0542677	0.0148845	0.0797733	0.0854879	0.0136142	0.0063397	0.0882812	0.0018635	0.00909209	
0.0295282	0.00380297	0.112401	0.0820222	0.0134314	0.19876	0.0289604	0.00592103	0.0834069	0.0596688	0.0617188	0.0229306	0.0108313	0.0372825	0.102118	0.0702058	0.0517879	0.00313321	0.0124769	0.00961153	
0.0392704	0.0439053	0.00767109	0.0457586	0.0239428	0.0270058	0.0378245	0.0627179	0.112436	0.0641916	0.0178084	0.0922826	0.00445558	0.057343	0.149512	0.0587654	0.0693127	0.0744952	0.005409	0.00589214	
0.0137399	0.0191334	0.0762983	0.170867	0.0789638	0.0136354	0.0231251	0.00720675	0.0285047	0.0484642	0.038105	0.0136869	0.176329	0.0316819	0.0188216	0.0568475	0.067892	0.070348	0.0265204	0.0198291	
0.0118318	0.0332855	0.0159269	0.0117734	0.0192454	0.00971165	0.0111628	0.335128	0.0152847	0.0889456	0.0361066	0.0201727	0.00901404	0.0178039	0.015839	0.0108291	0.0278494	0.27142	0.0188071	0.0198628	
0.0414669	0.032426	0.0265875	0.024079	0.0211263	0.00489702	0.0337718	0.0649567	0.0051688	0.534886	0.0302677	0.0284683	0.0118976	0.048134	0.00703709	0.0205791	0.0153004	0.0221978	0.00766931	0.0190826	
0.0147839	0.0371931	0.00339297	0.00752342	0.0163075	0.0041276	0.0188303	0.195664	0.00509066	0.259043	0.0913574	0.00231677	0.00607821	0.0155685	0.012633	0.00564628	0.0164798	0.234883	0.0363396	0.0167414	
0.0292951	0.0156227	0.0145371	0.00553563	0.0458457	0.017694	0.013005	0.198276	0.00356868	0.239759	0.154579	0.00506568	0.00889165	0.0139526	0.0247053	0.00735136	0.015901	0.127317	0.0419613	0.0171363	
0.00429457	0.012678	0.00772625	0.0115381	0.140452	0.0107586	0.0144313	0.00451352	0.0280233	0.0078932	0.0220497	0.00371009	0.00704117	0.010775	0.0059648	0.00765073	0.00394628	0.0191275	0.384619	0.292807	
0.239997	0.0152922	0.00796115	0.011155	0.0024376	0.253872	0.0266288	0.00905339	0.0356198	0.0381342	0.0912267	0.0373401	0.0114458	0.099782	0.0032831	0.0583754	0.00315742	0.00889788	0.0157338	0.0306064	
0.0896384	0.00890834	0.018179	0.00200994	0.0682271	0.00506613	0.0200199	0.147872	0.0161369	0.148339	0.0188734	0.0186071	0.00208343	0.00680373	0.00623452	0.0123174	0.0261484	0.370259	0.00391506	0.0103614	
0.00987465	0.0242514	0.0263379	0.0212246	0.0263058	0.0250351	0.445766	0.0242794	0.049925	0.00460013	0.033251	0.0106407	0.0119219	0.0417266	0.0326736	0.0162296	0.127372	0.0128979	0.0453478	0.0103393	
0.0736329	0.021551	0.136618	0.0315127	0.136805	0.0265687	0.054221	0.0581361	0.00482563	0.0274468	0.0217567	0.0547617	0.00228427	0.133393	0.00948828	0.0657334	0.0129284	0.0500002	0.0159691	0.0623665	
0.0268052	0.0397141	0.0136579	0.0545826	0.0263125	0.0485545	0.0555534	0.0188341	0.0239115	0.0162934	0.0201097	0.0318407	0.384063	0.0107663	0.031019	0.0220168	0.0136535	0.0921975	0.0362211	0.0338931	
0.0173723	0.0205106	0.0450353	0.0705831	0.192587	0.00918719	0.103085	0.0453059	0.0480213	0.0059735	0.0532495	0.0226671	0.0532664	0.0344949	0.030495	0.178195	0.00629556	0.0184653	0.0408013	0.00440893	
0.0185512	0.0244377	0.00803388	0.023728	0.0272223	0.179142	0.0277672	0.0284479	0.0771832	0.0548658	0.0742347	0.0407604	0.0576143	0.0214491	0.0208661	0.228498	0.0178279	0.0203735	0.0269039	0.0220926	
0.110592	0.0285365	0.0766746	0.0192791	0.00355945	0.113201	0.0997352	0.034715	0.0179994	0.115937	0.0441356	0.014332	0.0182616	0.0763515	0.0358197	0.0537608	0.0410421	0.0119488	0.022788	0.0613299	
