0.0576017	0.0336207	0.0501364	0.0626373	0.043312	0.0605359	0.0533424	0.0648714	0.0141281	0.0650248	0.0489645	0.073337	0.028548	0.0421577	0.0496291	0.0631527	0.0555983	0.0457468	0.0402678	0.0473874	
0.0580921	0.0307707	0.0369015	0.0489577	0.0419655	0.0303225	0.0542665	0.0589215	0.0257898	0.0858335	0.0279125	0.0664547	0.0126212	0.0484633	0.0192877	0.0515749	0.0576458	0.135105	0.0473935	0.0617196	
0.0569177	0.0365812	0.0288014	0.0574628	0.0411148	0.0315023	0.0495189	0.0438997	0.0393946	0.0630312	0.0538543	0.0303262	0.0581364	0.0577778	0.12606	0.0789334	0.0432934	0.0449847	0.0333266	0.0250831	
0.0642512	0.0323965	0.0490448	0.0509251	0.0413895	0.0411139	0.0535368	0.0422974	0.0249218	0.159872	0.0339981	0.072341	0.0155737	0.0593155	0.0257796	0.0457891	0.057173	0.0323344	0.0466511	0.0512952	
0.0536023	0.0352255	0.0386403	0.0544338	0.0481601	0.0140059	0.0509572	0.0445231	0.021615	0.0442715	0.0476107	0.0650589	0.0238221	0.0433951	0.0118796	0.0291975	0.061272	0.0368365	0.222086	0.0534068	
0.0636174	0.032598	0.034206	0.074116	0.0453653	0.0245247	0.0525113	0.043833	0.0435099	0.0568935	0.0528071	0.0611717	0.0316555	0.0713946	0.0657514	0.0564529	0.0506625	0.046592	0.0391607	0.0531767	
0.0553623	0.030419	0.020028	0.0488637	0.0435632	0.0116658	0.0548113	0.0448961	0.0228082	0.0533419	0.0499843	0.0663746	0.0111462	0.0420002	0.0319797	0.117241	0.14423	0.0491841	0.0517915	0.0503095	
0.0324384	0.104539	0.0473518	0.0629253	0.0408552	0.0324481	0.0362679	0.0389712	0.0384687	0.0816638	0.0489752	0.061969	0.0531792	0.0356877	0.0936648	0.0439763	0.0221447	0.0454467	0.0370799	0.0419475	
0.0692281	0.0413055	0.0439802	0.0531536	0.110288	0.0585635	0.0532458	0.0360356	0.0331736	0.05042	0.0481955	0.0803642	0.0177159	0.0404617	0.0345638	0.100347	0.0282585	0.0415456	0.0316424	0.0275106	
0.08195	0.0298131	0.0552273	0.0536223	0.0503398	0.05854	0.0562709	0.0358115	0.0276027	0.0525779	0.0508463	0.0795788	0.0323079	0.0387585	0.041206	0.0668112	0.0776545	0.0257223	0.0410262	0.0443328	
0.0695368	0.0272265	0.0486576	0.0491597	0.0649652	0.0807627	0.0526999	0.034508	0.0410514	0.0455838	0.050224	0.0877894	0.0283772	0.0359098	0.0368133	0.141214	0.0371666	0.0430649	0.0110043	0.0142855	
0.0931945	0.0335071	0.0517713	0.0516177	0.0471948	0.0471247	0.0544974	0.0246519	0.0368983	0.0312391	0.0454545	0.0751853	0.0328691	0.0425983	0.0365675	0.0693845	0.0491987	0.0903395	0.0387356	0.0479705	
0.0716932	0.0297296	0.0235212	0.0413299	0.0458868	0.0343143	0.0866055	0.0391539	0.0243333	0.0565405	0.0515005	0.0983569	0.00965211	0.0916367	0.0176932	0.0554034	0.0696344	0.0455187	0.0529286	0.0545673	
0.0540241	0.0299346	0.0448119	0.0561395	0.0260761	0.0327969	0.055211	0.0904759	0.0241515	0.0429157	0.11818	0.0629516	0.0256349	0.0449331	0.0301722	0.0320085	0.103621	0.0284929	0.0504165	0.0470518	
0.0977928	0.0309764	0.041914	0.0511628	0.0407411	0.0260678	0.0551784	0.0373071	0.0357744	0.0541899	0.0859823	0.0715958	0.0259433	0.0428259	0.0617636	0.0618177	0.0526343	0.035422	0.0393408	0.0515694	
0.161881	0.032881	0.0233061	0.0448843	0.044308	0.0219112	0.0526657	0.042313	0.0324121	0.0613054	0.0502743	0.0680174	0.0121232	0.045748	0.0396944	0.070294	0.0331917	0.0653654	0.0426227	0.0548015	
0.0607624	0.0252061	0.100643	0.0438108	0.0453269	0.169971	0.0500723	0.0372525	0.0334034	0.0568927	0.049001	0.0866524	0.0151791	0.0372697	0.0302044	0.0402559	0.0174162	0.0316727	0.0319243	0.0370832	
0.0571873	0.0377281	0.0403273	0.0548227	0.0544519	0.0306059	0.031213	0.0363775	0.0248776	0.126976	0.0523527	0.0733741	0.0146756	0.0369854	0.0232152	0.0555135	0.0578612	0.0881287	0.0445305	0.0587958	
0.0643652	0.0329111	0.0482418	0.0303911	0.0454692	0.0481349	0.0570639	0.0572121	0.126792	0.0580849	0.0587398	0.0699034	0.0338877	0.0274232	0.0276086	0.060648	0.0235541	0.0484116	0.0319614	0.0491961	
0.038427	0.0340639	0.200364	0.0246492	0.0480586	0.0310544	0.0686588	0.0445922	0.0279985	0.0600293	0.05628	0.0365025	0.0326008	0.0430866	0.0372848	0.0491733	0.0476765	0.022027	0.0419781	0.0554947	
0.056708	0.0289055	0.0302756	0.0537993	0.0390287	0.0142459	0.0404273	0.050076	0.0242822	0.08217	0.0516324	0.0393113	0.0233324	0.0415721	0.0240012	0.0317659	0.0602078	0.0554044	0.0615043	0.19135	
0.0709406	0.0364705	0.0463444	0.0569339	0.0436558	0.0469679	0.0552129	0.0338341	0.0343211	0.0550377	0.0489947	0.0788767	0.0440497	0.0390205	0.0758271	0.0853905	0.0270111	0.0455906	0.0304811	0.045039	
0.0603227	0.0174474	0.0266776	0.0557522	0.0238621	0.0309564	0.0348192	0.0460633	0.0273891	0.0610914	0.0511499	0.0262948	0.0243853	0.0429236	0.0315636	0.0348831	0.0442336	0.0547226	0.0473964	0.258066	
0.0535675	0.0342145	0.0308874	0.0528115	0.0433546	0.0386137	0.135995	0.0474509	0.0298684	0.088283	0.0585468	0.0380125	0.0533015	0.0381621	0.0294424	0.0547723	0.0518557	0.0466756	0.0435507	0.0306339	
0.103951	0.0291312	0.0241006	0.0498309	0.0429979	0.0218359	0.0524599	0.0449689	0.0371834	0.0547108	0.0490029	0.0656507	0.0148356	0.0398586	0.0366065	0.114427	0.0300478	0.0948803	0.0372146	0.0563061	
0.0872928	0.0312139	0.0461105	0.057022	0.0449554	0.0427797	0.0565622	0.0392558	0.0270851	0.0312616	0.0528354	0.0712282	0.0351398	0.0420224	0.0370013	0.0812465	0.0899242	0.0430146	0.0359304	0.0481179	
0.0889807	0.0336798	0.101427	0.0457005	0.0505517	0.0294008	0.0327791	0.0384735	0.029736	0.0659481	0.0483808	0.110122	0.0278306	0.043399	0.0356283	0.0593017	0.047553	0.0447497	0.0432348	0.0231233	
0.0669404	0.0185606	0.0445693	0.0556277	0.0463807	0.0306678	0.0519928	0.0237467	0.0366536	0.045804	0.0580979	0.0443845	0.02577	0.0463334	0.0300046	0.202807	0.0338642	0.0489027	0.0351536	0.0537385	
0.0610208	0.0302247	0.0243022	0.0530386	0.0464148	0.038198	0.0900778	0.0491415	0.06291	0.059074	0.0535077	0.0820759	0.0291262	0.0451264	0.040302	0.0670273	0.0557846	0.046523	0.0415787	0.0245458	
0.0646512	0.0277445	0.0450135	0.0578095	0.0497576	0.0442507	0.0613156	0.0390933	0.071667	0.0317291	0.0564626	0.0647375	0.0134279	0.107344	0.020202	0.061204	0.0460331	0.0440895	0.0383278	0.0551396	
0.0447348	0.02917	0.0414853	0.0559196	0.0459539	0.0260911	0.0537303	0.03424	0.0208778	0.0593768	0.049769	0.0502585	0.0133498	0.0433695	0.0301545	0.0722016	0.188481	0.0425325	0.0471473	0.0511561	
0.0996686	0.0310909	0.0488922	0.0467181	0.0398054	0.0461896	0.0417501	0.0442696	0.0387031	0.159951	0.0494101	0.0744122	0.00400459	0.0242813	0.0457954	0.0597327	0.0114629	0.0440733	0.0375699	0.0522193	
0.0358483	0.0310438	0.214615	0.0277873	0.0466886	0.030795	0.0457401	0.0425484	0.0306607	0.0604295	0.0553006	0.0403974	0.0302514	0.043725	0.0392946	0.0538599	0.047226	0.0231164	0.0413865	0.0592859	
0.0387461	0.0311087	0.0436461	0.0528911	0.0401062	0.0265332	0.0478224	0.0630407	0.0109225	0.0670783	0.0573928	0.0699049	0.0132315	0.0395888	0.0198976	0.0315155	0.195622	0.0431601	0.0565269	0.0512647	
0.0579153	0.0482921	0.0452322	0.0535298	0.0901548	0.0473408	0.0506026	0.0233982	0.0315493	0.0708639	0.107248	0.0763136	0.0288881	0.0391558	0.0362222	0.0363426	0.0475111	0.0213255	0.0512743	0.0368398	
0.0643352	0.04202	0.0426559	0.0575243	0.0431894	0.0154285	0.0257284	0.045127	0.0284625	0.120607	0.0501731	0.0673422	0.0124942	0.0378454	0.0510424	0.0921167	0.0566394	0.0498719	0.0416416	0.0557554	
0.0302863	0.0344863	0.0543848	0.226027	0.0470047	0.0196329	0.0473517	0.0375444	0.0172849	0.0531947	0.051264	0.0591297	0.0342393	0.0273571	0.0355366	0.0464408	0.0503937	0.0296202	0.0468778	0.0519428	
0.0680853	0.0215926	0.0434108	0.0547169	0.04176	0.0165724	0.0424576	0.039259	0.0395428	0.0535312	0.0523335	0.0562067	0.0216391	0.0391446	0.197285	0.0377675	0.0484574	0.0419776	0.0370617	0.0471986	
0.0596428	0.0321878	0.0528913	0.0513717	0.0439127	0.0556987	0.032948	0.0252579	0.015506	0.0573523	0.0485182	0.224233	0.0239961	0.0406218	0.0333852	0.0367717	0.0623645	0.0336607	0.0452337	0.0244463	
0.0588619	0.0319489	0.0406827	0.0514158	0.0492275	0.0260009	0.053623	0.0407922	0.0189138	0.0547693	0.052813	0.065405	0.0214476	0.0436514	0.0144776	0.0438685	0.0817453	0.0411092	0.151552	0.0576944	
0.144431	0.0349755	0.0441057	0.0516039	0.0495222	0.0307034	0.0596638	0.0260281	0.0234863	0.0582314	0.0533288	0.0408241	0.039637	0.0436983	0.0396421	0.0242014	0.101518	0.0387283	0.0473161	0.0483545	
0.0463423	0.0347311	0.0412454	0.0329978	0.0460787	0.0726233	0.0587285	0.0473624	0.0336956	0.0274159	0.0333943	0.0686982	0.0357614	0.0397454	0.0344652	0.062644	0.0456796	0.152811	0.0341085	0.0514717	
0.038257	0.0360323	0.141986	0.09215	0.0446382	0.02201	0.0338433	0.0444268	0.0293583	0.0629944	0.0512133	0.0734378	0.0315514	0.0417261	0.0352169	0.0548943	0.0514361	0.0494285	0.0385999	0.0267988	
0.0781708	0.0280284	0.0454397	0.0494924	0.0468721	0.0636295	0.0528703	0.0352913	0.036932	0.0337832	0.0534052	0.0742861	0.0155443	0.0417117	0.0319619	0.15924	0.0298441	0.0467213	0.0306182	0.0461575	
0.0447102	0.0293608	0.0449173	0.0523708	0.0474076	0.0477479	0.0529241	0.0350172	0.0344685	0.068286	0.0510806	0.0663065	0.0183905	0.046572	0.0398505	0.143254	0.0329045	0.0443207	0.054031	0.0460792	
0.0586404	0.035086	0.0486294	0.0655132	0.044842	0.0444722	0.0548061	0.0406254	0.108863	0.0500986	0.0355239	0.0455111	0.0280959	0.0863368	0.0263586	0.0610624	0.0262513	0.0481289	0.0334465	0.0577078	
0.0677031	0.0291706	0.0434409	0.0464323	0.0440663	0.0831792	0.0506917	0.0310938	0.0443092	0.0522955	0.0636941	0.161213	0.0242484	0.0186936	0.0333935	0.0660502	0.037381	0.0375037	0.032479	0.0329611	
0.0668398	0.0325463	0.0514913	0.0522235	0.0258261	0.0414418	0.0390199	0.0343268	0.0281293	0.201587	0.0501586	0.0730374	0.0163576	0.0396809	0.0267742	0.0472059	0.0497258	0.0318313	0.0413246	0.0504718	
0.0605643	0.032443	0.0504077	0.0562704	0.0158327	0.0367772	0.0527456	0.0489151	0.0274127	0.205478	0.0395338	0.0658222	0.0276896	0.0431935	0.0455228	0.0323482	0.0507045	0.0325996	0.0288885	0.0468508	
0.0309284	0.03538	0.0324727	0.23175	0.0506634	0.0202103	0.0488118	0.0393544	0.0190369	0.0545034	0.0487277	0.059746	0.0367223	0.0269514	0.0381373	0.0484947	0.0485946	0.0298195	0.0455241	0.0541716	
0.0558157	0.0642876	0.049536	0.0616004	0.0238166	0.0429638	0.0634361	0.0389476	0.0370169	0.052446	0.0504426	0.0689018	0.102985	0.0345986	0.0508728	0.0768353	0.0205186	0.0472104	0.034659	0.0231095	
0.0643354	0.0345484	0.0408127	0.1378	0.0440863	0.0168704	0.0512384	0.0445002	0.0422105	0.0587248	0.0531868	0.0622202	0.0327949	0.0245779	0.038179	0.0558659	0.0484818	0.0529089	0.0433935	0.053264	
0.0735376	0.0312255	0.0241494	0.0502855	0.0416774	0.0182206	0.056889	0.0418535	0.0287905	0.0495972	0.0536039	0.0687304	0.0342546	0.042157	0.041712	0.0980507	0.0888478	0.0679526	0.0395679	0.048897	
0.0600847	0.0450418	0.045718	0.0570571	0.165989	0.0534278	0.0581238	0.0225822	0.0334356	0.0210788	0.0480516	0.0762068	0.0333918	0.0415012	0.0324773	0.0702156	0.0431797	0.0230477	0.0374036	0.0319854	
0.04825	0.0150926	0.0378522	0.0382747	0.0478501	0.244237	0.0501657	0.0302322	0.0340779	0.053044	0.0482896	0.0976116	0.0269647	0.0321442	0.0292306	0.0490137	0.0319026	0.015216	0.0296087	0.0409422	
0.0642791	0.0327694	0.0467451	0.0537433	0.0435766	0.0440865	0.0529903	0.00790907	0.06106	0.0827598	0.0485011	0.0761855	0.0334804	0.0388028	0.101296	0.057262	0.0393757	0.0417614	0.0322829	0.041133	
0.0622311	0.0310493	0.0495718	0.0523583	0.0268682	0.0458759	0.0371279	0.0331293	0.0276449	0.200901	0.0533183	0.0736359	0.0184016	0.0388704	0.0286475	0.0469837	0.049988	0.0313009	0.0406343	0.0514619	
0.0340185	0.0360138	0.04975	0.0390867	0.0425941	0.0405959	0.0473787	0.0471737	0.0278397	0.0611049	0.0491146	0.125342	0.0315107	0.0402704	0.0340448	0.0577782	0.0545355	0.0880378	0.0417298	0.0520799	
0.0578789	0.0350697	0.061989	0.0939177	0.0482488	0.0169561	0.0467465	0.0350749	0.0266626	0.0539793	0.0486758	0.0841717	0.0294007	0.0453768	0.0381047	0.0532549	0.0550577	0.0214952	0.0445163	0.103423	
0.0325507	0.0332449	0.0475875	0.121892	0.0424427	0.0584829	0.0485567	0.0436851	0.031521	0.0580997	0.047219	0.0727491	0.038796	0.0419953	0.0449433	0.0569595	0.0461672	0.0663182	0.017359	0.0494307	
0.0610582	0.0303772	0.0291059	0.0494803	0.0504912	0.0428729	0.146754	0.0406493	0.0264123	0.0362693	0.0506671	0.10628	0.0207374	0.019978	0.0195849	0.0627879	0.0588596	0.0442098	0.0430758	0.0603492	
0.0419119	0.048791	0.0496399	0.0582341	0.0288473	0.0376032	0.0561168	0.0387713	0.0347638	0.0536106	0.0509451	0.0712069	0.0523107	0.0396915	0.0456904	0.121991	0.032138	0.0459652	0.0360891	0.0556817	
0.0707588	0.0258539	0.076219	0.0333982	0.0449147	0.133427	0.0506176	0.0244095	0.0350805	0.0489007	0.0469703	0.15646	0.0265849	0.0371113	0.0313556	0.0611781	0.0328994	0.016807	0.0304798	0.0165738	
0.099252	0.0369077	0.0602572	0.0558485	0.0455892	0.0755503	0.0624816	0.0358032	0.0351419	0.0609627	0.0524709	0.0698631	0.0738064	0.0359391	0.0468367	0.0325885	0.0218113	0.0220956	0.0372183	0.0395759	
0.0297862	0.0418994	0.0516247	0.068823	0.0490197	0.0416109	0.0674649	0.0381261	0.0317948	0.0365765	0.048319	0.0584438	0.177839	0.0233635	0.0555628	0.0347434	0.0172961	0.0478419	0.035313	0.0445517	
0.0534172	0.0328299	0.0453453	0.0590699	0.0148889	0.0324512	0.051369	0.053327	0.02134	0.128117	0.0314912	0.0700279	0.0253998	0.0402412	0.04422	0.0311803	0.0570853	0.058965	0.0955095	0.0537241	
0.0856056	0.0340186	0.10838	0.0812118	0.0466065	0.0195276	0.0524261	0.0398586	0.0150509	0.0569554	0.0502263	0.0710135	0.0282231	0.0503727	0.0384985	0.0518445	0.0581379	0.0196641	0.0468332	0.0455449	
0.0591566	0.0353357	0.0471045	0.0502027	0.0408569	0.038687	0.0497104	0.051065	0.0264807	0.137896	0.0665856	0.069168	0.0166505	0.0253472	0.0595987	0.0515037	0.0573594	0.0294409	0.0429795	0.0448711	
0.0606122	0.0104841	0.059212	0.0564889	0.14348	0.0521136	0.0809268	0.0364818	0.0294562	0.0481002	0.0524445	0.0521544	0.0352117	0.0430221	0.0336676	0.0606498	0.0515051	0.033914	0.0390097	0.0210653	
0.0722549	0.02191	0.0545659	0.0266887	0.0497095	0.22299	0.0497161	0.0242612	0.0342922	0.0483615	0.0468148	0.105508	0.0241452	0.0312684	0.0253466	0.0665421	0.0271131	0.0156874	0.0167868	0.0360377	
0.0793012	0.031533	0.0485741	0.0556187	0.0492199	0.0474463	0.0990067	0.0391178	0.034562	0.0302274	0.0546977	0.0653341	0.0536153	0.0383356	0.0428252	0.0583873	0.0465881	0.0430551	0.036723	0.0458316	
0.0476926	0.0276356	0.040114	0.0558546	0.0452544	0.0382505	0.0524751	0.0404198	0.027151	0.0361458	0.0497868	0.0688327	0.0153948	0.0449207	0.0317767	0.14348	0.101545	0.0448782	0.0435604	0.0448315	
0.0323615	0.0364208	0.0355489	0.0318615	0.0424466	0.016942	0.0529634	0.0855746	0.0256048	0.121347	0.0512578	0.0598672	0.0236581	0.0387626	0.0371136	0.0482951	0.0642469	0.0857724	0.0487399	0.0612152	
0.0489974	0.0336815	0.0402303	0.0590245	0.0227698	0.0276703	0.0484212	0.107553	0.0221066	0.0840021	0.0394151	0.0354617	0.0200604	0.0417867	0.0326859	0.0278302	0.10332	0.0898979	0.0515845	0.0635004	
0.222682	0.035802	0.0386001	0.0329072	0.0483824	0.0226333	0.0500018	0.037617	0.0265445	0.0601828	0.0495159	0.0677567	0.0116763	0.0534818	0.0367548	0.0377483	0.042322	0.029895	0.0446236	0.0508728	
0.0552375	0.0348505	0.0441184	0.054769	0.102997	0.0329497	0.0512994	0.035642	0.0223387	0.0372985	0.0474299	0.067888	0.0259463	0.044904	0.0272081	0.0280092	0.0605246	0.016969	0.162199	0.0474207	
0.0654401	0.0249857	0.0465684	0.0523027	0.0519599	0.0463021	0.0490485	0.0321667	0.0991931	0.0466482	0.0763243	0.0677526	0.0298383	0.0456129	0.0212783	0.118714	0.0155083	0.0500865	0.0120529	0.0482164	
0.0624527	0.0355605	0.0485966	0.0528264	0.0258709	0.0450149	0.059121	0.0329714	0.0285894	0.172751	0.0513704	0.0737943	0.0157244	0.0432426	0.0305143	0.0475957	0.0496868	0.029653	0.0455151	0.0491481	
0.0536563	0.0171011	0.0463018	0.0269212	0.049219	0.27834	0.0490932	0.0233248	0.0319937	0.044292	0.0448127	0.105168	0.0216846	0.0307209	0.0123387	0.0672523	0.0302942	0.0138695	0.0194957	0.0341204	
0.0556581	0.0321049	0.0606134	0.051114	0.0508139	0.0498104	0.149305	0.0418598	0.028198	0.0353483	0.0546209	0.0796661	0.0594766	0.0175845	0.0239347	0.0564924	0.0508305	0.041882	0.0378832	0.0228028	
0.0321282	0.0379514	0.0545756	0.0663511	0.0508971	0.0369472	0.0600859	0.0406951	0.0297985	0.0372089	0.0548133	0.0660344	0.148973	0.0449171	0.0248598	0.0352426	0.0455852	0.0456523	0.036972	0.0503119	
0.0336308	0.0303261	0.0462892	0.129356	0.0447887	0.0927845	0.0510202	0.0426708	0.0174459	0.0568698	0.0482478	0.0674184	0.037883	0.0243623	0.0320003	0.0533944	0.0478288	0.0508423	0.0419668	0.0508737	
0.0601348	0.031713	0.0443182	0.060898	0.0425542	0.0168566	0.0577265	0.0403504	0.0156287	0.0670472	0.0324478	0.0671646	0.0295661	0.0415982	0.128363	0.022496	0.0638149	0.0435719	0.0841497	0.0496004	
0.0324739	0.0341397	0.0929126	0.192485	0.0468348	0.0196511	0.0417783	0.0394247	0.0180343	0.0563301	0.0481642	0.0617293	0.0354764	0.0269286	0.0346683	0.0489626	0.0514505	0.026768	0.0415402	0.0502475	
0.0390475	0.0369926	0.0377613	0.0974813	0.0426931	0.0172534	0.0546347	0.047832	0.0322934	0.0278932	0.060052	0.0621721	0.033724	0.0398804	0.033797	0.0563338	0.052809	0.131371	0.0411757	0.0548023	
0.0530166	0.0425977	0.0520084	0.061635	0.0453116	0.0411851	0.0840641	0.0381667	0.0412998	0.0627845	0.0474048	0.0539608	0.0945358	0.0357611	0.074799	0.0301296	0.0168347	0.0448722	0.0361064	0.043526	
0.0616539	0.0317585	0.0529064	0.0539267	0.0161706	0.0384931	0.0521482	0.0487953	0.0273404	0.200416	0.0379967	0.0662757	0.0280508	0.0406543	0.0486191	0.0329868	0.0517524	0.0336866	0.0271101	0.0492582	
0.0557444	0.0231725	0.047486	0.0544628	0.103122	0.0375354	0.0516403	0.0728122	0.0295554	0.0849216	0.0550192	0.0678087	0.0309208	0.0402102	0.037701	0.0377007	0.0578758	0.0304128	0.0509509	0.0309468	
0.0621809	0.0341742	0.0974191	0.0939341	0.0491133	0.0239762	0.0483603	0.0375127	0.0540667	0.0519314	0.0533841	0.0591335	0.0322499	0.0537505	0.0402655	0.0536577	0.0442603	0.0235074	0.0391472	0.047975	
0.0383413	0.0330737	0.0722505	0.158159	0.0489414	0.0172513	0.0495159	0.0372285	0.0416362	0.0526906	0.0513954	0.055988	0.0363173	0.0538726	0.0389718	0.0502132	0.0490557	0.0238906	0.0429989	0.0482084	
0.0644397	0.0172903	0.0432252	0.0577507	0.0488524	0.021394	0.0565625	0.0718302	0.0367103	0.0526793	0.0556844	0.067296	0.0272494	0.0420086	0.0262321	0.131144	0.0373773	0.0530618	0.0385463	0.0506659	
0.0189974	0.0366766	0.0691927	0.0753483	0.0518899	0.0453551	0.0579615	0.0404139	0.0363583	0.0484581	0.0481345	0.0607389	0.100029	0.0353928	0.0452497	0.0677875	0.0128996	0.0682478	0.0312289	0.0496399	
0.0477045	0.0271004	0.0497829	0.0507359	0.0443676	0.0550119	0.054948	0.0333404	0.0391492	0.0362252	0.0538736	0.0658314	0.0180181	0.0474769	0.0348711	0.18924	0.0344355	0.0476185	0.0227656	0.0475032	
0.0566448	0.0185816	0.0271112	0.0539392	0.023036	0.03297	0.0365575	0.0499534	0.0291039	0.0579269	0.050492	0.0272087	0.0228879	0.0450872	0.032589	0.0347896	0.0476604	0.0543317	0.0459363	0.253193	
0.0559001	0.0343567	0.0542702	0.100074	0.0427865	0.0180259	0.050422	0.052064	0.0168054	0.0646783	0.0482301	0.066631	0.0289299	0.0216647	0.0344195	0.0538346	0.057399	0.101044	0.0447924	0.0536709	
0.0468385	0.0363546	0.0361526	0.0346165	0.043806	0.0189931	0.0516622	0.0488972	0.0355753	0.0293608	0.0692992	0.0605426	0.0332208	0.041407	0.0304258	0.0562731	0.0491395	0.177324	0.0404821	0.0596291	
0.0531576	0.0358354	0.042217	0.0586367	0.0226922	0.0332097	0.0525368	0.126768	0.0274385	0.0678367	0.075015	0.0328677	0.0292325	0.0416856	0.0342121	0.0285237	0.071832	0.066272	0.0442556	0.0557747	
0.189546	0.0321539	0.0374067	0.0400664	0.0451513	0.0293665	0.0534252	0.0365887	0.0123722	0.0504021	0.0299539	0.0674157	0.0102186	0.0563426	0.0185753	0.0600338	0.0942637	0.0359307	0.0473339	0.0534533	
0.115135	0.033324	0.0409587	0.101693	0.047836	0.0219838	0.0541998	0.0378915	0.0627934	0.0577937	0.0590674	0.0650913	0.0237989	0.0295225	0.0432255	0.0539349	0.0404767	0.0243253	0.0378944	0.0490543	
0.061502	0.0386958	0.0426133	0.0546567	0.105461	0.0411464	0.05257	0.0251626	0.0291475	0.10377	0.0589004	0.0720406	0.0281453	0.0388402	0.0365965	0.0397095	0.0516148	0.0222217	0.0506584	0.0465479	
0.0384919	0.0179824	0.0472617	0.0587147	0.0248703	0.033582	0.0575395	0.0409958	0.0251445	0.0647791	0.0596344	0.0691772	0.0532191	0.0353981	0.041241	0.0764744	0.141966	0.0448154	0.0432045	0.0255079	
0.104517	0.0200689	0.0252923	0.048543	0.0423938	0.0218821	0.0516537	0.0349637	0.0369802	0.0571086	0.0531737	0.0993238	0.0173396	0.0392716	0.0544565	0.106729	0.033536	0.073182	0.0319832	0.0476019	
0.0561971	0.033926	0.0488544	0.182181	0.0495894	0.0392217	0.0475208	0.0198199	0.0465827	0.0525279	0.0474917	0.0768449	0.0388877	0.0206498	0.0413418	0.0599377	0.0177653	0.0382745	0.033651	0.0487347	
0.0528315	0.0143338	0.038	0.0347525	0.0481793	0.267353	0.0499207	0.0258811	0.0301878	0.0405817	0.0454952	0.101054	0.0224241	0.0340856	0.013743	0.07482	0.030306	0.01426	0.0247828	0.0370083	
0.064358	0.0400901	0.0262781	0.0479652	0.0437616	0.0401763	0.0629499	0.0482671	0.0338448	0.0548352	0.0500659	0.0626948	0.0936016	0.0370145	0.0458637	0.0280057	0.0205968	0.105893	0.0393477	0.0543898	
0.0564828	0.184644	0.0427189	0.0587725	0.0348677	0.0166859	0.0518655	0.0466953	0.027436	0.0585677	0.0554787	0.0644446	0.0305377	0.0416676	0.024872	0.0197172	0.0503905	0.0504534	0.0262431	0.0574584	
0.0555694	0.0355192	0.0426137	0.0551189	0.0460884	0.036656	0.0511977	0.0546548	0.0287844	0.0595408	0.0462407	0.133943	0.0303933	0.0406326	0.0684624	0.0318439	0.0474858	0.0471404	0.0411082	0.0470062	
0.0301114	0.039724	0.0499984	0.0662384	0.0517042	0.0406597	0.0669902	0.0366202	0.0304674	0.0300335	0.0540129	0.0673767	0.1953	0.0251262	0.0303323	0.0352515	0.0200391	0.0482779	0.0373454	0.0443911	
0.0568784	0.0456383	0.0559185	0.0644271	0.0457002	0.0690657	0.0553532	0.036504	0.0350332	0.0292659	0.046765	0.0771168	0.0731789	0.0372774	0.0650368	0.0556882	0.0365693	0.0436776	0.0301937	0.0407118	
0.0469092	0.027178	0.181457	0.020124	0.0417137	0.0970832	0.0708047	0.0422738	0.033396	0.0583475	0.0524799	0.0418281	0.0341768	0.0410203	0.0379334	0.0522065	0.0381418	0.0228616	0.0339214	0.0261433	
0.0517432	0.0507152	0.0427917	0.0579984	0.0632095	0.031063	0.0530115	0.0573508	0.0286377	0.122196	0.0523535	0.0725097	0.0299583	0.0369667	0.0396234	0.0315963	0.0580396	0.047952	0.0455784	0.0267051	
0.186175	0.0330217	0.0260945	0.0424739	0.0443585	0.0132767	0.0523242	0.0377917	0.0207252	0.0536183	0.0478784	0.0647253	0.0109225	0.0574684	0.0347274	0.0408982	0.105241	0.025481	0.0524498	0.0503486	
0.0605789	0.0351494	0.0466643	0.0563367	0.0795957	0.0548242	0.0503378	0.0228919	0.031981	0.0869619	0.0506507	0.0756729	0.0258224	0.039878	0.0359596	0.0858672	0.049281	0.0224094	0.0461889	0.0429479	
0.0659864	0.0167697	0.0527789	0.0627	0.0253814	0.0409456	0.0328244	0.0413973	0.0303236	0.053184	0.0478623	0.0378437	0.0245467	0.0446179	0.0341573	0.0869623	0.0490567	0.0528363	0.0382578	0.161568	
0.0663708	0.0326007	0.0412749	0.113232	0.0464647	0.01635	0.0511136	0.0409698	0.0185973	0.0565338	0.0497804	0.063849	0.0294872	0.0969008	0.0390251	0.05314	0.0613593	0.0246193	0.0461496	0.0521814	
0.0299606	0.0305981	0.0955617	0.189963	0.0449397	0.0185751	0.0440619	0.0385796	0.0178246	0.0529657	0.0517216	0.0631661	0.0324323	0.027817	0.0365817	0.0501168	0.0544354	0.0256887	0.0491131	0.0458976	
0.0623312	0.0333324	0.0452101	0.0551752	0.0165206	0.0404573	0.0499006	0.034188	0.0309989	0.191043	0.0513334	0.0698545	0.0266151	0.0409937	0.0456439	0.0332597	0.0518859	0.0314226	0.0397466	0.0500873	
0.057217	0.0307991	0.0423951	0.0584626	0.0490651	0.0300382	0.0519185	0.0568103	0.0199734	0.0593559	0.076691	0.0642902	0.0221545	0.0438631	0.0310589	0.0528486	0.123411	0.0247125	0.0547268	0.0502083	
0.0316856	0.036448	0.0295392	0.20204	0.0465373	0.0193935	0.049909	0.0469198	0.0181759	0.0611141	0.0479433	0.0617272	0.0353642	0.0246272	0.0354197	0.0479408	0.0529638	0.0543294	0.0444983	0.0534236	
0.0704041	0.0318095	0.0320284	0.0497068	0.0515579	0.0329036	0.0752456	0.0421339	0.0323729	0.0346989	0.0520596	0.0333922	0.0122946	0.100673	0.0372504	0.0529156	0.0524231	0.0440561	0.0432082	0.118866	
0.0378021	0.0324751	0.0487957	0.0582152	0.0227938	0.0180575	0.0476614	0.0709159	0.0269371	0.0836755	0.0509309	0.062879	0.0283985	0.0392713	0.0357097	0.0499091	0.0583348	0.127061	0.0430509	0.0571258	
0.0786755	0.0251624	0.0620901	0.0397443	0.045756	0.15865	0.0467324	0.0252	0.0511889	0.047154	0.0482344	0.105052	0.0232025	0.0396044	0.02907	0.0650199	0.0291056	0.0159026	0.0282079	0.0362474	
0.0788275	0.0221349	0.046285	0.0505556	0.0428903	0.0691369	0.0522241	0.0322556	0.039746	0.0363039	0.051315	0.0750301	0.0163746	0.0429883	0.0335614	0.167908	0.034035	0.0447014	0.020437	0.0432894	
0.0587624	0.0864137	0.0394836	0.0551563	0.0816007	0.0145518	0.052899	0.0460656	0.0265252	0.0618283	0.0527989	0.0645285	0.0266252	0.0390079	0.0226181	0.0544653	0.0594621	0.0448395	0.0559099	0.056458	
0.0338414	0.0310474	0.0431201	0.0595447	0.0425941	0.0291072	0.052877	0.0809451	0.0228798	0.0739933	0.054995	0.0673885	0.0143514	0.0405238	0.0666502	0.0418246	0.101486	0.0467539	0.0492166	0.0468597	
0.0334373	0.0308658	0.0287321	0.185741	0.0450058	0.0452965	0.0532061	0.0403473	0.0170856	0.0562704	0.0523698	0.0695072	0.037746	0.0521144	0.0355482	0.048619	0.0503276	0.0272322	0.0406477	0.0499002	
0.194045	0.0368211	0.0242524	0.0451257	0.0420241	0.0182264	0.0511853	0.0410179	0.0324079	0.0581391	0.0474967	0.06712	0.0141863	0.0480079	0.0406455	0.0390232	0.0394715	0.063817	0.0441161	0.0528713	
0.0333695	0.0344256	0.0794137	0.14088	0.0435432	0.0449246	0.0510937	0.0458132	0.0158386	0.059639	0.0496415	0.0646617	0.0394883	0.0241677	0.0384132	0.0516934	0.0469087	0.0475631	0.0421929	0.0463278	
0.0573354	0.0338647	0.0475947	0.0558839	0.0406291	0.0195708	0.0598529	0.038388	0.0589624	0.073792	0.0425673	0.0535498	0.0381411	0.0380426	0.184658	0.0283344	0.0239573	0.041664	0.0194965	0.0437145	
0.0628635	0.0323524	0.0788089	0.047932	0.0472964	0.0375954	0.0461111	0.0448745	0.0154894	0.0598417	0.049428	0.0641144	0.0284148	0.0465298	0.0346873	0.0577073	0.0585001	0.0647552	0.040689	0.0820087	
0.054402	0.0363463	0.0396027	0.0580271	0.0725221	0.0276724	0.0482336	0.053174	0.0110159	0.100287	0.0292483	0.0687005	0.0218566	0.0411714	0.042408	0.0476514	0.0959234	0.0488813	0.0493481	0.0535275	
0.0548163	0.0355012	0.0543504	0.0576582	0.0227445	0.0370492	0.054591	0.174172	0.0316627	0.083651	0.0461347	0.0334677	0.028138	0.0403329	0.038592	0.0314268	0.0341567	0.0451456	0.0411871	0.0552221	
0.0602614	0.0177115	0.0559095	0.0568731	0.0262571	0.0399359	0.0352601	0.0458569	0.0307027	0.058825	0.0487859	0.0332703	0.0265023	0.0427843	0.0322052	0.0646103	0.0463828	0.0521155	0.0384925	0.187258	
0.0414214	0.0208566	0.0483837	0.054952	0.0656093	0.0578756	0.057879	0.0367941	0.0375338	0.046655	0.0513188	0.0725844	0.0516971	0.0381826	0.0371859	0.150119	0.0273283	0.0461572	0.0312564	0.0262099	
0.0415774	0.0325076	0.0443	0.0507833	0.0810738	0.0445927	0.0511964	0.0412068	0.0309594	0.0619355	0.055288	0.0769098	0.0168151	0.0436244	0.034101	0.104299	0.0589949	0.0426938	0.0412576	0.0458831	
0.0632721	0.0300788	0.0614868	0.0508687	0.0487365	0.0780766	0.0610083	0.0210349	0.0184466	0.0529108	0.0442855	0.184935	0.02747	0.0370953	0.0339194	0.0652961	0.0280271	0.0346186	0.0345951	0.0238383	
0.0557095	0.0373637	0.0309223	0.0546265	0.0481841	0.0371092	0.0381777	0.0515544	0.0122822	0.0616723	0.049242	0.201617	0.0263785	0.0403762	0.0336759	0.035502	0.0425438	0.0449036	0.0465801	0.0515791	
0.201431	0.0324004	0.0297053	0.0427068	0.0486084	0.0180762	0.0523302	0.0342168	0.0207191	0.0543189	0.0481747	0.0578713	0.00963747	0.0552415	0.0362035	0.0366202	0.092068	0.0272008	0.0509297	0.0515397	
0.0602497	0.0211251	0.024679	0.0534809	0.0916325	0.0316388	0.0616129	0.0448892	0.0309916	0.0521064	0.051735	0.0332552	0.0282806	0.0471304	0.0331687	0.0358667	0.053141	0.0487291	0.0464582	0.149829	
0.0633205	0.0317183	0.0490545	0.0477298	0.0415256	0.0522178	0.0540906	0.0441742	0.0293158	0.079954	0.0527802	0.0704274	0.00836549	0.105179	0.0225339	0.0565123	0.0576487	0.0459854	0.0352798	0.0521864	
0.0601525	0.0311192	0.0321293	0.0463476	0.0456137	0.0645327	0.0313972	0.0225298	0.020553	0.0551827	0.0427269	0.276595	0.025112	0.0358735	0.0327606	0.040574	0.0373822	0.0374075	0.0397162	0.0222939	
0.058393	0.0269998	0.0429268	0.0576701	0.0456183	0.0415526	0.0565289	0.0405154	0.0163881	0.0506973	0.0799962	0.0717504	0.033425	0.0407089	0.0196018	0.108719	0.0724314	0.0422529	0.0437928	0.0500316	
0.0464807	0.0282902	0.0416767	0.0515329	0.0452339	0.0264935	0.0546883	0.0360271	0.0188526	0.0617403	0.0494669	0.0466039	0.0130365	0.0433022	0.0286654	0.0579902	0.207618	0.0393372	0.052306	0.0506578	
0.0393485	0.0308935	0.215975	0.0246574	0.0458717	0.0373772	0.0762614	0.046022	0.0325127	0.0573366	0.0521209	0.0356869	0.0370236	0.0384684	0.045536	0.0495833	0.044573	0.0216287	0.0393483	0.0297745	
0.0625304	0.0184545	0.0292967	0.0563062	0.0253185	0.0353665	0.0351346	0.0426649	0.0275678	0.0557843	0.0516877	0.0325035	0.0224792	0.042984	0.0328658	0.0688886	0.0483491	0.0535448	0.0421467	0.216126	
0.0891958	0.0222815	0.0379094	0.0260333	0.0497937	0.204511	0.0478923	0.0264469	0.0372478	0.046395	0.0449535	0.112245	0.0251142	0.0198142	0.0215855	0.0689784	0.0309574	0.0247419	0.0262333	0.0376696	
0.0815202	0.025872	0.042167	0.0504302	0.0438758	0.0526209	0.0596361	0.0364016	0.0311975	0.0336397	0.0536394	0.0762469	0.0157017	0.0430221	0.0310802	0.14701	0.0658873	0.0438655	0.0216021	0.0445834	
0.0506888	0.0175921	0.0528484	0.0508783	0.0332481	0.0556951	0.056052	0.0362319	0.0351064	0.0476103	0.0541201	0.0680058	0.0185446	0.0428616	0.0372423	0.201566	0.0349005	0.046441	0.0330331	0.0273338	
0.0619156	0.0196273	0.0495468	0.0550203	0.131786	0.0586588	0.0581613	0.0236232	0.0325655	0.0679	0.0544145	0.0789071	0.0272415	0.039722	0.0337318	0.0689933	0.0465901	0.0218873	0.0443195	0.0253879	
0.0648336	0.0332516	0.0523878	0.0493398	0.0253745	0.0475337	0.08437	0.0286388	0.0288414	0.146399	0.0519357	0.0744743	0.0184817	0.0445633	0.029313	0.0542477	0.0529537	0.0292446	0.0406638	0.0431523	
0.0277323	0.0369646	0.0481397	0.0620288	0.0476508	0.0363349	0.0607194	0.0421544	0.0370087	0.0508159	0.0897348	0.0672008	0.0945909	0.0367171	0.0180639	0.0330372	0.0701788	0.04415	0.0467646	0.0500124	
0.0276105	0.0343419	0.0210512	0.0586563	0.0412812	0.0288813	0.0408096	0.0431138	0.0188595	0.0906752	0.0487057	0.161585	0.0245568	0.0419522	0.0364159	0.0482635	0.0953667	0.0553789	0.0475568	0.0349383	
0.126453	0.0335667	0.044889	0.0458247	0.0444209	0.0496441	0.0523184	0.044628	0.0348343	0.0634858	0.0478179	0.0676194	0.0159307	0.0431824	0.0394501	0.0466882	0.0291986	0.0827794	0.0364861	0.0507821	
0.06596	0.0337335	0.0549821	0.0525485	0.0400434	0.034254	0.0859992	0.0479718	0.0379804	0.0673382	0.0535272	0.0331698	0.0219956	0.0530993	0.109758	0.0530626	0.048675	0.0404753	0.0361076	0.0293187	
0.0855587	0.0238109	0.0599852	0.0387186	0.0482838	0.188056	0.0456094	0.0209404	0.0364752	0.0483401	0.0462337	0.106973	0.013107	0.0339806	0.0270226	0.0835186	0.0193859	0.0152192	0.0245824	0.0341987	
0.0629873	0.0372929	0.045891	0.0508043	0.0574762	0.04679	0.0488608	0.0406496	0.0338949	0.093217	0.0884178	0.0746781	0.0254479	0.0403247	0.0404844	0.0605729	0.0532594	0.0265272	0.0253814	0.0470422	
0.0580537	0.0342834	0.0517346	0.0553277	0.0249353	0.0418407	0.03939	0.0295774	0.0309833	0.174868	0.0556991	0.0714173	0.0438669	0.0386984	0.0294622	0.0513231	0.0489934	0.0303667	0.0397017	0.049477	
0.0479205	0.0254942	0.0455286	0.0581987	0.04599	0.0395244	0.0551686	0.0367897	0.028953	0.0362278	0.0529051	0.0658416	0.0173288	0.0439326	0.0346019	0.139966	0.0730482	0.0453966	0.0588839	0.0482997	
0.0587617	0.0171082	0.0496887	0.0549792	0.194731	0.0458756	0.0596048	0.0498152	0.0278248	0.0179865	0.0501966	0.0675583	0.0318252	0.045946	0.0315851	0.0387166	0.0508255	0.0269429	0.0437784	0.0362497	
0.0568548	0.0392989	0.0435485	0.0603555	0.111161	0.0345219	0.0282938	0.0551357	0.0321379	0.0364059	0.0470192	0.0723185	0.0361198	0.038612	0.0590166	0.059992	0.0492193	0.0551939	0.0346422	0.0501534	
0.0555298	0.0347305	0.0594069	0.053599	0.0519805	0.0433981	0.113389	0.0446646	0.0349224	0.0371757	0.0513054	0.0374699	0.054737	0.0366917	0.0520784	0.0542513	0.0432948	0.0450551	0.0365675	0.0597523	
0.0639344	0.0299258	0.033165	0.0482324	0.0454275	0.0845083	0.0336645	0.0165943	0.0404966	0.0489586	0.0451437	0.263838	0.0253588	0.0318389	0.0312637	0.0424089	0.029028	0.0339167	0.0338264	0.0184693	
0.0489605	0.0341925	0.0519418	0.0544613	0.0238605	0.0385827	0.0527152	0.135164	0.0346274	0.0794291	0.106997	0.0279983	0.0273122	0.0423087	0.0403196	0.027863	0.0322141	0.0389329	0.0445245	0.0575944	
0.0336698	0.0360479	0.0276972	0.0394312	0.0519352	0.0362717	0.0670698	0.0356776	0.0292628	0.0836703	0.0525601	0.0588132	0.0305534	0.0445158	0.0380261	0.0559498	0.052093	0.0737658	0.0442867	0.108703	
0.0521392	0.0349702	0.037714	0.0558292	0.0497047	0.0136833	0.0506688	0.0430032	0.0222533	0.0423909	0.048685	0.0648779	0.0239839	0.0415244	0.0127732	0.0287401	0.0616508	0.0382037	0.221819	0.0553855	
0.0552599	0.0374507	0.0462338	0.0534305	0.0381157	0.0335105	0.0519597	0.127904	0.0165575	0.102545	0.0369544	0.0558308	0.0219722	0.0406805	0.0253803	0.0429108	0.0413558	0.0727813	0.0453752	0.0537918	
0.0481233	0.0280198	0.0405607	0.0542615	0.0433249	0.027389	0.0512362	0.0424087	0.0120046	0.0596979	0.0407804	0.0666419	0.0135225	0.0448081	0.0202147	0.0634652	0.203579	0.0398402	0.0508359	0.0492858	
0.0563117	0.0346736	0.0429764	0.0549298	0.0594109	0.0323906	0.0528512	0.0516019	0.0312607	0.100089	0.0329477	0.0697754	0.0265093	0.0381295	0.0391423	0.0623645	0.0492484	0.0861128	0.0225351	0.056739	
0.0555445	0.031352	0.0442637	0.0579157	0.041563	0.0341972	0.0513468	0.0584642	0.0133785	0.0634801	0.0885873	0.0662821	0.0214105	0.0453656	0.0420303	0.0513266	0.104132	0.0261808	0.0544395	0.0487398	
0.0687468	0.0250128	0.038174	0.0440032	0.0449994	0.139626	0.0342893	0.0141631	0.0398904	0.0457491	0.0468921	0.201627	0.0225909	0.0332268	0.02693	0.0790025	0.0224607	0.0274226	0.0263385	0.0188554	
0.0665074	0.0158997	0.0428099	0.0542815	0.0461967	0.0184762	0.0577944	0.0494145	0.0249712	0.0486424	0.0536946	0.0748029	0.0219016	0.0458337	0.0100387	0.123126	0.104346	0.0470905	0.0465849	0.0475877	
0.032751	0.033555	0.0570377	0.19578	0.0488335	0.0449875	0.0510054	0.0377625	0.0169914	0.0562665	0.0523441	0.0638988	0.0388623	0.0256094	0.0336786	0.0492949	0.04719	0.0263981	0.0416199	0.0461335	
0.0621058	0.0236224	0.044862	0.0553867	0.172425	0.0581042	0.0580533	0.0148334	0.0306311	0.0189902	0.0667647	0.0629941	0.0309025	0.0428701	0.0301845	0.0533176	0.0486103	0.0153971	0.0383495	0.0715951	
0.0628953	0.0341789	0.0557871	0.0555279	0.0458759	0.0826731	0.0569093	0.0412213	0.0332322	0.0598595	0.0516739	0.072129	0.0350903	0.042122	0.0644895	0.0534947	0.0449357	0.0231553	0.0419973	0.0427517	
0.0591126	0.0257486	0.0522942	0.0478517	0.0462087	0.113762	0.0559413	0.0396047	0.0309018	0.0462333	0.048904	0.0778854	0.0271886	0.042351	0.0345237	0.0629203	0.0768058	0.0359417	0.0313613	0.0444597	
0.0954941	0.093943	0.0410127	0.0522908	0.045736	0.0163887	0.0558981	0.0404558	0.0259118	0.0378468	0.0525158	0.0675598	0.0268319	0.0445822	0.029986	0.05915	0.0556632	0.0457374	0.0651972	0.0477988	
0.062227	0.0348444	0.039225	0.0521863	0.0798247	0.0268395	0.053397	0.0804061	0.0273525	0.0413044	0.0340293	0.0380488	0.0249733	0.0423039	0.0322489	0.0586083	0.0917494	0.0815235	0.0459706	0.052937	
0.0649428	0.0348356	0.0459607	0.0504596	0.0531675	0.095726	0.0541885	0.0182253	0.032822	0.0468604	0.047933	0.120602	0.0278732	0.0352509	0.0116536	0.129385	0.0309547	0.0350804	0.0296194	0.03446	
0.12067	0.0281161	0.0644164	0.0422062	0.0459904	0.131884	0.0503147	0.0342635	0.0330986	0.0582799	0.0513218	0.0921226	0.0189507	0.0341806	0.0343023	0.0467434	0.0211155	0.0221319	0.031266	0.0386258	
0.0818197	0.0245349	0.0425731	0.0346782	0.0502759	0.143915	0.0406272	0.0110642	0.0437071	0.0445084	0.0493399	0.194739	0.0208786	0.0213677	0.024314	0.064112	0.0300406	0.0266821	0.0260151	0.0248066	
0.120826	0.0347712	0.0521017	0.0542303	0.0446856	0.0200418	0.0535696	0.0444301	0.0257658	0.0600426	0.0484327	0.0642285	0.0121281	0.0463984	0.0375313	0.0360629	0.0979954	0.0530358	0.0447795	0.0489424	
0.0549303	0.0317303	0.0331338	0.0516723	0.0456863	0.0661081	0.0330015	0.0219202	0.020172	0.0571392	0.0446943	0.278382	0.0253071	0.0362946	0.0313257	0.0384604	0.0353811	0.0364525	0.0379045	0.0203038	
0.0667069	0.0344902	0.0477878	0.051427	0.0504436	0.0466371	0.0549787	0.0280061	0.0331705	0.0571266	0.047986	0.0751518	0.0317434	0.0429023	0.0427591	0.0634645	0.0482062	0.0881886	0.0366097	0.0522139	
0.0633475	0.0310275	0.0441341	0.0583049	0.0506572	0.0414581	0.0543929	0.0389108	0.0704756	0.0461452	0.0650418	0.0418536	0.0256197	0.0998618	0.0182147	0.0624841	0.0475132	0.047049	0.0378469	0.0556613	
0.0548931	0.040028	0.0794525	0.0594394	0.040731	0.055914	0.0602572	0.0397143	0.0375089	0.0640275	0.0504082	0.0674939	0.0432239	0.0405812	0.105601	0.0283201	0.0381187	0.0209872	0.0349088	0.0383909	
0.155922	0.0293634	0.0400808	0.0293011	0.0457896	0.0285692	0.0542917	0.0350041	0.0255736	0.0481966	0.0487858	0.0699008	0.0117382	0.0524384	0.0355425	0.0993941	0.0738028	0.0265833	0.0395923	0.0501297	
0.0507704	0.0375142	0.0482897	0.06493	0.12868	0.0438793	0.0555053	0.0405072	0.0310053	0.048715	0.0278408	0.0717923	0.0659225	0.0374387	0.0393478	0.0574566	0.0396456	0.0477647	0.0197597	0.0432346	
0.0574688	0.0365525	0.0469228	0.0554271	0.039633	0.036059	0.0534793	0.0672109	0.0252857	0.141285	0.0553578	0.065496	0.0261693	0.0382971	0.0398608	0.0326869	0.0551712	0.0326927	0.0471963	0.0477476	
0.0632704	0.0327894	0.0507788	0.05054	0.0170489	0.0369186	0.0513828	0.0341976	0.0276042	0.196906	0.0503169	0.0682857	0.0252468	0.0401668	0.0452389	0.0369068	0.0525719	0.0325242	0.0391172	0.0481878	
0.0538075	0.0328509	0.0452063	0.0530683	0.0270913	0.0369505	0.0551298	0.173758	0.0298905	0.0574832	0.046603	0.032705	0.0318347	0.0415086	0.0347269	0.0310435	0.0345612	0.0770752	0.0432973	0.0614084	
0.061311	0.0336924	0.0502436	0.0552834	0.0422756	0.0477666	0.0501717	0.0278659	0.0294562	0.157735	0.0538067	0.073312	0.0445254	0.023364	0.0310082	0.0512395	0.0475721	0.0285017	0.0439173	0.0469514	
0.0578503	0.0311057	0.0486375	0.0318564	0.0451756	0.041251	0.0588839	0.0543011	0.123286	0.0538862	0.125699	0.023245	0.0330352	0.028681	0.0295519	0.0565291	0.0193739	0.0501828	0.0302007	0.0572676	
0.104621	0.0315132	0.0426325	0.0415169	0.0477443	0.155182	0.0538364	0.0299994	0.0364198	0.0544902	0.0490455	0.0894977	0.0401202	0.0341912	0.0354539	0.0454795	0.0188016	0.0199453	0.0302011	0.0393079	
0.0442991	0.0382235	0.0217014	0.0514215	0.0580272	0.0150792	0.0535489	0.0689824	0.0332237	0.0417985	0.0528859	0.0544497	0.0278631	0.0412082	0.0316397	0.0540196	0.0497497	0.157074	0.0413137	0.0634909	
0.0584283	0.0313792	0.0321685	0.0497618	0.0475037	0.0448803	0.214595	0.0437523	0.031444	0.0368263	0.0552472	0.0499292	0.0258044	0.0217757	0.0227365	0.0589769	0.055907	0.0472109	0.0411447	0.0305281	
0.115733	0.031653	0.102022	0.0189766	0.0481368	0.0349687	0.0870747	0.0366611	0.0300486	0.0616014	0.0524919	0.073368	0.0278287	0.0445244	0.0430169	0.0561542	0.0483866	0.023836	0.0399286	0.0235889	
0.0282249	0.0379763	0.053181	0.0719987	0.0525825	0.0376214	0.0488746	0.0394784	0.0294805	0.0343834	0.0491849	0.0620924	0.198016	0.0348747	0.0307325	0.0364722	0.0214659	0.046091	0.0377736	0.0494947	
0.0716886	0.0205463	0.0472165	0.0516353	0.0308402	0.0580185	0.0570906	0.0343328	0.0381496	0.0522139	0.0535046	0.0765782	0.0445794	0.035419	0.0405183	0.148269	0.0329858	0.046479	0.0320805	0.0278536	
0.0557552	0.0321237	0.0423321	0.0570139	0.0476108	0.0337755	0.053227	0.0428124	0.0391792	0.0569025	0.0341088	0.0645886	0.0151594	0.0440383	0.047529	0.0785952	0.112252	0.0485163	0.0444227	0.0500573	
0.0982971	0.0343429	0.0892919	0.0298661	0.0417536	0.0730647	0.0617551	0.0374677	0.0389014	0.0631029	0.0469726	0.0730378	0.045358	0.0387683	0.0715081	0.0375058	0.0208931	0.0243301	0.0331156	0.0406674	
0.0783461	0.0320016	0.0266177	0.175192	0.046506	0.0300626	0.0540655	0.0407322	0.0190636	0.0514295	0.052393	0.0652948	0.0309409	0.0262751	0.0375285	0.054936	0.0541775	0.0298837	0.0413487	0.0532053	
0.056856	0.030806	0.0464272	0.0550572	0.0233553	0.0311206	0.0476318	0.104895	0.0233338	0.103677	0.0402447	0.0406233	0.0186135	0.0388082	0.0313827	0.0531461	0.080219	0.0681983	0.0462653	0.0593382	
