0.0633592	0.0345481	0.0440507	0.0528014	0.0476711	0.0299343	0.0923906	0.032297	0.0763753	0.0263541	0.0535847	0.0410373	0.00757593	0.0529056	0.100735	0.0767274	0.0567577	0.0267548	0.0546841	0.029456	
0.0458202	0.0369029	0.0387827	0.0842099	0.057305	0.0288411	0.0463358	0.0550923	0.036177	0.042297	0.0607462	0.0578193	0.0184272	0.0655013	0.0491051	0.05119	0.0451807	0.0706672	0.0739033	0.0356958	
0.106159	0.0270205	0.0283562	0.043731	0.045234	0.0838616	0.0462805	0.0429175	0.0508806	0.0555101	0.058659	0.0507977	0.00879525	0.0495057	0.0455111	0.0629518	0.0405804	0.0552151	0.0639556	0.0340773	
0.0471784	0.0127216	0.00977994	0.0107731	0.0234242	0.00694711	0.0232162	0.168851	0.0141939	0.162106	0.142493	0.015023	0.00215135	0.0178202	0.00776161	0.00888187	0.0300839	0.192066	0.0167628	0.0877647	
0.0553755	0.0243116	0.0101507	0.0222614	0.0264375	0.025596	0.0281163	0.114087	0.0400414	0.122737	0.106937	0.0123839	0.0115549	0.0308648	0.0164412	0.0121747	0.032435	0.122966	0.0267141	0.158414	
0.0785879	0.030852	0.0459264	0.0678507	0.0450274	0.054204	0.037571	0.045702	0.0409543	0.047833	0.0559737	0.0549069	0.0169146	0.0562581	0.0517127	0.0654198	0.0560539	0.0478235	0.0748694	0.0255584	
0.0491416	0.0275493	0.0244895	0.048276	0.0367632	0.019262	0.0355968	0.0927775	0.0320085	0.0929657	0.0921229	0.0415902	0.0124251	0.0423956	0.0303309	0.0330263	0.0376985	0.144287	0.0481472	0.0591462	
0.0450716	0.0116986	0.00647976	0.0065583	0.0218323	0.00481432	0.0198107	0.179112	0.0122096	0.170928	0.149472	0.0106589	0.00205122	0.015086	0.00432021	0.00418267	0.0283705	0.200894	0.0131282	0.093322	
0.0826403	0.0309778	0.0522298	0.0493214	0.0432699	0.0600612	0.0479695	0.0373804	0.0498939	0.0512037	0.0521129	0.0460985	0.00748195	0.0509035	0.05076	0.0908532	0.0677717	0.0375918	0.0604279	0.0310508	
0.0744963	0.0321516	0.0246734	0.047649	0.0535105	0.0467231	0.0925665	0.0346212	0.0777163	0.0365867	0.0511531	0.0283851	0.00801023	0.0643096	0.0628177	0.0558955	0.0465693	0.0326812	0.0582846	0.071199	
0.0705603	0.0231754	0.0232904	0.0263255	0.0352635	0.0236525	0.032512	0.107719	0.030244	0.105172	0.101719	0.0363966	0.00527675	0.0345731	0.030899	0.0359724	0.0421456	0.128972	0.0434522	0.0626796	
0.0379685	0.0482455	0.0166392	0.164503	0.0689128	0.0191585	0.0556201	0.0333293	0.0233624	0.0504445	0.0478919	0.0794577	0.0268569	0.100148	0.0361674	0.0423833	0.0458188	0.0189438	0.0548158	0.0293322	
0.0604461	0.0263476	0.0384441	0.0411612	0.0490181	0.0375897	0.0293808	0.0749501	0.0397986	0.106515	0.083057	0.0447398	0.00756527	0.0438884	0.0420406	0.037421	0.0442573	0.0885891	0.0561204	0.0486696	
0.0746276	0.0344846	0.0258543	0.0491546	0.0476418	0.0443648	0.116954	0.0264025	0.0885879	0.0225006	0.0492235	0.0292727	0.00602926	0.0599911	0.0936953	0.0859883	0.0560177	0.0207748	0.0457393	0.0226951	
0.0486301	0.0303607	0.0629554	0.0328184	0.0541408	0.0707263	0.0394172	0.076752	0.0361203	0.167406	0.0832688	0.0375225	0.0275697	0.0328095	0.0170528	0.0264107	0.0370765	0.0490448	0.0318165	0.0381007	
0.0930593	0.0280074	0.0417407	0.0473475	0.0489977	0.056251	0.0427827	0.0544753	0.0468803	0.0833332	0.0524433	0.0464617	0.0123148	0.0519525	0.049818	0.049243	0.0495716	0.0409726	0.0658413	0.0385061	
0.15783	0.0167091	0.0208336	0.0319631	0.0515898	0.178282	0.0468126	0.023811	0.0562493	0.068699	0.0495475	0.0503896	0.0198205	0.0411202	0.0197513	0.0414346	0.0409989	0.0101653	0.0432275	0.0307652	
0.0549981	0.0317472	0.0519083	0.0574895	0.0575991	0.0436159	0.0401447	0.0487581	0.0375943	0.0571123	0.0580156	0.054781	0.0339088	0.0725652	0.0568322	0.0492071	0.0473652	0.0361915	0.0767304	0.0334352	
0.046095	0.0133517	0.00921517	0.00758749	0.0239114	0.0100002	0.0200892	0.172498	0.0138876	0.172171	0.149733	0.0117116	0.00199411	0.0139673	0.0041205	0.00564989	0.0295344	0.191269	0.0131451	0.090068	
0.0567943	0.0213004	0.0591946	0.0172324	0.0534648	0.278977	0.0436767	0.0304426	0.0415363	0.0918572	0.0542359	0.0493746	0.0263525	0.0374382	0.00885778	0.041732	0.0393769	0.00575024	0.014036	0.0283698	
0.0532783	0.0120352	0.00721204	0.0135776	0.0334729	0.0235148	0.0244398	0.134012	0.0339715	0.137343	0.117931	0.00994327	0.00770814	0.0261058	0.0126659	0.00799568	0.0297654	0.146929	0.0215048	0.146595	
0.0602119	0.0299439	0.0552074	0.0394832	0.0977703	0.072371	0.0422126	0.0594404	0.0508573	0.148588	0.0604545	0.0459719	0.0180232	0.0452817	0.0252334	0.0208107	0.0400343	0.0334026	0.02017	0.0345318	
0.0600547	0.0595741	0.102316	0.0507591	0.0649651	0.0358151	0.0562398	0.0172466	0.0444539	0.0461286	0.048026	0.0590038	0.0144109	0.0461409	0.0168673	0.148485	0.0524525	0.0203435	0.0376461	0.0190713	
0.0460779	0.0127838	0.00802294	0.00795026	0.0239882	0.00596142	0.0207701	0.17437	0.0131001	0.164858	0.14528	0.0131571	0.00237098	0.0163758	0.00729506	0.00713407	0.0300012	0.193602	0.0174724	0.0894279	
0.0741949	0.0362898	0.0766295	0.0852583	0.0542059	0.0340972	0.0471906	0.0375771	0.0310042	0.0532345	0.0513664	0.0478611	0.0242377	0.0604721	0.0411465	0.0657001	0.0620884	0.0267067	0.0633547	0.0273842	
0.0458001	0.0122065	0.00656147	0.00765333	0.0217702	0.00548035	0.0191458	0.175868	0.0124954	0.169295	0.147882	0.0118949	0.00160019	0.0154338	0.00385561	0.00487454	0.0288151	0.203841	0.0130425	0.0924844	
0.119972	0.0264818	0.0393438	0.0328311	0.046755	0.10569	0.0564546	0.0275705	0.0753224	0.0486449	0.0467037	0.0425064	0.0108886	0.0449918	0.0533192	0.0687504	0.0524855	0.0165366	0.0556377	0.0291143	
0.0430067	0.0363415	0.11599	0.054721	0.0399673	0.0279244	0.0567418	0.0214367	0.0543162	0.0399445	0.0462326	0.0376674	0.00369296	0.0442588	0.0440044	0.144252	0.120447	0.0112233	0.0407343	0.0170975	
0.0747738	0.0157852	0.0267308	0.031228	0.0541269	0.216863	0.0511499	0.0304917	0.0624439	0.0732307	0.0511849	0.0497306	0.0222694	0.0434093	0.0336984	0.04085	0.0424776	0.00926573	0.038195	0.0320956	
0.0523902	0.0223057	0.0235865	0.0325265	0.0361085	0.0226361	0.0297983	0.110373	0.0305485	0.104978	0.115742	0.0363686	0.0116053	0.0360762	0.0271027	0.0294741	0.0428353	0.125287	0.0475092	0.0627485	
0.0502702	0.0206947	0.0266192	0.0327807	0.0370955	0.024456	0.0316229	0.122015	0.0211889	0.111044	0.106143	0.0355388	0.00854517	0.0359445	0.0257963	0.02854	0.0533324	0.121839	0.0431174	0.0634167	
0.0477362	0.0130621	0.00801638	0.00833056	0.024117	0.00618228	0.0216808	0.168744	0.0143745	0.162825	0.144843	0.0140225	0.00257899	0.0165415	0.00797788	0.00839244	0.029506	0.194166	0.0172654	0.0896367	
0.080891	0.0224432	0.0475253	0.0496107	0.0396732	0.0862651	0.0523327	0.03438	0.0522238	0.0439869	0.0503053	0.0506575	0.0101578	0.0499996	0.0569296	0.0834839	0.061596	0.0361747	0.062679	0.0286847	
0.070758	0.0311316	0.079253	0.0518099	0.036421	0.0563951	0.0538007	0.027232	0.0586921	0.0396131	0.0454732	0.0381699	0.00597558	0.0432475	0.0508167	0.127666	0.0928363	0.0219136	0.0465194	0.0222755	
0.0575485	0.0342206	0.0530853	0.0525946	0.0572703	0.0316875	0.0437442	0.0426828	0.0494142	0.0365298	0.0518562	0.0521502	0.0253516	0.0532265	0.0476083	0.0366276	0.0424993	0.0351729	0.161393	0.0353369	
0.0817869	0.0407171	0.0259566	0.0512278	0.0519757	0.059063	0.143959	0.0286407	0.0631353	0.0242137	0.0495654	0.0529817	0.00811491	0.0367702	0.064025	0.079882	0.0552693	0.0211329	0.0455216	0.0160608	
0.0499991	0.0200007	0.0324704	0.0178528	0.0333972	0.0373536	0.0289272	0.127593	0.0245331	0.177699	0.136162	0.0237816	0.00893112	0.0241298	0.00983443	0.00853923	0.0311347	0.128083	0.0115122	0.068066	
0.076929	0.0314275	0.0529836	0.06379	0.0485932	0.0513542	0.0621762	0.0397871	0.0510363	0.055263	0.0510824	0.0357701	0.0215316	0.0522609	0.0513352	0.0663253	0.0617111	0.0285354	0.0666912	0.0314169	
0.057812	0.0462305	0.0734164	0.0536613	0.0617	0.0556219	0.120957	0.0348022	0.0574785	0.0340857	0.0493594	0.0289795	0.0638944	0.0469349	0.0292151	0.0518789	0.046394	0.0207144	0.049309	0.0175544	
0.0610429	0.0398863	0.0496721	0.049526	0.0574512	0.0270569	0.0671141	0.0397193	0.0656013	0.0350538	0.052761	0.0474218	0.0231447	0.0531013	0.112643	0.0646067	0.0481886	0.0279162	0.0448058	0.0332874	
0.062067	0.0476723	0.0802087	0.0463033	0.198913	0.0515585	0.0508686	0.0222779	0.054109	0.0181497	0.0435186	0.0549617	0.0438809	0.0497477	0.0284336	0.0308609	0.0360115	0.00645172	0.0549131	0.0190926	
0.0480622	0.0648231	0.0968174	0.0514129	0.0664716	0.0512163	0.0488265	0.0301864	0.0585893	0.015168	0.0347661	0.0443116	0.216338	0.0398333	0.00623518	0.00823189	0.0295543	0.0136048	0.0551176	0.0204333	
0.0614157	0.0191161	0.0633002	0.0416198	0.089952	0.0778994	0.0452968	0.0623127	0.0475226	0.143812	0.0635943	0.0505724	0.0176194	0.0472327	0.0273892	0.0212599	0.0398502	0.022208	0.0369324	0.0210936	
0.122716	0.0305357	0.0270782	0.0453591	0.0478674	0.0816311	0.0524649	0.035081	0.0539962	0.0587748	0.0543662	0.0484148	0.00705689	0.0473685	0.0375532	0.0543337	0.0849572	0.0276929	0.0498056	0.0329465	
0.0532849	0.0392448	0.086227	0.0477704	0.045275	0.0506504	0.0648481	0.0223991	0.0582112	0.0287331	0.046693	0.0420402	0.00579978	0.0469022	0.048935	0.168083	0.0699085	0.0191494	0.0364561	0.0193891	
0.0487934	0.038962	0.0663257	0.0521066	0.0513373	0.0586594	0.0486658	0.0295709	0.0301623	0.0631458	0.0566355	0.0540843	0.0101743	0.0482801	0.0210872	0.0599585	0.164294	0.0255306	0.0393285	0.0328983	
0.0467561	0.0926036	0.10927	0.0536354	0.132481	0.0207952	0.0470338	0.0343884	0.0388003	0.0426304	0.0508599	0.0517981	0.0232394	0.0494783	0.0210707	0.0597726	0.0376668	0.0227076	0.0504686	0.0145434	
0.0909123	0.0352859	0.0585931	0.0216822	0.0559282	0.057703	0.0551548	0.0179007	0.224095	0.0533601	0.0450807	0.00966653	0.0213654	0.0359294	0.0485068	0.0436763	0.0260485	0.0132057	0.0464845	0.0394209	
0.0510366	0.0138704	0.0107105	0.010855	0.0264512	0.00817276	0.0244342	0.161526	0.0160348	0.148975	0.134482	0.0189129	0.00502918	0.0202569	0.0100373	0.0120521	0.0306025	0.192036	0.0197786	0.0847462	
0.0440797	0.0113343	0.00683954	0.00632696	0.0224527	0.0041714	0.0196076	0.182358	0.0122118	0.168918	0.149386	0.010852	0.00181539	0.0145524	0.00455229	0.00477911	0.0289876	0.200396	0.0129462	0.0934332	
0.0495317	0.0182016	0.0180043	0.0146199	0.022986	0.0217771	0.0205203	0.143734	0.0193231	0.182575	0.133161	0.0216961	0.00282605	0.0229842	0.00553826	0.0121781	0.0315901	0.163877	0.0167782	0.0780985	
0.0605991	0.0252465	0.0322262	0.0456372	0.0382007	0.0276448	0.0365751	0.0871621	0.031062	0.0824189	0.0841906	0.046144	0.00780871	0.0461256	0.0418716	0.0451315	0.046957	0.103202	0.0622095	0.0495872	
0.100707	0.0343152	0.0595643	0.0458941	0.0443585	0.0687398	0.059208	0.0251258	0.0614537	0.0299424	0.0444353	0.0435109	0.00592722	0.0452615	0.0485331	0.130701	0.0613185	0.025521	0.0456766	0.019806	
0.0701325	0.0242722	0.0440433	0.0528008	0.0427219	0.0556713	0.0450828	0.0493981	0.0555003	0.0509955	0.0551377	0.0516814	0.0112438	0.0539523	0.0594346	0.0671394	0.0557697	0.0449204	0.0760307	0.0340714	
0.0447212	0.0123755	0.00569566	0.00778766	0.0218993	0.00417686	0.0194707	0.178479	0.0128572	0.168306	0.147703	0.0111115	0.00201972	0.0147216	0.00415213	0.00483271	0.0281113	0.204602	0.012596	0.0943802	
0.0615268	0.0291763	0.0623137	0.0283927	0.0260901	0.072306	0.0301704	0.0651788	0.0343509	0.219942	0.0922144	0.0405048	0.00724649	0.0331565	0.00947969	0.0276485	0.0379292	0.0581807	0.0199346	0.0442575	
0.072963	0.0438625	0.0247752	0.0557979	0.0588989	0.0523899	0.137464	0.0317413	0.0545546	0.0282053	0.0500231	0.0589855	0.0128203	0.0634159	0.0431291	0.0707291	0.0515226	0.0235912	0.0471122	0.0180184	
0.0680487	0.0328283	0.0629522	0.0354238	0.0301636	0.0744694	0.0695026	0.048049	0.0430052	0.168646	0.0777704	0.0388328	0.00741857	0.0392944	0.0151475	0.0383201	0.0441848	0.0364717	0.0308617	0.038609	
0.0523675	0.0178316	0.00831422	0.0169671	0.0248662	0.00969973	0.0256217	0.147514	0.0201584	0.142449	0.129683	0.0212288	0.00708651	0.0226622	0.011616	0.0148868	0.0299661	0.193198	0.0222015	0.081681	
0.0579663	0.0454865	0.040967	0.137238	0.0593867	0.0258781	0.0552373	0.0335465	0.0268386	0.0517767	0.050459	0.05516	0.0316285	0.0738042	0.0397481	0.0526652	0.0532502	0.0219914	0.0579363	0.0290358	
0.060008	0.0313607	0.0445825	0.0584206	0.0417366	0.042129	0.0427545	0.0522096	0.03501	0.0548737	0.0504255	0.0745163	0.011867	0.0587023	0.0528696	0.0715108	0.0464244	0.0616132	0.0769661	0.0320197	
0.0944348	0.0243279	0.0223801	0.0258054	0.038267	0.0415423	0.0380299	0.093288	0.0367021	0.0999174	0.0922898	0.0352661	0.0062937	0.0348475	0.029837	0.0292109	0.0317612	0.120847	0.0468118	0.0581399	
0.0654601	0.043582	0.0480155	0.0522302	0.0726392	0.0435275	0.0488722	0.0410635	0.0505386	0.0481744	0.0532857	0.0478539	0.00867818	0.0553068	0.0533619	0.0697637	0.0425152	0.0429317	0.0708798	0.0413199	
0.0466164	0.0128728	0.009852	0.00944938	0.0259846	0.00756872	0.0194884	0.170799	0.0144257	0.163872	0.144573	0.0150471	0.00203607	0.0163237	0.006587	0.0074395	0.0306849	0.191329	0.0167807	0.0882707	
0.0618128	0.0216488	0.0422484	0.0518657	0.0501513	0.0412883	0.040298	0.058191	0.0426208	0.0693286	0.0698806	0.0528856	0.0148159	0.0572496	0.0575258	0.041696	0.0468926	0.0537294	0.0889876	0.0368832	
0.0683098	0.034163	0.0657482	0.0335468	0.0257085	0.0827949	0.0459729	0.0532213	0.0481473	0.230705	0.077572	0.01874	0.0126545	0.0388446	0.0168531	0.0289823	0.0225605	0.0285604	0.0248577	0.0420577	
0.063649	0.0299298	0.0410385	0.0565933	0.0470356	0.0432444	0.0419991	0.0549053	0.0378271	0.0531353	0.0576438	0.0619592	0.0149253	0.0572831	0.0583337	0.0549808	0.0524304	0.0533057	0.0846658	0.0351148	
0.0652151	0.0342023	0.0506714	0.0487745	0.0541649	0.0289416	0.0717053	0.0332536	0.0768967	0.0310059	0.0524243	0.0451958	0.00842125	0.0527606	0.115187	0.071067	0.0505359	0.0251662	0.0536673	0.0307431	
0.0478078	0.0140925	0.00769598	0.00780485	0.0233881	0.00585158	0.0203991	0.170893	0.0132657	0.164243	0.145288	0.0134165	0.00255245	0.0168185	0.00648533	0.00714752	0.0296341	0.196314	0.0165916	0.0903105	
0.0457442	0.0124553	0.0087809	0.00729279	0.0244066	0.0085353	0.0197264	0.178922	0.0120669	0.169081	0.146928	0.0117207	0.00195163	0.0139499	0.00446311	0.00561532	0.028717	0.194798	0.0132917	0.0915521	
0.0643159	0.031367	0.0508354	0.0384464	0.040261	0.0455674	0.0642823	0.0373394	0.0550563	0.0460858	0.064965	0.0287172	0.00811496	0.0517248	0.075002	0.104854	0.0739583	0.0323356	0.0567553	0.0300159	
0.0509969	0.129578	0.105952	0.0509799	0.130349	0.0295041	0.0487325	0.0419976	0.0444185	0.014682	0.0428397	0.0569659	0.0540087	0.0470089	0.0232923	0.0308315	0.033865	0.00910822	0.0432333	0.0116557	
0.0616581	0.0332363	0.0575446	0.0511186	0.0456757	0.0364263	0.0411706	0.0423128	0.051559	0.0534635	0.0550793	0.0462827	0.00908036	0.0543251	0.0668651	0.0888124	0.0623133	0.0415796	0.0684953	0.0330011	
0.0600158	0.0284607	0.0406933	0.0568759	0.0488152	0.0397077	0.0403389	0.0546243	0.0397459	0.0534048	0.0593976	0.05635	0.0156742	0.059565	0.0594267	0.0520848	0.0488321	0.0520228	0.0970424	0.0369218	
0.0611375	0.0313886	0.0406671	0.0571659	0.0504637	0.0393148	0.0418382	0.053768	0.0389927	0.0476368	0.0614481	0.0554901	0.0128556	0.0582197	0.0577361	0.0609573	0.0506714	0.0600831	0.0833577	0.0368075	
0.0603622	0.0312412	0.0618138	0.0319407	0.0254726	0.0664288	0.0294175	0.0665917	0.0379051	0.21785	0.0942829	0.036963	0.00752389	0.0355735	0.00941986	0.0268606	0.0353997	0.0582751	0.0204312	0.046247	
0.0502772	0.0191381	0.0240048	0.021758	0.0320594	0.022474	0.0283388	0.135194	0.022379	0.148992	0.122851	0.0235165	0.00409511	0.0304255	0.0137433	0.0197279	0.0349533	0.146163	0.0283765	0.0715321	
0.0446532	0.0126275	0.00620745	0.00614471	0.0226232	0.00422017	0.0197015	0.17966	0.0120856	0.169632	0.149165	0.0107056	0.00185261	0.0145921	0.00460766	0.00516953	0.028708	0.201702	0.0121086	0.0938329	
0.0816168	0.0318264	0.0304384	0.0507012	0.0489092	0.0540653	0.0442561	0.0480917	0.0442101	0.0495142	0.0599668	0.052456	0.0203411	0.0564393	0.0546533	0.0586307	0.0431568	0.0559277	0.0791633	0.0356357	
0.0663301	0.0313736	0.056801	0.0482035	0.167268	0.0602799	0.0556219	0.0248164	0.058214	0.0378605	0.0484354	0.0462592	0.0339814	0.0526007	0.0323107	0.0262872	0.0411796	0.0115807	0.0569329	0.0436639	
0.166696	0.0279578	0.0213397	0.0344862	0.0493094	0.112785	0.0527758	0.0260333	0.0714585	0.0567976	0.0492521	0.0418923	0.00680719	0.0438481	0.0359781	0.065027	0.0350452	0.0197944	0.0508353	0.0318814	
0.0450687	0.0628775	0.0944352	0.0512497	0.0655566	0.0513655	0.0480534	0.0293264	0.0640485	0.0150082	0.0314747	0.0429568	0.220464	0.0418956	0.00557805	0.00701239	0.0321862	0.0132683	0.0571074	0.0210664	
0.0580223	0.045211	0.051749	0.0836014	0.061397	0.0477198	0.0249568	0.0391124	0.025466	0.0653823	0.0550305	0.0681682	0.0125636	0.125984	0.0259039	0.0484188	0.0480492	0.0326082	0.0509553	0.0297002	
0.0846234	0.0302795	0.0685117	0.0480686	0.0369484	0.0658491	0.0575107	0.0202106	0.0595486	0.0430038	0.0460809	0.02908	0.00476146	0.0430948	0.048283	0.127597	0.10335	0.0205791	0.0409528	0.0216659	
0.0705281	0.0362789	0.0672395	0.0484287	0.0560472	0.0589928	0.0458526	0.0286092	0.0497918	0.0779481	0.0554408	0.0474282	0.0121975	0.0503533	0.0425835	0.0840428	0.0557433	0.0229689	0.0578326	0.0316923	
0.0719605	0.0288193	0.0514353	0.0471141	0.0480673	0.0521403	0.0498293	0.0403359	0.0608627	0.0493032	0.0544908	0.0467623	0.00960489	0.0465628	0.0792609	0.0686446	0.054158	0.0374537	0.0707518	0.0324424	
0.0568338	0.0841859	0.105063	0.049019	0.14995	0.0394658	0.0485867	0.0222845	0.0479342	0.0297112	0.044902	0.052726	0.0243413	0.0482897	0.0307526	0.058112	0.0379997	0.010785	0.0456452	0.0134126	
0.0566807	0.0325064	0.0471046	0.0617101	0.0517776	0.0414445	0.0386288	0.0512339	0.0436997	0.0506459	0.0566408	0.0534666	0.0334791	0.065274	0.0577534	0.0490574	0.0480302	0.0442598	0.0813763	0.0352304	
0.0580545	0.0294659	0.0410147	0.0583171	0.0426921	0.0391099	0.0418975	0.0594285	0.0380713	0.051271	0.0585232	0.0557737	0.0137103	0.0594531	0.0623058	0.0561612	0.0520821	0.0574532	0.0880558	0.037159	
0.0625587	0.0265685	0.0367748	0.0335798	0.0470516	0.0496632	0.0509626	0.0621625	0.069922	0.0730039	0.069981	0.0365395	0.00876947	0.061995	0.0371197	0.0419534	0.0451431	0.0605735	0.054432	0.0712458	
0.0600104	0.0210103	0.0505727	0.0183242	0.0529092	0.279578	0.045512	0.0317419	0.04142	0.0928459	0.0558352	0.0503225	0.0251129	0.0381423	0.00978643	0.03629	0.0397132	0.00497299	0.0166011	0.0292987	
0.0528621	0.0241055	0.0459352	0.0209083	0.0285951	0.0504441	0.02975	0.105076	0.0271496	0.194057	0.125511	0.0302817	0.0055066	0.0221294	0.00722611	0.019182	0.0323917	0.102784	0.0180174	0.0580878	
0.0619504	0.032714	0.0405917	0.0547384	0.0485827	0.0438862	0.0418009	0.0573043	0.0426181	0.0731977	0.0536758	0.0556521	0.0105143	0.0635791	0.0523485	0.0505882	0.0467896	0.0597252	0.0699151	0.0398275	
0.045721	0.0115961	0.00790979	0.00825843	0.022729	0.00578485	0.0200483	0.176886	0.0124831	0.17065	0.150583	0.01031	0.00251157	0.0149529	0.00457791	0.00459088	0.0288869	0.198376	0.0111135	0.0920311	
0.064484	0.0300235	0.0385143	0.0556854	0.0456352	0.0392255	0.044012	0.0624913	0.0393792	0.0485996	0.0638099	0.0543655	0.0166598	0.0521619	0.0491117	0.0517543	0.0483587	0.0822415	0.0773918	0.0360949	
0.0561173	0.0396935	0.199124	0.0422902	0.0586837	0.0941314	0.0251644	0.0219934	0.014051	0.0540529	0.0476974	0.0649274	0.0164453	0.0461133	0.0260113	0.07907	0.0365272	0.0183374	0.0496512	0.00991721	
0.0620441	0.0334501	0.0570453	0.0305812	0.0198414	0.069418	0.0407982	0.0614936	0.0380218	0.221417	0.0906374	0.0367019	0.0103032	0.0374753	0.0132631	0.0227886	0.0358631	0.0521127	0.0215762	0.0451677	
0.0547976	0.203836	0.0921234	0.0510875	0.0552317	0.0190621	0.0421377	0.0385684	0.0441763	0.0559912	0.0529141	0.0645383	0.0551123	0.0466436	0.0115618	0.0162655	0.0352807	0.0242382	0.02192	0.0145133	
0.0580097	0.0288948	0.0583595	0.038235	0.0817039	0.0541392	0.0441286	0.0794047	0.0397797	0.121964	0.0773945	0.0428631	0.00877036	0.0404546	0.0194341	0.0309785	0.0421212	0.0576643	0.0354821	0.0402177	
0.203676	0.0370189	0.0259066	0.0285694	0.0568837	0.0494487	0.0527813	0.0391249	0.0734382	0.0729016	0.0600962	0.0468935	0.00829509	0.0442922	0.0339406	0.0273966	0.0265545	0.0278447	0.0475561	0.0373805	
0.0707463	0.0348553	0.0722422	0.0538678	0.041262	0.0575925	0.0512201	0.0313902	0.0346396	0.0549249	0.040445	0.0461067	0.00594	0.0464281	0.029838	0.107235	0.127932	0.0263741	0.0429374	0.0240224	
0.043212	0.014482	0.0118036	0.00863224	0.0268183	0.00600749	0.0217975	0.165655	0.0140338	0.160949	0.152335	0.016293	0.00354231	0.0196634	0.00814778	0.00892254	0.0301539	0.183127	0.0171856	0.0872384	
0.0385195	0.0386056	0.036868	0.108449	0.0577049	0.0254633	0.0491422	0.0485744	0.028372	0.0512818	0.0555536	0.0663977	0.0216688	0.0836085	0.0446845	0.0484549	0.0480965	0.0498356	0.0667815	0.0319373	
0.0587213	0.029412	0.0402248	0.0577073	0.0408112	0.0374348	0.0437193	0.0589879	0.036751	0.0472727	0.0633569	0.0689648	0.0129584	0.0581589	0.0562158	0.0552807	0.0508172	0.0631921	0.0835683	0.0364448	
0.0569793	0.0261004	0.0911785	0.0471808	0.0280386	0.0573028	0.0618609	0.0213544	0.0561016	0.0399343	0.0488428	0.0426782	0.0059719	0.0453903	0.0470041	0.180698	0.0783342	0.01757	0.0359885	0.0114905	
0.0194642	0.0534668	0.387561	0.0167215	0.0620207	0.0223905	0.0279056	0.0222111	0.0454676	0.0506116	0.0421776	0.028728	0.0328564	0.032368	0.0199147	0.050964	0.0379308	0.00336312	0.0381849	0.00569204	
0.0628561	0.0514073	0.0204812	0.0595342	0.0608165	0.0572371	0.0253608	0.0210787	0.0107441	0.0601485	0.0512459	0.273907	0.0254469	0.0567718	0.0225682	0.0222014	0.0342941	0.0247051	0.0488744	0.0103207	
0.0860732	0.0357522	0.0637377	0.0492703	0.0305146	0.0573045	0.054688	0.0275817	0.0555845	0.0414715	0.0477616	0.0431929	0.00555761	0.0466842	0.052381	0.121488	0.0816783	0.0279897	0.0526764	0.0186125	
0.209468	0.038375	0.024591	0.02649	0.0592123	0.0583596	0.0534235	0.0376804	0.0709083	0.0709614	0.0613167	0.0429328	0.00732997	0.0428991	0.0333697	0.0294528	0.0272751	0.0267015	0.0437798	0.0354726	
0.152772	0.0269329	0.0413478	0.0236825	0.049277	0.16475	0.0478219	0.0234188	0.0589106	0.0624516	0.0476212	0.0474417	0.0204974	0.0431754	0.0156364	0.0515647	0.0442318	0.00877245	0.042154	0.0275397	
0.0623177	0.0506764	0.0229103	0.0566331	0.0595587	0.0578759	0.0262392	0.0218738	0.0103925	0.0600225	0.0516909	0.277142	0.0270789	0.0541735	0.021941	0.0211837	0.0328407	0.0234636	0.0509965	0.0109895	
0.044593	0.0133016	0.00809721	0.00747894	0.024386	0.00524756	0.0211859	0.170809	0.0134495	0.166597	0.145849	0.0136914	0.00217933	0.0160031	0.00587941	0.00609391	0.029583	0.199977	0.014722	0.0908755	
0.0591634	0.0309529	0.0540613	0.0255137	0.0217141	0.0736901	0.0365853	0.0768404	0.0355995	0.22642	0.0868857	0.0338755	0.0106585	0.0326535	0.0125767	0.0176472	0.0326825	0.0652033	0.0144372	0.0528389	
0.0505445	0.0178199	0.0288263	0.0165849	0.0323305	0.0342195	0.0285123	0.127869	0.0232546	0.168026	0.147691	0.0288383	0.00629673	0.0245853	0.0103304	0.0102061	0.0331656	0.129687	0.0125466	0.0686655	
0.0437884	0.0406314	0.0312973	0.0510568	0.0505362	0.0383357	0.0473151	0.0595289	0.0428618	0.0690546	0.0683023	0.0435644	0.00722055	0.0536981	0.0439844	0.0393775	0.0524784	0.0602597	0.061567	0.0951414	
0.0599453	0.0289752	0.0474717	0.0515998	0.0462522	0.0869917	0.046898	0.0427278	0.0457069	0.0545869	0.0517624	0.0483449	0.02585	0.0527028	0.0497804	0.0646075	0.0668711	0.0319018	0.0662595	0.0307639	
0.047472	0.00958829	0.00816696	0.00830111	0.0238369	0.0072394	0.0203714	0.17152	0.0142273	0.167411	0.144454	0.0131725	0.00227857	0.0161297	0.00625456	0.00577145	0.029566	0.19458	0.0170793	0.0925804	
0.0743783	0.033349	0.05652	0.0486053	0.0805325	0.0556235	0.0323883	0.0328252	0.0600269	0.0827599	0.0561339	0.0477502	0.00848987	0.0526189	0.0618243	0.0527997	0.048984	0.0240843	0.0574286	0.0328773	
0.0687346	0.0303887	0.0838559	0.0505472	0.0339518	0.0553515	0.0589616	0.0173629	0.0588553	0.0359202	0.0439575	0.0279445	0.00352779	0.0443822	0.0504958	0.156977	0.108317	0.017497	0.0351388	0.0178326	
0.0410619	0.0628763	0.0951213	0.0534091	0.0631615	0.0518438	0.0432373	0.030741	0.059286	0.0148144	0.0345422	0.0461712	0.217048	0.0440211	0.00636286	0.00850445	0.0353691	0.0129779	0.0573935	0.0220564	
0.060599	0.0317248	0.037429	0.0558667	0.0497203	0.0399777	0.0420527	0.0515865	0.0408498	0.0591736	0.0613974	0.0544931	0.0119152	0.0578106	0.0547376	0.0559149	0.0492188	0.0630818	0.0813671	0.0410835	
0.0566483	0.0318564	0.0451168	0.0563702	0.0465091	0.0332671	0.0444924	0.0593539	0.0418114	0.0529975	0.0600295	0.0530922	0.0131933	0.0588299	0.0629898	0.0575951	0.0572489	0.0521347	0.0796039	0.0368595	
0.0443815	0.0121282	0.00581526	0.00679484	0.0221533	0.00399653	0.0198624	0.178952	0.0117115	0.170851	0.148003	0.0118524	0.00180559	0.0151977	0.00480367	0.00441086	0.0287925	0.202977	0.012555	0.0929555	
0.0620314	0.042167	0.0459361	0.0533265	0.0517044	0.0420461	0.0416576	0.0461742	0.0486721	0.0413366	0.0561581	0.0530349	0.0168102	0.0564694	0.0708961	0.0632101	0.0484144	0.0440174	0.0826143	0.033323	
0.0626253	0.0430562	0.0288392	0.0522675	0.0645604	0.0405413	0.0479897	0.0530528	0.0459658	0.0538682	0.059924	0.050906	0.012959	0.0575665	0.0539455	0.049807	0.0474843	0.0499717	0.0748445	0.0498249	
0.0453304	0.0128181	0.00801928	0.00759918	0.0240143	0.00841198	0.0200842	0.179507	0.0111492	0.170446	0.146629	0.0116426	0.00222368	0.0147795	0.0043431	0.00524293	0.0277629	0.195135	0.0141819	0.090681	
0.079408	0.020097	0.0136488	0.012581	0.0307149	0.0162311	0.0275408	0.136842	0.0258296	0.137316	0.120167	0.0221939	0.00314454	0.0250487	0.0147368	0.0147052	0.0275306	0.167219	0.0273201	0.0777244	
0.0812478	0.0287863	0.0557545	0.0541128	0.044779	0.0876214	0.0512878	0.0340265	0.0498833	0.0528288	0.0508934	0.0472135	0.00855147	0.0446003	0.0388314	0.0686278	0.0956625	0.0202637	0.0580542	0.0269738	
0.0648081	0.0267577	0.0292064	0.0461057	0.0377327	0.0412207	0.0394147	0.0728175	0.0358017	0.0743706	0.0744887	0.0497482	0.0104368	0.0500319	0.0470484	0.0498455	0.0464373	0.0875389	0.0707466	0.0454419	
0.0574482	0.029012	0.0302208	0.0519891	0.0468262	0.0384964	0.0417023	0.0748941	0.0380968	0.0648586	0.0676563	0.0583815	0.0173471	0.0553968	0.0492648	0.0419042	0.0544405	0.0642619	0.075835	0.0419672	
0.0487975	0.0253106	0.11252	0.0211687	0.0560394	0.220843	0.0419478	0.0324262	0.0385685	0.0877487	0.0504587	0.049115	0.0288024	0.0386623	0.00892607	0.0407946	0.0425284	0.00594232	0.0269456	0.0224538	
0.0197612	0.0531956	0.389537	0.0177136	0.0620326	0.0199268	0.0269234	0.0220133	0.0458253	0.0488671	0.0412314	0.0291878	0.0324776	0.0332418	0.0205515	0.0512045	0.0387691	0.00314911	0.0384658	0.00592538	
0.0794799	0.0282283	0.0390445	0.0508391	0.0465299	0.0475365	0.0457735	0.0539505	0.0448242	0.0553064	0.0591478	0.0506527	0.00905514	0.0540468	0.0591572	0.0555459	0.0560262	0.0519388	0.0761072	0.0368095	
0.0630252	0.0309807	0.0421333	0.053696	0.0485041	0.0483267	0.0445193	0.0474752	0.0450115	0.0421734	0.0566981	0.0526079	0.0161522	0.0517804	0.0630826	0.0583529	0.0498315	0.0454295	0.107323	0.0328968	
0.0586452	0.0253114	0.0981375	0.0480153	0.0228104	0.0515807	0.0585621	0.0200379	0.0566673	0.0371591	0.0450594	0.0366612	0.00387855	0.0432324	0.0487216	0.168397	0.112133	0.0173234	0.0348172	0.0128491	
0.0620779	0.0341735	0.0449442	0.0526754	0.0542356	0.0327855	0.0618684	0.0416867	0.050925	0.0354251	0.0534236	0.0497741	0.00896179	0.0973419	0.0784733	0.055312	0.0476224	0.0345765	0.0661665	0.0375505	
0.0455052	0.0179876	0.0205319	0.0158025	0.0335738	0.0163712	0.0241206	0.170048	0.0136027	0.144433	0.13273	0.0212035	0.00613747	0.0222778	0.00899358	0.0117575	0.0340049	0.161126	0.0218888	0.0779042	
0.0217231	0.0534869	0.369488	0.0179771	0.0646533	0.0250887	0.0276197	0.0226186	0.0403418	0.0493784	0.0412332	0.0382442	0.0327032	0.0342316	0.0201654	0.0524126	0.0412086	0.003738	0.0373093	0.00637857	
0.0651658	0.0341907	0.043709	0.0543777	0.051303	0.0431238	0.0500239	0.0487908	0.0406557	0.050816	0.0568923	0.0525082	0.012472	0.060551	0.078198	0.0583212	0.0430355	0.0438667	0.0790804	0.0329184	
0.0568183	0.0420772	0.044203	0.0582311	0.0582317	0.0376339	0.0407621	0.0500923	0.0382105	0.0456421	0.0598749	0.0563278	0.0134834	0.0593855	0.0570625	0.0559647	0.0482108	0.0514388	0.0914931	0.034856	
0.0413311	0.0508331	0.0180476	0.19691	0.0705032	0.0204585	0.0573632	0.0329811	0.0249637	0.0537986	0.0502172	0.0743827	0.028937	0.0651991	0.0315793	0.0406494	0.0444052	0.0179549	0.0532817	0.0262039	
0.0540534	0.0264049	0.0376534	0.0505274	0.0503602	0.0319521	0.0414791	0.0771195	0.0342536	0.0705237	0.0705844	0.0645752	0.0165118	0.0531187	0.047209	0.031186	0.0629718	0.0634105	0.073371	0.0427342	
0.0734255	0.0297229	0.0547178	0.0436981	0.0495942	0.0519752	0.0432692	0.0489103	0.105599	0.0602827	0.0567438	0.0340672	0.00942459	0.0490563	0.0529305	0.0524474	0.0460214	0.0380566	0.0607683	0.0392888	
0.0440817	0.0127937	0.00651977	0.00870393	0.0223051	0.00473374	0.0205358	0.171156	0.0135783	0.171999	0.146596	0.0125068	0.00214482	0.0166291	0.00561351	0.00606935	0.0290986	0.198938	0.0141823	0.0918147	
0.0645106	0.0506264	0.021455	0.0607275	0.0596642	0.0555776	0.0271526	0.0224581	0.0112735	0.0560455	0.0534406	0.255814	0.0272699	0.0572817	0.0227185	0.0236019	0.0459818	0.0235876	0.0496606	0.0111524	
0.0700173	0.02921	0.0583127	0.0562814	0.0450952	0.0550938	0.0444067	0.0475659	0.0436674	0.048032	0.055217	0.0514366	0.0148294	0.047515	0.0544534	0.0672137	0.0578106	0.0465674	0.0762979	0.0309766	
0.0730505	0.0286316	0.0289156	0.046522	0.0425661	0.0425867	0.0414546	0.0659576	0.0381036	0.0645402	0.0700949	0.0494846	0.00822021	0.0496159	0.0487509	0.0544918	0.0489815	0.0823754	0.0708601	0.0447961	
0.0607994	0.0364537	0.0477214	0.055033	0.0607563	0.047871	0.0426557	0.0511571	0.0454061	0.0664689	0.0560356	0.0523088	0.01317	0.0568408	0.0522237	0.0550545	0.0499168	0.0398675	0.072212	0.0380477	
0.0597773	0.0294945	0.0353401	0.0567425	0.0480626	0.0350696	0.0400507	0.0631673	0.0376026	0.0561953	0.0657424	0.0544405	0.0117645	0.0547823	0.0523091	0.0521849	0.0474439	0.0801586	0.0789176	0.0407539	
0.0600654	0.0309906	0.051407	0.0550037	0.048978	0.0415103	0.0466442	0.0474576	0.0486514	0.0452401	0.0539844	0.0513647	0.014228	0.0588957	0.0688451	0.0676459	0.0638007	0.0372301	0.0766361	0.0314209	
0.0193276	0.0526493	0.387699	0.01711	0.0625157	0.0213781	0.0276237	0.0223092	0.0447321	0.0509413	0.040721	0.029363	0.0334572	0.0339953	0.0209328	0.050099	0.0386082	0.0034276	0.0371762	0.00593408	
0.0587192	0.0291962	0.0501131	0.0578275	0.0443496	0.0448489	0.0436314	0.0527773	0.0389783	0.049168	0.0581132	0.0556295	0.00977933	0.0559737	0.0573434	0.0667611	0.0558997	0.0566493	0.080638	0.0336032	
0.0634266	0.0307567	0.0443561	0.0519293	0.0546372	0.0272501	0.0607797	0.0359471	0.0768101	0.0331514	0.0535763	0.0474481	0.0102441	0.0734941	0.112248	0.0507359	0.0454533	0.0297	0.062248	0.0358077	
0.0231731	0.0507021	0.360265	0.0267173	0.0624445	0.0221687	0.02825	0.0234917	0.0451846	0.0481025	0.0407557	0.0293494	0.0354151	0.0349713	0.0215894	0.0529992	0.042401	0.00464659	0.0408974	0.00647554	
0.0549914	0.0353333	0.0871022	0.0502975	0.0357664	0.0507142	0.0616492	0.0230368	0.0588871	0.0289311	0.0469867	0.0394079	0.00602127	0.0429741	0.0499356	0.163387	0.0918193	0.0189699	0.0375102	0.0162788	
0.0587001	0.0248791	0.0915098	0.0493413	0.0239239	0.0492972	0.0614653	0.020652	0.0568109	0.0362211	0.0455474	0.0366845	0.00350253	0.0436886	0.0511123	0.159887	0.1208	0.015937	0.0358318	0.0142079	
0.0592191	0.029488	0.0452552	0.0618556	0.0478189	0.0431083	0.0603006	0.0510805	0.0421449	0.0559847	0.0584168	0.0512159	0.0178445	0.0509437	0.0569804	0.0593902	0.0526271	0.0464377	0.0754431	0.0344446	
0.0473934	0.0638459	0.0936503	0.0513239	0.0654416	0.0504351	0.0501405	0.0305438	0.0604572	0.0134501	0.0354576	0.0454537	0.21657	0.0399159	0.00650752	0.00873458	0.0289077	0.0127442	0.0578453	0.0211824	
0.0568558	0.0421819	0.042757	0.0567079	0.0567748	0.031387	0.0543013	0.0393634	0.0446164	0.0444862	0.0511514	0.0573234	0.0140618	0.0608824	0.0833165	0.054033	0.039243	0.0424538	0.094048	0.034055	
0.0488454	0.0451281	0.0676087	0.0525026	0.0658182	0.0440491	0.0546308	0.0373326	0.0484693	0.0332917	0.0510426	0.0514047	0.0246657	0.053648	0.0513516	0.101329	0.0409133	0.0309706	0.0705699	0.0264283	
0.0446053	0.0156067	0.0131186	0.0116088	0.0289102	0.00902646	0.0228302	0.17597	0.0148374	0.156225	0.139668	0.0121348	0.00595096	0.0194256	0.0081194	0.00684502	0.0289813	0.182783	0.0188622	0.0844916	
0.161516	0.0301115	0.0328955	0.0259821	0.0487936	0.120652	0.0510677	0.0253681	0.0673235	0.0615857	0.0506152	0.0442822	0.00587372	0.0422168	0.0349444	0.0670337	0.0358137	0.0160069	0.0480585	0.0298589	
0.0574121	0.0438962	0.0411042	0.0571606	0.0529539	0.0328552	0.0467858	0.0488146	0.0347764	0.0470811	0.0578773	0.0579883	0.01441	0.0599891	0.0691328	0.0522262	0.0497901	0.0458275	0.0957044	0.0342141	
0.0673459	0.0295655	0.0796842	0.0510127	0.0252618	0.0589931	0.0511269	0.0329384	0.0459462	0.0506465	0.0361509	0.0521484	0.0103238	0.0481337	0.0470253	0.118862	0.10184	0.0206601	0.0486887	0.0236463	
0.0601829	0.0271668	0.068252	0.049911	0.132453	0.0637062	0.0454082	0.055448	0.050834	0.0863881	0.0557211	0.0560848	0.0230407	0.0517945	0.032541	0.0235861	0.0405433	0.012183	0.046933	0.0178225	
0.0858373	0.0328026	0.0272349	0.047571	0.0478787	0.0687122	0.0478787	0.0385842	0.048488	0.040168	0.0579613	0.0550193	0.0170867	0.0557156	0.0505377	0.0585094	0.0462131	0.0668824	0.0733007	0.0336182	
0.0610447	0.0307453	0.0398652	0.056531	0.0457664	0.0404145	0.0429598	0.0520273	0.0410029	0.0467079	0.0568683	0.0559379	0.0120031	0.0590228	0.0591479	0.0691282	0.0525624	0.0586632	0.0839757	0.0356253	
0.0444302	0.0127097	0.00874148	0.00748546	0.0235087	0.00563886	0.0197872	0.180387	0.0115757	0.167426	0.148009	0.0124852	0.00190706	0.0147752	0.00467906	0.00529181	0.0284181	0.198435	0.0127138	0.0915944	
0.0462012	0.0134685	0.0105398	0.00823367	0.0255577	0.00907893	0.0208524	0.170478	0.0141323	0.169547	0.148898	0.0133087	0.00189532	0.0148138	0.00478621	0.00663065	0.0300809	0.188781	0.0138281	0.0888869	
0.0612779	0.0288412	0.0534098	0.0580744	0.0432941	0.0422622	0.0456064	0.0484479	0.0414722	0.0460258	0.055992	0.0529606	0.0111848	0.0550572	0.0592485	0.0757311	0.0591701	0.0506609	0.0797243	0.0315586	
0.0526825	0.0329916	0.076193	0.0535224	0.040765	0.0469762	0.0507042	0.0333042	0.0481932	0.0476607	0.0506198	0.0478472	0.00633013	0.0497434	0.0488013	0.116456	0.0889263	0.0287522	0.0535287	0.026002	
0.0621126	0.0483677	0.0648576	0.0524139	0.0746651	0.0474405	0.0509128	0.0353546	0.0504816	0.0307111	0.0516395	0.0526995	0.0365705	0.0550595	0.0512249	0.076455	0.0347575	0.0321433	0.0651976	0.0269354	
0.0504241	0.0319519	0.0478198	0.0558069	0.0409571	0.0385072	0.0430605	0.0797483	0.0354742	0.0579053	0.0662904	0.0524557	0.0136214	0.055881	0.0507118	0.0506294	0.0510678	0.0636854	0.0755586	0.0384431	
0.0574612	0.0378804	0.0723706	0.0340824	0.0482726	0.0746714	0.0448457	0.0484938	0.0379904	0.186661	0.0800007	0.0417869	0.0263102	0.0302704	0.0133712	0.0310963	0.0407992	0.0303264	0.0297613	0.0335475	
0.0788566	0.0268671	0.0435614	0.0525971	0.0485419	0.0702845	0.0559455	0.036602	0.0632492	0.0445674	0.0506783	0.0454593	0.0124512	0.0525614	0.066399	0.0690186	0.0571165	0.0257866	0.0682082	0.031248	
0.0545586	0.0227003	0.0328939	0.0379465	0.0398593	0.0291797	0.0337549	0.0995016	0.0317095	0.0919654	0.0979136	0.0403309	0.0105454	0.0418456	0.0353004	0.0374718	0.0516974	0.102156	0.0558133	0.0528557	
0.0463225	0.0556562	0.0829002	0.0598576	0.064983	0.0460244	0.041215	0.0325528	0.0704183	0.0209589	0.0405708	0.0439893	0.158912	0.0571247	0.0156965	0.0219633	0.0335715	0.0202009	0.0613022	0.0257797	
0.0746333	0.04075	0.0320688	0.0508206	0.0518784	0.0593493	0.07987	0.0262536	0.0496044	0.0418301	0.0537185	0.0638715	0.0134347	0.0537551	0.046926	0.114626	0.0418497	0.0316679	0.0546741	0.018418	
0.0826455	0.0327503	0.0631787	0.0515015	0.0441706	0.0587993	0.0549387	0.0265112	0.0500172	0.0525036	0.0516914	0.0288956	0.00576333	0.0451687	0.0394975	0.0954176	0.122298	0.0244632	0.0434305	0.0263571	
0.0612819	0.0323827	0.0517354	0.0512173	0.0432876	0.0348859	0.0616319	0.0383029	0.0628671	0.0415244	0.0554912	0.0432592	0.0104686	0.0539285	0.0776468	0.0965801	0.0675405	0.0359315	0.0508983	0.0291381	
0.0570265	0.0241289	0.0397851	0.0520634	0.0463394	0.0317656	0.0417184	0.0796637	0.0358726	0.0667532	0.0688595	0.0606582	0.0118683	0.0525982	0.0480038	0.0510018	0.0486006	0.068178	0.0715867	0.043528	
0.0521192	0.0197363	0.0360742	0.0166874	0.0281535	0.0418311	0.0287413	0.12414	0.02387	0.182857	0.136931	0.0257656	0.00444761	0.0195838	0.00691359	0.0140359	0.0316995	0.123148	0.014536	0.0687289	
0.0642673	0.0278668	0.0242093	0.0448707	0.0437375	0.0356091	0.0395119	0.0740993	0.0372464	0.0769482	0.0766701	0.0454487	0.0117547	0.0471412	0.0411769	0.0449681	0.0434091	0.10724	0.0639422	0.0498823	
0.0580159	0.0309187	0.0611634	0.0512826	0.0386107	0.0432643	0.057368	0.0344386	0.0685982	0.0395742	0.0532824	0.0398983	0.00677225	0.0488441	0.0637265	0.111986	0.077388	0.0312576	0.0559602	0.0276503	
0.0655624	0.0184014	0.0599415	0.0519053	0.0577684	0.033382	0.0458675	0.0354234	0.0495307	0.0330045	0.0504261	0.0529454	0.0464746	0.0460241	0.023458	0.026456	0.0399463	0.0266263	0.205471	0.0313844	
0.053063	0.0200816	0.036213	0.0153659	0.03118	0.0331664	0.0265724	0.126455	0.0237347	0.168712	0.145653	0.0245756	0.00350469	0.0180922	0.00713693	0.016718	0.0334021	0.127604	0.0182698	0.0704992	
0.0518993	0.0299537	0.056542	0.0763106	0.0490728	0.0439728	0.0441802	0.0523218	0.033041	0.0516536	0.0566205	0.0549576	0.0165729	0.0654346	0.0508105	0.0585708	0.0522276	0.0491128	0.0756126	0.0311321	
0.0567504	0.031561	0.114939	0.0441454	0.0490884	0.0531311	0.0524863	0.0495408	0.0466502	0.0902842	0.0634467	0.0301042	0.00818555	0.0492318	0.0291956	0.0484814	0.0490982	0.0407509	0.0532326	0.039696	
0.0205485	0.0531992	0.363956	0.0171143	0.0626828	0.021061	0.0379608	0.0222109	0.0479305	0.0524759	0.0422927	0.0275908	0.0356611	0.0346573	0.0202199	0.0499276	0.0395815	0.00367371	0.0388636	0.00839161	
0.059339	0.0285017	0.0386925	0.0521556	0.0480376	0.0411965	0.0459611	0.0595163	0.0425748	0.0650757	0.0643804	0.0504561	0.00965048	0.0562979	0.0545041	0.0518587	0.050685	0.0588274	0.0745274	0.0477617	
0.046429	0.0129893	0.00817966	0.00807018	0.0242988	0.00575457	0.0207765	0.171896	0.0130075	0.164253	0.14625	0.0135188	0.00237579	0.0168428	0.00731175	0.00729942	0.0299951	0.194799	0.017128	0.0888243	
0.141442	0.027962	0.0225292	0.0374731	0.0501587	0.110236	0.0564719	0.0245209	0.0683475	0.0539142	0.0489422	0.0420777	0.00633565	0.0454723	0.0412652	0.0880313	0.0437878	0.0186857	0.0459057	0.0264416	
0.0719503	0.0309078	0.0789133	0.0372437	0.0199858	0.0890603	0.0466471	0.0339476	0.0479653	0.187312	0.0690692	0.038634	0.011491	0.0410427	0.0216139	0.053922	0.0432807	0.019823	0.0269619	0.030228	
0.0646773	0.038993	0.0471381	0.0806039	0.0506747	0.0444527	0.0607178	0.0384125	0.0723234	0.0332253	0.0508605	0.0439149	0.0185626	0.0747823	0.0417742	0.0601832	0.0538736	0.0346041	0.0581795	0.0320466	
0.0635647	0.0330237	0.0571504	0.0313107	0.0245005	0.06573	0.0310627	0.064014	0.0362633	0.217967	0.0922703	0.0401343	0.00771715	0.0364153	0.0103747	0.0279368	0.0363351	0.0595796	0.0209332	0.0437169	
0.0439644	0.0130479	0.00898844	0.00726974	0.0247288	0.00611544	0.0200682	0.181068	0.0112957	0.169456	0.148193	0.0113125	0.0023932	0.0143511	0.00467904	0.00492864	0.0280564	0.197276	0.0120214	0.0907856	
0.0640994	0.0240729	0.0455154	0.0538793	0.0560947	0.0314717	0.0528483	0.0467395	0.0598373	0.0665345	0.0569598	0.0480228	0.0104422	0.0637641	0.0845443	0.0440501	0.0482505	0.0392336	0.0658107	0.0378288	
0.0556546	0.0324479	0.0360468	0.0679845	0.0464039	0.0299206	0.0400778	0.0629588	0.0372479	0.0667644	0.0602017	0.0541124	0.0141404	0.0583842	0.0474373	0.0492515	0.0462135	0.082764	0.0712444	0.0407435	
0.0746866	0.0309184	0.0392184	0.0502925	0.0463847	0.0672449	0.0499842	0.0450006	0.0530868	0.0498677	0.0565995	0.0478141	0.00896433	0.0540001	0.0633146	0.0559504	0.0521664	0.0417544	0.0752205	0.037531	
0.0452102	0.0178892	0.00788122	0.013086	0.0237077	0.00637506	0.0241616	0.157105	0.0175305	0.151641	0.135103	0.0181667	0.00537721	0.0204228	0.00948529	0.010195	0.0295358	0.202881	0.0183653	0.0858812	
0.0397062	0.0624748	0.0990142	0.0536594	0.0659875	0.0481687	0.0521579	0.0314757	0.0592821	0.0150205	0.0356956	0.0419704	0.213909	0.0434331	0.0064469	0.0100209	0.0306577	0.0125929	0.0565632	0.021763	
