0.0664833	0.08484	0.0253837	0.0331362	0.00572065	0.0583081	0.0370344	0.0210407	0.0564463	0.0203488	0.0698953	0.0402334	0.0080246	0.0632873	0.187983	0.068244	0.03098	0.0864938	0.00311608	0.0330001	
0.00837001	0.0309921	0.0543133	0.082182	0.0539997	0.0098975	0.0379395	0.0478205	0.0762668	0.0538871	0.0763191	0.0601715	0.0418302	0.0453534	0.0789412	0.0319638	0.040513	0.08432	0.0462611	0.0386584	
0.0571259	0.0418035	0.0576505	0.054563	0.0421976	0.0474682	0.0484005	0.0417388	0.0565883	0.046671	0.0583538	0.0551717	0.0618658	0.0576896	0.0462795	0.0556115	0.0540121	0.0456967	0.0241579	0.046954	
0.0188885	0.0231254	0.00637958	0.00160485	0.000909063	0.0052635	0.00767988	0.156971	0.0641019	0.0442347	0.00545166	0.00285372	0.0268989	0.0283984	0.015104	0.020199	0.117689	0.407996	0.0205412	0.0257106	
0.0505238	0.000750776	0.000534666	0.00190981	0.0108389	0.00110137	0.0377646	0.146611	0.260251	0.0584701	0.0749521	0.0121349	6.89113e-05	0.0935522	0.0807221	0.0223297	0.0428813	0.0929736	0.00376327	0.00786624	
0.0600509	0.0385176	0.0507766	0.0580042	0.0493329	0.049729	0.0543463	0.0497395	0.057962	0.0551985	0.0592608	0.0548373	0.00065406	0.0574562	0.0520672	0.052536	0.0575089	0.0520285	0.0471805	0.0428129	
0.0505238	0.000750776	0.000534666	0.00190981	0.0108389	0.00110137	0.0377646	0.146611	0.260251	0.0584701	0.0749521	0.0121349	6.89113e-05	0.0935522	0.0807221	0.0223297	0.0428813	0.0929736	0.00376327	0.00786624	
0.0246441	0.0172644	0.0021266	0.000343462	0.0072417	0.00254775	0.00489018	0.266065	0.00312279	0.284938	0.00774865	0.00181935	0.000157495	0.00164371	0.000299328	0.000582206	0.00310776	0.326378	0.00700844	0.0380711	
0.0540534	0.0263797	0.00325429	0.0396021	0.0398449	0.0417242	0.0978928	0.0176524	0.0764468	0.0351175	0.105229	0.0609528	0.000251983	0.0687023	0.075687	0.0687317	0.0543013	0.0411305	0.0304451	0.0626	
0.0600509	0.0385176	0.0507766	0.0580042	0.0493329	0.049729	0.0543463	0.0497395	0.057962	0.0551985	0.0592608	0.0548373	0.00065406	0.0574562	0.0520672	0.052536	0.0575089	0.0520285	0.0471805	0.0428129	
0.109152	0.0352897	0.00179477	0.00163972	0.0143243	0.000685048	0.00424542	0.0475887	0.000947316	0.0311434	0.219153	0.00280773	0.000402053	0.0803178	0.00030146	0.151177	0.131796	0.133851	0.0248472	0.00853793	
0.0103019	0.037205	0.0018708	0.436772	0.0634237	0.00513118	0.00293052	0.0426305	0.000563864	0.00769267	0.0583033	0.0250201	0.00404381	0.126982	0.00243128	0.0445185	0.0731402	0.0026169	0.0285505	0.0258712	
0.0600509	0.0385176	0.0507766	0.0580042	0.0493329	0.049729	0.0543463	0.0497395	0.057962	0.0551985	0.0592608	0.0548373	0.00065406	0.0574562	0.0520672	0.052536	0.0575089	0.0520285	0.0471805	0.0428129	
0.0600509	0.0385176	0.0507766	0.0580042	0.0493329	0.049729	0.0543463	0.0497395	0.057962	0.0551985	0.0592608	0.0548373	0.00065406	0.0574562	0.0520672	0.052536	0.0575089	0.0520285	0.0471805	0.0428129	
0.00360261	0.000396436	0.0063738	0.00668289	0.0333656	0.0052168	0.0290506	0.132362	0.00792073	0.261517	0.22628	0.00522563	0.00645372	0.0314348	0.0012947	0.0238463	0.07022	0.0292315	0.0061616	0.113363	
0.0600509	0.0385176	0.0507766	0.0580042	0.0493329	0.049729	0.0543463	0.0497395	0.057962	0.0551985	0.0592608	0.0548373	0.00065406	0.0574562	0.0520672	0.052536	0.0575089	0.0520285	0.0471805	0.0428129	
0.241662	0.00388734	0.0124152	0.00726345	0.00412476	0.263541	0.0101958	0.00211171	0.0132234	0.0064688	0.0383483	0.00120423	0.000548406	0.034989	0.000183167	0.201256	0.148676	0.00494843	0.00249891	0.00245386	
0.0659295	0.00778713	0.00287446	0.00667932	0.0127411	0.00367795	0.108164	0.0466676	0.0881416	0.0378795	0.050402	0.103025	0.0646978	0.0612846	0.0959256	0.0812835	0.0717884	0.0371267	0.0035375	0.0503868	
0.0061516	0.00778972	0.00020815	0.00280494	0.173424	0.00668816	0.000277134	0.207197	0.000330366	0.169667	0.210599	0.000395951	0.00145254	0.0044184	6.54735e-05	0.00165767	0.00379432	0.18869	0.00835804	0.00603003	
0.167131	0.0250745	0.00553142	0.00852392	0.0071592	0.625989	0.00390353	0.0112365	0.0153698	0.00308575	0.0641156	0.0024787	0.000655329	0.0244596	0.00106026	0.0227096	0.000661253	0.0059659	0.000204906	0.00468389	
0.069402	0.00239102	0.000552109	0.00954452	0.183306	0.00833236	0.000731192	0.0156927	0.000433792	0.183686	0.230817	0.0005609	0.000538345	0.00207162	0.000216097	0.000397191	0.000717764	0.0182275	0.00102943	0.271353	
0.0795065	0.0283414	0.000151887	0.000177176	0.129112	0.00209802	0.00228805	0.148886	0.000195596	0.161373	0.146501	0.00161166	0.000201563	0.00264126	0.000477135	0.00658499	0.0732445	0.167977	0.000879596	0.0477514	
0.102399	0.0172724	0.00267453	0.106933	0.0127185	0.00210982	0.0370605	0.0286598	0.0612456	0.0802294	0.0406363	0.0600566	0.000318529	0.0824867	0.00186398	0.17407	0.0862547	0.0535081	0.00713785	0.0423648	
0.0760641	0.0330339	0.00051816	0.0049476	0.0078446	0.00161699	0.00150252	0.204678	0.000672073	0.151079	0.186218	0.00235808	0.000294649	0.0134462	0.00209296	0.0026147	0.073653	0.230344	0.00196282	0.00505922	
0.0779272	0.0149455	0.185565	0.145018	0.00251647	0.0294564	0.0423881	0.0207549	0.00342699	0.0078448	0.0325978	0.0386466	0.00121203	0.236847	0.0090331	0.137766	0.00366578	0.00831566	0.00035773	0.00171535	
0.0594567	0.00503692	0.000634584	0.0459668	0.123228	0.000215805	0.0205853	0.117015	0.00322854	0.109206	0.115922	0.0011969	0.00690715	0.0105601	0.00740224	0.00777983	0.0834666	0.102144	0.100849	0.0791983	
0.0548547	0.00878552	0.0583279	0.0635847	0.0503121	0.0526116	0.0537357	0.0417218	0.0516533	0.0486716	0.0606368	0.0550564	0.0405073	0.05494	0.0542356	0.0497364	0.0476389	0.0607844	0.0375166	0.0546888	
0.0289672	0.00504243	0.144984	0.113126	0.0135865	0.119315	0.0428485	0.00342433	0.0549481	0.0133864	0.0107137	0.168963	0.00222019	0.0663717	0.0189284	0.113904	0.0658937	0.00339885	0.00324602	0.00673183	
0.00892687	0.00104327	0.0174346	0.0101371	0.00914605	0.188751	0.00733326	0.00143185	0.00566973	0.00269585	0.0618402	0.628552	0.0103214	0.00640378	0.00289629	0.0162213	0.00157581	0.0022467	0.0106923	0.00668006	
0.0600446	0.0384921	0.0507025	0.0579732	0.0493337	0.0496965	0.0543789	0.0497227	0.0579636	0.0551878	0.0593125	0.0548315	0.000662495	0.0574718	0.052115	0.0525532	0.0575039	0.0520735	0.0471338	0.0428467	
0.0594567	0.00503692	0.000634584	0.0459668	0.123228	0.000215805	0.0205853	0.117015	0.00322854	0.109206	0.115922	0.0011969	0.00690715	0.0105601	0.00740224	0.00777983	0.0834666	0.102144	0.100849	0.0791983	
0.0195427	0.00658833	0.000944922	0.0359681	0.0971123	0.0109357	0.0264491	0.106886	0.0714627	0.125908	0.185117	0.0156636	0.00187029	0.00746709	0.017475	0.00695503	0.03538	0.11137	0.0104028	0.106501	
0.0718803	0.0200629	0.0866562	0.106534	0.00834519	0.118071	0.0213805	0.00525137	0.114666	0.00914304	0.00571015	0.0752088	0.00182068	0.0744711	0.0813565	0.0897779	0.0998217	0.00750799	0.000585493	0.00174982	
0.0712445	0.0133346	0.0037152	0.0485655	0.044474	0.0423763	0.0947772	0.012476	0.0864629	0.0271071	0.109168	0.0568475	0.000287972	0.0676741	0.0710241	0.0784701	0.0562301	0.0459462	0.0109105	0.0589077	
0.0960391	0.00274645	0.00108328	0.0004445	0.0363771	0.00298933	0.098624	0.0114626	0.00618718	0.0366897	0.159294	0.109016	0.000982079	0.046466	0.0367585	0.124709	0.0328569	0.0253266	0.0716706	0.100276	
0.0320216	0.0133753	0.0141247	0.0201337	0.00832034	0.00547516	0.0715045	0.00489008	0.216371	0.00830729	0.00224587	0.00640188	0.00209978	0.0133188	0.539756	0.00276694	0.00452519	0.027972	0.000328936	0.00606167	
0.0571568	0.0255129	0.057382	0.0586075	0.0452205	0.0474148	0.052119	0.0450951	0.0525299	0.049146	0.0593429	0.0540857	0.0556726	0.0547654	0.0491424	0.0534002	0.0507998	0.0539763	0.0283894	0.0502408	
0.0600509	0.0385176	0.0507766	0.0580042	0.0493329	0.049729	0.0543463	0.0497395	0.057962	0.0551985	0.0592608	0.0548373	0.00065406	0.0574562	0.0520672	0.052536	0.0575089	0.0520285	0.0471805	0.0428129	
0.0301573	0.0163348	0.15759	0.20263	0.058782	0.0113827	0.0432688	0.0274117	0.000861381	0.00561606	0.0551569	0.0106587	0.00232654	0.103923	0.00391144	0.0421345	0.066364	0.0388296	0.0998978	0.0227634	
0.0409576	0.0100264	0.0107415	0.00576796	0.0205119	0.00306188	0.128222	0.0758341	0.192803	0.0886507	0.0150971	0.00974892	0.0159097	0.0314101	0.211353	0.0270337	0.0810828	0.0189477	0.003773	0.00906599	
0.0314769	0.00085812	0.00465351	0.0743859	0.468592	0.0332699	0.0246337	0.000764668	0.094083	0.005911	0.0320512	0.0060186	0.0406912	0.026217	0.00635471	0.001276	0.0791496	0.00291637	0.0484501	0.0182463	
0.0204046	0.00874833	0.00232972	0.0049314	0.0153624	0.00898732	0.0189429	0.0127607	0.0197546	0.0170174	0.0162159	0.0102432	0.715742	0.0198499	0.00853157	0.0155228	0.0204224	0.0116949	0.00665406	0.045884	
0.00598388	0.00920787	0.000218416	0.00255558	0.160159	0.00632124	0.000662295	0.204934	0.000469221	0.183266	0.208059	0.00043906	0.00190327	0.0052232	0.000320965	0.00141329	0.00336412	0.193437	0.00706067	0.00500151	
0.15864	0.100826	0.00383819	0.00265935	0.00193888	0.0564007	0.0149102	0.0079947	0.000587165	0.0354139	0.139643	0.138687	0.000317804	0.0183758	0.000306664	0.10949	0.11464	0.0863856	0.0020822	0.0068628	
0.000952287	0.00263764	0.0607801	0.0749463	0.00328239	0.0166533	0.0295776	0.0856697	0.018354	0.00428827	0.0493493	0.0120121	0.000151719	0.0670109	0.0086849	0.54069	0.00695549	0.0162066	0.00119069	0.000606556	
0.00134857	0.026457	0.0463546	0.0996998	0.116575	0.021419	0.0209781	0.00116876	0.00119415	0.0200152	0.0059759	0.00542827	0.0145793	0.0318804	0.000783456	0.00781302	0.475501	0.0356092	0.0420149	0.0252043	
0.228839	0.0221923	0.00138275	0.00347395	0.15499	0.0108102	0.133293	0.00898484	0.0164402	0.00297685	0.125438	0.00315048	0.000688332	0.0270804	0.000594477	0.0781833	0.00430987	0.165298	0.0105341	0.00134033	
0.0913741	0.0304385	0.01813	0.000504002	0.119193	0.123041	0.0394674	0.00405107	0.421974	0.0264871	0.00161491	0.000263496	0.0174503	0.000765871	0.00281579	0.0267605	0.00375182	0.0295149	0.0122809	0.0301221	
0.0566064	0.0511898	0.00263264	0.0107635	0.00392483	0.00242357	0.00400158	0.133461	0.044221	0.00448227	0.0186358	0.00334148	0.261487	0.00664216	0.000390061	0.0107544	0.12876	0.225164	0.0210607	0.010058	
0.146352	0.0407381	0.00437527	0.00460757	0.04354	0.0113459	0.00167083	0.136375	0.00185954	0.170093	0.138891	0.00687188	0.0949579	0.011918	0.000470221	0.0222762	0.0244317	0.124285	0.00489976	0.0100418	
0.0640271	0.0473048	0.00291849	0.00876248	0.00107543	0.00269048	0.00143375	0.0136546	0.0111275	0.315368	0.155243	0.0154133	0.000685263	0.00278124	0.000462528	0.00948636	0.0216256	0.277429	0.0139518	0.0345597	
0.18649	0.361983	0.000263229	0.000764908	0.000904144	0.0148328	0.0499321	0.0954865	0.0061082	0.00933495	0.00470821	0.00735828	0.000297541	0.0260323	0.000924956	0.00421404	0.0151051	0.212986	0.000263371	0.00200968	
0.176197	0.0377281	0.000804724	0.00201791	0.0138368	0.229074	0.0118212	0.0214897	0.019468	0.0190642	0.0487708	0.00235422	0.000760619	0.044547	0.000515982	0.283557	0.0141917	0.00422809	0.0297274	0.0398452	
0.0585618	0.0477015	0.0196577	0.0356331	0.0434302	0.0159787	0.0426728	0.0569239	0.0469045	0.0762335	0.0777152	0.0642181	0.00156477	0.0434834	0.0601022	0.0563236	0.0672217	0.0808916	0.0482058	0.056576	
0.0117689	0.0365406	0.0014891	0.000522025	0.00159514	0.00100579	0.000755531	0.279189	0.00101036	0.196717	0.140204	0.000255055	0.00023193	0.00153172	0.000479457	0.000910822	0.0257591	0.298033	0.000774103	0.00122678	
0.00308526	0.00824373	0.547163	0.00512024	0.00220028	0.000838781	0.000233053	0.00221794	0.00199624	0.143335	0.27351	0.00341171	0.00026619	0.00265763	8.2513e-05	0.00114943	0.000211171	0.00238583	0.000147071	0.00174569	
0.0600509	0.0385176	0.0507766	0.0580042	0.0493329	0.049729	0.0543463	0.0497395	0.057962	0.0551985	0.0592608	0.0548373	0.00065406	0.0574562	0.0520672	0.052536	0.0575089	0.0520285	0.0471805	0.0428129	
0.136938	0.0152097	0.00313765	0.010534	0.0497811	0.00325988	0.0383335	0.00216857	0.14458	0.087852	0.0915954	0.0422621	0.000122282	0.13388	0.18285	0.0307691	0.00461316	0.003426	0.00176089	0.0169262	
0.149047	0.146402	0.00199766	0.00120647	0.00479224	0.00678986	0.130084	0.128592	0.010054	0.0103403	0.0615133	0.00739869	0.000165818	0.0678421	0.00559913	0.053148	0.105235	0.0962503	0.00104479	0.012498	
0.003627	0.0336353	0.210381	0.216332	0.0251096	0.00117073	0.000641106	0.0539571	0.000903294	0.0085015	0.0625669	0.000521447	0.00207527	0.180144	0.00515525	0.138833	0.0346321	0.00153842	0.0198105	0.000464709	
0.0600509	0.0385176	0.0507766	0.0580042	0.0493329	0.049729	0.0543463	0.0497395	0.057962	0.0551985	0.0592608	0.0548373	0.00065406	0.0574562	0.0520672	0.052536	0.0575089	0.0520285	0.0471805	0.0428129	
0.0500268	0.0304161	0.0515468	0.0702357	0.0351063	0.0714437	0.119464	0.00360185	0.0982223	0.0382457	0.12034	0.0784919	0.00032142	0.0729947	0.0743009	0.0547883	0.017988	0.00380255	0.00247292	0.00618942	
0.0594005	0.0356365	0.0518669	0.0588441	0.0494502	0.0506021	0.0537663	0.0486274	0.0579027	0.0541126	0.0590681	0.0549441	0.00374027	0.0572218	0.0526577	0.0521284	0.0568849	0.0526615	0.0465825	0.0439013	
0.012108	0.00961336	0.101215	0.0839456	0.0502727	0.00511072	0.00379361	0.164004	0.000694278	0.143244	0.195118	0.0038222	0.000576072	0.0213527	0.00514171	0.0239728	0.0739756	0.0912272	0.00535377	0.00545961	
0.0600509	0.0385176	0.0507766	0.0580042	0.0493329	0.049729	0.0543463	0.0497395	0.057962	0.0551985	0.0592608	0.0548373	0.00065406	0.0574562	0.0520672	0.052536	0.0575089	0.0520285	0.0471805	0.0428129	
0.0273031	0.00624081	0.00638343	0.0168187	0.0296441	0.0124342	0.0144255	0.220684	0.0049375	0.279765	0.208316	0.0242012	0.0306063	0.00147747	0.00808033	0.015908	0.0337747	0.0320329	0.0064085	0.0205576	
0.0548226	0.00873079	0.0583337	0.0636073	0.0503171	0.0526077	0.0537761	0.0417349	0.0516657	0.0486671	0.0606393	0.0550699	0.0404054	0.054957	0.0542421	0.0497053	0.0476468	0.0608138	0.0375401	0.0547172	
0.0412674	0.0731193	0.0018435	0.0088101	0.0116806	0.00799187	0.069663	0.012712	0.220259	0.0352344	0.0187617	0.0329615	0.00476805	0.0235325	0.285375	0.0203043	0.0830434	0.0251636	0.0178666	0.00564226	
0.0406874	0.0352114	0.0170178	0.0411336	0.0328966	0.00563517	0.043634	0.0641688	0.0489751	0.0732692	0.0890587	0.0705692	0.00318733	0.0489339	0.0716152	0.0501688	0.0687407	0.0885539	0.0408948	0.0656485	
0.00499949	0.0109989	0.000393951	0.00483514	0.0130363	0.000145026	0.0015694	0.211601	0.00158833	0.239574	0.217286	0.00517518	0.000806211	0.00757336	0.00331246	0.00302672	0.00571382	0.256994	0.00599087	0.00537917	
0.0527993	0.0143827	0.0538104	0.0625608	0.049645	0.0499431	0.0547261	0.0412577	0.0534248	0.0470549	0.0622941	0.05556	0.0368625	0.0569179	0.0541412	0.0486216	0.0475856	0.0603855	0.0402215	0.0578053	
0.00679182	0.0508139	0.00271482	0.00353733	0.207517	0.0152414	0.00424753	0.32925	0.0103677	0.0354013	0.0141561	0.00135563	0.0122509	0.000774904	0.00306455	0.00408918	0.000991509	0.0483929	0.0843083	0.164734	
0.0599514	0.0384615	0.0506717	0.0579817	0.0492002	0.0495547	0.054411	0.0498032	0.0579785	0.0551924	0.0593772	0.0549474	0.000684211	0.0574785	0.0521425	0.0524985	0.0575589	0.0521011	0.0470253	0.0429801	
0.0549376	0.00904438	0.0583521	0.0634735	0.0502641	0.0525028	0.0537258	0.0417774	0.0516544	0.0486606	0.0605625	0.0550134	0.040878	0.0548826	0.054179	0.0498527	0.0476842	0.060605	0.0373418	0.0546082	
0.0570424	0.0206299	0.0568946	0.0591299	0.0474208	0.0466563	0.0528832	0.0465263	0.0516607	0.0496295	0.0600261	0.0540175	0.0529706	0.0531852	0.0497954	0.0526294	0.0487909	0.0565696	0.0302451	0.0532966	
0.126232	0.00748078	0.181465	0.0673282	0.00471694	0.00135755	0.0328379	0.00840907	0.0183192	0.0542085	0.0264707	0.0703924	0.00382427	0.0828248	0.00277022	0.142061	0.0658211	0.0846834	0.0110727	0.00772443	
0.004873	0.010064	0.000380621	0.00486105	0.0134022	0.000124241	0.00155784	0.211249	0.00162258	0.239964	0.219697	0.00500221	0.000807226	0.00770342	0.00338543	0.00310422	0.00557626	0.255828	0.0059457	0.00485164	
0.0232251	0.0252214	0.0655047	0.0374488	0.00998822	0.0076038	0.0168793	0.1104	0.0778115	0.136264	0.101054	0.043442	0.00044761	0.0382347	0.036831	0.0293078	0.116873	0.115095	0.00336779	0.00499974	
0.0571747	0.0216741	0.0568498	0.0587879	0.0471814	0.0463664	0.052603	0.0467451	0.0517994	0.0497825	0.06005	0.0538901	0.0537554	0.0532621	0.049443	0.0527364	0.0489566	0.0563112	0.0296744	0.0529563	
0.0151798	0.00288031	0.00242782	0.0198174	0.110069	0.00476562	0.0532698	0.0110084	0.00289294	0.00593891	0.0303584	0.0151131	0.0712189	0.00442682	0.00385457	0.00477611	0.0105265	0.0074297	0.420947	0.203099	
0.165496	0.0270705	0.00601357	0.0146997	0.00169327	0.063996	0.0291134	0.024182	0.0149999	0.00457249	0.0623899	0.0217221	0.0026127	0.044012	0.00413623	0.463718	0.0187878	0.0173835	0.00358174	0.00981857	
0.0199141	0.00729254	0.00272955	0.00592894	0.0289977	0.00898881	0.0315168	0.0151825	0.0212347	0.0178172	0.014136	0.0128246	0.639325	0.0189367	0.00939042	0.014391	0.01979	0.0125662	0.0106212	0.0884157	
0.0729356	0.0579966	0.00721425	0.0972823	0.00304021	0.00513215	0.0411412	0.0920217	0.00793443	0.10446	0.131988	0.00298861	0.00124688	0.0427207	0.0135133	0.0288549	0.0668155	0.0946224	0.0884955	0.039596	
0.191103	0.143252	0.001333	0.000688242	0.0011571	0.000426814	0.0386212	0.00556123	0.00238505	0.0450551	0.00902422	0.00184334	0.00015126	0.0222576	0.000695438	0.202014	0.260856	0.0675778	0.00331178	0.00268696	
0.0548226	0.00873079	0.0583337	0.0636073	0.0503171	0.0526077	0.0537761	0.0417349	0.0516657	0.0486671	0.0606393	0.0550699	0.0404054	0.054957	0.0542421	0.0497053	0.0476468	0.0608138	0.0375401	0.0547172	
0.0548251	0.00876175	0.0583236	0.0636178	0.050322	0.052626	0.0538019	0.0417535	0.0516861	0.0486901	0.0606235	0.0550612	0.0402038	0.0549725	0.054255	0.0496857	0.0476564	0.0608057	0.0376139	0.0547145	
0.142205	0.00883833	0.00231216	0.0302432	0.0472735	0.0789229	0.0131878	0.00282881	0.0902492	0.0374121	0.117397	0.0681205	0.0015159	0.103561	0.0800343	0.0870139	0.00380085	0.000610684	0.0137308	0.070743	
0.041232	0.012165	0.00287388	0.00384205	0.0666829	0.00928025	0.09215	0.0709736	0.0144902	0.102939	0.0806884	0.00659279	0.0133041	0.0736626	0.0253999	0.077729	0.0973903	0.135758	0.0301492	0.0426974	
0.0572282	0.0416328	0.0578863	0.0545137	0.042222	0.0474789	0.048308	0.0418168	0.0564672	0.0467911	0.0583378	0.0551418	0.0621952	0.0575566	0.0462166	0.0556358	0.0540276	0.0457244	0.0239334	0.0468857	
0.0454209	0.0416073	0.0260139	0.0544216	0.0436865	0.0310282	0.0592499	0.0485688	0.0585282	0.0422775	0.0692881	0.0601844	0.0156331	0.0620488	0.0572719	0.0456088	0.0554481	0.0557762	0.0525449	0.0753929	
0.00731687	0.0207664	0.0142116	0.00986973	0.00778982	0.730031	0.0242009	0.00103152	0.00265767	0.0106548	0.0380005	0.0582105	0.00934952	0.0287829	0.00562464	0.00720702	0.00503554	0.00425982	0.000939204	0.0140604	
0.0205963	0.0308529	0.0215268	0.00478845	0.00225092	0.0213877	0.00417172	0.143155	0.00531926	0.32823	0.35791	0.0124199	0.00662009	0.014211	0.00149421	0.000834897	0.00115426	0.00844564	0.00442921	0.0102012	
0.0155053	0.0258775	0.0619277	0.236552	0.0261194	0.00380288	0.00381621	0.0041864	0.0107901	0.0606835	0.0771768	0.0470054	0.012485	0.119829	0.00070503	0.189644	0.0819806	0.00578058	0.0117843	0.00434894	
0.00518808	0.0109615	0.000408341	0.0047373	0.012657	0.000152391	0.00148179	0.21312	0.00155825	0.237768	0.217699	0.00469893	0.000787031	0.00742992	0.00320365	0.00292729	0.00654724	0.258386	0.00562275	0.00466616	
0.0600509	0.0385176	0.0507766	0.0580042	0.0493329	0.049729	0.0543463	0.0497395	0.057962	0.0551985	0.0592608	0.0548373	0.00065406	0.0574562	0.0520672	0.052536	0.0575089	0.0520285	0.0471805	0.0428129	
0.0779272	0.0149455	0.185565	0.145018	0.00251647	0.0294564	0.0423881	0.0207549	0.00342699	0.0078448	0.0325978	0.0386466	0.00121203	0.236847	0.0090331	0.137766	0.00366578	0.00831566	0.00035773	0.00171535	
0.00400466	0.00997405	0.519593	0.00512403	0.0025439	0.00148676	0.000844628	0.00376483	0.00211839	0.161659	0.272414	0.00408263	0.00153511	0.00347861	0.00010573	0.00147986	0.000267528	0.00288598	0.000427438	0.00221032	
0.166013	0.367713	0.00205832	0.00827783	0.000841717	0.0137704	0.0474347	0.102522	0.00878075	0.0152003	0.011085	0.00644522	0.00152291	0.0258147	0.00116104	0.00431157	0.0174413	0.196947	0.000261504	0.00239861	
0.0546772	0.00923788	0.0582032	0.0634517	0.0501737	0.0525526	0.0537494	0.0417026	0.0517071	0.0486468	0.0606332	0.0551507	0.0404004	0.0551419	0.0542342	0.0496588	0.0477796	0.060708	0.0375444	0.0546468	
0.395909	0.0330216	0.00451505	0.00384983	0.00236299	0.012372	0.0227532	0.0629671	0.0149721	0.00978966	0.0361886	0.00996803	0.00525379	0.0364918	0.00474801	0.288255	0.0175493	0.0131123	0.00300769	0.0229131	
0.25185	0.103485	0.00238656	0.00163791	0.0025247	0.00100157	0.0407901	0.00688413	0.00111115	0.0244932	0.00752079	0.00154238	0.00018176	0.0285957	0.000538693	0.179926	0.287182	0.0497795	0.00529246	0.00327595	
0.0117689	0.0365406	0.0014891	0.000522025	0.00159514	0.00100579	0.000755531	0.279189	0.00101036	0.196717	0.140204	0.000255055	0.00023193	0.00153172	0.000479457	0.000910822	0.0257591	0.298033	0.000774103	0.00122678	
0.176799	0.0863595	0.010018	0.0238751	0.00100285	0.107692	0.000935184	0.0385166	0.00810375	0.0497737	0.0935129	0.0105526	0.000682751	0.0730365	0.0126524	0.118984	0.116126	0.0679602	0.00176475	0.00165316	
0.0433547	0.0373324	0.0155728	0.0386906	0.0352896	0.00515208	0.0402665	0.0626464	0.0467018	0.0775347	0.0871946	0.0678559	0.00264475	0.0465211	0.0730401	0.0508103	0.0670997	0.0912794	0.047375	0.0636376	
0.00095315	0.00263604	0.0607967	0.074772	0.00327938	0.0168964	0.0295062	0.0854122	0.0183579	0.00430767	0.0493564	0.0119926	0.000151436	0.0669084	0.00867738	0.541113	0.00694901	0.0161388	0.001191	0.000604857	
0.00308526	0.00824373	0.547163	0.00512024	0.00220028	0.000838781	0.000233053	0.00221794	0.00199624	0.143335	0.27351	0.00341171	0.00026619	0.00265763	8.2513e-05	0.00114943	0.000211171	0.00238583	0.000147071	0.00174569	
0.0093477	0.00154858	0.0171505	0.00926471	0.00878008	0.157188	0.00415168	0.000572894	0.00575749	0.0032334	0.0630227	0.66234	0.00849188	0.00508777	0.00264287	0.0176185	0.00143635	0.00701332	0.0123466	0.00300515	
0.145834	0.122713	0.00536331	0.000686739	0.0176413	0.223809	0.0227182	0.00306765	0.00495788	0.00123291	0.0185129	0.00292079	0.00214585	0.0563878	0.00202124	0.190098	0.160083	0.014104	0.00473043	0.000972039	
0.619296	0.0161707	0.000840633	0.00515258	0.0163449	0.0160188	0.0453942	0.00880338	0.0322408	0.00352544	0.0647525	0.0380206	0.000428663	0.0433847	0.0073345	0.0259176	0.00526915	0.00995603	0.0189281	0.0222207	
0.244125	0.00518132	0.0137656	0.00675435	0.00403249	0.262462	0.00888391	0.00241696	0.0125238	0.00575948	0.0382052	0.00126732	0.00043661	0.0337285	0.000180084	0.196247	0.155292	0.00439116	0.0025826	0.00176455	
0.00885566	0.00152278	0.0160936	0.0132098	0.0084356	0.15517	0.00472897	0.000583714	0.00521762	0.00205007	0.0639542	0.663954	0.00932591	0.00311937	0.00354677	0.015042	0.00162965	0.0063929	0.0144334	0.00273388	
0.004873	0.010064	0.000380621	0.00486105	0.0134022	0.000124241	0.00155784	0.211249	0.00162258	0.239964	0.219697	0.00500221	0.000807226	0.00770342	0.00338543	0.00310422	0.00557626	0.255828	0.0059457	0.00485164	
0.0359008	0.0329613	0.0112606	0.00817186	0.00497943	0.00616887	0.0309475	0.242459	0.0239764	0.423476	0.0645111	0.0331308	0.00234974	0.00697406	0.00230693	0.00114663	0.00685745	0.038201	0.00092864	0.0232914	
0.00941021	0.00263428	0.0159492	0.0121463	0.0378819	0.00334556	0.0145241	0.189858	0.00274488	0.300137	0.194612	0.0105016	0.00960247	0.00974992	0.0024158	0.0111611	0.0457094	0.067539	0.00147425	0.0586033	
0.0600509	0.0385176	0.0507766	0.0580042	0.0493329	0.049729	0.0543463	0.0497395	0.057962	0.0551985	0.0592608	0.0548373	0.00065406	0.0574562	0.0520672	0.052536	0.0575089	0.0520285	0.0471805	0.0428129	
0.0637056	0.0400749	0.0499511	0.0592511	0.0434449	0.0528133	0.0501405	0.0507997	0.0522882	0.05452	0.060969	0.0543155	0.0010845	0.0566267	0.0530782	0.055499	0.0616983	0.0587176	0.0414165	0.0396053	
0.0061516	0.00778972	0.00020815	0.00280494	0.173424	0.00668816	0.000277134	0.207197	0.000330366	0.169667	0.210599	0.000395951	0.00145254	0.0044184	6.54735e-05	0.00165767	0.00379432	0.18869	0.00835804	0.00603003	
0.0073076	0.0207554	0.0142665	0.00995479	0.00765779	0.730172	0.0239668	0.000988252	0.00264917	0.0107694	0.0380734	0.0578337	0.00926636	0.0290511	0.00565573	0.00723214	0.00505487	0.00430599	0.000941505	0.014097	
0.111136	0.0183739	0.0134366	0.0186239	0.00828678	0.328798	0.0118255	0.015658	0.0196793	0.0141981	0.00696143	0.158828	0.00414558	0.0490423	0.0296125	0.0788956	0.0494789	0.0123336	0.0429325	0.00775374	
0.0694956	0.00938229	0.00872985	0.0151193	0.00884038	0.0179207	0.160725	0.0259863	0.00445502	0.0126847	0.0232602	0.00965775	0.453884	0.0368697	0.00809944	0.0215102	0.0189996	0.0777564	0.00853621	0.00808771	
0.0572847	0.0417677	0.057884	0.0544927	0.0421776	0.0475156	0.0482646	0.0418089	0.056487	0.0467836	0.0583232	0.0551033	0.0623247	0.0575723	0.0462105	0.055675	0.0540352	0.0456628	0.023875	0.0467516	
0.0514241	0.0454738	0.0404482	0.0557547	0.0437077	0.0425666	0.0537036	0.0402008	0.056923	0.0407564	0.0633777	0.0569694	0.0370422	0.0621542	0.0523718	0.0503923	0.0535864	0.0470538	0.0446844	0.061409	
0.00617198	0.00833737	0.000207695	0.00269856	0.170967	0.00640881	0.00035295	0.205617	0.000326381	0.17405	0.210558	0.000401234	0.00153006	0.00455722	0.00013515	0.00156486	0.0036323	0.189095	0.00775826	0.00563073	
0.00597912	0.0475819	0.0296055	0.0527031	0.00286581	0.0576625	0.0120487	0.0054513	0.0476114	0.00420517	0.0345502	0.0923131	0.00167924	0.0837739	0.0790231	0.068887	0.143551	0.227437	0.00152936	0.00154124	
0.0600509	0.0385176	0.0507766	0.0580042	0.0493329	0.049729	0.0543463	0.0497395	0.057962	0.0551985	0.0592608	0.0548373	0.00065406	0.0574562	0.0520672	0.052536	0.0575089	0.0520285	0.0471805	0.0428129	
0.0594567	0.00503692	0.000634584	0.0459668	0.123228	0.000215805	0.0205853	0.117015	0.00322854	0.109206	0.115922	0.0011969	0.00690715	0.0105601	0.00740224	0.00777983	0.0834666	0.102144	0.100849	0.0791983	
0.0791288	0.0283946	0.000152058	0.000175633	0.129335	0.00209504	0.00229618	0.148708	0.000194999	0.161519	0.146574	0.00161194	0.000201855	0.00264093	0.000474538	0.00659967	0.073083	0.168082	0.000881245	0.0478529	
0.0600509	0.0385176	0.0507766	0.0580042	0.0493329	0.049729	0.0543463	0.0497395	0.057962	0.0551985	0.0592608	0.0548373	0.00065406	0.0574562	0.0520672	0.052536	0.0575089	0.0520285	0.0471805	0.0428129	
0.0600509	0.0385176	0.0507766	0.0580042	0.0493329	0.049729	0.0543463	0.0497395	0.057962	0.0551985	0.0592608	0.0548373	0.00065406	0.0574562	0.0520672	0.052536	0.0575089	0.0520285	0.0471805	0.0428129	
0.115689	0.0711376	0.00100442	0.00700387	0.0515499	0.0131569	0.0210029	0.0568119	0.00736291	0.0893759	0.0851241	0.0808145	0.000177765	0.0142377	0.0105093	0.073597	0.0657361	0.0667577	0.121663	0.0472871	
0.0228646	0.00434121	0.163217	0.120126	0.00876199	0.152624	0.0328605	0.00292947	0.0386021	0.0164859	0.0131599	0.213713	0.00404853	0.0687434	0.00728672	0.081922	0.0369108	0.00416418	0.00212781	0.00511012	
0.00308526	0.00824373	0.547163	0.00512024	0.00220028	0.000838781	0.000233053	0.00221794	0.00199624	0.143335	0.27351	0.00341171	0.00026619	0.00265763	8.2513e-05	0.00114943	0.000211171	0.00238583	0.000147071	0.00174569	
0.0572248	0.0416393	0.0578331	0.0545195	0.0422223	0.0474555	0.0483172	0.0418465	0.0564591	0.0467915	0.058396	0.0551279	0.0621844	0.0575505	0.0462295	0.0556221	0.0540056	0.0457526	0.0239464	0.0468761	
0.0600509	0.0385176	0.0507766	0.0580042	0.0493329	0.049729	0.0543463	0.0497395	0.057962	0.0551985	0.0592608	0.0548373	0.00065406	0.0574562	0.0520672	0.052536	0.0575089	0.0520285	0.0471805	0.0428129	
0.0127761	0.0060054	0.00931185	0.0234917	0.000601362	0.067426	0.0223427	0.00190199	0.00123039	0.00114358	0.00457888	0.00215507	0.00425065	0.0137824	0.00131604	0.35952	0.456774	0.00914534	0.00180188	0.000444601	
0.00331372	0.0115158	0.0107188	0.002885	0.00394271	0.00713481	0.139685	0.00749888	0.181214	0.00216925	0.0155444	0.0209716	0.002235	0.185236	0.167667	0.0811608	0.0955096	0.0523798	0.00175736	0.00746062	
0.102797	0.119511	0.0107778	0.00257013	0.0505798	0.0010294	0.0061604	0.120601	0.00247264	0.133267	0.123523	0.000659564	0.00158527	0.0276217	0.00147771	0.0930613	0.0953761	0.103321	0.00145075	0.00215725	
0.0117739	0.0594207	0.519184	0.0741848	0.0229139	0.00155764	0.0169756	0.00825651	0.00070646	0.0018497	0.0299946	0.146168	0.000495979	0.00816978	0.00313326	0.050943	0.00772126	0.0114557	0.0159448	0.00915036	
0.0175543	0.00348308	0.0121151	0.0222874	0.0361339	0.00453407	0.0940758	0.00107844	0.00947577	0.00431064	0.0190131	0.177635	0.000972554	0.00457456	0.346109	0.136477	0.0407583	0.0523817	0.00135555	0.0156748	
0.0452379	0.0427299	0.025325	0.0540799	0.0438896	0.0308257	0.059015	0.0484861	0.058592	0.0420269	0.0692677	0.0603952	0.0152346	0.062082	0.0572544	0.0454434	0.0554362	0.0554981	0.053104	0.0760764	
0.000964883	0.0363678	0.00182049	0.335048	0.0720316	0.000524058	0.0234581	0.037514	0.000476299	0.0724227	0.0577817	0.046145	0.0170473	0.000829901	0.0191033	0.0809415	0.107618	0.00360135	0.0345779	0.0517265	
0.009328	0.0111366	0.0189391	0.0122371	0.00414258	0.0143396	0.0257025	0.119225	0.0108858	0.124237	0.0341956	0.0334378	0.165287	0.0179733	0.00607983	0.0124382	0.185144	0.163536	0.0146541	0.0170812	
0.0600509	0.0385176	0.0507766	0.0580042	0.0493329	0.049729	0.0543463	0.0497395	0.057962	0.0551985	0.0592608	0.0548373	0.00065406	0.0574562	0.0520672	0.052536	0.0575089	0.0520285	0.0471805	0.0428129	
0.0129399	0.0313333	0.00112561	0.00133858	0.00301926	0.000834256	0.000779188	0.260528	0.00106225	0.204514	0.15227	0.0008634	0.000427918	0.00302976	0.000864863	0.00111474	0.0234215	0.296664	0.00156478	0.00230323	
0.0480582	0.0249433	0.00635095	0.00328497	0.00377389	0.358743	0.0112034	0.00269977	0.00812708	0.00525624	0.00273389	0.31474	0.000490914	0.0539165	0.00488482	0.0753244	0.0392412	0.0235145	0.0106109	0.00210195	
0.0600509	0.0385176	0.0507766	0.0580042	0.0493329	0.049729	0.0543463	0.0497395	0.057962	0.0551985	0.0592608	0.0548373	0.00065406	0.0574562	0.0520672	0.052536	0.0575089	0.0520285	0.0471805	0.0428129	
0.126863	0.0911245	0.00152511	0.00543363	0.0515459	0.139117	0.0611045	0.0319807	0.0146657	0.0239797	0.0799329	0.0254408	0.0375656	0.00597528	0.0203932	0.110606	0.0179519	0.0459946	0.0529604	0.0558395	
0.0456432	0.0445844	0.024899	0.0536788	0.0446156	0.0311825	0.059034	0.0489966	0.0589144	0.0425199	0.0686879	0.0603602	0.0112098	0.0621441	0.0571933	0.0454713	0.055847	0.0546168	0.0545505	0.0758507	
0.0572203	0.0415538	0.057853	0.0545661	0.0422719	0.0474606	0.0483155	0.0418599	0.0564463	0.046806	0.0583924	0.0551138	0.0621559	0.0575172	0.0462339	0.0555917	0.0539772	0.0458021	0.0239474	0.0469151	
0.0600509	0.0385176	0.0507766	0.0580042	0.0493329	0.049729	0.0543463	0.0497395	0.057962	0.0551985	0.0592608	0.0548373	0.00065406	0.0574562	0.0520672	0.052536	0.0575089	0.0520285	0.0471805	0.0428129	
0.00712236	0.0461301	0.490173	0.0917286	0.0172508	0.00492138	0.00187227	0.0297325	0.00607584	0.0443724	0.0621674	0.010766	0.00786494	0.0131253	0.000847035	0.0588563	0.0930891	0.00621207	0.00420242	0.0034904	
0.0571151	0.020921	0.0567893	0.0589657	0.047626	0.0463735	0.0527369	0.0467323	0.0516418	0.0497982	0.0602214	0.0538148	0.0533116	0.0530896	0.0496001	0.0525484	0.0488052	0.0566773	0.0299764	0.0532554	
0.136938	0.0152097	0.00313765	0.010534	0.0497811	0.00325988	0.0383335	0.00216857	0.14458	0.087852	0.0915954	0.0422621	0.000122282	0.13388	0.18285	0.0307691	0.00461316	0.003426	0.00176089	0.0169262	
0.00308526	0.00824373	0.547163	0.00512024	0.00220028	0.000838781	0.000233053	0.00221794	0.00199624	0.143335	0.27351	0.00341171	0.00026619	0.00265763	8.2513e-05	0.00114943	0.000211171	0.00238583	0.000147071	0.00174569	
0.0125698	0.00638327	0.0108557	0.0242957	0.000597629	0.0670077	0.0222107	0.00189628	0.00131337	0.00113947	0.00459949	0.00212433	0.00422189	0.0136783	0.00143374	0.358369	0.45605	0.00897236	0.00181265	0.000468595	
0.0106024	0.00254764	0.0219173	0.044479	0.00713927	0.000582002	0.0268802	0.0227579	0.00645948	0.0166659	0.0609386	0.00253646	0.0606292	0.0337796	0.000179372	0.222456	0.392911	0.0396845	0.0164783	0.0103758	
0.0511232	0.0392673	0.0436202	0.0576178	0.0443012	0.044391	0.0534311	0.03964	0.0562527	0.0426711	0.0629197	0.0576666	0.0371131	0.0630242	0.0518533	0.0498658	0.0525816	0.0499852	0.0430983	0.0595765	
0.0142757	0.0350021	0.00899987	0.018956	0.0217408	0.0150347	0.0115294	0.0453189	0.0204741	0.00792203	0.0385958	0.0468743	0.610603	0.00945103	0.00399075	0.0102715	0.012452	0.0228549	0.0138809	0.0317722	
0.0584546	0.039496	0.0473567	0.0569008	0.050136	0.0477078	0.0548305	0.0503191	0.0581817	0.0542245	0.0600592	0.0547085	0.00157466	0.0575156	0.0523814	0.0516777	0.0572137	0.0520281	0.0484882	0.0467454	
0.0718614	0.0275004	0.00535763	0.0954452	0.0541064	0.00534025	0.0434559	0.049126	0.0525663	0.0026022	0.0652546	0.0423821	0.00105184	0.0802114	0.025234	0.0770757	0.0732242	0.144308	0.0238739	0.0600226	
0.00791555	0.000872653	0.000597088	0.00726619	0.151982	0.00161555	0.00877908	0.235243	0.00704376	0.0112891	0.13764	0.00114743	0.00358889	0.0727774	0.00247179	0.000631861	0.00282996	0.156191	0.0160181	0.174101	
0.266244	0.0456048	0.00222969	0.000600806	0.00343338	0.345128	0.0369165	0.00319023	0.0395822	0.00183948	0.0646223	0.00212221	0.000530445	0.0279938	0.00131767	0.134712	0.00525284	0.00791025	0.00136529	0.0094047	
0.0599428	0.0385746	0.0505753	0.0579596	0.049351	0.0496224	0.0543866	0.0497603	0.0580194	0.0550949	0.0592991	0.0548681	0.000706871	0.0574784	0.0520936	0.0524994	0.0574269	0.0519833	0.0472903	0.0430672	
0.0495724	0.0669988	0.101969	0.00296808	0.0232149	0.0475191	0.00965284	0.0580033	0.00586418	0.0352352	0.0537242	0.115399	0.000494335	0.0180929	0.00165447	0.160881	0.147074	0.0952674	0.00493425	0.00148074	
0.0755454	0.0276489	0.000145186	0.000253733	0.130346	0.00229343	0.00205114	0.152258	0.000204805	0.162612	0.148958	0.00161874	0.000277537	0.00258065	0.000448683	0.00625364	0.0708805	0.169292	0.00103278	0.0452994	
0.0478529	0.043165	0.0292537	0.0483079	0.0479073	0.0495156	0.0745766	0.035221	0.06106	0.0507376	0.0728409	0.0563436	0.000423588	0.0576906	0.0641689	0.0518354	0.0546412	0.0461521	0.0559756	0.0523301	
0.0600509	0.0385176	0.0507766	0.0580042	0.0493329	0.049729	0.0543463	0.0497395	0.057962	0.0551985	0.0592608	0.0548373	0.00065406	0.0574562	0.0520672	0.052536	0.0575089	0.0520285	0.0471805	0.0428129	
0.00614812	0.00794406	0.000201773	0.00271116	0.172368	0.00651728	0.00030149	0.206972	0.00032099	0.171542	0.211271	0.00040088	0.00146103	0.00445267	8.47525e-05	0.00161155	0.00374061	0.188086	0.00803537	0.00582901	
0.0630311	0.0252466	0.000137846	0.000588926	0.139399	0.00270099	0.00174238	0.161146	0.000267945	0.164635	0.157345	0.00157983	0.000477839	0.00251115	0.000368977	0.00541337	0.0598417	0.17047	0.00196846	0.0411276	
0.0600509	0.0385176	0.0507766	0.0580042	0.0493329	0.049729	0.0543463	0.0497395	0.057962	0.0551985	0.0592608	0.0548373	0.00065406	0.0574562	0.0520672	0.052536	0.0575089	0.0520285	0.0471805	0.0428129	
0.060239	0.0450523	0.0616353	0.0588993	0.0356592	0.0605619	0.0481087	0.0263968	0.0633305	0.0384334	0.0584412	0.057836	0.060742	0.0623615	0.0489335	0.0662237	0.0563193	0.0321038	0.01961	0.0391126	
0.0599315	0.0446262	0.0617171	0.0585288	0.0353512	0.0595843	0.048271	0.0278339	0.0629661	0.0389127	0.0577853	0.0577866	0.0611439	0.0614629	0.0489249	0.0651212	0.0567538	0.0334725	0.0201131	0.0397131	
0.0572847	0.0417677	0.057884	0.0544927	0.0421776	0.0475156	0.0482646	0.0418089	0.056487	0.0467836	0.0583232	0.0551033	0.0623247	0.0575723	0.0462105	0.055675	0.0540352	0.0456628	0.023875	0.0467516	
0.0836524	0.0124445	0.00985833	0.0142702	0.0108923	0.00549244	0.011438	0.19349	0.00699097	0.408622	0.141108	0.0492725	0.00322278	0.0073319	0.00393166	0.00184135	0.00237297	0.0130518	0.00718957	0.0135258	
0.0930586	0.0579041	0.0709475	0.0920145	0.0233261	0.0493518	0.0596964	0.00359885	0.0753137	0.0443444	0.0188534	0.0742161	0.000628067	0.0682866	0.0578834	0.100792	0.0982365	0.00757304	0.00163656	0.00233851	
0.0572847	0.0417677	0.057884	0.0544927	0.0421776	0.0475156	0.0482646	0.0418089	0.056487	0.0467836	0.0583232	0.0551033	0.0623247	0.0575723	0.0462105	0.055675	0.0540352	0.0456628	0.023875	0.0467516	
0.0570558	0.0377302	0.057738	0.0551033	0.0430746	0.0471636	0.0489024	0.0430961	0.0557099	0.0475316	0.0586309	0.0550938	0.0608062	0.0566231	0.0467766	0.0550985	0.0528604	0.0478647	0.0249041	0.0482361	
0.232257	0.0613233	0.00184613	0.00527235	0.013149	0.206985	0.0645695	0.00449917	0.00652778	0.00566739	0.045563	0.029767	0.00319908	0.0135735	0.00454607	0.246774	0.0291224	0.00296772	0.00829467	0.014096	
0.115196	0.042503	0.00162811	0.0662288	0.00110937	0.0329263	0.0227004	0.0216424	0.105027	0.00518666	0.0718238	0.00745594	0.000305633	0.0597847	0.0893485	0.0952206	0.143583	0.113688	0.00227249	0.00236886	
0.0600509	0.0385176	0.0507766	0.0580042	0.0493329	0.049729	0.0543463	0.0497395	0.057962	0.0551985	0.0592608	0.0548373	0.00065406	0.0574562	0.0520672	0.052536	0.0575089	0.0520285	0.0471805	0.0428129	
0.0420574	0.034562	0.0206148	0.0438864	0.0299924	0.00569784	0.0440016	0.0652343	0.0503093	0.0711001	0.0904231	0.0710735	0.00281545	0.0498612	0.0689456	0.0499962	0.0707209	0.0885633	0.0347243	0.0654204	
0.0387542	0.0282213	0.0199267	0.0118415	0.00334789	0.0231529	0.00386847	0.202912	0.00288768	0.283949	0.329813	0.0075107	0.00405698	0.0083955	0.000951484	0.000812359	0.00101338	0.00934251	0.0064466	0.0127956	
0.0600336	0.038525	0.0507254	0.0579781	0.0493308	0.0497151	0.0543625	0.0497542	0.0579674	0.0551895	0.0592825	0.054825	0.000653582	0.0574579	0.0520866	0.0525428	0.0575146	0.0520184	0.0471944	0.0428425	
0.0597614	0.0383416	0.0502486	0.0579887	0.0487666	0.0490917	0.0544651	0.0498978	0.0581551	0.0550637	0.0598636	0.0554142	0.000784703	0.057583	0.0522075	0.0524073	0.0576646	0.0522884	0.0466136	0.0433929	
0.0104346	0.0029228	0.0149549	0.0637341	0.136816	0.00366119	0.0335421	0.00751037	0.00103724	0.00356903	0.0257243	0.0115165	0.0259871	0.0177508	0.00158885	0.00317095	0.0355597	0.00770665	0.477873	0.11494	
0.00308526	0.00824373	0.547163	0.00512024	0.00220028	0.000838781	0.000233053	0.00221794	0.00199624	0.143335	0.27351	0.00341171	0.00026619	0.00265763	8.2513e-05	0.00114943	0.000211171	0.00238583	0.000147071	0.00174569	
0.0497317	0.0458473	0.0312665	0.0548244	0.0497705	0.0384036	0.0575763	0.0477274	0.0582819	0.0439146	0.0631091	0.0567497	0.00886944	0.0608684	0.0543165	0.0464995	0.0538618	0.0510579	0.0581359	0.0691875	
0.0604899	0.0381698	0.0527071	0.0586537	0.0469358	0.0524241	0.05356	0.0462222	0.0594577	0.0534603	0.0608591	0.0554319	0.00453005	0.058441	0.0522327	0.054095	0.0577665	0.0486704	0.0441865	0.0417063	
0.0238977	0.0144618	0.580182	0.0123186	0.0451196	0.0331082	0.013226	0.0251051	0.0293107	0.010487	0.0313279	0.0307869	0.0105352	0.056746	0.00627799	0.0388475	0.0159997	0.00570059	0.00970933	0.00685187	
0.0582477	0.0379346	0.0475903	0.0566957	0.0475097	0.0464796	0.0551392	0.0512243	0.0588239	0.0547238	0.0617285	0.0565129	0.00118683	0.0581353	0.0531934	0.0520504	0.0583205	0.053309	0.0451391	0.0460554	
0.0322624	0.0436848	0.000909086	0.00455777	0.0181468	0.015765	0.0275108	0.0668157	0.0656365	0.0639777	0.10227	0.00370314	0.00405959	0.0350892	0.0143347	0.0344421	0.15367	0.249258	0.003412	0.0604945	
0.380935	0.0241739	0.0030777	0.0123254	0.00552971	0.215956	0.0089016	0.0119357	0.00473359	0.000649811	0.0229133	0.00557161	0.0107523	0.00992604	0.00665267	0.180172	0.0471613	0.0085543	0.0387979	0.00128087	
0.111136	0.0183739	0.0134366	0.0186239	0.00828678	0.328798	0.0118255	0.015658	0.0196793	0.0141981	0.00696143	0.158828	0.00414558	0.0490423	0.0296125	0.0788956	0.0494789	0.0123336	0.0429325	0.00775374	
0.0580444	0.0409007	0.058719	0.0554795	0.0406296	0.0494374	0.048624	0.0392739	0.0577342	0.0450847	0.0582823	0.0555707	0.0632255	0.0585926	0.0464073	0.0568645	0.054598	0.0441456	0.0230515	0.0453345	
0.00591825	0.0359024	0.0511284	0.00153248	0.00510305	0.0090068	0.00567933	0.0981941	0.00631032	0.404526	0.264804	0.00590505	0.0385939	0.0296585	0.000574588	0.00188088	0.000776407	0.0106044	0.017313	0.00658796	
