0.0782872	0.0435986	0.0265563	0.0260737	0.0620122	0.0369978	0.0193524	0.118082	0.0209782	0.117348	0.0849275	0.0223035	0.00362785	0.0381704	0.022948	0.0361864	0.0549487	0.0993384	0.031582	0.056681	
0.0677245	0.0529645	0.039696	0.0334	0.0590056	0.0432583	0.028684	0.099103	0.0263948	0.0900767	0.0662502	0.0472963	0.00803267	0.0418898	0.0255166	0.0364605	0.0719379	0.0761003	0.0309292	0.0552792	
0.0802972	0.0554866	0.0468933	0.0354572	0.0498818	0.0638648	0.0374764	0.0302745	0.0472618	0.0362516	0.0624772	0.0496541	0.0658321	0.0479284	0.036045	0.0856902	0.0434624	0.0434953	0.0422085	0.0400616	
0.0729541	0.0591813	0.0512553	0.0356183	0.0556147	0.0643725	0.0378527	0.0360008	0.0424803	0.0447605	0.0624281	0.0462607	0.0408375	0.067111	0.0382799	0.0728033	0.0532605	0.0441751	0.0326269	0.0421264	
0.061002	0.140994	0.047795	0.0307449	0.0601376	0.0352134	0.0318237	0.048932	0.0344221	0.0601914	0.0616679	0.046218	0.0236767	0.04866	0.0246821	0.0583119	0.0682711	0.0574242	0.0188251	0.0410074	
0.0625257	0.0525707	0.0234556	0.0244882	0.0805538	0.0257754	0.025063	0.0755681	0.0259411	0.108143	0.070498	0.030221	0.014869	0.0424492	0.029979	0.0463577	0.0582038	0.114357	0.0316378	0.0573425	
0.0663248	0.0617689	0.0618606	0.0415105	0.0519767	0.0696703	0.0478459	0.0452264	0.036262	0.0516161	0.0601966	0.0556436	0.0254321	0.05037	0.0348736	0.0670547	0.0587287	0.044869	0.0299296	0.0388399	
0.0671682	0.0604245	0.0443649	0.0364183	0.0566849	0.054001	0.0321803	0.0646828	0.0349516	0.0658929	0.0601471	0.0525293	0.00878799	0.0452331	0.0304047	0.0721814	0.072967	0.0613111	0.0310708	0.0485983	
0.0661119	0.105404	0.0296324	0.0326952	0.0445252	0.0461299	0.0233432	0.0530904	0.037455	0.0620534	0.0618702	0.0470354	0.0187529	0.0466096	0.0355883	0.0723795	0.0687939	0.0578228	0.0286995	0.0620072	
0.0740671	0.0604232	0.0445491	0.0308297	0.0586581	0.0453325	0.0337843	0.064591	0.0301068	0.0614955	0.0601718	0.0406135	0.0317996	0.0461769	0.041416	0.0480259	0.0897829	0.055201	0.0318858	0.0510892	
0.0642795	0.0533143	0.0422286	0.0268214	0.0595611	0.0509043	0.0361078	0.0935618	0.0452098	0.0768702	0.0705393	0.0237709	0.0133335	0.0577491	0.0230344	0.0540768	0.0472255	0.0656345	0.0332078	0.0625695	
0.0844677	0.0547676	0.0448069	0.0355102	0.0493434	0.0645848	0.0458747	0.0324524	0.0435597	0.0355861	0.0665348	0.0462985	0.0750125	0.0492811	0.0274182	0.0728426	0.0548269	0.0420447	0.0359479	0.0388391	
0.0759399	0.0491749	0.0208508	0.0230833	0.0570487	0.0250575	0.0212432	0.104446	0.022858	0.109091	0.075036	0.0284987	0.00781274	0.0381708	0.0252955	0.0454897	0.0590503	0.124436	0.0321659	0.0552512	
0.09836	0.0544575	0.0405686	0.0353537	0.0724205	0.0601639	0.0293256	0.045702	0.0334232	0.0631526	0.0664404	0.0282882	0.0106039	0.0463447	0.0296794	0.083373	0.0600643	0.0601968	0.0332663	0.0488153	
0.0614543	0.0767709	0.0507256	0.0354366	0.0675467	0.0543301	0.0321938	0.0640808	0.0269231	0.0782371	0.0658131	0.035817	0.0169601	0.0459858	0.019722	0.0339341	0.0560037	0.0619251	0.0425565	0.0735837	
0.0674449	0.06168	0.0501457	0.0327923	0.0553916	0.0484406	0.0374385	0.0234676	0.049162	0.0431472	0.0664024	0.0437435	0.120839	0.0396456	0.0538433	0.0503187	0.0405559	0.0426636	0.033011	0.0398666	
0.0580945	0.0962173	0.0472652	0.033703	0.0699405	0.0327617	0.0310988	0.0615748	0.0301199	0.0802449	0.0668138	0.0392367	0.0207158	0.0464151	0.0291568	0.0320765	0.0579769	0.0629318	0.0221667	0.0814891	
0.0538244	0.0664294	0.049503	0.0330175	0.0598644	0.0459374	0.0332544	0.0384224	0.0345788	0.0556814	0.0645606	0.0329128	0.0341994	0.0481653	0.0393764	0.043839	0.131607	0.0501858	0.0317982	0.0528426	
0.0668032	0.0568423	0.0469738	0.035852	0.0516342	0.0591425	0.0356638	0.0260702	0.0573598	0.0368346	0.0811804	0.048071	0.0823955	0.0458525	0.0422808	0.0663918	0.0478413	0.0387277	0.0333584	0.0407242	
0.0625773	0.0575485	0.0460809	0.0333178	0.0510381	0.0631473	0.0343703	0.0331458	0.0442499	0.035882	0.0611484	0.0445985	0.0413798	0.0499842	0.0321806	0.133921	0.0488499	0.043937	0.0412158	0.0414273	
0.0641725	0.116527	0.0446961	0.0329689	0.0720308	0.0378767	0.0334722	0.0481104	0.034857	0.0571117	0.0627543	0.0435233	0.0251032	0.0478331	0.0237477	0.0701102	0.0691317	0.0582011	0.0195676	0.0382042	
0.0735717	0.0615524	0.0464667	0.0359407	0.0572356	0.0635787	0.036592	0.0402858	0.0413465	0.0529808	0.0601876	0.043842	0.0164423	0.0519297	0.0421973	0.0985175	0.0522247	0.0457822	0.0314501	0.0478759	
0.0957462	0.0563928	0.0345862	0.0382999	0.0560866	0.0982632	0.0343529	0.0514944	0.0334819	0.0613941	0.0626203	0.0406164	0.021864	0.0478743	0.0229817	0.0565489	0.0554454	0.0524969	0.032968	0.0464862	
0.0687836	0.0778291	0.125156	0.0227902	0.0648643	0.037858	0.0242064	0.0382137	0.0346311	0.051379	0.062449	0.0320727	0.0273168	0.0459821	0.0416767	0.0588108	0.0599137	0.0340195	0.0307885	0.0612585	
0.0623673	0.0587218	0.0760718	0.043361	0.0520608	0.0734111	0.0574849	0.0477452	0.0345493	0.0459769	0.0596893	0.058101	0.0279827	0.052627	0.0220051	0.0592281	0.0588597	0.0309329	0.0323143	0.0465098	
0.0587956	0.0573895	0.0430109	0.0410475	0.0555148	0.127862	0.0374094	0.0416437	0.0378972	0.0536128	0.0631193	0.0452859	0.0232779	0.0489818	0.0369604	0.0585288	0.0547884	0.0328262	0.0333606	0.0486878	
0.0666312	0.0609081	0.0488764	0.0358891	0.0572361	0.0520271	0.0328525	0.0588915	0.037641	0.0612382	0.0617105	0.0426559	0.029156	0.0485021	0.0234271	0.0534881	0.0947042	0.0522842	0.0328547	0.049026	
0.0670228	0.0608854	0.0428401	0.0263579	0.0537653	0.050258	0.0301001	0.0441272	0.0833246	0.0527134	0.0512189	0.031724	0.0301564	0.0515243	0.0515175	0.0701323	0.0660708	0.0531532	0.0334612	0.0496467	
0.0599125	0.0461562	0.0594307	0.0413933	0.0561264	0.11132	0.0374053	0.0416594	0.0347331	0.05507	0.06185	0.0444216	0.0210149	0.0508705	0.0225652	0.0806565	0.0543943	0.0445093	0.0303289	0.0461821	
0.0688678	0.0963522	0.0438649	0.0365102	0.0426531	0.0567425	0.0348698	0.0470771	0.042023	0.0551253	0.0598276	0.0448163	0.026026	0.0485463	0.0413646	0.0835283	0.0628657	0.0546933	0.0207451	0.0335007	
0.0905566	0.0513627	0.0202944	0.0250185	0.0606248	0.0269889	0.0220675	0.0913969	0.0254114	0.100729	0.0731243	0.0308612	0.00775772	0.0381951	0.0289918	0.0428866	0.0614809	0.115247	0.0336791	0.0533264	
0.0665049	0.0556583	0.0463639	0.0466861	0.0593439	0.0578257	0.032301	0.0428685	0.0514635	0.0608317	0.104039	0.023966	0.0317209	0.0470995	0.0395613	0.058189	0.0405462	0.052623	0.0322892	0.0501185	
0.0641094	0.0567087	0.0404556	0.0227926	0.0600294	0.0437165	0.0332671	0.0468671	0.0442802	0.0609896	0.0751243	0.0205834	0.0296784	0.0643382	0.0758083	0.0559192	0.0623581	0.0561335	0.0329845	0.0538559	
0.0705484	0.051118	0.038956	0.0298717	0.0799765	0.0431982	0.0280867	0.0739254	0.0265863	0.0836395	0.0675709	0.0351449	0.006957	0.0423921	0.0256961	0.052103	0.0582821	0.0952764	0.0323043	0.0583665	
0.0720892	0.054326	0.0672871	0.0416637	0.0601904	0.0758002	0.037432	0.0531764	0.0343449	0.0622477	0.0616562	0.0425525	0.0202065	0.0492105	0.0334785	0.0463017	0.0537264	0.048948	0.0346891	0.0506732	
0.06579	0.0706167	0.0450427	0.0339748	0.0575568	0.0368735	0.0349716	0.0438398	0.0410507	0.0467105	0.0597965	0.0416105	0.0277925	0.0468787	0.0602519	0.0456864	0.0566342	0.0567441	0.0746474	0.0535308	
0.0705139	0.0482912	0.0290728	0.0242752	0.0669192	0.0335006	0.0227037	0.0946577	0.0234599	0.11203	0.0712707	0.0297382	0.00604757	0.0341132	0.0311205	0.0458832	0.0581484	0.108283	0.0319896	0.0579816	
0.0709173	0.0554096	0.0407451	0.0316136	0.0681681	0.0499966	0.0285179	0.069841	0.0304355	0.0899983	0.0708632	0.0363433	0.016545	0.0427048	0.0291947	0.0630775	0.0591274	0.0722484	0.0222634	0.051989	
0.0621913	0.0579294	0.0492831	0.0369547	0.0684765	0.0616249	0.0359363	0.0506102	0.0351181	0.0675209	0.0795005	0.0507503	0.0215161	0.0473044	0.0323151	0.0545203	0.0543996	0.0531196	0.0314109	0.049518	
0.065294	0.0615629	0.0478548	0.0307625	0.0581641	0.0556655	0.0384697	0.048633	0.0269054	0.0503251	0.0608378	0.0406203	0.0137486	0.113352	0.0221151	0.0685665	0.0627977	0.0519679	0.030753	0.0516037	
0.0649622	0.0556421	0.0432953	0.0354366	0.0586912	0.0536922	0.0370346	0.0537	0.0405466	0.062213	0.0620377	0.0425956	0.0118049	0.0571475	0.055017	0.0606194	0.0566102	0.0592026	0.036988	0.0527636	
0.0671883	0.0456834	0.0335032	0.0275038	0.0545548	0.0370578	0.0227685	0.108402	0.0238937	0.133798	0.0762943	0.0327042	0.00819184	0.0409303	0.0230599	0.0363829	0.0509489	0.0925914	0.029673	0.0548698	
0.124286	0.0563135	0.0394743	0.0250545	0.0578357	0.045315	0.0303559	0.0558335	0.0339269	0.0684841	0.0653239	0.0389945	0.0147427	0.0461478	0.0353633	0.0706728	0.0505852	0.0576386	0.0345034	0.049148	
0.0755604	0.0453367	0.0293227	0.0175622	0.0646196	0.0272135	0.0203977	0.100029	0.0155054	0.117115	0.0734424	0.0272001	0.00720012	0.034909	0.0247701	0.0444846	0.0598385	0.125264	0.0325602	0.0576683	
0.0706569	0.0459498	0.0297879	0.0269408	0.0641937	0.0362636	0.0175948	0.10267	0.0252042	0.114762	0.0755157	0.0287251	0.0050709	0.0391591	0.0268527	0.0439874	0.0561314	0.099376	0.0325758	0.0585821	
0.0674917	0.0471455	0.0376785	0.0343892	0.0629971	0.0438553	0.0164514	0.0859382	0.0193886	0.113287	0.0707782	0.0319786	0.00617872	0.0585215	0.0264057	0.0492303	0.0592619	0.0815738	0.0316538	0.0557944	
0.0710508	0.0433842	0.0286194	0.0253707	0.0625032	0.0337386	0.0156725	0.120708	0.0199486	0.126427	0.0794252	0.0266509	0.00367118	0.0367246	0.0180825	0.0402367	0.0569049	0.101268	0.0321192	0.0574936	
0.0752431	0.07436	0.0433513	0.0383728	0.0424755	0.0844414	0.0344351	0.0438423	0.0405705	0.0549544	0.0618783	0.0429613	0.0153054	0.0478378	0.031526	0.0982694	0.0497312	0.0473733	0.0292097	0.0438614	
0.0684388	0.0503249	0.0325078	0.020834	0.0623449	0.0333629	0.0252977	0.0731475	0.0299387	0.0799499	0.0666831	0.0341354	0.0174415	0.0423946	0.0299303	0.0535765	0.0589166	0.105084	0.0600619	0.0556295	
0.0689298	0.03172	0.0441439	0.0391677	0.0771268	0.0772728	0.0339712	0.0552042	0.0356195	0.069156	0.0616158	0.0380594	0.0205966	0.0480904	0.0472449	0.0501054	0.0527086	0.0567237	0.0352304	0.057313	
0.0503249	0.0570178	0.0945442	0.0518098	0.0594892	0.0756498	0.04788	0.0420995	0.0318495	0.0504087	0.060125	0.0513704	0.0212441	0.0507296	0.0295696	0.0566512	0.0539643	0.0296652	0.0316181	0.0539892	
0.0576767	0.0478186	0.0842717	0.0450502	0.0576054	0.129028	0.0393633	0.0438529	0.0320117	0.0522357	0.0620626	0.0441299	0.0208479	0.0493492	0.0208372	0.051641	0.0540849	0.0296241	0.0303807	0.048128	
0.0676103	0.0547868	0.0511066	0.0592874	0.0593393	0.0627549	0.0484119	0.0534191	0.0253034	0.061968	0.0577431	0.0429722	0.00992293	0.0479209	0.0441446	0.0564003	0.0584321	0.0525456	0.0344181	0.0515127	
0.0643663	0.0658659	0.0496099	0.0331244	0.0657077	0.0351045	0.0275263	0.0411455	0.0399879	0.0638793	0.065322	0.0412867	0.0740802	0.0463095	0.0326237	0.059438	0.0609723	0.0515267	0.0281831	0.0539401	
0.0626915	0.0542393	0.0543299	0.0370687	0.0816021	0.0526863	0.0373135	0.0613364	0.0290156	0.0717883	0.0638845	0.0381985	0.0176774	0.0480311	0.033458	0.0379875	0.0556776	0.0597648	0.0345565	0.0686925	
0.0647036	0.0479113	0.0343176	0.0305294	0.0680835	0.0405948	0.0213974	0.0778055	0.0288321	0.11819	0.0693688	0.0326857	0.00706983	0.0421348	0.0503519	0.0398053	0.0552718	0.0809056	0.031921	0.0581198	
0.0686086	0.0564197	0.0431718	0.032586	0.0895648	0.0500721	0.0316759	0.0690944	0.0327104	0.0614592	0.0484125	0.0392663	0.0145133	0.0455273	0.031618	0.0570633	0.0638125	0.0768428	0.0314236	0.0561576	
0.0619841	0.048799	0.0331664	0.0237951	0.063163	0.0531447	0.0260918	0.0884091	0.0295677	0.0914193	0.0679795	0.0350702	0.012165	0.0403229	0.0288493	0.0519568	0.060365	0.0982864	0.0324437	0.0530211	
0.0671195	0.059895	0.0314745	0.0363304	0.0589159	0.0519406	0.0700429	0.0426523	0.039391	0.0600984	0.0601794	0.0327711	0.0147745	0.043323	0.0791455	0.0587898	0.0585344	0.0498948	0.0322445	0.0524822	
0.0845864	0.0579039	0.0466201	0.0413988	0.0576108	0.0621197	0.03714	0.0450609	0.0371692	0.0578388	0.062228	0.0409247	0.0371211	0.0477133	0.0355245	0.0514891	0.0618457	0.0544708	0.0347293	0.046505	
0.0709075	0.0381006	0.032065	0.0274176	0.0605553	0.0262897	0.0208171	0.120908	0.0245814	0.108436	0.0737161	0.0312318	0.00942919	0.0397105	0.0199111	0.04278	0.0724604	0.0934284	0.0326816	0.0545724	
0.0624754	0.0546247	0.0742897	0.0537257	0.062126	0.0816598	0.0415058	0.0499513	0.0241903	0.0576538	0.0584176	0.0441662	0.0188184	0.0499908	0.0252057	0.0534236	0.0559107	0.0457145	0.0343292	0.0518208	
0.0583234	0.0657523	0.0466655	0.0298453	0.0616338	0.026101	0.0381316	0.0229273	0.0555291	0.0482462	0.061459	0.0418613	0.0388983	0.049214	0.149773	0.0308697	0.0475514	0.0459549	0.0280636	0.0531991	
0.0665041	0.0614145	0.0513432	0.0350312	0.071782	0.055813	0.0339992	0.0225913	0.0330026	0.0560001	0.12406	0.0379736	0.03171	0.0489559	0.0288081	0.0648505	0.0442811	0.0504563	0.0317455	0.0496781	
0.0718382	0.0457084	0.0427713	0.03463	0.040655	0.0641587	0.0364934	0.0290627	0.0487243	0.0423013	0.0640981	0.0474437	0.0805863	0.0497249	0.0361662	0.106531	0.0527889	0.0414107	0.0363237	0.0285831	
0.0953006	0.0542826	0.0313426	0.0380545	0.0556661	0.100568	0.0333638	0.0500865	0.0338389	0.0634289	0.0627017	0.0389783	0.0145219	0.0467041	0.0300706	0.0702964	0.0441708	0.0533825	0.0325951	0.050646	
0.0687199	0.049461	0.0336313	0.0312629	0.0434116	0.0449297	0.0238277	0.101793	0.0272327	0.124582	0.0711529	0.0347783	0.00968026	0.0431744	0.025876	0.0518704	0.0615108	0.0707906	0.0309685	0.0513461	
0.0565509	0.0648592	0.0471944	0.0352421	0.0529319	0.0587178	0.0317943	0.0352782	0.040594	0.0375827	0.0584469	0.0448227	0.0144498	0.0503194	0.0268315	0.172874	0.0588902	0.0477308	0.0230715	0.0418176	
0.0538207	0.0655085	0.0497478	0.035827	0.056449	0.0435678	0.0321793	0.0413381	0.0329199	0.0547559	0.0611581	0.0342516	0.0118662	0.0491822	0.0296527	0.0854753	0.126813	0.0548266	0.0299869	0.0506733	
0.0617784	0.0633524	0.0374638	0.0290424	0.0923468	0.0407911	0.0300547	0.0523183	0.0308082	0.0820009	0.0651216	0.038965	0.0224357	0.0449573	0.0348781	0.0449424	0.0569768	0.089916	0.0329477	0.0489023	
0.0663609	0.0539882	0.0434143	0.0346256	0.0579574	0.0528525	0.0300819	0.07543	0.0276024	0.118231	0.0576769	0.0357301	0.00888919	0.0591411	0.022568	0.0512368	0.0585797	0.0603344	0.0310846	0.0542153	
0.0624968	0.0602891	0.0498914	0.0341509	0.055041	0.0500111	0.0399768	0.02593	0.0475526	0.0374909	0.0670727	0.0450157	0.12924	0.0451285	0.0417108	0.0525459	0.0413005	0.0394832	0.034395	0.0412775	
0.069051	0.0431365	0.0290648	0.0240507	0.0618113	0.0313795	0.0191984	0.119752	0.0166512	0.128776	0.0812358	0.0277858	0.00520125	0.0356365	0.0185659	0.0377508	0.0536721	0.10805	0.0319566	0.0572747	
0.0668584	0.0478126	0.0359351	0.0296798	0.0509767	0.0435567	0.0173141	0.100839	0.0234864	0.142991	0.0751565	0.0316045	0.00609953	0.0402528	0.0197965	0.048515	0.0588032	0.0786634	0.028121	0.0535377	
0.0874826	0.0552711	0.0316179	0.022351	0.0625238	0.0310632	0.0251146	0.0802506	0.0292737	0.0875302	0.0682122	0.0325868	0.0100563	0.0402758	0.026163	0.0683478	0.0647064	0.0940724	0.0309601	0.0521403	
0.107874	0.0552628	0.0293346	0.0336965	0.0561138	0.0608067	0.0312155	0.0617449	0.0331825	0.0693479	0.0642406	0.0370299	0.0129127	0.0450723	0.0342609	0.0567068	0.070166	0.0580536	0.0310603	0.0519182	
0.0732462	0.0613322	0.0427376	0.0354874	0.0706118	0.0597361	0.0309149	0.0515883	0.0347593	0.0650862	0.0654436	0.0404698	0.0107373	0.0463357	0.0298831	0.0885142	0.0522494	0.0582963	0.0308039	0.0517667	
0.0822108	0.0515499	0.0209767	0.0246239	0.0625708	0.0237729	0.0207893	0.0967207	0.0239503	0.102869	0.0747797	0.0297315	0.00627804	0.0394746	0.0254854	0.0409024	0.0683512	0.116033	0.0321749	0.056755	
0.065186	0.0487558	0.0367427	0.0308956	0.061527	0.0405171	0.0247438	0.0795531	0.0265371	0.127176	0.0754712	0.0323976	0.0133927	0.0422795	0.0301194	0.0373455	0.0541048	0.0848486	0.0310835	0.0573229	
0.0626993	0.0625916	0.0417461	0.027187	0.0551332	0.0505699	0.0363789	0.0371119	0.0571001	0.0515038	0.0604469	0.0579626	0.033268	0.0485271	0.0803939	0.0607152	0.0518063	0.0478241	0.0317948	0.0452395	
0.059724	0.0459876	0.0282508	0.0378918	0.0522377	0.0731012	0.0383691	0.0402184	0.0478534	0.0513203	0.0565389	0.0456468	0.0265488	0.0520082	0.0616333	0.0923814	0.0712951	0.0373517	0.0346795	0.046962	
0.0637236	0.0619163	0.0555155	0.0449388	0.0583212	0.0631655	0.0768942	0.0449796	0.0245745	0.0448687	0.0563468	0.0442821	0.0122431	0.060568	0.0370168	0.0603554	0.0601898	0.0457688	0.0338908	0.0504404	
0.0810187	0.0532327	0.0368957	0.0326276	0.0601622	0.0452758	0.0266237	0.0777555	0.0281613	0.0818867	0.0652693	0.0282846	0.00793603	0.0420272	0.0272967	0.0627144	0.0827985	0.0755623	0.0310485	0.0534227	
0.0695599	0.0637657	0.0395285	0.0321468	0.0575658	0.0468642	0.0329351	0.042898	0.0216606	0.0455167	0.0673439	0.0399045	0.0192073	0.0485321	0.0313688	0.0705664	0.101677	0.0882308	0.0324081	0.0483195	
0.0662746	0.0549167	0.0428879	0.0404801	0.0540868	0.0598098	0.032374	0.0466944	0.0536843	0.0580064	0.0799025	0.0457746	0.0287732	0.0476231	0.0400863	0.0660463	0.0539804	0.0490146	0.0353369	0.0442473	
0.0625561	0.058011	0.0465305	0.0399917	0.0568204	0.0584258	0.0457921	0.0456503	0.0587395	0.0539738	0.0635636	0.0485716	0.0140902	0.0467502	0.0551592	0.062952	0.0562991	0.0475387	0.0320356	0.0465485	
0.074343	0.0473965	0.0258094	0.0200177	0.063571	0.0225602	0.0197212	0.106095	0.0232985	0.110316	0.0751516	0.0289995	0.00850685	0.0385939	0.0245461	0.0458208	0.0611046	0.116815	0.0323606	0.0549732	
0.0674743	0.0542788	0.0502716	0.0366595	0.062215	0.0553057	0.0368065	0.0567825	0.0326365	0.0662926	0.0655985	0.0316431	0.0192722	0.0455887	0.0327391	0.0516731	0.0567829	0.0586664	0.0488864	0.0704265	
0.0719545	0.0433536	0.0480266	0.0388917	0.050519	0.0888929	0.0335278	0.0510004	0.0354048	0.066273	0.0630542	0.0413828	0.0213525	0.0493979	0.0274309	0.0723359	0.0547823	0.0500788	0.0411699	0.0511705	
0.0819397	0.0531048	0.0312222	0.0368834	0.0601521	0.019984	0.0240771	0.0828165	0.0268874	0.0898632	0.0712338	0.033552	0.0148814	0.041119	0.0235149	0.0549179	0.065219	0.101849	0.0323341	0.0544489	
0.0576865	0.0566145	0.0434348	0.035314	0.059704	0.0549223	0.0311695	0.059448	0.0332586	0.0846569	0.0626868	0.0393506	0.00919209	0.0454316	0.0315007	0.0849054	0.0627631	0.0601903	0.022323	0.0654473	
0.0748771	0.0578972	0.0532757	0.0695294	0.0558928	0.0737725	0.039089	0.0496151	0.0270496	0.0558737	0.0595375	0.0417131	0.0188666	0.05293	0.0303684	0.0621805	0.0574977	0.0371174	0.0321339	0.0507827	
0.0654308	0.0515734	0.0390875	0.0294158	0.0853466	0.0407291	0.0294272	0.0637818	0.0280198	0.098175	0.0723929	0.0320142	0.0168706	0.0427256	0.0334481	0.0369003	0.0564067	0.0867206	0.0320098	0.0595241	
0.0616407	0.0622984	0.0353418	0.0345747	0.0509343	0.0526885	0.0273272	0.0550537	0.0351358	0.0648492	0.0626467	0.0323976	0.0122196	0.0460823	0.0320391	0.0914568	0.057762	0.0588939	0.0318901	0.0947677	
0.0608124	0.047052	0.0549657	0.0337046	0.122772	0.0533536	0.0345211	0.0354396	0.0348256	0.0705184	0.0660528	0.0383562	0.0277621	0.0461572	0.0395295	0.0493824	0.053961	0.0456004	0.0354587	0.0497748	
0.0748897	0.0454688	0.0497797	0.0368443	0.0565576	0.0618664	0.0345302	0.0488955	0.038277	0.059975	0.0648524	0.0552252	0.0300811	0.0477365	0.0346834	0.05854	0.0581119	0.0507008	0.0348375	0.0581469	
0.0654041	0.0545897	0.0548278	0.0523301	0.0544117	0.0627887	0.0347269	0.0542124	0.0419408	0.0476364	0.0608617	0.0444678	0.0210355	0.0485337	0.0296197	0.0613485	0.0771592	0.0387674	0.0475075	0.0478303	
0.0705127	0.0545357	0.038954	0.03291	0.0586742	0.0509525	0.0318706	0.0929702	0.026504	0.0826031	0.0539075	0.0393766	0.0135828	0.0457244	0.0424494	0.0627532	0.0518571	0.0649702	0.0325825	0.0523093	
0.0644619	0.0372544	0.0388465	0.0298127	0.0740101	0.0404879	0.0251051	0.0991335	0.0239693	0.120192	0.0725209	0.0310785	0.00931212	0.0414809	0.0252266	0.0350057	0.056296	0.0804099	0.0336969	0.0616987	
0.0704289	0.0439475	0.0294782	0.0252427	0.0565444	0.0346285	0.0173717	0.130486	0.0191225	0.129598	0.0757074	0.0238646	0.0049586	0.0388804	0.0202623	0.0364312	0.0543576	0.0998053	0.0319497	0.0569351	
0.0687432	0.0449264	0.0330528	0.0265923	0.0577963	0.0348225	0.0214101	0.115817	0.0218662	0.122839	0.0766265	0.0288912	0.00610316	0.0400126	0.0223154	0.0349318	0.0569669	0.0964812	0.0328765	0.0569287	
0.0793165	0.0584641	0.0487067	0.0334324	0.0544156	0.0518259	0.0352823	0.0167853	0.0504345	0.0422078	0.0700405	0.0326209	0.116312	0.0433834	0.0492959	0.0592473	0.0385419	0.0409008	0.0348297	0.0439567	
0.0669297	0.053724	0.039822	0.031357	0.0602169	0.0492858	0.0253773	0.0870516	0.0349586	0.0883872	0.0932223	0.0348976	0.0130106	0.0435255	0.0225137	0.0494077	0.0468531	0.0752672	0.0324004	0.0517916	
0.0860133	0.0590214	0.044549	0.0346597	0.0546355	0.0519722	0.0338648	0.0343409	0.0381622	0.0512983	0.063319	0.0330353	0.0371283	0.0485528	0.0376667	0.0704837	0.0860734	0.0509746	0.035003	0.0492458	
0.0615453	0.0425489	0.0517741	0.0322685	0.0801889	0.0445136	0.0229028	0.0643442	0.027815	0.0778941	0.0666966	0.0238307	0.0165052	0.0447037	0.0316595	0.0397664	0.0557494	0.0664482	0.0343537	0.114491	
0.0696649	0.045948	0.0342959	0.0261364	0.0653085	0.0366534	0.0162309	0.101291	0.0212014	0.128859	0.0770428	0.0288023	0.00449832	0.0390206	0.0193297	0.0448043	0.0574958	0.093652	0.0318177	0.0579466	
0.101386	0.0551874	0.0407536	0.0331847	0.0609502	0.0539319	0.0308944	0.0664897	0.0212744	0.0695705	0.0482026	0.0361723	0.00849578	0.0445983	0.0185739	0.0807546	0.0803387	0.0711968	0.0304177	0.0476269	
0.0671411	0.0523772	0.0444774	0.0548764	0.0602042	0.0596811	0.0291341	0.0725225	0.0373909	0.0691753	0.0655274	0.0420554	0.00823239	0.0489511	0.0305253	0.05598	0.0554416	0.0592928	0.0340238	0.0529902	
0.0663682	0.0530311	0.0641024	0.0554345	0.0531967	0.099139	0.0388652	0.0423534	0.0401708	0.0504027	0.0606781	0.0450995	0.0226877	0.0508406	0.0291149	0.0639425	0.0535477	0.0300963	0.0335337	0.047395	
0.0769964	0.0506481	0.0361595	0.0304192	0.0597909	0.0475602	0.0293873	0.0764131	0.0317472	0.0915636	0.0656719	0.0445948	0.00764787	0.0428363	0.0402026	0.051265	0.0480767	0.0849595	0.0316566	0.0524034	
0.0544503	0.0614387	0.0510858	0.0348535	0.0554852	0.0535596	0.0365808	0.0641202	0.0261287	0.0593193	0.0590298	0.0428206	0.0553122	0.0497009	0.0220542	0.0560007	0.0873568	0.0491777	0.0342635	0.0472615	
0.0833989	0.0451693	0.0286149	0.0282418	0.0602972	0.0424731	0.0218828	0.112683	0.0240318	0.105277	0.0743444	0.0235658	0.00397992	0.0408748	0.0251232	0.0508389	0.0539432	0.0909602	0.0300743	0.0542256	
0.0658087	0.0560426	0.0477454	0.0343544	0.0535847	0.0458834	0.0319184	0.0274919	0.0381997	0.0435173	0.0617253	0.0498055	0.0254169	0.0479369	0.0132759	0.178024	0.0630695	0.0468368	0.0294209	0.039942	
0.0649671	0.0589154	0.0461951	0.0407103	0.0554146	0.0578187	0.0360925	0.0326091	0.0568739	0.0498726	0.0634597	0.0564508	0.0316393	0.0472187	0.0441053	0.0703152	0.0646938	0.0483077	0.0315204	0.0428198	
0.070325	0.049399	0.0345533	0.0310492	0.0721074	0.0444891	0.0212997	0.085639	0.0297627	0.0915684	0.0709863	0.033883	0.00606497	0.0424099	0.0399416	0.0497573	0.0565685	0.0798537	0.0333109	0.0570313	
0.0625167	0.0605731	0.0438882	0.0708932	0.0570684	0.0554693	0.0351399	0.0471483	0.0473175	0.0549924	0.0660557	0.0378537	0.0211303	0.0376377	0.0232206	0.0685149	0.0802752	0.0480528	0.0348156	0.0474363	
0.0678351	0.0461634	0.0356024	0.0280932	0.0540569	0.0375869	0.0224468	0.130432	0.0218257	0.128783	0.0702285	0.0252184	0.00629504	0.0413869	0.0212691	0.0357476	0.0542804	0.0849115	0.0310853	0.0567515	
0.0610361	0.0452535	0.119416	0.0403426	0.061972	0.0607371	0.0275105	0.0467512	0.0315488	0.0587822	0.0603552	0.0423825	0.0198275	0.046366	0.0315661	0.0514618	0.0582356	0.0419493	0.0331948	0.0613109	
0.075609	0.0602182	0.0489059	0.0332331	0.0512588	0.0594644	0.0371615	0.0174098	0.0577145	0.0414296	0.0664998	0.0455845	0.0650519	0.0498506	0.06502	0.0838141	0.0275798	0.0397309	0.0343849	0.0400788	
0.0670204	0.0471551	0.0373668	0.0280285	0.0608318	0.0421126	0.0226969	0.0942726	0.0237219	0.130368	0.0878404	0.0316474	0.0064867	0.0342016	0.0200682	0.0482348	0.0571239	0.0777688	0.028474	0.05458	
0.0690604	0.0474239	0.0322364	0.0272267	0.06254	0.0364067	0.0233088	0.0964672	0.0217697	0.115419	0.0773876	0.030775	0.00561834	0.0425471	0.0197075	0.0448024	0.0583858	0.101436	0.0328684	0.0546133	
0.0668324	0.0564854	0.0324298	0.0379858	0.0504418	0.0628298	0.0436316	0.0482118	0.0567856	0.0531601	0.0644605	0.0523712	0.0261619	0.0506424	0.0401411	0.0760894	0.055608	0.0494518	0.033152	0.0431275	
0.0773053	0.0464228	0.051663	0.0387226	0.051818	0.105045	0.0336374	0.0291859	0.0407385	0.0482035	0.0627858	0.0344065	0.0258921	0.0492293	0.0260308	0.106871	0.0556697	0.0418072	0.0297794	0.0447869	
0.0658475	0.0566685	0.0460007	0.0338088	0.0393012	0.0425792	0.0323082	0.0370129	0.0382258	0.0444411	0.0615456	0.044231	0.0246831	0.0485076	0.0171425	0.185135	0.0701726	0.0477948	0.0357126	0.0288812	
0.0694752	0.0433194	0.0295286	0.0256967	0.0651752	0.0338254	0.019433	0.121179	0.0207779	0.119135	0.0867106	0.022933	0.00546425	0.0393227	0.0212183	0.0342631	0.0502365	0.0999094	0.0321639	0.0602338	
0.0653024	0.0814165	0.0434852	0.0336968	0.0572649	0.034042	0.0317226	0.0434254	0.0349286	0.0554971	0.0613827	0.0577471	0.0209019	0.0503644	0.0227341	0.0685158	0.100361	0.0587129	0.0291708	0.0493274	
0.0687835	0.0554551	0.0418906	0.0321948	0.0545904	0.0471836	0.0299166	0.111457	0.0187717	0.0785684	0.0568527	0.0376205	0.012251	0.0446251	0.0174663	0.0551824	0.0887812	0.0629262	0.0316061	0.0538765	
0.0675265	0.0548155	0.046118	0.0344545	0.0534225	0.0464118	0.0321629	0.0283568	0.0378581	0.0437446	0.0611415	0.0372007	0.0225831	0.050491	0.0130667	0.193395	0.0606865	0.0470427	0.0313119	0.0382095	
0.0484058	0.0657796	0.174857	0.0275549	0.0599617	0.0431233	0.0238949	0.0386236	0.035708	0.050768	0.0596441	0.0332257	0.0257491	0.0455672	0.0376065	0.0632114	0.0600327	0.0311491	0.0315346	0.0436025	
0.0614217	0.0826732	0.0342256	0.0345055	0.0479854	0.0445957	0.0251013	0.056398	0.0346911	0.068631	0.0636497	0.0672657	0.0190749	0.0451502	0.0380995	0.0462505	0.0594925	0.0597773	0.0322836	0.0787276	
0.0671135	0.0590026	0.0442781	0.0365302	0.0487067	0.0559841	0.0423615	0.0299679	0.0424604	0.0720512	0.0642216	0.0459745	0.0396701	0.0494517	0.0654409	0.0594433	0.052789	0.0473253	0.0334735	0.0437539	
0.0565146	0.0664185	0.0470426	0.0347887	0.0514181	0.0583257	0.0320781	0.0352228	0.039898	0.0376441	0.0581751	0.0457951	0.0142672	0.0492776	0.0295247	0.148427	0.0745159	0.0502539	0.0278361	0.0425762	
0.0637558	0.0616354	0.0488252	0.0355448	0.0543829	0.058886	0.0327643	0.0159673	0.0607553	0.0325609	0.112585	0.0400029	0.0418519	0.0473228	0.0320508	0.0798611	0.0688834	0.0322122	0.0326844	0.047468	
0.0646956	0.0650474	0.0361127	0.0333809	0.0520921	0.0540754	0.0302477	0.0326231	0.0417011	0.0528141	0.0593008	0.119737	0.0296534	0.0477098	0.0370013	0.0784266	0.0524378	0.0465834	0.0315191	0.0348405	
0.0667006	0.0486049	0.0331717	0.0277175	0.0472354	0.038647	0.0224268	0.0983169	0.0237969	0.143705	0.0783062	0.0310215	0.00908308	0.0410144	0.0246146	0.0394662	0.0578026	0.0891369	0.025217	0.0540147	
0.0712022	0.0446878	0.0284476	0.0255734	0.0541691	0.0336477	0.0156393	0.127816	0.0198494	0.127678	0.0792138	0.0263143	0.00362835	0.0385846	0.01755	0.0413994	0.059448	0.100436	0.0284194	0.0562958	
0.0709946	0.0424251	0.0296225	0.0270586	0.063902	0.036894	0.0225455	0.109421	0.0224089	0.116209	0.0878459	0.0231313	0.00703767	0.0396322	0.021886	0.0386996	0.0559433	0.0946574	0.0309785	0.0587072	
0.0618428	0.0407236	0.0690533	0.0324559	0.0860242	0.0460046	0.0226266	0.0618349	0.0289295	0.0763068	0.0659606	0.0239721	0.016512	0.0428003	0.032489	0.0387627	0.0560195	0.063297	0.0356317	0.0987526	
0.0765986	0.0529125	0.0435639	0.0355465	0.0603592	0.0457777	0.0303682	0.0766718	0.0289422	0.074706	0.0632356	0.0415093	0.010921	0.0461	0.0294828	0.038445	0.0866229	0.0717064	0.0334211	0.0531093	
0.096368	0.0546283	0.0360612	0.0326176	0.0592324	0.0540733	0.0283014	0.069544	0.0297437	0.0757831	0.0636188	0.0363474	0.0094438	0.0439622	0.0310107	0.0543767	0.0694175	0.0706427	0.034029	0.0507982	
0.0703311	0.0583483	0.0312911	0.0335888	0.0503391	0.0573142	0.0459385	0.0330815	0.0425481	0.0539345	0.0656779	0.0590732	0.0901352	0.0455447	0.0306199	0.0695868	0.0559976	0.0452663	0.0343786	0.0270044	
0.071728	0.0537506	0.0590888	0.0468304	0.0554617	0.111876	0.0402858	0.0423611	0.0355641	0.0490937	0.0574701	0.0447984	0.0242239	0.0499343	0.0277724	0.0683006	0.0528021	0.0310161	0.032256	0.0453857	
0.0673576	0.0591281	0.0483574	0.0328618	0.0560635	0.0506289	0.0362043	0.0221568	0.0507011	0.0368639	0.0670764	0.0436016	0.129195	0.0385334	0.0545917	0.0517179	0.0392405	0.0412868	0.0343642	0.0400696	
0.0598855	0.0675838	0.0478931	0.0306151	0.0592352	0.0272088	0.0297556	0.027698	0.0491341	0.0399222	0.0605039	0.0431961	0.0493406	0.0485748	0.137711	0.0368194	0.055977	0.0465756	0.0297946	0.0525759	
0.0954258	0.0570149	0.0517733	0.0469039	0.0519802	0.111468	0.03776	0.0430619	0.0319149	0.0529107	0.0603113	0.0426138	0.0222173	0.0489328	0.0173899	0.0713648	0.0571912	0.0308594	0.023768	0.0451382	
0.0681595	0.035808	0.0313807	0.0273806	0.0715911	0.0357671	0.0230159	0.0849084	0.0241417	0.122488	0.0748034	0.0295865	0.0114884	0.0403809	0.0293406	0.0348463	0.0541358	0.107514	0.0325998	0.0606637	
0.0771757	0.0585203	0.0346346	0.0261082	0.0589225	0.0278138	0.034538	0.0567214	0.0371737	0.0711505	0.0643612	0.0404221	0.0239014	0.0441867	0.0721445	0.0534477	0.057932	0.0755264	0.035475	0.0498444	
0.0708786	0.0342068	0.0370415	0.034372	0.063559	0.0604112	0.0415145	0.0691267	0.0317278	0.093714	0.0670101	0.0383495	0.00826911	0.0451498	0.0401108	0.0498324	0.0549447	0.0718453	0.0358163	0.0521201	
0.0668644	0.0550668	0.0299808	0.0308376	0.0746016	0.0472905	0.0199336	0.0654771	0.0304401	0.0787135	0.0681761	0.0247843	0.0162706	0.0418968	0.0328672	0.0537127	0.0556689	0.0702072	0.0355089	0.101701	
0.071534	0.0440581	0.0270145	0.0242682	0.0582054	0.0322365	0.0145246	0.109596	0.0210868	0.130316	0.0786015	0.0272229	0.00437993	0.0375757	0.0184928	0.0416102	0.0576362	0.114238	0.0304138	0.0569882	
0.076035	0.0378529	0.0440378	0.0348538	0.0577584	0.0545618	0.0330346	0.0557193	0.0322088	0.0585553	0.0651011	0.0373827	0.0205531	0.0466897	0.0262618	0.0579467	0.0600683	0.0592309	0.0797078	0.0624401	
0.066033	0.0664671	0.0399824	0.0343924	0.0561071	0.0356036	0.036119	0.0398343	0.040291	0.0593869	0.0585096	0.0337044	0.0264498	0.0484851	0.0605548	0.0766163	0.0832384	0.0582954	0.0309789	0.0489506	
0.0750855	0.0508427	0.0396664	0.0404819	0.0614294	0.0356426	0.0279603	0.0904473	0.0268023	0.0927205	0.0679741	0.0338104	0.00638435	0.0445557	0.0253996	0.0482354	0.0648173	0.0792805	0.0326059	0.0558577	
0.117373	0.0569216	0.0301512	0.0360928	0.0538042	0.0737549	0.0333225	0.0511205	0.0345025	0.0640966	0.0636214	0.0379318	0.0142813	0.0476504	0.0317887	0.0727266	0.0484787	0.0498831	0.0343942	0.0481041	
0.0474421	0.0624155	0.168742	0.0348161	0.0587224	0.0461479	0.024341	0.0373392	0.0343109	0.051208	0.0630333	0.0333146	0.0264141	0.0476601	0.0367967	0.0613593	0.0592898	0.0300891	0.0307846	0.0457738	
0.0598017	0.0548751	0.0512117	0.0436401	0.0569183	0.0985867	0.0366029	0.0481286	0.0345447	0.0619245	0.0598232	0.0417526	0.0209253	0.0486146	0.0284764	0.0607014	0.0573792	0.0610215	0.0244081	0.0506634	
0.053929	0.0603804	0.0446966	0.0655074	0.0550616	0.0623608	0.0377318	0.045749	0.0447271	0.054656	0.0633422	0.0447634	0.0219643	0.0591507	0.0336208	0.0642076	0.0589975	0.0493107	0.0308955	0.0489477	
0.0663099	0.0555825	0.0477418	0.0325841	0.0531137	0.039721	0.0320187	0.0335632	0.0335022	0.0480348	0.0631563	0.0355882	0.0191086	0.0503135	0.0123337	0.148281	0.107667	0.0503035	0.0282866	0.0427903	
0.079982	0.0579203	0.0337114	0.0230236	0.0588184	0.0490078	0.0270443	0.0659217	0.0311382	0.0767318	0.0631634	0.0372235	0.0103661	0.0446092	0.0288367	0.0854904	0.0613625	0.0855677	0.0314488	0.0486323	
0.064756	0.0502101	0.0400103	0.0301726	0.0622985	0.0457908	0.0264835	0.084059	0.0247492	0.117433	0.0858997	0.0345126	0.00730857	0.0456608	0.020744	0.0492385	0.055554	0.0702761	0.029745	0.0550978	
0.0728234	0.0673982	0.0406487	0.0361871	0.0450875	0.0570742	0.0310939	0.048758	0.0375791	0.051668	0.0594745	0.0427274	0.013892	0.0469565	0.0289029	0.115623	0.0859391	0.0543789	0.0289558	0.0348318	
0.0648648	0.0504525	0.0893335	0.0488167	0.051266	0.095028	0.049906	0.0424292	0.0347493	0.046916	0.0589008	0.0501364	0.0231483	0.0516011	0.0293887	0.055943	0.0550587	0.0293443	0.0315932	0.0411235	
0.0699981	0.0500659	0.0387136	0.027971	0.0640034	0.0421684	0.0272919	0.071457	0.0291618	0.122653	0.071246	0.0328511	0.00915023	0.0359539	0.0368616	0.0504181	0.0557657	0.0793809	0.0298495	0.0550389	
0.0647326	0.0575444	0.0566167	0.0526515	0.0592827	0.0649009	0.0588955	0.0531615	0.0203245	0.0589385	0.0574355	0.0436243	0.0105891	0.0636983	0.0222068	0.0583769	0.0602278	0.0496299	0.0333298	0.0538329	
0.0732931	0.0460114	0.0307138	0.02212	0.0625828	0.0377389	0.0228571	0.0919296	0.0251911	0.10886	0.0744062	0.0308668	0.0113891	0.0403752	0.0274251	0.0462748	0.0572869	0.103332	0.0332321	0.0541143	
0.053158	0.0574405	0.095891	0.0446649	0.0569506	0.112266	0.0396729	0.0417529	0.0305473	0.0499202	0.0605678	0.0456962	0.0228601	0.0516201	0.0199316	0.0511178	0.0547804	0.0278603	0.0310258	0.0522758	
0.0824942	0.0554455	0.0208543	0.0250716	0.0524118	0.0265659	0.0226239	0.0901726	0.0266545	0.0876281	0.0689916	0.0307093	0.0139466	0.0417161	0.0295312	0.0522533	0.064628	0.124298	0.0318747	0.0521286	
0.0865299	0.04512	0.0412552	0.0411339	0.0540451	0.120868	0.0364127	0.0468999	0.0343314	0.0581593	0.0608552	0.0407503	0.0227311	0.0477625	0.0244587	0.0578797	0.0547385	0.0463063	0.0323056	0.0474563	
0.0798177	0.0536936	0.0565101	0.0403088	0.0625971	0.0430524	0.0426362	0.0583319	0.0295415	0.0687529	0.0657984	0.0449775	0.0160354	0.0485565	0.0334325	0.0479618	0.0538662	0.0617079	0.0356142	0.0568076	
0.0880374	0.058	0.0439148	0.0354533	0.0533544	0.0599898	0.0321815	0.0447729	0.0399664	0.0472028	0.0597825	0.0437752	0.0196755	0.0465066	0.0431086	0.0761784	0.0757019	0.0535104	0.033484	0.0454036	
0.0672683	0.0613617	0.0455781	0.025413	0.0549973	0.0564775	0.0324865	0.0350549	0.0678578	0.0382014	0.0653434	0.0458715	0.0420108	0.0652339	0.0480443	0.0724781	0.0568791	0.0440108	0.0320253	0.0434063	
0.0734413	0.0538358	0.0457391	0.0443119	0.0642189	0.0551647	0.0352056	0.0644421	0.0266239	0.0740496	0.0655111	0.0290348	0.0153945	0.0463884	0.0310104	0.0523383	0.0556264	0.0712019	0.0336377	0.0628239	
0.0657041	0.0647024	0.0527869	0.0363806	0.0866254	0.0552791	0.0351517	0.0389013	0.0346159	0.0720203	0.0623598	0.0402686	0.0221557	0.0475267	0.0367662	0.0583789	0.0568222	0.0450551	0.0307662	0.0577328	
0.0577295	0.0600239	0.145767	0.0366328	0.0604074	0.0445564	0.0276875	0.0379881	0.0355777	0.052785	0.0604537	0.0464274	0.0256485	0.0452482	0.0362708	0.0613489	0.0583196	0.0331671	0.0297056	0.0442553	
0.0623966	0.0558661	0.0544149	0.036704	0.0635397	0.0496954	0.0522726	0.0754104	0.0159763	0.0737188	0.058936	0.0377626	0.0120935	0.0476913	0.0276258	0.0384353	0.0689536	0.0605001	0.0352167	0.0727901	
0.0828976	0.0559275	0.0348158	0.033038	0.0600059	0.0278786	0.0279012	0.0604074	0.0312517	0.0723028	0.0675588	0.0366463	0.0192285	0.0431948	0.0344911	0.0572297	0.0637897	0.106621	0.0339288	0.0508847	
0.0511163	0.0719869	0.0984374	0.0421388	0.0592008	0.0894529	0.0384582	0.0461428	0.0308532	0.0546885	0.0599679	0.0433103	0.0193487	0.0490811	0.0207605	0.0469126	0.0541928	0.0412688	0.0298036	0.052878	
0.0649209	0.0737131	0.0490602	0.0342459	0.0528828	0.0358648	0.0306123	0.0386209	0.0325064	0.0540057	0.0611664	0.0481628	0.0166124	0.048338	0.0114511	0.103584	0.116191	0.0546565	0.0287084	0.0446959	
0.055473	0.0667032	0.0480686	0.0371944	0.0536213	0.0555256	0.0318406	0.0400611	0.0378639	0.0393102	0.0598141	0.0428468	0.0124138	0.0485652	0.0287133	0.129469	0.0903279	0.0478025	0.029264	0.0451214	
0.0668766	0.057674	0.0299678	0.0307295	0.0644757	0.046498	0.0216712	0.0698521	0.0290703	0.0781285	0.0676992	0.026274	0.0128393	0.044441	0.029021	0.0645444	0.0651311	0.0739544	0.0339484	0.0872032	
0.0619172	0.0605477	0.0338039	0.0258081	0.0590937	0.0456858	0.0302798	0.0590418	0.0334341	0.0543622	0.049441	0.0393159	0.0184844	0.0465241	0.0341415	0.0634396	0.0658878	0.133752	0.0336349	0.0514048	
0.0635924	0.0580929	0.0448022	0.040331	0.0544391	0.0549619	0.0399394	0.0406049	0.0584621	0.043115	0.0596101	0.0603806	0.0171847	0.0549464	0.068446	0.0618202	0.0523521	0.0461105	0.0345552	0.0462533	
0.0643789	0.0578625	0.0526778	0.0394002	0.0564302	0.0627289	0.047337	0.04531	0.0263382	0.0556716	0.0606143	0.0436939	0.0355328	0.0766818	0.0226186	0.0616588	0.0608205	0.0467101	0.0351822	0.0483518	
0.0830667	0.0510911	0.0230304	0.0268066	0.0582535	0.0291868	0.0227631	0.111612	0.0260297	0.0934805	0.072632	0.0300109	0.0104034	0.0417036	0.0269966	0.0477598	0.0640559	0.0956624	0.0320558	0.0533993	
0.0697587	0.0708205	0.0562329	0.0397224	0.0544647	0.112534	0.037191	0.0449308	0.0323406	0.0561397	0.0619279	0.0430052	0.0241773	0.0487363	0.0215607	0.0545404	0.0539556	0.0440185	0.0362356	0.0377075	
0.0603963	0.0569041	0.0357157	0.0356956	0.0592707	0.0470922	0.0309753	0.0573735	0.0309441	0.0524617	0.0492022	0.0397417	0.0178966	0.046306	0.032808	0.0685157	0.0667315	0.123968	0.0344575	0.0535432	
0.0699512	0.0526366	0.0403445	0.0318887	0.0592204	0.0431951	0.0265034	0.088946	0.0200537	0.0920218	0.0649217	0.0356308	0.00740182	0.0428777	0.0192882	0.0530184	0.0899034	0.0768901	0.0308475	0.0544589	
0.100301	0.0550353	0.0340928	0.0228497	0.059401	0.0346844	0.0261204	0.0749828	0.0267669	0.084851	0.0694392	0.0351399	0.00969315	0.042218	0.0311356	0.0597752	0.0645718	0.0838368	0.0328417	0.0522631	
0.0668205	0.0457252	0.0733349	0.0442308	0.065594	0.1133	0.0386329	0.0420585	0.0340059	0.0488856	0.060044	0.0448867	0.0216513	0.0485369	0.0224427	0.0658724	0.0544804	0.0284221	0.031116	0.0499588	
0.0477106	0.0619175	0.0785245	0.0542287	0.0607113	0.054902	0.0543661	0.0462668	0.0328146	0.0529605	0.0594227	0.0463208	0.0204554	0.0541278	0.0324191	0.0535412	0.0592087	0.0326419	0.0322139	0.065246	
0.0700525	0.0454186	0.0313905	0.0258067	0.0656618	0.0342294	0.016569	0.106109	0.0216285	0.132545	0.0777966	0.0281371	0.0038302	0.0380207	0.0192849	0.0414937	0.0576927	0.0959872	0.029642	0.0587039	
0.065375	0.0576707	0.0440733	0.031512	0.0617104	0.0491841	0.0326965	0.0478446	0.032523	0.109461	0.0675481	0.0380721	0.0308323	0.038289	0.0255963	0.0603687	0.0593997	0.0656163	0.0311518	0.0510754	
0.0757664	0.0468553	0.045369	0.034513	0.0711036	0.0601938	0.0324054	0.0487013	0.036132	0.055486	0.0602945	0.0416899	0.0134987	0.0489598	0.0298806	0.108545	0.067676	0.0528998	0.0327815	0.0372479	
0.0679827	0.0578826	0.0414861	0.035635	0.0510377	0.055619	0.0246845	0.064135	0.0570045	0.0610286	0.0656099	0.0464312	0.0202715	0.045684	0.033533	0.0772509	0.0717859	0.0563738	0.0330905	0.0334734	
0.057098	0.0598521	0.0505939	0.032042	0.0542803	0.0470677	0.0268101	0.0299327	0.0498326	0.035062	0.0648584	0.0445706	0.0936722	0.047666	0.0675916	0.05766	0.0610836	0.0432159	0.0341652	0.0429453	
0.06198	0.0562698	0.0526316	0.0411483	0.0603647	0.0648357	0.0509307	0.0588238	0.0351718	0.0666677	0.0578791	0.0546995	0.0107456	0.0504338	0.0369049	0.0579966	0.0574893	0.0410598	0.0333073	0.0506598	
0.0636842	0.0705286	0.0367037	0.0372554	0.0546759	0.0542319	0.0436602	0.0505143	0.0391058	0.057176	0.0623709	0.0538359	0.0229204	0.0578564	0.037318	0.0591575	0.0587664	0.0548067	0.0337197	0.0517123	
0.0660252	0.0594564	0.0485922	0.0336286	0.0542906	0.0532181	0.0357675	0.0352342	0.0435351	0.0463715	0.063165	0.043338	0.0753109	0.0488236	0.0435654	0.0595595	0.0670244	0.0443709	0.0339563	0.0447665	
0.0565666	0.0601522	0.0876088	0.036274	0.0976627	0.0363558	0.0334475	0.0281829	0.035356	0.0607407	0.0646989	0.0397822	0.0288781	0.0487789	0.0433982	0.0556774	0.0542921	0.0418306	0.0328259	0.0574905	
0.0708684	0.0542648	0.0461708	0.0365221	0.0753939	0.0551344	0.032383	0.0570226	0.032953	0.0675151	0.063598	0.0407031	0.0174315	0.0453216	0.0308812	0.0670903	0.0589526	0.0609976	0.0323616	0.0544346	
0.102777	0.0570444	0.0311581	0.0382602	0.0542284	0.0915417	0.0331329	0.043702	0.038343	0.0565407	0.0631781	0.0398321	0.0177042	0.0471596	0.0321387	0.0875739	0.0465024	0.039786	0.0330954	0.0463006	
