0.02783	0.0433586	0.0736419	0.0400487	0.0430735	0.0591744	0.0533166	0.0369461	0.0545146	0.0548785	0.0443098	0.0583494	0.0439178	0.055115	0.0669742	0.0327246	0.0456848	0.0454287	0.0616005	0.0591123	
0.428135	0.0394869	0.0133977	0.0344021	0.0106667	0.0184189	0.0517553	0.0114132	0.0146114	0.00442599	0.0509845	0.0640126	0.00821219	0.0420791	0.0123183	0.0164628	0.012768	0.108056	0.0257463	0.0326467	
0.0724501	0.0251425	0.00466791	0.00751303	0.118688	0.0378882	0.130072	0.0469243	0.0120315	0.142861	0.0426666	0.0641977	0.0272097	0.0216196	0.0230533	0.0933131	0.0400306	0.0162203	0.0289522	0.0444979	
0.0560431	0.0177676	0.00658526	0.0398923	0.140813	0.0228543	0.0132957	0.0407509	0.0405373	0.0369727	0.0434112	0.0652302	0.102306	0.0695579	0.0346467	0.116716	0.0545943	0.0136907	0.0262812	0.0580533	
0.0708431	0.0937191	0.0355921	0.0180525	0.0333568	0.242268	0.0187171	0.0123384	0.0218786	0.0222538	0.0482469	0.0250468	0.0288068	0.0354112	0.139928	0.0607053	0.0306163	0.00793347	0.0310324	0.023253	
0.0346318	0.0465287	0.0211428	0.0227067	0.0361063	0.0490424	0.0578205	0.00973863	0.00767499	0.0408015	0.0240306	0.011765	0.0016043	0.0546763	0.00627441	0.00686655	0.44539	0.0290123	0.0342948	0.0598914	
0.016579	0.0149393	0.0157528	0.0284042	0.0183556	0.0138286	0.0282496	0.0208157	0.577906	0.017804	0.0211134	0.0357779	0.0106889	0.0346359	0.0396502	0.0144483	0.0237107	0.0226397	0.0286921	0.0160083	
0.0224353	0.0241034	0.0195934	0.023953	0.0144546	0.0258401	0.0197339	0.0219051	0.0385933	0.0232894	0.0237729	0.0162292	0.024011	0.027905	0.569991	0.0208811	0.026249	0.0191673	0.0206652	0.0172264	
0.118529	0.0271132	0.00269347	0.0094082	0.040742	0.0120423	0.0615979	0.037277	0.0133507	0.0628628	0.0576799	0.0676297	0.042654	0.0981425	0.0066031	0.245171	0.0230217	0.03204	0.0153198	0.0261221	
0.0780256	0.0172306	0.0330183	0.0183267	0.0259519	0.0225183	0.204637	0.0706682	0.0438062	0.0500368	0.0246675	0.0338413	0.0401264	0.0178482	0.00797826	0.0275908	0.0188424	0.0420605	0.0329914	0.189834	
0.0250847	0.0300526	0.036979	0.267526	0.0376115	0.0393028	0.03725	0.0540823	0.0577689	0.0216034	0.0657726	0.0281121	0.0172978	0.0664342	0.025597	0.0315589	0.0475781	0.0422216	0.041062	0.027105	
0.0398397	0.00779482	0.0755205	0.0353793	0.0349509	0.00836643	0.114119	0.0535359	0.0683162	0.0292283	0.0252263	0.0248693	0.0148452	0.100342	0.106822	0.155123	0.0233885	0.0398045	0.0249622	0.0175659	
0.0188056	0.0765465	0.0846396	0.0241736	0.0501985	0.0264919	0.014094	0.036662	0.0448369	0.0416951	0.170137	0.0234781	0.0162407	0.0360878	0.0244965	0.0202659	0.146557	0.0285496	0.0564517	0.0595926	
0.0179815	0.0526486	0.0965464	0.24289	0.0400421	0.02863	0.0179555	0.0258255	0.0707956	0.0542783	0.0378934	0.0082172	0.00356317	0.0381682	0.161361	0.0309073	0.0303238	0.00958996	0.0211139	0.0112687	
0.0379303	0.0952332	0.00984671	0.0858384	0.0180808	0.0161311	0.112872	0.062653	0.00574688	0.0961431	0.0377067	0.0261024	0.020224	0.033817	0.00971777	0.0442493	0.210256	0.033459	0.0205665	0.0234255	
0.0341985	0.0289823	0.287089	0.0514468	0.0127643	0.0675527	0.0167852	0.0354764	0.0130222	0.00468763	0.10303	0.040413	0.00752107	0.109116	0.0177915	0.014881	0.0627023	0.021966	0.0530356	0.0175385	
0.0930188	0.0679178	0.0103804	0.048401	0.0128505	0.234805	0.0118134	0.0199214	0.0437491	0.0193721	0.0292515	0.0361564	0.0668496	0.0251941	0.0932116	0.0546667	0.0293588	0.0637234	0.00520521	0.0341534	
0.0607393	0.0510035	0.049219	0.0847724	0.0511048	0.0208461	0.0209372	0.0981145	0.0412304	0.0342077	0.0169202	0.0423181	0.0490383	0.0901828	0.00623292	0.028297	0.0677103	0.0936467	0.0709873	0.0224915	
0.0113754	0.0598863	0.0186603	0.0298915	0.0745462	0.0186924	0.0535461	0.0141436	0.228053	0.0225803	0.0343303	0.0214893	0.0333349	0.0276082	0.211959	0.0411448	0.0189386	0.04629	0.0170724	0.0164573	
0.0312131	0.0191377	0.00982057	0.0160561	0.0202629	0.0177911	0.037094	0.028995	0.00779996	0.0244777	0.0523503	0.0163102	0.229246	0.239962	0.052555	0.0789466	0.0345568	0.0322895	0.0298371	0.0212982	
0.012183	0.0903302	0.0278256	0.0333611	0.0387235	0.0497269	0.045104	0.0322863	0.0819382	0.0363983	0.0689988	0.116872	0.0190292	0.0615942	0.0456876	0.123539	0.0539511	0.0265855	0.0228873	0.0129784	
0.149034	0.0161077	0.0389296	0.00525031	0.022762	0.0699393	0.031664	0.0406125	0.0650097	0.0184126	0.0387905	0.0266504	0.02696	0.0399222	0.103174	0.100511	0.0925346	0.0751871	0.0152855	0.0232633	
0.044225	0.0230853	0.00524693	0.0338682	0.0479439	0.0513341	0.0580069	0.0332525	0.0123042	0.0492393	0.0487773	0.0509542	0.0261641	0.0487011	0.0386604	0.116276	0.160867	0.0582493	0.0476824	0.045162	
0.0336118	0.022793	0.0531362	0.137312	0.0601856	0.00736932	0.0344633	0.0728866	0.0401145	0.173313	0.0314468	0.0251436	0.0208484	0.0666764	0.0457839	0.0103425	0.0406543	0.0469603	0.0512785	0.0256799	
0.0400009	0.0230392	0.0722646	0.00744135	0.0312694	0.0695376	0.00890952	0.204416	0.0508353	0.0238077	0.0285973	0.0360447	0.0339565	0.0545745	0.0589268	0.0195809	0.0814035	0.0885419	0.0217689	0.0450831	
0.0137448	0.0123615	0.0186016	0.0166718	0.0104521	0.0265813	0.0184448	0.0147051	0.167434	0.0148964	0.049007	0.0284178	0.0127541	0.020903	0.462684	0.0266323	0.0264221	0.0184729	0.0257887	0.0150238	
0.195348	0.0286034	0.00778733	0.0233159	0.0146389	0.016895	0.0507955	0.0826354	0.0925732	0.040562	0.0425144	0.027762	0.0192217	0.0738141	0.0856585	0.0309985	0.0520753	0.0383857	0.0355677	0.0408475	
0.0505501	0.0506348	0.00983264	0.0191649	0.0376761	0.0585629	0.0349028	0.0100961	0.066015	0.0519738	0.0498557	0.108745	0.0113587	0.104536	0.0370782	0.162917	0.0169165	0.0330204	0.0211401	0.0650234	
0.0533087	0.048559	0.0301481	0.0397228	0.0236286	0.0121772	0.0143154	0.165737	0.0693471	0.0195338	0.00850301	0.0249733	0.0381125	0.0549984	0.0481886	0.0178063	0.0280252	0.260861	0.0305973	0.0114576	
0.0410006	0.026956	0.024822	0.0445459	0.0301832	0.517398	0.0251196	0.0180058	0.0163988	0.0225682	0.0276672	0.0255783	0.0156407	0.0268102	0.0275166	0.0210919	0.019795	0.0261405	0.0256362	0.0171251	
0.0898266	0.0447529	0.0201428	0.040777	0.0745417	0.0453468	0.0578119	0.020066	0.0903444	0.0253076	0.0695981	0.0307763	0.023337	0.0238753	0.135488	0.0200956	0.0302203	0.0420376	0.0347218	0.0809322	
0.0329375	0.0775732	0.0170098	0.024788	0.128198	0.022443	0.0185236	0.0187641	0.0258149	0.0253233	0.245234	0.0522132	0.0289291	0.0589504	0.0144943	0.0242313	0.0295743	0.0515913	0.0310217	0.072385	
0.0651521	0.0875505	0.0255546	0.0176327	0.0231752	0.0256649	0.0283273	0.20925	0.0190666	0.0572122	0.0802636	0.0401443	0.0248325	0.0604527	0.00581817	0.0282452	0.0866581	0.0681036	0.0218507	0.0250452	
0.132937	0.0292351	0.0452412	0.037265	0.0303888	0.0782548	0.076454	0.058408	0.0704151	0.074868	0.0450151	0.0535112	0.0125729	0.0149543	0.0358317	0.0380627	0.0791726	0.0402297	0.0319061	0.0152769	
0.0548418	0.0232794	0.0190333	0.0426117	0.0496863	0.38394	0.0216532	0.0207683	0.0214355	0.0201293	0.0453479	0.0328444	0.0232749	0.0398377	0.0239473	0.0745677	0.0287635	0.0241432	0.0310444	0.0188499	
0.0210713	0.0672221	0.0309585	0.0280667	0.0712057	0.0103151	0.0198788	0.332041	0.0398713	0.0873163	0.0459837	0.036075	0.0159462	0.0168206	0.013958	0.0150092	0.0322789	0.0553734	0.0324544	0.0281539	
0.0339655	0.0544444	0.0191367	0.0456178	0.0320712	0.236597	0.0553899	0.0691279	0.0286541	0.0256493	0.0453887	0.102004	0.0236745	0.0374632	0.0272368	0.062852	0.019273	0.031097	0.0342125	0.016144	
0.066046	0.0606424	0.027002	0.00357635	0.0106177	0.0426775	0.0706203	0.0548546	0.0514762	0.0419754	0.0962182	0.022459	0.0178043	0.0501115	0.234171	0.0400919	0.0280019	0.0185086	0.0372899	0.0258558	
0.0919588	0.0777817	0.023965	0.0158334	0.160864	0.0245634	0.0537261	0.0478535	0.0268418	0.0393011	0.0666272	0.0114996	0.0145994	0.0256183	0.0102503	0.0270313	0.0470723	0.0932704	0.113742	0.0276006	
0.0595278	0.0185952	0.0211921	0.016506	0.05157	0.011594	0.165841	0.0689808	0.0198674	0.00621196	0.0319024	0.0113605	0.0127498	0.0328272	0.0268853	0.0233885	0.0318309	0.0213487	0.237653	0.130168	
0.0527252	0.0270398	0.0367189	0.0789309	0.0237849	0.0469481	0.0159508	0.0820064	0.0115755	0.157878	0.0540313	0.0322277	0.0171241	0.045452	0.0181262	0.108457	0.0798446	0.0401595	0.0159945	0.0550247	
0.0232919	0.0472203	0.0391938	0.0414439	0.0287229	0.0430022	0.0293415	0.0195771	0.0521914	0.0327677	0.0583954	0.0160403	0.0229435	0.356462	0.0460717	0.0253208	0.0411587	0.0174731	0.0241391	0.035243	
0.0350428	0.0578729	0.0176406	0.0350242	0.0456149	0.0355112	0.0335683	0.0507383	0.0558944	0.0404703	0.262258	0.109301	0.013773	0.0163192	0.0186561	0.0192699	0.0334543	0.0417003	0.0570298	0.0208602	
0.0572756	0.101444	0.0255844	0.0221767	0.0292326	0.0258549	0.0258618	0.103173	0.0765069	0.0436427	0.0305702	0.0436023	0.00230756	0.0281679	0.0373657	0.0895409	0.0808796	0.0445564	0.06554	0.0667164	
0.0291073	0.0222141	0.0129474	0.0251251	0.0217766	0.027261	0.0223972	0.0331399	0.0153965	0.0326645	0.0343869	0.0441107	0.0193348	0.0386146	0.0263947	0.0962736	0.411573	0.0402046	0.0208904	0.0261871	
0.0185065	0.0284708	0.0631807	0.412352	0.0390429	0.0267081	0.02263	0.0314021	0.036048	0.0268722	0.0372094	0.0379865	0.0242815	0.0342664	0.0146168	0.0249644	0.0315661	0.0313057	0.0361152	0.0224746	
0.029211	0.0668303	0.0203794	0.0271604	0.0385124	0.0149377	0.0386873	0.0948053	0.0232605	0.275333	0.0884734	0.0156764	0.0299281	0.0141662	0.0231251	0.0163396	0.0550604	0.0852779	0.0094815	0.0333544	
0.0606574	0.0413683	0.0369321	0.0143139	0.0706537	0.117499	0.0582841	0.0236324	0.127064	0.055478	0.0663622	0.032216	0.0370364	0.0417856	0.0478311	0.0527991	0.0523244	0.0361041	0.0120058	0.015652	
0.0293403	0.0662061	0.0203727	0.0267529	0.0391145	0.0150098	0.0390755	0.0947383	0.0232134	0.276152	0.0881339	0.0154853	0.0299245	0.0142192	0.0230634	0.0163635	0.054784	0.0855886	0.00950137	0.0329608	
0.0783099	0.111446	0.0289664	0.0277469	0.00934073	0.129566	0.0415893	0.0618956	0.035504	0.0154048	0.0640338	0.0296998	0.0450409	0.0955546	0.0248561	0.0954203	0.053069	0.0225761	0.0130063	0.0169737	
0.0213228	0.0393132	0.0671599	0.0422872	0.0130672	0.0426552	0.0126215	0.113301	0.0189829	0.0661178	0.0261097	0.144012	0.128728	0.0237434	0.038858	0.0365835	0.0883906	0.0410587	0.0212649	0.0144225	
0.0969136	0.0816207	0.010507	0.0156746	0.0578311	0.0325918	0.0239437	0.00736566	0.11947	0.0179785	0.0381384	0.0979197	0.0130299	0.0183805	0.0175039	0.0525458	0.145754	0.0198636	0.0142084	0.118759	
0.0516731	0.0265027	0.0456518	0.327504	0.0337276	0.042801	0.0197615	0.0289341	0.0369738	0.027026	0.0304156	0.0254645	0.0138382	0.0704764	0.0210473	0.0293046	0.0308705	0.0473151	0.059821	0.0308911	
0.107383	0.0440979	0.0126094	0.0390987	0.0411968	0.162214	0.0317316	0.0153402	0.0383213	0.023367	0.0516439	0.0402623	0.0191392	0.0425025	0.0198886	0.176718	0.0509827	0.0246469	0.0319042	0.0269519	
0.0117553	0.0595156	0.0195039	0.0307003	0.0709839	0.0173072	0.049628	0.0136492	0.238042	0.0227541	0.0344421	0.0215892	0.0318356	0.0279527	0.215829	0.0389629	0.0195534	0.0422552	0.0170001	0.0167402	
0.0605453	0.0812066	0.0350389	0.0348318	0.0340404	0.0197402	0.0124124	0.156477	0.0172925	0.141553	0.0713829	0.0685165	0.0338787	0.0287772	0.00824539	0.0553336	0.047469	0.0557109	0.0271359	0.0104119	
0.0403392	0.0805405	0.0106941	0.0274122	0.0188635	0.0230076	0.0184016	0.299348	0.0299078	0.110301	0.0600939	0.0411885	0.0273962	0.0146825	0.0088579	0.0301634	0.0349184	0.0909176	0.020075	0.0128907	
0.018113	0.0186387	0.0304372	0.0261521	0.0162315	0.00824807	0.0592953	0.0132387	0.0503453	0.0314824	0.0670706	0.316018	0.020634	0.142628	0.0159954	0.0399608	0.0304051	0.0190549	0.0279222	0.0481286	
0.018113	0.0186535	0.0304332	0.0261176	0.0162504	0.00826694	0.0592748	0.013244	0.0502796	0.0314972	0.0670011	0.316236	0.0206642	0.142325	0.0160498	0.0399683	0.030454	0.0190519	0.0279861	0.0481332	
0.0505235	0.122779	0.0189398	0.0389269	0.0248823	0.0607514	0.0168102	0.0398677	0.0292201	0.0245013	0.0394834	0.0360328	0.0179592	0.0345719	0.0263604	0.251304	0.0695499	0.0410602	0.0381567	0.0183196	
0.0328025	0.0357029	0.00513012	0.0214271	0.0225912	0.012461	0.0139754	0.184282	0.0177309	0.150527	0.0525535	0.0421643	0.0116541	0.0271998	0.00518009	0.019461	0.125342	0.181192	0.0134693	0.0251542	
0.0495686	0.0739022	0.00723758	0.030572	0.0292758	0.100975	0.0155715	0.0363831	0.0556148	0.0417286	0.0217077	0.0839771	0.022337	0.0337719	0.0420024	0.104494	0.179651	0.0358181	0.0131922	0.0222195	
0.0210293	0.06748	0.0306689	0.0281771	0.0706346	0.0102526	0.0197967	0.333944	0.0396407	0.0872353	0.0458351	0.0357029	0.0156942	0.0168005	0.0138376	0.0148867	0.0321648	0.0557244	0.0320797	0.0284149	
0.0158818	0.0323462	0.0435435	0.350718	0.0280397	0.0352106	0.0362035	0.0468802	0.0388531	0.0279713	0.046687	0.0314431	0.034757	0.037667	0.0218429	0.0281147	0.0416407	0.039587	0.0283223	0.03429	
0.0133661	0.0119161	0.0186427	0.0155979	0.0102156	0.027293	0.0202271	0.0144156	0.181784	0.0143093	0.0527438	0.0299899	0.0117547	0.0200544	0.444215	0.0278143	0.026454	0.0190182	0.0260112	0.014177	
0.0312948	0.0484543	0.0188625	0.034423	0.0419319	0.0394775	0.0362817	0.0355569	0.044398	0.0407672	0.27482	0.0510893	0.018261	0.0456645	0.0401262	0.0295331	0.0288443	0.0596214	0.0346059	0.0459862	
0.0633796	0.0248874	0.0233106	0.0517347	0.0277085	0.0680959	0.0304909	0.0722824	0.0400841	0.0220385	0.0228037	0.0361109	0.0170558	0.0456495	0.0135338	0.121639	0.0470161	0.228968	0.0109079	0.0323024	
0.0316497	0.0365744	0.0273511	0.011365	0.0279402	0.0401626	0.0467802	0.151998	0.0471414	0.207279	0.0207498	0.0481287	0.0224118	0.0477354	0.0128657	0.0455225	0.0535742	0.0419649	0.0339268	0.0448789	
0.101046	0.051497	0.02088	0.0294173	0.0240978	0.0814775	0.0226054	0.0257336	0.018244	0.0221433	0.0422034	0.0271863	0.0462834	0.0290713	0.0161405	0.302814	0.0536957	0.0310594	0.0365548	0.0178493	
0.282788	0.0450405	0.0326235	0.0149316	0.023586	0.0954766	0.0334503	0.045487	0.0179187	0.0218588	0.0327909	0.0259338	0.0129855	0.0228951	0.015053	0.110657	0.0940308	0.0422312	0.0134138	0.0168481	
0.0217002	0.0240721	0.0297202	0.0119474	0.201541	0.0266974	0.0335734	0.0266341	0.116495	0.0356143	0.0507513	0.0409884	0.0213555	0.0525124	0.026503	0.0267329	0.0419856	0.0391402	0.087929	0.0841072	
0.0200225	0.0159544	0.4788	0.0500521	0.0245292	0.0234588	0.0397194	0.0246547	0.0209796	0.021079	0.040795	0.042562	0.0173285	0.0221105	0.0164298	0.0166409	0.0207818	0.033451	0.0386479	0.0320024	
0.135767	0.0225051	0.0361055	0.104869	0.0463573	0.0174825	0.03665	0.050053	0.0606625	0.0449403	0.0563649	0.0735375	0.00906988	0.0468592	0.0278923	0.0406129	0.0607798	0.101442	0.0135796	0.0144693	
0.0746634	0.0418874	0.0237159	0.00982202	0.0154929	0.026642	0.0609192	0.0406706	0.0985262	0.0355332	0.0701318	0.0229014	0.0208963	0.0478171	0.262704	0.0452214	0.0255987	0.0250135	0.030549	0.0212936	
0.0145171	0.0139086	0.0188378	0.017183	0.0107256	0.0270989	0.0202462	0.015783	0.149449	0.0162523	0.04634	0.0268538	0.0144269	0.0217648	0.476133	0.0259708	0.0265193	0.0186466	0.0247752	0.0145671	
0.12628	0.0163603	0.0183518	0.0263652	0.0173536	0.0137547	0.0565994	0.137137	0.0125725	0.0503342	0.0289358	0.0965386	0.003932	0.103675	0.00916968	0.0506237	0.0477785	0.0716015	0.0824567	0.0301792	
0.0742572	0.0531622	0.0258463	0.0152082	0.0475836	0.0245576	0.0381356	0.0400604	0.114777	0.0539786	0.0420184	0.0598989	0.00991202	0.0527122	0.148099	0.0324613	0.0565185	0.0694923	0.0303864	0.0109343	
0.0352234	0.0468739	0.0285817	0.0212405	0.0702993	0.009874	0.067391	0.0301815	0.0129453	0.0150879	0.0260067	0.0465974	0.0271318	0.0111843	0.0135213	0.0159958	0.0224644	0.0251696	0.0245138	0.449716	
0.0180414	0.0418317	0.0268282	0.0163808	0.0358797	0.0246821	0.0562679	0.0587691	0.033255	0.414721	0.0490991	0.0197457	0.0267578	0.0299531	0.0171501	0.0188587	0.0319845	0.0236858	0.0329539	0.0231543	
0.0610732	0.106796	0.0163591	0.0691378	0.0363976	0.0926232	0.0217675	0.0424728	0.0255853	0.0155039	0.0215529	0.0320747	0.0101329	0.03627	0.0178195	0.22825	0.073126	0.0607857	0.0164946	0.0157775	
0.0298365	0.0354264	0.0536893	0.169722	0.0594456	0.0210448	0.0327458	0.0560629	0.0246007	0.0567074	0.0219565	0.0136162	0.017201	0.0746076	0.0227017	0.0284712	0.0187151	0.0559415	0.0578337	0.149674	
0.0786385	0.0876157	0.0221187	0.0529834	0.0690575	0.00851412	0.0781112	0.0133624	0.0199471	0.027166	0.0520498	0.0389975	0.0080934	0.104413	0.0281813	0.0653186	0.0812727	0.0454963	0.0205209	0.0981416	
0.0264781	0.0720616	0.00308109	0.0201457	0.0388026	0.0381849	0.0534416	0.0152748	0.0551969	0.0209289	0.112097	0.0777375	0.092671	0.107483	0.0421706	0.0309267	0.0275298	0.0636777	0.0542372	0.0478736	
0.0878478	0.0367378	0.0275742	0.0246902	0.0256273	0.0646052	0.0308762	0.055571	0.00924655	0.0965852	0.0488147	0.124827	0.00610366	0.0838755	0.0158717	0.135784	0.0297475	0.0599807	0.0259548	0.00967924	
0.105663	0.0725957	0.00955771	0.0393967	0.016851	0.154713	0.031515	0.0297559	0.0679008	0.0220034	0.0177387	0.0504218	0.059953	0.0257644	0.0898927	0.0502978	0.0365919	0.058291	0.0118553	0.0492419	
0.0524635	0.0210831	0.0224899	0.0247218	0.0719792	0.257702	0.0580144	0.0132431	0.0290283	0.0493577	0.0435777	0.0255466	0.0271576	0.0564409	0.0263387	0.0541594	0.0972749	0.0229525	0.0258188	0.0206501	
0.0177316	0.0154692	0.0142673	0.0301698	0.0193759	0.0144672	0.0279169	0.0232593	0.557882	0.0196747	0.0217153	0.0344396	0.0106936	0.0391882	0.0454106	0.0164266	0.0243958	0.0246904	0.0256518	0.0171744	
0.0109973	0.121602	0.170965	0.0193821	0.0257909	0.0284073	0.0426937	0.0357382	0.0209785	0.0260833	0.0278617	0.172929	0.0171832	0.0413484	0.00595689	0.147984	0.0118173	0.0285772	0.0168086	0.0268947	
0.101506	0.065193	0.0190304	0.00658126	0.0713969	0.179459	0.0985023	0.0446266	0.0521194	0.0176918	0.0379569	0.0191936	0.0819478	0.0212099	0.0117897	0.0384272	0.0277902	0.0249316	0.0599633	0.020683	
0.0150299	0.018669	0.00175466	0.056175	0.0202658	0.063884	0.0233886	0.115607	0.137281	0.0292748	0.034163	0.0841643	0.00120533	0.0670901	0.0621427	0.0275183	0.117259	0.0690903	0.0127452	0.0432927	
0.0127169	0.011619	0.0183346	0.0155125	0.00967192	0.0267752	0.0208919	0.0141259	0.187089	0.0140086	0.0529882	0.0297349	0.0116787	0.0196519	0.44214	0.0274553	0.0267688	0.0187835	0.0260349	0.0140182	
0.0355909	0.0277529	0.0567744	0.0222327	0.052161	0.0279245	0.0171106	0.0255861	0.0181893	0.0361454	0.0457412	0.103627	0.0103841	0.0484624	0.0112734	0.0429221	0.304147	0.0558566	0.0422554	0.0158639	
0.0395664	0.0264774	0.0247984	0.0446624	0.0311805	0.51962	0.0255736	0.0172142	0.0161125	0.0221369	0.02815	0.0251686	0.015883	0.0265855	0.027783	0.0211742	0.0189251	0.0256691	0.025932	0.0173873	
0.0393966	0.026784	0.0250907	0.0448949	0.0304514	0.522578	0.0257197	0.0172763	0.0158268	0.0222746	0.0275614	0.0253071	0.0155241	0.0260866	0.0279	0.0197792	0.0185272	0.0258278	0.0257811	0.0174124	
0.0970001	0.0362701	0.0161048	0.0174402	0.0234897	0.0204141	0.0391481	0.0294234	0.0221555	0.0184934	0.17973	0.00746253	0.301122	0.025483	0.0167603	0.0638379	0.0244008	0.0175926	0.0252632	0.0184081	
0.0260537	0.0607257	0.0199857	0.0319526	0.0462189	0.0145033	0.0185763	0.367493	0.0282816	0.0873487	0.0429895	0.0285025	0.0141166	0.0144121	0.0113778	0.0170492	0.0375807	0.0740372	0.0285822	0.0302131	
0.0513338	0.0684896	0.0218186	0.0388425	0.0738254	0.0175545	0.0759001	0.0325932	0.022093	0.031047	0.0377871	0.0410433	0.0241052	0.0243502	0.0296842	0.016741	0.0265021	0.0203271	0.0184038	0.327558	
0.00873174	0.0484797	0.00328212	0.021326	0.0364671	0.0153481	0.0818945	0.0512817	0.0879929	0.0337537	0.105644	0.0206991	0.0110575	0.0710734	0.110648	0.0532341	0.0847488	0.0612731	0.0714817	0.0215831	
0.0234456	0.0245099	0.0197224	0.0240418	0.0147071	0.0260444	0.0218657	0.0219962	0.044219	0.0230144	0.0238366	0.0165059	0.0236331	0.027393	0.559522	0.0213734	0.0263658	0.019512	0.0210252	0.0172667	
0.0518647	0.0406596	0.0193105	0.0659545	0.0323059	0.0356542	0.0245662	0.0351433	0.031073	0.076002	0.0727277	0.0878364	0.0659156	0.0411103	0.0269455	0.0517837	0.054614	0.0935623	0.0187962	0.0741745	
0.0289273	0.0725259	0.0751054	0.0233226	0.00479735	0.0782731	0.0413947	0.037438	0.0421075	0.0358403	0.0412819	0.100684	0.0287301	0.111683	0.0243116	0.0481371	0.10505	0.0207725	0.0190208	0.0605967	
0.0831763	0.0579921	0.0256498	0.0305335	0.0582779	0.101477	0.101327	0.0151675	0.0610913	0.0415141	0.0410241	0.00846426	0.0306882	0.0163128	0.0928219	0.103388	0.0107959	0.0472473	0.0565453	0.0165054	
0.0592384	0.0511008	0.0263469	0.0267386	0.0268282	0.028427	0.037936	0.0417837	0.10696	0.0663038	0.0431314	0.0887351	0.0198188	0.0300295	0.135169	0.0286253	0.0649033	0.0716933	0.0192039	0.0270264	
0.0221959	0.0541059	0.0204018	0.0229257	0.0576392	0.0309021	0.0407162	0.0355194	0.0231454	0.0567918	0.0872041	0.0396889	0.0210083	0.0437303	0.0343456	0.0465324	0.0161143	0.0292105	0.268901	0.0489215	
0.0657032	0.0464072	0.019515	0.0260489	0.0316669	0.124707	0.0382797	0.0992121	0.0305423	0.0598903	0.214325	0.0343445	0.0109957	0.0392327	0.0315807	0.00793964	0.0420262	0.0292487	0.00934485	0.0389899	
0.0472477	0.0292442	0.023394	0.018961	0.0153365	0.0258215	0.0780901	0.0267239	0.120957	0.020061	0.0337252	0.0225577	0.0171976	0.0208077	0.353924	0.0362914	0.0278613	0.0323394	0.0314272	0.0180315	
0.0301688	0.0292791	0.0810544	0.250766	0.0256458	0.0295809	0.0513871	0.0428587	0.0257507	0.0252013	0.027023	0.0293975	0.0524871	0.0253857	0.0163426	0.0717414	0.0734446	0.0502892	0.0347535	0.0274426	
0.0632198	0.0430347	0.0198705	0.0289895	0.0274692	0.033043	0.0543522	0.0824483	0.0278988	0.201105	0.0205066	0.0279672	0.0671694	0.0402138	0.0190495	0.0983411	0.0644445	0.0391123	0.0174522	0.024313	
0.0357825	0.0350451	0.0247051	0.0166644	0.0288236	0.0119066	0.0335184	0.207221	0.0188763	0.066774	0.115616	0.0417906	0.0175493	0.0800761	0.00900057	0.0275385	0.0545254	0.154344	0.0104453	0.00979642	
0.0291783	0.0666212	0.0211438	0.02823	0.0392104	0.01469	0.0393549	0.0941092	0.0231647	0.275412	0.086278	0.0156357	0.0299865	0.0144611	0.023324	0.0162088	0.0550145	0.0853832	0.0101071	0.0324868	
0.0202304	0.028895	0.0542281	0.058894	0.0678154	0.0140499	0.0408812	0.0940151	0.0117357	0.0945383	0.100812	0.0195786	0.0158438	0.0460672	0.0234776	0.0235732	0.10337	0.0637652	0.049451	0.0687788	
0.0786219	0.0213611	0.223196	0.0636538	0.0430685	0.0425625	0.0453547	0.0118822	0.0181375	0.0282905	0.036309	0.104976	0.00832246	0.0448922	0.0275074	0.0554025	0.0460479	0.0264407	0.031305	0.042668	
0.0175307	0.0246028	0.0132579	0.0281423	0.0309156	0.012344	0.0282035	0.0264568	0.463853	0.0248251	0.0249874	0.0347086	0.0130557	0.0453928	0.0769406	0.0314126	0.0293605	0.0262057	0.0246712	0.0231334	
0.0304271	0.0328656	0.063277	0.319891	0.0799824	0.0263916	0.0245235	0.0232035	0.0447727	0.027459	0.0391167	0.0462875	0.0421948	0.0372385	0.00882801	0.0276666	0.0294716	0.037703	0.0284244	0.030276	
0.0166716	0.0268721	0.0691477	0.437708	0.0287047	0.0258496	0.017764	0.0274565	0.0375295	0.026079	0.0349806	0.038929	0.016218	0.036022	0.0145135	0.023607	0.0297939	0.0294931	0.0418793	0.0207809	
0.0526641	0.0564369	0.0101465	0.0184445	0.00834246	0.0252911	0.0143168	0.362468	0.0356337	0.0970692	0.0352718	0.014216	0.0178296	0.0127831	0.00831486	0.0170543	0.0466909	0.127248	0.0118623	0.0279159	
0.0277803	0.0439075	0.0424525	0.0376164	0.0131126	0.0255207	0.07751	0.0479091	0.0455305	0.049429	0.0668972	0.032517	0.00843324	0.0719325	0.114715	0.0729302	0.0764983	0.0511938	0.0257192	0.0683954	
0.0498861	0.0460454	0.0291809	0.0212725	0.0287586	0.0332542	0.0436108	0.0421862	0.0931165	0.0465146	0.0635813	0.0355251	0.0147212	0.0607644	0.202738	0.0400629	0.0501581	0.0456167	0.0279632	0.0250428	
0.043735	0.06555	0.0259181	0.025846	0.0443614	0.0224621	0.0208931	0.346865	0.0251153	0.0430272	0.0309861	0.0352343	0.00805867	0.02638	0.00841514	0.0214167	0.0639366	0.091336	0.0221481	0.028315	
0.0215355	0.0531115	0.0221418	0.0235724	0.0507845	0.0310249	0.0417275	0.0337211	0.0237448	0.0558258	0.0681063	0.03768	0.0204488	0.0386283	0.0322522	0.0706485	0.0170394	0.0231978	0.262618	0.0721906	
0.0641758	0.0614984	0.0194845	0.0192196	0.0299669	0.0248264	0.0628476	0.0288372	0.118257	0.0360906	0.0387992	0.0237643	0.0144644	0.0264724	0.261237	0.0549719	0.0252029	0.0542366	0.0240046	0.0116429	
0.0190407	0.0825129	0.00436492	0.0168115	0.014382	0.025633	0.0742487	0.141776	0.0646272	0.0412485	0.0476774	0.0190014	0.00878851	0.0823603	0.065547	0.0166055	0.0755285	0.115405	0.0552419	0.0291987	
0.268943	0.0603817	0.0290628	0.0161314	0.0219686	0.0988617	0.0436407	0.0426043	0.0150289	0.0275658	0.0344893	0.0264809	0.0149857	0.0201958	0.0165694	0.108754	0.0701559	0.0510538	0.0164261	0.0167004	
0.0533845	0.0371942	0.0270004	0.0203307	0.0682757	0.0520322	0.0900413	0.0347772	0.0345268	0.0137597	0.045603	0.270761	0.00870757	0.0507317	0.0398449	0.0427292	0.0377103	0.031077	0.00970243	0.0318106	
0.0551656	0.0541469	0.0458847	0.0391112	0.0274909	0.0757735	0.0196903	0.0588057	0.02418	0.060066	0.0728002	0.0814481	0.0194376	0.0230817	0.0352644	0.0571504	0.0486381	0.10103	0.0369135	0.0639211	
0.0909156	0.0322246	0.0263477	0.0333799	0.00397863	0.165791	0.0153076	0.0267723	0.0889099	0.0887977	0.0696725	0.0178689	0.00603427	0.0840556	0.0398613	0.0443212	0.0849975	0.043155	0.0180699	0.0195389	
0.0462562	0.0212794	0.0829678	0.0437072	0.0476485	0.046458	0.0364076	0.0281667	0.0373962	0.0577834	0.111251	0.0444518	0.0276484	0.0466734	0.0303479	0.0305644	0.0551005	0.0761464	0.0503063	0.079439	
0.0412129	0.0609247	0.0486982	0.0601224	0.0448007	0.0376858	0.05591	0.0649811	0.0141357	0.0551696	0.0437177	0.0618016	0.0322056	0.0181968	0.0138054	0.0456272	0.0546127	0.142133	0.0230708	0.0811882	
0.134869	0.0439233	0.0102393	0.0233481	0.0286147	0.0431786	0.0483239	0.0336075	0.0816717	0.0515971	0.0787788	0.0862221	0.00950886	0.0314712	0.029608	0.0452812	0.0790628	0.106297	0.013632	0.0207644	
0.0245281	0.0533438	0.00715879	0.0119715	0.00836571	0.0128728	0.0870984	0.0278635	0.064127	0.0496395	0.111407	0.0321431	0.0845047	0.0731797	0.0468331	0.0380406	0.0904433	0.0790266	0.0461081	0.0513445	
0.136273	0.1186	0.0110642	0.0117653	0.0193608	0.0603313	0.0230632	0.0151799	0.0286536	0.0221756	0.0524634	0.0471221	0.141119	0.0638716	0.009772	0.105647	0.0183713	0.0619852	0.0264049	0.0267766	
0.071387	0.0258687	0.0222516	0.0381147	0.0499556	0.389787	0.0124374	0.0179625	0.022216	0.0217625	0.0398075	0.0244624	0.0159033	0.0387709	0.0225198	0.0726547	0.0399996	0.0249259	0.0269933	0.0222191	
0.0390196	0.0349057	0.00626343	0.0239121	0.0109653	0.0253941	0.0131744	0.113961	0.139121	0.196603	0.0874663	0.0145544	0.0179031	0.0661396	0.0433758	0.0164005	0.0147336	0.0767275	0.0278031	0.0315767	
0.0596478	0.139051	0.0201233	0.0251824	0.0216215	0.0107877	0.0174771	0.0281625	0.0132892	0.0232618	0.0660721	0.0450846	0.0155484	0.0211594	0.00780751	0.113109	0.207551	0.0999294	0.02838	0.0367546	
0.151215	0.0920436	0.0154384	0.0220066	0.0259686	0.0436507	0.289451	0.0154043	0.0238165	0.0154381	0.0205712	0.0406964	0.0223678	0.0643294	0.0185227	0.0303318	0.0417671	0.0169459	0.020781	0.0292532	
0.0306436	0.0998501	0.0197535	0.0217617	0.0494925	0.0116166	0.0249899	0.163843	0.0179149	0.0789274	0.174454	0.0301938	0.0100796	0.0402308	0.0103498	0.0196516	0.0440951	0.11825	0.0220457	0.0118562	
0.0164931	0.0329095	0.0209746	0.0450871	0.0248598	0.0183429	0.0306725	0.0429111	0.0464504	0.106901	0.34076	0.014245	0.0186643	0.0887715	0.0151069	0.0190373	0.0481067	0.0301917	0.0172182	0.0222962	
0.0250177	0.062203	0.0202518	0.0302761	0.0481434	0.0142176	0.0192628	0.362877	0.0285833	0.0952896	0.0457802	0.0288309	0.0154758	0.0151989	0.0123591	0.017887	0.0341941	0.0674506	0.0290048	0.0276957	
0.0222495	0.0511341	0.0224814	0.024303	0.060607	0.0337644	0.040929	0.03554	0.0232353	0.0626831	0.0752308	0.0324737	0.0214427	0.0389768	0.0333291	0.0536216	0.0167375	0.0285072	0.264391	0.0583629	
0.0197871	0.031549	0.02269	0.0760605	0.0226817	0.0398069	0.124475	0.0434655	0.0126461	0.0791075	0.0418056	0.0714109	0.0219909	0.0514346	0.00871235	0.0328696	0.0356434	0.0821824	0.0668783	0.114802	
0.102206	0.0542245	0.0230841	0.0282797	0.0287921	0.0797314	0.0221136	0.02419	0.0195775	0.0191704	0.0451671	0.0285425	0.0422352	0.0266689	0.0165288	0.30193	0.0537232	0.0300119	0.0351216	0.0187015	
0.0340736	0.0486588	0.0221898	0.0433241	0.0348635	0.215551	0.0511261	0.0549879	0.028793	0.0293239	0.0397973	0.129858	0.0241069	0.0458639	0.026141	0.0653933	0.0192046	0.0277145	0.0353374	0.0236917	
0.0113918	0.0615357	0.00809352	0.0119571	0.0310046	0.0310741	0.033175	0.0818544	0.0203688	0.359331	0.0389127	0.0371377	0.0127896	0.00801304	0.0113497	0.0596409	0.0521288	0.0347823	0.043533	0.0519256	
0.0435727	0.0368807	0.0128179	0.0101749	0.0289189	0.0322721	0.0185343	0.0584227	0.0205155	0.176008	0.26831	0.0611981	0.0105562	0.0444578	0.014566	0.0209076	0.028975	0.0464446	0.0269786	0.0394881	
0.0200225	0.0159544	0.4788	0.0500521	0.0245292	0.0234588	0.0397194	0.0246547	0.0209796	0.021079	0.040795	0.042562	0.0173285	0.0221105	0.0164298	0.0166409	0.0207818	0.033451	0.0386479	0.0320024	
0.14679	0.0461559	0.0252428	0.0461012	0.0206059	0.034093	0.0275567	0.0180613	0.0276039	0.0137208	0.0289141	0.0518945	0.0311271	0.0795564	0.0174902	0.169285	0.118553	0.0599726	0.0234941	0.0137813	
0.0712362	0.11945	0.0137722	0.0209381	0.0225551	0.0150086	0.0344101	0.0858651	0.0290311	0.0319691	0.0355469	0.0199241	0.0211666	0.0473274	0.0162078	0.034968	0.201126	0.130984	0.0245408	0.0239729	
0.0344862	0.0466975	0.0287006	0.0212144	0.0673015	0.00948622	0.0670748	0.0303437	0.0127472	0.0150908	0.0260291	0.0471316	0.027783	0.0111824	0.0130891	0.0159811	0.0225039	0.0247411	0.0243594	0.454056	
0.0393879	0.04167	0.0328823	0.0297265	0.0315179	0.0310979	0.0263587	0.0210479	0.0370734	0.0352351	0.0424163	0.0280629	0.024175	0.375521	0.0558737	0.0411359	0.0267929	0.027278	0.0299441	0.0228029	
0.018723	0.0201263	0.0201864	0.0215303	0.0134521	0.0272328	0.0196101	0.0190314	0.0863849	0.0200961	0.0324483	0.0203374	0.0194251	0.0245515	0.529573	0.0230982	0.0258968	0.0187645	0.0241141	0.015418	
0.0289375	0.0198928	0.0128912	0.025198	0.0216978	0.026963	0.0224896	0.0338059	0.015637	0.0328956	0.0340041	0.0447367	0.0187218	0.0392953	0.0260199	0.0970388	0.413586	0.0398577	0.0204146	0.0259161	
0.0210913	0.0217072	0.019648	0.0224823	0.0143299	0.025956	0.0193036	0.0206627	0.0620713	0.0218488	0.0269988	0.0186897	0.0216409	0.0263177	0.551714	0.0216992	0.0267594	0.0188748	0.0211723	0.0170322	
0.24381	0.0440511	0.0381951	0.0303532	0.0260464	0.07748	0.0492545	0.0323552	0.0231024	0.0299605	0.0407776	0.0276687	0.0136527	0.0246767	0.0261063	0.110046	0.0687465	0.0630872	0.0161735	0.0144564	
0.011408	0.0605114	0.0082043	0.0121848	0.0315991	0.0302711	0.0330735	0.0843263	0.021413	0.367911	0.0421586	0.0370783	0.0131399	0.00898926	0.0108192	0.0539654	0.046175	0.0344084	0.0415991	0.0507641	
0.0313977	0.0396274	0.0287747	0.0104486	0.0341975	0.0322613	0.0137777	0.109576	0.0811783	0.0240873	0.0288661	0.0404633	0.00272771	0.0909803	0.0254472	0.0728138	0.0569569	0.241712	0.0178079	0.0168988	
0.0224385	0.0241058	0.0196249	0.0239418	0.0144573	0.0258214	0.0197715	0.0219091	0.0384666	0.023288	0.0237692	0.0162251	0.0240319	0.0279034	0.570046	0.0208807	0.0262451	0.0191775	0.0206475	0.0172493	
0.0521136	0.105384	0.00520389	0.00455009	0.0183982	0.0119815	0.0434888	0.0524549	0.0285899	0.0275708	0.0544725	0.0376676	0.0139285	0.0517126	0.00808665	0.0943966	0.194582	0.131332	0.0450586	0.0190279	
0.0542395	0.0403793	0.05077	0.0265658	0.0191394	0.203828	0.0604542	0.0243864	0.0366193	0.0667988	0.0821896	0.0783339	0.0100571	0.031529	0.0166041	0.119388	0.0198996	0.0226654	0.0130723	0.0230801	
0.0270841	0.033383	0.0117248	0.0077772	0.0225539	0.0182728	0.0201967	0.0676567	0.0218686	0.177465	0.340612	0.0420729	0.009596	0.0291771	0.0164353	0.0218198	0.0260213	0.0415653	0.0290017	0.0357157	
0.0200225	0.0159544	0.4788	0.0500521	0.0245292	0.0234588	0.0397194	0.0246547	0.0209796	0.021079	0.040795	0.042562	0.0173285	0.0221105	0.0164298	0.0166409	0.0207818	0.033451	0.0386479	0.0320024	
0.119487	0.052825	0.0132506	0.00836055	0.0118442	0.0461971	0.0306052	0.0301348	0.0423056	0.036734	0.0279492	0.0368484	0.152064	0.0587935	0.0187887	0.151188	0.0512078	0.0807517	0.0136993	0.0169651	
0.0227594	0.0252803	0.0194314	0.0241674	0.0149887	0.025929	0.0213551	0.0218306	0.0444211	0.0234801	0.0244995	0.0164655	0.0240662	0.0276545	0.558353	0.0213036	0.026124	0.019887	0.0206658	0.0173378	
0.0430068	0.0728356	0.0178168	0.0479288	0.19234	0.0116066	0.0180968	0.0701221	0.021245	0.0695096	0.10591	0.0117348	0.00554803	0.0418983	0.0105535	0.0231076	0.116697	0.0553185	0.0315294	0.0331952	
0.145578	0.170727	0.0100623	0.00717841	0.00493294	0.071568	0.0302153	0.0208799	0.047232	0.0150966	0.055633	0.134719	0.0163125	0.0528872	0.0109916	0.0604427	0.046468	0.0719555	0.0173697	0.00974994	
0.0971905	0.0243995	0.0167929	0.0064102	0.0277789	0.0176882	0.0109433	0.0199082	0.0227451	0.0154238	0.0876959	0.0118543	0.0712351	0.0486138	0.00582535	0.404212	0.0318605	0.010802	0.0134905	0.0551304	
0.0582932	0.0205399	0.0342821	0.0847386	0.0222538	0.046433	0.0160028	0.0843708	0.0148746	0.156482	0.0554891	0.0305647	0.0160253	0.0499436	0.0154963	0.113379	0.079757	0.0386016	0.0172476	0.0452249	
0.0183736	0.0280129	0.0192939	0.0348411	0.0234787	0.0198578	0.0227047	0.0468058	0.0375456	0.123252	0.361859	0.0239692	0.0155467	0.0674213	0.0136232	0.0172269	0.0477572	0.0336384	0.0188238	0.0259684	
0.117433	0.0243553	0.0101726	0.00408688	0.0214377	0.0177757	0.0206459	0.0215471	0.022237	0.0180199	0.0777821	0.0257333	0.0594467	0.0712701	0.00621552	0.378546	0.0280493	0.0122744	0.0119857	0.0509854	
0.0489121	0.0709756	0.0223388	0.031435	0.0345801	0.25952	0.0723028	0.0579502	0.0323858	0.0222219	0.0470389	0.0558352	0.0299356	0.035159	0.0217585	0.0606037	0.020481	0.026842	0.0352117	0.0145121	
0.0315392	0.0197031	0.0509733	0.0380727	0.0173623	0.0482883	0.0191087	0.0178624	0.0516325	0.0506558	0.0796141	0.0287537	0.00864412	0.0413052	0.0281232	0.324239	0.0329844	0.0432707	0.0493188	0.0185489	
0.0402771	0.156249	0.0492444	0.0383271	0.0223301	0.0213799	0.0148515	0.03144	0.0137188	0.0407581	0.0602949	0.0884202	0.0164486	0.0483871	0.00909722	0.0604267	0.157332	0.0403838	0.0210547	0.0695783	
0.0210836	0.0431418	0.028614	0.0166531	0.0320928	0.0247767	0.0597889	0.0646436	0.0397747	0.402281	0.0359709	0.0213405	0.022308	0.0282333	0.0187301	0.0216057	0.0310767	0.021335	0.0368905	0.0296593	
0.0523882	0.0144857	0.00795644	0.0185907	0.0216151	0.0149779	0.0318288	0.0277143	0.0105862	0.0246179	0.0624748	0.0148228	0.266214	0.188655	0.0509123	0.0853967	0.0425938	0.0195925	0.0322495	0.0123272	
0.017744	0.0173935	0.0182325	0.0200605	0.0123724	0.0264131	0.0197515	0.0182356	0.101055	0.0197409	0.0355215	0.0228926	0.0183647	0.0247153	0.520619	0.0227493	0.02641	0.0187924	0.0225354	0.0164012	
0.0131481	0.0120253	0.0183916	0.015421	0.00970766	0.0267807	0.0223172	0.0142545	0.186846	0.0141045	0.0526043	0.0291217	0.0118638	0.0195352	0.440378	0.0275458	0.0268464	0.0189228	0.0261736	0.0140117	
0.0709389	0.0980358	0.0200668	0.0498189	0.0418363	0.113408	0.0354162	0.0354603	0.0199491	0.00923451	0.0212209	0.0218696	0.0127334	0.0507205	0.00837433	0.221825	0.0786705	0.0656936	0.00944483	0.0152826	
0.0395654	0.0267365	0.0250785	0.0448842	0.0307068	0.521856	0.0256459	0.0172584	0.0158163	0.0222235	0.0276978	0.0252616	0.0155105	0.0261713	0.0278603	0.020083	0.0185732	0.0258086	0.0257747	0.0174879	
0.196761	0.0151579	0.0139421	0.0334042	0.0114789	0.047174	0.0598267	0.0221727	0.11027	0.0733694	0.0267667	0.0750999	0.032546	0.0448557	0.0441196	0.0747762	0.0387732	0.0315765	0.0126188	0.0353108	
0.35044	0.0718727	0.0101351	0.0270839	0.0365431	0.0385341	0.0255653	0.0273904	0.0238105	0.018143	0.0793696	0.0469513	0.0349309	0.0537621	0.0114531	0.040953	0.0234413	0.0178526	0.037262	0.0245059	
0.0394917	0.0268291	0.0250222	0.0447567	0.030574	0.521963	0.0257027	0.0172043	0.0159367	0.022264	0.027485	0.0252643	0.0155614	0.026212	0.0278471	0.0201565	0.0187713	0.0257749	0.025745	0.0174384	
0.227156	0.0125608	0.0254214	0.0186435	0.0318215	0.083608	0.0167512	0.00884795	0.0396695	0.0648108	0.0215551	0.0561298	0.0051324	0.0975207	0.0213144	0.108273	0.0371601	0.0223483	0.0692245	0.0320505	
0.26765	0.111457	0.00768023	0.021478	0.0518208	0.0640183	0.134917	0.0104211	0.0312266	0.0139056	0.0256359	0.0461161	0.01525	0.0360536	0.0117476	0.0279207	0.045633	0.0187303	0.0295045	0.028834	
0.151649	0.0146879	0.018047	0.0201102	0.0231277	0.0434526	0.0536254	0.150172	0.022505	0.0511894	0.0170458	0.0140987	0.00913008	0.0244586	0.00953655	0.0472973	0.0628409	0.227733	0.0158292	0.0234634	
0.0174948	0.0155827	0.0146409	0.0293507	0.0187417	0.0152882	0.0277981	0.0236814	0.557762	0.0197969	0.0211854	0.0348575	0.0108633	0.038387	0.0450733	0.0155375	0.0250681	0.0246629	0.0274375	0.0167902	
0.0400899	0.0270903	0.0251146	0.0441661	0.0308557	0.519078	0.0255683	0.0171474	0.0160075	0.0223815	0.0274925	0.0254125	0.0155162	0.026421	0.0277344	0.0215166	0.0196224	0.0255588	0.0255918	0.0176346	
0.0344986	0.0343481	0.0249463	0.0166345	0.0289348	0.011741	0.0338739	0.206748	0.0185576	0.0677997	0.116801	0.0410193	0.0171322	0.0795506	0.00912548	0.0275139	0.0538811	0.156646	0.0106902	0.00955802	
0.0598093	0.0307217	0.0252094	0.0372445	0.0386631	0.427678	0.0195053	0.0202504	0.0185332	0.0260086	0.0320966	0.0310573	0.0157446	0.034874	0.0245723	0.0410439	0.0340869	0.0266075	0.028457	0.0278369	
0.0690012	0.057741	0.0278644	0.0174041	0.0157241	0.048684	0.089444	0.0192701	0.0586869	0.0372662	0.0207641	0.017407	0.0431491	0.0386511	0.0178196	0.0810865	0.261421	0.0326551	0.0276815	0.0182788	
0.0631506	0.172884	0.0111474	0.0258266	0.0278171	0.0256251	0.0532691	0.0718919	0.0428494	0.0667942	0.172273	0.0210868	0.00720173	0.021206	0.00791473	0.0381313	0.0449863	0.0623193	0.0376195	0.0260058	
0.174304	0.0176311	0.0146062	0.0133774	0.0192827	0.0474991	0.0503523	0.133365	0.0205279	0.0414941	0.0154929	0.022494	0.00670553	0.0268263	0.00827864	0.0428747	0.0474007	0.251592	0.0162677	0.0296275	
0.0266028	0.032843	0.0121319	0.00857649	0.022299	0.018065	0.0203906	0.0672129	0.0221761	0.176063	0.342382	0.0411855	0.00967666	0.0301902	0.0162998	0.0216541	0.0267495	0.0412835	0.0289489	0.035269	
0.0170188	0.0268674	0.0687997	0.43692	0.0289765	0.026009	0.0176832	0.0273912	0.0376579	0.0259555	0.0347478	0.0388382	0.0163453	0.0360875	0.0144809	0.0236497	0.0296967	0.0298011	0.0421155	0.0209577	
0.0474013	0.0311834	0.0164796	0.0327572	0.0296498	0.0356057	0.0225247	0.052454	0.035361	0.239643	0.0498094	0.0500526	0.0150337	0.127796	0.0204894	0.0810803	0.0248831	0.034415	0.0330757	0.0203053	
0.066603	0.0622839	0.0245149	0.0211088	0.0231843	0.0177576	0.0292523	0.177888	0.0198401	0.051591	0.0901382	0.0331576	0.0219547	0.0686301	0.00920196	0.0276488	0.0971091	0.125281	0.013824	0.0190309	
0.0223679	0.0240825	0.0196099	0.02392	0.0144435	0.0258476	0.0196994	0.0218784	0.0396511	0.0232225	0.0239467	0.0163272	0.0239235	0.027806	0.569013	0.0208805	0.0262641	0.0192139	0.0207114	0.0171907	
0.0178373	0.0335069	0.0219122	0.0456535	0.0227158	0.0196743	0.0261571	0.0423657	0.0471845	0.10682	0.343053	0.0130782	0.018923	0.0967644	0.0140669	0.0208407	0.0454555	0.0281256	0.0158842	0.0199813	
0.0452954	0.0628776	0.0263812	0.0246033	0.0437895	0.0246276	0.0205205	0.349259	0.0249607	0.0400778	0.0301337	0.0348119	0.00856624	0.0263764	0.00748402	0.0221835	0.0643456	0.0959199	0.0213328	0.0264538	
0.0175384	0.0183011	0.0129901	0.0291797	0.0267587	0.0128185	0.0267014	0.0267228	0.500942	0.023518	0.024311	0.0351648	0.0116682	0.0471132	0.0577244	0.0261314	0.0274232	0.0271577	0.0237895	0.0240464	
0.0509249	0.0316292	0.0171308	0.0251733	0.0685239	0.0221522	0.0207861	0.0423137	0.0648642	0.029346	0.0295937	0.0235442	0.0151294	0.0863986	0.239567	0.0516174	0.0954429	0.0276211	0.0169989	0.0412423	
0.0675996	0.027006	0.0215946	0.040108	0.048555	0.387648	0.0137379	0.0178917	0.0224971	0.0226949	0.0392696	0.0244816	0.0160464	0.0383813	0.0221923	0.0736779	0.0437323	0.0248686	0.025524	0.0224934	
0.0339708	0.0374684	0.00530753	0.0218681	0.0230938	0.0124568	0.0154176	0.183382	0.0174548	0.14865	0.0541919	0.0408326	0.0117095	0.0295769	0.00519536	0.019073	0.123766	0.175352	0.0142267	0.027005	
0.234979	0.0423177	0.0312264	0.0125468	0.0403833	0.0308264	0.0360373	0.0331596	0.0353355	0.0656836	0.0230137	0.130615	0.0163883	0.0336432	0.0454019	0.0293656	0.0559123	0.0337768	0.0370199	0.0323673	
