0.0820596	0.0557179	0.0391106	0.0413749	0.039161	0.0565191	0.0492662	0.0273599	0.0458062	0.0408484	0.0541036	0.0457572	0.0502449	0.0453731	0.0499163	0.119916	0.0524417	0.0440507	0.0240941	0.0368783	
0.16608	0.0532702	0.0348949	0.0277437	0.0421435	0.0596853	0.0485514	0.0454167	0.0453184	0.0492845	0.0530881	0.0451782	0.0218769	0.0477147	0.0582233	0.0520174	0.0489403	0.0368842	0.0255288	0.0381597	
0.0720192	0.0105848	0.0349971	0.0393218	0.105083	0.0547233	0.0521554	0.0389115	0.0487829	0.0565731	0.0546745	0.0457743	0.029343	0.0503235	0.0292976	0.114177	0.060936	0.0511479	0.0115507	0.039624	
0.0803135	0.0575052	0.0369959	0.0485431	0.0411841	0.056468	0.0449368	0.0487084	0.0447827	0.0297337	0.0550369	0.0491125	0.0742499	0.0294677	0.0504678	0.0628151	0.0770438	0.0484205	0.0255875	0.0386269	
0.038385	0.0556115	0.0199571	0.0300201	0.0471522	0.262913	0.0491351	0.047306	0.0435309	0.0410623	0.0501067	0.0433484	0.0299522	0.0506901	0.0147833	0.034859	0.0510113	0.0204494	0.0315967	0.0381299	
0.0483549	0.0539205	0.0360052	0.0431946	0.0438212	0.0565773	0.0548506	0.0397049	0.0390279	0.06048	0.0521101	0.0556274	0.0240578	0.04642	0.0401721	0.0359811	0.147395	0.0521942	0.0291327	0.0409726	
0.0569895	0.0449261	0.0378519	0.0273985	0.045333	0.0581296	0.0549033	0.0492573	0.203465	0.0490076	0.0377468	0.0188069	0.0283835	0.0390636	0.0313578	0.058041	0.0360861	0.0444355	0.0283816	0.050435	
0.0543624	0.0236717	0.0462866	0.0610814	0.0357029	0.0235156	0.0358632	0.0393638	0.0322521	0.035301	0.0272973	0.0366344	0.0246157	0.0364818	0.334875	0.033087	0.0320982	0.0377399	0.0126503	0.0371197	
0.130939	0.0613577	0.0211655	0.037339	0.0403252	0.0340671	0.0536879	0.0446357	0.0361629	0.0563183	0.0513796	0.0508904	0.020145	0.0437126	0.0393905	0.0747501	0.098905	0.0402601	0.0265337	0.0380348	
0.084212	0.0624795	0.0217483	0.0446666	0.0447334	0.0530508	0.0941671	0.044969	0.0233844	0.0533781	0.0540878	0.0519743	0.0240661	0.042423	0.0388972	0.0674952	0.0725364	0.0495889	0.0253441	0.0467978	
0.057427	0.0255265	0.0368209	0.0449006	0.0537279	0.0383166	0.0499299	0.0484908	0.0455289	0.0388757	0.0613162	0.0421087	0.0335662	0.0494383	0.0153028	0.0599334	0.0583314	0.0504111	0.148203	0.0418442	
0.10749	0.0598584	0.0427135	0.0390261	0.0396316	0.0568416	0.0524462	0.0404798	0.0459085	0.0482448	0.0517217	0.0460555	0.0180321	0.0459705	0.048787	0.0984096	0.0629146	0.0369444	0.0217904	0.0367336	
0.0396517	0.0466356	0.0918845	0.0991604	0.0430937	0.0265611	0.0458262	0.0437676	0.0731054	0.0489167	0.0471913	0.0357424	0.0351061	0.0535521	0.0701395	0.0568185	0.0473062	0.0288724	0.0261752	0.0404934	
0.0656227	0.0489984	0.0323134	0.050238	0.0367972	0.0428597	0.0496152	0.0398865	0.0256828	0.0739338	0.0467422	0.0433461	0.025191	0.0465366	0.119615	0.0397006	0.084551	0.0664057	0.0214382	0.0405256	
0.0702927	0.176993	0.0318903	0.0366158	0.0177363	0.0473575	0.0457791	0.0516316	0.0410709	0.0587293	0.0518696	0.0530763	0.0276102	0.0448853	0.0270381	0.0704855	0.0619957	0.0510503	0.0124017	0.0214905	
0.0532675	0.0412164	0.0353811	0.0376129	0.0757376	0.116874	0.0588881	0.0508393	0.0454303	0.0488791	0.0556352	0.0321266	0.0299494	0.0447988	0.012977	0.0158819	0.0527608	0.0445112	0.0875195	0.0597137	
0.0656415	0.0562165	0.0360656	0.0407486	0.0472047	0.0657933	0.0503106	0.0531696	0.0429132	0.0515728	0.0743879	0.0661955	0.0333251	0.0449951	0.0200122	0.0629983	0.0854643	0.0358141	0.031078	0.036093	
0.0615902	0.0544991	0.0437162	0.0443155	0.0296284	0.0345499	0.0501333	0.0763629	0.0425931	0.0539763	0.0529127	0.0471722	0.0316302	0.0415657	0.0516981	0.055902	0.0559885	0.106699	0.0257976	0.039269	
0.0758128	0.0447328	0.0376048	0.0528072	0.0399747	0.0418717	0.0447918	0.0522211	0.0445563	0.0532188	0.0459909	0.0430766	0.0522905	0.0269928	0.121682	0.037664	0.069803	0.0471106	0.0247152	0.0430826	
0.0573425	0.0504026	0.0394294	0.0279538	0.0438916	0.0630948	0.0248021	0.045848	0.0319517	0.0415787	0.0583849	0.0430048	0.0233871	0.184724	0.0275803	0.0644246	0.0556346	0.0468029	0.0304702	0.0392911	
0.041778	0.0528216	0.0314485	0.0420937	0.0424866	0.189314	0.0457178	0.0528421	0.0478806	0.0404194	0.0521515	0.0468192	0.0350945	0.0515325	0.0315376	0.0592344	0.0523674	0.0280297	0.0183594	0.0380719	
0.106846	0.063111	0.0313876	0.0251875	0.0403184	0.0578366	0.0471305	0.0445931	0.0413127	0.0511808	0.0554447	0.047416	0.0360325	0.0459705	0.0446058	0.0777658	0.0642372	0.0578135	0.0246289	0.0371814	
0.0545128	0.0558523	0.0325776	0.0448927	0.04735	0.060192	0.0521853	0.0487581	0.0260712	0.0576888	0.0638744	0.0464829	0.0237555	0.0467011	0.0204115	0.0672325	0.13078	0.0523872	0.0275867	0.0407074	
0.0575334	0.0443633	0.0804469	0.134763	0.0409247	0.024951	0.0500641	0.0448424	0.0488146	0.051274	0.0461529	0.0272042	0.0344305	0.0479745	0.0814046	0.0533051	0.05037	0.030533	0.0236389	0.0270085	
0.0364522	0.0444951	0.0372165	0.047964	0.0412264	0.0506457	0.0438618	0.0586235	0.0259561	0.0557915	0.0584928	0.0409982	0.105368	0.0468978	0.0734967	0.0386066	0.0762674	0.0507077	0.0251643	0.0417675	
0.0634059	0.0270021	0.0405534	0.0415283	0.151667	0.0610486	0.0483501	0.036013	0.0471899	0.0336549	0.05725	0.0406551	0.0308323	0.0481014	0.0531774	0.0757325	0.0523058	0.0347135	0.0308572	0.0259609	
0.119644	0.0609778	0.0341587	0.0446176	0.0415431	0.0642112	0.0508789	0.0468634	0.045672	0.047918	0.0521151	0.0485458	0.0303177	0.0447888	0.0409169	0.0661413	0.0642453	0.0314454	0.0266148	0.0383843	
0.0627302	0.0425603	0.0350889	0.0375959	0.0436725	0.0676419	0.0463382	0.0357931	0.0407257	0.0460116	0.0543907	0.115522	0.030764	0.0510385	0.0252126	0.114855	0.0440824	0.0499846	0.0244547	0.0315373	
0.0649345	0.0497229	0.0347169	0.0407334	0.0637598	0.05374	0.0500296	0.0407884	0.0447828	0.0410779	0.0567033	0.0470943	0.0324126	0.0465534	0.0456678	0.0971913	0.0610078	0.0629917	0.02794	0.038152	
0.0450376	0.0509037	0.0429579	0.0388081	0.0494067	0.100267	0.0457511	0.0336809	0.0463793	0.0298737	0.0558394	0.0472294	0.0356421	0.0532307	0.0409828	0.0736452	0.0538839	0.0915811	0.0261145	0.0387851	
0.0571325	0.0513871	0.0396745	0.0498863	0.042322	0.0283847	0.0855185	0.0498683	0.0482703	0.0697313	0.0475132	0.0382093	0.0204397	0.0543082	0.108965	0.0373696	0.0518863	0.0493614	0.0239565	0.0458153	
0.0584368	0.0467195	0.0395306	0.0392437	0.0424537	0.0689858	0.0484902	0.0191257	0.0306041	0.0278584	0.210303	0.0409936	0.0309133	0.0555424	0.0269254	0.0723027	0.0414059	0.0326684	0.0305735	0.0369233	
0.0571848	0.0572317	0.030249	0.0405058	0.0339523	0.0487455	0.0493146	0.116139	0.0265289	0.119293	0.0363251	0.043989	0.0300057	0.041713	0.0279825	0.0443512	0.0613807	0.0708793	0.0253268	0.038902	
0.0793076	0.0519624	0.0301311	0.062572	0.0437869	0.050668	0.0820329	0.0495981	0.0696062	0.0841112	0.0508665	0.0409296	0.0153648	0.0208161	0.0167549	0.0618065	0.0617322	0.051034	0.0292451	0.0476739	
0.120775	0.0594524	0.0261198	0.036077	0.0423235	0.113393	0.035575	0.0439982	0.04131	0.0459025	0.0485631	0.0518239	0.0255802	0.0484767	0.0456807	0.0614123	0.0714395	0.0311615	0.0238368	0.0270992	
0.0570691	0.0416251	0.039776	0.0412967	0.0866597	0.0645459	0.0502509	0.120436	0.0524166	0.0327415	0.0389834	0.0320054	0.0372839	0.0490579	0.0500838	0.0342058	0.061689	0.031475	0.0335418	0.0448566	
0.041448	0.0539136	0.0318105	0.0477795	0.0456508	0.0514813	0.0508342	0.0622285	0.0435232	0.0543058	0.0559576	0.0451886	0.0335387	0.0450047	0.0461814	0.0605586	0.0569147	0.106313	0.0266225	0.0407451	
0.0567889	0.0252702	0.0439661	0.0473518	0.0396533	0.0418513	0.0464758	0.0507259	0.0453779	0.0457504	0.0448751	0.0389669	0.0370345	0.0458215	0.182158	0.0309696	0.0464858	0.0442677	0.0411177	0.0450914	
0.0635042	0.0511677	0.0358083	0.0424561	0.0746187	0.0470345	0.0529691	0.0335267	0.0406045	0.0310598	0.0682496	0.0392241	0.0363511	0.0452965	0.0396707	0.0369047	0.0976875	0.0880621	0.0318738	0.0439303	
0.0582501	0.0384076	0.0408	0.0543363	0.0393332	0.0305698	0.0410055	0.0513149	0.033179	0.0448867	0.0414406	0.045281	0.0318459	0.0458678	0.205858	0.0649803	0.0374547	0.0421805	0.0179789	0.0350287	
0.0617636	0.0542408	0.0334557	0.0428198	0.0212238	0.0516511	0.0404429	0.0546116	0.042974	0.186691	0.045223	0.0428099	0.0194818	0.0547924	0.0265546	0.049193	0.0580511	0.0525344	0.0231857	0.0382996	
0.0587962	0.052348	0.0332384	0.0264525	0.041578	0.0644587	0.0244525	0.0459647	0.031204	0.0632093	0.057384	0.0462899	0.0230788	0.16985	0.0250248	0.0638223	0.0564609	0.0506729	0.0294644	0.0362497	
0.0652848	0.0594169	0.0210881	0.0407553	0.0410697	0.0627088	0.0336077	0.0622604	0.0371189	0.052107	0.0490317	0.131746	0.0325582	0.0464022	0.0538924	0.0534755	0.0617576	0.0491386	0.0254357	0.0211448	
0.0655708	0.0880263	0.0358312	0.0417636	0.0361028	0.0512243	0.0541487	0.0512504	0.0419658	0.0962254	0.0511525	0.0478517	0.0285628	0.0471523	0.0117843	0.0609725	0.0669031	0.0538379	0.0344106	0.0352627	
0.0857175	0.037366	0.0326438	0.0413087	0.0464937	0.0606176	0.0525687	0.0279646	0.0408609	0.0473746	0.0534867	0.0369247	0.0295123	0.0469578	0.0106796	0.135441	0.0979475	0.0489851	0.0285534	0.0385957	
0.0339278	0.0447969	0.0398703	0.0444805	0.0436169	0.0547978	0.0858654	0.0529812	0.050331	0.0754373	0.0548747	0.0422516	0.0624437	0.0504235	0.0453152	0.053673	0.0383279	0.052641	0.0283813	0.045563	
0.0689395	0.118056	0.0349945	0.0430665	0.0227843	0.038848	0.0518053	0.0480448	0.0470913	0.0571925	0.0497756	0.0521782	0.028919	0.0447594	0.0521581	0.0784486	0.0598962	0.0513583	0.0113218	0.0403618	
0.0498603	0.0593475	0.0347199	0.039913	0.0437138	0.0550393	0.0526119	0.0452161	0.0457741	0.0589786	0.0565748	0.0505908	0.0212125	0.0465786	0.0391501	0.0895938	0.0919343	0.0468927	0.0337953	0.0385027	
0.0609928	0.0469333	0.0341925	0.0450099	0.0323239	0.056687	0.0552457	0.056984	0.0464004	0.138055	0.0327819	0.0401726	0.0315244	0.0501506	0.0456609	0.0373111	0.0579911	0.0431772	0.0438559	0.0445498	
0.0600386	0.0518376	0.0383423	0.0401298	0.0470387	0.0567282	0.0462262	0.0426101	0.0466903	0.0413416	0.0953403	0.0442865	0.0187351	0.0848605	0.0662641	0.0609651	0.0530382	0.0437582	0.0274803	0.0342882	
0.0615613	0.0856357	0.0366514	0.0463219	0.0360912	0.0614329	0.0275085	0.0472731	0.0463028	0.0268943	0.0529389	0.049462	0.0632347	0.0462856	0.0746144	0.0780691	0.0587387	0.0434489	0.0243527	0.0331818	
0.0726819	0.0540159	0.0395883	0.0568645	0.0410795	0.0452999	0.0499482	0.0487764	0.051389	0.0453633	0.049751	0.0443117	0.0374076	0.0504365	0.0813175	0.0593842	0.0552023	0.0285486	0.0483352	0.0402987	
0.0869823	0.0463437	0.0207991	0.152531	0.0414745	0.0314665	0.0506249	0.0470973	0.0248464	0.0529174	0.0491749	0.044678	0.0351994	0.0321086	0.0657377	0.0577399	0.0611507	0.0350306	0.024267	0.0398297	
0.0722203	0.0533762	0.0386786	0.0416182	0.0371746	0.0591141	0.0484936	0.0445778	0.0707318	0.0335578	0.0485428	0.0503258	0.0396522	0.047642	0.0537718	0.0844837	0.0725222	0.0468166	0.0228668	0.033833	
0.0535131	0.0237081	0.0442663	0.0589255	0.035407	0.0249532	0.0336765	0.0433147	0.040796	0.048628	0.0333524	0.0355116	0.0238281	0.0420641	0.282614	0.0356062	0.0415818	0.0413492	0.0168599	0.0400441	
0.131586	0.0620196	0.0299041	0.0372688	0.0432169	0.055788	0.0523186	0.0408342	0.0222877	0.05252	0.0526478	0.0476523	0.0336554	0.0420954	0.0194409	0.0900827	0.075339	0.0519034	0.0235748	0.0358645	
0.0533744	0.0536315	0.0316893	0.0382978	0.0375105	0.0487894	0.0496089	0.124999	0.0295731	0.103348	0.0394592	0.0451739	0.0296757	0.0439864	0.0279875	0.044616	0.0409302	0.0917522	0.0282087	0.0373892	
0.061331	0.0501204	0.0353536	0.0256345	0.0439187	0.0674078	0.0253725	0.0475542	0.030466	0.0596773	0.0566864	0.044002	0.0428914	0.151139	0.0283258	0.0619015	0.0572953	0.0472684	0.0263322	0.0373222	
0.0647173	0.055943	0.0508054	0.0371771	0.0395474	0.0602314	0.0330127	0.0351882	0.0224624	0.0448709	0.052878	0.130644	0.0317387	0.051225	0.0432184	0.104499	0.0433407	0.0495967	0.0250749	0.0238291	
0.0885208	0.060919	0.020779	0.0370702	0.0395173	0.109502	0.0466645	0.0482515	0.0430663	0.0464394	0.053074	0.0488522	0.035229	0.0483765	0.0488564	0.0655181	0.0417738	0.0519742	0.0252465	0.0403693	
0.0547152	0.0560067	0.0298512	0.0453826	0.0116575	0.0439268	0.0468396	0.0860836	0.0400054	0.16694	0.041194	0.0414921	0.0247236	0.043897	0.0438409	0.0323665	0.0528378	0.0782751	0.0205493	0.0394157	
0.036547	0.0534882	0.0211598	0.0386703	0.0421592	0.0890956	0.0470497	0.0552296	0.0759653	0.0550467	0.0558137	0.044725	0.031057	0.0664057	0.04538	0.05932	0.0511969	0.0641956	0.0277083	0.0397863	
0.0600863	0.0500149	0.0356823	0.0431011	0.0454444	0.0773741	0.0491612	0.131364	0.0319479	0.03041	0.0353019	0.0482526	0.062583	0.0500674	0.0299082	0.0534709	0.0696017	0.0316435	0.0283652	0.03622	
0.0662889	0.0435297	0.0280101	0.151293	0.041359	0.0283422	0.049458	0.0477197	0.0264851	0.054266	0.050135	0.0391036	0.0339965	0.0343276	0.0753621	0.0537673	0.060095	0.0507101	0.0288905	0.0368603	
0.0525389	0.0607543	0.0353645	0.0414844	0.0422681	0.0573576	0.0501937	0.0419223	0.0426296	0.0588255	0.0526938	0.050848	0.0224672	0.0512604	0.0416192	0.108379	0.080492	0.0471476	0.0260843	0.0356697	
0.0606314	0.0498129	0.0410919	0.048402	0.0375513	0.0470628	0.0470718	0.046642	0.0502798	0.0640946	0.0254723	0.0446669	0.0360199	0.087064	0.0913275	0.0572818	0.0534744	0.0461997	0.0248326	0.0410204	
0.0467473	0.0512454	0.0341314	0.0271557	0.0437412	0.0587787	0.0503921	0.0494627	0.0453843	0.0308533	0.0651949	0.0469833	0.0351536	0.0498405	0.0424986	0.0653804	0.0585495	0.129263	0.0277566	0.0414874	
0.0531232	0.0480333	0.0403009	0.0439402	0.0449776	0.0698004	0.0495583	0.115645	0.106579	0.0517494	0.0333639	0.040565	0.0338024	0.0483922	0.0307199	0.0480672	0.0394393	0.0313552	0.0304412	0.0401459	
0.050765	0.0305717	0.0403901	0.0396857	0.0623197	0.05712	0.0491657	0.0360031	0.0476436	0.0414676	0.0586517	0.0484378	0.0234474	0.0496462	0.0440783	0.181212	0.0412077	0.0474744	0.0243191	0.0263936	
0.0819335	0.0638898	0.0290366	0.0412275	0.0443056	0.0608799	0.0560555	0.0478774	0.0388043	0.0600518	0.0553438	0.0442501	0.0299622	0.0418792	0.0113617	0.0644262	0.0654265	0.0906074	0.0300843	0.0425967	
0.108298	0.0533902	0.0732904	0.0448892	0.0445669	0.0379361	0.0454456	0.0400296	0.0463361	0.0415565	0.050833	0.0463757	0.0300931	0.0481351	0.0495766	0.104196	0.0430573	0.0335035	0.0222924	0.0361995	
0.0623574	0.0506971	0.162973	0.0230671	0.0434959	0.0563123	0.0327178	0.0464226	0.0508764	0.0435236	0.052324	0.0330679	0.034165	0.0518467	0.0616633	0.0630164	0.0477163	0.0299865	0.0250064	0.0287646	
0.085246	0.0607591	0.0317647	0.0582264	0.0420151	0.0603859	0.0532717	0.0484592	0.0409799	0.0582402	0.0513445	0.0454518	0.0297059	0.04336	0.0118739	0.065338	0.0669937	0.0763869	0.0293876	0.0408094	
0.054788	0.0207238	0.0487311	0.0596018	0.0391162	0.024943	0.0307517	0.0383685	0.03731	0.0275528	0.0313348	0.0361137	0.0223655	0.0348985	0.336217	0.0348969	0.0339319	0.0353466	0.0157366	0.0372716	
0.0551229	0.0273223	0.0453902	0.0562842	0.0383932	0.0260373	0.0350272	0.0403492	0.0404886	0.0283278	0.0339126	0.0383783	0.0242611	0.0327777	0.304177	0.0441427	0.0376341	0.037991	0.0152665	0.0387164	
0.0626962	0.0535394	0.0405964	0.0581136	0.0434542	0.0658344	0.0512421	0.0553299	0.0645439	0.0543312	0.05275	0.0766436	0.0292281	0.0289836	0.0218525	0.0637051	0.0628978	0.0515888	0.0293697	0.0332996	
0.0707992	0.0515638	0.0395521	0.0420936	0.0403282	0.0523707	0.0496848	0.05355	0.0809554	0.0559549	0.030611	0.0426219	0.0338364	0.0536995	0.0695321	0.0453494	0.0655023	0.0432821	0.0358397	0.0428727	
0.0567466	0.0248398	0.0229954	0.0433795	0.0265119	0.0548317	0.0607128	0.0534513	0.0516221	0.0627462	0.0496375	0.0194662	0.0352326	0.0421482	0.0591353	0.0326928	0.0517803	0.0539047	0.0262867	0.171878	
0.0650429	0.054821	0.0305895	0.039816	0.0403852	0.0499243	0.0562238	0.0558018	0.0393445	0.119934	0.0799347	0.0450953	0.0205485	0.0319881	0.0216434	0.0555877	0.060026	0.0656383	0.0287484	0.0389062	
0.0816011	0.0351418	0.0377502	0.0392811	0.034797	0.0523732	0.0497356	0.0388213	0.0488394	0.0466751	0.052411	0.0488004	0.0207723	0.047131	0.0478872	0.154316	0.0462562	0.0477457	0.0237031	0.0459613	
0.0587684	0.0453193	0.0344921	0.0426179	0.0975297	0.0627989	0.0476627	0.0800188	0.0467984	0.0316485	0.036902	0.0628037	0.0347157	0.0459695	0.0533209	0.0401831	0.0609065	0.0477333	0.0349678	0.0348428	
0.0760778	0.056418	0.0345214	0.0454218	0.0418532	0.0515643	0.0717942	0.02496	0.0283049	0.0484466	0.0555285	0.0464916	0.0305507	0.0424237	0.039444	0.0986479	0.0920014	0.0486498	0.0241412	0.0427591	
0.0605108	0.0550917	0.0332325	0.0406686	0.0381391	0.102493	0.0434867	0.0487394	0.0462652	0.0254679	0.0538981	0.048833	0.0633007	0.0791737	0.0361949	0.0658669	0.0580295	0.0483254	0.011685	0.0405976	
0.130749	0.0586621	0.0280927	0.0433772	0.0405963	0.0371975	0.04914	0.0458902	0.0419638	0.0524032	0.0495616	0.063889	0.0204722	0.0419983	0.0502961	0.0737762	0.0541184	0.0602058	0.0247993	0.0328112	
0.0675482	0.0595114	0.0362569	0.0254072	0.0378009	0.100589	0.04667	0.0509748	0.0475708	0.0499847	0.0533167	0.0468388	0.0339435	0.052273	0.0497211	0.0672061	0.0533474	0.0581323	0.0249119	0.0379949	
0.0366825	0.0427193	0.0226566	0.0256216	0.0487405	0.275933	0.048961	0.0485894	0.0433669	0.0402167	0.0529163	0.0445722	0.0286349	0.0495709	0.0117649	0.043316	0.0508214	0.0187799	0.0295692	0.0365663	
0.0328047	0.051722	0.0443875	0.0358802	0.0455604	0.0614021	0.0467943	0.0455527	0.0804883	0.0433396	0.129071	0.0440078	0.0154862	0.0542822	0.032772	0.0871753	0.032782	0.0512465	0.0266414	0.0386037	
0.0717898	0.159901	0.0304141	0.0375984	0.0183392	0.0627954	0.043133	0.0496727	0.0388903	0.0581952	0.0508253	0.0528923	0.0276855	0.0453433	0.0252114	0.0810329	0.0620244	0.0536153	0.0113751	0.0192656	
0.0603134	0.0452686	0.0391019	0.0479588	0.0417148	0.0517055	0.0429371	0.054104	0.0453004	0.0339786	0.0547185	0.0435388	0.137792	0.0327817	0.0603982	0.0457447	0.0462612	0.0482394	0.0267382	0.0414038	
0.0617736	0.0580117	0.0322818	0.0461085	0.0260881	0.0605999	0.0462082	0.10513	0.0463287	0.0684259	0.0304416	0.0549099	0.0363857	0.0460772	0.0483453	0.0561086	0.0782419	0.0373702	0.0252346	0.0359283	
0.0578303	0.0296946	0.0461916	0.0515117	0.0368233	0.0404827	0.0386369	0.045827	0.0513863	0.0418043	0.0295243	0.0383526	0.029265	0.0406426	0.259934	0.0348554	0.0317165	0.04175	0.0138385	0.0399328	
0.0629715	0.0637619	0.0374193	0.0418387	0.0700963	0.0635659	0.0344055	0.0470625	0.0537397	0.0499666	0.0580835	0.0502465	0.0333915	0.0481391	0.0371824	0.0368662	0.0925496	0.0483219	0.0319788	0.0384127	
0.0366344	0.0461746	0.0220668	0.0262456	0.0474707	0.271633	0.0485456	0.0475384	0.0455125	0.0400166	0.0521764	0.0448897	0.0290396	0.0489189	0.0111715	0.0437061	0.053152	0.0187941	0.0284748	0.0378386	
0.0370693	0.0461383	0.0254882	0.0395824	0.0469318	0.237017	0.0514345	0.0473936	0.0450857	0.0416138	0.0540424	0.0448725	0.0304202	0.0502183	0.0126344	0.0463198	0.0509817	0.0221139	0.0307111	0.0399306	
0.0416682	0.0443	0.0395064	0.0482844	0.0408333	0.0531656	0.0305101	0.0551077	0.0450258	0.0378895	0.0519194	0.0413812	0.154596	0.0468122	0.0592769	0.0425042	0.04932	0.0492384	0.0262056	0.0424553	
0.0695238	0.0535713	0.0306337	0.0457077	0.0362822	0.044316	0.0512725	0.0624865	0.039938	0.103783	0.0458438	0.0418581	0.0316672	0.0467874	0.0457514	0.0352728	0.0661384	0.0788784	0.0270684	0.0432195	
0.060634	0.0546693	0.038689	0.0432066	0.0551685	0.0384301	0.0524854	0.0484418	0.0485966	0.0376697	0.0551255	0.0419863	0.0318111	0.0500056	0.0312839	0.053453	0.0584902	0.0472895	0.112068	0.0404957	
0.0403476	0.0540441	0.0361255	0.047068	0.0211939	0.0288916	0.0482326	0.0796923	0.0400951	0.136397	0.0452746	0.0404575	0.028298	0.0442334	0.0510136	0.0435307	0.0545139	0.100668	0.0233221	0.0366013	
0.0525611	0.0234059	0.0464391	0.0620988	0.0365883	0.0241515	0.0366479	0.038567	0.0331	0.0329581	0.0269573	0.0362068	0.0260825	0.0381199	0.330968	0.0326233	0.0331794	0.0368316	0.0126999	0.0398139	
0.0877166	0.0591655	0.0271875	0.0958689	0.0400413	0.0749419	0.0511115	0.0456128	0.0376726	0.0512206	0.0559578	0.0456418	0.0321639	0.0437027	0.0372434	0.064232	0.0623727	0.0344473	0.0153715	0.0383278	
0.0396743	0.047148	0.1204	0.0208811	0.044532	0.0313747	0.0519288	0.0454765	0.0534821	0.0442611	0.0558772	0.0632715	0.0340972	0.0517019	0.0570879	0.0656984	0.0532743	0.0295017	0.0273077	0.0630242	
0.0508617	0.0433833	0.0300089	0.0392864	0.0713796	0.073172	0.0759929	0.0452507	0.058903	0.0498284	0.0512921	0.0182801	0.0319633	0.0444497	0.0416632	0.0489818	0.0536771	0.0284683	0.0357378	0.10742	
0.0411293	0.052029	0.0155739	0.0766298	0.0386758	0.0501268	0.0493033	0.0554868	0.0664243	0.0578647	0.0531032	0.0451764	0.0335961	0.0451966	0.0553405	0.0599104	0.0580934	0.0759975	0.0277835	0.042559	
0.0691373	0.141097	0.0168051	0.0385291	0.0289674	0.0553386	0.0468752	0.0492133	0.0416095	0.0539159	0.0513162	0.0521737	0.0285455	0.0457852	0.0387261	0.0803449	0.0628961	0.0516389	0.020757	0.0263281	
0.0819867	0.0567366	0.0300382	0.0467922	0.0424435	0.0745176	0.0506413	0.0492009	0.0399324	0.0566528	0.0529946	0.0469921	0.0216191	0.0461038	0.0449037	0.0432469	0.0898106	0.0530599	0.029174	0.043153	
0.0649546	0.0319693	0.0350878	0.0399296	0.0400961	0.0980925	0.0289419	0.0484639	0.0515104	0.0279462	0.048194	0.0461271	0.0221681	0.0500157	0.141254	0.0682815	0.0497384	0.045027	0.0234564	0.0387454	
0.0443015	0.039736	0.0678464	0.134718	0.0409765	0.028651	0.0487609	0.044815	0.0392339	0.0487431	0.0375111	0.0292563	0.0354153	0.0509401	0.114671	0.0510377	0.0456363	0.0355032	0.0234848	0.0387612	
0.0748907	0.0583844	0.0365997	0.043882	0.0417444	0.0540032	0.0482717	0.0402914	0.0447438	0.0301184	0.050664	0.0528827	0.0402245	0.0462028	0.050429	0.118885	0.0644271	0.045164	0.0236372	0.0345541	
0.0661171	0.0527205	0.0323944	0.0465968	0.0389499	0.0701944	0.0442763	0.0551907	0.025867	0.0542299	0.0560167	0.04646	0.0435255	0.0498542	0.0768389	0.0458067	0.0879232	0.052728	0.0135899	0.0407198	
0.0625502	0.0534368	0.031527	0.0396117	0.0365927	0.0521871	0.0540083	0.0704459	0.0365463	0.131033	0.0491131	0.0440343	0.038769	0.0285522	0.0250676	0.0488724	0.0585111	0.0703445	0.0281448	0.0406517	
0.0592442	0.0340811	0.0231052	0.0414903	0.0281372	0.0575322	0.0434592	0.0519491	0.0491439	0.0574059	0.0476012	0.0238549	0.0342001	0.0463943	0.054624	0.0488611	0.0533876	0.0504879	0.0278291	0.167211	
0.0607698	0.0468068	0.0415827	0.0461068	0.0471496	0.0574817	0.0539084	0.0532444	0.0445893	0.0761726	0.0492938	0.0441051	0.0617709	0.0481364	0.0527049	0.0554025	0.0585318	0.0351338	0.0271491	0.0399594	
0.0659304	0.0582716	0.0339542	0.0432458	0.0370732	0.0687907	0.0476906	0.0524446	0.0477227	0.0550524	0.0514925	0.044539	0.0409013	0.050425	0.0794782	0.0640405	0.0578628	0.0493301	0.0127638	0.0389905	
0.0704469	0.0321755	0.0319517	0.0389916	0.0460488	0.0854825	0.0460602	0.0455655	0.0439687	0.054398	0.0569685	0.0535469	0.0434443	0.046843	0.0215478	0.112011	0.0597585	0.0502002	0.0220874	0.0385029	
0.036744	0.0465403	0.0386804	0.111079	0.0420938	0.040451	0.0480301	0.0504094	0.0441717	0.0593578	0.0492016	0.0367214	0.0349613	0.0464278	0.0643359	0.0556378	0.0596346	0.0664898	0.0273178	0.041714	
0.0591273	0.0523119	0.0354598	0.0449964	0.0233164	0.0476922	0.0507554	0.0473727	0.0475415	0.165374	0.0449649	0.0416367	0.0266612	0.0501287	0.0474992	0.039403	0.0582963	0.0479758	0.0266023	0.042884	
0.0599129	0.0540975	0.0339976	0.0428541	0.0211656	0.0466276	0.0346362	0.0532581	0.0458796	0.13967	0.0439491	0.0432412	0.0419001	0.0475887	0.0573964	0.0511916	0.0564002	0.0655868	0.0217546	0.0388926	
0.0330949	0.0455488	0.0377964	0.0513507	0.0377692	0.041804	0.0474304	0.0511846	0.0457016	0.0676807	0.0452124	0.0424265	0.0351752	0.044087	0.131923	0.0647474	0.0610685	0.0507654	0.0219157	0.0433176	
0.061756	0.0543352	0.0310299	0.0454691	0.0382809	0.0468035	0.0528483	0.0631484	0.0429071	0.0960428	0.0330221	0.0451792	0.029675	0.0444261	0.0464403	0.0541934	0.0590033	0.0897782	0.026334	0.0393272	
0.0642139	0.0554162	0.0323489	0.0416246	0.0359427	0.0611006	0.0580063	0.05004	0.0411514	0.132556	0.0357149	0.0468167	0.0277776	0.0447441	0.017042	0.0538073	0.0909858	0.0381495	0.0312425	0.0413184	
0.0592016	0.0553512	0.03048	0.0418338	0.0300122	0.0433146	0.0499827	0.0741142	0.0384038	0.12843	0.0324549	0.0451504	0.0203144	0.0320298	0.0481977	0.051166	0.0553955	0.100237	0.0238284	0.0401019	
0.0738726	0.0582841	0.0319322	0.0383049	0.0386717	0.0446335	0.0511541	0.0569172	0.039417	0.0719538	0.051692	0.0457319	0.0306218	0.0406419	0.0424436	0.0587158	0.0601458	0.0994908	0.0251242	0.040251	
0.148233	0.0546743	0.034512	0.0536488	0.0410084	0.0587688	0.0490081	0.0480055	0.0424906	0.050465	0.0490041	0.0460708	0.0213781	0.0449887	0.055461	0.0497953	0.047888	0.0375005	0.026404	0.0406948	
0.0647432	0.0619537	0.0193987	0.0414917	0.0392979	0.0630326	0.0585511	0.0648907	0.0198795	0.0530196	0.049345	0.122405	0.0312587	0.0489342	0.0471847	0.071296	0.0459833	0.052072	0.0241405	0.0211218	
0.077527	0.0582311	0.0354556	0.0404114	0.0419774	0.0576199	0.0545651	0.0355657	0.0444719	0.0521714	0.0561649	0.0474469	0.0412379	0.0452436	0.0201325	0.0707706	0.102928	0.0492607	0.0277185	0.0411001	
0.0599848	0.0567971	0.0325769	0.0426044	0.0277116	0.0426136	0.0506113	0.0732366	0.0410426	0.152882	0.0322626	0.042793	0.0212978	0.0318793	0.0525079	0.0483742	0.0555305	0.0735941	0.0221018	0.0395977	
0.0569644	0.0538659	0.0444915	0.0251543	0.0456603	0.0585895	0.0516459	0.0442514	0.105202	0.0324207	0.0546199	0.0375838	0.0175621	0.0886636	0.0583241	0.0655071	0.0486076	0.0456076	0.0270345	0.0382432	
0.0640037	0.149192	0.0357726	0.0441509	0.0206368	0.037346	0.0479859	0.0547563	0.0439285	0.0651494	0.0471501	0.0508733	0.0321083	0.0478298	0.0765823	0.0439712	0.0528229	0.0510342	0.0141253	0.0205809	
0.171598	0.0572299	0.0206529	0.0378366	0.0418421	0.0356161	0.0536385	0.0410048	0.0407909	0.0508216	0.0500517	0.0470753	0.021477	0.0461996	0.0490875	0.0816356	0.0541839	0.0380139	0.0246956	0.0365484	
0.0562281	0.0341343	0.043403	0.0562107	0.0371867	0.0251711	0.0408902	0.0412869	0.0416787	0.052817	0.0375161	0.0378459	0.0235907	0.03608	0.252097	0.0459824	0.0428477	0.0428288	0.0131511	0.0390539	
0.113176	0.0498497	0.0352357	0.0764719	0.0398516	0.059442	0.0506725	0.0504257	0.0425021	0.0497949	0.049198	0.0424401	0.038949	0.0451285	0.0629654	0.0475062	0.0452949	0.034902	0.0281596	0.0380338	
0.119403	0.0604398	0.0322991	0.0258784	0.0414992	0.0796563	0.0517299	0.0448639	0.0455816	0.0466065	0.0506657	0.0491583	0.0196145	0.0477025	0.0503492	0.0737347	0.0452583	0.0568591	0.0224749	0.0362247	
0.0609826	0.0483757	0.0379539	0.0292359	0.0437448	0.0621903	0.0520426	0.050332	0.16123	0.053133	0.0333148	0.0193209	0.029717	0.0582284	0.0291019	0.0596512	0.0520529	0.0421414	0.0293329	0.0479183	
0.0712422	0.156529	0.0303094	0.0341959	0.0179534	0.0627476	0.0458736	0.0497875	0.0398205	0.0547774	0.0506465	0.0539494	0.0260808	0.042352	0.0249586	0.0917122	0.0600729	0.0545378	0.012306	0.0201475	
0.0620721	0.0507739	0.0335651	0.0414494	0.0659329	0.049367	0.0801308	0.0440607	0.0468321	0.0418811	0.0594993	0.0434742	0.0166919	0.0452381	0.0430137	0.0646223	0.0600847	0.0784377	0.0299411	0.0429317	
0.0424003	0.0566813	0.0196048	0.0402346	0.0255217	0.0507433	0.04796	0.089462	0.0420333	0.0901639	0.0521765	0.0456064	0.0320731	0.0436302	0.0419431	0.0493135	0.0546248	0.111312	0.0242825	0.0402329	
0.0416843	0.0513178	0.0353135	0.0432296	0.0474629	0.0565222	0.0514535	0.0512136	0.0254865	0.04859	0.0949577	0.04182	0.0648119	0.0488547	0.0443743	0.0599292	0.0727377	0.0517968	0.0270709	0.0413728	
0.0582584	0.0555683	0.0292152	0.0388742	0.0307249	0.0468944	0.0497836	0.0739314	0.041576	0.158539	0.0501551	0.0442251	0.0209346	0.0302344	0.0247719	0.0480282	0.0583017	0.074945	0.0249467	0.0400919	
0.0558862	0.0374985	0.0342666	0.0385606	0.0597715	0.0967293	0.0552535	0.0510511	0.0446542	0.0564851	0.0550335	0.0360204	0.0312336	0.0466249	0.0127406	0.0285855	0.0559242	0.0471262	0.108791	0.0477637	
0.0603862	0.0496469	0.0351129	0.0466028	0.0355605	0.0420712	0.0502821	0.0547213	0.045066	0.0960488	0.0272092	0.0424743	0.0399525	0.0537551	0.0995722	0.0514141	0.0534497	0.0551314	0.0228478	0.0386952	
0.0797841	0.0608497	0.0321309	0.0403662	0.0406398	0.0766859	0.0487617	0.0460838	0.0444264	0.0367626	0.0722622	0.0480702	0.0321914	0.0454709	0.0426063	0.0703682	0.0627463	0.0596896	0.0257818	0.0343222	
0.0593337	0.0490573	0.0462852	0.0445122	0.0429853	0.0825947	0.0389704	0.0567731	0.0656592	0.0154877	0.0457978	0.0688604	0.031057	0.0475748	0.127952	0.0605735	0.0332267	0.030676	0.0216534	0.0309699	
0.0591493	0.0604176	0.028952	0.0418946	0.0200413	0.0436161	0.0384078	0.0605177	0.0411324	0.163689	0.0455943	0.0459675	0.0187728	0.0455155	0.0288309	0.0491203	0.0569971	0.0907649	0.0243597	0.0362588	
0.0558361	0.0507643	0.0337145	0.0432045	0.0505297	0.0638854	0.0526021	0.0696209	0.0442445	0.0532945	0.0724657	0.0427185	0.0600361	0.0463004	0.0200069	0.0517194	0.0624948	0.050704	0.0347124	0.0411455	
0.0583251	0.050015	0.0366442	0.090077	0.0426421	0.055815	0.0653414	0.0482527	0.0268187	0.0337281	0.0551427	0.0432018	0.0549032	0.0547963	0.0541384	0.0620358	0.0576633	0.0432241	0.0246188	0.0426163	
0.118665	0.0606306	0.0340679	0.0395205	0.0397075	0.0610358	0.0473331	0.0384464	0.0435138	0.0334883	0.0502432	0.052515	0.0207546	0.0431585	0.046499	0.110711	0.0659322	0.0462511	0.0117348	0.0357919	
0.0623655	0.0462776	0.0427417	0.0438392	0.0663766	0.0570967	0.0833948	0.0448166	0.0487154	0.0740079	0.0528819	0.0266436	0.03656	0.031739	0.0213715	0.0545973	0.0633517	0.0486418	0.0345498	0.0600314	
0.0603046	0.0658896	0.0333315	0.0415427	0.0263398	0.0631671	0.0460997	0.0965285	0.0426845	0.0428125	0.0312566	0.0583024	0.0353366	0.0481205	0.0579204	0.0805308	0.060543	0.0544597	0.0233714	0.0314581	
0.0579322	0.0497859	0.0381492	0.0256668	0.0421823	0.0585202	0.0569811	0.0435473	0.0343152	0.0399774	0.0597096	0.0465574	0.0234082	0.152371	0.0290388	0.0663879	0.0575997	0.0506254	0.0300257	0.0372185	
0.0544502	0.0279489	0.0458646	0.0580878	0.0379461	0.0261836	0.035751	0.0391651	0.0402243	0.0281357	0.0348264	0.0368027	0.0235697	0.0331061	0.305593	0.0462203	0.0365451	0.0358589	0.014282	0.0394381	
0.0517704	0.0599572	0.0403018	0.0403618	0.0421856	0.055687	0.0482518	0.0399335	0.0492271	0.0328178	0.0543061	0.0506733	0.022813	0.0462745	0.0444787	0.156194	0.058685	0.0475906	0.0226401	0.0358503	
0.0568416	0.0251087	0.0464399	0.0578174	0.040312	0.0262812	0.0367157	0.0390676	0.0401177	0.0284058	0.033261	0.0380851	0.0216661	0.0316962	0.311858	0.0433221	0.0358831	0.036976	0.0121099	0.0380346	
0.175014	0.0523894	0.0340042	0.0265084	0.0408265	0.0348554	0.0539509	0.0450128	0.0395786	0.0540995	0.0500547	0.0437573	0.0214108	0.0449162	0.0495381	0.0574127	0.0726502	0.0350011	0.0270528	0.0419666	
0.0603148	0.057014	0.0327443	0.0404416	0.028194	0.0525256	0.0548158	0.0916681	0.0411512	0.153292	0.0429097	0.0414688	0.018527	0.0313006	0.0251864	0.0454162	0.056691	0.0602846	0.0273657	0.0386889	
0.0629513	0.0440264	0.0391031	0.0423133	0.0799287	0.0518508	0.0472521	0.0506224	0.0513205	0.0459625	0.0544687	0.0451407	0.0362049	0.0496482	0.0653311	0.0590056	0.0588041	0.0490047	0.0326805	0.0343805	
0.0538161	0.0230447	0.0454297	0.0603363	0.0363801	0.0260751	0.0459276	0.0390301	0.0398587	0.034656	0.035025	0.0363169	0.0212271	0.0416109	0.292766	0.03738	0.038152	0.0386211	0.0148321	0.0395143	
0.0501011	0.0542813	0.0326593	0.0285919	0.0402714	0.064894	0.0496996	0.0385909	0.0466647	0.0299071	0.0555793	0.0467395	0.0328499	0.0506953	0.0415649	0.0736351	0.0539378	0.139524	0.0284026	0.0414104	
0.0701983	0.0510052	0.0206631	0.0373198	0.0447337	0.0609844	0.164985	0.0515768	0.0441182	0.0696078	0.0568089	0.0293736	0.0203017	0.0210807	0.0203778	0.0566673	0.0632212	0.0497609	0.030265	0.0369506	
0.0610044	0.0539943	0.0317181	0.0401806	0.0299464	0.0504293	0.0546336	0.0759271	0.0417197	0.154972	0.0466682	0.0406035	0.0200411	0.0304995	0.0252276	0.0458147	0.0565278	0.076015	0.0255848	0.0384925	
0.0374531	0.0408821	0.160056	0.0610539	0.0450441	0.0250537	0.0350728	0.0433276	0.0585459	0.0453257	0.0479313	0.0337559	0.0314804	0.0518939	0.0737239	0.0572125	0.0472044	0.02874	0.0260557	0.0501868	
0.0987036	0.055725	0.0375835	0.0276392	0.0413398	0.0599027	0.0459085	0.0464914	0.0423001	0.0439449	0.0505504	0.0468907	0.0556893	0.0457808	0.050091	0.0692636	0.0804039	0.0365501	0.0242314	0.0410103	
0.0581025	0.0336257	0.0386395	0.0510512	0.038051	0.0451416	0.0409612	0.0352385	0.0334641	0.0380707	0.0378594	0.0396357	0.0299865	0.0463339	0.249049	0.0515975	0.0336916	0.0418539	0.019369	0.0382772	
0.040537	0.0433233	0.0345393	0.0262181	0.0769673	0.0333378	0.0491782	0.0496157	0.0436659	0.0379063	0.129758	0.042418	0.0332768	0.0506294	0.0403001	0.0573322	0.0582309	0.0817518	0.0323997	0.0386143	
0.114972	0.0589454	0.030607	0.0396489	0.0444452	0.0528658	0.0541029	0.044882	0.0256127	0.0541616	0.0630339	0.0454655	0.0371474	0.0433197	0.0201869	0.0590607	0.0927653	0.0523393	0.0271455	0.0392925	
0.060433	0.053956	0.0352855	0.0446786	0.0441035	0.0602496	0.0335258	0.048866	0.04315	0.0304462	0.0542942	0.0464967	0.0883927	0.0487249	0.0285399	0.0858455	0.0809767	0.047514	0.0265682	0.037953	
0.0617164	0.0532004	0.0361708	0.0850693	0.0371107	0.0523404	0.0376069	0.0500114	0.0285353	0.101722	0.0500288	0.0472081	0.0187694	0.0732873	0.0284264	0.0564858	0.0610963	0.0520055	0.0307049	0.0385042	
0.0822077	0.0724508	0.018286	0.0416087	0.0360807	0.0689524	0.04939	0.0514784	0.0442763	0.0522543	0.0465667	0.0491868	0.0333698	0.050184	0.0733742	0.0624202	0.0577128	0.0504278	0.02383	0.0359424	
0.0799235	0.0561939	0.0349687	0.0405074	0.0415933	0.0562881	0.0500028	0.0419666	0.0436882	0.0570417	0.0511446	0.0488587	0.0190244	0.0491419	0.0473829	0.110984	0.0633233	0.0464762	0.0227575	0.0387322	
0.0364479	0.0501507	0.0199611	0.0314242	0.0461061	0.264225	0.048879	0.0481433	0.042819	0.0425912	0.0511786	0.0436144	0.0315513	0.0505379	0.0145309	0.0347355	0.0519826	0.0203948	0.0316821	0.0390446	
0.0453955	0.053209	0.0426461	0.0417687	0.0454202	0.0572079	0.0475116	0.0383622	0.0499916	0.0319832	0.0571369	0.0509003	0.0214408	0.0498034	0.0436879	0.175794	0.0411316	0.0485521	0.0229067	0.0351503	
0.0481013	0.0506829	0.0418072	0.0397322	0.0431225	0.0585282	0.0472853	0.0383752	0.0493017	0.03394	0.0572975	0.0503682	0.0219877	0.0491488	0.043317	0.163063	0.0394116	0.0502171	0.0391565	0.0351556	
0.0585673	0.0581829	0.0314149	0.0404755	0.0225538	0.0563481	0.0596736	0.0720348	0.0435365	0.155499	0.0449632	0.0429705	0.0191903	0.0453333	0.0277529	0.0491742	0.0560962	0.0524459	0.0233799	0.0404073	
0.0896221	0.0586924	0.0323594	0.0440569	0.039325	0.054764	0.0502143	0.0486301	0.0412372	0.053018	0.0540241	0.0464226	0.0360189	0.0441283	0.0455159	0.0672105	0.0800857	0.0514878	0.0242317	0.0389553	
0.0546901	0.0205099	0.046633	0.058095	0.0382551	0.0262449	0.0299321	0.0388619	0.038196	0.0285465	0.0326419	0.0359915	0.0223621	0.0369503	0.330119	0.0382382	0.0348743	0.0365038	0.0146827	0.0376718	
0.0545012	0.0257163	0.0394178	0.0572402	0.0345985	0.0243474	0.0343677	0.0469658	0.042708	0.0744864	0.0392906	0.0370812	0.0242154	0.046229	0.232106	0.0354481	0.044523	0.0468154	0.0193266	0.040615	
0.126711	0.0680016	0.0309823	0.0373584	0.0447721	0.0531188	0.0500019	0.0416186	0.0357958	0.0296478	0.0534133	0.0533957	0.0220537	0.0211718	0.028035	0.0924319	0.0994225	0.0515677	0.023496	0.0370044	
0.0350844	0.0374138	0.0183697	0.0305368	0.0476576	0.287257	0.0503162	0.0489493	0.0442426	0.039161	0.0534842	0.0428242	0.0296256	0.0500092	0.0136797	0.0339966	0.0493431	0.0190139	0.0293746	0.0396599	
0.0651608	0.0480077	0.071961	0.0418736	0.0418202	0.0530901	0.0341007	0.048139	0.0545541	0.0455619	0.05243	0.055212	0.0324452	0.0478067	0.0428028	0.0781838	0.0599094	0.0465566	0.0260643	0.0543202	
0.171762	0.053777	0.024498	0.0408399	0.042447	0.037766	0.0516754	0.0416151	0.0454307	0.0514796	0.0496963	0.0471384	0.0209656	0.0441439	0.0511096	0.0784163	0.0524952	0.0350661	0.0238286	0.0358494	
0.0355478	0.035634	0.0188319	0.031004	0.0493182	0.293017	0.0494593	0.0497852	0.0424484	0.0397941	0.0524858	0.042058	0.031548	0.0491694	0.0132934	0.0344195	0.04954	0.0179495	0.026315	0.0383816	
0.0989863	0.0286045	0.0379896	0.0402751	0.0629437	0.0530159	0.0487356	0.0364368	0.0444541	0.0399999	0.0539522	0.0495095	0.0222747	0.0518208	0.0459199	0.141346	0.0459534	0.0478301	0.0247662	0.0251857	
0.0708433	0.142592	0.0333578	0.0366544	0.0177753	0.0828543	0.0440415	0.0494547	0.0391009	0.052669	0.0503557	0.0553658	0.0265644	0.0437982	0.0220473	0.0873842	0.0622141	0.0525554	0.0106689	0.019703	
0.0621968	0.0624733	0.0442267	0.0458223	0.0456227	0.0303527	0.0515431	0.0437462	0.0523466	0.0493612	0.0474011	0.0485189	0.033216	0.0491595	0.0819302	0.0934151	0.0558334	0.0477362	0.0130066	0.0420915	
0.0673529	0.0466746	0.0259685	0.0444898	0.0503064	0.05227	0.102368	0.0438945	0.0843338	0.0563585	0.0449719	0.0175475	0.0278823	0.0430922	0.0432998	0.0516424	0.0524139	0.0269692	0.0326962	0.0854671	
0.0364268	0.0449443	0.0230041	0.0265106	0.0475675	0.276181	0.0490682	0.0478353	0.0442066	0.0398488	0.0532208	0.0445672	0.0297557	0.0507475	0.0118929	0.0454267	0.0479997	0.0198371	0.0221294	0.0388293	
0.0450759	0.0475153	0.0320324	0.0297619	0.0431959	0.034221	0.0527476	0.0593489	0.0424157	0.0612834	0.0651402	0.0456411	0.0347202	0.045333	0.0429787	0.0569558	0.0568168	0.132599	0.0302442	0.0419733	
0.0599059	0.0567127	0.0399241	0.0342651	0.0494471	0.176536	0.0509552	0.0474864	0.0472395	0.0421859	0.0552324	0.0394597	0.0298998	0.0506962	0.0183457	0.0402825	0.0561799	0.0284902	0.0362062	0.0405495	
0.043544	0.0475906	0.0358236	0.0463246	0.0445493	0.0552479	0.0487933	0.0568194	0.038556	0.0555394	0.0528882	0.028285	0.0697849	0.0506042	0.0513116	0.0298569	0.11688	0.0542134	0.0270356	0.0463517	
0.0647245	0.171768	0.0310463	0.0354653	0.0171177	0.067186	0.042351	0.0508954	0.040772	0.0560619	0.0507006	0.0543074	0.0230808	0.0453765	0.0279326	0.0787609	0.0562444	0.054036	0.0130905	0.0190818	
0.1264	0.057969	0.030723	0.0417356	0.0397303	0.0519873	0.0506805	0.0317612	0.0400239	0.0553792	0.0505925	0.0639898	0.019391	0.0490483	0.0434272	0.053465	0.0824533	0.0477311	0.0273216	0.0361906	
0.0635788	0.0506697	0.0334033	0.0425587	0.0368193	0.0574521	0.0465114	0.0366042	0.0456533	0.127162	0.0537101	0.0427412	0.0180935	0.0933379	0.0295284	0.0589714	0.0601764	0.0376772	0.02616	0.0391909	
0.0528159	0.0425638	0.0386003	0.146542	0.0384837	0.0231265	0.0507685	0.0524457	0.0393583	0.0568856	0.0461188	0.0397601	0.0365652	0.04441	0.0784683	0.0358986	0.0554386	0.0535979	0.0260739	0.0420779	
0.0587974	0.0555172	0.0317155	0.0426084	0.0346287	0.0441215	0.0500368	0.0701559	0.0421387	0.123208	0.0520576	0.0441224	0.0201129	0.0293471	0.0427913	0.0496247	0.0567078	0.0863728	0.0246815	0.0412542	
0.081263	0.049002	0.0318178	0.0432271	0.0260331	0.0479493	0.0508643	0.111758	0.0432761	0.0855074	0.0580722	0.030297	0.030129	0.0435867	0.0483232	0.0338132	0.0545009	0.0649067	0.0252932	0.0403798	
0.0561409	0.032412	0.0498225	0.0541416	0.0390448	0.0288589	0.0389319	0.0354967	0.0515874	0.0389203	0.035327	0.0370568	0.0279903	0.0428714	0.258139	0.048816	0.0333368	0.0369087	0.0158917	0.0383046	
0.0593636	0.0601383	0.0362906	0.0403492	0.0254754	0.0597246	0.0461053	0.0506588	0.0446571	0.0273049	0.123196	0.0498571	0.0345108	0.0482199	0.0410269	0.0847132	0.0592754	0.0494977	0.0238418	0.0357936	
0.0551635	0.045211	0.0374958	0.0430113	0.0249824	0.0589707	0.049816	0.159929	0.0507586	0.0924643	0.0341437	0.0293623	0.0327451	0.0441036	0.0496399	0.0330872	0.0427347	0.0505271	0.0242883	0.0415655	
0.057901	0.0473459	0.0357469	0.0377857	0.0420993	0.0557361	0.0448305	0.0225302	0.140601	0.0446607	0.0473313	0.0262457	0.0322014	0.0540059	0.0513411	0.0894656	0.0443108	0.0426164	0.0260166	0.0572274	
0.0562145	0.0438785	0.0464104	0.0446444	0.0403787	0.0300371	0.0432308	0.0477797	0.0989486	0.0509232	0.0302891	0.0373705	0.0340362	0.0459462	0.152683	0.0500239	0.0505851	0.0420705	0.0145883	0.0399616	
0.0492621	0.0579029	0.0345606	0.0436116	0.0395924	0.0567926	0.050809	0.0514272	0.0283468	0.0517126	0.0373339	0.0488049	0.0480291	0.0468187	0.0503948	0.0904209	0.104308	0.0488508	0.0244341	0.0365874	
0.0514873	0.0538378	0.0323001	0.0441379	0.0124134	0.0441351	0.0454708	0.111937	0.0405619	0.140883	0.0427817	0.0416686	0.0297383	0.0422107	0.0440171	0.0312533	0.0525956	0.0779704	0.0227066	0.0378937	
0.175432	0.0562197	0.0310272	0.0270833	0.0423888	0.0370821	0.0532081	0.0422625	0.0389184	0.0532729	0.0496343	0.0460859	0.0215023	0.0443099	0.0457521	0.0568479	0.0753139	0.0383733	0.0250731	0.0402123	
