0.0269697	0.0230028	0.0355821	0.0326588	0.0482719	0.0232805	0.139744	0.028441	0.0180115	0.0167175	0.28751	0.0461	0.0166828	0.044369	0.0180495	0.0313965	0.0209685	0.0197036	0.0429523	0.0795881	
0.416977	0.0279544	0.031137	0.0148215	0.0354662	0.0404625	0.0174829	0.0214204	0.0248779	0.0107954	0.0528121	0.0148775	0.00837095	0.0602941	0.0225325	0.0152022	0.0245441	0.0891255	0.0487002	0.0221454	
0.0619523	0.0146056	0.0244584	0.0180463	0.131761	0.00455613	0.0122245	0.0662114	0.0122118	0.120361	0.0299872	0.0757596	0.00291633	0.049225	0.00875186	0.0999493	0.0501353	0.0299315	0.0350916	0.151864	
0.0512386	0.0135691	0.0219341	0.0206321	0.141918	0.00700971	0.00885133	0.0799444	0.0148577	0.117343	0.0310775	0.0743186	0.00171157	0.0427869	0.00859841	0.094495	0.0501731	0.03188	0.0391044	0.148556	
0.102485	0.0642413	0.0114361	0.0164619	0.00818224	0.138897	0.0234356	0.016519	0.050947	0.0141144	0.0285782	0.115609	0.035831	0.012339	0.0877866	0.141065	0.0648565	0.016686	0.0346451	0.0158836	
0.00728027	0.083895	0.0392724	0.0304639	0.0290977	0.0189718	0.0292291	0.0362295	0.017191	0.0279333	0.0311351	0.0322678	0.0131309	0.0571525	0.0382885	0.00960009	0.39953	0.0283436	0.0343904	0.0365969	
0.0242049	0.108137	0.0292747	0.0310625	0.0475947	0.0291411	0.0638419	0.0647719	0.202694	0.0162236	0.0294885	0.0608838	0.0085518	0.0436558	0.0292202	0.0156301	0.0248448	0.0345762	0.0746302	0.0615725	
0.0178287	0.0237368	0.058759	0.0509518	0.0183791	0.0694916	0.0323417	0.019475	0.022629	0.0926939	0.0299699	0.0509447	0.0800946	0.0536258	0.211227	0.0211352	0.0576356	0.025572	0.0430324	0.0204762	
0.120763	0.029391	0.00148103	0.0244399	0.0311512	0.0207029	0.00370319	0.0247956	0.00712457	0.118087	0.0936624	0.166712	0.0166304	0.0163385	0.00490022	0.178064	0.0139074	0.013942	0.0588482	0.0553559	
0.144745	0.0362264	0.0341365	0.0211002	0.0495791	0.0119714	0.0850906	0.0989007	0.024645	0.113358	0.0202504	0.0481414	0.0330404	0.0556437	0.0102292	0.0160785	0.0156988	0.116349	0.0138872	0.0509277	
0.0223182	0.0467781	0.0422985	0.307506	0.0194657	0.00777512	0.108225	0.0346477	0.0156065	0.0420568	0.0440582	0.0301315	0.0402858	0.022622	0.0234316	0.0461243	0.0396992	0.0324161	0.0314638	0.0430904	
0.0403846	0.0358747	0.0123144	0.0125367	0.026501	0.028524	0.085502	0.0156565	0.168711	0.0451512	0.0712081	0.108171	0.0183877	0.0511874	0.0829411	0.0509295	0.0381249	0.074733	0.0117237	0.021437	
0.0345213	0.0765206	0.229129	0.0212327	0.0337082	0.0167067	0.0276407	0.04666	0.0228724	0.0494248	0.211943	0.0373734	0.0131618	0.0217441	0.00821172	0.0191959	0.0344045	0.0383898	0.0312544	0.025905	
0.00690066	0.0615391	0.0351664	0.322293	0.0126825	0.0143297	0.0143447	0.0539295	0.136091	0.0297841	0.0587886	0.0530144	0.0078612	0.0386072	0.0115328	0.0121293	0.0367048	0.0149021	0.0449249	0.034474	
0.00663254	0.0377085	0.0217458	0.0562581	0.0300145	0.0167884	0.0308894	0.0899626	0.0179615	0.174438	0.0222819	0.0275561	0.0130695	0.04256	0.0146535	0.0597704	0.231905	0.0198438	0.0364125	0.0495477	
0.0411045	0.0221988	0.290867	0.182206	0.0374257	0.0840494	0.0175866	0.0157041	0.0156847	0.0180434	0.0391447	0.034286	0.00866077	0.0448741	0.0288478	0.0216825	0.0271429	0.0108255	0.0372748	0.0223912	
0.0515482	0.073179	0.0237256	0.0250288	0.0114722	0.151155	0.0214366	0.0613493	0.0319552	0.0163544	0.102197	0.0148214	0.176612	0.0717338	0.0179193	0.0327135	0.0506041	0.0244124	0.02533	0.016453	
0.0433495	0.0279578	0.128055	0.183358	0.0298534	0.0198623	0.0427583	0.0329964	0.0131692	0.07078	0.0114753	0.0289962	0.0566192	0.0107488	0.00597507	0.040154	0.0664444	0.127464	0.0342153	0.0257675	
0.0235516	0.0252671	0.0221901	0.0260662	0.019571	0.0106375	0.0319053	0.0153971	0.0437275	0.0162105	0.038752	0.038477	0.0178827	0.0389804	0.492012	0.01719	0.0327004	0.0219773	0.0192806	0.0482236	
0.0178846	0.0258536	0.0298922	0.0191902	0.0189643	0.0602311	0.0239698	0.0148354	0.00875224	0.015463	0.0576659	0.0662104	0.117996	0.231266	0.0461397	0.133879	0.0230448	0.0214454	0.0316979	0.0356183	
0.0171929	0.0839049	0.0154345	0.111689	0.00403465	0.0105198	0.0142754	0.018808	0.093051	0.056647	0.162701	0.0563238	0.0837391	0.0216501	0.038817	0.0814377	0.0349197	0.0165235	0.0443682	0.0339628	
0.0691277	0.0242543	0.0796928	0.0357118	0.0577971	0.0225811	0.0397627	0.0157773	0.10684	0.0162185	0.0485414	0.0140714	0.0414854	0.0456546	0.116898	0.0540541	0.0515121	0.121939	0.0164698	0.0216107	
0.0378259	0.0746009	0.00638867	0.00873488	0.044677	0.0352915	0.172221	0.0138444	0.00424241	0.0606448	0.0340673	0.0688968	0.0114835	0.0904738	0.0377979	0.100133	0.112884	0.0156193	0.0455045	0.0246687	
0.0396514	0.0145742	0.0354111	0.0945757	0.0291447	0.0090009	0.0276658	0.0822503	0.0129338	0.0292688	0.0498537	0.0228186	0.0133426	0.169407	0.0686291	0.0311401	0.0651014	0.102325	0.04376	0.0591458	
0.0122484	0.01552	0.0108315	0.0258342	0.0159419	0.109483	0.0243994	0.165647	0.0655323	0.034692	0.121237	0.010312	0.0138265	0.120695	0.0843672	0.0255092	0.00767853	0.0876207	0.0271917	0.0214319	
0.0470366	0.0115319	0.0281654	0.018531	0.0492664	0.0120609	0.061172	0.0298126	0.0931881	0.0159233	0.0259029	0.0215445	0.0107057	0.0162966	0.359072	0.115949	0.0255971	0.031725	0.00732299	0.0191962	
0.0786805	0.0277144	0.0095922	0.00854183	0.0262561	0.0165152	0.121611	0.014207	0.122312	0.0512762	0.056158	0.0759471	0.0253882	0.0617456	0.0854729	0.0549329	0.0559126	0.0744728	0.0158802	0.0173838	
0.0837166	0.0343098	0.0109421	0.0185007	0.0366484	0.030715	0.0284831	0.0191557	0.053415	0.0154194	0.0577826	0.0319921	0.0125141	0.0611841	0.0429906	0.358091	0.0238833	0.0425269	0.0115085	0.0262207	
0.0402043	0.177714	0.0334136	0.0290124	0.0107776	0.0134711	0.0268938	0.137334	0.0320119	0.0252894	0.0360382	0.0230292	0.0121958	0.0206963	0.0352345	0.0175804	0.0401002	0.230651	0.0263526	0.0320003	
0.150121	0.0367255	0.0156318	0.0531934	0.0484467	0.143096	0.0323697	0.00952886	0.0333916	0.0173305	0.0496634	0.051503	0.0262342	0.0852429	0.0301759	0.0493213	0.0704765	0.0371709	0.0278492	0.0325284	
0.0217833	0.0771888	0.00513631	0.103267	0.053221	0.0947303	0.0154622	0.0308492	0.184247	0.00940414	0.0331714	0.032969	0.106212	0.0263248	0.103998	0.026991	0.0200059	0.0216662	0.0196502	0.013722	
0.00782928	0.0226275	0.0379848	0.0579027	0.0299056	0.014966	0.0334944	0.00939013	0.0164478	0.0113096	0.200665	0.180742	0.0359101	0.0276007	0.0193328	0.126077	0.0483611	0.0588674	0.0332979	0.0272882	
0.0709824	0.0828851	0.0308474	0.0232688	0.0194555	0.0427832	0.028283	0.19503	0.0141635	0.0937705	0.108031	0.0229176	0.0123932	0.0590114	0.00418344	0.0205612	0.0458001	0.0745365	0.0241084	0.0269873	
0.10011	0.0921157	0.0624779	0.103109	0.0800307	0.027192	0.0225128	0.033763	0.00887582	0.108149	0.0623713	0.0213507	0.00918808	0.0553892	0.0215562	0.0455641	0.0500818	0.0535	0.0152236	0.0274397	
0.0677355	0.0531775	0.0126825	0.0197302	0.0243213	0.216689	0.0725273	0.0237451	0.0231743	0.0178319	0.0308529	0.0347209	0.0485289	0.013083	0.0154008	0.177561	0.0667254	0.0208894	0.0259809	0.0346422	
0.0337517	0.0154285	0.0283176	0.0351376	0.142372	0.0288376	0.0428428	0.127677	0.0151472	0.0387671	0.158507	0.00733164	0.0153275	0.0490877	0.033124	0.0515132	0.0641314	0.0534515	0.0247101	0.0345368	
0.034217	0.0478253	0.0167536	0.0809191	0.0428991	0.204752	0.0399223	0.0323891	0.0305001	0.0202317	0.028819	0.0391721	0.0346923	0.0288605	0.0123029	0.190652	0.0256082	0.031311	0.0220766	0.0360952	
0.0179259	0.0361374	0.0511602	0.0327597	0.0296677	0.0915877	0.0392147	0.0221645	0.0190494	0.0860826	0.0274074	0.0396084	0.0571014	0.0381909	0.232425	0.0229054	0.0421919	0.0209038	0.0506224	0.0428942	
0.207991	0.0735957	0.0199255	0.0426728	0.144056	0.0188741	0.0240518	0.0277567	0.0175005	0.0188127	0.0125208	0.0551845	0.0338982	0.0405028	0.0107826	0.0531313	0.0376773	0.0525992	0.0304922	0.0779732	
0.0488588	0.0110633	0.0530791	0.113778	0.024111	0.0111038	0.127341	0.0317006	0.00485335	0.0219097	0.0565919	0.0111254	0.0264676	0.0490142	0.0904714	0.0306289	0.0247712	0.0299973	0.0858905	0.147243	
0.0543651	0.0281749	0.0180339	0.058093	0.0415454	0.0633149	0.0175974	0.115225	0.00345898	0.0340685	0.0793234	0.0573953	0.0351341	0.0925162	0.0246701	0.102866	0.0569658	0.0520302	0.0470745	0.0181479	
0.0498288	0.0986273	0.0217883	0.0489208	0.043673	0.0460036	0.0195433	0.02407	0.125442	0.026779	0.0552105	0.0384103	0.0468267	0.15431	0.0198791	0.0449482	0.0242868	0.0485075	0.0267907	0.0361546	
0.0503753	0.066052	0.0507	0.0433791	0.0796874	0.0147331	0.0451448	0.0357314	0.0797909	0.0870628	0.196287	0.0588213	0.0160393	0.016628	0.0221093	0.0207855	0.0383058	0.0233027	0.0196326	0.035431	
0.0358586	0.0875345	0.0176448	0.0589741	0.0276272	0.0515705	0.00917705	0.15697	0.102579	0.0606719	0.0211552	0.0566977	0.0127478	0.0184882	0.0728678	0.0250062	0.0551188	0.0311677	0.0655585	0.0325845	
0.0341064	0.0550535	0.0188053	0.0257678	0.0345801	0.0192919	0.0254171	0.0338981	0.0368229	0.217609	0.0422832	0.0354354	0.0524078	0.047967	0.0184352	0.09297	0.095289	0.058611	0.0201625	0.0350867	
0.0169855	0.103977	0.0234106	0.22335	0.0950137	0.0289678	0.0213752	0.0577169	0.0240429	0.0197161	0.0611569	0.0445319	0.0886589	0.0231669	0.0561051	0.0222227	0.0449672	0.0159633	0.00501836	0.0236523	
0.0285562	0.0371016	0.0174459	0.041678	0.0176659	0.0394967	0.00752413	0.150685	0.00714012	0.1618	0.0219135	0.0172962	0.0570237	0.0107317	0.083112	0.0377908	0.0809153	0.0902509	0.0233164	0.0685559	
0.0606839	0.0569759	0.0131713	0.0148143	0.0665411	0.0433423	0.0705541	0.0246345	0.184276	0.0843957	0.0424253	0.0365495	0.0152738	0.0895252	0.0139445	0.0287712	0.0377946	0.0364935	0.0477557	0.0320778	
0.055069	0.0398012	0.00962628	0.0216339	0.107922	0.0343213	0.0202303	0.0444194	0.0354067	0.155687	0.0652054	0.0415515	0.0171247	0.0591779	0.0337182	0.00698699	0.0544088	0.0548384	0.0532603	0.0896116	
0.138945	0.0280835	0.0208352	0.0475603	0.0549266	0.146743	0.0519448	0.017167	0.025492	0.0149193	0.048421	0.0471227	0.0236733	0.0819346	0.0319189	0.0764019	0.0714706	0.0268207	0.0156144	0.0300054	
0.0421673	0.0350906	0.0612011	0.0417379	0.0274027	0.0960133	0.0089875	0.046573	0.0135344	0.0780682	0.0878546	0.0793145	0.0375094	0.0600755	0.0316552	0.0270982	0.0981062	0.077955	0.0218326	0.0278226	
0.140826	0.0224958	0.0171246	0.0345409	0.0761426	0.048424	0.0189387	0.0178016	0.0267215	0.0201277	0.074829	0.0568145	0.0143399	0.0326161	0.0232541	0.0794452	0.16984	0.02805	0.0450341	0.0526339	
0.0508454	0.0121737	0.0526385	0.126274	0.0251535	0.0110883	0.117891	0.0300374	0.00415976	0.0246734	0.0594078	0.0130683	0.0264151	0.0487212	0.0847041	0.0311621	0.0231443	0.0286327	0.0865959	0.143214	
0.128425	0.0292485	0.0378426	0.0319838	0.0495044	0.178866	0.0612523	0.0214037	0.0316546	0.00940552	0.0563978	0.0344594	0.0188662	0.0520426	0.0234327	0.0795108	0.0905399	0.0244459	0.0129182	0.0277995	
0.0463044	0.0135288	0.0628561	0.0403831	0.0192105	0.0183177	0.0314168	0.0162514	0.105945	0.0760867	0.0596547	0.0166164	0.0365883	0.0542911	0.260504	0.035796	0.0218147	0.0436057	0.0196594	0.0211686	
0.0222885	0.177502	0.0205478	0.0333476	0.024565	0.0521708	0.0372937	0.0575565	0.0132246	0.105998	0.0726059	0.133393	0.0351955	0.0413282	0.00912796	0.0254002	0.0322727	0.0378821	0.0259183	0.0423822	
0.0507996	0.0552167	0.0170796	0.016619	0.0102851	0.0458021	0.0213381	0.198431	0.0408416	0.127959	0.0477991	0.0231322	0.0178729	0.076795	0.022667	0.0196929	0.0439936	0.113699	0.0106393	0.0393367	
0.067855	0.0122943	0.0306117	0.0264148	0.022964	0.0343302	0.0470536	0.0145803	0.0449132	0.0319147	0.0639784	0.145068	0.0761875	0.141456	0.0455709	0.0461343	0.0238617	0.0196788	0.043544	0.0615892	
0.044201	0.0486102	0.0981019	0.0191241	0.0206404	0.186205	0.0245964	0.00850097	0.024288	0.0143704	0.0419813	0.161311	0.0250614	0.0196344	0.0406695	0.0341669	0.0500848	0.0761869	0.0485142	0.0137512	
0.0221073	0.0553039	0.012204	0.0206036	0.0237642	0.127883	0.0217934	0.0348492	0.0382323	0.0309369	0.0519647	0.100738	0.0184134	0.0511102	0.0216995	0.249115	0.064013	0.0314432	0.0152219	0.00860287	
0.020728	0.0428763	0.0936058	0.0296319	0.0314765	0.0340795	0.0370113	0.0246142	0.0191022	0.180296	0.0144916	0.036992	0.0355245	0.0379979	0.0127175	0.0632492	0.0881656	0.14732	0.00939016	0.0407304	
0.0269698	0.0376885	0.0108345	0.0720135	0.0202416	0.0562527	0.0307374	0.0179646	0.0124473	0.0154313	0.0288001	0.189951	0.0120773	0.0436049	0.0541406	0.12991	0.110579	0.0609884	0.0311622	0.0382048	
0.138485	0.0645215	0.0217795	0.0149587	0.0210907	0.0184537	0.0324915	0.190297	0.0338531	0.0694433	0.0415292	0.00888652	0.0607619	0.0494334	0.0385934	0.0148441	0.0354449	0.0729565	0.0449885	0.0271879	
0.0368984	0.0265464	0.142787	0.075448	0.0397984	0.0264284	0.0291981	0.0590272	0.0650722	0.0617301	0.0286287	0.0784342	0.0671795	0.0384316	0.0219252	0.0512332	0.0326085	0.0197675	0.00620366	0.092654	
0.0304922	0.0192578	0.0207467	0.0349071	0.0174811	0.0202136	0.0362104	0.0170601	0.104432	0.0204461	0.0135909	0.0467263	0.0274829	0.0135197	0.450994	0.0305023	0.029935	0.0069727	0.0370274	0.0220019	
0.0473348	0.0745862	0.0580093	0.0499281	0.108014	0.0790827	0.029546	0.0833996	0.0667459	0.0190485	0.0894311	0.0415372	0.017005	0.0236899	0.0139605	0.0712408	0.019943	0.0328626	0.0490181	0.0256163	
0.0786736	0.0277425	0.0305893	0.0578206	0.0176905	0.0278824	0.0521366	0.0603409	0.0210658	0.0444241	0.0504306	0.11832	0.0456884	0.0440644	0.0136438	0.0306406	0.0326735	0.14868	0.0383327	0.05916	
0.0353232	0.0409792	0.013925	0.0500019	0.036206	0.0333151	0.0910939	0.108623	0.0438587	0.159271	0.0164027	0.0383285	0.0528399	0.0745132	0.0149333	0.0645684	0.0138817	0.018487	0.0472977	0.0461506	
0.039454	0.0577744	0.0221414	0.0342163	0.0165963	0.0949313	0.0305683	0.034874	0.0301474	0.0277562	0.0459152	0.0686399	0.0292423	0.0270828	0.0305438	0.276187	0.0698292	0.0290077	0.0206124	0.0144798	
0.197151	0.0217407	0.0614973	0.0222445	0.0204277	0.150578	0.0344013	0.0385808	0.0290219	0.0257731	0.0176486	0.0338178	0.00813578	0.0394607	0.0259904	0.127346	0.0565391	0.0113241	0.0303572	0.0479635	
0.109585	0.0196277	0.0241736	0.0208914	0.195953	0.0403684	0.031653	0.0217003	0.0478287	0.019882	0.0206804	0.02656	0.0677583	0.0370171	0.0733647	0.026594	0.021876	0.0545808	0.048753	0.091153	
0.0329613	0.0272042	0.29805	0.181818	0.0347014	0.0645823	0.0165335	0.0162494	0.0185674	0.0169696	0.0415683	0.0305891	0.00960951	0.0411763	0.0429988	0.0191429	0.0257429	0.0119225	0.0508389	0.0187737	
0.0230521	0.0338771	0.0265901	0.0270469	0.0521366	0.00472732	0.0161682	0.132324	0.0847857	0.128554	0.0456416	0.0299586	0.00757324	0.0450793	0.022615	0.0274549	0.143288	0.100254	0.0281907	0.0206823	
0.0534209	0.0148965	0.0716486	0.039999	0.0314129	0.0173335	0.0287227	0.0166095	0.104958	0.0678862	0.0609438	0.0170802	0.0317281	0.0546511	0.22842	0.0369782	0.0227361	0.0592107	0.0204576	0.0209059	
0.0295198	0.0241843	0.0212141	0.0276034	0.0202801	0.0134249	0.0388442	0.014642	0.0775103	0.0136432	0.027585	0.0371918	0.01862	0.0277085	0.470926	0.0204623	0.0306932	0.0159949	0.02483	0.0451213	
0.053794	0.0499386	0.0116869	0.113915	0.0493319	0.0244454	0.0119427	0.105613	0.0290381	0.0422891	0.100188	0.139683	0.00801456	0.0898642	0.0212718	0.021178	0.0067153	0.0237783	0.0813179	0.0159952	
0.0884466	0.0443465	0.00921575	0.0180769	0.022293	0.078296	0.0625827	0.0575767	0.0461084	0.0754021	0.0375996	0.0744163	0.00299052	0.0912123	0.0879318	0.0629327	0.0427041	0.0256728	0.0640527	0.00814232	
0.0204688	0.0179137	0.0250284	0.0762303	0.123338	0.0281855	0.0855574	0.0609443	0.0167972	0.00905834	0.0197436	0.022186	0.0364957	0.0356167	0.0288419	0.0196927	0.0183099	0.0232844	0.0425559	0.289751	
0.0533684	0.0428857	0.0233918	0.0484362	0.0217735	0.0787216	0.014459	0.0950958	0.0201539	0.339403	0.0403293	0.0335697	0.0143881	0.035035	0.0130446	0.0154047	0.0253657	0.0486555	0.0233356	0.0131824	
0.0292561	0.0393206	0.0294678	0.181885	0.0745391	0.0217534	0.044184	0.0347129	0.0219372	0.0762986	0.044715	0.0506046	0.0149213	0.0272545	0.0159625	0.0424738	0.06959	0.0460474	0.0357962	0.0992796	
0.00846661	0.0952135	0.0362614	0.115917	0.0401558	0.051371	0.0427674	0.0902648	0.0226847	0.0421891	0.0229323	0.0496925	0.0351154	0.0627727	0.031951	0.0698447	0.0252544	0.0955662	0.0349348	0.0266453	
0.0254214	0.030459	0.0149368	0.0165933	0.10951	0.00816163	0.0702456	0.0246585	0.0537291	0.0280797	0.156695	0.0742676	0.00587478	0.109529	0.0416346	0.0847586	0.0458021	0.0358185	0.0280148	0.0358101	
0.108556	0.0320147	0.00614958	0.0240919	0.0385903	0.0552112	0.0335253	0.020578	0.0091822	0.0236937	0.0755291	0.0732668	0.0707089	0.125309	0.0387987	0.0484497	0.0455399	0.0567169	0.0378254	0.0762635	
0.117	0.106078	0.00952565	0.0350373	0.0060763	0.0501036	0.00306668	0.0326515	0.0222236	0.0530684	0.0811895	0.157559	0.0323601	0.0574832	0.00539496	0.084285	0.0489673	0.0225945	0.0708434	0.00449223	
0.0623777	0.0332686	0.010385	0.038358	0.0307593	0.0546157	0.0297633	0.0235065	0.041681	0.0333382	0.0607493	0.14531	0.0631738	0.0881344	0.040983	0.0478235	0.0398345	0.0589245	0.0328295	0.0641841	
0.0399632	0.0261816	0.0277346	0.0373271	0.0195256	0.132352	0.0805028	0.0147128	0.0462514	0.0807633	0.0611354	0.105299	0.0700444	0.0351465	0.0599493	0.0656011	0.0343023	0.0106318	0.0259138	0.0266618	
0.0140619	0.0182539	0.0231796	0.0230811	0.0442511	0.0280532	0.0364355	0.0222026	0.481665	0.0240209	0.0436584	0.0268911	0.0269519	0.0292644	0.03036	0.024706	0.0235618	0.0375892	0.0198635	0.0219494	
0.0170338	0.168537	0.0493438	0.0367551	0.024338	0.0564327	0.0857364	0.0378499	0.0486024	0.0219997	0.0642132	0.13198	0.0180498	0.0411054	0.0241043	0.0856403	0.0482601	0.0162101	0.0170135	0.0067942	
0.0614391	0.123075	0.0135603	0.0243345	0.0518708	0.0412209	0.0247545	0.0230881	0.071751	0.0592197	0.0510619	0.0165939	0.101647	0.0381299	0.0157209	0.0657286	0.0178503	0.124554	0.0417202	0.0326801	
0.0360748	0.0487115	0.00828979	0.00441986	0.0340894	0.022742	0.0697579	0.102859	0.0897625	0.0289567	0.0932811	0.0860237	0.00365005	0.06809	0.0480104	0.0288058	0.147038	0.0477295	0.0197267	0.0119807	
0.0381996	0.0378981	0.02064	0.0151558	0.0446192	0.020165	0.0188468	0.0319968	0.288295	0.0230527	0.0530294	0.0444318	0.0308907	0.0507641	0.159112	0.0352456	0.0172343	0.023013	0.0270428	0.0203681	
0.0482946	0.042491	0.0191458	0.0129317	0.0747574	0.0647651	0.0314655	0.0245991	0.0180941	0.120789	0.0290476	0.0879471	0.0238973	0.0538331	0.0269962	0.0306756	0.236023	0.0109692	0.0313245	0.0119531	
0.0238696	0.0168588	0.0244911	0.0357582	0.0335879	0.466119	0.0256465	0.0266141	0.0318145	0.0268981	0.0312643	0.0202871	0.0199932	0.0311137	0.0210659	0.0608301	0.0340017	0.0179522	0.0276112	0.0242231	
0.0350134	0.0244682	0.0422479	0.0529348	0.0191585	0.420212	0.0249883	0.0286134	0.0419494	0.0328545	0.0355978	0.0281747	0.0209846	0.0339002	0.0240892	0.0305356	0.0282405	0.0212561	0.0354736	0.0193076	
0.0444404	0.0928784	0.0317824	0.0145867	0.0367038	0.0977948	0.0344367	0.0182569	0.0686422	0.0154428	0.0452186	0.0217669	0.183654	0.0281739	0.0185628	0.0861207	0.00968743	0.0678178	0.0480807	0.0359524	
0.0409735	0.0336025	0.0288966	0.0367367	0.0276182	0.0295501	0.00947142	0.163421	0.0785771	0.122411	0.0519728	0.0194371	0.0125777	0.0490156	0.0162996	0.0246897	0.0845502	0.1078	0.017482	0.0449178	
0.023478	0.0471355	0.0144438	0.0391382	0.0499866	0.0295051	0.0522675	0.0511433	0.196763	0.0193201	0.0277475	0.0904706	0.0161125	0.0610959	0.0699709	0.0242318	0.0209435	0.0437962	0.0459787	0.076471	
0.0429274	0.0355967	0.0100884	0.00961363	0.0257017	0.0252869	0.0925803	0.012508	0.155776	0.0456607	0.0840121	0.102443	0.0213683	0.055461	0.0886173	0.0521778	0.0396908	0.066817	0.0162562	0.0174167	
0.0350371	0.0233907	0.0148868	0.0278246	0.062045	0.0863584	0.016367	0.0175066	0.0881541	0.0336803	0.0347203	0.0201457	0.00962818	0.0375125	0.304845	0.0248674	0.0605336	0.0408667	0.035157	0.0264731	
0.176567	0.0386185	0.0133438	0.0215045	0.0205626	0.0518742	0.0520439	0.040894	0.0226761	0.059857	0.0468876	0.0298447	0.0455492	0.0585568	0.0723639	0.0398327	0.0255617	0.104966	0.0325219	0.0459739	
0.0554419	0.0264994	0.124898	0.139794	0.0141032	0.0260067	0.0274245	0.0276843	0.0402832	0.055244	0.0113379	0.0446548	0.0849348	0.0237216	0.0400539	0.0260192	0.12015	0.0516941	0.0406321	0.0194225	
0.0376391	0.0469066	0.0407704	0.0201738	0.0650291	0.0822714	0.051642	0.020475	0.0313551	0.0691215	0.0360885	0.0342153	0.0251203	0.0120122	0.176201	0.0388101	0.0385971	0.0190028	0.049527	0.105042	
0.0399816	0.03564	0.012147	0.0130652	0.0248407	0.0340234	0.0846085	0.0156432	0.160873	0.0433839	0.0658924	0.112522	0.020017	0.0502675	0.0807363	0.0498034	0.0381581	0.0864337	0.0126232	0.0193391	
0.0475868	0.0162905	0.00817882	0.0363099	0.210319	0.00805992	0.0165386	0.061476	0.0523802	0.0257876	0.0291318	0.0535291	0.0352468	0.0224812	0.0444186	0.0260707	0.0508325	0.054066	0.15956	0.0417362	
0.0304161	0.0828487	0.104539	0.0438275	0.0848831	0.0148208	0.0373794	0.0333098	0.0560785	0.0701986	0.170333	0.0557776	0.0250252	0.0212593	0.0212356	0.0221074	0.0362226	0.0286347	0.0228598	0.0382437	
0.0196514	0.0260886	0.0221722	0.0273069	0.0196599	0.0109342	0.0323094	0.0163755	0.0406384	0.0167579	0.0417112	0.0395907	0.0188361	0.0398775	0.483525	0.0170989	0.0341397	0.0237999	0.0192234	0.0503029	
0.0450564	0.035858	0.11332	0.281204	0.00272684	0.0115015	0.102452	0.00931062	0.0408635	0.0275947	0.042085	0.0592616	0.0166546	0.0307422	0.0254337	0.0293852	0.0514363	0.0222701	0.0401584	0.0126847	
0.0358856	0.0411991	0.0189372	0.0238629	0.0237254	0.0404883	0.0317422	0.032017	0.028893	0.265399	0.0327463	0.042495	0.0611333	0.0691336	0.0147811	0.0569905	0.0852994	0.0386232	0.0163978	0.0402506	
0.0551578	0.135359	0.0250601	0.0678934	0.0492853	0.0228255	0.0328243	0.0571888	0.0791945	0.0537847	0.0192187	0.0210156	0.0413963	0.0337733	0.0301698	0.0664042	0.0463075	0.138343	0.0212966	0.0035015	
0.0123726	0.0245193	0.0503691	0.0284766	0.0390972	0.0155189	0.0292402	0.0594699	0.0946591	0.361871	0.0356716	0.0307971	0.0205853	0.0163702	0.0299912	0.0109594	0.0375214	0.0547721	0.0132775	0.0344597	
0.029617	0.0125658	0.020686	0.044447	0.103507	0.0325635	0.0814204	0.050834	0.0303277	0.0262818	0.157902	0.0295094	0.0102622	0.0359919	0.0224274	0.0600293	0.0799864	0.035282	0.0251296	0.11123	
0.0530114	0.0689007	0.117901	0.0744582	0.0366314	0.0398648	0.0557668	0.0260842	0.0143195	0.0863127	0.0354816	0.0996765	0.0456324	0.0157385	0.0405473	0.0192939	0.0220963	0.0371788	0.0497622	0.0613419	
0.01732	0.0119655	0.0282261	0.0255115	0.0300951	0.0107866	0.0259283	0.0285879	0.517225	0.0255858	0.033962	0.0323268	0.0232074	0.0458833	0.0256092	0.0338283	0.0254555	0.0305445	0.00785179	0.0200997	
0.0238679	0.0329439	0.0396525	0.11741	0.11624	0.0131719	0.0197483	0.0527415	0.0655925	0.0162778	0.0469713	0.0448638	0.0190321	0.0571818	0.00836044	0.0121223	0.0322036	0.00779834	0.109013	0.164808	
0.0230923	0.0501108	0.0766619	0.0266817	0.0864668	0.0271823	0.0527843	0.0286893	0.0502638	0.0687163	0.0559659	0.0521766	0.029385	0.0207201	0.0903247	0.0368587	0.0688125	0.0223186	0.0524304	0.0803579	
0.0369721	0.176343	0.0374779	0.0221623	0.018753	0.0300334	0.0185498	0.188219	0.0355299	0.0222045	0.0169455	0.0261047	0.0292521	0.0267738	0.0197996	0.0105002	0.0675915	0.184317	0.0210977	0.0113731	
0.0325112	0.0331332	0.0216855	0.0221306	0.0470175	0.0238494	0.0247833	0.0426451	0.057632	0.0503088	0.11232	0.0369351	0.00723563	0.169859	0.104971	0.0532621	0.027096	0.0369967	0.0738457	0.0217821	
0.0493804	0.0219716	0.0247732	0.0345864	0.0174741	0.0356015	0.0166597	0.0200031	0.0826475	0.043405	0.0344711	0.0193111	0.0212884	0.037518	0.427145	0.0270824	0.0263314	0.0133915	0.0348767	0.0120818	
0.014967	0.0255724	0.061371	0.0446674	0.0645409	0.038441	0.031959	0.209118	0.0306373	0.0493992	0.0847295	0.0318338	0.0102433	0.0685624	0.0155779	0.0137355	0.0232228	0.0615184	0.0817138	0.0381894	
0.113065	0.0151849	0.0291184	0.0606199	0.0516529	0.0299017	0.0262417	0.0369115	0.020584	0.0113954	0.0508842	0.040929	0.021895	0.0334474	0.00374217	0.0233729	0.0389031	0.0159672	0.229826	0.146357	
0.0214358	0.0672105	0.0215179	0.019685	0.0466615	0.0186431	0.0144141	0.0253109	0.0345286	0.069923	0.0325948	0.110689	0.0178347	0.0300441	0.176329	0.109931	0.077704	0.0344015	0.0359297	0.0352126	
0.0172209	0.0437858	0.00548184	0.0130002	0.0567539	0.00972208	0.0993893	0.130533	0.0370011	0.0822974	0.0417425	0.0482579	0.0241483	0.0880208	0.033738	0.0308237	0.0274046	0.115524	0.0580441	0.0371109	
0.299688	0.1745	0.0114741	0.0131041	0.0131897	0.0448599	0.0579159	0.0343738	0.0137757	0.0280604	0.0149266	0.0213039	0.0290606	0.0454942	0.0155932	0.0650928	0.0548497	0.0351875	0.0143403	0.0132098	
0.0419438	0.0504826	0.0334225	0.0403854	0.0610577	0.0804404	0.04999	0.0175771	0.0130496	0.0183766	0.0356453	0.160229	0.0367841	0.0590771	0.0315132	0.0882354	0.0175071	0.0329356	0.072179	0.0591686	
0.0345667	0.104161	0.00985636	0.0267444	0.0853145	0.0305293	0.0192427	0.0519348	0.0259104	0.1	0.0635248	0.0737189	0.0154557	0.0755018	0.0682756	0.0737862	0.0401854	0.0387096	0.0317469	0.0308346	
0.0720039	0.0380843	0.0477693	0.0181151	0.0132033	0.0868177	0.0248224	0.0407153	0.00887825	0.207576	0.0299933	0.048209	0.00622599	0.0668395	0.0826298	0.0609099	0.0618274	0.0276135	0.0182702	0.0394962	
0.0868035	0.131928	0.0254758	0.0344817	0.0307633	0.0253636	0.047199	0.0333805	0.0300662	0.0746858	0.02547	0.0215792	0.0424111	0.107891	0.0340757	0.0352249	0.0799851	0.0500574	0.055336	0.0278219	
0.0902827	0.12505	0.0276908	0.0330978	0.0274644	0.0260415	0.0511408	0.0350224	0.0264362	0.0741808	0.026074	0.027032	0.0457551	0.0977116	0.0355433	0.0354599	0.0788559	0.0502216	0.0542448	0.0326945	
0.17688	0.0267917	0.0127396	0.0465138	0.0262057	0.111603	0.0404332	0.0164354	0.0240006	0.0427458	0.0638887	0.0313542	0.0240903	0.0674485	0.0325968	0.0587744	0.0602297	0.0584289	0.051314	0.0275258	
0.0137168	0.0815545	0.00914702	0.0282751	0.0458596	0.00949226	0.0602987	0.0115201	0.0928909	0.0777487	0.0716907	0.0146582	0.0228015	0.0282256	0.0746774	0.0331385	0.196269	0.0992763	0.0148225	0.0139362	
0.313077	0.0379185	0.0116254	0.010498	0.011496	0.0414141	0.0235427	0.0153468	0.0230226	0.0118304	0.0325389	0.0223974	0.226846	0.0177578	0.0280503	0.0928379	0.0185341	0.0215912	0.0307476	0.00892743	
0.0193766	0.0337934	0.0317878	0.00828973	0.00831878	0.257183	0.019187	0.159242	0.0233663	0.0374347	0.0538447	0.0302027	0.0180283	0.0728385	0.00924593	0.0881638	0.0235404	0.0235365	0.0593666	0.0232535	
0.0375724	0.0349925	0.0314937	0.0121324	0.0158167	0.0253241	0.0377149	0.267277	0.0356169	0.183796	0.0537927	0.0286082	0.0156709	0.0409912	0.0239421	0.0155452	0.0206469	0.0435429	0.0400104	0.0355125	
0.0332968	0.0833906	0.0326285	0.00741956	0.0445801	0.0377071	0.0235572	0.0106831	0.0668228	0.0266385	0.0478781	0.0345249	0.0233858	0.0216408	0.0160182	0.117702	0.297394	0.0439037	0.00672333	0.024105	
0.0407201	0.0449148	0.0571111	0.0352734	0.0356734	0.0498199	0.10231	0.0251783	0.0528427	0.0171838	0.141183	0.0982494	0.0520582	0.0702318	0.0317434	0.0475209	0.0267473	0.0116923	0.0248846	0.034662	
0.048577	0.0925596	0.0322025	0.0238374	0.028232	0.0348041	0.0447507	0.174418	0.00306016	0.0844884	0.116701	0.0259119	0.0156128	0.0775512	0.00616981	0.0262483	0.0346606	0.0692798	0.0278036	0.033131	
0.0286568	0.0485889	0.0234472	0.0405593	0.0123058	0.0274113	0.0269674	0.0348669	0.140733	0.0301094	0.244839	0.0206238	0.0235363	0.078127	0.0159568	0.0492533	0.0327249	0.0280486	0.0529886	0.0402556	
0.0723197	0.0530959	0.033822	0.00952389	0.0298346	0.0523288	0.0132903	0.26437	0.0403883	0.0754429	0.0694235	0.0359526	0.0560638	0.0130774	0.0204807	0.0275221	0.0244364	0.0148301	0.0717431	0.022054	
0.032161	0.0325656	0.00754951	0.0254868	0.0928419	0.0565238	0.0577442	0.0586271	0.0470509	0.126822	0.0614651	0.0642566	0.0295461	0.0132729	0.0661358	0.0207005	0.0568418	0.0313904	0.0855456	0.0334727	
0.0238545	0.0791374	0.0428672	0.0753022	0.0984057	0.0287661	0.187654	0.0366463	0.01185	0.0233381	0.0837645	0.0351952	0.0373773	0.0682066	0.0110971	0.0324598	0.0249392	0.0337295	0.0374836	0.0279254	
0.0197333	0.0347555	0.0177534	0.0347849	0.0449132	0.0695328	0.0940677	0.0459384	0.0401955	0.00917058	0.0292007	0.0295158	0.0288334	0.0188745	0.0304985	0.272145	0.0450648	0.0320529	0.0376102	0.0653586	
0.0380156	0.036778	0.0117313	0.0588301	0.0498774	0.0624284	0.0231193	0.0217897	0.0707224	0.0349124	0.0691199	0.184236	0.0522691	0.0519331	0.0299607	0.0396133	0.0350633	0.0593864	0.0324131	0.0378008	
0.0374032	0.032833	0.0207955	0.0196848	0.0244678	0.0315159	0.080778	0.150842	0.0347309	0.174978	0.0245841	0.0375975	0.0522685	0.0231476	0.0149515	0.0877549	0.0163541	0.0338432	0.0727921	0.0286779	
0.117185	0.0650719	0.0188858	0.0300311	0.0216743	0.0400816	0.0127051	0.0423503	0.0205379	0.0415516	0.0762228	0.279461	0.0304439	0.0461165	0.00803639	0.0140458	0.0426266	0.0492243	0.0364815	0.00726609	
0.0356068	0.0322605	0.14936	0.0346828	0.0336619	0.0683861	0.118674	0.0520286	0.122162	0.0387949	0.0581258	0.0327778	0.0250448	0.0303354	0.0394697	0.0214168	0.0457662	0.0263419	0.0261783	0.00892567	
0.153281	0.0615093	0.0129264	0.0135188	0.0179878	0.0242911	0.0395747	0.0145689	0.0187634	0.0176682	0.026191	0.103568	0.0192141	0.0331158	0.0219871	0.213285	0.0869489	0.061359	0.0339775	0.0262633	
0.00932334	0.0855437	0.0138889	0.0526355	0.0282296	0.0198031	0.0263931	0.043029	0.0134948	0.0328802	0.0389271	0.0368276	0.00946576	0.0563527	0.0226754	0.0121206	0.325515	0.0634852	0.0770496	0.0323595	
0.0346936	0.0141148	0.0202209	0.0270849	0.0298709	0.0114254	0.0385759	0.0792302	0.0193576	0.0222259	0.053986	0.0325297	0.0280776	0.0137759	0.00983814	0.0169276	0.0337313	0.0246097	0.048218	0.441506	
0.0357785	0.0256443	0.0247671	0.0249519	0.0418523	0.0220473	0.0223114	0.0372935	0.0620171	0.0440608	0.0999404	0.035467	0.00771525	0.188265	0.108126	0.0489199	0.0275197	0.0358954	0.0840478	0.0233798	
0.0453157	0.0133038	0.0619921	0.0406095	0.0182474	0.0188248	0.0310299	0.0163255	0.104408	0.0777621	0.0588778	0.0168229	0.0356071	0.0536828	0.267461	0.036029	0.0212514	0.0411512	0.020198	0.0211006	
0.00987381	0.0373873	0.0233838	0.0186015	0.024997	0.0839068	0.0288486	0.00585027	0.0301675	0.0226439	0.00699149	0.0176289	0.017607	0.0280806	0.0190763	0.0806452	0.425046	0.0142042	0.0355994	0.0694599	
0.0137425	0.0291939	0.0223541	0.0277931	0.0212491	0.0108812	0.0354759	0.0184687	0.0361727	0.0168913	0.0443017	0.0362342	0.0202344	0.0533357	0.455373	0.0190214	0.0350068	0.0291938	0.0171736	0.0579032	
0.311974	0.0588498	0.0234449	0.0259012	0.0407289	0.0206764	0.0297198	0.0105208	0.036389	0.0519947	0.0329815	0.053389	0.0347955	0.074819	0.0165473	0.0483689	0.0265076	0.0287387	0.0466132	0.0270397	
0.0143246	0.0449907	0.0186853	0.0356672	0.00641393	0.0232262	0.0334103	0.266409	0.0441687	0.216316	0.0359475	0.0268367	0.0127857	0.0498582	0.0177264	0.0132504	0.0177053	0.0671996	0.025955	0.0291237	
0.0252795	0.0220644	0.0434542	0.0135373	0.0150106	0.0330053	0.0328602	0.036416	0.0361812	0.0353017	0.0240882	0.0447108	0.014415	0.060421	0.0159621	0.0429926	0.0495283	0.402851	0.0200567	0.0318635	
0.0131999	0.0293954	0.0225883	0.0279766	0.0212568	0.0108569	0.0357069	0.0188678	0.036024	0.0167795	0.0446032	0.0361412	0.0203275	0.0543214	0.451625	0.019208	0.0352547	0.0305017	0.0170435	0.0583216	
0.0667119	0.0752071	0.0412963	0.0289825	0.012715	0.00984571	0.0168438	0.114235	0.0438891	0.0190527	0.0153215	0.0110112	0.0141159	0.028407	0.0337578	0.202334	0.170531	0.0327447	0.0336022	0.0293956	
0.0261456	0.118988	0.0132158	0.00860159	0.0247024	0.156013	0.056764	0.0178498	0.017861	0.102966	0.0925823	0.064179	0.0159469	0.0598109	0.0154813	0.0983626	0.0246362	0.0217905	0.0241876	0.0399156	
0.0317197	0.0636532	0.0290636	0.0188009	0.0212564	0.018262	0.0250345	0.0566677	0.0803623	0.210229	0.179722	0.0419519	0.0148117	0.0535959	0.020329	0.0297288	0.013009	0.0418751	0.0163013	0.0336259	
0.00697178	0.0628636	0.270202	0.0419123	0.0279139	0.0160721	0.0169566	0.167159	0.0247594	0.0380184	0.0441906	0.0285	0.0203358	0.0314952	0.049446	0.0158994	0.0281209	0.03826	0.0526817	0.0182418	
0.317065	0.0361876	0.0114821	0.00970819	0.0114969	0.041855	0.0224117	0.0145907	0.0228384	0.0118129	0.0313102	0.0213339	0.2324	0.0168577	0.0283706	0.0932642	0.018664	0.0209034	0.0288473	0.0085998	
0.0459381	0.0105314	0.0150198	0.072698	0.0610767	0.0331717	0.0216595	0.0447804	0.0323442	0.0377728	0.0281971	0.0340271	0.0724826	0.0181625	0.295646	0.0243001	0.0188249	0.0485081	0.0199099	0.0649487	
0.0176335	0.145078	0.0174406	0.0186237	0.0300866	0.0125299	0.0371816	0.121602	0.0178093	0.0605024	0.100758	0.0318798	0.00678945	0.0645169	0.0155171	0.0348922	0.0811714	0.138179	0.030067	0.0177414	
0.261287	0.0388957	0.0210745	0.010244	0.00816191	0.022091	0.0545649	0.0714799	0.0345305	0.0197424	0.0823551	0.0507226	0.0110257	0.0347073	0.00437994	0.0620234	0.0133059	0.131401	0.0364779	0.0315291	
0.102966	0.0468392	0.0164383	0.0362355	0.0215817	0.0406911	0.033068	0.0274586	0.0159933	0.0564893	0.0529576	0.0778938	0.035488	0.0353814	0.00530822	0.283366	0.0534217	0.0199434	0.024425	0.0140533	
0.0364389	0.0412661	0.0170175	0.0547923	0.0155386	0.0108787	0.03726	0.0231582	0.0229764	0.316081	0.0517957	0.0251478	0.0189288	0.0950935	0.00690677	0.14002	0.0351961	0.0125982	0.0195289	0.0193767	
0.0402628	0.0296422	0.0419116	0.0189483	0.0181992	0.0372018	0.0366225	0.0346008	0.0142675	0.0570602	0.357696	0.0339741	0.0135156	0.0434727	0.0132946	0.0421636	0.0245103	0.0252934	0.0443163	0.0730465	
0.138926	0.0290266	0.0319646	0.0200093	0.0425928	0.023284	0.0391921	0.0380155	0.0442772	0.0143287	0.0589086	0.0461602	0.0315643	0.147343	0.044423	0.118466	0.0395255	0.034469	0.0323949	0.0251292	
0.0864733	0.0380621	0.0160272	0.0631306	0.0310406	0.218135	0.0375636	0.0702971	0.0488823	0.055854	0.0396378	0.0208493	0.0221278	0.0461712	0.0080694	0.0155304	0.0265766	0.0547751	0.0424586	0.0583384	
0.0591727	0.0215283	0.0194195	0.0382365	0.0464826	0.0577417	0.0515133	0.0266064	0.0453312	0.0153933	0.0538077	0.0391301	0.0122276	0.051824	0.0539077	0.305609	0.0149614	0.0456422	0.013883	0.0275816	
0.00746848	0.107841	0.0415195	0.0316453	0.0282155	0.0231648	0.0270299	0.0306212	0.0198726	0.041138	0.0374668	0.0328641	0.0095299	0.0610408	0.0368489	0.0105302	0.358423	0.0349317	0.0237832	0.0360646	
0.0531198	0.0646235	0.023205	0.0497353	0.0190357	0.0677636	0.0132811	0.115511	0.0214294	0.316574	0.0312731	0.0367323	0.0149194	0.035056	0.0122334	0.0166532	0.0264229	0.0480997	0.0210361	0.0132955	
0.0772452	0.0365677	0.0455217	0.0231417	0.0204986	0.0240376	0.0345198	0.0213518	0.0131525	0.0250285	0.0397894	0.052577	0.36423	0.0585042	0.0163048	0.0562525	0.0358999	0.0266073	0.0151006	0.0136691	
0.0133231	0.0246378	0.0259902	0.0302552	0.0184352	0.010591	0.0302992	0.0181176	0.0313503	0.0175812	0.0487003	0.0461986	0.0207555	0.0398106	0.467168	0.0171469	0.0381098	0.0286405	0.0191283	0.0537605	
0.0398997	0.0177301	0.0225673	0.0258681	0.0221819	0.0132422	0.0439455	0.0131217	0.110869	0.013835	0.0164374	0.0312052	0.0165793	0.0179886	0.477838	0.0319834	0.0234417	0.0095264	0.0222743	0.0294655	
0.147645	0.0342532	0.0860151	0.0162793	0.00783999	0.0865804	0.0214082	0.0254471	0.0184743	0.019398	0.0429574	0.0822304	0.00970856	0.0371846	0.014223	0.284411	0.0225313	0.0198663	0.0143628	0.0091836	
0.020478	0.0347595	0.0233817	0.025832	0.0982165	0.304741	0.0875965	0.0389762	0.0213547	0.036252	0.0397199	0.0140322	0.0390994	0.0274278	0.0179721	0.0371008	0.0394183	0.0498025	0.025281	0.0185575	
0.109707	0.0242636	0.0334	0.0150311	0.0112785	0.0360022	0.0264652	0.0482585	0.0403407	0.0493277	0.0846113	0.12936	0.0687848	0.0221228	0.0427562	0.053284	0.0459311	0.0522978	0.0210568	0.0857205	
0.264876	0.078742	0.0174049	0.053456	0.022975	0.0512418	0.0166021	0.0216878	0.0448442	0.0292337	0.06679	0.0571646	0.0290719	0.047787	0.0214696	0.0604572	0.0127542	0.0283136	0.0531764	0.0219522	
0.0358182	0.0230053	0.0378525	0.0295638	0.0201344	0.465119	0.0231236	0.0303182	0.0380096	0.0332653	0.0380711	0.0222755	0.0200131	0.0320174	0.0221158	0.0292585	0.0253599	0.0196717	0.03255	0.0224575	
0.125815	0.0306198	0.0251859	0.0365533	0.14585	0.0562932	0.0164894	0.0207547	0.0394919	0.0501094	0.0778551	0.0391401	0.00480441	0.0424573	0.0382601	0.0557649	0.0605722	0.0196741	0.0492192	0.0650901	
0.39092	0.0648955	0.0267951	0.0142686	0.0280951	0.0589596	0.0309319	0.0217301	0.0141875	0.0192965	0.0339154	0.0411041	0.0179007	0.0349785	0.0120606	0.0379464	0.0471728	0.0693492	0.0153893	0.0201034	
0.0388589	0.215968	0.0279488	0.0307058	0.0123697	0.0148493	0.0192276	0.141618	0.0334306	0.0317588	0.0324287	0.0229958	0.0123791	0.0122361	0.0198113	0.0166048	0.0398683	0.233285	0.0202938	0.0233619	
0.0346591	0.0286439	0.0256113	0.0227014	0.046813	0.0639473	0.0579733	0.0364922	0.351058	0.0307409	0.0497867	0.0225886	0.0322763	0.0152526	0.0375316	0.0138018	0.0304634	0.0350948	0.0383951	0.0261691	
0.0352234	0.0234073	0.0378422	0.0312337	0.0180053	0.475583	0.0234598	0.0279439	0.0373986	0.0323369	0.0331934	0.0219265	0.0207384	0.0319958	0.0227055	0.029235	0.0253756	0.0201445	0.0319746	0.020277	
0.0899179	0.0627775	0.0386675	0.0364562	0.0819464	0.011574	0.0614984	0.090582	0.0199067	0.0544319	0.0454959	0.0450746	0.0174593	0.101299	0.0089959	0.0154162	0.0229237	0.169077	0.0111154	0.0153844	
0.0705408	0.027864	0.0193704	0.007806	0.0299439	0.238599	0.0199832	0.0631633	0.0409244	0.0597917	0.0580405	0.0121444	0.0662898	0.0560008	0.0261914	0.0507628	0.0379036	0.0333448	0.0616135	0.0197221	
0.0980566	0.0334277	0.048169	0.0510328	0.0233205	0.017911	0.0451194	0.0219626	0.0132541	0.0501454	0.0288768	0.0379718	0.0235368	0.0833342	0.00299427	0.0414551	0.27643	0.0363115	0.0333635	0.0333274	
0.045327	0.0669657	0.0232233	0.0274489	0.0236783	0.038481	0.0296155	0.0234695	0.0443587	0.157488	0.186241	0.0286816	0.0219973	0.0485154	0.0086196	0.0338396	0.0463634	0.0747152	0.0503799	0.020591	
0.0834844	0.0843688	0.0372465	0.0261685	0.0106292	0.198805	0.0235266	0.0719051	0.0447944	0.00460426	0.0662461	0.0302005	0.0166681	0.0381465	0.0144945	0.0389683	0.0629452	0.106087	0.00687052	0.0338408	
0.014685	0.0466288	0.0577408	0.0205507	0.0214647	0.0397352	0.0714998	0.0316973	0.043489	0.109635	0.275976	0.040071	0.0154222	0.0283199	0.0177281	0.0198252	0.0211851	0.028369	0.0208743	0.0751033	
0.0172121	0.097574	0.0237902	0.231501	0.0911413	0.029583	0.0226283	0.0572454	0.0252037	0.0205106	0.0611187	0.0464483	0.0857017	0.0222298	0.0547981	0.0219235	0.0452343	0.0155575	0.00438886	0.0262098	
0.0257882	0.0496354	0.0111691	0.0215621	0.0233397	0.117991	0.0221773	0.0328537	0.0332364	0.0410474	0.0598813	0.103637	0.0212604	0.0582481	0.0190088	0.245783	0.0586757	0.0311439	0.0153058	0.00825534	
0.015556	0.0527142	0.0989615	0.0393295	0.0434464	0.00763169	0.0257507	0.23747	0.0125467	0.0483752	0.0350855	0.0213611	0.0138721	0.0492708	0.0467233	0.0297684	0.0352196	0.117537	0.054563	0.0148178	
0.0322169	0.0128335	0.0244966	0.0604518	0.0195313	0.0204189	0.0149302	0.0321066	0.050527	0.0296468	0.0346611	0.0398949	0.0596859	0.0169611	0.383914	0.0255808	0.0294629	0.030633	0.0252321	0.0568141	
0.0611409	0.0155454	0.0392371	0.023515	0.0163766	0.0336356	0.0178369	0.0503913	0.0353174	0.0515426	0.289464	0.0212248	0.0213562	0.0921862	0.0152456	0.0438962	0.0331004	0.0508391	0.0455956	0.0425532	
0.0624247	0.0325676	0.0217047	0.0135284	0.066105	0.0181094	0.0273821	0.232701	0.0279173	0.0301746	0.0414437	0.0126553	0.00635121	0.0595741	0.0384652	0.0528739	0.125869	0.0393594	0.0438246	0.0469685	
0.0176988	0.0265274	0.00962035	0.0103851	0.0337494	0.0236001	0.0215967	0.0240311	0.261649	0.0823801	0.0621206	0.0211746	0.00493292	0.0701382	0.0431503	0.160683	0.0237257	0.0386222	0.0317383	0.0324767	
0.0172737	0.0258324	0.0226523	0.028477	0.0193348	0.0104075	0.031841	0.0168531	0.036769	0.0168561	0.0445849	0.0404712	0.0194775	0.0406365	0.479713	0.0169303	0.0353075	0.0254744	0.0184463	0.0526617	
0.0301275	0.0251517	0.0330314	0.031282	0.0415246	0.454534	0.0281112	0.0281431	0.0329065	0.0330134	0.0328728	0.0203398	0.0251024	0.0282558	0.0224621	0.0303947	0.0276673	0.0260915	0.0317256	0.0172632	
0.0943801	0.0680645	0.0186635	0.0290005	0.0141192	0.071408	0.0136409	0.164776	0.0504559	0.111503	0.0695003	0.0160196	0.0098182	0.0563589	0.00729226	0.0152035	0.0410561	0.101971	0.0152806	0.0314883	
0.0866798	0.0653339	0.0107482	0.019921	0.0938094	0.0456475	0.122246	0.0389799	0.037272	0.00821044	0.0587835	0.179545	0.0120088	0.0400293	0.0171026	0.0284673	0.0549823	0.0219365	0.0316245	0.0266716	
