0.0911748	0.0508828	0.0433583	0.0364838	0.0386317	0.0533173	0.0421352	0.0534681	0.0318581	0.050455	0.0930249	0.0541934	0.0576396	0.0540761	0.044121	0.0465016	0.0358513	0.0592108	0.0271246	0.0364915	
0.17412	0.0490625	0.0303241	0.0333268	0.0408641	0.0506077	0.0383785	0.0464953	0.0556339	0.0492237	0.0606061	0.0530234	0.0339074	0.0538211	0.0544966	0.05307	0.02855	0.0277504	0.0273414	0.039397	
0.0571281	0.0231017	0.0351402	0.0383352	0.0359769	0.0463286	0.0698716	0.0515494	0.0544997	0.0488256	0.0564158	0.044534	0.0330563	0.058435	0.0619342	0.0387953	0.0536068	0.054158	0.0239723	0.114335	
0.0604039	0.0349214	0.0438652	0.036505	0.0740538	0.047905	0.0394412	0.0518192	0.05677	0.0137254	0.0531897	0.0493487	0.0335739	0.0555591	0.0573197	0.100058	0.0561345	0.077169	0.0242958	0.0339411	
0.0521444	0.0181575	0.0428093	0.0412642	0.0390688	0.0273812	0.0300695	0.0380426	0.0589052	0.0300229	0.0433694	0.0500449	0.0271995	0.0392199	0.275065	0.0367755	0.0471402	0.0532615	0.018739	0.0313199	
0.0297822	0.0470835	0.0414908	0.0441981	0.0367446	0.0438059	0.0408275	0.0477075	0.0481681	0.048093	0.054169	0.0395288	0.0251294	0.0578562	0.0637666	0.0519505	0.164008	0.055045	0.025968	0.0346774	
0.0591345	0.0525851	0.0408225	0.010214	0.0406174	0.0590808	0.0412643	0.0521352	0.195819	0.0510717	0.0606484	0.0322012	0.0320366	0.0346996	0.026267	0.0539841	0.0350403	0.05369	0.0276908	0.040998	
0.0545383	0.0254805	0.0424267	0.041442	0.038821	0.0197537	0.0387947	0.0381495	0.0442037	0.0349094	0.0406476	0.0507511	0.0300974	0.0405424	0.276337	0.0335283	0.0474112	0.0531026	0.019234	0.0298292	
0.0481893	0.0447738	0.0412663	0.0377397	0.0373709	0.0465061	0.0392182	0.050576	0.0540432	0.0620692	0.0557341	0.0524849	0.0157592	0.0567366	0.0616451	0.129375	0.0521212	0.0502875	0.0291909	0.0349122	
0.141568	0.0476031	0.039896	0.0236011	0.0398649	0.0530435	0.0388422	0.0499502	0.0574914	0.0497436	0.055488	0.0550376	0.0318534	0.0517376	0.057341	0.0489991	0.0470684	0.0482919	0.0247651	0.0378134	
0.0417946	0.0485423	0.0536575	0.130819	0.0361577	0.0350095	0.0383013	0.0501901	0.0245363	0.0496479	0.0520111	0.053004	0.031827	0.0899889	0.0499277	0.0482559	0.0611218	0.0474279	0.0220751	0.0357046	
0.0539189	0.0208481	0.0439696	0.044533	0.0350467	0.0343017	0.0533277	0.0400069	0.0546653	0.0552707	0.0507533	0.0492443	0.0278904	0.0455418	0.187124	0.0396053	0.0514683	0.0503186	0.0265996	0.0355657	
0.0603564	0.0519365	0.0407796	0.0332056	0.041475	0.0525331	0.0391786	0.0229248	0.052342	0.0430667	0.198477	0.0495952	0.0360484	0.0548212	0.0363969	0.0543256	0.0229759	0.0448144	0.026234	0.0385134	
0.058039	0.0533059	0.0424633	0.0292288	0.0403608	0.050805	0.0384301	0.0571426	0.11124	0.0532362	0.0487162	0.0353356	0.0321188	0.0398213	0.021779	0.0577625	0.108263	0.0561786	0.0283862	0.0373868	
0.030766	0.0482025	0.0438852	0.045169	0.0383667	0.0448798	0.0391504	0.0630723	0.0488203	0.0494919	0.0511568	0.0398879	0.0229533	0.0562672	0.0612307	0.0486937	0.151298	0.0533493	0.0252706	0.0380882	
0.0618045	0.0569631	0.0430553	0.0155565	0.036649	0.154207	0.0351324	0.0522383	0.0576973	0.0501175	0.0569531	0.058503	0.0362025	0.0507457	0.0402007	0.0447649	0.0452597	0.0386897	0.0269898	0.0382701	
0.0502548	0.116948	0.0431916	0.0302221	0.0381153	0.117026	0.0338305	0.0552266	0.0517561	0.0567702	0.060502	0.0568022	0.0370481	0.0523098	0.0325002	0.0235835	0.0462078	0.03774	0.0249424	0.0350231	
0.0498884	0.0497782	0.0639741	0.0422444	0.0254683	0.0339406	0.0380708	0.0438925	0.0515964	0.0683817	0.0552596	0.0503444	0.0343984	0.0542957	0.0648666	0.0513475	0.0584423	0.105079	0.0245711	0.0341597	
0.0544145	0.028652	0.0442316	0.0417475	0.0396491	0.0295224	0.0391028	0.0355763	0.0588045	0.0304848	0.0454079	0.0511286	0.0284472	0.0259602	0.250451	0.0438346	0.0490983	0.0529156	0.0155317	0.0350391	
0.0542898	0.0572373	0.0416747	0.0374996	0.0385348	0.0561514	0.0350846	0.0542756	0.0463869	0.0388576	0.0596191	0.0587381	0.127966	0.0668196	0.0484131	0.0238868	0.0381441	0.0559136	0.024396	0.0361116	
0.0481338	0.0525854	0.0359538	0.0396472	0.0249593	0.0650558	0.0394612	0.101334	0.0492327	0.0484822	0.0515714	0.0447679	0.035397	0.055482	0.0486995	0.0496419	0.055734	0.0940518	0.0267305	0.0330783	
0.0623019	0.0346708	0.0457267	0.041232	0.0410965	0.0166343	0.0388908	0.0296852	0.070559	0.0467958	0.051434	0.0536596	0.0340325	0.0500262	0.128823	0.0967991	0.0439031	0.0539283	0.0262713	0.0335299	
0.0481566	0.0450877	0.0450572	0.0355623	0.0343467	0.045101	0.0408783	0.0519213	0.0552328	0.0503197	0.0550635	0.0504972	0.0149383	0.0556099	0.051638	0.156292	0.054025	0.0566027	0.0278506	0.0258189	
0.0456098	0.0532345	0.0411265	0.0724302	0.03553	0.0449434	0.0393661	0.050793	0.0427124	0.0478917	0.0537047	0.050874	0.0542777	0.0557233	0.0580542	0.0529331	0.0486109	0.0926624	0.0240553	0.0354669	
0.0523452	0.0559626	0.0428508	0.0334827	0.0349633	0.0675139	0.0356026	0.0875736	0.0528494	0.0582676	0.0519472	0.0501794	0.0346591	0.0529434	0.0488789	0.0466934	0.0480521	0.0844451	0.0262442	0.0345454	
0.0514403	0.0176903	0.0417658	0.0413288	0.0389315	0.0278372	0.0444837	0.0390646	0.0552217	0.0301287	0.0444355	0.0487101	0.0269781	0.0396778	0.261728	0.0373492	0.049112	0.0524648	0.0193767	0.0322752	
0.0962376	0.0453853	0.0402247	0.0383173	0.0275324	0.0344204	0.0401149	0.0298016	0.0513182	0.042531	0.0561573	0.0531218	0.0385551	0.054399	0.0693673	0.0546389	0.0523976	0.116431	0.0248868	0.034162	
0.0465	0.0414548	0.0451018	0.0350542	0.0377762	0.0473536	0.0392263	0.052587	0.0568544	0.0459463	0.0583801	0.0520289	0.0152623	0.0544921	0.059448	0.152316	0.0514682	0.0551587	0.0273406	0.0262506	
0.0787063	0.0489147	0.0406756	0.0318387	0.0383476	0.0604069	0.0391877	0.0536771	0.0551134	0.0344323	0.0684772	0.0485938	0.0347915	0.0533565	0.0519218	0.0538129	0.0551815	0.0930196	0.0253237	0.034221	
0.0768803	0.0446215	0.0416876	0.0319418	0.109393	0.0509855	0.0383125	0.0490372	0.0553604	0.0407971	0.0564803	0.0504582	0.0103878	0.0597387	0.0539559	0.0434777	0.0466983	0.0468498	0.0240651	0.0688712	
0.0568378	0.0364349	0.045331	0.0426695	0.0398844	0.0321463	0.0387293	0.0322282	0.0806104	0.0448268	0.054516	0.0528681	0.0302567	0.0450995	0.167669	0.0399622	0.047287	0.0537461	0.0253127	0.0335842	
0.0591521	0.0463604	0.0435322	0.010769	0.0368954	0.0591312	0.0365717	0.0514979	0.0556445	0.0495579	0.0529762	0.0564914	0.0374553	0.0443911	0.110279	0.0526009	0.0559824	0.0795781	0.0260829	0.0350501	
0.123942	0.0494741	0.0453381	0.0261839	0.0389235	0.0528739	0.0387088	0.0475161	0.051646	0.0498165	0.0547627	0.0574246	0.0327095	0.0533013	0.0598179	0.0456743	0.0786434	0.0281434	0.0266754	0.0384245	
0.0629889	0.0486286	0.0449525	0.0397836	0.0409368	0.050435	0.0390461	0.0347364	0.0445641	0.031956	0.102369	0.0518882	0.0371713	0.0577465	0.0334793	0.0532962	0.0580138	0.105243	0.0248053	0.0379587	
0.0608281	0.0498393	0.0434061	0.0391199	0.0409929	0.057493	0.068753	0.0498253	0.0526689	0.0442743	0.0590018	0.05732	0.0621381	0.0308124	0.0371694	0.0535354	0.0522775	0.0527177	0.0265479	0.061279	
0.0554023	0.0450705	0.0459578	0.0470152	0.0390513	0.0321913	0.0393329	0.0471266	0.0485698	0.0513608	0.0762528	0.0534918	0.0337126	0.053109	0.081281	0.0536495	0.0834751	0.054207	0.0234155	0.0363273	
0.060679	0.0640926	0.0394296	0.012331	0.0365657	0.121031	0.0376205	0.0573661	0.055855	0.0518181	0.0582508	0.0511456	0.0335162	0.05681	0.0180324	0.050129	0.0487914	0.0825103	0.0275579	0.0364676	
0.057429	0.0440568	0.044006	0.0387446	0.0150064	0.0503557	0.0360001	0.0346398	0.0524129	0.101114	0.0592214	0.0531399	0.0435942	0.0475749	0.0980488	0.0522959	0.0575231	0.0485446	0.0305326	0.0357595	
0.0599424	0.0359419	0.0469193	0.0409118	0.0370731	0.0420257	0.0685742	0.0448266	0.0523822	0.0556115	0.0562638	0.0505533	0.0316159	0.0509332	0.088966	0.061259	0.0558568	0.0536279	0.0283841	0.0383314	
0.0553705	0.0310776	0.0438394	0.0432438	0.0406821	0.0299765	0.0389796	0.0394465	0.0554018	0.0304597	0.0469191	0.0552119	0.0310852	0.0386894	0.213104	0.0472657	0.0490233	0.0549949	0.0221043	0.0331248	
0.0593732	0.0584444	0.0425057	0.0329821	0.0679938	0.0565267	0.0324173	0.0720257	0.050665	0.0975739	0.0620458	0.0494329	0.0122061	0.0587019	0.0319681	0.0504649	0.0507904	0.0478955	0.0274221	0.0385646	
0.056949	0.0526756	0.0406126	0.0419125	0.0413339	0.0492485	0.049812	0.0575126	0.0372398	0.0462646	0.0589389	0.0494848	0.0233336	0.151687	0.0168205	0.053347	0.0562727	0.052802	0.0229288	0.040824	
0.0599328	0.0477462	0.0390417	0.0365902	0.0426861	0.0526465	0.0480531	0.0442965	0.0369412	0.0500645	0.0597746	0.102719	0.0332079	0.056539	0.0579801	0.0594345	0.040926	0.0482363	0.0242239	0.0589602	
0.0571422	0.0588246	0.0429323	0.0353849	0.0353549	0.0601611	0.0351378	0.143335	0.0472114	0.0703248	0.0483961	0.0444337	0.0326138	0.0555541	0.0282425	0.047036	0.0228834	0.0717348	0.026164	0.0371322	
0.0650706	0.0573413	0.0407243	0.0313911	0.0351744	0.0635269	0.0363868	0.0613483	0.0506876	0.0559073	0.0474242	0.0498799	0.034171	0.0548162	0.0514512	0.0494624	0.0539182	0.0993851	0.0261255	0.0358076	
0.0604947	0.0369703	0.0429227	0.0349277	0.134767	0.0486993	0.0423003	0.0407989	0.0560881	0.0281564	0.0590198	0.0507548	0.0314285	0.055406	0.0609257	0.0602974	0.0527925	0.03825	0.0254704	0.0395293	
0.056127	0.0564114	0.0459042	0.0425094	0.0357359	0.0432614	0.0514197	0.0471478	0.053167	0.0793787	0.0542394	0.0515417	0.031846	0.0512031	0.0883359	0.0406932	0.0571163	0.0533471	0.027107	0.0335078	
0.082785	0.0497758	0.0552793	0.0369915	0.0381095	0.0462714	0.0366015	0.052739	0.0508025	0.0486039	0.0570076	0.0530151	0.0324045	0.0542163	0.059712	0.0389921	0.0782312	0.0671233	0.025108	0.0362304	
0.0572858	0.0405876	0.0446875	0.0451813	0.0400054	0.0342424	0.0368527	0.0409286	0.0464315	0.0490942	0.088187	0.0516338	0.0334941	0.0475834	0.140413	0.036829	0.0522881	0.0521639	0.023722	0.038388	
0.0587131	0.044748	0.0452068	0.0371894	0.0392861	0.0471001	0.0417536	0.0484589	0.0361484	0.0443806	0.0573399	0.0526097	0.0614568	0.0601854	0.101514	0.0521698	0.0544971	0.05579	0.025628	0.0358239	
0.0505516	0.0790307	0.072057	0.0291651	0.0359399	0.121116	0.0357409	0.0546927	0.0516272	0.0532602	0.0579812	0.0571562	0.0381541	0.0507561	0.0393202	0.0257473	0.0465943	0.0373659	0.0262545	0.0374885	
0.137023	0.0538546	0.0447476	0.0209703	0.0406804	0.0762614	0.0372689	0.0489709	0.0530587	0.0479946	0.0566139	0.0560866	0.0332457	0.0506945	0.0511175	0.0472677	0.0433948	0.036043	0.0266528	0.0380532	
0.061985	0.0370215	0.0478875	0.040136	0.0368968	0.0172198	0.0406029	0.0522522	0.0571316	0.0480833	0.0521942	0.0437724	0.034374	0.0487787	0.109878	0.103329	0.0508818	0.056963	0.0276984	0.0329137	
0.0552115	0.0911176	0.0442699	0.0340951	0.0340187	0.0889369	0.0279189	0.0511829	0.0533837	0.0652947	0.0605039	0.0534217	0.0515383	0.0492585	0.0471132	0.0321005	0.0485978	0.0487878	0.0264193	0.0368293	
0.0548571	0.0463619	0.0424002	0.0407759	0.0376721	0.0483249	0.0224345	0.0494926	0.0587233	0.0728348	0.0579083	0.0547055	0.0413945	0.0632077	0.0830858	0.0511921	0.054911	0.054756	0.0274903	0.0374716	
0.080855	0.0561474	0.0414353	0.0369945	0.0354178	0.0549456	0.0378024	0.0435831	0.0520414	0.0899882	0.0637747	0.0505065	0.0338704	0.0458598	0.0340303	0.0516676	0.0471166	0.0762468	0.0288918	0.0388246	
0.056551	0.0591646	0.0406342	0.0355467	0.0322605	0.06067	0.0361832	0.127362	0.052446	0.0862068	0.0537312	0.0443183	0.0315414	0.0545325	0.039735	0.0361242	0.0223088	0.068479	0.0262335	0.0359712	
0.0567396	0.0541028	0.0429453	0.0439648	0.0385464	0.0746103	0.0373264	0.0584786	0.0493335	0.0488947	0.0532671	0.0526781	0.0585373	0.0536293	0.0518593	0.0560007	0.0356849	0.0736775	0.0247003	0.0350232	
0.0432914	0.0534398	0.0504816	0.0172521	0.0365311	0.0737575	0.0316251	0.0499561	0.047223	0.0514743	0.0571032	0.150691	0.033344	0.052437	0.0561633	0.048565	0.0503242	0.0429281	0.0281491	0.0252633	
0.0685891	0.0522525	0.0345123	0.0356231	0.0497502	0.0718833	0.0381538	0.064343	0.0509112	0.0474344	0.0535648	0.0514885	0.0359361	0.0552092	0.0508752	0.0502247	0.0503779	0.0725574	0.0257139	0.0405996	
0.063571	0.0303344	0.0434292	0.0372254	0.0357232	0.0497611	0.03851	0.0666972	0.0513601	0.0925707	0.0640503	0.050239	0.0326807	0.0567939	0.0503164	0.0834177	0.0529525	0.0355499	0.0288078	0.0360094	
0.0767181	0.0468505	0.0447925	0.0353794	0.0409233	0.0516202	0.0423354	0.0474498	0.0596543	0.0350644	0.0557943	0.0505685	0.0210121	0.0516841	0.0554894	0.118531	0.0489443	0.0542382	0.0269357	0.0360149	
0.0608246	0.050047	0.0469962	0.0388575	0.0334992	0.0568498	0.0367243	0.0471647	0.0548971	0.0752573	0.039988	0.0500968	0.0550787	0.0408867	0.0951505	0.0517079	0.0520911	0.0479848	0.0280277	0.03787	
0.0583616	0.0338489	0.048171	0.0424727	0.0404144	0.0407762	0.0827975	0.043372	0.0530983	0.0349883	0.0533594	0.0500191	0.0325914	0.0514697	0.0954858	0.0645332	0.0582339	0.0544945	0.0247622	0.0367497	
0.0539216	0.0303353	0.0450523	0.0437097	0.0378414	0.0181307	0.0413825	0.0306461	0.0567499	0.041772	0.0461706	0.0634626	0.0299318	0.0397952	0.21958	0.0478446	0.0457185	0.0531744	0.0222988	0.0324823	
0.0578013	0.0553493	0.0441127	0.0294497	0.0346586	0.0778668	0.0350606	0.0461121	0.0794977	0.102131	0.0615729	0.052128	0.0326567	0.0194259	0.0599832	0.0486479	0.0477932	0.0518827	0.0278164	0.0360535	
0.0542205	0.0444705	0.0426784	0.0392579	0.0395356	0.0457049	0.0397056	0.0557255	0.0487755	0.0560854	0.0803378	0.0529613	0.0347125	0.050655	0.103486	0.0508346	0.057659	0.0405317	0.0260724	0.0365897	
0.0563628	0.0533955	0.0447898	0.0342967	0.0232325	0.0530094	0.0376406	0.0534933	0.0545588	0.122988	0.0573063	0.0519108	0.0334891	0.0507644	0.0575719	0.0444134	0.0513593	0.0396896	0.0435653	0.0361624	
0.062576	0.0560915	0.0412255	0.0344419	0.0392168	0.0776312	0.0389693	0.0653071	0.0643562	0.0513184	0.0605249	0.0454716	0.0532679	0.0500904	0.0268875	0.0899965	0.0222619	0.0546071	0.0265284	0.0392298	
0.074102	0.0442971	0.0424732	0.0364776	0.0352235	0.0531287	0.027613	0.0510013	0.0527258	0.0161661	0.0523674	0.0534334	0.0284651	0.0562611	0.0438343	0.13592	0.0811219	0.057882	0.0246881	0.0328183	
0.0617231	0.0392246	0.0455051	0.0485974	0.0404286	0.0401535	0.0390718	0.0402862	0.0812814	0.0456673	0.0477366	0.0532844	0.0344252	0.0324836	0.145105	0.0591036	0.0350363	0.0512782	0.0250568	0.0345508	
0.0673408	0.0455292	0.131746	0.0548809	0.0390896	0.0211314	0.0385036	0.0496619	0.0502253	0.0493398	0.0533209	0.0286074	0.0337781	0.0526365	0.0738668	0.0540962	0.0542011	0.0531397	0.0250922	0.0238123	
0.0567014	0.0480073	0.0409989	0.0401164	0.0256316	0.0357636	0.0399187	0.0508885	0.049907	0.0431999	0.0540815	0.0468318	0.0357774	0.0564861	0.0637098	0.0540798	0.05465	0.143083	0.026037	0.0341307	
0.0550811	0.022479	0.045293	0.039684	0.0336058	0.0480893	0.037543	0.0463785	0.0546028	0.071147	0.0563829	0.0526617	0.0338713	0.0520802	0.118179	0.0493605	0.0573593	0.0485051	0.0401392	0.0375575	
0.09108	0.0455134	0.0632919	0.0264595	0.0402969	0.0399571	0.0385571	0.0397943	0.082445	0.048241	0.0572991	0.0574641	0.0342737	0.0347545	0.0897066	0.0575132	0.037264	0.053865	0.0270115	0.0352122	
0.0750042	0.0514231	0.0446012	0.0324852	0.0373656	0.0511275	0.0247853	0.0720826	0.0326311	0.0524504	0.0581658	0.138578	0.0358324	0.0552544	0.0544399	0.0279532	0.0424684	0.0550437	0.0272445	0.0310629	
0.054282	0.0290607	0.0432488	0.0414118	0.038482	0.0295558	0.0397686	0.0387477	0.0559962	0.0306302	0.0449173	0.0490589	0.0298518	0.0438753	0.237247	0.0452958	0.0503369	0.0524718	0.0137478	0.0320134	
0.104573	0.0484237	0.0432818	0.0314303	0.0417997	0.0342563	0.0385836	0.0517434	0.0537233	0.031659	0.0630828	0.0516404	0.0359529	0.0528184	0.0632987	0.0547206	0.051731	0.0879493	0.0239002	0.0354315	
0.0586523	0.0575952	0.0417072	0.0349821	0.0347193	0.055765	0.0350798	0.0546634	0.0563246	0.116289	0.0788595	0.0509844	0.0306801	0.0482253	0.033909	0.0490216	0.0487434	0.0475024	0.0287846	0.0375117	
0.0591195	0.0539021	0.0435766	0.0381121	0.0422898	0.0524706	0.0485845	0.0531272	0.0580301	0.0451197	0.0574174	0.0481278	0.021994	0.138426	0.0184493	0.0544446	0.0534089	0.0521138	0.0232283	0.0380578	
0.0542075	0.0682593	0.0570027	0.0412753	0.0344147	0.0505401	0.0518021	0.0487233	0.0531368	0.0507283	0.0543068	0.0492894	0.0360264	0.0556667	0.0645122	0.0345936	0.054087	0.0538475	0.0236901	0.0638901	
0.0549204	0.040541	0.0427994	0.0371345	0.154067	0.0453162	0.0390545	0.0414758	0.0523102	0.0171909	0.0560962	0.0538842	0.0359543	0.0550321	0.0651948	0.0312976	0.0521519	0.0639195	0.0222594	0.0394006	
0.0567668	0.0560994	0.0412485	0.0395694	0.0414793	0.0499784	0.0294028	0.0572476	0.0387655	0.0439897	0.0574962	0.0531231	0.0229589	0.173563	0.0174938	0.0536279	0.0542831	0.052087	0.0233907	0.0374285	
0.0664576	0.0467644	0.0339215	0.0390025	0.0395475	0.0525654	0.0339	0.0256485	0.0422326	0.0504411	0.0581323	0.115113	0.0439022	0.0551311	0.0587626	0.0588015	0.0637649	0.0518778	0.0278214	0.0362122	
0.0620335	0.045845	0.0459669	0.0429452	0.0405303	0.0504671	0.0380629	0.0260848	0.0476266	0.0440741	0.053453	0.0880405	0.0226809	0.0565755	0.0591023	0.0493282	0.113733	0.0496936	0.0266026	0.0371545	
0.0733185	0.0419397	0.0432822	0.0375241	0.0323017	0.0483174	0.0415884	0.0512535	0.0544574	0.0489624	0.0581506	0.0521198	0.0476749	0.0537442	0.0553304	0.103677	0.0494131	0.0538549	0.0279174	0.0251727	
0.0601237	0.0535431	0.0419075	0.010043	0.0401428	0.0567187	0.0368975	0.0480093	0.182815	0.0496488	0.0667741	0.034078	0.0355862	0.0323546	0.0471959	0.0521103	0.0346859	0.0518869	0.0264602	0.0390186	
0.0584283	0.124392	0.0441073	0.0363475	0.031043	0.0756362	0.0326191	0.0507893	0.0517374	0.0528985	0.0563674	0.0574876	0.0402433	0.0520442	0.0578292	0.0377478	0.0515957	0.050399	0.0185086	0.019779	
0.0605482	0.0479061	0.044771	0.0359415	0.0378406	0.0507675	0.0415554	0.0487197	0.0566167	0.0358021	0.0550307	0.0547774	0.0907478	0.0365376	0.0923927	0.0575111	0.0356407	0.0547289	0.0257338	0.0364304	
0.0623574	0.0438665	0.0449118	0.0369671	0.022875	0.051296	0.0384822	0.0492177	0.0554495	0.0653825	0.0520886	0.052874	0.0333991	0.0513124	0.0571881	0.101074	0.0520925	0.0370559	0.0558579	0.0362515	
0.0569007	0.0490903	0.0433692	0.0648358	0.0346871	0.046108	0.0387422	0.0550674	0.074962	0.0481475	0.0524957	0.0524101	0.0422462	0.0555259	0.0605358	0.0454316	0.0492457	0.0725814	0.0237336	0.0338838	
0.0576006	0.0712059	0.0228007	0.0287235	0.0368738	0.123996	0.0367558	0.0549554	0.0530802	0.0539299	0.0555413	0.0518476	0.0361862	0.0524725	0.0380075	0.0443382	0.0507041	0.0652042	0.0262475	0.0395292	
0.0597863	0.0620436	0.0427714	0.0154033	0.0372252	0.144083	0.0367467	0.0595964	0.0543136	0.0503649	0.0598469	0.0527062	0.0329873	0.0531565	0.0208737	0.0511869	0.0470457	0.0412963	0.0415999	0.0369663	
0.0604609	0.0483663	0.0360154	0.0341936	0.0394756	0.076944	0.0258944	0.0646671	0.0755842	0.0492349	0.0514556	0.0602996	0.0344323	0.0552155	0.0453262	0.0429443	0.0808826	0.0560052	0.0267223	0.0358802	
0.0524298	0.056337	0.0435097	0.0354281	0.0357608	0.0575049	0.0284781	0.055895	0.0484747	0.0650228	0.0603555	0.0551071	0.123534	0.0538818	0.0497823	0.024215	0.0381174	0.0538246	0.0236585	0.0386827	
0.0567994	0.0558771	0.0381337	0.0356228	0.0368456	0.0586802	0.0319844	0.0523487	0.054973	0.0886215	0.0672352	0.0609587	0.0545587	0.0271803	0.0463246	0.0461579	0.0477777	0.0504979	0.0277829	0.0616398	
0.0597788	0.04235	0.0435412	0.0385326	0.0639058	0.0486409	0.0380951	0.0529127	0.0529359	0.0567552	0.058065	0.051312	0.0112069	0.0581721	0.0545458	0.0407461	0.0665788	0.0462063	0.026183	0.0895357	
0.0759109	0.0444364	0.0438834	0.0367014	0.0179277	0.048073	0.0383902	0.0491999	0.0549505	0.0492663	0.056789	0.0504532	0.0488426	0.0501968	0.060598	0.113198	0.0514767	0.0582392	0.0264271	0.0250398	
0.055835	0.0374831	0.0420956	0.0388552	0.0366043	0.0386059	0.0442069	0.043071	0.0500669	0.0592778	0.0542453	0.0477664	0.0277136	0.0430103	0.170868	0.0423204	0.0558074	0.0533706	0.0283113	0.0304846	
0.0554939	0.045874	0.0453974	0.0406542	0.0328074	0.0457963	0.0377152	0.0245338	0.0459597	0.0971893	0.0287434	0.0546444	0.0315977	0.053612	0.0907934	0.0527849	0.0577998	0.0921093	0.029305	0.0371888	
0.0671061	0.0472747	0.104732	0.0536362	0.0385969	0.0400567	0.0379446	0.0475918	0.0493802	0.0480309	0.0539405	0.0468165	0.0347292	0.0541014	0.0657194	0.0520446	0.0548725	0.0497741	0.0261109	0.0275411	
0.0608867	0.0558587	0.0433303	0.0366638	0.0350274	0.0536408	0.0383861	0.0667742	0.0538007	0.0914605	0.0587581	0.0493155	0.031767	0.0508434	0.0338322	0.0689628	0.0548164	0.0493256	0.0289106	0.0376394	
0.0616993	0.0469215	0.0446649	0.0398061	0.0384214	0.0511587	0.0368349	0.0593651	0.0483154	0.0483778	0.0517953	0.0602841	0.0255791	0.0582596	0.057425	0.0470619	0.103181	0.0551912	0.026436	0.039222	
0.0760919	0.0546929	0.0451135	0.0348904	0.0349036	0.0525644	0.0383036	0.0835164	0.0352176	0.0468789	0.053186	0.0555757	0.0445708	0.0548035	0.0463626	0.0481589	0.0801498	0.0520621	0.0274382	0.035519	
0.0612693	0.0436182	0.0648844	0.0353417	0.0378112	0.0497668	0.0512967	0.0459685	0.0557689	0.0488913	0.0559539	0.0659476	0.0328038	0.0520886	0.0576771	0.070651	0.0542207	0.0517446	0.0260278	0.0382677	
0.0557875	0.0442462	0.0457565	0.0450396	0.0150677	0.0474715	0.0347492	0.0573151	0.0537734	0.0806064	0.0530002	0.0502796	0.0279461	0.0475221	0.126875	0.0512312	0.0530878	0.0486785	0.0296276	0.0319386	
0.0635855	0.0391772	0.0444067	0.0382919	0.0405208	0.0520656	0.0384326	0.02999	0.0521668	0.0495748	0.0560534	0.104089	0.0360598	0.051673	0.082046	0.0602805	0.0496498	0.0504736	0.0250374	0.036426	
0.0587609	0.0577645	0.0431604	0.0297604	0.0346978	0.0880291	0.0365089	0.0594205	0.0572759	0.0721721	0.040544	0.0513498	0.0343482	0.0510194	0.047333	0.0483254	0.0513743	0.0741117	0.0283901	0.0356534	
0.0576733	0.174571	0.0411994	0.0366606	0.0290484	0.0500252	0.036583	0.0588001	0.0492392	0.0515209	0.0610198	0.050687	0.033663	0.0598016	0.0181369	0.0426034	0.0525063	0.0523839	0.023432	0.020445	
0.051617	0.0711217	0.0469334	0.0362341	0.0313498	0.0578064	0.0330277	0.0595275	0.0485262	0.153642	0.0610307	0.0559562	0.0338054	0.0522602	0.0453663	0.0205944	0.0498546	0.034941	0.022649	0.033756	
0.0280666	0.0526326	0.0434857	0.0442641	0.035348	0.0476929	0.0376723	0.0634572	0.0478425	0.0739995	0.0549247	0.0408449	0.0236609	0.0588473	0.0584571	0.0464494	0.127062	0.05114	0.0280914	0.0360604	
0.0621527	0.0475317	0.0444678	0.167274	0.0375779	0.0133591	0.0392986	0.0505393	0.0378921	0.0461261	0.0542696	0.0527619	0.0324044	0.0653496	0.0440937	0.050922	0.0605628	0.0467216	0.0102899	0.0364056	
0.05855	0.0442515	0.0485911	0.0328648	0.0428748	0.0476687	0.0613485	0.0441275	0.10028	0.049179	0.0591923	0.0271889	0.031676	0.050852	0.0646118	0.054809	0.0468693	0.0535948	0.0267191	0.0547513	
0.059022	0.048834	0.0435779	0.0398773	0.0328635	0.0547166	0.0393778	0.0511776	0.0507954	0.0778204	0.058505	0.0523926	0.0444318	0.0510992	0.0563369	0.0377616	0.0709231	0.0513668	0.0428206	0.0362999	
0.0439967	0.0450319	0.0355903	0.177818	0.0366209	0.0214407	0.0375278	0.0503903	0.0275128	0.0448327	0.0576137	0.051072	0.0326708	0.0584535	0.0579675	0.051713	0.0617681	0.0484355	0.0230118	0.0365325	
0.0561584	0.0457063	0.0442681	0.074535	0.0399137	0.0453288	0.0637398	0.0451945	0.0381483	0.0416036	0.0518998	0.0486562	0.0243082	0.0723044	0.0846746	0.0515522	0.0604096	0.0519966	0.0225796	0.0370224	
0.0621989	0.0509958	0.0446076	0.0401981	0.0334937	0.0546823	0.0368288	0.0802541	0.0484888	0.0550194	0.0506352	0.0463407	0.0362316	0.0558671	0.0508935	0.0565145	0.0554462	0.0775077	0.0257671	0.0380287	
0.0546732	0.0267592	0.0433302	0.0399053	0.0396109	0.0180843	0.0396391	0.0321392	0.0614808	0.0371234	0.0445888	0.0481455	0.0298729	0.0383334	0.264405	0.0377626	0.041745	0.0519179	0.0192882	0.0311955	
0.0589685	0.0528062	0.0442325	0.0369529	0.0369511	0.0554273	0.0383258	0.146869	0.046496	0.0437382	0.0680056	0.0499499	0.0352003	0.0559986	0.0276339	0.0557303	0.0481876	0.0319564	0.0258501	0.0407198	
0.0746328	0.0452458	0.0458483	0.0404826	0.0401329	0.0485724	0.0370701	0.046542	0.0476932	0.0468167	0.0494622	0.0635204	0.0249871	0.0575968	0.0607537	0.0439898	0.0849505	0.0791775	0.0236669	0.0388584	
0.0583969	0.0578125	0.0462587	0.039769	0.0450928	0.0280061	0.0381822	0.042223	0.0535366	0.0469918	0.0519366	0.0513263	0.0349324	0.0467695	0.17584	0.0460107	0.0518096	0.0561917	0.0156537	0.0132606	
0.0627663	0.0477968	0.0455878	0.0376938	0.0390448	0.076257	0.0400495	0.046454	0.0246952	0.0499154	0.0390915	0.0535722	0.0368853	0.0479884	0.104928	0.0804603	0.0530556	0.0545462	0.023557	0.0356546	
0.0579936	0.0569982	0.0432852	0.0400466	0.0337262	0.053927	0.035743	0.0452437	0.0520178	0.12709	0.0635258	0.0538756	0.0506414	0.0462804	0.0391873	0.0405187	0.0485259	0.0459185	0.0282214	0.0372336	
0.0614986	0.0469071	0.0451075	0.0368301	0.041974	0.0504024	0.0435645	0.047411	0.0514979	0.0187912	0.0544354	0.0508493	0.0711549	0.0843664	0.0495189	0.0875929	0.0376428	0.057056	0.0243579	0.0390412	
0.0609281	0.0521196	0.0249606	0.0365539	0.0405992	0.053195	0.0261519	0.04966	0.0316514	0.0506889	0.0571141	0.190878	0.0370966	0.05509	0.0558638	0.0266674	0.0393987	0.0525147	0.0249062	0.0339621	
0.116455	0.0486044	0.0339628	0.0334776	0.0405768	0.0485586	0.0391927	0.0505832	0.0521999	0.0468713	0.054223	0.0542669	0.0323544	0.0525419	0.0594281	0.0667753	0.0425474	0.0672719	0.0253484	0.0347605	
0.055159	0.042566	0.0438368	0.0469813	0.0374511	0.032573	0.0401295	0.032308	0.05477	0.0529421	0.0531284	0.0529528	0.0345352	0.0805385	0.0858929	0.0574251	0.0799054	0.0522262	0.0274117	0.0372672	
0.0619904	0.0492321	0.04485	0.0353573	0.0607103	0.0528947	0.0370099	0.0488902	0.0561787	0.0741744	0.0603057	0.050411	0.0314609	0.0515591	0.0561085	0.0710615	0.0513801	0.035221	0.0299461	0.0412582	
0.125028	0.0546262	0.0415556	0.0209324	0.041277	0.14006	0.0397724	0.0485306	0.0531484	0.0285828	0.0197195	0.0572671	0.0353208	0.0543772	0.0388607	0.0556042	0.0495387	0.0301994	0.0253899	0.0402092	
0.0610031	0.0490062	0.0441485	0.0281455	0.0406341	0.0563484	0.0416242	0.0515492	0.13111	0.0491336	0.0524815	0.0331742	0.0378902	0.0682018	0.0462041	0.054907	0.0369677	0.0506289	0.0260649	0.0407767	
0.0627505	0.0491939	0.0424307	0.0356743	0.0383586	0.0541071	0.137513	0.0580501	0.0527319	0.0442333	0.0566067	0.035594	0.0485722	0.0391719	0.0222297	0.061046	0.0595006	0.0565864	0.0256601	0.0199891	
0.0857022	0.057035	0.0368567	0.0146525	0.0406868	0.122594	0.0392155	0.0551753	0.0598519	0.0469608	0.0573303	0.0525077	0.0306927	0.0549674	0.0196512	0.0721508	0.0435818	0.0426737	0.0275243	0.0401899	
0.0567348	0.0567106	0.0463274	0.033662	0.0347773	0.0582922	0.0367838	0.148181	0.0458392	0.087348	0.054603	0.0489069	0.0318138	0.0564861	0.0292738	0.0491526	0.0258361	0.0362913	0.0251099	0.0378705	
0.0307163	0.046038	0.0428659	0.0442825	0.0368668	0.0419566	0.0388852	0.0297122	0.045698	0.0531191	0.0563603	0.0411328	0.0283432	0.0564264	0.0618323	0.0455465	0.183955	0.0521668	0.0265498	0.0375467	
0.0635189	0.0311633	0.0440907	0.0400547	0.0590752	0.0258955	0.0382252	0.0445908	0.0563137	0.049215	0.059291	0.0503911	0.0337085	0.0513767	0.0827528	0.0832987	0.0536449	0.0556057	0.0430055	0.034782	
0.0987179	0.0519615	0.0327847	0.032915	0.0380547	0.0488501	0.0393597	0.0557815	0.053446	0.0473911	0.0579546	0.0476615	0.0363166	0.0520252	0.0536536	0.0644422	0.0245533	0.101521	0.0255379	0.0370719	
0.059202	0.057975	0.0463674	0.0353036	0.0402229	0.04647	0.091008	0.0486533	0.0519598	0.0354258	0.055212	0.0481372	0.0566677	0.0485041	0.0640446	0.0458403	0.0554034	0.0555738	0.0248371	0.0331922	
0.0480921	0.0747851	0.0675887	0.0310327	0.0356788	0.118975	0.0338785	0.0704585	0.0491284	0.0521507	0.057823	0.0612524	0.0359444	0.0539061	0.0366366	0.024079	0.0499546	0.0321604	0.0261245	0.04035	
0.0596521	0.0545454	0.040328	0.0366097	0.0380418	0.0528824	0.111655	0.0554702	0.0506377	0.0443622	0.0596533	0.0369093	0.0252097	0.0683729	0.018409	0.0587088	0.0557231	0.0532117	0.0261649	0.0534529	
0.0648659	0.0461356	0.0453553	0.0363485	0.0311909	0.0538379	0.0987713	0.0557076	0.052317	0.0363543	0.0552286	0.0454076	0.0337407	0.0544915	0.0311039	0.0888986	0.0574998	0.0498672	0.0257242	0.0371538	
0.0793166	0.0469828	0.0451132	0.0225754	0.0428977	0.0464821	0.0411348	0.0529124	0.0514943	0.0468534	0.0524022	0.053912	0.030966	0.0562994	0.0527744	0.099293	0.0870822	0.0235392	0.0290944	0.0388745	
0.0594254	0.0514795	0.0440492	0.0361274	0.0767837	0.0514342	0.0351535	0.0499151	0.0538264	0.0458624	0.0806756	0.0511781	0.0305797	0.0565113	0.0598295	0.0455877	0.05001	0.0336038	0.0475901	0.0403774	
0.0626027	0.0950073	0.0414169	0.0307983	0.0485786	0.0863737	0.035819	0.0565482	0.048864	0.0509579	0.0566929	0.0508055	0.0324745	0.0606868	0.016013	0.0659547	0.0537474	0.0544754	0.0178629	0.0343204	
0.0760327	0.0497823	0.0367186	0.0373585	0.0406757	0.0550244	0.0359781	0.0364796	0.0437062	0.0472574	0.0575271	0.131683	0.0441371	0.0560996	0.0614791	0.0382398	0.0482419	0.0432881	0.0243255	0.0359655	
0.046748	0.0513137	0.0425962	0.0421122	0.039915	0.0502787	0.0368385	0.0518004	0.0372853	0.0499071	0.064403	0.0503403	0.0251891	0.0593139	0.051431	0.0482825	0.136248	0.0535127	0.0262994	0.0361846	
0.0460671	0.0490931	0.0436726	0.0476987	0.0408271	0.0442163	0.0373297	0.0311675	0.0395452	0.0493579	0.052062	0.0446398	0.024791	0.0588951	0.056462	0.0498057	0.169788	0.0490609	0.0269315	0.0385888	
0.0307359	0.0494554	0.0470892	0.0447795	0.0410386	0.0442704	0.036118	0.0499114	0.0375495	0.0478775	0.0515978	0.046971	0.0255579	0.0591486	0.0546112	0.050434	0.168131	0.0503007	0.0256037	0.0388184	
0.0587198	0.0206	0.0278957	0.0351846	0.0419147	0.052129	0.0214159	0.0513895	0.0546982	0.049056	0.0555032	0.0480227	0.0323669	0.0566785	0.0585213	0.0396155	0.0545867	0.0517416	0.0263718	0.163588	
0.056269	0.0519397	0.0413459	0.0401723	0.0407482	0.0526168	0.0293306	0.0551356	0.0376498	0.0462975	0.0595826	0.0525621	0.024167	0.173079	0.0179413	0.0546521	0.0532039	0.0495969	0.0253705	0.0383393	
0.0595937	0.0425222	0.0476688	0.0666131	0.0373594	0.0464097	0.0374487	0.042458	0.0676238	0.049913	0.0475559	0.0535023	0.0378621	0.0575549	0.098619	0.0568568	0.0352976	0.0536931	0.024812	0.0366358	
0.0447856	0.0478216	0.0454778	0.0456355	0.0361893	0.0450154	0.0374493	0.0480797	0.0474892	0.0592755	0.0507426	0.0520662	0.0206586	0.0508346	0.0781199	0.035629	0.134558	0.0544301	0.0270043	0.0387381	
0.0590641	0.0571357	0.0413847	0.0351464	0.0350958	0.0833059	0.0389479	0.0475283	0.0552658	0.047602	0.0555917	0.052222	0.029344	0.0540432	0.044687	0.0608617	0.0503731	0.0543147	0.0273754	0.0707108	
0.108916	0.0449645	0.0444744	0.03606	0.0224521	0.0501461	0.0420226	0.0528419	0.0483152	0.0474814	0.0553884	0.0482813	0.0890941	0.054338	0.0620352	0.0409987	0.0456247	0.0603809	0.0241319	0.0220526	
0.0549462	0.0573011	0.0420167	0.039112	0.0247465	0.0535124	0.0341226	0.0543654	0.0499078	0.152159	0.065004	0.0512435	0.0340554	0.0519795	0.0525681	0.0270368	0.0522664	0.036087	0.0285591	0.0390102	
0.034635	0.0504689	0.0393639	0.0359864	0.0267515	0.0584847	0.0373433	0.031526	0.0516818	0.0435523	0.0572364	0.0498396	0.0347271	0.0554708	0.0584225	0.055356	0.0524947	0.157396	0.0268663	0.042397	
0.0536938	0.0174951	0.0415342	0.0432343	0.0372263	0.026673	0.0293525	0.0375502	0.0557828	0.0298406	0.0448267	0.0508163	0.0274266	0.0379297	0.280457	0.0360577	0.0457226	0.0531157	0.020174	0.0310907	
0.0526582	0.0475352	0.0499484	0.0472605	0.0387589	0.0426264	0.0360217	0.0518757	0.0471952	0.0510171	0.0517346	0.0550535	0.0293139	0.0562095	0.0573421	0.0353919	0.134611	0.0530638	0.0229858	0.0393965	
0.165973	0.0478219	0.0406362	0.0292462	0.0406243	0.0576413	0.0421029	0.0270271	0.0589989	0.045834	0.0556677	0.0522669	0.0323103	0.0522779	0.0563149	0.0586485	0.0454065	0.0264948	0.0266406	0.0380666	
0.056432	0.0544858	0.0408072	0.0356566	0.0351441	0.0531469	0.0354227	0.0605804	0.0542891	0.114704	0.0996466	0.0522488	0.0143727	0.05264	0.0288635	0.0479456	0.0482214	0.0475183	0.0305312	0.0373429	
0.044614	0.0473775	0.0526733	0.150576	0.0380948	0.0350264	0.0386312	0.0513465	0.0262254	0.047153	0.0556366	0.048583	0.0318955	0.0595837	0.0544946	0.0479249	0.0627178	0.0487232	0.0234797	0.035243	
0.0958523	0.0423044	0.0442527	0.0353867	0.0158638	0.0522342	0.0415997	0.0482733	0.0527574	0.0506516	0.0584387	0.0525377	0.0594154	0.0522202	0.0552752	0.0893896	0.0459697	0.0584098	0.0271662	0.0220013	
0.0527645	0.0172369	0.04357	0.0435893	0.0365844	0.0288194	0.0290502	0.0383018	0.0559937	0.0285392	0.0436699	0.0494591	0.0286585	0.0398762	0.274695	0.0365602	0.0483442	0.0541917	0.0192717	0.0308243	
0.0586178	0.0530318	0.0414212	0.0393493	0.0391498	0.0505432	0.0382674	0.110661	0.0470108	0.0520269	0.0559459	0.0370234	0.0235768	0.0567349	0.0482523	0.0446132	0.0823084	0.0575246	0.0257695	0.0381714	
0.107932	0.0488915	0.0452934	0.0225506	0.0406267	0.0518056	0.0381741	0.0527407	0.0568909	0.0494887	0.0614646	0.049696	0.0320191	0.0519024	0.055963	0.0647956	0.02404	0.0848056	0.0261136	0.0348062	
0.0647213	0.0457537	0.0411525	0.039391	0.0204829	0.0520156	0.0419702	0.0807939	0.0534604	0.0281665	0.0512913	0.0457861	0.0317926	0.0571074	0.0480308	0.115358	0.058787	0.0697694	0.0229796	0.0311896	
0.0447674	0.0482667	0.0299123	0.134672	0.0358694	0.050677	0.038782	0.0496444	0.0379341	0.051119	0.0546099	0.0539432	0.0344515	0.0546929	0.0577145	0.0518381	0.0612398	0.049418	0.0239291	0.0365187	
0.0570018	0.0550605	0.0425094	0.0359903	0.0384586	0.052524	0.0484998	0.0634457	0.0361435	0.0931004	0.0600985	0.0466803	0.0207346	0.113655	0.0163704	0.0504619	0.0508054	0.0520844	0.0269242	0.0394518	
0.0727129	0.048124	0.0429166	0.0177272	0.0451469	0.0581511	0.0400051	0.0488517	0.0865132	0.0493014	0.0582255	0.0489231	0.0363011	0.071946	0.0440982	0.0536788	0.0490837	0.043913	0.0239625	0.060418	
0.108993	0.0473454	0.0426855	0.0352961	0.037547	0.0546019	0.0416176	0.0513077	0.0526926	0.053635	0.0552426	0.0508862	0.0412278	0.0504003	0.0560755	0.0637301	0.0418839	0.0532784	0.0238757	0.0376773	
0.059418	0.0441099	0.0379994	0.0377904	0.0370033	0.0451224	0.0445252	0.0460892	0.0536071	0.0439591	0.0546372	0.0330677	0.0289097	0.0605186	0.025851	0.153943	0.080369	0.0518006	0.0275399	0.0337398	
0.0551347	0.0521462	0.040822	0.0319034	0.0373694	0.0551042	0.0355964	0.0478987	0.0536447	0.0559138	0.113494	0.0512219	0.0353718	0.0563525	0.0524115	0.0508462	0.0495051	0.0610141	0.0259108	0.0383388	
0.0589781	0.0539866	0.0406258	0.0391892	0.0296868	0.0546402	0.0342814	0.0644827	0.0531354	0.0981843	0.0594357	0.0501318	0.0309522	0.0504554	0.0624833	0.0517371	0.0525724	0.0483318	0.0277506	0.0389591	
0.0651576	0.0473349	0.042151	0.0359994	0.0412038	0.0500021	0.0398728	0.0518423	0.0534712	0.0617964	0.0526493	0.0506242	0.0333758	0.0552583	0.0605237	0.0958519	0.0520906	0.0377134	0.0379508	0.0351307	
0.0572371	0.0274158	0.0449446	0.0408462	0.0377729	0.0287897	0.0380104	0.0402256	0.0573834	0.0330897	0.0439084	0.0508724	0.0279692	0.0265463	0.239285	0.0471532	0.0500477	0.0550634	0.0223036	0.0311356	
0.0530289	0.0366341	0.0455051	0.0451735	0.0325652	0.0387741	0.0388757	0.0306697	0.0560661	0.0650947	0.0483419	0.0512293	0.0126426	0.0421494	0.184818	0.0526055	0.0551377	0.0450176	0.0273873	0.0382837	
0.0606091	0.0628584	0.0188404	0.0331687	0.039106	0.0846979	0.0377032	0.0515533	0.0520506	0.052713	0.0578356	0.0496864	0.034951	0.0542856	0.0413569	0.0734434	0.0498663	0.0816985	0.0271308	0.0364448	
0.0573298	0.0453254	0.025645	0.0290429	0.0370906	0.135395	0.0356907	0.0587856	0.0535577	0.0498028	0.0538851	0.0527693	0.0364105	0.053851	0.0424176	0.0288312	0.0494351	0.0852392	0.0268224	0.0426729	
0.155844	0.0485283	0.0398533	0.0549571	0.04226	0.0477101	0.0356112	0.0448513	0.0539923	0.0520084	0.0617567	0.0543011	0.034515	0.052405	0.0581843	0.0489307	0.0242592	0.027104	0.0267423	0.0361861	
0.0602455	0.0456647	0.0438795	0.0417904	0.0314171	0.0490457	0.0380208	0.0389992	0.051444	0.0653742	0.0342242	0.0462636	0.0311427	0.0575731	0.0662257	0.0547657	0.0785199	0.101062	0.0274553	0.0368865	
0.05612	0.060193	0.0417776	0.0139861	0.0374225	0.157563	0.0378438	0.0515833	0.0570219	0.0528275	0.0567261	0.055585	0.0379082	0.0481121	0.0408551	0.04629	0.0463844	0.0393561	0.0233617	0.0390824	
0.12752	0.0480079	0.0411971	0.0233005	0.0416668	0.0506922	0.0395084	0.0500402	0.0522783	0.0483137	0.0574299	0.0553412	0.032352	0.0542151	0.0579214	0.0681511	0.0582502	0.0254984	0.0276072	0.0407085	
0.143515	0.0458022	0.0324416	0.0323997	0.0436202	0.0478271	0.0405063	0.0469048	0.0599374	0.0514717	0.0604699	0.05209	0.0325128	0.0501408	0.057871	0.0876178	0.0244347	0.0287046	0.0249222	0.0368103	
0.0592481	0.054699	0.0451823	0.0352465	0.0306204	0.0570923	0.035494	0.145815	0.0490665	0.0489262	0.0410131	0.0450746	0.0374844	0.0557254	0.0440559	0.037238	0.0250755	0.0906685	0.0264665	0.0358082	
0.0585691	0.0510067	0.042408	0.0120684	0.0401125	0.0582292	0.0392635	0.068383	0.132601	0.05013	0.0563162	0.0336758	0.0355395	0.0344629	0.0450329	0.0559378	0.0674608	0.0548444	0.0253005	0.0386578	
0.0788965	0.0540824	0.0451594	0.0644567	0.0411464	0.0692259	0.0413325	0.0515948	0.0326933	0.052066	0.0593691	0.0578101	0.0336795	0.053111	0.0495646	0.0515519	0.0519031	0.0492472	0.0261459	0.0369637	
0.0697126	0.0448266	0.0442156	0.0341694	0.0377332	0.0354238	0.039744	0.0480982	0.053715	0.0344174	0.0543921	0.0513095	0.0345328	0.0519804	0.0619369	0.0571297	0.0564477	0.131028	0.0236515	0.0355357	
0.0588564	0.0499843	0.0440964	0.0390821	0.0238923	0.0536442	0.0352491	0.0884415	0.0502448	0.0410951	0.0528131	0.0495057	0.0601725	0.0509322	0.0812105	0.0510737	0.055674	0.0539186	0.0260293	0.034084	
0.0658092	0.0479678	0.0436095	0.0426753	0.0385014	0.0494718	0.0404955	0.0298068	0.0477368	0.0481528	0.0504347	0.0428637	0.0252489	0.0557475	0.060089	0.0479956	0.146836	0.0525595	0.0250896	0.0389085	
0.057414	0.0545782	0.0416431	0.0358474	0.0355405	0.0550882	0.0334074	0.0551552	0.0505645	0.101293	0.107747	0.0535365	0.0274056	0.0465	0.0325186	0.051859	0.0467519	0.0482469	0.0275125	0.0373901	
0.057621	0.0474482	0.0279324	0.0281562	0.0370646	0.177928	0.0356119	0.0517073	0.0527564	0.0526459	0.0535185	0.057454	0.0372207	0.0504973	0.0410819	0.0321521	0.0469202	0.0432044	0.0270679	0.0420111	
0.0559092	0.0553291	0.0408926	0.0366592	0.0340776	0.0517501	0.036787	0.0469976	0.0507384	0.14946	0.0685214	0.0525127	0.0185649	0.052849	0.0331196	0.0501534	0.0519421	0.047628	0.0290294	0.0370784	
0.0623704	0.0379025	0.0212966	0.0312078	0.0405545	0.115931	0.039778	0.0506616	0.0578272	0.0476909	0.0579725	0.0498916	0.0335893	0.0554709	0.0401516	0.100316	0.0483263	0.0426761	0.0291401	0.0372448	
0.0567604	0.0566081	0.0426109	0.0386284	0.0331585	0.0540442	0.0341183	0.0413405	0.0525618	0.136031	0.0670254	0.0492611	0.0314349	0.0488938	0.0379184	0.0516043	0.0556785	0.0472317	0.0283119	0.0367776	
0.0577742	0.0546367	0.0425929	0.0370277	0.0350216	0.0576953	0.0358366	0.138734	0.044628	0.0827816	0.0336008	0.0525657	0.0327606	0.0592021	0.0278418	0.0501343	0.0433737	0.0513061	0.0269991	0.0354868	
0.0525927	0.0302136	0.0439921	0.0423189	0.0406447	0.0294351	0.0386874	0.0385269	0.0553567	0.0310139	0.0455382	0.0516661	0.0273299	0.041416	0.241877	0.0443537	0.0492223	0.0497608	0.0134882	0.0325656	
0.0596978	0.0549469	0.0427338	0.0329921	0.044247	0.0523528	0.038372	0.0364669	0.0514457	0.0429356	0.201754	0.0512015	0.0331802	0.0557544	0.0356081	0.0506877	0.022029	0.0287626	0.0273063	0.0375262	
0.0535275	0.0497967	0.067031	0.0402647	0.0380904	0.0405544	0.0459415	0.0460632	0.0280428	0.0472697	0.0502862	0.031712	0.0326967	0.0553516	0.0581029	0.0707606	0.130773	0.0537043	0.0267443	0.0332861	
0.071553	0.0492073	0.0545723	0.040338	0.0406363	0.0467985	0.0391568	0.0495996	0.049582	0.0498057	0.0529977	0.0539074	0.0313537	0.0550599	0.0589637	0.0575001	0.0918512	0.0447325	0.025282	0.0371023	
0.0561547	0.03517	0.0430512	0.043042	0.038389	0.0343397	0.0367777	0.0517564	0.0507615	0.0440077	0.0500247	0.0548009	0.0328621	0.0464747	0.183338	0.0350284	0.0527643	0.0554604	0.0231498	0.0326473	
0.0605942	0.0532005	0.0408964	0.0360562	0.0328094	0.0554625	0.0400038	0.0426487	0.0498201	0.0934317	0.0611838	0.0546124	0.07532	0.0453517	0.0399902	0.0522538	0.0508167	0.047029	0.0294991	0.0390198	
0.0553168	0.0552523	0.0419313	0.0368198	0.0339039	0.0525007	0.0351172	0.0511905	0.0542494	0.148795	0.0665742	0.0506092	0.0192286	0.0535247	0.0348564	0.0459598	0.0519369	0.0457379	0.0272853	0.0392097	
0.0597784	0.0309868	0.044389	0.0376914	0.0348217	0.0334378	0.0370651	0.050194	0.0547108	0.0967367	0.0593751	0.0511875	0.0359386	0.0530913	0.0535107	0.0539252	0.0554299	0.0549623	0.0656838	0.0370839	
