0.00112147	0.000673161	0.00555285	0.0145395	0.00227316	0.000198604	0.000561319	0.000365156	0.0379534	0.000703535	0.0014562	0.042111	0.0806544	0.0303286	0.261592	0.310437	0.154371	0.0527315	0.000776667	0.00159976	
0.00576119	0.011932	9.32514e-05	0.000194395	3.05763e-05	3.49383e-05	1.70111e-05	0.606758	0.0025817	0.00431184	0.00265013	7.27382e-05	0.00247402	0.000103342	1.34893e-05	1.81269e-05	0.00682982	0.338888	0.00563968	0.0115952	
0.0198573	0.0179138	0.0392585	0.490136	0.00989266	0.000145128	0.0401536	0.0322466	0.0547018	0.0142477	0.0249238	0.0154213	0.0285457	0.0485603	0.000554887	0.135756	0.00208241	0.00910135	0.0151222	0.00137909	
0.0874401	7.41034e-05	0.198685	0.0439841	2.66422e-05	0.000122973	0.0525216	0.0023706	0.164987	0.00418609	0.000146418	0.246439	2.37897e-05	0.0900282	0.0302632	0.0428761	0.0321874	6.3355e-05	5.37776e-05	0.00352123	
0.634658	0.0055927	0.000329955	0.000463978	0.00492148	0.0216872	0.0190799	0.129454	0.0137881	0.0720957	0.0077711	0.0114593	0.000102672	0.040447	0.00226002	0.00625727	0.000345559	0.0116697	0.0035686	0.0140479	
0.0155826	0.0197713	0.00052335	0.00331455	0.000195183	0.000203607	0.000323943	0.471134	0.00569763	0.371232	0.0013587	0.000809939	0.000103917	0.00254057	0.000290105	0.000688771	0.000773157	0.0802984	0.0038213	0.021337	
0.266743	0.000423505	0.066862	0.35411	0.000104517	0.000242471	0.00372436	0.000835345	0.00151869	0.0250784	0.000389801	0.0014012	8.81986e-05	0.0927533	0.0982119	0.0572612	0.0200465	0.00955985	0.000270139	0.000376296	
0.273335	0.00594316	0.374335	0.134412	0.0068297	0.000139339	0.000920171	0.00819157	0.00135979	0.00219277	0.0291157	0.00110595	8.74322e-05	0.0157792	0.0740716	0.0549328	0.00665706	0.000289608	0.00922038	0.00108177	
0.152105	0.0212464	0.000508557	0.00019128	0.0133003	8.35112e-05	0.0135579	0.361686	0.00343128	0.240615	0.0863124	0.0121811	7.30817e-05	0.00857227	0.00158606	0.000270654	0.000234645	0.0504781	0.0116488	0.0219168	
0.0617983	0.00718135	0.0155364	0.0702896	0.00342423	0.00315428	0.00239454	0.000544069	0.348193	0.00110002	0.00157177	0.0116791	8.2389e-05	0.0548921	0.377574	0.012453	0.00358605	0.0198069	0.00024433	0.00449373	
0.268752	0.00549134	0.0296914	0.234317	7.68517e-05	0.00490903	0.05592	0.00277848	0.0350495	0.0170393	0.000129867	0.105791	4.46057e-05	0.107847	0.0799094	0.0338004	0.00364665	0.0146458	7.70857e-05	8.47943e-05	
0.00124166	0.00155633	0.0149982	0.0734642	0.0124936	0.0119468	0.0148724	0.000215273	0.428319	0.00242197	0.00132771	0.017064	0.00011021	0.0854865	0.295886	0.0139714	0.0115608	0.0106589	0.000233774	0.0021716	
0.0110728	0.0369805	0.000218064	0.00228355	0.0785667	0.0476108	0.000198342	0.0656883	0.000291813	0.0426421	0.666339	0.000165461	0.00611984	0.00124183	7.73547e-05	0.00193481	0.000104753	0.0241995	0.000211196	0.0140533	
0.0247019	0.000371155	0.000505975	0.00319495	0.115013	0.000340295	0.00708914	0.152536	0.00413429	0.004714	0.000462592	0.000464623	0.00139805	0.0473115	0.00187742	0.000247445	0.000937826	0.572604	0.0152553	0.0468404	
0.00264605	0.0207555	0.000620797	0.00116912	7.06191e-05	0.000314112	0.000231665	0.534275	0.00171756	0.21837	0.000642496	0.000353438	7.54626e-05	0.000484407	0.000151206	0.000322272	0.00045496	0.191611	0.00299128	0.0227435	
0.00125608	0.0218045	0.00214992	0.000815526	0.000185676	0.00029695	0.00330383	0.178576	0.0110925	0.341923	0.0288248	0.0123655	0.000582709	0.00426906	0.00247895	0.000754916	0.00842954	0.357729	0.000299868	0.0228615	
0.0392917	0.0054368	0.000701857	0.000812709	0.00554297	0.000208761	0.00329671	0.0160909	0.00216625	0.0919613	0.184759	0.000664891	0.000132284	0.0294502	0.000500704	0.0103723	0.0234149	0.567102	0.00972676	0.00836645	
0.00413619	0.00454612	0.876946	0.0266161	0.00481065	1.26493e-05	0.00125207	0.0173354	0.000547943	0.00539018	0.0199925	9.71071e-05	0.00223776	0.016061	0.00421298	0.00747337	0.0075721	5.40911e-05	0.000609273	9.63241e-05	
0.0529902	0.0262479	0.00469445	0.01315	0.0102054	0.0594574	0.000125252	0.000242711	0.000160116	0.0344574	0.127376	0.518146	0.050156	0.0282626	0.0371098	0.000561676	0.000506384	0.0238862	0.0121381	0.000126376	
0.0710517	0.000539578	0.00032855	0.000416865	0.00654529	0.663737	0.0411842	0.00312308	0.043436	0.0012074	0.00653729	0.0435652	0.000193142	0.0524841	0.000351596	0.000232281	0.000490957	0.0217825	0.00155066	0.0412424	
0.00356089	0.000779644	0.00173974	0.00422574	0.00990552	0.00089956	0.000369302	0.0792396	0.000491947	0.71422	0.138598	0.000527983	0.000112994	0.000518791	0.000109657	0.000110109	0.00229797	0.00710193	0.000150643	0.0350405	
0.0291912	0.0962844	0.00350738	0.0011826	0.00236254	0.00125704	0.00701969	0.515161	0.000438447	0.0483567	0.00742483	0.000845462	0.000124994	0.00092597	0.000169591	0.00442026	0.0505583	0.212535	0.00349346	0.0147417	
0.0110728	0.0369805	0.000218064	0.00228355	0.0785667	0.0476108	0.000198342	0.0656883	0.000291813	0.0426421	0.666339	0.000165461	0.00611984	0.00124183	7.73547e-05	0.00193481	0.000104753	0.0241995	0.000211196	0.0140533	
0.483009	0.00466578	0.000699952	0.00126334	0.000942548	0.000257881	0.000416188	0.00341486	0.0397599	0.015118	0.0424095	0.0375167	0.254583	0.00376214	0.000463806	0.0861713	0.000350809	0.0166978	0.00412375	0.00437451	
0.750849	0.000453407	0.000301763	0.000384219	0.000895649	0.0227923	0.0342126	0.0112214	0.0211571	0.00342084	0.025761	0.0111771	9.20037e-05	0.0406902	0.00840778	0.0517651	0.000321209	0.0115668	0.00164763	0.00288282	
0.0106945	3.1271e-05	0.26572	0.312215	2.08551e-05	0.00910768	0.00430751	3.73478e-05	0.00241339	0.000139135	0.000110815	0.00253604	1.87273e-05	0.315419	2.52258e-05	0.045378	0.0207915	0.00207176	0.000121647	0.00884038	
0.0858337	0.0266517	0.00458749	0.00770125	0.276615	0.000382227	0.108156	0.000234541	0.0974595	0.0458151	0.0915243	0.0827217	3.17692e-05	0.00377169	0.0214345	0.0573336	0.0862773	0.000148336	0.000190794	0.00312902	
0.10261	0.01939	0.00123816	0.000864709	0.000196385	0.0003034	0.00141978	0.280024	0.000753097	0.170499	0.0997512	0.000752413	0.000386612	0.00471912	0.00297954	0.000483127	0.00797591	0.276508	0.00532437	0.0238218	
0.00851571	0.00157333	0.0328914	0.0101196	0.0110478	0.00124066	0.00161499	0.000313166	0.00523557	0.014958	0.00156018	0.0122668	0.00047826	0.0206817	0.0735336	0.034265	0.734647	0.0307806	0.00331922	0.000957764	
0.0966671	0.00423835	0.0143412	0.0981293	0.00421548	0.00234927	0.00100761	0.00102749	0.0866923	0.0101843	0.025921	0.0433019	0.432287	0.00456865	0.00807392	0.0119407	0.0339769	0.109233	0.00876189	0.00308253	
0.109946	0.000817446	0.108093	0.616814	0.00269021	0.014249	0.000105595	0.000332497	0.0224195	0.000961544	0.00365229	0.0116525	0.0210894	0.0374576	0.00314348	0.0241871	0.0198651	0.00179048	0.00063543	9.8171e-05	
0.518211	0.0110379	0.0688953	0.00421408	0.00160242	0.000175574	0.0117863	0.0509566	0.00816074	0.0222556	0.0347583	0.00598816	0.000194229	0.0191691	0.0032917	0.0385129	0.0535397	0.0578964	0.0827994	0.0065542	
0.000867856	0.0242791	0.000913059	0.000555737	0.000246179	0.000277061	0.00844378	0.487758	0.00078381	0.00899421	0.274554	0.000708214	0.00223289	0.0199567	0.00054894	0.00099726	0.000530078	0.135749	0.00465515	0.0269482	
0.289439	0.00168625	0.000808403	0.000459053	0.00164394	0.00673841	0.00911342	0.000595261	0.0021494	0.0218515	0.0124682	0.560304	6.6428e-05	0.0465521	0.000569702	0.0191345	0.0185099	0.000252954	0.00554087	0.00211608	
0.0730582	0.000538558	0.0155519	0.00293715	0.587556	0.00327915	0.00261459	0.0130072	0.0132913	0.136462	0.0973004	0.000947493	0.000314607	0.00894014	0.0252007	0.000215776	0.0003339	0.000192478	0.00755417	0.0107038	
0.0270801	0.00695333	0.00767693	0.00898599	0.000101922	0.000806755	0.000546422	0.0189789	0.000586195	0.099568	0.746557	0.00119379	0.000116824	0.00281613	0.000150492	0.014217	0.0378571	0.00345299	0.00192918	0.0204251	
0.563451	0.00566517	0.00390449	0.000367736	0.000598778	8.13979e-05	0.0028039	0.0635476	0.00362514	0.113761	0.0027056	0.0025191	7.42434e-05	0.00398485	0.0161121	0.0315426	0.0435548	0.130278	0.00527711	0.00614654	
0.00133642	0.0103699	0.0123377	0.000419343	0.055855	0.00156765	0.0125357	0.000268381	0.093713	0.000674294	0.0396722	0.00175031	0.000228095	0.000392959	0.508249	0.00331685	0.17572	0.0594863	0.000276797	0.0218306	
0.000765924	0.000217337	0.0237684	0.165169	0.0605065	0.00109421	0.365848	0.000968475	0.0024166	0.00405992	0.0412623	0.00617425	8.31279e-05	0.0136464	0.000433528	0.00688369	0.000412432	0.00098497	0.00330515	0.301999	
0.168761	0.154545	0.00144508	0.0022074	0.000101237	0.456862	0.059293	0.000340209	0.00312682	0.0113875	0.00845001	0.000378661	0.000153283	0.0506382	7.8394e-05	0.0157339	0.0654235	0.000840457	0.000121632	0.000112775	
0.139707	0.0281792	0.144001	0.0912005	0.00889602	0.000127854	0.000665861	0.00261234	0.00155784	0.000324469	0.00239307	0.0024625	8.89176e-05	0.000722615	0.288096	0.22189	0.0174272	0.0367631	0.000211335	0.012674	
0.0369831	0.0194639	0.0110494	0.012562	0.000381744	0.00666396	0.00028684	0.186228	0.00460314	0.675056	0.00115181	0.00128204	9.80711e-05	0.000839698	0.000197147	0.000606579	0.00124475	0.0178971	0.00145467	0.0219498	
0.0112681	0.0297937	0.00154827	0.00704899	0.000144041	0.00093907	0.00506786	0.527379	0.00298179	0.0479784	0.000749653	0.000231449	0.00285185	0.0227404	0.00127607	0.00183161	0.00217102	0.303171	0.00807026	0.022758	
0.0634553	0.0229221	0.0251774	0.00320075	0.000193707	0.00333831	0.00252131	0.000716454	0.0226541	0.545047	0.00971987	0.0320566	0.000405045	0.0275429	0.00112435	0.013842	0.170475	0.0320615	0.000356965	0.0231889	
0.225263	0.223957	0.00347742	0.015	7.92563e-05	0.00350606	0.010193	0.0184017	0.00988847	0.00495273	0.0254516	0.000760315	0.109947	0.036035	0.000108754	0.0838423	0.224668	0.00421743	0.000108847	0.000142651	
0.00448397	0.00210501	0.00435835	0.00531637	0.00929582	0.00108434	0.000511186	0.0806077	0.000403443	0.706003	0.140616	0.000607726	0.000140238	0.000573859	0.000124077	0.000108503	0.00250388	0.00690059	0.000135838	0.0341203	
0.0155023	0.0397146	0.109038	0.021499	0.00172813	0.000613894	0.000779467	0.000761733	0.0212415	0.0123787	0.0139109	0.0261362	0.0349283	0.0198023	0.000201575	0.0174967	0.647706	0.00876701	0.00463308	0.00316049	
0.088113	0.00107176	0.113224	0.2424	0.0177145	0.124835	0.00340937	0.00101246	0.0456473	0.000778708	0.000761296	0.00966605	0.131529	0.0558564	0.123069	0.0340691	0.00544725	0.000309387	0.000749393	0.000336473	
0.109946	0.000817446	0.108093	0.616814	0.00269021	0.014249	0.000105595	0.000332497	0.0224195	0.000961544	0.00365229	0.0116525	0.0210894	0.0374576	0.00314348	0.0241871	0.0198651	0.00179048	0.00063543	9.8171e-05	
0.0408386	0.00564803	0.019723	0.0385801	0.0660222	0.000245396	0.00557967	0.000531227	0.119879	0.0518066	0.00363788	0.00113814	0.000310089	0.0200013	0.528107	0.000315966	0.0112734	0.0328768	0.0294489	0.0240368	
0.426892	0.00505241	0.00116063	0.000609473	0.000753848	0.000245256	0.001475	0.0827756	0.0062007	0.178407	0.000743656	0.00132605	0.00015389	0.00128164	0.0387279	0.0275929	0.0408225	0.179441	0.000115102	0.00622336	
0.00201238	0.000636094	0.0358153	0.0759795	0.0129485	0.0094455	0.00840251	0.000639555	0.407606	0.00101746	0.00130109	0.0174966	8.62064e-05	0.0950002	0.286193	0.0156272	0.0177982	0.0094339	0.000223699	0.00233732	
0.348266	0.000282221	0.00952788	0.0841227	0.0272233	0.00334269	0.0263029	0.00585821	0.0646662	0.00322759	0.000457374	0.00015473	3.37984e-05	0.182431	0.121196	0.0361488	0.0105369	0.00299472	0.00799559	0.0652308	
0.0598521	0.00804118	0.0701936	0.053534	0.00615335	0.0653163	0.00121198	0.00756474	0.0223398	0.608204	0.00202201	0.0461005	0.000167776	0.000798664	0.00178175	0.000453832	0.0376006	0.000374958	0.000705129	0.00758415	
0.041853	0.00079579	0.244736	0.128659	0.0163777	0.154694	0.00856367	0.00100929	0.0551422	0.000573786	0.00320852	0.133226	0.000188285	0.138906	0.058443	0.0115386	0.000620904	0.000305278	0.00074202	0.00041699	
0.0421913	0.0190479	0.0191074	0.0338937	0.000242586	0.0189498	0.000509622	0.103915	0.00239496	0.730959	0.000356077	0.000578889	0.000182795	0.00104897	0.000219429	0.000258511	0.000933193	0.00429991	0.000301493	0.0206097	
0.0140938	0.0047416	0.0447187	0.175764	0.013886	0.00915871	0.0128373	0.0222163	0.0138068	0.000551061	0.0341691	0.00158804	0.559376	0.000640908	0.0116439	0.00849761	0.00872748	0.00298256	0.00946537	0.0511343	
0.00585271	0.00755404	0.129687	0.000138155	0.000696315	0.0013322	9.05281e-05	0.000572094	0.000216394	0.214098	0.12929	0.0111131	0.381624	0.064669	0.00817127	0.00781703	0.0100687	0.000865037	0.00293713	0.0232073	
0.0194613	0.071409	0.00838682	0.00340686	0.0870885	0.00178109	0.0282012	4.47889e-05	0.000146832	7.2938e-05	0.625955	0.0545961	0.0492758	0.0155877	9.63232e-05	0.00512391	0.000104171	0.00967155	0.00577608	0.0138141	
0.114555	0.0109625	0.000378461	0.00830497	0.000315114	0.000229109	0.0218672	0.00056513	0.0356619	0.00029759	0.00132857	0.0250665	0.0230394	0.0421848	0.0281533	0.0825809	0.070987	0.509457	0.0102446	0.0138214	
0.0596247	0.000452711	0.0516774	0.22813	0.000764555	0.000293269	0.00503394	0.000553427	0.0341731	0.000318596	0.00161675	0.025993	0.0698027	0.166236	0.0517531	0.124539	0.168755	0.000794169	0.000226994	0.0092622	
0.66999	0.000271496	0.00583752	0.000571708	0.000428217	0.0609836	0.0110148	0.0290136	0.0327882	0.00805161	0.0350971	0.0520161	0.00257446	0.0392988	0.0383181	0.0111092	0.000279152	0.000565639	0.00147485	0.000315543	
0.0266951	9.16461e-05	0.00347616	0.0213144	0.609245	0.0193648	0.00879168	0.000111228	0.0158762	9.60223e-05	0.086796	0.00243966	0.0462282	0.0238537	0.0209791	0.000190379	0.0840574	0.0041274	0.0105438	0.0157225	
0.00105582	0.00677109	0.0212878	0.0434381	0.142888	0.016491	0.0145967	0.000128562	0.000282506	0.0187252	0.000385467	0.000163204	0.000653558	0.02406	0.000233972	7.01521e-05	0.600518	0.0185189	0.0112339	0.0784981	
0.0141693	0.0169335	0.000252939	0.00017701	9.10329e-05	7.64706e-05	0.0119364	0.0701541	0.00516611	0.0143943	0.00108206	0.00366888	0.000199128	0.0142993	0.00196408	0.000235378	0.0102477	0.815669	0.000707807	0.018575	
0.013499	0.000164081	0.0510259	0.0643672	0.0161105	0.000170613	0.0347311	0.00029014	0.0331133	0.0408343	0.0355611	0.000248636	0.00232959	0.050644	9.96027e-05	0.480369	0.0869063	0.0538158	0.0143023	0.0214171	
0.000761191	0.0201782	0.00027907	0.000739053	0.000123572	0.000154073	0.0820042	0.690124	0.000507596	0.000213621	0.000490621	0.000212742	0.00422731	0.0340534	0.000395573	0.00024116	0.0117988	0.126302	0.0112355	0.0159584	
0.000385185	0.0190577	0.125003	0.475086	0.0125978	0.000112024	0.000420072	0.06515	0.000317194	0.0880893	0.0184998	0.000411369	0.0141766	0.000384245	0.0501587	0.0472419	0.0710475	0.000216836	0.011284	0.000360544	
0.717826	0.00314602	0.00018844	0.000331031	0.000633476	0.000585816	0.0286015	0.00497903	0.0233391	0.033039	0.0826551	0.0273112	4.6179e-05	0.031017	0.0242584	0.00684283	0.00154516	0.00746608	0.00247728	0.00371168	
0.604167	0.000631367	0.000328816	0.000403904	0.000410967	0.0596866	0.00567749	0.0270301	0.00593807	0.00671985	0.00470327	0.00164607	0.00544673	0.0366587	0.143316	0.0408868	0.0271019	0.0241359	0.00248566	0.00262512	
0.00556268	0.0056309	0.0519506	0.31773	0.000336023	8.94195e-05	0.181718	0.000121731	0.107997	0.000139736	0.000739663	0.0234425	0.0283435	0.0844326	0.0155303	0.00388408	0.0828388	0.0269555	0.0112344	0.0513228	
0.0013914	0.000165157	0.0140984	0.0061042	0.017424	0.607365	0.0287298	0.0300491	0.0252183	0.0472368	0.0276729	0.0848642	0.0436501	0.0201892	0.000723163	0.00115723	0.0285658	0.000204295	0.000262195	0.0149286	
0.00365139	0.0164055	0.000327188	0.000186717	0.000156996	8.45576e-05	0.0179408	0.0749875	0.00151732	0.00810069	0.00319675	0.000717584	0.00154801	0.0212434	0.00103087	0.000256702	0.013746	0.814652	0.00316841	0.0170814	
0.000691412	0.000113643	0.00358095	0.0268017	0.0037893	0.0115822	0.0819326	0.000230102	0.00321734	0.0182987	0.0102127	0.000189753	0.00026531	0.0499778	0.00054176	0.142481	0.626947	0.00771722	0.00688889	0.00454016	
0.000855626	0.00672218	0.0207249	0.047232	0.142848	0.0181361	0.0148174	0.000136027	0.000225459	0.0169272	0.000336508	0.000193484	0.000817833	0.0226588	0.000168608	7.14773e-05	0.596656	0.0169745	0.0113952	0.0821034	
0.00324742	0.0125019	8.63936e-05	0.000193995	3.13659e-05	3.97314e-05	0.0282149	0.623764	0.00177158	0.00215622	0.00194765	0.000125853	0.00366963	0.0110323	0.000133553	8.07786e-05	0.0073003	0.284523	0.00756376	0.011616	
0.684964	0.00511792	0.000225839	0.000447486	0.0127186	0.000235602	0.0278943	0.00616288	0.0205281	0.0435939	0.0773788	0.0321288	5.52417e-05	0.0300303	0.0272565	0.00412823	0.00121917	0.00757447	0.00403897	0.0143009	
0.348266	0.000282221	0.00952788	0.0841227	0.0272233	0.00334269	0.0263029	0.00585821	0.0646662	0.00322759	0.000457374	0.00015473	3.37984e-05	0.182431	0.121196	0.0361488	0.0105369	0.00299472	0.00799559	0.0652308	
0.00448596	0.00408851	0.89218	0.0285802	0.00315675	8.10227e-06	0.00144723	0.0166304	9.72547e-05	0.000509181	0.0195568	0.000102647	2.129e-05	0.0178548	0.00101123	0.00570598	0.00410094	1.77004e-05	0.000354699	9.02052e-05	
0.561449	0.00585425	0.00301989	0.00031389	0.00051784	8.26989e-05	0.00296082	0.0624036	0.00370679	0.115914	0.00244745	0.00242247	7.19798e-05	0.00362103	0.016609	0.0317246	0.0431139	0.132908	0.00474709	0.00611115	
0.0136082	0.0185389	0.000336607	7.71815e-05	0.000187884	2.63326e-05	0.206667	0.00375896	0.0270077	0.0208623	0.0255895	0.0182174	8.37691e-05	0.00249412	0.356458	7.31544e-05	0.279718	0.0168462	0.00353211	0.00591705	
0.000899891	0.00628296	0.0215549	0.0464185	0.145071	0.015756	0.0149047	0.000109158	0.000231614	0.0173124	0.000413015	0.000177655	0.000682171	0.0232353	0.000165394	7.63756e-05	0.597524	0.0162837	0.0111476	0.0817545	
0.00609212	0.0121351	9.95792e-05	0.000187298	3.07697e-05	3.98102e-05	0.00140054	0.604348	0.00261696	0.00442386	0.00253753	7.77167e-05	0.00242295	0.000454159	1.74465e-05	2.14207e-05	0.00675232	0.338925	0.0057975	0.0116194	
0.153077	0.0030052	0.0102319	0.00346759	0.00124955	0.00475515	0.00927393	0.00057527	0.0385178	0.0807575	0.00400896	0.00230321	0.000212851	0.105751	0.50057	0.0134466	0.0348001	0.0247468	0.000332799	0.0089168	
0.180566	0.126505	0.0141883	0.00321399	9.09029e-05	0.000246506	0.000238648	0.0208061	0.0361502	0.0460002	0.00128939	0.0128694	6.13145e-05	0.014835	0.000134125	0.0188044	0.201592	0.315388	0.00220057	0.00481898	
0.585512	0.00867507	0.000408053	0.000450222	0.00248437	0.000259582	0.0188645	0.00455708	0.0295567	0.156011	0.0457796	0.0591818	7.09097e-05	0.0272436	0.0235637	0.00750166	0.00103787	0.0137301	0.00477107	0.0103412	
0.0450595	0.0990454	0.000574343	0.00127391	0.000630639	0.00187694	0.000216331	0.467418	0.00295472	0.0575255	0.00268979	0.000448811	0.000111218	0.000624609	8.19092e-05	0.0131389	0.0252897	0.269343	0.000796554	0.0109006	
0.0874401	7.41034e-05	0.198685	0.0439841	2.66422e-05	0.000122973	0.0525216	0.0023706	0.164987	0.00418609	0.000146418	0.246439	2.37897e-05	0.0900282	0.0302632	0.0428761	0.0321874	6.3355e-05	5.37776e-05	0.00352123	
0.0579626	0.000253012	0.0408766	0.0379152	0.000293554	0.0138503	0.00446318	0.000265042	0.323974	0.0254147	0.00188529	0.0185187	0.342045	0.0109839	0.0338486	0.0119368	0.0354161	0.037466	0.00151985	0.00111127	
0.072193	0.000220789	0.174734	0.195722	0.00117562	0.152079	0.0390717	0.000203323	0.010921	0.00600279	0.00441254	0.0787178	2.7751e-05	0.0607562	0.00542982	0.153921	0.0309592	8.7299e-05	0.00629254	0.00707167	
0.468043	0.055829	0.000884464	0.000582556	0.000868619	0.000368442	0.0212232	0.00136741	0.020212	0.00109144	0.0722678	0.0101621	0.000100645	0.0207634	0.00728542	0.118596	0.148018	0.0405351	0.000543683	0.0112578	
0.0379015	0.000809447	0.0175039	0.077876	0.00211096	0.0521303	0.000108173	0.031021	0.314796	0.0152857	0.00104566	0.0159632	0.0248937	0.0497092	0.146661	0.0400241	0.0852066	0.0291855	0.00018771	0.0575803	
0.191752	0.00059089	0.034223	0.00166715	0.0406577	0.00294651	0.00116869	0.00411036	0.00737579	0.000201472	0.0345871	0.0424595	0.576299	0.00494084	0.0238518	0.00786676	0.00753941	0.013409	0.00387772	0.000475354	
0.072193	0.000220789	0.174734	0.195722	0.00117562	0.152079	0.0390717	0.000203323	0.010921	0.00600279	0.00441254	0.0787178	2.7751e-05	0.0607562	0.00542982	0.153921	0.0309592	8.7299e-05	0.00629254	0.00707167	
0.0296425	0.0184618	0.707	0.024657	0.0178489	0.000193472	0.0460732	0.0322793	0.0042656	0.00691171	0.0402386	0.00327011	0.00106251	0.0116317	0.00449949	0.0154211	0.0179568	0.000403501	0.0179466	0.000236313	
0.0482683	0.00332158	0.0100974	0.0261457	0.139671	0.00612609	0.000587758	0.205372	0.0131739	0.502806	0.00310862	0.0041898	0.000194968	0.00136542	0.000419911	0.00094806	0.00355237	0.0221216	0.00304037	0.00549035	
0.159735	0.0140559	0.000652216	0.00468997	0.000356653	0.00988089	0.0197791	0.0438372	0.00999458	0.0111825	0.0071642	0.0179159	0.000891734	0.0235295	0.0697869	0.0282072	0.0313606	0.51872	0.00512595	0.0231338	
0.00450462	0.000456978	0.0255223	0.00290905	0.000746282	0.000407556	0.00287334	0.000367705	0.0298657	0.000823392	0.079035	0.0104052	0.000397095	0.0814203	0.379614	0.168989	0.199625	0.0105131	0.000805713	0.000718666	
0.00449575	0.0119739	0.000114199	0.000197155	2.68044e-05	3.32378e-05	0.0124693	0.603186	0.00213721	0.00304958	0.00274503	0.000109812	0.00227562	0.00400818	8.55524e-05	7.48308e-05	0.00710682	0.32814	0.0064612	0.0113098	
0.0259779	0.000100519	0.00217233	0.0210142	0.606805	0.0142546	0.00520475	0.000129879	0.0158067	0.00010047	0.0895665	0.00224607	0.0480281	0.0241094	0.0242464	0.000191894	0.0862827	0.00502903	0.010968	0.0177661	
0.00178908	0.0129248	0.0391716	0.0271384	0.101338	0.0872562	0.000226313	0.0202626	0.0223029	0.000248058	0.141298	0.0683154	0.436135	0.00135077	0.000187304	0.00111384	0.000279072	0.0175557	0.00916528	0.0119418	
0.0424913	0.0191675	0.0187257	0.0324191	0.000240544	0.0148748	0.000337967	0.104918	0.00197692	0.736324	0.000390335	0.000271009	0.000165527	0.00114393	0.000206245	0.00027082	0.000374427	0.00457679	0.000324488	0.0208009	
0.0454928	0.121823	0.00954994	0.000449291	0.000335722	0.000266349	0.00180345	0.0618026	0.0584703	0.00730751	0.149172	0.000426845	0.000330689	0.0397134	0.331939	0.000241456	0.038164	0.109591	0.000308733	0.022812	
0.704332	0.00104349	0.00153365	0.000232745	0.00616697	0.0315509	0.021233	0.0580344	0.0233444	0.0283434	0.0278418	0.0262614	0.000638211	0.0354183	0.00561961	0.00854044	0.000318907	0.00317816	0.00141507	0.0149534	
0.0481072	0.00783564	0.0464376	0.00959999	0.000123475	0.000113445	0.0629494	0.00196007	0.00218275	0.00999758	0.0214974	0.0835691	9.8987e-05	0.230078	0.332671	0.00391283	0.0010757	0.137174	0.000399936	0.000215692	
0.0238476	0.000372474	0.502402	0.238744	0.000105694	4.02846e-05	9.8383e-05	0.0117474	0.0492322	3.37824e-05	0.000272612	0.00922346	0.10587	0.00708016	0.00688028	0.0165606	0.0113443	0.0137946	0.00221332	0.000137366	
0.00815059	7.69329e-05	0.0594484	0.00679612	0.00272298	0.593282	0.000939675	0.00956853	0.0190452	0.0102621	0.0067916	0.119715	0.000435675	0.123895	0.00558454	0.0112595	0.0076768	0.000127982	0.000202294	0.0140189	
0.00753364	0.0169024	0.000269304	0.000165822	7.16366e-05	8.59268e-05	0.0122508	0.0659706	0.00361421	0.0125452	0.0015409	0.00270308	0.000310206	0.0129908	0.00156985	0.000490261	0.0115934	0.832839	0.000596463	0.0159568	
0.062664	0.00838519	0.0726814	0.0595846	0.00901334	0.0610114	0.000642914	0.00350888	0.0246609	0.585422	0.000705723	0.0536491	0.000120198	0.00056156	0.00219518	0.00124651	0.0444483	0.000259018	0.000639888	0.00859999	
0.0424988	0.000167849	0.00680272	0.20065	0.000466052	0.0166921	0.000311282	0.0247556	0.0918498	0.0394154	0.0263693	0.00470539	0.00218382	0.0181057	0.0645805	0.0274406	0.105803	0.320057	6.31698e-07	0.00714439	
0.576402	0.000731097	0.000349515	0.000363627	0.000408373	0.058629	0.00355878	0.0342349	0.00363078	0.00439545	0.00536096	0.00485524	0.00774826	0.0419604	0.151091	0.0393589	0.0352102	0.0246485	0.00360018	0.00346289	
0.102514	0.0453248	0.00013204	0.00106706	0.00374418	0.0738067	0.425159	0.117125	0.00119395	0.000149835	0.0724087	0.00013875	6.13056e-05	0.0173856	0.000138614	0.0308	0.0674522	0.0358021	0.00547518	0.000121284	
0.543349	0.00087539	0.0008226	0.000531675	0.00293502	0.17069	0.038125	0.0483768	0.0301108	0.025537	0.0405134	0.0326408	0.000175815	0.0482188	0.00055002	0.0101845	0.000391023	0.000393428	0.000553516	0.00502485	
0.427715	0.000113226	0.00137115	0.00344227	0.00568021	0.139247	0.0527971	0.000231454	0.00251503	0.0212278	0.00634484	0.000130517	0.000117966	0.0497296	8.60785e-05	0.141836	0.12024	0.00869666	0.0109757	0.00750307	
0.00372248	0.0163575	0.000328518	0.000163035	9.58718e-05	8.64411e-05	0.0172858	0.0750771	0.0013643	0.00824166	0.00327048	0.000614338	0.000300568	0.0212603	0.00101215	0.000249299	0.0138836	0.816671	0.00316133	0.0168544	
0.00485216	0.00324107	0.89135	0.0285909	0.00268625	8.93112e-06	0.00172372	0.0196369	0.000104088	0.00250125	0.0197181	0.00011629	1.54681e-05	0.0178564	0.00168425	0.00404346	0.00097558	2.13814e-05	0.000794647	7.94347e-05	
0.00270383	0.0126272	0.00521448	0.00239184	0.00399048	0.000670706	0.000616181	0.0962001	0.0101661	0.764498	0.0312945	0.00308591	0.000168047	0.000869638	0.000273165	0.000479785	0.0033245	0.0385803	0.000454174	0.0223906	
0.497907	0.0656044	0.000736586	0.000696137	0.00353134	0.00376546	0.0174946	0.000793976	0.00114029	0.0120792	0.189454	0.00157202	0.0144029	0.0205435	0.000428231	0.0485366	0.0698574	0.0396139	0.00427697	0.00756576	
0.152883	0.00300199	0.0103039	0.00344733	0.00124953	0.00479307	0.00929844	0.000575201	0.038425	0.0807538	0.00399397	0.00221658	0.000211621	0.105378	0.501172	0.0134528	0.0346937	0.0247083	0.000332799	0.00910929	
0.00381329	0.00159172	0.00177461	0.00456965	0.00964779	0.000897315	0.000381249	0.0792192	0.000443459	0.71225	0.139576	0.000666433	0.000112784	0.000510671	0.000108335	0.000109918	0.00228312	0.0069283	0.000159634	0.034956	
0.697631	0.00722316	0.000566004	0.000360306	0.00596652	0.00980869	0.0368979	0.0193151	0.0316793	0.00813466	0.0375728	0.0243576	0.000165592	0.0389947	0.0300243	0.0351032	0.000521794	0.00394004	0.00272982	0.00900774	
0.000252419	0.000122171	0.003055	0.00445227	0.0444292	0.560839	0.109321	0.0145875	0.0276888	0.0391219	0.0303327	0.0850755	0.0419801	0.00831864	8.45843e-05	0.00027926	0.0134529	0.000162949	0.000174922	0.0162696	
0.0730487	0.0409519	0.0215994	0.0293728	0.0905235	0.00182468	0.0132544	0.000338293	0.0370831	0.486924	0.0201999	0.0618335	0.000142221	0.00106449	0.01984	0.000771245	0.0442256	0.00605439	0.00288906	0.0480589	
0.0442271	0.000329013	0.0189329	0.0972294	0.00224678	0.0480933	4.44768e-05	0.0379629	0.28494	0.016737	0.000990548	0.0181569	0.0298503	0.0417946	0.142017	0.0408397	0.0740191	0.0333447	0.000184824	0.068059	
0.0216087	0.00509022	0.000563382	0.0249518	0.00374341	0.00040187	0.000585226	0.0367546	0.0403373	0.000506128	0.050155	0.0322301	0.750934	0.00170698	0.000524153	0.0146241	0.000310591	0.000799156	0.00942622	0.00474683	
0.488261	0.135101	0.000475596	0.0134649	0.0263013	0.0024555	0.021225	0.00527595	0.00907558	0.000986234	0.0226112	0.013426	0.000131195	0.0279598	0.0110083	0.0897598	0.0111375	0.0161338	0.00116919	0.104041	
0.165504	0.00829191	0.000980565	0.000524323	0.000114396	0.492425	0.0564202	0.0332355	0.0341936	0.000532586	0.0404825	0.0340043	5.07001e-05	0.0478288	0.000550352	0.0839427	0.000186697	0.000510092	9.88469e-05	0.000123619	
0.0146899	0.0172	0.000257444	0.000187796	8.99096e-05	7.62674e-05	0.0119079	0.069642	0.00549985	0.0145994	0.00105817	0.00384617	0.000210491	0.0156503	0.00200882	0.000281161	0.0105222	0.812426	0.000900203	0.0189464	
0.0777427	0.0206684	0.0520531	0.0828632	0.000219094	0.04787	0.00187884	0.533301	0.00245809	0.129467	0.000472836	0.000336	0.00137588	0.0108058	0.000746634	0.000616299	0.000396072	0.000511014	0.0174938	0.0187245	
0.0382663	0.45305	0.00536277	0.00207748	9.13503e-05	0.000121543	0.0522822	0.0165162	0.0167124	0.000238398	0.25293	0.0368482	2.58291e-05	0.0374892	0.000211862	0.00401241	9.37913e-05	0.0834377	9.28075e-05	0.000138884	
0.00264605	0.0207555	0.000620797	0.00116912	7.06191e-05	0.000314112	0.000231665	0.534275	0.00171756	0.21837	0.000642496	0.000353438	7.54626e-05	0.000484407	0.000151206	0.000322272	0.00045496	0.191611	0.00299128	0.0227435	
0.0148327	0.0229555	0.0230511	0.00758882	0.000310785	0.00568348	0.00108767	0.0164326	0.000971391	0.211586	0.325816	0.000356526	0.000118075	0.0315846	0.000266224	0.00023165	0.279976	0.0290851	0.00299543	0.0250706	
0.0992766	0.0185023	0.00758184	0.000894975	0.0172102	0.00872032	0.0134951	0.000305608	0.0738993	0.17616	0.0039411	0.522451	0.00200348	0.0113157	0.0148655	0.00301158	0.0002513	0.0218132	0.00398883	0.000311695	
0.0238476	0.000372474	0.502402	0.238744	0.000105694	4.02846e-05	9.8383e-05	0.0117474	0.0492322	3.37824e-05	0.000272612	0.00922346	0.10587	0.00708016	0.00688028	0.0165606	0.0113443	0.0137946	0.00221332	0.000137366	
0.000918818	0.0165386	0.615044	0.000138003	0.0103178	0.000211557	0.000184176	0.00858718	0.00526507	0.0836866	0.040139	0.0286243	0.0672262	0.0387211	0.0464063	0.00995736	0.0168767	0.00046765	0.0105365	0.000152688	
0.000278553	0.000130935	0.00314466	0.00402383	0.0414931	0.564875	0.0986309	0.0178984	0.0248262	0.0425123	0.0284836	0.0787966	0.0410537	0.00938542	8.11999e-05	0.000253504	0.0228562	0.000185309	0.000146338	0.0209449	
0.000412559	0.000173338	0.019538	0.0391264	8.67808e-05	0.00819955	0.119536	0.000431779	0.00356801	0.00123756	0.0114986	0.000634789	0.000269013	0.0425254	0.00842198	0.173006	0.540823	0.0297726	0.000547223	0.000192028	
0.0139944	0.0733867	0.00783472	0.00331321	0.0858521	0.00132482	0.0294057	4.64536e-05	0.000142063	7.35153e-05	0.628186	0.0561335	0.0490656	0.0156986	0.00010457	0.00522433	0.000103719	0.00986226	0.00659633	0.0136514	
0.699417	0.00149689	0.000222921	0.00027824	0.000704294	0.000240754	0.0313066	0.00490963	0.0213808	0.042231	0.0961333	0.024401	4.53221e-05	0.0323566	0.0221473	0.00617497	0.00226214	0.00815512	0.00410432	0.00203175	
0.0615184	0.000375626	0.0134642	0.0270022	0.0382686	0.00526954	0.014256	0.00777295	0.0390025	0.000764827	0.0267806	0.0128317	0.000100164	0.000831167	0.616972	0.00663994	0.0683542	0.0411824	0.000498537	0.0181146	
0.0448839	0.00132949	0.00311374	0.00619702	0.00655635	0.0711898	0.000354426	0.00034363	0.0116206	0.328989	0.187638	0.0247406	0.000140054	0.000640434	0.0945334	0.00074508	0.0473761	0.0511697	0.00345138	0.114988	
0.00951011	0.00948426	0.0305994	0.0231499	0.00280308	0.00285788	0.000705605	0.123358	0.0236679	0.00721019	0.0201115	0.00750084	0.647667	0.0141402	0.011235	0.000533767	0.0196952	0.00557963	0.0140132	0.0261774	
0.0106945	3.1271e-05	0.26572	0.312215	2.08551e-05	0.00910768	0.00430751	3.73478e-05	0.00241339	0.000139135	0.000110815	0.00253604	1.87273e-05	0.315419	2.52258e-05	0.045378	0.0207915	0.00207176	0.000121647	0.00884038	
0.00500627	0.0170047	0.00731034	0.00199373	0.00128718	0.00114099	0.00351444	0.156096	0.0122116	0.702497	0.00335289	0.00650427	0.000475852	0.00139669	0.000576396	0.000377453	0.00788584	0.0497538	0.000158042	0.0214565	
0.0424929	0.00403096	0.00531648	0.20605	0.000590179	0.0114071	0.000426659	0.0274735	0.072371	0.0487329	0.0293814	0.00328419	8.82504e-05	0.0165096	0.0552809	0.0250733	0.100794	0.349099	5.53631e-32	0.00159799	
0.0442271	0.000329013	0.0189329	0.0972294	0.00224678	0.0480933	4.44768e-05	0.0379629	0.28494	0.016737	0.000990548	0.0181569	0.0298503	0.0417946	0.142017	0.0408397	0.0740191	0.0333447	0.000184824	0.068059	
0.0141379	0.000127774	0.000615029	0.0136288	0.56931	0.0035412	0.00056703	0.000239866	0.0243378	0.0112968	0.00803129	0.00038523	0.0059493	0.0275636	0.0604489	0.000243002	0.150144	0.0507487	0.00782112	0.0508628	
0.68295	0.000329847	0.000441379	0.000526764	0.000464339	0.0379363	0.0284525	0.00932512	0.0249167	0.00119603	0.0210518	0.0144354	0.000117243	0.0466766	0.0278403	0.0855755	0.000686367	0.0156223	0.000656633	0.000798642	
0.171178	0.00968977	0.0238604	0.165223	3.3371e-05	0.00359982	0.0291771	0.00122077	0.174054	0.00859448	0.000412398	0.0611159	4.54793e-05	0.0830428	0.227647	0.0215362	0.00180067	0.0173976	0.000272521	9.80693e-05	
0.0476401	0.022366	0.000268189	0.143056	0.0016375	4.71786e-05	0.0120935	0.00393279	0.268836	0.106922	0.00801559	0.0221423	4.94745e-05	0.173587	0.124187	8.18552e-05	0.03196	0.00694696	0.01408	0.0121509	
0.0563949	0.00348531	0.000274063	0.0424337	0.132596	0.131887	0.485906	0.00230964	0.00637412	0.00552762	0.0408406	0.0365237	8.87777e-05	0.00750984	0.000168558	0.00145483	0.004016	0.0176181	0.0100748	0.0145164	
0.00858847	7.40797e-05	0.0745253	0.00630618	8.77413e-05	0.542481	0.000402165	0.00040065	0.0233217	5.51486e-05	0.00231484	0.14508	1.07825e-05	0.154376	0.00642729	0.0147239	0.00432303	0.00011815	4.41393e-05	0.0163402	
0.00353344	0.000784555	0.00173979	0.00422541	0.00988963	0.000899889	0.000369297	0.0792514	0.000484471	0.714056	0.138675	0.000527985	0.000112994	0.000503369	0.000109629	0.0001093	0.00230214	0.00708002	0.000150665	0.0351952	
0.0579626	0.000253012	0.0408766	0.0379152	0.000293554	0.0138503	0.00446318	0.000265042	0.323974	0.0254147	0.00188529	0.0185187	0.342045	0.0109839	0.0338486	0.0119368	0.0354161	0.037466	0.00151985	0.00111127	
0.0233806	0.0148012	0.00239857	0.000686659	0.000117748	0.000276995	0.000959155	0.391606	0.000532272	0.198391	0.0755299	0.00197393	0.000229064	0.011373	0.0113624	0.000288697	0.00312808	0.240767	0.000163906	0.0220336	
0.0373789	0.0101555	0.000628064	0.000320576	0.000449075	0.376608	0.0186531	0.17985	0.00694625	0.110433	0.00210183	0.0112982	0.00024728	0.0178672	0.000157693	0.000363684	0.0265383	0.176714	0.00074678	0.0225427	
0.0367497	0.00112777	0.0106378	0.0112003	0.00106543	0.00152045	0.029386	0.000704027	0.00132453	0.0180057	0.00274804	0.000691297	0.000255893	0.048754	0.00693717	0.365156	0.452552	0.00779043	0.00226979	0.00112339	
0.000918158	0.0185571	0.000612697	0.00140879	0.000115153	0.000561215	0.0837262	0.69598	0.000538319	0.000183002	0.000476281	0.000238879	0.000572591	0.0358748	0.000484161	0.00020636	0.0140944	0.119436	0.0108562	0.0151605	
0.462353	0.00663628	0.0308573	0.150572	0.00955097	0.00626188	0.021583	0.0144817	0.0205263	0.0156119	0.0178949	0.0277697	9.77941e-05	0.061438	0.0838122	0.0442483	0.00644334	0.00257985	0.00450388	0.0127778	
0.00492888	0.00334232	0.896993	0.0290787	0.0025153	7.27027e-06	0.00276279	0.0157453	0.000100273	0.000174014	0.0196848	0.000182242	5.84149e-06	0.0193017	0.000918186	0.00391172	1.50247e-05	1.59839e-05	0.000241375	7.49538e-05	
0.00344163	0.0026091	0.00171445	0.00393481	0.0086049	0.000814338	0.000420023	0.0803012	0.000784955	0.724467	0.125825	0.000693626	0.00011995	0.000572093	0.000124771	0.000128415	0.00214667	0.00996131	0.000143655	0.0331923	
0.00951407	0.0196246	0.000253025	0.000556295	4.16856e-05	0.000157478	0.00272104	0.59807	0.00348117	0.0042166	0.00230021	9.77574e-05	0.00344706	0.00278372	0.000133331	9.87649e-05	0.006108	0.329474	0.00623154	0.0106898	
0.268752	0.00549134	0.0296914	0.234317	7.68517e-05	0.00490903	0.05592	0.00277848	0.0350495	0.0170393	0.000129867	0.105791	4.46057e-05	0.107847	0.0799094	0.0338004	0.00364665	0.0146458	7.70857e-05	8.47943e-05	
0.0590142	0.000122885	0.000270151	0.028343	0.0502291	0.0439585	0.0226868	0.00146953	0.0266028	0.00045058	0.0359605	0.000284681	0.00302363	0.00341659	0.00609575	0.000326404	0.139598	0.00386772	0.0134363	0.560843	
0.0766771	0.000496486	0.0751837	0.0568863	0.0345864	0.000480044	0.00150841	0.00752095	0.00758399	0.00999445	0.00398208	0.0586618	0.0001358	0.00113313	0.620185	0.00145916	0.00543507	0.0139049	0.000722292	0.0234634	
