0.027037	0.0148875	0.0343226	0.0245581	0.0111624	0.0205991	0.0057205	0.00887721	0.0320663	0.687732	0.00505524	0.0407816	0.0085998	0.0112202	0.00575241	0.00583754	0.0132869	0.0319999	0.0047226	0.00578123	
0.00916437	0.0182109	0.0615826	0.00424493	0.0046195	0.00355674	0.00429162	0.011156	0.0117072	0.00433964	0.00719081	0.00184625	0.776952	0.011078	0.00327746	0.00669673	0.0039805	0.00238486	0.0282148	0.0255047	
0.161	0.00744134	0.0979519	0.0937763	0.0139231	0.00978126	0.00560719	0.0153947	0.130052	0.0111607	0.00416066	0.0429966	0.25409	0.0537778	0.0129378	0.0366845	0.0109816	0.00709496	0.0046908	0.0264973	
0.0548181	0.017986	0.0137347	0.0199411	0.00945498	0.0433225	0.0146642	0.0119932	0.0465666	0.654017	0.0115244	0.0335443	0.00525823	0.00608314	0.00533225	0.00548717	0.00981161	0.0180831	0.00567685	0.0127007	
0.0794062	0.00630902	0.0025422	0.00351318	0.00970983	0.0257013	0.0108963	0.00466209	0.0186594	0.0187916	0.00727005	0.00565813	0.738195	0.00496185	0.00529033	0.0258782	0.0104235	0.00310753	0.00796454	0.0110598	
0.0123094	0.0053413	0.0116974	0.0401289	0.0349167	0.0207279	0.0083817	0.00454579	0.021748	0.00976631	0.0141427	0.00530665	0.0130345	0.00692778	0.0137963	0.0046055	0.0119577	0.00566386	0.0145746	0.740427	
0.353486	0.0116692	0.199082	0.0210718	0.0270992	0.0449687	0.00993388	0.0268256	0.00513945	0.00703934	0.0777247	0.0322117	0.0206635	0.0501947	0.01966	0.00889849	0.0252811	0.00871952	0.0401949	0.0101356	
0.056148	0.00427201	0.00731962	0.0339755	0.0447238	0.197281	0.0155062	0.00429332	0.0168456	0.0189771	0.0145799	0.0086312	0.0153183	0.00515429	0.0109985	0.00406688	0.00960107	0.0143486	0.0258996	0.492059	
0.0422203	0.0113991	0.390058	0.0875094	0.012902	0.0467182	0.00862585	0.0135375	0.020362	0.0256233	0.0143463	0.11709	0.0276443	0.023036	0.00965282	0.0792272	0.0379559	0.0127465	0.0114113	0.00793479	
0.719507	0.00248181	0.03213	0.023684	0.0100385	0.00812262	0.00989068	0.00549157	0.0179318	0.0161345	0.00868051	0.0130773	0.0126564	0.0352573	0.00538237	0.0172498	0.0149908	0.0245371	0.0121106	0.0106455	
0.0130338	0.0245535	0.0084563	0.0131026	0.00733839	0.0159736	0.00399705	0.0175816	0.0326724	0.788304	0.00670576	0.010365	0.0105528	0.00843471	0.00734799	0.00736197	0.00439168	0.00893352	0.00195361	0.00893975	
0.00605631	0.00446045	0.00512732	0.306672	0.00362915	0.00480728	0.205996	0.00461266	0.00476337	0.00275491	0.281035	0.0104371	0.0017594	0.00328343	0.00310183	0.0338355	0.0340606	0.00252564	0.0127544	0.0683282	
0.00881597	0.0184127	0.0602115	0.00508091	0.00468964	0.00358407	0.00400737	0.0110379	0.0131362	0.0039898	0.0076567	0.00376808	0.776342	0.0108895	0.0032029	0.0064712	0.00363906	0.0032995	0.0276352	0.0241294	
0.00557614	0.0058445	0.00535545	0.199818	0.00430013	0.00591202	0.324769	0.00356248	0.00694034	0.00161146	0.273554	0.0119453	0.00239455	0.00320481	0.00297785	0.0132391	0.00441425	0.0044285	0.0197904	0.100361	
0.0195139	0.00893604	0.0142537	0.0144774	0.0346896	0.00382918	0.00488823	0.596446	0.00348606	0.00968368	0.00593071	0.00138606	0.00532221	0.195687	0.00453645	0.00622331	0.00352111	0.0192792	0.0406428	0.00726785	
0.00981308	0.00715514	0.594073	0.0057393	0.0461637	0.00597204	0.00416611	0.00629982	0.039192	0.0233164	0.0673658	0.0209183	0.00581735	0.0924479	0.0187315	0.0259138	0.00346585	0.00166069	0.0182027	0.00358538	
0.690716	0.00518829	0.0112382	0.027052	0.00958798	0.00975591	0.0194236	0.00786088	0.0376185	0.0153629	0.00452515	0.0142915	0.00884574	0.0303881	0.0114038	0.0201363	0.028647	0.0222911	0.0222177	0.00344914	
0.0415818	0.00374666	0.0822145	0.1978	0.00351616	0.00351109	0.0066782	0.00671067	0.0936421	0.057085	0.0459168	0.0778193	0.0207717	0.0877867	0.159025	0.00905194	0.0372513	0.0277859	0.0101036	0.0280012	
0.0013875	0.0242131	0.0705609	0.0353595	0.0862758	0.0323111	0.0258145	0.0340576	0.0137433	0.00374864	0.00270214	0.00350484	0.000823299	0.115428	0.00114873	0.00232125	0.459266	0.0210399	0.0293864	0.0369082	
0.0125846	0.00614372	0.033745	0.196207	0.00686237	0.0100981	0.243472	0.00254217	0.00517089	0.00151689	0.336369	0.0162108	0.00388977	0.0057302	0.0029321	0.0172464	0.00342497	0.00239184	0.0147515	0.078711	
0.0209694	0.0126713	0.00229672	0.356728	0.014511	0.0106174	0.0482296	0.0386893	0.0455601	0.0107118	0.0190646	0.0483483	0.00337576	0.0910985	0.1057	0.0110587	0.131041	0.00956238	0.000673925	0.0190918	
0.0325662	0.0421822	0.0275528	0.0228053	0.0526191	0.0318447	0.0120246	0.403752	0.0322637	0.18443	0.00743055	0.0449184	0.00238188	0.0011997	0.0018988	0.00708977	0.0167829	0.0339116	0.0142872	0.0280581	
0.00578223	0.00594937	0.00555409	0.194157	0.00430385	0.0063445	0.331908	0.00453935	0.00805047	0.00165366	0.265506	0.0117311	0.00238183	0.00330142	0.00296421	0.0126371	0.00489446	0.00513511	0.0209641	0.102241	
0.00215679	0.0140784	0.172048	0.025014	0.000687131	0.0872455	0.00563347	0.0133536	0.00730154	0.00990484	0.00559842	0.0084172	0.010012	0.0213905	0.0154137	0.120273	0.464004	0.00739409	0.00920342	0.000870426	
0.0172325	0.0108844	0.0115195	0.0063595	0.018355	0.0432016	0.0416129	0.00840468	0.417956	0.0075778	0.00126727	0.123469	0.00566526	0.0394914	0.107041	0.0225287	0.0108241	0.0512791	0.036793	0.018537	
0.0512551	0.00404613	0.00118265	0.026467	0.036352	0.0227755	0.565687	0.0331109	0.0462901	0.00116181	0.0304059	0.00417285	0.000519578	0.00479332	0.00917518	0.0269371	0.0415858	0.0452263	0.0258955	0.0229603	
0.290176	0.00501706	0.00415465	0.00487831	0.0274898	0.0831758	0.00896921	0.00454518	0.0550682	0.0172913	0.0117876	0.314278	0.00943343	0.107087	0.02454	0.00596958	0.00708598	0.00389374	0.0138211	0.00133745	
0.306629	0.0493625	0.00385122	0.0105689	0.0593009	0.0791387	0.03097	0.0142297	0.00360254	0.0178122	0.0123656	0.0108469	0.00472832	0.0205991	0.00882771	0.0138057	0.311959	0.00290997	0.0182719	0.0202204	
0.0136026	0.00520263	0.0113518	0.0399519	0.0329829	0.0229004	0.007944	0.00479372	0.0225627	0.0101505	0.0137979	0.0051264	0.0125932	0.00863133	0.0134009	0.00451197	0.0140983	0.00601214	0.0138872	0.736498	
0.0128457	0.00362033	0.0023939	0.00264317	0.00244764	0.00479191	0.0115687	0.124283	0.00576514	0.0186336	0.00386781	0.00785567	0.00324511	0.00228001	0.00374832	0.00245946	0.0144581	0.760766	0.00401017	0.00831645	
0.0726439	0.00206015	0.0982225	0.0119649	0.0196083	0.0150929	0.00184396	0.00157173	0.019296	0.00605337	0.00612424	0.199436	0.00528956	0.00869614	0.0226874	0.0601303	0.412909	0.00829261	0.0204352	0.00764122	
0.0427165	0.0056717	0.000881062	0.0164961	0.0894058	0.21777	0.00496447	0.0100216	0.153657	0.0438742	0.0343162	0.300528	0.0129683	0.0111104	0.00614883	0.00772674	0.00647503	0.00949639	0.0084278	0.0173439	
0.0385416	0.0130291	0.0241144	0.0180651	0.0149005	0.0181606	0.00835308	0.0112541	0.0437229	0.677382	0.00762269	0.0388269	0.00768458	0.00972882	0.00666181	0.00551124	0.0099346	0.0309667	0.00735061	0.0081885	
0.00684636	0.0100473	0.00536344	0.00802283	0.0514315	0.0105688	0.0213501	0.00370403	0.00530059	0.0103872	0.0151172	0.802464	0.00483416	0.00762213	0.00587489	0.00615114	0.00502991	0.00768084	0.00299273	0.00921066	
0.345137	0.00220738	0.0697609	0.0141393	0.0242197	0.0757231	0.0517583	0.0309073	0.132197	0.00824765	0.00569698	0.0735233	0.00481203	0.0606061	0.000770867	0.0120087	0.0222132	0.0388201	0.0155396	0.0117115	
0.733686	0.00342979	0.0125575	0.0168277	0.0100302	0.00999048	0.013012	0.00646171	0.0217845	0.0138848	0.00474684	0.0112964	0.0108589	0.0238474	0.00790671	0.0181734	0.0228884	0.0292891	0.0235734	0.00575461	
0.0108065	0.000717511	0.00991237	0.00755176	0.0176803	0.00779507	0.00632174	0.15435	0.0255045	0.577208	0.0103066	0.0315076	0.00194781	0.00828314	0.00523719	0.00438421	0.00863166	0.0898511	0.0125877	0.00941444	
0.213184	0.011571	0.0368271	0.269961	0.0363759	0.0140752	0.0307736	0.0158318	0.106711	0.0145087	0.017011	0.0145777	0.00944367	0.0484757	0.0214285	0.06335	0.0172154	0.013714	0.0191325	0.0258323	
0.0428642	0.00599868	0.0393305	0.00764849	0.0527701	0.232253	0.0299743	0.00188926	0.123093	0.0288147	0.0197285	0.150561	0.0109225	0.0621605	0.0046615	0.132173	0.0441821	0.00378147	0.000926346	0.00626678	
0.0735114	0.0304993	0.0251986	0.0986061	0.0151646	0.00287221	0.000912186	0.0150606	0.0291324	0.0211837	0.0188803	0.0078483	0.350374	0.0043979	0.00405918	0.0833063	0.200024	0.00286721	0.0115084	0.0045935	
0.119963	0.000965069	0.22816	0.284964	0.0252389	0.0423874	0.00218588	0.0194021	0.0100524	0.00907361	0.11179	0.0193589	0.0291687	0.0259204	0.010269	0.0307277	0.00636121	0.00767061	0.0155207	0.000820359	
0.147096	0.0123783	0.00940696	0.0212344	0.0477494	0.051436	0.023322	0.0178163	0.121099	0.401091	0.00977837	0.00875943	0.00431444	0.00825291	0.00856615	0.00270366	0.0110889	0.00858087	0.0293148	0.0560106	
0.280651	0.000787498	0.0201468	0.163355	0.00831125	0.0613079	0.039522	0.0196834	0.0402927	0.0845507	0.00574664	0.0195409	0.000717749	0.0789124	0.0454205	0.0374795	0.00603235	0.00749871	0.00638257	0.0736602	
0.0846803	0.00752455	0.124857	0.134193	0.00407699	0.114344	0.018718	0.0028161	0.163616	0.0113307	0.0149482	0.118363	0.0095632	0.0298047	0.00517191	0.112499	0.0193283	0.00976645	0.00855424	0.00584455	
0.0556167	0.0101345	0.00683922	0.0209992	0.0163722	0.0987477	0.0120072	0.00725039	0.237141	0.171479	0.0621852	0.0139704	0.0138869	0.094768	0.0429382	0.0355368	0.0135071	0.0466961	0.0325605	0.007364	
0.0137534	0.00825209	0.227816	0.0734775	0.0105656	0.0344949	0.00667832	0.0271577	0.0156086	0.0089773	0.00616686	0.11074	0.0811742	0.0110244	0.00303703	0.263446	0.0748289	0.013987	0.00226347	0.0065508	
0.0333862	0.0110101	0.0035483	0.0167041	0.00428002	0.0126981	0.0193422	0.139463	0.0215274	0.278485	0.00720616	0.0482873	0.0139761	0.00988093	0.00375421	0.0129904	0.00753615	0.304543	0.00766527	0.0437156	
0.0469637	0.00118698	0.087598	0.351432	0.0676996	0.0189133	0.0217076	0.0143865	0.00704316	0.0364948	0.0678684	0.0435172	0.00222317	0.00818371	0.00655849	0.0439029	0.0965582	0.0313265	0.0457036	0.000732552	
0.0881398	0.0455642	0.208869	0.314241	0.033013	0.000488307	0.00380313	0.00252971	0.0385826	0.0177846	0.013508	0.0406172	0.000796406	0.0583456	0.00508488	0.022683	0.0544549	0.0206416	0.0255336	0.00531971	
0.02401	0.0483776	0.0446078	0.0182731	0.00289067	0.00365095	0.00334653	0.21007	0.0118976	0.43687	0.0289089	0.0140379	0.0126295	0.00927038	0.0122604	0.00735108	0.0032135	0.0491143	0.021479	0.0377407	
0.0109772	0.00106519	0.0108498	0.00735009	0.0181579	0.0075544	0.00610312	0.15447	0.0253714	0.574013	0.0109636	0.03188	0.00194301	0.00886989	0.00528288	0.00498154	0.00865409	0.0879748	0.0141161	0.00942272	
0.286133	0.0045599	0.00337803	0.0319949	0.0216498	0.0427822	0.00827778	0.0588191	0.145453	0.0110028	0.0252096	0.0140871	0.00460926	0.0699412	0.0950591	0.0859762	0.0602356	0.00595829	0.00393206	0.0209413	
0.00650197	0.00215078	0.151393	0.0254094	0.0601145	0.0293068	0.0291592	0.0166483	0.0842777	0.0497627	0.00598006	0.308097	0.00140592	0.0403282	0.112739	0.0472939	0.0120613	0.00162557	0.0122848	0.00346084	
0.0108065	0.000717511	0.00991237	0.00755176	0.0176803	0.00779507	0.00632174	0.15435	0.0255045	0.577208	0.0103066	0.0315076	0.00194781	0.00828314	0.00523719	0.00438421	0.00863166	0.0898511	0.0125877	0.00941444	
0.037417	0.00659668	0.352428	0.0917947	0.00764511	0.0416472	0.00997808	0.0117482	0.0252086	0.0107376	0.0123598	0.122362	0.0471221	0.0190819	0.00888555	0.122561	0.0447936	0.0120793	0.00733721	0.00821636	
0.101309	0.0123955	0.0123965	0.0246582	0.0024119	0.0106209	0.00699043	0.0218762	0.0508372	0.0119908	0.00268373	0.0424107	0.0104168	0.0566791	0.033921	0.442555	0.129657	0.00551846	0.0121749	0.00849593	
0.0333929	0.011001	0.00355459	0.0167489	0.00427228	0.012721	0.0193412	0.138871	0.0216005	0.278578	0.00720183	0.0484572	0.0139772	0.00985262	0.00374361	0.0129937	0.00754005	0.304788	0.00763789	0.043726	
0.00980303	0.00643631	0.0777722	0.0196387	0.00853276	0.0132385	0.00184364	0.0210676	0.0680053	0.0188375	0.0275847	0.0709905	0.498335	0.00604733	0.00120142	0.0746967	0.0080943	0.0196815	0.0267624	0.0214308	
0.0109832	0.00194054	0.02325	0.0102334	0.00782428	0.00231445	0.0138659	0.0366628	0.073265	0.0198024	0.0122336	0.0127005	0.00295908	0.0672141	0.570328	0.00737643	0.00364571	0.0940794	0.00725764	0.0220635	
0.0597746	0.00717263	0.0110541	0.0112517	0.0427961	0.11494	0.00476674	0.00573557	0.0664645	0.00260231	0.0241392	0.0073937	0.0502692	0.061317	0.00954447	0.0187871	0.441081	0.0227801	0.025885	0.0122456	
0.687248	0.00305298	0.0109562	0.0149334	0.0141615	0.0182925	0.0118017	0.00606406	0.0275809	0.0147323	0.00429191	0.0114963	0.0121943	0.0170103	0.00731681	0.0175548	0.0297902	0.0431179	0.0418756	0.00652869	
0.00412956	0.00988632	0.00560713	0.00252868	0.00743949	0.0086316	0.0072059	0.453593	0.00374621	0.168794	0.00812568	0.018899	0.00684155	0.0292152	0.00907195	0.0195739	0.00622919	0.16953	0.018257	0.0426952	
0.0146007	0.00231563	0.0285682	0.016308	0.018908	0.00206795	0.014516	0.0414484	0.0685963	0.0182442	0.012589	0.0124643	0.00290892	0.0575801	0.558584	0.00663038	0.00472899	0.0942195	0.00664203	0.0180795	
0.00684738	0.00986542	0.00537271	0.00798392	0.0514535	0.0105948	0.0214013	0.00370645	0.00530372	0.0103686	0.0151483	0.80296	0.00484209	0.00764668	0.00566043	0.00613185	0.00503362	0.00759504	0.00288501	0.0091994	
0.00684738	0.00986542	0.00537271	0.00798392	0.0514535	0.0105948	0.0214013	0.00370645	0.00530372	0.0103686	0.0151483	0.80296	0.00484209	0.00764668	0.00566043	0.00613185	0.00503362	0.00759504	0.00288501	0.0091994	
0.0803349	0.00100094	0.00133286	0.0133369	0.0470967	0.497519	0.00935774	0.00623975	0.0476072	0.0424544	0.0126874	0.0793602	0.0120802	0.00965479	0.00521867	0.00303127	0.00210161	0.0217877	0.00825941	0.0995388	
0.00194864	0.00121018	0.0236155	0.00620057	0.0515142	0.495482	0.0263211	0.034967	0.0444918	0.0165986	0.0331413	0.0813912	0.0372286	0.030405	0.00874388	0.0240591	0.0227011	0.00213003	0.00385674	0.0539929	
0.0288948	0.0016215	0.00225436	0.0463788	0.028038	0.0209586	0.54145	0.0241944	0.042868	0.00148776	0.0778635	0.00742291	0.000844072	0.00386152	0.00649806	0.0206049	0.0310096	0.0403942	0.026619	0.046736	
0.254928	0.0165417	0.00513717	0.00893951	0.0986456	0.00386486	0.0160531	0.0405633	0.0434892	0.126594	0.0103267	0.0341463	0.00162168	0.0146891	0.0172888	0.0138322	0.00215391	0.0719896	0.0270079	0.192187	
0.00684738	0.00986542	0.00537271	0.00798392	0.0514535	0.0105948	0.0214013	0.00370645	0.00530372	0.0103686	0.0151483	0.80296	0.00484209	0.00764668	0.00566043	0.00613185	0.00503362	0.00759504	0.00288501	0.0091994	
0.096379	0.0116683	0.0117707	0.0223047	0.00199935	0.00984329	0.00641063	0.0214464	0.0507925	0.0115292	0.00326897	0.0403535	0.00949739	0.0525987	0.0344109	0.455807	0.133842	0.00607774	0.0123274	0.00767167	
0.0480257	0.0198868	0.0942553	0.00875666	0.124656	0.0167619	0.0070067	0.0833427	0.00473133	0.456553	0.0391183	0.00786213	0.00972956	0.0133834	0.00867877	0.0160561	0.00609386	0.0126108	0.0179941	0.00449705	
0.016682	0.0049207	0.0125055	0.029889	0.574239	0.0177364	0.00435112	0.0136042	0.0160085	0.00386839	0.00642559	0.00841927	0.00740975	0.037073	0.00765818	0.00132869	0.0359142	0.00755673	0.16071	0.0336997	
0.00555653	0.00568107	0.000257327	0.0155796	0.0120128	0.00302599	0.00447811	0.00498882	0.0061032	0.00814816	0.0178879	0.00510166	0.00389929	0.00365266	0.00556501	0.0076733	0.0034727	0.0104398	0.869507	0.00696895	
0.0749276	0.0262199	0.0740087	0.147421	0.0271793	0.0110943	0.00259768	0.0080026	0.106246	0.0079831	0.00866632	0.0436075	0.0119104	0.136155	0.013227	0.0764642	0.195008	0.0047063	0.0143304	0.0102435	
0.00412956	0.00988632	0.00560713	0.00252868	0.00743949	0.0086316	0.0072059	0.453593	0.00374621	0.168794	0.00812568	0.018899	0.00684155	0.0292152	0.00907195	0.0195739	0.00622919	0.16953	0.018257	0.0426952	
0.0385137	0.0144134	0.0178905	0.0990847	0.0057474	0.0136705	0.0130123	0.04679	0.0287154	0.327286	0.250725	0.0192537	0.0104618	0.00749945	0.00276903	0.00215599	0.0167526	0.00579008	0.0150411	0.064428	
0.152995	0.0064098	0.00609843	0.00372755	0.0506095	0.0967824	0.0608776	0.00525751	0.128903	0.0106724	0.0083756	0.00549844	0.00872687	0.0206794	0.00290082	0.316122	0.0792566	0.00226002	0.0271469	0.00670048	
0.0778428	0.00662885	0.00386379	0.00339288	0.00975643	0.025063	0.0109454	0.0049423	0.0187007	0.0188522	0.00730963	0.00541126	0.737208	0.00517172	0.00531219	0.0255926	0.0105896	0.00305915	0.00840305	0.0119549	
0.0107296	0.00171179	0.0950537	0.0395538	0.03378	0.147529	0.0101784	0.0087075	0.0845004	0.00224173	0.0101627	0.32639	0.0283434	0.0538768	0.00909471	0.0792005	0.00524147	0.0248752	0.0207918	0.00803744	
0.0386909	0.00547257	0.00194415	0.0065029	0.112683	0.552811	0.0210548	0.0129119	0.0504316	0.0315206	0.0461066	0.0266604	0.00320547	0.0205245	0.00303037	0.0128038	0.0300995	0.00215369	0.00834772	0.013044	
0.040549	0.00124377	0.00572377	0.0201862	0.0222768	0.389028	0.0650317	0.00646987	0.0633096	0.0288725	0.02791	0.127775	0.0296587	0.064096	0.00544752	0.0300667	0.050856	0.00423094	0.00246639	0.0148019	
0.0319895	0.00746293	0.00204408	0.00457357	0.14418	0.599107	0.00713046	0.0176652	0.028714	0.0466855	0.0401817	0.0085363	0.000776938	0.0168545	0.00282279	0.00836277	0.0114302	0.00170823	0.00894582	0.0108289	
0.0895915	0.0472908	0.00927657	0.187456	0.0648509	0.0444496	0.00872744	0.0082769	0.066747	0.064488	0.0302181	0.0300394	0.00828141	0.103302	0.0211418	0.0441508	0.0959573	0.00887737	0.0123836	0.0544925	
0.0796926	0.00609436	0.002343	0.0034731	0.00973016	0.0255167	0.0109023	0.00466148	0.018677	0.0187959	0.00725404	0.00543369	0.738894	0.00496582	0.00527837	0.0258824	0.0104307	0.00310129	0.0080561	0.0108177	
0.0310779	0.00982781	0.108234	0.0402317	0.0491249	0.0533921	0.0133867	0.0145921	0.0858167	0.00926746	0.0105832	0.0244222	0.00618744	0.0849006	0.00483168	0.10319	0.247068	0.0722047	0.0213809	0.0102796	
0.032703	0.00723838	0.00201829	0.00454298	0.141518	0.598499	0.00801377	0.0172064	0.0293713	0.0472658	0.0403008	0.00877692	0.000741088	0.0164521	0.00272857	0.0083813	0.0115729	0.0018077	0.00907235	0.0117896	
0.135535	0.0159547	0.113398	0.29043	0.032531	0.00351342	0.0100052	0.00369301	0.0743932	0.0104516	0.0465781	0.0383432	0.0113139	0.0109661	0.0800086	0.0751658	0.0102593	0.0135706	0.0182491	0.00564037	
0.0108065	0.000717511	0.00991237	0.00755176	0.0176803	0.00779507	0.00632174	0.15435	0.0255045	0.577208	0.0103066	0.0315076	0.00194781	0.00828314	0.00523719	0.00438421	0.00863166	0.0898511	0.0125877	0.00941444	
0.196453	0.0159239	0.00753581	0.023353	0.0296017	0.0607741	0.020563	0.00888262	0.162206	0.347897	0.0129276	0.00523647	0.00270564	0.00882303	0.00636136	0.00127347	0.00607106	0.0097901	0.0206811	0.0529402	
0.279808	0.00615413	0.097117	0.130939	0.00888984	0.0101447	0.00316855	0.0020646	0.160129	0.00646903	0.0101168	0.0177041	0.0054567	0.145862	0.00898452	0.0260121	0.056901	0.00979499	0.00432368	0.00996099	
0.719507	0.00248181	0.03213	0.023684	0.0100385	0.00812262	0.00989068	0.00549157	0.0179318	0.0161345	0.00868051	0.0130773	0.0126564	0.0352573	0.00538237	0.0172498	0.0149908	0.0245371	0.0121106	0.0106455	
0.0193956	0.00928165	0.0149198	0.0148191	0.033724	0.00436221	0.00485319	0.597047	0.00350439	0.00971091	0.00573043	0.00138678	0.00575458	0.193673	0.00473282	0.00617808	0.00341387	0.0189224	0.0403397	0.00825027	
0.00982369	0.0109759	0.270154	0.145397	0.0127758	0.00489066	0.0116223	0.0304943	0.0860692	0.0111519	0.0113739	0.188527	0.00237892	0.0325354	0.0109591	0.0103849	0.0905033	0.0321399	0.0270638	0.000779912	
0.128422	0.00390924	0.0802509	0.130729	0.0325059	0.00522941	0.0085694	0.00775943	0.137079	0.00532999	0.0012603	0.0435052	0.000903418	0.0821728	0.182964	0.0909749	0.0390171	0.00513909	0.00941387	0.00486623	
0.100194	0.00447391	0.148166	0.136751	0.0155738	0.0100447	0.0131023	0.0163791	0.0854011	0.00682979	0.00428268	0.0388772	0.00789484	0.102311	0.0105412	0.095163	0.170458	0.0026455	0.0121581	0.0187526	
0.0487985	0.00674105	0.0207247	0.0188151	0.410344	0.191207	0.0124606	0.0117618	0.0343259	0.0864263	0.0188404	0.0518043	0.00183896	0.0266602	0.0134041	0.00462811	0.00350192	0.00436761	0.00673638	0.0266129	
0.0317961	0.00745162	0.00212583	0.00456754	0.143505	0.59999	0.0070683	0.0178064	0.0285638	0.0464652	0.0399373	0.00878348	0.000802859	0.0169311	0.00285089	0.00842191	0.0113154	0.00170743	0.00897886	0.0109303	
0.00540694	0.00301023	0.0433745	0.0376909	0.0124828	0.0967518	0.016205	0.0170565	0.00934944	0.00470159	0.0416678	0.133207	0.00294786	0.0377555	0.00743262	0.471278	0.0335304	0.00297619	0.0223908	0.000783968	
0.00226361	0.00124475	0.00604844	0.0308199	0.472831	0.0161974	0.0032946	0.0138855	0.031443	0.165	0.0546695	0.00934887	0.0241385	0.0174127	0.021439	0.0130693	0.00632623	0.0683787	0.00521592	0.0369732	
0.112826	0.00178545	0.264185	0.278605	0.0255724	0.0347187	0.00165721	0.0181522	0.00978482	0.0100276	0.10746	0.0223026	0.0229026	0.021709	0.00877321	0.0287153	0.00533017	0.00697535	0.0170005	0.00151641	
0.27963	0.00927786	0.081205	0.18396	0.0146149	0.0180395	0.00301676	0.00596763	0.126174	0.0102647	0.00787569	0.0250227	0.0065657	0.0979469	0.00706301	0.0427631	0.0484064	0.010421	0.00602733	0.0157583	
0.00807016	0.00532393	0.0094206	0.0266745	0.569025	0.00755992	0.0336037	0.00239145	0.0545637	0.0563013	0.0786745	0.0365333	0.0563252	0.00690544	0.0168027	0.00350966	0.0132981	0.0059247	0.00204478	0.00704695	
0.0039183	0.00571467	0.025982	0.0083609	0.0119241	0.0197757	0.00692722	0.0183253	0.638315	0.0139003	0.00641756	0.0175313	0.0100959	0.113449	0.068489	0.00385197	0.00403241	0.00238623	0.0060953	0.014508	
0.132764	0.0104745	0.0923964	0.218755	0.0313445	0.0151045	0.00343043	0.00926175	0.0741295	0.0147813	0.00491748	0.0461896	0.00919317	0.0988539	0.0086408	0.0817922	0.119002	0.00678946	0.00694656	0.0152327	
0.279808	0.00615413	0.097117	0.130939	0.00888984	0.0101447	0.00316855	0.0020646	0.160129	0.00646903	0.0101168	0.0177041	0.0054567	0.145862	0.00898452	0.0260121	0.056901	0.00979499	0.00432368	0.00996099	
0.00807016	0.00532393	0.0094206	0.0266745	0.569025	0.00755992	0.0336037	0.00239145	0.0545637	0.0563013	0.0786745	0.0365333	0.0563252	0.00690544	0.0168027	0.00350966	0.0132981	0.0059247	0.00204478	0.00704695	
0.143608	0.00830888	0.0119966	0.0893219	0.00597497	0.00754368	0.0207258	0.0051972	0.0447669	0.0232107	0.00989319	0.134423	0.0118265	0.0553204	0.00570981	0.203171	0.146606	0.00982059	0.0352598	0.0273153	
0.279808	0.00615413	0.097117	0.130939	0.00888984	0.0101447	0.00316855	0.0020646	0.160129	0.00646903	0.0101168	0.0177041	0.0054567	0.145862	0.00898452	0.0260121	0.056901	0.00979499	0.00432368	0.00996099	
0.739093	0.00339939	0.014031	0.0187809	0.00912143	0.00872205	0.0132851	0.00555497	0.022031	0.0134593	0.00507897	0.0118733	0.0110001	0.0261996	0.00755354	0.0190893	0.0218226	0.0254621	0.0192161	0.00522603	
0.43014	0.00566268	0.00119428	0.0126627	0.0176304	0.211755	0.0300936	0.00115942	0.0892935	0.013715	0.0223003	0.0336827	0.0182196	0.0133812	0.00682845	0.031767	0.035731	0.00444904	0.0122035	0.00813062	
0.313956	0.00796107	0.0140186	0.0111485	0.0117599	0.168854	0.00654636	0.0464266	0.0776652	0.103481	0.00964191	0.00562295	0.00198689	0.00868172	0.00382135	0.013584	0.113534	0.0458613	0.0305563	0.00489261	
0.107621	0.00925036	0.0559215	0.0223115	0.0122602	0.204325	0.00321831	0.00304089	0.116595	0.00377296	0.0113176	0.021613	0.0053686	0.0256291	0.0206546	0.0822181	0.257552	0.00658182	0.00358753	0.0271613	
0.0109769	0.00193363	0.0232261	0.010234	0.00783447	0.00231557	0.0138739	0.0366822	0.0732116	0.0198045	0.0122768	0.0126923	0.00295767	0.0671844	0.570398	0.00738293	0.00367911	0.0940143	0.007253	0.0220691	
0.0245546	0.0267963	0.2758	0.0139746	0.0385694	0.0166308	0.0458382	0.0225569	0.0167388	0.0189387	0.0330425	0.0376561	0.0429512	0.172192	0.0637913	0.0196364	0.0449163	0.0225229	0.0195562	0.0433366	
0.00503196	0.00515778	0.000410721	0.015025	0.0242857	0.00289502	0.00403754	0.00459845	0.00569113	0.00725436	0.0165376	0.00469262	0.00354735	0.00326034	0.00486213	0.00689375	0.0031127	0.0094439	0.86584	0.00742175	
0.497535	0.0108265	0.00240928	0.00635021	0.0115201	0.0419345	0.0300205	0.00680789	0.0541593	0.0248519	0.0460063	0.0485939	0.00398652	0.0431174	0.00312154	0.00711968	0.00594825	0.114093	0.022136	0.0194616	
0.00498494	0.00508972	0.000512614	0.0149055	0.0308444	0.00289496	0.00402958	0.00457627	0.00569044	0.00717231	0.0164465	0.00469166	0.00353807	0.00325813	0.00480286	0.00679397	0.00311343	0.00931506	0.859513	0.0078265	
0.0273993	0.0146028	0.0352826	0.0252725	0.0110102	0.020656	0.00573473	0.00862076	0.0322444	0.682829	0.00499992	0.0424619	0.00858515	0.0114376	0.00573894	0.00575267	0.013696	0.0327753	0.00492988	0.00597053	
0.0268248	0.12527	0.0104039	0.0862983	0.00512068	0.038743	0.0192724	0.124774	0.0160507	0.013315	0.0212489	0.00738805	0.00707236	0.00780057	0.0123685	0.0530525	0.0785148	0.318472	0.00113932	0.0268701	
0.0290531	0.00866068	0.008342	0.002703	0.0127128	0.00626462	0.0120462	0.00669771	0.111729	0.0979086	0.004118	0.0745265	0.0051433	0.0117782	0.0657868	0.0183138	0.0602273	0.37334	0.0189917	0.0716564	
0.0193116	0.0105922	0.341198	0.00740679	0.0112522	0.129817	0.0491536	0.0104231	0.0453726	0.0121536	0.00875773	0.121328	0.000997344	0.0571061	0.00738973	0.0174795	0.118199	0.0119574	0.0134948	0.00660964	
0.138752	0.00797243	0.0910829	0.0619756	0.0132635	0.0131227	0.0188546	0.00826863	0.143033	0.028857	0.000976721	0.0716428	0.23476	0.0481124	0.0338544	0.0520831	0.00943005	0.00738482	0.00580024	0.0107737	
0.0546621	0.00545121	0.24165	0.0706306	0.0573904	0.09193	0.00928211	0.0141494	0.0524682	0.00693207	0.00834584	0.150954	0.0128027	0.114418	0.00589337	0.079608	0.00773188	0.00299472	0.0111685	0.00153695	
0.002549	0.000673621	0.0348227	0.0122264	0.0544968	0.473008	0.0397797	0.0331437	0.0633969	0.0156033	0.0303163	0.0628673	0.0230453	0.0226132	0.00696037	0.0288609	0.0376152	0.00377091	0.00643548	0.0478146	
0.0193817	0.00626498	0.00232607	0.0362019	0.0116244	0.00771621	0.00134817	0.00826296	0.551101	0.0124643	0.00216596	0.0338887	0.0080793	0.089038	0.0556368	0.080901	0.0477458	0.00513465	0.00712368	0.0135946	
0.0252409	0.0128174	0.0279009	0.0187861	0.0118691	0.0158064	0.00638072	0.0423222	0.0310767	0.661339	0.00572463	0.0413581	0.00667529	0.0102517	0.00570637	0.00499261	0.0117694	0.0474539	0.00621543	0.00631275	
0.160144	0.0323231	0.00622578	0.238781	0.0457633	0.00530617	0.0661183	0.0242611	0.0872582	0.0170921	0.00956449	0.00838252	0.00719585	0.123808	0.0210916	0.0541533	0.0185679	0.0404966	0.00625497	0.0272123	
0.0128457	0.00362033	0.0023939	0.00264317	0.00244764	0.00479191	0.0115687	0.124283	0.00576514	0.0186336	0.00386781	0.00785567	0.00324511	0.00228001	0.00374832	0.00245946	0.0144581	0.760766	0.00401017	0.00831645	
0.0268248	0.12527	0.0104039	0.0862983	0.00512068	0.038743	0.0192724	0.124774	0.0160507	0.013315	0.0212489	0.00738805	0.00707236	0.00780057	0.0123685	0.0530525	0.0785148	0.318472	0.00113932	0.0268701	
0.0958882	0.0115	0.0119538	0.0217161	0.00220835	0.0121223	0.00881476	0.0207958	0.0494619	0.0115953	0.00268295	0.0392951	0.00942435	0.0501008	0.0324679	0.463689	0.130967	0.00560222	0.0123434	0.00737132	
0.0019563	0.0181434	0.160386	0.0270428	0.00272998	0.0761822	0.00714781	0.0113003	0.00570627	0.0118869	0.00489745	0.00653637	0.0094569	0.022767	0.015024	0.115552	0.482955	0.0087976	0.00915066	0.00238043	
0.08954	0.00492573	0.00224754	0.00331029	0.00946867	0.0264035	0.0107139	0.00511073	0.0211277	0.0184128	0.00705324	0.00508498	0.725934	0.00496167	0.00519943	0.0265528	0.0103779	0.003373	0.0100602	0.0101414	
0.00684738	0.00986542	0.00537271	0.00798392	0.0514535	0.0105948	0.0214013	0.00370645	0.00530372	0.0103686	0.0151483	0.80296	0.00484209	0.00764668	0.00566043	0.00613185	0.00503362	0.00759504	0.00288501	0.0091994	
0.0267515	0.0275457	0.011334	0.00348934	0.047279	0.0185367	0.00337019	0.247062	0.00493108	0.00505637	0.0165598	0.0101271	0.000714621	0.393902	0.0019157	0.00909012	0.0666535	0.0141431	0.0377739	0.0537642	
0.00886307	0.008534	0.580849	0.00599715	0.0497902	0.00511957	0.00479209	0.00700928	0.0443664	0.0192649	0.0714135	0.0191774	0.00785131	0.09531	0.0206742	0.0238797	0.00446092	0.00149825	0.0178768	0.00327267	
0.00573744	0.00341484	0.0544205	0.0393707	0.0100538	0.0407724	0.00760655	0.0116888	0.0180251	0.00249578	0.0231172	0.339583	0.00318212	0.0233161	0.00539907	0.357785	0.0375959	0.00179817	0.0141856	0.000452211	
0.00881629	0.0183783	0.0601496	0.00512543	0.00468258	0.00358318	0.00400179	0.0110642	0.0131294	0.00399146	0.00765449	0.0038131	0.776287	0.0108824	0.00320244	0.00651639	0.00363632	0.00331169	0.027661	0.0241127	
0.0113684	0.00251499	0.0114587	0.00780251	0.0160359	0.00800053	0.00651196	0.156316	0.0232687	0.575485	0.0127789	0.029567	0.00207282	0.0073101	0.00557815	0.00467064	0.00821398	0.0847948	0.0147442	0.0115066	
0.0269928	0.0052762	0.0115993	0.13609	0.0104989	0.0078201	0.0116739	0.015121	0.00177595	0.00516657	0.35424	0.0105067	0.00357476	0.0400462	0.00704636	0.13868	0.183284	0.0108757	0.00794473	0.0117865	
0.0187201	0.0245267	0.173464	0.292083	0.0233419	0.0106312	0.0189247	0.00880804	0.0383996	0.0172754	0.017097	0.0112021	0.073214	0.05759	0.00222966	0.0303685	0.129691	0.00622017	0.0129257	0.0332861	
0.0147514	0.00386197	0.00160393	0.00453399	0.0101863	0.49201	0.0281177	0.00462157	0.121079	0.00417473	0.0316372	0.0818409	0.00646378	0.0346637	0.0224588	0.0221299	0.0336686	0.0478397	0.00737712	0.0269793	
0.110013	0.02359	0.00709264	0.00206608	0.0217331	0.197445	0.0319427	0.0374634	0.145123	0.135372	0.0359977	0.0395259	0.0062516	0.0893035	0.0222109	0.0416986	0.00719474	0.0247465	0.00558072	0.0156489	
0.0126156	0.0108953	0.008155	0.10267	0.0321097	0.00255274	0.00561009	0.045548	0.0678079	0.0143427	0.00223842	0.00900253	0.00424955	0.116759	0.0302149	0.00714736	0.261809	0.0353798	0.0154933	0.215399	
0.00881597	0.0184127	0.0602115	0.00508091	0.00468964	0.00358407	0.00400737	0.0110379	0.0131362	0.0039898	0.0076567	0.00376808	0.776342	0.0108895	0.0032029	0.0064712	0.00363906	0.0032995	0.0276352	0.0241294	
0.00461298	0.0106027	0.00559175	0.00449342	0.00745029	0.00821287	0.00819007	0.458783	0.00386838	0.168131	0.00767208	0.0177283	0.00675751	0.0321791	0.00861509	0.018912	0.00625604	0.161163	0.0197467	0.0410324	
0.0578937	0.0115708	0.0387438	0.0165695	0.0675326	0.0238261	0.0152042	0.0486803	0.0348585	0.542621	0.045214	0.00783252	0.00826597	0.00700352	0.00833778	0.0116402	0.00574526	0.0154804	0.0195136	0.0134663	
0.0577658	0.0033212	0.00153597	0.00570455	0.102431	0.561667	0.0087296	0.0140962	0.0314095	0.0557885	0.0183772	0.0381749	0.0049594	0.0117679	0.0032773	0.00442369	0.00330387	0.0106962	0.00934734	0.0532234	
0.012871	0.00437117	0.0134732	0.00799811	0.0157223	0.00779522	0.00718013	0.153128	0.0217085	0.572993	0.0152666	0.0297848	0.00213572	0.00672699	0.00559172	0.00524218	0.00761407	0.0817262	0.0170731	0.0115984	
0.0245546	0.0267963	0.2758	0.0139746	0.0385694	0.0166308	0.0458382	0.0225569	0.0167388	0.0189387	0.0330425	0.0376561	0.0429512	0.172192	0.0637913	0.0196364	0.0449163	0.0225229	0.0195562	0.0433366	
0.0120783	0.0054983	0.00235538	0.00265785	0.00240547	0.0042506	0.0123327	0.108747	0.0115376	0.0196976	0.00396811	0.0127416	0.00375361	0.00545655	0.00489278	0.00452679	0.0204291	0.746519	0.00505302	0.0110982	
0.415336	0.00875406	0.00664102	0.00132685	0.0447995	0.0113508	0.0138527	0.0118644	0.0518514	0.0291041	0.0329571	0.0287782	0.000443158	0.288038	0.0260477	0.0102274	0.000755052	0.00183419	0.0078387	0.00820033	
0.0137819	0.0242647	0.00857174	0.0137711	0.00724675	0.0164385	0.00416762	0.017459	0.0329986	0.786418	0.00678696	0.0107018	0.0104223	0.0081912	0.00726875	0.00724988	0.00437195	0.00878246	0.00203223	0.00907496	
0.0172325	0.0108844	0.0115195	0.0063595	0.018355	0.0432016	0.0416129	0.00840468	0.417956	0.0075778	0.00126727	0.123469	0.00566526	0.0394914	0.107041	0.0225287	0.0108241	0.0512791	0.036793	0.018537	
0.0124127	0.00532346	0.011637	0.0401534	0.0347459	0.020522	0.00837549	0.00459935	0.0218578	0.00981916	0.0139874	0.00529191	0.0129332	0.00710983	0.0137497	0.00457983	0.0123786	0.00579065	0.0146293	0.740103	
0.226631	0.0160099	0.0947565	0.00115465	0.0114625	0.00927194	0.00423323	0.00911752	0.0476545	0.0105785	0.0373789	0.013542	0.000197734	0.4462	0.036487	0.0166519	0.00218609	0.00576028	0.0017171	0.00900896	
0.00684738	0.00986542	0.00537271	0.00798392	0.0514535	0.0105948	0.0214013	0.00370645	0.00530372	0.0103686	0.0151483	0.80296	0.00484209	0.00764668	0.00566043	0.00613185	0.00503362	0.00759504	0.00288501	0.0091994	
0.01105	0.00197908	0.0249502	0.01064	0.00939673	0.00222331	0.0140116	0.0370492	0.0736063	0.0194942	0.0124169	0.0122732	0.00295343	0.0616199	0.570994	0.00722487	0.00360837	0.0977801	0.00685244	0.0198766	
0.0875981	0.00504765	0.00223127	0.00344818	0.00948414	0.0262891	0.0106678	0.00516399	0.0209038	0.0181979	0.00701447	0.00505877	0.728163	0.00486693	0.00511627	0.0260646	0.0102612	0.00343999	0.0101904	0.0107924	
0.0318467	0.0214274	0.438489	0.187569	0.0394694	0.00161875	0.000820919	0.0130165	0.0212682	0.00995474	0.0672728	0.0510633	0.00622477	0.0197797	0.0291767	0.0203519	0.00501756	0.00471364	0.0216097	0.00930979	
0.0211933	0.00499902	0.0108926	0.0386936	0.0304209	0.0322138	0.00711007	0.00499042	0.0239791	0.0123143	0.0145159	0.00481357	0.012886	0.0152766	0.013691	0.00447231	0.016056	0.00677065	0.0137265	0.710984	
0.00408713	0.00995212	0.00568349	0.00254429	0.00745192	0.00854967	0.00724169	0.454184	0.00374845	0.169135	0.0081397	0.0188016	0.00682134	0.0294871	0.00903945	0.0195259	0.00623155	0.168378	0.0182427	0.0427549	
0.094181	0.00548858	0.149045	0.123029	0.00242075	0.101279	0.016297	0.00389971	0.139798	0.0108824	0.0135041	0.118268	0.0115379	0.0544264	0.00565201	0.109358	0.0202871	0.00764627	0.00920352	0.00379531	
0.727676	0.00327405	0.0199418	0.0213384	0.0100704	0.00817481	0.0104928	0.00566584	0.0198327	0.0149125	0.00764852	0.0154978	0.0115611	0.0345451	0.00670746	0.0193175	0.0177366	0.0232578	0.0140336	0.00831519	
0.0348304	0.00994312	0.0256537	0.0427911	0.543186	0.0272433	0.0217368	0.033207	0.0284838	0.00190496	0.00438392	0.0117032	0.0169829	0.0621695	0.0237378	0.000680101	0.0760289	0.00712558	0.017499	0.010709	
0.00794189	0.0011693	0.0115862	0.0305382	0.453699	0.00640991	0.00976306	0.00264815	0.00896929	0.00744211	0.0109798	0.00699074	0.00690475	0.00785975	0.00332394	0.00326129	0.004914	0.00892526	0.341396	0.0652773	
0.00554967	0.00607028	0.0837558	0.0571482	0.0247238	0.00198886	0.0114206	0.0120685	0.04376	0.00445422	0.00608226	0.563528	0.00921597	0.0116346	0.00890458	0.116062	0.0262772	0.00192439	0.00468677	0.000744336	
0.0128457	0.00362033	0.0023939	0.00264317	0.00244764	0.00479191	0.0115687	0.124283	0.00576514	0.0186336	0.00386781	0.00785567	0.00324511	0.00228001	0.00374832	0.00245946	0.0144581	0.760766	0.00401017	0.00831645	
0.0128457	0.00362033	0.0023939	0.00264317	0.00244764	0.00479191	0.0115687	0.124283	0.00576514	0.0186336	0.00386781	0.00785567	0.00324511	0.00228001	0.00374832	0.00245946	0.0144581	0.760766	0.00401017	0.00831645	
0.00990914	0.00594751	0.102756	0.00362141	0.0497505	0.0189527	0.00127638	0.00110292	0.00269553	0.0750328	0.0628602	0.501007	0.0108139	0.0359474	0.0597961	0.00225543	0.00878592	0.00588608	0.0291438	0.012459	
0.0050217	0.00507247	0.000536658	0.0149236	0.0299795	0.00289961	0.00402781	0.00455714	0.0057002	0.00720329	0.0163908	0.00469834	0.00354942	0.00327651	0.00478685	0.00680631	0.00310761	0.00937862	0.860242	0.007842	
0.0374606	0.00663047	0.35353	0.0920784	0.0075823	0.0416075	0.00997025	0.011723	0.0251203	0.0108035	0.0123339	0.122451	0.0466541	0.0191527	0.00887432	0.121592	0.0447371	0.0121037	0.00734452	0.00825002	
0.190499	0.0295066	0.0162175	0.199663	0.0422243	0.00204266	0.0101717	0.0179512	0.204785	0.0208352	0.0120631	0.0196182	0.0149429	0.0759936	0.0335273	0.012019	0.00890053	0.0148449	0.0215241	0.05267	
0.0128457	0.00362033	0.0023939	0.00264317	0.00244764	0.00479191	0.0115687	0.124283	0.00576514	0.0186336	0.00386781	0.00785567	0.00324511	0.00228001	0.00374832	0.00245946	0.0144581	0.760766	0.00401017	0.00831645	
0.232632	0.00715082	0.0308282	0.170437	0.0110687	0.0412936	0.0120831	0.0343544	0.0213163	0.00319029	0.021921	0.0535982	0.00361123	0.0218622	0.0471139	0.221928	0.0502878	0.00467634	0.00873588	0.00191158	
0.109152	0.00100425	0.0824154	0.145304	0.00976714	0.00558406	0.00615084	0.0124267	0.170423	0.00903249	0.000608072	0.0374718	0.00123992	0.0537258	0.222506	0.0467632	0.0490345	0.00557506	0.0216597	0.0101553	
