0.00256831	0.00427953	0.00447093	0.000489587	0.0853596	0.000166965	0.000139326	0.0985763	0.00030672	0.680171	0.0869413	0.000246595	4.68071e-05	0.00692051	0.000156651	0.000358253	0.000684462	0.0273382	0.000322108	0.000456476	
0.0484443	0.00521121	0.0349221	0.00119308	0.00234333	0.0004213	0.00409252	0.0227794	0.594732	0.00592172	0.0953292	0.000259346	0.000225687	0.0156829	0.058832	0.0254152	0.0461333	0.0140479	0.000527782	0.0234856	
0.000735857	0.029518	0.000296923	0.000271906	0.00347686	0.000313777	0.000188742	0.495808	0.000196966	0.143141	0.000989616	0.000136374	6.48353e-05	0.000126894	4.0589e-05	0.00100465	0.000820169	0.312777	0.000890933	0.00920135	
0.00500948	0.000378001	0.0100822	0.00512135	0.782152	0.00242863	0.00250231	0.0457498	0.00273454	0.0776501	0.0132459	0.00600508	0.000996293	0.00792756	0.000694137	0.000473408	0.00187708	0.0299144	0.000156496	0.00490103	
0.169633	0.099452	0.00290421	0.000661049	0.00170328	0.00739453	0.0288005	0.00189718	0.00267947	0.00103049	0.0114318	0.00312355	0.000140404	0.0573785	0.000826291	0.415351	0.192111	0.000746964	0.000967667	0.00176787	
0.0232408	0.0683483	0.000470003	0.00112573	0.00313933	0.606072	0.0272707	0.0197149	0.037654	0.0241726	0.050226	0.0374373	0.0115588	0.0420228	0.000245974	0.00119351	0.0252506	0.0129337	0.000342775	0.00758034	
0.00227146	0.00145658	0.000307506	0.0404277	0.0277358	0.00129416	0.00624359	0.000649992	0.00366341	0.0665799	0.0136764	0.491293	0.00426953	0.0672414	0.0314344	0.0918436	0.0961693	0.0435723	0.00961133	0.000258412	
0.559798	0.000315886	0.000218983	0.00233344	0.00156481	0.0155464	0.0227701	0.0210007	0.0273236	0.00145616	0.0432255	0.0232959	9.2906e-05	0.0490391	0.000170499	0.229078	0.000251401	0.000206628	0.000844638	0.00146732	
0.000460268	0.000839001	0.000488832	0.17964	0.000251968	0.000647178	0.0995329	0.00769983	0.000629828	0.000449733	0.00104484	0.59869	6.47311e-05	0.00157795	0.000115319	0.0631856	0.0400678	0.00128313	0.000964973	0.00236638	
0.000378261	0.00149212	0.00441666	0.00260413	0.00318605	0.0144466	0.0118062	0.00191994	0.212946	0.0609585	0.0103841	0.0232546	0.334579	0.0197754	0.234616	0.000365948	0.00391744	0.0502568	0.00130803	0.00738827	
0.111491	0.00537679	0.0928968	0.210883	0.0109282	0.0217959	0.0111307	9.93151e-05	0.0527963	0.0104972	0.00665458	0.0163902	0.3086	0.0430987	0.0126003	0.0357398	0.0208488	0.0144465	0.000106138	0.0136193	
0.00551958	0.0110131	0.0137353	0.000825864	0.0336423	0.000312144	0.000201507	0.0706234	0.00227141	0.79078	0.0397397	0.000535516	8.21043e-05	0.000243125	0.000200527	0.000569997	0.00172815	0.0274596	0.000145851	0.000371356	
0.464936	0.00127312	0.000884862	0.000537045	0.00132171	0.00521278	0.0173316	0.00482522	0.0243686	0.00158579	0.018395	0.00613558	7.08696e-05	0.322702	0.00716076	0.0903643	0.0297369	0.000589198	0.00102317	0.00154537	
0.0697156	0.011744	0.0789267	0.419391	0.00120321	0.0122579	0.0316464	0.0109265	0.0877641	0.00126335	0.00117836	0.0445721	0.0014094	0.131424	0.0419305	0.0316097	0.0131784	0.00892388	4.09408e-05	0.000893983	
0.0644633	0.0083141	0.12586	0.264265	0.0149199	0.0100176	0.00167562	0.000606115	0.301787	0.0250642	0.00353521	0.0345734	0.00076706	0.0394557	0.0512271	0.0404634	0.0076216	0.0031725	0.00101945	0.00119147	
0.000135057	0.003578	0.000203495	0.000142018	0.00371454	0.000283671	0.00318193	0.820789	0.000332791	0.0060436	0.0227761	0.000265816	0.000873826	0.00203557	0.000100658	0.000791986	0.0022166	0.112626	0.00808148	0.0118279	
0.406928	0.128273	0.00106194	0.00357965	0.000137899	0.0309288	0.026972	0.00330758	0.0218247	0.00254624	0.0195686	0.000523587	0.000274217	0.0650056	6.40975e-05	0.0778003	0.0121719	0.198835	7.29034e-05	0.000124926	
0.0577514	0.000211278	0.167631	0.205206	0.00434265	0.0388016	0.00761499	0.000125643	0.225519	0.00201494	0.00146745	0.0521304	0.00222816	0.0587567	0.066851	0.0707181	0.0299694	0.00389496	0.000116444	0.00464871	
0.0253355	0.0223097	0.0149369	0.0114253	0.0726329	0.00010584	0.159021	0.0791641	0.0112282	0.03538	0.0501924	0.0201264	5.35355e-05	0.017858	0.050853	0.0823214	0.0401286	0.0553613	0.000198887	0.251367	
0.248987	0.00395071	0.0030674	0.00321648	0.00514002	0.00064374	0.000597755	0.0644798	0.0164756	0.325496	0.107697	0.0026714	0.0001293	0.000705077	0.000294025	0.00548654	0.0212581	0.077315	0.00124529	0.111144	
0.0050938	0.000188692	0.101673	0.0788368	0.00879819	0.362251	0.04723	0.019004	0.109316	0.000555675	0.0128722	0.144204	0.000473683	0.0384026	0.00493643	0.0467758	0.00153831	0.000199659	0.000212918	0.0174379	
0.0531673	0.0331861	0.000755747	0.0117694	0.000626865	0.00347735	0.00469292	0.256202	0.0127488	0.17016	0.0833002	0.0010417	0.000343997	0.0269591	0.0439142	0.000607151	0.103997	0.192076	0.000170003	0.000804923	
0.0060099	0.0011508	0.0156947	0.152023	0.00619642	0.00259266	0.00779088	0.000886219	0.0510134	0.000209868	0.00772944	0.10772	0.403885	0.0615066	0.0524277	0.0566435	0.0426948	0.016016	0.000445237	0.00736324	
0.00358754	0.0102791	0.0587056	0.00292448	0.00188032	0.00124656	0.000627386	0.0598501	0.0083352	0.671538	0.0261328	0.0070817	0.000407181	0.0081102	0.00584997	0.0110327	0.00985689	0.0985863	0.00301065	0.010957	
0.0492278	0.0310701	0.000748642	0.000436085	0.00559195	0.580272	0.0198497	0.00395658	0.0214355	0.0516155	0.00911862	0.00913713	0.000643192	0.0450157	0.00367299	0.0958462	0.0339932	0.0269377	0.000858324	0.0105728	
0.0537733	0.000112146	0.163254	0.0921571	0.000156029	0.0670221	0.00661832	0.00291222	0.158852	0.000703807	0.00236863	0.106337	0.223421	0.0226918	0.023003	0.0605385	0.00889103	0.00595699	0.000281241	0.000949784	
0.573281	0.000807822	0.00277588	0.000493367	0.000259124	0.00751751	0.00222142	0.0197649	0.00524338	0.016916	0.0225479	0.000841629	8.90952e-05	0.028932	0.000108754	0.169369	0.022798	0.107296	0.0157085	0.0030295	
0.000414837	0.000238773	0.229565	0.0107702	0.00233809	0.0111839	0.0734737	0.0123569	0.09255	0.0367899	0.0491798	0.0659777	7.3408e-05	0.00833521	0.0566214	0.160021	0.158247	0.026078	0.000145725	0.00563952	
0.00489487	0.0254903	0.000287702	0.000171703	0.00179998	0.000276677	0.000671583	0.161091	0.00132315	0.0523858	0.00615213	0.000354251	0.000156836	0.00114743	8.50319e-05	0.0198837	0.012028	0.708779	0.000326982	0.00269413	
0.0100684	0.000437207	0.033618	0.115911	0.0204584	0.252999	0.0129925	0.0114259	0.145022	0.00740683	0.000607039	0.0822057	0.000762157	0.0227622	0.124963	0.0986457	0.0572428	0.000619391	0.000593633	0.00125971	
0.0220934	0.000201044	0.0226716	0.0529922	0.000850959	0.000126118	0.039573	0.000496022	0.107471	0.00753065	0.000636162	0.0156188	0.00222504	0.0342788	0.420354	0.0294135	0.105879	0.137215	0.000176628	0.000196299	
0.0242688	7.21924e-05	0.0378309	0.0322212	0.594924	0.0861476	0.00600817	0.000844885	0.054108	0.00121104	0.0167734	0.0198541	0.0221299	0.0178515	0.0603339	0.000261775	0.0135067	0.000153182	0.00410127	0.007397	
0.0646374	0.00139972	0.00182732	0.00558762	0.00187416	0.00405077	0.00641305	0.000405591	0.0134659	0.00347631	0.0148577	0.0345207	0.00739933	0.0267498	0.000193552	0.799323	0.00255335	0.00955876	0.000953826	0.000752395	
0.00162025	0.00582901	0.818451	0.0024796	0.0162633	0.000159174	0.000533492	0.000292325	0.000447475	0.0438328	0.0317664	0.0252822	0.0237869	0.00604425	0.00656983	0.00777939	0.000323374	0.000272263	0.00794916	0.000317937	
0.0109882	0.000228605	0.000747535	0.00412964	0.000163812	0.867911	0.000328522	9.30479e-06	0.00257353	0.0034333	0.0212433	0.00780913	0.000114428	0.0393404	0.00941074	0.0247306	0.000160504	2.91426e-05	4.60741e-05	0.00660237	
0.000323468	0.00964159	0.000223969	0.37768	0.0249722	0.000219973	0.0777072	0.01093	0.00082841	0.0174097	0.0209487	0.352187	0.0141394	0.000568072	0.0140176	0.0335593	0.0232816	0.000204305	0.00490711	0.0162505	
0.000683152	0.0595132	0.00208664	0.0139883	0.00893807	0.00108319	0.00237852	0.480465	0.000868567	0.0327371	0.00102029	0.00797933	0.0114228	0.0190383	0.000185682	0.0144633	0.0858115	0.241281	0.00957491	0.00648053	
0.12076	9.18442e-05	0.00472551	0.0181284	0.0494067	0.149998	0.0156276	0.000202837	0.0857061	0.00333955	0.0305254	0.0716996	0.00174099	0.00830457	0.167879	0.169957	0.0293419	0.00212443	0.000321792	0.0701186	
0.0197376	0.0502226	0.000284079	0.000233605	0.00160451	0.000100843	0.000399155	0.232565	0.0187437	0.022297	0.00189394	0.0104954	0.00913777	0.00455084	0.000206568	0.000125533	0.000161925	0.583667	0.0087949	0.0347786	
0.00477292	0.00301698	0.0112877	0.209127	0.00377086	0.00069494	0.00873065	0.00154793	0.0655635	0.000312727	0.0135077	0.128047	0.222969	0.0975498	0.0731319	0.0936657	0.0298159	0.0146672	0.001598	0.0162228	
0.00153182	0.00769462	0.00125333	0.0027279	0.0241045	0.000545229	0.00267872	0.715705	0.00108487	0.140134	0.00793487	0.000898574	0.0113486	0.00190656	0.000347103	0.000513152	0.00304292	0.0577604	0.00417633	0.0146112	
0.0132715	0.00399317	0.136444	0.260477	0.00423981	0.136373	0.0414546	0.00308232	0.0370845	0.0196873	0.00617396	0.18592	0.00174165	0.060374	0.0324667	0.0240599	0.0124297	0.00128818	9.35672e-05	0.0193458	
0.000428888	0.0270486	0.0435129	0.61543	0.0201578	0.000264185	0.000958402	0.0257808	0.000346885	0.0203946	0.041472	0.0220073	0.0272975	0.00632773	0.0211241	0.0559276	0.0544327	0.00309838	0.0128058	0.00118418	
0.0025151	0.000526047	0.0136003	0.0881383	0.000329378	0.0124297	0.038477	0.00572428	0.00619513	0.000399112	0.0208943	0.437303	8.93815e-05	0.0298938	0.00778556	0.21715	0.0942437	0.0230733	0.000361266	0.000871328	
0.0040115	0.0316201	0.000217738	0.00102055	0.0149004	0.000116436	0.00934344	0.202333	0.00325241	0.0108525	0.000688154	0.00156035	0.00175039	0.00447035	0.000237194	0.00218765	0.00488504	0.693655	0.00427292	0.0086249	
0.0107279	0.000130398	0.000973293	0.00433463	0.00478061	0.86343	0.000738358	0.000447429	0.00296158	0.00525081	0.0215963	0.0117672	0.00140286	0.0342292	0.0078544	0.0223127	0.000664907	8.33488e-05	4.88641e-05	0.00626563	
0.0452594	0.0423325	0.128996	0.41691	0.00373702	0.0127397	0.0116138	0.00540338	0.0812589	0.00653013	0.00434037	0.0331577	0.000355358	0.0801592	0.0548279	0.0417635	0.0139227	0.0147565	6.02261e-05	0.00187594	
0.0013548	0.0341854	0.676809	0.0335	0.0254225	0.000270378	0.0661362	0.0208523	0.00962377	0.00274493	0.0405261	0.0138862	0.000965659	0.00335498	0.00132988	0.0274244	0.0273028	0.000490748	0.0127657	0.00105407	
0.0375153	0.0207511	0.000265384	0.00866978	0.0016336	0.00159892	0.00945454	0.106608	0.00421961	0.0146325	0.103336	0.00171741	0.000256443	0.00298088	0.000670694	0.00175974	0.0316413	0.619038	0.00468136	0.0285697	
0.0362261	7.33236e-05	0.000231777	0.0380079	0.475054	0.120259	0.00034366	0.000250746	0.0557876	0.000225797	0.0300169	0.00422297	0.023725	0.029722	0.0258868	0.000271648	0.0212414	0.000253731	0.00886967	0.12933	
0.000990112	0.0248186	0.000229613	0.000249108	0.00327995	0.000266306	0.000176645	0.496285	0.000171122	0.13328	0.000971377	0.00013378	5.77476e-05	0.000158225	4.04907e-05	0.00117974	0.000896551	0.325659	0.00116917	0.00998843	
0.000833843	0.0249754	0.000221457	0.000246705	0.00330454	0.000258602	0.000164479	0.497269	0.000166258	0.133399	0.000973588	0.00013727	6.2567e-05	0.000115963	3.92677e-05	0.00115737	0.00092261	0.324743	0.00108928	0.00992019	
0.179521	0.0152215	0.0117727	0.000164147	0.0175321	0.0284624	8.73974e-05	0.0407	0.000163657	0.000180511	0.0185749	0.0321876	8.56229e-05	0.467871	7.39178e-05	0.0424719	0.0810431	0.0447007	0.00456371	0.0146222	
0.0145076	0.00096826	0.0130453	0.0161046	0.00104416	0.00704317	0.00468519	0.0143575	0.0197909	0.000586805	0.0412837	0.0151637	0.329852	0.00402728	0.00139427	0.480719	0.0217013	0.0124202	0.000414479	0.000890554	
0.000693392	0.00908104	0.0292179	0.0304299	0.00491513	0.0253829	0.0281648	0.0597282	0.000476374	0.034567	0.0106155	0.00125369	0.000250487	0.042348	0.000321117	0.00539082	0.586148	0.10636	0.0137142	0.0109416	
0.0476143	0.481354	0.000685125	0.00688323	0.000848883	0.0218391	0.0445043	0.000284372	0.000919318	0.00780698	0.044338	0.00664128	0.00112325	0.0238117	5.72973e-05	0.25959	0.00230535	0.0451652	0.000473154	0.00375523	
0.19854	0.0294372	0.0483597	0.097957	0.013726	0.0119764	0.0192141	0.000262091	0.0403689	0.00805925	0.0206165	0.023882	0.232874	0.0411669	0.0148128	0.0763041	0.0493368	0.0377591	0.000262035	0.0350854	
0.000130097	0.00801199	0.161373	0.0201923	0.0553106	0.00698184	7.85865e-05	0.00589951	0.0301225	0.000566956	0.0209363	0.0408923	0.610261	0.00018417	0.000651496	0.00133641	0.000952423	0.0143784	0.00726443	0.0144751	
0.180871	0.00750688	0.000801415	0.000461159	0.000505658	0.0146988	0.0301488	0.0220294	0.0133199	0.000227243	0.00129608	0.00296837	0.00107302	0.0553791	0.000992418	0.0256244	0.0781063	0.529999	0.00896747	0.0250234	
0.175464	0.00417993	0.000350236	0.0358715	0.0197136	0.0210389	0.000258411	0.00030538	0.000187501	0.0486732	0.0410045	0.517079	0.0126248	0.0514981	0.000642027	0.0164567	0.00846703	0.0346051	0.0113434	0.000237244	
0.0156584	0.0108673	0.414125	0.207488	0.00593514	0.000206614	0.0219032	0.0422914	0.000341807	0.00218956	0.0261376	0.0456356	0.000595518	0.016713	0.013507	0.0141151	0.126409	0.00354806	0.0169366	0.0153966	
0.00859627	0.00666877	0.000181046	0.152054	0.00907758	0.00118202	0.200817	0.00203209	0.00154727	0.00588209	0.0184916	0.504023	0.000257863	0.000266806	0.00135459	0.0370886	0.0185066	0.0224652	0.00439087	0.00511636	
0.00295177	0.00876949	0.00987391	0.000329281	0.0306679	0.000182487	0.000138615	0.0750065	0.000237085	0.797184	0.0434403	0.000426762	4.84297e-05	0.000204413	0.000210455	0.000587856	0.00144625	0.0279687	8.50088e-05	0.000241179	
8.9553e-05	0.0100362	0.000388172	0.000251077	3.37577e-05	2.88936e-05	7.62063e-05	0.02203	0.00165934	0.0227367	0.755682	0.000337451	3.53384e-05	0.00113584	0.0016402	0.000238518	0.00597549	0.0205798	0.137416	0.0196296	
0.00267739	0.0184745	0.000148434	0.53485	0.0897591	0.000245645	0.00269074	0.0248136	0.000212046	0.00774141	0.0467701	0.042662	0.00402215	0.0177523	0.00459531	0.0371268	0.0451269	0.000396692	0.00859747	0.111337	
0.0174496	0.023113	0.023615	0.0130087	0.0115663	0.00726749	0.000197288	0.0647903	0.00412534	0.734122	0.0572414	0.00519854	0.000104423	0.00064593	0.0012415	0.00182192	0.00400247	0.0171626	0.00067302	0.0126534	
0.00283705	0.00875282	0.00962819	0.000343147	0.0304886	0.000182342	0.000124435	0.0753347	0.000231638	0.79705	0.0439061	0.000418898	4.71203e-05	0.000202972	0.000215877	0.000597838	0.00141506	0.0278649	8.75263e-05	0.000270293	
0.000721086	0.0319531	0.000298015	0.000282885	0.00347975	0.000304648	0.000195829	0.496866	0.000212191	0.145221	0.00102536	0.000139856	7.48913e-05	0.000132088	4.19743e-05	0.000989087	0.000809681	0.308171	0.000740777	0.00834016	
0.0200994	0.0384	0.139613	0.0330925	0.0122499	0.0176476	0.00196477	0.0919822	0.000308632	0.0660256	0.555621	0.00238976	0.000347571	0.000748838	0.000152792	0.000183475	0.0157383	0.000150785	4.95319e-05	0.00323381	
0.0845075	0.00684071	0.000159869	0.000274057	0.00105839	0.0122854	0.0196423	0.471897	0.00149003	0.130849	0.0213738	0.00223678	4.9482e-05	0.0159718	0.000406028	0.0089617	0.0703771	0.134414	0.00207376	0.0151314	
0.000471821	0.000744178	0.888389	0.000867456	0.00549749	0.000189186	0.00144551	0.000313144	0.000621086	0.0176294	0.0325642	0.011174	0.00163562	0.00409863	0.000335643	0.0217515	0.000524937	0.000445478	0.0105679	0.000734159	
0.759081	0.00165654	0.000238878	0.000181862	0.00131136	0.00153647	0.0190453	0.0231063	0.0479514	0.00950036	0.0344488	0.0310503	0.000680229	0.0305875	0.0139889	0.021179	0.000353942	0.000274815	0.002788	0.0010387	
0.101215	0.0549752	0.00920649	0.0077457	0.0399242	0.00752944	0.000358193	0.0311162	0.0157682	0.627697	0.0302073	0.0171297	8.86703e-05	0.000505546	0.000428937	0.00633429	0.0157345	0.0245747	0.00262884	0.00683236	
0.0141099	0.00193287	0.0351954	0.0089024	0.00935037	0.00112325	0.000284379	0.00211494	0.484483	0.000312845	0.00406262	0.0305567	2.18146e-05	0.00334082	0.356666	0.00950415	0.00378682	0.0272869	4.57411e-05	0.00691945	
0.00933403	0.00136041	0.023052	0.018433	0.0434532	0.00335754	0.0112528	0.00112059	0.00119881	0.00653465	0.000984106	0.0295422	0.000166181	0.00287077	0.8145	0.00448882	0.00360675	0.00794183	0.000170552	0.0166314	
0.565123	0.000367801	0.000271501	0.00256683	0.00167085	0.0154817	0.0220818	0.0216242	0.0279087	0.00152151	0.0415385	0.0234657	9.26751e-05	0.0483228	0.000402726	0.224701	0.000303689	0.000224397	0.000852399	0.00147791	
0.000790314	0.000332876	0.110576	0.0698035	0.000347949	0.0291277	0.0312312	0.0421233	0.0284185	0.0010572	0.0467596	0.0376326	0.000130879	0.0361035	0.025474	0.493062	0.000528337	0.0457661	0.000374521	0.000360007	
0.823365	0.0191188	0.000588798	0.00010049	0.000543596	0.00948597	0.0101036	0.00280193	0.00584017	0.000394715	0.00116959	0.00999304	0.000558127	0.0691959	0.000706653	0.00905915	0.00846625	0.0234525	0.000875057	0.00418035	
0.12076	9.18442e-05	0.00472551	0.0181284	0.0494067	0.149998	0.0156276	0.000202837	0.0857061	0.00333955	0.0305254	0.0716996	0.00174099	0.00830457	0.167879	0.169957	0.0293419	0.00212443	0.000321792	0.0701186	
0.00448899	0.000870299	0.0107062	0.143531	0.0300634	0.000240836	0.00368644	0.000697667	0.045979	0.0022432	0.000623467	0.00977265	0.000359394	0.0333304	0.359104	0.128377	0.0654016	0.143456	0.00028322	0.0167857	
0.0445473	0.036201	0.00563373	0.0114875	0.000293022	0.00352693	0.02466	0.717024	0.000495363	0.000406061	0.000497265	0.000429073	0.00882704	0.0572477	0.000445512	0.000870234	0.000290675	0.0441462	0.0123743	0.0305976	
0.0222204	0.016705	0.00279379	0.028014	0.0137636	0.00913488	0.00309212	0.0106874	0.000861526	0.0055758	0.00192824	0.256968	0.000191553	0.0574401	0.000599204	0.00998152	0.501906	0.0492186	0.00563815	0.0032798	
0.574672	0.00929672	0.000461293	0.000518735	0.00931075	2.54349e-05	0.00730272	0.123448	0.00177384	0.00871863	0.00194988	0.00187921	0.00690634	0.0118249	3.47765e-05	0.00290575	0.00852528	0.230395	1.4288e-05	3.62103e-05	
0.0211422	0.0372819	0.000701725	0.000844257	0.00112628	0.000371916	0.0286005	0.0942281	0.0039783	0.00068463	0.00168231	0.000860499	0.00340749	0.0469979	0.003185	0.000903469	0.0068406	0.704711	0.0142249	0.0282265	
0.0012799	0.0226957	0.000970665	0.0020303	0.000369198	0.000951207	0.00239572	0.433092	0.00127685	0.131613	0.213708	0.000618246	0.000898549	0.0077536	0.00489697	0.00411398	0.00056699	0.133509	0.00771596	0.0295441	
0.000124469	0.00974925	0.162807	0.0191425	0.0557635	0.00975051	0.000112562	0.00567072	0.0288138	0.000557762	0.0221723	0.0388594	0.607257	0.000154281	0.000613445	0.00105257	0.00111013	0.0133429	0.00750935	0.0154374	
0.0465036	0.00964892	0.00038413	0.088215	0.0077914	0.00064519	0.00670931	0.00122359	0.00668782	0.000146923	0.0439472	0.0138056	0.0117087	0.0225748	0.00041492	0.000103727	0.0172637	0.00148407	0.000433276	0.720308	
0.0532657	0.000127335	0.00140175	0.0525215	0.27353	0.0823553	0.000827775	0.000268563	0.0288445	0.00527153	0.0935427	0.00206172	0.00231277	0.0359507	0.00339156	0.000289879	0.0335755	0.000213403	0.00562821	0.32462	
0.00728933	0.000405712	0.000170027	0.000366871	0.188013	0.549834	0.007278	0.0223248	0.0587676	0.0140755	0.0452125	0.0138378	0.0137394	0.0227439	0.000991754	0.000937124	0.00233054	0.000181073	0.000133688	0.0513677	
0.0449461	0.000524414	0.0001656	0.0300432	0.00212396	0.0260691	0.000433472	0.126141	0.0175796	0.0471178	0.0497525	0.000870685	0.0139108	0.0207144	0.0373885	0.000467332	0.0197727	0.0932557	0.00869353	0.460029	
0.624712	0.00362924	0.00129217	0.000843266	0.000410315	0.0720857	0.0184083	0.0140378	0.0286591	0.000717029	0.0391078	0.0903913	6.43356e-05	0.049613	0.00123496	0.0488082	0.0014657	0.00350141	0.000534561	0.000483898	
0.0355751	0.000483486	0.089798	0.0073246	0.0939486	0.000452777	0.00143887	0.0126805	0.036287	0.00527215	0.00117982	0.00783242	0.000401557	0.000603145	0.651773	0.00177981	0.00419277	0.0195725	0.000160993	0.0292424	
0.30717	0.0099645	0.00601838	0.000118738	0.00348247	0.0145571	0.000142678	0.00113919	0.0177482	0.000484235	0.00221812	0.00048195	8.15099e-05	0.506583	0.00143215	0.0783822	0.0220306	0.0211993	0.00250681	0.00425805	
0.000278413	0.0261807	0.488123	0.0240413	0.028942	0.000151377	0.000428858	0.0490125	0.000576722	0.0496232	0.172141	0.000382562	0.0503955	0.000331035	0.0300861	0.0254301	0.0477987	0.000187248	0.00565211	0.000237502	
0.0170166	0.000288574	0.0746108	0.0193931	0.0959987	0.00062705	0.00151107	0.0044298	0.00625925	0.00899031	0.000765338	0.0129306	0.000200227	0.000569552	0.720625	0.0019662	0.00296435	0.00606498	0.000131219	0.0246567	
0.0134752	0.00270668	0.0169051	0.000155277	0.0270047	0.00051713	0.000398532	0.000235976	0.667511	0.00299945	0.000396629	0.00158637	0.00322513	0.00782801	0.202631	0.00680954	0.00259752	0.0261497	0.000453484	0.0164142	
0.284974	0.00853614	0.112213	6.11286e-05	0.00194666	0.0325387	0.000137688	0.00107089	0.000527207	0.00340707	0.0256481	0.013445	0.168723	0.0282075	0.000876129	0.239814	0.0611553	0.00906939	0.00630951	0.00133887	
0.0212215	0.000611307	0.0392183	0.0245592	0.0970476	0.001286	0.00440144	0.00200795	0.0017689	0.00646615	0.000416196	0.0204602	0.000106481	0.00123544	0.742118	0.00199446	0.00164839	0.0111673	0.000103336	0.0221622	
0.0172805	0.0231063	0.094861	0.292474	0.00206763	0.000188868	0.00311722	0.00854036	0.00465528	0.000209868	0.000911881	0.00146947	0.0481254	0.00433833	0.0203197	0.00432111	0.203126	0.248136	0.0205333	0.00221751	
0.0328027	0.00833362	0.0863279	0.0169532	0.0103595	0.0220448	0.000596758	0.0491352	0.0376954	0.000364655	0.0495881	0.0482963	0.569217	0.000945226	0.000396009	0.0284468	0.000469681	0.0198447	0.00881126	0.0093717	
0.0421188	0.0370109	0.00754293	0.0114627	0.000310352	0.0039688	0.0235844	0.718322	0.000453699	0.000307248	0.000430142	0.000455921	0.00992244	0.0587705	0.000451527	0.000768955	0.000292851	0.0401081	0.0125605	0.0311573	
0.0133554	0.000252732	0.0105784	0.00672168	0.00153016	0.00407737	0.0227724	0.000262903	0.00066009	0.00166401	0.00168844	0.000212796	0.000120928	0.0784017	9.33344e-05	0.348278	0.500298	0.00700424	0.00073185	0.00129572	
0.765377	0.0011205	0.000205811	0.000189896	0.00101576	0.0019273	0.0184627	0.023279	0.0485977	0.00774877	0.0349716	0.0289717	0.000654885	0.0295248	0.0101359	0.0235827	0.0001827	0.000187274	0.00293843	0.000925192	
0.0314787	0.00448373	0.0216401	0.000184654	0.0661577	0.00300709	0.00607747	0.00118302	0.638163	0.0103849	0.000364383	0.000720325	0.00866157	0.00379176	0.129668	0.00552462	0.00145032	0.0417912	0.00190648	0.0233613	
0.00298554	0.0392098	0.00326253	0.00362384	0.000524321	0.00135421	0.00069217	0.00183663	0.0231978	0.526656	0.0160297	0.043967	0.000332263	0.000918901	0.000271625	0.00417936	0.117676	0.181832	0.00157877	0.0298718	
0.025208	0.0248978	0.000188837	0.00198101	0.0106055	0.00121759	0.0017142	0.0708895	0.00252792	0.0322117	0.045656	0.000577545	9.05478e-05	0.00284799	0.00087085	0.0031832	0.0596914	0.701574	0.00281101	0.0112553	
0.764124	0.00182176	0.000237268	0.000183194	0.00255443	0.00154796	0.0179157	0.0233924	0.0476104	0.0078974	0.0342128	0.0309206	0.000787986	0.0290827	0.0103569	0.0216037	0.000402538	0.000300094	0.00350177	0.00154653	
0.00347273	0.00701546	0.274167	0.00153272	0.034232	0.00206355	0.000219718	0.0003498	0.00880094	0.0556321	0.00497655	0.446835	0.122485	0.00217173	0.00904093	0.00934501	0.00470454	0.00320959	0.00950895	0.000236923	
0.0498343	0.0029894	0.065046	0.0251879	0.0359904	0.0533731	0.00845311	0.0117096	0.00393654	0.449896	0.253817	0.0234719	0.000937367	0.00274722	0.000724559	0.000469121	0.00382442	0.00473414	0.00031234	0.00254528	
0.00795545	0.000308262	0.00205698	0.00149335	0.0250418	5.83467e-05	0.000167545	0.351725	0.000282923	0.518226	0.063198	0.000363057	0.000872348	0.000125985	0.000334242	6.03375e-05	0.0001401	0.0213037	0.0001297	0.00615709	
0.0390625	0.0394849	0.00303721	0.266531	0.00129662	0.00414177	0.0175487	0.000890112	0.00674044	0.000846912	0.0137894	0.0185606	0.000182434	0.0674527	0.00387183	0.0613092	0.312457	0.118803	0.000466769	0.0235276	
0.235529	0.00184495	0.00273245	0.09326	0.00291144	0.0132501	0.00357386	0.0160957	0.0835176	0.0019848	0.00567368	0.0325188	0.000195854	0.03174	0.0415274	0.0541514	0.269775	0.108052	0.000100641	0.00156585	
0.580251	0.000208765	0.00312617	0.000570486	0.000264636	0.00691305	0.00362576	0.015931	0.00431622	0.0148611	0.0263888	0.000314736	9.82963e-05	0.0315612	6.61732e-05	0.163452	0.0206321	0.109802	0.0146044	0.00301223	
0.00656381	9.35777e-05	9.9148e-05	0.00102008	0.152516	0.667304	0.0040693	0.0121212	0.0482454	0.00771477	0.0288856	0.00947208	0.00272343	0.0202072	0.00276347	0.00353847	0.000478831	5.52681e-05	7.09359e-05	0.0320581	
0.573673	0.00936192	0.000476143	0.000584675	0.00944255	2.27641e-05	0.00708217	0.124613	0.0014493	0.00871934	0.00192788	0.00167807	0.00709576	0.0118613	1.69291e-05	0.00292034	0.00851417	0.230543	7.72548e-06	1.08634e-05	
0.00530545	8.07914e-05	0.0963858	0.109052	8.08189e-05	0.0953219	0.0894811	0.00135203	0.00117982	0.000450496	0.00500165	0.117765	0.000112717	0.0157619	0.0419202	0.069979	0.337996	0.011562	0.000554955	0.000656912	
0.0282032	0.000661454	0.0243408	0.0187673	0.0879507	0.00173072	0.00634885	0.00281794	0.00655736	0.00345678	0.00140825	0.0230379	0.000108195	0.0016952	0.752968	0.00192486	0.00254912	0.0167392	0.000153236	0.0185806	
0.00728425	0.0206813	0.00017544	0.000182717	0.00276216	0.000441596	0.000418047	0.138253	0.00128639	0.0558251	0.0134785	0.000341952	9.72646e-05	0.0012881	0.000176319	0.0116762	0.021715	0.715777	0.00135081	0.00678945	
0.0120456	0.0537495	0.00163886	0.0143297	0.00666076	0.00563687	0.000537292	0.152844	0.00172816	0.473693	0.0334807	0.000600269	0.000114218	0.000495796	0.000379358	0.000385367	0.000524429	0.230026	0.000514875	0.0106148	
0.0638554	0.000653133	0.00037552	6.89084e-05	3.50499e-05	0.000448237	0.0142987	7.90517e-05	0.00070667	2.30742e-05	0.0253601	0.00102089	6.66866e-05	0.0684398	0.000579861	0.0437336	0.756505	0.0126835	0.00154792	0.00951921	
0.00141311	0.0830844	0.00249788	0.00135992	0.00562248	0.000828774	0.000952351	0.0853633	0.00118644	0.199607	0.347543	0.00193693	0.000270882	0.00147991	0.000337639	0.000670876	0.000847708	0.250192	0.00105715	0.0137482	
0.000176318	0.00990396	0.70411	0.00384816	0.0147197	7.87372e-05	0.000234254	0.00743443	0.0357832	0.0255541	0.0208335	0.00313725	0.0749218	0.000750493	0.054967	0.0214965	0.0146169	0.000791806	0.00649079	0.000151143	
0.0536532	0.0310754	0.107862	0.0366505	0.000793437	0.0501329	0.000474169	0.00396489	0.017611	0.5386	0.0309516	0.0564414	0.000160357	0.000555055	0.000307277	0.00932574	0.0292796	0.00354788	0.00251851	0.0260951	
0.796648	0.00454984	0.000545943	0.000258747	0.0038005	0.00179298	0.0181443	0.00189234	0.00357254	0.0107113	0.00416061	0.0201087	0.000203334	0.0766967	0.00212591	0.0181641	0.0186642	0.00770986	0.00634687	0.00390285	
0.15579	0.000297519	0.138034	0.0847185	0.0010787	0.355501	0.000257995	0.001122	0.000443714	0.000133038	0.0152601	0.00208575	0.121882	0.0122986	0.000127139	0.0450607	0.0458588	0.019236	0.000215995	0.000598665	
0.183672	0.0169763	0.011158	0.000170072	0.0174102	0.0267693	8.88439e-05	0.0397112	0.000157115	0.0001513	0.0178319	0.0320205	8.41155e-05	0.465846	7.61224e-05	0.042329	0.081948	0.0461587	0.00385213	0.0135887	
0.00176597	0.00452385	0.00101378	0.00158122	0.000504208	0.0055064	0.00453883	0.801094	0.000674423	0.0155549	0.00168218	0.000159569	0.00131502	0.00729668	4.79063e-05	0.00725825	0.000214223	0.118926	0.0073134	0.0190289	
0.0750552	0.0225208	0.00856858	0.0100564	0.0379455	0.0212342	0.00125741	0.0488553	0.000184122	0.00285232	0.0223106	0.0362316	0.00010077	0.473913	0.000174685	0.0738089	0.100272	0.0291418	0.00845116	0.0270652	
0.006278	8.93765e-05	9.83783e-05	0.00087214	0.160834	0.648539	0.00502215	0.0130682	0.0524239	0.00797605	0.030809	0.00903596	0.00389921	0.0197766	0.00240353	0.00276319	0.000847654	5.62172e-05	7.80309e-05	0.0351303	
0.0349875	6.54255e-05	0.00129167	0.0409826	0.540586	0.106146	0.00131106	0.000277924	0.0501089	0.000168423	0.0270212	0.0043957	0.0238977	0.0260545	0.0354645	0.000316787	0.0186051	0.000247585	0.00873386	0.0793373	
0.0216046	7.52375e-05	0.06945	0.0288549	0.55251	0.0837797	0.0126247	0.000733864	0.0464683	0.00124732	0.0154764	0.0332	0.0382468	0.0194002	0.0563393	0.000248172	0.0124825	0.000174036	0.00403147	0.00305287	
0.000418798	0.00531679	0.513462	0.00013912	0.0561651	0.012626	8.18588e-05	0.000306252	0.00127639	0.0295534	0.037293	0.2293	0.0578583	0.016991	0.0287557	0.000443267	0.000453995	0.000346117	0.0081438	0.00106883	
0.000128264	0.00360817	0.000186789	0.000129336	0.00393529	0.000185981	0.00257675	0.825581	0.000277084	0.00624053	0.0245699	0.000264632	0.000260644	0.00162866	0.00010569	0.000524296	0.00243622	0.1084	0.00842252	0.0105391	
0.000108479	0.00998046	0.16894	0.0193293	0.0549491	0.00950273	9.07617e-05	0.00597054	0.028461	0.000669573	0.022482	0.0431117	0.598793	0.000159958	0.000633529	0.00100976	0.000867269	0.0122993	0.0080763	0.014565	
0.0187378	0.0440533	0.000311916	0.000612563	0.0166863	0.000694553	0.00211205	0.0584021	0.000681437	0.0450949	0.0246365	0.000648524	0.000172844	0.00136283	0.000799743	0.00490923	0.0999634	0.676326	0.00247407	0.00132015	
0.000299562	0.00313821	0.851242	0.00124148	0.00854272	0.000104561	0.000937151	0.0015449	0.00749131	0.0184066	0.0284862	0.00982064	0.0194465	0.00237987	0.016017	0.0178727	0.00326988	0.000415067	0.00888009	0.000463396	
0.0229839	0.0361689	0.0126446	0.0737507	0.0309938	0.0125638	0.35003	0.000406554	0.00014092	0.00143392	0.0466766	0.343498	0.00984422	0.0248541	0.00101293	0.000427827	0.00040057	0.0205948	0.0114086	0.000165572	
0.00535279	0.00685843	0.00804883	0.000521366	0.0281023	0.000203461	0.000106689	0.127396	0.000224362	0.740677	0.0478848	0.00037242	0.000200707	0.00019973	0.000228984	0.00051508	0.00123915	0.0283873	0.00011014	0.00336995	
0.028063	2.79254e-05	0.0147719	0.0239437	0.114959	0.00806779	0.0320679	0.037505	0.107016	0.12317	0.0356472	0.0119836	0.0653772	0.0409418	0.009056	0.0864593	0.0542043	0.0188336	0.02315	0.164756	
0.499588	0.00555699	0.000985252	0.000607602	0.0168004	0.199467	0.0114994	0.00489783	0.00635625	0.0200878	0.0317779	0.0381151	0.00441615	0.0352869	0.000474946	0.0629737	0.044214	0.000514427	0.0014924	0.014888	
0.0753719	0.000280938	0.0695363	0.0332419	0.0134574	0.0243302	0.11723	0.0171609	0.000152325	0.0137493	0.00979902	0.386449	3.72223e-05	0.0201648	0.00329459	0.083905	0.0446277	0.0733203	0.000220607	0.0136715	
0.01243	0.00237092	0.0211551	0.0162468	0.0185545	0.0292898	0.0168927	0.0912119	0.104937	0.00378623	0.027551	0.0901993	0.496348	0.000235759	0.027248	0.0162178	0.00294752	0.018698	0.00207986	0.00160001	
0.0219043	0.00581137	0.000628389	0.0011463	0.000260838	0.000367784	0.000714362	0.295733	0.00691375	0.198138	0.00244804	0.00169903	0.00723498	0.00147023	0.000221722	0.00780446	0.0539003	0.377382	0.00800957	0.00821144	
0.0022094	0.000239666	0.000331394	0.000768724	0.195823	0.000247158	0.000961663	0.129577	0.000400553	0.495138	0.120874	0.000231216	0.000106567	0.0167043	0.000122332	0.000152428	0.000208312	0.0319819	0.000465588	0.00345781	
0.440283	0.00957423	0.00130883	0.0190465	0.0160252	0.0413377	0.0137897	0.0140778	0.0359907	0.150022	0.0492158	0.00683044	0.000158371	0.0165289	0.0403653	0.0440892	0.0281706	0.0366525	0.00573211	0.0308001	
0.043816	0.000170323	0.131963	0.172047	0.00799604	0.0578563	0.0128495	0.00179372	0.225196	0.00290322	0.000376089	0.0903312	0.00295791	0.0523923	0.087911	0.0687308	0.0358013	0.00163057	6.11929e-05	0.00321678	
0.0269854	0.000225828	0.218971	0.0100726	0.0177737	0.00225319	0.0865765	0.00719654	0.0314843	0.00048019	0.0474839	0.000321003	0.000682745	0.000609785	0.00123023	0.000511913	0.039065	0.00171077	0.0164214	0.489944	
0.000593617	0.000390102	0.00109814	0.00108548	0.367362	0.000397143	0.0167938	0.221083	0.0265025	0.143435	0.0311541	0.000222255	0.000111864	0.0395844	0.00522013	0.000641583	0.00141529	0.0829056	0.000179446	0.0598247	
0.140655	0.00499859	0.0232325	0.0544876	0.008764	0.0121067	0.0324857	0.0139177	0.306287	0.0366686	0.0296449	0.0430217	0.0117663	0.0947103	0.107804	0.0169011	0.00783591	0.0259723	0.0201475	0.00859238	
0.0438715	0.000170323	0.132022	0.172155	0.00798536	0.0578674	0.0128309	0.00179405	0.225168	0.00290437	0.000376267	0.0900299	0.00295631	0.0524232	0.0878956	0.0688422	0.0357953	0.0016319	6.11929e-05	0.00321944	
0.140655	0.00499859	0.0232325	0.0544876	0.008764	0.0121067	0.0324857	0.0139177	0.306287	0.0366686	0.0296449	0.0430217	0.0117663	0.0947103	0.107804	0.0169011	0.00783591	0.0259723	0.0201475	0.00859238	
0.0132715	0.00399317	0.136444	0.260477	0.00423981	0.136373	0.0414546	0.00308232	0.0370845	0.0196873	0.00617396	0.18592	0.00174165	0.060374	0.0324667	0.0240599	0.0124297	0.00128818	9.35672e-05	0.0193458	
0.028063	2.79254e-05	0.0147719	0.0239437	0.114959	0.00806779	0.0320679	0.037505	0.107016	0.12317	0.0356472	0.0119836	0.0653772	0.0409418	0.009056	0.0864593	0.0542043	0.0188336	0.02315	0.164756	
0.0528948	7.41998e-05	0.140276	0.205223	0.0108275	0.0438827	0.00622042	0.000440201	0.104782	0.009815	0.00268935	0.034443	0.278641	0.0351974	0.0209929	0.0306784	0.0113817	0.00525503	0.000130659	0.00615443	
0.00372351	0.0015028	0.525487	0.10153	0.00146715	0.00753017	0.000160103	0.00113007	0.00991913	0.00842349	0.0185836	0.236633	0.00635349	0.00373572	0.0511643	0.0152517	0.00074298	0.00018134	0.00614718	0.000332687	
0.0578084	0.012654	0.000832133	0.00332884	0.0246487	0.000722982	0.000879373	0.149374	0.0396966	0.306612	0.0324685	0.000217289	0.149055	0.0017561	0.000158733	0.00270259	0.0329473	0.149693	0.00851682	0.0259271	
0.0324664	0.0249491	0.000342622	0.0116049	0.00108287	0.0012545	0.00839354	0.117862	0.00306678	0.0164594	0.115638	0.000591594	0.00013633	0.0015768	0.000236917	0.00205937	0.0359966	0.591956	0.00540017	0.0289261	
0.00341311	0.0375411	0.000399096	0.00166206	0.0242738	0.000126033	0.0120352	0.204128	0.000433722	0.00502486	0.000393241	0.000821756	0.000682743	0.0077196	0.000267018	0.000327937	0.0046038	0.688449	0.00553817	0.00215964	
0.0612759	0.0508891	0.00659484	0.000296232	0.000803965	0.000121978	0.00213112	0.00834463	0.0580244	0.0128775	0.00697903	0.00939259	6.90513e-05	0.0292377	0.00574889	0.000247145	0.000383054	0.723672	0.0132733	0.0096376	
0.0510392	0.00163541	0.00176134	0.00324482	0.000435862	0.00391938	0.012707	0.00867563	0.0183376	0.000565923	0.0195747	0.0360907	0.000465102	0.0377881	0.00616598	0.787221	0.00214094	0.00731436	0.000462969	0.000454418	
0.000103915	0.00782186	0.168308	0.0199541	0.0576514	0.00756381	7.81754e-05	0.00552793	0.0310909	0.000561118	0.0232772	0.043108	0.599152	0.000132655	0.000719864	0.00106953	0.000882876	0.0122737	0.00752154	0.013202	
0.000224958	0.00964494	0.70774	0.00363133	0.0147493	7.86947e-05	0.000230417	0.00684602	0.0389257	0.0248196	0.0183715	0.00360307	0.0723123	0.00061711	0.0594274	0.0200702	0.0117438	0.000708149	0.00609975	0.000156082	
0.223468	0.00854823	0.000342673	0.0151567	0.000441333	0.0002571	0.164197	0.0555407	0.00138227	0.0306004	0.0207688	0.0944439	9.00753e-05	0.000763412	0.000359982	0.0115827	0.00265915	0.354432	0.0104582	0.00450715	
0.0145329	0.000407784	0.00095455	0.00200766	0.0153709	0.776756	0.0125393	0.00336831	0.0182113	0.0177318	0.0311133	0.00563451	0.00292614	0.0291533	0.00542953	0.0479144	0.00150297	0.000251839	0.000976777	0.0132172	
0.0146792	0.000286119	0.00062915	0.00224396	0.0112803	0.81066	0.00355629	0.000880656	0.00647224	0.00464909	0.0309605	0.0062234	0.000253056	0.0295036	0.0108828	0.0539827	0.000516603	0.000251316	0.000704869	0.0113842	
0.0310701	0.0327366	0.000827482	0.000592302	0.0092492	0.000781441	0.00140271	0.0554545	0.00166989	0.0376213	0.0323565	0.00253706	8.24898e-05	0.000754413	0.00153759	0.00322299	0.0567043	0.720263	0.00257926	0.00855729	
0.0815212	0.00280989	0.000218036	0.102449	0.00023618	0.030364	0.00672426	0.00663992	0.0610683	0.00263647	0.0125817	0.0806896	0.00940992	0.019636	0.0146986	0.037532	0.29462	0.217647	0.0012106	0.0173075	
0.0154369	0.000230501	0.0901999	0.0185216	0.0771042	0.000483462	0.000807285	0.00733607	0.00736971	0.0130755	0.00106049	0.0121025	0.00030198	0.000425441	0.720976	0.00249447	0.0044517	0.00300014	0.000130802	0.0244915	
0.826575	0.0047219	0.000561568	0.000290925	0.00313116	0.00216335	0.0180588	0.000790167	0.000733417	0.00887691	0.00224463	0.00123069	0.000214666	0.075365	0.000353961	0.0169593	0.01902	0.00841906	0.00598332	0.00430667	
0.0153983	0.000319399	0.0933397	0.0175024	0.056199	0.00058823	0.000947314	0.00782262	0.00769516	0.0134569	0.00114607	0.0153847	0.000301299	0.00050471	0.73256	0.00287547	0.00465758	0.00340458	0.000132091	0.0257646	
0.249967	0.00325822	0.0175343	0.049739	0.00401592	0.023396	0.00355531	0.0102864	0.264832	0.0104905	0.00745215	0.0503396	9.02213e-05	0.0465913	0.0600178	0.0865497	0.0732284	0.0132298	0.000324853	0.0251015	
0.00106239	0.000529385	0.000427398	0.000625272	0.314985	0.000260057	0.00477458	0.149638	0.00268899	0.34494	0.0837203	0.00031803	0.000142552	0.0119049	0.000644462	0.00027773	0.000405831	0.0570868	0.000440128	0.0251274	
0.766177	0.000902779	0.000205794	0.000191182	0.00122061	0.00188034	0.0186916	0.0238889	0.048549	0.00803702	0.0347012	0.0291552	0.000653913	0.0299063	0.00869227	0.0230645	0.000206305	0.000197883	0.00273489	0.000943781	
0.049893	0.000211382	0.160691	0.228912	0.00346045	0.0376382	0.00628146	0.000100026	0.243666	0.00456317	0.00104068	0.0410458	0.0022334	0.0562847	0.0689911	0.061924	0.025699	0.00404506	0.000147179	0.00317202	
0.104282	0.00818331	0.00691858	0.0264655	0.0868052	0.0232157	0.057339	0.00314977	0.123174	0.0316861	0.00453272	0.100032	3.35133e-05	0.0800696	0.309029	0.018205	0.000715175	0.0014725	9.38367e-05	0.0145978	
0.00295187	0.00826981	0.00921504	0.000347444	0.0301505	0.000179763	0.000121689	0.0821879	0.000302167	0.790485	0.0448715	0.000399006	7.02835e-05	0.000199757	0.000223023	0.000603557	0.0013289	0.0276379	8.57436e-05	0.000369565	
0.00506669	0.000189449	0.102158	0.0789459	0.00880346	0.36138	0.0472727	0.0190225	0.109503	0.000553986	0.0129187	0.144349	0.000462695	0.0385308	0.0049232	0.0465701	0.00153846	0.000196915	0.000212905	0.0174025	
0.412815	0.0529857	0.000900736	0.00391978	0.020286	0.034737	0.0141154	0.00336691	0.0122773	0.234155	0.0214939	0.0058574	0.000143009	0.0170687	0.00821449	0.045807	0.0426234	0.0416264	0.00174641	0.0258605	
0.019553	3.8857e-05	0.304675	0.180207	0.00794802	0.0801399	0.00204084	6.43893e-05	0.0376909	0.0113368	0.00362778	0.00958353	0.225055	0.0134377	0.011857	0.0495967	0.0293466	0.00118698	5.2705e-05	0.0125611	
0.00746755	0.000604452	0.00286421	0.00134378	0.0256609	7.18514e-05	0.000148513	0.329577	0.000261389	0.541724	0.0612364	0.000385472	0.000796026	0.000117615	0.000320154	8.92361e-05	0.000231023	0.0218487	0.000121378	0.00513017	
0.789384	0.0256841	0.00115717	0.000117458	0.000562498	0.0135444	0.0142303	0.00556407	0.013046	0.000163745	0.00124199	0.00688537	0.00037413	0.0670666	0.000568233	0.00910819	0.00733731	0.0359604	0.000935537	0.00706834	
0.000251416	0.00416189	0.000406007	0.00115967	0.0038783	0.000315125	0.00250022	0.81896	0.000300856	0.00712111	0.0276712	0.000245568	0.000298726	0.0027476	0.000126446	0.000359161	0.00277603	0.101345	0.009276	0.0160995	
0.0417049	0.0207885	0.000373725	0.000531549	0.00180425	0.000259178	0.00137132	0.566768	0.000800303	0.0501814	0.00769163	0.00034884	0.000474017	0.00493866	0.000236362	0.00200449	0.00243886	0.254168	0.00780088	0.0353156	
0.0155906	0.00302193	0.729984	0.0294711	0.000671708	0.000156648	0.0150091	0.0883417	0.00698902	0.0209328	0.00447271	0.0163597	0.000338897	0.00131251	0.00121142	0.0354049	0.000755889	0.00173497	0.0161465	0.0120944	
0.088639	0.0161793	0.0239597	0.000279498	0.106945	0.102099	0.00889329	0.00115554	0.472309	0.0277507	0.000523395	0.00278747	0.0474061	0.000350029	0.00197283	0.0261396	0.000376245	0.0402517	0.0111503	0.0208322	
0.0462089	0.0025482	0.00605252	0.00751115	0.02287	0.00582028	0.0186403	0.0049869	0.00693461	0.00402686	0.00190509	0.0723048	9.66673e-05	0.00616025	0.775508	0.00452353	0.00251275	0.00480556	0.000141548	0.00644161	
0.0365967	0.00116541	0.00600472	0.0568137	0.000837543	0.018835	0.0163324	0.0211166	0.000420519	0.0515774	0.613411	0.00364717	0.000163453	0.0082514	0.0695002	0.00209876	0.0548943	0.0215264	0.000507647	0.0162995	
0.0753719	0.000280938	0.0695363	0.0332419	0.0134574	0.0243302	0.11723	0.0171609	0.000152325	0.0137493	0.00979902	0.386449	3.72223e-05	0.0201648	0.00329459	0.083905	0.0446277	0.0733203	0.000220607	0.0136715	
