0.0123677	0.00214489	0.0190957	0.0172108	0.0640911	0.0381707	0.00899586	0.113791	0.00932986	0.306744	0.183352	0.0828426	0.0118847	0.00495024	0.010872	0.00846802	0.0391245	0.0455569	0.00297102	0.0180358	
0.017718	0.014114	0.037869	0.00689268	0.0129324	0.00883575	0.00528686	0.0065358	0.570405	0.0149271	0.0453353	0.0100001	0.00455091	0.00912937	0.190605	0.0106659	0.0137307	0.0041621	0.00998485	0.00631986	
0.00652098	0.00512125	0.0056702	0.00235589	0.0096679	0.00625714	0.00620999	0.573308	0.00512746	0.101082	0.00501492	0.00577812	0.00611531	0.00895942	0.00732786	0.00505553	0.00490625	0.212348	0.00677155	0.0164014	
0.0110141	0.00958275	0.033324	0.0312187	0.517189	0.0164583	0.0102583	0.0571312	0.00662398	0.111422	0.0240121	0.0187626	0.0165835	0.032953	0.0251096	0.0111468	0.00364024	0.0381331	0.00388259	0.0215545	
0.217265	0.00320791	0.00706894	0.0036603	0.00399854	0.00988648	0.0353594	0.00738733	0.0646123	0.015219	0.0167062	0.00683576	0.000827602	0.0432178	0.00446346	0.327156	0.220034	0.00385957	0.00571935	0.00351451	
0.0179893	0.00713321	0.00792627	0.00375173	0.0116317	0.639354	0.0193848	0.0158804	0.00767095	0.0426961	0.143591	0.0222721	0.0033906	0.00964996	0.00502798	0.0190112	0.0122493	0.00968924	0.000743336	0.000957201	
0.0120758	0.00482714	0.00363136	0.0693059	0.00680583	0.0495277	0.00671849	0.0050491	0.00680512	0.00850486	0.0261134	0.360703	0.0042299	0.0129726	0.0887154	0.138177	0.150171	0.0286005	0.00289733	0.0141691	
0.100388	0.00728955	0.00963279	0.0523494	0.0189269	0.0474009	0.00764909	0.0073056	0.0170948	0.00722008	0.0070395	0.00879397	0.090971	0.0405328	0.00902963	0.526177	0.00657492	0.0048141	0.0226944	0.00811509	
0.022579	0.0100039	0.00401191	0.021033	0.0217834	0.00646482	0.158858	0.00582066	0.00410377	0.00599624	0.0122555	0.575939	0.0040952	0.0191582	0.00257282	0.044941	0.0195885	0.036823	0.0140968	0.0098754	
0.00474635	0.00161796	0.058382	0.0285889	0.00985898	0.0140902	0.0247707	0.0055551	0.0790644	0.0703085	0.0226413	0.0140629	0.38955	0.00869932	0.206396	0.00370652	0.0161439	0.0217396	0.00686057	0.0132167	
0.123781	0.00418054	0.106439	0.289968	0.00106608	0.0426943	0.0251203	0.00516844	0.0691837	0.0213981	0.015034	0.0233464	0.136396	0.046519	0.0219877	0.0249221	0.0146227	0.0120116	0.00551109	0.0106501	
0.00659967	0.0259891	0.00619124	0.000640408	0.013671	0.00707542	0.00436587	0.0525562	0.000951019	0.749738	0.0316946	0.0141839	0.00422835	0.00397417	0.00795384	0.00135707	0.00694514	0.0411282	0.0118081	0.0089488	
0.581582	0.0152324	0.0106401	0.00995937	0.011549	0.0107424	0.0416696	0.0166359	0.0166189	0.00976518	0.0214763	0.0257647	0.00382797	0.0436807	0.0117438	0.0857962	0.0306444	0.0252781	0.0222129	0.00518047	
0.0337914	0.0111551	0.0403193	0.306634	0.0374446	0.0214292	0.0140701	0.00425548	0.103424	0.0121942	0.00904164	0.0202402	0.0363123	0.118402	0.177536	0.0368556	0.0109944	0.00216218	0.00139885	0.0023389	
0.0687056	0.0123844	0.0875589	0.253602	0.00268251	0.00874672	0.0122361	0.00185336	0.231806	0.0205127	0.0182867	0.0422855	0.00571654	0.0573104	0.0676061	0.0559552	0.0146638	0.00683574	0.0190263	0.0122249	
0.0126673	0.0152282	0.0116726	0.0159084	0.00589888	0.00356031	0.000969971	0.603087	0.0120095	0.0179008	0.0139402	0.00937614	0.00942227	0.00475507	0.00587533	0.0112064	0.0129919	0.21775	0.0132353	0.0025448	
0.507921	0.134535	0.00768019	0.0132613	0.00350999	0.0138056	0.0163466	0.0798094	0.00609193	0.0215699	0.00175367	0.0130735	0.00593261	0.0129912	0.0108989	0.0550196	0.0126862	0.0691263	0.00736976	0.00661745	
0.0520208	0.00319423	0.163981	0.205913	0.00838068	0.0468776	0.0318206	0.00435832	0.127602	0.00803783	0.0173676	0.0377077	0.0326687	0.0674254	0.0693051	0.0770883	0.0287023	0.0078747	0.00502552	0.00464968	
0.061986	0.0402847	0.0406446	0.109149	0.0311853	0.0143399	0.111298	0.0394664	0.0355779	0.00856258	0.00207601	0.023003	0.0104947	0.0152387	0.0832067	0.0859343	0.0149731	0.00593954	0.00650456	0.260135	
0.0068819	0.0259822	0.0062051	0.000666028	0.0135276	0.00733189	0.00450467	0.0526943	0.000971343	0.747854	0.0320448	0.0144325	0.00423756	0.00404939	0.00788178	0.00140284	0.00706643	0.041481	0.0117275	0.00905717	
0.0211734	0.00196721	0.0706029	0.0593209	0.0145084	0.461947	0.0404198	0.0161609	0.0336511	0.0256379	0.00686751	0.0911363	0.000978863	0.0378534	0.0115148	0.0289271	0.000538433	0.00654546	0.0321608	0.0380881	
0.0238904	0.00679764	0.00286671	0.00533986	0.00662503	0.0055803	0.00716546	0.429221	0.00915699	0.125387	0.0599115	0.00775061	0.00573188	0.00439897	0.0115185	0.00581611	0.0326301	0.240999	0.00281798	0.00639368	
0.0299882	0.00222934	0.0489581	0.0811442	0.01991	0.0209186	0.019123	0.0129096	0.0481827	0.00961746	0.00876668	0.0155439	0.430518	0.0560553	0.0397179	0.071399	0.0594325	0.006879	0.00632756	0.0123791	
0.00661113	0.0259294	0.00613661	0.000636649	0.0136458	0.00705503	0.0043616	0.0524823	0.000952298	0.749873	0.0317468	0.0141464	0.00422668	0.0039681	0.00794919	0.0013561	0.0069497	0.0412246	0.0117871	0.00896216	
0.0220215	0.00759686	0.00894163	0.00289921	0.0151879	0.565601	0.0231167	0.0116724	0.0092096	0.0576373	0.160455	0.0301448	0.00225132	0.0131595	0.00435549	0.0303463	0.0193943	0.0090285	0.00141421	0.00556718	
0.0414329	0.00356716	0.119745	0.223235	0.00617597	0.0290129	0.0189164	0.00476265	0.111356	0.00742441	0.0255044	0.0250565	0.0470809	0.096518	0.156169	0.0588641	0.015189	0.00472215	0.00191961	0.00334781	
0.514284	0.139487	0.00802905	0.012554	0.00318941	0.0135845	0.0108798	0.0867033	0.00520529	0.0226701	0.00129866	0.00633054	0.00585823	0.0109085	0.00971066	0.0530349	0.0118006	0.0710725	0.00690845	0.00649137	
0.0426565	0.00818421	0.0288386	0.132963	0.00369017	0.0120661	0.0244318	0.0115649	0.0603551	0.0782228	0.0200301	0.0784757	0.00846273	0.0549815	0.0812587	0.127994	0.124329	0.0780155	0.0115742	0.0119054	
0.00634047	0.00991021	0.00287307	0.00340078	0.0105052	0.00427473	0.00954061	0.201409	0.0043635	0.0585974	0.00929615	0.00510286	0.0161142	0.00896606	0.00584242	0.00607593	0.0190794	0.610201	0.000543877	0.00756397	
0.00296233	0.00382805	0.0215086	0.053968	0.0404569	0.234021	0.00939698	0.0170356	0.162872	0.00121413	0.00938593	0.0484847	0.00453492	0.0322181	0.106986	0.147321	0.06645	0.00280491	0.00793588	0.0266152	
0.0176494	0.0190049	0.0181473	0.00844734	0.0300854	0.000904611	0.076645	0.0035523	0.0201075	0.00255761	0.0397566	0.010104	0.00873965	0.0645425	0.437238	0.0565493	0.0855456	0.083411	0.0031776	0.013834	
0.0063809	0.000335161	0.190102	0.0739019	0.519224	0.03827	0.0103302	0.00460459	0.0277817	0.00842767	0.00749856	0.0691138	0.00759543	0.0111581	0.00416628	0.00612506	0.00217015	0.00280426	0.00931798	0.000691679	
0.120911	0.0109948	0.00655023	0.0332685	0.00370131	0.0415246	0.00587252	0.00798107	0.0287574	0.00767284	0.0120959	0.0214883	0.0821891	0.0243764	0.00614503	0.54242	0.00960233	0.00583216	0.0217691	0.00684708	
0.00539084	0.0102089	0.765281	0.0179915	0.00282576	0.00502132	0.0107231	0.00840668	0.00615046	0.0178149	0.00676652	0.0342751	0.00705311	0.00915414	0.0119973	0.0141516	0.0469538	0.00565013	0.00464192	0.00954256	
0.00673445	0.00179534	0.00673679	0.00882232	0.0113057	0.591394	0.00721139	0.0288046	0.016145	0.0144164	0.028918	0.0229615	0.00607545	0.0302132	0.0057978	0.00734869	0.175464	0.00445754	0.00368395	0.0217136	
0.0122679	0.0237549	0.00149402	0.579859	0.0673079	0.00721995	0.0106748	0.0755276	0.00397504	0.0186697	0.0352045	0.0347416	0.0205125	0.0123545	0.0178038	0.00684402	0.00493826	0.00184759	0.0462818	0.0187206	
0.0134998	0.0128722	0.0134373	0.0159707	0.00577337	0.00347628	0.00103953	0.572222	0.0122778	0.0240889	0.0116326	0.00882625	0.0096276	0.00448769	0.00606634	0.0125672	0.0145679	0.239233	0.0154698	0.00286365	
0.124658	0.0114939	0.0211047	0.0208937	0.164883	0.0198448	0.00906874	0.00573035	0.0133623	0.0107746	0.0081139	0.111328	0.00739664	0.0821809	0.0986392	0.145902	0.0292233	0.00825592	0.0331116	0.0740348	
0.00837422	0.0950806	0.0120387	0.00310613	0.00353497	0.00235966	0.00842436	0.183663	0.00602731	0.00734969	0.00884592	0.00340533	0.0120896	0.00485387	0.00315668	0.00675516	0.007638	0.607808	0.0131908	0.0022979	
0.00826048	0.00190242	0.00906232	0.219223	0.0397311	0.00824667	0.00614807	0.00195621	0.0769151	0.0299596	0.0188609	0.180908	0.0105396	0.163296	0.113617	0.0361852	0.0196649	0.0421273	0.00567895	0.00771748	
0.00630084	0.00588262	0.00659126	0.00228705	0.0123185	0.00630114	0.00620262	0.572764	0.00589369	0.113933	0.004966	0.00555805	0.0065878	0.00874739	0.00783113	0.00539858	0.00408307	0.193092	0.0076699	0.0175915	
0.027822	0.00160091	0.127773	0.135085	0.00938856	0.13653	0.0312062	0.00962826	0.0630699	0.0240594	0.00653687	0.234789	0.0101917	0.0711932	0.0339859	0.0284005	0.0156083	0.00429556	0.00861059	0.0202251	
0.00968977	0.0442022	0.0479114	0.674063	0.00925484	0.00467774	0.00848233	0.0140867	0.0122378	0.00865019	0.0121973	0.00837254	0.0564686	0.00818092	0.0107872	0.0130393	0.0292113	0.00519099	0.00235702	0.0209388	
0.00450122	0.0245274	0.00558227	0.0753744	0.0194377	0.0122583	0.0572158	0.00958691	0.00446676	0.00572579	0.0157904	0.172517	0.00493326	0.0127503	0.00559331	0.42734	0.115132	0.0179769	0.00530778	0.00398213	
0.0083633	0.0949358	0.011995	0.00310272	0.00351624	0.00236491	0.00839775	0.183882	0.00602137	0.00730126	0.00885074	0.00341389	0.0121056	0.00484283	0.00314466	0.00677916	0.00764468	0.6078	0.0131768	0.00236054	
0.00435873	0.00141603	0.00491494	0.00623726	0.00530474	0.573953	0.0111674	0.0272498	0.0172797	0.0127549	0.0199167	0.0208597	0.0069605	0.0223543	0.00381556	0.00432349	0.213391	0.00599567	0.00839305	0.0293545	
0.0803259	0.0568343	0.0879044	0.0832135	0.00714775	0.0167815	0.104805	0.00293306	0.137094	0.00288789	0.0609728	0.0116156	0.0247562	0.0285636	0.150808	0.0625467	0.0406868	0.0161381	0.0119135	0.0120715	
0.0036526	0.0198667	0.669513	0.0416433	0.00860771	0.00650049	0.0346306	0.00545463	0.00337844	0.00679965	0.011923	0.0415551	0.00717664	0.00527403	0.020314	0.0177991	0.0714172	0.00960196	0.0082295	0.00666258	
0.0234449	0.0370314	0.00826038	0.00383431	0.00769391	0.00476596	0.0192347	0.0487889	0.0133148	0.0158712	0.0172398	0.00890957	0.0100933	0.0463685	0.0061761	0.00341927	0.0157774	0.685693	0.0034335	0.0206488	
0.000906829	0.00470769	0.00919204	0.0165429	0.474941	0.00933099	0.00455879	0.0121108	0.0133253	0.00198773	0.00659436	0.013429	0.00192183	0.00824653	0.0271848	0.00858708	0.0168676	0.00559607	0.00877506	0.355194	
0.0239016	0.0067996	0.0028708	0.00533937	0.00662564	0.00559099	0.00720376	0.428955	0.0093099	0.125497	0.0598091	0.0078249	0.0058102	0.00440226	0.0115234	0.00581372	0.0326252	0.240898	0.00280246	0.00639757	
0.0062728	0.00547382	0.00612752	0.00269738	0.00953129	0.00606791	0.00594963	0.580934	0.00500531	0.0965634	0.00316841	0.00578576	0.00626682	0.00874494	0.00700821	0.00527437	0.00425772	0.209958	0.00812124	0.016792	
0.0349337	0.00401232	0.0208923	0.00789397	0.00907162	0.00102619	0.0065367	0.0192882	0.00864781	0.00540686	0.018237	0.0140513	0.00869881	0.784328	0.00888675	0.0145066	0.00411531	0.0098062	0.0139207	0.00573929	
0.00258721	0.00399634	0.0928104	0.0383635	0.0149091	0.0329235	0.00461226	0.0226987	0.0683853	0.00896672	0.03728	0.0593982	0.23753	0.00389357	0.00100939	0.347186	0.00761479	0.00999371	0.00248849	0.00335324	
0.00229314	0.00263394	0.0075395	0.00851213	0.00445067	0.472517	0.0133388	0.0347796	0.0195339	0.018031	0.00373276	0.00662671	0.00686402	0.0205041	0.00331828	0.00359881	0.318381	0.00512381	0.00758793	0.0406329	
0.0144075	0.225	0.0163347	0.0687355	0.0217505	0.0256674	0.0102286	0.0333721	0.0629715	0.00669738	0.04674	0.0825235	0.00759774	0.00381529	0.00878335	0.284692	0.00402385	0.0635348	0.0110162	0.00210886	
0.347062	0.0158729	0.0311111	0.0204113	0.109104	0.0327518	0.0148597	0.00344585	0.00852119	0.00365072	0.0255035	0.0435276	0.125768	0.0489778	0.0149566	0.0723008	0.037144	0.0108061	0.00212271	0.0321011	
0.00928928	0.00341997	0.0395489	0.0409162	0.00598419	0.00677286	0.00232184	0.0125566	0.0589906	0.00507875	0.0440379	0.00984096	0.696083	0.00692085	0.00627191	0.0108801	0.00303148	0.00540826	0.0128985	0.0197481	
0.0941162	0.09292	0.00149509	0.0052047	0.014198	0.0191739	0.0261204	0.0099933	0.0759347	0.00628288	0.00517917	0.0218332	0.00729644	0.0274591	0.031825	0.0125231	0.0606192	0.420931	0.0124258	0.0544686	
0.0911612	0.0408946	0.00667569	0.0289208	0.0591719	0.0304778	0.00193945	0.0059609	0.00327996	0.0369409	0.0249869	0.449367	0.0176455	0.128918	0.00772032	0.0104217	0.00639985	0.0206504	0.0250997	0.0033672	
0.0123624	0.0101617	0.439605	0.156651	0.24396	0.00982731	0.0124684	0.00596276	0.00327001	0.0184917	0.0139872	0.0216873	0.0032951	0.0134145	0.00637971	0.00432948	0.00936275	0.00298439	0.00922923	0.00256984	
0.020398	0.0149627	0.00604161	0.0172754	0.00381592	0.00379446	0.239149	0.00509833	0.00377832	0.00265903	0.0074737	0.583109	0.00239548	0.0133306	0.00414606	0.0324925	0.010279	0.0178006	0.00455432	0.00744678	
0.0164354	0.0019623	0.0118564	0.0058605	0.00529343	0.0068975	0.0353164	0.110674	0.00928202	0.656178	0.0124636	0.00966953	0.0102476	0.00950976	0.0029261	0.0116144	0.0113025	0.069844	0.000725906	0.00194127	
0.0428069	0.0335097	0.0335763	0.00883476	0.00906515	0.145413	0.0112258	0.00852635	0.00666482	0.010715	0.432624	0.020159	0.00611495	0.0204258	0.00426871	0.134491	0.00451328	0.0101372	0.00688136	0.0500478	
0.0125026	0.024152	0.00151855	0.581605	0.0690887	0.00726474	0.0105378	0.0736948	0.00384543	0.0167307	0.0347885	0.0345866	0.0208842	0.0125752	0.0176258	0.00665583	0.00456777	0.00189778	0.0469455	0.0185322	
0.0172194	0.00145411	0.00783542	0.0056827	0.00488763	0.00699466	0.0366103	0.112114	0.00976075	0.655378	0.0122104	0.00943705	0.0103853	0.00942552	0.00269184	0.0123532	0.0113956	0.0717247	0.000469282	0.00197034	
0.00682462	0.0263804	0.00660804	0.00097699	0.0137073	0.0070284	0.00432423	0.0528673	0.00108373	0.747259	0.0313715	0.0147712	0.00423573	0.00400513	0.00802666	0.00135424	0.0075003	0.0406759	0.0118162	0.00918299	
0.00739144	0.00512171	0.00534792	0.00234575	0.00948416	0.00623329	0.00620668	0.563927	0.00528825	0.104165	0.00778474	0.0057384	0.00608538	0.00884724	0.00768038	0.00494547	0.00625602	0.215183	0.00625802	0.0157098	
0.0741278	0.0490719	0.0287771	0.0157259	0.0121516	0.0267093	0.0751871	0.0713446	0.00131978	0.0600264	0.470428	0.0201271	0.00462449	0.0159687	0.0154317	0.00630479	0.0164832	0.0134748	0.00295077	0.0197649	
0.0245374	0.00697368	0.00287223	0.00541564	0.00661546	0.00622225	0.00729001	0.42947	0.00928966	0.124146	0.059593	0.00780039	0.00572535	0.00502728	0.0114114	0.00588835	0.0325065	0.239948	0.00287086	0.00639695	
0.0158737	0.00985536	0.707024	0.00715589	0.00943276	0.00766492	0.00772204	0.0493821	0.0120556	0.0243741	0.0451505	0.00635497	0.0212651	0.0293278	0.00469799	0.00490897	0.0116951	0.00693181	0.0151206	0.00400686	
0.792376	0.0113846	0.00501725	0.00185447	0.00445167	0.00451398	0.00724806	0.00395708	0.0549592	0.00782362	0.00172108	0.0348614	0.00474907	0.0102918	0.0228145	0.0170659	0.00486849	0.0082744	0.0005468	0.00122023	
0.00968314	0.198376	0.0124809	0.0228103	0.0553258	0.0488528	0.0206405	0.0131636	0.066862	0.34046	0.0243965	0.0600904	0.00139673	0.0054141	0.0150933	0.0116034	0.0471201	0.0322887	0.0120842	0.00185743	
0.0181959	0.0114975	0.0315203	0.009707	0.0131642	0.0113931	0.0062039	0.00646016	0.503649	0.0143832	0.0402143	0.00723741	0.0050684	0.00808634	0.26865	0.00881557	0.0119954	0.00588423	0.00976299	0.00811055	
0.0107172	0.00377887	0.00120123	0.013595	0.144606	0.00419069	0.009151	0.0022981	0.0116446	0.00968577	0.00447028	0.0157353	0.00375096	0.00661346	0.695892	0.00520682	0.0132838	0.00457508	0.0135826	0.0260208	
0.416004	0.023814	0.00966407	0.00157741	0.00704735	0.00589004	0.0651852	0.0501293	0.0887134	0.00616559	0.0330994	0.0600701	0.0014463	0.0351977	0.0670562	0.0848511	0.00236434	0.00289127	0.00698188	0.0318516	
0.0037511	0.00377224	0.0713017	0.0155555	0.0136806	0.0191772	0.0365528	0.0258795	0.00497705	0.0302613	0.00765657	0.10155	0.00644972	0.0101332	0.0183234	0.5875	0.0157114	0.0198766	0.00111633	0.00677399	
0.787061	0.0118413	0.00496332	0.00183528	0.00452244	0.00444903	0.00725751	0.00531852	0.0549748	0.00794941	0.00277438	0.0355625	0.00473068	0.011093	0.0233758	0.016915	0.00481222	0.00824765	0.00081461	0.0015021	
0.116946	0.00778732	0.00728208	0.0237449	0.00762767	0.176221	0.0338424	0.0211847	0.129628	0.00468131	0.0245703	0.110749	0.01104	0.0186068	0.1507	0.0994797	0.0089896	0.00345865	0.0230357	0.0204245	
0.0333959	0.00542286	0.0270834	0.0496249	0.0199509	0.00118568	0.0147996	0.00330119	0.0362744	0.00344291	0.0108021	0.0146312	0.0059819	0.0156114	0.400721	0.116048	0.131285	0.0690591	0.00280692	0.0385717	
0.00653872	0.029068	0.00773357	0.0127252	0.00742874	0.00661726	0.00181684	0.766684	0.0038419	0.0131466	0.0127715	0.0167777	0.00296769	0.00229723	0.0109229	0.00574321	0.00782154	0.0613209	0.0124222	0.0113545	
0.0254514	0.0502113	0.0107481	0.00816539	0.0345916	0.00208313	0.0397539	0.0101421	0.00207512	0.00761191	0.0225478	0.135792	0.000638387	0.0421003	0.0103365	0.0190507	0.527412	0.00161077	0.0358795	0.0137983	
0.512821	0.0119884	0.00346036	0.0102287	0.0191319	0.00494127	0.0187128	0.0407592	0.0391205	0.0119009	0.00410851	0.00929881	0.00855466	0.0624996	0.0422699	0.0044963	0.0160248	0.143049	0.0236741	0.012959	
0.0233964	0.0288177	0.00541401	0.00321919	0.0132905	0.00468873	0.0150883	0.0354208	0.0163127	0.0161307	0.0215156	0.0181053	0.00756241	0.049863	0.00808686	0.00442883	0.0183294	0.675642	0.00630017	0.0283876	
0.0238904	0.00679764	0.00286671	0.00533986	0.00662503	0.0055803	0.00716546	0.429221	0.00915699	0.125387	0.0599115	0.00775061	0.00573188	0.00439897	0.0115185	0.00581611	0.0326301	0.240999	0.00281798	0.00639368	
0.0103279	0.0043064	0.0445973	0.02849	0.0178546	0.00565233	0.00412181	0.0137909	0.0401379	0.00581305	0.0572686	0.019195	0.678551	0.00728947	0.00966444	0.00838106	0.00524515	0.00650885	0.0129813	0.0198228	
0.0083206	0.00611072	0.00565417	0.0327674	0.0112433	0.0271037	0.00719097	0.0171603	0.0638764	0.00923106	0.110671	0.000478204	0.00265606	0.0154243	0.0209436	0.0045386	0.0340892	0.0331471	0.00679267	0.582601	
0.000906829	0.00470769	0.00919204	0.0165429	0.474941	0.00933099	0.00455879	0.0121108	0.0133253	0.00198773	0.00659436	0.013429	0.00192183	0.00824653	0.0271848	0.00858708	0.0168676	0.00559607	0.00877506	0.355194	
0.0199186	0.00694886	0.00878098	0.00369448	0.0136605	0.638693	0.0222165	0.0131172	0.00838079	0.0394167	0.143488	0.0199476	0.00285313	0.0095602	0.00503913	0.0190448	0.0135888	0.00973652	0.000795265	0.0011192	
0.0086754	0.00594461	0.00574294	0.0323992	0.0110027	0.0271594	0.00709551	0.0172295	0.0638438	0.00984528	0.108734	0.000497893	0.00530738	0.0155688	0.0210941	0.00455107	0.0339157	0.0322383	0.00666895	0.582485	
0.641239	0.00428369	0.015373	0.00782869	0.0210992	0.0612328	0.00200675	0.00440691	0.0244709	0.00595171	0.0233092	0.0151121	0.00278664	0.0385194	0.0126755	0.0776111	0.00773755	0.00922039	0.0112533	0.0138823	
0.0173221	0.00230559	0.00255433	0.0124936	0.0329647	0.00281273	0.0120957	0.00419086	0.00842031	0.0175987	0.00387393	0.0317141	0.00279849	0.00437168	0.784119	0.00357598	0.00822203	0.00781287	0.0104273	0.0303255	
0.0352275	0.00401661	0.0210746	0.00790276	0.00905994	0.00102991	0.00654274	0.019489	0.008668	0.00540248	0.0182134	0.0140392	0.00868706	0.783558	0.0088888	0.0144815	0.00411574	0.00998871	0.013892	0.00572223	
0.00866859	0.00849354	0.752216	0.0140209	0.00610601	0.00323043	0.00639373	0.0269126	0.010105	0.0194328	0.0227887	0.0134614	0.0195076	0.0178461	0.00946132	0.0185698	0.0207842	0.00472457	0.00886599	0.00841099	
0.012265	0.00604399	0.00151969	0.00854054	0.226465	0.00936635	0.0114721	0.002152	0.0354646	0.00378798	0.00402563	0.00571314	0.00275455	0.0135312	0.568243	0.0162024	0.025238	0.00703562	0.0199106	0.0202686	
0.0255614	0.0128251	0.0148283	0.00811668	0.012722	0.00965681	0.00475016	0.00574722	0.553985	0.0172629	0.0394467	0.00887917	0.00489035	0.0103583	0.226862	0.0105772	0.0138113	0.00410421	0.0126725	0.00294252	
0.177593	0.0042514	0.0600899	0.002409	0.00584475	0.0173347	0.00539718	0.0232746	0.00405104	0.00176104	0.0303965	0.0109355	0.128826	0.0068145	0.00412572	0.33765	0.150248	0.00706951	0.0166194	0.00530767	
0.00895671	0.00438134	0.00134421	0.0154537	0.16397	0.00477698	0.0107105	0.00171252	0.0113656	0.00776602	0.00493714	0.0119822	0.00402734	0.0078647	0.676219	0.00581263	0.0147692	0.00404683	0.0150977	0.0248059	
0.039906	0.00215253	0.0499017	0.0993433	0.0547965	0.00830009	0.0540626	0.00367314	0.00839983	0.0136015	0.0109384	0.0236762	0.0169999	0.0735188	0.0219689	0.116431	0.199881	0.176166	0.0166092	0.0096735	
0.0685017	0.0170813	0.0138228	0.0217403	0.0119877	0.0118114	0.00919247	0.0228608	0.0268697	0.00832681	0.0279095	0.0062989	0.592892	0.00531005	0.00938486	0.0755145	0.0100449	0.0443156	0.012699	0.00343547	
0.00647656	0.0291912	0.00775803	0.012781	0.00744926	0.00663235	0.00181135	0.767042	0.00382263	0.0130587	0.0127844	0.0168344	0.0029471	0.00231447	0.0109704	0.005746	0.00783448	0.0607601	0.0123864	0.0113988	
0.00931552	0.00369723	0.00605488	0.0347135	0.00355641	0.00505708	0.0198741	0.013282	0.00499673	0.0128161	0.00197077	0.00405356	0.00799096	0.0215302	0.00592319	0.275216	0.528293	0.0169853	0.0204519	0.00422121	
0.792506	0.0113851	0.00503106	0.00186194	0.00445728	0.00451788	0.00728031	0.00395717	0.054781	0.00784144	0.00172113	0.0348115	0.00475198	0.0103045	0.0227999	0.0170732	0.00487396	0.0082815	0.00054679	0.00121581	
0.0150261	0.0493547	0.136965	0.00159913	0.0280523	0.0124202	0.0166187	0.00883626	0.579047	0.00584731	0.0186526	0.0117684	0.0108856	0.00406343	0.0431115	0.00550385	0.00208173	0.00761363	0.00575743	0.0367956	
0.00680122	0.0259643	0.00821719	0.00154795	0.0132879	0.00900903	0.00422485	0.0505357	0.00268894	0.740459	0.0317613	0.0147178	0.00419512	0.00397536	0.00782894	0.00266673	0.00848523	0.0423283	0.0116699	0.0096352	
0.02325	0.0286599	0.00606214	0.00343125	0.012157	0.00490351	0.0163072	0.0367287	0.0100474	0.0161055	0.0226127	0.0157857	0.00771661	0.05313	0.0059287	0.00403178	0.0190229	0.680914	0.00512867	0.0280763	
0.791528	0.0112174	0.00539818	0.00201759	0.00461248	0.00450878	0.0075205	0.00400087	0.0530806	0.0078089	0.00184448	0.0333639	0.00466877	0.0112382	0.0238018	0.0173991	0.00502734	0.00904962	0.000623792	0.00129021	
0.0100494	0.00266941	0.139119	0.0163067	0.0258836	0.0151767	0.00355873	0.00931873	0.00444246	0.0425632	0.0352826	0.441126	0.0519227	0.0698727	0.00523591	0.0242779	0.00289031	0.00868307	0.0748635	0.0167577	
0.184048	0.0185607	0.0252079	0.0257233	0.0119455	0.132631	0.00632794	0.0197566	0.0087772	0.349795	0.117651	0.0371865	0.0024109	0.00848269	0.00155982	0.0058298	0.0184681	0.00908152	0.0080059	0.00855099	
0.00961144	0.0104666	0.0719315	0.0276203	0.010602	0.0483099	0.00753944	0.207874	0.0229023	0.432871	0.0443395	0.0308642	0.00753554	0.0120206	0.00752155	0.0168304	0.0197289	0.00272398	0.00149637	0.00721129	
0.0212828	0.00768682	0.000680435	0.207862	0.00152731	0.00655779	0.028202	0.0116672	0.00773433	0.00215564	0.00971533	0.0369973	0.00944739	0.0936786	0.00295463	0.0942774	0.354922	0.0572251	0.00547088	0.0399546	
0.173976	0.0128546	0.00396554	0.0528264	0.022948	0.01769	0.035636	0.0101693	0.0582943	0.00819038	0.0314917	0.0433967	0.00343763	0.0221918	0.0739438	0.0677641	0.19003	0.116505	0.0186007	0.0360884	
0.596524	0.00267382	0.00757739	0.0041488	0.0135109	0.00269267	0.0179708	0.0094877	0.0432751	0.00718031	0.0325745	0.0223472	0.00455261	0.0380061	0.0404126	0.0593192	0.011871	0.0707664	0.00485315	0.010256	
0.00802928	0.00245802	0.00425278	0.00445944	0.00460807	0.626255	0.0139166	0.0192583	0.0147667	0.0146028	0.0740356	0.0323948	0.00771411	0.0197072	0.00423734	0.00830951	0.106989	0.00860598	0.00587651	0.0195232	
0.46601	0.018327	0.00413031	0.00784138	0.016063	0.00619588	0.0245697	0.0605909	0.0612432	0.0110171	0.00397283	0.00879505	0.00501722	0.0510761	0.0351657	0.00238688	0.0131669	0.164097	0.0230304	0.0173034	
0.00339275	0.00806237	0.717497	0.0322293	0.000620964	0.00631612	0.0266767	0.00431732	0.00390964	0.00845706	0.00301135	0.0442235	0.00435367	0.00616175	0.0156148	0.0189312	0.0767174	0.00800827	0.00276058	0.00873803	
0.0185283	0.00217273	0.00315157	0.0126106	0.0171231	0.00254925	0.0123894	0.00446078	0.00824105	0.0187738	0.00386412	0.0339331	0.00277483	0.00427528	0.794184	0.00345635	0.00775921	0.00864773	0.0099174	0.0311872	
0.00634958	0.00992788	0.00288434	0.00339575	0.0104891	0.00427813	0.00952829	0.20126	0.0043614	0.0585143	0.00929039	0.00510463	0.016104	0.00895215	0.00583154	0.00606932	0.0190361	0.610513	0.000548047	0.00756251	
0.00941001	0.0880018	0.00231827	0.0127024	0.0146007	0.00481871	0.0126302	0.158134	0.0134439	0.374503	0.0518293	0.0154122	0.00188387	0.0036638	0.00768022	0.00888846	0.013725	0.163599	0.0125695	0.030186	
0.106141	0.00651435	0.02453	0.00295175	0.00852288	0.00689138	0.102013	0.00160454	0.0027636	0.0160957	0.0284739	0.0230983	0.00264056	0.0270555	0.00210623	0.064718	0.453874	0.0209958	0.00629849	0.0927108	
0.00811704	0.0116302	0.0196958	0.0141953	0.0202389	0.0127684	0.0100935	0.0660531	0.00497365	0.151494	0.36026	0.014522	0.00156923	0.0103389	0.00857246	0.0112819	0.0038198	0.198468	0.00478931	0.0671179	
0.0109513	0.00773338	0.748402	0.0114956	0.00648302	0.00346413	0.00651597	0.0360095	0.00839561	0.0191567	0.027514	0.0104071	0.0185019	0.0269811	0.007601	0.00836524	0.0161955	0.00546337	0.0124353	0.00792862	
0.019011	0.0253324	0.0304521	0.0168072	0.00991506	0.0137758	0.0131298	0.0462292	0.00861556	0.682598	0.0265312	0.0201175	0.00358644	0.00812549	0.00633929	0.00160355	0.0132826	0.030806	0.00969993	0.0140416	
0.792156	0.0113973	0.00500874	0.0018516	0.00446218	0.00451851	0.0072836	0.00406429	0.0549256	0.0078233	0.00172272	0.0348435	0.00474642	0.010273	0.0229126	0.0171021	0.00486529	0.00826691	0.000547503	0.00122933	
0.19733	0.0102102	0.181421	0.0332277	0.0117094	0.201357	0.00436551	0.00377584	0.0239219	0.00731077	0.0143859	0.0101009	0.134108	0.0107173	0.00754077	0.0720654	0.0315714	0.0295909	0.00489457	0.0103949	
0.0826789	0.00443991	0.0184651	0.0115365	0.0208766	0.00365563	0.0293833	0.00962887	0.0046335	0.0156633	0.0271307	0.0176546	0.0172184	0.6334	0.0126137	0.0263874	0.00783283	0.0079773	0.0298005	0.0190233	
0.00675369	0.028295	0.00774951	0.0126033	0.00742839	0.00655754	0.00184255	0.762679	0.0039288	0.0144187	0.0125342	0.0164143	0.00313678	0.00222718	0.0107342	0.00580837	0.0078164	0.0650345	0.0128052	0.0112325	
0.0365794	0.00639213	0.0192769	0.00777645	0.0110764	0.00164986	0.00631004	0.0177719	0.00793055	0.00554166	0.0181096	0.0236334	0.00889134	0.772199	0.00840085	0.0145509	0.00465082	0.00919402	0.0141077	0.00595746	
0.00205268	0.00245362	0.00908863	0.00998566	0.00541239	0.499809	0.0126754	0.035276	0.0197326	0.0177755	0.0054993	0.0070284	0.0123731	0.0196741	0.00322953	0.00432049	0.282931	0.00517376	0.00480435	0.0407044	
0.0398818	0.00624081	0.00305828	0.0524244	0.456228	0.0108773	0.00941798	0.000437456	0.0269889	0.00404965	0.0122459	0.00913383	0.00294929	0.014747	0.264548	0.00825313	0.0159224	0.00323673	0.0258899	0.033469	
0.00531715	0.000347894	0.192855	0.0664243	0.522375	0.0408827	0.0108489	0.00462962	0.0306298	0.00864744	0.00571267	0.0738821	0.00198206	0.00993503	0.00365824	0.00665452	0.00200758	0.00283001	0.00968277	0.000697167	
0.00345011	0.0521465	0.499453	0.0059686	0.00692535	0.0153616	0.00295033	0.00961833	0.00382297	0.0402968	0.0209331	0.189655	0.047173	0.0242181	0.0350738	0.00531796	0.00350431	0.00823567	0.0209949	0.00490089	
0.00647656	0.0291912	0.00775803	0.012781	0.00744926	0.00663235	0.00181135	0.767042	0.00382263	0.0130587	0.0127844	0.0168344	0.0029471	0.00231447	0.0109704	0.005746	0.00783448	0.0607601	0.0123864	0.0113988	
0.00918507	0.00393853	0.0402998	0.0428084	0.0058865	0.00717343	0.00225788	0.0134446	0.0606366	0.00515095	0.0434331	0.00922511	0.690565	0.00682804	0.00603262	0.0108081	0.00291272	0.00611535	0.0136931	0.0196055	
0.011155	0.0112565	0.00207571	0.00319788	0.0357035	0.0043075	0.0143985	0.031909	0.0566907	0.0258715	0.0209719	0.025951	0.00477938	0.0377078	0.0285296	0.00548516	0.0465132	0.560699	0.0327274	0.0400695	
0.0162944	0.0104679	0.694152	0.00676749	0.010137	0.0076246	0.00779651	0.0500104	0.0128579	0.027521	0.0471691	0.005824	0.0232257	0.0306603	0.00584058	0.00570478	0.0121198	0.00688983	0.0152348	0.00370243	
0.020398	0.0149627	0.00604161	0.0172754	0.00381592	0.00379446	0.239149	0.00509833	0.00377832	0.00265903	0.0074737	0.583109	0.00239548	0.0133306	0.00414606	0.0324925	0.010279	0.0178006	0.00455432	0.00744678	
0.0066543	0.0259048	0.00607493	0.00065292	0.0135943	0.00704631	0.00442732	0.0526402	0.000962692	0.749582	0.0317186	0.0141219	0.00424126	0.00398808	0.00794058	0.00139921	0.00696998	0.0413498	0.0117693	0.00896135	
0.00881334	0.00630854	0.0200667	0.0120828	0.0943744	0.0160243	0.0133594	0.0189026	0.0228425	0.0725353	0.0775748	0.00524809	0.0298861	0.0605514	0.0151315	0.025542	0.0436467	0.0138897	0.0196962	0.423523	
0.45266	0.000961293	0.00479283	0.00715788	0.04277	0.297192	0.0175902	0.000951505	0.00375375	0.0370431	0.0363067	0.00270568	0.000497069	0.0281193	0.00408999	0.0270526	0.0156684	0.00876333	0.00409702	0.00782669	
0.17645	0.00543757	0.00108013	0.0390822	0.0271838	0.0339851	0.0608554	0.049563	0.00768968	0.0562841	0.0505711	0.0151321	0.00573263	0.0477659	0.0183219	0.167297	0.0523322	0.129393	0.0438473	0.011996	
0.00965373	0.0107058	0.0389156	0.035275	0.0640792	0.0273239	0.0136244	0.0553026	0.0608396	0.00801534	0.0394523	0.0536189	0.471503	0.00350128	0.0220226	0.00144378	0.0128342	0.018738	0.0232493	0.029902	
0.0238904	0.00679764	0.00286671	0.00533986	0.00662503	0.0055803	0.00716546	0.429221	0.00915699	0.125387	0.0599115	0.00775061	0.00573188	0.00439897	0.0115185	0.00581611	0.0326301	0.240999	0.00281798	0.00639368	
0.0120804	0.00454649	0.0123346	0.0181257	0.174496	0.00265684	0.0152958	0.130675	0.0160516	0.425341	0.0807796	0.00835951	0.00446058	0.0038885	0.00603053	0.00173549	0.00425442	0.0360719	0.00156229	0.0412543	
0.222904	0.0260388	0.00480476	0.0860503	0.00390032	0.03447	0.0132108	0.0760121	0.047506	0.157485	0.0199968	0.0564098	0.00403351	0.00544758	0.022181	0.0844212	0.0262593	0.0384971	0.00112346	0.069248	
0.0505219	0.00299895	0.164803	0.204637	0.0087395	0.0487	0.0326434	0.00436549	0.12414	0.00767677	0.0170828	0.0378471	0.0342708	0.0676971	0.0688411	0.0786391	0.0294185	0.00799002	0.00467186	0.00431478	
0.0132942	0.00156845	0.18828	0.0167415	0.0246725	0.00974596	0.152526	0.0314223	0.0355822	0.0152845	0.0105906	0.00177389	0.0145686	0.0110188	0.0221423	0.0108772	0.0170427	0.00454562	0.0495363	0.368787	
0.017878	0.000971401	0.0361699	0.0129346	0.283612	0.0275154	0.0273369	0.188343	0.0360124	0.171724	0.00491583	0.00576907	0.0302792	0.0142889	0.0160276	0.000989868	0.0267751	0.0746601	0.00582032	0.0179768	
0.099537	0.00827544	0.00738431	0.0430112	0.0212063	0.0178549	0.0492565	0.0160886	0.218833	0.0600408	0.0256479	0.0349726	0.00800985	0.102045	0.187613	0.0155826	0.00999357	0.0128314	0.0538687	0.00794735	
0.0506124	0.00299363	0.164648	0.204585	0.00871516	0.0485286	0.0325831	0.00437726	0.124433	0.00767175	0.0171038	0.0378876	0.034081	0.0677238	0.0690366	0.0785678	0.0294483	0.00799074	0.00467683	0.00433489	
0.100595	0.00649375	0.0447826	0.0518232	0.00125412	0.0158867	0.0223765	0.0479458	0.16965	0.0630145	0.0179064	0.0499466	0.015681	0.0867564	0.172847	0.0303657	0.0239406	0.0237015	0.0156018	0.0394302	
0.0277256	0.00159873	0.128038	0.133536	0.00935568	0.135968	0.0312098	0.00960575	0.063824	0.0241263	0.00654911	0.236175	0.0101283	0.0706844	0.0339854	0.0283817	0.015752	0.00431582	0.00853072	0.0205099	
0.0153141	0.0172258	0.00504763	0.044668	0.0710419	0.0655507	0.0355242	0.0478676	0.112212	0.303882	0.00383246	0.0228626	0.0492767	0.0160055	0.026767	0.0078715	0.0220649	0.0334247	0.00770813	0.0918527	
0.0504826	0.00303993	0.164621	0.204664	0.00897655	0.0494565	0.0326054	0.00434428	0.123435	0.00770858	0.017026	0.0377389	0.034872	0.067535	0.0684395	0.0786479	0.0294281	0.00804727	0.00465406	0.00427705	
0.00861729	0.0136495	0.343677	0.131051	0.0258995	0.0104002	0.00528568	0.0168858	0.0496415	0.0131762	0.0231067	0.193711	0.0147992	0.00503849	0.0185593	0.0564374	0.0143702	0.0117094	0.0225792	0.0214059	
0.062825	0.0374073	0.0110861	0.00908166	0.00837369	0.0125069	0.0084322	0.161993	0.0367825	0.24784	0.0341938	0.0154567	0.0946811	0.0110474	0.00564112	0.00282983	0.0368287	0.164163	0.00995157	0.0288776	
0.00268674	0.019524	0.00675087	0.00381388	0.00224958	0.0103431	0.0174413	0.118792	0.0119431	0.0400867	0.0916725	0.0247629	0.0397339	0.0283753	0.0158121	0.00869717	0.0153826	0.501676	0.0144181	0.0258379	
0.00836281	0.0949714	0.0119961	0.00309344	0.00350794	0.00236591	0.00838514	0.184025	0.0060119	0.00725453	0.00885212	0.00340093	0.0120903	0.00486878	0.0031374	0.00678295	0.00766962	0.607548	0.0131843	0.00249146	
0.0548807	0.0557687	0.00389677	0.00209189	0.0103648	0.0106304	0.0122182	0.021996	0.0725888	0.0117377	0.0120491	0.0140036	0.0110501	0.0289432	0.0244187	0.00934881	0.0230682	0.572048	0.00559575	0.0433006	
0.0836968	0.0115625	0.0183796	0.0294521	0.0106116	0.00489327	0.0127341	0.0204341	0.01973	0.00975816	0.118502	0.00815288	0.000696239	0.00910304	0.00744084	0.596017	0.00298448	0.008534	0.0245467	0.00277107	
0.00928844	0.00342856	0.0404	0.0404454	0.0059499	0.00681252	0.00235798	0.0123438	0.0582162	0.00509751	0.0447607	0.0106954	0.694672	0.00706875	0.00634259	0.0107485	0.00302084	0.00540287	0.0130295	0.0199185	
0.00470628	0.0284566	0.609543	0.00685607	0.0118378	0.00353846	0.00436277	0.0205594	0.13634	0.0271827	0.0182122	0.0101763	0.0263118	0.0109002	0.0221812	0.0248626	0.0123801	0.00319851	0.00957831	0.00881585	
0.208188	0.0389235	0.0077856	0.0411204	0.00587438	0.00453689	0.0963771	0.0937738	0.0247567	0.077206	0.0407161	0.0407162	0.00522027	0.00453609	0.0193379	0.0267287	0.00204319	0.254604	0.00329512	0.00425976	
0.0169733	0.00486019	0.00661269	0.00498042	0.0101811	0.679125	0.0123873	0.0159937	0.0092277	0.0181759	0.136429	0.0213698	0.00348044	0.0140934	0.006316	0.0179117	0.0112889	0.00762767	0.000870482	0.00209531	
0.0168928	0.0055099	0.00672728	0.00461227	0.00995689	0.677157	0.0133405	0.0139893	0.00791076	0.0178294	0.141077	0.021327	0.00394527	0.0124784	0.00609748	0.0185433	0.0118282	0.00833284	0.000816496	0.00162794	
0.0242772	0.0357439	0.00807922	0.00384296	0.00759084	0.00474923	0.0197542	0.0449909	0.0136881	0.0160949	0.0173943	0.00921472	0.0101623	0.0473338	0.005996	0.00312749	0.0162611	0.687854	0.00319575	0.0206494	
0.0934908	0.0213737	0.00279934	0.0947242	0.01385	0.0217777	0.0651554	0.00481304	0.0784265	0.00352492	0.00842396	0.0385087	0.00730424	0.0188702	0.0153671	0.031408	0.144107	0.251303	0.041501	0.0432714	
0.0185745	0.00212868	0.00299371	0.0126092	0.0159912	0.00254034	0.0124412	0.00448274	0.0082845	0.0188049	0.00388305	0.0343468	0.0027637	0.00428043	0.794788	0.00345159	0.00777256	0.0086747	0.00996223	0.0312258	
0.588297	0.0818704	0.00345544	0.0179019	0.0471034	0.00589913	0.0614365	0.00612567	0.00504124	0.0037584	0.0201731	0.0402258	0.0146898	0.0102836	0.0139639	0.0174541	0.0437863	0.00184628	0.00492241	0.0117652	
0.0186717	0.00214854	0.00324705	0.0127397	0.0146665	0.00253445	0.0124188	0.0044945	0.00833011	0.0189439	0.00387666	0.034619	0.00275308	0.00423875	0.795206	0.00344928	0.0077376	0.0087519	0.00991113	0.0312615	
0.531077	0.00688051	0.0173721	0.00818583	0.0201766	0.0289241	0.0189491	0.00962048	0.0665668	0.00776676	0.0249599	0.0266672	0.00298966	0.0573995	0.0208383	0.0979261	0.0163682	0.00627	0.0155649	0.015497	
0.012057	0.00454747	0.0123271	0.0181287	0.174318	0.00265662	0.0152894	0.130735	0.0160627	0.425309	0.0809006	0.00839159	0.00445391	0.0038719	0.00601763	0.00173008	0.00425972	0.0361097	0.00156262	0.0412715	
0.490406	0.0217734	0.0065003	0.00116942	0.00392748	0.00379867	0.0516807	0.0503589	0.0865792	0.00807253	0.0266872	0.0576759	0.00177238	0.0250872	0.0679074	0.0611595	0.00152105	0.00386615	0.00530098	0.0247555	
0.00406678	0.00554143	0.0900565	0.238924	0.00919451	0.00340958	0.000801504	0.00349518	0.407318	0.00713922	0.015028	0.0423404	0.00285909	0.058237	0.0222402	0.0545553	0.0227041	0.00655706	0.00382942	0.00170331	
0.0681184	0.0165625	0.0243265	0.0101401	0.0434247	0.0150241	0.0189106	0.0248764	0.0708431	0.0508702	0.0040657	0.0129212	0.00119809	0.0821193	0.443629	0.0176063	0.0104141	0.00317933	0.00154948	0.0802206	
0.00957798	0.0193695	0.0300006	0.00624584	0.0145828	0.018334	0.00393433	0.0986798	0.00526868	0.666483	0.0372806	0.0175494	0.00396408	0.00565094	0.00660925	0.00496233	0.00785191	0.0283279	0.00827023	0.00705665	
0.00225631	0.00183611	0.113955	0.0279076	0.322056	0.104713	0.0275123	0.00578355	0.0901495	0.00744646	0.0170286	0.196314	0.0052276	0.0233977	0.00287223	0.015365	0.00353358	0.00453886	0.0265977	0.00150877	
0.473022	0.0575215	0.0071961	0.0159183	0.00835359	0.0434276	0.0219089	0.0143258	0.0219486	0.0675238	0.0111959	0.0102008	0.00390351	0.00327422	0.00192608	0.0791733	0.0563217	0.0588962	0.00208824	0.0418741	
0.00961449	0.0011131	0.221989	0.0899417	0.0316354	0.0324282	0.0131743	0.00304275	0.0281042	0.0399631	0.0194386	0.0126052	0.336928	0.00646931	0.0200813	0.0545101	0.0467285	0.00360781	0.00557114	0.023054	
0.00799408	0.00633068	0.0114303	0.0067783	0.0455311	0.0082631	0.00681954	0.381696	0.0178413	0.365415	0.050155	0.00538538	0.00683686	0.00363502	0.0071473	0.00581453	0.00556618	0.0342252	0.0096971	0.0134379	
0.635295	0.0402494	0.00911157	0.00794841	0.00773625	0.0058027	0.012632	0.0356704	0.0159338	0.0126335	0.0138151	0.0127296	0.00469679	0.0204001	0.0174165	0.0506678	0.0127305	0.0697514	0.0063363	0.00844281	
0.00647656	0.0291912	0.00775803	0.012781	0.00744926	0.00663235	0.00181135	0.767042	0.00382263	0.0130587	0.0127844	0.0168344	0.0029471	0.00231447	0.0109704	0.005746	0.00783448	0.0607601	0.0123864	0.0113988	
0.0135136	0.0131061	0.0136455	0.0158564	0.00575674	0.00348775	0.00100269	0.572915	0.0123759	0.0239373	0.0114519	0.00891186	0.00978347	0.00454096	0.0066142	0.0125331	0.0144073	0.237632	0.0155853	0.00294305	
0.0119811	0.00715083	0.753481	0.0111251	0.0064828	0.00378704	0.00669221	0.0334465	0.00729909	0.0191719	0.0269851	0.0101382	0.0163679	0.0271508	0.00732021	0.00709498	0.0173229	0.00593464	0.0132416	0.00782609	
0.0884817	0.0143841	0.0128496	0.00163353	0.0225528	0.118783	0.00643806	0.00255436	0.473325	0.0273805	0.00157557	0.0124695	0.128121	0.000980548	0.00756266	0.00428213	0.000445004	0.00421801	0.00292558	0.069037	
0.00957737	0.00525975	0.00193968	0.0161486	0.172986	0.00522023	0.0128335	0.00242966	0.015463	0.0062326	0.00497399	0.0114483	0.00359799	0.0100916	0.654604	0.00679191	0.0157763	0.00536932	0.0165701	0.0226863	
0.0192433	0.0292498	0.0133332	0.0113982	0.00689167	0.060505	0.014607	0.0131927	0.00618946	0.0253001	0.529749	0.00575145	0.00736218	0.0225583	0.0490524	0.0127664	0.0258209	0.027206	0.00347849	0.116345	
0.0272506	0.00974001	0.0395863	0.0375323	0.0241273	0.0245893	0.164349	0.00122661	0.00288678	0.0279072	0.0321878	0.508682	0.00314789	0.0107775	0.0119704	0.018773	0.0245236	0.00424324	0.0232411	0.00325894	
0.00574433	0.00505151	0.00542524	0.00242089	0.0115948	0.00582275	0.00665628	0.562979	0.00585828	0.100047	0.00488012	0.00548561	0.00630736	0.012023	0.00886468	0.0049238	0.00442539	0.21891	0.00680385	0.015776	
0.00649096	0.0290647	0.00773763	0.0127722	0.00745594	0.00660715	0.001815	0.766215	0.00385511	0.0130122	0.0127546	0.016817	0.00325438	0.0026631	0.0109298	0.00573613	0.00781803	0.0612346	0.0124048	0.0113619	
0.00861729	0.0136495	0.343677	0.131051	0.0258995	0.0104002	0.00528568	0.0168858	0.0496415	0.0131762	0.0231067	0.193711	0.0147992	0.00503849	0.0185593	0.0564374	0.0143702	0.0117094	0.0225792	0.0214059	
0.00836987	0.0950676	0.0120321	0.00310617	0.0035215	0.0023622	0.00839864	0.18377	0.00602645	0.00726767	0.00884424	0.00340147	0.0121001	0.00484164	0.00314607	0.00676909	0.007635	0.607861	0.0131877	0.00229214	
0.073632	0.0127749	0.0887259	0.243055	0.0023922	0.00863427	0.0126501	0.001479	0.230682	0.019704	0.0195914	0.0409304	0.00582715	0.0523984	0.0719716	0.0590435	0.0153069	0.00747884	0.0201419	0.0135804	
0.00580243	0.00135527	0.0728967	0.000857512	0.0437027	0.574278	0.0114898	0.00909767	0.00145126	0.0993903	0.0241977	0.0397246	0.0113777	0.0475617	0.0021049	0.0183043	0.0101704	0.000872899	0.0223366	0.00302749	
