0.0910602	0.0253786	0.00394743	0.00641321	0.00827876	0.0022938	0.0562495	0.0880689	0.0212066	0.017869	0.0225431	0.0885531	0.429768	0.00575946	0.0166233	0.0439153	0.0244682	0.0323166	0.0086593	0.00662792	
0.0215612	0.0155389	0.516199	0.0053804	0.0121048	0.0165991	0.0160149	0.00317456	0.0145378	0.0223427	0.00843782	0.0622943	0.0284306	0.0231732	0.00390626	0.163087	0.0141151	0.00283633	0.0447954	0.00547041	
0.0172927	0.017439	0.0625616	0.0244809	0.00362047	0.653268	0.00292256	0.00300993	0.0337372	0.0114967	0.00728853	0.0422771	0.00262852	0.0236197	0.0224155	0.0347648	0.0111762	0.00195437	0.0090103	0.0150356	
0.251548	0.00352774	0.0284757	0.0392301	0.00735686	0.0338991	0.0201246	0.00973148	0.118537	0.0684522	0.0433218	0.0194802	0.00716641	0.0977665	0.0706584	0.0455428	0.120305	0.00283939	0.0106094	0.00142658	
0.185962	0.0044515	0.0235508	0.016381	0.0490871	0.00648345	0.00367067	0.0360883	0.0084416	0.117455	0.00261654	0.0457928	0.276194	0.0478754	0.00887833	0.0355341	0.0272549	0.0789745	0.00942077	0.0158873	
0.0254313	0.0420466	0.51462	0.0621236	0.0126861	0.0155379	0.0101001	0.00681073	0.0113703	0.000671474	0.012802	0.135241	0.0187009	0.0218119	0.0355792	0.00730173	0.000369532	0.00151234	0.0603604	0.00492231	
0.132043	0.0199329	0.0528063	0.261284	0.00520184	0.00447426	0.00376931	0.0356148	0.00368883	0.0243749	0.0161264	0.0060254	0.0138783	0.300991	0.00190727	0.0170749	0.0073723	0.0204714	0.0580081	0.014955	
0.118613	0.0310802	0.00804956	0.0117934	0.00395185	0.0134118	0.00445745	0.0626051	0.0111047	0.540081	0.0790214	0.00713498	0.0137336	0.00804187	0.0014501	0.00852178	0.0130284	0.0112648	0.00132972	0.051326	
0.027337	0.0151349	0.162566	0.293893	0.00431447	0.0115904	0.0045778	0.00205608	0.0142619	0.00466532	0.0482991	0.0551456	0.256441	0.00936819	0.013523	0.0196797	0.0256623	0.00629368	0.013641	0.0115485	
0.00546582	0.00335005	0.00703142	0.00513474	0.0455252	0.00971581	0.0165028	0.253258	0.00840222	0.0844463	0.00198087	0.00431553	0.0107251	0.0132821	0.00768541	0.00419573	0.0199132	0.46505	0.00658128	0.0274375	
0.0318646	0.00434799	0.00916332	0.290318	0.0192397	0.00326671	0.0513861	0.00633019	0.0970597	0.00845118	0.00746688	0.0307544	0.000456655	0.020117	0.0789353	0.176826	0.143354	0.00512905	0.0140092	0.00152291	
0.0619862	0.0136283	0.0706893	0.0507093	0.133597	0.0513646	0.0118059	0.418329	0.0114891	0.099312	0.0127688	0.00234413	0.00655782	0.00224133	0.00250762	0.00412021	0.00899613	0.025058	0.0100293	0.00246603	
0.0110994	0.00551747	0.00116578	0.130944	0.00557337	0.0119428	0.00651127	0.0154366	0.0116963	0.00463578	0.00292201	0.0106588	0.00499535	0.00182507	0.00283737	0.0582782	0.675579	0.0214964	0.00478166	0.0121036	
0.0372353	0.0396904	0.0382317	0.0145113	0.0536716	0.00902613	0.00727337	0.026151	0.0262307	0.0261496	0.00389257	0.0786158	0.0933256	0.0170077	0.390081	0.00182749	0.06563	0.00743818	0.0412983	0.0227118	
0.0330989	0.00156883	0.0602989	0.0101311	0.0141801	0.255742	0.183436	0.00222997	0.0233835	0.000875274	0.0145441	0.242101	0.00966905	0.0502732	0.0589831	0.0216428	0.00184236	0.00181115	0.00215552	0.0120337	
0.0092486	0.00711371	0.0104721	0.0111612	0.230859	0.0117338	0.00677603	0.0276218	0.0194584	0.010715	0.021641	0.00620685	0.0193109	0.0684385	0.00775066	0.00435515	0.00475868	0.202404	0.109623	0.210351	
0.0930576	0.0132116	0.00916468	0.012464	0.0197514	0.0257944	0.0153181	0.0427177	0.00791295	0.0141686	0.0366259	0.0856159	0.0101409	0.018935	0.0119549	0.0870561	0.431067	0.0125821	0.025523	0.0269384	
0.0340728	0.075818	0.0352623	0.037328	0.00671534	0.0518823	0.0353574	0.0755079	0.122533	0.01509	0.0724172	0.0260673	0.0556239	0.010777	0.266331	0.0397508	0.0151135	0.00810478	0.00186153	0.0143856	
0.0656265	0.00462845	0.00258424	0.0268596	0.0506821	0.0757962	0.326891	0.0115907	0.0236265	0.00420171	0.0282761	0.033939	0.0101982	0.00572708	0.0121128	0.00529471	0.0179533	0.0235512	0.0193278	0.251132	
0.390775	0.0443412	0.00465713	0.00601902	0.0900646	0.000896922	0.0109969	0.0717501	0.0213766	0.063295	0.0198699	0.0221085	0.116302	0.00795509	0.0267113	0.0289388	0.00339813	0.00563746	0.00559275	0.0593132	
0.0437699	0.0314229	0.0513824	0.64646	0.00146734	0.00482616	0.00353239	0.0075863	0.00729423	0.0648038	0.00503031	0.0189697	0.0343509	0.0208351	0.00530579	0.00970063	0.0232138	0.00997341	0.00563165	0.00444315	
0.0166542	0.00399805	0.00475876	0.00360416	0.00202696	0.585736	0.00409602	0.00636842	0.0040758	0.312434	0.00112413	0.00477818	0.00357591	0.00624235	0.00292212	0.00751576	0.00472238	0.00355639	0.00624353	0.0155664	
0.0252652	0.00154205	0.0417437	0.0394018	0.00126129	0.0241	0.0428443	0.0208689	0.0459951	0.0159009	0.0250962	0.0308456	0.00739691	0.0250692	0.0165129	0.584923	0.00112388	0.0385038	0.00168132	0.00992371	
0.0384147	0.204369	0.0098248	0.0125755	0.00246403	0.0029283	0.0216747	0.0111053	0.0314052	0.0229055	0.00813442	0.0152841	0.0123311	0.0239081	0.00748143	0.00726318	0.0192502	0.535285	0.00295385	0.0104415	
0.00388839	0.00371806	0.00464779	0.00304514	0.00168325	0.530605	0.00204384	0.00655476	0.00288946	0.391404	0.000587888	0.00414827	0.00272933	0.0060336	0.00219261	0.0050999	0.00434824	0.00347371	0.00589066	0.0150155	
0.0527856	0.00964027	0.0110239	0.00637693	0.00558503	0.0084514	0.0140606	0.304261	0.00411119	0.00387904	0.0145428	0.00783192	0.0166477	0.0183571	0.0100958	0.00807019	0.0223105	0.447221	0.0198443	0.0149038	
0.0318646	0.00434799	0.00916332	0.290318	0.0192397	0.00326671	0.0513861	0.00633019	0.0970597	0.00845118	0.00746688	0.0307544	0.000456655	0.020117	0.0789353	0.176826	0.143354	0.00512905	0.0140092	0.00152291	
0.0721714	0.102717	0.00380761	0.013715	0.425608	0.00724233	0.0150387	0.0151098	0.039523	0.0084579	0.0671376	0.0202705	0.00164358	0.0466415	0.0180915	0.0161545	0.0175871	0.100401	0.00206192	0.00661985	
0.0254313	0.0420466	0.51462	0.0621236	0.0126861	0.0155379	0.0101001	0.00681073	0.0113703	0.000671474	0.012802	0.135241	0.0187009	0.0218119	0.0355792	0.00730173	0.000369532	0.00151234	0.0603604	0.00492231	
0.0299954	0.00526592	0.0402809	0.0314878	0.11444	0.00673042	0.0647018	0.00416065	0.404715	0.00657709	0.0260127	0.00544068	0.00328863	0.0367775	0.181217	0.00322581	0.00503356	0.00749766	0.0135498	0.00960141	
0.00126526	0.0302516	0.00238743	0.00457042	0.00320139	0.00544446	0.0405747	0.00927915	0.0131523	0.00226415	0.0161116	0.0676553	0.225147	0.0342504	0.0360008	0.0184969	0.0172316	0.445668	0.00730762	0.0197406	
0.024311	0.0122539	0.0251196	0.0179336	0.00457537	0.0140379	0.00625403	0.278373	0.0227984	0.47459	0.010417	0.020439	0.00489275	0.00454413	0.00512499	0.00539507	0.0110346	0.0112896	0.00565076	0.0409657	
0.0126772	0.751417	0.00349512	0.00646614	0.00490153	0.00551593	0.00692013	0.00859132	0.0367177	0.00141496	0.014898	0.0144385	0.0131001	0.00937916	0.012021	0.0135551	0.0119759	0.0594859	0.00649948	0.00652937	
0.0939152	0.0132949	0.00944462	0.0101854	0.0189043	0.0255007	0.0173218	0.0403317	0.00773753	0.0143866	0.0330914	0.0864214	0.010997	0.019939	0.0122146	0.0868215	0.434749	0.0112581	0.0266823	0.0268028	
0.484363	0.0022643	0.00146375	0.00252411	0.00945673	0.00142001	0.00133558	0.00207396	0.168305	0.00476602	0.00644604	0.00762557	0.00421415	0.0278597	0.182741	0.013894	0.00756951	0.0532532	0.00497436	0.01345	
0.00963304	0.0265226	0.0238507	0.0426835	0.0057888	0.0133794	0.0212626	0.00916218	0.0174106	0.0202338	0.0306299	0.0200067	0.00898255	0.0696194	0.00548618	0.265058	0.365206	0.0285715	0.00947063	0.00704172	
0.0055122	0.00350855	0.0071358	0.00500441	0.0447207	0.00985892	0.0164005	0.252794	0.00857361	0.0853955	0.00212521	0.00433701	0.0105593	0.0131736	0.0077851	0.00433475	0.0198738	0.464206	0.00671108	0.02799	
0.0213142	0.00578598	0.13708	0.392556	0.0246363	0.0140357	0.0140192	0.0144772	0.0216206	0.0291995	0.01061	0.0131918	0.00541528	0.0744111	0.00921772	0.015465	0.107286	0.0395162	0.046975	0.00318783	
0.027337	0.0151349	0.162566	0.293893	0.00431447	0.0115904	0.0045778	0.00205608	0.0142619	0.00466532	0.0482991	0.0551456	0.256441	0.00936819	0.013523	0.0196797	0.0256623	0.00629368	0.013641	0.0115485	
0.00833985	0.0134731	0.00965336	0.00925431	0.0431639	0.241919	0.00401176	0.00259102	0.196813	0.00657936	0.00497626	0.0660942	0.00815476	0.00199797	0.21671	0.0926067	0.0216617	0.0222488	0.0211925	0.00855835	
0.0142053	0.0987343	0.00840004	0.0088021	0.00326858	0.00115229	0.0112703	0.0435746	0.0201288	0.0273247	0.0110005	0.00944183	0.0179563	0.0129054	0.0058079	0.00628265	0.00951052	0.64948	0.0297249	0.0110292	
0.000422962	0.00579763	0.101892	0.023425	0.0107886	0.00549924	0.00449211	0.0593672	0.0183904	0.00150632	0.0200453	0.056373	0.542719	0.00283354	0.00501803	0.00422735	0.00198504	0.110473	0.0060814	0.0186628	
0.0234037	0.00133927	0.00577184	0.00879953	0.0337118	0.0653736	0.0147462	0.0345622	0.0255937	0.0251056	0.00438556	0.0930972	0.27584	0.00214356	0.27234	0.0779734	0.0101251	0.00282883	0.0120516	0.0108078	
0.0635979	0.000818583	0.0143821	0.142708	0.436447	0.0176607	0.029822	0.00127439	0.0847628	0.00329477	0.0285483	0.0106902	0.01436	0.0335089	0.0471091	0.0023064	0.0359536	0.00407194	0.0211873	0.00749647	
0.015465	0.0156181	0.0645986	0.0211798	0.0115243	0.0218461	0.0120661	0.0280723	0.010602	0.593255	0.0608306	0.0228033	0.00738932	0.00990226	0.0357657	0.0164824	0.0181237	0.0104337	0.00226493	0.0217764	
0.0151141	0.00647614	0.0147872	0.0159923	0.0119273	0.0206954	0.0412697	0.00779514	0.414791	0.0120026	0.0181551	0.00870512	0.00802214	0.0112386	0.334307	0.0143081	0.00217446	0.00591245	0.0297604	0.00656559	
0.0554389	0.00652209	0.0152458	0.138464	0.00137463	0.106145	0.0205354	0.00643511	0.224024	0.00105836	0.00218385	0.0368937	0.00255312	0.22165	0.112907	0.02668	0.0148882	0.00553848	0.000604458	0.000858289	
0.0178112	0.0230296	0.0039645	0.0459366	0.00180013	0.00895429	0.0158718	0.204828	0.0214361	0.14718	0.00564014	0.0122748	0.00138428	0.00215511	0.0114072	0.00470638	0.00927669	0.426927	0.00264033	0.0327761	
0.0160861	0.00656866	0.0114768	0.00712459	0.016006	0.016575	0.00499949	0.0099364	0.00298312	0.0191954	0.0207714	0.050523	0.00468992	0.00959925	0.0154367	0.0177829	0.724712	0.0115975	0.0153579	0.0185774	
0.692016	0.00519234	0.003675	0.00255661	0.0426783	0.0177112	0.0446033	0.0105208	0.0258149	0.00593891	0.0106465	0.00765906	0.0078946	0.0145636	0.0136957	0.00864842	0.0100497	0.00635795	0.0493245	0.0204521	
0.0827276	0.00635123	0.00496874	0.0318206	0.0141829	0.00626825	0.00424503	0.0309585	0.0576352	0.00605328	0.0292837	0.0066433	0.0118973	0.0127579	0.0248525	0.00582319	0.00446563	0.027345	0.0167282	0.614992	
0.10295	0.00194608	0.0255293	0.0664248	0.0159879	0.258583	0.0440259	0.00367954	0.0542457	0.0065485	0.0171502	0.0893269	0.00287308	0.0258713	0.0683643	0.193055	0.00339888	0.0156677	0.0018516	0.00251963	
0.0114173	0.00954863	0.0502284	0.0150198	0.0104715	0.0137013	0.0292144	0.0109946	0.010704	0.132964	0.486618	0.00861766	0.0300989	0.0430588	0.036306	0.0176035	0.0208652	0.0115056	0.0207329	0.0303298	
0.00388839	0.00371806	0.00464779	0.00304514	0.00168325	0.530605	0.00204384	0.00655476	0.00288946	0.391404	0.000587888	0.00414827	0.00272933	0.0060336	0.00219261	0.0050999	0.00434824	0.00347371	0.00589066	0.0150155	
0.107941	0.00164728	0.113972	0.0128664	0.034666	0.0490046	0.0159701	0.00609115	0.00676508	0.00525434	0.017395	0.0555415	0.00267207	0.0148902	0.448437	0.055193	0.0161477	0.00705993	0.00371809	0.0247678	
0.468564	0.00706038	0.00358208	0.00196355	0.00825045	0.00269121	0.0267659	0.0360532	0.0347265	0.00817313	0.0342902	0.0348744	0.00416078	0.036818	0.0219614	0.209714	0.00522781	0.00170065	0.00363656	0.0497853	
0.0126084	0.00716083	0.0105772	0.00240107	0.0154063	0.017751	0.00459411	0.0107585	0.00350114	0.0145939	0.0172656	0.0413933	0.00550666	0.00488133	0.0148962	0.0151458	0.778684	0.00266085	0.00407332	0.016141	
0.0419942	0.0380714	0.0376585	0.019214	0.0145006	0.117088	0.344241	0.00328358	0.00244976	0.0342036	0.00888491	0.0560284	0.0748476	0.0952936	0.0169072	0.0526514	0.0120775	0.00224668	0.0268525	0.0015057	
0.00963304	0.0265226	0.0238507	0.0426835	0.0057888	0.0133794	0.0212626	0.00916218	0.0174106	0.0202338	0.0306299	0.0200067	0.00898255	0.0696194	0.00548618	0.265058	0.365206	0.0285715	0.00947063	0.00704172	
0.0116574	0.00428307	0.0167797	0.00279771	0.00256832	0.103482	0.016747	0.0163854	0.0469549	0.00478801	0.166351	0.170603	0.0299251	0.0771673	0.0022652	0.148356	0.142557	0.00960944	0.0108482	0.0158734	
0.0737647	0.00123231	0.0534875	0.0204996	0.00627198	0.0583478	0.0192484	0.0862369	0.0199227	0.0100816	0.0110321	0.0247416	0.177972	0.13237	0.187537	0.0638768	0.0160505	0.0253494	0.000656093	0.0113208	
0.0355476	0.039454	0.0243676	0.0408112	0.0241424	0.00315721	0.0299599	0.0150983	0.0082456	0.0058423	0.0155744	0.0759626	0.0158821	0.0120284	0.597412	0.00418809	0.00509982	0.0271893	0.00399453	0.0160424	
0.0301515	0.0248634	0.0606044	0.676983	0.00403871	0.00612783	0.00423859	0.00744359	0.00941683	0.0501822	0.00443992	0.0122396	0.0213781	0.0230841	0.00504921	0.00839903	0.0251989	0.01133	0.0107305	0.00410001	
0.429151	0.00592386	0.00316081	0.00889882	0.0159696	0.0174167	0.0432776	0.0310725	0.0333744	0.070822	0.00434259	0.0189066	0.00344566	0.0262593	0.0100346	0.205669	0.00478476	0.05988	0.00516637	0.00244445	
0.282237	0.0105268	0.0021971	0.00117737	0.0145438	0.0142006	0.112259	0.00697403	0.0168081	0.103674	0.0154216	0.0280103	0.000592036	0.0478681	0.0148135	0.146043	0.0698235	0.0807163	0.00124723	0.0308667	
0.477026	0.00201194	0.00191983	0.00251992	0.0100262	0.00146717	0.000769474	0.0020936	0.172457	0.00493713	0.00623065	0.00675658	0.00426203	0.0286372	0.185122	0.0142598	0.00777842	0.0530314	0.00487649	0.0138171	
0.00386894	0.00373775	0.00466365	0.00304262	0.00175485	0.530497	0.0020468	0.00654528	0.00289231	0.390969	0.000835963	0.00436298	0.00272896	0.00602361	0.00219361	0.00507428	0.00436579	0.00348098	0.00585104	0.0150645	
0.0134861	0.00628649	0.0141306	0.0161491	0.00966987	0.0199539	0.0447034	0.00789251	0.42625	0.0112629	0.0194535	0.00898481	0.00777953	0.0132426	0.323937	0.0137317	0.00219297	0.00618565	0.0287483	0.00595927	
0.0224839	0.00716797	0.00263869	0.00383455	0.000720987	0.00938758	0.00125688	0.261137	0.008024	0.216572	0.0117247	0.00271423	0.032514	0.174484	0.00360855	0.00667326	0.00559349	0.210182	0.0111169	0.00816555	
0.0130565	0.000649019	0.0958383	0.0227545	0.010727	0.272497	0.0148309	0.00528621	0.0486298	0.0181947	0.0195104	0.0295893	0.00476513	0.0250238	0.00424182	0.326396	0.0625539	0.0124019	0.0102478	0.00280598	
0.00377839	0.00382253	0.00487542	0.00307625	0.00189752	0.533284	0.00207426	0.00688972	0.00306507	0.385297	0.00109114	0.00484808	0.00299144	0.0060428	0.00226777	0.00502084	0.00537466	0.00356691	0.00569549	0.0150407	
0.0106701	0.00554348	0.00145582	0.124533	0.00566055	0.0112051	0.0056162	0.0141253	0.0112632	0.00424855	0.0030645	0.0103489	0.00484048	0.00317764	0.00270685	0.0604028	0.684869	0.0207478	0.00425492	0.0112655	
0.0108117	0.0103783	0.0395936	0.00213577	0.00844056	0.015876	0.0134188	0.00592816	0.0103023	0.134782	0.276438	0.0629836	0.00897731	0.119748	0.0147719	0.0222876	0.0116125	0.17622	0.00832283	0.0469719	
0.0150372	0.0230357	0.0131072	0.00911178	0.0146562	0.0307831	0.00859185	0.0515187	0.00556356	0.00808289	0.00866828	0.0172895	0.00463202	0.676012	0.00571373	0.0150841	0.0352878	0.0305127	0.0093832	0.0179282	
0.0122101	0.0134996	0.0408643	0.0105428	0.00220344	0.388729	0.00521705	0.00863714	0.00899185	0.429284	0.00430963	0.00997573	0.00791074	0.00674637	0.00482694	0.00693063	0.01122	0.00519246	0.00797792	0.0147304	
0.00471485	0.0411455	0.0273414	0.0156655	0.00909128	0.0459616	0.0171944	0.654387	0.00808837	0.0104391	0.000970763	0.00256616	0.0743041	0.0313801	0.00458218	0.00608458	0.0029619	0.0220974	0.0123144	0.00870942	
0.0905585	0.00680146	0.00786205	0.00678182	0.00311791	0.751215	0.0123974	0.004167	0.0091183	0.00857736	0.00296554	0.0135035	0.00958719	0.00738896	0.00679811	0.0162631	0.00937547	0.00591242	0.00833313	0.0192754	
0.27063	0.00877685	0.0113437	0.00783671	0.0255924	0.00703043	0.0418601	0.0167246	0.0280466	0.023817	0.0259485	0.0276556	0.0118135	0.0111986	0.0319256	0.419576	0.00551427	0.0115143	0.00698115	0.00621443	
0.00439558	0.00442774	0.00599774	0.0035937	0.00165323	0.523487	0.0021135	0.00658023	0.00334972	0.394296	0.000639104	0.0041746	0.0028658	0.00606785	0.0022207	0.00522818	0.00469956	0.00347772	0.00607788	0.0146545	
0.670206	0.00830335	0.0109219	0.00600274	0.0108155	0.0139311	0.0286269	0.00578331	0.0083351	0.0131458	0.0155803	0.0114868	0.00508871	0.0188466	0.0050904	0.1335	0.0170074	0.00475973	1.53386e-05	0.0125533	
0.168658	0.0964388	0.00202944	0.0105541	0.00326434	0.0332522	0.0292095	0.0230097	0.0222042	0.00153621	0.0293869	0.10862	0.00162292	0.0349163	0.00714037	0.0275273	0.00294189	0.369378	0.00149184	0.0268179	
0.00426331	0.00289654	0.00559452	0.00470622	0.0683509	0.00707198	0.0180842	0.244318	0.00704903	0.0864289	0.00363734	0.0125795	0.0131704	0.00957984	0.00810303	0.00283498	0.0470402	0.434917	0.00379214	0.0155821	
0.00271787	0.0123466	0.478983	0.00671359	0.00948546	0.00465481	0.00497489	0.0163089	0.00554244	0.0923692	0.0655129	0.0534615	0.15367	0.010736	0.0250125	0.0259665	0.0076654	0.00396048	0.0165389	0.00337869	
0.0114713	0.0186554	0.0644369	0.020842	0.0141953	0.0324321	0.011323	0.0242987	0.0113286	0.571876	0.0684382	0.0255729	0.00646647	0.0151697	0.0378013	0.0143815	0.0180961	0.0116223	0.00199473	0.0195977	
0.101712	0.00434056	0.0178232	0.163373	0.00423736	0.0238108	0.0101431	0.0172894	0.239153	0.00718057	0.00143669	0.0380871	0.0225614	0.0382423	0.0496544	0.0829929	0.127167	0.0348285	0.00758709	0.00837886	
0.127112	0.0104999	0.0139932	0.0321427	0.0141707	0.0562285	0.0178323	0.0224641	0.450375	0.0262754	0.0195479	0.00824976	0.0313308	0.0290839	0.029139	0.0459529	0.0382861	0.0249063	0.00174493	0.000663851	
0.0901035	0.0240113	0.025314	0.0111448	0.00627755	0.031248	0.00629864	0.0533122	0.00812721	0.552666	0.0661905	0.00885442	0.0121469	0.00934126	0.00727353	0.00940386	0.0151647	0.0115769	0.00146636	0.0500784	
0.00382833	0.00370959	0.00470433	0.00314774	0.00198068	0.531581	0.00219579	0.00685117	0.00318757	0.387474	0.000961896	0.00453512	0.00299438	0.00647535	0.00220838	0.00504062	0.00461543	0.00347804	0.00598161	0.0150484	
0.0065132	0.00730682	0.00390798	0.513172	0.220474	0.00135838	0.0159127	0.00494632	0.00183761	0.00558253	0.0392432	0.00307264	0.0679875	0.00440561	0.0539089	0.0088638	0.00656275	0.00624093	0.0192025	0.00949968	
0.012787	0.00515366	0.00747269	0.0144986	0.0203786	0.00863811	0.0456925	0.023693	0.0219482	0.0112881	0.0762682	0.105037	0.00849541	0.027733	0.565478	0.00589168	0.00890029	0.0077675	0.00898717	0.0138915	
0.0106701	0.00554348	0.00145582	0.124533	0.00566055	0.0112051	0.0056162	0.0141253	0.0112632	0.00424855	0.0030645	0.0103489	0.00484048	0.00317764	0.00270685	0.0604028	0.684869	0.0207478	0.00425492	0.0112655	
0.00869609	0.0384311	0.0198015	0.00460824	0.00839373	0.0126428	0.00270748	0.607168	0.00102445	0.0779637	0.0014335	0.00382929	0.00415273	0.0103199	0.0172777	0.00298384	0.0298876	0.085993	0.00988892	0.0527966	
0.0241521	0.00138772	0.00502523	0.00379844	0.0394779	0.025442	0.082798	0.0729956	0.0170617	0.0280548	0.0040474	0.0185666	0.00297486	0.0717051	0.0503254	0.0151144	0.292122	0.100031	0.098203	0.0467165	
0.0193433	0.00943348	0.00436223	0.00451785	0.00181488	0.0101558	0.00134497	0.281207	0.0074687	0.216905	0.0146733	0.00343465	0.0275896	0.133965	0.00415077	0.00650319	0.00599133	0.229241	0.00855316	0.00934478	
0.0157839	0.661038	0.00551659	0.00622579	0.00285876	0.00400899	0.00787558	0.00792003	0.0273222	0.00748208	0.0108545	0.0136921	0.00951078	0.0126945	0.00918165	0.00947575	0.00906729	0.16751	0.00465851	0.00732281	
0.0303319	0.0167253	0.0187741	0.0124957	0.00967994	0.011149	0.0229449	0.351199	0.00918962	0.381686	0.00806068	0.0122804	0.00692868	0.0111964	0.00400809	0.00618912	0.00552917	0.0299104	0.00556019	0.0461621	
0.00684364	0.0221808	0.0134055	0.0132121	0.0182948	0.0278478	0.0127804	0.0372024	0.00543403	0.00738461	0.00413014	0.0200776	0.00383722	0.733836	0.00784301	0.0107691	0.0229799	0.0109235	0.00519323	0.0158239	
0.776774	0.0053252	0.00471171	0.00288028	0.00815621	0.0125345	0.0313005	0.00544775	0.0284569	0.00626532	0.00659014	0.00325558	0.00732837	0.00330637	0.0144404	0.00975112	0.010234	0.00708813	0.0502619	0.0058913	
0.086552	0.00523918	0.00636407	0.0064548	0.00440039	0.749457	0.0221883	0.00522434	0.00914073	0.00737774	0.00448126	0.012015	0.00810134	0.00806368	0.00594737	0.0140186	0.00856614	0.00478136	0.0058403	0.0257867	
0.0117487	0.00706062	0.00965329	0.0120867	0.0139562	0.0169419	0.00513318	0.0112343	0.00426441	0.0134655	0.015623	0.036338	0.00521259	0.00504151	0.0129226	0.0177096	0.777732	0.004075	0.00424609	0.0155551	
0.702109	0.00773265	0.00376153	0.00300716	0.0487695	0.0148255	0.0286944	0.00602637	0.0271821	0.00757489	0.011083	0.00485818	0.00690296	0.0128737	0.0127797	0.00860572	0.0111914	0.00623612	0.0618151	0.0139712	
0.388031	0.0065958	0.00513234	0.00862375	0.0138088	0.0109563	0.0530151	0.00972251	0.0304596	0.0423877	0.011261	0.0103954	0.00610682	0.00931222	0.00366134	0.343369	0.0105643	0.0238337	0.00663352	0.00613055	
0.00469223	0.0410752	0.0272983	0.015889	0.00909064	0.0459726	0.0172119	0.654808	0.00809768	0.0104709	0.000965933	0.00257517	0.0738179	0.0312724	0.00458159	0.00608263	0.00296708	0.0221044	0.0123128	0.00871339	
0.0106883	0.00554252	0.00145128	0.125113	0.00571671	0.0112073	0.00566767	0.014181	0.0112784	0.0043069	0.00304478	0.0103861	0.00485063	0.00232532	0.00270984	0.0602879	0.684757	0.0208209	0.004367	0.0112978	
0.00388613	0.00372118	0.004658	0.00304713	0.00168301	0.530999	0.00204183	0.00655318	0.0028792	0.390936	0.000588426	0.00416092	0.00274059	0.00603088	0.00219384	0.00509049	0.00436781	0.0034761	0.00589905	0.0150475	
0.35075	0.0276322	0.00700901	0.0126574	0.00358394	0.206157	0.00927963	0.0132432	0.0189536	0.0225734	0.0110492	0.00732101	0.0964589	0.0322694	0.00763953	0.137813	0.0070066	0.0143733	0.0111464	0.00308409	
0.0648954	0.0870362	0.00311313	0.048345	0.255035	0.00563935	0.00250942	0.00260541	0.0358254	0.00314311	0.0580356	0.0136452	0.0124295	0.046822	0.00385702	0.00876916	0.0191531	0.00558661	0.160638	0.162916	
0.0126451	0.0645487	0.0116585	0.00977505	0.00333959	0.00100381	0.0110146	0.0674927	0.0205069	0.0319521	0.0143142	0.00853539	0.0199991	0.00966508	0.00281409	0.00822036	0.0127607	0.630631	0.0445039	0.0146194	
0.773063	0.0058712	0.00464991	0.00282523	0.0085954	0.0120235	0.0313182	0.0055225	0.0283402	0.00623338	0.00678957	0.00336648	0.00716894	0.0036452	0.0144705	0.00973773	0.00993738	0.00700919	0.0487262	0.0107066	
0.11936	0.0760347	0.00493193	0.00419649	0.00334415	0.00179325	0.0115857	0.000527814	0.0161284	0.568782	0.0303773	0.0536899	0.0100044	0.0103621	0.00501328	0.00328537	0.0187168	0.0455237	0.00404354	0.0122998	
0.184732	0.00940435	0.00542296	0.0107954	0.000950077	0.0184104	0.0913777	0.0533535	0.0313028	0.00503304	0.00306955	0.0107275	0.00239519	0.0686207	0.0972183	0.0249204	0.0239002	0.257725	0.0163375	0.0843031	
0.00703489	0.0128124	0.196031	0.0106627	0.0141322	0.00355711	0.0174866	0.0391409	0.00289776	0.452733	0.0355287	0.0234288	0.0112615	0.0570183	0.0304325	0.0134235	0.0303158	0.00664446	0.00170055	0.0337577	
0.665846	0.0196899	0.00465076	0.00209859	0.0298001	0.00692003	0.0314832	0.0131283	0.0271762	0.0111148	0.0147792	0.00894517	0.00458237	0.0114634	0.0257787	0.00862442	0.00799582	0.00529794	0.0402265	0.0603981	
0.00464014	0.0281235	0.0240345	0.00562248	0.0174855	0.00449524	0.00050265	0.276811	0.0136295	0.167815	0.0261088	0.0105448	0.0106862	0.0113647	0.00986974	0.0133052	0.0121328	0.344097	0.00471203	0.0140199	
0.0850371	0.00631328	0.224782	0.105059	0.00850889	0.0617882	0.0135199	0.00777972	0.0709559	0.00974126	0.0117626	0.177224	0.00638037	0.082696	0.0469184	0.0276192	0.0310464	0.00845633	0.000891893	0.0135202	
0.0279717	0.00676152	0.0051149	0.00661374	0.0251318	0.10207	0.0703525	0.0123374	0.261236	0.0250833	0.0115125	0.0180808	0.00461085	0.0312769	0.0620802	0.0604683	0.0740554	0.0618943	0.0900436	0.0433043	
0.130468	0.0338257	0.00695717	0.0116282	0.00366123	0.0141263	0.00496634	0.0672367	0.0134123	0.514389	0.0801315	0.00695603	0.0143809	0.00872061	0.000502212	0.00847544	0.0137891	0.0103646	0.00166459	0.054344	
0.00880573	0.0107562	0.0129011	0.017815	0.0193868	0.00272922	0.0224414	0.115135	0.0447745	0.165774	0.0836315	0.00253158	0.00901469	0.0235666	0.108833	0.0184455	0.0213454	0.267291	0.000447521	0.0443743	
0.199857	0.00738333	0.043026	0.219085	0.00383611	0.015915	0.0125478	0.0105712	0.102529	0.0217732	0.00813177	0.0281628	0.00672604	0.123764	0.0930403	0.0454913	0.0318324	0.0143396	0.00596433	0.0060232	
0.199857	0.00738333	0.043026	0.219085	0.00383611	0.015915	0.0125478	0.0105712	0.102529	0.0217732	0.00813177	0.0281628	0.00672604	0.123764	0.0930403	0.0454913	0.0318324	0.0143396	0.00596433	0.0060232	
0.0172927	0.017439	0.0625616	0.0244809	0.00362047	0.653268	0.00292256	0.00300993	0.0337372	0.0114967	0.00728853	0.0422771	0.00262852	0.0236197	0.0224155	0.0347648	0.0111762	0.00195437	0.0090103	0.0150356	
0.0316936	0.00423193	0.0163681	0.0294917	0.0187352	0.0173404	0.0125623	0.12722	0.107283	0.132478	0.129418	0.00716278	0.0244995	0.0662098	0.0583659	0.0240044	0.0324632	0.146047	0.00185305	0.0125724	
0.0525694	0.0232882	0.00162237	0.0131588	0.0243189	0.0103832	0.0304575	0.269549	0.00832224	0.401604	0.015219	0.00361169	0.00783938	0.0123329	0.00826045	0.00750718	0.00613536	0.0795777	0.0103144	0.013928	
0.101712	0.00434056	0.0178232	0.163373	0.00423736	0.0238108	0.0101431	0.0172894	0.239153	0.00718057	0.00143669	0.0380871	0.0225614	0.0382423	0.0496544	0.0829929	0.127167	0.0348285	0.00758709	0.00837886	
0.117283	0.00462351	0.0206206	0.173657	0.00386024	0.0241599	0.010815	0.0162297	0.220561	0.0089823	0.0023884	0.0343322	0.0196632	0.0491464	0.0555729	0.0753158	0.113274	0.0331102	0.0074536	0.00895119	
0.010276	0.00629477	0.163446	0.0205153	0.0210439	0.00188803	0.0167601	0.071465	0.0225084	0.0782401	0.0615747	0.14159	0.0104755	0.128036	0.022363	0.116121	0.0384497	0.051834	0.0139688	0.003149	
0.000413888	0.00576214	0.102093	0.023173	0.0106701	0.0054073	0.00451012	0.0588416	0.0184581	0.00150592	0.0201277	0.056344	0.54217	0.00286546	0.00502471	0.00420967	0.00199977	0.111184	0.00641197	0.0188266	
0.0525694	0.0232882	0.00162237	0.0131588	0.0243189	0.0103832	0.0304575	0.269549	0.00832224	0.401604	0.015219	0.00361169	0.00783938	0.0123329	0.00826045	0.00750718	0.00613536	0.0795777	0.0103144	0.013928	
0.00562306	0.0271057	0.00357325	0.00840883	0.0194036	0.00387851	0.0608277	0.0555397	0.28825	0.0713063	0.0124477	0.0447148	0.000545177	0.0532899	0.141194	0.0180007	0.124599	0.028683	0.00625756	0.0263517	
0.0304903	0.0233519	0.352875	0.0661021	0.0345111	0.138244	0.0484231	0.00336905	0.0184327	0.00201445	0.0246934	0.045939	0.00865276	0.0207221	0.0330105	0.0794028	0.0448434	0.0113725	0.00667712	0.00687249	
0.0359693	0.00295176	0.0129157	0.0190332	0.218173	0.0393737	0.0620245	0.0135257	0.0481341	0.030164	0.0935663	0.0216009	0.0434467	0.126534	0.00931781	0.144848	0.0122882	0.000844828	0.00260728	0.0626818	
0.00467858	0.0277693	0.0237419	0.00550197	0.01732	0.00471368	0.000495183	0.275855	0.0135232	0.167788	0.0258348	0.0103446	0.0107177	0.0113685	0.0100359	0.0133535	0.0122555	0.345712	0.00498522	0.0140056	
0.689765	0.00736927	0.00909315	0.00501668	0.0101834	0.0117434	0.029464	0.00664049	0.00882354	0.0115432	0.0173776	0.0106246	0.00525109	0.0186179	0.00520691	0.11804	0.0162631	0.00581902	0.00197474	0.0111825	
0.74013	0.0063926	0.00427828	0.00251324	0.00947189	0.00933872	0.0315619	0.00745722	0.0358831	0.0061065	0.00986881	0.00524118	0.00692174	0.00878077	0.0258869	0.0172782	0.00989411	0.00931601	0.0361328	0.0175459	
0.0226863	0.0154451	0.00655729	0.0145564	0.00260533	0.00754737	0.0154935	0.300212	0.00437959	0.00461751	0.00622594	0.00407402	0.0219717	0.0140763	0.00539393	0.00435692	0.0283731	0.483215	0.0184988	0.0197136	
0.0297974	0.219691	0.00969954	0.0129493	0.00227976	0.00249881	0.0169747	0.0153354	0.0243629	0.0222838	0.00860727	0.0128972	0.0102833	0.0220738	0.00730934	0.00546498	0.00604963	0.56415	0.00141863	0.00587356	
0.00370817	0.00392435	0.00514186	0.00305446	0.00244449	0.533691	0.0021392	0.0070378	0.00327249	0.380314	0.00144805	0.00576466	0.00317071	0.00631311	0.0023742	0.00501299	0.0069536	0.00356568	0.00557532	0.015094	
0.00480749	0.028134	0.0246427	0.00691305	0.0163812	0.00382182	0.00055882	0.286854	0.0144928	0.165377	0.0273267	0.0117358	0.0107916	0.0109821	0.00975191	0.013579	0.0114295	0.3369	0.00419306	0.0113271	
0.00607867	0.0076078	0.00767929	0.00369939	0.0384269	0.0139241	0.0135257	0.230295	0.00936806	0.100562	0.00381889	0.00394771	0.0106093	0.0154935	0.00989067	0.00759518	0.0238253	0.438632	0.0105589	0.0444627	
0.0843198	0.00772992	0.246116	0.120533	0.00751974	0.0789152	0.0108666	0.0085209	0.0677621	0.00836367	0.0064026	0.156511	0.00784176	0.0852055	0.0374191	0.019434	0.0222083	0.00931763	0.00124839	0.0137644	
0.0173072	0.0174446	0.0625881	0.0244852	0.00358569	0.653275	0.00291947	0.00302462	0.0337154	0.011581	0.00726006	0.042227	0.00263681	0.0236089	0.0223896	0.0347684	0.0111808	0.0019528	0.00900283	0.0150468	
0.0501186	0.0138788	0.0234802	0.184498	0.00512391	0.031863	0.0142606	0.0266306	0.0383178	0.0138991	0.00964442	0.0438542	0.0151779	0.0794266	0.0573174	0.00497593	0.215497	0.122543	0.00929495	0.0401982	
0.099783	0.123364	0.0297666	0.0402614	0.00761091	0.0144577	0.0275741	0.0747958	0.0232312	0.0633191	0.013021	0.00659272	0.3202	0.00279186	0.00723247	0.0108102	0.0140857	0.0586398	0.0340153	0.0284462	
0.00856366	0.011006	0.0130927	0.0174705	0.0194593	0.00258463	0.0219282	0.117678	0.0420089	0.166599	0.0821196	0.00263071	0.00879941	0.0227778	0.106617	0.0182129	0.0207645	0.273649	0.000495351	0.0435427	
0.118251	0.0763959	0.0052737	0.00436996	0.00337155	0.00174661	0.0118318	0.000532597	0.0162162	0.569034	0.0300493	0.0533347	0.00998535	0.0104404	0.00501384	0.00328305	0.0186733	0.0454281	0.00418008	0.0125881	
0.00447638	0.00404644	0.00708634	0.00398877	0.00165504	0.523386	0.00206595	0.00644007	0.00347749	0.392698	0.000591995	0.00438317	0.00277453	0.00603102	0.00222818	0.00512713	0.00477945	0.00354466	0.00642989	0.0147895	
0.0254313	0.0420466	0.51462	0.0621236	0.0126861	0.0155379	0.0101001	0.00681073	0.0113703	0.000671474	0.012802	0.135241	0.0187009	0.0218119	0.0355792	0.00730173	0.000369532	0.00151234	0.0603604	0.00492231	
0.0809248	0.00603931	0.00522465	0.0306376	0.015288	0.00759228	0.00431658	0.0307929	0.055045	0.00164679	0.0288677	0.00662657	0.0223765	0.0128951	0.0239796	0.0059301	0.00484569	0.0237517	0.0169005	0.616318	
0.128037	0.00163791	0.129678	0.174911	0.00523804	0.00282593	0.00242299	0.0620111	0.0244437	0.069743	0.00337403	0.0073505	0.056856	0.129061	0.00350998	0.0301074	0.0239956	0.0986738	0.0183326	0.0277898	
0.0064956	0.00721363	0.00390837	0.513335	0.220738	0.00136544	0.0157944	0.00483635	0.00184571	0.0055814	0.0395281	0.00311597	0.0670517	0.00438529	0.0536617	0.00882471	0.00708902	0.00616623	0.019128	0.00993517	
0.0514319	0.00257357	0.00745614	0.0143279	0.00130817	0.00369456	0.0251862	0.0117327	0.0556124	0.00582459	0.0537425	0.0245894	0.0132034	0.053833	0.0604982	0.545096	0.00172337	0.0624206	0.00224532	0.0035001	
0.179852	0.00236772	0.0979607	0.121872	0.000742581	0.0531328	0.0246065	0.0106303	0.0647146	0.00326926	0.00577308	0.0542522	0.00691974	0.0180011	0.0837679	0.136893	0.0781812	0.0412832	0.0151905	0.000588892	
0.677665	0.023371	0.00462284	0.00209495	0.0294136	0.00755785	0.0319594	0.0118028	0.0265406	0.013416	0.0155928	0.00990262	0.004828	0.0129572	0.0224793	0.00938897	0.00844799	0.00534843	0.0431306	0.03948	
0.063466	0.0404024	0.191825	0.368841	0.00348891	0.0843969	0.00939079	0.035075	0.0366763	0.02496	0.0228101	0.00367665	0.0036981	0.0364878	0.0112323	0.0339117	0.0180241	0.00241572	0.0030708	0.00615084	
0.0662428	0.0512149	0.00721208	0.00818404	0.00415143	0.00930866	0.00900542	0.00165149	0.00349037	0.0101558	0.00478407	0.024078	0.00938083	0.101926	0.00204942	0.00249373	0.305808	0.31861	0.0164259	0.0438269	
0.124739	0.0250707	0.0223326	0.0125735	0.0414251	0.0462808	0.00402105	0.020222	0.00973105	0.157967	0.422569	0.0130911	0.01028	0.00765383	0.00687693	0.0153612	0.0129817	0.0263704	0.0139312	0.00652194	
0.290009	0.00334163	0.00229533	0.00673187	0.0387617	0.11446	0.00442678	0.00302998	0.00273991	0.0090747	0.0369681	0.358627	0.067777	0.00248713	0.0148243	0.00234703	0.00167552	0.0336933	0.00636907	0.000360065	
0.00342713	0.00320516	0.00434225	0.00428768	0.096387	0.00435246	0.0281127	0.226833	0.00902936	0.0903854	0.00433627	0.0180654	0.0195483	0.0086754	0.0148837	0.00209923	0.0638108	0.386399	0.00230085	0.00951815	
0.0527856	0.00964027	0.0110239	0.00637693	0.00558503	0.0084514	0.0140606	0.304261	0.00411119	0.00387904	0.0145428	0.00783192	0.0166477	0.0183571	0.0100958	0.00807019	0.0223105	0.447221	0.0198443	0.0149038	
0.124739	0.0250707	0.0223326	0.0125735	0.0414251	0.0462808	0.00402105	0.020222	0.00973105	0.157967	0.422569	0.0130911	0.01028	0.00765383	0.00687693	0.0153612	0.0129817	0.0263704	0.0139312	0.00652194	
0.0174104	0.0116978	0.0135505	0.00816687	0.0133592	0.0271477	0.00904687	0.0148595	0.00324794	0.0130577	0.0218402	0.0729872	0.00383394	0.0134498	0.0140143	0.0129183	0.688067	0.00346712	0.00751351	0.0303642	
0.0544582	0.00248447	0.12752	0.184052	0.0224278	0.328047	0.00465547	0.0170649	0.00615364	0.0187729	0.0509576	0.00235766	0.0124345	0.0282123	0.00452103	0.0928851	0.0237334	0.00228096	0.0112649	0.00571573	
0.179248	0.00246837	0.109893	0.124731	0.000610723	0.0530803	0.022998	0.0102971	0.0641442	0.00322859	0.00530207	0.0513242	0.00686264	0.0159956	0.0798457	0.139615	0.0767637	0.038321	0.0146579	0.000613918	
0.00378094	0.00430969	0.00692327	0.00296652	0.00607737	0.520402	0.00290018	0.00837922	0.00354951	0.355271	0.00645612	0.0125652	0.00390605	0.00925393	0.00345365	0.00545199	0.0183656	0.00357596	0.00515479	0.0172572	
0.0554389	0.00652209	0.0152458	0.138464	0.00137463	0.106145	0.0205354	0.00643511	0.224024	0.00105836	0.00218385	0.0368937	0.00255312	0.22165	0.112907	0.02668	0.0148882	0.00553848	0.000604458	0.000858289	
0.0128276	0.00325534	0.00294642	0.00598705	0.460628	0.0192227	0.0288191	0.140066	0.0285095	0.103947	0.0543029	0.00892093	0.00249322	0.00572345	0.00347955	0.0059045	0.00779161	0.0149171	0.00637848	0.0838795	
0.00123101	0.0263833	0.00724618	0.0206996	0.000802255	0.00302554	0.0105764	0.425202	0.0157242	0.0258047	0.00231341	0.0297123	0.0103022	0.0269451	0.00724285	0.0362725	0.00677669	0.29644	0.0217803	0.02552	
0.00564293	0.00388941	0.0075809	0.00625223	0.0414872	0.00983183	0.0162307	0.253439	0.00869571	0.0860486	0.00211664	0.00455229	0.00989622	0.0124503	0.00783613	0.00438243	0.0189811	0.464116	0.00672544	0.0298445	
0.00666548	0.0223635	0.0134811	0.0133203	0.0184926	0.027816	0.0128364	0.0371229	0.00550817	0.0073833	0.00410361	0.020297	0.00381179	0.733531	0.00789571	0.0108718	0.0227941	0.0109048	0.00489487	0.0159058	
0.0876894	0.00524578	0.00655779	0.00649914	0.00423743	0.751129	0.0217852	0.00433499	0.00859017	0.00736615	0.00394654	0.0120489	0.00823375	0.00701419	0.00605493	0.0139708	0.00828728	0.00493097	0.00604082	0.0260371	
0.0106682	0.00553965	0.0014492	0.124475	0.00568285	0.0113437	0.00570245	0.014101	0.0112528	0.00424445	0.00306251	0.010346	0.00483316	0.00317153	0.00270247	0.0603826	0.684735	0.0208012	0.00425432	0.0112523	
0.420724	0.000337103	0.00200161	0.00428296	0.0537437	0.145144	0.0059516	0.00958632	0.010978	0.0162654	0.0454628	0.254172	0.00768601	0.00397808	0.00732531	0.00275602	0.00188625	0.000435343	0.00315754	0.00412589	
0.0827762	0.00168465	0.0312678	0.151827	0.0311858	0.308126	0.0387472	0.105198	0.0819025	0.00938868	0.058012	0.0237559	0.0130547	0.0170454	0.015806	0.00195652	0.0120906	0.00500873	0.00125781	0.00990805	
0.178344	0.00228085	0.0960546	0.124612	0.000716507	0.053533	0.0243474	0.0109456	0.0674414	0.0033247	0.00569375	0.0519016	0.00727583	0.0160521	0.0827375	0.138111	0.0793254	0.0412959	0.0152412	0.000765315	
0.143351	0.0196573	0.0165099	0.00534768	0.00594956	0.00632776	0.0205095	0.00893698	0.0156903	0.00754559	0.0157209	0.0299994	0.365909	0.00353375	0.0035304	0.0505181	0.166041	0.0827475	0.0134951	0.0186792	
0.0133285	0.0033396	0.00762346	0.444837	0.293692	0.00359648	0.0129827	0.00273948	0.00695378	0.00676791	0.0369673	0.00443166	0.0364811	0.0144727	0.0599003	0.00471633	0.00995146	0.00672129	0.0198706	0.0106265	
0.035313	0.0135321	0.052089	0.052148	0.0122502	0.00474944	0.00389518	0.00664422	0.0160679	0.00434316	0.00313574	0.0146708	0.00882739	0.0538326	0.0720514	0.396728	0.166524	0.0213758	0.0270214	0.0348004	
0.0399591	0.00188542	0.0359433	0.0406187	0.0535529	0.0111086	0.0497016	0.0143583	0.0243692	0.0297239	0.0394146	0.0479097	0.0177728	0.0801417	0.403871	0.00431336	0.00952221	0.0194915	0.00456109	0.0717812	
0.169349	0.00912347	0.286184	0.188428	0.00278605	0.039188	0.00687125	0.00310354	0.0237888	0.00543717	0.00522573	0.0350369	0.00957233	0.0144767	0.0384525	0.0887986	0.0581315	0.00293004	0.0107325	0.00238402	
0.0263408	0.021718	0.0238496	0.266666	0.0516543	0.00124276	0.00879643	0.0106094	0.00582616	0.0219944	0.0137063	0.0228656	0.0162984	0.295163	0.0329843	0.00559728	0.158498	0.00471541	0.00402889	0.00744528	
0.0317205	0.0067831	0.0692314	0.0352088	0.165627	0.0266438	0.0110419	0.0132915	0.0312112	0.3953	0.12407	0.0228446	0.00678973	0.00316666	0.00824888	0.0121015	0.0150965	0.0101164	0.00471969	0.00678714	
0.0722591	0.0059076	0.278435	0.0737475	0.0391997	0.0518284	0.0125152	0.00364049	0.0306979	0.0261544	0.0139218	0.214511	0.00731526	0.0681182	0.0161494	0.0173635	0.0461143	0.00910236	0.000860339	0.0121584	
0.199857	0.00738333	0.043026	0.219085	0.00383611	0.015915	0.0125478	0.0105712	0.102529	0.0217732	0.00813177	0.0281628	0.00672604	0.123764	0.0930403	0.0454913	0.0318324	0.0143396	0.00596433	0.0060232	
0.010802	0.0149169	0.152666	0.0259165	0.00104114	0.00780178	0.0104407	0.0248011	0.00220876	0.340135	0.296411	0.0249711	0.024371	0.00192007	0.00384813	0.0062251	0.00672475	0.0108873	0.0107664	0.0231456	
0.00862138	0.0127367	0.098206	0.0167882	0.0135319	0.00260571	0.0132324	0.0444412	0.00304004	0.570326	0.0393798	0.0174141	0.00809701	0.025634	0.0286243	0.0140943	0.0338128	0.016152	0.00155896	0.0317035	
0.169311	0.0091275	0.286319	0.188397	0.00279712	0.0391799	0.00687029	0.00309846	0.0237477	0.0054585	0.00522426	0.0350217	0.00957034	0.0144719	0.0384336	0.0888527	0.0580972	0.00290725	0.0107287	0.00238588	
0.119512	0.0759619	0.00492021	0.00430896	0.00334297	0.00181294	0.0115845	0.000528612	0.0162153	0.568519	0.0301668	0.0534947	0.00996831	0.0103866	0.0049933	0.00332207	0.0188241	0.045519	0.00413644	0.0124826	
0.426595	0.000366558	0.00208405	0.00469881	0.0531147	0.143217	0.00602858	0.00891689	0.011906	0.0168794	0.0464094	0.247176	0.00729907	0.00398305	0.00724875	0.00271646	0.00196539	0.000462972	0.00403685	0.00489472	
0.199857	0.00738333	0.043026	0.219085	0.00383611	0.015915	0.0125478	0.0105712	0.102529	0.0217732	0.00813177	0.0281628	0.00672604	0.123764	0.0930403	0.0454913	0.0318324	0.0143396	0.00596433	0.0060232	
0.127112	0.0104999	0.0139932	0.0321427	0.0141707	0.0562285	0.0178323	0.0224641	0.450375	0.0262754	0.0195479	0.00824976	0.0313308	0.0290839	0.029139	0.0459529	0.0382861	0.0249063	0.00174493	0.000663851	
0.0631641	0.00497431	0.00561208	0.00529517	0.00383691	0.723105	0.0104236	0.00708851	0.0084645	0.0806015	0.00394601	0.010144	0.00678168	0.00872132	0.00522049	0.0156683	0.00740443	0.00422756	0.00591146	0.0194091	
0.00863293	0.0385848	0.0198589	0.00459911	0.00838154	0.0126857	0.00270871	0.607313	0.00102607	0.0778885	0.00143348	0.00384226	0.00415911	0.0103511	0.0172389	0.00298223	0.0299577	0.0859891	0.00986171	0.0525048	
0.198832	0.00734467	0.0461083	0.211844	0.00390045	0.0171192	0.0130251	0.0105129	0.100251	0.020845	0.00789973	0.0327249	0.0066999	0.121539	0.0932865	0.0473467	0.0335057	0.0150675	0.0062218	0.00592579	
0.199857	0.00738333	0.043026	0.219085	0.00383611	0.015915	0.0125478	0.0105712	0.102529	0.0217732	0.00813177	0.0281628	0.00672604	0.123764	0.0930403	0.0454913	0.0318324	0.0143396	0.00596433	0.0060232	
0.0191014	0.0123005	0.0251378	0.0157454	0.00423315	0.0140013	0.00559804	0.27201	0.0226584	0.492132	0.0101434	0.0219371	0.00505654	0.00429196	0.00492429	0.00563298	0.0110876	0.0109375	0.00505032	0.0380205	
