0.0319289	0.00938706	0.0120029	0.0284942	0.00800065	0.00723943	0.0113903	0.02511	0.33916	0.00928701	0.0126228	0.0179373	0.0211313	0.0928193	0.0103264	0.0479618	0.274213	0.0211492	0.0020119	0.0178262	
0.00770722	0.00947165	0.00696141	0.0102259	0.00483523	0.00322693	0.00687414	0.221963	0.00787807	0.508488	0.0228995	0.01277	0.0132312	0.00703575	0.00818351	0.00993667	0.00916771	0.114942	0.00315529	0.0110463	
0.00344314	0.0291297	0.00478181	0.0130574	0.00934434	0.0172865	0.0103297	0.287263	0.0152434	0.0143481	0.00815325	0.00743175	0.00351994	0.0212097	0.00560594	0.00714486	0.00771441	0.485702	0.0172046	0.0320869	
0.0139164	0.00684385	0.0813609	0.0260806	0.0886563	0.0247806	0.00488479	0.0237444	0.00472249	0.569044	0.0586245	0.0375725	0.00758168	0.00564942	0.00424565	0.00392876	0.00153539	0.00852969	0.00176694	0.0265313	
0.00665935	0.022771	0.00901062	0.00740345	0.0045027	0.00237689	0.00473059	0.249108	0.0140465	0.395118	0.0162183	0.0130832	0.0161462	0.00785267	0.0118343	0.00902719	0.0176244	0.169652	0.00460248	0.0182322	
0.00809027	0.00463996	0.00835877	0.000508495	0.020334	0.636499	0.00775791	0.0160589	0.020776	0.00168143	0.00983693	0.00751179	0.00425748	0.202591	0.00518454	0.0044948	0.0101105	0.00468118	0.00500928	0.021618	
0.0031778	0.0604598	0.00417153	0.463683	0.0206738	0.00473137	0.0112683	0.0238806	0.00369721	0.0142625	0.0447435	0.125476	0.00722198	0.137617	0.00664014	0.0195217	0.0125682	0.0057688	0.00840567	0.0220321	
0.00947184	0.0132484	0.0200207	0.0195896	0.00090425	0.0499454	0.0133621	0.0214831	0.1195	0.00297579	0.013181	0.0089341	0.0047847	0.112187	0.00202373	0.552733	0.00802782	0.0264778	0.000629845	0.000520237	
0.0521202	0.0250164	0.0323234	0.323103	0.0168872	0.000525258	0.00992895	0.0502287	0.01121	0.0238659	0.0106558	0.0269352	0.000478824	0.0999399	0.00389625	0.0159581	0.120758	0.120098	0.0205047	0.0355664	
0.00652012	0.00358543	0.211405	0.0869009	0.0140627	0.00603988	0.00404764	0.00213995	0.0201035	0.0037954	0.0103361	0.0249423	0.00837955	0.0042921	0.00597845	0.00542965	0.00456096	0.00340609	0.567292	0.00678229	
0.114475	0.028149	0.0133131	0.0856058	0.0446854	0.010123	0.00575082	0.0152738	0.227084	0.199388	0.00161583	0.0282603	0.00297495	0.0543821	0.0951065	0.00998082	0.00620047	0.0370667	0.0106509	0.00991278	
0.0196509	0.057397	0.0185077	0.347799	0.0594942	0.00667938	0.00805789	0.00203486	0.137436	0.0719856	0.0626544	0.00519457	0.00800161	0.0427024	0.00562296	0.0770839	0.0116498	0.00487178	0.0192812	0.0338953	
0.0237179	0.0373351	0.0119046	0.141836	0.0174328	0.0158309	0.00391061	0.00525664	0.00143527	0.0632528	0.0212576	0.559033	0.0088591	0.0190908	0.0158328	0.00670149	0.00786358	0.0249521	0.0100132	0.00448325	
0.043509	0.0341364	0.0299855	0.00819976	0.0195069	0.0032849	0.0140944	0.00287289	0.0753429	0.217719	0.003137	0.00365323	0.00869165	0.100528	0.309829	0.0036351	0.00655338	0.0513115	0.00351588	0.060494	
0.00336338	0.0837139	0.00627902	0.0278568	0.00888407	0.000801765	0.0104783	0.00435952	0.018712	0.00930793	0.000545213	0.0126501	0.00722645	0.00535718	0.00951785	0.0054034	0.734555	0.0242361	0.0181938	0.00855805	
0.00794522	0.00467894	0.00871734	0.000513153	0.0208975	0.632558	0.00854202	0.0173204	0.0223517	0.00195129	0.0100022	0.00683052	0.00478385	0.200441	0.00519957	0.00461012	0.0106547	0.00461077	0.00493167	0.0224604	
0.00435935	0.00581784	0.127743	0.0545648	0.0424578	0.00645975	0.0083357	0.00299309	0.0138341	0.00760736	0.0114121	0.0207604	0.00681365	0.00491694	0.00793355	0.00865054	0.00565069	0.00320368	0.638375	0.0181105	
0.0318768	0.000480033	0.00120675	0.00119947	0.103363	0.00365378	0.104185	0.00582441	0.0106897	0.00391207	0.0081194	0.00894665	0.0112404	0.00498526	0.0179993	0.00357119	0.202781	0.145013	0.073427	0.257526	
0.00495038	0.00998091	0.773478	0.0192307	0.00903376	0.00718871	0.00606252	0.00937255	0.00608541	0.0179828	0.00469974	0.0288721	0.0069534	0.012792	0.0107654	0.0110628	0.0251113	0.00931772	0.0130019	0.0140575	
0.100078	0.0370857	0.00142485	0.00172099	0.00221506	0.00627472	0.021534	0.054089	0.0282905	0.00535669	0.00236951	0.0203887	0.00596369	0.0330213	0.0364611	0.00900042	0.00964521	0.484318	0.114272	0.0264904	
0.0118959	0.0196426	0.590472	0.0477527	0.00765187	0.0650832	0.0115075	0.00248687	0.0219232	0.00602405	0.0403969	0.0291761	0.0792734	0.0048466	0.011738	0.0108813	0.0217897	0.00955905	0.00621681	0.00168211	
0.0159609	0.0107877	0.0143062	0.0165474	0.00399491	0.00889095	0.011266	0.00670386	0.0310787	0.715954	0.0242662	0.0138987	0.00318184	0.0210674	0.00937127	0.0109649	0.0250159	0.00837168	0.00530442	0.0430676	
0.018849	0.00615521	0.0481751	0.0519291	0.00682169	0.00840114	0.0266631	0.00344734	0.0148516	0.0163169	0.0106562	0.0264913	0.00374632	0.0305392	0.0118215	0.472006	0.210921	0.0174328	0.00740176	0.00737372	
0.0320183	0.0144608	0.179599	0.562781	0.00954275	0.00542156	0.0096671	0.00920832	0.0313651	0.00797553	0.0102413	0.0139182	0.0458155	0.0104126	0.0144293	0.00891425	0.0101253	0.00532155	0.015794	0.00298809	
0.00677538	0.01509	0.0140758	0.0378113	0.0463961	0.00486436	0.0102799	0.00575192	0.417543	0.00686003	0.00111994	0.0227127	0.0081072	0.113831	0.0372332	0.0157172	0.0787835	0.147033	0.00612808	0.00388667	
0.0392376	0.0157539	0.0112059	0.146588	0.0153194	0.00464296	0.0475544	0.148408	0.0962579	0.0409405	0.00479969	0.0149657	0.00955499	0.0435029	0.102508	0.00846196	0.0287501	0.194954	0.0113996	0.0151951	
0.168986	0.014677	0.0169653	0.309447	0.0174742	0.0355788	0.0171146	0.0179615	0.0692908	0.0125612	0.00160874	0.0412295	0.00571307	0.0730599	0.0438496	0.0573337	0.0412018	0.0227354	0.0177168	0.0154947	
0.0031778	0.0604598	0.00417153	0.463683	0.0206738	0.00473137	0.0112683	0.0238806	0.00369721	0.0142625	0.0447435	0.125476	0.00722198	0.137617	0.00664014	0.0195217	0.0125682	0.0057688	0.00840567	0.0220321	
0.560259	0.0173892	0.0142279	0.00645845	0.0225149	0.00528779	0.0142821	0.0185713	0.145822	0.0223079	0.0295083	0.0164255	0.00357001	0.0417676	0.0411152	0.00781018	0.00259946	0.00136212	0.0137955	0.0149254	
0.13069	0.0125516	0.0045543	0.0279756	0.019977	0.00552617	0.0751437	0.031887	0.21746	0.0595851	0.0112017	0.0214601	0.00363948	0.0774974	0.165935	0.0119046	0.0639809	0.048847	0.0021754	0.00800783	
0.166592	0.00202059	0.0032641	0.14747	0.0120539	0.00349778	0.0551804	0.000879203	0.110193	0.0141278	0.00602638	0.0948393	0.0104401	0.0601704	0.153323	0.0656503	0.0574414	0.0304337	0.00168666	0.0047099	
0.598899	0.00641068	0.00423283	0.00904647	0.00970894	0.125681	0.00764722	0.0122267	0.0214767	0.00707327	0.0120038	0.00793838	0.00265793	0.0858185	0.00442803	0.0414887	0.0112316	0.00460929	0.00249479	0.0249263	
0.00818714	0.00466049	0.00835431	0.000529663	0.0203606	0.636453	0.00778657	0.0158999	0.0214566	0.00171167	0.00987895	0.00747771	0.00422983	0.201975	0.00519879	0.00450977	0.0101186	0.00467284	0.00501752	0.0215209	
0.0148102	0.0124645	0.0151997	0.165191	0.0118804	0.00298029	0.0277007	0.0796365	0.353046	0.0166814	0.00547619	0.0180775	0.00697435	0.0667575	0.0831495	0.0104799	0.0232532	0.0630819	0.00698013	0.0161786	
0.118403	0.00903954	0.0302426	0.00868386	0.00837689	0.0056	0.0450398	0.0485498	0.113832	0.377763	0.0181419	0.00937357	0.00556456	0.00645725	0.0724412	0.0123429	0.0318829	0.035746	0.00571943	0.0368003	
0.00779448	0.0534322	0.0215536	0.0252748	0.0111966	0.0186243	0.0130146	0.11379	0.0429221	0.607396	0.0144849	0.00858078	0.00562924	0.00757215	0.00454148	0.00451905	0.00915687	0.00639679	0.0173418	0.00677784	
0.178739	0.0658486	0.010005	0.00136098	0.0501444	0.0109216	0.0289824	0.000872074	0.372649	0.0274549	0.00444214	0.00407083	0.010686	0.0219278	0.108439	0.00253153	0.00940628	0.0517397	0.00878299	0.030996	
0.162694	0.0105297	0.125282	0.364322	0.00697494	0.0128026	0.00370942	0.00628687	0.075562	0.0277597	0.0243505	0.0119176	0.0106119	0.0779746	0.0321955	0.0143986	0.0121178	0.0115671	0.00620681	0.00273662	
0.145002	0.0124107	0.0125582	0.217528	0.0112017	0.0207327	0.0693417	0.0169937	0.109226	0.0312529	0.0153461	0.137702	0.0126973	0.0414571	0.0271193	0.0847334	0.0145288	0.00837659	0.00527854	0.00651281	
0.0506356	0.0163957	0.0536031	0.0276221	0.0947159	0.224805	0.0697717	0.030241	0.0596523	0.00838267	0.0418802	0.182839	0.0176692	0.0123848	0.0160413	0.0211011	0.0402592	0.00610219	0.0110694	0.014828	
0.00721585	0.00654463	0.0137938	0.00744799	0.265034	0.00388181	0.0418166	0.131003	0.0121957	0.15452	0.024999	0.00576273	0.00932038	0.00852187	0.0115411	0.0094766	0.0163791	0.0897299	0.00686634	0.173949	
0.0175643	0.0127911	0.0693854	0.159142	0.0374633	0.00437269	0.0237069	0.0214579	0.0686439	0.0865296	0.0055286	0.0258453	0.0117838	0.022305	0.0141762	0.17416	0.150549	0.0636252	0.0167579	0.0142121	
0.0381246	0.000440037	0.0122314	0.0479243	0.397082	0.003831	0.00258614	0.0110365	0.00903604	0.00280919	0.00870563	0.00102175	0.323616	0.00467372	0.117022	0.00631907	0.00229643	0.00311591	0.00574563	0.00238311	
0.00375686	0.00952684	0.781455	0.0224799	0.00831561	0.00733296	0.0058853	0.00735295	0.00543536	0.0156226	0.00413131	0.0300729	0.00581843	0.0133892	0.00843151	0.0110733	0.0237453	0.00827727	0.0124272	0.0154699	
0.0380125	0.0407276	0.0130849	0.0416744	0.0737896	0.00624382	0.0198417	0.191053	0.0427501	0.0822874	0.0201012	0.0105587	0.00613434	0.0486682	0.0295005	0.00453739	0.037854	0.259151	0.0155524	0.0184772	
0.420578	0.0306332	0.00141445	0.00876773	0.0174003	0.00852651	0.0172579	0.0149026	0.129701	0.0700098	0.0147227	0.0136688	0.00707039	0.0121804	0.0523293	0.0186845	0.00522471	0.131843	0.00583806	0.0192461	
0.0267116	0.0122918	0.00736583	0.0490367	0.215308	0.1391	0.114344	0.0048665	0.0292634	0.0101737	0.00203518	0.0029221	0.00149435	0.0204765	0.00259018	0.00905531	0.0236392	0.00180657	0.0169783	0.31054	
0.00336338	0.0837139	0.00627902	0.0278568	0.00888407	0.000801765	0.0104783	0.00435952	0.018712	0.00930793	0.000545213	0.0126501	0.00722645	0.00535718	0.00951785	0.0054034	0.734555	0.0242361	0.0181938	0.00855805	
0.00635081	0.00970664	0.0131324	0.0147872	0.00950559	0.0144136	0.00357038	0.0152672	0.0476675	0.151608	0.044862	0.00789357	0.0138886	0.00500182	0.00419062	0.00829633	0.0187864	0.544474	0.011833	0.0547654	
0.0214023	0.0124992	0.0189622	0.0176736	0.00344141	0.01449	0.00925002	0.00846883	0.0263508	0.674182	0.0234113	0.0189097	0.0025215	0.0256478	0.00874494	0.00908948	0.0300248	0.0073194	0.00466792	0.0629425	
0.00167677	0.0225818	0.0129541	0.0159987	0.00677631	0.00379378	0.0148649	0.0169288	0.49534	0.00241141	0.00122104	0.0110623	0.00949976	0.0949097	0.0931812	0.0297182	0.10557	0.0392631	0.0094124	0.0128359	
0.559917	0.012687	0.00759798	0.00494938	0.0156003	0.00550615	0.00594367	0.00915623	0.181589	0.0146861	0.0336049	0.0138792	0.00416543	0.0524121	0.0412715	0.0148588	0.00325466	0.00210799	0.00877427	0.00803845	
0.00114062	0.0568201	0.0379218	0.00348948	0.0103581	0.015737	0.00433329	0.591028	0.0126812	0.0207735	0.00634576	0.0274986	0.00497386	0.074386	0.00343143	0.0150072	0.00347009	0.0316595	0.0506575	0.0282867	
0.0156597	0.00713974	0.0301476	0.0141544	0.0204902	0.00339458	0.0391249	0.0101991	0.430914	0.00855523	0.0332046	0.0452655	0.00310541	0.0302855	0.192739	0.0107096	0.0546906	0.0365072	0.0101919	0.00352132	
0.00335622	0.0836463	0.00626424	0.0280192	0.00890676	0.00085252	0.0104427	0.00436115	0.0187064	0.00927798	0.000536471	0.012645	0.00720463	0.00536651	0.00953977	0.00538895	0.734465	0.0241424	0.0182167	0.00866068	
0.0209405	0.010437	0.0125715	0.0161183	0.00708479	0.0128744	0.0182064	0.00579871	0.0566651	0.708961	0.0297807	0.00987929	0.00556786	0.017266	0.0104619	0.0181684	0.013221	0.00890232	0.00907271	0.00802187	
0.00372457	0.00729296	0.0960599	0.0468673	0.062947	0.00624317	0.0121352	0.00413234	0.0153734	0.0101483	0.0165478	0.00983715	0.00794083	0.00669537	0.00735216	0.0102483	0.00781101	0.00385901	0.638572	0.0262124	
0.0381242	0.0389348	0.00778072	0.0121434	0.0353234	0.0166478	0.0712945	0.345693	0.0249777	0.172742	0.00296852	0.0647807	0.00494576	0.00396519	0.00552886	0.0240929	0.0514581	0.0237604	0.00990758	0.0449299	
0.221203	0.00777348	0.000995912	0.0147158	0.00179554	0.00986785	0.0776235	0.174461	0.0344081	0.0382035	0.00511089	0.0308459	0.00517045	0.0249863	0.0143826	0.0155407	0.0457107	0.233176	0.020809	0.0232193	
0.0191256	0.00934329	0.011287	0.0149661	0.00734442	0.0123261	0.0196923	0.00576516	0.0597234	0.716336	0.0309282	0.00977506	0.0059364	0.0180446	0.0108239	0.0163875	0.0111142	0.00907643	0.00734358	0.00466113	
0.00994049	0.0051865	0.322059	0.137274	0.00609688	0.00637771	0.00359166	0.00317447	0.0300125	0.00495294	0.0104107	0.0107025	0.0150022	0.00607544	0.00582978	0.00615859	0.00697139	0.00373065	0.402922	0.00353009	
0.167684	0.0144786	0.0156964	0.329038	0.0219275	0.0437928	0.0104549	0.0146504	0.0644024	0.010824	0.000481731	0.02294	0.00514739	0.0747164	0.0462143	0.0546383	0.0453867	0.0239619	0.016095	0.0174695	
0.0954877	0.0392455	0.0120027	0.0604831	0.00798635	0.0129447	0.0380258	0.0297732	0.0130991	0.192684	0.274076	0.00671847	0.00203044	0.0181985	0.0141861	0.0696918	0.0552765	0.0319194	0.00711487	0.0190563	
0.011771	0.00859242	0.545479	0.0280163	0.023266	0.119346	0.0051672	0.0126884	0.0126245	0.0522616	0.0360123	0.0469216	0.0331123	0.0106201	0.011936	0.0106468	0.0162229	0.00520619	0.00654851	0.00356026	
0.0123567	0.0129928	0.0134965	0.0163807	0.0127338	0.00675312	0.0241246	0.00154451	0.0470754	0.272651	0.00342212	0.0247554	0.00734423	0.255653	0.232516	0.00502776	0.0214519	0.00615506	0.0112075	0.0123577	
0.0744229	0.0418878	0.0127197	0.0683702	0.00736683	0.0112029	0.0462851	0.0208878	0.0194589	0.209129	0.24864	0.0112822	0.00346714	0.0272446	0.0144382	0.054034	0.0557556	0.0437828	0.00478949	0.0248355	
0.00531452	0.00507196	0.1709	0.0744886	0.0326473	0.00624889	0.00669566	0.00271483	0.0190409	0.00615995	0.0126017	0.00920879	0.00865365	0.00527712	0.00589057	0.00677898	0.00544278	0.00331999	0.598433	0.015111	
0.00871724	0.00914304	0.00796775	0.00886841	0.00585866	0.00306974	0.0060325	0.240441	0.0108764	0.461568	0.019668	0.013484	0.0161171	0.00754294	0.00876727	0.0103021	0.0101178	0.143927	0.00279797	0.00473374	
0.0111107	0.01004	0.0546904	0.0331489	0.00556058	0.00464579	0.0102426	0.0126038	0.084674	0.00809827	0.0011992	0.00677494	0.692219	0.00811507	0.00909587	0.00681328	0.00262982	0.00831338	0.00600863	0.024016	
0.00725168	0.0355668	0.0028482	0.0427171	0.00256564	0.00608983	0.00405254	0.122897	0.0136184	0.0139107	0.00702826	0.0277417	0.00718124	0.0427895	0.011518	0.0363372	0.109758	0.433556	0.0486154	0.0239567	
0.00962335	0.0228836	0.0136962	0.158695	0.0152373	0.00338212	0.0474724	0.158591	0.148666	0.0100558	0.00714967	0.0227442	0.00256817	0.0593241	0.0715876	0.0188526	0.0592159	0.105464	0.0166387	0.0481522	
0.0317338	0.0135555	0.0146205	0.0400927	0.0221944	0.00082047	0.0625264	0.00356958	0.292752	0.00762944	0.00910587	0.101052	0.00535254	0.0156402	0.228164	0.0491377	0.0204926	0.0381697	0.0137622	0.0296286	
0.0188597	0.00605635	0.0495354	0.0523815	0.00681037	0.00846903	0.027103	0.00345087	0.0148623	0.0164004	0.0107681	0.0263926	0.0037623	0.0305516	0.0117503	0.470436	0.210025	0.0175258	0.00744956	0.00741033	
0.00658314	0.00359795	0.211173	0.0872154	0.0140606	0.00606263	0.00404202	0.00214477	0.0198479	0.00379871	0.0101723	0.0251551	0.00839709	0.00433889	0.00598278	0.00543659	0.00454876	0.0028717	0.567752	0.00681945	
0.045045	0.00851561	0.021903	0.0139817	0.0272604	0.0108092	0.00219005	0.0141373	0.0450138	0.00600132	0.0217369	0.0169794	0.00806247	0.0132022	0.676059	0.00502413	0.00678732	0.00894075	0.0179204	0.0304299	
0.0181521	0.0110634	0.0156306	0.0164413	0.00421848	0.0107792	0.0141452	0.00802329	0.0354329	0.715303	0.021858	0.0206926	0.00362478	0.0213681	0.00942509	0.0110586	0.0152768	0.00803167	0.00535271	0.0341225	
0.0415764	0.0119196	0.0233407	0.0178716	0.00303378	0.0109774	0.00119183	0.0152743	0.05058	0.00808757	0.0247682	0.0191353	0.00949264	0.0110844	0.697512	0.0062574	0.00373026	0.00620682	0.0206211	0.0173385	
0.0629969	0.0480104	0.0180074	0.029696	0.0104688	0.0219573	0.600016	0.00402795	0.00593653	0.00977349	0.0982525	0.0143014	0.0060624	0.000701106	0.00667159	0.0192718	0.0199308	0.0145283	0.00548547	0.00390384	
0.437797	0.01087	0.0622203	0.00670818	0.0123656	0.144161	0.00514327	0.00956701	0.0209706	0.0136638	0.0794001	0.0198903	0.0144478	0.0122448	0.0120251	0.0640745	0.0258116	0.0166147	0.0127513	0.0192727	
0.0289885	0.0582467	0.027129	0.0155115	0.00229317	0.00822946	0.00190808	0.0578684	0.00624893	0.0152359	0.0114871	0.0167045	0.00615902	0.285414	0.00146814	0.00645268	0.356904	0.0176786	0.0671014	0.00897062	
0.0191256	0.00934329	0.011287	0.0149661	0.00734442	0.0123261	0.0196923	0.00576516	0.0597234	0.716336	0.0309282	0.00977506	0.0059364	0.0180446	0.0108239	0.0163875	0.0111142	0.00907643	0.00734358	0.00466113	
0.0109231	0.0146356	0.213238	0.0186718	0.0120209	0.00311537	0.00472278	0.0114332	0.00841183	0.0120891	0.0235812	0.539835	0.00608668	0.018087	0.0212465	0.00700099	0.0135732	0.00342647	0.0543124	0.00358853	
0.0886435	0.0228041	0.0242065	0.00637662	0.0214753	0.0816605	0.00257605	0.0057853	0.500226	0.019882	0.0195207	0.00284329	0.00623212	0.00970526	0.00385345	0.122318	0.00314902	0.0209061	0.00930006	0.0285362	
0.453986	0.0108958	0.0495509	0.0399098	0.0106158	0.00920483	0.0141066	0.00429197	0.0602959	0.0292616	0.0126654	0.0114537	0.00243145	0.0234654	0.0303153	0.177305	0.0267399	0.0115952	0.0150282	0.0068804	
0.0488337	0.0333691	0.0410498	0.525813	0.0420352	0.00527639	0.00885101	0.0335158	0.0106649	0.00838851	0.0305432	0.0036922	0.0162917	0.0567208	0.0176124	0.0474033	0.0342276	0.00286777	0.0287093	0.00413437	
0.0557404	0.0344564	0.0329635	0.00586606	0.0114099	0.0175257	0.00643691	0.0704589	0.00383031	0.01295	0.0615088	0.00882947	0.0209578	0.0708233	0.0124818	0.0195082	0.370079	0.047614	0.0761301	0.0604294	
0.579934	0.0454432	0.00848281	0.0163508	0.0470325	0.011798	0.0082294	0.0163256	0.0275878	0.0341758	0.0304703	0.0168564	0.00177125	0.00322395	0.0212931	0.0166171	0.0157979	0.044493	0.00386011	0.0502568	
0.162694	0.0105297	0.125282	0.364322	0.00697494	0.0128026	0.00370942	0.00628687	0.075562	0.0277597	0.0243505	0.0119176	0.0106119	0.0779746	0.0321955	0.0143986	0.0121178	0.0115671	0.00620681	0.00273662	
0.0357222	0.0182485	0.0129379	0.105805	0.00779111	0.00496013	0.00924906	0.0118767	0.551699	0.018875	0.00744421	0.0178271	0.0116304	0.0659502	0.0761968	0.0134069	0.0119434	0.00813221	0.00796382	0.00234102	
0.0234172	0.00160385	0.00169329	0.0108153	0.128614	0.00859885	0.136899	0.00401871	0.00876312	0.0041981	0.00582625	0.00933132	0.0085795	0.00331171	0.0122327	0.00397831	0.143412	0.0925557	0.0561178	0.336033	
0.0355076	0.0138775	0.180209	0.557971	0.00971051	0.00549153	0.00932146	0.00936881	0.032211	0.00812673	0.00985766	0.0143282	0.0431572	0.0119585	0.0144492	0.00940603	0.0106119	0.00551815	0.0160166	0.00290117	
0.085105	0.0113446	0.167189	0.510675	0.00372491	0.00900604	0.00615369	0.00726523	0.0434866	0.0156387	0.0097495	0.0158882	0.0153879	0.0417735	0.0217186	0.00846248	0.0107915	0.00759429	0.00669775	0.00234754	
0.022718	0.0224379	0.0212936	0.00128811	0.0108295	0.248054	0.00308138	0.0218211	0.0204758	0.00258657	0.00674027	0.00431475	0.00410952	0.358718	0.00184905	0.168789	0.0455388	0.0145155	0.0101528	0.0106865	
0.00420991	0.0158439	0.0161389	0.0229702	0.136017	0.00414588	0.0398925	0.00284137	0.118046	0.00742393	0.00391181	0.018209	0.0186401	0.0615619	0.0209143	0.0107631	0.0314048	0.452177	0.0117542	0.00313302	
0.035954	0.00576336	0.00905237	0.00451629	0.0150155	0.0240449	0.0990834	0.00374795	0.228682	0.281679	0.121135	0.00422846	0.0161265	0.0530079	0.0332374	0.00814485	0.0343199	0.00767008	0.00339159	0.0111992	
0.0551617	0.00516871	0.00251865	0.0783974	0.00752815	0.00457027	0.00505789	0.332693	0.0255706	0.128095	0.00971864	0.00156056	0.00441427	0.0855283	0.00167292	0.0159376	0.0206795	0.127407	0.0191838	0.0691357	
0.0064534	0.00363494	0.208946	0.0858649	0.0145505	0.00605128	0.004033	0.00213825	0.0196403	0.00385663	0.00998973	0.0248277	0.00832068	0.00425424	0.00604261	0.00548854	0.00454619	0.00286673	0.571442	0.00705194	
0.0102278	0.0140167	0.0180634	0.0146537	0.000773838	0.0505574	0.0111664	0.0210278	0.120619	0.00296808	0.0133972	0.0083513	0.00499892	0.127828	0.00173977	0.546549	0.00789382	0.024037	0.000637594	0.000493289	
0.0353872	0.000456172	0.00247561	0.0212963	0.213161	0.0267886	0.00544028	0.00415904	0.126786	0.00511278	0.015199	0.00112305	0.0127918	0.0190597	0.120402	0.00347909	0.0203762	0.0266193	0.0097347	0.330152	
0.0547903	0.0248447	0.651642	0.00974238	0.0360223	0.00575738	0.00736103	0.0349335	0.00784345	0.00818411	0.020744	0.040001	0.0013609	0.0457609	0.00397655	0.0063518	0.00854099	0.00720455	0.0144591	0.0104793	
0.00574387	0.0186453	0.0226722	0.0441011	0.00525229	0.00916468	0.0397571	0.151672	0.00530991	0.00993472	0.0174435	0.0150084	0.00565573	0.0236024	0.00394603	0.00853757	0.245339	0.298773	0.017497	0.0519448	
0.0813784	0.0177259	0.0334829	0.0835428	0.00203253	0.00700539	0.00587587	0.0121844	0.0415395	0.0392871	0.00478353	0.0125206	0.512848	0.0169464	0.0643014	0.00751635	0.018032	0.0183991	0.00495641	0.0156413	
0.0111107	0.01004	0.0546904	0.0331489	0.00556058	0.00464579	0.0102426	0.0126038	0.084674	0.00809827	0.0011992	0.00677494	0.692219	0.00811507	0.00909587	0.00681328	0.00262982	0.00831338	0.00600863	0.024016	
0.0849261	0.00570921	0.0477056	0.143407	0.00659882	0.00786651	0.00790205	0.00578512	0.0333538	0.0469378	0.00667853	0.0218842	0.453872	0.0400795	0.0109814	0.0242064	0.00354677	0.0131374	0.01855	0.016872	
0.00813252	0.0133837	0.00276264	0.00744208	0.0124868	0.00300059	0.00830376	0.166606	0.00858451	0.565085	0.0535603	0.0154476	0.00799876	0.0050875	0.00649978	0.00797305	0.0147638	0.0736841	0.00406497	0.0151325	
0.119957	0.0123756	0.206314	0.314183	0.00733843	0.0142056	0.00537117	0.00580085	0.0235754	0.00850951	0.00696113	0.0234837	0.0246322	0.0128532	0.011136	0.0825258	0.0861023	0.00671401	0.0226402	0.0053203	
0.0836574	0.0206388	0.0541757	0.101516	0.00522663	0.00973201	0.0115889	0.0316796	0.0858517	0.033715	0.00842333	0.0202129	0.324489	0.0219917	0.0736802	0.00855034	0.0150653	0.0347385	0.0182867	0.0367809	
0.0190281	0.00631943	0.546361	0.145531	0.00729587	0.0327195	0.00308123	0.00235117	0.00465579	0.00130181	0.0129356	0.0418545	0.00524965	0.0333267	0.0047142	0.0909581	0.0242412	0.0029317	0.0134534	0.00168985	
0.00439326	0.00527477	0.387366	0.00302086	0.0385296	0.0225904	0.108163	0.0183514	0.0275293	0.0129873	0.00642632	0.0178407	0.00249923	0.02502	0.019554	0.212508	0.0223081	0.00534765	0.05735	0.00294032	
0.08074	0.0200482	0.0320724	0.0855968	0.0021941	0.00676648	0.0059053	0.0120436	0.0429713	0.038356	0.00479629	0.0120606	0.511646	0.0177781	0.062607	0.00742026	0.0176408	0.0180281	0.00548878	0.0158397	
0.0218229	0.00123882	0.0237878	0.0110953	0.16466	0.0211019	0.0118603	0.014125	0.0409534	0.00194109	0.0149939	0.00585124	0.00557006	0.00937349	0.44951	0.00314079	0.0312651	0.0247033	0.00564227	0.137363	
0.0266016	0.0382412	0.0638949	0.0139939	0.0747578	0.00812329	0.0866523	0.0283247	0.0302767	0.036561	0.0195222	0.0352338	0.0157499	0.00288103	0.00745636	0.239498	0.00955545	0.00874435	0.050547	0.203384	
0.0844502	0.00608711	0.0468117	0.115905	0.00947081	0.00695143	0.00646172	0.00719722	0.0453339	0.0415537	0.0143876	0.0259349	0.435522	0.0600446	0.0102855	0.0277847	0.00378546	0.0101047	0.0171135	0.0248136	
0.10652	0.00480788	0.0635086	0.114607	0.0556276	0.158652	0.0352723	0.0206953	0.0525726	0.0616366	0.0235373	0.0230378	0.00190927	0.0111487	0.0996326	0.0768149	0.0315518	0.0344105	0.00984989	0.0142077	
0.0506356	0.0163957	0.0536031	0.0276221	0.0947159	0.224805	0.0697717	0.030241	0.0596523	0.00838267	0.0418802	0.182839	0.0176692	0.0123848	0.0160413	0.0211011	0.0402592	0.00610219	0.0110694	0.014828	
0.00611934	0.0065059	0.75512	0.0576034	0.00590521	0.0117494	0.00479522	0.0042551	0.00511059	0.00658216	0.00645458	0.0272399	0.00764518	0.0181717	0.00567621	0.0255917	0.0179293	0.00336834	0.0151229	0.0090536	
0.0382948	0.000448107	0.0121626	0.0457918	0.394972	0.0037934	0.0026143	0.0110783	0.00910589	0.00283103	0.00860412	0.00112731	0.32625	0.00433815	0.118326	0.00634191	0.00233753	0.00322958	0.00572724	0.00262585	
0.0405788	0.011624	0.0231689	0.0154657	0.00639081	0.0116214	0.00164763	0.0138418	0.0512589	0.00779998	0.0253936	0.0186275	0.00945952	0.0112412	0.697878	0.00591317	0.00385862	0.0067706	0.0198697	0.0175899	
0.0497232	0.00884404	0.00795665	0.0595701	0.00144803	0.0198399	0.00615106	0.169959	0.0251652	0.180618	0.0169223	0.0053058	0.00710589	0.0263245	0.00436578	0.00347745	0.0175332	0.0323396	0.00677471	0.350575	
0.432646	0.0251221	0.0113877	0.0275897	0.0212777	0.012457	0.0083795	0.0043487	0.21856	0.0153787	0.0162646	0.0150752	0.00579592	0.0697669	0.0747983	0.0189668	0.0107148	0.00422422	0.00421043	0.00303536	
0.00617117	0.00587359	0.170486	0.0638168	0.00171865	0.139604	0.0885864	0.00599613	0.13297	0.00225077	0.0350299	0.147048	0.0209489	0.00197016	0.00498579	0.143496	0.0259677	0.000689959	0.00127212	0.00111902	
0.00755349	0.00649735	0.0199526	0.0231363	0.0190078	0.0371524	0.0107303	0.195421	0.0616922	0.335931	0.0133905	0.00318214	0.0478288	0.00946892	0.00421415	0.00542425	0.0141624	0.167795	0.0117386	0.00572024	
0.0645806	0.012761	0.133148	0.0635358	0.0123843	0.142814	0.0107448	0.0117837	0.0138503	0.0190909	0.0485273	0.0378026	0.186258	0.0101483	0.0277375	0.149678	0.0160312	0.0189299	0.00721434	0.0129805	
0.112104	0.0148285	0.103408	0.107653	0.0144644	0.0614929	0.025434	0.0707508	0.118325	0.00476062	0.00349545	0.0294524	0.138752	0.0511526	0.0572466	0.0433182	0.0132259	0.0184388	0.00966465	0.002032	
0.124341	0.0103083	0.0871189	0.182439	0.0524461	0.0996437	0.0305854	0.0296861	0.0315046	0.0922883	0.0170781	0.0165119	0.00557431	0.0216836	0.0579199	0.0680968	0.0115441	0.0281276	0.0219856	0.0111171	
0.0109097	0.0102865	0.0526005	0.0346797	0.00539625	0.00480155	0.0102597	0.0210914	0.0833406	0.00804454	0.00131191	0.00709111	0.685679	0.00800891	0.00880136	0.00663615	0.00260113	0.00843229	0.00652686	0.0235005	
0.0703024	0.0166891	0.0352396	0.00181994	0.0542234	0.010945	0.0163694	0.0142245	0.114543	0.324748	0.0311251	0.0197692	0.00200151	0.00771293	0.131042	0.0259324	0.0300279	0.0431001	0.0120392	0.0381454	
0.0560906	0.0340081	0.0228547	0.0832632	0.0460352	0.010414	0.017137	0.0118978	0.028609	0.0143262	0.00398126	0.0107356	0.00855243	0.0390649	0.00181106	0.0884666	0.481628	0.0176135	0.0160163	0.00749402	
0.00823142	0.0148085	0.0203934	0.236322	0.0161154	0.0112759	0.00492323	0.0112157	0.00288765	0.0207445	0.0182967	0.550244	0.00881168	0.0039638	0.0179279	0.0112849	0.00906561	0.0217528	0.00520664	0.00652819	
0.0193732	0.237927	0.0574165	0.0280914	0.00109808	0.0324019	0.0619569	0.0305751	0.0520553	0.0026897	0.0656487	0.0179899	0.000573845	0.0538173	0.00400233	0.29619	0.00582092	0.0269297	0.000944612	0.00449779	
0.128135	0.0209852	0.00259492	0.0504498	0.0729002	0.033699	0.0295104	0.00432343	0.400558	0.0170188	0.0180236	0.00179759	0.0194527	0.0010039	0.00924603	0.0293177	0.00242128	0.0355294	0.0111969	0.111836	
0.00755324	0.0208661	0.584785	0.0132634	0.0090161	0.00551293	0.00663247	0.00661203	0.0192311	0.0911927	0.0147883	0.0197784	0.024002	0.0221523	0.0115105	0.0142313	0.0739034	0.0300687	0.019199	0.00570085	
0.00339779	0.0832008	0.00628709	0.028164	0.00905541	0.000891585	0.0104696	0.0044681	0.0186955	0.00936322	0.0005312	0.0126727	0.00715288	0.00560465	0.00959555	0.00536636	0.733801	0.0241989	0.0182931	0.00879017	
0.00946479	0.0391584	0.0017104	0.0392914	0.00302443	0.00423624	0.00197081	0.310008	0.024693	0.159005	0.00402232	0.00184976	0.00220247	0.0238996	0.0161315	0.0093526	0.0387228	0.246831	0.0170951	0.0473301	
0.2085	0.0130934	0.139834	0.24748	0.0339797	0.0138936	0.00878271	0.00402552	0.0556189	0.017273	0.0205985	0.0390045	0.00325576	0.00846333	0.0340131	0.00671442	0.00195238	0.111987	0.0248184	0.00671259	
0.0445784	0.0241694	0.00798662	0.0101759	0.147126	0.0105614	0.0216286	0.0953513	0.0280783	0.082932	0.0524108	0.0090793	0.00482144	0.0226742	0.0154773	0.00248037	0.0748625	0.294737	0.0321153	0.0187541	
0.00797858	0.0134128	0.00288256	0.00745594	0.0120639	0.00302843	0.00816197	0.166603	0.00857107	0.565875	0.0529184	0.0153273	0.00799913	0.00520606	0.00647197	0.00782098	0.0148188	0.0744334	0.00397617	0.0149949	
0.011386	0.0105413	0.053913	0.0323986	0.0056728	0.0045204	0.010243	0.0132583	0.0866143	0.00824177	0.00141415	0.00699224	0.690265	0.00802237	0.009002	0.00678959	0.00264209	0.00819322	0.00609968	0.0237902	
0.00458112	0.0150474	0.0151287	0.0583918	0.1083	0.0100802	0.00346333	0.0341488	0.00557423	0.0444152	0.011588	0.0107227	0.0175769	0.00741736	0.00277377	0.0071158	0.00829856	0.00584173	0.0130675	0.616467	
0.00302563	0.0124174	0.0307066	0.0279934	0.140448	0.0102394	0.0234284	0.00703705	0.0170222	0.0209201	0.0301004	0.00553716	0.01501	0.0139304	0.00832419	0.0191563	0.0180235	0.00734416	0.533429	0.0559071	
0.0305691	0.0111134	0.0447415	0.158384	0.054597	0.011039	0.0465739	0.00546246	0.0345147	0.00921523	0.00166991	0.313411	0.00726404	0.0709496	0.0309555	0.0217429	0.0793339	0.00748172	0.0233756	0.0376057	
0.0190281	0.00631943	0.546361	0.145531	0.00729587	0.0327195	0.00308123	0.00235117	0.00465579	0.00130181	0.0129356	0.0418545	0.00524965	0.0333267	0.0047142	0.0909581	0.0242412	0.0029317	0.0134534	0.00168985	
0.0583788	0.0132553	0.0546423	0.132421	0.0055859	0.00318977	0.0713204	0.0247464	0.0151029	0.00262429	0.00366972	0.0121767	0.00394681	0.118803	0.0478766	0.122242	0.131996	0.153583	0.0128637	0.011575	
0.00133559	0.057682	0.0369803	0.00480654	0.0101891	0.0157831	0.00452954	0.593558	0.0122226	0.0207158	0.00631794	0.0268483	0.00491344	0.0723534	0.00339458	0.0147621	0.00339589	0.0314108	0.0501188	0.0286824	
0.453495	0.00883629	0.0016382	0.0277336	0.0275197	0.00697102	0.00703241	0.0347646	0.105906	0.0608938	0.0117501	0.0195929	0.00864735	0.00411839	0.0129803	0.0443452	0.00887255	0.144411	0.00157341	0.00891962	
0.0131153	0.0160183	0.0520287	0.031313	0.00569368	0.00423984	0.0103997	0.0131057	0.091366	0.00844662	0.00208997	0.0069843	0.679088	0.00779975	0.00938476	0.00642777	0.00275437	0.0077651	0.00630875	0.0256706	
0.156277	0.00764106	0.106011	0.0452833	0.0108344	0.0138036	0.0232127	0.0104202	0.0398837	0.00749966	0.0176337	0.048675	0.0151325	0.239158	0.10291	0.0714645	0.0446842	0.0171447	0.0148133	0.00751733	
0.0254504	0.0250622	0.0225099	0.0386555	0.00498457	0.0126821	0.0144751	0.40442	0.00375605	0.253219	0.0549781	0.0203858	0.00730133	0.0101182	0.00547408	0.00156872	0.00105682	0.0484148	0.0109397	0.0345477	
0.0758817	0.0119279	0.0618866	0.00757623	0.0176384	0.00360735	0.0164959	0.0252815	0.278662	0.124777	0.0429938	0.00475123	0.00501305	0.0272972	0.19673	0.0409598	0.0215882	0.0178867	0.00208434	0.0169616	
0.416579	0.00728163	0.0764777	0.0577875	0.0229251	0.00821347	0.01072	0.00385009	0.0656905	0.0260553	0.00941238	0.0166153	0.00239307	0.0125211	0.0185852	0.175616	0.0252187	0.0125046	0.0165373	0.0150157	
0.00811121	0.0046402	0.00834828	0.000508612	0.0203508	0.636544	0.0078056	0.0160464	0.0208052	0.00167767	0.00985134	0.00751658	0.00425782	0.202415	0.00519437	0.00450326	0.0101487	0.00467917	0.00501507	0.0215807	
0.0359604	0.0181914	0.0129689	0.105323	0.00777767	0.00494254	0.00921776	0.0117767	0.552088	0.0189434	0.00748108	0.0178221	0.0116034	0.0658881	0.0762752	0.0134595	0.0118972	0.00810146	0.00797052	0.00231136	
0.00260944	0.00473748	0.0869851	0.0487753	0.0336777	0.00527285	0.00355844	0.00299092	0.131533	0.00508954	0.00897253	0.0756215	0.00908734	0.102005	0.155938	0.0425777	0.238561	0.0343759	0.00444083	0.00318995	
0.0109583	0.021445	0.00898351	0.0208879	0.0059224	0.0128792	0.00566122	0.155757	0.0130984	0.0514732	0.00618431	0.00503044	0.00448278	0.0123831	0.00792102	0.00443832	0.00510329	0.597916	0.030287	0.0191885	
0.00722672	0.0233801	0.00647012	0.00961858	0.0064693	0.00502792	0.00925888	0.183246	0.00918886	0.549158	0.041218	0.0135979	0.00773519	0.00713503	0.0061812	0.00606266	0.0132652	0.0650277	0.00406405	0.026668	
0.00344314	0.0291297	0.00478181	0.0130574	0.00934434	0.0172865	0.0103297	0.287263	0.0152434	0.0143481	0.00815325	0.00743175	0.00351994	0.0212097	0.00560594	0.00714486	0.00771441	0.485702	0.0172046	0.0320869	
0.333983	0.0116445	0.00951183	0.0072468	0.0181754	0.0180944	0.015346	0.00665702	0.0232838	0.0111708	0.0109169	0.0173003	0.00522687	0.031488	0.0159526	0.16507	0.104699	0.145735	0.00197536	0.0465215	
0.580524	0.0472218	0.00906874	0.0152874	0.0495007	0.0123655	0.00896147	0.0151107	0.0246292	0.0320797	0.0351271	0.0161574	0.00173698	0.00404842	0.0220162	0.0143205	0.0155938	0.0408361	0.00410722	0.0513066	
0.00962125	0.0131977	0.0191603	0.0189498	0.000806172	0.0508356	0.0127699	0.0217253	0.115882	0.00291001	0.0135598	0.00855473	0.0047684	0.118226	0.00196258	0.550702	0.00838148	0.0268403	0.000629653	0.000517107	
0.00791955	0.0531003	0.02148	0.0251715	0.0113242	0.018569	0.0129979	0.113143	0.0429358	0.608044	0.0147268	0.00858206	0.00562813	0.00750843	0.00451948	0.0045304	0.00922869	0.00645571	0.0173479	0.00678745	
0.598899	0.00641068	0.00423283	0.00904647	0.00970894	0.125681	0.00764722	0.0122267	0.0214767	0.00707327	0.0120038	0.00793838	0.00265793	0.0858185	0.00442803	0.0414887	0.0112316	0.00460929	0.00249479	0.0249263	
0.00716733	0.0530659	0.0211702	0.0254181	0.0107787	0.0179188	0.0132969	0.12149	0.0390752	0.60365	0.0133491	0.00884671	0.0057733	0.00796061	0.0046244	0.00443308	0.00934286	0.00774573	0.0156638	0.00923018	
0.0110123	0.0222514	0.00936013	0.0201492	0.0058564	0.012831	0.00752079	0.148901	0.0131014	0.0468099	0.00631315	0.00488315	0.00491375	0.012137	0.00858933	0.00459442	0.00490316	0.601279	0.0313098	0.0232841	
0.126739	0.0198889	0.0203625	0.0053859	0.0211754	0.0728312	0.00239626	0.00472471	0.5089	0.0281599	0.0233086	0.00333648	0.00769365	0.0111042	0.00491948	0.0756547	0.00296923	0.0222676	0.0103805	0.0278025	
0.0365798	0.00388261	0.00512852	0.0451181	0.064822	0.100777	0.224508	0.0251582	0.0467917	0.0122233	0.0212901	0.00324022	0.000943983	0.00200726	0.00207392	0.0158353	0.016457	0.00368866	0.0169604	0.352513	
0.0102662	0.0517721	0.0214393	0.0259071	0.0112219	0.0233009	0.0124669	0.109884	0.046148	0.601744	0.014358	0.00862083	0.00542404	0.0075692	0.00443209	0.00461741	0.00904856	0.00585609	0.0171108	0.00881308	
0.00929844	0.00511945	0.320671	0.135884	0.00610704	0.00624739	0.00358389	0.00301526	0.0298677	0.00483129	0.0103387	0.0106904	0.0149542	0.00572283	0.00574008	0.00616061	0.00682287	0.00365104	0.407815	0.00347834	
0.0558503	0.00351174	0.101023	0.0611474	0.0388301	0.0553121	0.03644	0.00624763	0.0427984	0.00204427	0.00270134	0.44613	0.00615417	0.0775192	0.0103582	0.0164324	0.0168138	0.00182116	0.0167937	0.00207141	
0.02375	0.0330847	0.0194208	0.0195565	0.00292966	0.0185337	0.0711973	0.403151	0.00154783	0.145178	0.0847314	0.0176652	0.00480679	0.00693913	0.0060042	0.00164037	0.000950964	0.100683	0.00916885	0.0290611	
0.00662206	0.00449593	0.113274	0.0535022	0.00131916	0.105566	0.0844919	0.00708102	0.0962522	0.000807462	0.0277264	0.127949	0.0428167	0.00395007	0.00681939	0.264576	0.0388189	0.0105179	0.00192326	0.00149051	
0.00927057	0.0051393	0.322182	0.135575	0.00608885	0.00630446	0.00358476	0.00300904	0.0297905	0.00481521	0.0104561	0.0106971	0.0151589	0.00576384	0.00570461	0.00616375	0.0067942	0.0036498	0.406392	0.00345982	
0.119957	0.0123756	0.206314	0.314183	0.00733843	0.0142056	0.00537117	0.00580085	0.0235754	0.00850951	0.00696113	0.0234837	0.0246322	0.0128532	0.011136	0.0825258	0.0861023	0.00671401	0.0226402	0.0053203	
0.116128	0.0223075	0.331339	0.187176	0.0127581	0.0361095	0.00479757	0.0333695	0.020791	0.013299	0.0166705	0.00693958	0.0101646	0.0936055	0.0321558	0.00999515	0.0114141	0.0144935	0.0212416	0.0052439	
0.0170219	0.0333267	0.0195609	0.0870582	0.00305717	0.0120998	0.0208748	0.575575	0.00619444	0.0107324	0.00559664	0.0101655	0.0275015	0.0472526	0.00327617	0.00477286	0.00158132	0.0318123	0.0333004	0.0492394	
0.12953	0.0140196	0.00377689	0.00841119	0.0144671	0.00849517	0.0134737	0.0449623	0.0202657	0.11516	0.135106	0.00788498	0.0136139	0.0301425	0.00661353	0.0468497	0.0779751	0.261607	0.00747586	0.0401684	
0.0140722	0.0139115	0.0383164	0.130958	0.0619897	0.301086	0.0319443	0.0107399	0.141853	0.00862735	0.0263737	0.0358815	0.0159109	0.0667016	0.00801978	0.0510765	0.00783318	0.00424348	0.00209283	0.0283678	
0.0338016	0.0330702	0.0557881	0.0292118	0.0148341	0.00604188	0.00435044	0.00148096	0.0547032	0.520144	0.00275232	0.0723975	0.00490123	0.00301552	0.0139622	0.00424735	0.0365779	0.0706107	0.0101883	0.0279207	
0.00823142	0.0148085	0.0203934	0.236322	0.0161154	0.0112759	0.00492323	0.0112157	0.00288765	0.0207445	0.0182967	0.550244	0.00881168	0.0039638	0.0179279	0.0112849	0.00906561	0.0217528	0.00520664	0.00652819	
0.0247385	0.0196946	0.0204486	0.0351744	0.00328615	0.00883696	0.0118863	0.318291	0.00882475	0.30938	0.021411	0.0136319	0.00794566	0.0135887	0.00489945	0.00342347	0.0021402	0.0253087	0.0112131	0.135876	
0.0130848	0.015025	0.0519015	0.0301933	0.00581708	0.00420661	0.0102985	0.0109644	0.0938622	0.00838755	0.00216794	0.00706306	0.681233	0.00765194	0.00925307	0.00649643	0.0027221	0.00778876	0.00615509	0.0257276	
0.00336338	0.0837139	0.00627902	0.0278568	0.00888407	0.000801765	0.0104783	0.00435952	0.018712	0.00930793	0.000545213	0.0126501	0.00722645	0.00535718	0.00951785	0.0054034	0.734555	0.0242361	0.0181938	0.00855805	
0.0622363	0.012284	0.0064664	0.0145994	0.0779077	0.385288	0.0656899	0.016119	0.0962052	0.0449677	0.0182368	0.0104651	0.00154848	0.0191326	0.00213652	0.0115046	0.010158	0.000974148	0.0105311	0.133549	
0.0323187	0.037454	0.0112224	0.0241231	0.0286418	0.00749017	0.0200651	0.301039	0.0196166	0.0241666	0.0264948	0.0345002	0.0122694	0.0847492	0.0256182	0.0125219	0.0346561	0.220334	0.0352393	0.00747985	
0.0117153	0.00155252	0.00255847	0.0112581	0.0505111	0.00378827	0.0164938	0.0988232	0.0134301	0.56145	0.0441849	0.0179609	0.00734869	0.00584144	0.0115589	0.0172833	0.0155334	0.0468087	0.0141498	0.0477494	
0.0100383	0.0149925	0.0113914	0.0171943	0.00910463	0.012694	0.0103985	0.0630152	0.0210511	0.0795918	0.0144759	0.0061918	0.0097793	0.010566	0.0126141	0.0040359	0.00801639	0.620533	0.0225698	0.0417458	
0.00458112	0.0150474	0.0151287	0.0583918	0.1083	0.0100802	0.00346333	0.0341488	0.00557423	0.0444152	0.011588	0.0107227	0.0175769	0.00741736	0.00277377	0.0071158	0.00829856	0.00584173	0.0130675	0.616467	
0.0311774	0.0152493	0.178494	0.563699	0.0100024	0.00538129	0.0098905	0.00963282	0.0314094	0.00828863	0.0109054	0.0138041	0.0420379	0.0103911	0.014826	0.00936308	0.0113084	0.00520283	0.0158894	0.00304738	
0.0135984	0.00811653	0.0609534	0.0275366	0.087993	0.0175764	0.00699281	0.0325556	0.00687978	0.593747	0.0500336	0.0317527	0.00738773	0.00595273	0.00445476	0.00488083	0.00302191	0.0103373	0.00272106	0.0235082	
0.00375686	0.00952684	0.781455	0.0224799	0.00831561	0.00733296	0.0058853	0.00735295	0.00543536	0.0156226	0.00413131	0.0300729	0.00581843	0.0133892	0.00843151	0.0110733	0.0237453	0.00827727	0.0124272	0.0154699	
0.120385	0.01221	0.206466	0.315931	0.00737013	0.0141229	0.00530787	0.00576649	0.0238559	0.00869382	0.00703927	0.0235579	0.0243671	0.0131105	0.0112262	0.0819913	0.084355	0.00673937	0.0223032	0.00520077	
0.0508481	0.00387576	0.120038	0.0792879	0.0372093	0.0317648	0.0272156	0.00472695	0.0434296	0.00209323	0.00272759	0.44179	0.00542275	0.0786857	0.0107364	0.0233932	0.0204405	0.00165834	0.0131069	0.0015494	
0.0139164	0.00684385	0.0813609	0.0260806	0.0886563	0.0247806	0.00488479	0.0237444	0.00472249	0.569044	0.0586245	0.0375725	0.00758168	0.00564942	0.00424565	0.00392876	0.00153539	0.00852969	0.00176694	0.0265313	
0.0156597	0.00713974	0.0301476	0.0141544	0.0204902	0.00339458	0.0391249	0.0101991	0.430914	0.00855523	0.0332046	0.0452655	0.00310541	0.0302855	0.192739	0.0107096	0.0546906	0.0365072	0.0101919	0.00352132	
0.0157415	0.0185369	0.0496714	0.0360494	0.00615946	0.00421134	0.00959009	0.0107747	0.0827697	0.0119676	0.00206067	0.0090547	0.664361	0.00707076	0.00912935	0.00697595	0.00339341	0.0102297	0.00649648	0.0357555	
0.0045691	0.0528291	0.00323252	0.030194	0.00166723	0.00302867	0.00104676	0.306086	0.0307403	0.16594	0.00442017	0.00269474	0.00183104	0.0120264	0.0211321	0.0097638	0.0536091	0.220934	0.0194403	0.0548147	
