0.00473496	0.0170601	0.00689708	0.00381196	0.0788171	0.00558503	0.00828804	0.198921	0.0132017	0.195365	0.0824213	0.000468677	0.00990113	0.00703168	0.00535883	0.00670239	0.00885097	0.338224	0.0067322	0.00162659	
0.00558974	0.00676518	0.305524	0.0752155	0.000874123	0.00363005	0.00801347	0.0123138	0.118822	0.00696012	0.0229458	0.135488	0.00603207	0.0545751	0.126112	0.0655814	0.0190896	0.0100606	0.0108644	0.00554321	
0.00155624	0.00777042	0.0336655	0.0191372	0.00356407	0.00649042	0.00502011	0.00919064	0.00237367	0.00593362	0.026911	0.0388152	0.767251	0.00471231	0.00602002	0.00656392	0.00472481	0.00515376	0.0442225	0.000923125	
0.0220143	0.00245889	0.056428	0.0162794	0.0111292	0.0145825	0.00462385	0.00232376	0.00606706	0.631564	0.00331479	0.178317	0.00265722	0.00512086	0.00574515	0.0049009	0.0133344	0.00339848	0.00836899	0.00737191	
0.0149322	0.0165119	0.00132413	0.00520277	0.00633117	0.00149476	0.0144989	0.290513	0.00793953	0.0160625	0.0019248	0.00300101	0.00395425	0.0184983	0.0138694	0.00360797	0.0166486	0.523963	0.0127034	0.0270182	
0.0312008	0.0210939	0.00899363	0.0498483	0.00501158	0.00971133	0.0152543	0.0108144	0.310091	0.0256123	0.00373104	0.0160263	0.00305988	0.305094	0.101928	0.00415834	0.0344842	0.00974308	0.026549	0.00759437	
0.00444942	0.0122293	0.0230598	0.0177814	0.0335317	0.00869125	0.55783	0.104139	0.0324336	0.0047895	0.0529406	0.00796465	0.00613764	0.00540893	0.00715643	0.0162782	0.0385501	0.0355065	0.0280466	0.00307515	
0.0148122	0.0161422	0.0104379	0.0052011	0.000643568	0.00562311	0.00583427	0.101844	0.00842633	0.399414	0.0163709	0.00978537	0.00454706	0.00930457	0.00388507	0.00757697	0.00898165	0.0271048	0.00880176	0.335264	
0.0251413	0.00232437	0.00792392	0.00958068	0.020491	0.17775	0.0881832	0.00972571	0.0106606	0.0141426	0.0294318	0.00564237	0.0115983	0.00974656	0.00830541	0.169853	0.359617	0.0167922	0.0149206	0.00816885	
0.00164948	0.00818882	0.00162491	0.00612269	0.0981671	0.00348279	0.0380552	0.241695	0.0311365	0.384238	0.0174807	0.0108728	0.0043952	0.0174961	0.0374277	0.00315597	0.0164673	0.0391522	0.00276404	0.0364273	
0.0383276	0.0066164	0.0211069	0.00948016	0.00809989	0.0747952	0.00302779	0.152158	0.00450009	0.17299	0.389617	0.00679668	0.000711505	0.0191794	0.0118268	0.00269711	0.0037791	0.0264761	0.00231074	0.0455036	
0.00558974	0.00676518	0.305524	0.0752155	0.000874123	0.00363005	0.00801347	0.0123138	0.118822	0.00696012	0.0229458	0.135488	0.00603207	0.0545751	0.126112	0.0655814	0.0190896	0.0100606	0.0108644	0.00554321	
0.149879	0.0057098	0.0154111	0.0459534	0.00094132	0.0312016	0.0133034	0.00404261	0.463134	0.00342517	0.00245919	0.0123803	0.00654472	0.00967266	0.122707	0.0263104	0.0111985	0.0574237	0.0111843	0.00711882	
0.0394459	0.011802	0.189881	0.132111	0.00517386	0.0287694	0.0387591	0.0110268	0.0270274	0.0232778	0.0170813	0.21948	0.00952848	0.0403539	0.0479591	0.118913	0.0192789	0.00742265	0.00559211	0.00711616	
0.0138239	0.0901938	0.00980591	0.00500477	0.0108037	0.00284291	0.0116896	0.0925528	0.0233983	0.137461	0.000956886	0.0128619	0.00611568	0.0111785	0.00912164	0.0116159	0.414561	0.101798	0.0211334	0.0130807	
0.00658481	0.00184131	0.0286704	0.0254336	0.0262984	0.200374	0.0366745	0.00982762	0.00338815	0.0196042	0.0156198	0.0691743	0.0738259	0.0376515	0.00709143	0.256862	0.109358	0.00297272	0.000530655	0.0682165	
0.020421	0.0107811	0.00239799	0.0710388	0.00439248	0.00779941	0.0134485	0.0108465	0.00313659	0.00463929	0.0072412	0.00672486	0.0985081	0.0181295	0.00280799	0.119304	0.452144	0.136686	0.00308227	0.00646975	
0.149879	0.0057098	0.0154111	0.0459534	0.00094132	0.0312016	0.0133034	0.00404261	0.463134	0.00342517	0.00245919	0.0123803	0.00654472	0.00967266	0.122707	0.0263104	0.0111985	0.0574237	0.0111843	0.00711882	
0.00746847	0.00242729	0.152163	0.402284	0.005961	0.0208583	0.00543836	0.00547572	0.0668988	0.00992229	0.00502707	0.0251691	0.0123744	0.0406541	0.0380252	0.12288	0.0406414	0.0207592	0.00332204	0.0122507	
0.0511586	0.00458258	0.01234	0.160207	0.440004	0.011572	0.0174968	0.000936234	0.0504077	0.0016473	0.0493687	0.017098	0.0102151	0.071877	0.0287026	0.00443121	0.0252444	0.00498426	0.0356312	0.002096	
0.00157808	0.00114448	0.0116054	0.021666	0.0559661	0.0068645	0.0036745	0.00600851	0.160381	0.00964327	0.00781245	0.00544149	0.00468514	0.00508453	0.622882	0.0129892	0.0318434	0.0235913	0.00462107	0.00251769	
0.0513583	0.012179	0.0092275	0.307351	0.085544	0.0141266	0.00554299	0.0164081	0.00697926	0.00338907	0.0776666	0.0137962	0.00810543	0.156861	0.161625	0.00762341	0.0303783	0.00323257	0.0166753	0.0119308	
0.0289334	0.0256869	0.0103999	0.0320319	0.00185759	0.00893286	0.00149042	0.0160779	0.0221381	0.440011	0.00736725	0.172366	0.0147461	0.0158452	0.00285115	0.103412	0.0166627	0.0297706	0.0270602	0.0223587	
0.0781939	0.0431141	0.00259566	0.00946791	0.00504502	0.0209436	0.00733125	0.0433784	0.0220231	0.241075	0.0316399	0.0503014	0.00520091	0.00838732	0.00681695	0.0742377	0.074773	0.222438	0.0375491	0.0154878	
0.0480171	0.000697792	0.0826179	0.117031	0.0184703	0.0366987	0.00720257	0.000903873	0.0834329	0.00127056	0.00281445	0.184878	0.00570051	0.0387454	0.154652	0.132822	0.0363259	0.00707933	0.0111413	0.0294971	
0.0164561	0.0195	0.00288822	0.0203858	0.00399343	0.00610276	0.00500831	0.613326	0.00315707	0.0782907	0.0119984	0.00636515	0.00829846	0.00368712	0.00647435	0.00902221	0.0116764	0.124181	0.0378415	0.0113471	
0.303825	0.00888311	0.0214838	0.0161382	0.0206386	0.126688	0.0119183	0.0164308	0.0454062	0.0221262	0.012173	0.0040138	0.00596939	0.0160014	0.00820468	0.246779	0.0710948	0.0209517	0.0167807	0.00449275	
0.0123403	0.020956	0.0582113	0.0367611	0.00145769	0.0356619	0.00141352	0.0266602	0.0915479	0.395169	0.194562	0.0181225	0.0133873	0.00223569	0.0118668	0.0123299	0.020339	0.00709042	0.00931275	0.0305743	
0.358299	0.0809658	0.0141771	0.00410735	0.0028623	0.115357	0.00804668	0.009287	0.00210301	0.0160561	0.0159093	0.00921625	0.00280674	0.0215587	0.00198902	0.00453076	0.212887	0.106572	0.00747044	0.00579897	
0.0343029	0.00109996	0.00256352	0.0355675	0.0416493	0.00729037	0.00273237	0.00131288	0.0403338	0.00449873	0.0372219	0.00155098	0.00536072	0.0320939	0.015003	0.00668841	0.0240262	0.030483	0.0795989	0.596622	
0.00516925	0.00933195	0.011107	0.644432	0.0184517	0.00854559	0.0580907	0.023754	0.0119075	0.0103921	0.0179944	0.00430084	0.0197472	0.019236	0.0296447	0.0244938	0.00408086	0.00575338	0.0714255	0.00214122	
0.435933	0.00348209	0.00285086	0.0206162	0.00243223	0.00583537	0.0277528	0.0114267	0.00295006	0.0230373	0.00415193	0.00655258	0.00255556	0.0135413	0.0153078	0.0475495	0.249314	0.0654024	0.0468431	0.0124648	
0.00115526	0.0011728	0.0112784	0.0202833	0.0569433	0.00686695	0.00378373	0.0060727	0.165398	0.00943757	0.00753676	0.00522502	0.00471925	0.00522982	0.618908	0.013175	0.0328001	0.0234042	0.0044999	0.00210942	
0.0201662	0.0242507	0.651425	0.0224023	0.00188076	0.0186459	0.0105072	0.00777312	0.00713661	0.0137434	0.00448227	0.140836	0.00795748	0.0144716	0.00831139	0.0196571	0.0104488	0.00320134	0.00884452	0.00385851	
0.0158565	0.0227087	0.00528103	0.0392661	0.120208	0.00983816	0.00599803	0.0179354	0.00792508	0.568946	0.0774757	0.0299625	0.00608998	0.0107315	0.00721877	0.0139062	0.00159336	0.0345199	0.00243146	0.002108	
0.0301404	0.0154573	0.0323952	0.0984076	0.0206767	0.0281324	0.013283	0.0360639	0.142116	0.00120737	0.0141271	0.0352046	0.379018	0.0381685	0.0151881	0.0149982	0.00394335	0.0105243	0.0225588	0.0483882	
0.00552494	0.00645671	0.00515846	0.00593067	0.00612017	0.00786167	0.0140936	0.0518559	0.005994	0.579534	0.0557505	0.0104685	0.00772532	0.0180719	0.0107835	0.00554402	0.0284114	0.0545666	0.0124661	0.107682	
0.0223285	0.00311511	0.0518855	0.562033	0.00985393	0.00461755	0.017436	0.00627267	0.0822677	0.00277376	0.00715759	0.00605462	0.0141216	0.0878846	0.0162997	0.0125542	0.0438382	0.0297277	0.00987967	0.00989872	
0.0214448	0.0231962	0.138116	0.219846	0.0144031	0.00458606	0.00734968	0.00926372	0.0777893	0.00837245	0.0243313	0.0261771	0.155988	0.012502	0.0315908	0.0287517	0.145692	0.0260061	0.021513	0.00307966	
0.033506	0.0131293	0.00182526	0.016458	0.0136646	0.00253994	0.0247751	0.202684	0.0200477	0.0145213	0.00259851	0.00357156	0.0124689	0.0092361	0.0673097	0.0124507	0.0897296	0.404199	0.00764839	0.0476365	
0.0223285	0.00311511	0.0518855	0.562033	0.00985393	0.00461755	0.017436	0.00627267	0.0822677	0.00277376	0.00715759	0.00605462	0.0141216	0.0878846	0.0162997	0.0125542	0.0438382	0.0297277	0.00987967	0.00989872	
0.0168518	0.0230322	0.0123401	0.00605789	0.00929869	0.00557098	0.00371625	0.456754	0.0034296	0.0550876	0.015679	0.0108004	0.00516009	0.00936927	0.00409314	0.00312572	0.00619363	0.332276	0.01331	0.00785357	
0.0209627	0.0033432	0.0530619	0.545961	0.0132916	0.00456527	0.0174457	0.00685145	0.0817957	0.00311671	0.00711567	0.00622641	0.0149138	0.0907314	0.0160618	0.013924	0.0491225	0.0276161	0.0128724	0.0110208	
0.00738692	0.0212282	0.0299225	0.0307565	0.0452263	0.0124598	0.0446962	0.00203736	0.00453389	0.0201639	0.0275277	0.000718998	0.00539483	0.0642897	0.00261606	0.0111608	0.600593	0.0268431	0.0166332	0.0258109	
0.00166981	0.00759097	0.0334073	0.0190528	0.003826	0.00652612	0.00515398	0.00921154	0.00247076	0.0059756	0.0267014	0.0387568	0.766372	0.00475124	0.00608129	0.00665507	0.00477087	0.0056444	0.0444129	0.000968992	
0.0780057	0.0462546	0.0109477	0.00924159	0.00605349	0.00411159	0.00824116	0.445581	0.0168472	0.0743264	0.0228353	0.0258183	0.00420522	0.00588465	0.00928004	0.0566302	0.0122533	0.128242	0.0182494	0.0169904	
0.154874	0.0637936	0.00110907	0.137127	0.00410697	0.233853	0.0205558	0.0171071	0.0206306	0.0041233	0.0907357	0.0147553	0.00269167	0.0855708	0.0108663	0.023904	0.0747685	0.0318464	0.00178829	0.00579194	
0.0214448	0.0231962	0.138116	0.219846	0.0144031	0.00458606	0.00734968	0.00926372	0.0777893	0.00837245	0.0243313	0.0261771	0.155988	0.012502	0.0315908	0.0287517	0.145692	0.0260061	0.021513	0.00307966	
0.223682	0.0462358	0.0234631	0.0136804	0.000833489	0.0352326	0.0328053	0.0527545	0.00339471	0.0118389	0.110944	0.0163886	0.00284836	0.0116427	0.00487618	0.0153192	0.249333	0.100323	0.0261306	0.0182741	
0.0113988	0.00510717	0.0713929	0.0614919	0.0288253	0.00181203	0.0050852	0.0478234	0.251203	0.0129532	0.037233	0.0157558	0.00100745	0.0623498	0.0604475	0.0132758	0.247773	0.0332696	0.00813683	0.0236576	
0.251177	0.036724	0.012806	0.00428788	0.0440944	0.17502	0.0136791	0.0250128	0.0178585	0.00588021	0.0184365	0.0125147	0.00669203	0.024774	0.0117536	0.146026	0.068803	0.102418	0.0096691	0.0123734	
0.0256087	0.0183079	0.0575716	0.128867	0.0252863	0.0358872	0.0154243	0.0212304	0.192557	0.00236481	0.00464105	0.0233468	0.244921	0.050609	0.0120367	0.0119804	0.0017245	0.00881357	0.0390738	0.0797477	
0.0366415	0.00241027	0.00133331	0.091779	0.0261642	0.00594439	0.0114386	0.0156867	0.0521382	0.015495	0.031496	0.00585508	0.0106967	0.103865	0.152234	0.000502134	0.0656772	0.217655	0.00634845	0.146639	
0.00561162	0.0210091	0.0164697	0.0257191	0.00661923	0.0101334	0.006842	0.47183	0.0116125	0.292294	0.00366859	0.00173657	0.00428769	0.0131798	0.016059	0.00478832	0.0179776	0.0255376	0.0174314	0.0271921	
0.358829	0.0271208	0.0271262	0.0230435	0.00176654	0.0224485	0.00513735	0.00307388	0.101699	0.0202343	0.0214772	0.0166981	0.00299775	0.0283676	0.00926312	0.241092	0.0195661	0.0104358	0.0332578	0.0263652	
0.00582555	0.00192735	0.0315569	0.0144	0.0449114	0.454182	0.0200085	0.231378	0.0347772	0.0159849	0.0196943	0.0193969	0.0101894	0.0124464	0.00222898	0.00118536	0.0330126	0.00350481	0.00249976	0.0408904	
0.0702841	0.0093456	0.00800516	0.0145993	0.0109732	0.00596047	0.0248802	0.00983547	0.584552	0.00996928	0.00781319	0.0131325	0.0159126	0.00547941	0.148095	0.0237496	0.0132913	0.0108758	0.00911745	0.00412839	
0.00232334	0.0255778	0.0245719	0.0114288	0.0381937	0.00403382	0.00631549	0.00398445	0.74597	0.0141486	0.00345127	0.0149337	0.00326598	0.00518032	0.0332643	0.00788871	0.00487146	0.0022976	0.0473062	0.000992908	
0.0284697	0.0331486	0.00244701	0.00323618	0.0135618	0.00329924	0.0123461	0.332277	0.00359941	0.289696	0.0346507	0.00150695	0.00159114	0.00175625	0.0046615	0.00630745	0.0302322	0.193694	0.00101749	0.0025012	
0.35783	0.08111	0.0141608	0.00413559	0.00288177	0.115414	0.00803453	0.00931101	0.00206523	0.0160112	0.0159532	0.00924866	0.00281201	0.0215464	0.00199005	0.00453652	0.212638	0.107078	0.00753839	0.00570401	
0.00463395	0.0165806	0.00662177	0.00428609	0.0813949	0.00532474	0.00793523	0.195372	0.0131275	0.20121	0.0774169	0.000600004	0.00982701	0.00746699	0.0057233	0.00679285	0.00882582	0.33642	0.00874521	0.00169544	
0.0164177	0.0161547	0.000764227	0.00576665	0.00609774	0.00142582	0.0153115	0.272836	0.00850065	0.0136178	0.00134167	0.00290178	0.00431045	0.0181996	0.0156482	0.00371288	0.0185526	0.537047	0.0125132	0.0288806	
0.0576391	0.00546253	0.00100496	0.0957758	0.0147127	0.0120388	0.00123057	0.0126129	0.0135853	0.00830943	0.0098274	0.00149972	0.501499	0.0347586	0.00224912	0.156318	0.0102398	0.0253095	0.0346892	0.00123815	
0.00646893	0.0549667	0.0156918	0.0696357	0.00271606	0.0386602	0.0440647	0.575619	0.0111116	0.00158289	0.00148088	0.0155853	0.0400771	0.0245832	0.00416815	0.00437102	0.00279028	0.0456763	0.0278835	0.0128668	
0.0225139	0.00190446	0.0569394	0.0155955	0.0111464	0.0141835	0.00449262	0.00232367	0.0062933	0.632578	0.00333952	0.177852	0.00263256	0.00501149	0.00580185	0.00464994	0.0138064	0.00337337	0.00812063	0.00744201	
0.819229	0.0114046	0.00586842	0.0122541	0.0129135	0.00496679	0.0200651	0.00658982	0.0105257	0.00617315	0.0039228	0.00543664	0.0054121	0.00875271	0.0017165	0.00417716	0.00827086	0.00413219	0.0299184	0.0182702	
0.00858459	0.00254185	0.0205964	0.00841024	0.0416456	0.517323	0.0153261	0.229571	0.0219694	0.00928268	0.0214956	0.0146987	0.00896979	0.0104503	0.00326108	0.0017469	0.0196394	0.00532455	0.00308859	0.0360745	
0.0124945	0.0160119	0.00950135	0.00444397	0.00109212	0.00525404	0.00722847	0.0983246	0.00757901	0.41926	0.0229118	0.0100163	0.0051716	0.00959076	0.00456048	0.00729654	0.0109336	0.0295559	0.00992172	0.308852	
0.0522996	0.0123191	0.0253625	0.009921	0.0252317	0.149047	0.0106374	0.0279833	0.009822	0.104128	0.460376	0.00757961	0.00637221	0.0275431	0.000738995	0.00263074	0.0122355	0.0109966	0.0170668	0.027709	
0.0217611	0.111661	0.0091993	0.00293987	0.00982014	0.0102596	0.0078687	0.000664911	0.0644679	0.204514	0.0607208	0.0313482	0.0185586	0.0268138	0.00167201	0.00873948	0.0398001	0.286171	0.0123508	0.0706685	
0.00729667	0.0139192	0.497029	0.13607	0.0044533	0.00274855	0.0109077	0.015953	0.0134634	0.00338873	0.0173666	0.0409981	0.112077	0.0300442	0.0141619	0.0380824	0.0195797	0.00425842	0.0159551	0.00224824	
0.0336196	0.000916471	0.00299969	0.00341948	0.109045	0.541682	0.00882448	0.0625128	0.0225341	0.0203474	0.0495231	0.00618748	0.0126574	0.0239175	0.00212171	0.00404857	0.0123362	0.0042005	0.0126532	0.0664536	
0.00473496	0.0170601	0.00689708	0.00381196	0.0788171	0.00558503	0.00828804	0.198921	0.0132017	0.195365	0.0824213	0.000468677	0.00990113	0.00703168	0.00535883	0.00670239	0.00885097	0.338224	0.0067322	0.00162659	
0.00588964	0.00302991	0.00395848	0.0112893	0.00848295	0.0150644	0.00934807	0.0328377	0.00946933	0.581653	0.0496833	0.00875984	0.0080148	0.0478076	0.0167729	0.00671077	0.0407659	0.064178	0.0476261	0.0286576	
0.0204568	0.00236799	0.146332	0.446594	0.00303307	0.00711082	0.00544797	0.00465464	0.0748882	0.00800968	0.00805903	0.0444561	0.00681501	0.0687371	0.0252706	0.0822552	0.0263982	0.00859054	0.0083359	0.00218714	
0.004979	0.0116139	0.0015796	0.0052359	0.00820084	0.0025722	0.0389711	0.0388453	0.00428387	0.573781	0.150523	0.0166878	0.0131186	0.00976839	0.0162199	0.00340681	0.0146213	0.0510156	0.0104651	0.0241102	
0.0166429	0.0230282	0.0120485	0.00614511	0.00920043	0.00556301	0.00375741	0.460999	0.00337557	0.0556945	0.0156784	0.010741	0.00521111	0.00915838	0.00407123	0.00320069	0.00629888	0.327815	0.0135492	0.00782124	
0.293431	0.0332138	0.0123479	0.00226704	0.00517254	0.05937	0.0451184	0.0170882	0.0280753	0.00875198	0.0423977	0.0886867	0.00500279	0.0256618	0.00299968	0.21208	0.0928077	0.013195	0.00805474	0.00427804	
0.647047	0.02418	0.00883932	0.00852825	0.069837	0.00800144	0.0135831	0.00841686	0.01597	0.0107652	0.0131041	0.0215985	0.00406187	0.039917	0.00464904	0.00539691	0.00426182	0.0116165	0.0708606	0.00936524	
0.0921685	0.00547694	0.00505248	0.0174366	0.00671324	0.00867582	0.0324187	0.00986712	0.510066	0.0110038	0.00741616	0.0112037	0.0196816	0.00502009	0.184804	0.0302011	0.0140791	0.0173043	0.0057621	0.00564847	
0.00404055	0.0161158	0.0013473	0.019709	0.00460671	0.00210922	0.112026	0.0767115	0.0248555	0.00325218	0.00736047	0.00915558	0.0122399	0.00876314	0.0149335	0.0138889	0.0266744	0.619676	0.0134348	0.00909974	
0.0636399	0.00205638	0.00123502	0.00310653	0.0283404	0.475552	0.0291545	0.00655439	0.0454795	0.00971839	0.0406641	0.00569644	0.00204849	0.0143747	0.0114503	0.2038	0.00628146	0.00116999	0.0248679	0.0248089	
0.00485622	0.0129699	0.0229173	0.0203139	0.0353474	0.00825946	0.557356	0.102761	0.0281377	0.00485147	0.0493577	0.00866665	0.00537835	0.00560151	0.00656091	0.017317	0.0391417	0.0392366	0.026894	0.00407501	
0.0168518	0.0230322	0.0123401	0.00605789	0.00929869	0.00557098	0.00371625	0.456754	0.0034296	0.0550876	0.015679	0.0108004	0.00516009	0.00936927	0.00409314	0.00312572	0.00619363	0.332276	0.01331	0.00785357	
0.00295196	0.00813459	0.00178702	0.00377276	0.00857808	0.00363514	0.0309472	0.0403356	0.00337229	0.592999	0.134271	0.0133548	0.011749	0.012129	0.0151261	0.00400507	0.0189818	0.06026	0.01078	0.0228298	
0.0362394	0.00113554	0.00253465	0.036657	0.0402792	0.00763761	0.00265991	0.00134739	0.0379351	0.00476047	0.0391087	0.00151912	0.00581051	0.0331628	0.0155601	0.00665644	0.022556	0.0297733	0.0817885	0.592878	
0.018463	0.0250342	0.643532	0.019956	0.00468371	0.0172381	0.00899937	0.00767306	0.00658728	0.0119852	0.00664338	0.148915	0.0116847	0.0139968	0.00758684	0.0168873	0.0125536	0.00358188	0.0106507	0.00334821	
0.00662432	0.0129847	0.0098385	0.534382	0.0417988	0.0108147	0.142137	0.00734609	0.00902213	0.0130315	0.0248999	0.00791323	0.0471173	0.00737217	0.0161949	0.0207149	0.00916219	0.00276969	0.0686047	0.00727129	
0.0223345	0.0031214	0.0518926	0.561933	0.00980382	0.0046179	0.017449	0.00626751	0.0823378	0.00277004	0.00720065	0.00605009	0.0141148	0.0878806	0.016299	0.0125551	0.0438227	0.0297547	0.00991063	0.00988437	
0.00774739	0.0221107	0.214237	0.0214965	0.0298518	0.0129142	0.0358925	0.00609091	0.00815955	0.0083667	0.011078	0.001489	0.00419222	0.0204842	0.00104439	0.0236717	0.535332	0.0122619	0.0101251	0.0134551	
0.0248934	0.00308829	0.0738017	0.0155902	0.0167991	0.0140682	0.0137291	0.00282259	0.00569274	0.518742	0.00226013	0.232056	0.00195936	0.00876763	0.0059993	0.00700858	0.0188547	0.00399621	0.0147663	0.0151041	
0.00780864	0.0168555	0.00159729	0.230955	0.207167	0.00595166	0.00959167	0.00478226	0.159117	0.00793596	0.0391155	0.022537	0.0102608	0.17088	0.030523	0.0239622	0.0163057	0.00671445	0.0214115	0.00652747	
0.189522	0.0145037	0.00105101	0.00268122	0.0302543	0.00551815	0.0061979	0.00867386	0.0594062	0.0105568	0.0243464	0.0274552	0.534404	0.00578276	0.00841671	0.00529378	0.0096583	0.0187327	0.0111003	0.0264443	
0.00366205	0.0128637	0.00134125	0.0204909	0.00517471	0.00206022	0.127005	0.069092	0.0270297	0.0035856	0.00624777	0.00574514	0.00383539	0.00699327	0.0160166	0.0148211	0.028357	0.627541	0.0118403	0.00629741	
0.103032	0.00228007	0.00271586	0.34643	0.0163011	0.0260178	0.0118258	0.00474585	0.0193229	0.0221399	0.00364645	0.00501173	0.139849	0.0822107	0.00996797	0.0534	0.104423	0.0201134	0.0089986	0.0175685	
0.0299202	0.00635481	0.00486723	0.0059821	0.00109566	0.00716237	0.00486398	0.0940418	0.00559459	0.276352	0.0429421	0.00742886	0.00311083	0.0115762	0.00465146	0.00583697	0.00596348	0.0337236	0.00962225	0.43891	
0.00984392	0.000648352	0.000421447	0.0227227	0.258121	0.212941	0.00396731	0.00873649	0.00768734	0.0643947	0.0108097	0.00487055	0.0727234	0.0115587	0.011267	0.00720442	0.0278032	0.0213412	0.0113228	0.231615	
0.0415612	0.293542	0.00833493	0.0945237	0.129279	0.027697	0.000892872	0.0175413	0.0180894	0.0147481	0.0305297	0.0430724	0.000436349	0.00604619	0.00245106	0.0541927	0.0268676	0.175612	0.00786822	0.00671508	
0.00269579	0.0255467	0.0244605	0.0113756	0.038234	0.00402848	0.00629193	0.00396754	0.744993	0.0141095	0.00345711	0.0149285	0.00437615	0.00515664	0.0331791	0.00785771	0.00485984	0.0023296	0.0471583	0.000993677	
0.0160193	0.0165592	0.00264621	0.0356235	0.125011	0.012332	0.00702438	0.0194622	0.00437117	0.569341	0.0860537	0.0260524	0.00580281	0.0118113	0.00728773	0.0112747	0.00120042	0.038515	0.00196463	0.00164706	
0.031319	0.0266193	0.0444722	0.0186238	0.0687578	0.00826164	0.0171954	0.00416656	0.0206209	0.00671007	0.00515867	0.024414	0.4596	0.00167384	0.00834244	0.0144459	0.0163483	0.174876	0.0327786	0.0156146	
0.0656458	0.00652133	0.0334742	0.0937983	0.0953955	0.0583368	0.0186814	0.00500344	0.0840922	0.00814993	0.0201213	0.0399367	0.0738666	0.0517754	0.00426909	0.14595	0.121655	0.0328528	0.0388522	0.00162232	
0.0236111	0.027968	0.629708	0.0234801	0.00225523	0.0184999	0.00984873	0.0103198	0.00770549	0.0207415	0.00433586	0.130652	0.00917212	0.0194357	0.0115994	0.0250846	0.0101328	0.00304973	0.00845184	0.00394791	
0.0295411	0.0340408	0.00250683	0.00332311	0.0136414	0.00323073	0.0121413	0.334971	0.00374866	0.28515	0.0350791	0.00156527	0.00160143	0.00175385	0.00458876	0.00624078	0.0312037	0.19231	0.00105118	0.00231034	
0.139427	0.0110291	0.182049	0.184631	0.0263982	0.0685018	0.0499894	0.0110823	0.00522667	0.0365881	0.0281353	0.0928362	0.0278658	0.0367909	0.00846713	0.0368806	0.0268581	0.0126434	0.0123865	0.0022143	
0.0204466	0.00242691	0.140988	0.456478	0.00312058	0.00719633	0.00558323	0.00492954	0.0728774	0.00782217	0.00834592	0.0425377	0.00741652	0.0692809	0.0244089	0.0803654	0.0261789	0.00848901	0.00900596	0.00210233	
0.109465	0.0174848	0.0828917	0.0149163	0.0339203	0.0451778	0.00248616	0.00764708	0.00864601	0.00142298	0.0293756	0.0218093	0.0039869	0.0141241	0.514994	0.0373877	0.00969262	0.0124754	0.00680465	0.0252916	
0.00767665	0.0106612	0.172647	0.136044	0.00353959	0.00285968	0.0129792	0.028195	0.00182567	0.201703	0.0135503	0.0228574	0.00614433	0.0337607	0.0714137	0.0260611	0.183241	0.0446771	0.0142734	0.00588983	
0.290723	0.0198851	0.00839706	0.00348718	0.0716688	0.000969597	0.00639819	0.131379	0.00813144	0.0889913	0.0283532	0.0151688	0.00502205	0.00373736	0.0175346	0.0364509	0.0668203	0.164513	0.0163812	0.0159875	
0.00306852	0.00976447	0.00296783	0.00795313	0.118118	0.00600282	0.0418288	0.240718	0.0272271	0.357251	0.016346	0.0115706	0.00397607	0.0173615	0.0321459	0.00198388	0.0148738	0.0482029	0.00239777	0.0362425	
0.0197685	0.0270867	0.0175418	0.0065497	0.00958207	0.00537107	0.00505619	0.400434	0.00438189	0.0573472	0.0150577	0.0118381	0.00480381	0.0131724	0.00377663	0.00435965	0.00569171	0.366446	0.0129083	0.00882626	
0.00357827	0.0111205	0.00313156	0.0086069	0.00448738	0.009932	0.0213964	0.183527	0.00528836	0.205388	0.0160252	0.00954846	0.0105814	0.0101922	0.00856075	0.00910173	0.010741	0.427767	0.0130369	0.0279892	
0.0058989	0.00458607	0.591629	0.00641425	0.00594366	0.007653	0.0138449	0.0211267	0.0250626	0.0107643	0.0332402	0.00205987	0.0268598	0.0102198	0.0103262	0.0307713	0.143095	0.00852973	0.0269373	0.015038	
0.00155624	0.00777042	0.0336655	0.0191372	0.00356407	0.00649042	0.00502011	0.00919064	0.00237367	0.00593362	0.026911	0.0388152	0.767251	0.00471231	0.00602002	0.00656392	0.00472481	0.00515376	0.0442225	0.000923125	
0.022634	0.0019153	0.0569179	0.0157037	0.011188	0.0142364	0.00450536	0.00234131	0.00648974	0.63263	0.00353053	0.176964	0.00262688	0.00499598	0.00580125	0.00469443	0.0136439	0.00339326	0.0081524	0.00763544	
0.0334565	0.00107254	0.00428932	0.00287232	0.111695	0.547327	0.00621007	0.0697651	0.0198834	0.0161797	0.0448526	0.00550036	0.0133723	0.0256425	0.00234982	0.00201912	0.0139399	0.00440255	0.00862861	0.0665405	
0.00525929	0.00161719	0.00671423	0.00283452	0.114033	0.511451	0.0128845	0.0764265	0.0176659	0.0240152	0.0187796	0.0154127	0.0414757	0.0120518	0.00247637	0.00548124	0.0227708	0.0100262	0.00185196	0.0967719	
0.001951	0.00555247	0.102553	0.0654051	0.0100648	0.0253752	0.0232969	0.0215624	0.0428547	0.00144997	0.0386174	0.0248653	0.0133547	0.0206963	0.0448655	0.471773	0.0210373	0.0419871	0.0204	0.00233797	
0.647468	0.0525937	0.00746839	0.00309828	0.00728137	0.00709016	0.0293822	0.00704667	0.0178593	0.00884642	0.0153966	0.00952022	0.00525282	0.0123904	0.00716996	0.0966268	0.00550045	0.038988	0.0194721	0.00154826	
0.0786521	0.0467507	0.0110038	0.00972538	0.00626256	0.00409536	0.00916131	0.438023	0.0184719	0.0730997	0.022457	0.0271714	0.00404698	0.0065923	0.00913351	0.0590812	0.0124449	0.128624	0.0177033	0.0174998	
0.517769	0.00158482	0.0994512	0.0604136	0.0197853	0.00436884	0.0293595	0.0014851	0.0358137	0.056568	0.0357886	0.00411539	0.00857792	0.0222781	0.00425694	0.019957	0.0144934	0.00967534	0.0217228	0.0325357	
0.358169	0.0536345	0.00119399	0.0168085	0.0163206	0.00541789	0.0300714	0.0220103	0.0546575	0.0266295	0.0114308	0.0238185	0.000673295	0.0613592	0.00760365	0.0216858	0.210788	0.00464521	0.0284643	0.0446181	
0.0166679	0.019533	0.0028789	0.0203526	0.00398897	0.00606004	0.00501279	0.614163	0.00319305	0.0783396	0.0119974	0.00636287	0.00829468	0.00366892	0.00649559	0.00919684	0.0116479	0.123073	0.037851	0.0112216	
0.0214004	0.00519766	0.268356	0.14002	0.00643567	0.00934763	0.00781203	0.0164591	0.0428227	0.00148974	0.0279548	0.0480814	0.00169257	0.0430204	0.061538	0.116442	0.145058	0.0172784	0.00880184	0.0107914	
0.0809844	0.0158019	0.00150695	0.0293016	0.0941013	0.00923677	0.00284995	0.0532152	0.0644412	0.142937	0.099631	0.0669592	0.0050199	0.0198452	0.128515	0.0959152	0.0124428	0.0468587	0.00603354	0.0244033	
0.0101125	0.0164632	0.0115216	0.0061385	0.00169816	0.00790179	0.00581886	0.0992743	0.00882826	0.453513	0.0209293	0.00968148	0.0055462	0.00960669	0.00504897	0.00708271	0.0166098	0.0384943	0.0101019	0.255628	
0.00232334	0.0255778	0.0245719	0.0114288	0.0381937	0.00403382	0.00631549	0.00398445	0.74597	0.0141486	0.00345127	0.0149337	0.00326598	0.00518032	0.0332643	0.00788871	0.00487146	0.0022976	0.0473062	0.000992908	
0.128939	0.0262067	0.0494516	0.221668	0.0177774	0.0115151	0.00489623	0.0224824	0.268613	0.00258419	0.00911354	0.0353418	0.00744693	0.0244825	0.0118674	0.0304377	0.026218	0.0088661	0.06272	0.0293729	
0.0775303	0.00192881	0.00901539	0.0866981	0.0143078	0.00115682	0.0604609	0.00221688	0.136602	0.0323826	0.0153036	0.0261278	0.00114208	0.0741279	0.229357	0.0322167	0.0326257	0.0250635	0.0446987	0.0970371	
0.0129863	0.00740618	0.0029639	0.0089203	0.0132813	0.67907	0.0137567	0.030374	0.0110833	0.0118291	0.0369985	0.0526343	0.00697629	0.0161595	0.0453844	0.0157982	0.0185043	0.0126943	0.00140114	0.00177793	
0.16114	0.137189	0.0290488	0.00555141	0.0118012	0.0185111	0.203283	0.00427863	0.0968843	0.00204175	0.00879244	0.0602602	0.0122978	0.0362475	0.00648166	0.011992	0.0089699	0.164643	0.012963	0.00762295	
0.0129567	0.00156899	0.00891944	0.00768489	0.0705915	0.00781976	0.00485657	0.00252352	0.169113	0.00181844	0.00478453	0.00926049	0.0149119	0.0163281	0.044896	0.0200251	0.100015	0.061865	0.0151779	0.424883	
0.0315075	0.0151192	0.169618	0.109846	0.00467413	0.0218328	0.0402347	0.0131307	0.0313529	0.0240259	0.0124123	0.217971	0.00828853	0.0494457	0.0589954	0.149158	0.0182313	0.00871014	0.00549794	0.00994842	
0.0207685	0.0214533	0.00312104	0.0195913	0.00391805	0.005623	0.00548644	0.620662	0.00374021	0.0739644	0.0131432	0.00722226	0.00772353	0.00370311	0.00653371	0.0123587	0.0108107	0.111186	0.0365731	0.012418	
0.00114735	0.00118276	0.011331	0.0201343	0.0572424	0.00687119	0.00380042	0.00607009	0.166445	0.00944578	0.00753022	0.00521302	0.00473045	0.00523347	0.617547	0.0131921	0.0329294	0.023519	0.0045055	0.00193006	
0.0160193	0.0165592	0.00264621	0.0356235	0.125011	0.012332	0.00702438	0.0194622	0.00437117	0.569341	0.0860537	0.0260524	0.00580281	0.0118113	0.00728773	0.0112747	0.00120042	0.038515	0.00196463	0.00164706	
0.0415612	0.293542	0.00833493	0.0945237	0.129279	0.027697	0.000892872	0.0175413	0.0180894	0.0147481	0.0305297	0.0430724	0.000436349	0.00604619	0.00245106	0.0541927	0.0268676	0.175612	0.00786822	0.00671508	
0.0134866	0.017516	0.0116365	0.00658322	0.000663184	0.00792181	0.00531044	0.110515	0.00872022	0.413961	0.0159706	0.00880702	0.00475279	0.00868364	0.00384972	0.00720298	0.00869973	0.0287378	0.00963267	0.307349	
0.00356143	0.0111246	0.00313557	0.00860993	0.00448534	0.00992959	0.0213969	0.183666	0.00529184	0.205257	0.0159725	0.00953465	0.0105855	0.0101872	0.00855906	0.00910187	0.0107375	0.427823	0.01305	0.0279912	
0.653924	0.0083286	0.0100048	0.000819626	0.0240281	0.050476	0.0125924	0.00504761	0.0193637	0.00485221	0.0202193	0.0299456	0.00370005	0.0585654	0.00301075	0.0433754	0.0128984	0.0159147	0.00464225	0.0182915	
0.647474	0.0527071	0.00746533	0.00309998	0.00727222	0.00708991	0.029439	0.00705517	0.0178276	0.00883094	0.0153562	0.00943005	0.00526977	0.0124546	0.00707095	0.0966294	0.00549589	0.0390013	0.0194827	0.00154835	
0.00153163	0.00866201	0.0331962	0.0200813	0.00358419	0.00718082	0.00491196	0.0155622	0.00246742	0.0057964	0.0263467	0.0380524	0.757964	0.004656	0.00583903	0.00641594	0.00470529	0.00694993	0.045041	0.00105578	
0.00501175	0.00976798	0.010937	0.637374	0.0194	0.00820532	0.0551198	0.0320634	0.0120145	0.0121468	0.0177258	0.00433738	0.0192563	0.0191765	0.0293511	0.0253001	0.00470224	0.00604536	0.0695909	0.00247388	
0.00356143	0.0111246	0.00313557	0.00860993	0.00448534	0.00992959	0.0213969	0.183666	0.00529184	0.205257	0.0159725	0.00953465	0.0105855	0.0101872	0.00855906	0.00910187	0.0107375	0.427823	0.01305	0.0279912	
0.326072	0.00935292	0.0251674	0.32178	0.0519477	0.00452202	0.00843971	0.010371	0.0548572	0.00844344	0.0350008	0.037714	0.00947405	0.0282833	0.0107772	0.00739709	0.0178167	0.00423851	0.0208475	0.00749734	
0.322641	0.00232334	0.0051495	0.0286858	0.0290624	0.00421757	0.0180611	0.00775524	0.0928001	0.0786969	0.00984844	0.0929374	0.00298146	0.00992615	0.183364	0.00862264	0.0314607	0.0544187	0.00240947	0.0146384	
0.00473496	0.0170601	0.00689708	0.00381196	0.0788171	0.00558503	0.00828804	0.198921	0.0132017	0.195365	0.0824213	0.000468677	0.00990113	0.00703168	0.00535883	0.00670239	0.00885097	0.338224	0.0067322	0.00162659	
0.0531018	0.010208	0.00824934	0.152259	0.0217871	0.00104236	0.0697057	0.00214811	0.0602569	0.0357039	0.010617	0.0557691	0.0101155	0.270297	0.0491129	0.0447217	0.0767995	0.0546798	0.0113636	0.00206142	
0.133215	0.0220308	0.0474032	0.210398	0.0162087	0.0184377	0.0032314	0.0199009	0.258424	0.00179363	0.00726914	0.0298104	0.00629709	0.01446	0.012106	0.0462146	0.0329536	0.00781045	0.0750578	0.0369782	
0.517357	0.00157199	0.0987604	0.0612929	0.0197005	0.00437979	0.0292499	0.00141522	0.0362352	0.056773	0.0363673	0.0042371	0.00846505	0.0221823	0.00428994	0.019781	0.0146506	0.00968161	0.0214422	0.0321668	
0.0162296	0.0203443	0.0322404	0.0082988	0.0353049	0.00713327	0.596046	0.0339833	0.0398048	0.00984625	0.00686517	0.0552955	0.00637597	0.00668804	0.00218513	0.0108271	0.00323778	0.0325645	0.00359315	0.0731365	
0.00154924	0.00774502	0.0339216	0.0191536	0.00354924	0.00648949	0.00502745	0.00918637	0.00239174	0.00594485	0.0269123	0.0388062	0.766942	0.00471295	0.00602309	0.00656211	0.00471641	0.00513745	0.0442909	0.000938438	
0.00353763	0.0598281	0.500923	0.0521896	0.00589707	0.0049606	0.0110924	0.0178834	0.0120265	0.00671345	0.0513018	0.016938	0.0470733	0.0532125	0.00512006	0.0230172	0.0882717	0.0169417	0.0220966	0.000975139	
0.00372715	0.0135353	0.00126838	0.0199744	0.00481356	0.00206383	0.121128	0.0683137	0.0261989	0.00355972	0.00624405	0.00622924	0.00462178	0.00847136	0.0152497	0.0143593	0.0281466	0.632066	0.0119205	0.00810811	
0.0176905	0.0110703	0.461416	0.16012	0.00476468	0.00336134	0.0184388	0.028281	0.0239168	0.00334709	0.0128031	0.0411261	0.0655468	0.046468	0.0243068	0.0253985	0.0294259	0.00637787	0.0133814	0.00275933	
0.0171125	0.0196948	0.00276553	0.0204123	0.00389062	0.00607251	0.00503515	0.618363	0.0033055	0.0779217	0.0121719	0.00644334	0.00817187	0.0035965	0.00649238	0.00958979	0.0115274	0.118352	0.0376967	0.0113845	
0.00845262	0.00147715	0.00595238	0.00658451	0.0678139	0.00554194	0.00445928	0.00250806	0.129805	0.00215332	0.00518169	0.00674806	0.0112288	0.0162729	0.0340603	0.0149641	0.0826784	0.0599699	0.0287854	0.505362	
0.0170713	0.0930284	0.00528483	0.00436299	0.00820735	0.00205055	0.00940886	0.0893897	0.022491	0.15303	0.000791884	0.0107934	0.00645451	0.0126699	0.00809316	0.0111815	0.402254	0.11286	0.0225286	0.00804879	
0.644684	0.00599369	0.00955815	0.000968447	0.0307846	0.0525415	0.0129798	0.00695362	0.0227537	0.00653792	0.0204736	0.0295052	0.00393949	0.0579025	0.00521262	0.0346553	0.0113814	0.0127533	0.00820756	0.0222137	
0.358829	0.0271208	0.0271262	0.0230435	0.00176654	0.0224485	0.00513735	0.00307388	0.101699	0.0202343	0.0214772	0.0166981	0.00299775	0.0283676	0.00926312	0.241092	0.0195661	0.0104358	0.0332578	0.0263652	
0.0340535	0.0266826	0.00207107	0.00698935	0.00958263	0.00830027	0.00928792	0.301205	0.00478616	0.281024	0.025883	0.00104807	0.00225857	0.00449178	0.00358824	0.0122372	0.0153278	0.21927	0.00552257	0.0263901	
0.0115983	0.00345265	0.160839	0.474742	0.00733828	0.0130278	0.00389899	0.00505384	0.0434802	0.00412757	0.00755762	0.0183516	0.00640724	0.0304424	0.0516316	0.0997761	0.0370328	0.0110762	0.00514316	0.005022	
0.0174485	0.0668768	0.00348281	0.0397308	0.0339407	0.0734796	0.0304747	0.00222395	0.266808	0.013031	0.00352558	0.00371811	0.0022116	0.0518133	0.289004	0.0118905	0.0377391	0.00544729	0.0250421	0.0221112	
0.0146447	0.00317216	0.0953964	0.0118212	0.0126984	0.0101801	0.00900131	0.00298243	0.000405506	0.421157	0.00616002	0.355802	0.00248226	0.0103912	0.00756927	0.00563848	0.00636872	0.00470068	0.0136777	0.00574997	
0.017845	0.0169433	0.183834	0.395961	0.0364775	0.00205163	0.00498159	0.0280315	0.00936089	0.012951	0.0276115	0.00312479	0.0157528	0.00483927	0.0584083	0.0528505	0.0959042	0.00319763	0.0245391	0.00533449	
0.16114	0.137189	0.0290488	0.00555141	0.0118012	0.0185111	0.203283	0.00427863	0.0968843	0.00204175	0.00879244	0.0602602	0.0122978	0.0362475	0.00648166	0.011992	0.0089699	0.164643	0.012963	0.00762295	
0.0811977	0.00859218	0.00493571	0.00114485	0.0193467	0.469277	0.00537421	0.0597403	0.0539759	0.0247397	0.0715568	0.00600169	0.0046896	0.080937	0.00247598	0.00061505	0.0050319	0.00312114	0.00763805	0.0896086	
0.0358539	0.000925662	0.00204563	0.0420281	0.033572	0.0232239	0.00339401	0.00822258	0.0296953	0.00807833	0.0405492	0.00116946	0.00297826	0.0421503	0.0204558	0.00469125	0.021081	0.0444275	0.0719237	0.563534	
0.0141658	0.00527886	0.0185502	0.0193694	0.0118745	0.256478	0.0214448	0.525237	0.00898069	0.0049928	0.00277653	0.00825852	0.00749838	0.0151448	0.0012844	0.00168124	0.00403157	0.00820193	0.0128013	0.0519502	
0.00356143	0.0111246	0.00313557	0.00860993	0.00448534	0.00992959	0.0213969	0.183666	0.00529184	0.205257	0.0159725	0.00953465	0.0105855	0.0101872	0.00855906	0.00910187	0.0107375	0.427823	0.01305	0.0279912	
0.0242992	0.00216189	0.0584369	0.0155376	0.0110292	0.0105883	0.00452165	0.00248769	0.00646581	0.629943	0.00326474	0.178174	0.00273319	0.00514823	0.00661426	0.00468615	0.0146254	0.00352331	0.00806833	0.00769101	
0.81792	0.0116782	0.00584192	0.0121622	0.0131718	0.00485729	0.0200429	0.00658308	0.0104962	0.00623976	0.00395694	0.00553866	0.00540309	0.00908789	0.00171481	0.00416666	0.00823248	0.0042016	0.0304841	0.0182204	
0.00183966	0.0011307	0.0117345	0.02172	0.055416	0.00683384	0.00366178	0.00614722	0.159302	0.00966712	0.00779562	0.00597296	0.0047009	0.00502937	0.622848	0.0128658	0.0317343	0.0242951	0.00479171	0.00251339	
0.0406662	0.0239713	0.0215727	0.0127991	0.000968036	0.0485896	0.00284073	0.305008	0.00493174	0.238369	0.0796709	0.00197869	0.00984536	0.0401574	0.00554236	0.007315	0.0165376	0.0132675	0.0845353	0.0414332	
0.0568385	0.00040869	0.00185968	0.0232899	0.322258	0.272108	0.00236466	0.00677325	0.0301813	0.00190652	0.00548094	0.00301999	0.0653577	0.00734009	0.0154762	0.00124955	0.0586402	0.00540085	0.0173604	0.102686	
0.00989449	0.00581142	0.00357222	0.0079381	0.0193297	0.682425	0.0121433	0.033325	0.00967512	0.015476	0.0344805	0.0461046	0.00664817	0.0137578	0.0435923	0.0128518	0.0199234	0.0119732	0.00125792	0.00982045	
0.00722963	0.0209093	0.0312461	0.030828	0.0458945	0.0114846	0.0440037	0.00205035	0.0045128	0.0206957	0.0269261	0.000695204	0.00531559	0.0630731	0.00248277	0.0113013	0.602337	0.0264535	0.0168165	0.0257441	
