0.0131261	0.012488	0.00582618	0.748865	0.0147868	0.00548978	0.00731975	0.0250793	0.00684254	0.00985848	0.0580294	0.0118868	0.0114417	0.0185255	0.0062938	0.0053621	0.00894251	0.00520333	0.0111252	0.0135082	
0.00657331	0.00316787	0.0109403	0.00426714	0.0369734	0.00225906	0.0122748	0.00816052	0.0228375	0.00916109	0.0282633	0.00466868	0.00582226	0.0274776	0.790457	0.0056238	0.000949651	0.00239941	0.0100665	0.0076564	
0.00605478	0.00592731	0.116271	0.037868	0.00572462	0.0095367	0.040067	0.00334697	0.00467123	0.0025897	0.00183545	0.0204933	0.00521238	0.128541	0.00623641	0.0698897	0.524414	0.00613756	0.00277602	0.00240627	
0.0319907	0.0105263	0.00113545	0.043208	0.549569	0.0355758	0.00085756	0.0015917	0.029771	0.0623552	0.021385	0.00138206	0.019357	0.0146757	0.0040191	0.00739271	0.0241253	0.00272352	0.00844369	0.129915	
0.0216438	0.00197128	0.00319848	0.00385937	0.00442449	0.00291285	0.00257377	0.450576	0.0099779	0.175052	0.0116473	0.0125464	0.0226396	0.0347028	0.00184255	0.00657491	0.000987062	0.213416	0.00985751	0.00959512	
0.254521	0.0362869	0.0144184	0.015462	0.010661	0.0123238	0.0116037	0.00749775	0.0110471	0.00493619	0.467116	0.0201482	0.00529188	0.00740096	0.0115861	0.00587851	0.00502677	0.00516601	0.0800175	0.0136101	
0.00202543	0.032491	0.00143537	0.00649839	0.00258549	0.000974677	0.00625407	0.257247	0.0181868	0.0168454	0.00969332	0.00262728	0.013026	0.0410189	0.00113834	0.000711306	0.000644403	0.497057	0.00861081	0.0809291	
0.012631	0.0118839	0.0148408	0.00381138	0.0183412	0.00241319	0.00512631	0.00747212	0.00936975	0.0038194	0.0142117	0.00614851	0.766078	0.00342537	0.00198162	0.00609029	0.00257046	0.00593639	0.0977225	0.00612572	
0.00351449	0.00445455	0.577634	0.00274877	0.0977946	0.00204177	0.00266446	0.00593291	0.0195209	0.00576814	0.00990721	0.00248912	0.00881457	0.0128831	0.00836806	0.0112542	0.0206771	0.00337238	0.196761	0.00339845	
0.0372678	0.00654349	0.00309268	0.00139161	0.0094191	0.543819	0.0114952	0.0406521	0.0295384	0.108749	0.0422821	0.0185035	0.00426563	0.0326875	0.0039801	0.00186102	0.0168992	0.00474899	0.00604374	0.0767594	
0.00836937	0.00774896	0.0154495	0.0159314	0.0102803	0.0325335	0.0181991	0.0130182	0.022151	0.00957365	0.00452141	0.036882	0.0129587	0.0229142	0.0200708	0.0111014	0.0320071	0.638003	0.0549933	0.0132935	
0.122507	0.0611937	0.00464861	0.0056115	0.00970572	0.0786466	0.00860481	0.00766293	0.00123842	0.0038662	0.0268315	0.00431908	0.00481293	0.407167	0.00287155	0.20936	0.00636885	0.007988	0.0134694	0.0131255	
0.00594795	0.00323008	0.0107801	0.00387355	0.0375098	0.00224138	0.0121652	0.00790036	0.0229422	0.00926991	0.0283269	0.00442589	0.00580413	0.0259818	0.794217	0.0055975	0.000794798	0.00167362	0.0101877	0.00713026	
0.0276378	0.00122725	0.00378028	0.00940302	0.0261052	0.586921	0.0132378	0.0421402	0.0268468	0.019888	0.00546763	0.0147823	0.00436655	0.0186547	0.111436	0.00975514	0.0226631	0.00854991	0.0108392	0.0362979	
0.0239879	0.00492644	0.0340997	0.0343651	0.0183882	0.0154383	0.0652938	0.0418499	0.0417141	0.621343	0.0111275	0.00649037	0.00568943	0.0160419	0.00476624	0.00883895	0.00940233	0.0148253	0.00463921	0.0167727	
0.00202543	0.032491	0.00143537	0.00649839	0.00258549	0.000974677	0.00625407	0.257247	0.0181868	0.0168454	0.00969332	0.00262728	0.013026	0.0410189	0.00113834	0.000711306	0.000644403	0.497057	0.00861081	0.0809291	
0.013032	0.00622432	0.00237187	0.00485156	0.0231176	0.738198	0.0162707	0.0111364	0.0156044	0.0127624	0.0185298	0.0179432	0.0110607	0.0566117	0.00938194	0.0199639	0.00412671	0.00290095	0.000801717	0.0151098	
0.0117066	0.0154754	0.106517	0.331365	0.0148408	0.0017113	0.0124581	0.0137808	0.131518	0.0469837	0.0109959	0.0587427	0.0992558	0.0199823	0.0162197	0.0126009	0.0583721	0.0074459	0.0196252	0.0104031	
0.0151002	0.011344	0.0496463	0.0124096	0.0183226	0.0300222	0.0383953	0.46457	0.0052494	0.0424292	0.0282974	0.021123	0.0118224	0.00768283	0.0147461	0.0107903	0.00807879	0.163548	0.013939	0.032483	
0.0129446	0.0093935	0.0307606	0.0156039	0.0120715	0.0265586	0.0263936	0.491961	0.00451503	0.0631357	0.0361354	0.0138161	0.00794457	0.00890832	0.0128404	0.00690302	0.0125003	0.153664	0.0217236	0.0322263	
0.0642245	0.013313	0.0135078	0.0180821	0.00339343	0.0529512	0.033888	0.0117295	0.0996754	0.0145767	0.0625062	0.00174557	0.00346527	0.136182	0.0725236	0.347742	0.0314841	0.00175269	0.00222974	0.0150267	
0.00600353	0.00322195	0.0107795	0.00391423	0.0372424	0.0022391	0.0121752	0.00788764	0.0232484	0.00926006	0.028269	0.00443863	0.00580553	0.0259965	0.793879	0.00560453	0.000800976	0.00191071	0.0101913	0.00713128	
0.0135806	0.00772067	0.0527652	0.0355773	0.688168	0.00899913	0.00313202	0.0144825	0.0132651	0.0188449	0.0129437	0.0160246	0.0128639	0.0500129	0.00498443	0.000320872	0.00938637	0.0121564	0.00910861	0.0156631	
0.0179183	0.0100237	0.0083734	0.798227	0.0101876	0.00611425	0.00726041	0.00441621	0.00895427	0.00513366	0.024686	0.0120185	0.0150362	0.0230493	0.00772976	0.00353492	0.00991364	0.00591417	0.0109044	0.0106041	
0.0599912	0.00680117	0.0365602	0.174757	0.00743812	0.0036187	0.00731941	0.0121457	0.216146	0.0133469	0.00278835	0.0947241	0.00623284	0.199844	0.0521898	0.0118787	0.054101	0.0336539	0.000784326	0.00567848	
0.0131173	0.0110873	0.0270097	0.0103878	0.00282444	0.006108	0.0141827	0.00506642	0.492002	0.0177112	0.00623466	0.0172543	0.0128747	0.0114691	0.305752	0.00573254	0.0111413	0.0110259	0.00874838	0.0102695	
0.0297809	0.0107112	0.0012672	0.0421443	0.540559	0.0377581	0.000793052	0.00147539	0.0307312	0.0630735	0.0214346	0.00133235	0.0180286	0.015515	0.00406326	0.00730975	0.0265544	0.00246408	0.00940895	0.135595	
0.0613464	0.0187643	0.0129107	0.00879945	0.0066243	0.00359259	0.00548223	0.00574777	0.506961	0.0148554	0.0058199	0.0143713	0.00472286	0.0526688	0.0542773	0.0302394	0.101699	0.0720214	0.00278525	0.0163114	
0.0511574	0.014087	0.0417911	0.0245804	0.00442032	0.16201	0.00910705	0.0546551	0.0209921	0.439721	0.024379	0.00894488	0.00218745	0.0155029	0.00396602	0.011322	0.0189808	0.00427747	0.0040059	0.083912	
0.0531857	0.000547958	0.00334419	0.00407128	0.00368502	0.0028921	0.0184475	0.0671863	0.0319394	0.00756539	0.00642173	0.0293851	0.0021759	0.182059	0.0105871	0.0128014	0.0162911	0.505168	0.0391106	0.00313512	
0.26051	0.0167538	0.0050741	0.00314539	0.0238896	0.250426	0.0577671	0.0787495	0.0758989	0.0405187	0.0400664	0.0249711	0.00118679	0.0828069	0.00422341	0.000770139	0.00202886	0.00233971	0.00707641	0.0217972	
0.106871	0.0425489	0.00434962	0.00207363	0.00102221	0.0560089	0.00186301	0.15113	0.00556907	0.159257	0.385699	0.00864585	0.0101305	0.010427	0.00503546	0.00848266	0.00567564	0.00553002	0.00160761	0.0280729	
0.0176674	0.0163409	0.00723198	0.06868	0.0220733	0.00640476	0.0416077	0.0143758	0.4667	0.109308	0.0169713	0.0056315	0.0395788	0.0354686	0.0547198	0.0160049	0.0280002	0.0147658	0.00922687	0.00924235	
0.0117618	0.0193368	0.0212749	0.0226759	0.124553	0.0139062	0.00864736	0.0330609	0.00800694	0.224802	0.279514	0.0160139	0.00839601	0.0424638	0.00613604	0.0276412	0.0597843	0.0621368	0.0061436	0.00374534	
0.0145615	0.0205715	0.0236919	0.0243658	0.0971251	0.0161954	0.00901996	0.0341392	0.0106697	0.233332	0.293435	0.0148433	0.00933061	0.0206609	0.00523154	0.0226754	0.0542181	0.0820985	0.00674837	0.00708577	
0.0528169	0.000568075	0.00338711	0.00406763	0.00373626	0.0029949	0.0185859	0.0666342	0.0320447	0.00757683	0.00643179	0.0295831	0.0021735	0.183047	0.0106405	0.0127663	0.0162518	0.503766	0.0398599	0.00306776	
0.193169	0.0180142	0.0359098	0.00610812	0.00944815	0.00806138	0.0144598	0.092746	0.0104332	0.0185737	0.00516338	0.0244398	0.321218	0.00454705	0.00786308	0.00381785	0.0149848	0.183293	0.00573901	0.0220107	
0.00456793	0.00631692	0.104475	0.0371162	0.00820051	0.0475328	0.0131156	0.0110587	0.0245442	0.00122585	0.0129594	0.00663099	0.109701	0.00858785	0.00668589	0.342438	0.187383	0.048689	0.0124501	0.00632152	
0.0420424	0.011094	0.0449524	0.144997	0.00829667	0.00905789	0.0113308	0.0231262	0.0566052	0.0214866	0.0622733	0.0192365	0.0642742	0.0787366	0.246636	0.022035	0.0432751	0.0666147	0.00803993	0.01589	
0.086959	0.0075487	0.148902	0.241699	0.010066	0.0216232	0.0190819	0.00883199	0.16742	0.0124763	0.0104058	0.0181463	0.00230942	0.0861803	0.0163722	0.0643623	0.0120733	0.0139936	0.0467033	0.00484604	
0.014115	0.00210485	0.0300715	0.0322506	0.0197459	0.00991882	0.0958341	0.0370846	0.0520189	0.617412	0.0116686	0.00325747	0.00608632	0.0201328	0.00497066	0.0060204	0.00554511	0.0179724	0.00518217	0.00860766	
0.157545	0.0219897	0.00172696	0.00111703	0.0167929	0.00267089	0.00202218	0.00352574	0.0278792	0.584196	0.0300216	0.0898047	0.00232304	0.00610313	0.00434225	0.00712622	0.00022256	0.00997963	0.0292809	0.00133028	
0.0984796	0.00380481	0.013898	0.280789	0.0265204	0.0124661	0.00248719	0.00689467	0.151361	0.0110233	0.0119227	0.0117621	0.015113	0.0603912	0.104357	0.140483	0.00463045	0.0289669	0.00632096	0.00832845	
0.0599912	0.00680117	0.0365602	0.174757	0.00743812	0.0036187	0.00731941	0.0121457	0.216146	0.0133469	0.00278835	0.0947241	0.00623284	0.199844	0.0521898	0.0118787	0.054101	0.0336539	0.000784326	0.00567848	
0.0305443	0.00196524	0.0019541	0.0312947	0.000612929	0.102051	0.00312507	0.0934521	0.0268053	0.122639	0.0346872	0.000591106	0.0108175	0.0379098	0.00667636	0.00152986	0.0187525	0.109235	0.0125474	0.352809	
0.359768	0.02294	0.0115459	0.077913	0.00738411	0.167471	0.0426248	0.061058	0.0543695	0.00885038	0.0200375	0.0117076	0.00276816	0.0467604	0.013569	0.0458862	0.00260367	0.0222371	0.0129685	0.00753731	
0.0210259	0.0993762	0.290163	0.270631	0.0169301	0.00603076	0.00114318	0.0146071	0.00500462	0.0088449	0.039705	0.00128688	0.020213	0.00953594	0.00230742	0.0386689	0.019549	0.0571058	0.0689276	0.00894375	
0.0142412	0.00222132	0.030322	0.0323871	0.0196762	0.00995017	0.0958461	0.0369976	0.0519604	0.616735	0.0117008	0.00341861	0.00610446	0.0201538	0.005005	0.0060646	0.00556142	0.0178997	0.00517852	0.0085764	
0.0984796	0.00380481	0.013898	0.280789	0.0265204	0.0124661	0.00248719	0.00689467	0.151361	0.0110233	0.0119227	0.0117621	0.015113	0.0603912	0.104357	0.140483	0.00463045	0.0289669	0.00632096	0.00832845	
0.0518028	0.00240766	0.164653	0.300467	0.0134876	0.116614	0.00934132	0.00436444	0.0497997	0.00702135	0.00674851	0.0569543	0.00124649	0.0085326	0.0186619	0.0786496	0.04762	0.00457643	0.0355409	0.0215106	
0.0146995	0.0113978	0.0264449	0.0107449	0.000924161	0.00638261	0.0143001	0.00504254	0.49168	0.0185627	0.00633727	0.0176108	0.0130262	0.0114649	0.302659	0.00638405	0.0117816	0.011163	0.00864356	0.0107509	
0.0123507	0.013076	0.0172883	0.00396903	0.019825	0.00361523	0.00501849	0.00970849	0.0133657	0.00371258	0.0164746	0.00664153	0.756254	0.00333716	0.00194634	0.00687785	0.00262881	0.0056599	0.0919182	0.00633273	
0.0153109	0.00663252	0.0196241	0.0239741	0.373297	0.00526152	0.0106687	0.00490186	0.0188305	0.00853906	0.00940037	0.0115633	0.0185318	0.0157699	0.0100798	0.0123078	0.0109284	0.0105116	0.0114751	0.402392	
0.0533559	0.0106059	0.110069	0.144164	0.00354435	0.0968229	0.00220619	0.0162086	0.048961	0.00435656	0.016229	0.0523865	0.34337	0.00945302	0.00516602	0.0492507	0.00688217	0.00969586	0.00806102	0.00921115	
0.037537	0.00421213	0.04202	0.0485475	0.00153523	0.462082	0.00253331	0.0113706	0.0470867	0.0293917	0.00289209	0.0354239	0.0746191	0.0145865	0.0162846	0.103805	0.0190832	0.00470776	0.026701	0.015581	
0.131435	0.0271643	0.00789914	0.00766364	0.0155065	0.00743683	0.00200812	0.00427864	0.0271672	0.597134	0.0277023	0.0846324	0.00201911	0.00228417	0.00422633	0.0103978	0.0025499	0.0076888	0.026592	0.00421402	
0.0178796	0.0597548	0.0082765	0.00601235	0.0311213	0.00675778	0.0350225	0.136434	0.0107298	0.0508055	0.0162155	0.0193712	0.0027337	0.0179334	0.00684308	0.00957079	0.0103841	0.540578	0.0130271	0.000549294	
0.086959	0.0075487	0.148902	0.241699	0.010066	0.0216232	0.0190819	0.00883199	0.16742	0.0124763	0.0104058	0.0181463	0.00230942	0.0861803	0.0163722	0.0643623	0.0120733	0.0139936	0.0467033	0.00484604	
0.0153109	0.00663252	0.0196241	0.0239741	0.373297	0.00526152	0.0106687	0.00490186	0.0188305	0.00853906	0.00940037	0.0115633	0.0185318	0.0157699	0.0100798	0.0123078	0.0109284	0.0105116	0.0114751	0.402392	
0.00662608	0.0398036	0.0168553	0.0795821	0.01526	0.00266332	0.0171268	0.239708	0.0013714	0.0362589	0.441049	0.00715736	0.014045	0.0167581	0.00144458	0.0207992	0.00541004	0.00731579	0.00987181	0.0208944	
0.0502421	0.017951	0.00820867	0.00797459	0.00120696	0.0339657	0.00511612	0.0401394	0.00943284	0.0230233	0.035715	0.0238789	0.0014176	0.099708	0.0124038	0.193675	0.364279	0.0498592	0.00262585	0.0191768	
0.110037	0.00587101	0.0153369	0.0226061	0.0100356	0.00162677	0.0266342	0.000775056	0.0249978	0.0213977	0.0306033	0.000619653	0.0255679	0.223601	0.0027751	0.416472	0.00481976	0.0185541	0.0196488	0.0180203	
0.0130335	0.00621549	0.00236477	0.00485289	0.0229966	0.738247	0.0162756	0.0111198	0.0156007	0.0127654	0.0185061	0.0179342	0.0110526	0.056678	0.00938072	0.0200637	0.00412418	0.00290986	0.000808784	0.0150698	
0.0125872	0.0119428	0.0148377	0.00381056	0.0183616	0.00247412	0.00512608	0.00752628	0.00942947	0.00381602	0.0143587	0.00611287	0.765607	0.00341677	0.00198995	0.00612872	0.00256131	0.00587448	0.097981	0.00605755	
0.018236	0.0537329	0.00778505	0.00559659	0.0279608	0.00631959	0.0323856	0.132244	0.0129171	0.0478712	0.0144389	0.0219693	0.0026997	0.0251522	0.0103862	0.0110807	0.010263	0.543639	0.0142289	0.00109361	
0.0178796	0.0597548	0.0082765	0.00601235	0.0311213	0.00675778	0.0350225	0.136434	0.0107298	0.0508055	0.0162155	0.0193712	0.0027337	0.0179334	0.00684308	0.00957079	0.0103841	0.540578	0.0130271	0.000549294	
0.456847	0.0242124	0.00634635	0.0134189	0.0467278	0.00426894	0.00526045	0.0119806	0.0226975	0.0085989	0.0657515	0.0508269	0.0803331	0.0788533	0.0137648	0.00488637	0.00488906	0.0129975	0.0608554	0.0264836	
0.187549	0.0278395	0.0164154	0.0219342	0.00502827	0.0312347	0.0146677	0.0081487	0.00589618	0.00388913	0.532091	0.0183622	0.00636796	0.0133395	0.0074619	0.00359711	0.0060548	0.00485223	0.0682409	0.0170293	
0.0529235	0.000907395	0.00336763	0.00413355	0.00366145	0.00292592	0.0183261	0.0676067	0.0318373	0.00757591	0.00642049	0.02924	0.00217846	0.181183	0.0105177	0.0127089	0.0161987	0.505973	0.0391139	0.00320096	
0.0502916	0.00871181	0.0516253	0.0248207	0.028246	0.00359898	0.0173008	0.0189059	0.0241694	0.014744	0.00595428	0.0523413	0.261129	0.0264614	0.00332548	0.00441044	0.0120186	0.0215116	0.35502	0.0154135	
0.0179183	0.0100237	0.0083734	0.798227	0.0101876	0.00611425	0.00726041	0.00441621	0.00895427	0.00513366	0.024686	0.0120185	0.0150362	0.0230493	0.00772976	0.00353492	0.00991364	0.00591417	0.0109044	0.0106041	
0.0176674	0.0163409	0.00723198	0.06868	0.0220733	0.00640476	0.0416077	0.0143758	0.4667	0.109308	0.0169713	0.0056315	0.0395788	0.0354686	0.0547198	0.0160049	0.0280002	0.0147658	0.00922687	0.00924235	
0.00210056	0.00528934	0.282105	0.0358584	0.0220579	0.222019	0.00048866	0.00702971	0.00581706	0.00720714	0.0529043	0.281986	0.00364399	0.0272138	0.000846326	0.00827149	0.00672248	0.00127048	0.0238846	0.00328329	
0.0536206	0.000722591	0.00333257	0.00407246	0.00374441	0.00288766	0.0183954	0.0670464	0.0319439	0.00760596	0.00649776	0.0291254	0.00227682	0.181324	0.0109691	0.0126912	0.0161913	0.505209	0.0391386	0.00320441	
0.00390731	0.0581117	0.00488118	0.00851389	0.00287969	0.0031874	0.0157874	0.154394	0.0314264	0.0101408	0.011032	0.0342403	0.0186677	0.0460613	0.00641492	0.00747271	0.00560757	0.534581	0.0196412	0.0230515	
0.26435	0.0112958	0.00542247	0.0604323	0.00605463	0.00894959	0.0159692	0.0190235	0.287785	0.0324441	0.00734189	0.0129589	0.00682969	0.0129746	0.118135	0.0614835	0.0302108	0.00939979	0.0157696	0.0131693	
0.0502421	0.017951	0.00820867	0.00797459	0.00120696	0.0339657	0.00511612	0.0401394	0.00943284	0.0230233	0.035715	0.0238789	0.0014176	0.099708	0.0124038	0.193675	0.364279	0.0498592	0.00262585	0.0191768	
0.139466	0.0175181	0.00529024	0.0141874	0.0217982	0.337789	0.0361825	0.0166884	0.0385599	0.00727527	0.0118143	0.0341641	0.016464	0.0742123	0.00677454	0.123018	0.0182769	0.0399662	0.0303018	0.0102525	
0.00594795	0.00323008	0.0107801	0.00387355	0.0375098	0.00224138	0.0121652	0.00790036	0.0229422	0.00926991	0.0283269	0.00442589	0.00580413	0.0259818	0.794217	0.0055975	0.000794798	0.00167362	0.0101877	0.00713026	
0.0613464	0.0187643	0.0129107	0.00879945	0.0066243	0.00359259	0.00548223	0.00574777	0.506961	0.0148554	0.0058199	0.0143713	0.00472286	0.0526688	0.0542773	0.0302394	0.101699	0.0720214	0.00278525	0.0163114	
0.106871	0.0425489	0.00434962	0.00207363	0.00102221	0.0560089	0.00186301	0.15113	0.00556907	0.159257	0.385699	0.00864585	0.0101305	0.010427	0.00503546	0.00848266	0.00567564	0.00553002	0.00160761	0.0280729	
0.0206356	0.0109022	0.0225866	0.0245199	0.00104549	0.0054607	0.00594155	0.238679	0.0108198	0.295239	0.110741	0.0057093	0.00806276	0.0170104	0.00717864	0.0113871	0.00245917	0.103819	0.0237819	0.0740205	
0.013032	0.00622432	0.00237187	0.00485156	0.0231176	0.738198	0.0162707	0.0111364	0.0156044	0.0127624	0.0185298	0.0179432	0.0110607	0.0566117	0.00938194	0.0199639	0.00412671	0.00290095	0.000801717	0.0151098	
0.086959	0.0075487	0.148902	0.241699	0.010066	0.0216232	0.0190819	0.00883199	0.16742	0.0124763	0.0104058	0.0181463	0.00230942	0.0861803	0.0163722	0.0643623	0.0120733	0.0139936	0.0467033	0.00484604	
0.0106984	0.00532414	0.0560784	0.102716	0.0070455	0.0520208	0.0781009	0.00196855	0.0131158	0.00976761	0.00688754	0.00151475	0.000524596	0.0159232	0.00453649	0.00551362	0.569187	0.00550427	0.0370451	0.0165274	
0.00113955	0.109264	0.154454	0.00784186	0.0500474	0.00428084	0.00759094	0.00107942	0.0525812	0.00701044	0.0296579	0.449559	0.0194055	0.0146144	0.0610904	0.00172174	0.00340891	0.0111196	0.0106232	0.00350906	
0.0125443	0.0126505	0.0147226	0.0037935	0.0184114	0.00267424	0.00516549	0.00775651	0.0100021	0.00380776	0.0146501	0.00601436	0.764534	0.00339118	0.00199339	0.00623115	0.00256088	0.00583333	0.0973619	0.00590176	
0.0611923	0.00948755	0.0588255	0.0606547	0.0120742	0.0268435	0.0282831	0.0418703	0.0502126	0.541777	0.0082021	0.0126625	0.00836589	0.0114525	0.00977605	0.0236858	0.0105253	0.00873209	0.00757719	0.00780031	
0.129928	0.0390309	0.245891	0.106595	0.0807632	0.00376175	0.00515666	0.00202799	0.0414341	0.0164497	0.0279876	0.0714901	0.0133838	0.0667558	0.0020675	0.0624463	0.046527	0.00784434	0.0257232	0.00473594	
0.165614	0.00300247	0.00364235	0.00573288	0.00570583	0.0020955	0.047466	0.0200408	0.0530508	0.00798252	0.0290644	0.01997	0.00415718	0.167241	0.0459306	0.399422	0.0048863	0.00701023	0.00370955	0.00427535	
0.225943	0.0302308	0.0144642	0.145602	0.0257793	0.0068389	0.00255573	0.0271752	0.105231	0.102284	0.0528173	0.0728616	0.00546795	0.0523942	0.00370068	0.0336153	0.018626	0.00389046	0.0681288	0.00239407	
0.0127029	0.0119033	0.0148468	0.00382668	0.0182845	0.00236302	0.0051343	0.00747264	0.00910916	0.00384004	0.0141696	0.00613945	0.766098	0.00343852	0.00198435	0.00606262	0.0025861	0.0060284	0.0978885	0.00612108	
0.0134275	0.00696386	0.00254568	0.0043266	0.0231767	0.737501	0.0160886	0.0117067	0.0162	0.0133242	0.0195802	0.020207	0.0112035	0.0503228	0.00942115	0.0184365	0.00510065	0.00288292	0.000917212	0.0166671	
0.00605478	0.00592731	0.116271	0.037868	0.00572462	0.0095367	0.040067	0.00334697	0.00467123	0.0025897	0.00183545	0.0204933	0.00521238	0.128541	0.00623641	0.0698897	0.524414	0.00613756	0.00277602	0.00240627	
0.0101155	0.0107706	0.0139913	0.00504224	0.0110449	0.00488623	0.00224481	0.737928	0.0178835	0.0563867	0.00642827	0.0174192	0.0118742	0.0210675	0.0102771	0.0044619	0.00750291	0.028968	0.0149436	0.00676341	
0.0186916	0.0076564	0.00374422	0.00369954	0.0219891	0.742392	0.0151022	0.0149496	0.0187514	0.00998856	0.0192112	0.0156536	0.0119313	0.0380073	0.00929999	0.0154442	0.00716124	0.00352897	0.00154992	0.0212476	
0.00353845	0.00440634	0.578267	0.00277678	0.0983627	0.00204863	0.00265722	0.00502457	0.019594	0.00487003	0.00819442	0.00245103	0.0087194	0.0127983	0.00841351	0.0111862	0.0207579	0.00335122	0.19916	0.00342216	
0.0106917	0.0522289	0.0254899	0.00124518	0.324457	0.034854	0.0166255	0.00826765	0.0516034	0.166704	0.0178212	0.0291122	0.0102901	0.00836527	0.00496785	0.010182	0.0070287	0.0148268	0.0100065	0.195233	
0.142005	0.279086	0.0106823	0.00934872	0.0118411	0.18031	0.0114246	0.00423266	0.0319033	0.00681136	0.0371875	0.0113283	0.0102067	0.137803	0.00234356	0.0757499	0.00976581	0.00286155	0.0140152	0.011094	
0.0167629	0.0102371	0.0257114	0.0206867	0.0108775	0.0315225	0.0237327	0.441392	0.00369682	0.0817967	0.0387651	0.012151	0.00747318	0.00933563	0.0117451	0.00570208	0.0199911	0.164271	0.0334186	0.0307302	
0.00605478	0.00592731	0.116271	0.037868	0.00572462	0.0095367	0.040067	0.00334697	0.00467123	0.0025897	0.00183545	0.0204933	0.00521238	0.128541	0.00623641	0.0698897	0.524414	0.00613756	0.00277602	0.00240627	
0.0178796	0.0597548	0.0082765	0.00601235	0.0311213	0.00675778	0.0350225	0.136434	0.0107298	0.0508055	0.0162155	0.0193712	0.0027337	0.0179334	0.00684308	0.00957079	0.0103841	0.540578	0.0130271	0.000549294	
0.0283555	0.0115973	0.0316012	0.0645827	0.00630624	0.143585	0.0386114	0.00889199	0.00947099	0.0462792	0.0255019	0.0832	0.0226513	0.0126751	0.00864383	0.340198	0.0357852	0.0455825	0.0309705	0.00551058	
0.00594795	0.00323008	0.0107801	0.00387355	0.0375098	0.00224138	0.0121652	0.00790036	0.0229422	0.00926991	0.0283269	0.00442589	0.00580413	0.0259818	0.794217	0.0055975	0.000794798	0.00167362	0.0101877	0.00713026	
0.125199	0.0164265	0.000723882	0.0169576	0.0517264	0.0266569	0.00461192	0.00127564	0.00328066	0.169593	0.0402736	0.392147	0.0369784	0.0163076	0.00997877	0.00941235	0.000817326	0.025077	0.0479117	0.00464416	
0.023001	0.00194758	0.00304764	0.00421514	0.0041353	0.00271428	0.00233034	0.439058	0.00989754	0.175701	0.0116923	0.0125158	0.0238799	0.0371633	0.00171816	0.00658721	0.000603827	0.216397	0.00974709	0.0136478	
0.0110528	0.238125	0.00711172	0.00682686	0.0100653	0.00443962	0.107154	0.324158	0.0050702	0.00738713	0.00648119	0.0362898	0.0278534	0.0184957	0.00139579	0.00867123	0.00699253	0.15454	0.0139916	0.00389704	
0.0377925	0.0064407	0.00316889	0.0013285	0.00930482	0.534317	0.0108477	0.0419017	0.0295473	0.114644	0.0420836	0.0182985	0.00403576	0.0318887	0.00385393	0.00160811	0.0164275	0.0046887	0.00597745	0.0818443	
0.0035557	0.00425411	0.577728	0.00279501	0.098956	0.00205248	0.00266544	0.00494693	0.0196468	0.00474973	0.008084	0.00244243	0.00874508	0.0124989	0.0082422	0.0111936	0.0205833	0.00334259	0.200074	0.00344382	
0.0640674	0.0053504	0.0228242	0.0157907	0.00181018	0.0752033	0.035311	0.0355233	0.0574687	0.0118361	0.040202	0.0271457	0.00117484	0.0662032	0.0459085	0.470935	0.0124402	0.00387949	0.00387191	0.00305408	
0.0280038	0.0917951	0.00653825	0.130577	0.0139008	0.0183462	0.0346274	0.0249585	0.0341741	0.0496121	0.00352165	0.0304956	0.115379	0.00863099	0.0167932	0.0262036	0.0458272	0.294814	0.0102886	0.015512	
0.0837377	0.0477085	0.0706923	0.532785	0.0291162	0.0197147	0.00304589	0.0109916	0.0107301	0.0146371	0.00860697	0.0175488	0.0593334	0.010786	0.00963808	0.0202272	0.0122503	0.00496149	0.00981362	0.0236753	
0.029347	0.00926184	0.0257585	0.0593551	0.00729398	0.0638505	0.03834	0.0075893	0.00293597	0.0458862	0.0253747	0.105957	0.0232723	0.0112478	0.00714133	0.389363	0.0535298	0.0521916	0.0376737	0.00462992	
0.451373	0.00485935	0.00154223	0.00595448	0.0923288	0.066224	0.0300981	0.0230714	0.0200147	0.0266998	0.113948	0.0927656	0.0113271	0.0099482	0.0032298	0.00456305	0.0067894	0.00462526	0.00857282	0.0220645	
0.0599912	0.00680117	0.0365602	0.174757	0.00743812	0.0036187	0.00731941	0.0121457	0.216146	0.0133469	0.00278835	0.0947241	0.00623284	0.199844	0.0521898	0.0118787	0.054101	0.0336539	0.000784326	0.00567848	
0.013222	0.0110224	0.0273596	0.0105018	0.0030769	0.00607356	0.0142236	0.0051971	0.491582	0.0175599	0.00617523	0.0173232	0.0128955	0.0116253	0.305219	0.00578136	0.0110644	0.0110868	0.0087961	0.0102148	
0.00983811	0.0108482	0.0138986	0.00502605	0.011107	0.00500954	0.00225637	0.737536	0.0174984	0.0565279	0.00660058	0.0174344	0.0115889	0.0210802	0.0103523	0.00452333	0.00757509	0.0296458	0.0149796	0.0066737	
0.237181	0.00124509	0.0145621	0.0191383	0.00832188	0.150586	0.010766	0.0600379	0.0565081	0.00854836	0.0826706	0.0838468	0.00183109	0.0452018	0.00321496	0.197606	0.00586628	0.000701507	0.00445462	0.00771182	
0.0555675	0.00834644	0.0561148	0.0517648	0.0129669	0.0245286	0.0326242	0.0481799	0.0452177	0.56506	0.00885455	0.0121512	0.00703815	0.011262	0.00781547	0.0194587	0.0107173	0.00902638	0.00706433	0.00624136	
0.00384669	0.00353123	0.548634	0.00370821	0.109873	0.00220346	0.00300318	0.00528632	0.021332	0.00403497	0.00703706	0.00258676	0.0098222	0.0104417	0.00842069	0.0115327	0.021315	0.00347992	0.215709	0.00420135	
0.0151516	0.00757624	0.0577138	0.0349926	0.671499	0.0084099	0.00302014	0.0134116	0.0129688	0.0172857	0.0176671	0.0163753	0.0156659	0.0497687	0.00562876	0.000502571	0.0120301	0.0127026	0.0142186	0.0134108	
0.0443484	0.0161259	0.167759	0.303512	0.0213932	0.0193964	0.00650964	0.00907728	0.0447372	0.00631347	0.0114452	0.0170872	0.235019	0.0176129	0.012306	0.0371419	0.0130791	0.000995202	0.0108725	0.00526877	
0.0247178	0.0207143	0.0966569	0.346519	0.014631	0.0818229	0.0195161	0.0321901	0.0513645	0.0314306	0.0777188	0.0162809	0.00180776	0.0628439	0.00308056	0.0982843	0.0128999	0.00452484	0.0013175	0.00167836	
0.0190524	0.0969394	0.013971	0.0163026	0.0181457	0.013683	0.0249228	0.16189	0.00725479	0.432637	0.0012654	0.00389669	0.00874898	0.00254978	0.0126136	0.00210581	0.0274239	0.0969869	0.00928946	0.0303211	
0.0973154	0.0901166	0.0185585	0.00146732	0.00967689	0.00519751	0.0102371	0.124404	0.0124806	0.124933	0.0092177	0.0755064	0.0250576	0.118252	0.00311699	0.02909	0.0269719	0.201077	0.00876974	0.00855417	
