0.000274076	0.0100589	0.0135095	0.540858	0.0228469	0.00013116	0.0174644	0.0226742	0.000233905	0.124043	0.0249121	0.000563888	0.00796239	0.000241164	0.0211466	0.0304406	0.142935	0.000185861	0.0191657	0.000352904	
0.0706687	0.000407028	0.0800712	0.00650054	0.0638701	0.000218937	0.00069319	0.0143307	0.157029	0.000232449	0.00705468	0.0738173	0.000380728	0.0706938	0.37728	0.000700574	0.00437825	0.0565069	0.000267651	0.014898	
0.000294303	0.000849128	0.0346983	0.111425	0.00174685	0.00424759	0.0222614	0.000259997	0.000219524	0.000752824	0.000672592	0.000521662	7.70145e-05	0.032368	0.000205113	0.11429	0.624799	0.0484968	0.00099659	0.000818516	
0.0587226	0.000616908	0.000169614	0.0260095	0.621973	0.105517	0.000381914	0.00491248	0.0361604	0.0406215	0.00197546	0.000213216	0.000623129	0.00534967	0.000288314	0.00015097	0.00742826	9.98942e-05	0.000287713	0.0884989	
0.00336047	0.00759313	0.000180143	6.9149e-05	0.00423223	0.00128709	0.00127233	0.562436	0.00045503	0.151197	0.0298736	0.000577715	5.71613e-05	0.000683858	5.87065e-05	0.000187159	0.000117123	0.227966	0.000554106	0.00784234	
0.612357	0.0130995	0.000155143	0.000370445	0.00293432	0.000188998	0.0168588	0.0228329	0.0359079	0.127384	0.0106436	0.0122238	6.88529e-05	0.0320138	0.00467769	0.000153041	0.000183333	0.0259959	0.0549803	0.0269706	
0.00263065	0.0225359	0.00176092	0.00309117	0.000202966	0.00104058	0.00381045	0.444818	0.00156467	0.0191674	0.000521303	0.000453019	0.00309712	0.0408283	0.000476632	0.000547415	0.000405144	0.39492	0.0193886	0.0387395	
0.00645752	0.00521092	0.0400896	0.00957817	0.0299934	0.00416277	0.000270952	0.00483496	0.0159626	0.00015874	0.0300838	0.00446667	0.804385	0.000378845	8.68153e-05	0.00288159	0.00557722	0.0116643	0.0126979	0.0110585	
0.000952933	0.00608499	0.669455	5.00532e-05	0.0408704	6.72526e-05	0.000157013	0.00849141	0.0432383	0.00966594	0.021164	0.00211547	0.0164223	0.0184823	0.0856717	0.00693801	0.0205026	0.000152338	0.0494608	5.70164e-05	
0.028042	7.89555e-05	9.82065e-05	0.000222276	0.154989	0.558107	0.0126851	0.0202237	0.0293225	0.0780746	0.0310374	0.0131336	0.000119617	0.0161291	3.13003e-05	0.00134727	0.000378209	0.000200327	0.000130244	0.0556492	
0.00048002	0.0119711	0.000323459	0.000443621	0.000423771	0.00017114	0.0228699	0.000408146	0.032405	0.000192958	0.0113125	0.0538735	0.0188473	0.0337182	0.0810936	0.0318528	0.123709	0.51581	0.0407426	0.0193505	
0.0285457	0.000108639	0.0317124	0.0207133	4.08106e-05	0.0126729	0.0224426	6.15829e-05	0.00443708	0.0104832	0.000879053	0.0148932	4.7113e-05	0.727557	0.0167522	0.0887587	0.0002874	0.0163192	0.00309374	0.000194106	
0.0365962	0.00181625	0.114878	0.0284872	0.0473085	8.32836e-05	0.00018777	0.00279616	0.00106228	0.000113469	0.00346912	0.05804	6.46412e-05	0.000400289	0.637164	0.000260365	0.00180048	0.0496087	0.000990446	0.0148737	
0.0252645	0.0161287	0.000201497	0.0147274	0.00641119	0.58442	0.00168815	0.0217889	0.00949145	0.00154895	0.041185	0.0354216	8.13515e-05	0.141199	0.0919022	0.00183941	0.000301121	0.000212163	0.000433435	0.00575367	
0.0498591	0.0073548	0.0166748	0.0782404	0.00576067	0.0600087	0.0108218	0.0337629	0.0334381	0.667049	0.0130015	0.00369577	0.000121017	0.000658277	0.000141058	0.000900729	0.00381475	0.00216915	0.00133091	0.0111965	
0.0161126	0.0140512	0.000372281	0.000250842	0.000408291	0.000154559	0.0232704	0.179013	0.000908208	0.000219028	0.0107249	0.00276158	0.00590946	0.0365209	0.000773889	0.00198533	0.00953545	0.623163	0.0356851	0.0381809	
0.024223	0.000139983	0.000379421	0.000447176	0.00446514	0.693204	0.0273452	0.000979697	0.0489005	0.0053374	0.0270639	0.00187082	0.0408055	0.0405874	6.44019e-05	0.0633786	0.000923886	0.0043052	0.000574213	0.0150048	
0.0163324	0.000108272	0.128151	0.494306	6.09026e-05	0.00551406	0.000101108	6.4308e-05	0.0820119	0.00399479	0.000492133	0.0395098	0.120349	0.0145807	0.0125537	0.0359358	0.0267963	0.0137078	0.000288445	0.00514237	
0.00341454	0.0133099	0.00165784	0.0143415	0.000158685	0.00196155	0.0230719	0.73642	0.000731956	0.000150996	0.0150458	0.000214932	0.00943236	0.0347454	0.000591254	0.000272119	0.00300103	0.083006	0.0193136	0.0391589	
0.00458345	0.00416532	0.000149327	7.33265e-05	0.00569052	0.00173764	0.00129895	0.561111	0.000630292	0.125973	0.0244513	0.000394444	7.13993e-05	0.000805981	6.41037e-05	6.81113e-05	7.88727e-05	0.264735	0.000930358	0.00298689	
0.102382	0.00467868	0.000654698	0.0219969	0.000289763	0.03579	0.0121526	0.00138714	0.355091	0.000394572	0.0241655	0.00150399	8.31031e-05	0.146491	0.0172518	0.221309	0.0533362	0.000512491	0.000291567	0.000238354	
0.0373398	0.00160435	0.115653	0.029308	0.0453462	7.31744e-05	0.000171986	0.00267386	0.00118357	0.000111377	0.00284529	0.0578949	5.56372e-05	0.000369987	0.639132	0.000256134	0.00138913	0.0491229	0.000977835	0.0144909	
0.0672405	0.000121058	0.00773954	0.0464931	0.650414	0.124739	0.000313369	0.0135216	0.00673626	0.0420774	0.000661435	0.00145023	0.000163592	0.00284668	8.17091e-05	0.000218043	0.000870094	9.70732e-05	0.00156972	0.0326459	
0.00194166	0.00931411	5.49819e-05	0.759717	0.118374	0.000199224	0.00013288	0.0191959	0.00511958	0.00173729	0.00101962	0.000145272	0.000380836	0.0175929	0.000114551	0.0164196	0.000519439	0.000205668	0.0130079	0.0348076	
0.0483393	0.000131788	0.0307649	0.251572	0.00417208	0.000796655	0.00254711	0.00360924	0.280706	0.00955741	0.00861336	0.0460554	0.00136746	0.0763338	0.127925	0.0158263	0.0509591	0.039131	0.000135624	0.00145657	
0.0345645	0.000127719	0.0915083	0.00018542	0.00386865	8.65874e-05	0.00358505	0.000553614	0.492272	0.00103419	0.00368511	0.00157313	5.66945e-05	0.000225706	0.327271	0.000103183	0.000131169	0.00937669	6.91324e-05	0.0297217	
0.0816619	0.0150468	0.00752663	0.0331483	0.522422	0.0342775	0.000205328	0.00815712	0.00947443	0.0985405	0.01809	0.00341998	3.6171e-05	0.00031366	3.83797e-05	0.000472091	0.00268128	9.26539e-05	0.000588038	0.163807	
0.0105164	0.00566083	0.000385922	0.000938297	0.00931349	8.28574e-05	0.0112639	0.0128549	0.470426	4.717e-05	0.000990809	0.000162241	2.79421e-05	0.130296	0.0877784	0.00732835	0.128022	0.106059	3.47293e-05	0.0178108	
0.0438587	0.0102456	0.0142038	0.0949836	0.000924506	0.0932941	0.00827337	0.0431624	0.00172404	0.605743	0.0545297	0.00238322	8.30462e-05	0.000540974	9.15342e-05	0.000430043	0.00116996	0.000730466	0.000192081	0.0234365	
0.0427978	0.0144802	0.000212276	0.00037886	0.000490825	0.000146218	0.0309151	0.0544569	0.0393222	0.000162221	0.00158352	0.0032391	0.000766688	0.0430182	0.0145074	0.00114057	0.0746889	0.605895	0.0303158	0.0414822	
0.440537	0.000129344	0.000234891	0.000695539	0.0249918	0.317471	0.0131671	0.0141251	0.0450477	0.00120367	0.0472921	0.0121897	0.00019467	0.0406081	0.00917767	0.0125216	0.000366555	0.000313838	0.000200082	0.019533	
0.0430819	0.0166091	0.0156743	0.0170692	0.000218841	0.112183	0.00135821	0.0841956	0.000427215	0.394422	0.278621	0.000195061	0.000251249	0.00177056	0.000175258	0.000218088	0.000135881	0.0028346	0.000862285	0.0296969	
0.056188	0.0129128	0.0048737	0.00317744	0.0928187	0.0672499	0.0214948	0.00166398	0.53484	0.0424074	0.000292718	0.000104543	0.0419541	0.000203583	0.000106794	0.0266358	0.000277857	0.0094043	0.0185843	0.0648093	
0.00849846	0.00314289	0.0158882	9.78051e-05	0.259696	0.00388558	6.21327e-05	0.0219575	0.000219555	0.345629	0.207013	0.0166152	7.22377e-05	0.0631228	4.09687e-05	0.0169745	0.012226	0.0186184	0.00261235	0.00362708	
0.00920006	0.00234899	0.000557826	0.000631139	0.0457086	0.000591812	0.00462897	0.0558427	0.022389	0.177378	0.325667	0.000743071	5.63668e-05	0.00363867	5.4328e-05	0.000373885	0.0750308	0.193168	0.00182136	0.0801695	
0.0448602	0.0007728	0.00109955	0.000572393	0.00115871	0.000506673	0.0441285	0.0873157	0.0626247	0.0157612	0.000545841	0.0353329	0.00755917	0.206928	0.0321521	0.144845	0.151506	0.150962	0.0106914	0.000676721	
0.295536	0.0129289	0.000315288	0.00827774	0.000257978	0.000132256	0.00921013	0.082196	0.00595146	0.015059	0.000367205	0.00401831	0.269974	0.00974794	0.00143689	0.00972997	0.0228157	0.208994	0.00820985	0.0348421	
0.0113444	0.000565115	0.0175698	0.0375019	0.000502454	0.094488	0.0084174	0.00220242	0.00316091	0.000453765	0.0137223	0.0135302	0.0702378	0.00326859	0.0004733	0.49604	0.204078	0.0211064	0.000856093	0.000481221	
0.049827	0.000127351	0.0328004	0.259899	0.00494314	0.000553379	0.00218104	0.002442	0.280118	0.0109355	0.00997087	0.041555	0.0016037	0.0682062	0.123705	0.0161201	0.0495245	0.0437474	0.000102652	0.00163798	
0.139954	0.000125918	0.252331	0.273462	0.00017397	0.0947778	0.000777545	0.000406302	0.0531349	0.000115847	0.0216732	0.0182869	1.91396e-05	0.00248241	0.0159335	0.111984	0.0131934	0.000100941	4.02729e-05	0.00102658	
0.0977629	0.00416233	0.00171534	0.00858999	0.0232196	0.00803409	0.14899	0.0249586	0.0168838	0.541342	0.0194652	0.00308244	0.000262422	0.0239742	0.00022909	0.000473115	0.0187145	0.0558339	0.00140344	0.000903585	
0.612324	0.0122047	0.000140094	0.000419625	0.00281352	0.000182958	0.0177245	0.0205123	0.0363176	0.129105	0.0096426	0.0128732	7.33244e-05	0.0323789	0.00621601	0.000146185	0.000175681	0.0267271	0.0519649	0.0280583	
0.0469929	0.00283373	0.0788541	0.506328	2.84342e-05	0.0377309	0.0100874	0.00290262	0.133553	0.00567587	0.00601214	0.0241931	2.77596e-05	0.0481599	0.0322874	0.0404197	0.0169291	0.00674292	0.000150726	9.04292e-05	
0.0495574	0.000110106	0.0127754	0.340223	8.64779e-05	0.00301221	0.00342489	0.014802	0.29839	0.00131195	0.000379514	0.0394587	2.73907e-05	0.119183	0.0299761	0.0160973	0.0492288	0.0172172	0.00462132	0.000117347	
0.0464071	9.96623e-05	8.99808e-05	0.018404	0.000118568	0.0300858	0.00363748	0.148364	0.040587	0.046857	0.0624504	0.00013966	0.00626313	0.0165443	0.0211648	0.000194357	0.012107	0.127399	0.022448	0.396639	
0.382376	0.00640024	0.0114747	0.0310627	0.000161278	0.150101	0.103176	0.0602153	0.0401318	0.00640381	0.000505078	0.00279533	0.000104934	0.0953241	0.00871155	0.0835176	0.00338014	0.00497942	0.000200437	0.00897899	
0.0898099	2.74507e-05	0.27719	0.125542	0.000717838	0.000320872	0.0640073	0.032937	0.00820926	0.000592607	0.00109249	0.000171339	0.00316034	0.101443	2.39509e-05	0.135711	7.02715e-05	0.137913	0.012886	0.00817511	
0.0411668	0.0134223	0.0157853	0.0434972	0.000617392	0.0706587	0.252915	0.00037341	0.0611543	0.374019	0.00233201	0.000605175	0.000106112	0.00032289	0.000119633	0.0124897	0.10414	0.000262488	0.00555727	0.000456244	
0.179693	0.000573268	0.00027167	0.0466428	0.000354596	0.00903438	0.00809949	0.027655	0.204698	0.000300091	0.00127924	0.00815499	7.17073e-05	0.0675519	0.0583168	0.299014	0.000218393	0.0841484	0.00323285	0.00068952	
0.124121	0.000422394	0.241442	0.291948	0.000177402	0.101685	0.000693124	0.000244866	0.0598542	0.000342567	0.0252057	0.0187558	3.09439e-05	0.00499855	0.0164776	0.0992429	0.0128219	0.000547038	4.81971e-05	0.000941179	
0.0370661	0.000681591	0.0875683	0.000172975	0.00161689	0.000108331	0.00483158	0.000486263	0.495846	0.00363023	0.0041374	0.00133019	0.000110685	0.00023034	0.323242	0.000117933	0.00013143	0.00746127	7.53462e-05	0.0311554	
0.010707	0.0010876	0.00539284	0.00957352	0.00106699	0.189773	0.000159906	0.0305849	0.0596748	0.000120439	0.0357708	0.0242752	0.586252	0.000694632	6.90048e-05	0.0337346	0.000131403	0.00445073	0.00574558	0.000734916	
0.0496519	0.00207006	4.46339e-05	0.201531	0.420098	0.0142871	9.24159e-05	0.000938118	0.0302797	0.00140822	0.0230506	7.91363e-05	0.0272697	0.025684	0.0427034	0.000143683	0.0176207	0.000644879	0.0137469	0.128656	
0.0540853	6.78106e-05	0.0702158	0.0337822	0.000227832	0.300598	0.00370984	0.000649208	0.108195	0.000159333	0.00949762	0.151803	0.0624684	0.00495392	0.0239562	0.155697	0.0194309	0.000181428	0.00015707	0.000163534	
0.0540853	6.78106e-05	0.0702158	0.0337822	0.000227832	0.300598	0.00370984	0.000649208	0.108195	0.000159333	0.00949762	0.151803	0.0624684	0.00495392	0.0239562	0.155697	0.0194309	0.000181428	0.00015707	0.000163534	
0.0463801	0.0141183	0.0229234	0.0863306	0.000769537	0.0771246	0.0615671	0.0173792	0.0175616	0.588609	0.0158435	0.0167507	0.000174219	0.000720367	0.000153117	0.000375805	0.0154418	0.000426827	0.000150975	0.0171989	
0.00278863	0.0147615	0.000524252	0.00025356	0.000179157	0.000187031	0.00384544	0.265629	0.00130393	0.089272	0.0264103	0.00301177	0.000624797	0.00530536	0.000230724	0.00110185	0.0323365	0.527406	0.00217661	0.0226507	
0.138566	0.000113099	0.252682	0.271355	0.000180032	0.0964554	0.000764581	0.000335101	0.0541836	0.000118644	0.021934	0.0187221	1.92312e-05	0.00251944	0.0160661	0.111354	0.0134028	8.87798e-05	4.41064e-05	0.00109602	
0.0687502	9.43933e-05	0.000109446	0.0233697	0.247848	0.0902536	0.0168782	0.000902659	0.0854811	0.0080413	0.0217807	0.000176732	0.00291016	0.00400556	0.00569251	0.00031696	0.0274126	0.000753483	0.0088302	0.386393	
0.0372661	0.00108942	0.00823137	0.00494113	0.0256631	0.00141527	0.00101623	0.34215	0.000667419	0.0435153	0.505195	0.00036941	0.000227306	0.00742468	0.000204803	0.000254407	0.00746659	0.0099834	0.00115426	0.00176559	
0.0609978	0.0279056	0.000476299	0.0194494	3.98524e-05	0.0476218	3.93794e-05	0.0394461	0.000117319	0.0209122	0.0108828	0.0409919	2.88255e-05	0.124328	0.00559772	0.194673	0.354875	0.0508591	0.000296031	0.000461194	
0.0245852	0.00025943	0.00506083	0.054893	0.000239479	0.0121031	0.0298598	0.0353874	0.0357816	0.0112089	0.0329425	0.0277688	0.000119978	0.0481276	0.01261	0.658728	0.00447365	0.00482231	0.000744254	0.000284472	
0.0225695	0.000156099	0.000298589	0.000385158	0.00129559	0.706186	0.0247186	0.000980761	0.0450013	0.000830076	0.0238248	0.0046266	0.0499111	0.0404434	8.60802e-05	0.0563743	0.00104911	0.0057219	0.00055292	0.0149881	
0.00688712	0.00597099	0.0368033	0.00782551	0.0296433	0.00597786	0.000237732	0.00588846	0.0194643	0.000151553	0.0279016	0.00768839	0.805012	0.000258682	6.9989e-05	0.00379111	0.00510651	0.0069696	0.013071	0.0112814	
0.00134352	0.0173864	0.000373821	0.000478192	0.0026653	0.000249587	0.0132526	0.128308	0.00460097	0.00512235	0.00127599	0.00576084	0.00456631	0.0301232	0.00171509	0.00293573	0.0294414	0.7095	0.0113408	0.0295601	
0.016121	0.167018	0.000430592	0.000572453	0.0943519	0.000271606	0.00894079	0.0448709	0.00642155	0.0369417	0.0176545	0.00965214	0.000610081	0.0186792	0.000685004	0.00093606	0.00106043	0.568862	0.00255517	0.00336509	
0.599164	0.0172825	0.000431474	0.000862188	0.0226971	0.000315928	0.00325579	0.0287819	0.0537421	0.000852061	0.0391543	0.0358447	0.152362	0.00223677	0.000512168	0.00498095	0.000355867	0.00458507	0.0141559	0.0184278	
0.0183589	0.0189409	0.0239948	0.0133535	0.0019895	0.0158623	0.0183663	0.0190414	0.000351324	0.00375038	0.771293	0.00443273	0.00203063	0.0149739	0.00014071	0.00323032	0.00696589	0.0127184	0.0142206	0.0359841	
0.0278815	0.0131077	0.000243664	0.000208945	0.000206791	0.000102671	0.024727	0.118073	0.00283648	0.000152146	0.00484021	0.00228848	0.000705944	0.0357752	0.00161962	0.000812812	0.0171567	0.672451	0.0382268	0.0385828	
0.0720224	0.000185174	0.007365	0.0161567	0.023581	0.00391781	0.00326683	0.0280691	0.0454302	0.0493235	0.00179845	0.0333362	0.00105706	0.00443433	9.75435e-05	0.000311695	0.0173426	0.01962	0.661239	0.011445	
0.00169947	0.00903462	5.54318e-05	0.748149	0.114383	0.000198585	0.000219574	0.0186149	0.00453961	0.00179477	0.00301097	0.00450134	0.000324045	0.0176429	0.000471264	0.0176115	0.0102532	0.000204689	0.0129369	0.0343538	
0.0935174	0.000133007	0.320251	0.145361	0.00173974	0.000553193	0.0160349	0.000316093	0.111573	0.0993493	0.000756904	0.0925364	0.0113984	0.0536821	0.0109356	0.00065877	0.0330554	0.00466575	6.61573e-05	0.00341568	
0.01157	0.000590532	0.262317	0.057114	0.0361694	0.263171	0.000199683	0.00133814	0.000305574	0.0150866	0.0436385	0.244906	0.00170281	0.0430899	0.000212773	0.0126524	0.000710215	0.000238344	0.00484315	0.000143959	
0.128451	0.0182624	0.000799248	0.000316692	0.000916532	0.000228871	0.0316114	0.0738916	0.00685542	0.000179709	0.0801481	0.0189944	0.000905027	0.0461216	0.00528179	0.00249753	0.00164316	0.506476	0.0436131	0.0328072	
0.00602181	0.0147632	0.000207924	0.00026541	0.00089301	0.000139869	0.0165943	0.160944	0.00170512	0.00165019	0.00377291	0.000935955	0.00416932	0.0295736	0.00071902	0.000784103	0.0115903	0.68308	0.0257931	0.0363969	
0.280951	0.01559	0.00550332	0.0293307	0.000437732	0.00459554	0.00728251	0.000845572	0.22563	0.1033	0.00887056	0.0244047	0.000246106	0.0115568	0.174912	0.0585384	0.046878	0.00023527	0.000489378	0.000401865	
0.0609978	0.0279056	0.000476299	0.0194494	3.98524e-05	0.0476218	3.93794e-05	0.0394461	0.000117319	0.0209122	0.0108828	0.0409919	2.88255e-05	0.124328	0.00559772	0.194673	0.354875	0.0508591	0.000296031	0.000461194	
0.235298	0.000297798	0.000237035	0.000515751	0.000305125	0.423046	0.0363646	0.0139753	0.0162475	0.000400853	0.0029697	0.0111964	0.000133997	0.0545962	0.000168228	0.0891166	0.0166708	0.0635902	0.0334316	0.00143778	
0.0377205	0.00147735	0.118858	0.0288009	0.0455978	7.36198e-05	0.000158129	0.00305663	0.00748735	0.000103681	0.0031781	0.0566013	5.76323e-05	0.000637883	0.633389	0.000228474	0.00179363	0.0462864	0.000982536	0.0135108	
0.049827	0.000127351	0.0328004	0.259899	0.00494314	0.000553379	0.00218104	0.002442	0.280118	0.0109355	0.00997087	0.041555	0.0016037	0.0682062	0.123705	0.0161201	0.0495245	0.0437474	0.000102652	0.00163798	
0.0570209	0.0148343	0.0284161	0.0270218	0.0003488	0.0752334	0.00383644	0.116352	0.000263838	0.173882	0.459294	0.00064651	0.000340423	0.00138261	0.000111597	0.000440159	0.000149277	0.00177371	0.00135337	0.0372983	
0.00115615	0.0220957	0.000852847	0.000706156	0.000583468	0.000544474	0.000838382	0.31681	0.00222987	0.388952	0.0874012	0.0028106	0.000202758	0.000831139	0.000167783	0.00171037	0.00196782	0.139012	0.00220244	0.0289249	
0.00108167	0.000156755	0.0004782	0.000278174	0.09461	0.5424	0.0241018	0.0196325	0.0250842	0.0749168	0.0319356	0.0192469	0.0157232	0.0248112	5.19105e-05	0.00306701	0.0753065	0.000211535	0.000192768	0.0467134	
0.3976	0.000615674	0.0120245	0.0773361	0.00690828	0.00921593	0.0162768	0.0012213	0.185639	0.209557	0.00480352	0.00399203	6.44426e-05	0.0238862	7.09267e-05	0.0170018	0.0171814	0.012417	0.00357437	0.000613009	
0.000368241	0.00115189	0.026311	0.0692441	0.00274268	0.100061	0.0510723	0.000408872	0.000953574	0.0655347	0.00380771	0.000433858	8.08254e-05	0.0355045	0.000573757	0.00314345	0.57685	0.0503372	0.00922706	0.00219316	
0.0403179	0.000176368	0.115536	0.000590041	0.0604165	3.53532e-05	0.0124994	0.000400017	0.0541577	5.54015e-05	0.00556504	0.632643	2.39627e-05	0.0122692	0.0475843	9.93414e-05	0.000103631	0.0164271	4.55633e-05	0.00105418	
0.010641	0.00116732	0.00526954	0.00948883	0.00107144	0.188803	0.00015906	0.0306135	0.0601337	0.000122468	0.0366143	0.0235554	0.586607	0.000698413	6.67958e-05	0.0337919	0.000131076	0.00452434	0.00580781	0.00073242	
0.383193	0.00130887	0.0105587	0.0608268	0.0078488	0.00718763	0.00631358	0.00170801	0.17311	0.260162	0.00242296	0.00302826	7.36823e-05	0.0269902	5.94124e-05	0.0175662	0.0227122	0.0118895	0.0018091	0.0012303	
0.0935174	0.000133007	0.320251	0.145361	0.00173974	0.000553193	0.0160349	0.000316093	0.111573	0.0993493	0.000756904	0.0925364	0.0113984	0.0536821	0.0109356	0.00065877	0.0330554	0.00466575	6.61573e-05	0.00341568	
0.321122	0.000655355	0.00371869	0.00267217	0.000589291	0.00116831	0.0218515	0.0530468	0.0473814	0.000433865	0.0442085	0.0353031	0.00967841	0.0354921	0.0111036	0.40879	0.000262747	0.00178764	0.000275437	0.00045912	
0.274764	0.00241645	0.0182217	0.119406	0.000189841	0.000102226	0.000254513	0.00625907	0.174595	0.0237976	0.000349129	0.127949	0.00868256	0.158456	0.0281225	0.019105	0.0368811	0.000106841	0.000266178	7.68149e-05	
0.00832034	0.00671945	0.0351005	0.00859759	0.038474	0.00250981	0.000283386	0.00889308	0.0175024	0.000170347	0.0297667	0.00788384	0.794177	0.00033672	0.000100294	0.00242434	0.00582575	0.00713382	0.0132336	0.0125466	
0.0010485	0.000183264	0.000766457	0.000232998	0.0780318	0.561254	0.0259335	0.020256	0.0239075	0.0613528	0.0315937	0.0177418	0.0205766	0.0264935	5.18999e-05	0.008979	0.083422	0.000218354	0.000280486	0.0376758	
0.000284657	0.000840062	0.0348827	0.111465	0.00148768	0.00412628	0.0221715	0.00026236	0.00021583	0.000751695	0.000685873	0.000541951	6.75294e-05	0.0324518	0.000205647	0.114177	0.624382	0.0491854	0.000996578	0.000818593	
0.00166602	0.0181313	0.00125243	0.00410691	9.62272e-05	0.000651104	0.00153768	0.832614	0.00134783	0.0370908	0.000320018	0.000204334	0.000484348	0.00732324	0.000329981	0.000248327	0.000183377	0.0311948	0.0150433	0.0461739	
0.0225051	7.53201e-05	9.53419e-05	0.000227378	0.153575	0.560042	0.0136141	0.0180929	0.0267737	0.0852345	0.0293631	0.0149258	0.000118153	0.015304	3.31269e-05	0.00068084	0.000600033	0.000172726	0.000131378	0.0584351	
0.00100183	0.00512825	0.67585	4.79614e-05	0.0389868	6.28878e-05	0.000174403	0.00905574	0.0430155	0.00853828	0.0231098	0.00162516	0.018451	0.016516	0.081962	0.00680292	0.0208877	0.000145543	0.0485811	5.74729e-05	
0.0706925	0.00228058	0.00763579	0.0274277	0.37334	0.0872847	0.000151928	0.000880271	0.0693994	0.148464	0.0029695	0.00653806	4.35962e-05	0.000368166	6.08473e-05	0.000742536	0.0233301	0.000111785	0.00161832	0.17666	
0.287307	0.191329	0.000732544	0.00447715	9.92032e-05	0.268574	0.0333063	0.00119979	0.0541665	0.00452013	0.043697	0.000666138	0.000208185	0.0402335	7.70889e-05	0.0679359	0.000275525	0.0009868	0.00010848	9.95047e-05	
0.00621295	0.0166503	0.000263286	0.000277542	0.000141198	0.000161011	0.00248888	0.378905	0.00227202	0.0930757	0.0336228	0.0149542	0.000741052	0.0345345	0.000447219	0.00814355	0.0476852	0.342522	0.000435506	0.0164655	
0.00461276	0.00828225	0.36838	0.154901	0.0150517	5.95524e-05	0.0687602	0.000765059	0.000450096	6.46959e-05	0.000174646	0.023869	0.00020682	0.147475	0.000318042	0.0666783	0.107304	0.0257723	0.00667546	0.000198428	
0.00412474	0.0145565	0.000355796	0.000189923	0.000106657	0.000166567	0.00216847	0.297415	0.000676929	0.0956113	0.0342598	0.00468344	0.00041527	0.00745141	0.000141699	0.00135557	0.043044	0.472038	0.000340792	0.020898	
0.00389949	0.000179888	0.00523265	0.000521183	0.0253934	0.591425	0.0372386	0.00140932	0.0479434	0.0493752	0.0399103	0.00068945	0.043014	0.039701	6.47353e-05	0.0931213	0.00177025	0.000891519	0.000479136	0.0177405	
0.0351706	9.66952e-05	0.0840598	0.00113296	0.00536948	8.75896e-05	0.00376322	0.000933427	0.48253	0.000930693	0.00397134	0.00289859	6.6967e-05	0.000847387	0.334436	0.000106468	0.000490714	0.0115766	6.91464e-05	0.0314619	
0.031716	0.0135471	0.000142915	0.0297316	0.0286341	0.0367415	0.000244304	0.000340728	0.000163979	0.0306416	0.0320916	0.535859	0.0105083	0.0346987	0.097095	0.000282509	0.00831075	0.0613614	0.0477474	0.000141921	
0.00494554	0.00491672	0.00012107	3.85386e-05	0.00536155	0.00188341	0.00111544	0.557451	0.000625263	0.124635	0.0244667	0.00040992	4.46521e-05	0.000859066	6.04372e-05	5.38137e-05	0.000127312	0.268181	0.00091394	0.00378922	
0.00279197	0.0144535	0.00171072	0.0140758	0.00017374	0.00173325	0.0225415	0.739822	0.000693663	0.000156226	0.0107256	0.000229762	0.00374254	0.035881	0.000611072	0.000245226	0.00445058	0.0841709	0.0228591	0.0389315	
0.0385689	0.00014646	0.000164319	0.000265912	0.175833	0.522417	0.0141678	0.0207728	0.0285702	0.0788629	0.0308346	0.0133604	9.48635e-05	0.01482	4.48348e-05	0.000461394	0.000434128	0.000135301	0.000149581	0.0598956	
0.00114101	0.00539861	0.675784	5.46605e-05	0.0395912	7.67397e-05	0.000152345	0.00977575	0.0416152	0.00930973	0.021914	0.00159943	0.019265	0.0158565	0.0843934	0.00735725	0.0172544	0.000140278	0.0492627	5.77601e-05	
0.0992449	0.00135638	0.00117118	0.000448342	0.0012411	0.0733226	0.0385485	0.00374554	0.0119027	0.00928995	0.0154657	0.00275952	0.000123048	0.0498198	0.000415636	0.66665	0.0227748	0.000426113	0.000340691	0.000953531	
0.00795792	0.00214001	0.00030021	0.0331776	0.0105923	0.000193556	0.102145	0.051557	0.0010141	0.0707459	0.0239853	0.011134	0.358979	0.000995465	0.005621	0.00404619	0.0138983	0.298609	0.000345658	0.00256312	
0.0531572	0.0126217	0.102271	0.569632	0.0626725	0.01593	0.00132252	0.0239725	0.0346909	0.0285014	0.0211785	0.000844694	0.0593505	0.000455571	0.000813835	0.00398042	0.00274592	0.000232984	0.00495973	0.000666064	
0.0434498	0.000182433	0.000647481	0.124739	0.00877941	0.0183416	0.00202454	0.000324427	0.000652919	0.0222293	0.0222458	0.0560913	0.0142077	0.0325608	4.59861e-05	0.513744	0.123494	0.00366318	0.0118768	0.000699403	
0.467048	0.00226616	0.000276422	0.000399252	0.164641	0.0314367	0.0178617	0.0306458	0.0395351	0.0743663	0.0431656	0.0233109	9.16617e-05	0.0302371	0.00021226	0.00140512	0.000236453	0.000206755	0.000557082	0.0721008	
0.270177	0.00224099	0.0179845	0.12071	0.000191252	5.7518e-05	0.000267202	0.00643945	0.173902	0.0228148	0.000359196	0.131732	0.00889092	0.160621	0.0271396	0.018649	0.0373764	0.000112367	0.000264247	7.05001e-05	
0.0486864	0.00496604	0.00807643	0.0597854	0.109654	0.000211644	0.00479185	0.00190678	0.351711	0.00148364	0.00845226	0.0516559	0.00524155	0.0369864	0.263201	0.00978003	0.020444	0.0113951	0.000488123	0.00108229	
0.0016778	0.0181313	0.00125239	0.00410704	9.62322e-05	0.000650762	0.00153772	0.83255	0.00135081	0.0371395	0.000319543	0.000203883	0.000484348	0.00732751	0.000315195	0.000248327	0.00018338	0.0312078	0.0150433	0.0461727	
0.382376	0.00640024	0.0114747	0.0310627	0.000161278	0.150101	0.103176	0.0602153	0.0401318	0.00640381	0.000505078	0.00279533	0.000104934	0.0953241	0.00871155	0.0835176	0.00338014	0.00497942	0.000200437	0.00897899	
0.0414825	0.00873217	0.0128027	0.110213	0.00164807	0.0788519	0.0114795	0.0380345	0.00504282	0.634024	0.0319349	0.00201336	5.88219e-05	0.000480898	6.7704e-05	0.000414073	0.000967321	0.000649542	0.000501465	0.0206001	
0.0362405	6.86478e-05	0.0798502	0.038393	0.0472435	0.000117343	0.018821	0.044827	0.00210987	0.000236732	0.00636667	0.0328622	0.00330666	0.0114957	0.00555299	0.000137908	0.00404329	0.0903836	0.559005	0.0189386	
0.0406067	0.000143239	0.112289	0.089254	0.409118	0.0302903	0.0135517	0.00178791	0.0402467	6.25714e-05	0.0178244	0.087891	0.0231044	0.024392	0.0473308	0.000282264	0.0106309	0.000197094	0.0509251	7.14718e-05	
0.0163324	0.000108272	0.128151	0.494306	6.09026e-05	0.00551406	0.000101108	6.4308e-05	0.0820119	0.00399479	0.000492133	0.0395098	0.120349	0.0145807	0.0125537	0.0359358	0.0267963	0.0137078	0.000288445	0.00514237	
0.0422323	0.00602777	0.106713	0.501555	0.000723596	0.0528638	0.0073688	0.000767247	0.107818	0.00496117	0.010055	0.0233553	0.000115596	0.0446185	0.0269453	0.0483401	0.00838463	0.00662488	0.000404567	0.000125067	
0.00357267	0.0122995	0.00266174	0.00400072	0.00791892	0.0017736	0.00834246	0.134328	0.00717548	0.609494	0.014853	0.0119659	0.000438044	0.00289006	0.000454067	0.00072616	0.0417824	0.116134	0.000376535	0.0188125	
0.15995	0.00103349	0.000462338	0.000367932	0.00577913	0.00031671	0.0131452	0.111931	0.000345049	0.0901511	0.0249637	0.0615411	0.0235188	0.131461	5.10322e-05	0.0506921	0.0577783	0.253024	0.00225434	0.0112343	
