0.00265999	0.00416503	0.0055739	0.00202885	0.0183025	0.0138548	0.00301918	0.00251902	0.000570542	0.000656328	0.00577863	0.00277578	0.00137701	0.250376	0.00141699	0.00193897	0.223051	0.00241376	0.00328913	0.454232	
0.00118516	0.0253986	0.640139	0.00758162	0.0127817	0.00608128	0.00673159	0.0644214	0.00899023	0.0996713	0.0218448	0.00290366	0.0124757	0.00799831	0.0070354	0.0109116	0.0316446	0.0107265	0.0195007	0.00197642	
0.0184373	0.000635338	0.00410654	0.0302536	0.103211	0.0136714	0.19355	0.0132783	0.0168915	0.133674	0.0225788	0.0158588	0.00256856	0.0100023	0.00310591	0.0192086	0.00716835	0.0315543	0.00259564	0.357649	
0.0366494	0.021966	0.0103379	0.0119097	0.00190987	0.00305961	0.00695345	0.0498216	0.0069598	0.723242	0.00635348	0.0125187	0.00837608	0.00560623	0.00300006	0.0107087	0.0129501	0.0109898	0.0109818	0.0457062	
0.0434857	0.003148	0.0118588	0.0853582	0.470395	0.103621	0.00152315	0.082125	0.0150565	0.0158632	0.0546407	0.00153823	0.0049699	0.0395296	0.0132087	0.00624608	0.0186553	0.00315287	0.00833825	0.0172861	
0.267357	0.0277316	0.00384994	0.00500452	0.00708757	0.00237528	0.0100052	0.0112789	0.557979	0.0277626	0.00596374	0.00433646	0.0126789	0.00437317	0.00424165	0.00724298	0.00206157	0.0170146	0.00582917	0.015826	
0.00922648	0.0185293	0.00991299	0.0143436	0.00642346	0.0212938	0.00849792	0.201504	0.0169524	0.488787	0.0253632	0.0235321	0.00652244	0.0071547	0.0044309	0.00456977	0.00629856	0.0974942	0.00924904	0.019915	
0.00743685	0.0270285	0.0118258	0.0308483	0.00963778	0.00552064	0.00515924	0.0169304	0.0296647	0.499255	0.00283671	0.166966	0.00315133	0.0092909	0.00581051	0.00403342	0.0208156	0.121992	0.0035603	0.0182361	
0.00350493	0.026855	0.186538	0.00509515	0.00470283	0.0121711	0.0112194	0.20184	0.00451582	0.416168	0.0211508	0.00795552	0.00243265	0.00796332	0.00494912	0.00662316	0.00362105	0.0513374	0.0117616	0.00959524	
0.00914101	0.00837846	0.00435161	0.0189551	0.0123479	0.00800268	0.0134763	0.57778	0.00679517	0.0690255	0.0289646	0.00322543	0.00637297	0.00827089	0.0103682	0.00459102	0.00790712	0.180459	0.0125458	0.00904147	
0.00914581	0.0132192	0.585712	0.0512984	0.00745356	0.023827	0.01204	0.00477421	0.0192334	0.00648729	0.00457417	0.167894	0.00444191	0.0231377	0.0106937	0.0212538	0.0061055	0.00903657	0.0135677	0.00610359	
0.0323499	0.00170135	0.0707424	0.0312879	0.00127583	0.00883368	0.069445	0.0422961	0.0441011	0.00425295	0.0374566	0.0290461	0.000864808	0.048042	0.0210576	0.489238	0.00419193	0.0179477	0.0427521	0.00311678	
0.0146265	0.00323899	0.0077713	0.0107524	0.114043	0.635779	0.0109484	0.034226	0.0134887	0.0675881	0.00798267	0.0299893	0.00457489	0.00797289	0.0048612	0.00474252	0.00164917	0.00406124	0.00342339	0.0182809	
0.0113149	0.00538644	0.0081163	0.00926743	0.0167036	0.00814647	0.00382518	0.0543221	0.00370256	0.00805961	0.000649086	0.0188702	0.00553386	0.00802719	0.0114348	0.0062261	0.0140012	0.729372	0.0557064	0.0213348	
0.0137867	0.00368939	0.00456047	0.0105759	0.10615	0.628141	0.0158426	0.0434481	0.0119425	0.0652432	0.00805991	0.0306677	0.00399662	0.00889427	0.00370383	0.00412135	0.00380153	0.00473004	0.00283023	0.0258151	
0.0110721	0.0157754	0.0525953	0.0187615	0.00530526	0.00140669	0.0143145	0.00507537	0.00523404	0.0126973	0.0100715	0.0168996	0.00545275	0.0243987	0.00410475	0.554037	0.163855	0.0137287	0.00669895	0.0585161	
0.00479353	0.40924	0.0344879	0.0471776	0.000693065	0.00686452	0.0102644	0.0432772	0.0625001	0.00116364	0.0161959	0.18091	0.00293888	0.0270798	0.00766269	0.118561	0.0049579	0.0115235	0.00521695	0.0044916	
0.00318179	0.02861	0.208747	0.0129174	0.0069331	0.0125156	0.0132856	0.163458	0.00746677	0.409963	0.0332773	0.00924852	0.0018722	0.00624291	0.00620093	0.00693306	0.00467303	0.0441964	0.0124303	0.00784712	
0.0359463	0.0215588	0.00961586	0.00662129	0.00145071	0.00212388	0.00742326	0.0567989	0.00192916	0.747988	0.00291194	0.00611417	0.00907747	0.00464515	0.00297476	0.00757181	0.0081435	0.00851856	0.00942858	0.0491579	
0.00352931	0.0501641	0.0350941	0.0300799	0.0671271	0.0058142	0.0149809	0.0321229	0.0161664	0.414857	0.0371719	0.179495	0.00274786	0.00463671	0.00930066	0.0201628	0.0204736	0.0373877	0.00239625	0.0162914	
0.0094235	0.00907541	0.0318292	0.0053419	0.0179602	0.0086707	0.00543725	0.0092911	0.175473	0.00291406	0.0196552	0.00869936	0.00344187	0.00504156	0.645608	0.00506188	0.00677746	0.0137274	0.00300742	0.0135632	
0.0110148	0.00569102	0.00505462	0.0452077	0.54714	0.00558541	0.00741629	0.00428848	0.167751	0.00485182	0.0142175	0.0129703	0.0235064	0.0130505	0.0104885	0.00319061	0.0122427	0.00397117	0.0263708	0.07599	
0.318912	0.0415831	0.00536352	0.0421137	0.00496458	0.00719293	0.00621592	0.014168	0.0320612	0.0170404	0.00869821	0.0219127	0.00364054	0.0303585	0.0104698	0.276177	0.119676	0.0170154	0.00262703	0.0198097	
0.00823188	0.00586094	0.679487	0.0711896	0.0351078	0.00984645	0.0103577	0.00962553	0.00897894	0.0118033	0.0061503	0.0126204	0.0108825	0.00483696	0.068287	0.0133416	0.00548681	0.0138295	0.0111878	0.00288772	
0.0113297	0.0126558	0.574621	0.0397712	0.0110734	0.0270724	0.0091744	0.00579931	0.0144749	0.00931044	0.00882203	0.1633	0.0197467	0.0247344	0.00981201	0.0170962	0.00868383	0.0102205	0.0159892	0.00631225	
0.246481	0.0256991	0.00572672	0.0503361	0.00575359	0.0081508	0.00592316	0.0180978	0.0365443	0.0250337	0.00662589	0.0364237	0.00398607	0.0282082	0.0130956	0.254826	0.197462	0.0142344	0.00151538	0.0158772	
0.0110155	0.00562641	0.00494163	0.0449969	0.544652	0.00547296	0.00737234	0.00424867	0.17108	0.00477912	0.0143236	0.0120698	0.0235768	0.0131219	0.0104253	0.00311657	0.0119915	0.00396455	0.0267049	0.0765195	
0.0155787	0.0129426	0.0465427	0.0563044	0.0111368	0.0261152	0.00458908	0.0179794	0.00550078	0.00269401	0.0382682	0.163804	0.00410653	0.0270504	0.00547776	0.265169	0.204452	0.0713158	0.00921491	0.011758	
0.00603462	0.0176234	0.155199	0.163627	0.00470374	0.133288	0.00763939	0.0191024	0.00913944	0.0628973	0.0103089	0.0516371	0.0895295	0.0252382	0.00295804	0.128855	0.0753739	0.00547876	0.0242893	0.00707664	
0.0164624	0.013837	0.0515639	0.0601803	0.00865424	0.0239137	0.00361011	0.0156335	0.00540989	0.00385984	0.0331777	0.155004	0.00463385	0.0236776	0.00593187	0.297254	0.193082	0.0649892	0.00715101	0.011974	
0.022052	0.00390846	0.00465284	0.0114179	0.330651	0.00834516	0.0513583	0.0120691	0.00395518	0.00439298	0.0248081	0.00790131	0.0197782	0.0217063	0.00940233	0.097811	0.0140831	0.0124107	0.00149439	0.337801	
0.0140087	0.0253376	0.113863	0.0282983	0.00739934	0.0115831	0.00294533	0.474921	0.135254	0.0564299	0.00266258	0.00168076	0.00177947	0.0187773	0.00592061	0.00138886	0.00539573	0.0329877	0.0291462	0.0302201	
0.0197148	0.00972329	0.00392552	0.0425418	0.0107183	0.000601436	0.00458758	0.00420586	0.00894966	0.013503	0.00834799	0.0361158	0.0324924	0.0379751	0.00626879	0.463892	0.252698	0.0320104	0.00487736	0.00685117	
0.00369477	0.00642816	0.0148213	0.00640628	0.0164144	0.0169515	0.0053498	0.00196875	0.000638319	0.00445115	0.00334165	0.00278181	0.00138049	0.209305	0.00193434	0.00335623	0.308397	0.00489132	0.00582092	0.381667	
0.0146444	0.0270417	0.0663785	0.0198798	0.000710577	0.027135	0.0224015	0.618478	0.00383097	0.0031616	0.00960157	0.00110353	0.0319155	0.0323402	0.00609914	0.000649589	0.0019947	0.0471971	0.0268855	0.0385507	
0.00698262	0.036798	0.00693668	0.00476447	0.00396103	0.00325973	0.0207721	0.317126	0.00335954	0.0118274	0.00432848	0.00662721	0.033611	0.0187019	0.00266769	0.0108573	0.0123223	0.44137	0.0147225	0.0390034	
0.00823188	0.00586094	0.679487	0.0711896	0.0351078	0.00984645	0.0103577	0.00962553	0.00897894	0.0118033	0.0061503	0.0126204	0.0108825	0.00483696	0.068287	0.0133416	0.00548681	0.0138295	0.0111878	0.00288772	
0.0179772	0.0182007	0.0426087	0.011036	0.460864	0.0549563	0.00386936	0.0132584	0.061291	0.0127939	0.00330125	0.123694	0.0346368	0.0155898	0.00724169	0.0303018	0.0327684	0.0109458	0.0242772	0.0203879	
0.0382904	0.00833157	0.0054392	0.0133116	0.0129117	0.0132753	0.010747	0.0363485	0.531917	0.054222	0.0122044	0.00187078	0.00909068	0.00345499	0.166796	0.0067534	0.0199803	0.0362673	0.0107417	0.00804639	
0.00451045	0.00684377	0.00681899	0.0190388	0.0384656	0.0134533	0.103472	0.497866	0.00408472	0.00419099	0.010646	0.00187845	0.0503899	0.076104	0.0051544	0.00428163	0.0592756	0.0541617	0.0251616	0.0142022	
0.012012	0.0097346	0.031799	0.00353106	0.0182711	0.00861725	0.00608016	0.00854668	0.182438	0.00287095	0.0184619	0.00747605	0.00335649	0.0052134	0.640385	0.00520272	0.00658987	0.0118056	0.00367389	0.013934	
0.0199205	0.0164456	0.0304076	0.0543909	0.00494237	0.0167876	0.0066477	0.00899275	0.00161949	0.0164505	0.0101029	0.0512721	0.00292029	0.0212046	0.00529468	0.0496943	0.615259	0.0248494	0.0199934	0.0228043	
0.00954261	0.0150249	0.0099319	0.00837313	0.0189911	0.00130667	0.00430215	0.280497	0.0291305	0.125611	0.00842604	0.0147876	0.002913	0.00580095	0.00302079	0.00961494	0.0173592	0.394787	0.00624349	0.0343358	
0.00488785	0.00446109	0.18682	0.341197	0.0140869	0.00771919	0.00563764	0.00745982	0.0900506	0.00495651	0.00616666	0.0781238	0.0083009	0.0975447	0.0376538	0.0177378	0.0450994	0.00736857	0.0165461	0.0181822	
0.00424501	0.00854781	0.00381716	0.00399836	0.00243874	0.0184499	0.0391331	0.270044	0.0201188	0.359047	0.0345	0.0258257	0.0138477	0.0358412	0.0192309	0.00540565	0.00670042	0.0962579	0.0188808	0.0136697	
0.00914581	0.0132192	0.585712	0.0512984	0.00745356	0.023827	0.01204	0.00477421	0.0192334	0.00648729	0.00457417	0.167894	0.00444191	0.0231377	0.0106937	0.0212538	0.0061055	0.00903657	0.0135677	0.00610359	
0.00500308	0.00193779	0.0385183	0.0113677	0.0195117	0.583071	0.0353239	0.00555884	0.0640064	0.0106565	0.0182415	0.105178	0.0110016	0.0428072	0.0121664	0.0078465	0.00593173	0.00530909	0.00638038	0.0101826	
0.0124546	0.0196772	0.00246265	0.0518833	0.237087	0.00390191	0.00734286	0.00949128	0.471695	0.0164045	0.00778492	0.0114815	0.0266665	0.0203638	0.0195912	0.00511957	0.00506536	0.00444892	0.0253349	0.0417427	
0.0124751	0.0044289	0.0358516	0.019542	0.0193654	0.0152814	0.00301995	0.0717234	0.159982	0.00514036	0.018581	0.0369523	0.00113917	0.0208689	0.174507	0.0131727	0.228803	0.0873101	0.00624188	0.0656131	
0.00252046	0.0175815	0.00541802	0.00830239	0.00623438	0.00406971	0.00493857	0.412848	0.00399447	0.02427	0.00213149	0.0118249	0.0225921	0.004021	0.00612224	0.00543958	0.00440963	0.422968	0.0167505	0.0135631	
0.25958	0.0278595	0.00401587	0.0057888	0.0123657	0.00228055	0.00996704	0.0125094	0.559873	0.022432	0.00583197	0.00428652	0.0136671	0.00459909	0.00431819	0.00733096	0.00215422	0.0185405	0.00624414	0.0163552	
0.0360349	0.0216793	0.00963666	0.00663903	0.00145284	0.00204945	0.00746634	0.0566455	0.00200308	0.747782	0.00293145	0.00611727	0.00908852	0.00465709	0.00298228	0.00757812	0.0081358	0.00852624	0.00939238	0.0492015	
0.00268323	0.00416203	0.00557486	0.00202871	0.0183572	0.0138865	0.00301722	0.00256805	0.000571953	0.000656713	0.00577967	0.00279797	0.00138093	0.250789	0.00141814	0.00195394	0.222646	0.0025974	0.00329177	0.453839	
0.0146444	0.0270417	0.0663785	0.0198798	0.000710577	0.027135	0.0224015	0.618478	0.00383097	0.0031616	0.00960157	0.00110353	0.0319155	0.0323402	0.00609914	0.000649589	0.0019947	0.0471971	0.0268855	0.0385507	
0.00469285	0.00734121	0.0117712	0.00565919	0.0157478	0.0162717	0.00499731	0.00232346	0.000677747	0.00242465	0.00376004	0.00317786	0.0014684	0.205639	0.00244881	0.00446118	0.323129	0.00394405	0.00412332	0.375941	
0.480259	0.0300217	0.00273803	0.0036957	0.00849698	0.00105323	0.0219241	0.0272902	0.312472	0.0122378	0.0145221	0.0156089	0.00685321	0.0122458	0.00775123	0.00713891	0.0019634	0.00499243	0.0133683	0.0153668	
0.00268323	0.00416203	0.00557486	0.00202871	0.0183572	0.0138865	0.00301722	0.00256805	0.000571953	0.000656713	0.00577967	0.00279797	0.00138093	0.250789	0.00141814	0.00195394	0.222646	0.0025974	0.00329177	0.453839	
0.00353707	0.059167	0.010346	0.519946	0.0639024	0.00118218	0.00561291	0.0550121	0.00315984	0.0525253	0.0230237	0.0161612	0.0311365	0.00187748	0.0184238	0.0149341	0.066726	0.00174378	0.0228027	0.02878	
0.00821857	0.00914462	0.0320228	0.00399677	0.017993	0.00871281	0.00553389	0.00913534	0.179477	0.0028828	0.0191463	0.00826284	0.00341178	0.00512203	0.646559	0.00512641	0.00677755	0.0121519	0.00298946	0.0133347	
0.0110155	0.00562641	0.00494163	0.0449969	0.544652	0.00547296	0.00737234	0.00424867	0.17108	0.00477912	0.0143236	0.0120698	0.0235768	0.0131219	0.0104253	0.00311657	0.0119915	0.00396455	0.0267049	0.0765195	
0.00786649	0.00912598	0.0323728	0.00374408	0.018285	0.00874644	0.00581204	0.00846532	0.182341	0.00289723	0.0189224	0.00753296	0.00336239	0.00519611	0.645413	0.00522553	0.00674273	0.0117764	0.00308646	0.0130855	
0.0314938	0.0271478	0.0147339	0.0161817	0.00587706	0.0144873	0.015611	0.00980769	0.00130974	0.00974051	0.00867273	0.0169231	0.00217672	0.0206962	0.009742	0.040074	0.688813	0.0242761	0.0106059	0.0316302	
0.0350071	0.0111803	0.0481835	0.0409946	0.00141174	0.103013	0.0217725	0.574453	0.0113254	0.0285866	0.00803549	0.00143278	0.00370086	0.0314118	0.00096184	0.014609	0.000883389	0.00298941	0.0181001	0.0419485	
0.00923212	0.0115863	0.012138	0.0116169	0.0122442	0.0141098	0.00727322	0.004203	0.00115483	0.00296589	0.00505823	0.00729493	0.00203698	0.163918	0.00558861	0.0125213	0.413165	0.0063975	0.00279749	0.294698	
0.0196473	0.0100191	0.00374187	0.0423061	0.0110937	0.00062404	0.00427885	0.00428303	0.00898052	0.012995	0.00841867	0.0365257	0.0332342	0.0390863	0.00616859	0.462733	0.252274	0.0320041	0.00477304	0.00681274	
0.256611	0.0101142	0.0165239	0.0298496	0.00394801	0.00418867	0.0161881	0.0458647	0.021913	0.0126765	0.0211105	0.0173092	0.00447595	0.0789922	0.0496404	0.305952	0.0890755	0.0075288	0.00542374	0.00261401	
0.00361234	0.00431082	0.0056415	0.00241996	0.0176593	0.0134438	0.00303601	0.00277551	0.00137393	0.00106955	0.00588687	0.00296285	0.00166644	0.24077	0.00161511	0.00197967	0.215369	0.00338078	0.00308602	0.467941	
0.0625072	0.0172228	0.0200683	0.0335627	0.0154198	0.0216197	0.00484319	0.0261811	0.0334197	0.0290376	0.0209261	0.0235229	0.0191806	0.0354738	0.0171287	0.00728003	0.0267935	0.0728546	0.00323201	0.509726	
0.00782629	0.00912791	0.0324048	0.00374851	0.018284	0.00874219	0.00572637	0.00845719	0.182319	0.00288968	0.0189276	0.00754208	0.0033662	0.00518503	0.645498	0.00522345	0.00674345	0.0117927	0.00308702	0.0131077	
0.00738732	0.00325648	0.0168389	0.0100755	0.0452809	0.655772	0.0256941	0.00627604	0.0336386	0.0298978	0.0136475	0.0721473	0.00606347	0.0211128	0.0085489	0.00709634	0.00679906	0.00473297	0.00657458	0.0191592	
0.646467	0.0207416	0.00474755	0.00670467	0.00170347	0.00762854	0.0035304	0.00354184	0.0086151	0.028901	0.00819218	0.00212285	0.00765679	0.0461788	0.00236262	0.0489826	0.106259	0.0109444	0.0128587	0.0218617	
0.00577546	0.0221575	0.0506947	0.0179981	0.069232	0.00465949	0.31446	0.0249316	0.0109494	0.0031515	0.147033	0.0281435	0.00540237	0.0476554	0.00161987	0.0192926	0.0165886	0.182104	0.0255498	0.00260103	
0.016427	0.00323284	0.0043462	0.0103611	0.122567	0.612341	0.0104897	0.0651725	0.00980289	0.0702646	0.00835198	0.0206949	0.00420003	0.00615932	0.00346639	0.00409852	0.00135145	0.00415544	0.00243917	0.0200782	
0.082503	0.00345429	0.00627391	0.0190434	0.0165527	0.0121153	0.0937079	0.458064	0.0126685	0.0171202	0.00214456	0.00714968	0.00140813	0.00556265	0.0139618	0.01014	0.00563451	0.147276	0.0643682	0.0208508	
0.0116006	0.00755782	0.00363379	0.0123506	0.0134152	0.00640807	0.00172003	0.325592	0.0130843	0.301069	0.114556	0.00222053	0.00768919	0.00805661	0.00402825	0.00497046	0.00759141	0.120986	0.0143304	0.0191391	
0.0120459	0.00666805	0.00321541	0.00858834	0.0124667	0.0065254	0.00155808	0.302771	0.0132313	0.332032	0.106393	0.00259831	0.00726263	0.00779639	0.00424605	0.00464116	0.00719316	0.125779	0.0155398	0.0194478	
0.0113149	0.00538644	0.0081163	0.00926743	0.0167036	0.00814647	0.00382518	0.0543221	0.00370256	0.00805961	0.000649086	0.0188702	0.00553386	0.00802719	0.0114348	0.0062261	0.0140012	0.729372	0.0557064	0.0213348	
0.00302237	0.00421147	0.00553843	0.00219437	0.0179681	0.0135839	0.00303813	0.00267514	0.000781167	0.000857947	0.005745	0.00288395	0.00151826	0.24552	0.00150283	0.00196019	0.219449	0.00278549	0.00319615	0.461568	
0.001008	0.0256508	0.638871	0.0080653	0.0116942	0.00642506	0.00724515	0.0626144	0.00759867	0.109845	0.0214227	0.00312375	0.011774	0.00667852	0.00585672	0.00943392	0.0304526	0.0114967	0.0186214	0.00212187	
0.00987963	0.0428497	0.00621241	0.00647702	0.00462045	0.00143643	0.0452856	0.206029	0.0111086	0.00306951	0.0041152	0.00466654	0.0537284	0.0337685	0.00405672	0.0286557	0.0454787	0.395197	0.0206867	0.0726773	
0.028422	0.0260094	0.0153487	0.0187417	0.00473322	0.0153239	0.0142738	0.00986335	0.00133526	0.00951766	0.00852861	0.0177341	0.00229253	0.0189942	0.0097476	0.0406024	0.691933	0.0232498	0.0100915	0.033257	
0.00914581	0.0132192	0.585712	0.0512984	0.00745356	0.023827	0.01204	0.00477421	0.0192334	0.00648729	0.00457417	0.167894	0.00444191	0.0231377	0.0106937	0.0212538	0.0061055	0.00903657	0.0135677	0.00610359	
0.0593797	0.0108856	0.00296351	0.154774	0.0657187	0.0326153	0.016029	0.010261	0.0698909	0.0167213	0.0309216	0.00821713	0.0154589	0.0634416	0.0942839	0.0416055	0.151547	0.0171956	0.0129014	0.125189	
0.0244049	0.00688883	0.0433034	0.236314	0.00490411	0.00924825	0.00773877	0.0107921	0.192544	0.0277009	0.0118834	0.0106897	0.00464076	0.14093	0.123284	0.0815168	0.0139438	0.0199671	0.0102084	0.0190975	
0.00825863	0.0163266	0.0762541	0.0268315	0.00722029	0.00099121	0.0188472	0.00481224	0.00484782	0.0155508	0.010504	0.00957738	0.00216372	0.0284569	0.00299769	0.53307	0.112396	0.0171117	0.0212629	0.0825191	
0.0111979	0.00700802	0.0135509	0.0265766	0.602623	0.0104523	0.0135241	0.00971568	0.107257	0.007634	0.00338531	0.00794296	0.0156509	0.0203524	0.0118671	0.00567787	0.0131755	0.0128014	0.0400263	0.0595809	
0.102966	0.0267774	0.146579	0.149963	0.0399299	0.0268162	0.00302373	0.0413249	0.0185436	0.019477	0.0115317	0.127853	0.00415217	0.0116039	0.0370271	0.028255	0.0992886	0.0837088	0.006391	0.014789	
0.0102851	0.0126201	0.458561	0.0483852	0.00909531	0.0262881	0.0263407	0.00478895	0.0206684	0.00860702	0.00516221	0.245659	0.00464653	0.0271053	0.0133742	0.0379717	0.0106202	0.00959507	0.0144037	0.00582217	
0.00250983	0.0174898	0.00536586	0.0083277	0.0062261	0.00407173	0.00492278	0.412694	0.00397564	0.0242796	0.00212853	0.0119358	0.0229299	0.0039552	0.00611987	0.00544752	0.00443042	0.422842	0.0168233	0.0135236	
0.0216347	0.00791987	0.0583068	0.0406339	0.036702	0.00250323	0.00661904	0.0104416	0.264304	0.00859997	0.0114085	0.0279651	0.234696	0.0424504	0.0886427	0.0839376	0.0129282	0.00531992	0.0287306	0.00625634	
0.00504813	0.00491959	0.18151	0.314942	0.0156182	0.0106355	0.00568172	0.0068522	0.0860838	0.00510386	0.00991815	0.0818231	0.00795214	0.0980057	0.0528373	0.0190168	0.0534601	0.00921692	0.0142164	0.0171577	
0.00796345	0.0151473	0.0707881	0.0549743	0.0299392	0.0166867	0.0402005	0.0649511	0.0369849	0.422983	0.0845612	0.0411871	0.000763248	0.00816802	0.014847	0.00778438	0.0209268	0.0218897	0.0061391	0.0331145	
0.0412697	0.00439826	0.027419	0.206958	0.00931114	0.0158105	0.00967927	0.00963062	0.147825	0.0172654	0.00906422	0.0166415	0.00658304	0.103967	0.211504	0.105653	0.0222428	0.0137876	0.00947772	0.0115118	
0.00849237	0.0557841	0.091855	0.317094	0.0101052	0.0105786	0.00720845	0.0157081	0.00619475	0.0133814	0.00843833	0.294015	0.00417934	0.0191689	0.00911955	0.0709937	0.0194764	0.028189	0.00371813	0.00629927	
0.00913378	0.00833238	0.00435698	0.0188801	0.0122736	0.00801	0.0134997	0.57682	0.00677501	0.0686977	0.0286199	0.00325748	0.00644971	0.00821933	0.0103777	0.00459415	0.00788685	0.182177	0.0124992	0.00913947	
0.00488785	0.00446109	0.18682	0.341197	0.0140869	0.00771919	0.00563764	0.00745982	0.0900506	0.00495651	0.00616666	0.0781238	0.0083009	0.0975447	0.0376538	0.0177378	0.0450994	0.00736857	0.0165461	0.0181822	
0.0303294	0.00432187	0.0542133	0.198881	0.00823675	0.0167448	0.00757338	0.00861491	0.118809	0.0114281	0.00985425	0.0171757	0.00646047	0.100768	0.244326	0.094793	0.0312148	0.0159754	0.01077	0.00951077	
0.0311885	0.00936752	0.00532171	0.030331	0.0280614	0.078236	0.196079	0.00881853	0.00164303	0.0174463	0.0204518	0.220689	0.00521219	0.00231255	0.00628487	0.00473759	0.0150737	0.0413471	0.0228565	0.254542	
0.628914	0.0313797	0.00448861	0.00572456	0.00364242	0.00870133	0.00987554	0.00442439	0.0634079	0.020211	0.00899346	0.00406671	0.00834245	0.0387351	0.00443317	0.0398369	0.0701308	0.00993664	0.0198934	0.0148616	
0.0250672	0.0491839	0.134002	0.101655	0.0118786	0.012027	0.00387226	0.00963369	0.00372247	0.012958	0.0223666	0.178886	0.00552673	0.038053	0.00668459	0.255883	0.0890593	0.0141321	0.0129739	0.0124346	
0.101202	0.00655171	0.101731	0.266372	0.00774936	0.019107	0.015445	0.00748285	0.141041	0.0074679	0.0103499	0.0663336	0.0430092	0.0266215	0.00461187	0.0894487	0.0109249	0.045721	0.012916	0.0159144	
0.0138292	0.0383863	0.103408	0.18736	0.00910132	0.0192617	0.0224832	0.00937137	0.00983369	0.013467	0.00938852	0.322907	0.00557137	0.0322334	0.0108613	0.121178	0.0361435	0.0165053	0.0115185	0.00719105	
0.0113193	0.00549213	0.00811137	0.00925666	0.0167179	0.00815341	0.00390393	0.0543141	0.00383209	0.00804243	0.000655923	0.0188159	0.00554929	0.00821836	0.0114889	0.00625712	0.0140624	0.7285	0.0559009	0.0214078	
0.00849237	0.0557841	0.091855	0.317094	0.0101052	0.0105786	0.00720845	0.0157081	0.00619475	0.0133814	0.00843833	0.294015	0.00417934	0.0191689	0.00911955	0.0709937	0.0194764	0.028189	0.00371813	0.00629927	
0.0382904	0.00833157	0.0054392	0.0133116	0.0129117	0.0132753	0.010747	0.0363485	0.531917	0.054222	0.0122044	0.00187078	0.00909068	0.00345499	0.166796	0.0067534	0.0199803	0.0362673	0.0107417	0.00804639	
0.0117812	0.00729456	0.00327461	0.0105728	0.0137766	0.00593124	0.00143827	0.32043	0.0133081	0.309864	0.11394	0.00225628	0.00713788	0.00768319	0.00407395	0.0049779	0.00766145	0.121754	0.0143665	0.0184774	
0.0359463	0.0215588	0.00961586	0.00662129	0.00145071	0.00212388	0.00742326	0.0567989	0.00192916	0.747988	0.00291194	0.00611417	0.00907747	0.00464515	0.00297476	0.00757181	0.0081435	0.00851856	0.00942858	0.0491579	
0.00916655	0.0148023	0.00563165	0.00791821	0.0182496	0.00162037	0.00473286	0.24049	0.0448234	0.132285	0.00650852	0.0114569	0.00405326	0.00830016	0.0035336	0.0104516	0.0167895	0.415066	0.00434431	0.039776	
0.0103933	0.00357344	0.0096796	0.0105136	0.0748649	0.661801	0.0189679	0.00934795	0.0234908	0.053492	0.00895143	0.0536574	0.0043775	0.0126785	0.00618176	0.0052563	0.00354582	0.00441908	0.00535988	0.0194476	
0.00657799	0.0466765	0.00313519	0.0450011	0.0286839	0.00276322	0.000925351	0.0175305	0.00259843	0.30926	0.0126994	0.404023	0.00782097	0.0204898	0.00435464	0.00520492	0.00479939	0.0641013	0.00686661	0.00648844	
0.0860708	0.380675	0.0210271	0.0145666	0.00837968	0.00180139	0.035329	0.0589563	0.00897124	0.00660711	0.0126397	0.0477006	0.00345326	0.0779672	0.00632603	0.146621	0.0245128	0.0441743	0.0107176	0.00350387	
0.00355119	0.0103167	0.734569	0.0354345	0.022497	0.00787195	0.00986494	0.00490249	0.0049508	0.0135426	0.0169193	0.00822231	0.0177317	0.00833611	0.0336909	0.0125362	0.0254729	0.00923604	0.0172701	0.0030829	
0.0270937	0.0162661	0.0777957	0.121225	0.00632183	0.0228212	0.0499305	0.0584789	0.0569427	0.33659	0.108804	0.0383043	0.00119328	0.0042167	0.0148453	0.00216367	0.00677016	0.0211584	0.0123317	0.0167469	
0.0769825	0.0357262	0.0206015	0.205984	0.00575338	0.00647472	0.0149946	0.0127638	0.015866	0.0342139	0.00136154	0.0580669	0.107419	0.0120623	0.036809	0.0902559	0.130905	0.106663	0.0177405	0.00935613	
0.0693756	0.0364214	0.27232	0.213583	0.0113851	0.00898511	0.0479195	0.00293061	0.0157115	0.0168011	0.0635512	0.0309867	0.0157281	0.0123498	0.00434728	0.128084	0.0155965	0.000881642	0.0169566	0.016086	
0.0243821	0.00690584	0.0436336	0.236347	0.00488756	0.00924415	0.00773458	0.0107898	0.19238	0.0277248	0.0118852	0.0107752	0.00462614	0.140929	0.123049	0.0814584	0.0139272	0.0199724	0.0102487	0.0190992	
0.00782629	0.00912791	0.0324048	0.00374851	0.018284	0.00874219	0.00572637	0.00845719	0.182319	0.00288968	0.0189276	0.00754208	0.0033662	0.00518503	0.645498	0.00522345	0.00674345	0.0117927	0.00308702	0.0131077	
0.161898	0.0731891	0.00187318	0.0716152	0.000556659	0.000566872	0.00944702	0.0202988	0.0202821	0.0185225	0.0124734	0.0939631	0.00132316	0.0764258	0.0203375	0.0107335	0.00263023	0.350247	0.0170176	0.0365995	
0.0111989	0.00572348	0.00802039	0.00914084	0.0164777	0.00804616	0.00439735	0.0548329	0.00412356	0.00794825	0.000723046	0.0193383	0.0057929	0.00801826	0.0116075	0.00640329	0.0143043	0.726326	0.0551943	0.022383	
0.00587954	0.0176103	0.203197	0.0971407	0.0281947	0.0299576	0.00662556	0.0297532	0.0504701	0.0721276	0.00417668	0.00735019	0.0890221	0.00805246	0.0091053	0.156745	0.150316	0.0174708	0.0104749	0.00632976	
0.0593797	0.0108856	0.00296351	0.154774	0.0657187	0.0326153	0.016029	0.010261	0.0698909	0.0167213	0.0309216	0.00821713	0.0154589	0.0634416	0.0942839	0.0416055	0.151547	0.0171956	0.0129014	0.125189	
0.0418998	0.00771321	0.0887648	0.471073	0.00459243	0.0142609	0.0124859	0.0151061	0.029353	0.0166605	0.0100219	0.0214504	0.00915562	0.0646008	0.0189928	0.124963	0.0184898	0.0216929	0.00264832	0.00607479	
0.00819817	0.0216395	0.136472	0.195677	0.0125259	0.0149815	0.00239716	0.00566092	0.0759322	0.00700353	0.0140463	0.0335419	0.00551233	0.0985174	0.171657	0.0594562	0.0824223	0.0283795	0.0156081	0.0103712	
0.336355	0.00181693	0.00426138	0.00793952	0.0713442	0.286089	0.0176374	0.024243	0.0296845	0.00987799	0.0226018	0.0398619	0.0247144	0.0400541	0.000785812	0.0105308	0.00699506	0.0309369	0.00430526	0.0299645	
0.00860458	0.014941	0.0196736	0.228231	0.00666067	0.00951441	0.00563048	0.00997599	0.237902	0.0349912	0.0307862	0.00257905	0.00877071	0.20599	0.0876664	0.0377204	0.0078016	0.0127956	0.00763172	0.0221334	
0.04138	0.00450114	0.0276958	0.209804	0.00902572	0.0155526	0.00963465	0.00957746	0.149474	0.0177937	0.00884815	0.0163382	0.00665735	0.105006	0.206643	0.104934	0.0218475	0.0138689	0.00946539	0.0119535	
0.0344007	0.00739258	0.00495404	0.0479622	0.21143	0.397178	0.00431962	0.0196639	0.025772	0.159405	0.00167169	0.0251944	0.00469977	0.0078346	0.00836306	0.00573216	0.00286633	0.00544487	0.00335994	0.0223551	
0.485306	0.0135934	0.00313316	0.0141589	0.0298315	0.00184613	0.0302508	0.0321782	0.100684	0.03857	0.025056	0.0270491	0.00803571	0.0472746	0.046898	0.0392737	0.00667097	0.00201888	0.0162194	0.0319513	
0.0383547	0.00521929	0.308609	0.161342	0.0095607	0.0247521	0.00463366	0.046663	0.0742299	0.00660911	0.0275407	0.0857039	0.00218634	0.0396573	0.107484	0.0249446	0.0110672	0.00902138	0.00804609	0.00437527	
0.0310506	0.00967192	0.0704018	0.425422	0.00584274	0.0141877	0.0153487	0.0172034	0.036434	0.0265728	0.0113335	0.0178592	0.00549864	0.089107	0.0266147	0.153312	0.0185474	0.0186895	0.00169347	0.00520825	
0.0015504	0.0125949	0.00719872	0.0368691	0.0559403	0.00491811	0.114833	0.0546837	0.0257731	0.282716	0.0848466	0.0516269	0.000490598	0.024226	0.0125706	0.00800603	0.0459693	0.029333	0.00533615	0.140518	
0.00456955	0.0016746	0.0486825	0.0130688	0.0289885	0.532799	0.0367047	0.0079921	0.0653132	0.0179961	0.0196668	0.102568	0.0137095	0.0544202	0.0143169	0.00915066	0.00634174	0.0058882	0.00529861	0.0108499	
0.00915968	0.00835386	0.00433502	0.0189813	0.0123267	0.00802911	0.0135124	0.577736	0.006788	0.0691531	0.0291641	0.00320999	0.00635741	0.00823265	0.010332	0.00458085	0.00790896	0.180214	0.0125168	0.00910781	
0.0216347	0.00791987	0.0583068	0.0406339	0.036702	0.00250323	0.00661904	0.0104416	0.264304	0.00859997	0.0114085	0.0279651	0.234696	0.0424504	0.0886427	0.0839376	0.0129282	0.00531992	0.0287306	0.00625634	
0.0148916	0.0317953	0.0107852	0.0262755	0.491201	0.0422866	0.0123464	0.0105213	0.0259755	0.0852033	0.00912721	0.0354221	0.00996058	0.0105329	0.0309408	0.0338232	0.0114966	0.0155277	0.033058	0.0588288	
0.0105207	0.00502797	0.0466608	0.0192129	0.116436	0.00934376	0.00158932	0.199348	0.00492642	0.221001	0.112605	0.0332382	0.00267824	0.0120397	0.00602982	0.000796774	0.00971954	0.0122249	0.00480639	0.171794	
0.00361839	0.0592595	0.00995829	0.520322	0.0637677	0.0011248	0.005821	0.0539965	0.00301957	0.0532487	0.0228474	0.0157284	0.0308764	0.00192286	0.0192899	0.0136621	0.0679296	0.00166903	0.0226402	0.0292973	
0.0831641	0.0518583	0.0240621	0.0195744	0.0280775	0.0203689	0.0262604	0.0214704	0.00626158	0.0118546	0.00737308	0.0191909	0.00447652	0.0320091	0.0147328	0.0461189	0.457835	0.0803226	0.0230004	0.0219881	
0.491487	0.0283583	0.00302973	0.00416269	0.00504627	0.00125944	0.02644	0.0244545	0.306866	0.0122311	0.0135183	0.0124235	0.00763098	0.0123411	0.00767746	0.011313	0.00271495	0.00455548	0.0128808	0.0116096	
0.265939	0.0274249	0.00384052	0.00505272	0.00708497	0.00254939	0.00998263	0.0116435	0.557177	0.0286416	0.00583468	0.00433734	0.012622	0.00432331	0.00418659	0.00719681	0.00205892	0.0179938	0.00580727	0.0163031	
0.0252715	0.0460288	0.140516	0.0980093	0.0109517	0.00939348	0.00376326	0.0082383	0.00352811	0.0145898	0.0171538	0.170719	0.00527755	0.0408214	0.00569402	0.21459	0.151188	0.00722428	0.0151284	0.0119127	
0.199679	0.010753	0.0509581	0.00203345	0.00530489	0.0514355	0.0363508	0.00463203	0.0108255	0.0146384	0.0316473	0.18084	0.0025443	0.0697245	0.00628746	0.283673	0.00973645	0.000782058	0.0124455	0.0157085	
0.0172671	0.00507384	0.055382	0.0554755	0.00397617	0.00898586	0.024037	0.220242	0.0475771	0.0766984	0.00570872	0.0271528	0.00589409	0.0393563	0.0285999	0.0568281	0.233635	0.0154966	0.0527783	0.0198352	
0.0621017	0.0343043	0.00115482	0.0716384	0.128369	0.0372338	0.00593259	0.00744502	0.00718112	0.00437601	0.0203215	0.409765	0.00860091	0.063715	0.0374215	0.0259632	0.00819186	0.0342733	0.0297196	0.00229107	
0.0113149	0.00538644	0.0081163	0.00926743	0.0167036	0.00814647	0.00382518	0.0543221	0.00370256	0.00805961	0.000649086	0.0188702	0.00553386	0.00802719	0.0114348	0.0062261	0.0140012	0.729372	0.0557064	0.0213348	
0.00488785	0.00446109	0.18682	0.341197	0.0140869	0.00771919	0.00563764	0.00745982	0.0900506	0.00495651	0.00616666	0.0781238	0.0083009	0.0975447	0.0376538	0.0177378	0.0450994	0.00736857	0.0165461	0.0181822	
0.00488785	0.00446109	0.18682	0.341197	0.0140869	0.00771919	0.00563764	0.00745982	0.0900506	0.00495651	0.00616666	0.0781238	0.0083009	0.0975447	0.0376538	0.0177378	0.0450994	0.00736857	0.0165461	0.0181822	
0.354733	0.0519036	0.0192211	0.00648257	0.0176077	0.000851566	0.0188476	0.0431519	0.0713287	0.0593615	0.163089	0.0236014	0.00429411	0.00930758	0.0107331	0.0397508	0.00746219	0.0830951	0.00971357	0.00546399	
0.0148916	0.0317953	0.0107852	0.0262755	0.491201	0.0422866	0.0123464	0.0105213	0.0259755	0.0852033	0.00912721	0.0354221	0.00996058	0.0105329	0.0309408	0.0338232	0.0114966	0.0155277	0.033058	0.0588288	
0.00774499	0.00123945	0.00723368	0.0403879	0.047035	0.0180142	0.0204843	0.113968	0.0247144	0.191856	0.121532	0.0765257	0.00770541	0.0136585	0.0154248	0.0659313	0.0637021	0.062199	0.0108602	0.0897831	
0.0966649	0.00519754	0.0114496	0.0635989	0.00489535	0.0160229	0.0215953	0.0197391	0.030998	0.0289615	0.0163564	0.0685181	0.00162413	0.0176568	0.0258757	0.161237	0.340362	0.0180175	0.00505784	0.0461715	
0.0127791	0.00677224	0.00322484	0.00935718	0.0130948	0.00622161	0.00126459	0.305119	0.0134617	0.321557	0.111389	0.00226077	0.00696212	0.00795913	0.00418677	0.00495318	0.00755646	0.125199	0.0170284	0.0196534	
0.639155	0.0192672	0.00470172	0.00751287	0.00163924	0.00731992	0.00388025	0.00364427	0.00851124	0.0343194	0.0086102	0.00179334	0.00743421	0.0452962	0.00237866	0.0490535	0.109107	0.0111381	0.0129383	0.0222997	
0.097723	0.00404051	0.0186562	0.094484	0.0523099	0.0472535	0.0102134	0.00665901	0.125955	0.0259671	0.00754935	0.0218272	0.00419384	0.0573435	0.160693	0.0584583	0.112166	0.0132281	0.00421973	0.0770597	
0.104066	0.00763076	0.251858	0.215664	0.00263805	0.0125857	0.00846825	0.00977356	0.0238959	0.0627063	0.0196912	0.0394051	0.00682376	0.147567	0.0450839	0.0292891	0.00232085	0.00393157	0.00185743	0.00474383	
0.00915902	0.00835774	0.00434246	0.0189771	0.0123454	0.00799003	0.0134252	0.577726	0.00680797	0.069182	0.029095	0.00322933	0.00635707	0.00823378	0.0103428	0.00458675	0.00791795	0.180393	0.0125256	0.0090061	
