0.0267203	0.034023	0.0369498	0.0330462	0.0347183	0.0225477	0.0589447	0.0234344	0.0385309	0.0240047	0.391903	0.0347858	0.0267649	0.0330739	0.0280615	0.018097	0.0324922	0.0215149	0.0456833	0.0347032
0.753436	0.00815448	0.00792142	0.0152312	0.00960084	0.00968595	0.00669062	0.00613949	0.00828853	0.00291323	0.037369	0.00654594	0.00173354	0.0073551	0.00662674	0.0038125	0.00452854	0.0803493	0.0158169	0.00780085
0.059008	0.00302878	0.00549424	0.00587189	0.119771	0.00284074	0.0492255	0.0336272	0.00665727	0.172619	0.0494043	0.0694343	0.00400447	0.0266299	0.0140559	0.116818	0.0220202	0.0112707	0.0571455	0.171073
0.020215	0.0297093	0.00617246	0.0371193	0.153016	0.0104869	0.0250174	0.0811783	0.01773	0.108686	0.0220144	0.114932	0.000539672	0.0294814	0.0195713	0.0856465	0.0291462	0.0322969	0.0489697	0.128072
0.11432	0.0747592	0.00965429	0.00412513	0.00746601	0.213952	0.0167866	0.00740872	0.00442452	0.0197147	0.0115272	0.0394039	0.0676713	0.00203958	0.116378	0.12261	0.067987	0.00215777	0.0843425	0.013271
0.00600572	0.0105776	0.00776459	0.00743314	0.0070498	0.00593215	0.022302	0.0311934	0.00590121	0.00599661	0.0156291	0.0101883	0.0099229	0.00703887	0.00440501	0.00391377	0.808604	0.00421504	0.0199349	0.00599248
0.00321306	0.0178731	0.0111717	0.0110055	0.00810984	0.0051221	0.00983133	0.00810053	0.804875	0.00258929	0.00983406	0.0430169	0.00255886	0.0154337	0.00450156	0.00250212	0.00588778	0.00572101	0.0172974	0.0113555
0.00476563	0.0213677	0.00880291	0.00774578	0.00756188	0.0207703	0.00518379	0.0045235	0.00550844	0.0381585	0.0148434	0.00635108	0.027389	0.113642	0.653544	0.00431769	0.0108597	0.00748728	0.0310344	0.00614288
0.149201	0.00773109	0.00386071	0.00844503	0.0404406	0.00789129	0.00506657	0.0215325	0.00553367	0.131216	0.0731695	0.174819	0.00714791	0.0306192	0.00397375	0.246489	0.016105	0.00906865	0.0220745	0.0356149
0.139173	0.0135234	0.0223491	0.00440267	0.0356887	0.00990206	0.0899233	0.10188	0.0930861	0.0865268	0.0355451	0.0287971	0.0196934	0.0277917	0.00199735	0.012553	0.0273739	0.0968392	0.00274306	0.150211
0.0214072	0.042341	0.0553487	0.364081	0.0137284	0.0241632	0.0142118	0.0316857	0.0300817	0.0162579	0.0495753	0.0226075	0.0100285	0.0279457	0.0329222	0.074979	0.0209821	0.065225	0.0647202	0.0177084
0.023171	0.0309584	0.00834118	0.00462839	0.0252961	0.01145	0.12862	0.0257047	0.253064	0.0471084	0.017461	0.0898921	0.0063317	0.0634296	0.141292	0.0524935	0.0304085	0.0167637	0.017562	0.00602365
0.0213318	0.0378681	0.150709	0.025408	0.0151562	0.0208727	0.0129604	0.0481427	0.0161613	0.01284	0.507107	0.0312924	0.00757271	0.0132827	0.00806245	0.0111249	0.0120167	0.0171096	0.0218446	0.00913761
0.0129266	0.051407	0.0508528	0.402419	0.0342313	0.0123653	0.00812169	0.0227045	0.155271	0.013407	0.0192814	0.0556856	0.00300708	0.0338336	0.0137292	0.0110336	0.0418227	0.0183235	0.0267257	0.0128514
0.00690341	0.0194983	0.0104689	0.054823	0.0397202	0.00792109	0.0521044	0.133786	0.00886004	0.179353	0.0131539	0.0307941	0.00473124	0.0165913	0.00687262	0.0243724	0.338233	0.0241468	0.0164151	0.0112512
0.0291918	0.0167214	0.387046	0.0806289	0.0161375	0.126655	0.0232251	0.0174263	0.00862459	0.0072103	0.048951	0.0362116	0.00817991	0.0364633	0.0637668	0.025042	0.0144917	0.0117933	0.0183995	0.0238345
0.0429215	0.140502	0.00672708	0.013351	0.00629327	0.267149	0.0110901	0.0359266	0.0371597	0.00587052	0.109609	0.0164176	0.12334	0.0823971	0.022337	0.0233937	0.0252822	0.0109073	0.0127479	0.00657683
0.0289029	0.0228583	0.0852369	0.199739	0.0246041	0.0225869	0.0588438	0.0299697	0.018206	0.0939381	0.00734785	0.0320765	0.0562936	0.0206169	0.0102892	0.0240005	0.0509712	0.13817	0.027744	0.0476045
0.0168939	0.0348444	0.0295544	0.0133671	0.0442922	0.00696694	0.0391365	0.0107281	0.0184242	0.00454453	0.0262009	0.0202155	0.0106893	0.0197644	0.606987	0.00988159	0.0223607	0.0252677	0.014937	0.0249439
0.00749704	0.0114717	0.0054173	0.00884077	0.00805087	0.00645367	0.00925089	0.00787369	0.00736358	0.0128877	0.0132932	0.010441	0.170161	0.520811	0.0325797	0.128047	0.0118318	0.00843699	0.00910945	0.0101823
0.0145732	0.039211	0.0145381	0.111269	0.00400475	0.00918529	0.0153396	0.0173016	0.115147	0.0688146	0.162424	0.131939	0.0630851	0.0129848	0.0482042	0.0754241	0.0506901	0.0195422	0.0134865	0.0128357
0.1686	0.0101449	0.0343894	0.0181164	0.0179436	0.0133823	0.0276053	0.0131595	0.124621	0.00942194	0.0054282	0.0149912	0.0326199	0.0248823	0.0891188	0.105883	0.120079	0.147797	0.0124369	0.009378
0.062148	0.0382455	0.00414307	0.00982129	0.0365773	0.0327724	0.223583	0.0161119	0.0174603	0.0704161	0.0130152	0.0446055	0.0094108	0.102912	0.0489957	0.116488	0.0853377	0.0210183	0.0210568	0.0258798
0.022144	0.0233075	0.0189632	0.333328	0.00849714	0.00567467	0.0403025	0.0501902	0.0288087	0.0192734	0.0174776	0.0102951	0.0154717	0.20733	0.0398313	0.0195197	0.03555	0.0615727	0.0114545	0.0310084
0.00811463	0.00448234	0.00614811	0.0182435	0.00730951	0.13979	0.00837923	0.18297	0.0565737	0.0211706	0.124638	0.00504272	0.0101762	0.163784	0.0931517	0.0146148	0.00531456	0.113684	0.0121359	0.00427817
0.0587529	0.00963722	0.0136944	0.0222971	0.0503084	0.0126739	0.0272092	0.0148287	0.116635	0.0232016	0.01622	0.00481549	0.0102268	0.0244068	0.382069	0.135484	0.0176977	0.0167928	0.0146615	0.0283868
0.126278	0.00858309	0.00608561	0.0154002	0.00520391	0.0132903	0.0961248	0.0155633	0.112695	0.0446549	0.080001	0.0310404	0.0179286	0.0995245	0.100816	0.0380055	0.0327937	0.138947	0.00849967	0.0085645
0.102519	0.0399112	0.00599053	0.00632756	0.0382587	0.0885642	0.029673	0.00834292	0.0515464	0.0150286	0.0193306	0.0991315	0.0047593	0.147546	0.0541018	0.242136	0.0192359	0.00765808	0.0097702	0.0101676
0.0913605	0.0242045	0.0622056	0.0166549	0.0227076	0.0123796	0.0056707	0.160859	0.0102423	0.0129455	0.0376734	0.00930408	0.0174131	0.0163756	0.0346726	0.0424261	0.030133	0.361388	0.0192107	0.0121737
0.115669	0.0452866	0.00916147	0.0301051	0.0602705	0.242468	0.00398784	0.00692948	0.0342158	0.00943597	0.0256986	0.0383797	0.0163761	0.206385	0.0187017	0.0343601	0.0456499	0.017232	0.025148	0.0145389
0.0177469	0.0476178	0.00646608	0.111855	0.0306066	0.095745	0.0152926	0.0354214	0.243978	0.0146442	0.0386573	0.0400049	0.0483283	0.0221241	0.150708	0.0242289	0.0181463	0.0170688	0.0154922	0.0058688
0.00815988	0.0137718	0.0164009	0.0113355	0.0290191	0.0199809	0.0170026	0.0187597	0.0156328	0.00698997	0.319721	0.202695	0.0224219	0.00848448	0.0131031	0.121732	0.0309219	0.0748891	0.0214018	0.0275765
0.106116	0.0790042	0.0106252	0.0291286	0.014783	0.0698073	0.00311674	0.199236	0.00688559	0.119036	0.154106	0.0196538	0.00936293	0.00624259	0.00504427	0.0227012	0.0625515	0.0592664	0.0106933	0.0126398
0.0993696	0.0787686	0.0881986	0.102226	0.0467888	0.03302	0.0331673	0.0830872	0.00738363	0.0555775	0.106594	0.0302363	0.00240427	0.0499295	0.0204097	0.0442367	0.0227293	0.060659	0.0135347	0.0216783
0.0561152	0.0371026	0.011689	0.0130606	0.0301057	0.328008	0.0520917	0.0260758	0.0255739	0.0208054	0.0222807	0.0282525	0.0161771	0.0116456	0.0220818	0.184677	0.0395234	0.0196522	0.0246091	0.0304731
0.0474425	0.0174187	0.0243211	0.0167066	0.141007	0.0243037	0.0208865	0.200437	0.0104907	0.0287051	0.125444	0.00612266	0.00969765	0.0552364	0.0350088	0.0350842	0.0977924	0.0744177	0.0219654	0.0075119
0.0320368	0.0388558	0.0376132	0.112744	0.0356764	0.270181	0.0164212	0.0135703	0.0173942	0.0288154	0.0332695	0.0248516	0.0315805	0.0173712	0.00982759	0.12389	0.0146926	0.0826313	0.0433799	0.0151969
0.0287068	0.0298074	0.0389035	0.0206836	0.0302731	0.06211	0.0500579	0.0198838	0.0476995	0.0903143	0.031809	0.0253166	0.0506959	0.058687	0.264939	0.029491	0.0253476	0.0146851	0.0577024	0.0228874
0.125941	0.0503509	0.0105986	0.0299155	0.179634	0.0131351	0.011483	0.0156566	0.014749	0.0204649	0.0363818	0.0812971	0.0245156	0.0164709	0.0221543	0.0376906	0.0244405	0.0282982	0.191582	0.0652408
0.0741468	0.00859543	0.0688308	0.00965043	0.01784	0.0137335	0.192919	0.0203196	0.00818806	0.0167341	0.0151906	0.00870337	0.0188391	0.0390147	0.0893607	0.012317	0.0239845	0.0225314	0.0301406	0.308959
0.0305973	0.0578092	0.0312627	0.0539471	0.0560039	0.0687419	0.0129419	0.0985103	0.00488694	0.0472658	0.0252623	0.0604552	0.0531666	0.0583296	0.0205082	0.113934	0.0830607	0.0385815	0.0563833	0.028352
0.0313622	0.0435922	0.0149363	0.0382417	0.0155364	0.0422928	0.044243	0.0124935	0.0986303	0.0137424	0.0204628	0.013364	0.0445872	0.442813	0.0189677	0.0227497	0.0139842	0.0193302	0.0231645	0.025506
0.056876	0.0354896	0.0278651	0.0268739	0.0418671	0.0173363	0.0639294	0.0401285	0.0692699	0.0706274	0.266722	0.0639207	0.0116583	0.020316	0.0274655	0.0235996	0.0691435	0.0269315	0.013809	0.02617
0.059806	0.18177	0.00987047	0.0665026	0.0161814	0.0524513	0.0223981	0.155371	0.0613587	0.0650468	0.0209508	0.0630679	0.0107234	0.0211597	0.0543669	0.022714	0.0334102	0.0216527	0.0378418	0.0233555
0.0240498	0.0846644	0.0155701	0.0154267	0.0175088	0.0170949	0.0127395	0.0187601	0.0215771	0.10868	0.0364789	0.0592048	0.0453631	0.0106599	0.0182232	0.153499	0.278897	0.0403068	0.0130694	0.00822594
0.0129684	0.0559358	0.0341066	0.288054	0.0709005	0.0190683	0.0202801	0.036007	0.0172259	0.0138561	0.0270715	0.0516286	0.138877	0.0300953	0.0610454	0.0169768	0.051715	0.0194772	0.0241324	0.0105777
0.00640421	0.0438816	0.0470842	0.0235279	0.00938852	0.0587374	0.0171545	0.0473909	0.0293852	0.236681	0.0402959	0.0190394	0.0805007	0.00881439	0.0776399	0.0287978	0.0448527	0.105671	0.0122739	0.0624777
0.0962949	0.0292453	0.0276446	0.0116715	0.0211158	0.0249809	0.056494	0.0387538	0.223516	0.0408	0.071377	0.0375628	0.015311	0.123549	0.0156951	0.0284176	0.0824797	0.0312943	0.0164139	0.00738271
0.0869053	0.0274794	0.0135452	0.0114855	0.115178	0.0162262	0.0125531	0.0339752	0.0101826	0.167054	0.0600027	0.0292777	0.036558	0.0305519	0.0363846	0.0189713	0.0844957	0.0722875	0.0297994	0.107087
0.164459	0.022102	0.0189536	0.0632239	0.0561975	0.118915	0.0433046	0.00681409	0.0258141	0.0305025	0.0374641	0.0270542	0.0774016	0.117122	0.0304581	0.0725421	0.0504035	0.0187303	0.00581364	0.0127251
0.0433123	0.0240979	0.0997837	0.0298079	0.00675354	0.100484	0.0106969	0.043013	0.00513615	0.0678392	0.0327775	0.156227	0.0319298	0.0706071	0.0299509	0.0261473	0.149919	0.0606742	0.00537768	0.00546493
0.178947	0.0135375	0.0131482	0.0601401	0.0237367	0.0445854	0.0199354	0.0160332	0.0189756	0.0102068	0.0265673	0.0680986	0.00360033	0.00563298	0.022236	0.0581551	0.209025	0.0339563	0.0249926	0.148489
0.122332	0.0295843	0.0671343	0.252813	0.0185505	0.0119098	0.0204783	0.0185984	0.0071533	0.0150492	0.0315287	0.0193662	0.0110751	0.043047	0.0339329	0.065295	0.0371977	0.0126547	0.0673033	0.114996
0.0715801	0.0291016	0.0447872	0.0447475	0.0122044	0.268301	0.0709147	0.0164516	0.010989	0.0132177	0.0295746	0.0412517	0.0431156	0.0433128	0.0316757	0.0969522	0.0743735	0.0172361	0.0186914	0.0215209
0.021047	0.0526611	0.0353723	0.0167818	0.0277426	0.00796636	0.0662944	0.028985	0.193284	0.0716328	0.0242388	0.0154401	0.0476831	0.0513971	0.20456	0.0205686	0.0221225	0.0344079	0.0168092	0.0410064
0.0348051	0.0684093	0.0126988	0.0312606	0.0164005	0.0399014	0.0603827	0.0463293	0.0124311	0.127564	0.0623782	0.20427	0.039177	0.0152711	0.0128801	0.0490904	0.0921586	0.0433364	0.0103575	0.0208986
0.0455538	0.0219013	0.0231771	0.0205323	0.0135844	0.0669919	0.00940542	0.190766	0.02193	0.193261	0.0279235	0.0267476	0.028007	0.0480542	0.0301755	0.0169904	0.0256787	0.165883	0.00950906	0.0139279
0.0325451	0.0144668	0.0300649	0.0478425	0.0213851	0.0251618	0.0689585	0.0175627	0.054547	0.0206541	0.00998804	0.122292	0.0373875	0.294535	0.0493731	0.0314644	0.0180129	0.0200886	0.0191904	0.0644791
0.0279828	0.0166261	0.0828332	0.0228719	0.0157348	0.147641	0.0500889	0.00935546	0.064772	0.0156956	0.0217929	0.315231	0.0229714	0.0145575	0.0308643	0.0110234	0.0658066	0.0361645	0.0178455	0.0101413
0.030247	0.0737586	0.0171447	0.0170555	0.0108548	0.114122	0.00749085	0.0728048	0.0144565	0.0380263	0.0380381	0.0824889	0.0113976	0.0278996	0.0350523	0.243055	0.100162	0.0346169	0.012853	0.0184746
0.0226054	0.0314008	0.117727	0.00909508	0.0275151	0.0368603	0.0280185	0.0430838	0.0124446	0.187698	0.0182687	0.0421674	0.020185	0.0330455	0.0109004	0.0585831	0.0623928	0.210157	0.0113011	0.0165518
0.0382867	0.0296237	0.0128559	0.0569805	0.0136279	0.0534559	0.0213713	0.00752684	0.0080744	0.0159909	0.00943699	0.26434	0.0303218	0.0125558	0.0255805	0.167332	0.165547	0.0238777	0.0166512	0.0265631
0.157949	0.0754072	0.0138759	0.00843725	0.0286789	0.00901485	0.0167756	0.205518	0.0253996	0.0954342	0.0704478	0.00767103	0.0701999	0.0238399	0.0399817	0.0178245	0.0358559	0.059382	0.0216204	0.0166856
0.0197555	0.0309573	0.0628582	0.307046	0.0296418	0.0687512	0.0346229	0.0558587	0.0177716	0.0384767	0.0386665	0.038318	0.0459756	0.00993004	0.0389887	0.0291308	0.0371836	0.0155346	0.0269858	0.0535459
0.0215808	0.0174731	0.0211829	0.047951	0.0230194	0.0230552	0.0184685	0.010249	0.0970027	0.0204342	0.0188892	0.0606517	0.0407863	0.0294348	0.399572	0.0506851	0.0342488	0.0307107	0.0234347	0.0111698
0.0370807	0.0588232	0.0408565	0.0219929	0.0991078	0.0572808	0.0218918	0.0466404	0.0400606	0.018091	0.267975	0.0425423	0.0150376	0.0535115	0.0191866	0.0517907	0.0274036	0.0285208	0.0305564	0.0216497
0.0855962	0.0353311	0.0279005	0.039525	0.0272042	0.0385313	0.0346002	0.0401994	0.0288288	0.0175746	0.0930413	0.118354	0.0151452	0.0319204	0.017093	0.0360782	0.0270978	0.226626	0.0184132	0.04094
0.0332254	0.0373858	0.0161961	0.0231638	0.0388799	0.034071	0.0987703	0.125058	0.0403572	0.217414	0.0334849	0.0423881	0.0347169	0.051941	0.0186865	0.067461	0.0216034	0.0136177	0.0299786	0.0216004
0.0498252	0.0567039	0.0197713	0.0232332	0.0166313	0.0753615	0.0340979	0.021976	0.0122033	0.0225155	0.027089	0.0444896	0.0403273	0.0146754	0.0186038	0.427609	0.0441197	0.0213459	0.01469	0.0147316
0.229884	0.0252822	0.0787798	0.015151	0.0105818	0.170891	0.0180231	0.0247243	0.017271	0.00984042	0.0102672	0.0250761	0.0102468	0.018501	0.0134919	0.175186	0.0858557	0.00811742	0.0146506	0.0381797
0.0536627	0.01282	0.0552013	0.0183586	0.229188	0.0257544	0.0276375	0.0100789	0.0606683	0.0230018	0.00791711	0.0393799	0.0475554	0.0372772	0.0685943	0.032939	0.026791	0.0365489	0.0257168	0.160909
0.0296578	0.0423507	0.390829	0.0345905	0.0326502	0.026682	0.0170517	0.020908	0.0221778	0.0195968	0.044706	0.0224995	0.0121307	0.0156761	0.0702206	0.0183936	0.0503315	0.0264065	0.082915	0.0202262
0.0275924	0.0201832	0.0478375	0.0466981	0.0646855	0.0196616	0.0178548	0.118744	0.0622394	0.166754	0.0186532	0.0180325	0.00207701	0.0318785	0.0153631	0.031558	0.127265	0.118942	0.0407048	0.00327432
0.0368071	0.0116137	0.0922186	0.02854	0.0219947	0.0126253	0.0171316	0.0102502	0.0957291	0.0764597	0.0242953	0.0202167	0.0100726	0.0774846	0.305121	0.0426586	0.0129918	0.0527331	0.0350687	0.0159874
0.0258813	0.0297062	0.031426	0.0146874	0.025868	0.0232014	0.0284067	0.00887417	0.179087	0.00705561	0.0238932	0.0292381	0.0136188	0.00971189	0.382948	0.00752686	0.0615649	0.018979	0.02797	0.0503558
0.0290601	0.0486677	0.00977433	0.073942	0.00993348	0.0143717	0.00741068	0.0962661	0.0377728	0.0631256	0.0668583	0.157845	0.00501966	0.104096	0.0109695	0.0149354	0.0172315	0.0147845	0.204257	0.0136783
0.0650465	0.0581684	0.00586924	0.0111158	0.00918619	0.0534999	0.0928323	0.085939	0.0575376	0.0347666	0.0943444	0.0687549	0.0108702	0.0413373	0.176531	0.0567085	0.0381571	0.0236939	0.0104884	0.00515265
0.0276396	0.0227822	0.0164306	0.041979	0.247064	0.02111	0.0913015	0.0446337	0.0125535	0.00741039	0.011289	0.017663	0.0106181	0.0110227	0.026897	0.0116368	0.01	0.0362855	0.0338384	0.297845
0.0294321	0.0486385	0.0105782	0.0222314	0.028979	0.0184748	0.0164841	0.0702043	0.0210461	0.425317	0.0672263	0.0304294	0.0249308	0.0285245	0.0224928	0.0197858	0.0159115	0.0509367	0.0152759	0.0331006
0.0290958	0.0273238	0.0503394	0.289749	0.0512338	0.0236297	0.0267775	0.0469425	0.0379026	0.026211	0.0264197	0.0615513	0.00436935	0.0369739	0.0108823	0.0322843	0.0675324	0.0442078	0.0331897	0.0733842
0.0123147	0.0446411	0.0671134	0.292144	0.0532664	0.0389173	0.028431	0.0625438	0.0254603	0.0363177	0.0304047	0.0497506	0.0105093	0.0120959	0.0247155	0.0476855	0.0272782	0.0864286	0.00955008	0.0404316
0.0154404	0.0894386	0.00348342	0.00654377	0.15148	0.00362325	0.0859075	0.0163346	0.0363595	0.0172181	0.103386	0.0297511	0.00226481	0.17682	0.0317411	0.0428543	0.0312823	0.0249487	0.072793	0.0583276
0.0550812	0.0459429	0.00591436	0.0145285	0.0172261	0.0352617	0.0258339	0.0218657	0.00771265	0.00940276	0.043881	0.0539572	0.135381	0.377904	0.0215536	0.0324061	0.0241498	0.0399615	0.0196668	0.0123686
0.264348	0.0935061	0.00464478	0.00804319	0.00312082	0.0562503	0.00860219	0.0233365	0.00509062	0.0525364	0.0497858	0.157517	0.0141862	0.0186199	0.00614247	0.0828785	0.0805471	0.0129456	0.0514919	0.00640649
0.124418	0.0445317	0.00605219	0.0179976	0.0210497	0.0638308	0.026057	0.0362386	0.0197207	0.0305717	0.0226621	0.116139	0.0951072	0.0807576	0.0655708	0.0603875	0.0840793	0.0373367	0.00844999	0.0390423
0.0539021	0.0131923	0.00736948	0.0117553	0.0101014	0.151985	0.111703	0.00834371	0.0314311	0.0668665	0.00821418	0.249003	0.0609274	0.0291089	0.0620119	0.0620511	0.0309728	0.00759937	0.0105229	0.0129384
0.0110471	0.0223098	0.0103546	0.0430849	0.00972695	0.0170557	0.0193997	0.0243129	0.576472	0.00887688	0.0380976	0.0135637	0.0235312	0.0191468	0.036406	0.0280625	0.0248626	0.0320045	0.00995125	0.0317332
0.0049555	0.146899	0.267504	0.0242153	0.019634	0.0215776	0.0125982	0.0315894	0.00805601	0.0145689	0.0204577	0.279245	0.0139997	0.0361913	0.00662694	0.0533255	0.0131968	0.0130174	0.00932068	0.00302155
0.114186	0.122078	0.0124626	0.0110281	0.067718	0.042232	0.0160018	0.0149742	0.0102369	0.0447221	0.0149189	0.0173417	0.168525	0.00856477	0.0124137	0.0838313	0.0168423	0.106083	0.0899634	0.0258761
0.0220217	0.0160978	0.0120557	0.0083363	0.0066804	0.0218596	0.0644265	0.0826458	0.106389	0.0283282	0.0670878	0.0913476	0.00266336	0.146581	0.0760066	0.0420875	0.138456	0.0379826	0.0164159	0.0125307
0.0168306	0.035908	0.0152879	0.0132159	0.0203593	0.0137128	0.0181845	0.012166	0.486595	0.00903648	0.0223363	0.0264962	0.0149428	0.0148029	0.201485	0.0182353	0.00966185	0.0104522	0.0232514	0.0170393
0.0441771	0.0173664	0.0193248	0.00986114	0.0504059	0.0642424	0.03188	0.0190483	0.0162919	0.0312961	0.0408423	0.104369	0.0181431	0.0207422	0.014885	0.0259083	0.430612	0.0127191	0.0194593	0.00842626
0.0161174	0.0115601	0.0248342	0.0348158	0.0291415	0.438449	0.0245617	0.016261	0.023362	0.0203001	0.0518142	0.0162785	0.049551	0.0645398	0.0172575	0.0524125	0.0356442	0.0087581	0.0508344	0.0135074
0.0143634	0.0263047	0.0665398	0.0551107	0.0143882	0.418636	0.0263108	0.045977	0.0466764	0.0262047	0.0455783	0.036215	0.0221599	0.028941	0.0208175	0.0180362	0.0331272	0.012328	0.0210579	0.0212279
0.0921961	0.055823	0.0490024	0.0125577	0.0113342	0.113918	0.0465294	0.0192166	0.0415061	0.0136913	0.0231261	0.0330954	0.259815	0.0248223	0.0229415	0.0669071	0.0188816	0.0462908	0.0266877	0.0216585
0.0209379	0.0294597	0.029761	0.0262893	0.0505454	0.0107008	0.0146818	0.249257	0.0154322	0.156336	0.0424961	0.0178389	0.0195012	0.0158127	0.0134808	0.031814	0.060145	0.10202	0.0237523	0.0697379
0.0266305	0.0506695	0.0184803	0.0578171	0.068826	0.0415601	0.0270934	0.0253937	0.137965	0.0208883	0.0094616	0.0342689	0.0138774	0.06451	0.0418173	0.0188178	0.0167585	0.0406723	0.016806	0.267686
0.0361797	0.0356158	0.0100868	0.014435	0.0192825	0.0175264	0.0661651	0.0179027	0.219321	0.0595033	0.0400629	0.0701174	0.0189522	0.0713669	0.10636	0.0649883	0.0538322	0.0352786	0.0302399	0.0127834
0.0263143	0.0399558	0.0188327	0.0291008	0.0139553	0.048406	0.0302776	0.0113934	0.165057	0.0281648	0.0156568	0.0338113	0.0121484	0.0303094	0.292666	0.0159616	0.071933	0.0319617	0.0226466	0.0614473
0.151412	0.0174509	0.0131653	0.0300663	0.0212885	0.0322984	0.110538	0.0397098	0.0212931	0.119323	0.0454744	0.041493	0.074264	0.0447055	0.0358644	0.0421657	0.0269299	0.0817971	0.0192424	0.0315188
0.0454757	0.0199877	0.279755	0.0553459	0.00645594	0.0270364	0.0188608	0.0358759	0.0202687	0.0637416	0.0158521	0.0683505	0.0929146	0.0298645	0.0395433	0.0278764	0.104819	0.0308428	0.00985537	0.0072776
0.0184327	0.0371306	0.00900923	0.0131739	0.0956981	0.0606088	0.0465667	0.00933257	0.0659374	0.0947319	0.0330756	0.0148915	0.0113067	0.0134739	0.197847	0.0551908	0.0149267	0.010813	0.121388	0.076465
0.0700032	0.0225241	0.0145894	0.0251736	0.00871639	0.0282889	0.0739655	0.0267437	0.193444	0.0375816	0.0366611	0.128717	0.0123082	0.0229063	0.0384837	0.0354684	0.0386799	0.164317	0.0131564	0.00827127
0.021103	0.0155296	0.0357702	0.0137839	0.195021	0.0114923	0.013886	0.0799886	0.0133437	0.0233957	0.0145885	0.0150098	0.0146964	0.0114853	0.0298324	0.0258605	0.0287423	0.0728316	0.326916	0.0367227
0.0207721	0.116747	0.0507028	0.0239644	0.0936152	0.0127138	0.0519995	0.0370259	0.0349522	0.0898252	0.165235	0.0608198	0.0328396	0.0329	0.0244425	0.0289973	0.0329279	0.0292586	0.0221254	0.038136
0.033393	0.0342874	0.0328964	0.0562595	0.0185771	0.021358	0.0245397	0.0294073	0.0387302	0.0417009	0.0219278	0.0248668	0.0161586	0.0217984	0.435099	0.019032	0.0260616	0.028633	0.0339953	0.0412778
0.0386573	0.0189715	0.188092	0.313763	0.0168574	0.0139503	0.0880672	0.0137996	0.021638	0.0273678	0.0230917	0.0557834	0.0201111	0.0135727	0.0155871	0.0329803	0.0267515	0.0350203	0.0182393	0.0176986
0.0229763	0.0219149	0.00941209	0.0183301	0.0368713	0.0553817	0.0365512	0.0310827	0.0458077	0.329188	0.0342698	0.0147494	0.0828413	0.0722282	0.0193159	0.0410662	0.0437846	0.0378493	0.0189438	0.0274355
0.0305039	0.269107	0.0156309	0.0577924	0.0346243	0.0219154	0.019624	0.0676139	0.0434972	0.0531359	0.0220685	0.00761745	0.0167349	0.0359775	0.019423	0.0195943	0.0276846	0.215773	0.0112578	0.0104234
0.0105275	0.025396	0.0331201	0.0149108	0.0292419	0.0139256	0.024025	0.0640659	0.049156	0.477091	0.0193427	0.0158245	0.0644647	0.017856	0.0270832	0.0144564	0.023679	0.0317505	0.0260792	0.0180046
0.0155612	0.00766115	0.0175918	0.0691959	0.0904338	0.0116016	0.0554535	0.0340346	0.00791945	0.0287079	0.186568	0.0199642	0.0165489	0.027321	0.010334	0.0573304	0.186682	0.0255573	0.0237564	0.107777
0.0301094	0.0403189	0.251934	0.0468069	0.0115136	0.0304485	0.0377419	0.0233471	0.0149198	0.059355	0.0200716	0.201577	0.0251013	0.0140189	0.0456403	0.0129637	0.0160989	0.0296045	0.0231326	0.0652963
0.0099059	0.013903	0.0269139	0.0237929	0.0368971	0.00759066	0.0323604	0.0109258	0.503788	0.0243065	0.0230817	0.0299628	0.0123662	0.0621174	0.0320051	0.055341	0.0235147	0.0132487	0.0387704	0.0192084
0.0298524	0.0197092	0.0882903	0.213404	0.0626136	0.0246202	0.0214968	0.0356457	0.0938891	0.0111754	0.0203957	0.0739747	0.0162007	0.0603683	0.00986959	0.0129394	0.0234311	0.00591205	0.109814	0.0663976
0.0329359	0.0189192	0.0696783	0.459641	0.0566936	0.0151903	0.0226244	0.0294123	0.0327901	0.0267153	0.0338501	0.0276514	0.0143179	0.0306176	0.0382444	0.0244567	0.0221635	0.0109095	0.0107804	0.0224078
0.0168744	0.107059	0.0176332	0.0142513	0.0196109	0.0225175	0.0102152	0.264123	0.0168744	0.0196464	0.00447603	0.0440419	0.012599	0.0135933	0.00932727	0.00941859	0.0543405	0.313235	0.020712	0.00945081
0.0186655	0.0799909	0.014539	0.0204512	0.021739	0.0120876	0.0340669	0.0401986	0.0301364	0.0640571	0.129275	0.0125362	0.00653611	0.146403	0.167667	0.0540086	0.0372632	0.0572649	0.0162967	0.036816
0.0373402	0.0257248	0.0207466	0.0538062	0.0301886	0.0274195	0.027554	0.0558802	0.0741622	0.0704923	0.0229538	0.00941372	0.026598	0.0469115	0.29888	0.0198932	0.0368693	0.0381549	0.0404362	0.0365741
0.0152695	0.0613441	0.0420852	0.0193546	0.0184254	0.0340858	0.025327	0.352432	0.0148446	0.0283726	0.0562827	0.0327156	0.0170728	0.0362924	0.0128381	0.0195891	0.0417606	0.112441	0.0313066	0.0281608
0.0240558	0.0280839	0.0274546	0.0205596	0.0551831	0.0259771	0.0277755	0.0292484	0.0353181	0.0193764	0.0456393	0.0502689	0.0228293	0.0289325	0.0117465	0.0177456	0.0121299	0.0212292	0.37278	0.123667
0.0224564	0.0732065	0.0200243	0.0127168	0.0252768	0.0180656	0.0486359	0.0256818	0.0421613	0.0981995	0.0358357	0.0628892	0.0101462	0.0146914	0.233872	0.12924	0.035416	0.0215991	0.0376932	0.0321931
0.0117683	0.0435362	0.00312815	0.016229	0.0789383	0.00823783	0.0808996	0.12648	0.0163387	0.0776314	0.0393146	0.0259113	0.028052	0.132975	0.035793	0.0225402	0.0233375	0.210398	0.00742959	0.0110615
0.310744	0.0829364	0.0143882	0.021577	0.0140999	0.149448	0.0190616	0.0220369	0.0101801	0.0336907	0.0165002	0.0249674	0.0256458	0.0198289	0.0460754	0.075971	0.0368313	0.0432873	0.0228001	0.00993037
0.0244518	0.0485421	0.018313	0.0359501	0.0566128	0.0933573	0.0306903	0.0260746	0.018558	0.0155378	0.0413525	0.270756	0.0339785	0.0286895	0.0161864	0.0864367	0.013096	0.0129791	0.0526887	0.0757486
0.0288599	0.111157	0.025589	0.0180977	0.0687373	0.0412826	0.0225193	0.0340397	0.0181303	0.0681678	0.0528001	0.193182	0.014319	0.0625821	0.0295992	0.058839	0.0360705	0.036279	0.0162837	0.0634642
0.0877314	0.0742577	0.0140077	0.0314132	0.0142813	0.173025	0.0149318	0.0117751	0.0138379	0.193194	0.0654921	0.0481936	0.00782761	0.0308863	0.0622052	0.0522809	0.0467378	0.0279995	0.0214924	0.00843055
0.0848481	0.0157439	0.0627544	0.037055	0.0510349	0.0448141	0.0517284	0.0325577	0.0379718	0.123738	0.0359115	0.0274227	0.0127795	0.0946788	0.0353581	0.0362674	0.0699992	0.0834343	0.0428737	0.0190279
0.0955337	0.016538	0.0665783	0.0219535	0.0967505	0.0178353	0.179546	0.0226505	0.0119965	0.0511628	0.015134	0.0958587	0.047108	0.0170547	0.019619	0.03376	0.0643007	0.0535511	0.00822907	0.0648399
0.168021	0.034915	0.00736093	0.0237626	0.0165609	0.16711	0.0180136	0.0233669	0.127983	0.0498458	0.0303776	0.0240296	0.016487	0.0388957	0.0708495	0.0454057	0.0622871	0.0576007	0.00695802	0.0101698
0.0168402	0.0709238	0.0140081	0.0178107	0.0160218	0.00870864	0.0798192	0.00945376	0.125983	0.0438854	0.0600699	0.0241734	0.0243406	0.026117	0.0460018	0.0357827	0.187821	0.147991	0.0314989	0.0127481
0.20528	0.0237856	0.0116957	0.0332886	0.00759422	0.0268772	0.0768484	0.0111708	0.00662815	0.0117538	0.0483092	0.0450858	0.275228	0.0506643	0.00643045	0.0924974	0.0161031	0.0226155	0.0164511	0.0116918
0.0358851	0.021916	0.0323229	0.0187333	0.0114634	0.328782	0.0284625	0.176954	0.0143382	0.0211404	0.0382333	0.0308638	0.0208572	0.0362688	0.0139219	0.104004	0.0139396	0.0152348	0.018936	0.0177436
0.0338394	0.012111	0.0890649	0.014691	0.018993	0.0135294	0.00794574	0.307364	0.0388327	0.258687	0.0535566	0.0104823	0.0174786	0.0247204	0.0134451	0.0105077	0.0139718	0.0378454	0.0107205	0.0122132
0.0489515	0.0805084	0.0340254	0.0241004	0.0246486	0.0163141	0.0122484	0.013402	0.006572	0.0180539	0.0339838	0.0324702	0.0194692	0.014206	0.012009	0.099992	0.40428	0.0745612	0.0160019	0.014202
0.0332027	0.0259932	0.0172321	0.0260724	0.0495219	0.0258239	0.396952	0.0176224	0.0357603	0.0144423	0.103892	0.0358759	0.0374869	0.0558922	0.02524	0.0231196	0.0213028	0.0132679	0.014215	0.027084
0.0519012	0.0756341	0.0100204	0.0304295	0.0344321	0.0222198	0.0208626	0.212625	0.00583088	0.0733337	0.184088	0.0126426	0.0113907	0.0824319	0.00718889	0.0221203	0.0197896	0.0935988	0.0089363	0.0205239
0.0143417	0.0151678	0.0228341	0.0251971	0.0495892	0.0112227	0.0209686	0.0555973	0.0784747	0.0361076	0.461514	0.00925887	0.0300477	0.0265785	0.0123425	0.0225309	0.0322018	0.0277011	0.01345	0.0348736
0.0419196	0.0174354	0.0272706	0.0088284	0.0236141	0.0235718	0.0106232	0.463029	0.0333297	0.0819641	0.075121	0.0202822	0.0455812	0.0127304	0.00811871	0.0187423	0.0182551	0.0202553	0.0384596	0.0108688
0.0201078	0.0286164	0.0175811	0.022474	0.0762466	0.0383115	0.0441889	0.0386472	0.0244702	0.0967024	0.0393666	0.0247327	0.0214882	0.0295514	0.022334	0.0186834	0.0402348	0.019291	0.31879	0.0581817
0.0268625	0.0272638	0.041531	0.0845682	0.0196608	0.0331513	0.335673	0.0518156	0.0135996	0.0201467	0.0265428	0.0450686	0.01583	0.0812532	0.00951512	0.0442748	0.0342186	0.0274946	0.0256166	0.0359137
0.0222895	0.0367791	0.0332723	0.0288761	0.0703668	0.0462145	0.0291916	0.0335239	0.0201058	0.0125466	0.0194689	0.0210553	0.0453271	0.0139603	0.0152421	0.421206	0.0417437	0.0404714	0.021519	0.0268397
0.0207134	0.0224791	0.0173707	0.0235558	0.0474909	0.0332949	0.0392397	0.0169678	0.0405206	0.031936	0.0496609	0.42596	0.0310739	0.025516	0.0172996	0.0596968	0.0153636	0.0204876	0.0347897	0.0265829
0.0181338	0.0759905	0.0100225	0.0110925	0.0165564	0.0370981	0.0554318	0.142203	0.0248647	0.313578	0.0390245	0.0186742	0.0406267	0.0125874	0.0188796	0.0609557	0.0182919	0.0250473	0.0436528	0.0172889
0.0766247	0.0394376	0.0182237	0.0199029	0.0181253	0.0530082	0.0110661	0.0330534	0.0270906	0.0120137	0.103524	0.397992	0.0217944	0.0320566	0.00398862	0.0157625	0.0327396	0.0341566	0.0296678	0.0197713
0.0418108	0.032511	0.429882	0.0437352	0.0113991	0.0512798	0.0622292	0.0261879	0.0409815	0.0188284	0.0425293	0.0166343	0.0190398	0.0197362	0.0222992	0.0182941	0.0500594	0.0123871	0.0210771	0.0190987
0.164315	0.0238522	0.0313241	0.00978065	0.0102439	0.0214307	0.0148308	0.00826869	0.0228659	0.0156546	0.0133051	0.123455	0.00963514	0.0248357	0.00941785	0.192755	0.221393	0.0468055	0.0121653	0.023666
0.0121261	0.085127	0.0168857	0.024156	0.028201	0.0162651	0.0401259	0.0765706	0.0204444	0.0161623	0.0283172	0.0377912	0.014672	0.0475955	0.0150345	0.0121416	0.409679	0.0537126	0.0242834	0.020708
0.0172164	0.0171891	0.0258573	0.0104671	0.0245596	0.0126048	0.029618	0.0564925	0.0128477	0.0170142	0.0283935	0.03183	0.0391473	0.0172629	0.01051	0.0259036	0.0399084	0.0215824	0.0172539	0.544342
0.0154134	0.0286023	0.0108699	0.0153626	0.0254851	0.0186278	0.0174255	0.0309523	0.0301043	0.0120987	0.0196014	0.0157001	0.0162718	0.522352	0.0808894	0.0262057	0.0297447	0.0267325	0.0372724	0.0202874
0.0200295	0.0238782	0.0279752	0.0421286	0.0136366	0.0221153	0.0247761	0.013125	0.0563158	0.0562862	0.0264898	0.0113788	0.0513521	0.0278707	0.452881	0.0371691	0.00960184	0.00998132	0.0409325	0.0320764
0.021996	0.0120952	0.0261243	0.0371754	0.0184716	0.0226602	0.0229056	0.009892	0.0700709	0.0373025	0.0263441	0.0129337	0.0154781	0.0274594	0.0215947	0.0674273	0.496022	0.0231039	0.0189514	0.0119917
0.0151946	0.00921453	0.0118828	0.0284674	0.0284753	0.0239043	0.0450576	0.0101432	0.073419	0.013847	0.0170049	0.0175483	0.0238654	0.0663708	0.52357	0.0234483	0.00885397	0.0113984	0.0190889	0.0292447
0.500623	0.024287	0.0182781	0.0199349	0.0467647	0.0298678	0.0130105	0.019498	0.0147901	0.0232847	0.0124266	0.0160942	0.024885	0.0382345	0.0236338	0.0418633	0.0584424	0.0303183	0.0226889	0.0210731
0.00967739	0.0448785	0.0105352	0.0199373	0.00816444	0.00867742	0.00578233	0.323154	0.0288064	0.333292	0.0252627	0.0136408	0.0100828	0.00775911	0.0183024	0.0126687	0.0128593	0.0716199	0.0232516	0.0116477
0.0252406	0.0229188	0.028709	0.0103551	0.0196202	0.0443021	0.012601	0.0550805	0.0230821	0.021262	0.0155513	0.0211194	0.0107541	0.0308369	0.0243265	0.0981473	0.0549175	0.453658	0.0114269	0.01609
0.0255378	0.0224128	0.0110862	0.0353191	0.00866516	0.0194303	0.0281559	0.0215526	0.0283436	0.00836542	0.0157068	0.0142686	0.01948	0.0626935	0.522743	0.0468228	0.0278227	0.0398012	0.0173043	0.0244875
0.0749197	0.0631166	0.0270195	0.0065003	0.00607379	0.0112546	0.0115329	0.17933	0.0166722	0.0100647	0.0158048	0.0191514	0.00851192	0.0282968	0.0162174	0.205509	0.191754	0.0802177	0.0191938	0.00885911
0.0474322	0.0343176	0.0115914	0.0165256	0.0183397	0.367092	0.0497281	0.0217424	0.00949843	0.0584446	0.0940522	0.0767021	0.0156811	0.0279907	0.00870581	0.0697093	0.0318604	0.00989067	0.00862726	0.0220684
0.0212926	0.0282874	0.0297005	0.0114854	0.0111755	0.0138633	0.0173928	0.0631936	0.0172779	0.222963	0.401714	0.0173529	0.0106705	0.0232206	0.0148879	0.0169067	0.0117787	0.0358092	0.0163329	0.0146934
0.00915975	0.040098	0.457884	0.0922064	0.0193816	0.0212679	0.0153343	0.0257337	0.0114734	0.0117367	0.0460512	0.0458065	0.0170227	0.0322951	0.0135572	0.0088213	0.0256722	0.0356107	0.0483671	0.0225201
0.285114	0.0159192	0.0116223	0.00677532	0.0092083	0.0948037	0.00585973	0.011154	0.0284413	0.0147393	0.0116811	0.0100455	0.241178	0.0250732	0.0290093	0.142037	0.0203579	0.0222175	0.0098857	0.0048774
0.0346971	0.0107454	0.0162269	0.0389686	0.0436185	0.0377229	0.0192183	0.029646	0.0490088	0.0186851	0.0184838	0.0196458	0.0341972	0.0187182	0.505777	0.0164991	0.0109066	0.0150632	0.0339477	0.0282226
0.0171694	0.080937	0.00901875	0.0127804	0.0299284	0.0159096	0.011143	0.195665	0.0133964	0.0452598	0.197452	0.00676483	0.00270385	0.024419	0.00663401	0.0223177	0.107183	0.13562	0.0503966	0.0153014
0.330387	0.169388	0.00918461	0.00295851	0.00391048	0.0109326	0.0100782	0.0571484	0.0255681	0.013497	0.0457453	0.0528619	0.0220632	0.0274025	0.00939418	0.0661357	0.0158877	0.106019	0.0104706	0.0109661
0.173699	0.0581856	0.0149742	0.0114616	0.0198039	0.0487664	0.0112391	0.0232916	0.00327953	0.0182267	0.0261602	0.111595	0.0504892	0.0142741	0.00456294	0.307909	0.0695239	0.0130645	0.00659624	0.0128982
0.0228929	0.00912026	0.0316058	0.0926886	0.0100467	0.00799489	0.033446	0.0227688	0.0158251	0.286477	0.10939	0.0142495	0.0114653	0.216207	0.00583928	0.0531435	0.0206885	0.0145728	0.0135923	0.00798604
0.0175169	0.0351983	0.0168167	0.0126808	0.021679	0.0538069	0.024012	0.0359833	0.0113459	0.108106	0.424204	0.0354898	0.0122616	0.0296949	0.0211691	0.0412198	0.0252474	0.0197813	0.0342335	0.019553
0.120839	0.0276493	0.0166717	0.0152854	0.0246654	0.0148306	0.0173958	0.0290323	0.0270439	0.0162341	0.0464732	0.0264146	0.0498004	0.353029	0.0273516	0.102158	0.0324662	0.0253706	0.00972936	0.0175598
0.0713209	0.0208479	0.0127494	0.0855537	0.0198058	0.40444	0.0514867	0.0403312	0.0625103	0.0216788	0.0140437	0.0313351	0.0164519	0.018416	0.0153856	0.0184242	0.022559	0.0312979	0.0263584	0.015003
0.0347415	0.0214146	0.0425294	0.0202577	0.047963	0.0301278	0.0274899	0.0185975	0.0210934	0.0227209	0.0192158	0.0172274	0.0174002	0.0287593	0.028922	0.514347	0.028902	0.0192335	0.0308232	0.00823396
0.00874731	0.0972331	0.070041	0.0369797	0.0135374	0.0311543	0.0173502	0.0237887	0.0167128	0.0286047	0.0987177	0.0301911	0.0106249	0.0265968	0.0158179	0.0130591	0.399462	0.0394207	0.00945199	0.0125083
0.104153	0.0522977	0.00741992	0.018249	0.0220022	0.0109354	0.0147989	0.144659	0.0206884	0.353066	0.0133698	0.0200994	0.0203586	0.092839	0.0154965	0.0252117	0.0165927	0.0288634	0.00723421	0.0116656
0.0798813	0.021705	0.0202304	0.0295856	0.0137383	0.0211746	0.049867	0.013218	0.0796424	0.0212608	0.0125456	0.0264648	0.344328	0.107345	0.0196935	0.052459	0.0327844	0.0247566	0.00814944	0.02117
0.00689628	0.0109905	0.025172	0.0315018	0.0115449	0.0267811	0.015084	0.0157687	0.0221952	0.0138887	0.032086	0.0580279	0.0167762	0.0192574	0.577206	0.01156	0.0499551	0.0155786	0.0284771	0.0112533
0.0171968	0.0138281	0.0293214	0.0326813	0.0212188	0.0116294	0.0164872	0.0111349	0.159696	0.0189904	0.0244542	0.0300091	0.0217779	0.0122109	0.463031	0.0350179	0.0148346	0.0181987	0.0308618	0.0174202
0.213337	0.0177407	0.0103413	0.0169788	0.0219638	0.0829559	0.0256742	0.0342273	0.0136637	0.0111912	0.0100652	0.00974934	0.00964435	0.0182982	0.0184906	0.399972	0.0291249	0.0224346	0.0154687	0.0186791
0.0125216	0.0221431	0.0161582	0.0497025	0.0505008	0.573344	0.0204756	0.0290291	0.0126726	0.0250649	0.0212787	0.0114622	0.00750045	0.0156951	0.0185305	0.022393	0.0157766	0.0477758	0.0151174	0.0128581
0.303638	0.0174605	0.0450523	0.015354	0.00689398	0.0266409	0.0279189	0.0275255	0.0310009	0.0300747	0.0449032	0.0956946	0.0520892	0.0327709	0.0374323	0.0392544	0.0487061	0.0431557	0.0120064	0.0624283
0.501483	0.0421241	0.0117125	0.0517854	0.031103	0.0391947	0.0184414	0.0123433	0.0540106	0.0320247	0.0337906	0.0193801	0.0125606	0.0204497	0.011049	0.0420976	0.0123677	0.0297414	0.0158035	0.00853757
0.0327966	0.0124824	0.0373356	0.0263713	0.0556239	0.570152	0.0121496	0.0193681	0.025403	0.0129377	0.0282314	0.0130357	0.00990528	0.0316699	0.014156	0.0109961	0.0210105	0.0128664	0.0348643	0.0186443
0.194905	0.0351023	0.0138707	0.024824	0.125326	0.0628328	0.0507244	0.00589466	0.0305034	0.0425786	0.128259	0.0158625	0.00403963	0.110982	0.0245278	0.0502902	0.0164989	0.0118421	0.0184371	0.0326982
0.420629	0.0188514	0.0136199	0.00899983	0.02792	0.0449934	0.0624072	0.0113717	0.00957525	0.0174597	0.02706	0.101121	0.0137232	0.0255789	0.00928999	0.0385793	0.0323312	0.0386359	0.0341233	0.0437294
0.0464411	0.0287014	0.0219758	0.0229587	0.0173154	0.0173758	0.0251169	0.164928	0.0184318	0.0205776	0.0224393	0.0116959	0.0161951	0.0179368	0.0150368	0.0263053	0.0536246	0.417432	0.00551214	0.0299998
0.032681	0.0234941	0.00690513	0.0146958	0.0221278	0.0493515	0.0420736	0.018306	0.529061	0.0220303	0.0276219	0.0162226	0.0384611	0.0202611	0.0281439	0.0143575	0.0195581	0.0264922	0.0310574	0.0170981
0.0516289	0.0214205	0.0228594	0.0960732	0.0163759	0.492793	0.0402933	0.0122956	0.00724923	0.0215718	0.0187637	0.0237907	0.018918	0.0380277	0.029207	0.0171623	0.0171439	0.0155657	0.0105651	0.0282953
0.0128726	0.0315161	0.00935793	0.0169207	0.0865596	0.00557126	0.110076	0.115637	0.0209331	0.0644268	0.0111512	0.031651	0.021208	0.174152	0.0143922	0.00920973	0.0261663	0.207354	0.00440569	0.0264378
0.0859426	0.0372231	0.031578	0.0178118	0.0166325	0.408567	0.0111285	0.0528615	0.0283337	0.0223978	0.0215145	0.00700833	0.0429119	0.0135696	0.0235525	0.0543664	0.0206602	0.0385044	0.0223278	0.043108
0.0931306	0.0204309	0.0288325	0.0396153	0.0131167	0.0408204	0.0300208	0.015321	0.0284074	0.0207372	0.0131209	0.0231288	0.0178485	0.0480959	0.0117941	0.112585	0.397039	0.0132713	0.0132762	0.0194086
0.0197039	0.0832039	0.00863547	0.0189429	0.0116844	0.0373696	0.0438276	0.0487443	0.0180243	0.203027	0.184774	0.0108964	0.0177535	0.0789882	0.00963893	0.025419	0.0356101	0.092254	0.03386	0.0176419
0.158249	0.0709155	0.0182313	0.0088718	0.00880983	0.143975	0.0172038	0.0423022	0.00751543	0.0140994	0.0721402	0.0257296	0.0133861	0.0234547	0.012736	0.0420149	0.0928797	0.20087	0.00751152	0.0191056
0.0139052	0.0182525	0.0222639	0.0128486	0.0235276	0.0249828	0.0340789	0.0404024	0.0222285	0.199303	0.36892	0.022052	0.0132608	0.0386719	0.0230877	0.0206552	0.0198752	0.0278737	0.0325353	0.021274
0.0162003	0.0209792	0.0321234	0.43859	0.0281129	0.0354865	0.0113052	0.0346549	0.0354522	0.0121281	0.0382756	0.0646983	0.0177961	0.0158588	0.0319847	0.0175846	0.025673	0.0156197	0.0138756	0.0935998
0.0375644	0.0274223	0.00880863	0.0387763	0.0176475	0.0463579	0.00663255	0.0199334	0.0269439	0.159285	0.111815	0.0731596	0.0195097	0.134538	0.00426931	0.153911	0.0586248	0.0246791	0.0229643	0.00715747
0.0214404	0.0169135	0.0855121	0.0446393	0.018482	0.00499625	0.00811366	0.295581	0.0282205	0.0580029	0.0393066	0.0106689	0.0135813	0.0487933	0.0395645	0.0172739	0.0432658	0.163058	0.0280131	0.014574
0.0152215	0.0386105	0.0185887	0.050856	0.0236459	0.0084191	0.0184457	0.0169515	0.0460934	0.0170107	0.0189885	0.0152968	0.0380265	0.0234273	0.508667	0.0255065	0.0375118	0.0209908	0.0323617	0.0253806
0.0477262	0.0225197	0.0207727	0.0189309	0.0241591	0.0320585	0.0170484	0.0558524	0.0176261	0.0301771	0.414995	0.0239794	0.016064	0.0621541	0.0166167	0.0554035	0.0445803	0.053961	0.014249	0.0111255
0.113462	0.0389827	0.0466339	0.0128499	0.019574	0.0124266	0.00852408	0.285235	0.00970316	0.012241	0.0531928	0.0232485	0.0109681	0.0160042	0.00323804	0.0434829	0.170866	0.0573889	0.0486161	0.0133628
0.0242107	0.0195748	0.0097869	0.014009	0.0276516	0.0181303	0.022324	0.0166751	0.409722	0.0419756	0.0469652	0.0392771	0.0111647	0.0756302	0.0164933	0.107119	0.0359314	0.0260292	0.0127857	0.0245442
0.0257058	0.0227602	0.0117832	0.0297131	0.0219121	0.0179306	0.0398899	0.0198179	0.0400378	0.0107865	0.0738051	0.0182724	0.0243138	0.0226948	0.442413	0.0226614	0.0218151	0.0558232	0.019588	0.0582759
0.0181198	0.0151313	0.0185682	0.0463199	0.0389712	0.479418	0.028518	0.0267883	0.0226505	0.0244973	0.0292647	0.0223621	0.0188864	0.025722	0.0112292	0.0263135	0.0576852	0.021665	0.0260386	0.0418502
0.0501518	0.0650853	0.0196538	0.00979148	0.0153882	0.0127594	0.00940566	0.299494	0.0214505	0.179197	0.0569365	0.016221	0.0106743	0.01862	0.00760079	0.0217975	0.0344824	0.127555	0.0150683	0.00866679
0.0400512	0.0545452	0.00838066	0.0104311	0.0527893	0.0325746	0.135696	0.0301696	0.0366575	0.0360512	0.0357937	0.269765	0.0130916	0.0498188	0.0137313	0.022021	0.0677444	0.0328649	0.0272468	0.0305767
