realcoeff,binnedcoeff,sitednds
16.3934325,10.0,0.49440972625
17.4962278,10.0,0.49440972625
16.5925483,10.0,0.49440972625
-1.5875506,-1.5875506,0.49440972625
17.1981484,10.0,0.49440972625
16.9375316,10.0,0.49440972625
-3.2843694,-3.2843694,0.49440972625
15.5228129,10.0,0.49440972625
-2.4389772,-2.4389772,0.49440972625
-1.8486508,-1.8486508,0.49440972625
17.2165935,10.0,0.49440972625
16.7298346,10.0,0.49440972625
16.6577544,10.0,0.49440972625
17.6095177,10.0,0.49440972625
-1.2603537,-1.2603537,0.49440972625
0.7543888,0.7543888,0.49440972625
-3.3904627,-3.3904627,0.49440972625
17.5273639,10.0,0.49440972625
16.1254674,10.0,0.49440972625
-16.3934325,-10.0,0.49440972625
1.1027953,1.1027953,0.49440972625
0.1991158,0.1991158,0.49440972625
-17.9809831,-10.0,0.49440972625
0.8047159,0.8047159,0.49440972625
0.5440991,0.5440991,0.49440972625
-19.6778019,-10.0,0.49440972625
-0.8706196,-0.8706196,0.49440972625
-18.8324097,-10.0,0.49440972625
-18.2420833,-10.0,0.49440972625
0.823161,0.823161,0.49440972625
0.3364021,0.3364021,0.49440972625
0.2643219,0.2643219,0.49440972625
1.2160852,1.2160852,0.49440972625
-17.6537862,-10.0,0.49440972625
-15.6390437,-10.0,0.49440972625
-19.7838952,-10.0,0.49440972625
1.1339314,1.1339314,0.49440972625
-0.2679651,-0.2679651,0.49440972625
-17.4962278,-10.0,0.49440972625
-1.1027953,-1.1027953,0.49440972625
-0.9036795,-0.9036795,0.49440972625
-19.0837784,-10.0,0.49440972625
-0.2980794,-0.2980794,0.49440972625
-0.5586962,-0.5586962,0.49440972625
-20.7805972,-10.0,0.49440972625
-1.9734149,-1.9734149,0.49440972625
-19.935205,-10.0,0.49440972625
-19.3448786,-10.0,0.49440972625
-0.2796343,-0.2796343,0.49440972625
-0.7663932,-0.7663932,0.49440972625
-0.8384734,-0.8384734,0.49440972625
0.1132899,0.1132899,0.49440972625
-18.7565815,-10.0,0.49440972625
-16.741839,-10.0,0.49440972625
-20.8866905,-10.0,0.49440972625
0.0311361,0.0311361,0.49440972625
-1.3707604,-1.3707604,0.49440972625
-16.5925483,-10.0,0.49440972625
-0.1991158,-0.1991158,0.49440972625
0.9036795,0.9036795,0.49440972625
-18.1800989,-10.0,0.49440972625
0.6056001,0.6056001,0.49440972625
0.3449833,0.3449833,0.49440972625
-19.8769177,-10.0,0.49440972625
-1.0697354,-1.0697354,0.49440972625
-19.0315255,-10.0,0.49440972625
-18.4411991,-10.0,0.49440972625
0.6240452,0.6240452,0.49440972625
0.1372863,0.1372863,0.49440972625
0.0652061,0.0652061,0.49440972625
1.0169694,1.0169694,0.49440972625
-17.852902,-10.0,0.49440972625
-15.8381595,-10.0,0.49440972625
-19.983011,-10.0,0.49440972625
0.9348156,0.9348156,0.49440972625
-0.4670809,-0.4670809,0.49440972625
1.5875506,1.5875506,0.49440972625
17.9809831,10.0,0.49440972625
19.0837784,10.0,0.49440972625
18.1800989,10.0,0.49440972625
18.785699,10.0,0.49440972625
18.5250822,10.0,0.49440972625
-1.6968188,-1.6968188,0.49440972625
17.1103635,10.0,0.49440972625
-0.8514266,-0.8514266,0.49440972625
-0.2611002,-0.2611002,0.49440972625
18.8041441,10.0,0.49440972625
18.3173852,10.0,0.49440972625
18.245305,10.0,0.49440972625
19.1970683,10.0,0.49440972625
0.3271969,0.3271969,0.49440972625
2.3419394,2.3419394,0.49440972625
-1.8029121,-1.8029121,0.49440972625
19.1149145,10.0,0.49440972625
17.713018,10.0,0.49440972625
-17.1981484,-10.0,0.49440972625
-0.8047159,-0.8047159,0.49440972625
0.2980794,0.2980794,0.49440972625
-0.6056001,-0.6056001,0.49440972625
-18.785699,-10.0,0.49440972625
-0.2606168,-0.2606168,0.49440972625
-20.4825178,-10.0,0.49440972625
-1.6753355,-1.6753355,0.49440972625
-19.6371256,-10.0,0.49440972625
-19.0467992,-10.0,0.49440972625
0.0184451,0.0184451,0.49440972625
-0.4683138,-0.4683138,0.49440972625
-0.540394,-0.540394,0.49440972625
0.4113693,0.4113693,0.49440972625
-18.4585021,-10.0,0.49440972625
-16.4437596,-10.0,0.49440972625
-20.5886111,-10.0,0.49440972625
0.3292155,0.3292155,0.49440972625
-1.072681,-1.072681,0.49440972625
-16.9375316,-10.0,0.49440972625
-0.5440991,-0.5440991,0.49440972625
0.5586962,0.5586962,0.49440972625
-0.3449833,-0.3449833,0.49440972625
-18.5250822,-10.0,0.49440972625
0.2606168,0.2606168,0.49440972625
-20.221901,-10.0,0.49440972625
-1.4147187,-1.4147187,0.49440972625
-19.3765088,-10.0,0.49440972625
-18.7861824,-10.0,0.49440972625
0.2790619,0.2790619,0.49440972625
-0.207697,-0.207697,0.49440972625
-0.2797772,-0.2797772,0.49440972625
0.6719861,0.6719861,0.49440972625
-18.1978853,-10.0,0.49440972625
-16.1831428,-10.0,0.49440972625
-20.3279943,-10.0,0.49440972625
0.5898323,0.5898323,0.49440972625
-0.8120642,-0.8120642,0.49440972625
3.2843694,3.2843694,0.49440972625
19.6778019,10.0,0.49440972625
20.7805972,10.0,0.49440972625
19.8769177,10.0,0.49440972625
1.6968188,1.6968188,0.49440972625
20.4825178,10.0,0.49440972625
20.221901,10.0,0.49440972625
18.8071823,10.0,0.49440972625
0.8453922,0.8453922,0.49440972625
1.4357186,1.4357186,0.49440972625
20.5009629,10.0,0.49440972625
20.014204,10.0,0.49440972625
19.9421238,10.0,0.49440972625
20.8938871,10.0,0.49440972625
2.0240157,2.0240157,0.49440972625
4.0387582,4.0387582,0.49440972625
-0.1060933,-0.1060933,0.49440972625
20.8117333,10.0,0.49440972625
19.4098368,10.0,0.49440972625
-15.5228129,-10.0,0.49440972625
0.8706196,0.8706196,0.49440972625
1.9734149,1.9734149,0.49440972625
1.0697354,1.0697354,0.49440972625
-17.1103635,-10.0,0.49440972625
1.6753355,1.6753355,0.49440972625
1.4147187,1.4147187,0.49440972625
-18.8071823,-10.0,0.49440972625
-17.9617901,-10.0,0.49440972625
-17.3714637,-10.0,0.49440972625
1.6937806,1.6937806,0.49440972625
1.2070217,1.2070217,0.49440972625
1.1349415,1.1349415,0.49440972625
2.0867048,2.0867048,0.49440972625
-16.7831666,-10.0,0.49440972625
-14.7684241,-10.0,0.49440972625
-18.9132756,-10.0,0.49440972625
2.004551,2.004551,0.49440972625
0.6026545,0.6026545,0.49440972625
2.4389772,2.4389772,0.49440972625
18.8324097,10.0,0.49440972625
19.935205,10.0,0.49440972625
19.0315255,10.0,0.49440972625
0.8514266,0.8514266,0.49440972625
19.6371256,10.0,0.49440972625
19.3765088,10.0,0.49440972625
-0.8453922,-0.8453922,0.49440972625
17.9617901,10.0,0.49440972625
0.5903264,0.5903264,0.49440972625
19.6555707,10.0,0.49440972625
19.1688118,10.0,0.49440972625
19.0967316,10.0,0.49440972625
20.0484949,10.0,0.49440972625
1.1786235,1.1786235,0.49440972625
3.193366,3.193366,0.49440972625
-0.9514855,-0.9514855,0.49440972625
19.9663411,10.0,0.49440972625
18.5644446,10.0,0.49440972625
1.8486508,1.8486508,0.49440972625
18.2420833,10.0,0.49440972625
19.3448786,10.0,0.49440972625
18.4411991,10.0,0.49440972625
0.2611002,0.2611002,0.49440972625
19.0467992,10.0,0.49440972625
18.7861824,10.0,0.49440972625
-1.4357186,-1.4357186,0.49440972625
17.3714637,10.0,0.49440972625
-0.5903264,-0.5903264,0.49440972625
19.0652443,10.0,0.49440972625
18.5784854,10.0,0.49440972625
18.5064052,10.0,0.49440972625
19.4581685,10.0,0.49440972625
0.5882971,0.5882971,0.49440972625
2.6030396,2.6030396,0.49440972625
-1.5418119,-1.5418119,0.49440972625
19.3760147,10.0,0.49440972625
17.9741182,10.0,0.49440972625
-17.2165935,-10.0,0.49440972625
-0.823161,-0.823161,0.49440972625
0.2796343,0.2796343,0.49440972625
-0.6240452,-0.6240452,0.49440972625
-18.8041441,-10.0,0.49440972625
-0.0184451,-0.0184451,0.49440972625
-0.2790619,-0.2790619,0.49440972625
-20.5009629,-10.0,0.49440972625
-1.6937806,-1.6937806,0.49440972625
-19.6555707,-10.0,0.49440972625
-19.0652443,-10.0,0.49440972625
-0.4867589,-0.4867589,0.49440972625
-0.5588391,-0.5588391,0.49440972625
0.3929242,0.3929242,0.49440972625
-18.4769472,-10.0,0.49440972625
-16.4622047,-10.0,0.49440972625
-20.6070562,-10.0,0.49440972625
0.3107704,0.3107704,0.49440972625
-1.0911261,-1.0911261,0.49440972625
-16.7298346,-10.0,0.49440972625
-0.3364021,-0.3364021,0.49440972625
0.7663932,0.7663932,0.49440972625
-0.1372863,-0.1372863,0.49440972625
-18.3173852,-10.0,0.49440972625
0.4683138,0.4683138,0.49440972625
0.207697,0.207697,0.49440972625
-20.014204,-10.0,0.49440972625
-1.2070217,-1.2070217,0.49440972625
-19.1688118,-10.0,0.49440972625
-18.5784854,-10.0,0.49440972625
0.4867589,0.4867589,0.49440972625
-0.0720802,-0.0720802,0.49440972625
0.8796831,0.8796831,0.49440972625
-17.9901883,-10.0,0.49440972625
-15.9754458,-10.0,0.49440972625
-20.1202973,-10.0,0.49440972625
0.7975293,0.7975293,0.49440972625
-0.6043672,-0.6043672,0.49440972625
-16.6577544,-10.0,0.49440972625
-0.2643219,-0.2643219,0.49440972625
0.8384734,0.8384734,0.49440972625
-0.0652061,-0.0652061,0.49440972625
-18.245305,-10.0,0.49440972625
0.540394,0.540394,0.49440972625
0.2797772,0.2797772,0.49440972625
-19.9421238,-10.0,0.49440972625
-1.1349415,-1.1349415,0.49440972625
-19.0967316,-10.0,0.49440972625
-18.5064052,-10.0,0.49440972625
0.5588391,0.5588391,0.49440972625
0.0720802,0.0720802,0.49440972625
0.9517633,0.9517633,0.49440972625
-17.9181081,-10.0,0.49440972625
-15.9033656,-10.0,0.49440972625
-20.0482171,-10.0,0.49440972625
0.8696095,0.8696095,0.49440972625
-0.532287,-0.532287,0.49440972625
-17.6095177,-10.0,0.49440972625
-1.2160852,-1.2160852,0.49440972625
-0.1132899,-0.1132899,0.49440972625
-1.0169694,-1.0169694,0.49440972625
-19.1970683,-10.0,0.49440972625
-0.4113693,-0.4113693,0.49440972625
-0.6719861,-0.6719861,0.49440972625
-20.8938871,-10.0,0.49440972625
-2.0867048,-2.0867048,0.49440972625
-20.0484949,-10.0,0.49440972625
-19.4581685,-10.0,0.49440972625
-0.3929242,-0.3929242,0.49440972625
-0.8796831,-0.8796831,0.49440972625
-0.9517633,-0.9517633,0.49440972625
-18.8698714,-10.0,0.49440972625
-16.8551289,-10.0,0.49440972625
-20.9999804,-10.0,0.49440972625
-0.0821538,-0.0821538,0.49440972625
-1.4840503,-1.4840503,0.49440972625
1.2603537,1.2603537,0.49440972625
17.6537862,10.0,0.49440972625
18.7565815,10.0,0.49440972625
17.852902,10.0,0.49440972625
-0.3271969,-0.3271969,0.49440972625
18.4585021,10.0,0.49440972625
18.1978853,10.0,0.49440972625
-2.0240157,-2.0240157,0.49440972625
16.7831666,10.0,0.49440972625
-1.1786235,-1.1786235,0.49440972625
-0.5882971,-0.5882971,0.49440972625
18.4769472,10.0,0.49440972625
17.9901883,10.0,0.49440972625
17.9181081,10.0,0.49440972625
18.8698714,10.0,0.49440972625
2.0147425,2.0147425,0.49440972625
-2.130109,-2.130109,0.49440972625
18.7877176,10.0,0.49440972625
17.3858211,10.0,0.49440972625
-0.7543888,-0.7543888,0.49440972625
15.6390437,10.0,0.49440972625
16.741839,10.0,0.49440972625
15.8381595,10.0,0.49440972625
-2.3419394,-2.3419394,0.49440972625
16.4437596,10.0,0.49440972625
16.1831428,10.0,0.49440972625
-4.0387582,-4.0387582,0.49440972625
14.7684241,10.0,0.49440972625
-3.193366,-3.193366,0.49440972625
-2.6030396,-2.6030396,0.49440972625
16.4622047,10.0,0.49440972625
15.9754458,10.0,0.49440972625
15.9033656,10.0,0.49440972625
16.8551289,10.0,0.49440972625
-2.0147425,-2.0147425,0.49440972625
-4.1448515,-4.1448515,0.49440972625
16.7729751,10.0,0.49440972625
15.3710786,10.0,0.49440972625
3.3904627,3.3904627,0.49440972625
19.7838952,10.0,0.49440972625
20.8866905,10.0,0.49440972625
19.983011,10.0,0.49440972625
1.8029121,1.8029121,0.49440972625
20.5886111,10.0,0.49440972625
20.3279943,10.0,0.49440972625
0.1060933,0.1060933,0.49440972625
18.9132756,10.0,0.49440972625
0.9514855,0.9514855,0.49440972625
1.5418119,1.5418119,0.49440972625
20.6070562,10.0,0.49440972625
20.1202973,10.0,0.49440972625
20.0482171,10.0,0.49440972625
20.9999804,10.0,0.49440972625
2.130109,2.130109,0.49440972625
4.1448515,4.1448515,0.49440972625
20.9178266,10.0,0.49440972625
19.5159301,10.0,0.49440972625
-17.5273639,-10.0,0.49440972625
-1.1339314,-1.1339314,0.49440972625
-0.0311361,-0.0311361,0.49440972625
-0.9348156,-0.9348156,0.49440972625
-19.1149145,-10.0,0.49440972625
-0.3292155,-0.3292155,0.49440972625
-0.5898323,-0.5898323,0.49440972625
-20.8117333,-10.0,0.49440972625
-2.004551,-2.004551,0.49440972625
-19.9663411,-10.0,0.49440972625
-19.3760147,-10.0,0.49440972625
-0.3107704,-0.3107704,0.49440972625
-0.7975293,-0.7975293,0.49440972625
-0.8696095,-0.8696095,0.49440972625
0.0821538,0.0821538,0.49440972625
-18.7877176,-10.0,0.49440972625
-16.7729751,-10.0,0.49440972625
-20.9178266,-10.0,0.49440972625
-1.4018965,-1.4018965,0.49440972625
-16.1254674,-10.0,0.49440972625
0.2679651,0.2679651,0.49440972625
1.3707604,1.3707604,0.49440972625
0.4670809,0.4670809,0.49440972625
-17.713018,-10.0,0.49440972625
1.072681,1.072681,0.49440972625
0.8120642,0.8120642,0.49440972625
-19.4098368,-10.0,0.49440972625
-0.6026545,-0.6026545,0.49440972625
-18.5644446,-10.0,0.49440972625
-17.9741182,-10.0,0.49440972625
1.0911261,1.0911261,0.49440972625
0.6043672,0.6043672,0.49440972625
0.532287,0.532287,0.49440972625
1.4840503,1.4840503,0.49440972625
-17.3858211,-10.0,0.49440972625
-15.3710786,-10.0,0.49440972625
-19.5159301,-10.0,0.49440972625
1.4018965,1.4018965,0.49440972625
13.0980078,10.0,0.434018662456
-5.1326259,-5.1326259,0.434018662456
-3.1177688,-3.1177688,0.434018662456
12.6228866,10.0,0.434018662456
-1.5197347,-1.5197347,0.434018662456
0.2349417,0.2349417,0.434018662456
15.1229823,10.0,0.434018662456
-3.5129787,-3.5129787,0.434018662456
15.8642444,10.0,0.434018662456
15.6925277,10.0,0.434018662456
-4.1967959,-4.1967959,0.434018662456
0.5312413,0.5312413,0.434018662456
-1.9646161,-1.9646161,0.434018662456
-3.7030471,-3.7030471,0.434018662456
-2.932581,-2.932581,0.434018662456
-2.9528634,-2.9528634,0.434018662456
14.7509715,10.0,0.434018662456
-1.3286818,-1.3286818,0.434018662456
15.332076,10.0,0.434018662456
-13.0980078,-10.0,0.434018662456
-18.2306337,-10.0,0.434018662456
-16.2157766,-10.0,0.434018662456
-0.4751212,-0.4751212,0.434018662456
-14.6177425,-10.0,0.434018662456
-12.8630661,-10.0,0.434018662456
2.0249745,2.0249745,0.434018662456
-16.6109865,-10.0,0.434018662456
2.7662366,2.7662366,0.434018662456
2.5945199,2.5945199,0.434018662456
-17.2948037,-10.0,0.434018662456
-12.5667665,-10.0,0.434018662456
-15.0626239,-10.0,0.434018662456
-16.8010549,-10.0,0.434018662456
-16.0305888,-10.0,0.434018662456
-16.0508712,-10.0,0.434018662456
1.6529637,1.6529637,0.434018662456
-14.4266896,-10.0,0.434018662456
2.2340682,2.2340682,0.434018662456
5.1326259,5.1326259,0.434018662456
18.2306337,10.0,0.434018662456
2.0148571,2.0148571,0.434018662456
17.7555125,10.0,0.434018662456
3.6128912,3.6128912,0.434018662456
5.3675676,5.3675676,0.434018662456
20.2556082,10.0,0.434018662456
1.6196472,1.6196472,0.434018662456
20.9968703,10.0,0.434018662456
20.8251536,10.0,0.434018662456
0.93583,0.93583,0.434018662456
5.6638672,5.6638672,0.434018662456
3.1680098,3.1680098,0.434018662456
1.4295788,1.4295788,0.434018662456
2.2000449,2.2000449,0.434018662456
2.1797625,2.1797625,0.434018662456
19.8835974,10.0,0.434018662456
3.8039441,3.8039441,0.434018662456
20.4647019,10.0,0.434018662456
3.1177688,3.1177688,0.434018662456
16.2157766,10.0,0.434018662456
-2.0148571,-2.0148571,0.434018662456
15.7406554,10.0,0.434018662456
1.5980341,1.5980341,0.434018662456
3.3527105,3.3527105,0.434018662456
18.2407511,10.0,0.434018662456
-0.3952099,-0.3952099,0.434018662456
18.9820132,10.0,0.434018662456
18.8102965,10.0,0.434018662456
-1.0790271,-1.0790271,0.434018662456
3.6490101,3.6490101,0.434018662456
1.1531527,1.1531527,0.434018662456
-0.5852783,-0.5852783,0.434018662456
0.1851878,0.1851878,0.434018662456
0.1649054,0.1649054,0.434018662456
17.8687403,10.0,0.434018662456
1.789087,1.789087,0.434018662456
18.4498448,10.0,0.434018662456
-12.6228866,-10.0,0.434018662456
0.4751212,0.4751212,0.434018662456
-17.7555125,-10.0,0.434018662456
-15.7406554,-10.0,0.434018662456
-14.1426213,-10.0,0.434018662456
-12.3879449,-10.0,0.434018662456
2.5000957,2.5000957,0.434018662456
-16.1358653,-10.0,0.434018662456
3.2413578,3.2413578,0.434018662456
3.0696411,3.0696411,0.434018662456
-16.8196825,-10.0,0.434018662456
-12.0916453,-10.0,0.434018662456
-14.5875027,-10.0,0.434018662456
-16.3259337,-10.0,0.434018662456
-15.5554676,-10.0,0.434018662456
-15.57575,-10.0,0.434018662456
2.1280849,2.1280849,0.434018662456
-13.9515684,-10.0,0.434018662456
2.7091894,2.7091894,0.434018662456
1.5197347,1.5197347,0.434018662456
14.6177425,10.0,0.434018662456
-3.6128912,-3.6128912,0.434018662456
-1.5980341,-1.5980341,0.434018662456
14.1426213,10.0,0.434018662456
1.7546764,1.7546764,0.434018662456
16.642717,10.0,0.434018662456
-1.993244,-1.993244,0.434018662456
17.3839791,10.0,0.434018662456
17.2122624,10.0,0.434018662456
-2.6770612,-2.6770612,0.434018662456
2.050976,2.050976,0.434018662456
-0.4448814,-0.4448814,0.434018662456
-2.1833124,-2.1833124,0.434018662456
-1.4128463,-1.4128463,0.434018662456
-1.4331287,-1.4331287,0.434018662456
16.2707062,10.0,0.434018662456
0.1910529,0.1910529,0.434018662456
16.8518107,10.0,0.434018662456
-0.2349417,-0.2349417,0.434018662456
12.8630661,10.0,0.434018662456
-5.3675676,-5.3675676,0.434018662456
-3.3527105,-3.3527105,0.434018662456
12.3879449,10.0,0.434018662456
-1.7546764,-1.7546764,0.434018662456
14.8880406,10.0,0.434018662456
-3.7479204,-3.7479204,0.434018662456
15.6293027,10.0,0.434018662456
15.457586,10.0,0.434018662456
-4.4317376,-4.4317376,0.434018662456
0.2962996,0.2962996,0.434018662456
-2.1995578,-2.1995578,0.434018662456
-3.9379888,-3.9379888,0.434018662456
-3.1675227,-3.1675227,0.434018662456
-3.1878051,-3.1878051,0.434018662456
14.5160298,10.0,0.434018662456
-1.5636235,-1.5636235,0.434018662456
15.0971343,10.0,0.434018662456
-15.1229823,-10.0,0.434018662456
-2.0249745,-2.0249745,0.434018662456
-20.2556082,-10.0,0.434018662456
-18.2407511,-10.0,0.434018662456
-2.5000957,-2.5000957,0.434018662456
-16.642717,-10.0,0.434018662456
-14.8880406,-10.0,0.434018662456
-18.635961,-10.0,0.434018662456
0.7412621,0.7412621,0.434018662456
0.5695454,0.5695454,0.434018662456
-19.3197782,-10.0,0.434018662456
-14.591741,-10.0,0.434018662456
-17.0875984,-10.0,0.434018662456
-18.8260294,-10.0,0.434018662456
-18.0555633,-10.0,0.434018662456
-18.0758457,-10.0,0.434018662456
-0.3720108,-0.3720108,0.434018662456
-16.4516641,-10.0,0.434018662456
0.2090937,0.2090937,0.434018662456
3.5129787,3.5129787,0.434018662456
16.6109865,10.0,0.434018662456
-1.6196472,-1.6196472,0.434018662456
0.3952099,0.3952099,0.434018662456
16.1358653,10.0,0.434018662456
1.993244,1.993244,0.434018662456
3.7479204,3.7479204,0.434018662456
18.635961,10.0,0.434018662456
19.3772231,10.0,0.434018662456
19.2055064,10.0,0.434018662456
-0.6838172,-0.6838172,0.434018662456
4.04422,4.04422,0.434018662456
1.5483626,1.5483626,0.434018662456
-0.1900684,-0.1900684,0.434018662456
0.5803977,0.5803977,0.434018662456
0.5601153,0.5601153,0.434018662456
18.2639502,10.0,0.434018662456
2.1842969,2.1842969,0.434018662456
18.8450547,10.0,0.434018662456
-15.8642444,-10.0,0.434018662456
-2.7662366,-2.7662366,0.434018662456
-20.9968703,-10.0,0.434018662456
-18.9820132,-10.0,0.434018662456
-3.2413578,-3.2413578,0.434018662456
-17.3839791,-10.0,0.434018662456
-15.6293027,-10.0,0.434018662456
-0.7412621,-0.7412621,0.434018662456
-19.3772231,-10.0,0.434018662456
-0.1717167,-0.1717167,0.434018662456
-20.0610403,-10.0,0.434018662456
-15.3330031,-10.0,0.434018662456
-17.8288605,-10.0,0.434018662456
-19.5672915,-10.0,0.434018662456
-18.7968254,-10.0,0.434018662456
-18.8171078,-10.0,0.434018662456
-1.1132729,-1.1132729,0.434018662456
-17.1929262,-10.0,0.434018662456
-0.5321684,-0.5321684,0.434018662456
-15.6925277,-10.0,0.434018662456
-2.5945199,-2.5945199,0.434018662456
-20.8251536,-10.0,0.434018662456
-18.8102965,-10.0,0.434018662456
-3.0696411,-3.0696411,0.434018662456
-17.2122624,-10.0,0.434018662456
-15.457586,-10.0,0.434018662456
-0.5695454,-0.5695454,0.434018662456
-19.2055064,-10.0,0.434018662456
0.1717167,0.1717167,0.434018662456
-19.8893236,-10.0,0.434018662456
-15.1612864,-10.0,0.434018662456
-17.6571438,-10.0,0.434018662456
-19.3955748,-10.0,0.434018662456
-18.6251087,-10.0,0.434018662456
-18.6453911,-10.0,0.434018662456
-0.9415562,-0.9415562,0.434018662456
-17.0212095,-10.0,0.434018662456
-0.3604517,-0.3604517,0.434018662456
4.1967959,4.1967959,0.434018662456
17.2948037,10.0,0.434018662456
-0.93583,-0.93583,0.434018662456
1.0790271,1.0790271,0.434018662456
16.8196825,10.0,0.434018662456
2.6770612,2.6770612,0.434018662456
4.4317376,4.4317376,0.434018662456
19.3197782,10.0,0.434018662456
0.6838172,0.6838172,0.434018662456
20.0610403,10.0,0.434018662456
19.8893236,10.0,0.434018662456
4.7280372,4.7280372,0.434018662456
2.2321798,2.2321798,0.434018662456
0.4937488,0.4937488,0.434018662456
1.2642149,1.2642149,0.434018662456
1.2439325,1.2439325,0.434018662456
18.9477674,10.0,0.434018662456
2.8681141,2.8681141,0.434018662456
19.5288719,10.0,0.434018662456
-0.5312413,-0.5312413,0.434018662456
12.5667665,10.0,0.434018662456
-5.6638672,-5.6638672,0.434018662456
-3.6490101,-3.6490101,0.434018662456
12.0916453,10.0,0.434018662456
-2.050976,-2.050976,0.434018662456
-0.2962996,-0.2962996,0.434018662456
14.591741,10.0,0.434018662456
-4.04422,-4.04422,0.434018662456
15.3330031,10.0,0.434018662456
15.1612864,10.0,0.434018662456
-4.7280372,-4.7280372,0.434018662456
-2.4958574,-2.4958574,0.434018662456
-4.2342884,-4.2342884,0.434018662456
-3.4638223,-3.4638223,0.434018662456
-3.4841047,-3.4841047,0.434018662456
14.2197302,10.0,0.434018662456
-1.8599231,-1.8599231,0.434018662456
14.8008347,10.0,0.434018662456
1.9646161,1.9646161,0.434018662456
15.0626239,10.0,0.434018662456
-3.1680098,-3.1680098,0.434018662456
-1.1531527,-1.1531527,0.434018662456
14.5875027,10.0,0.434018662456
0.4448814,0.4448814,0.434018662456
2.1995578,2.1995578,0.434018662456
17.0875984,10.0,0.434018662456
-1.5483626,-1.5483626,0.434018662456
17.8288605,10.0,0.434018662456
17.6571438,10.0,0.434018662456
-2.2321798,-2.2321798,0.434018662456
2.4958574,2.4958574,0.434018662456
-1.738431,-1.738431,0.434018662456
-0.9679649,-0.9679649,0.434018662456
-0.9882473,-0.9882473,0.434018662456
16.7155876,10.0,0.434018662456
0.6359343,0.6359343,0.434018662456
17.2966921,10.0,0.434018662456
3.7030471,3.7030471,0.434018662456
16.8010549,10.0,0.434018662456
-1.4295788,-1.4295788,0.434018662456
0.5852783,0.5852783,0.434018662456
16.3259337,10.0,0.434018662456
2.1833124,2.1833124,0.434018662456
3.9379888,3.9379888,0.434018662456
18.8260294,10.0,0.434018662456
0.1900684,0.1900684,0.434018662456
19.5672915,10.0,0.434018662456
19.3955748,10.0,0.434018662456
-0.4937488,-0.4937488,0.434018662456
4.2342884,4.2342884,0.434018662456
1.738431,1.738431,0.434018662456
0.7704661,0.7704661,0.434018662456
0.7501837,0.7501837,0.434018662456
18.4540186,10.0,0.434018662456
2.3743653,2.3743653,0.434018662456
19.0351231,10.0,0.434018662456
2.932581,2.932581,0.434018662456
16.0305888,10.0,0.434018662456
-2.2000449,-2.2000449,0.434018662456
-0.1851878,-0.1851878,0.434018662456
15.5554676,10.0,0.434018662456
1.4128463,1.4128463,0.434018662456
3.1675227,3.1675227,0.434018662456
18.0555633,10.0,0.434018662456
-0.5803977,-0.5803977,0.434018662456
18.7968254,10.0,0.434018662456
18.6251087,10.0,0.434018662456
-1.2642149,-1.2642149,0.434018662456
3.4638223,3.4638223,0.434018662456
0.9679649,0.9679649,0.434018662456
-0.7704661,-0.7704661,0.434018662456
-0.0202824,-0.0202824,0.434018662456
17.6835525,10.0,0.434018662456
1.6038992,1.6038992,0.434018662456
18.264657,10.0,0.434018662456
2.9528634,2.9528634,0.434018662456
16.0508712,10.0,0.434018662456
-2.1797625,-2.1797625,0.434018662456
-0.1649054,-0.1649054,0.434018662456
15.57575,10.0,0.434018662456
1.4331287,1.4331287,0.434018662456
3.1878051,3.1878051,0.434018662456
18.0758457,10.0,0.434018662456
-0.5601153,-0.5601153,0.434018662456
18.8171078,10.0,0.434018662456
18.6453911,10.0,0.434018662456
-1.2439325,-1.2439325,0.434018662456
3.4841047,3.4841047,0.434018662456
0.9882473,0.9882473,0.434018662456
-0.7501837,-0.7501837,0.434018662456
0.0202824,0.0202824,0.434018662456
17.7038349,10.0,0.434018662456
1.6241816,1.6241816,0.434018662456
18.2849394,10.0,0.434018662456
-14.7509715,-10.0,0.434018662456
-1.6529637,-1.6529637,0.434018662456
-19.8835974,-10.0,0.434018662456
-17.8687403,-10.0,0.434018662456
-2.1280849,-2.1280849,0.434018662456
-16.2707062,-10.0,0.434018662456
-14.5160298,-10.0,0.434018662456
0.3720108,0.3720108,0.434018662456
-18.2639502,-10.0,0.434018662456
1.1132729,1.1132729,0.434018662456
0.9415562,0.9415562,0.434018662456
-18.9477674,-10.0,0.434018662456
-14.2197302,-10.0,0.434018662456
-16.7155876,-10.0,0.434018662456
-18.4540186,-10.0,0.434018662456
-17.6835525,-10.0,0.434018662456
-17.7038349,-10.0,0.434018662456
-16.0796533,-10.0,0.434018662456
0.5811045,0.5811045,0.434018662456
1.3286818,1.3286818,0.434018662456
14.4266896,10.0,0.434018662456
-3.8039441,-3.8039441,0.434018662456
-1.789087,-1.789087,0.434018662456
13.9515684,10.0,0.434018662456
-0.1910529,-0.1910529,0.434018662456
1.5636235,1.5636235,0.434018662456
16.4516641,10.0,0.434018662456
-2.1842969,-2.1842969,0.434018662456
17.1929262,10.0,0.434018662456
17.0212095,10.0,0.434018662456
-2.8681141,-2.8681141,0.434018662456
1.8599231,1.8599231,0.434018662456
-0.6359343,-0.6359343,0.434018662456
-2.3743653,-2.3743653,0.434018662456
-1.6038992,-1.6038992,0.434018662456
-1.6241816,-1.6241816,0.434018662456
16.0796533,10.0,0.434018662456
16.6607578,10.0,0.434018662456
-15.332076,-10.0,0.434018662456
-2.2340682,-2.2340682,0.434018662456
-20.4647019,-10.0,0.434018662456
-18.4498448,-10.0,0.434018662456
-2.7091894,-2.7091894,0.434018662456
-16.8518107,-10.0,0.434018662456
-15.0971343,-10.0,0.434018662456
-0.2090937,-0.2090937,0.434018662456
-18.8450547,-10.0,0.434018662456
0.5321684,0.5321684,0.434018662456
0.3604517,0.3604517,0.434018662456
-19.5288719,-10.0,0.434018662456
-14.8008347,-10.0,0.434018662456
-17.2966921,-10.0,0.434018662456
-19.0351231,-10.0,0.434018662456
-18.264657,-10.0,0.434018662456
-18.2849394,-10.0,0.434018662456
-0.5811045,-0.5811045,0.434018662456
-16.6607578,-10.0,0.434018662456
-0.7846085,-0.7846085,1.6960600049e-07
-0.0623012,-0.0623012,1.6960600049e-07
-0.250241,-0.250241,1.6960600049e-07
-2.0216764,-2.0216764,1.6960600049e-07
-1.6098396,-1.6098396,1.6960600049e-07
-0.0021864,-0.0021864,1.6960600049e-07
-5.3464478,-5.3464478,1.6960600049e-07
-1.6894801,-1.6894801,1.6960600049e-07
3.59999999944e-06,3.59999999944e-06,1.6960600049e-07
-1.1319355,-1.1319355,1.6960600049e-07
-0.8806977,-0.8806977,1.6960600049e-07
-20.9999934,-10.0,1.6960600049e-07
-1.1000000022e-06,-1.1000000022e-06,1.6960600049e-07
1.09999999864e-06,1.09999999864e-06,1.6960600049e-07
-0.000687500000002,-0.000687500000002,1.6960600049e-07
-0.5582306,-0.5582306,1.6960600049e-07
-7.029222,-7.029222,1.6960600049e-07
-5.4436375,-5.4436375,1.6960600049e-07
-4.4903063,-4.4903063,1.6960600049e-07
0.7846085,0.7846085,1.6960600049e-07
0.7223073,0.7223073,1.6960600049e-07
0.5343675,0.5343675,1.6960600049e-07
-1.2370679,-1.2370679,1.6960600049e-07
-0.8252311,-0.8252311,1.6960600049e-07
0.7824221,0.7824221,1.6960600049e-07
-4.5618393,-4.5618393,1.6960600049e-07
-0.9048716,-0.9048716,1.6960600049e-07
0.7846121,0.7846121,1.6960600049e-07
-0.347327,-0.347327,1.6960600049e-07
-0.0960892,-0.0960892,1.6960600049e-07
-20.2153849,-10.0,1.6960600049e-07
0.7846074,0.7846074,1.6960600049e-07
0.7846096,0.7846096,1.6960600049e-07
0.783921,0.783921,1.6960600049e-07
0.2263779,0.2263779,1.6960600049e-07
-6.2446135,-6.2446135,1.6960600049e-07
-4.659029,-4.659029,1.6960600049e-07
-3.7056978,-3.7056978,1.6960600049e-07
0.0623012,0.0623012,1.6960600049e-07
-0.7223073,-0.7223073,1.6960600049e-07
-0.1879398,-0.1879398,1.6960600049e-07
-1.9593752,-1.9593752,1.6960600049e-07
-1.5475384,-1.5475384,1.6960600049e-07
0.0601148,0.0601148,1.6960600049e-07
-5.2841466,-5.2841466,1.6960600049e-07
-1.6271789,-1.6271789,1.6960600049e-07
0.0623048,0.0623048,1.6960600049e-07
-1.0696343,-1.0696343,1.6960600049e-07
-0.8183965,-0.8183965,1.6960600049e-07
-20.9376922,-10.0,1.6960600049e-07
0.0623001,0.0623001,1.6960600049e-07
0.0623023,0.0623023,1.6960600049e-07
0.0616137,0.0616137,1.6960600049e-07
-0.4959294,-0.4959294,1.6960600049e-07
-6.9669208,-6.9669208,1.6960600049e-07
-5.3813363,-5.3813363,1.6960600049e-07
-4.4280051,-4.4280051,1.6960600049e-07
0.250241,0.250241,1.6960600049e-07
-0.5343675,-0.5343675,1.6960600049e-07
0.1879398,0.1879398,1.6960600049e-07
-1.7714354,-1.7714354,1.6960600049e-07
-1.3595986,-1.3595986,1.6960600049e-07
0.2480546,0.2480546,1.6960600049e-07
-5.0962068,-5.0962068,1.6960600049e-07
-1.4392391,-1.4392391,1.6960600049e-07
0.2502446,0.2502446,1.6960600049e-07
-0.8816945,-0.8816945,1.6960600049e-07
-0.6304567,-0.6304567,1.6960600049e-07
-20.7497524,-10.0,1.6960600049e-07
0.2502399,0.2502399,1.6960600049e-07
0.2502421,0.2502421,1.6960600049e-07
0.2495535,0.2495535,1.6960600049e-07
-0.3079896,-0.3079896,1.6960600049e-07
-6.778981,-6.778981,1.6960600049e-07
-5.1933965,-5.1933965,1.6960600049e-07
-4.2400653,-4.2400653,1.6960600049e-07
2.0216764,2.0216764,1.6960600049e-07
1.2370679,1.2370679,1.6960600049e-07
1.9593752,1.9593752,1.6960600049e-07
1.7714354,1.7714354,1.6960600049e-07
0.4118368,0.4118368,1.6960600049e-07
2.01949,2.01949,1.6960600049e-07
-3.3247714,-3.3247714,1.6960600049e-07
0.3321963,0.3321963,1.6960600049e-07
2.02168,2.02168,1.6960600049e-07
0.8897409,0.8897409,1.6960600049e-07
1.1409787,1.1409787,1.6960600049e-07
-18.978317,-10.0,1.6960600049e-07
2.0216753,2.0216753,1.6960600049e-07
2.0216775,2.0216775,1.6960600049e-07
2.0209889,2.0209889,1.6960600049e-07
1.4634458,1.4634458,1.6960600049e-07
-5.0075456,-5.0075456,1.6960600049e-07
-3.4219611,-3.4219611,1.6960600049e-07
-2.4686299,-2.4686299,1.6960600049e-07
1.6098396,1.6098396,1.6960600049e-07
0.8252311,0.8252311,1.6960600049e-07
1.5475384,1.5475384,1.6960600049e-07
1.3595986,1.3595986,1.6960600049e-07
-0.4118368,-0.4118368,1.6960600049e-07
1.6076532,1.6076532,1.6960600049e-07
-3.7366082,-3.7366082,1.6960600049e-07
-0.0796405,-0.0796405,1.6960600049e-07
1.6098432,1.6098432,1.6960600049e-07
0.4779041,0.4779041,1.6960600049e-07
0.7291419,0.7291419,1.6960600049e-07
-19.3901538,-10.0,1.6960600049e-07
1.6098385,1.6098385,1.6960600049e-07
1.6098407,1.6098407,1.6960600049e-07
1.6091521,1.6091521,1.6960600049e-07
1.051609,1.051609,1.6960600049e-07
-5.4193824,-5.4193824,1.6960600049e-07
-3.8337979,-3.8337979,1.6960600049e-07
-2.8804667,-2.8804667,1.6960600049e-07
0.0021864,0.0021864,1.6960600049e-07
-0.7824221,-0.7824221,1.6960600049e-07
-0.0601148,-0.0601148,1.6960600049e-07
-0.2480546,-0.2480546,1.6960600049e-07
-2.01949,-2.01949,1.6960600049e-07
-1.6076532,-1.6076532,1.6960600049e-07
-5.3442614,-5.3442614,1.6960600049e-07
-1.6872937,-1.6872937,1.6960600049e-07
0.00219,0.00219,1.6960600049e-07
-1.1297491,-1.1297491,1.6960600049e-07
-0.8785113,-0.8785113,1.6960600049e-07
-20.997807,-10.0,1.6960600049e-07
0.0021853,0.0021853,1.6960600049e-07
0.0021875,0.0021875,1.6960600049e-07
0.0014989,0.0014989,1.6960600049e-07
-0.5560442,-0.5560442,1.6960600049e-07
-7.0270356,-7.0270356,1.6960600049e-07
-5.4414511,-5.4414511,1.6960600049e-07
-4.4881199,-4.4881199,1.6960600049e-07
5.3464478,5.3464478,1.6960600049e-07
4.5618393,4.5618393,1.6960600049e-07
5.2841466,5.2841466,1.6960600049e-07
5.0962068,5.0962068,1.6960600049e-07
3.3247714,3.3247714,1.6960600049e-07
3.7366082,3.7366082,1.6960600049e-07
5.3442614,5.3442614,1.6960600049e-07
3.6569677,3.6569677,1.6960600049e-07
5.3464514,5.3464514,1.6960600049e-07
4.2145123,4.2145123,1.6960600049e-07
4.4657501,4.4657501,1.6960600049e-07
-15.6535456,-10.0,1.6960600049e-07
5.3464467,5.3464467,1.6960600049e-07
5.3464489,5.3464489,1.6960600049e-07
5.3457603,5.3457603,1.6960600049e-07
4.7882172,4.7882172,1.6960600049e-07
-1.6827742,-1.6827742,1.6960600049e-07
-0.0971897,-0.0971897,1.6960600049e-07
0.8561415,0.8561415,1.6960600049e-07
1.6894801,1.6894801,1.6960600049e-07
0.9048716,0.9048716,1.6960600049e-07
1.6271789,1.6271789,1.6960600049e-07
1.4392391,1.4392391,1.6960600049e-07
-0.3321963,-0.3321963,1.6960600049e-07
0.0796405,0.0796405,1.6960600049e-07
1.6872937,1.6872937,1.6960600049e-07
-3.6569677,-3.6569677,1.6960600049e-07
1.6894837,1.6894837,1.6960600049e-07
0.5575446,0.5575446,1.6960600049e-07
0.8087824,0.8087824,1.6960600049e-07
-19.3105133,-10.0,1.6960600049e-07
1.689479,1.689479,1.6960600049e-07
1.6894812,1.6894812,1.6960600049e-07
1.6887926,1.6887926,1.6960600049e-07
1.1312495,1.1312495,1.6960600049e-07
-5.3397419,-5.3397419,1.6960600049e-07
-3.7541574,-3.7541574,1.6960600049e-07
-2.8008262,-2.8008262,1.6960600049e-07
-3.59999999944e-06,-3.59999999944e-06,1.6960600049e-07
-0.7846121,-0.7846121,1.6960600049e-07
-0.0623048,-0.0623048,1.6960600049e-07
-0.2502446,-0.2502446,1.6960600049e-07
-2.02168,-2.02168,1.6960600049e-07
-1.6098432,-1.6098432,1.6960600049e-07
-0.00219,-0.00219,1.6960600049e-07
-5.3464514,-5.3464514,1.6960600049e-07
-1.6894837,-1.6894837,1.6960600049e-07
-1.1319391,-1.1319391,1.6960600049e-07
-0.8807013,-0.8807013,1.6960600049e-07
-20.999997,-10.0,1.6960600049e-07
-4.70000000163e-06,-4.70000000163e-06,1.6960600049e-07
-2.50000000079e-06,-2.50000000079e-06,1.6960600049e-07
-0.000691100000001,-0.000691100000001,1.6960600049e-07
-0.5582342,-0.5582342,1.6960600049e-07
-7.0292256,-7.0292256,1.6960600049e-07
-5.4436411,-5.4436411,1.6960600049e-07
-4.4903099,-4.4903099,1.6960600049e-07
1.1319355,1.1319355,1.6960600049e-07
0.347327,0.347327,1.6960600049e-07
1.0696343,1.0696343,1.6960600049e-07
0.8816945,0.8816945,1.6960600049e-07
-0.8897409,-0.8897409,1.6960600049e-07
-0.4779041,-0.4779041,1.6960600049e-07
1.1297491,1.1297491,1.6960600049e-07
-4.2145123,-4.2145123,1.6960600049e-07
-0.5575446,-0.5575446,1.6960600049e-07
1.1319391,1.1319391,1.6960600049e-07
0.2512378,0.2512378,1.6960600049e-07
-19.8680579,-10.0,1.6960600049e-07
1.1319344,1.1319344,1.6960600049e-07
1.1319366,1.1319366,1.6960600049e-07
1.131248,1.131248,1.6960600049e-07
0.5737049,0.5737049,1.6960600049e-07
-5.8972865,-5.8972865,1.6960600049e-07
-4.311702,-4.311702,1.6960600049e-07
-3.3583708,-3.3583708,1.6960600049e-07
0.8806977,0.8806977,1.6960600049e-07
0.0960892,0.0960892,1.6960600049e-07
0.8183965,0.8183965,1.6960600049e-07
0.6304567,0.6304567,1.6960600049e-07
-1.1409787,-1.1409787,1.6960600049e-07
-0.7291419,-0.7291419,1.6960600049e-07
0.8785113,0.8785113,1.6960600049e-07
-4.4657501,-4.4657501,1.6960600049e-07
-0.8087824,-0.8087824,1.6960600049e-07
0.8807013,0.8807013,1.6960600049e-07
-0.2512378,-0.2512378,1.6960600049e-07
-20.1192957,-10.0,1.6960600049e-07
0.8806966,0.8806966,1.6960600049e-07
0.8806988,0.8806988,1.6960600049e-07
0.8800102,0.8800102,1.6960600049e-07
0.3224671,0.3224671,1.6960600049e-07
-6.1485243,-6.1485243,1.6960600049e-07
-4.5629398,-4.5629398,1.6960600049e-07
-3.6096086,-3.6096086,1.6960600049e-07
20.9999934,10.0,1.6960600049e-07
20.2153849,10.0,1.6960600049e-07
20.9376922,10.0,1.6960600049e-07
20.7497524,10.0,1.6960600049e-07
18.978317,10.0,1.6960600049e-07
19.3901538,10.0,1.6960600049e-07
20.997807,10.0,1.6960600049e-07
15.6535456,10.0,1.6960600049e-07
19.3105133,10.0,1.6960600049e-07
20.999997,10.0,1.6960600049e-07
19.8680579,10.0,1.6960600049e-07
20.1192957,10.0,1.6960600049e-07
20.9999923,10.0,1.6960600049e-07
20.9999945,10.0,1.6960600049e-07
20.9993059,10.0,1.6960600049e-07
20.4417628,10.0,1.6960600049e-07
13.9707714,10.0,1.6960600049e-07
15.5563559,10.0,1.6960600049e-07
16.5096871,10.0,1.6960600049e-07
1.1000000022e-06,1.1000000022e-06,1.6960600049e-07
-0.7846074,-0.7846074,1.6960600049e-07
-0.0623001,-0.0623001,1.6960600049e-07
-0.2502399,-0.2502399,1.6960600049e-07
-2.0216753,-2.0216753,1.6960600049e-07
-1.6098385,-1.6098385,1.6960600049e-07
-0.0021853,-0.0021853,1.6960600049e-07
-5.3464467,-5.3464467,1.6960600049e-07
-1.689479,-1.689479,1.6960600049e-07
4.70000000163e-06,4.70000000163e-06,1.6960600049e-07
-1.1319344,-1.1319344,1.6960600049e-07
-0.8806966,-0.8806966,1.6960600049e-07
-20.9999923,-10.0,1.6960600049e-07
2.20000000084e-06,2.20000000084e-06,1.6960600049e-07
-0.000686399999999,-0.000686399999999,1.6960600049e-07
-0.5582295,-0.5582295,1.6960600049e-07
-7.0292209,-7.0292209,1.6960600049e-07
-5.4436364,-5.4436364,1.6960600049e-07
-4.4903052,-4.4903052,1.6960600049e-07
-1.09999999864e-06,-1.09999999864e-06,1.6960600049e-07
-0.7846096,-0.7846096,1.6960600049e-07
-0.0623023,-0.0623023,1.6960600049e-07
-0.2502421,-0.2502421,1.6960600049e-07
-2.0216775,-2.0216775,1.6960600049e-07
-1.6098407,-1.6098407,1.6960600049e-07
-0.0021875,-0.0021875,1.6960600049e-07
-5.3464489,-5.3464489,1.6960600049e-07
-1.6894812,-1.6894812,1.6960600049e-07
2.50000000079e-06,2.50000000079e-06,1.6960600049e-07
-1.1319366,-1.1319366,1.6960600049e-07
-0.8806988,-0.8806988,1.6960600049e-07
-20.9999945,-10.0,1.6960600049e-07
-2.20000000084e-06,-2.20000000084e-06,1.6960600049e-07
-0.0006886,-0.0006886,1.6960600049e-07
-0.5582317,-0.5582317,1.6960600049e-07
-7.0292231,-7.0292231,1.6960600049e-07
-5.4436386,-5.4436386,1.6960600049e-07
-4.4903074,-4.4903074,1.6960600049e-07
0.000687500000002,0.000687500000002,1.6960600049e-07
-0.783921,-0.783921,1.6960600049e-07
-0.0616137,-0.0616137,1.6960600049e-07
-0.2495535,-0.2495535,1.6960600049e-07
-2.0209889,-2.0209889,1.6960600049e-07
-1.6091521,-1.6091521,1.6960600049e-07
-0.0014989,-0.0014989,1.6960600049e-07
-5.3457603,-5.3457603,1.6960600049e-07
-1.6887926,-1.6887926,1.6960600049e-07
0.000691100000001,0.000691100000001,1.6960600049e-07
-1.131248,-1.131248,1.6960600049e-07
-0.8800102,-0.8800102,1.6960600049e-07
-20.9993059,-10.0,1.6960600049e-07
0.000686399999999,0.000686399999999,1.6960600049e-07
0.0006886,0.0006886,1.6960600049e-07
-0.5575431,-0.5575431,1.6960600049e-07
-7.0285345,-7.0285345,1.6960600049e-07
-5.44295,-5.44295,1.6960600049e-07
-4.4896188,-4.4896188,1.6960600049e-07
0.5582306,0.5582306,1.6960600049e-07
-0.2263779,-0.2263779,1.6960600049e-07
0.4959294,0.4959294,1.6960600049e-07
0.3079896,0.3079896,1.6960600049e-07
-1.4634458,-1.4634458,1.6960600049e-07
-1.051609,-1.051609,1.6960600049e-07
0.5560442,0.5560442,1.6960600049e-07
-4.7882172,-4.7882172,1.6960600049e-07
-1.1312495,-1.1312495,1.6960600049e-07
0.5582342,0.5582342,1.6960600049e-07
-0.5737049,-0.5737049,1.6960600049e-07
-0.3224671,-0.3224671,1.6960600049e-07
-20.4417628,-10.0,1.6960600049e-07
0.5582295,0.5582295,1.6960600049e-07
0.5582317,0.5582317,1.6960600049e-07
0.5575431,0.5575431,1.6960600049e-07
-6.4709914,-6.4709914,1.6960600049e-07
-4.8854069,-4.8854069,1.6960600049e-07
-3.9320757,-3.9320757,1.6960600049e-07
7.029222,7.029222,1.6960600049e-07
6.2446135,6.2446135,1.6960600049e-07
6.9669208,6.9669208,1.6960600049e-07
6.778981,6.778981,1.6960600049e-07
5.0075456,5.0075456,1.6960600049e-07
5.4193824,5.4193824,1.6960600049e-07
7.0270356,7.0270356,1.6960600049e-07
1.6827742,1.6827742,1.6960600049e-07
5.3397419,5.3397419,1.6960600049e-07
7.0292256,7.0292256,1.6960600049e-07
5.8972865,5.8972865,1.6960600049e-07
6.1485243,6.1485243,1.6960600049e-07
-13.9707714,-10.0,1.6960600049e-07
7.0292209,7.0292209,1.6960600049e-07
7.0292231,7.0292231,1.6960600049e-07
7.0285345,7.0285345,1.6960600049e-07
6.4709914,6.4709914,1.6960600049e-07
1.5855845,1.5855845,1.6960600049e-07
2.5389157,2.5389157,1.6960600049e-07
5.4436375,5.4436375,1.6960600049e-07
4.659029,4.659029,1.6960600049e-07
5.3813363,5.3813363,1.6960600049e-07
5.1933965,5.1933965,1.6960600049e-07
3.4219611,3.4219611,1.6960600049e-07
3.8337979,3.8337979,1.6960600049e-07
5.4414511,5.4414511,1.6960600049e-07
0.0971897,0.0971897,1.6960600049e-07
3.7541574,3.7541574,1.6960600049e-07
5.4436411,5.4436411,1.6960600049e-07
4.311702,4.311702,1.6960600049e-07
4.5629398,4.5629398,1.6960600049e-07
-15.5563559,-10.0,1.6960600049e-07
5.4436364,5.4436364,1.6960600049e-07
5.4436386,5.4436386,1.6960600049e-07
5.44295,5.44295,1.6960600049e-07
4.8854069,4.8854069,1.6960600049e-07
-1.5855845,-1.5855845,1.6960600049e-07
0.9533312,0.9533312,1.6960600049e-07
4.4903063,4.4903063,1.6960600049e-07
3.7056978,3.7056978,1.6960600049e-07
4.4280051,4.4280051,1.6960600049e-07
4.2400653,4.2400653,1.6960600049e-07
2.4686299,2.4686299,1.6960600049e-07
2.8804667,2.8804667,1.6960600049e-07
4.4881199,4.4881199,1.6960600049e-07
-0.8561415,-0.8561415,1.6960600049e-07
2.8008262,2.8008262,1.6960600049e-07
4.4903099,4.4903099,1.6960600049e-07
3.3583708,3.3583708,1.6960600049e-07
3.6096086,3.6096086,1.6960600049e-07
-16.5096871,-10.0,1.6960600049e-07
4.4903052,4.4903052,1.6960600049e-07
4.4903074,4.4903074,1.6960600049e-07
4.4896188,4.4896188,1.6960600049e-07
3.9320757,3.9320757,1.6960600049e-07
-2.5389157,-2.5389157,1.6960600049e-07
-0.9533312,-0.9533312,1.6960600049e-07
3.881336,3.881336,0.017623781736
2.2537939,2.2537939,0.017623781736
3.8646284,3.8646284,0.017623781736
3.8813398,3.8813398,0.017623781736
3.6758801,3.6758801,0.017623781736
3.4049528,3.4049528,0.017623781736
3.8812968,3.8812968,0.017623781736
3.8476477,3.8476477,0.017623781736
-17.1186583,-10.0,0.017623781736
-14.0224296,-10.0,0.017623781736
3.8685057,3.8685057,0.017623781736
3.8742844,3.8742844,0.017623781736
3.5929089,3.5929089,0.017623781736
3.8812984,3.8812984,0.017623781736
2.894326,2.894326,0.017623781736
3.8813369,3.8813369,0.017623781736
2.6105033,2.6105033,0.017623781736
2.3532768,2.3532768,0.017623781736
0.7987,0.7987,0.017623781736
-3.881336,-3.881336,0.017623781736
-1.6275421,-1.6275421,0.017623781736
-0.0167076,-0.0167076,0.017623781736
3.79999999822e-06,3.79999999822e-06,0.017623781736
-0.2054559,-0.2054559,0.017623781736
-0.4763832,-0.4763832,0.017623781736
-3.91999999998e-05,-3.91999999998e-05,0.017623781736
-0.0336883,-0.0336883,0.017623781736
-20.9999943,-10.0,0.017623781736
-17.9037656,-10.0,0.017623781736
-0.0128303,-0.0128303,0.017623781736
-0.0070516,-0.0070516,0.017623781736
-0.2884271,-0.2884271,0.017623781736
-3.76000000024e-05,-3.76000000024e-05,0.017623781736
-0.98701,-0.98701,0.017623781736
8.99999999859e-07,8.99999999859e-07,0.017623781736
-1.2708327,-1.2708327,0.017623781736
-1.5280592,-1.5280592,0.017623781736
-3.082636,-3.082636,0.017623781736
-2.2537939,-2.2537939,0.017623781736
1.6275421,1.6275421,0.017623781736
1.6108345,1.6108345,0.017623781736
1.6275459,1.6275459,0.017623781736
1.4220862,1.4220862,0.017623781736
1.1511589,1.1511589,0.017623781736
1.6275029,1.6275029,0.017623781736
1.5938538,1.5938538,0.017623781736
-19.3724522,-10.0,0.017623781736
-16.2762235,-10.0,0.017623781736
1.6147118,1.6147118,0.017623781736
1.6204905,1.6204905,0.017623781736
1.339115,1.339115,0.017623781736
1.6275045,1.6275045,0.017623781736
0.6405321,0.6405321,0.017623781736
1.627543,1.627543,0.017623781736
0.3567094,0.3567094,0.017623781736
0.0994829,0.0994829,0.017623781736
-1.4550939,-1.4550939,0.017623781736
-3.8646284,-3.8646284,0.017623781736
0.0167076,0.0167076,0.017623781736
-1.6108345,-1.6108345,0.017623781736
0.0167114,0.0167114,0.017623781736
-0.1887483,-0.1887483,0.017623781736
-0.4596756,-0.4596756,0.017623781736
0.0166684,0.0166684,0.017623781736
-0.0169807,-0.0169807,0.017623781736
-20.9832867,-10.0,0.017623781736
-17.887058,-10.0,0.017623781736
0.0038773,0.0038773,0.017623781736
0.009656,0.009656,0.017623781736
-0.2717195,-0.2717195,0.017623781736
0.01667,0.01667,0.017623781736
-0.9703024,-0.9703024,0.017623781736
0.0167085,0.0167085,0.017623781736
-1.2541251,-1.2541251,0.017623781736
-1.5113516,-1.5113516,0.017623781736
-3.0659284,-3.0659284,0.017623781736
-3.8813398,-3.8813398,0.017623781736
-3.79999999822e-06,-3.79999999822e-06,0.017623781736
-1.6275459,-1.6275459,0.017623781736
-0.0167114,-0.0167114,0.017623781736
-0.2054597,-0.2054597,0.017623781736
-0.476387,-0.476387,0.017623781736
-4.2999999998e-05,-4.2999999998e-05,0.017623781736
-0.0336921,-0.0336921,0.017623781736
-20.9999981,-10.0,0.017623781736
-17.9037694,-10.0,0.017623781736
-0.0128341,-0.0128341,0.017623781736
-0.0070554,-0.0070554,0.017623781736
-0.2884309,-0.2884309,0.017623781736
-4.14000000006e-05,-4.14000000006e-05,0.017623781736
-0.9870138,-0.9870138,0.017623781736
-2.89999999836e-06,-2.89999999836e-06,0.017623781736
-1.2708365,-1.2708365,0.017623781736
-1.528063,-1.528063,0.017623781736
-3.0826398,-3.0826398,0.017623781736
-3.6758801,-3.6758801,0.017623781736
0.2054559,0.2054559,0.017623781736
-1.4220862,-1.4220862,0.017623781736
0.1887483,0.1887483,0.017623781736
0.2054597,0.2054597,0.017623781736
-0.2709273,-0.2709273,0.017623781736
0.2054167,0.2054167,0.017623781736
0.1717676,0.1717676,0.017623781736
-20.7945384,-10.0,0.017623781736
-17.6983097,-10.0,0.017623781736
0.1926256,0.1926256,0.017623781736
0.1984043,0.1984043,0.017623781736
-0.0829712,-0.0829712,0.017623781736
0.2054183,0.2054183,0.017623781736
-0.7815541,-0.7815541,0.017623781736
0.2054568,0.2054568,0.017623781736
-1.0653768,-1.0653768,0.017623781736
-1.3226033,-1.3226033,0.017623781736
-2.8771801,-2.8771801,0.017623781736
-3.4049528,-3.4049528,0.017623781736
0.4763832,0.4763832,0.017623781736
-1.1511589,-1.1511589,0.017623781736
0.4596756,0.4596756,0.017623781736
0.476387,0.476387,0.017623781736
0.2709273,0.2709273,0.017623781736
0.476344,0.476344,0.017623781736
0.4426949,0.4426949,0.017623781736
-20.5236111,-10.0,0.017623781736
-17.4273824,-10.0,0.017623781736
0.4635529,0.4635529,0.017623781736
0.4693316,0.4693316,0.017623781736
0.1879561,0.1879561,0.017623781736
0.4763456,0.4763456,0.017623781736
-0.5106268,-0.5106268,0.017623781736
0.4763841,0.4763841,0.017623781736
-0.7944495,-0.7944495,0.017623781736
-1.051676,-1.051676,0.017623781736
-2.6062528,-2.6062528,0.017623781736
-3.8812968,-3.8812968,0.017623781736
3.91999999998e-05,3.91999999998e-05,0.017623781736
-1.6275029,-1.6275029,0.017623781736
-0.0166684,-0.0166684,0.017623781736
4.2999999998e-05,4.2999999998e-05,0.017623781736
-0.2054167,-0.2054167,0.017623781736
-0.476344,-0.476344,0.017623781736
-0.0336491,-0.0336491,0.017623781736
-20.9999551,-10.0,0.017623781736
-17.9037264,-10.0,0.017623781736
-0.0127911,-0.0127911,0.017623781736
-0.0070124,-0.0070124,0.017623781736
-0.2883879,-0.2883879,0.017623781736
1.59999999738e-06,1.59999999738e-06,0.017623781736
-0.9869708,-0.9869708,0.017623781736
4.00999999997e-05,4.00999999997e-05,0.017623781736
-1.2707935,-1.2707935,0.017623781736
-1.52802,-1.52802,0.017623781736
-3.0825968,-3.0825968,0.017623781736
-3.8476477,-3.8476477,0.017623781736
0.0336883,0.0336883,0.017623781736
-1.5938538,-1.5938538,0.017623781736
0.0169807,0.0169807,0.017623781736
0.0336921,0.0336921,0.017623781736
-0.1717676,-0.1717676,0.017623781736
-0.4426949,-0.4426949,0.017623781736
0.0336491,0.0336491,0.017623781736
-20.966306,-10.0,0.017623781736
-17.8700773,-10.0,0.017623781736
0.020858,0.020858,0.017623781736
0.0266367,0.0266367,0.017623781736
-0.2547388,-0.2547388,0.017623781736
0.0336507,0.0336507,0.017623781736
-0.9533217,-0.9533217,0.017623781736
0.0336892,0.0336892,0.017623781736
-1.2371444,-1.2371444,0.017623781736
-1.4943709,-1.4943709,0.017623781736
-3.0489477,-3.0489477,0.017623781736
17.1186583,10.0,0.017623781736
20.9999943,10.0,0.017623781736
19.3724522,10.0,0.017623781736
20.9832867,10.0,0.017623781736
20.9999981,10.0,0.017623781736
20.7945384,10.0,0.017623781736
20.5236111,10.0,0.017623781736
20.9999551,10.0,0.017623781736
20.966306,10.0,0.017623781736
3.0962287,3.0962287,0.017623781736
20.987164,10.0,0.017623781736
20.9929427,10.0,0.017623781736
20.7115672,10.0,0.017623781736
20.9999567,10.0,0.017623781736
20.0129843,10.0,0.017623781736
20.9999952,10.0,0.017623781736
19.7291616,10.0,0.017623781736
19.4719351,10.0,0.017623781736
17.9173583,10.0,0.017623781736
14.0224296,10.0,0.017623781736
17.9037656,10.0,0.017623781736
16.2762235,10.0,0.017623781736
17.887058,10.0,0.017623781736
17.9037694,10.0,0.017623781736
17.6983097,10.0,0.017623781736
17.4273824,10.0,0.017623781736
17.9037264,10.0,0.017623781736
17.8700773,10.0,0.017623781736
-3.0962287,-3.0962287,0.017623781736
17.8909353,10.0,0.017623781736
17.896714,10.0,0.017623781736
17.6153385,10.0,0.017623781736
17.903728,10.0,0.017623781736
16.9167556,10.0,0.017623781736
17.9037665,10.0,0.017623781736
16.6329329,10.0,0.017623781736
16.3757064,10.0,0.017623781736
14.8211296,10.0,0.017623781736
-3.8685057,-3.8685057,0.017623781736
0.0128303,0.0128303,0.017623781736
-1.6147118,-1.6147118,0.017623781736
-0.0038773,-0.0038773,0.017623781736
0.0128341,0.0128341,0.017623781736
-0.1926256,-0.1926256,0.017623781736
-0.4635529,-0.4635529,0.017623781736
0.0127911,0.0127911,0.017623781736
-0.020858,-0.020858,0.017623781736
-20.987164,-10.0,0.017623781736
-17.8909353,-10.0,0.017623781736
0.0057787,0.0057787,0.017623781736
-0.2755968,-0.2755968,0.017623781736
0.0127927,0.0127927,0.017623781736
-0.9741797,-0.9741797,0.017623781736
0.0128312,0.0128312,0.017623781736
-1.2580024,-1.2580024,0.017623781736
-1.5152289,-1.5152289,0.017623781736
-3.0698057,-3.0698057,0.017623781736
-3.8742844,-3.8742844,0.017623781736
0.0070516,0.0070516,0.017623781736
-1.6204905,-1.6204905,0.017623781736
-0.009656,-0.009656,0.017623781736
0.0070554,0.0070554,0.017623781736
-0.1984043,-0.1984043,0.017623781736
-0.4693316,-0.4693316,0.017623781736
0.0070124,0.0070124,0.017623781736
-0.0266367,-0.0266367,0.017623781736
-20.9929427,-10.0,0.017623781736
-17.896714,-10.0,0.017623781736
-0.0057787,-0.0057787,0.017623781736
-0.2813755,-0.2813755,0.017623781736
0.007014,0.007014,0.017623781736
-0.9799584,-0.9799584,0.017623781736
0.0070525,0.0070525,0.017623781736
-1.2637811,-1.2637811,0.017623781736
-1.5210076,-1.5210076,0.017623781736
-3.0755844,-3.0755844,0.017623781736
-3.5929089,-3.5929089,0.017623781736
0.2884271,0.2884271,0.017623781736
-1.339115,-1.339115,0.017623781736
0.2717195,0.2717195,0.017623781736
0.2884309,0.2884309,0.017623781736
0.0829712,0.0829712,0.017623781736
-0.1879561,-0.1879561,0.017623781736
0.2883879,0.2883879,0.017623781736
0.2547388,0.2547388,0.017623781736
-20.7115672,-10.0,0.017623781736
-17.6153385,-10.0,0.017623781736
0.2755968,0.2755968,0.017623781736
0.2813755,0.2813755,0.017623781736
0.2883895,0.2883895,0.017623781736
-0.6985829,-0.6985829,0.017623781736
0.288428,0.288428,0.017623781736
-0.9824056,-0.9824056,0.017623781736
-1.2396321,-1.2396321,0.017623781736
-2.7942089,-2.7942089,0.017623781736
-3.8812984,-3.8812984,0.017623781736
3.76000000024e-05,3.76000000024e-05,0.017623781736
-1.6275045,-1.6275045,0.017623781736
-0.01667,-0.01667,0.017623781736
4.14000000006e-05,4.14000000006e-05,0.017623781736
-0.2054183,-0.2054183,0.017623781736
-0.4763456,-0.4763456,0.017623781736
-1.59999999738e-06,-1.59999999738e-06,0.017623781736
-0.0336507,-0.0336507,0.017623781736
-20.9999567,-10.0,0.017623781736
-17.903728,-10.0,0.017623781736
-0.0127927,-0.0127927,0.017623781736
-0.007014,-0.007014,0.017623781736
-0.2883895,-0.2883895,0.017623781736
-0.9869724,-0.9869724,0.017623781736
3.85000000023e-05,3.85000000023e-05,0.017623781736
-1.2707951,-1.2707951,0.017623781736
-1.5280216,-1.5280216,0.017623781736
-3.0825984,-3.0825984,0.017623781736
-2.894326,-2.894326,0.017623781736
0.98701,0.98701,0.017623781736
-0.6405321,-0.6405321,0.017623781736
0.9703024,0.9703024,0.017623781736
0.9870138,0.9870138,0.017623781736
0.7815541,0.7815541,0.017623781736
0.5106268,0.5106268,0.017623781736
0.9869708,0.9869708,0.017623781736
0.9533217,0.9533217,0.017623781736
-20.0129843,-10.0,0.017623781736
-16.9167556,-10.0,0.017623781736
0.9741797,0.9741797,0.017623781736
0.9799584,0.9799584,0.017623781736
0.6985829,0.6985829,0.017623781736
0.9869724,0.9869724,0.017623781736
0.9870109,0.9870109,0.017623781736
-0.2838227,-0.2838227,0.017623781736
-0.5410492,-0.5410492,0.017623781736
-2.095626,-2.095626,0.017623781736
-3.8813369,-3.8813369,0.017623781736
-8.99999999859e-07,-8.99999999859e-07,0.017623781736
-1.627543,-1.627543,0.017623781736
-0.0167085,-0.0167085,0.017623781736
2.89999999836e-06,2.89999999836e-06,0.017623781736
-0.2054568,-0.2054568,0.017623781736
-0.4763841,-0.4763841,0.017623781736
-4.00999999997e-05,-4.00999999997e-05,0.017623781736
-0.0336892,-0.0336892,0.017623781736
-20.9999952,-10.0,0.017623781736
-17.9037665,-10.0,0.017623781736
-0.0128312,-0.0128312,0.017623781736
-0.0070525,-0.0070525,0.017623781736
-0.288428,-0.288428,0.017623781736
-3.85000000023e-05,-3.85000000023e-05,0.017623781736
-0.9870109,-0.9870109,0.017623781736
-1.2708336,-1.2708336,0.017623781736
-1.5280601,-1.5280601,0.017623781736
-3.0826369,-3.0826369,0.017623781736
-2.6105033,-2.6105033,0.017623781736
1.2708327,1.2708327,0.017623781736
-0.3567094,-0.3567094,0.017623781736
1.2541251,1.2541251,0.017623781736
1.2708365,1.2708365,0.017623781736
1.0653768,1.0653768,0.017623781736
0.7944495,0.7944495,0.017623781736
1.2707935,1.2707935,0.017623781736
1.2371444,1.2371444,0.017623781736
-19.7291616,-10.0,0.017623781736
-16.6329329,-10.0,0.017623781736
1.2580024,1.2580024,0.017623781736
1.2637811,1.2637811,0.017623781736
0.9824056,0.9824056,0.017623781736
1.2707951,1.2707951,0.017623781736
0.2838227,0.2838227,0.017623781736
1.2708336,1.2708336,0.017623781736
-0.2572265,-0.2572265,0.017623781736
-1.8118033,-1.8118033,0.017623781736
-2.3532768,-2.3532768,0.017623781736
1.5280592,1.5280592,0.017623781736
-0.0994829,-0.0994829,0.017623781736
1.5113516,1.5113516,0.017623781736
1.528063,1.528063,0.017623781736
1.3226033,1.3226033,0.017623781736
1.051676,1.051676,0.017623781736
1.52802,1.52802,0.017623781736
1.4943709,1.4943709,0.017623781736
-19.4719351,-10.0,0.017623781736
-16.3757064,-10.0,0.017623781736
1.5152289,1.5152289,0.017623781736
1.5210076,1.5210076,0.017623781736
1.2396321,1.2396321,0.017623781736
1.5280216,1.5280216,0.017623781736
0.5410492,0.5410492,0.017623781736
1.5280601,1.5280601,0.017623781736
0.2572265,0.2572265,0.017623781736
-1.5545768,-1.5545768,0.017623781736
-0.7987,-0.7987,0.017623781736
3.082636,3.082636,0.017623781736
1.4550939,1.4550939,0.017623781736
3.0659284,3.0659284,0.017623781736
3.0826398,3.0826398,0.017623781736
2.8771801,2.8771801,0.017623781736
2.6062528,2.6062528,0.017623781736
3.0825968,3.0825968,0.017623781736
3.0489477,3.0489477,0.017623781736
-17.9173583,-10.0,0.017623781736
-14.8211296,-10.0,0.017623781736
3.0698057,3.0698057,0.017623781736
3.0755844,3.0755844,0.017623781736
2.7942089,2.7942089,0.017623781736
3.0825984,3.0825984,0.017623781736
2.095626,2.095626,0.017623781736
3.0826369,3.0826369,0.017623781736
1.8118033,1.8118033,0.017623781736
1.5545768,1.5545768,0.017623781736
3.7677009,3.7677009,0.194323304756
1.8053739,1.8053739,0.194323304756
1.5058444,1.5058444,0.194323304756
3.2639857,3.2639857,0.194323304756
3.767557,3.767557,0.194323304756
3.7676915,3.7676915,0.194323304756
-17.2322981,-10.0,0.194323304756
2.6506632,2.6506632,0.194323304756
-14.3043198,-10.0,0.194323304756
3.2606581,3.2606581,0.194323304756
3.7676925,3.7676925,0.194323304756
1.4657388,1.4657388,0.194323304756
1.1487174,1.1487174,0.194323304756
2.0565141,2.0565141,0.194323304756
3.7311596,3.7311596,0.194323304756
3.767697,3.767697,0.194323304756
-17.3348703,-10.0,0.194323304756
0.3945402,0.3945402,0.194323304756
-4.0147845,-4.0147845,0.194323304756
-3.7677009,-3.7677009,0.194323304756
-1.962327,-1.962327,0.194323304756
-2.2618565,-2.2618565,0.194323304756
-0.5037152,-0.5037152,0.194323304756
-0.000143899999998,-0.000143899999998,0.194323304756
-9.39999999972e-06,-9.39999999972e-06,0.194323304756
-20.999999,-10.0,0.194323304756
-1.1170377,-1.1170377,0.194323304756
-18.0720207,-10.0,0.194323304756
-0.5070428,-0.5070428,0.194323304756
-8.39999999869e-06,-8.39999999869e-06,0.194323304756
-2.3019621,-2.3019621,0.194323304756
-2.6189835,-2.6189835,0.194323304756
-1.7111868,-1.7111868,0.194323304756
-0.0365413,-0.0365413,0.194323304756
-3.89999999939e-06,-3.89999999939e-06,0.194323304756
-21.1025712,-10.0,0.194323304756
-3.3731607,-3.3731607,0.194323304756
-7.7824854,-7.7824854,0.194323304756
-1.8053739,-1.8053739,0.194323304756
1.962327,1.962327,0.194323304756
-0.2995295,-0.2995295,0.194323304756
1.4586118,1.4586118,0.194323304756
1.9621831,1.9621831,0.194323304756
1.9623176,1.9623176,0.194323304756
-19.037672,-10.0,0.194323304756
0.8452893,0.8452893,0.194323304756
-16.1096937,-10.0,0.194323304756
1.4552842,1.4552842,0.194323304756
1.9623186,1.9623186,0.194323304756
-0.3396351,-0.3396351,0.194323304756
-0.6566565,-0.6566565,0.194323304756
0.2511402,0.2511402,0.194323304756
1.9257857,1.9257857,0.194323304756
1.9623231,1.9623231,0.194323304756
-19.1402442,-10.0,0.194323304756
-1.4108337,-1.4108337,0.194323304756
-5.8201584,-5.8201584,0.194323304756
-1.5058444,-1.5058444,0.194323304756
2.2618565,2.2618565,0.194323304756
0.2995295,0.2995295,0.194323304756
1.7581413,1.7581413,0.194323304756
2.2617126,2.2617126,0.194323304756
2.2618471,2.2618471,0.194323304756
-18.7381425,-10.0,0.194323304756
1.1448188,1.1448188,0.194323304756
-15.8101642,-10.0,0.194323304756
1.7548137,1.7548137,0.194323304756
2.2618481,2.2618481,0.194323304756
-0.0401056,-0.0401056,0.194323304756
-0.357127,-0.357127,0.194323304756
0.5506697,0.5506697,0.194323304756
2.2253152,2.2253152,0.194323304756
2.2618526,2.2618526,0.194323304756
-18.8407147,-10.0,0.194323304756
-1.1113042,-1.1113042,0.194323304756
-5.5206289,-5.5206289,0.194323304756
-3.2639857,-3.2639857,0.194323304756
0.5037152,0.5037152,0.194323304756
-1.4586118,-1.4586118,0.194323304756
-1.7581413,-1.7581413,0.194323304756
0.5035713,0.5035713,0.194323304756
0.5037058,0.5037058,0.194323304756
-20.4962838,-10.0,0.194323304756
-0.6133225,-0.6133225,0.194323304756
-17.5683055,-10.0,0.194323304756
-0.0033276,-0.0033276,0.194323304756
0.5037068,0.5037068,0.194323304756
-1.7982469,-1.7982469,0.194323304756
-2.1152683,-2.1152683,0.194323304756
-1.2074716,-1.2074716,0.194323304756
0.4671739,0.4671739,0.194323304756
0.5037113,0.5037113,0.194323304756
-20.598856,-10.0,0.194323304756
-2.8694455,-2.8694455,0.194323304756
-7.2787702,-7.2787702,0.194323304756
-3.767557,-3.767557,0.194323304756
0.000143899999998,0.000143899999998,0.194323304756
-1.9621831,-1.9621831,0.194323304756
-2.2617126,-2.2617126,0.194323304756
-0.5035713,-0.5035713,0.194323304756
0.000134499999998,0.000134499999998,0.194323304756
-20.9998551,-10.0,0.194323304756
-1.1168938,-1.1168938,0.194323304756
-18.0718768,-10.0,0.194323304756
-0.5068989,-0.5068989,0.194323304756
0.000135499999999,0.000135499999999,0.194323304756
-2.3018182,-2.3018182,0.194323304756
-2.6188396,-2.6188396,0.194323304756
-1.7110429,-1.7110429,0.194323304756
-0.0363974,-0.0363974,0.194323304756
0.000139999999998,0.000139999999998,0.194323304756
-21.1024273,-10.0,0.194323304756
-3.3730168,-3.3730168,0.194323304756
-7.7823415,-7.7823415,0.194323304756
-3.7676915,-3.7676915,0.194323304756
9.39999999972e-06,9.39999999972e-06,0.194323304756
-1.9623176,-1.9623176,0.194323304756
-2.2618471,-2.2618471,0.194323304756
-0.5037058,-0.5037058,0.194323304756
-0.000134499999998,-0.000134499999998,0.194323304756
-20.9999896,-10.0,0.194323304756
-1.1170283,-1.1170283,0.194323304756
-18.0720113,-10.0,0.194323304756
-0.5070334,-0.5070334,0.194323304756
1.00000000103e-06,1.00000000103e-06,0.194323304756
-2.3019527,-2.3019527,0.194323304756
-2.6189741,-2.6189741,0.194323304756
-1.7111774,-1.7111774,0.194323304756
-0.0365319,-0.0365319,0.194323304756
5.50000000032e-06,5.50000000032e-06,0.194323304756
-21.1025618,-10.0,0.194323304756
-3.3731513,-3.3731513,0.194323304756
-7.782476,-7.782476,0.194323304756
17.2322981,10.0,0.194323304756
20.999999,10.0,0.194323304756
19.037672,10.0,0.194323304756
18.7381425,10.0,0.194323304756
20.4962838,10.0,0.194323304756
20.9998551,10.0,0.194323304756
20.9999896,10.0,0.194323304756
19.8829613,10.0,0.194323304756
2.9279783,2.9279783,0.194323304756
20.4929562,10.0,0.194323304756
20.9999906,10.0,0.194323304756
18.6980369,10.0,0.194323304756
18.3810155,10.0,0.194323304756
19.2888122,10.0,0.194323304756
20.9634577,10.0,0.194323304756
20.9999951,10.0,0.194323304756
-0.1025722,-0.1025722,0.194323304756
17.6268383,10.0,0.194323304756
13.2175136,10.0,0.194323304756
-2.6506632,-2.6506632,0.194323304756
1.1170377,1.1170377,0.194323304756
-0.8452893,-0.8452893,0.194323304756
-1.1448188,-1.1448188,0.194323304756
0.6133225,0.6133225,0.194323304756
1.1168938,1.1168938,0.194323304756
1.1170283,1.1170283,0.194323304756
-19.8829613,-10.0,0.194323304756
-16.954983,-10.0,0.194323304756
0.6099949,0.6099949,0.194323304756
1.1170293,1.1170293,0.194323304756
-1.1849244,-1.1849244,0.194323304756
-1.5019458,-1.5019458,0.194323304756
-0.5941491,-0.5941491,0.194323304756
1.0804964,1.0804964,0.194323304756
1.1170338,1.1170338,0.194323304756
-19.9855335,-10.0,0.194323304756
-2.256123,-2.256123,0.194323304756
-6.6654477,-6.6654477,0.194323304756
14.3043198,10.0,0.194323304756
18.0720207,10.0,0.194323304756
16.1096937,10.0,0.194323304756
15.8101642,10.0,0.194323304756
17.5683055,10.0,0.194323304756
18.0718768,10.0,0.194323304756
18.0720113,10.0,0.194323304756
-2.9279783,-2.9279783,0.194323304756
16.954983,10.0,0.194323304756
17.5649779,10.0,0.194323304756
18.0720123,10.0,0.194323304756
15.7700586,10.0,0.194323304756
15.4530372,10.0,0.194323304756
16.3608339,10.0,0.194323304756
18.0354794,10.0,0.194323304756
18.0720168,10.0,0.194323304756
-3.0305505,-3.0305505,0.194323304756
14.69886,10.0,0.194323304756
10.2895353,10.0,0.194323304756
-3.2606581,-3.2606581,0.194323304756
0.5070428,0.5070428,0.194323304756
-1.4552842,-1.4552842,0.194323304756
-1.7548137,-1.7548137,0.194323304756
0.0033276,0.0033276,0.194323304756
0.5068989,0.5068989,0.194323304756
0.5070334,0.5070334,0.194323304756
-20.4929562,-10.0,0.194323304756
-0.6099949,-0.6099949,0.194323304756
-17.5649779,-10.0,0.194323304756
0.5070344,0.5070344,0.194323304756
-1.7949193,-1.7949193,0.194323304756
-2.1119407,-2.1119407,0.194323304756
-1.204144,-1.204144,0.194323304756
0.4705015,0.4705015,0.194323304756
0.5070389,0.5070389,0.194323304756
-20.5955284,-10.0,0.194323304756
-2.8661179,-2.8661179,0.194323304756
-7.2754426,-7.2754426,0.194323304756
-3.7676925,-3.7676925,0.194323304756
8.39999999869e-06,8.39999999869e-06,0.194323304756
-1.9623186,-1.9623186,0.194323304756
-2.2618481,-2.2618481,0.194323304756
-0.5037068,-0.5037068,0.194323304756
-0.000135499999999,-0.000135499999999,0.194323304756
-1.00000000103e-06,-1.00000000103e-06,0.194323304756
-20.9999906,-10.0,0.194323304756
-1.1170293,-1.1170293,0.194323304756
-18.0720123,-10.0,0.194323304756
-0.5070344,-0.5070344,0.194323304756
-2.3019537,-2.3019537,0.194323304756
-2.6189751,-2.6189751,0.194323304756
-1.7111784,-1.7111784,0.194323304756
-0.0365329,-0.0365329,0.194323304756
4.4999999993e-06,4.4999999993e-06,0.194323304756
-21.1025628,-10.0,0.194323304756
-3.3731523,-3.3731523,0.194323304756
-7.782477,-7.782477,0.194323304756
-1.4657388,-1.4657388,0.194323304756
2.3019621,2.3019621,0.194323304756
0.3396351,0.3396351,0.194323304756
0.0401056,0.0401056,0.194323304756
1.7982469,1.7982469,0.194323304756
2.3018182,2.3018182,0.194323304756
2.3019527,2.3019527,0.194323304756
-18.6980369,-10.0,0.194323304756
1.1849244,1.1849244,0.194323304756
-15.7700586,-10.0,0.194323304756
1.7949193,1.7949193,0.194323304756
2.3019537,2.3019537,0.194323304756
-0.3170214,-0.3170214,0.194323304756
0.5907753,0.5907753,0.194323304756
2.2654208,2.2654208,0.194323304756
2.3019582,2.3019582,0.194323304756
-18.8006091,-10.0,0.194323304756
-1.0711986,-1.0711986,0.194323304756
-5.4805233,-5.4805233,0.194323304756
-1.1487174,-1.1487174,0.194323304756
2.6189835,2.6189835,0.194323304756
0.6566565,0.6566565,0.194323304756
0.357127,0.357127,0.194323304756
2.1152683,2.1152683,0.194323304756
2.6188396,2.6188396,0.194323304756
2.6189741,2.6189741,0.194323304756
-18.3810155,-10.0,0.194323304756
1.5019458,1.5019458,0.194323304756
-15.4530372,-10.0,0.194323304756
2.1119407,2.1119407,0.194323304756
2.6189751,2.6189751,0.194323304756
0.3170214,0.3170214,0.194323304756
0.9077967,0.9077967,0.194323304756
2.5824422,2.5824422,0.194323304756
2.6189796,2.6189796,0.194323304756
-18.4835877,-10.0,0.194323304756
-0.7541772,-0.7541772,0.194323304756
-5.1635019,-5.1635019,0.194323304756
-2.0565141,-2.0565141,0.194323304756
1.7111868,1.7111868,0.194323304756
-0.2511402,-0.2511402,0.194323304756
-0.5506697,-0.5506697,0.194323304756
1.2074716,1.2074716,0.194323304756
1.7110429,1.7110429,0.194323304756
1.7111774,1.7111774,0.194323304756
-19.2888122,-10.0,0.194323304756
0.5941491,0.5941491,0.194323304756
-16.3608339,-10.0,0.194323304756
1.204144,1.204144,0.194323304756
1.7111784,1.7111784,0.194323304756
-0.5907753,-0.5907753,0.194323304756
-0.9077967,-0.9077967,0.194323304756
1.6746455,1.6746455,0.194323304756
1.7111829,1.7111829,0.194323304756
-19.3913844,-10.0,0.194323304756
-1.6619739,-1.6619739,0.194323304756
-6.0712986,-6.0712986,0.194323304756
-3.7311596,-3.7311596,0.194323304756
0.0365413,0.0365413,0.194323304756
-1.9257857,-1.9257857,0.194323304756
-2.2253152,-2.2253152,0.194323304756
-0.4671739,-0.4671739,0.194323304756
0.0363974,0.0363974,0.194323304756
0.0365319,0.0365319,0.194323304756
-20.9634577,-10.0,0.194323304756
-1.0804964,-1.0804964,0.194323304756
-18.0354794,-10.0,0.194323304756
-0.4705015,-0.4705015,0.194323304756
0.0365329,0.0365329,0.194323304756
-2.2654208,-2.2654208,0.194323304756
-2.5824422,-2.5824422,0.194323304756
-1.6746455,-1.6746455,0.194323304756
0.0365374,0.0365374,0.194323304756
-21.0660299,-10.0,0.194323304756
-3.3366194,-3.3366194,0.194323304756
-7.7459441,-7.7459441,0.194323304756
-3.767697,-3.767697,0.194323304756
3.89999999939e-06,3.89999999939e-06,0.194323304756
-1.9623231,-1.9623231,0.194323304756
-2.2618526,-2.2618526,0.194323304756
-0.5037113,-0.5037113,0.194323304756
-0.000139999999998,-0.000139999999998,0.194323304756
-5.50000000032e-06,-5.50000000032e-06,0.194323304756
-20.9999951,-10.0,0.194323304756
-1.1170338,-1.1170338,0.194323304756
-18.0720168,-10.0,0.194323304756
-0.5070389,-0.5070389,0.194323304756
-4.4999999993e-06,-4.4999999993e-06,0.194323304756
-2.3019582,-2.3019582,0.194323304756
-2.6189796,-2.6189796,0.194323304756
-1.7111829,-1.7111829,0.194323304756
-0.0365374,-0.0365374,0.194323304756
-21.1025673,-10.0,0.194323304756
-3.3731568,-3.3731568,0.194323304756
-7.7824815,-7.7824815,0.194323304756
17.3348703,10.0,0.194323304756
21.1025712,10.0,0.194323304756
19.1402442,10.0,0.194323304756
18.8407147,10.0,0.194323304756
20.598856,10.0,0.194323304756
21.1024273,10.0,0.194323304756
21.1025618,10.0,0.194323304756
0.1025722,0.1025722,0.194323304756
19.9855335,10.0,0.194323304756
3.0305505,3.0305505,0.194323304756
20.5955284,10.0,0.194323304756
21.1025628,10.0,0.194323304756
18.8006091,10.0,0.194323304756
18.4835877,10.0,0.194323304756
19.3913844,10.0,0.194323304756
21.0660299,10.0,0.194323304756
21.1025673,10.0,0.194323304756
17.7294105,10.0,0.194323304756
13.3200858,10.0,0.194323304756
-0.3945402,-0.3945402,0.194323304756
3.3731607,3.3731607,0.194323304756
1.4108337,1.4108337,0.194323304756
1.1113042,1.1113042,0.194323304756
2.8694455,2.8694455,0.194323304756
3.3730168,3.3730168,0.194323304756
3.3731513,3.3731513,0.194323304756
-17.6268383,-10.0,0.194323304756
2.256123,2.256123,0.194323304756
-14.69886,-10.0,0.194323304756
2.8661179,2.8661179,0.194323304756
3.3731523,3.3731523,0.194323304756
1.0711986,1.0711986,0.194323304756
0.7541772,0.7541772,0.194323304756
1.6619739,1.6619739,0.194323304756
3.3366194,3.3366194,0.194323304756
3.3731568,3.3731568,0.194323304756
-17.7294105,-10.0,0.194323304756
-4.4093247,-4.4093247,0.194323304756
4.0147845,4.0147845,0.194323304756
7.7824854,7.7824854,0.194323304756
5.8201584,5.8201584,0.194323304756
5.5206289,5.5206289,0.194323304756
7.2787702,7.2787702,0.194323304756
7.7823415,7.7823415,0.194323304756
7.782476,7.782476,0.194323304756
-13.2175136,-10.0,0.194323304756
6.6654477,6.6654477,0.194323304756
-10.2895353,-10.0,0.194323304756
7.2754426,7.2754426,0.194323304756
7.782477,7.782477,0.194323304756
5.4805233,5.4805233,0.194323304756
5.1635019,5.1635019,0.194323304756
6.0712986,6.0712986,0.194323304756
7.7459441,7.7459441,0.194323304756
7.7824815,7.7824815,0.194323304756
-13.3200858,-10.0,0.194323304756
4.4093247,4.4093247,0.194323304756
17.7437838,10.0,0.330843237192
-0.288115,-0.288115,0.330843237192
-1.1567304,-1.1567304,0.330843237192
14.2612905,10.0,0.330843237192
14.080096,10.0,0.330843237192
13.3756842,10.0,0.330843237192
0.3508621,0.3508621,0.330843237192
-3.256138,-3.256138,0.330843237192
-1.3603321,-1.3603321,0.330843237192
0.992383,0.992383,0.330843237192
0.9377818,0.9377818,0.330843237192
6.1443485,6.1443485,0.330843237192
-4.1545024,-4.1545024,0.330843237192
-3.2626287,-3.2626287,0.330843237192
0.7139048,0.7139048,0.330843237192
-1.0778266,-1.0778266,0.330843237192
17.564078,10.0,0.330843237192
3.6146522,3.6146522,0.330843237192
10.9910968,10.0,0.330843237192
-17.7437838,-10.0,0.330843237192
-18.0318988,-10.0,0.330843237192
-18.9005142,-10.0,0.330843237192
-3.4824933,-3.4824933,0.330843237192
-3.6636878,-3.6636878,0.330843237192
-4.3680996,-4.3680996,0.330843237192
-17.3929217,-10.0,0.330843237192
-20.9999218,-10.0,0.330843237192
-19.1041159,-10.0,0.330843237192
-16.7514008,-10.0,0.330843237192
-16.806002,-10.0,0.330843237192
-11.5994353,-10.0,0.330843237192
-21.8982862,-10.0,0.330843237192
-21.0064125,-10.0,0.330843237192
-17.029879,-10.0,0.330843237192
-18.8216104,-10.0,0.330843237192
-0.1797058,-0.1797058,0.330843237192
-14.1291316,-10.0,0.330843237192
-6.752687,-6.752687,0.330843237192
0.288115,0.288115,0.330843237192
18.0318988,10.0,0.330843237192
-0.8686154,-0.8686154,0.330843237192
14.5494055,10.0,0.330843237192
14.368211,10.0,0.330843237192
13.6637992,10.0,0.330843237192
0.6389771,0.6389771,0.330843237192
-2.968023,-2.968023,0.330843237192
-1.0722171,-1.0722171,0.330843237192
1.280498,1.280498,0.330843237192
1.2258968,1.2258968,0.330843237192
6.4324635,6.4324635,0.330843237192
-3.8663874,-3.8663874,0.330843237192
-2.9745137,-2.9745137,0.330843237192
1.0020198,1.0020198,0.330843237192
-0.7897116,-0.7897116,0.330843237192
17.852193,10.0,0.330843237192
3.9027672,3.9027672,0.330843237192
11.2792118,10.0,0.330843237192
1.1567304,1.1567304,0.330843237192
18.9005142,10.0,0.330843237192
0.8686154,0.8686154,0.330843237192
15.4180209,10.0,0.330843237192
15.2368264,10.0,0.330843237192
14.5324146,10.0,0.330843237192
1.5075925,1.5075925,0.330843237192
-2.0994076,-2.0994076,0.330843237192
-0.2036017,-0.2036017,0.330843237192
2.1491134,2.1491134,0.330843237192
2.0945122,2.0945122,0.330843237192
7.3010789,7.3010789,0.330843237192
-2.997772,-2.997772,0.330843237192
-2.1058983,-2.1058983,0.330843237192
1.8706352,1.8706352,0.330843237192
0.0789038,0.0789038,0.330843237192
18.7208084,10.0,0.330843237192
4.7713826,4.7713826,0.330843237192
12.1478272,10.0,0.330843237192
-14.2612905,-10.0,0.330843237192
3.4824933,3.4824933,0.330843237192
-14.5494055,-10.0,0.330843237192
-15.4180209,-10.0,0.330843237192
-0.1811945,-0.1811945,0.330843237192
-0.8856063,-0.8856063,0.330843237192
-13.9104284,-10.0,0.330843237192
-17.5174285,-10.0,0.330843237192
-15.6216226,-10.0,0.330843237192
-13.2689075,-10.0,0.330843237192
-13.3235087,-10.0,0.330843237192
-8.116942,-8.116942,0.330843237192
-18.4157929,-10.0,0.330843237192
-17.5239192,-10.0,0.330843237192
-13.5473857,-10.0,0.330843237192
-15.3391171,-10.0,0.330843237192
3.3027875,3.3027875,0.330843237192
-10.6466383,-10.0,0.330843237192
-3.2701937,-3.2701937,0.330843237192
-14.080096,-10.0,0.330843237192
3.6636878,3.6636878,0.330843237192
-14.368211,-10.0,0.330843237192
-15.2368264,-10.0,0.330843237192
0.1811945,0.1811945,0.330843237192
-0.7044118,-0.7044118,0.330843237192
-13.7292339,-10.0,0.330843237192
-17.336234,-10.0,0.330843237192
-15.4404281,-10.0,0.330843237192
-13.087713,-10.0,0.330843237192
-13.1423142,-10.0,0.330843237192
-7.9357475,-7.9357475,0.330843237192
-18.2345984,-10.0,0.330843237192
-17.3427247,-10.0,0.330843237192
-13.3661912,-10.0,0.330843237192
-15.1579226,-10.0,0.330843237192
3.483982,3.483982,0.330843237192
-10.4654438,-10.0,0.330843237192
-3.0889992,-3.0889992,0.330843237192
-13.3756842,-10.0,0.330843237192
4.3680996,4.3680996,0.330843237192
-13.6637992,-10.0,0.330843237192
-14.5324146,-10.0,0.330843237192
0.8856063,0.8856063,0.330843237192
0.7044118,0.7044118,0.330843237192
-13.0248221,-10.0,0.330843237192
-16.6318222,-10.0,0.330843237192
-14.7360163,-10.0,0.330843237192
-12.3833012,-10.0,0.330843237192
-12.4379024,-10.0,0.330843237192
-7.2313357,-7.2313357,0.330843237192
-17.5301866,-10.0,0.330843237192
-16.6383129,-10.0,0.330843237192
-12.6617794,-10.0,0.330843237192
-14.4535108,-10.0,0.330843237192
4.1883938,4.1883938,0.330843237192
-9.761032,-9.761032,0.330843237192
-2.3845874,-2.3845874,0.330843237192
-0.3508621,-0.3508621,0.330843237192
17.3929217,10.0,0.330843237192
-0.6389771,-0.6389771,0.330843237192
-1.5075925,-1.5075925,0.330843237192
13.9104284,10.0,0.330843237192
13.7292339,10.0,0.330843237192
13.0248221,10.0,0.330843237192
-3.6070001,-3.6070001,0.330843237192
-1.7111942,-1.7111942,0.330843237192
0.6415209,0.6415209,0.330843237192
0.5869197,0.5869197,0.330843237192
5.7934864,5.7934864,0.330843237192
-4.5053645,-4.5053645,0.330843237192
-3.6134908,-3.6134908,0.330843237192
0.3630427,0.3630427,0.330843237192
-1.4286887,-1.4286887,0.330843237192
17.2132159,10.0,0.330843237192
3.2637901,3.2637901,0.330843237192
10.6402347,10.0,0.330843237192
3.256138,3.256138,0.330843237192
20.9999218,10.0,0.330843237192
2.968023,2.968023,0.330843237192
2.0994076,2.0994076,0.330843237192
17.5174285,10.0,0.330843237192
17.336234,10.0,0.330843237192
16.6318222,10.0,0.330843237192
3.6070001,3.6070001,0.330843237192
1.8958059,1.8958059,0.330843237192
4.248521,4.248521,0.330843237192
4.1939198,4.1939198,0.330843237192
9.4004865,9.4004865,0.330843237192
-0.8983644,-0.8983644,0.330843237192
-0.0064907,-0.0064907,0.330843237192
3.9700428,3.9700428,0.330843237192
2.1783114,2.1783114,0.330843237192
20.820216,10.0,0.330843237192
6.8707902,6.8707902,0.330843237192
14.2472348,10.0,0.330843237192
1.3603321,1.3603321,0.330843237192
19.1041159,10.0,0.330843237192
1.0722171,1.0722171,0.330843237192
0.2036017,0.2036017,0.330843237192
15.6216226,10.0,0.330843237192
15.4404281,10.0,0.330843237192
14.7360163,10.0,0.330843237192
1.7111942,1.7111942,0.330843237192
-1.8958059,-1.8958059,0.330843237192
2.3527151,2.3527151,0.330843237192
2.2981139,2.2981139,0.330843237192
7.5046806,7.5046806,0.330843237192
-2.7941703,-2.7941703,0.330843237192
-1.9022966,-1.9022966,0.330843237192
2.0742369,2.0742369,0.330843237192
0.2825055,0.2825055,0.330843237192
18.9244101,10.0,0.330843237192
4.9749843,4.9749843,0.330843237192
12.3514289,10.0,0.330843237192
-0.992383,-0.992383,0.330843237192
16.7514008,10.0,0.330843237192
-1.280498,-1.280498,0.330843237192
-2.1491134,-2.1491134,0.330843237192
13.2689075,10.0,0.330843237192
13.087713,10.0,0.330843237192
12.3833012,10.0,0.330843237192
-0.6415209,-0.6415209,0.330843237192
-4.248521,-4.248521,0.330843237192
-2.3527151,-2.3527151,0.330843237192
-0.0546012,-0.0546012,0.330843237192
5.1519655,5.1519655,0.330843237192
-5.1468854,-5.1468854,0.330843237192
-4.2550117,-4.2550117,0.330843237192
-0.2784782,-0.2784782,0.330843237192
-2.0702096,-2.0702096,0.330843237192
16.571695,10.0,0.330843237192
2.6222692,2.6222692,0.330843237192
9.9987138,9.9987138,0.330843237192
-0.9377818,-0.9377818,0.330843237192
16.806002,10.0,0.330843237192
-1.2258968,-1.2258968,0.330843237192
-2.0945122,-2.0945122,0.330843237192
13.3235087,10.0,0.330843237192
13.1423142,10.0,0.330843237192
12.4379024,10.0,0.330843237192
-0.5869197,-0.5869197,0.330843237192
-4.1939198,-4.1939198,0.330843237192
-2.2981139,-2.2981139,0.330843237192
0.0546012,0.0546012,0.330843237192
5.2065667,5.2065667,0.330843237192
-5.0922842,-5.0922842,0.330843237192
-4.2004105,-4.2004105,0.330843237192
-0.223877,-0.223877,0.330843237192
-2.0156084,-2.0156084,0.330843237192
16.6262962,10.0,0.330843237192
2.6768704,2.6768704,0.330843237192
10.053315,10.0,0.330843237192
-6.1443485,-6.1443485,0.330843237192
11.5994353,10.0,0.330843237192
-6.4324635,-6.4324635,0.330843237192
-7.3010789,-7.3010789,0.330843237192
8.116942,8.116942,0.330843237192
7.9357475,7.9357475,0.330843237192
7.2313357,7.2313357,0.330843237192
-5.7934864,-5.7934864,0.330843237192
-9.4004865,-9.4004865,0.330843237192
-7.5046806,-7.5046806,0.330843237192
-5.1519655,-5.1519655,0.330843237192
-5.2065667,-5.2065667,0.330843237192
-10.2988509,-10.0,0.330843237192
-9.4069772,-9.4069772,0.330843237192
-5.4304437,-5.4304437,0.330843237192
-7.2221751,-7.2221751,0.330843237192
11.4197295,10.0,0.330843237192
-2.5296963,-2.5296963,0.330843237192
4.8467483,4.8467483,0.330843237192
4.1545024,4.1545024,0.330843237192
21.8982862,10.0,0.330843237192
3.8663874,3.8663874,0.330843237192
2.997772,2.997772,0.330843237192
18.4157929,10.0,0.330843237192
18.2345984,10.0,0.330843237192
17.5301866,10.0,0.330843237192
4.5053645,4.5053645,0.330843237192
0.8983644,0.8983644,0.330843237192
2.7941703,2.7941703,0.330843237192
5.1468854,5.1468854,0.330843237192
5.0922842,5.0922842,0.330843237192
10.2988509,10.0,0.330843237192
0.8918737,0.8918737,0.330843237192
4.8684072,4.8684072,0.330843237192
3.0766758,3.0766758,0.330843237192
21.7185804,10.0,0.330843237192
7.7691546,7.7691546,0.330843237192
15.1455992,10.0,0.330843237192
3.2626287,3.2626287,0.330843237192
21.0064125,10.0,0.330843237192
2.9745137,2.9745137,0.330843237192
2.1058983,2.1058983,0.330843237192
17.5239192,10.0,0.330843237192
17.3427247,10.0,0.330843237192
16.6383129,10.0,0.330843237192
3.6134908,3.6134908,0.330843237192
0.0064907,0.0064907,0.330843237192
1.9022966,1.9022966,0.330843237192
4.2550117,4.2550117,0.330843237192
4.2004105,4.2004105,0.330843237192
9.4069772,9.4069772,0.330843237192
-0.8918737,-0.8918737,0.330843237192
3.9765335,3.9765335,0.330843237192
2.1848021,2.1848021,0.330843237192
20.8267067,10.0,0.330843237192
6.8772809,6.8772809,0.330843237192
14.2537255,10.0,0.330843237192
-0.7139048,-0.7139048,0.330843237192
17.029879,10.0,0.330843237192
-1.0020198,-1.0020198,0.330843237192
-1.8706352,-1.8706352,0.330843237192
13.5473857,10.0,0.330843237192
13.3661912,10.0,0.330843237192
12.6617794,10.0,0.330843237192
-0.3630427,-0.3630427,0.330843237192
-3.9700428,-3.9700428,0.330843237192
-2.0742369,-2.0742369,0.330843237192
0.2784782,0.2784782,0.330843237192
0.223877,0.223877,0.330843237192
5.4304437,5.4304437,0.330843237192
-4.8684072,-4.8684072,0.330843237192
-3.9765335,-3.9765335,0.330843237192
-1.7917314,-1.7917314,0.330843237192
16.8501732,10.0,0.330843237192
2.9007474,2.9007474,0.330843237192
10.277192,10.0,0.330843237192
1.0778266,1.0778266,0.330843237192
18.8216104,10.0,0.330843237192
0.7897116,0.7897116,0.330843237192
-0.0789038,-0.0789038,0.330843237192
15.3391171,10.0,0.330843237192
15.1579226,10.0,0.330843237192
14.4535108,10.0,0.330843237192
1.4286887,1.4286887,0.330843237192
-2.1783114,-2.1783114,0.330843237192
-0.2825055,-0.2825055,0.330843237192
2.0702096,2.0702096,0.330843237192
2.0156084,2.0156084,0.330843237192
7.2221751,7.2221751,0.330843237192
-3.0766758,-3.0766758,0.330843237192
-2.1848021,-2.1848021,0.330843237192
1.7917314,1.7917314,0.330843237192
18.6419046,10.0,0.330843237192
4.6924788,4.6924788,0.330843237192
12.0689234,10.0,0.330843237192
-17.564078,-10.0,0.330843237192
0.1797058,0.1797058,0.330843237192
-17.852193,-10.0,0.330843237192
-18.7208084,-10.0,0.330843237192
-3.3027875,-3.3027875,0.330843237192
-3.483982,-3.483982,0.330843237192
-4.1883938,-4.1883938,0.330843237192
-17.2132159,-10.0,0.330843237192
-20.820216,-10.0,0.330843237192
-18.9244101,-10.0,0.330843237192
-16.571695,-10.0,0.330843237192
-16.6262962,-10.0,0.330843237192
-11.4197295,-10.0,0.330843237192
-21.7185804,-10.0,0.330843237192
-20.8267067,-10.0,0.330843237192
-16.8501732,-10.0,0.330843237192
-18.6419046,-10.0,0.330843237192
-13.9494258,-10.0,0.330843237192
-6.5729812,-6.5729812,0.330843237192
-3.6146522,-3.6146522,0.330843237192
14.1291316,10.0,0.330843237192
-3.9027672,-3.9027672,0.330843237192
-4.7713826,-4.7713826,0.330843237192
10.6466383,10.0,0.330843237192
10.4654438,10.0,0.330843237192
9.761032,9.761032,0.330843237192
-3.2637901,-3.2637901,0.330843237192
-6.8707902,-6.8707902,0.330843237192
-4.9749843,-4.9749843,0.330843237192
-2.6222692,-2.6222692,0.330843237192
-2.6768704,-2.6768704,0.330843237192
2.5296963,2.5296963,0.330843237192
-7.7691546,-7.7691546,0.330843237192
-6.8772809,-6.8772809,0.330843237192
-2.9007474,-2.9007474,0.330843237192
-4.6924788,-4.6924788,0.330843237192
13.9494258,10.0,0.330843237192
7.3764446,7.3764446,0.330843237192
-10.9910968,-10.0,0.330843237192
6.752687,6.752687,0.330843237192
-11.2792118,-10.0,0.330843237192
-12.1478272,-10.0,0.330843237192
3.2701937,3.2701937,0.330843237192
3.0889992,3.0889992,0.330843237192
2.3845874,2.3845874,0.330843237192
-10.6402347,-10.0,0.330843237192
-14.2472348,-10.0,0.330843237192
-12.3514289,-10.0,0.330843237192
-9.9987138,-9.9987138,0.330843237192
-10.053315,-10.0,0.330843237192
-4.8467483,-4.8467483,0.330843237192
-15.1455992,-10.0,0.330843237192
-14.2537255,-10.0,0.330843237192
-10.277192,-10.0,0.330843237192
-12.0689234,-10.0,0.330843237192
6.5729812,6.5729812,0.330843237192
-7.3764446,-7.3764446,0.330843237192
0.7521586,0.7521586,0.0397296980817
-16.4572879,-10.0,0.0397296980817
1.2320629,1.2320629,0.0397296980817
-1.1083021,-1.1083021,0.0397296980817
-0.1384508,-0.1384508,0.0397296980817
-19.3829423,-10.0,0.0397296980817
1.6170573,1.6170573,0.0397296980817
1.3518927,1.3518927,0.0397296980817
0.9609913,0.9609913,0.0397296980817
1.3024285,1.3024285,0.0397296980817
1.2583393,1.2583393,0.0397296980817
1.289052,1.289052,0.0397296980817
1.6155424,1.6155424,0.0397296980817
1.6170575,1.6170575,0.0397296980817
-3.1393465,-3.1393465,0.0397296980817
-3.9271425,-3.9271425,0.0397296980817
-2.8403759,-2.8403759,0.0397296980817
-4.600438,-4.600438,0.0397296980817
1.5975577,1.5975577,0.0397296980817
-0.7521586,-0.7521586,0.0397296980817
-17.2094465,-10.0,0.0397296980817
0.4799043,0.4799043,0.0397296980817
-1.8604607,-1.8604607,0.0397296980817
-0.8906094,-0.8906094,0.0397296980817
-20.1351009,-10.0,0.0397296980817
0.8648987,0.8648987,0.0397296980817
0.5997341,0.5997341,0.0397296980817
0.2088327,0.2088327,0.0397296980817
0.5502699,0.5502699,0.0397296980817
0.5061807,0.5061807,0.0397296980817
0.5368934,0.5368934,0.0397296980817
0.8633838,0.8633838,0.0397296980817
0.8648989,0.8648989,0.0397296980817
-3.8915051,-3.8915051,0.0397296980817
-4.6793011,-4.6793011,0.0397296980817
-3.5925345,-3.5925345,0.0397296980817
-5.3525966,-5.3525966,0.0397296980817
0.8453991,0.8453991,0.0397296980817
16.4572879,10.0,0.0397296980817
17.2094465,10.0,0.0397296980817
17.6893508,10.0,0.0397296980817
15.3489858,10.0,0.0397296980817
16.3188371,10.0,0.0397296980817
-2.9256544,-2.9256544,0.0397296980817
18.0743452,10.0,0.0397296980817
17.8091806,10.0,0.0397296980817
17.4182792,10.0,0.0397296980817
17.7597164,10.0,0.0397296980817
17.7156272,10.0,0.0397296980817
17.7463399,10.0,0.0397296980817
18.0728303,10.0,0.0397296980817
18.0743454,10.0,0.0397296980817
13.3179414,10.0,0.0397296980817
12.5301454,10.0,0.0397296980817
13.616912,10.0,0.0397296980817
11.8568499,10.0,0.0397296980817
18.0548456,10.0,0.0397296980817
-1.2320629,-1.2320629,0.0397296980817
-0.4799043,-0.4799043,0.0397296980817
-17.6893508,-10.0,0.0397296980817
-2.340365,-2.340365,0.0397296980817
-1.3705137,-1.3705137,0.0397296980817
-20.6150052,-10.0,0.0397296980817
0.3849944,0.3849944,0.0397296980817
0.1198298,0.1198298,0.0397296980817
-0.2710716,-0.2710716,0.0397296980817
0.0703656,0.0703656,0.0397296980817
0.0262764,0.0262764,0.0397296980817
0.0569891,0.0569891,0.0397296980817
0.3834795,0.3834795,0.0397296980817
0.3849946,0.3849946,0.0397296980817
-4.3714094,-4.3714094,0.0397296980817
-5.1592054,-5.1592054,0.0397296980817
-4.0724388,-4.0724388,0.0397296980817
-5.8325009,-5.8325009,0.0397296980817
0.3654948,0.3654948,0.0397296980817
1.1083021,1.1083021,0.0397296980817
1.8604607,1.8604607,0.0397296980817
-15.3489858,-10.0,0.0397296980817
2.340365,2.340365,0.0397296980817
0.9698513,0.9698513,0.0397296980817
-18.2746402,-10.0,0.0397296980817
2.7253594,2.7253594,0.0397296980817
2.4601948,2.4601948,0.0397296980817
2.0692934,2.0692934,0.0397296980817
2.4107306,2.4107306,0.0397296980817
2.3666414,2.3666414,0.0397296980817
2.3973541,2.3973541,0.0397296980817
2.7238445,2.7238445,0.0397296980817
2.7253596,2.7253596,0.0397296980817
-2.0310444,-2.0310444,0.0397296980817
-2.8188404,-2.8188404,0.0397296980817
-1.7320738,-1.7320738,0.0397296980817
-3.4921359,-3.4921359,0.0397296980817
2.7058598,2.7058598,0.0397296980817
0.1384508,0.1384508,0.0397296980817
0.8906094,0.8906094,0.0397296980817
-16.3188371,-10.0,0.0397296980817
1.3705137,1.3705137,0.0397296980817
-0.9698513,-0.9698513,0.0397296980817
-19.2444915,-10.0,0.0397296980817
1.7555081,1.7555081,0.0397296980817
1.4903435,1.4903435,0.0397296980817
1.0994421,1.0994421,0.0397296980817
1.4408793,1.4408793,0.0397296980817
1.3967901,1.3967901,0.0397296980817
1.4275028,1.4275028,0.0397296980817
1.7539932,1.7539932,0.0397296980817
1.7555083,1.7555083,0.0397296980817
-3.0008957,-3.0008957,0.0397296980817
-3.7886917,-3.7886917,0.0397296980817
-2.7019251,-2.7019251,0.0397296980817
-4.4619872,-4.4619872,0.0397296980817
1.7360085,1.7360085,0.0397296980817
19.3829423,10.0,0.0397296980817
20.1351009,10.0,0.0397296980817
2.9256544,2.9256544,0.0397296980817
20.6150052,10.0,0.0397296980817
18.2746402,10.0,0.0397296980817
19.2444915,10.0,0.0397296980817
20.9999996,10.0,0.0397296980817
20.734835,10.0,0.0397296980817
20.3439336,10.0,0.0397296980817
20.6853708,10.0,0.0397296980817
20.6412816,10.0,0.0397296980817
20.6719943,10.0,0.0397296980817
20.9984847,10.0,0.0397296980817
20.9999998,10.0,0.0397296980817
16.2435958,10.0,0.0397296980817
15.4557998,10.0,0.0397296980817
16.5425664,10.0,0.0397296980817
14.7825043,10.0,0.0397296980817
20.9805,10.0,0.0397296980817
-1.6170573,-1.6170573,0.0397296980817
-0.8648987,-0.8648987,0.0397296980817
-18.0743452,-10.0,0.0397296980817
-0.3849944,-0.3849944,0.0397296980817
-2.7253594,-2.7253594,0.0397296980817
-1.7555081,-1.7555081,0.0397296980817
-20.9999996,-10.0,0.0397296980817
-0.2651646,-0.2651646,0.0397296980817
-0.656066,-0.656066,0.0397296980817
-0.3146288,-0.3146288,0.0397296980817
-0.358718,-0.358718,0.0397296980817
-0.3280053,-0.3280053,0.0397296980817
-0.0015149,-0.0015149,0.0397296980817
2.00000002337e-07,2.00000002337e-07,0.0397296980817
-4.7564038,-4.7564038,0.0397296980817
-5.5441998,-5.5441998,0.0397296980817
-4.4574332,-4.4574332,0.0397296980817
-6.2174953,-6.2174953,0.0397296980817
-0.0194996,-0.0194996,0.0397296980817
-1.3518927,-1.3518927,0.0397296980817
-0.5997341,-0.5997341,0.0397296980817
-17.8091806,-10.0,0.0397296980817
-0.1198298,-0.1198298,0.0397296980817
-2.4601948,-2.4601948,0.0397296980817
-1.4903435,-1.4903435,0.0397296980817
-20.734835,-10.0,0.0397296980817
0.2651646,0.2651646,0.0397296980817
-0.3909014,-0.3909014,0.0397296980817
-0.0494642,-0.0494642,0.0397296980817
-0.0935534,-0.0935534,0.0397296980817
-0.0628407,-0.0628407,0.0397296980817
0.2636497,0.2636497,0.0397296980817
0.2651648,0.2651648,0.0397296980817
-4.4912392,-4.4912392,0.0397296980817
-5.2790352,-5.2790352,0.0397296980817
-4.1922686,-4.1922686,0.0397296980817
-5.9523307,-5.9523307,0.0397296980817
0.245665,0.245665,0.0397296980817
-0.9609913,-0.9609913,0.0397296980817
-0.2088327,-0.2088327,0.0397296980817
-17.4182792,-10.0,0.0397296980817
0.2710716,0.2710716,0.0397296980817
-2.0692934,-2.0692934,0.0397296980817
-1.0994421,-1.0994421,0.0397296980817
-20.3439336,-10.0,0.0397296980817
0.656066,0.656066,0.0397296980817
0.3909014,0.3909014,0.0397296980817
0.3414372,0.3414372,0.0397296980817
0.297348,0.297348,0.0397296980817
0.3280607,0.3280607,0.0397296980817
0.6545511,0.6545511,0.0397296980817
0.6560662,0.6560662,0.0397296980817
-4.1003378,-4.1003378,0.0397296980817
-4.8881338,-4.8881338,0.0397296980817
-3.8013672,-3.8013672,0.0397296980817
-5.5614293,-5.5614293,0.0397296980817
0.6365664,0.6365664,0.0397296980817
-1.3024285,-1.3024285,0.0397296980817
-0.5502699,-0.5502699,0.0397296980817
-17.7597164,-10.0,0.0397296980817
-0.0703656,-0.0703656,0.0397296980817
-2.4107306,-2.4107306,0.0397296980817
-1.4408793,-1.4408793,0.0397296980817
-20.6853708,-10.0,0.0397296980817
0.3146288,0.3146288,0.0397296980817
0.0494642,0.0494642,0.0397296980817
-0.3414372,-0.3414372,0.0397296980817
-0.0440892,-0.0440892,0.0397296980817
-0.0133765,-0.0133765,0.0397296980817
0.3131139,0.3131139,0.0397296980817
0.314629,0.314629,0.0397296980817
-4.441775,-4.441775,0.0397296980817
-5.229571,-5.229571,0.0397296980817
-4.1428044,-4.1428044,0.0397296980817
-5.9028665,-5.9028665,0.0397296980817
0.2951292,0.2951292,0.0397296980817
-1.2583393,-1.2583393,0.0397296980817
-0.5061807,-0.5061807,0.0397296980817
-17.7156272,-10.0,0.0397296980817
-0.0262764,-0.0262764,0.0397296980817
-2.3666414,-2.3666414,0.0397296980817
-1.3967901,-1.3967901,0.0397296980817
-20.6412816,-10.0,0.0397296980817
0.358718,0.358718,0.0397296980817
0.0935534,0.0935534,0.0397296980817
-0.297348,-0.297348,0.0397296980817
0.0440892,0.0440892,0.0397296980817
0.0307127,0.0307127,0.0397296980817
0.3572031,0.3572031,0.0397296980817
0.3587182,0.3587182,0.0397296980817
-4.3976858,-4.3976858,0.0397296980817
-5.1854818,-5.1854818,0.0397296980817
-4.0987152,-4.0987152,0.0397296980817
-5.8587773,-5.8587773,0.0397296980817
0.3392184,0.3392184,0.0397296980817
-1.289052,-1.289052,0.0397296980817
-0.5368934,-0.5368934,0.0397296980817
-17.7463399,-10.0,0.0397296980817
-0.0569891,-0.0569891,0.0397296980817
-2.3973541,-2.3973541,0.0397296980817
-1.4275028,-1.4275028,0.0397296980817
-20.6719943,-10.0,0.0397296980817
0.3280053,0.3280053,0.0397296980817
0.0628407,0.0628407,0.0397296980817
-0.3280607,-0.3280607,0.0397296980817
0.0133765,0.0133765,0.0397296980817
-0.0307127,-0.0307127,0.0397296980817
0.3264904,0.3264904,0.0397296980817
0.3280055,0.3280055,0.0397296980817
-4.4283985,-4.4283985,0.0397296980817
-5.2161945,-5.2161945,0.0397296980817
-4.1294279,-4.1294279,0.0397296980817
-5.88949,-5.88949,0.0397296980817
0.3085057,0.3085057,0.0397296980817
-1.6155424,-1.6155424,0.0397296980817
-0.8633838,-0.8633838,0.0397296980817
-18.0728303,-10.0,0.0397296980817
-0.3834795,-0.3834795,0.0397296980817
-2.7238445,-2.7238445,0.0397296980817
-1.7539932,-1.7539932,0.0397296980817
-20.9984847,-10.0,0.0397296980817
0.0015149,0.0015149,0.0397296980817
-0.2636497,-0.2636497,0.0397296980817
-0.6545511,-0.6545511,0.0397296980817
-0.3131139,-0.3131139,0.0397296980817
-0.3572031,-0.3572031,0.0397296980817
-0.3264904,-0.3264904,0.0397296980817
0.0015151,0.0015151,0.0397296980817
-4.7548889,-4.7548889,0.0397296980817
-5.5426849,-5.5426849,0.0397296980817
-4.4559183,-4.4559183,0.0397296980817
-6.2159804,-6.2159804,0.0397296980817
-0.0179847,-0.0179847,0.0397296980817
-1.6170575,-1.6170575,0.0397296980817
-0.8648989,-0.8648989,0.0397296980817
-18.0743454,-10.0,0.0397296980817
-0.3849946,-0.3849946,0.0397296980817
-2.7253596,-2.7253596,0.0397296980817
-1.7555083,-1.7555083,0.0397296980817
-20.9999998,-10.0,0.0397296980817
-2.00000002337e-07,-2.00000002337e-07,0.0397296980817
-0.2651648,-0.2651648,0.0397296980817
-0.6560662,-0.6560662,0.0397296980817
-0.314629,-0.314629,0.0397296980817
-0.3587182,-0.3587182,0.0397296980817
-0.3280055,-0.3280055,0.0397296980817
-0.0015151,-0.0015151,0.0397296980817
-4.756404,-4.756404,0.0397296980817
-5.5442,-5.5442,0.0397296980817
-4.4574334,-4.4574334,0.0397296980817
-6.2174955,-6.2174955,0.0397296980817
-0.0194998,-0.0194998,0.0397296980817
3.1393465,3.1393465,0.0397296980817
3.8915051,3.8915051,0.0397296980817
-13.3179414,-10.0,0.0397296980817
4.3714094,4.3714094,0.0397296980817
2.0310444,2.0310444,0.0397296980817
3.0008957,3.0008957,0.0397296980817
-16.2435958,-10.0,0.0397296980817
4.7564038,4.7564038,0.0397296980817
4.4912392,4.4912392,0.0397296980817
4.1003378,4.1003378,0.0397296980817
4.441775,4.441775,0.0397296980817
4.3976858,4.3976858,0.0397296980817
4.4283985,4.4283985,0.0397296980817
4.7548889,4.7548889,0.0397296980817
4.756404,4.756404,0.0397296980817
-0.787796,-0.787796,0.0397296980817
0.2989706,0.2989706,0.0397296980817
-1.4610915,-1.4610915,0.0397296980817
4.7369042,4.7369042,0.0397296980817
3.9271425,3.9271425,0.0397296980817
4.6793011,4.6793011,0.0397296980817
-12.5301454,-10.0,0.0397296980817
5.1592054,5.1592054,0.0397296980817
2.8188404,2.8188404,0.0397296980817
3.7886917,3.7886917,0.0397296980817
-15.4557998,-10.0,0.0397296980817
5.5441998,5.5441998,0.0397296980817
5.2790352,5.2790352,0.0397296980817
4.8881338,4.8881338,0.0397296980817
5.229571,5.229571,0.0397296980817
5.1854818,5.1854818,0.0397296980817
5.2161945,5.2161945,0.0397296980817
5.5426849,5.5426849,0.0397296980817
5.5442,5.5442,0.0397296980817
0.787796,0.787796,0.0397296980817
1.0867666,1.0867666,0.0397296980817
-0.6732955,-0.6732955,0.0397296980817
5.5247002,5.5247002,0.0397296980817
2.8403759,2.8403759,0.0397296980817
3.5925345,3.5925345,0.0397296980817
-13.616912,-10.0,0.0397296980817
4.0724388,4.0724388,0.0397296980817
1.7320738,1.7320738,0.0397296980817
2.7019251,2.7019251,0.0397296980817
-16.5425664,-10.0,0.0397296980817
4.4574332,4.4574332,0.0397296980817
4.1922686,4.1922686,0.0397296980817
3.8013672,3.8013672,0.0397296980817
4.1428044,4.1428044,0.0397296980817
4.0987152,4.0987152,0.0397296980817
4.1294279,4.1294279,0.0397296980817
4.4559183,4.4559183,0.0397296980817
4.4574334,4.4574334,0.0397296980817
-0.2989706,-0.2989706,0.0397296980817
-1.0867666,-1.0867666,0.0397296980817
-1.7600621,-1.7600621,0.0397296980817
4.4379336,4.4379336,0.0397296980817
4.600438,4.600438,0.0397296980817
5.3525966,5.3525966,0.0397296980817
-11.8568499,-10.0,0.0397296980817
5.8325009,5.8325009,0.0397296980817
3.4921359,3.4921359,0.0397296980817
4.4619872,4.4619872,0.0397296980817
-14.7825043,-10.0,0.0397296980817
6.2174953,6.2174953,0.0397296980817
5.9523307,5.9523307,0.0397296980817
5.5614293,5.5614293,0.0397296980817
5.9028665,5.9028665,0.0397296980817
5.8587773,5.8587773,0.0397296980817
5.88949,5.88949,0.0397296980817
6.2159804,6.2159804,0.0397296980817
6.2174955,6.2174955,0.0397296980817
1.4610915,1.4610915,0.0397296980817
0.6732955,0.6732955,0.0397296980817
1.7600621,1.7600621,0.0397296980817
6.1979957,6.1979957,0.0397296980817
-1.5975577,-1.5975577,0.0397296980817
-0.8453991,-0.8453991,0.0397296980817
-18.0548456,-10.0,0.0397296980817
-0.3654948,-0.3654948,0.0397296980817
-2.7058598,-2.7058598,0.0397296980817
-1.7360085,-1.7360085,0.0397296980817
-20.9805,-10.0,0.0397296980817
0.0194996,0.0194996,0.0397296980817
-0.245665,-0.245665,0.0397296980817
-0.6365664,-0.6365664,0.0397296980817
-0.2951292,-0.2951292,0.0397296980817
-0.3392184,-0.3392184,0.0397296980817
-0.3085057,-0.3085057,0.0397296980817
0.0179847,0.0179847,0.0397296980817
0.0194998,0.0194998,0.0397296980817
-4.7369042,-4.7369042,0.0397296980817
-5.5247002,-5.5247002,0.0397296980817
-4.4379336,-4.4379336,0.0397296980817
-6.1979957,-6.1979957,0.0397296980817
1.9338661,1.9338661,0.198856959725
2.6898657,2.6898657,0.198856959725
2.2656258,2.2656258,0.198856959725
2.3161436,2.3161436,0.198856959725
1.1865754,1.1865754,0.198856959725
2.2993105,2.2993105,0.198856959725
-17.1043315,-10.0,0.198856959725
2.2244657,2.2244657,0.198856959725
-18.3101234,-10.0,0.198856959725
-15.4514656,-10.0,0.198856959725
2.3681214,2.3681214,0.198856959725
2.3322835,2.3322835,0.198856959725
2.5904556,2.5904556,0.198856959725
2.6898766,2.6898766,0.198856959725
2.6898758,2.6898758,0.198856959725
1.4439535,1.4439535,0.198856959725
-15.3025691,-10.0,0.198856959725
1.9997256,1.9997256,0.198856959725
-4.6938061,-4.6938061,0.198856959725
-1.9338661,-1.9338661,0.198856959725
0.7559996,0.7559996,0.198856959725
0.3317597,0.3317597,0.198856959725
0.3822775,0.3822775,0.198856959725
-0.7472907,-0.7472907,0.198856959725
0.3654444,0.3654444,0.198856959725
-19.0381976,-10.0,0.198856959725
0.2905996,0.2905996,0.198856959725
-20.2439895,-10.0,0.198856959725
-17.3853317,-10.0,0.198856959725
0.4342553,0.4342553,0.198856959725
0.3984174,0.3984174,0.198856959725
0.6565895,0.6565895,0.198856959725
0.7560105,0.7560105,0.198856959725
0.7560097,0.7560097,0.198856959725
-0.4899126,-0.4899126,0.198856959725
-17.2364352,-10.0,0.198856959725
0.0658595,0.0658595,0.198856959725
-6.6276722,-6.6276722,0.198856959725
-2.6898657,-2.6898657,0.198856959725
-0.7559996,-0.7559996,0.198856959725
-0.4242399,-0.4242399,0.198856959725
-0.3737221,-0.3737221,0.198856959725
-1.5032903,-1.5032903,0.198856959725
-0.3905552,-0.3905552,0.198856959725
-19.7941972,-10.0,0.198856959725
-0.4654,-0.4654,0.198856959725
-20.9999891,-10.0,0.198856959725
-18.1413313,-10.0,0.198856959725
-0.3217443,-0.3217443,0.198856959725
-0.3575822,-0.3575822,0.198856959725
-0.0994101,-0.0994101,0.198856959725
1.08999999995e-05,1.08999999995e-05,0.198856959725
1.01000000008e-05,1.01000000008e-05,0.198856959725
-1.2459122,-1.2459122,0.198856959725
-17.9924348,-10.0,0.198856959725
-0.6901401,-0.6901401,0.198856959725
-7.3836718,-7.3836718,0.198856959725
-2.2656258,-2.2656258,0.198856959725
-0.3317597,-0.3317597,0.198856959725
0.4242399,0.4242399,0.198856959725
0.0505178,0.0505178,0.198856959725
-1.0790504,-1.0790504,0.198856959725
0.0336847,0.0336847,0.198856959725
-19.3699573,-10.0,0.198856959725
-0.0411601,-0.0411601,0.198856959725
-20.5757492,-10.0,0.198856959725
-17.7170914,-10.0,0.198856959725
0.1024956,0.1024956,0.198856959725
0.0666577,0.0666577,0.198856959725
0.3248298,0.3248298,0.198856959725
0.4242508,0.4242508,0.198856959725
0.42425,0.42425,0.198856959725
-0.8216723,-0.8216723,0.198856959725
-17.5681949,-10.0,0.198856959725
-0.2659002,-0.2659002,0.198856959725
-6.9594319,-6.9594319,0.198856959725
-2.3161436,-2.3161436,0.198856959725
-0.3822775,-0.3822775,0.198856959725
0.3737221,0.3737221,0.198856959725
-0.0505178,-0.0505178,0.198856959725
-1.1295682,-1.1295682,0.198856959725
-0.0168331,-0.0168331,0.198856959725
-19.4204751,-10.0,0.198856959725
-0.0916779,-0.0916779,0.198856959725
-20.626267,-10.0,0.198856959725
-17.7676092,-10.0,0.198856959725
0.0519778,0.0519778,0.198856959725
0.0161399,0.0161399,0.198856959725
0.274312,0.274312,0.198856959725
0.373733,0.373733,0.198856959725
0.3737322,0.3737322,0.198856959725
-0.8721901,-0.8721901,0.198856959725
-17.6187127,-10.0,0.198856959725
-0.316418,-0.316418,0.198856959725
-7.0099497,-7.0099497,0.198856959725
-1.1865754,-1.1865754,0.198856959725
0.7472907,0.7472907,0.198856959725
1.5032903,1.5032903,0.198856959725
1.0790504,1.0790504,0.198856959725
1.1295682,1.1295682,0.198856959725
1.1127351,1.1127351,0.198856959725
-18.2909069,-10.0,0.198856959725
1.0378903,1.0378903,0.198856959725
-19.4966988,-10.0,0.198856959725
-16.638041,-10.0,0.198856959725
1.181546,1.181546,0.198856959725
1.1457081,1.1457081,0.198856959725
1.4038802,1.4038802,0.198856959725
1.5033012,1.5033012,0.198856959725
1.5033004,1.5033004,0.198856959725
0.2573781,0.2573781,0.198856959725
-16.4891445,-10.0,0.198856959725
0.8131502,0.8131502,0.198856959725
-5.8803815,-5.8803815,0.198856959725
-2.2993105,-2.2993105,0.198856959725
-0.3654444,-0.3654444,0.198856959725
0.3905552,0.3905552,0.198856959725
-0.0336847,-0.0336847,0.198856959725
0.0168331,0.0168331,0.198856959725
-1.1127351,-1.1127351,0.198856959725
-19.403642,-10.0,0.198856959725
-0.0748448,-0.0748448,0.198856959725
-20.6094339,-10.0,0.198856959725
-17.7507761,-10.0,0.198856959725
0.0688109,0.0688109,0.198856959725
0.032973,0.032973,0.198856959725
0.2911451,0.2911451,0.198856959725
0.3905661,0.3905661,0.198856959725
0.3905653,0.3905653,0.198856959725
-0.855357,-0.855357,0.198856959725
-17.6018796,-10.0,0.198856959725
-0.2995849,-0.2995849,0.198856959725
-6.9931166,-6.9931166,0.198856959725
17.1043315,10.0,0.198856959725
19.0381976,10.0,0.198856959725
19.7941972,10.0,0.198856959725
19.3699573,10.0,0.198856959725
19.4204751,10.0,0.198856959725
18.2909069,10.0,0.198856959725
19.403642,10.0,0.198856959725
19.3287972,10.0,0.198856959725
-1.2057919,-1.2057919,0.198856959725
1.6528659,1.6528659,0.198856959725
19.4724529,10.0,0.198856959725
19.436615,10.0,0.198856959725
19.6947871,10.0,0.198856959725
19.7942081,10.0,0.198856959725
19.7942073,10.0,0.198856959725
18.548285,10.0,0.198856959725
1.8017624,1.8017624,0.198856959725
19.1040571,10.0,0.198856959725
12.4105254,10.0,0.198856959725
-2.2244657,-2.2244657,0.198856959725
-0.2905996,-0.2905996,0.198856959725
0.4654,0.4654,0.198856959725
0.0411601,0.0411601,0.198856959725
0.0916779,0.0916779,0.198856959725
-1.0378903,-1.0378903,0.198856959725
0.0748448,0.0748448,0.198856959725
-19.3287972,-10.0,0.198856959725
-20.5345891,-10.0,0.198856959725
-17.6759313,-10.0,0.198856959725
0.1436557,0.1436557,0.198856959725
0.1078178,0.1078178,0.198856959725
0.3659899,0.3659899,0.198856959725
0.4654109,0.4654109,0.198856959725
0.4654101,0.4654101,0.198856959725
-0.7805122,-0.7805122,0.198856959725
-17.5270348,-10.0,0.198856959725
-0.2247401,-0.2247401,0.198856959725
-6.9182718,-6.9182718,0.198856959725
18.3101234,10.0,0.198856959725
20.2439895,10.0,0.198856959725
20.9999891,10.0,0.198856959725
20.5757492,10.0,0.198856959725
20.626267,10.0,0.198856959725
19.4966988,10.0,0.198856959725
20.6094339,10.0,0.198856959725
1.2057919,1.2057919,0.198856959725
20.5345891,10.0,0.198856959725
2.8586578,2.8586578,0.198856959725
20.6782448,10.0,0.198856959725
20.6424069,10.0,0.198856959725
20.900579,10.0,0.198856959725
21.0,10.0,0.198856959725
20.9999992,10.0,0.198856959725
19.7540769,10.0,0.198856959725
3.0075543,3.0075543,0.198856959725
20.309849,10.0,0.198856959725
13.6163173,10.0,0.198856959725
15.4514656,10.0,0.198856959725
17.3853317,10.0,0.198856959725
18.1413313,10.0,0.198856959725
17.7170914,10.0,0.198856959725
17.7676092,10.0,0.198856959725
16.638041,10.0,0.198856959725
17.7507761,10.0,0.198856959725
-1.6528659,-1.6528659,0.198856959725
17.6759313,10.0,0.198856959725
-2.8586578,-2.8586578,0.198856959725
17.819587,10.0,0.198856959725
17.7837491,10.0,0.198856959725
18.0419212,10.0,0.198856959725
18.1413422,10.0,0.198856959725
18.1413414,10.0,0.198856959725
16.8954191,10.0,0.198856959725
0.1488965,0.1488965,0.198856959725
17.4511912,10.0,0.198856959725
10.7576595,10.0,0.198856959725
-2.3681214,-2.3681214,0.198856959725
-0.4342553,-0.4342553,0.198856959725
0.3217443,0.3217443,0.198856959725
-0.1024956,-0.1024956,0.198856959725
-0.0519778,-0.0519778,0.198856959725
-1.181546,-1.181546,0.198856959725
-0.0688109,-0.0688109,0.198856959725
-19.4724529,-10.0,0.198856959725
-0.1436557,-0.1436557,0.198856959725
-20.6782448,-10.0,0.198856959725
-17.819587,-10.0,0.198856959725
-0.0358379,-0.0358379,0.198856959725
0.2223342,0.2223342,0.198856959725
0.3217552,0.3217552,0.198856959725
0.3217544,0.3217544,0.198856959725
-0.9241679,-0.9241679,0.198856959725
-17.6706905,-10.0,0.198856959725
-0.3683958,-0.3683958,0.198856959725
-7.0619275,-7.0619275,0.198856959725
-2.3322835,-2.3322835,0.198856959725
-0.3984174,-0.3984174,0.198856959725
0.3575822,0.3575822,0.198856959725
-0.0666577,-0.0666577,0.198856959725
-0.0161399,-0.0161399,0.198856959725
-1.1457081,-1.1457081,0.198856959725
-0.032973,-0.032973,0.198856959725
-19.436615,-10.0,0.198856959725
-0.1078178,-0.1078178,0.198856959725
-20.6424069,-10.0,0.198856959725
-17.7837491,-10.0,0.198856959725
0.0358379,0.0358379,0.198856959725
0.2581721,0.2581721,0.198856959725
0.3575931,0.3575931,0.198856959725
0.3575923,0.3575923,0.198856959725
-0.88833,-0.88833,0.198856959725
-17.6348526,-10.0,0.198856959725
-0.3325579,-0.3325579,0.198856959725
-7.0260896,-7.0260896,0.198856959725
-2.5904556,-2.5904556,0.198856959725
-0.6565895,-0.6565895,0.198856959725
0.0994101,0.0994101,0.198856959725
-0.3248298,-0.3248298,0.198856959725
-0.274312,-0.274312,0.198856959725
-1.4038802,-1.4038802,0.198856959725
-0.2911451,-0.2911451,0.198856959725
-19.6947871,-10.0,0.198856959725
-0.3659899,-0.3659899,0.198856959725
-20.900579,-10.0,0.198856959725
-18.0419212,-10.0,0.198856959725
-0.2223342,-0.2223342,0.198856959725
-0.2581721,-0.2581721,0.198856959725
0.099421,0.099421,0.198856959725
0.0994202,0.0994202,0.198856959725
-1.1465021,-1.1465021,0.198856959725
-17.8930247,-10.0,0.198856959725
-0.59073,-0.59073,0.198856959725
-7.2842617,-7.2842617,0.198856959725
-2.6898766,-2.6898766,0.198856959725
-0.7560105,-0.7560105,0.198856959725
-1.08999999995e-05,-1.08999999995e-05,0.198856959725
-0.4242508,-0.4242508,0.198856959725
-0.373733,-0.373733,0.198856959725
-1.5033012,-1.5033012,0.198856959725
-0.3905661,-0.3905661,0.198856959725
-19.7942081,-10.0,0.198856959725
-0.4654109,-0.4654109,0.198856959725
-21.0,-10.0,0.198856959725
-18.1413422,-10.0,0.198856959725
-0.3217552,-0.3217552,0.198856959725
-0.3575931,-0.3575931,0.198856959725
-0.099421,-0.099421,0.198856959725
-7.99999998691e-07,-7.99999998691e-07,0.198856959725
-1.2459231,-1.2459231,0.198856959725
-17.9924457,-10.0,0.198856959725
-0.690151,-0.690151,0.198856959725
-7.3836827,-7.3836827,0.198856959725
-2.6898758,-2.6898758,0.198856959725
-0.7560097,-0.7560097,0.198856959725
-1.01000000008e-05,-1.01000000008e-05,0.198856959725
-0.42425,-0.42425,0.198856959725
-0.3737322,-0.3737322,0.198856959725
-1.5033004,-1.5033004,0.198856959725
-0.3905653,-0.3905653,0.198856959725
-19.7942073,-10.0,0.198856959725
-0.4654101,-0.4654101,0.198856959725
-20.9999992,-10.0,0.198856959725
-18.1413414,-10.0,0.198856959725
-0.3217544,-0.3217544,0.198856959725
-0.3575923,-0.3575923,0.198856959725
-0.0994202,-0.0994202,0.198856959725
7.99999998691e-07,7.99999998691e-07,0.198856959725
-1.2459223,-1.2459223,0.198856959725
-17.9924449,-10.0,0.198856959725
-0.6901502,-0.6901502,0.198856959725
-7.3836819,-7.3836819,0.198856959725
-1.4439535,-1.4439535,0.198856959725
0.4899126,0.4899126,0.198856959725
1.2459122,1.2459122,0.198856959725
0.8216723,0.8216723,0.198856959725
0.8721901,0.8721901,0.198856959725
-0.2573781,-0.2573781,0.198856959725
0.855357,0.855357,0.198856959725
-18.548285,-10.0,0.198856959725
0.7805122,0.7805122,0.198856959725
-19.7540769,-10.0,0.198856959725
-16.8954191,-10.0,0.198856959725
0.9241679,0.9241679,0.198856959725
0.88833,0.88833,0.198856959725
1.1465021,1.1465021,0.198856959725
1.2459231,1.2459231,0.198856959725
1.2459223,1.2459223,0.198856959725
-16.7465226,-10.0,0.198856959725
0.5557721,0.5557721,0.198856959725
-6.1377596,-6.1377596,0.198856959725
15.3025691,10.0,0.198856959725
17.2364352,10.0,0.198856959725
17.9924348,10.0,0.198856959725
17.5681949,10.0,0.198856959725
17.6187127,10.0,0.198856959725
16.4891445,10.0,0.198856959725
17.6018796,10.0,0.198856959725
-1.8017624,-1.8017624,0.198856959725
17.5270348,10.0,0.198856959725
-3.0075543,-3.0075543,0.198856959725
-0.1488965,-0.1488965,0.198856959725
17.6706905,10.0,0.198856959725
17.6348526,10.0,0.198856959725
17.8930247,10.0,0.198856959725
17.9924457,10.0,0.198856959725
17.9924449,10.0,0.198856959725
16.7465226,10.0,0.198856959725
17.3022947,10.0,0.198856959725
10.608763,10.0,0.198856959725
-1.9997256,-1.9997256,0.198856959725
-0.0658595,-0.0658595,0.198856959725
0.6901401,0.6901401,0.198856959725
0.2659002,0.2659002,0.198856959725
0.316418,0.316418,0.198856959725
-0.8131502,-0.8131502,0.198856959725
0.2995849,0.2995849,0.198856959725
-19.1040571,-10.0,0.198856959725
0.2247401,0.2247401,0.198856959725
-20.309849,-10.0,0.198856959725
-17.4511912,-10.0,0.198856959725
0.3683958,0.3683958,0.198856959725
0.3325579,0.3325579,0.198856959725
0.59073,0.59073,0.198856959725
0.690151,0.690151,0.198856959725
0.6901502,0.6901502,0.198856959725
-0.5557721,-0.5557721,0.198856959725
-17.3022947,-10.0,0.198856959725
-6.6935317,-6.6935317,0.198856959725
4.6938061,4.6938061,0.198856959725
6.6276722,6.6276722,0.198856959725
7.3836718,7.3836718,0.198856959725
6.9594319,6.9594319,0.198856959725
7.0099497,7.0099497,0.198856959725
5.8803815,5.8803815,0.198856959725
6.9931166,6.9931166,0.198856959725
-12.4105254,-10.0,0.198856959725
6.9182718,6.9182718,0.198856959725
-13.6163173,-10.0,0.198856959725
-10.7576595,-10.0,0.198856959725
7.0619275,7.0619275,0.198856959725
7.0260896,7.0260896,0.198856959725
7.2842617,7.2842617,0.198856959725
7.3836827,7.3836827,0.198856959725
7.3836819,7.3836819,0.198856959725
6.1377596,6.1377596,0.198856959725
-10.608763,-10.0,0.198856959725
6.6935317,6.6935317,0.198856959725
17.1791169,10.0,0.329671598263
19.0483817,10.0,0.329671598263
15.0018927,10.0,0.329671598263
13.6322396,10.0,0.329671598263
-1.458119,-1.458119,0.329671598263
15.3791002,10.0,0.329671598263
15.695779,10.0,0.329671598263
19.5418805,10.0,0.329671598263
17.5512807,10.0,0.329671598263
13.6663169,10.0,0.329671598263
0.5257648,0.5257648,0.329671598263
4.3791679,4.3791679,0.329671598263
19.5369392,10.0,0.329671598263
1.7204026,1.7204026,0.329671598263
-1.6934482,-1.6934482,0.329671598263
-2.3241729,-2.3241729,0.329671598263
15.3370283,10.0,0.329671598263
6.2310184,6.2310184,0.329671598263
18.4321435,10.0,0.329671598263
-17.1791169,-10.0,0.329671598263
1.8692648,1.8692648,0.329671598263
-2.1772242,-2.1772242,0.329671598263
-3.5468773,-3.5468773,0.329671598263
-18.6372359,-10.0,0.329671598263
-1.8000167,-1.8000167,0.329671598263
-1.4833379,-1.4833379,0.329671598263
2.3627636,2.3627636,0.329671598263
0.3721638,0.3721638,0.329671598263
-3.5128,-3.5128,0.329671598263
-16.6533521,-10.0,0.329671598263
-12.799949,-10.0,0.329671598263
2.3578223,2.3578223,0.329671598263
-15.4587143,-10.0,0.329671598263
-18.8725651,-10.0,0.329671598263
-19.5032898,-10.0,0.329671598263
-1.8420886,-1.8420886,0.329671598263
-10.9480985,-10.0,0.329671598263
1.2530266,1.2530266,0.329671598263
-19.0483817,-10.0,0.329671598263
-1.8692648,-1.8692648,0.329671598263
-4.046489,-4.046489,0.329671598263
-5.4161421,-5.4161421,0.329671598263
-20.5065007,-10.0,0.329671598263
-3.6692815,-3.6692815,0.329671598263
-3.3526027,-3.3526027,0.329671598263
0.4934988,0.4934988,0.329671598263
-1.497101,-1.497101,0.329671598263
-5.3820648,-5.3820648,0.329671598263
-18.5226169,-10.0,0.329671598263
-14.6692138,-10.0,0.329671598263
0.4885575,0.4885575,0.329671598263
-17.3279791,-10.0,0.329671598263
-20.7418299,-10.0,0.329671598263
-21.3725546,-10.0,0.329671598263
-3.7113534,-3.7113534,0.329671598263
-12.8173633,-10.0,0.329671598263
-0.6162382,-0.6162382,0.329671598263
-15.0018927,-10.0,0.329671598263
2.1772242,2.1772242,0.329671598263
4.046489,4.046489,0.329671598263
-1.3696531,-1.3696531,0.329671598263
-16.4600117,-10.0,0.329671598263
0.3772075,0.3772075,0.329671598263
0.6938863,0.6938863,0.329671598263
4.5399878,4.5399878,0.329671598263
2.549388,2.549388,0.329671598263
-1.3355758,-1.3355758,0.329671598263
-14.4761279,-10.0,0.329671598263
-10.6227248,-10.0,0.329671598263
4.5350465,4.5350465,0.329671598263
-13.2814901,-10.0,0.329671598263
-16.6953409,-10.0,0.329671598263
-17.3260656,-10.0,0.329671598263
0.3351356,0.3351356,0.329671598263
-8.7708743,-8.7708743,0.329671598263
3.4302508,3.4302508,0.329671598263
-13.6322396,-10.0,0.329671598263
3.5468773,3.5468773,0.329671598263
5.4161421,5.4161421,0.329671598263
1.3696531,1.3696531,0.329671598263
-15.0903586,-10.0,0.329671598263
1.7468606,1.7468606,0.329671598263
2.0635394,2.0635394,0.329671598263
5.9096409,5.9096409,0.329671598263
3.9190411,3.9190411,0.329671598263
0.0340773,0.0340773,0.329671598263
-13.1064748,-10.0,0.329671598263
-9.2530717,-9.2530717,0.329671598263
5.9046996,5.9046996,0.329671598263
-11.911837,-10.0,0.329671598263
-15.3256878,-10.0,0.329671598263
-15.9564125,-10.0,0.329671598263
1.7047887,1.7047887,0.329671598263
-7.4012212,-7.4012212,0.329671598263
4.7999039,4.7999039,0.329671598263
1.458119,1.458119,0.329671598263
18.6372359,10.0,0.329671598263
20.5065007,10.0,0.329671598263
16.4600117,10.0,0.329671598263
15.0903586,10.0,0.329671598263
16.8372192,10.0,0.329671598263
17.153898,10.0,0.329671598263
20.9999995,10.0,0.329671598263
19.0093997,10.0,0.329671598263
15.1244359,10.0,0.329671598263
1.9838838,1.9838838,0.329671598263
5.8372869,5.8372869,0.329671598263
20.9950582,10.0,0.329671598263
3.1785216,3.1785216,0.329671598263
-0.2353292,-0.2353292,0.329671598263
-0.8660539,-0.8660539,0.329671598263
16.7951473,10.0,0.329671598263
7.6891374,7.6891374,0.329671598263
19.8902625,10.0,0.329671598263
-15.3791002,-10.0,0.329671598263
1.8000167,1.8000167,0.329671598263
3.6692815,3.6692815,0.329671598263
-0.3772075,-0.3772075,0.329671598263
-1.7468606,-1.7468606,0.329671598263
-16.8372192,-10.0,0.329671598263
0.3166788,0.3166788,0.329671598263
4.1627803,4.1627803,0.329671598263
2.1721805,2.1721805,0.329671598263
-1.7127833,-1.7127833,0.329671598263
-14.8533354,-10.0,0.329671598263
-10.9999323,-10.0,0.329671598263
4.157839,4.157839,0.329671598263
-13.6586976,-10.0,0.329671598263
-17.0725484,-10.0,0.329671598263
-17.7032731,-10.0,0.329671598263
-0.0420719,-0.0420719,0.329671598263
-9.1480818,-9.1480818,0.329671598263
3.0530433,3.0530433,0.329671598263
-15.695779,-10.0,0.329671598263
1.4833379,1.4833379,0.329671598263
3.3526027,3.3526027,0.329671598263
-0.6938863,-0.6938863,0.329671598263
-2.0635394,-2.0635394,0.329671598263
-17.153898,-10.0,0.329671598263
-0.3166788,-0.3166788,0.329671598263
3.8461015,3.8461015,0.329671598263
1.8555017,1.8555017,0.329671598263
-2.0294621,-2.0294621,0.329671598263
-15.1700142,-10.0,0.329671598263
-11.3166111,-10.0,0.329671598263
3.8411602,3.8411602,0.329671598263
-13.9753764,-10.0,0.329671598263
-17.3892272,-10.0,0.329671598263
-18.0199519,-10.0,0.329671598263
-0.3587507,-0.3587507,0.329671598263
-9.4647606,-9.4647606,0.329671598263
2.7363645,2.7363645,0.329671598263
-19.5418805,-10.0,0.329671598263
-2.3627636,-2.3627636,0.329671598263
-0.4934988,-0.4934988,0.329671598263
-4.5399878,-4.5399878,0.329671598263
-5.9096409,-5.9096409,0.329671598263
-20.9999995,-10.0,0.329671598263
-4.1627803,-4.1627803,0.329671598263
-3.8461015,-3.8461015,0.329671598263
-1.9905998,-1.9905998,0.329671598263
-5.8755636,-5.8755636,0.329671598263
-19.0161157,-10.0,0.329671598263
-15.1627126,-10.0,0.329671598263
-0.0049413,-0.0049413,0.329671598263
-17.8214779,-10.0,0.329671598263
-21.2353287,-10.0,0.329671598263
-21.8660534,-10.0,0.329671598263
-4.2048522,-4.2048522,0.329671598263
-13.3108621,-10.0,0.329671598263
-1.109737,-1.109737,0.329671598263
-17.5512807,-10.0,0.329671598263
-0.3721638,-0.3721638,0.329671598263
1.497101,1.497101,0.329671598263
-2.549388,-2.549388,0.329671598263
-3.9190411,-3.9190411,0.329671598263
-19.0093997,-10.0,0.329671598263
-2.1721805,-2.1721805,0.329671598263
-1.8555017,-1.8555017,0.329671598263
1.9905998,1.9905998,0.329671598263
-3.8849638,-3.8849638,0.329671598263
-17.0255159,-10.0,0.329671598263
-13.1721128,-10.0,0.329671598263
1.9856585,1.9856585,0.329671598263
-15.8308781,-10.0,0.329671598263
-19.2447289,-10.0,0.329671598263
-19.8754536,-10.0,0.329671598263
-2.2142524,-2.2142524,0.329671598263
-11.3202623,-10.0,0.329671598263
0.8808628,0.8808628,0.329671598263
-13.6663169,-10.0,0.329671598263
3.5128,3.5128,0.329671598263
5.3820648,5.3820648,0.329671598263
1.3355758,1.3355758,0.329671598263
-0.0340773,-0.0340773,0.329671598263
-15.1244359,-10.0,0.329671598263
1.7127833,1.7127833,0.329671598263
2.0294621,2.0294621,0.329671598263
5.8755636,5.8755636,0.329671598263
3.8849638,3.8849638,0.329671598263
-13.1405521,-10.0,0.329671598263
-9.287149,-9.287149,0.329671598263
5.8706223,5.8706223,0.329671598263
-11.9459143,-10.0,0.329671598263
-15.3597651,-10.0,0.329671598263
-15.9904898,-10.0,0.329671598263
1.6707114,1.6707114,0.329671598263
-7.4352985,-7.4352985,0.329671598263
4.7658266,4.7658266,0.329671598263
-0.5257648,-0.5257648,0.329671598263
16.6533521,10.0,0.329671598263
18.5226169,10.0,0.329671598263
14.4761279,10.0,0.329671598263
13.1064748,10.0,0.329671598263
-1.9838838,-1.9838838,0.329671598263
14.8533354,10.0,0.329671598263
15.1700142,10.0,0.329671598263
19.0161157,10.0,0.329671598263
17.0255159,10.0,0.329671598263
13.1405521,10.0,0.329671598263
3.8534031,3.8534031,0.329671598263
19.0111744,10.0,0.329671598263
1.1946378,1.1946378,0.329671598263
-2.219213,-2.219213,0.329671598263
-2.8499377,-2.8499377,0.329671598263
14.8112635,10.0,0.329671598263
5.7052536,5.7052536,0.329671598263
17.9063787,10.0,0.329671598263
-4.3791679,-4.3791679,0.329671598263
12.799949,10.0,0.329671598263
14.6692138,10.0,0.329671598263
10.6227248,10.0,0.329671598263
9.2530717,9.2530717,0.329671598263
-5.8372869,-5.8372869,0.329671598263
10.9999323,10.0,0.329671598263
11.3166111,10.0,0.329671598263
15.1627126,10.0,0.329671598263
13.1721128,10.0,0.329671598263
9.287149,9.287149,0.329671598263
-3.8534031,-3.8534031,0.329671598263
15.1577713,10.0,0.329671598263
-2.6587653,-2.6587653,0.329671598263
-6.0726161,-6.0726161,0.329671598263
-6.7033408,-6.7033408,0.329671598263
10.9578604,10.0,0.329671598263
1.8518505,1.8518505,0.329671598263
14.0529756,10.0,0.329671598263
-19.5369392,-10.0,0.329671598263
-2.3578223,-2.3578223,0.329671598263
-0.4885575,-0.4885575,0.329671598263
-4.5350465,-4.5350465,0.329671598263
-5.9046996,-5.9046996,0.329671598263
-20.9950582,-10.0,0.329671598263
-4.157839,-4.157839,0.329671598263
-3.8411602,-3.8411602,0.329671598263
0.0049413,0.0049413,0.329671598263
-1.9856585,-1.9856585,0.329671598263
-5.8706223,-5.8706223,0.329671598263
-19.0111744,-10.0,0.329671598263
-15.1577713,-10.0,0.329671598263
-17.8165366,-10.0,0.329671598263
-21.2303874,-10.0,0.329671598263
-21.8611121,-10.0,0.329671598263
-4.1999109,-4.1999109,0.329671598263
-13.3059208,-10.0,0.329671598263
-1.1047957,-1.1047957,0.329671598263
-1.7204026,-1.7204026,0.329671598263
15.4587143,10.0,0.329671598263
17.3279791,10.0,0.329671598263
13.2814901,10.0,0.329671598263
11.911837,10.0,0.329671598263
-3.1785216,-3.1785216,0.329671598263
13.6586976,10.0,0.329671598263
13.9753764,10.0,0.329671598263
17.8214779,10.0,0.329671598263
15.8308781,10.0,0.329671598263
11.9459143,10.0,0.329671598263
-1.1946378,-1.1946378,0.329671598263
2.6587653,2.6587653,0.329671598263
17.8165366,10.0,0.329671598263
-3.4138508,-3.4138508,0.329671598263
-4.0445755,-4.0445755,0.329671598263
13.6166257,10.0,0.329671598263
4.5106158,4.5106158,0.329671598263
16.7117409,10.0,0.329671598263
1.6934482,1.6934482,0.329671598263
18.8725651,10.0,0.329671598263
20.7418299,10.0,0.329671598263
16.6953409,10.0,0.329671598263
15.3256878,10.0,0.329671598263
0.2353292,0.2353292,0.329671598263
17.0725484,10.0,0.329671598263
17.3892272,10.0,0.329671598263
21.2353287,10.0,0.329671598263
19.2447289,10.0,0.329671598263
15.3597651,10.0,0.329671598263
2.219213,2.219213,0.329671598263
6.0726161,6.0726161,0.329671598263
21.2303874,10.0,0.329671598263
3.4138508,3.4138508,0.329671598263
-0.6307247,-0.6307247,0.329671598263
17.0304765,10.0,0.329671598263
7.9244666,7.9244666,0.329671598263
20.1255917,10.0,0.329671598263
2.3241729,2.3241729,0.329671598263
19.5032898,10.0,0.329671598263
21.3725546,10.0,0.329671598263
17.3260656,10.0,0.329671598263
15.9564125,10.0,0.329671598263
0.8660539,0.8660539,0.329671598263
17.7032731,10.0,0.329671598263
18.0199519,10.0,0.329671598263
21.8660534,10.0,0.329671598263
19.8754536,10.0,0.329671598263
15.9904898,10.0,0.329671598263
2.8499377,2.8499377,0.329671598263
6.7033408,6.7033408,0.329671598263
21.8611121,10.0,0.329671598263
4.0445755,4.0445755,0.329671598263
0.6307247,0.6307247,0.329671598263
17.6612012,10.0,0.329671598263
8.5551913,8.5551913,0.329671598263
20.7563164,10.0,0.329671598263
-15.3370283,-10.0,0.329671598263
1.8420886,1.8420886,0.329671598263
3.7113534,3.7113534,0.329671598263
-0.3351356,-0.3351356,0.329671598263
-1.7047887,-1.7047887,0.329671598263
-16.7951473,-10.0,0.329671598263
0.0420719,0.0420719,0.329671598263
0.3587507,0.3587507,0.329671598263
4.2048522,4.2048522,0.329671598263
2.2142524,2.2142524,0.329671598263
-1.6707114,-1.6707114,0.329671598263
-14.8112635,-10.0,0.329671598263
-10.9578604,-10.0,0.329671598263
4.1999109,4.1999109,0.329671598263
-13.6166257,-10.0,0.329671598263
-17.0304765,-10.0,0.329671598263
-17.6612012,-10.0,0.329671598263
-9.1060099,-9.1060099,0.329671598263
3.0951152,3.0951152,0.329671598263
-6.2310184,-6.2310184,0.329671598263
10.9480985,10.0,0.329671598263
12.8173633,10.0,0.329671598263
8.7708743,8.7708743,0.329671598263
7.4012212,7.4012212,0.329671598263
-7.6891374,-7.6891374,0.329671598263
9.1480818,9.1480818,0.329671598263
9.4647606,9.4647606,0.329671598263
13.3108621,10.0,0.329671598263
11.3202623,10.0,0.329671598263
7.4352985,7.4352985,0.329671598263
-5.7052536,-5.7052536,0.329671598263
-1.8518505,-1.8518505,0.329671598263
13.3059208,10.0,0.329671598263
-4.5106158,-4.5106158,0.329671598263
-7.9244666,-7.9244666,0.329671598263
-8.5551913,-8.5551913,0.329671598263
9.1060099,9.1060099,0.329671598263
12.2011251,10.0,0.329671598263
-18.4321435,-10.0,0.329671598263
-1.2530266,-1.2530266,0.329671598263
0.6162382,0.6162382,0.329671598263
-3.4302508,-3.4302508,0.329671598263
-4.7999039,-4.7999039,0.329671598263
-19.8902625,-10.0,0.329671598263
-3.0530433,-3.0530433,0.329671598263
-2.7363645,-2.7363645,0.329671598263
1.109737,1.109737,0.329671598263
-0.8808628,-0.8808628,0.329671598263
-4.7658266,-4.7658266,0.329671598263
-17.9063787,-10.0,0.329671598263
-14.0529756,-10.0,0.329671598263
1.1047957,1.1047957,0.329671598263
-16.7117409,-10.0,0.329671598263
-20.1255917,-10.0,0.329671598263
-20.7563164,-10.0,0.329671598263
-3.0951152,-3.0951152,0.329671598263
-12.2011251,-10.0,0.329671598263
2.1186527,2.1186527,0.330807377296
-12.0981708,-10.0,0.330807377296
1.6842238,1.6842238,0.330807377296
-15.71566,-10.0,0.330807377296
1.3773331,1.3773331,0.330807377296
-15.8786512,-10.0,0.330807377296
-18.1975142,-10.0,0.330807377296
-16.276886,-10.0,0.330807377296
-18.8813467,-10.0,0.330807377296
2.0895179,2.0895179,0.330807377296
-14.1276233,-10.0,0.330807377296
1.9389929,1.9389929,0.330807377296
-16.1477801,-10.0,0.330807377296
-16.3256683,-10.0,0.330807377296
-14.0874696,-10.0,0.330807377296
-14.2375961,-10.0,0.330807377296
-15.3796707,-10.0,0.330807377296
0.6754369,0.6754369,0.330807377296
-14.3071094,-10.0,0.330807377296
-2.1186527,-2.1186527,0.330807377296
-14.2168235,-10.0,0.330807377296
-0.4344289,-0.4344289,0.330807377296
-17.8343127,-10.0,0.330807377296
-0.7413196,-0.7413196,0.330807377296
-17.9973039,-10.0,0.330807377296
-20.3161669,-10.0,0.330807377296
-18.3955387,-10.0,0.330807377296
-20.9999994,-10.0,0.330807377296
-0.0291348,-0.0291348,0.330807377296
-16.246276,-10.0,0.330807377296
-0.1796598,-0.1796598,0.330807377296
-18.2664328,-10.0,0.330807377296
-18.444321,-10.0,0.330807377296
-16.2061223,-10.0,0.330807377296
-16.3562488,-10.0,0.330807377296
-17.4983234,-10.0,0.330807377296
-1.4432158,-1.4432158,0.330807377296
-16.4257621,-10.0,0.330807377296
12.0981708,10.0,0.330807377296
14.2168235,10.0,0.330807377296
13.7823946,10.0,0.330807377296
-3.6174892,-3.6174892,0.330807377296
13.4755039,10.0,0.330807377296
-3.7804804,-3.7804804,0.330807377296
-6.0993434,-6.0993434,0.330807377296
-4.1787152,-4.1787152,0.330807377296
-6.7831759,-6.7831759,0.330807377296
14.1876887,10.0,0.330807377296
-2.0294525,-2.0294525,0.330807377296
14.0371637,10.0,0.330807377296
-4.0496093,-4.0496093,0.330807377296
-4.2274975,-4.2274975,0.330807377296
-1.9892988,-1.9892988,0.330807377296
-2.1394253,-2.1394253,0.330807377296
-3.2814999,-3.2814999,0.330807377296
12.7736077,10.0,0.330807377296
-2.2089386,-2.2089386,0.330807377296
-1.6842238,-1.6842238,0.330807377296
0.4344289,0.4344289,0.330807377296
-13.7823946,-10.0,0.330807377296
-17.3998838,-10.0,0.330807377296
-0.3068907,-0.3068907,0.330807377296
-17.562875,-10.0,0.330807377296
-19.881738,-10.0,0.330807377296
-17.9611098,-10.0,0.330807377296
-20.5655705,-10.0,0.330807377296
0.4052941,0.4052941,0.330807377296
-15.8118471,-10.0,0.330807377296
0.2547691,0.2547691,0.330807377296
-17.8320039,-10.0,0.330807377296
-18.0098921,-10.0,0.330807377296
-15.7716934,-10.0,0.330807377296
-15.9218199,-10.0,0.330807377296
-17.0638945,-10.0,0.330807377296
-1.0087869,-1.0087869,0.330807377296
-15.9913332,-10.0,0.330807377296
15.71566,10.0,0.330807377296
17.8343127,10.0,0.330807377296
3.6174892,3.6174892,0.330807377296
17.3998838,10.0,0.330807377296
17.0929931,10.0,0.330807377296
-0.1629912,-0.1629912,0.330807377296
-2.4818542,-2.4818542,0.330807377296
-0.561226,-0.561226,0.330807377296
-3.1656867,-3.1656867,0.330807377296
17.8051779,10.0,0.330807377296
1.5880367,1.5880367,0.330807377296
17.6546529,10.0,0.330807377296
-0.4321201,-0.4321201,0.330807377296
-0.6100083,-0.6100083,0.330807377296
1.6281904,1.6281904,0.330807377296
1.4780639,1.4780639,0.330807377296
0.3359893,0.3359893,0.330807377296
16.3910969,10.0,0.330807377296
1.4085506,1.4085506,0.330807377296
-1.3773331,-1.3773331,0.330807377296
0.7413196,0.7413196,0.330807377296
-13.4755039,-10.0,0.330807377296
0.3068907,0.3068907,0.330807377296
-17.0929931,-10.0,0.330807377296
-17.2559843,-10.0,0.330807377296
-19.5748473,-10.0,0.330807377296
-17.6542191,-10.0,0.330807377296
-20.2586798,-10.0,0.330807377296
0.7121848,0.7121848,0.330807377296
-15.5049564,-10.0,0.330807377296
0.5616598,0.5616598,0.330807377296
-17.5251132,-10.0,0.330807377296
-17.7030014,-10.0,0.330807377296
-15.4648027,-10.0,0.330807377296
-15.6149292,-10.0,0.330807377296
-16.7570038,-10.0,0.330807377296
-0.7018962,-0.7018962,0.330807377296
-15.6844425,-10.0,0.330807377296
15.8786512,10.0,0.330807377296
17.9973039,10.0,0.330807377296
3.7804804,3.7804804,0.330807377296
17.562875,10.0,0.330807377296
0.1629912,0.1629912,0.330807377296
17.2559843,10.0,0.330807377296
-2.318863,-2.318863,0.330807377296
-0.3982348,-0.3982348,0.330807377296
-3.0026955,-3.0026955,0.330807377296
17.9681691,10.0,0.330807377296
1.7510279,1.7510279,0.330807377296
17.8176441,10.0,0.330807377296
-0.2691289,-0.2691289,0.330807377296
-0.4470171,-0.4470171,0.330807377296
1.7911816,1.7911816,0.330807377296
1.6410551,1.6410551,0.330807377296
0.4989805,0.4989805,0.330807377296
16.5540881,10.0,0.330807377296
1.5715418,1.5715418,0.330807377296
18.1975142,10.0,0.330807377296
20.3161669,10.0,0.330807377296
6.0993434,6.0993434,0.330807377296
19.881738,10.0,0.330807377296
2.4818542,2.4818542,0.330807377296
19.5748473,10.0,0.330807377296
2.318863,2.318863,0.330807377296
1.9206282,1.9206282,0.330807377296
-0.6838325,-0.6838325,0.330807377296
20.2870321,10.0,0.330807377296
4.0698909,4.0698909,0.330807377296
20.1365071,10.0,0.330807377296
2.0497341,2.0497341,0.330807377296
1.8718459,1.8718459,0.330807377296
4.1100446,4.1100446,0.330807377296
3.9599181,3.9599181,0.330807377296
2.8178435,2.8178435,0.330807377296
18.8729511,10.0,0.330807377296
3.8904048,3.8904048,0.330807377296
16.276886,10.0,0.330807377296
18.3955387,10.0,0.330807377296
4.1787152,4.1787152,0.330807377296
17.9611098,10.0,0.330807377296
0.561226,0.561226,0.330807377296
17.6542191,10.0,0.330807377296
0.3982348,0.3982348,0.330807377296
-1.9206282,-1.9206282,0.330807377296
-2.6044607,-2.6044607,0.330807377296
18.3664039,10.0,0.330807377296
2.1492627,2.1492627,0.330807377296
18.2158789,10.0,0.330807377296
0.1291059,0.1291059,0.330807377296
-0.0487823,-0.0487823,0.330807377296
2.1894164,2.1894164,0.330807377296
2.0392899,2.0392899,0.330807377296
0.8972153,0.8972153,0.330807377296
16.9523229,10.0,0.330807377296
1.9697766,1.9697766,0.330807377296
18.8813467,10.0,0.330807377296
20.9999994,10.0,0.330807377296
6.7831759,6.7831759,0.330807377296
20.5655705,10.0,0.330807377296
3.1656867,3.1656867,0.330807377296
20.2586798,10.0,0.330807377296
3.0026955,3.0026955,0.330807377296
0.6838325,0.6838325,0.330807377296
2.6044607,2.6044607,0.330807377296
20.9708646,10.0,0.330807377296
4.7537234,4.7537234,0.330807377296
20.8203396,10.0,0.330807377296
2.7335666,2.7335666,0.330807377296
2.5556784,2.5556784,0.330807377296
4.7938771,4.7938771,0.330807377296
4.6437506,4.6437506,0.330807377296
3.501676,3.501676,0.330807377296
19.5567836,10.0,0.330807377296
4.5742373,4.5742373,0.330807377296
-2.0895179,-2.0895179,0.330807377296
0.0291348,0.0291348,0.330807377296
-14.1876887,-10.0,0.330807377296
-0.4052941,-0.4052941,0.330807377296
-17.8051779,-10.0,0.330807377296
-0.7121848,-0.7121848,0.330807377296
-17.9681691,-10.0,0.330807377296
-20.2870321,-10.0,0.330807377296
-18.3664039,-10.0,0.330807377296
-20.9708646,-10.0,0.330807377296
-16.2171412,-10.0,0.330807377296
-0.150525,-0.150525,0.330807377296
-18.237298,-10.0,0.330807377296
-18.4151862,-10.0,0.330807377296
-16.1769875,-10.0,0.330807377296
-16.327114,-10.0,0.330807377296
-17.4691886,-10.0,0.330807377296
-1.414081,-1.414081,0.330807377296
-16.3966273,-10.0,0.330807377296
14.1276233,10.0,0.330807377296
16.246276,10.0,0.330807377296
2.0294525,2.0294525,0.330807377296
15.8118471,10.0,0.330807377296
-1.5880367,-1.5880367,0.330807377296
15.5049564,10.0,0.330807377296
-1.7510279,-1.7510279,0.330807377296
-4.0698909,-4.0698909,0.330807377296
-2.1492627,-2.1492627,0.330807377296
-4.7537234,-4.7537234,0.330807377296
16.2171412,10.0,0.330807377296
16.0666162,10.0,0.330807377296
-2.0201568,-2.0201568,0.330807377296
-2.198045,-2.198045,0.330807377296
0.0401537,0.0401537,0.330807377296
-0.1099728,-0.1099728,0.330807377296
-1.2520474,-1.2520474,0.330807377296
14.8030602,10.0,0.330807377296
-0.1794861,-0.1794861,0.330807377296
-1.9389929,-1.9389929,0.330807377296
0.1796598,0.1796598,0.330807377296
-14.0371637,-10.0,0.330807377296
-0.2547691,-0.2547691,0.330807377296
-17.6546529,-10.0,0.330807377296
-0.5616598,-0.5616598,0.330807377296
-17.8176441,-10.0,0.330807377296
-20.1365071,-10.0,0.330807377296
-18.2158789,-10.0,0.330807377296
-20.8203396,-10.0,0.330807377296
0.150525,0.150525,0.330807377296
-16.0666162,-10.0,0.330807377296
-18.086773,-10.0,0.330807377296
-18.2646612,-10.0,0.330807377296
-16.0264625,-10.0,0.330807377296
-16.176589,-10.0,0.330807377296
-17.3186636,-10.0,0.330807377296
-1.263556,-1.263556,0.330807377296
-16.2461023,-10.0,0.330807377296
16.1477801,10.0,0.330807377296
18.2664328,10.0,0.330807377296
4.0496093,4.0496093,0.330807377296
17.8320039,10.0,0.330807377296
0.4321201,0.4321201,0.330807377296
17.5251132,10.0,0.330807377296
0.2691289,0.2691289,0.330807377296
-2.0497341,-2.0497341,0.330807377296
-0.1291059,-0.1291059,0.330807377296
-2.7335666,-2.7335666,0.330807377296
18.237298,10.0,0.330807377296
2.0201568,2.0201568,0.330807377296
18.086773,10.0,0.330807377296
-0.1778882,-0.1778882,0.330807377296
2.0603105,2.0603105,0.330807377296
1.910184,1.910184,0.330807377296
0.7681094,0.7681094,0.330807377296
16.823217,10.0,0.330807377296
1.8406707,1.8406707,0.330807377296
16.3256683,10.0,0.330807377296
18.444321,10.0,0.330807377296
4.2274975,4.2274975,0.330807377296
18.0098921,10.0,0.330807377296
0.6100083,0.6100083,0.330807377296
17.7030014,10.0,0.330807377296
0.4470171,0.4470171,0.330807377296
-1.8718459,-1.8718459,0.330807377296
0.0487823,0.0487823,0.330807377296
-2.5556784,-2.5556784,0.330807377296
18.4151862,10.0,0.330807377296
2.198045,2.198045,0.330807377296
18.2646612,10.0,0.330807377296
0.1778882,0.1778882,0.330807377296
2.2381987,2.2381987,0.330807377296
2.0880722,2.0880722,0.330807377296
0.9459976,0.9459976,0.330807377296
17.0011052,10.0,0.330807377296
2.0185589,2.0185589,0.330807377296
14.0874696,10.0,0.330807377296
16.2061223,10.0,0.330807377296
1.9892988,1.9892988,0.330807377296
15.7716934,10.0,0.330807377296
-1.6281904,-1.6281904,0.330807377296
15.4648027,10.0,0.330807377296
-1.7911816,-1.7911816,0.330807377296
-4.1100446,-4.1100446,0.330807377296
-2.1894164,-2.1894164,0.330807377296
-4.7938771,-4.7938771,0.330807377296
16.1769875,10.0,0.330807377296
-0.0401537,-0.0401537,0.330807377296
16.0264625,10.0,0.330807377296
-2.0603105,-2.0603105,0.330807377296
-2.2381987,-2.2381987,0.330807377296
-0.1501265,-0.1501265,0.330807377296
-1.2922011,-1.2922011,0.330807377296
14.7629065,10.0,0.330807377296
-0.2196398,-0.2196398,0.330807377296
14.2375961,10.0,0.330807377296
16.3562488,10.0,0.330807377296
2.1394253,2.1394253,0.330807377296
15.9218199,10.0,0.330807377296
-1.4780639,-1.4780639,0.330807377296
15.6149292,10.0,0.330807377296
-1.6410551,-1.6410551,0.330807377296
-3.9599181,-3.9599181,0.330807377296
-2.0392899,-2.0392899,0.330807377296
-4.6437506,-4.6437506,0.330807377296
16.327114,10.0,0.330807377296
0.1099728,0.1099728,0.330807377296
16.176589,10.0,0.330807377296
-1.910184,-1.910184,0.330807377296
-2.0880722,-2.0880722,0.330807377296
0.1501265,0.1501265,0.330807377296
-1.1420746,-1.1420746,0.330807377296
14.913033,10.0,0.330807377296
-0.0695133,-0.0695133,0.330807377296
15.3796707,10.0,0.330807377296
17.4983234,10.0,0.330807377296
3.2814999,3.2814999,0.330807377296
17.0638945,10.0,0.330807377296
-0.3359893,-0.3359893,0.330807377296
16.7570038,10.0,0.330807377296
-0.4989805,-0.4989805,0.330807377296
-2.8178435,-2.8178435,0.330807377296
-0.8972153,-0.8972153,0.330807377296
-3.501676,-3.501676,0.330807377296
17.4691886,10.0,0.330807377296
1.2520474,1.2520474,0.330807377296
17.3186636,10.0,0.330807377296
-0.7681094,-0.7681094,0.330807377296
-0.9459976,-0.9459976,0.330807377296
1.2922011,1.2922011,0.330807377296
1.1420746,1.1420746,0.330807377296
16.0551076,10.0,0.330807377296
1.0725613,1.0725613,0.330807377296
-0.6754369,-0.6754369,0.330807377296
1.4432158,1.4432158,0.330807377296
-12.7736077,-10.0,0.330807377296
1.0087869,1.0087869,0.330807377296
-16.3910969,-10.0,0.330807377296
0.7018962,0.7018962,0.330807377296
-16.5540881,-10.0,0.330807377296
-18.8729511,-10.0,0.330807377296
-16.9523229,-10.0,0.330807377296
-19.5567836,-10.0,0.330807377296
1.414081,1.414081,0.330807377296
-14.8030602,-10.0,0.330807377296
1.263556,1.263556,0.330807377296
-16.823217,-10.0,0.330807377296
-17.0011052,-10.0,0.330807377296
-14.7629065,-10.0,0.330807377296
-14.913033,-10.0,0.330807377296
-16.0551076,-10.0,0.330807377296
-14.9825463,-10.0,0.330807377296
14.3071094,10.0,0.330807377296
16.4257621,10.0,0.330807377296
2.2089386,2.2089386,0.330807377296
15.9913332,10.0,0.330807377296
-1.4085506,-1.4085506,0.330807377296
15.6844425,10.0,0.330807377296
-1.5715418,-1.5715418,0.330807377296
-3.8904048,-3.8904048,0.330807377296
-1.9697766,-1.9697766,0.330807377296
-4.5742373,-4.5742373,0.330807377296
16.3966273,10.0,0.330807377296
0.1794861,0.1794861,0.330807377296
16.2461023,10.0,0.330807377296
-1.8406707,-1.8406707,0.330807377296
-2.0185589,-2.0185589,0.330807377296
0.2196398,0.2196398,0.330807377296
0.0695133,0.0695133,0.330807377296
-1.0725613,-1.0725613,0.330807377296
14.9825463,10.0,0.330807377296
15.9960467,10.0,0.354672351132
15.1023885,10.0,0.354672351132
16.8277421,10.0,0.354672351132
16.8277406,10.0,0.354672351132
16.8131474,10.0,0.354672351132
16.6241331,10.0,0.354672351132
-3.997768,-3.997768,0.354672351132
15.0232593,10.0,0.354672351132
-4.1722565,-4.1722565,0.354672351132
-4.865996,-4.865996,0.354672351132
15.0035594,10.0,0.354672351132
15.9474641,10.0,0.354672351132
15.2532064,10.0,0.354672351132
16.6712114,10.0,0.354672351132
15.2412683,10.0,0.354672351132
16.415506,10.0,0.354672351132
-1.6654493,-1.6654493,0.354672351132
12.7977029,10.0,0.354672351132
7.5784704,7.5784704,0.354672351132
-15.9960467,-10.0,0.354672351132
-0.8936582,-0.8936582,0.354672351132
0.8316954,0.8316954,0.354672351132
0.8316939,0.8316939,0.354672351132
0.8171007,0.8171007,0.354672351132
0.6280864,0.6280864,0.354672351132
-19.9938147,-10.0,0.354672351132
-0.9727874,-0.9727874,0.354672351132
-20.1683032,-10.0,0.354672351132
-20.8620427,-10.0,0.354672351132
-0.9924873,-0.9924873,0.354672351132
-0.0485826,-0.0485826,0.354672351132
-0.7428403,-0.7428403,0.354672351132
0.6751647,0.6751647,0.354672351132
-0.7547784,-0.7547784,0.354672351132
0.4194593,0.4194593,0.354672351132
-17.661496,-10.0,0.354672351132
-3.1983438,-3.1983438,0.354672351132
-8.4175763,-8.4175763,0.354672351132
-15.1023885,-10.0,0.354672351132
0.8936582,0.8936582,0.354672351132
1.7253536,1.7253536,0.354672351132
1.7253521,1.7253521,0.354672351132
1.7107589,1.7107589,0.354672351132
1.5217446,1.5217446,0.354672351132
-19.1001565,-10.0,0.354672351132
-0.0791292,-0.0791292,0.354672351132
-19.274645,-10.0,0.354672351132
-19.9683845,-10.0,0.354672351132
-0.0988291,-0.0988291,0.354672351132
0.8450756,0.8450756,0.354672351132
0.1508179,0.1508179,0.354672351132
1.5688229,1.5688229,0.354672351132
0.1388798,0.1388798,0.354672351132
1.3131175,1.3131175,0.354672351132
-16.7678378,-10.0,0.354672351132
-2.3046856,-2.3046856,0.354672351132
-7.5239181,-7.5239181,0.354672351132
-16.8277421,-10.0,0.354672351132
-0.8316954,-0.8316954,0.354672351132
-1.7253536,-1.7253536,0.354672351132
-1.49999999977e-06,-1.49999999977e-06,0.354672351132
-0.0145947,-0.0145947,0.354672351132
-0.203609,-0.203609,0.354672351132
-20.8255101,-10.0,0.354672351132
-1.8044828,-1.8044828,0.354672351132
-20.9999986,-10.0,0.354672351132
-21.6937381,-10.0,0.354672351132
-1.8241827,-1.8241827,0.354672351132
-0.880278,-0.880278,0.354672351132
-1.5745357,-1.5745357,0.354672351132
-0.1565307,-0.1565307,0.354672351132
-1.5864738,-1.5864738,0.354672351132
-0.4122361,-0.4122361,0.354672351132
-18.4931914,-10.0,0.354672351132
-4.0300392,-4.0300392,0.354672351132
-9.2492717,-9.2492717,0.354672351132
-16.8277406,-10.0,0.354672351132
-0.8316939,-0.8316939,0.354672351132
-1.7253521,-1.7253521,0.354672351132
1.49999999977e-06,1.49999999977e-06,0.354672351132
-0.0145932,-0.0145932,0.354672351132
-0.2036075,-0.2036075,0.354672351132
-20.8255086,-10.0,0.354672351132
-1.8044813,-1.8044813,0.354672351132
-20.9999971,-10.0,0.354672351132
-21.6937366,-10.0,0.354672351132
-1.8241812,-1.8241812,0.354672351132
-0.8802765,-0.8802765,0.354672351132
-1.5745342,-1.5745342,0.354672351132
-0.1565292,-0.1565292,0.354672351132
-1.5864723,-1.5864723,0.354672351132
-0.4122346,-0.4122346,0.354672351132
-18.4931899,-10.0,0.354672351132
-4.0300377,-4.0300377,0.354672351132
-9.2492702,-9.2492702,0.354672351132
-16.8131474,-10.0,0.354672351132
-0.8171007,-0.8171007,0.354672351132
-1.7107589,-1.7107589,0.354672351132
0.0145947,0.0145947,0.354672351132
0.0145932,0.0145932,0.354672351132
-0.1890143,-0.1890143,0.354672351132
-20.8109154,-10.0,0.354672351132
-1.7898881,-1.7898881,0.354672351132
-20.9854039,-10.0,0.354672351132
-21.6791434,-10.0,0.354672351132
-1.809588,-1.809588,0.354672351132
-0.8656833,-0.8656833,0.354672351132
-1.559941,-1.559941,0.354672351132
-0.141936,-0.141936,0.354672351132
-1.5718791,-1.5718791,0.354672351132
-0.3976414,-0.3976414,0.354672351132
-18.4785967,-10.0,0.354672351132
-4.0154445,-4.0154445,0.354672351132
-9.234677,-9.234677,0.354672351132
-16.6241331,-10.0,0.354672351132
-0.6280864,-0.6280864,0.354672351132
-1.5217446,-1.5217446,0.354672351132
0.203609,0.203609,0.354672351132
0.2036075,0.2036075,0.354672351132
0.1890143,0.1890143,0.354672351132
-20.6219011,-10.0,0.354672351132
-1.6008738,-1.6008738,0.354672351132
-20.7963896,-10.0,0.354672351132
-21.4901291,-10.0,0.354672351132
-1.6205737,-1.6205737,0.354672351132
-0.676669,-0.676669,0.354672351132
-1.3709267,-1.3709267,0.354672351132
0.0470783,0.0470783,0.354672351132
-1.3828648,-1.3828648,0.354672351132
-0.2086271,-0.2086271,0.354672351132
-18.2895824,-10.0,0.354672351132
-3.8264302,-3.8264302,0.354672351132
-9.0456627,-9.0456627,0.354672351132
3.997768,3.997768,0.354672351132
19.9938147,10.0,0.354672351132
19.1001565,10.0,0.354672351132
20.8255101,10.0,0.354672351132
20.8255086,10.0,0.354672351132
20.8109154,10.0,0.354672351132
20.6219011,10.0,0.354672351132
19.0210273,10.0,0.354672351132
-0.1744885,-0.1744885,0.354672351132
-0.868228,-0.868228,0.354672351132
19.0013274,10.0,0.354672351132
19.9452321,10.0,0.354672351132
19.2509744,10.0,0.354672351132
20.6689794,10.0,0.354672351132
19.2390363,10.0,0.354672351132
20.413274,10.0,0.354672351132
2.3323187,2.3323187,0.354672351132
16.7954709,10.0,0.354672351132
11.5762384,10.0,0.354672351132
-15.0232593,-10.0,0.354672351132
0.9727874,0.9727874,0.354672351132
0.0791292,0.0791292,0.354672351132
1.8044828,1.8044828,0.354672351132
1.8044813,1.8044813,0.354672351132
1.7898881,1.7898881,0.354672351132
1.6008738,1.6008738,0.354672351132
-19.0210273,-10.0,0.354672351132
-19.1955158,-10.0,0.354672351132
-19.8892553,-10.0,0.354672351132
-0.0196999,-0.0196999,0.354672351132
0.9242048,0.9242048,0.354672351132
0.2299471,0.2299471,0.354672351132
1.6479521,1.6479521,0.354672351132
0.218009,0.218009,0.354672351132
1.3922467,1.3922467,0.354672351132
-16.6887086,-10.0,0.354672351132
-2.2255564,-2.2255564,0.354672351132
-7.4447889,-7.4447889,0.354672351132
4.1722565,4.1722565,0.354672351132
20.1683032,10.0,0.354672351132
19.274645,10.0,0.354672351132
20.9999986,10.0,0.354672351132
20.9999971,10.0,0.354672351132
20.9854039,10.0,0.354672351132
20.7963896,10.0,0.354672351132
0.1744885,0.1744885,0.354672351132
19.1955158,10.0,0.354672351132
-0.6937395,-0.6937395,0.354672351132
19.1758159,10.0,0.354672351132
20.1197206,10.0,0.354672351132
19.4254629,10.0,0.354672351132
20.8434679,10.0,0.354672351132
19.4135248,10.0,0.354672351132
20.5877625,10.0,0.354672351132
2.5068072,2.5068072,0.354672351132
16.9699594,10.0,0.354672351132
11.7507269,10.0,0.354672351132
4.865996,4.865996,0.354672351132
20.8620427,10.0,0.354672351132
19.9683845,10.0,0.354672351132
21.6937381,10.0,0.354672351132
21.6937366,10.0,0.354672351132
21.6791434,10.0,0.354672351132
21.4901291,10.0,0.354672351132
0.868228,0.868228,0.354672351132
19.8892553,10.0,0.354672351132
0.6937395,0.6937395,0.354672351132
19.8695554,10.0,0.354672351132
20.8134601,10.0,0.354672351132
20.1192024,10.0,0.354672351132
21.5372074,10.0,0.354672351132
20.1072643,10.0,0.354672351132
21.281502,10.0,0.354672351132
3.2005467,3.2005467,0.354672351132
17.6636989,10.0,0.354672351132
12.4444664,10.0,0.354672351132
-15.0035594,-10.0,0.354672351132
0.9924873,0.9924873,0.354672351132
0.0988291,0.0988291,0.354672351132
1.8241827,1.8241827,0.354672351132
1.8241812,1.8241812,0.354672351132
1.809588,1.809588,0.354672351132
1.6205737,1.6205737,0.354672351132
-19.0013274,-10.0,0.354672351132
0.0196999,0.0196999,0.354672351132
-19.1758159,-10.0,0.354672351132
-19.8695554,-10.0,0.354672351132
0.9439047,0.9439047,0.354672351132
0.249647,0.249647,0.354672351132
1.667652,1.667652,0.354672351132
0.2377089,0.2377089,0.354672351132
1.4119466,1.4119466,0.354672351132
-16.6690087,-10.0,0.354672351132
-2.2058565,-2.2058565,0.354672351132
-7.425089,-7.425089,0.354672351132
-15.9474641,-10.0,0.354672351132
0.0485826,0.0485826,0.354672351132
-0.8450756,-0.8450756,0.354672351132
0.880278,0.880278,0.354672351132
0.8802765,0.8802765,0.354672351132
0.8656833,0.8656833,0.354672351132
0.676669,0.676669,0.354672351132
-19.9452321,-10.0,0.354672351132
-0.9242048,-0.9242048,0.354672351132
-20.1197206,-10.0,0.354672351132
-20.8134601,-10.0,0.354672351132
-0.9439047,-0.9439047,0.354672351132
-0.6942577,-0.6942577,0.354672351132
0.7237473,0.7237473,0.354672351132
-0.7061958,-0.7061958,0.354672351132
0.4680419,0.4680419,0.354672351132
-17.6129134,-10.0,0.354672351132
-3.1497612,-3.1497612,0.354672351132
-8.3689937,-8.3689937,0.354672351132
-15.2532064,-10.0,0.354672351132
0.7428403,0.7428403,0.354672351132
-0.1508179,-0.1508179,0.354672351132
1.5745357,1.5745357,0.354672351132
1.5745342,1.5745342,0.354672351132
1.559941,1.559941,0.354672351132
1.3709267,1.3709267,0.354672351132
-19.2509744,-10.0,0.354672351132
-0.2299471,-0.2299471,0.354672351132
-19.4254629,-10.0,0.354672351132
-20.1192024,-10.0,0.354672351132
-0.249647,-0.249647,0.354672351132
0.6942577,0.6942577,0.354672351132
1.418005,1.418005,0.354672351132
-0.0119381,-0.0119381,0.354672351132
1.1622996,1.1622996,0.354672351132
-16.9186557,-10.0,0.354672351132
-2.4555035,-2.4555035,0.354672351132
-7.674736,-7.674736,0.354672351132
-16.6712114,-10.0,0.354672351132
-0.6751647,-0.6751647,0.354672351132
-1.5688229,-1.5688229,0.354672351132
0.1565307,0.1565307,0.354672351132
0.1565292,0.1565292,0.354672351132
0.141936,0.141936,0.354672351132
-0.0470783,-0.0470783,0.354672351132
-20.6689794,-10.0,0.354672351132
-1.6479521,-1.6479521,0.354672351132
-20.8434679,-10.0,0.354672351132
-21.5372074,-10.0,0.354672351132
-1.667652,-1.667652,0.354672351132
-0.7237473,-0.7237473,0.354672351132
-1.418005,-1.418005,0.354672351132
-1.4299431,-1.4299431,0.354672351132
-0.2557054,-0.2557054,0.354672351132
-18.3366607,-10.0,0.354672351132
-3.8735085,-3.8735085,0.354672351132
-9.092741,-9.092741,0.354672351132
-15.2412683,-10.0,0.354672351132
0.7547784,0.7547784,0.354672351132
-0.1388798,-0.1388798,0.354672351132
1.5864738,1.5864738,0.354672351132
1.5864723,1.5864723,0.354672351132
1.5718791,1.5718791,0.354672351132
1.3828648,1.3828648,0.354672351132
-19.2390363,-10.0,0.354672351132
-0.218009,-0.218009,0.354672351132
-19.4135248,-10.0,0.354672351132
-20.1072643,-10.0,0.354672351132
-0.2377089,-0.2377089,0.354672351132
0.7061958,0.7061958,0.354672351132
0.0119381,0.0119381,0.354672351132
1.4299431,1.4299431,0.354672351132
1.1742377,1.1742377,0.354672351132
-16.9067176,-10.0,0.354672351132
-2.4435654,-2.4435654,0.354672351132
-7.6627979,-7.6627979,0.354672351132
-16.415506,-10.0,0.354672351132
-0.4194593,-0.4194593,0.354672351132
-1.3131175,-1.3131175,0.354672351132
0.4122361,0.4122361,0.354672351132
0.4122346,0.4122346,0.354672351132
0.3976414,0.3976414,0.354672351132
0.2086271,0.2086271,0.354672351132
-20.413274,-10.0,0.354672351132
-1.3922467,-1.3922467,0.354672351132
-20.5877625,-10.0,0.354672351132
-21.281502,-10.0,0.354672351132
-1.4119466,-1.4119466,0.354672351132
-0.4680419,-0.4680419,0.354672351132
-1.1622996,-1.1622996,0.354672351132
0.2557054,0.2557054,0.354672351132
-1.1742377,-1.1742377,0.354672351132
-18.0809553,-10.0,0.354672351132
-3.6178031,-3.6178031,0.354672351132
-8.8370356,-8.8370356,0.354672351132
1.6654493,1.6654493,0.354672351132
17.661496,10.0,0.354672351132
16.7678378,10.0,0.354672351132
18.4931914,10.0,0.354672351132
18.4931899,10.0,0.354672351132
18.4785967,10.0,0.354672351132
18.2895824,10.0,0.354672351132
-2.3323187,-2.3323187,0.354672351132
16.6887086,10.0,0.354672351132
-2.5068072,-2.5068072,0.354672351132
-3.2005467,-3.2005467,0.354672351132
16.6690087,10.0,0.354672351132
17.6129134,10.0,0.354672351132
16.9186557,10.0,0.354672351132
18.3366607,10.0,0.354672351132
16.9067176,10.0,0.354672351132
18.0809553,10.0,0.354672351132
14.4631522,10.0,0.354672351132
9.2439197,9.2439197,0.354672351132
-12.7977029,-10.0,0.354672351132
3.1983438,3.1983438,0.354672351132
2.3046856,2.3046856,0.354672351132
4.0300392,4.0300392,0.354672351132
4.0300377,4.0300377,0.354672351132
4.0154445,4.0154445,0.354672351132
3.8264302,3.8264302,0.354672351132
-16.7954709,-10.0,0.354672351132
2.2255564,2.2255564,0.354672351132
-16.9699594,-10.0,0.354672351132
-17.6636989,-10.0,0.354672351132
2.2058565,2.2058565,0.354672351132
3.1497612,3.1497612,0.354672351132
2.4555035,2.4555035,0.354672351132
3.8735085,3.8735085,0.354672351132
2.4435654,2.4435654,0.354672351132
3.6178031,3.6178031,0.354672351132
-14.4631522,-10.0,0.354672351132
-5.2192325,-5.2192325,0.354672351132
-7.5784704,-7.5784704,0.354672351132
8.4175763,8.4175763,0.354672351132
7.5239181,7.5239181,0.354672351132
9.2492717,9.2492717,0.354672351132
9.2492702,9.2492702,0.354672351132
9.234677,9.234677,0.354672351132
9.0456627,9.0456627,0.354672351132
-11.5762384,-10.0,0.354672351132
7.4447889,7.4447889,0.354672351132
-11.7507269,-10.0,0.354672351132
-12.4444664,-10.0,0.354672351132
7.425089,7.425089,0.354672351132
8.3689937,8.3689937,0.354672351132
7.674736,7.674736,0.354672351132
9.092741,9.092741,0.354672351132
7.6627979,7.6627979,0.354672351132
8.8370356,8.8370356,0.354672351132
-9.2439197,-9.2439197,0.354672351132
5.2192325,5.2192325,0.354672351132
19.0369566,10.0,0.378506879835
-2.1944056,-2.1944056,0.378506879835
-1.054854,-1.054854,0.378506879835
20.2796992,10.0,0.378506879835
19.7576153,10.0,0.378506879835
20.9999209,10.0,0.378506879835
16.7253019,10.0,0.378506879835
-0.7367862,-0.7367862,0.378506879835
17.5844322,10.0,0.378506879835
-1.6336642,-1.6336642,0.378506879835
-0.5617307,-0.5617307,0.378506879835
21.0,10.0,0.378506879835
0.0986692,0.0986692,0.378506879835
0.5152864,0.5152864,0.378506879835
0.0206992,0.0206992,0.378506879835
19.6258083,10.0,0.378506879835
20.5316148,10.0,0.378506879835
17.8416876,10.0,0.378506879835
17.3091529,10.0,0.378506879835
-19.0369566,-10.0,0.378506879835
-21.2313622,-10.0,0.378506879835
-20.0918106,-10.0,0.378506879835
1.2427426,1.2427426,0.378506879835
0.7206587,0.7206587,0.378506879835
1.9629643,1.9629643,0.378506879835
-2.3116547,-2.3116547,0.378506879835
-19.7737428,-10.0,0.378506879835
-1.4525244,-1.4525244,0.378506879835
-20.6706208,-10.0,0.378506879835
-19.5986873,-10.0,0.378506879835
1.9630434,1.9630434,0.378506879835
-18.9382874,-10.0,0.378506879835
-18.5216702,-10.0,0.378506879835
-19.0162574,-10.0,0.378506879835
0.5888517,0.5888517,0.378506879835
1.4946582,1.4946582,0.378506879835
-1.195269,-1.195269,0.378506879835
-1.7278037,-1.7278037,0.378506879835
2.1944056,2.1944056,0.378506879835
21.2313622,10.0,0.378506879835
1.1395516,1.1395516,0.378506879835
22.4741048,10.0,0.378506879835
21.9520209,10.0,0.378506879835
23.1943265,10.0,0.378506879835
18.9197075,10.0,0.378506879835
1.4576194,1.4576194,0.378506879835
19.7788378,10.0,0.378506879835
0.5607414,0.5607414,0.378506879835
1.6326749,1.6326749,0.378506879835
23.1944056,10.0,0.378506879835
2.2930748,2.2930748,0.378506879835
2.709692,2.709692,0.378506879835
2.2151048,2.2151048,0.378506879835
21.8202139,10.0,0.378506879835
22.7260204,10.0,0.378506879835
20.0360932,10.0,0.378506879835
19.5035585,10.0,0.378506879835
1.054854,1.054854,0.378506879835
20.0918106,10.0,0.378506879835
-1.1395516,-1.1395516,0.378506879835
21.3345532,10.0,0.378506879835
20.8124693,10.0,0.378506879835
22.0547749,10.0,0.378506879835
17.7801559,10.0,0.378506879835
0.3180678,0.3180678,0.378506879835
18.6392862,10.0,0.378506879835
-0.5788102,-0.5788102,0.378506879835
0.4931233,0.4931233,0.378506879835
22.054854,10.0,0.378506879835
1.1535232,1.1535232,0.378506879835
1.5701404,1.5701404,0.378506879835
1.0755532,1.0755532,0.378506879835
20.6806623,10.0,0.378506879835
21.5864688,10.0,0.378506879835
18.8965416,10.0,0.378506879835
18.3640069,10.0,0.378506879835
-20.2796992,-10.0,0.378506879835
-1.2427426,-1.2427426,0.378506879835
-22.4741048,-10.0,0.378506879835
-21.3345532,-10.0,0.378506879835
-0.5220839,-0.5220839,0.378506879835
0.7202217,0.7202217,0.378506879835
-3.5543973,-3.5543973,0.378506879835
-21.0164854,-10.0,0.378506879835
-2.695267,-2.695267,0.378506879835
-21.9133634,-10.0,0.378506879835
-20.8414299,-10.0,0.378506879835
0.7203008,0.7203008,0.378506879835
-20.18103,-10.0,0.378506879835
-19.7644128,-10.0,0.378506879835
-20.259,-10.0,0.378506879835
-0.6538909,-0.6538909,0.378506879835
0.2519156,0.2519156,0.378506879835
-2.4380116,-2.4380116,0.378506879835
-2.9705463,-2.9705463,0.378506879835
-19.7576153,-10.0,0.378506879835
-0.7206587,-0.7206587,0.378506879835
-21.9520209,-10.0,0.378506879835
-20.8124693,-10.0,0.378506879835
0.5220839,0.5220839,0.378506879835
1.2423056,1.2423056,0.378506879835
-3.0323134,-3.0323134,0.378506879835
-20.4944015,-10.0,0.378506879835
-2.1731831,-2.1731831,0.378506879835
-21.3912795,-10.0,0.378506879835
-20.319346,-10.0,0.378506879835
1.2423847,1.2423847,0.378506879835
-19.6589461,-10.0,0.378506879835
-19.2423289,-10.0,0.378506879835
-19.7369161,-10.0,0.378506879835
-0.131807,-0.131807,0.378506879835
0.7739995,0.7739995,0.378506879835
-1.9159277,-1.9159277,0.378506879835
-2.4484624,-2.4484624,0.378506879835
-20.9999209,-10.0,0.378506879835
-1.9629643,-1.9629643,0.378506879835
-23.1943265,-10.0,0.378506879835
-22.0547749,-10.0,0.378506879835
-0.7202217,-0.7202217,0.378506879835
-1.2423056,-1.2423056,0.378506879835
-4.274619,-4.274619,0.378506879835
-21.7367071,-10.0,0.378506879835
-3.4154887,-3.4154887,0.378506879835
-22.6335851,-10.0,0.378506879835
-21.5616516,-10.0,0.378506879835
7.91000000007e-05,7.91000000007e-05,0.378506879835
-20.9012517,-10.0,0.378506879835
-20.4846345,-10.0,0.378506879835
-20.9792217,-10.0,0.378506879835
-1.3741126,-1.3741126,0.378506879835
-0.4683061,-0.4683061,0.378506879835
-3.1582333,-3.1582333,0.378506879835
-3.690768,-3.690768,0.378506879835
-16.7253019,-10.0,0.378506879835
2.3116547,2.3116547,0.378506879835
-18.9197075,-10.0,0.378506879835
-17.7801559,-10.0,0.378506879835
3.5543973,3.5543973,0.378506879835
3.0323134,3.0323134,0.378506879835
4.274619,4.274619,0.378506879835
-17.4620881,-10.0,0.378506879835
0.8591303,0.8591303,0.378506879835
-18.3589661,-10.0,0.378506879835
-17.2870326,-10.0,0.378506879835
4.2746981,4.2746981,0.378506879835
-16.6266327,-10.0,0.378506879835
-16.2100155,-10.0,0.378506879835
-16.7046027,-10.0,0.378506879835
2.9005064,2.9005064,0.378506879835
3.8063129,3.8063129,0.378506879835
1.1163857,1.1163857,0.378506879835
0.583851,0.583851,0.378506879835
0.7367862,0.7367862,0.378506879835
19.7737428,10.0,0.378506879835
-1.4576194,-1.4576194,0.378506879835
-0.3180678,-0.3180678,0.378506879835
21.0164854,10.0,0.378506879835
20.4944015,10.0,0.378506879835
21.7367071,10.0,0.378506879835
17.4620881,10.0,0.378506879835
18.3212184,10.0,0.378506879835
-0.896878,-0.896878,0.378506879835
0.1750555,0.1750555,0.378506879835
21.7367862,10.0,0.378506879835
0.8354554,0.8354554,0.378506879835
1.2520726,1.2520726,0.378506879835
0.7574854,0.7574854,0.378506879835
20.3625945,10.0,0.378506879835
21.268401,10.0,0.378506879835
18.5784738,10.0,0.378506879835
18.0459391,10.0,0.378506879835
-17.5844322,-10.0,0.378506879835
1.4525244,1.4525244,0.378506879835
-19.7788378,-10.0,0.378506879835
-18.6392862,-10.0,0.378506879835
2.695267,2.695267,0.378506879835
2.1731831,2.1731831,0.378506879835
3.4154887,3.4154887,0.378506879835
-0.8591303,-0.8591303,0.378506879835
-18.3212184,-10.0,0.378506879835
-19.2180964,-10.0,0.378506879835
-18.1461629,-10.0,0.378506879835
3.4155678,3.4155678,0.378506879835
-17.485763,-10.0,0.378506879835
-17.0691458,-10.0,0.378506879835
-17.563733,-10.0,0.378506879835
2.0413761,2.0413761,0.378506879835
2.9471826,2.9471826,0.378506879835
0.2572554,0.2572554,0.378506879835
-0.2752793,-0.2752793,0.378506879835
1.6336642,1.6336642,0.378506879835
20.6706208,10.0,0.378506879835
-0.5607414,-0.5607414,0.378506879835
0.5788102,0.5788102,0.378506879835
21.9133634,10.0,0.378506879835
21.3912795,10.0,0.378506879835
22.6335851,10.0,0.378506879835
18.3589661,10.0,0.378506879835
0.896878,0.896878,0.378506879835
19.2180964,10.0,0.378506879835
1.0719335,1.0719335,0.378506879835
22.6336642,10.0,0.378506879835
1.7323334,1.7323334,0.378506879835
2.1489506,2.1489506,0.378506879835
1.6543634,1.6543634,0.378506879835
21.2594725,10.0,0.378506879835
22.165279,10.0,0.378506879835
19.4753518,10.0,0.378506879835
18.9428171,10.0,0.378506879835
0.5617307,0.5617307,0.378506879835
19.5986873,10.0,0.378506879835
-1.6326749,-1.6326749,0.378506879835
-0.4931233,-0.4931233,0.378506879835
20.8414299,10.0,0.378506879835
20.319346,10.0,0.378506879835
21.5616516,10.0,0.378506879835
17.2870326,10.0,0.378506879835
-0.1750555,-0.1750555,0.378506879835
18.1461629,10.0,0.378506879835
-1.0719335,-1.0719335,0.378506879835
21.5617307,10.0,0.378506879835
0.6603999,0.6603999,0.378506879835
1.0770171,1.0770171,0.378506879835
0.5824299,0.5824299,0.378506879835
20.187539,10.0,0.378506879835
21.0933455,10.0,0.378506879835
18.4034183,10.0,0.378506879835
17.8708836,10.0,0.378506879835
-21.0,-10.0,0.378506879835
-1.9630434,-1.9630434,0.378506879835
-23.1944056,-10.0,0.378506879835
-22.054854,-10.0,0.378506879835
-0.7203008,-0.7203008,0.378506879835
-1.2423847,-1.2423847,0.378506879835
-7.91000000007e-05,-7.91000000007e-05,0.378506879835
-4.2746981,-4.2746981,0.378506879835
-21.7367862,-10.0,0.378506879835
-3.4155678,-3.4155678,0.378506879835
-22.6336642,-10.0,0.378506879835
-21.5617307,-10.0,0.378506879835
-20.9013308,-10.0,0.378506879835
-20.4847136,-10.0,0.378506879835
-20.9793008,-10.0,0.378506879835
-1.3741917,-1.3741917,0.378506879835
-0.4683852,-0.4683852,0.378506879835
-3.1583124,-3.1583124,0.378506879835
-3.6908471,-3.6908471,0.378506879835
-0.0986692,-0.0986692,0.378506879835
18.9382874,10.0,0.378506879835
-2.2930748,-2.2930748,0.378506879835
-1.1535232,-1.1535232,0.378506879835
20.18103,10.0,0.378506879835
19.6589461,10.0,0.378506879835
20.9012517,10.0,0.378506879835
16.6266327,10.0,0.378506879835
-0.8354554,-0.8354554,0.378506879835
17.485763,10.0,0.378506879835
-1.7323334,-1.7323334,0.378506879835
-0.6603999,-0.6603999,0.378506879835
20.9013308,10.0,0.378506879835
0.4166172,0.4166172,0.378506879835
-0.07797,-0.07797,0.378506879835
19.5271391,10.0,0.378506879835
20.4329456,10.0,0.378506879835
17.7430184,10.0,0.378506879835
17.2104837,10.0,0.378506879835
-0.5152864,-0.5152864,0.378506879835
18.5216702,10.0,0.378506879835
-2.709692,-2.709692,0.378506879835
-1.5701404,-1.5701404,0.378506879835
19.7644128,10.0,0.378506879835
19.2423289,10.0,0.378506879835
20.4846345,10.0,0.378506879835
16.2100155,10.0,0.378506879835
-1.2520726,-1.2520726,0.378506879835
17.0691458,10.0,0.378506879835
-2.1489506,-2.1489506,0.378506879835
-1.0770171,-1.0770171,0.378506879835
20.4847136,10.0,0.378506879835
-0.4166172,-0.4166172,0.378506879835
-0.4945872,-0.4945872,0.378506879835
19.1105219,10.0,0.378506879835
20.0163284,10.0,0.378506879835
17.3264012,10.0,0.378506879835
16.7938665,10.0,0.378506879835
-0.0206992,-0.0206992,0.378506879835
19.0162574,10.0,0.378506879835
-2.2151048,-2.2151048,0.378506879835
-1.0755532,-1.0755532,0.378506879835
20.259,10.0,0.378506879835
19.7369161,10.0,0.378506879835
20.9792217,10.0,0.378506879835
16.7046027,10.0,0.378506879835
-0.7574854,-0.7574854,0.378506879835
17.563733,10.0,0.378506879835
-1.6543634,-1.6543634,0.378506879835
-0.5824299,-0.5824299,0.378506879835
20.9793008,10.0,0.378506879835
0.07797,0.07797,0.378506879835
0.4945872,0.4945872,0.378506879835
19.6051091,10.0,0.378506879835
20.5109156,10.0,0.378506879835
17.8209884,10.0,0.378506879835
17.2884537,10.0,0.378506879835
-19.6258083,-10.0,0.378506879835
-0.5888517,-0.5888517,0.378506879835
-21.8202139,-10.0,0.378506879835
-20.6806623,-10.0,0.378506879835
0.6538909,0.6538909,0.378506879835
0.131807,0.131807,0.378506879835
1.3741126,1.3741126,0.378506879835
-2.9005064,-2.9005064,0.378506879835
-20.3625945,-10.0,0.378506879835
-2.0413761,-2.0413761,0.378506879835
-21.2594725,-10.0,0.378506879835
-20.187539,-10.0,0.378506879835
1.3741917,1.3741917,0.378506879835
-19.5271391,-10.0,0.378506879835
-19.1105219,-10.0,0.378506879835
-19.6051091,-10.0,0.378506879835
0.9058065,0.9058065,0.378506879835
-1.7841207,-1.7841207,0.378506879835
-2.3166554,-2.3166554,0.378506879835
-20.5316148,-10.0,0.378506879835
-1.4946582,-1.4946582,0.378506879835
-22.7260204,-10.0,0.378506879835
-21.5864688,-10.0,0.378506879835
-0.2519156,-0.2519156,0.378506879835
-0.7739995,-0.7739995,0.378506879835
0.4683061,0.4683061,0.378506879835
-3.8063129,-3.8063129,0.378506879835
-21.268401,-10.0,0.378506879835
-2.9471826,-2.9471826,0.378506879835
-22.165279,-10.0,0.378506879835
-21.0933455,-10.0,0.378506879835
0.4683852,0.4683852,0.378506879835
-20.4329456,-10.0,0.378506879835
-20.0163284,-10.0,0.378506879835
-20.5109156,-10.0,0.378506879835
-0.9058065,-0.9058065,0.378506879835
-2.6899272,-2.6899272,0.378506879835
-3.2224619,-3.2224619,0.378506879835
-17.8416876,-10.0,0.378506879835
1.195269,1.195269,0.378506879835
-20.0360932,-10.0,0.378506879835
-18.8965416,-10.0,0.378506879835
2.4380116,2.4380116,0.378506879835
1.9159277,1.9159277,0.378506879835
3.1582333,3.1582333,0.378506879835
-1.1163857,-1.1163857,0.378506879835
-18.5784738,-10.0,0.378506879835
-0.2572554,-0.2572554,0.378506879835
-19.4753518,-10.0,0.378506879835
-18.4034183,-10.0,0.378506879835
3.1583124,3.1583124,0.378506879835
-17.7430184,-10.0,0.378506879835
-17.3264012,-10.0,0.378506879835
-17.8209884,-10.0,0.378506879835
1.7841207,1.7841207,0.378506879835
2.6899272,2.6899272,0.378506879835
-0.5325347,-0.5325347,0.378506879835
-17.3091529,-10.0,0.378506879835
1.7278037,1.7278037,0.378506879835
-19.5035585,-10.0,0.378506879835
-18.3640069,-10.0,0.378506879835
2.9705463,2.9705463,0.378506879835
2.4484624,2.4484624,0.378506879835
3.690768,3.690768,0.378506879835
-0.583851,-0.583851,0.378506879835
-18.0459391,-10.0,0.378506879835
0.2752793,0.2752793,0.378506879835
-18.9428171,-10.0,0.378506879835
-17.8708836,-10.0,0.378506879835
3.6908471,3.6908471,0.378506879835
-17.2104837,-10.0,0.378506879835
-16.7938665,-10.0,0.378506879835
-17.2884537,-10.0,0.378506879835
2.3166554,2.3166554,0.378506879835
3.2224619,3.2224619,0.378506879835
0.5325347,0.5325347,0.378506879835
19.5130451,10.0,0.357443457696
16.0538721,10.0,0.357443457696
0.757957,0.757957,0.357443457696
15.4382222,10.0,0.357443457696
1.1514184,1.1514184,0.357443457696
1.9413091,1.9413091,0.357443457696
4.385488,4.385488,0.357443457696
-1.0859725,-1.0859725,0.357443457696
19.9140273,10.0,0.357443457696
3.4698599,3.4698599,0.357443457696
2.4267925,2.4267925,0.357443457696
18.2239953,10.0,0.357443457696
2.930976,2.930976,0.357443457696
1.1612717,1.1612717,0.357443457696
3.3530846,3.3530846,0.357443457696
19.9132528,10.0,0.357443457696
1.606474,1.606474,0.357443457696
19.731157,10.0,0.357443457696
19.8098273,10.0,0.357443457696
-19.5130451,-10.0,0.357443457696
-3.459173,-3.459173,0.357443457696
-18.7550881,-10.0,0.357443457696
-4.0748229,-4.0748229,0.357443457696
-18.3616267,-10.0,0.357443457696
-17.571736,-10.0,0.357443457696
-15.1275571,-10.0,0.357443457696
-20.5990176,-10.0,0.357443457696
0.4009822,0.4009822,0.357443457696
-16.0431852,-10.0,0.357443457696
-17.0862526,-10.0,0.357443457696
-1.2890498,-1.2890498,0.357443457696
-16.5820691,-10.0,0.357443457696
-18.3517734,-10.0,0.357443457696
-16.1599605,-10.0,0.357443457696
0.4002077,0.4002077,0.357443457696
-17.9065711,-10.0,0.357443457696
0.2181119,0.2181119,0.357443457696
0.2967822,0.2967822,0.357443457696
-16.0538721,-10.0,0.357443457696
3.459173,3.459173,0.357443457696
-15.2959151,-10.0,0.357443457696
-0.6156499,-0.6156499,0.357443457696
-14.9024537,-10.0,0.357443457696
-14.112563,-10.0,0.357443457696
-11.6683841,-10.0,0.357443457696
-17.1398446,-10.0,0.357443457696
3.8601552,3.8601552,0.357443457696
-12.5840122,-10.0,0.357443457696
-13.6270796,-10.0,0.357443457696
2.1701232,2.1701232,0.357443457696
-13.1228961,-10.0,0.357443457696
-14.8926004,-10.0,0.357443457696
-12.7007875,-10.0,0.357443457696
3.8593807,3.8593807,0.357443457696
-14.4473981,-10.0,0.357443457696
3.6772849,3.6772849,0.357443457696
3.7559552,3.7559552,0.357443457696
-0.757957,-0.757957,0.357443457696
18.7550881,10.0,0.357443457696
15.2959151,10.0,0.357443457696
14.6802652,10.0,0.357443457696
0.3934614,0.3934614,0.357443457696
1.1833521,1.1833521,0.357443457696
3.627531,3.627531,0.357443457696
-1.8439295,-1.8439295,0.357443457696
19.1560703,10.0,0.357443457696
2.7119029,2.7119029,0.357443457696
1.6688355,1.6688355,0.357443457696
17.4660383,10.0,0.357443457696
2.173019,2.173019,0.357443457696
0.4033147,0.4033147,0.357443457696
2.5951276,2.5951276,0.357443457696
19.1552958,10.0,0.357443457696
0.848517,0.848517,0.357443457696
18.9732,10.0,0.357443457696
19.0518703,10.0,0.357443457696
-15.4382222,-10.0,0.357443457696
4.0748229,4.0748229,0.357443457696
0.6156499,0.6156499,0.357443457696
-14.6802652,-10.0,0.357443457696
-14.2868038,-10.0,0.357443457696
-13.4969131,-10.0,0.357443457696
-11.0527342,-10.0,0.357443457696
-16.5241947,-10.0,0.357443457696
4.4758051,4.4758051,0.357443457696
-11.9683623,-10.0,0.357443457696
-13.0114297,-10.0,0.357443457696
2.7857731,2.7857731,0.357443457696
-12.5072462,-10.0,0.357443457696
-14.2769505,-10.0,0.357443457696
-12.0851376,-10.0,0.357443457696
4.4750306,4.4750306,0.357443457696
-13.8317482,-10.0,0.357443457696
4.2929348,4.2929348,0.357443457696
4.3716051,4.3716051,0.357443457696
-1.1514184,-1.1514184,0.357443457696
18.3616267,10.0,0.357443457696
14.9024537,10.0,0.357443457696
-0.3934614,-0.3934614,0.357443457696
14.2868038,10.0,0.357443457696
0.7898907,0.7898907,0.357443457696
3.2340696,3.2340696,0.357443457696
-2.2373909,-2.2373909,0.357443457696
18.7626089,10.0,0.357443457696
2.3184415,2.3184415,0.357443457696
1.2753741,1.2753741,0.357443457696
17.0725769,10.0,0.357443457696
1.7795576,1.7795576,0.357443457696
0.0098533,0.0098533,0.357443457696
2.2016662,2.2016662,0.357443457696
18.7618344,10.0,0.357443457696
0.4550556,0.4550556,0.357443457696
18.5797386,10.0,0.357443457696
18.6584089,10.0,0.357443457696
-1.9413091,-1.9413091,0.357443457696
17.571736,10.0,0.357443457696
14.112563,10.0,0.357443457696
-1.1833521,-1.1833521,0.357443457696
13.4969131,10.0,0.357443457696
-0.7898907,-0.7898907,0.357443457696
2.4441789,2.4441789,0.357443457696
-3.0272816,-3.0272816,0.357443457696
17.9727182,10.0,0.357443457696
1.5285508,1.5285508,0.357443457696
0.4854834,0.4854834,0.357443457696
16.2826862,10.0,0.357443457696
0.9896669,0.9896669,0.357443457696
-0.7800374,-0.7800374,0.357443457696
1.4117755,1.4117755,0.357443457696
17.9719437,10.0,0.357443457696
-0.3348351,-0.3348351,0.357443457696
17.7898479,10.0,0.357443457696
17.8685182,10.0,0.357443457696
-4.385488,-4.385488,0.357443457696
15.1275571,10.0,0.357443457696
11.6683841,10.0,0.357443457696
-3.627531,-3.627531,0.357443457696
11.0527342,10.0,0.357443457696
-3.2340696,-3.2340696,0.357443457696
-2.4441789,-2.4441789,0.357443457696
-5.4714605,-5.4714605,0.357443457696
15.5285393,10.0,0.357443457696
-0.9156281,-0.9156281,0.357443457696
-1.9586955,-1.9586955,0.357443457696
13.8385073,10.0,0.357443457696
-1.454512,-1.454512,0.357443457696
-3.2242163,-3.2242163,0.357443457696
-1.0324034,-1.0324034,0.357443457696
15.5277648,10.0,0.357443457696
-2.779014,-2.779014,0.357443457696
15.345669,10.0,0.357443457696
15.4243393,10.0,0.357443457696
1.0859725,1.0859725,0.357443457696
20.5990176,10.0,0.357443457696
17.1398446,10.0,0.357443457696
1.8439295,1.8439295,0.357443457696
16.5241947,10.0,0.357443457696
2.2373909,2.2373909,0.357443457696
3.0272816,3.0272816,0.357443457696
5.4714605,5.4714605,0.357443457696
20.9999998,10.0,0.357443457696
4.5558324,4.5558324,0.357443457696
3.512765,3.512765,0.357443457696
19.3099678,10.0,0.357443457696
4.0169485,4.0169485,0.357443457696
2.2472442,2.2472442,0.357443457696
4.4390571,4.4390571,0.357443457696
20.9992253,10.0,0.357443457696
2.6924465,2.6924465,0.357443457696
20.8171295,10.0,0.357443457696
20.8957998,10.0,0.357443457696
-19.9140273,-10.0,0.357443457696
-0.4009822,-0.4009822,0.357443457696
-3.8601552,-3.8601552,0.357443457696
-19.1560703,-10.0,0.357443457696
-4.4758051,-4.4758051,0.357443457696
-18.7626089,-10.0,0.357443457696
-17.9727182,-10.0,0.357443457696
-15.5285393,-10.0,0.357443457696
-20.9999998,-10.0,0.357443457696
-16.4441674,-10.0,0.357443457696
-17.4872348,-10.0,0.357443457696
-1.690032,-1.690032,0.357443457696
-16.9830513,-10.0,0.357443457696
-18.7527556,-10.0,0.357443457696
-16.5609427,-10.0,0.357443457696
-0.000774500000002,-0.000774500000002,0.357443457696
-18.3075533,-10.0,0.357443457696
-0.1828703,-0.1828703,0.357443457696
-0.1042,-0.1042,0.357443457696
-3.4698599,-3.4698599,0.357443457696
16.0431852,10.0,0.357443457696
12.5840122,10.0,0.357443457696
-2.7119029,-2.7119029,0.357443457696
11.9683623,10.0,0.357443457696
-2.3184415,-2.3184415,0.357443457696
-1.5285508,-1.5285508,0.357443457696
0.9156281,0.9156281,0.357443457696
-4.5558324,-4.5558324,0.357443457696
16.4441674,10.0,0.357443457696
-1.0430674,-1.0430674,0.357443457696
14.7541354,10.0,0.357443457696
-0.5388839,-0.5388839,0.357443457696
-2.3085882,-2.3085882,0.357443457696
-0.1167753,-0.1167753,0.357443457696
16.4433929,10.0,0.357443457696
-1.8633859,-1.8633859,0.357443457696
16.2612971,10.0,0.357443457696
16.3399674,10.0,0.357443457696
-2.4267925,-2.4267925,0.357443457696
17.0862526,10.0,0.357443457696
13.6270796,10.0,0.357443457696
-1.6688355,-1.6688355,0.357443457696
13.0114297,10.0,0.357443457696
-1.2753741,-1.2753741,0.357443457696
-0.4854834,-0.4854834,0.357443457696
1.9586955,1.9586955,0.357443457696
-3.512765,-3.512765,0.357443457696
17.4872348,10.0,0.357443457696
1.0430674,1.0430674,0.357443457696
15.7972028,10.0,0.357443457696
0.5041835,0.5041835,0.357443457696
-1.2655208,-1.2655208,0.357443457696
0.9262921,0.9262921,0.357443457696
17.4864603,10.0,0.357443457696
-0.8203185,-0.8203185,0.357443457696
17.3043645,10.0,0.357443457696
17.3830348,10.0,0.357443457696
-18.2239953,-10.0,0.357443457696
1.2890498,1.2890498,0.357443457696
-2.1701232,-2.1701232,0.357443457696
-17.4660383,-10.0,0.357443457696
-2.7857731,-2.7857731,0.357443457696
-17.0725769,-10.0,0.357443457696
-16.2826862,-10.0,0.357443457696
-13.8385073,-10.0,0.357443457696
-19.3099678,-10.0,0.357443457696
1.690032,1.690032,0.357443457696
-14.7541354,-10.0,0.357443457696
-15.7972028,-10.0,0.357443457696
-15.2930193,-10.0,0.357443457696
-17.0627236,-10.0,0.357443457696
-14.8709107,-10.0,0.357443457696
1.6892575,1.6892575,0.357443457696
-16.6175213,-10.0,0.357443457696
1.5071617,1.5071617,0.357443457696
1.585832,1.585832,0.357443457696
-2.930976,-2.930976,0.357443457696
16.5820691,10.0,0.357443457696
13.1228961,10.0,0.357443457696
-2.173019,-2.173019,0.357443457696
12.5072462,10.0,0.357443457696
-1.7795576,-1.7795576,0.357443457696
-0.9896669,-0.9896669,0.357443457696
1.454512,1.454512,0.357443457696
-4.0169485,-4.0169485,0.357443457696
16.9830513,10.0,0.357443457696
0.5388839,0.5388839,0.357443457696
-0.5041835,-0.5041835,0.357443457696
15.2930193,10.0,0.357443457696
-1.7697043,-1.7697043,0.357443457696
0.4221086,0.4221086,0.357443457696
16.9822768,10.0,0.357443457696
-1.324502,-1.324502,0.357443457696
16.800181,10.0,0.357443457696
16.8788513,10.0,0.357443457696
-1.1612717,-1.1612717,0.357443457696
18.3517734,10.0,0.357443457696
14.8926004,10.0,0.357443457696
-0.4033147,-0.4033147,0.357443457696
14.2769505,10.0,0.357443457696
-0.0098533,-0.0098533,0.357443457696
0.7800374,0.7800374,0.357443457696
3.2242163,3.2242163,0.357443457696
-2.2472442,-2.2472442,0.357443457696
18.7527556,10.0,0.357443457696
2.3085882,2.3085882,0.357443457696
1.2655208,1.2655208,0.357443457696
17.0627236,10.0,0.357443457696
1.7697043,1.7697043,0.357443457696
2.1918129,2.1918129,0.357443457696
18.7519811,10.0,0.357443457696
0.4452023,0.4452023,0.357443457696
18.5698853,10.0,0.357443457696
18.6485556,10.0,0.357443457696
-3.3530846,-3.3530846,0.357443457696
16.1599605,10.0,0.357443457696
12.7007875,10.0,0.357443457696
-2.5951276,-2.5951276,0.357443457696
12.0851376,10.0,0.357443457696
-2.2016662,-2.2016662,0.357443457696
-1.4117755,-1.4117755,0.357443457696
1.0324034,1.0324034,0.357443457696
-4.4390571,-4.4390571,0.357443457696
16.5609427,10.0,0.357443457696
0.1167753,0.1167753,0.357443457696
-0.9262921,-0.9262921,0.357443457696
14.8709107,10.0,0.357443457696
-0.4221086,-0.4221086,0.357443457696
-2.1918129,-2.1918129,0.357443457696
16.5601682,10.0,0.357443457696
-1.7466106,-1.7466106,0.357443457696
16.3780724,10.0,0.357443457696
16.4567427,10.0,0.357443457696
-19.9132528,-10.0,0.357443457696
-0.4002077,-0.4002077,0.357443457696
-3.8593807,-3.8593807,0.357443457696
-19.1552958,-10.0,0.357443457696
-4.4750306,-4.4750306,0.357443457696
-18.7618344,-10.0,0.357443457696
-17.9719437,-10.0,0.357443457696
-15.5277648,-10.0,0.357443457696
-20.9992253,-10.0,0.357443457696
0.000774500000002,0.000774500000002,0.357443457696
-16.4433929,-10.0,0.357443457696
-17.4864603,-10.0,0.357443457696
-1.6892575,-1.6892575,0.357443457696
-16.9822768,-10.0,0.357443457696
-18.7519811,-10.0,0.357443457696
-16.5601682,-10.0,0.357443457696
-18.3067788,-10.0,0.357443457696
-0.1820958,-0.1820958,0.357443457696
-0.1034255,-0.1034255,0.357443457696
-1.606474,-1.606474,0.357443457696
17.9065711,10.0,0.357443457696
14.4473981,10.0,0.357443457696
-0.848517,-0.848517,0.357443457696
13.8317482,10.0,0.357443457696
-0.4550556,-0.4550556,0.357443457696
0.3348351,0.3348351,0.357443457696
2.779014,2.779014,0.357443457696
-2.6924465,-2.6924465,0.357443457696
18.3075533,10.0,0.357443457696
1.8633859,1.8633859,0.357443457696
0.8203185,0.8203185,0.357443457696
16.6175213,10.0,0.357443457696
1.324502,1.324502,0.357443457696
-0.4452023,-0.4452023,0.357443457696
1.7466106,1.7466106,0.357443457696
18.3067788,10.0,0.357443457696
18.124683,10.0,0.357443457696
18.2033533,10.0,0.357443457696
-19.731157,-10.0,0.357443457696
-0.2181119,-0.2181119,0.357443457696
-3.6772849,-3.6772849,0.357443457696
-18.9732,-10.0,0.357443457696
-4.2929348,-4.2929348,0.357443457696
-18.5797386,-10.0,0.357443457696
-17.7898479,-10.0,0.357443457696
-15.345669,-10.0,0.357443457696
-20.8171295,-10.0,0.357443457696
0.1828703,0.1828703,0.357443457696
-16.2612971,-10.0,0.357443457696
-17.3043645,-10.0,0.357443457696
-1.5071617,-1.5071617,0.357443457696
-16.800181,-10.0,0.357443457696
-18.5698853,-10.0,0.357443457696
-16.3780724,-10.0,0.357443457696
0.1820958,0.1820958,0.357443457696
-18.124683,-10.0,0.357443457696
0.0786703,0.0786703,0.357443457696
-19.8098273,-10.0,0.357443457696
-0.2967822,-0.2967822,0.357443457696
-3.7559552,-3.7559552,0.357443457696
-19.0518703,-10.0,0.357443457696
-4.3716051,-4.3716051,0.357443457696
-18.6584089,-10.0,0.357443457696
-17.8685182,-10.0,0.357443457696
-15.4243393,-10.0,0.357443457696
-20.8957998,-10.0,0.357443457696
0.1042,0.1042,0.357443457696
-16.3399674,-10.0,0.357443457696
-17.3830348,-10.0,0.357443457696
-1.585832,-1.585832,0.357443457696
-16.8788513,-10.0,0.357443457696
-18.6485556,-10.0,0.357443457696
-16.4567427,-10.0,0.357443457696
0.1034255,0.1034255,0.357443457696
-18.2033533,-10.0,0.357443457696
-0.0786703,-0.0786703,0.357443457696
17.3893239,10.0,0.578946026178
-1.7579911,-1.7579911,0.578946026178
-1.5814798,-1.5814798,0.578946026178
16.4460705,10.0,0.578946026178
-0.6718833,-0.6718833,0.578946026178
1.0059597,1.0059597,0.578946026178
19.4185167,10.0,0.578946026178
0.4100863,0.4100863,0.578946026178
1.8507511,1.8507511,0.578946026178
18.4940264,10.0,0.578946026178
-1.5723203,-1.5723203,0.578946026178
19.3320125,10.0,0.578946026178
0.8519565,0.8519565,0.578946026178
-0.479515,-0.479515,0.578946026178
-0.3606254,-0.3606254,0.578946026178
0.437395,0.437395,0.578946026178
19.0147184,10.0,0.578946026178
17.6555245,10.0,0.578946026178
17.8555996,10.0,0.578946026178
-17.3893239,-10.0,0.578946026178
-19.147315,-10.0,0.578946026178
-18.9708037,-10.0,0.578946026178
-0.9432534,-0.9432534,0.578946026178
-18.0612072,-10.0,0.578946026178
-16.3833642,-10.0,0.578946026178
2.0291928,2.0291928,0.578946026178
-16.9792376,-10.0,0.578946026178
-15.5385728,-10.0,0.578946026178
1.1047025,1.1047025,0.578946026178
-18.9616442,-10.0,0.578946026178
1.9426886,1.9426886,0.578946026178
-16.5373674,-10.0,0.578946026178
-17.8688389,-10.0,0.578946026178
-17.7499493,-10.0,0.578946026178
-16.9519289,-10.0,0.578946026178
1.6253945,1.6253945,0.578946026178
0.2662006,0.2662006,0.578946026178
0.4662757,0.4662757,0.578946026178
1.7579911,1.7579911,0.578946026178
19.147315,10.0,0.578946026178
0.1765113,0.1765113,0.578946026178
18.2040616,10.0,0.578946026178
1.0861078,1.0861078,0.578946026178
2.7639508,2.7639508,0.578946026178
21.1765078,10.0,0.578946026178
2.1680774,2.1680774,0.578946026178
3.6087422,3.6087422,0.578946026178
20.2520175,10.0,0.578946026178
0.1856708,0.1856708,0.578946026178
21.0900036,10.0,0.578946026178
2.6099476,2.6099476,0.578946026178
1.2784761,1.2784761,0.578946026178
1.3973657,1.3973657,0.578946026178
2.1953861,2.1953861,0.578946026178
20.7727095,10.0,0.578946026178
19.4135156,10.0,0.578946026178
19.6135907,10.0,0.578946026178
1.5814798,1.5814798,0.578946026178
18.9708037,10.0,0.578946026178
-0.1765113,-0.1765113,0.578946026178
18.0275503,10.0,0.578946026178
0.9095965,0.9095965,0.578946026178
2.5874395,2.5874395,0.578946026178
20.9999965,10.0,0.578946026178
1.9915661,1.9915661,0.578946026178
3.4322309,3.4322309,0.578946026178
20.0755062,10.0,0.578946026178
0.0091595,0.0091595,0.578946026178
20.9134923,10.0,0.578946026178
2.4334363,2.4334363,0.578946026178
1.1019648,1.1019648,0.578946026178
1.2208544,1.2208544,0.578946026178
2.0188748,2.0188748,0.578946026178
20.5961982,10.0,0.578946026178
19.2370043,10.0,0.578946026178
19.4370794,10.0,0.578946026178
-16.4460705,-10.0,0.578946026178
0.9432534,0.9432534,0.578946026178
-18.2040616,-10.0,0.578946026178
-18.0275503,-10.0,0.578946026178
-17.1179538,-10.0,0.578946026178
-15.4401108,-10.0,0.578946026178
2.9724462,2.9724462,0.578946026178
-16.0359842,-10.0,0.578946026178
-14.5953194,-10.0,0.578946026178
2.0479559,2.0479559,0.578946026178
-18.0183908,-10.0,0.578946026178
2.885942,2.885942,0.578946026178
-15.594114,-10.0,0.578946026178
-16.9255855,-10.0,0.578946026178
-16.8066959,-10.0,0.578946026178
-16.0086755,-10.0,0.578946026178
2.5686479,2.5686479,0.578946026178
1.209454,1.209454,0.578946026178
1.4095291,1.4095291,0.578946026178
0.6718833,0.6718833,0.578946026178
18.0612072,10.0,0.578946026178
-1.0861078,-1.0861078,0.578946026178
-0.9095965,-0.9095965,0.578946026178
17.1179538,10.0,0.578946026178
1.677843,1.677843,0.578946026178
20.0904,10.0,0.578946026178
1.0819696,1.0819696,0.578946026178
2.5226344,2.5226344,0.578946026178
19.1659097,10.0,0.578946026178
-0.900437,-0.900437,0.578946026178
20.0038958,10.0,0.578946026178
1.5238398,1.5238398,0.578946026178
0.1923683,0.1923683,0.578946026178
0.3112579,0.3112579,0.578946026178
1.1092783,1.1092783,0.578946026178
19.6866017,10.0,0.578946026178
18.3274078,10.0,0.578946026178
18.5274829,10.0,0.578946026178
-1.0059597,-1.0059597,0.578946026178
16.3833642,10.0,0.578946026178
-2.7639508,-2.7639508,0.578946026178
-2.5874395,-2.5874395,0.578946026178
15.4401108,10.0,0.578946026178
-1.677843,-1.677843,0.578946026178
18.412557,10.0,0.578946026178
-0.5958734,-0.5958734,0.578946026178
0.8447914,0.8447914,0.578946026178
17.4880667,10.0,0.578946026178
-2.57828,-2.57828,0.578946026178
18.3260528,10.0,0.578946026178
-0.1540032,-0.1540032,0.578946026178
-1.4854747,-1.4854747,0.578946026178
-1.3665851,-1.3665851,0.578946026178
-0.5685647,-0.5685647,0.578946026178
18.0087587,10.0,0.578946026178
16.6495648,10.0,0.578946026178
16.8496399,10.0,0.578946026178
-19.4185167,-10.0,0.578946026178
-2.0291928,-2.0291928,0.578946026178
-21.1765078,-10.0,0.578946026178
-20.9999965,-10.0,0.578946026178
-2.9724462,-2.9724462,0.578946026178
-20.0904,-10.0,0.578946026178
-18.412557,-10.0,0.578946026178
-19.0084304,-10.0,0.578946026178
-17.5677656,-10.0,0.578946026178
-0.9244903,-0.9244903,0.578946026178
-20.990837,-10.0,0.578946026178
-0.0865042,-0.0865042,0.578946026178
-18.5665602,-10.0,0.578946026178
-19.8980317,-10.0,0.578946026178
-19.7791421,-10.0,0.578946026178
-18.9811217,-10.0,0.578946026178
-0.4037983,-0.4037983,0.578946026178
-1.7629922,-1.7629922,0.578946026178
-1.5629171,-1.5629171,0.578946026178
-0.4100863,-0.4100863,0.578946026178
16.9792376,10.0,0.578946026178
-2.1680774,-2.1680774,0.578946026178
-1.9915661,-1.9915661,0.578946026178
16.0359842,10.0,0.578946026178
-1.0819696,-1.0819696,0.578946026178
0.5958734,0.5958734,0.578946026178
19.0084304,10.0,0.578946026178
1.4406648,1.4406648,0.578946026178
18.0839401,10.0,0.578946026178
-1.9824066,-1.9824066,0.578946026178
18.9219262,10.0,0.578946026178
0.4418702,0.4418702,0.578946026178
-0.8896013,-0.8896013,0.578946026178
-0.7707117,-0.7707117,0.578946026178
0.0273087,0.0273087,0.578946026178
18.6046321,10.0,0.578946026178
17.2454382,10.0,0.578946026178
17.4455133,10.0,0.578946026178
-1.8507511,-1.8507511,0.578946026178
15.5385728,10.0,0.578946026178
-3.6087422,-3.6087422,0.578946026178
-3.4322309,-3.4322309,0.578946026178
14.5953194,10.0,0.578946026178
-2.5226344,-2.5226344,0.578946026178
-0.8447914,-0.8447914,0.578946026178
17.5677656,10.0,0.578946026178
-1.4406648,-1.4406648,0.578946026178
16.6432753,10.0,0.578946026178
-3.4230714,-3.4230714,0.578946026178
17.4812614,10.0,0.578946026178
-0.9987946,-0.9987946,0.578946026178
-2.3302661,-2.3302661,0.578946026178
-2.2113765,-2.2113765,0.578946026178
-1.4133561,-1.4133561,0.578946026178
17.1639673,10.0,0.578946026178
15.8047734,10.0,0.578946026178
16.0048485,10.0,0.578946026178
-18.4940264,-10.0,0.578946026178
-1.1047025,-1.1047025,0.578946026178
-20.2520175,-10.0,0.578946026178
-20.0755062,-10.0,0.578946026178
-2.0479559,-2.0479559,0.578946026178
-19.1659097,-10.0,0.578946026178
-17.4880667,-10.0,0.578946026178
0.9244903,0.9244903,0.578946026178
-18.0839401,-10.0,0.578946026178
-16.6432753,-10.0,0.578946026178
-20.0663467,-10.0,0.578946026178
0.8379861,0.8379861,0.578946026178
-17.6420699,-10.0,0.578946026178
-18.9735414,-10.0,0.578946026178
-18.8546518,-10.0,0.578946026178
-18.0566314,-10.0,0.578946026178
0.520692,0.520692,0.578946026178
-0.8385019,-0.8385019,0.578946026178
-0.6384268,-0.6384268,0.578946026178
1.5723203,1.5723203,0.578946026178
18.9616442,10.0,0.578946026178
-0.1856708,-0.1856708,0.578946026178
-0.0091595,-0.0091595,0.578946026178
18.0183908,10.0,0.578946026178
0.900437,0.900437,0.578946026178
2.57828,2.57828,0.578946026178
20.990837,10.0,0.578946026178
1.9824066,1.9824066,0.578946026178
3.4230714,3.4230714,0.578946026178
20.0663467,10.0,0.578946026178
20.9043328,10.0,0.578946026178
2.4242768,2.4242768,0.578946026178
1.0928053,1.0928053,0.578946026178
1.2116949,1.2116949,0.578946026178
2.0097153,2.0097153,0.578946026178
20.5870387,10.0,0.578946026178
19.2278448,10.0,0.578946026178
19.4279199,10.0,0.578946026178
-19.3320125,-10.0,0.578946026178
-1.9426886,-1.9426886,0.578946026178
-21.0900036,-10.0,0.578946026178
-20.9134923,-10.0,0.578946026178
-2.885942,-2.885942,0.578946026178
-20.0038958,-10.0,0.578946026178
-18.3260528,-10.0,0.578946026178
0.0865042,0.0865042,0.578946026178
-18.9219262,-10.0,0.578946026178
-17.4812614,-10.0,0.578946026178
-0.8379861,-0.8379861,0.578946026178
-20.9043328,-10.0,0.578946026178
-18.480056,-10.0,0.578946026178
-19.8115275,-10.0,0.578946026178
-19.6926379,-10.0,0.578946026178
-18.8946175,-10.0,0.578946026178
-0.3172941,-0.3172941,0.578946026178
-1.676488,-1.676488,0.578946026178
-1.4764129,-1.4764129,0.578946026178
-0.8519565,-0.8519565,0.578946026178
16.5373674,10.0,0.578946026178
-2.6099476,-2.6099476,0.578946026178
-2.4334363,-2.4334363,0.578946026178
15.594114,10.0,0.578946026178
-1.5238398,-1.5238398,0.578946026178
0.1540032,0.1540032,0.578946026178
18.5665602,10.0,0.578946026178
-0.4418702,-0.4418702,0.578946026178
0.9987946,0.9987946,0.578946026178
17.6420699,10.0,0.578946026178
-2.4242768,-2.4242768,0.578946026178
18.480056,10.0,0.578946026178
-1.3314715,-1.3314715,0.578946026178
-1.2125819,-1.2125819,0.578946026178
-0.4145615,-0.4145615,0.578946026178
18.1627619,10.0,0.578946026178
16.803568,10.0,0.578946026178
17.0036431,10.0,0.578946026178
0.479515,0.479515,0.578946026178
17.8688389,10.0,0.578946026178
-1.2784761,-1.2784761,0.578946026178
-1.1019648,-1.1019648,0.578946026178
16.9255855,10.0,0.578946026178
-0.1923683,-0.1923683,0.578946026178
1.4854747,1.4854747,0.578946026178
19.8980317,10.0,0.578946026178
0.8896013,0.8896013,0.578946026178
2.3302661,2.3302661,0.578946026178
18.9735414,10.0,0.578946026178
-1.0928053,-1.0928053,0.578946026178
19.8115275,10.0,0.578946026178
1.3314715,1.3314715,0.578946026178
0.1188896,0.1188896,0.578946026178
0.91691,0.91691,0.578946026178
19.4942334,10.0,0.578946026178
18.1350395,10.0,0.578946026178
18.3351146,10.0,0.578946026178
0.3606254,0.3606254,0.578946026178
17.7499493,10.0,0.578946026178
-1.3973657,-1.3973657,0.578946026178
-1.2208544,-1.2208544,0.578946026178
16.8066959,10.0,0.578946026178
-0.3112579,-0.3112579,0.578946026178
1.3665851,1.3665851,0.578946026178
19.7791421,10.0,0.578946026178
0.7707117,0.7707117,0.578946026178
2.2113765,2.2113765,0.578946026178
18.8546518,10.0,0.578946026178
-1.2116949,-1.2116949,0.578946026178
19.6926379,10.0,0.578946026178
1.2125819,1.2125819,0.578946026178
-0.1188896,-0.1188896,0.578946026178
0.7980204,0.7980204,0.578946026178
19.3753438,10.0,0.578946026178
18.0161499,10.0,0.578946026178
18.216225,10.0,0.578946026178
-0.437395,-0.437395,0.578946026178
16.9519289,10.0,0.578946026178
-2.1953861,-2.1953861,0.578946026178
-2.0188748,-2.0188748,0.578946026178
16.0086755,10.0,0.578946026178
-1.1092783,-1.1092783,0.578946026178
0.5685647,0.5685647,0.578946026178
18.9811217,10.0,0.578946026178
-0.0273087,-0.0273087,0.578946026178
1.4133561,1.4133561,0.578946026178
18.0566314,10.0,0.578946026178
-2.0097153,-2.0097153,0.578946026178
18.8946175,10.0,0.578946026178
0.4145615,0.4145615,0.578946026178
-0.91691,-0.91691,0.578946026178
-0.7980204,-0.7980204,0.578946026178
18.5773234,10.0,0.578946026178
17.2181295,10.0,0.578946026178
17.4182046,10.0,0.578946026178
-19.0147184,-10.0,0.578946026178
-1.6253945,-1.6253945,0.578946026178
-20.7727095,-10.0,0.578946026178
-20.5961982,-10.0,0.578946026178
-2.5686479,-2.5686479,0.578946026178
-19.6866017,-10.0,0.578946026178
-18.0087587,-10.0,0.578946026178
0.4037983,0.4037983,0.578946026178
-18.6046321,-10.0,0.578946026178
-17.1639673,-10.0,0.578946026178
-0.520692,-0.520692,0.578946026178
-20.5870387,-10.0,0.578946026178
0.3172941,0.3172941,0.578946026178
-18.1627619,-10.0,0.578946026178
-19.4942334,-10.0,0.578946026178
-19.3753438,-10.0,0.578946026178
-18.5773234,-10.0,0.578946026178
-1.3591939,-1.3591939,0.578946026178
-1.1591188,-1.1591188,0.578946026178
-17.6555245,-10.0,0.578946026178
-0.2662006,-0.2662006,0.578946026178
-19.4135156,-10.0,0.578946026178
-19.2370043,-10.0,0.578946026178
-1.209454,-1.209454,0.578946026178
-18.3274078,-10.0,0.578946026178
-16.6495648,-10.0,0.578946026178
1.7629922,1.7629922,0.578946026178
-17.2454382,-10.0,0.578946026178
-15.8047734,-10.0,0.578946026178
0.8385019,0.8385019,0.578946026178
-19.2278448,-10.0,0.578946026178
1.676488,1.676488,0.578946026178
-16.803568,-10.0,0.578946026178
-18.1350395,-10.0,0.578946026178
-18.0161499,-10.0,0.578946026178
-17.2181295,-10.0,0.578946026178
1.3591939,1.3591939,0.578946026178
0.2000751,0.2000751,0.578946026178
-17.8555996,-10.0,0.578946026178
-0.4662757,-0.4662757,0.578946026178
-19.6135907,-10.0,0.578946026178
-19.4370794,-10.0,0.578946026178
-1.4095291,-1.4095291,0.578946026178
-18.5274829,-10.0,0.578946026178
-16.8496399,-10.0,0.578946026178
1.5629171,1.5629171,0.578946026178
-17.4455133,-10.0,0.578946026178
-16.0048485,-10.0,0.578946026178
0.6384268,0.6384268,0.578946026178
-19.4279199,-10.0,0.578946026178
1.4764129,1.4764129,0.578946026178
-17.0036431,-10.0,0.578946026178
-18.3351146,-10.0,0.578946026178
-18.216225,-10.0,0.578946026178
-17.4182046,-10.0,0.578946026178
1.1591188,1.1591188,0.578946026178
-0.2000751,-0.2000751,0.578946026178
-0.4763205,-0.4763205,0.315874908806
14.7539608,10.0,0.315874908806
14.8419265,10.0,0.315874908806
4.2402075,4.2402075,0.315874908806
7.0631724,7.0631724,0.315874908806
17.8674696,10.0,0.315874908806
-3.1074569,-3.1074569,0.315874908806
15.5930578,10.0,0.315874908806
-1.3407969,-1.3407969,0.315874908806
0.3471631,0.3471631,0.315874908806
16.6343955,10.0,0.315874908806
14.9825793,10.0,0.315874908806
13.9644631,10.0,0.315874908806
-0.1829383,-0.1829383,0.315874908806
-0.9027171,-0.9027171,0.315874908806
-3.9353774,-3.9353774,0.315874908806
-1.3906664,-1.3906664,0.315874908806
17.8925427,10.0,0.315874908806
12.3070031,10.0,0.315874908806
0.4763205,0.4763205,0.315874908806
15.2302813,10.0,0.315874908806
15.318247,10.0,0.315874908806
4.716528,4.716528,0.315874908806
7.5394929,7.5394929,0.315874908806
18.3437901,10.0,0.315874908806
-2.6311364,-2.6311364,0.315874908806
16.0693783,10.0,0.315874908806
-0.8644764,-0.8644764,0.315874908806
0.8234836,0.8234836,0.315874908806
17.110716,10.0,0.315874908806
15.4588998,10.0,0.315874908806
14.4407836,10.0,0.315874908806
0.2933822,0.2933822,0.315874908806
-0.4263966,-0.4263966,0.315874908806
-3.4590569,-3.4590569,0.315874908806
-0.9143459,-0.9143459,0.315874908806
18.3688632,10.0,0.315874908806
12.7833236,10.0,0.315874908806
-14.7539608,-10.0,0.315874908806
-15.2302813,-10.0,0.315874908806
0.0879657,0.0879657,0.315874908806
-10.5137533,-10.0,0.315874908806
-7.6907884,-7.6907884,0.315874908806
3.1135088,3.1135088,0.315874908806
-17.8614177,-10.0,0.315874908806
0.839097,0.839097,0.315874908806
-16.0947577,-10.0,0.315874908806
-14.4067977,-10.0,0.315874908806
1.8804347,1.8804347,0.315874908806
0.2286185,0.2286185,0.315874908806
-0.7894977,-0.7894977,0.315874908806
-14.9368991,-10.0,0.315874908806
-15.6566779,-10.0,0.315874908806
-18.6893382,-10.0,0.315874908806
-16.1446272,-10.0,0.315874908806
3.1385819,3.1385819,0.315874908806
-2.4469577,-2.4469577,0.315874908806
-14.8419265,-10.0,0.315874908806
-15.318247,-10.0,0.315874908806
-0.0879657,-0.0879657,0.315874908806
-10.601719,-10.0,0.315874908806
-7.7787541,-7.7787541,0.315874908806
3.0255431,3.0255431,0.315874908806
-17.9493834,-10.0,0.315874908806
0.7511313,0.7511313,0.315874908806
-16.1827234,-10.0,0.315874908806
-14.4947634,-10.0,0.315874908806
1.792469,1.792469,0.315874908806
0.1406528,0.1406528,0.315874908806
-0.8774634,-0.8774634,0.315874908806
-15.0248648,-10.0,0.315874908806
-15.7446436,-10.0,0.315874908806
-18.7773039,-10.0,0.315874908806
-16.2325929,-10.0,0.315874908806
3.0506162,3.0506162,0.315874908806
-2.5349234,-2.5349234,0.315874908806
-4.2402075,-4.2402075,0.315874908806
-4.716528,-4.716528,0.315874908806
10.5137533,10.0,0.315874908806
10.601719,10.0,0.315874908806
2.8229649,2.8229649,0.315874908806
13.6272621,10.0,0.315874908806
-7.3476644,-7.3476644,0.315874908806
11.3528503,10.0,0.315874908806
-5.5810044,-5.5810044,0.315874908806
-3.8930444,-3.8930444,0.315874908806
12.394188,10.0,0.315874908806
10.7423718,10.0,0.315874908806
9.7242556,9.7242556,0.315874908806
-4.4231458,-4.4231458,0.315874908806
-5.1429246,-5.1429246,0.315874908806
-8.1755849,-8.1755849,0.315874908806
-5.6308739,-5.6308739,0.315874908806
13.6523352,10.0,0.315874908806
8.0667956,8.0667956,0.315874908806
-7.0631724,-7.0631724,0.315874908806
-7.5394929,-7.5394929,0.315874908806
7.6907884,7.6907884,0.315874908806
7.7787541,7.7787541,0.315874908806
-2.8229649,-2.8229649,0.315874908806
10.8042972,10.0,0.315874908806
-10.1706293,-10.0,0.315874908806
8.5298854,8.5298854,0.315874908806
-8.4039693,-8.4039693,0.315874908806
-6.7160093,-6.7160093,0.315874908806
9.5712231,9.5712231,0.315874908806
7.9194069,7.9194069,0.315874908806
6.9012907,6.9012907,0.315874908806
-7.2461107,-7.2461107,0.315874908806
-7.9658895,-7.9658895,0.315874908806
-10.9985498,-10.0,0.315874908806
-8.4538388,-8.4538388,0.315874908806
10.8293703,10.0,0.315874908806
5.2438307,5.2438307,0.315874908806
-17.8674696,-10.0,0.315874908806
-18.3437901,-10.0,0.315874908806
-3.1135088,-3.1135088,0.315874908806
-3.0255431,-3.0255431,0.315874908806
-13.6272621,-10.0,0.315874908806
-10.8042972,-10.0,0.315874908806
-20.9749265,-10.0,0.315874908806
-2.2744118,-2.2744118,0.315874908806
-19.2082665,-10.0,0.315874908806
-17.5203065,-10.0,0.315874908806
-1.2330741,-1.2330741,0.315874908806
-2.8848903,-2.8848903,0.315874908806
-3.9030065,-3.9030065,0.315874908806
-18.0504079,-10.0,0.315874908806
-18.7701867,-10.0,0.315874908806
-21.802847,-10.0,0.315874908806
-19.258136,-10.0,0.315874908806
0.0250731,0.0250731,0.315874908806
-5.5604665,-5.5604665,0.315874908806
3.1074569,3.1074569,0.315874908806
2.6311364,2.6311364,0.315874908806
17.8614177,10.0,0.315874908806
17.9493834,10.0,0.315874908806
7.3476644,7.3476644,0.315874908806
10.1706293,10.0,0.315874908806
20.9749265,10.0,0.315874908806
18.7005147,10.0,0.315874908806
1.76666,1.76666,0.315874908806
3.45462,3.45462,0.315874908806
19.7418524,10.0,0.315874908806
18.0900362,10.0,0.315874908806
17.07192,10.0,0.315874908806
2.9245186,2.9245186,0.315874908806
2.2047398,2.2047398,0.315874908806
-0.8279205,-0.8279205,0.315874908806
1.7167905,1.7167905,0.315874908806
20.9999996,10.0,0.315874908806
15.41446,10.0,0.315874908806
-15.5930578,-10.0,0.315874908806
-16.0693783,-10.0,0.315874908806
-0.839097,-0.839097,0.315874908806
-0.7511313,-0.7511313,0.315874908806
-11.3528503,-10.0,0.315874908806
-8.5298854,-8.5298854,0.315874908806
2.2744118,2.2744118,0.315874908806
-18.7005147,-10.0,0.315874908806
-16.9338547,-10.0,0.315874908806
-15.2458947,-10.0,0.315874908806
1.0413377,1.0413377,0.315874908806
-0.6104785,-0.6104785,0.315874908806
-1.6285947,-1.6285947,0.315874908806
-15.7759961,-10.0,0.315874908806
-16.4957749,-10.0,0.315874908806
-19.5284352,-10.0,0.315874908806
-16.9837242,-10.0,0.315874908806
2.2994849,2.2994849,0.315874908806
-3.2860547,-3.2860547,0.315874908806
1.3407969,1.3407969,0.315874908806
0.8644764,0.8644764,0.315874908806
16.0947577,10.0,0.315874908806
16.1827234,10.0,0.315874908806
5.5810044,5.5810044,0.315874908806
8.4039693,8.4039693,0.315874908806
19.2082665,10.0,0.315874908806
-1.76666,-1.76666,0.315874908806
16.9338547,10.0,0.315874908806
1.68796,1.68796,0.315874908806
17.9751924,10.0,0.315874908806
16.3233762,10.0,0.315874908806
15.30526,10.0,0.315874908806
1.1578586,1.1578586,0.315874908806
0.4380798,0.4380798,0.315874908806
-2.5945805,-2.5945805,0.315874908806
-0.0498695,-0.0498695,0.315874908806
19.2333396,10.0,0.315874908806
13.6478,10.0,0.315874908806
-0.3471631,-0.3471631,0.315874908806
-0.8234836,-0.8234836,0.315874908806
14.4067977,10.0,0.315874908806
14.4947634,10.0,0.315874908806
3.8930444,3.8930444,0.315874908806
6.7160093,6.7160093,0.315874908806
17.5203065,10.0,0.315874908806
-3.45462,-3.45462,0.315874908806
15.2458947,10.0,0.315874908806
-1.68796,-1.68796,0.315874908806
16.2872324,10.0,0.315874908806
14.6354162,10.0,0.315874908806
13.6173,10.0,0.315874908806
-0.5301014,-0.5301014,0.315874908806
-1.2498802,-1.2498802,0.315874908806
-4.2825405,-4.2825405,0.315874908806
-1.7378295,-1.7378295,0.315874908806
17.5453796,10.0,0.315874908806
11.95984,10.0,0.315874908806
-16.6343955,-10.0,0.315874908806
-17.110716,-10.0,0.315874908806
-1.8804347,-1.8804347,0.315874908806
-1.792469,-1.792469,0.315874908806
-12.394188,-10.0,0.315874908806
-9.5712231,-9.5712231,0.315874908806
1.2330741,1.2330741,0.315874908806
-19.7418524,-10.0,0.315874908806
-1.0413377,-1.0413377,0.315874908806
-17.9751924,-10.0,0.315874908806
-16.2872324,-10.0,0.315874908806
-1.6518162,-1.6518162,0.315874908806
-2.6699324,-2.6699324,0.315874908806
-16.8173338,-10.0,0.315874908806
-17.5371126,-10.0,0.315874908806
-20.5697729,-10.0,0.315874908806
-18.0250619,-10.0,0.315874908806
1.2581472,1.2581472,0.315874908806
-4.3273924,-4.3273924,0.315874908806
-14.9825793,-10.0,0.315874908806
-15.4588998,-10.0,0.315874908806
-0.2286185,-0.2286185,0.315874908806
-0.1406528,-0.1406528,0.315874908806
-10.7423718,-10.0,0.315874908806
-7.9194069,-7.9194069,0.315874908806
2.8848903,2.8848903,0.315874908806
-18.0900362,-10.0,0.315874908806
0.6104785,0.6104785,0.315874908806
-16.3233762,-10.0,0.315874908806
-14.6354162,-10.0,0.315874908806
1.6518162,1.6518162,0.315874908806
-1.0181162,-1.0181162,0.315874908806
-15.1655176,-10.0,0.315874908806
-15.8852964,-10.0,0.315874908806
-18.9179567,-10.0,0.315874908806
-16.3732457,-10.0,0.315874908806
2.9099634,2.9099634,0.315874908806
-2.6755762,-2.6755762,0.315874908806
-13.9644631,-10.0,0.315874908806
-14.4407836,-10.0,0.315874908806
0.7894977,0.7894977,0.315874908806
0.8774634,0.8774634,0.315874908806
-9.7242556,-9.7242556,0.315874908806
-6.9012907,-6.9012907,0.315874908806
3.9030065,3.9030065,0.315874908806
-17.07192,-10.0,0.315874908806
1.6285947,1.6285947,0.315874908806
-15.30526,-10.0,0.315874908806
-13.6173,-10.0,0.315874908806
2.6699324,2.6699324,0.315874908806
1.0181162,1.0181162,0.315874908806
-14.1474014,-10.0,0.315874908806
-14.8671802,-10.0,0.315874908806
-17.8998405,-10.0,0.315874908806
-15.3551295,-10.0,0.315874908806
3.9280796,3.9280796,0.315874908806
-1.65746,-1.65746,0.315874908806
0.1829383,0.1829383,0.315874908806
-0.2933822,-0.2933822,0.315874908806
14.9368991,10.0,0.315874908806
15.0248648,10.0,0.315874908806
4.4231458,4.4231458,0.315874908806
7.2461107,7.2461107,0.315874908806
18.0504079,10.0,0.315874908806
-2.9245186,-2.9245186,0.315874908806
15.7759961,10.0,0.315874908806
-1.1578586,-1.1578586,0.315874908806
0.5301014,0.5301014,0.315874908806
16.8173338,10.0,0.315874908806
15.1655176,10.0,0.315874908806
14.1474014,10.0,0.315874908806
-0.7197788,-0.7197788,0.315874908806
-3.7524391,-3.7524391,0.315874908806
-1.2077281,-1.2077281,0.315874908806
18.075481,10.0,0.315874908806
12.4899414,10.0,0.315874908806
0.9027171,0.9027171,0.315874908806
0.4263966,0.4263966,0.315874908806
15.6566779,10.0,0.315874908806
15.7446436,10.0,0.315874908806
5.1429246,5.1429246,0.315874908806
7.9658895,7.9658895,0.315874908806
18.7701867,10.0,0.315874908806
-2.2047398,-2.2047398,0.315874908806
16.4957749,10.0,0.315874908806
-0.4380798,-0.4380798,0.315874908806
1.2498802,1.2498802,0.315874908806
17.5371126,10.0,0.315874908806
15.8852964,10.0,0.315874908806
14.8671802,10.0,0.315874908806
0.7197788,0.7197788,0.315874908806
-3.0326603,-3.0326603,0.315874908806
-0.4879493,-0.4879493,0.315874908806
18.7952598,10.0,0.315874908806
13.2097202,10.0,0.315874908806
3.9353774,3.9353774,0.315874908806
3.4590569,3.4590569,0.315874908806
18.6893382,10.0,0.315874908806
18.7773039,10.0,0.315874908806
8.1755849,8.1755849,0.315874908806
10.9985498,10.0,0.315874908806
21.802847,10.0,0.315874908806
0.8279205,0.8279205,0.315874908806
19.5284352,10.0,0.315874908806
2.5945805,2.5945805,0.315874908806
4.2825405,4.2825405,0.315874908806
20.5697729,10.0,0.315874908806
18.9179567,10.0,0.315874908806
17.8998405,10.0,0.315874908806
3.7524391,3.7524391,0.315874908806
3.0326603,3.0326603,0.315874908806
2.544711,2.544711,0.315874908806
21.8279201,10.0,0.315874908806
16.2423805,10.0,0.315874908806
1.3906664,1.3906664,0.315874908806
0.9143459,0.9143459,0.315874908806
16.1446272,10.0,0.315874908806
16.2325929,10.0,0.315874908806
5.6308739,5.6308739,0.315874908806
8.4538388,8.4538388,0.315874908806
19.258136,10.0,0.315874908806
-1.7167905,-1.7167905,0.315874908806
16.9837242,10.0,0.315874908806
0.0498695,0.0498695,0.315874908806
1.7378295,1.7378295,0.315874908806
18.0250619,10.0,0.315874908806
16.3732457,10.0,0.315874908806
15.3551295,10.0,0.315874908806
1.2077281,1.2077281,0.315874908806
0.4879493,0.4879493,0.315874908806
-2.544711,-2.544711,0.315874908806
19.2832091,10.0,0.315874908806
13.6976695,10.0,0.315874908806
-17.8925427,-10.0,0.315874908806
-18.3688632,-10.0,0.315874908806
-3.1385819,-3.1385819,0.315874908806
-3.0506162,-3.0506162,0.315874908806
-13.6523352,-10.0,0.315874908806
-10.8293703,-10.0,0.315874908806
-0.0250731,-0.0250731,0.315874908806
-20.9999996,-10.0,0.315874908806
-2.2994849,-2.2994849,0.315874908806
-19.2333396,-10.0,0.315874908806
-17.5453796,-10.0,0.315874908806
-1.2581472,-1.2581472,0.315874908806
-2.9099634,-2.9099634,0.315874908806
-3.9280796,-3.9280796,0.315874908806
-18.075481,-10.0,0.315874908806
-18.7952598,-10.0,0.315874908806
-21.8279201,-10.0,0.315874908806
-19.2832091,-10.0,0.315874908806
-5.5855396,-5.5855396,0.315874908806
-12.3070031,-10.0,0.315874908806
-12.7833236,-10.0,0.315874908806
2.4469577,2.4469577,0.315874908806
2.5349234,2.5349234,0.315874908806
-8.0667956,-8.0667956,0.315874908806
-5.2438307,-5.2438307,0.315874908806
5.5604665,5.5604665,0.315874908806
-15.41446,-10.0,0.315874908806
3.2860547,3.2860547,0.315874908806
-13.6478,-10.0,0.315874908806
-11.95984,-10.0,0.315874908806
4.3273924,4.3273924,0.315874908806
2.6755762,2.6755762,0.315874908806
1.65746,1.65746,0.315874908806
-12.4899414,-10.0,0.315874908806
-13.2097202,-10.0,0.315874908806
-16.2423805,-10.0,0.315874908806
-13.6976695,-10.0,0.315874908806
5.5855396,5.5855396,0.315874908806
5.5441972,5.5441972,0.24319318706
-2.1443148,-2.1443148,0.24319318706
-1.0783635,-1.0783635,0.24319318706
12.9569848,10.0,0.24319318706
-4.6294021,-4.6294021,0.24319318706
17.3422395,10.0,0.24319318706
16.0131605,10.0,0.24319318706
-0.569665,-0.569665,0.24319318706
16.8887614,10.0,0.24319318706
17.3306906,10.0,0.24319318706
-2.3530279,-2.3530279,0.24319318706
-1.0973071,-1.0973071,0.24319318706
9.1515825,9.1515825,0.24319318706
13.6888202,10.0,0.24319318706
-3.6577597,-3.6577597,0.24319318706
-1.5956599,-1.5956599,0.24319318706
-1.0997253,-1.0997253,0.24319318706
11.5023831,10.0,0.24319318706
6.7567358,6.7567358,0.24319318706
-5.5441972,-5.5441972,0.24319318706
-7.688512,-7.688512,0.24319318706
-6.6225607,-6.6225607,0.24319318706
7.4127876,7.4127876,0.24319318706
-10.1735993,-10.0,0.24319318706
11.7980423,10.0,0.24319318706
10.4689633,10.0,0.24319318706
-6.1138622,-6.1138622,0.24319318706
11.3445642,10.0,0.24319318706
11.7864934,10.0,0.24319318706
-7.8972251,-7.8972251,0.24319318706
-6.6415043,-6.6415043,0.24319318706
3.6073853,3.6073853,0.24319318706
8.144623,8.144623,0.24319318706
-9.2019569,-9.2019569,0.24319318706
-7.1398571,-7.1398571,0.24319318706
-6.6439225,-6.6439225,0.24319318706
5.9581859,5.9581859,0.24319318706
1.2125386,1.2125386,0.24319318706
2.1443148,2.1443148,0.24319318706
7.688512,7.688512,0.24319318706
1.0659513,1.0659513,0.24319318706
15.1012996,10.0,0.24319318706
-2.4850873,-2.4850873,0.24319318706
19.4865543,10.0,0.24319318706
18.1574753,10.0,0.24319318706
1.5746498,1.5746498,0.24319318706
19.0330762,10.0,0.24319318706
19.4750054,10.0,0.24319318706
-0.2087131,-0.2087131,0.24319318706
1.0470077,1.0470077,0.24319318706
11.2958973,10.0,0.24319318706
15.833135,10.0,0.24319318706
-1.5134449,-1.5134449,0.24319318706
0.5486549,0.5486549,0.24319318706
1.0445895,1.0445895,0.24319318706
13.6466979,10.0,0.24319318706
8.9010506,8.9010506,0.24319318706
1.0783635,1.0783635,0.24319318706
6.6225607,6.6225607,0.24319318706
-1.0659513,-1.0659513,0.24319318706
14.0353483,10.0,0.24319318706
-3.5510386,-3.5510386,0.24319318706
18.420603,10.0,0.24319318706
17.091524,10.0,0.24319318706
0.5086985,0.5086985,0.24319318706
17.9671249,10.0,0.24319318706
18.4090541,10.0,0.24319318706
-1.2746644,-1.2746644,0.24319318706
-0.0189436,-0.0189436,0.24319318706
10.229946,10.0,0.24319318706
14.7671837,10.0,0.24319318706
-2.5793962,-2.5793962,0.24319318706
-0.5172964,-0.5172964,0.24319318706
-0.0213618,-0.0213618,0.24319318706
12.5807466,10.0,0.24319318706
7.8350993,7.8350993,0.24319318706
-12.9569848,-10.0,0.24319318706
-7.4127876,-7.4127876,0.24319318706
-15.1012996,-10.0,0.24319318706
-14.0353483,-10.0,0.24319318706
-17.5863869,-10.0,0.24319318706
4.3852547,4.3852547,0.24319318706
3.0561757,3.0561757,0.24319318706
-13.5266498,-10.0,0.24319318706
3.9317766,3.9317766,0.24319318706
4.3737058,4.3737058,0.24319318706
-15.3100127,-10.0,0.24319318706
-14.0542919,-10.0,0.24319318706
-3.8054023,-3.8054023,0.24319318706
0.7318354,0.7318354,0.24319318706
-16.6147445,-10.0,0.24319318706
-14.5526447,-10.0,0.24319318706
-14.0567101,-10.0,0.24319318706
-1.4546017,-1.4546017,0.24319318706
-6.200249,-6.200249,0.24319318706
4.6294021,4.6294021,0.24319318706
10.1735993,10.0,0.24319318706
2.4850873,2.4850873,0.24319318706
3.5510386,3.5510386,0.24319318706
17.5863869,10.0,0.24319318706
21.9716416,10.0,0.24319318706
20.6425626,10.0,0.24319318706
4.0597371,4.0597371,0.24319318706
21.5181635,10.0,0.24319318706
21.9600927,10.0,0.24319318706
2.2763742,2.2763742,0.24319318706
3.532095,3.532095,0.24319318706
13.7809846,10.0,0.24319318706
18.3182223,10.0,0.24319318706
0.9716424,0.9716424,0.24319318706
3.0337422,3.0337422,0.24319318706
3.5296768,3.5296768,0.24319318706
16.1317852,10.0,0.24319318706
11.3861379,10.0,0.24319318706
-17.3422395,-10.0,0.24319318706
-11.7980423,-10.0,0.24319318706
-19.4865543,-10.0,0.24319318706
-18.420603,-10.0,0.24319318706
-4.3852547,-4.3852547,0.24319318706
-21.9716416,-10.0,0.24319318706
-1.329079,-1.329079,0.24319318706
-17.9119045,-10.0,0.24319318706
-0.4534781,-0.4534781,0.24319318706
-0.0115489,-0.0115489,0.24319318706
-19.6952674,-10.0,0.24319318706
-18.4395466,-10.0,0.24319318706
-8.190657,-8.190657,0.24319318706
-3.6534193,-3.6534193,0.24319318706
-20.9999992,-10.0,0.24319318706
-18.9378994,-10.0,0.24319318706
-18.4419648,-10.0,0.24319318706
-5.8398564,-5.8398564,0.24319318706
-10.5855037,-10.0,0.24319318706
-16.0131605,-10.0,0.24319318706
-10.4689633,-10.0,0.24319318706
-18.1574753,-10.0,0.24319318706
-17.091524,-10.0,0.24319318706
-3.0561757,-3.0561757,0.24319318706
-20.6425626,-10.0,0.24319318706
1.329079,1.329079,0.24319318706
-16.5828255,-10.0,0.24319318706
0.8756009,0.8756009,0.24319318706
1.3175301,1.3175301,0.24319318706
-18.3661884,-10.0,0.24319318706
-17.1104676,-10.0,0.24319318706
-6.861578,-6.861578,0.24319318706
-2.3243403,-2.3243403,0.24319318706
-19.6709202,-10.0,0.24319318706
-17.6088204,-10.0,0.24319318706
-17.1128858,-10.0,0.24319318706
-4.5107774,-4.5107774,0.24319318706
-9.2564247,-9.2564247,0.24319318706
0.569665,0.569665,0.24319318706
6.1138622,6.1138622,0.24319318706
-1.5746498,-1.5746498,0.24319318706
-0.5086985,-0.5086985,0.24319318706
13.5266498,10.0,0.24319318706
-4.0597371,-4.0597371,0.24319318706
17.9119045,10.0,0.24319318706
16.5828255,10.0,0.24319318706
17.4584264,10.0,0.24319318706
17.9003556,10.0,0.24319318706
-1.7833629,-1.7833629,0.24319318706
-0.5276421,-0.5276421,0.24319318706
9.7212475,9.7212475,0.24319318706
14.2584852,10.0,0.24319318706
-3.0880947,-3.0880947,0.24319318706
-1.0259949,-1.0259949,0.24319318706
-0.5300603,-0.5300603,0.24319318706
12.0720481,10.0,0.24319318706
7.3264008,7.3264008,0.24319318706
-16.8887614,-10.0,0.24319318706
-11.3445642,-10.0,0.24319318706
-19.0330762,-10.0,0.24319318706
-17.9671249,-10.0,0.24319318706
-3.9317766,-3.9317766,0.24319318706
-21.5181635,-10.0,0.24319318706
0.4534781,0.4534781,0.24319318706
-0.8756009,-0.8756009,0.24319318706
-17.4584264,-10.0,0.24319318706
0.4419292,0.4419292,0.24319318706
-19.2417893,-10.0,0.24319318706
-17.9860685,-10.0,0.24319318706
-7.7371789,-7.7371789,0.24319318706
-3.1999412,-3.1999412,0.24319318706
-20.5465211,-10.0,0.24319318706
-18.4844213,-10.0,0.24319318706
-17.9884867,-10.0,0.24319318706
-5.3863783,-5.3863783,0.24319318706
-10.1320256,-10.0,0.24319318706
-17.3306906,-10.0,0.24319318706
-11.7864934,-10.0,0.24319318706
-19.4750054,-10.0,0.24319318706
-18.4090541,-10.0,0.24319318706
-4.3737058,-4.3737058,0.24319318706
-21.9600927,-10.0,0.24319318706
0.0115489,0.0115489,0.24319318706
-1.3175301,-1.3175301,0.24319318706
-17.9003556,-10.0,0.24319318706
-0.4419292,-0.4419292,0.24319318706
-19.6837185,-10.0,0.24319318706
-18.4279977,-10.0,0.24319318706
-8.1791081,-8.1791081,0.24319318706
-3.6418704,-3.6418704,0.24319318706
-20.9884503,-10.0,0.24319318706
-18.9263505,-10.0,0.24319318706
-18.4304159,-10.0,0.24319318706
-5.8283075,-5.8283075,0.24319318706
-10.5739548,-10.0,0.24319318706
2.3530279,2.3530279,0.24319318706
7.8972251,7.8972251,0.24319318706
0.2087131,0.2087131,0.24319318706
1.2746644,1.2746644,0.24319318706
15.3100127,10.0,0.24319318706
-2.2763742,-2.2763742,0.24319318706
19.6952674,10.0,0.24319318706
18.3661884,10.0,0.24319318706
1.7833629,1.7833629,0.24319318706
19.2417893,10.0,0.24319318706
19.6837185,10.0,0.24319318706
1.2557208,1.2557208,0.24319318706
11.5046104,10.0,0.24319318706
16.0418481,10.0,0.24319318706
-1.3047318,-1.3047318,0.24319318706
0.757368,0.757368,0.24319318706
1.2533026,1.2533026,0.24319318706
13.855411,10.0,0.24319318706
9.1097637,9.1097637,0.24319318706
1.0973071,1.0973071,0.24319318706
6.6415043,6.6415043,0.24319318706
-1.0470077,-1.0470077,0.24319318706
0.0189436,0.0189436,0.24319318706
14.0542919,10.0,0.24319318706
-3.532095,-3.532095,0.24319318706
18.4395466,10.0,0.24319318706
17.1104676,10.0,0.24319318706
0.5276421,0.5276421,0.24319318706
17.9860685,10.0,0.24319318706
18.4279977,10.0,0.24319318706
-1.2557208,-1.2557208,0.24319318706
10.2488896,10.0,0.24319318706
14.7861273,10.0,0.24319318706
-2.5604526,-2.5604526,0.24319318706
-0.4983528,-0.4983528,0.24319318706
-0.0024182,-0.0024182,0.24319318706
12.5996902,10.0,0.24319318706
7.8540429,7.8540429,0.24319318706
-9.1515825,-9.1515825,0.24319318706
-3.6073853,-3.6073853,0.24319318706
-11.2958973,-10.0,0.24319318706
-10.229946,-10.0,0.24319318706
3.8054023,3.8054023,0.24319318706
-13.7809846,-10.0,0.24319318706
8.190657,8.190657,0.24319318706
6.861578,6.861578,0.24319318706
-9.7212475,-9.7212475,0.24319318706
7.7371789,7.7371789,0.24319318706
8.1791081,8.1791081,0.24319318706
-11.5046104,-10.0,0.24319318706
-10.2488896,-10.0,0.24319318706
4.5372377,4.5372377,0.24319318706
-12.8093422,-10.0,0.24319318706
-10.7472424,-10.0,0.24319318706
-10.2513078,-10.0,0.24319318706
2.3508006,2.3508006,0.24319318706
-2.3948467,-2.3948467,0.24319318706
-13.6888202,-10.0,0.24319318706
-8.144623,-8.144623,0.24319318706
-15.833135,-10.0,0.24319318706
-14.7671837,-10.0,0.24319318706
-0.7318354,-0.7318354,0.24319318706
-18.3182223,-10.0,0.24319318706
3.6534193,3.6534193,0.24319318706
2.3243403,2.3243403,0.24319318706
-14.2584852,-10.0,0.24319318706
3.1999412,3.1999412,0.24319318706
3.6418704,3.6418704,0.24319318706
-16.0418481,-10.0,0.24319318706
-14.7861273,-10.0,0.24319318706
-4.5372377,-4.5372377,0.24319318706
-17.3465799,-10.0,0.24319318706
-15.2844801,-10.0,0.24319318706
-14.7885455,-10.0,0.24319318706
-2.1864371,-2.1864371,0.24319318706
-6.9320844,-6.9320844,0.24319318706
3.6577597,3.6577597,0.24319318706
9.2019569,9.2019569,0.24319318706
1.5134449,1.5134449,0.24319318706
2.5793962,2.5793962,0.24319318706
16.6147445,10.0,0.24319318706
-0.9716424,-0.9716424,0.24319318706
20.9999992,10.0,0.24319318706
19.6709202,10.0,0.24319318706
3.0880947,3.0880947,0.24319318706
20.5465211,10.0,0.24319318706
20.9884503,10.0,0.24319318706
1.3047318,1.3047318,0.24319318706
2.5604526,2.5604526,0.24319318706
12.8093422,10.0,0.24319318706
17.3465799,10.0,0.24319318706
2.0620998,2.0620998,0.24319318706
2.5580344,2.5580344,0.24319318706
15.1601428,10.0,0.24319318706
10.4144955,10.0,0.24319318706
1.5956599,1.5956599,0.24319318706
7.1398571,7.1398571,0.24319318706
-0.5486549,-0.5486549,0.24319318706
0.5172964,0.5172964,0.24319318706
14.5526447,10.0,0.24319318706
-3.0337422,-3.0337422,0.24319318706
18.9378994,10.0,0.24319318706
17.6088204,10.0,0.24319318706
1.0259949,1.0259949,0.24319318706
18.4844213,10.0,0.24319318706
18.9263505,10.0,0.24319318706
-0.757368,-0.757368,0.24319318706
0.4983528,0.4983528,0.24319318706
10.7472424,10.0,0.24319318706
15.2844801,10.0,0.24319318706
-2.0620998,-2.0620998,0.24319318706
0.4959346,0.4959346,0.24319318706
13.098043,10.0,0.24319318706
8.3523957,8.3523957,0.24319318706
1.0997253,1.0997253,0.24319318706
6.6439225,6.6439225,0.24319318706
-1.0445895,-1.0445895,0.24319318706
0.0213618,0.0213618,0.24319318706
14.0567101,10.0,0.24319318706
-3.5296768,-3.5296768,0.24319318706
18.4419648,10.0,0.24319318706
17.1128858,10.0,0.24319318706
0.5300603,0.5300603,0.24319318706
17.9884867,10.0,0.24319318706
18.4304159,10.0,0.24319318706
-1.2533026,-1.2533026,0.24319318706
0.0024182,0.0024182,0.24319318706
10.2513078,10.0,0.24319318706
14.7885455,10.0,0.24319318706
-2.5580344,-2.5580344,0.24319318706
-0.4959346,-0.4959346,0.24319318706
12.6021084,10.0,0.24319318706
7.8564611,7.8564611,0.24319318706
-11.5023831,-10.0,0.24319318706
-5.9581859,-5.9581859,0.24319318706
-13.6466979,-10.0,0.24319318706
-12.5807466,-10.0,0.24319318706
1.4546017,1.4546017,0.24319318706
-16.1317852,-10.0,0.24319318706
5.8398564,5.8398564,0.24319318706
4.5107774,4.5107774,0.24319318706
-12.0720481,-10.0,0.24319318706
5.3863783,5.3863783,0.24319318706
5.8283075,5.8283075,0.24319318706
-13.855411,-10.0,0.24319318706
-12.5996902,-10.0,0.24319318706
-2.3508006,-2.3508006,0.24319318706
2.1864371,2.1864371,0.24319318706
-15.1601428,-10.0,0.24319318706
-13.098043,-10.0,0.24319318706
-12.6021084,-10.0,0.24319318706
-4.7456473,-4.7456473,0.24319318706
-6.7567358,-6.7567358,0.24319318706
-1.2125386,-1.2125386,0.24319318706
-8.9010506,-8.9010506,0.24319318706
-7.8350993,-7.8350993,0.24319318706
6.200249,6.200249,0.24319318706
-11.3861379,-10.0,0.24319318706
10.5855037,10.0,0.24319318706
9.2564247,9.2564247,0.24319318706
-7.3264008,-7.3264008,0.24319318706
10.1320256,10.0,0.24319318706
10.5739548,10.0,0.24319318706
-9.1097637,-9.1097637,0.24319318706
-7.8540429,-7.8540429,0.24319318706
2.3948467,2.3948467,0.24319318706
6.9320844,6.9320844,0.24319318706
-10.4144955,-10.0,0.24319318706
-8.3523957,-8.3523957,0.24319318706
-7.8564611,-7.8564611,0.24319318706
4.7456473,4.7456473,0.24319318706
16.0733322,10.0,0.302546531076
6.0971526,6.0971526,0.302546531076
10.6316595,10.0,0.302546531076
16.0133158,10.0,0.302546531076
-0.8983242,-0.8983242,0.302546531076
15.3429407,10.0,0.302546531076
14.975249,10.0,0.302546531076
15.8045929,10.0,0.302546531076
15.876907,10.0,0.302546531076
15.994973,10.0,0.302546531076
-1.5524596,-1.5524596,0.302546531076
-2.8340054,-2.8340054,0.302546531076
12.7992849,10.0,0.302546531076
14.5865462,10.0,0.302546531076
-3.6917685,-3.6917685,0.302546531076
-4.9266673,-4.9266673,0.302546531076
-1.8576572,-1.8576572,0.302546531076
14.1254854,10.0,0.302546531076
15.4428424,10.0,0.302546531076
-16.0733322,-10.0,0.302546531076
-9.9761796,-9.9761796,0.302546531076
-5.4416727,-5.4416727,0.302546531076
-0.0600164,-0.0600164,0.302546531076
-16.9716564,-10.0,0.302546531076
-0.7303915,-0.7303915,0.302546531076
-1.0980832,-1.0980832,0.302546531076
-0.2687393,-0.2687393,0.302546531076
-0.1964252,-0.1964252,0.302546531076
-0.0783592,-0.0783592,0.302546531076
-17.6257918,-10.0,0.302546531076
-18.9073376,-10.0,0.302546531076
-3.2740473,-3.2740473,0.302546531076
-1.486786,-1.486786,0.302546531076
-19.7651007,-10.0,0.302546531076
-20.9999995,-10.0,0.302546531076
-17.9309894,-10.0,0.302546531076
-1.9478468,-1.9478468,0.302546531076
-0.6304898,-0.6304898,0.302546531076
-6.0971526,-6.0971526,0.302546531076
9.9761796,9.9761796,0.302546531076
4.5345069,4.5345069,0.302546531076
9.9161632,9.9161632,0.302546531076
-6.9954768,-6.9954768,0.302546531076
9.2457881,9.2457881,0.302546531076
8.8780964,8.8780964,0.302546531076
9.7074403,9.7074403,0.302546531076
9.7797544,9.7797544,0.302546531076
9.8978204,9.8978204,0.302546531076
-7.6496122,-7.6496122,0.302546531076
-8.931158,-8.931158,0.302546531076
6.7021323,6.7021323,0.302546531076
8.4893936,8.4893936,0.302546531076
-9.7889211,-9.7889211,0.302546531076
-11.0238199,-10.0,0.302546531076
-7.9548098,-7.9548098,0.302546531076
8.0283328,8.0283328,0.302546531076
9.3456898,9.3456898,0.302546531076
-10.6316595,-10.0,0.302546531076
5.4416727,5.4416727,0.302546531076
-4.5345069,-4.5345069,0.302546531076
5.3816563,5.3816563,0.302546531076
-11.5299837,-10.0,0.302546531076
4.7112812,4.7112812,0.302546531076
4.3435895,4.3435895,0.302546531076
5.1729334,5.1729334,0.302546531076
5.2452475,5.2452475,0.302546531076
5.3633135,5.3633135,0.302546531076
-12.1841191,-10.0,0.302546531076
-13.4656649,-10.0,0.302546531076
2.1676254,2.1676254,0.302546531076
3.9548867,3.9548867,0.302546531076
-14.323428,-10.0,0.302546531076
-15.5583268,-10.0,0.302546531076
-12.4893167,-10.0,0.302546531076
3.4938259,3.4938259,0.302546531076
4.8111829,4.8111829,0.302546531076
-16.0133158,-10.0,0.302546531076
0.0600164,0.0600164,0.302546531076
-9.9161632,-9.9161632,0.302546531076
-5.3816563,-5.3816563,0.302546531076
-16.91164,-10.0,0.302546531076
-0.6703751,-0.6703751,0.302546531076
-1.0380668,-1.0380668,0.302546531076
-0.2087229,-0.2087229,0.302546531076
-0.1364088,-0.1364088,0.302546531076
-0.0183428,-0.0183428,0.302546531076
-17.5657754,-10.0,0.302546531076
-18.8473212,-10.0,0.302546531076
-3.2140309,-3.2140309,0.302546531076
-1.4267696,-1.4267696,0.302546531076
-19.7050843,-10.0,0.302546531076
-20.9399831,-10.0,0.302546531076
-17.870973,-10.0,0.302546531076
-1.8878304,-1.8878304,0.302546531076
-0.5704734,-0.5704734,0.302546531076
0.8983242,0.8983242,0.302546531076
16.9716564,10.0,0.302546531076
6.9954768,6.9954768,0.302546531076
11.5299837,10.0,0.302546531076
16.91164,10.0,0.302546531076
16.2412649,10.0,0.302546531076
15.8735732,10.0,0.302546531076
16.7029171,10.0,0.302546531076
16.7752312,10.0,0.302546531076
16.8932972,10.0,0.302546531076
-0.6541354,-0.6541354,0.302546531076
-1.9356812,-1.9356812,0.302546531076
13.6976091,10.0,0.302546531076
15.4848704,10.0,0.302546531076
-2.7934443,-2.7934443,0.302546531076
-4.0283431,-4.0283431,0.302546531076
-0.959333,-0.959333,0.302546531076
15.0238096,10.0,0.302546531076
16.3411666,10.0,0.302546531076
-15.3429407,-10.0,0.302546531076
0.7303915,0.7303915,0.302546531076
-9.2457881,-9.2457881,0.302546531076
-4.7112812,-4.7112812,0.302546531076
0.6703751,0.6703751,0.302546531076
-16.2412649,-10.0,0.302546531076
-0.3676917,-0.3676917,0.302546531076
0.4616522,0.4616522,0.302546531076
0.5339663,0.5339663,0.302546531076
0.6520323,0.6520323,0.302546531076
-16.8954003,-10.0,0.302546531076
-18.1769461,-10.0,0.302546531076
-2.5436558,-2.5436558,0.302546531076
-0.7563945,-0.7563945,0.302546531076
-19.0347092,-10.0,0.302546531076
-20.269608,-10.0,0.302546531076
-17.2005979,-10.0,0.302546531076
-1.2174553,-1.2174553,0.302546531076
0.0999017,0.0999017,0.302546531076
-14.975249,-10.0,0.302546531076
1.0980832,1.0980832,0.302546531076
-8.8780964,-8.8780964,0.302546531076
-4.3435895,-4.3435895,0.302546531076
1.0380668,1.0380668,0.302546531076
-15.8735732,-10.0,0.302546531076
0.3676917,0.3676917,0.302546531076
0.8293439,0.8293439,0.302546531076
0.901658,0.901658,0.302546531076
1.019724,1.019724,0.302546531076
-16.5277086,-10.0,0.302546531076
-17.8092544,-10.0,0.302546531076
-2.1759641,-2.1759641,0.302546531076
-0.3887028,-0.3887028,0.302546531076
-18.6670175,-10.0,0.302546531076
-19.9019163,-10.0,0.302546531076
-16.8329062,-10.0,0.302546531076
-0.8497636,-0.8497636,0.302546531076
0.4675934,0.4675934,0.302546531076
-15.8045929,-10.0,0.302546531076
0.2687393,0.2687393,0.302546531076
-9.7074403,-9.7074403,0.302546531076
-5.1729334,-5.1729334,0.302546531076
0.2087229,0.2087229,0.302546531076
-16.7029171,-10.0,0.302546531076
-0.4616522,-0.4616522,0.302546531076
-0.8293439,-0.8293439,0.302546531076
0.0723141,0.0723141,0.302546531076
0.1903801,0.1903801,0.302546531076
-17.3570525,-10.0,0.302546531076
-18.6385983,-10.0,0.302546531076
-3.005308,-3.005308,0.302546531076
-1.2180467,-1.2180467,0.302546531076
-19.4963614,-10.0,0.302546531076
-20.7312602,-10.0,0.302546531076
-17.6622501,-10.0,0.302546531076
-1.6791075,-1.6791075,0.302546531076
-0.3617505,-0.3617505,0.302546531076
-15.876907,-10.0,0.302546531076
0.1964252,0.1964252,0.302546531076
-9.7797544,-9.7797544,0.302546531076
-5.2452475,-5.2452475,0.302546531076
0.1364088,0.1364088,0.302546531076
-16.7752312,-10.0,0.302546531076
-0.5339663,-0.5339663,0.302546531076
-0.901658,-0.901658,0.302546531076
-0.0723141,-0.0723141,0.302546531076
0.118066,0.118066,0.302546531076
-17.4293666,-10.0,0.302546531076
-18.7109124,-10.0,0.302546531076
-3.0776221,-3.0776221,0.302546531076
-1.2903608,-1.2903608,0.302546531076
-19.5686755,-10.0,0.302546531076
-20.8035743,-10.0,0.302546531076
-17.7345642,-10.0,0.302546531076
-1.7514216,-1.7514216,0.302546531076
-0.4340646,-0.4340646,0.302546531076
-15.994973,-10.0,0.302546531076
0.0783592,0.0783592,0.302546531076
-9.8978204,-9.8978204,0.302546531076
-5.3633135,-5.3633135,0.302546531076
0.0183428,0.0183428,0.302546531076
-16.8932972,-10.0,0.302546531076
-0.6520323,-0.6520323,0.302546531076
-1.019724,-1.019724,0.302546531076
-0.1903801,-0.1903801,0.302546531076
-0.118066,-0.118066,0.302546531076
-17.5474326,-10.0,0.302546531076
-18.8289784,-10.0,0.302546531076
-3.1956881,-3.1956881,0.302546531076
-1.4084268,-1.4084268,0.302546531076
-19.6867415,-10.0,0.302546531076
-20.9216403,-10.0,0.302546531076
-17.8526302,-10.0,0.302546531076
-1.8694876,-1.8694876,0.302546531076
-0.5521306,-0.5521306,0.302546531076
1.5524596,1.5524596,0.302546531076
17.6257918,10.0,0.302546531076
7.6496122,7.6496122,0.302546531076
12.1841191,10.0,0.302546531076
17.5657754,10.0,0.302546531076
0.6541354,0.6541354,0.302546531076
16.8954003,10.0,0.302546531076
16.5277086,10.0,0.302546531076
17.3570525,10.0,0.302546531076
17.4293666,10.0,0.302546531076
17.5474326,10.0,0.302546531076
-1.2815458,-1.2815458,0.302546531076
14.3517445,10.0,0.302546531076
16.1390058,10.0,0.302546531076
-2.1393089,-2.1393089,0.302546531076
-3.3742077,-3.3742077,0.302546531076
-0.3051976,-0.3051976,0.302546531076
15.677945,10.0,0.302546531076
16.995302,10.0,0.302546531076
2.8340054,2.8340054,0.302546531076
18.9073376,10.0,0.302546531076
8.931158,8.931158,0.302546531076
13.4656649,10.0,0.302546531076
18.8473212,10.0,0.302546531076
1.9356812,1.9356812,0.302546531076
18.1769461,10.0,0.302546531076
17.8092544,10.0,0.302546531076
18.6385983,10.0,0.302546531076
18.7109124,10.0,0.302546531076
18.8289784,10.0,0.302546531076
1.2815458,1.2815458,0.302546531076
15.6332903,10.0,0.302546531076
17.4205516,10.0,0.302546531076
-0.8577631,-0.8577631,0.302546531076
-2.0926619,-2.0926619,0.302546531076
0.9763482,0.9763482,0.302546531076
16.9594908,10.0,0.302546531076
18.2768478,10.0,0.302546531076
-12.7992849,-10.0,0.302546531076
3.2740473,3.2740473,0.302546531076
-6.7021323,-6.7021323,0.302546531076
-2.1676254,-2.1676254,0.302546531076
3.2140309,3.2140309,0.302546531076
-13.6976091,-10.0,0.302546531076
2.5436558,2.5436558,0.302546531076
2.1759641,2.1759641,0.302546531076
3.005308,3.005308,0.302546531076
3.0776221,3.0776221,0.302546531076
3.1956881,3.1956881,0.302546531076
-14.3517445,-10.0,0.302546531076
-15.6332903,-10.0,0.302546531076
1.7872613,1.7872613,0.302546531076
-16.4910534,-10.0,0.302546531076
-17.7259522,-10.0,0.302546531076
-14.6569421,-10.0,0.302546531076
1.3262005,1.3262005,0.302546531076
2.6435575,2.6435575,0.302546531076
-14.5865462,-10.0,0.302546531076
1.486786,1.486786,0.302546531076
-8.4893936,-8.4893936,0.302546531076
-3.9548867,-3.9548867,0.302546531076
1.4267696,1.4267696,0.302546531076
-15.4848704,-10.0,0.302546531076
0.7563945,0.7563945,0.302546531076
0.3887028,0.3887028,0.302546531076
1.2180467,1.2180467,0.302546531076
1.2903608,1.2903608,0.302546531076
1.4084268,1.4084268,0.302546531076
-16.1390058,-10.0,0.302546531076
-17.4205516,-10.0,0.302546531076
-1.7872613,-1.7872613,0.302546531076
-18.2783147,-10.0,0.302546531076
-19.5132135,-10.0,0.302546531076
-16.4442034,-10.0,0.302546531076
-0.4610608,-0.4610608,0.302546531076
0.8562962,0.8562962,0.302546531076
3.6917685,3.6917685,0.302546531076
19.7651007,10.0,0.302546531076
9.7889211,9.7889211,0.302546531076
14.323428,10.0,0.302546531076
19.7050843,10.0,0.302546531076
2.7934443,2.7934443,0.302546531076
19.0347092,10.0,0.302546531076
18.6670175,10.0,0.302546531076
19.4963614,10.0,0.302546531076
19.5686755,10.0,0.302546531076
19.6867415,10.0,0.302546531076
2.1393089,2.1393089,0.302546531076
0.8577631,0.8577631,0.302546531076
16.4910534,10.0,0.302546531076
18.2783147,10.0,0.302546531076
-1.2348988,-1.2348988,0.302546531076
1.8341113,1.8341113,0.302546531076
17.8172539,10.0,0.302546531076
19.1346109,10.0,0.302546531076
4.9266673,4.9266673,0.302546531076
20.9999995,10.0,0.302546531076
11.0238199,10.0,0.302546531076
15.5583268,10.0,0.302546531076
20.9399831,10.0,0.302546531076
4.0283431,4.0283431,0.302546531076
20.269608,10.0,0.302546531076
19.9019163,10.0,0.302546531076
20.7312602,10.0,0.302546531076
20.8035743,10.0,0.302546531076
20.9216403,10.0,0.302546531076
3.3742077,3.3742077,0.302546531076
2.0926619,2.0926619,0.302546531076
17.7259522,10.0,0.302546531076
19.5132135,10.0,0.302546531076
1.2348988,1.2348988,0.302546531076
3.0690101,3.0690101,0.302546531076
19.0521527,10.0,0.302546531076
20.3695097,10.0,0.302546531076
1.8576572,1.8576572,0.302546531076
17.9309894,10.0,0.302546531076
7.9548098,7.9548098,0.302546531076
12.4893167,10.0,0.302546531076
17.870973,10.0,0.302546531076
0.959333,0.959333,0.302546531076
17.2005979,10.0,0.302546531076
16.8329062,10.0,0.302546531076
17.6622501,10.0,0.302546531076
17.7345642,10.0,0.302546531076
17.8526302,10.0,0.302546531076
0.3051976,0.3051976,0.302546531076
-0.9763482,-0.9763482,0.302546531076
14.6569421,10.0,0.302546531076
16.4442034,10.0,0.302546531076
-1.8341113,-1.8341113,0.302546531076
-3.0690101,-3.0690101,0.302546531076
15.9831426,10.0,0.302546531076
17.3004996,10.0,0.302546531076
-14.1254854,-10.0,0.302546531076
1.9478468,1.9478468,0.302546531076
-8.0283328,-8.0283328,0.302546531076
-3.4938259,-3.4938259,0.302546531076
1.8878304,1.8878304,0.302546531076
-15.0238096,-10.0,0.302546531076
1.2174553,1.2174553,0.302546531076
0.8497636,0.8497636,0.302546531076
1.6791075,1.6791075,0.302546531076
1.7514216,1.7514216,0.302546531076
1.8694876,1.8694876,0.302546531076
-15.677945,-10.0,0.302546531076
-16.9594908,-10.0,0.302546531076
-1.3262005,-1.3262005,0.302546531076
0.4610608,0.4610608,0.302546531076
-17.8172539,-10.0,0.302546531076
-19.0521527,-10.0,0.302546531076
-15.9831426,-10.0,0.302546531076
1.317357,1.317357,0.302546531076
-15.4428424,-10.0,0.302546531076
0.6304898,0.6304898,0.302546531076
-9.3456898,-9.3456898,0.302546531076
-4.8111829,-4.8111829,0.302546531076
0.5704734,0.5704734,0.302546531076
-16.3411666,-10.0,0.302546531076
-0.0999017,-0.0999017,0.302546531076
-0.4675934,-0.4675934,0.302546531076
0.3617505,0.3617505,0.302546531076
0.4340646,0.4340646,0.302546531076
0.5521306,0.5521306,0.302546531076
-16.995302,-10.0,0.302546531076
-18.2768478,-10.0,0.302546531076
-2.6435575,-2.6435575,0.302546531076
-0.8562962,-0.8562962,0.302546531076
-19.1346109,-10.0,0.302546531076
-20.3695097,-10.0,0.302546531076
-17.3004996,-10.0,0.302546531076
-1.317357,-1.317357,0.302546531076
20.429667,10.0,0.445833829693
2.6038827,2.6038827,0.445833829693
8.5367372,8.5367372,0.445833829693
16.1875964,10.0,0.445833829693
2.0150159,2.0150159,0.445833829693
9.1217153,9.1217153,0.445833829693
19.7776915,10.0,0.445833829693
-1.0361794,-1.0361794,0.445833829693
9.7838314,9.7838314,0.445833829693
18.4759274,10.0,0.445833829693
0.175918,0.175918,0.445833829693
2.6152566,2.6152566,0.445833829693
1.5515828,1.5515828,0.445833829693
0.0599557,0.0599557,0.445833829693
1.0462529,1.0462529,0.445833829693
2.4041788,2.4041788,0.445833829693
1.8634116,1.8634116,0.445833829693
20.775,10.0,0.445833829693
21.0599543,10.0,0.445833829693
-20.429667,-10.0,0.445833829693
-17.8257843,-10.0,0.445833829693
-11.8929298,-10.0,0.445833829693
-4.2420706,-4.2420706,0.445833829693
-18.4146511,-10.0,0.445833829693
-11.3079517,-10.0,0.445833829693
-0.6519755,-0.6519755,0.445833829693
-21.4658464,-10.0,0.445833829693
-10.6458356,-10.0,0.445833829693
-1.9537396,-1.9537396,0.445833829693
-20.253749,-10.0,0.445833829693
-17.8144104,-10.0,0.445833829693
-18.8780842,-10.0,0.445833829693
-20.3697113,-10.0,0.445833829693
-19.3834141,-10.0,0.445833829693
-18.0254882,-10.0,0.445833829693
-18.5662554,-10.0,0.445833829693
0.345333,0.345333,0.445833829693
0.6302873,0.6302873,0.445833829693
-2.6038827,-2.6038827,0.445833829693
17.8257843,10.0,0.445833829693
5.9328545,5.9328545,0.445833829693
13.5837137,10.0,0.445833829693
-0.5888668,-0.5888668,0.445833829693
6.5178326,6.5178326,0.445833829693
17.1738088,10.0,0.445833829693
-3.6400621,-3.6400621,0.445833829693
7.1799487,7.1799487,0.445833829693
15.8720447,10.0,0.445833829693
-2.4279647,-2.4279647,0.445833829693
0.0113739,0.0113739,0.445833829693
-1.0522999,-1.0522999,0.445833829693
-2.543927,-2.543927,0.445833829693
-1.5576298,-1.5576298,0.445833829693
-0.1997039,-0.1997039,0.445833829693
-0.7404711,-0.7404711,0.445833829693
18.1711173,10.0,0.445833829693
18.4560716,10.0,0.445833829693
-8.5367372,-8.5367372,0.445833829693
11.8929298,10.0,0.445833829693
-5.9328545,-5.9328545,0.445833829693
7.6508592,7.6508592,0.445833829693
-6.5217213,-6.5217213,0.445833829693
0.5849781,0.5849781,0.445833829693
11.2409543,10.0,0.445833829693
-9.5729166,-9.5729166,0.445833829693
1.2470942,1.2470942,0.445833829693
9.9391902,9.9391902,0.445833829693
-8.3608192,-8.3608192,0.445833829693
-5.9214806,-5.9214806,0.445833829693
-6.9851544,-6.9851544,0.445833829693
-8.4767815,-8.4767815,0.445833829693
-7.4904843,-7.4904843,0.445833829693
-6.1325584,-6.1325584,0.445833829693
-6.6733256,-6.6733256,0.445833829693
12.2382628,10.0,0.445833829693
12.5232171,10.0,0.445833829693
-16.1875964,-10.0,0.445833829693
4.2420706,4.2420706,0.445833829693
-13.5837137,-10.0,0.445833829693
-7.6508592,-7.6508592,0.445833829693
-14.1725805,-10.0,0.445833829693
-7.0658811,-7.0658811,0.445833829693
3.5900951,3.5900951,0.445833829693
-17.2237758,-10.0,0.445833829693
-6.403765,-6.403765,0.445833829693
2.288331,2.288331,0.445833829693
-16.0116784,-10.0,0.445833829693
-13.5723398,-10.0,0.445833829693
-14.6360136,-10.0,0.445833829693
-16.1276407,-10.0,0.445833829693
-15.1413435,-10.0,0.445833829693
-13.7834176,-10.0,0.445833829693
-14.3241848,-10.0,0.445833829693
4.5874036,4.5874036,0.445833829693
4.8723579,4.8723579,0.445833829693
-2.0150159,-2.0150159,0.445833829693
18.4146511,10.0,0.445833829693
0.5888668,0.5888668,0.445833829693
6.5217213,6.5217213,0.445833829693
14.1725805,10.0,0.445833829693
7.1066994,7.1066994,0.445833829693
17.7626756,10.0,0.445833829693
-3.0511953,-3.0511953,0.445833829693
7.7688155,7.7688155,0.445833829693
16.4609115,10.0,0.445833829693
-1.8390979,-1.8390979,0.445833829693
0.6002407,0.6002407,0.445833829693
-0.4634331,-0.4634331,0.445833829693
-1.9550602,-1.9550602,0.445833829693
-0.968763,-0.968763,0.445833829693
0.3891629,0.3891629,0.445833829693
-0.1516043,-0.1516043,0.445833829693
18.7599841,10.0,0.445833829693
19.0449384,10.0,0.445833829693
-9.1217153,-9.1217153,0.445833829693
11.3079517,10.0,0.445833829693
-6.5178326,-6.5178326,0.445833829693
-0.5849781,-0.5849781,0.445833829693
7.0658811,7.0658811,0.445833829693
-7.1066994,-7.1066994,0.445833829693
10.6559762,10.0,0.445833829693
-10.1578947,-10.0,0.445833829693
0.6621161,0.6621161,0.445833829693
9.3542121,9.3542121,0.445833829693
-8.9457973,-8.9457973,0.445833829693
-6.5064587,-6.5064587,0.445833829693
-7.5701325,-7.5701325,0.445833829693
-9.0617596,-9.0617596,0.445833829693
-8.0754624,-8.0754624,0.445833829693
-6.7175365,-6.7175365,0.445833829693
-7.2583037,-7.2583037,0.445833829693
11.6532847,10.0,0.445833829693
11.938239,10.0,0.445833829693
-19.7776915,-10.0,0.445833829693
0.6519755,0.6519755,0.445833829693
-17.1738088,-10.0,0.445833829693
-11.2409543,-10.0,0.445833829693
-3.5900951,-3.5900951,0.445833829693
-17.7626756,-10.0,0.445833829693
-10.6559762,-10.0,0.445833829693
-20.8138709,-10.0,0.445833829693
-9.9938601,-9.9938601,0.445833829693
-1.3017641,-1.3017641,0.445833829693
-19.6017735,-10.0,0.445833829693
-17.1624349,-10.0,0.445833829693
-18.2261087,-10.0,0.445833829693
-19.7177358,-10.0,0.445833829693
-18.7314386,-10.0,0.445833829693
-17.3735127,-10.0,0.445833829693
-17.9142799,-10.0,0.445833829693
0.9973085,0.9973085,0.445833829693
1.2822628,1.2822628,0.445833829693
1.0361794,1.0361794,0.445833829693
21.4658464,10.0,0.445833829693
3.6400621,3.6400621,0.445833829693
9.5729166,9.5729166,0.445833829693
17.2237758,10.0,0.445833829693
3.0511953,3.0511953,0.445833829693
10.1578947,10.0,0.445833829693
20.8138709,10.0,0.445833829693
10.8200108,10.0,0.445833829693
19.5121068,10.0,0.445833829693
1.2120974,1.2120974,0.445833829693
3.651436,3.651436,0.445833829693
2.5877622,2.5877622,0.445833829693
1.0961351,1.0961351,0.445833829693
2.0824323,2.0824323,0.445833829693
3.4403582,3.4403582,0.445833829693
2.899591,2.899591,0.445833829693
21.8111794,10.0,0.445833829693
22.0961337,10.0,0.445833829693
-9.7838314,-9.7838314,0.445833829693
10.6458356,10.0,0.445833829693
-7.1799487,-7.1799487,0.445833829693
-1.2470942,-1.2470942,0.445833829693
6.403765,6.403765,0.445833829693
-7.7688155,-7.7688155,0.445833829693
-0.6621161,-0.6621161,0.445833829693
9.9938601,9.9938601,0.445833829693
-10.8200108,-10.0,0.445833829693
8.692096,8.692096,0.445833829693
-9.6079134,-9.6079134,0.445833829693
-7.1685748,-7.1685748,0.445833829693
-8.2322486,-8.2322486,0.445833829693
-9.7238757,-9.7238757,0.445833829693
-8.7375785,-8.7375785,0.445833829693
-7.3796526,-7.3796526,0.445833829693
-7.9204198,-7.9204198,0.445833829693
10.9911686,10.0,0.445833829693
11.2761229,10.0,0.445833829693
-18.4759274,-10.0,0.445833829693
1.9537396,1.9537396,0.445833829693
-15.8720447,-10.0,0.445833829693
-9.9391902,-9.9391902,0.445833829693
-2.288331,-2.288331,0.445833829693
-16.4609115,-10.0,0.445833829693
-9.3542121,-9.3542121,0.445833829693
1.3017641,1.3017641,0.445833829693
-19.5121068,-10.0,0.445833829693
-8.692096,-8.692096,0.445833829693
-18.3000094,-10.0,0.445833829693
-15.8606708,-10.0,0.445833829693
-16.9243446,-10.0,0.445833829693
-18.4159717,-10.0,0.445833829693
-17.4296745,-10.0,0.445833829693
-16.0717486,-10.0,0.445833829693
-16.6125158,-10.0,0.445833829693
2.2990726,2.2990726,0.445833829693
2.5840269,2.5840269,0.445833829693
-0.175918,-0.175918,0.445833829693
20.253749,10.0,0.445833829693
2.4279647,2.4279647,0.445833829693
8.3608192,8.3608192,0.445833829693
16.0116784,10.0,0.445833829693
1.8390979,1.8390979,0.445833829693
8.9457973,8.9457973,0.445833829693
19.6017735,10.0,0.445833829693
-1.2120974,-1.2120974,0.445833829693
9.6079134,9.6079134,0.445833829693
18.3000094,10.0,0.445833829693
2.4393386,2.4393386,0.445833829693
1.3756648,1.3756648,0.445833829693
-0.1159623,-0.1159623,0.445833829693
0.8703349,0.8703349,0.445833829693
2.2282608,2.2282608,0.445833829693
1.6874936,1.6874936,0.445833829693
20.599082,10.0,0.445833829693
20.8840363,10.0,0.445833829693
-2.6152566,-2.6152566,0.445833829693
17.8144104,10.0,0.445833829693
-0.0113739,-0.0113739,0.445833829693
5.9214806,5.9214806,0.445833829693
13.5723398,10.0,0.445833829693
-0.6002407,-0.6002407,0.445833829693
6.5064587,6.5064587,0.445833829693
17.1624349,10.0,0.445833829693
-3.651436,-3.651436,0.445833829693
7.1685748,7.1685748,0.445833829693
15.8606708,10.0,0.445833829693
-2.4393386,-2.4393386,0.445833829693
-1.0636738,-1.0636738,0.445833829693
-2.5553009,-2.5553009,0.445833829693
-1.5690037,-1.5690037,0.445833829693
-0.2110778,-0.2110778,0.445833829693
-0.751845,-0.751845,0.445833829693
18.1597434,10.0,0.445833829693
18.4446977,10.0,0.445833829693
-1.5515828,-1.5515828,0.445833829693
18.8780842,10.0,0.445833829693
1.0522999,1.0522999,0.445833829693
6.9851544,6.9851544,0.445833829693
14.6360136,10.0,0.445833829693
0.4634331,0.4634331,0.445833829693
7.5701325,7.5701325,0.445833829693
18.2261087,10.0,0.445833829693
-2.5877622,-2.5877622,0.445833829693
8.2322486,8.2322486,0.445833829693
16.9243446,10.0,0.445833829693
-1.3756648,-1.3756648,0.445833829693
1.0636738,1.0636738,0.445833829693
-1.4916271,-1.4916271,0.445833829693
-0.5053299,-0.5053299,0.445833829693
0.852596,0.852596,0.445833829693
0.3118288,0.3118288,0.445833829693
19.2234172,10.0,0.445833829693
19.5083715,10.0,0.445833829693
-0.0599557,-0.0599557,0.445833829693
20.3697113,10.0,0.445833829693
2.543927,2.543927,0.445833829693
8.4767815,8.4767815,0.445833829693
16.1276407,10.0,0.445833829693
1.9550602,1.9550602,0.445833829693
9.0617596,9.0617596,0.445833829693
19.7177358,10.0,0.445833829693
-1.0961351,-1.0961351,0.445833829693
9.7238757,9.7238757,0.445833829693
18.4159717,10.0,0.445833829693
0.1159623,0.1159623,0.445833829693
2.5553009,2.5553009,0.445833829693
1.4916271,1.4916271,0.445833829693
0.9862972,0.9862972,0.445833829693
2.3442231,2.3442231,0.445833829693
1.8034559,1.8034559,0.445833829693
20.7150443,10.0,0.445833829693
20.9999986,10.0,0.445833829693
-1.0462529,-1.0462529,0.445833829693
19.3834141,10.0,0.445833829693
1.5576298,1.5576298,0.445833829693
7.4904843,7.4904843,0.445833829693
15.1413435,10.0,0.445833829693
0.968763,0.968763,0.445833829693
8.0754624,8.0754624,0.445833829693
18.7314386,10.0,0.445833829693
-2.0824323,-2.0824323,0.445833829693
8.7375785,8.7375785,0.445833829693
17.4296745,10.0,0.445833829693
-0.8703349,-0.8703349,0.445833829693
1.5690037,1.5690037,0.445833829693
0.5053299,0.5053299,0.445833829693
-0.9862972,-0.9862972,0.445833829693
1.3579259,1.3579259,0.445833829693
0.8171587,0.8171587,0.445833829693
19.7287471,10.0,0.445833829693
20.0137014,10.0,0.445833829693
-2.4041788,-2.4041788,0.445833829693
18.0254882,10.0,0.445833829693
0.1997039,0.1997039,0.445833829693
6.1325584,6.1325584,0.445833829693
13.7834176,10.0,0.445833829693
-0.3891629,-0.3891629,0.445833829693
6.7175365,6.7175365,0.445833829693
17.3735127,10.0,0.445833829693
-3.4403582,-3.4403582,0.445833829693
7.3796526,7.3796526,0.445833829693
16.0717486,10.0,0.445833829693
-2.2282608,-2.2282608,0.445833829693
0.2110778,0.2110778,0.445833829693
-0.852596,-0.852596,0.445833829693
-2.3442231,-2.3442231,0.445833829693
-1.3579259,-1.3579259,0.445833829693
-0.5407672,-0.5407672,0.445833829693
18.3708212,10.0,0.445833829693
18.6557755,10.0,0.445833829693
-1.8634116,-1.8634116,0.445833829693
18.5662554,10.0,0.445833829693
0.7404711,0.7404711,0.445833829693
6.6733256,6.6733256,0.445833829693
14.3241848,10.0,0.445833829693
0.1516043,0.1516043,0.445833829693
7.2583037,7.2583037,0.445833829693
17.9142799,10.0,0.445833829693
-2.899591,-2.899591,0.445833829693
7.9204198,7.9204198,0.445833829693
16.6125158,10.0,0.445833829693
-1.6874936,-1.6874936,0.445833829693
0.751845,0.751845,0.445833829693
-0.3118288,-0.3118288,0.445833829693
-1.8034559,-1.8034559,0.445833829693
-0.8171587,-0.8171587,0.445833829693
0.5407672,0.5407672,0.445833829693
18.9115884,10.0,0.445833829693
19.1965427,10.0,0.445833829693
-20.775,-10.0,0.445833829693
-0.345333,-0.345333,0.445833829693
-18.1711173,-10.0,0.445833829693
-12.2382628,-10.0,0.445833829693
-4.5874036,-4.5874036,0.445833829693
-18.7599841,-10.0,0.445833829693
-11.6532847,-10.0,0.445833829693
-0.9973085,-0.9973085,0.445833829693
-21.8111794,-10.0,0.445833829693
-10.9911686,-10.0,0.445833829693
-2.2990726,-2.2990726,0.445833829693
-20.599082,-10.0,0.445833829693
-18.1597434,-10.0,0.445833829693
-19.2234172,-10.0,0.445833829693
-20.7150443,-10.0,0.445833829693
-19.7287471,-10.0,0.445833829693
-18.3708212,-10.0,0.445833829693
-18.9115884,-10.0,0.445833829693
0.2849543,0.2849543,0.445833829693
-21.0599543,-10.0,0.445833829693
-0.6302873,-0.6302873,0.445833829693
-18.4560716,-10.0,0.445833829693
-12.5232171,-10.0,0.445833829693
-4.8723579,-4.8723579,0.445833829693
-19.0449384,-10.0,0.445833829693
-11.938239,-10.0,0.445833829693
-1.2822628,-1.2822628,0.445833829693
-22.0961337,-10.0,0.445833829693
-11.2761229,-10.0,0.445833829693
-2.5840269,-2.5840269,0.445833829693
-20.8840363,-10.0,0.445833829693
-18.4446977,-10.0,0.445833829693
-19.5083715,-10.0,0.445833829693
-20.9999986,-10.0,0.445833829693
-20.0137014,-10.0,0.445833829693
-18.6557755,-10.0,0.445833829693
-19.1965427,-10.0,0.445833829693
-0.2849543,-0.2849543,0.445833829693
15.4810984,10.0,0.545438875136
-1.0370054,-1.0370054,0.545438875136
-2.8469906,-2.8469906,0.545438875136
18.033832,10.0,0.545438875136
-1.5491656,-1.5491656,0.545438875136
-0.8049102,-0.8049102,0.545438875136
0.5870638,0.5870638,0.545438875136
-2.5566848,-2.5566848,0.545438875136
18.0338314,10.0,0.545438875136
17.5152134,10.0,0.545438875136
-1.8730698,-1.8730698,0.545438875136
16.1957655,10.0,0.545438875136
-2.290942,-2.290942,0.545438875136
-1.6938511,-1.6938511,0.545438875136
-2.9661675,-2.9661675,0.545438875136
-1.8415095,-1.8415095,0.545438875136
1.3897511,1.3897511,0.545438875136
14.7565357,10.0,0.545438875136
17.6544078,10.0,0.545438875136
-15.4810984,-10.0,0.545438875136
-16.5181038,-10.0,0.545438875136
-18.328089,-10.0,0.545438875136
2.5527336,2.5527336,0.545438875136
-17.030264,-10.0,0.545438875136
-16.2860086,-10.0,0.545438875136
-14.8940346,-10.0,0.545438875136
-18.0377832,-10.0,0.545438875136
2.552733,2.552733,0.545438875136
2.034115,2.034115,0.545438875136
-17.3541682,-10.0,0.545438875136
0.7146671,0.7146671,0.545438875136
-17.7720404,-10.0,0.545438875136
-17.1749495,-10.0,0.545438875136
-18.4472659,-10.0,0.545438875136
-17.3226079,-10.0,0.545438875136
-14.0913473,-10.0,0.545438875136
-0.7245627,-0.7245627,0.545438875136
2.1733094,2.1733094,0.545438875136
1.0370054,1.0370054,0.545438875136
16.5181038,10.0,0.545438875136
-1.8099852,-1.8099852,0.545438875136
19.0708374,10.0,0.545438875136
-0.5121602,-0.5121602,0.545438875136
0.2320952,0.2320952,0.545438875136
1.6240692,1.6240692,0.545438875136
-1.5196794,-1.5196794,0.545438875136
19.0708368,10.0,0.545438875136
18.5522188,10.0,0.545438875136
-0.8360644,-0.8360644,0.545438875136
17.2327709,10.0,0.545438875136
-1.2539366,-1.2539366,0.545438875136
-0.6568457,-0.6568457,0.545438875136
-1.9291621,-1.9291621,0.545438875136
-0.8045041,-0.8045041,0.545438875136
2.4267565,2.4267565,0.545438875136
15.7935411,10.0,0.545438875136
18.6914132,10.0,0.545438875136
2.8469906,2.8469906,0.545438875136
18.328089,10.0,0.545438875136
1.8099852,1.8099852,0.545438875136
20.8808226,10.0,0.545438875136
1.297825,1.297825,0.545438875136
2.0420804,2.0420804,0.545438875136
3.4340544,3.4340544,0.545438875136
0.2903058,0.2903058,0.545438875136
20.880822,10.0,0.545438875136
20.362204,10.0,0.545438875136
0.9739208,0.9739208,0.545438875136
19.0427561,10.0,0.545438875136
0.5560486,0.5560486,0.545438875136
1.1531395,1.1531395,0.545438875136
-0.1191769,-0.1191769,0.545438875136
1.0054811,1.0054811,0.545438875136
4.2367417,4.2367417,0.545438875136
17.6035263,10.0,0.545438875136
20.5013984,10.0,0.545438875136
-18.033832,-10.0,0.545438875136
-2.5527336,-2.5527336,0.545438875136
-19.0708374,-10.0,0.545438875136
-20.8808226,-10.0,0.545438875136
-19.5829976,-10.0,0.545438875136
-18.8387422,-10.0,0.545438875136
-17.4467682,-10.0,0.545438875136
-20.5905168,-10.0,0.545438875136
-5.99999999906e-07,-5.99999999906e-07,0.545438875136
-0.5186186,-0.5186186,0.545438875136
-19.9069018,-10.0,0.545438875136
-1.8380665,-1.8380665,0.545438875136
-20.324774,-10.0,0.545438875136
-19.7276831,-10.0,0.545438875136
-20.9999995,-10.0,0.545438875136
-19.8753415,-10.0,0.545438875136
-16.6440809,-10.0,0.545438875136
-3.2772963,-3.2772963,0.545438875136
-0.3794242,-0.3794242,0.545438875136
1.5491656,1.5491656,0.545438875136
17.030264,10.0,0.545438875136
0.5121602,0.5121602,0.545438875136
-1.297825,-1.297825,0.545438875136
19.5829976,10.0,0.545438875136
0.7442554,0.7442554,0.545438875136
2.1362294,2.1362294,0.545438875136
-1.0075192,-1.0075192,0.545438875136
19.582997,10.0,0.545438875136
19.064379,10.0,0.545438875136
-0.3239042,-0.3239042,0.545438875136
17.7449311,10.0,0.545438875136
-0.7417764,-0.7417764,0.545438875136
-0.1446855,-0.1446855,0.545438875136
-1.4170019,-1.4170019,0.545438875136
-0.2923439,-0.2923439,0.545438875136
2.9389167,2.9389167,0.545438875136
16.3057013,10.0,0.545438875136
19.2035734,10.0,0.545438875136
0.8049102,0.8049102,0.545438875136
16.2860086,10.0,0.545438875136
-0.2320952,-0.2320952,0.545438875136
-2.0420804,-2.0420804,0.545438875136
18.8387422,10.0,0.545438875136
-0.7442554,-0.7442554,0.545438875136
1.391974,1.391974,0.545438875136
-1.7517746,-1.7517746,0.545438875136
18.8387416,10.0,0.545438875136
18.3201236,10.0,0.545438875136
-1.0681596,-1.0681596,0.545438875136
17.0006757,10.0,0.545438875136
-1.4860318,-1.4860318,0.545438875136
-0.8889409,-0.8889409,0.545438875136
-2.1612573,-2.1612573,0.545438875136
-1.0365993,-1.0365993,0.545438875136
2.1946613,2.1946613,0.545438875136
15.5614459,10.0,0.545438875136
18.459318,10.0,0.545438875136
-0.5870638,-0.5870638,0.545438875136
14.8940346,10.0,0.545438875136
-1.6240692,-1.6240692,0.545438875136
-3.4340544,-3.4340544,0.545438875136
17.4467682,10.0,0.545438875136
-2.1362294,-2.1362294,0.545438875136
-1.391974,-1.391974,0.545438875136
-3.1437486,-3.1437486,0.545438875136
17.4467676,10.0,0.545438875136
16.9281496,10.0,0.545438875136
-2.4601336,-2.4601336,0.545438875136
15.6087017,10.0,0.545438875136
-2.8780058,-2.8780058,0.545438875136
-2.2809149,-2.2809149,0.545438875136
-3.5532313,-3.5532313,0.545438875136
-2.4285733,-2.4285733,0.545438875136
0.8026873,0.8026873,0.545438875136
14.1694719,10.0,0.545438875136
17.067344,10.0,0.545438875136
2.5566848,2.5566848,0.545438875136
18.0377832,10.0,0.545438875136
1.5196794,1.5196794,0.545438875136
-0.2903058,-0.2903058,0.545438875136
20.5905168,10.0,0.545438875136
1.0075192,1.0075192,0.545438875136
1.7517746,1.7517746,0.545438875136
3.1437486,3.1437486,0.545438875136
20.5905162,10.0,0.545438875136
20.0718982,10.0,0.545438875136
0.683615,0.683615,0.545438875136
18.7524503,10.0,0.545438875136
0.2657428,0.2657428,0.545438875136
0.8628337,0.8628337,0.545438875136
-0.4094827,-0.4094827,0.545438875136
0.7151753,0.7151753,0.545438875136
3.9464359,3.9464359,0.545438875136
17.3132205,10.0,0.545438875136
20.2110926,10.0,0.545438875136
-18.0338314,-10.0,0.545438875136
-2.552733,-2.552733,0.545438875136
-19.0708368,-10.0,0.545438875136
-20.880822,-10.0,0.545438875136
5.99999999906e-07,5.99999999906e-07,0.545438875136
-19.582997,-10.0,0.545438875136
-18.8387416,-10.0,0.545438875136
-17.4467676,-10.0,0.545438875136
-20.5905162,-10.0,0.545438875136
-0.518618,-0.518618,0.545438875136
-19.9069012,-10.0,0.545438875136
-1.8380659,-1.8380659,0.545438875136
-20.3247734,-10.0,0.545438875136
-19.7276825,-10.0,0.545438875136
-20.9999989,-10.0,0.545438875136
-19.8753409,-10.0,0.545438875136
-16.6440803,-10.0,0.545438875136
-3.2772957,-3.2772957,0.545438875136
-0.3794236,-0.3794236,0.545438875136
-17.5152134,-10.0,0.545438875136
-2.034115,-2.034115,0.545438875136
-18.5522188,-10.0,0.545438875136
-20.362204,-10.0,0.545438875136
0.5186186,0.5186186,0.545438875136
-19.064379,-10.0,0.545438875136
-18.3201236,-10.0,0.545438875136
-16.9281496,-10.0,0.545438875136
-20.0718982,-10.0,0.545438875136
0.518618,0.518618,0.545438875136
-19.3882832,-10.0,0.545438875136
-1.3194479,-1.3194479,0.545438875136
-19.8061554,-10.0,0.545438875136
-19.2090645,-10.0,0.545438875136
-20.4813809,-10.0,0.545438875136
-19.3567229,-10.0,0.545438875136
-16.1254623,-10.0,0.545438875136
-2.7586777,-2.7586777,0.545438875136
0.1391944,0.1391944,0.545438875136
1.8730698,1.8730698,0.545438875136
17.3541682,10.0,0.545438875136
0.8360644,0.8360644,0.545438875136
-0.9739208,-0.9739208,0.545438875136
19.9069018,10.0,0.545438875136
0.3239042,0.3239042,0.545438875136
1.0681596,1.0681596,0.545438875136
2.4601336,2.4601336,0.545438875136
-0.683615,-0.683615,0.545438875136
19.9069012,10.0,0.545438875136
19.3882832,10.0,0.545438875136
18.0688353,10.0,0.545438875136
-0.4178722,-0.4178722,0.545438875136
0.1792187,0.1792187,0.545438875136
-1.0930977,-1.0930977,0.545438875136
0.0315603,0.0315603,0.545438875136
3.2628209,3.2628209,0.545438875136
16.6296055,10.0,0.545438875136
19.5274776,10.0,0.545438875136
-16.1957655,-10.0,0.545438875136
-0.7146671,-0.7146671,0.545438875136
-17.2327709,-10.0,0.545438875136
-19.0427561,-10.0,0.545438875136
1.8380665,1.8380665,0.545438875136
-17.7449311,-10.0,0.545438875136
-17.0006757,-10.0,0.545438875136
-15.6087017,-10.0,0.545438875136
-18.7524503,-10.0,0.545438875136
1.8380659,1.8380659,0.545438875136
1.3194479,1.3194479,0.545438875136
-18.0688353,-10.0,0.545438875136
-18.4867075,-10.0,0.545438875136
-17.8896166,-10.0,0.545438875136
-19.161933,-10.0,0.545438875136
-18.037275,-10.0,0.545438875136
-14.8060144,-10.0,0.545438875136
-1.4392298,-1.4392298,0.545438875136
1.4586423,1.4586423,0.545438875136
2.290942,2.290942,0.545438875136
17.7720404,10.0,0.545438875136
1.2539366,1.2539366,0.545438875136
-0.5560486,-0.5560486,0.545438875136
20.324774,10.0,0.545438875136
0.7417764,0.7417764,0.545438875136
1.4860318,1.4860318,0.545438875136
2.8780058,2.8780058,0.545438875136
-0.2657428,-0.2657428,0.545438875136
20.3247734,10.0,0.545438875136
19.8061554,10.0,0.545438875136
0.4178722,0.4178722,0.545438875136
18.4867075,10.0,0.545438875136
0.5970909,0.5970909,0.545438875136
-0.6752255,-0.6752255,0.545438875136
0.4494325,0.4494325,0.545438875136
3.6806931,3.6806931,0.545438875136
17.0474777,10.0,0.545438875136
19.9453498,10.0,0.545438875136
1.6938511,1.6938511,0.545438875136
17.1749495,10.0,0.545438875136
0.6568457,0.6568457,0.545438875136
-1.1531395,-1.1531395,0.545438875136
19.7276831,10.0,0.545438875136
0.1446855,0.1446855,0.545438875136
0.8889409,0.8889409,0.545438875136
2.2809149,2.2809149,0.545438875136
-0.8628337,-0.8628337,0.545438875136
19.7276825,10.0,0.545438875136
19.2090645,10.0,0.545438875136
-0.1792187,-0.1792187,0.545438875136
17.8896166,10.0,0.545438875136
-0.5970909,-0.5970909,0.545438875136
-1.2723164,-1.2723164,0.545438875136
-0.1476584,-0.1476584,0.545438875136
3.0836022,3.0836022,0.545438875136
16.4503868,10.0,0.545438875136
19.3482589,10.0,0.545438875136
2.9661675,2.9661675,0.545438875136
18.4472659,10.0,0.545438875136
1.9291621,1.9291621,0.545438875136
0.1191769,0.1191769,0.545438875136
20.9999995,10.0,0.545438875136
1.4170019,1.4170019,0.545438875136
2.1612573,2.1612573,0.545438875136
3.5532313,3.5532313,0.545438875136
0.4094827,0.4094827,0.545438875136
20.9999989,10.0,0.545438875136
20.4813809,10.0,0.545438875136
1.0930977,1.0930977,0.545438875136
19.161933,10.0,0.545438875136
0.6752255,0.6752255,0.545438875136
1.2723164,1.2723164,0.545438875136
1.124658,1.124658,0.545438875136
4.3559186,4.3559186,0.545438875136
17.7227032,10.0,0.545438875136
20.6205753,10.0,0.545438875136
1.8415095,1.8415095,0.545438875136
17.3226079,10.0,0.545438875136
0.8045041,0.8045041,0.545438875136
-1.0054811,-1.0054811,0.545438875136
19.8753415,10.0,0.545438875136
0.2923439,0.2923439,0.545438875136
1.0365993,1.0365993,0.545438875136
2.4285733,2.4285733,0.545438875136
-0.7151753,-0.7151753,0.545438875136
19.8753409,10.0,0.545438875136
19.3567229,10.0,0.545438875136
-0.0315603,-0.0315603,0.545438875136
18.037275,10.0,0.545438875136
-0.4494325,-0.4494325,0.545438875136
0.1476584,0.1476584,0.545438875136
-1.124658,-1.124658,0.545438875136
3.2312606,3.2312606,0.545438875136
16.5980452,10.0,0.545438875136
19.4959173,10.0,0.545438875136
-1.3897511,-1.3897511,0.545438875136
14.0913473,10.0,0.545438875136
-2.4267565,-2.4267565,0.545438875136
-4.2367417,-4.2367417,0.545438875136
16.6440809,10.0,0.545438875136
-2.9389167,-2.9389167,0.545438875136
-2.1946613,-2.1946613,0.545438875136
-0.8026873,-0.8026873,0.545438875136
-3.9464359,-3.9464359,0.545438875136
16.6440803,10.0,0.545438875136
16.1254623,10.0,0.545438875136
-3.2628209,-3.2628209,0.545438875136
14.8060144,10.0,0.545438875136
-3.6806931,-3.6806931,0.545438875136
-3.0836022,-3.0836022,0.545438875136
-4.3559186,-4.3559186,0.545438875136
-3.2312606,-3.2312606,0.545438875136
13.3667846,10.0,0.545438875136
16.2646567,10.0,0.545438875136
-14.7565357,-10.0,0.545438875136
0.7245627,0.7245627,0.545438875136
-15.7935411,-10.0,0.545438875136
-17.6035263,-10.0,0.545438875136
3.2772963,3.2772963,0.545438875136
-16.3057013,-10.0,0.545438875136
-15.5614459,-10.0,0.545438875136
-14.1694719,-10.0,0.545438875136
-17.3132205,-10.0,0.545438875136
3.2772957,3.2772957,0.545438875136
2.7586777,2.7586777,0.545438875136
-16.6296055,-10.0,0.545438875136
1.4392298,1.4392298,0.545438875136
-17.0474777,-10.0,0.545438875136
-16.4503868,-10.0,0.545438875136
-17.7227032,-10.0,0.545438875136
-16.5980452,-10.0,0.545438875136
-13.3667846,-10.0,0.545438875136
2.8978721,2.8978721,0.545438875136
-17.6544078,-10.0,0.545438875136
-2.1733094,-2.1733094,0.545438875136
-18.6914132,-10.0,0.545438875136
-20.5013984,-10.0,0.545438875136
0.3794242,0.3794242,0.545438875136
-19.2035734,-10.0,0.545438875136
-18.459318,-10.0,0.545438875136
-17.067344,-10.0,0.545438875136
-20.2110926,-10.0,0.545438875136
0.3794236,0.3794236,0.545438875136
-0.1391944,-0.1391944,0.545438875136
-19.5274776,-10.0,0.545438875136
-1.4586423,-1.4586423,0.545438875136
-19.9453498,-10.0,0.545438875136
-19.3482589,-10.0,0.545438875136
-20.6205753,-10.0,0.545438875136
-19.4959173,-10.0,0.545438875136
-16.2646567,-10.0,0.545438875136
-2.8978721,-2.8978721,0.545438875136
0.037783,0.037783,0.00481031607576
-0.0306833,-0.0306833,0.00481031607576
-2.9988364,-2.9988364,0.00481031607576
-20.9622123,-10.0,0.00481031607576
-0.392241,-0.392241,0.00481031607576
-0.200852,-0.200852,0.00481031607576
0.0377503,0.0377503,0.00481031607576
0.0375361,0.0375361,0.00481031607576
0.037786,0.037786,0.00481031607576
-5.0587781,-5.0587781,0.00481031607576
-1.2122377,-1.2122377,0.00481031607576
-2.4234223,-2.4234223,0.00481031607576
-0.7611966,-0.7611966,0.00481031607576
-1.6389469,-1.6389469,0.00481031607576
0.0377838,0.0377838,0.00481031607576
-0.0730476,-0.0730476,0.00481031607576
-15.2631732,-10.0,0.00481031607576
-2.3927997,-2.3927997,0.00481031607576
-0.1536448,-0.1536448,0.00481031607576
-0.037783,-0.037783,0.00481031607576
-0.0684663,-0.0684663,0.00481031607576
-3.0366194,-3.0366194,0.00481031607576
-20.9999953,-10.0,0.00481031607576
-0.430024,-0.430024,0.00481031607576
-0.238635,-0.238635,0.00481031607576
-3.26999999984e-05,-3.26999999984e-05,0.00481031607576
-0.000246899999997,-0.000246899999997,0.00481031607576
3.00000000308e-06,3.00000000308e-06,0.00481031607576
-5.0965611,-5.0965611,0.00481031607576
-1.2500207,-1.2500207,0.00481031607576
-2.4612053,-2.4612053,0.00481031607576
-0.7989796,-0.7989796,0.00481031607576
-1.6767299,-1.6767299,0.00481031607576
8.00000002243e-07,8.00000002243e-07,0.00481031607576
-0.1108306,-0.1108306,0.00481031607576
-15.3009562,-10.0,0.00481031607576
-2.4305827,-2.4305827,0.00481031607576
-0.1914278,-0.1914278,0.00481031607576
0.0306833,0.0306833,0.00481031607576
0.0684663,0.0684663,0.00481031607576
-2.9681531,-2.9681531,0.00481031607576
-20.931529,-10.0,0.00481031607576
-0.3615577,-0.3615577,0.00481031607576
-0.1701687,-0.1701687,0.00481031607576
0.0684336,0.0684336,0.00481031607576
0.0682194,0.0682194,0.00481031607576
0.0684693,0.0684693,0.00481031607576
-5.0280948,-5.0280948,0.00481031607576
-1.1815544,-1.1815544,0.00481031607576
-2.392739,-2.392739,0.00481031607576
-0.7305133,-0.7305133,0.00481031607576
-1.6082636,-1.6082636,0.00481031607576
0.0684671,0.0684671,0.00481031607576
-0.0423643,-0.0423643,0.00481031607576
-15.2324899,-10.0,0.00481031607576
-2.3621164,-2.3621164,0.00481031607576
-0.1229615,-0.1229615,0.00481031607576
2.9988364,2.9988364,0.00481031607576
3.0366194,3.0366194,0.00481031607576
2.9681531,2.9681531,0.00481031607576
-17.9633759,-10.0,0.00481031607576
2.6065954,2.6065954,0.00481031607576
2.7979844,2.7979844,0.00481031607576
3.0365867,3.0365867,0.00481031607576
3.0363725,3.0363725,0.00481031607576
3.0366224,3.0366224,0.00481031607576
-2.0599417,-2.0599417,0.00481031607576
1.7865987,1.7865987,0.00481031607576
0.5754141,0.5754141,0.00481031607576
2.2376398,2.2376398,0.00481031607576
1.3598895,1.3598895,0.00481031607576
3.0366202,3.0366202,0.00481031607576
2.9257888,2.9257888,0.00481031607576
-12.2643368,-10.0,0.00481031607576
0.6060367,0.6060367,0.00481031607576
2.8451916,2.8451916,0.00481031607576
20.9622123,10.0,0.00481031607576
20.9999953,10.0,0.00481031607576
20.931529,10.0,0.00481031607576
17.9633759,10.0,0.00481031607576
20.5699713,10.0,0.00481031607576
20.7613603,10.0,0.00481031607576
20.9999626,10.0,0.00481031607576
20.9997484,10.0,0.00481031607576
20.9999983,10.0,0.00481031607576
15.9034342,10.0,0.00481031607576
19.7499746,10.0,0.00481031607576
18.53879,10.0,0.00481031607576
20.2010157,10.0,0.00481031607576
19.3232654,10.0,0.00481031607576
20.9999961,10.0,0.00481031607576
20.8891647,10.0,0.00481031607576
5.6990391,5.6990391,0.00481031607576
18.5694126,10.0,0.00481031607576
20.8085675,10.0,0.00481031607576
0.392241,0.392241,0.00481031607576
0.430024,0.430024,0.00481031607576
0.3615577,0.3615577,0.00481031607576
-2.6065954,-2.6065954,0.00481031607576
-20.5699713,-10.0,0.00481031607576
0.191389,0.191389,0.00481031607576
0.4299913,0.4299913,0.00481031607576
0.4297771,0.4297771,0.00481031607576
0.430027,0.430027,0.00481031607576
-4.6665371,-4.6665371,0.00481031607576
-0.8199967,-0.8199967,0.00481031607576
-2.0311813,-2.0311813,0.00481031607576
-0.3689556,-0.3689556,0.00481031607576
-1.2467059,-1.2467059,0.00481031607576
0.4300248,0.4300248,0.00481031607576
0.3191934,0.3191934,0.00481031607576
-14.8709322,-10.0,0.00481031607576
-2.0005587,-2.0005587,0.00481031607576
0.2385962,0.2385962,0.00481031607576
0.200852,0.200852,0.00481031607576
0.238635,0.238635,0.00481031607576
0.1701687,0.1701687,0.00481031607576
-2.7979844,-2.7979844,0.00481031607576
-20.7613603,-10.0,0.00481031607576
-0.191389,-0.191389,0.00481031607576
0.2386023,0.2386023,0.00481031607576
0.2383881,0.2383881,0.00481031607576
0.238638,0.238638,0.00481031607576
-4.8579261,-4.8579261,0.00481031607576
-1.0113857,-1.0113857,0.00481031607576
-2.2225703,-2.2225703,0.00481031607576
-0.5603446,-0.5603446,0.00481031607576
-1.4380949,-1.4380949,0.00481031607576
0.2386358,0.2386358,0.00481031607576
0.1278044,0.1278044,0.00481031607576
-15.0623212,-10.0,0.00481031607576
-2.1919477,-2.1919477,0.00481031607576
0.0472072,0.0472072,0.00481031607576
-0.0377503,-0.0377503,0.00481031607576
3.26999999984e-05,3.26999999984e-05,0.00481031607576
-0.0684336,-0.0684336,0.00481031607576
-3.0365867,-3.0365867,0.00481031607576
-20.9999626,-10.0,0.00481031607576
-0.4299913,-0.4299913,0.00481031607576
-0.2386023,-0.2386023,0.00481031607576
-0.000214199999998,-0.000214199999998,0.00481031607576
3.57000000015e-05,3.57000000015e-05,0.00481031607576
-5.0965284,-5.0965284,0.00481031607576
-1.249988,-1.249988,0.00481031607576
-2.4611726,-2.4611726,0.00481031607576
-0.7989469,-0.7989469,0.00481031607576
-1.6766972,-1.6766972,0.00481031607576
3.35000000007e-05,3.35000000007e-05,0.00481031607576
-0.1107979,-0.1107979,0.00481031607576
-15.3009235,-10.0,0.00481031607576
-2.43055,-2.43055,0.00481031607576
-0.1913951,-0.1913951,0.00481031607576
-0.0375361,-0.0375361,0.00481031607576
0.000246899999997,0.000246899999997,0.00481031607576
-0.0682194,-0.0682194,0.00481031607576
-3.0363725,-3.0363725,0.00481031607576
-20.9997484,-10.0,0.00481031607576
-0.4297771,-0.4297771,0.00481031607576
-0.2383881,-0.2383881,0.00481031607576
0.000214199999998,0.000214199999998,0.00481031607576
0.0002499,0.0002499,0.00481031607576
-5.0963142,-5.0963142,0.00481031607576
-1.2497738,-1.2497738,0.00481031607576
-2.4609584,-2.4609584,0.00481031607576
-0.7987327,-0.7987327,0.00481031607576
-1.676483,-1.676483,0.00481031607576
0.000247699999999,0.000247699999999,0.00481031607576
-0.1105837,-0.1105837,0.00481031607576
-15.3007093,-10.0,0.00481031607576
-2.4303358,-2.4303358,0.00481031607576
-0.1911809,-0.1911809,0.00481031607576
-0.037786,-0.037786,0.00481031607576
-3.00000000308e-06,-3.00000000308e-06,0.00481031607576
-0.0684693,-0.0684693,0.00481031607576
-3.0366224,-3.0366224,0.00481031607576
-20.9999983,-10.0,0.00481031607576
-0.430027,-0.430027,0.00481031607576
-0.238638,-0.238638,0.00481031607576
-3.57000000015e-05,-3.57000000015e-05,0.00481031607576
-0.0002499,-0.0002499,0.00481031607576
-5.0965641,-5.0965641,0.00481031607576
-1.2500237,-1.2500237,0.00481031607576
-2.4612083,-2.4612083,0.00481031607576
-0.7989826,-0.7989826,0.00481031607576
-1.6767329,-1.6767329,0.00481031607576
-2.20000000084e-06,-2.20000000084e-06,0.00481031607576
-0.1108336,-0.1108336,0.00481031607576
-15.3009592,-10.0,0.00481031607576
-2.4305857,-2.4305857,0.00481031607576
-0.1914308,-0.1914308,0.00481031607576
5.0587781,5.0587781,0.00481031607576
5.0965611,5.0965611,0.00481031607576
5.0280948,5.0280948,0.00481031607576
2.0599417,2.0599417,0.00481031607576
-15.9034342,-10.0,0.00481031607576
4.6665371,4.6665371,0.00481031607576
4.8579261,4.8579261,0.00481031607576
5.0965284,5.0965284,0.00481031607576
5.0963142,5.0963142,0.00481031607576
5.0965641,5.0965641,0.00481031607576
3.8465404,3.8465404,0.00481031607576
2.6353558,2.6353558,0.00481031607576
4.2975815,4.2975815,0.00481031607576
3.4198312,3.4198312,0.00481031607576
5.0965619,5.0965619,0.00481031607576
4.9857305,4.9857305,0.00481031607576
-10.2043951,-10.0,0.00481031607576
2.6659784,2.6659784,0.00481031607576
4.9051333,4.9051333,0.00481031607576
1.2122377,1.2122377,0.00481031607576
1.2500207,1.2500207,0.00481031607576
1.1815544,1.1815544,0.00481031607576
-1.7865987,-1.7865987,0.00481031607576
-19.7499746,-10.0,0.00481031607576
0.8199967,0.8199967,0.00481031607576
1.0113857,1.0113857,0.00481031607576
1.249988,1.249988,0.00481031607576
1.2497738,1.2497738,0.00481031607576
1.2500237,1.2500237,0.00481031607576
-3.8465404,-3.8465404,0.00481031607576
-1.2111846,-1.2111846,0.00481031607576
0.4510411,0.4510411,0.00481031607576
-0.4267092,-0.4267092,0.00481031607576
1.2500215,1.2500215,0.00481031607576
1.1391901,1.1391901,0.00481031607576
-14.0509355,-10.0,0.00481031607576
-1.180562,-1.180562,0.00481031607576
1.0585929,1.0585929,0.00481031607576
2.4234223,2.4234223,0.00481031607576
2.4612053,2.4612053,0.00481031607576
2.392739,2.392739,0.00481031607576
-0.5754141,-0.5754141,0.00481031607576
-18.53879,-10.0,0.00481031607576
2.0311813,2.0311813,0.00481031607576
2.2225703,2.2225703,0.00481031607576
2.4611726,2.4611726,0.00481031607576
2.4609584,2.4609584,0.00481031607576
2.4612083,2.4612083,0.00481031607576
-2.6353558,-2.6353558,0.00481031607576
1.2111846,1.2111846,0.00481031607576
1.6622257,1.6622257,0.00481031607576
0.7844754,0.7844754,0.00481031607576
2.4612061,2.4612061,0.00481031607576
2.3503747,2.3503747,0.00481031607576
-12.8397509,-10.0,0.00481031607576
0.0306226,0.0306226,0.00481031607576
2.2697775,2.2697775,0.00481031607576
0.7611966,0.7611966,0.00481031607576
0.7989796,0.7989796,0.00481031607576
0.7305133,0.7305133,0.00481031607576
-2.2376398,-2.2376398,0.00481031607576
-20.2010157,-10.0,0.00481031607576
0.3689556,0.3689556,0.00481031607576
0.5603446,0.5603446,0.00481031607576
0.7989469,0.7989469,0.00481031607576
0.7987327,0.7987327,0.00481031607576
0.7989826,0.7989826,0.00481031607576
-4.2975815,-4.2975815,0.00481031607576
-0.4510411,-0.4510411,0.00481031607576
-1.6622257,-1.6622257,0.00481031607576
-0.8777503,-0.8777503,0.00481031607576
0.7989804,0.7989804,0.00481031607576
0.688149,0.688149,0.00481031607576
-14.5019766,-10.0,0.00481031607576
-1.6316031,-1.6316031,0.00481031607576
0.6075518,0.6075518,0.00481031607576
1.6389469,1.6389469,0.00481031607576
1.6767299,1.6767299,0.00481031607576
1.6082636,1.6082636,0.00481031607576
-1.3598895,-1.3598895,0.00481031607576
-19.3232654,-10.0,0.00481031607576
1.2467059,1.2467059,0.00481031607576
1.4380949,1.4380949,0.00481031607576
1.6766972,1.6766972,0.00481031607576
1.676483,1.676483,0.00481031607576
1.6767329,1.6767329,0.00481031607576
-3.4198312,-3.4198312,0.00481031607576
0.4267092,0.4267092,0.00481031607576
-0.7844754,-0.7844754,0.00481031607576
0.8777503,0.8777503,0.00481031607576
1.6767307,1.6767307,0.00481031607576
1.5658993,1.5658993,0.00481031607576
-13.6242263,-10.0,0.00481031607576
-0.7538528,-0.7538528,0.00481031607576
1.4853021,1.4853021,0.00481031607576
-0.0377838,-0.0377838,0.00481031607576
-8.00000002243e-07,-8.00000002243e-07,0.00481031607576
-0.0684671,-0.0684671,0.00481031607576
-3.0366202,-3.0366202,0.00481031607576
-20.9999961,-10.0,0.00481031607576
-0.4300248,-0.4300248,0.00481031607576
-0.2386358,-0.2386358,0.00481031607576
-3.35000000007e-05,-3.35000000007e-05,0.00481031607576
-0.000247699999999,-0.000247699999999,0.00481031607576
2.20000000084e-06,2.20000000084e-06,0.00481031607576
-5.0965619,-5.0965619,0.00481031607576
-1.2500215,-1.2500215,0.00481031607576
-2.4612061,-2.4612061,0.00481031607576
-0.7989804,-0.7989804,0.00481031607576
-1.6767307,-1.6767307,0.00481031607576
-0.1108314,-0.1108314,0.00481031607576
-15.300957,-10.0,0.00481031607576
-2.4305835,-2.4305835,0.00481031607576
-0.1914286,-0.1914286,0.00481031607576
0.0730476,0.0730476,0.00481031607576
0.1108306,0.1108306,0.00481031607576
0.0423643,0.0423643,0.00481031607576
-2.9257888,-2.9257888,0.00481031607576
-20.8891647,-10.0,0.00481031607576
-0.3191934,-0.3191934,0.00481031607576
-0.1278044,-0.1278044,0.00481031607576
0.1107979,0.1107979,0.00481031607576
0.1105837,0.1105837,0.00481031607576
0.1108336,0.1108336,0.00481031607576
-4.9857305,-4.9857305,0.00481031607576
-1.1391901,-1.1391901,0.00481031607576
-2.3503747,-2.3503747,0.00481031607576
-0.688149,-0.688149,0.00481031607576
-1.5658993,-1.5658993,0.00481031607576
0.1108314,0.1108314,0.00481031607576
-15.1901256,-10.0,0.00481031607576
-2.3197521,-2.3197521,0.00481031607576
-0.0805972,-0.0805972,0.00481031607576
15.2631732,10.0,0.00481031607576
15.3009562,10.0,0.00481031607576
15.2324899,10.0,0.00481031607576
12.2643368,10.0,0.00481031607576
-5.6990391,-5.6990391,0.00481031607576
14.8709322,10.0,0.00481031607576
15.0623212,10.0,0.00481031607576
15.3009235,10.0,0.00481031607576
15.3007093,10.0,0.00481031607576
15.3009592,10.0,0.00481031607576
10.2043951,10.0,0.00481031607576
14.0509355,10.0,0.00481031607576
12.8397509,10.0,0.00481031607576
14.5019766,10.0,0.00481031607576
13.6242263,10.0,0.00481031607576
15.300957,10.0,0.00481031607576
15.1901256,10.0,0.00481031607576
12.8703735,10.0,0.00481031607576
15.1095284,10.0,0.00481031607576
2.3927997,2.3927997,0.00481031607576
2.4305827,2.4305827,0.00481031607576
2.3621164,2.3621164,0.00481031607576
-0.6060367,-0.6060367,0.00481031607576
-18.5694126,-10.0,0.00481031607576
2.0005587,2.0005587,0.00481031607576
2.1919477,2.1919477,0.00481031607576
2.43055,2.43055,0.00481031607576
2.4303358,2.4303358,0.00481031607576
2.4305857,2.4305857,0.00481031607576
-2.6659784,-2.6659784,0.00481031607576
1.180562,1.180562,0.00481031607576
-0.0306226,-0.0306226,0.00481031607576
1.6316031,1.6316031,0.00481031607576
0.7538528,0.7538528,0.00481031607576
2.4305835,2.4305835,0.00481031607576
2.3197521,2.3197521,0.00481031607576
-12.8703735,-10.0,0.00481031607576
2.2391549,2.2391549,0.00481031607576
0.1536448,0.1536448,0.00481031607576
0.1914278,0.1914278,0.00481031607576
0.1229615,0.1229615,0.00481031607576
-2.8451916,-2.8451916,0.00481031607576
-20.8085675,-10.0,0.00481031607576
-0.2385962,-0.2385962,0.00481031607576
-0.0472072,-0.0472072,0.00481031607576
0.1913951,0.1913951,0.00481031607576
0.1911809,0.1911809,0.00481031607576
0.1914308,0.1914308,0.00481031607576
-4.9051333,-4.9051333,0.00481031607576
-1.0585929,-1.0585929,0.00481031607576
-2.2697775,-2.2697775,0.00481031607576
-0.6075518,-0.6075518,0.00481031607576
-1.4853021,-1.4853021,0.00481031607576
0.1914286,0.1914286,0.00481031607576
0.0805972,0.0805972,0.00481031607576
-15.1095284,-10.0,0.00481031607576
-2.2391549,-2.2391549,0.00481031607576
6.12999999987e-05,6.12999999987e-05,9.75887410048e-08
-0.0130012,-0.0130012,9.75887410048e-08
-4.4916818,-4.4916818,9.75887410048e-08
-1.7614644,-1.7614644,9.75887410048e-08
-5.06000000016e-05,-5.06000000016e-05,9.75887410048e-08
-0.0241222,-0.0241222,9.75887410048e-08
-1.0569843,-1.0569843,9.75887410048e-08
-1.2938385,-1.2938385,9.75887410048e-08
0.000119299999998,0.000119299999998,9.75887410048e-08
-0.0004974,-0.0004974,9.75887410048e-08
6.21999999986e-05,6.21999999986e-05,9.75887410048e-08
-0.0702397,-0.0702397,9.75887410048e-08
0.000120599999999,0.000120599999999,9.75887410048e-08
-20.9998757,-10.0,9.75887410048e-08
-0.1002554,-0.1002554,9.75887410048e-08
-0.2175102,-0.2175102,9.75887410048e-08
-8.6603754,-8.6603754,9.75887410048e-08
-0.0017742,-0.0017742,9.75887410048e-08
-2.0021167,-2.0021167,9.75887410048e-08
-6.12999999987e-05,-6.12999999987e-05,9.75887410048e-08
-0.0130625,-0.0130625,9.75887410048e-08
-4.4917431,-4.4917431,9.75887410048e-08
-1.7615257,-1.7615257,9.75887410048e-08
-0.0001119,-0.0001119,9.75887410048e-08
-0.0241835,-0.0241835,9.75887410048e-08
-1.0570456,-1.0570456,9.75887410048e-08
-1.2938998,-1.2938998,9.75887410048e-08
5.79999999992e-05,5.79999999992e-05,9.75887410048e-08
-0.000558699999999,-0.000558699999999,9.75887410048e-08
8.99999999859e-07,8.99999999859e-07,9.75887410048e-08
-0.070301,-0.070301,9.75887410048e-08
5.93000000002e-05,5.93000000002e-05,9.75887410048e-08
-20.999937,-10.0,9.75887410048e-08
-0.1003167,-0.1003167,9.75887410048e-08
-0.2175715,-0.2175715,9.75887410048e-08
-8.6604367,-8.6604367,9.75887410048e-08
-0.0018355,-0.0018355,9.75887410048e-08
-2.002178,-2.002178,9.75887410048e-08
0.0130012,0.0130012,9.75887410048e-08
0.0130625,0.0130625,9.75887410048e-08
-4.4786806,-4.4786806,9.75887410048e-08
-1.7484632,-1.7484632,9.75887410048e-08
0.0129506,0.0129506,9.75887410048e-08
-0.011121,-0.011121,9.75887410048e-08
-1.0439831,-1.0439831,9.75887410048e-08
-1.2808373,-1.2808373,9.75887410048e-08
0.0131205,0.0131205,9.75887410048e-08
0.0125038,0.0125038,9.75887410048e-08
0.0130634,0.0130634,9.75887410048e-08
-0.0572385,-0.0572385,9.75887410048e-08
0.0131218,0.0131218,9.75887410048e-08
-20.9868745,-10.0,9.75887410048e-08
-0.0872542,-0.0872542,9.75887410048e-08
-0.204509,-0.204509,9.75887410048e-08
-8.6473742,-8.6473742,9.75887410048e-08
0.011227,0.011227,9.75887410048e-08
-1.9891155,-1.9891155,9.75887410048e-08
4.4916818,4.4916818,9.75887410048e-08
4.4917431,4.4917431,9.75887410048e-08
4.4786806,4.4786806,9.75887410048e-08
2.7302174,2.7302174,9.75887410048e-08
4.4916312,4.4916312,9.75887410048e-08
4.4675596,4.4675596,9.75887410048e-08
3.4346975,3.4346975,9.75887410048e-08
3.1978433,3.1978433,9.75887410048e-08
4.4918011,4.4918011,9.75887410048e-08
4.4911844,4.4911844,9.75887410048e-08
4.491744,4.491744,9.75887410048e-08
4.4214421,4.4214421,9.75887410048e-08
4.4918024,4.4918024,9.75887410048e-08
-16.5081939,-10.0,9.75887410048e-08
4.3914264,4.3914264,9.75887410048e-08
4.2741716,4.2741716,9.75887410048e-08
-4.1686936,-4.1686936,9.75887410048e-08
4.4899076,4.4899076,9.75887410048e-08
2.4895651,2.4895651,9.75887410048e-08
1.7614644,1.7614644,9.75887410048e-08
1.7615257,1.7615257,9.75887410048e-08
1.7484632,1.7484632,9.75887410048e-08
-2.7302174,-2.7302174,9.75887410048e-08
1.7614138,1.7614138,9.75887410048e-08
1.7373422,1.7373422,9.75887410048e-08
0.7044801,0.7044801,9.75887410048e-08
0.4676259,0.4676259,9.75887410048e-08
1.7615837,1.7615837,9.75887410048e-08
1.760967,1.760967,9.75887410048e-08
1.7615266,1.7615266,9.75887410048e-08
1.6912247,1.6912247,9.75887410048e-08
1.761585,1.761585,9.75887410048e-08
-19.2384113,-10.0,9.75887410048e-08
1.661209,1.661209,9.75887410048e-08
1.5439542,1.5439542,9.75887410048e-08
-6.898911,-6.898911,9.75887410048e-08
1.7596902,1.7596902,9.75887410048e-08
-0.2406523,-0.2406523,9.75887410048e-08
5.06000000016e-05,5.06000000016e-05,9.75887410048e-08
0.0001119,0.0001119,9.75887410048e-08
-0.0129506,-0.0129506,9.75887410048e-08
-4.4916312,-4.4916312,9.75887410048e-08
-1.7614138,-1.7614138,9.75887410048e-08
-0.0240716,-0.0240716,9.75887410048e-08
-1.0569337,-1.0569337,9.75887410048e-08
-1.2937879,-1.2937879,9.75887410048e-08
0.0001699,0.0001699,9.75887410048e-08
-0.000446799999999,-0.000446799999999,9.75887410048e-08
0.0001128,0.0001128,9.75887410048e-08
-0.0701891,-0.0701891,9.75887410048e-08
0.0001712,0.0001712,9.75887410048e-08
-20.9998251,-10.0,9.75887410048e-08
-0.1002048,-0.1002048,9.75887410048e-08
-0.2174596,-0.2174596,9.75887410048e-08
-8.6603248,-8.6603248,9.75887410048e-08
-0.0017236,-0.0017236,9.75887410048e-08
-2.0020661,-2.0020661,9.75887410048e-08
0.0241222,0.0241222,9.75887410048e-08
0.0241835,0.0241835,9.75887410048e-08
0.011121,0.011121,9.75887410048e-08
-4.4675596,-4.4675596,9.75887410048e-08
-1.7373422,-1.7373422,9.75887410048e-08
0.0240716,0.0240716,9.75887410048e-08
-1.0328621,-1.0328621,9.75887410048e-08
-1.2697163,-1.2697163,9.75887410048e-08
0.0242415,0.0242415,9.75887410048e-08
0.0236248,0.0236248,9.75887410048e-08
0.0241844,0.0241844,9.75887410048e-08
-0.0461175,-0.0461175,9.75887410048e-08
0.0242428,0.0242428,9.75887410048e-08
-20.9757535,-10.0,9.75887410048e-08
-0.0761332,-0.0761332,9.75887410048e-08
-0.193388,-0.193388,9.75887410048e-08
-8.6362532,-8.6362532,9.75887410048e-08
0.022348,0.022348,9.75887410048e-08
-1.9779945,-1.9779945,9.75887410048e-08
1.0569843,1.0569843,9.75887410048e-08
1.0570456,1.0570456,9.75887410048e-08
1.0439831,1.0439831,9.75887410048e-08
-3.4346975,-3.4346975,9.75887410048e-08
-0.7044801,-0.7044801,9.75887410048e-08
1.0569337,1.0569337,9.75887410048e-08
1.0328621,1.0328621,9.75887410048e-08
-0.2368542,-0.2368542,9.75887410048e-08
1.0571036,1.0571036,9.75887410048e-08
1.0564869,1.0564869,9.75887410048e-08
1.0570465,1.0570465,9.75887410048e-08
0.9867446,0.9867446,9.75887410048e-08
1.0571049,1.0571049,9.75887410048e-08
-19.9428914,-10.0,9.75887410048e-08
0.9567289,0.9567289,9.75887410048e-08
0.8394741,0.8394741,9.75887410048e-08
-7.6033911,-7.6033911,9.75887410048e-08
1.0552101,1.0552101,9.75887410048e-08
-0.9451324,-0.9451324,9.75887410048e-08
1.2938385,1.2938385,9.75887410048e-08
1.2938998,1.2938998,9.75887410048e-08
1.2808373,1.2808373,9.75887410048e-08
-3.1978433,-3.1978433,9.75887410048e-08
-0.4676259,-0.4676259,9.75887410048e-08
1.2937879,1.2937879,9.75887410048e-08
1.2697163,1.2697163,9.75887410048e-08
0.2368542,0.2368542,9.75887410048e-08
1.2939578,1.2939578,9.75887410048e-08
1.2933411,1.2933411,9.75887410048e-08
1.2939007,1.2939007,9.75887410048e-08
1.2235988,1.2235988,9.75887410048e-08
1.2939591,1.2939591,9.75887410048e-08
-19.7060372,-10.0,9.75887410048e-08
1.1935831,1.1935831,9.75887410048e-08
1.0763283,1.0763283,9.75887410048e-08
-7.3665369,-7.3665369,9.75887410048e-08
1.2920643,1.2920643,9.75887410048e-08
-0.7082782,-0.7082782,9.75887410048e-08
-0.000119299999998,-0.000119299999998,9.75887410048e-08
-5.79999999992e-05,-5.79999999992e-05,9.75887410048e-08
-0.0131205,-0.0131205,9.75887410048e-08
-4.4918011,-4.4918011,9.75887410048e-08
-1.7615837,-1.7615837,9.75887410048e-08
-0.0001699,-0.0001699,9.75887410048e-08
-0.0242415,-0.0242415,9.75887410048e-08
-1.0571036,-1.0571036,9.75887410048e-08
-1.2939578,-1.2939578,9.75887410048e-08
-0.000616699999998,-0.000616699999998,9.75887410048e-08
-5.70999999994e-05,-5.70999999994e-05,9.75887410048e-08
-0.070359,-0.070359,9.75887410048e-08
1.30000000098e-06,1.30000000098e-06,9.75887410048e-08
-20.999995,-10.0,9.75887410048e-08
-0.1003747,-0.1003747,9.75887410048e-08
-0.2176295,-0.2176295,9.75887410048e-08
-8.6604947,-8.6604947,9.75887410048e-08
-0.0018935,-0.0018935,9.75887410048e-08
-2.002236,-2.002236,9.75887410048e-08
0.0004974,0.0004974,9.75887410048e-08
0.000558699999999,0.000558699999999,9.75887410048e-08
-0.0125038,-0.0125038,9.75887410048e-08
-4.4911844,-4.4911844,9.75887410048e-08
-1.760967,-1.760967,9.75887410048e-08
0.000446799999999,0.000446799999999,9.75887410048e-08
-0.0236248,-0.0236248,9.75887410048e-08
-1.0564869,-1.0564869,9.75887410048e-08
-1.2933411,-1.2933411,9.75887410048e-08
0.000616699999998,0.000616699999998,9.75887410048e-08
0.000559599999999,0.000559599999999,9.75887410048e-08
-0.0697423,-0.0697423,9.75887410048e-08
0.000617999999999,0.000617999999999,9.75887410048e-08
-20.9993783,-10.0,9.75887410048e-08
-0.099758,-0.099758,9.75887410048e-08
-0.2170128,-0.2170128,9.75887410048e-08
-8.659878,-8.659878,9.75887410048e-08
-0.0012768,-0.0012768,9.75887410048e-08
-2.0016193,-2.0016193,9.75887410048e-08
-6.21999999986e-05,-6.21999999986e-05,9.75887410048e-08
-8.99999999859e-07,-8.99999999859e-07,9.75887410048e-08
-0.0130634,-0.0130634,9.75887410048e-08
-4.491744,-4.491744,9.75887410048e-08
-1.7615266,-1.7615266,9.75887410048e-08
-0.0001128,-0.0001128,9.75887410048e-08
-0.0241844,-0.0241844,9.75887410048e-08
-1.0570465,-1.0570465,9.75887410048e-08
-1.2939007,-1.2939007,9.75887410048e-08
5.70999999994e-05,5.70999999994e-05,9.75887410048e-08
-0.000559599999999,-0.000559599999999,9.75887410048e-08
-0.0703019,-0.0703019,9.75887410048e-08
5.84000000003e-05,5.84000000003e-05,9.75887410048e-08
-20.9999379,-10.0,9.75887410048e-08
-0.1003176,-0.1003176,9.75887410048e-08
-0.2175724,-0.2175724,9.75887410048e-08
-8.6604376,-8.6604376,9.75887410048e-08
-0.0018364,-0.0018364,9.75887410048e-08
-2.0021789,-2.0021789,9.75887410048e-08
0.0702397,0.0702397,9.75887410048e-08
0.070301,0.070301,9.75887410048e-08
0.0572385,0.0572385,9.75887410048e-08
-4.4214421,-4.4214421,9.75887410048e-08
-1.6912247,-1.6912247,9.75887410048e-08
0.0701891,0.0701891,9.75887410048e-08
0.0461175,0.0461175,9.75887410048e-08
-0.9867446,-0.9867446,9.75887410048e-08
-1.2235988,-1.2235988,9.75887410048e-08
0.070359,0.070359,9.75887410048e-08
0.0697423,0.0697423,9.75887410048e-08
0.0703019,0.0703019,9.75887410048e-08
0.0703603,0.0703603,9.75887410048e-08
-20.929636,-10.0,9.75887410048e-08
-0.0300157,-0.0300157,9.75887410048e-08
-0.1472705,-0.1472705,9.75887410048e-08
-8.5901357,-8.5901357,9.75887410048e-08
0.0684655,0.0684655,9.75887410048e-08
-1.931877,-1.931877,9.75887410048e-08
-0.000120599999999,-0.000120599999999,9.75887410048e-08
-5.93000000002e-05,-5.93000000002e-05,9.75887410048e-08
-0.0131218,-0.0131218,9.75887410048e-08
-4.4918024,-4.4918024,9.75887410048e-08
-1.761585,-1.761585,9.75887410048e-08
-0.0001712,-0.0001712,9.75887410048e-08
-0.0242428,-0.0242428,9.75887410048e-08
-1.0571049,-1.0571049,9.75887410048e-08
-1.2939591,-1.2939591,9.75887410048e-08
-1.30000000098e-06,-1.30000000098e-06,9.75887410048e-08
-0.000617999999999,-0.000617999999999,9.75887410048e-08
-5.84000000003e-05,-5.84000000003e-05,9.75887410048e-08
-0.0703603,-0.0703603,9.75887410048e-08
-20.9999963,-10.0,9.75887410048e-08
-0.100376,-0.100376,9.75887410048e-08
-0.2176308,-0.2176308,9.75887410048e-08
-8.660496,-8.660496,9.75887410048e-08
-0.0018948,-0.0018948,9.75887410048e-08
-2.0022373,-2.0022373,9.75887410048e-08
20.9998757,10.0,9.75887410048e-08
20.999937,10.0,9.75887410048e-08
20.9868745,10.0,9.75887410048e-08
16.5081939,10.0,9.75887410048e-08
19.2384113,10.0,9.75887410048e-08
20.9998251,10.0,9.75887410048e-08
20.9757535,10.0,9.75887410048e-08
19.9428914,10.0,9.75887410048e-08
19.7060372,10.0,9.75887410048e-08
20.999995,10.0,9.75887410048e-08
20.9993783,10.0,9.75887410048e-08
20.9999379,10.0,9.75887410048e-08
20.929636,10.0,9.75887410048e-08
20.9999963,10.0,9.75887410048e-08
20.8996203,10.0,9.75887410048e-08
20.7823655,10.0,9.75887410048e-08
12.3395003,10.0,9.75887410048e-08
20.9981015,10.0,9.75887410048e-08
18.997759,10.0,9.75887410048e-08
0.1002554,0.1002554,9.75887410048e-08
0.1003167,0.1003167,9.75887410048e-08
0.0872542,0.0872542,9.75887410048e-08
-4.3914264,-4.3914264,9.75887410048e-08
-1.661209,-1.661209,9.75887410048e-08
0.1002048,0.1002048,9.75887410048e-08
0.0761332,0.0761332,9.75887410048e-08
-0.9567289,-0.9567289,9.75887410048e-08
-1.1935831,-1.1935831,9.75887410048e-08
0.1003747,0.1003747,9.75887410048e-08
0.099758,0.099758,9.75887410048e-08
0.1003176,0.1003176,9.75887410048e-08
0.0300157,0.0300157,9.75887410048e-08
0.100376,0.100376,9.75887410048e-08
-20.8996203,-10.0,9.75887410048e-08
-0.1172548,-0.1172548,9.75887410048e-08
-8.56012,-8.56012,9.75887410048e-08
0.0984812,0.0984812,9.75887410048e-08
-1.9018613,-1.9018613,9.75887410048e-08
0.2175102,0.2175102,9.75887410048e-08
0.2175715,0.2175715,9.75887410048e-08
0.204509,0.204509,9.75887410048e-08
-4.2741716,-4.2741716,9.75887410048e-08
-1.5439542,-1.5439542,9.75887410048e-08
0.2174596,0.2174596,9.75887410048e-08
0.193388,0.193388,9.75887410048e-08
-0.8394741,-0.8394741,9.75887410048e-08
-1.0763283,-1.0763283,9.75887410048e-08
0.2176295,0.2176295,9.75887410048e-08
0.2170128,0.2170128,9.75887410048e-08
0.2175724,0.2175724,9.75887410048e-08
0.1472705,0.1472705,9.75887410048e-08
0.2176308,0.2176308,9.75887410048e-08
-20.7823655,-10.0,9.75887410048e-08
0.1172548,0.1172548,9.75887410048e-08
-8.4428652,-8.4428652,9.75887410048e-08
0.215736,0.215736,9.75887410048e-08
-1.7846065,-1.7846065,9.75887410048e-08
8.6603754,8.6603754,9.75887410048e-08
8.6604367,8.6604367,9.75887410048e-08
8.6473742,8.6473742,9.75887410048e-08
4.1686936,4.1686936,9.75887410048e-08
6.898911,6.898911,9.75887410048e-08
8.6603248,8.6603248,9.75887410048e-08
8.6362532,8.6362532,9.75887410048e-08
7.6033911,7.6033911,9.75887410048e-08
7.3665369,7.3665369,9.75887410048e-08
8.6604947,8.6604947,9.75887410048e-08
8.659878,8.659878,9.75887410048e-08
8.6604376,8.6604376,9.75887410048e-08
8.5901357,8.5901357,9.75887410048e-08
8.660496,8.660496,9.75887410048e-08
-12.3395003,-10.0,9.75887410048e-08
8.56012,8.56012,9.75887410048e-08
8.4428652,8.4428652,9.75887410048e-08
8.6586012,8.6586012,9.75887410048e-08
6.6582587,6.6582587,9.75887410048e-08
0.0017742,0.0017742,9.75887410048e-08
0.0018355,0.0018355,9.75887410048e-08
-0.011227,-0.011227,9.75887410048e-08
-4.4899076,-4.4899076,9.75887410048e-08
-1.7596902,-1.7596902,9.75887410048e-08
0.0017236,0.0017236,9.75887410048e-08
-0.022348,-0.022348,9.75887410048e-08
-1.0552101,-1.0552101,9.75887410048e-08
-1.2920643,-1.2920643,9.75887410048e-08
0.0018935,0.0018935,9.75887410048e-08
0.0012768,0.0012768,9.75887410048e-08
0.0018364,0.0018364,9.75887410048e-08
-0.0684655,-0.0684655,9.75887410048e-08
0.0018948,0.0018948,9.75887410048e-08
-20.9981015,-10.0,9.75887410048e-08
-0.0984812,-0.0984812,9.75887410048e-08
-0.215736,-0.215736,9.75887410048e-08
-8.6586012,-8.6586012,9.75887410048e-08
-2.0003425,-2.0003425,9.75887410048e-08
2.0021167,2.0021167,9.75887410048e-08
2.002178,2.002178,9.75887410048e-08
1.9891155,1.9891155,9.75887410048e-08
-2.4895651,-2.4895651,9.75887410048e-08
0.2406523,0.2406523,9.75887410048e-08
2.0020661,2.0020661,9.75887410048e-08
1.9779945,1.9779945,9.75887410048e-08
0.9451324,0.9451324,9.75887410048e-08
0.7082782,0.7082782,9.75887410048e-08
2.002236,2.002236,9.75887410048e-08
2.0016193,2.0016193,9.75887410048e-08
2.0021789,2.0021789,9.75887410048e-08
1.931877,1.931877,9.75887410048e-08
2.0022373,2.0022373,9.75887410048e-08
-18.997759,-10.0,9.75887410048e-08
1.9018613,1.9018613,9.75887410048e-08
1.7846065,1.7846065,9.75887410048e-08
-6.6582587,-6.6582587,9.75887410048e-08
2.0003425,2.0003425,9.75887410048e-08
20.3743236,10.0,0.240014293615
20.3496989,10.0,0.240014293615
0.4163661,0.4163661,0.240014293615
19.9330584,10.0,0.240014293615
20.3666895,10.0,0.240014293615
11.9221974,10.0,0.240014293615
10.1759615,10.0,0.240014293615
18.6058062,10.0,0.240014293615
20.3040028,10.0,0.240014293615
19.8334658,10.0,0.240014293615
19.06512,10.0,0.240014293615
20.3743232,10.0,0.240014293615
-0.4325218,-0.4325218,0.240014293615
-0.6256764,-0.6256764,0.240014293615
2.5104653,2.5104653,0.240014293615
-0.0444424,-0.0444424,0.240014293615
16.9583186,10.0,0.240014293615
19.335868,10.0,0.240014293615
17.2297019,10.0,0.240014293615
-20.3743236,-10.0,0.240014293615
-0.0246247,-0.0246247,0.240014293615
-19.9579575,-10.0,0.240014293615
-0.4412652,-0.4412652,0.240014293615
-0.0076341,-0.0076341,0.240014293615
-8.4521262,-8.4521262,0.240014293615
-10.1983621,-10.0,0.240014293615
-1.7685174,-1.7685174,0.240014293615
-0.0703208,-0.0703208,0.240014293615
-0.5408578,-0.5408578,0.240014293615
-1.3092036,-1.3092036,0.240014293615
-4.00000001122e-07,-4.00000001122e-07,0.240014293615
-20.8068454,-10.0,0.240014293615
-21.0,-10.0,0.240014293615
-17.8638583,-10.0,0.240014293615
-20.418766,-10.0,0.240014293615
-3.416005,-3.416005,0.240014293615
-1.0384556,-1.0384556,0.240014293615
-3.1446217,-3.1446217,0.240014293615
-20.3496989,-10.0,0.240014293615
0.0246247,0.0246247,0.240014293615
-19.9333328,-10.0,0.240014293615
-0.4166405,-0.4166405,0.240014293615
0.0169906,0.0169906,0.240014293615
-8.4275015,-8.4275015,0.240014293615
-10.1737374,-10.0,0.240014293615
-1.7438927,-1.7438927,0.240014293615
-0.0456961,-0.0456961,0.240014293615
-0.5162331,-0.5162331,0.240014293615
-1.2845789,-1.2845789,0.240014293615
0.0246243,0.0246243,0.240014293615
-20.7822207,-10.0,0.240014293615
-20.9753753,-10.0,0.240014293615
-17.8392336,-10.0,0.240014293615
-20.3941413,-10.0,0.240014293615
-3.3913803,-3.3913803,0.240014293615
-1.0138309,-1.0138309,0.240014293615
-3.119997,-3.119997,0.240014293615
-0.4163661,-0.4163661,0.240014293615
19.9579575,10.0,0.240014293615
19.9333328,10.0,0.240014293615
19.5166923,10.0,0.240014293615
19.9503234,10.0,0.240014293615
11.5058313,10.0,0.240014293615
9.7595954,9.7595954,0.240014293615
18.1894401,10.0,0.240014293615
19.8876367,10.0,0.240014293615
19.4170997,10.0,0.240014293615
18.6487539,10.0,0.240014293615
19.9579571,10.0,0.240014293615
-0.8488879,-0.8488879,0.240014293615
-1.0420425,-1.0420425,0.240014293615
2.0940992,2.0940992,0.240014293615
-0.4608085,-0.4608085,0.240014293615
16.5419525,10.0,0.240014293615
18.9195019,10.0,0.240014293615
16.8133358,10.0,0.240014293615
-19.9330584,-10.0,0.240014293615
0.4412652,0.4412652,0.240014293615
0.4166405,0.4166405,0.240014293615
-19.5166923,-10.0,0.240014293615
0.4336311,0.4336311,0.240014293615
-8.010861,-8.010861,0.240014293615
-9.7570969,-9.7570969,0.240014293615
-1.3272522,-1.3272522,0.240014293615
0.3709444,0.3709444,0.240014293615
-0.0995926,-0.0995926,0.240014293615
-0.8679384,-0.8679384,0.240014293615
0.4412648,0.4412648,0.240014293615
-20.3655802,-10.0,0.240014293615
-20.5587348,-10.0,0.240014293615
-17.4225931,-10.0,0.240014293615
-19.9775008,-10.0,0.240014293615
-2.9747398,-2.9747398,0.240014293615
-0.5971904,-0.5971904,0.240014293615
-2.7033565,-2.7033565,0.240014293615
-20.3666895,-10.0,0.240014293615
0.0076341,0.0076341,0.240014293615
-0.0169906,-0.0169906,0.240014293615
-19.9503234,-10.0,0.240014293615
-0.4336311,-0.4336311,0.240014293615
-8.4444921,-8.4444921,0.240014293615
-10.190728,-10.0,0.240014293615
-1.7608833,-1.7608833,0.240014293615
-0.0626867,-0.0626867,0.240014293615
-0.5332237,-0.5332237,0.240014293615
-1.3015695,-1.3015695,0.240014293615
0.0076337,0.0076337,0.240014293615
-20.7992113,-10.0,0.240014293615
-20.9923659,-10.0,0.240014293615
-17.8562242,-10.0,0.240014293615
-20.4111319,-10.0,0.240014293615
-3.4083709,-3.4083709,0.240014293615
-1.0308215,-1.0308215,0.240014293615
-3.1369876,-3.1369876,0.240014293615
-11.9221974,-10.0,0.240014293615
8.4521262,8.4521262,0.240014293615
8.4275015,8.4275015,0.240014293615
-11.5058313,-10.0,0.240014293615
8.010861,8.010861,0.240014293615
8.4444921,8.4444921,0.240014293615
-1.7462359,-1.7462359,0.240014293615
6.6836088,6.6836088,0.240014293615
8.3818054,8.3818054,0.240014293615
7.9112684,7.9112684,0.240014293615
7.1429226,7.1429226,0.240014293615
8.4521258,8.4521258,0.240014293615
-12.3547192,-10.0,0.240014293615
-12.5478738,-10.0,0.240014293615
-9.4117321,-9.4117321,0.240014293615
-11.9666398,-10.0,0.240014293615
5.0361212,5.0361212,0.240014293615
7.4136706,7.4136706,0.240014293615
5.3075045,5.3075045,0.240014293615
-10.1759615,-10.0,0.240014293615
10.1983621,10.0,0.240014293615
10.1737374,10.0,0.240014293615
-9.7595954,-9.7595954,0.240014293615
9.7570969,9.7570969,0.240014293615
10.190728,10.0,0.240014293615
1.7462359,1.7462359,0.240014293615
8.4298447,8.4298447,0.240014293615
10.1280413,10.0,0.240014293615
9.6575043,9.6575043,0.240014293615
8.8891585,8.8891585,0.240014293615
10.1983617,10.0,0.240014293615
-10.6084833,-10.0,0.240014293615
-10.8016379,-10.0,0.240014293615
-7.6654962,-7.6654962,0.240014293615
-10.2204039,-10.0,0.240014293615
6.7823571,6.7823571,0.240014293615
9.1599065,9.1599065,0.240014293615
7.0537404,7.0537404,0.240014293615
-18.6058062,-10.0,0.240014293615
1.7685174,1.7685174,0.240014293615
1.7438927,1.7438927,0.240014293615
-18.1894401,-10.0,0.240014293615
1.3272522,1.3272522,0.240014293615
1.7608833,1.7608833,0.240014293615
-6.6836088,-6.6836088,0.240014293615
-8.4298447,-8.4298447,0.240014293615
1.6981966,1.6981966,0.240014293615
1.2276596,1.2276596,0.240014293615
0.4593138,0.4593138,0.240014293615
1.768517,1.768517,0.240014293615
-19.038328,-10.0,0.240014293615
-19.2314826,-10.0,0.240014293615
-16.0953409,-10.0,0.240014293615
-18.6502486,-10.0,0.240014293615
-1.6474876,-1.6474876,0.240014293615
0.7300618,0.7300618,0.240014293615
-1.3761043,-1.3761043,0.240014293615
-20.3040028,-10.0,0.240014293615
0.0703208,0.0703208,0.240014293615
0.0456961,0.0456961,0.240014293615
-19.8876367,-10.0,0.240014293615
-0.3709444,-0.3709444,0.240014293615
0.0626867,0.0626867,0.240014293615
-8.3818054,-8.3818054,0.240014293615
-10.1280413,-10.0,0.240014293615
-1.6981966,-1.6981966,0.240014293615
-0.470537,-0.470537,0.240014293615
-1.2388828,-1.2388828,0.240014293615
0.0703204,0.0703204,0.240014293615
-20.7365246,-10.0,0.240014293615
-20.9296792,-10.0,0.240014293615
-17.7935375,-10.0,0.240014293615
-20.3484452,-10.0,0.240014293615
-3.3456842,-3.3456842,0.240014293615
-0.9681348,-0.9681348,0.240014293615
-3.0743009,-3.0743009,0.240014293615
-19.8334658,-10.0,0.240014293615
0.5408578,0.5408578,0.240014293615
0.5162331,0.5162331,0.240014293615
-19.4170997,-10.0,0.240014293615
0.0995926,0.0995926,0.240014293615
0.5332237,0.5332237,0.240014293615
-7.9112684,-7.9112684,0.240014293615
-9.6575043,-9.6575043,0.240014293615
-1.2276596,-1.2276596,0.240014293615
0.470537,0.470537,0.240014293615
-0.7683458,-0.7683458,0.240014293615
0.5408574,0.5408574,0.240014293615
-20.2659876,-10.0,0.240014293615
-20.4591422,-10.0,0.240014293615
-17.3230005,-10.0,0.240014293615
-19.8779082,-10.0,0.240014293615
-2.8751472,-2.8751472,0.240014293615
-0.4975978,-0.4975978,0.240014293615
-2.6037639,-2.6037639,0.240014293615
-19.06512,-10.0,0.240014293615
1.3092036,1.3092036,0.240014293615
1.2845789,1.2845789,0.240014293615
-18.6487539,-10.0,0.240014293615
0.8679384,0.8679384,0.240014293615
1.3015695,1.3015695,0.240014293615
-7.1429226,-7.1429226,0.240014293615
-8.8891585,-8.8891585,0.240014293615
-0.4593138,-0.4593138,0.240014293615
1.2388828,1.2388828,0.240014293615
0.7683458,0.7683458,0.240014293615
1.3092032,1.3092032,0.240014293615
-19.4976418,-10.0,0.240014293615
-19.6907964,-10.0,0.240014293615
-16.5546547,-10.0,0.240014293615
-19.1095624,-10.0,0.240014293615
-2.1068014,-2.1068014,0.240014293615
0.270748,0.270748,0.240014293615
-1.8354181,-1.8354181,0.240014293615
-20.3743232,-10.0,0.240014293615
4.00000001122e-07,4.00000001122e-07,0.240014293615
-0.0246243,-0.0246243,0.240014293615
-19.9579571,-10.0,0.240014293615
-0.4412648,-0.4412648,0.240014293615
-0.0076337,-0.0076337,0.240014293615
-8.4521258,-8.4521258,0.240014293615
-10.1983617,-10.0,0.240014293615
-1.768517,-1.768517,0.240014293615
-0.0703204,-0.0703204,0.240014293615
-0.5408574,-0.5408574,0.240014293615
-1.3092032,-1.3092032,0.240014293615
-20.806845,-10.0,0.240014293615
-20.9999996,-10.0,0.240014293615
-17.8638579,-10.0,0.240014293615
-20.4187656,-10.0,0.240014293615
-3.4160046,-3.4160046,0.240014293615
-1.0384552,-1.0384552,0.240014293615
-3.1446213,-3.1446213,0.240014293615
0.4325218,0.4325218,0.240014293615
20.8068454,10.0,0.240014293615
20.7822207,10.0,0.240014293615
0.8488879,0.8488879,0.240014293615
20.3655802,10.0,0.240014293615
20.7992113,10.0,0.240014293615
12.3547192,10.0,0.240014293615
10.6084833,10.0,0.240014293615
19.038328,10.0,0.240014293615
20.7365246,10.0,0.240014293615
20.2659876,10.0,0.240014293615
19.4976418,10.0,0.240014293615
20.806845,10.0,0.240014293615
-0.1931546,-0.1931546,0.240014293615
2.9429871,2.9429871,0.240014293615
0.3880794,0.3880794,0.240014293615
17.3908404,10.0,0.240014293615
19.7683898,10.0,0.240014293615
17.6622237,10.0,0.240014293615
0.6256764,0.6256764,0.240014293615
21.0,10.0,0.240014293615
20.9753753,10.0,0.240014293615
1.0420425,1.0420425,0.240014293615
20.5587348,10.0,0.240014293615
20.9923659,10.0,0.240014293615
12.5478738,10.0,0.240014293615
10.8016379,10.0,0.240014293615
19.2314826,10.0,0.240014293615
20.9296792,10.0,0.240014293615
20.4591422,10.0,0.240014293615
19.6907964,10.0,0.240014293615
20.9999996,10.0,0.240014293615
0.1931546,0.1931546,0.240014293615
3.1361417,3.1361417,0.240014293615
0.581234,0.581234,0.240014293615
17.583995,10.0,0.240014293615
19.9615444,10.0,0.240014293615
17.8553783,10.0,0.240014293615
-2.5104653,-2.5104653,0.240014293615
17.8638583,10.0,0.240014293615
17.8392336,10.0,0.240014293615
-2.0940992,-2.0940992,0.240014293615
17.4225931,10.0,0.240014293615
17.8562242,10.0,0.240014293615
9.4117321,9.4117321,0.240014293615
7.6654962,7.6654962,0.240014293615
16.0953409,10.0,0.240014293615
17.7935375,10.0,0.240014293615
17.3230005,10.0,0.240014293615
16.5546547,10.0,0.240014293615
17.8638579,10.0,0.240014293615
-2.9429871,-2.9429871,0.240014293615
-3.1361417,-3.1361417,0.240014293615
-2.5549077,-2.5549077,0.240014293615
14.4478533,10.0,0.240014293615
16.8254027,10.0,0.240014293615
14.7192366,10.0,0.240014293615
0.0444424,0.0444424,0.240014293615
20.418766,10.0,0.240014293615
20.3941413,10.0,0.240014293615
0.4608085,0.4608085,0.240014293615
19.9775008,10.0,0.240014293615
20.4111319,10.0,0.240014293615
11.9666398,10.0,0.240014293615
10.2204039,10.0,0.240014293615
18.6502486,10.0,0.240014293615
20.3484452,10.0,0.240014293615
19.8779082,10.0,0.240014293615
19.1095624,10.0,0.240014293615
20.4187656,10.0,0.240014293615
-0.3880794,-0.3880794,0.240014293615
-0.581234,-0.581234,0.240014293615
2.5549077,2.5549077,0.240014293615
17.002761,10.0,0.240014293615
19.3803104,10.0,0.240014293615
17.2741443,10.0,0.240014293615
-16.9583186,-10.0,0.240014293615
3.416005,3.416005,0.240014293615
3.3913803,3.3913803,0.240014293615
-16.5419525,-10.0,0.240014293615
2.9747398,2.9747398,0.240014293615
3.4083709,3.4083709,0.240014293615
-5.0361212,-5.0361212,0.240014293615
-6.7823571,-6.7823571,0.240014293615
1.6474876,1.6474876,0.240014293615
3.3456842,3.3456842,0.240014293615
2.8751472,2.8751472,0.240014293615
2.1068014,2.1068014,0.240014293615
3.4160046,3.4160046,0.240014293615
-17.3908404,-10.0,0.240014293615
-17.583995,-10.0,0.240014293615
-14.4478533,-10.0,0.240014293615
-17.002761,-10.0,0.240014293615
2.3775494,2.3775494,0.240014293615
0.2713833,0.2713833,0.240014293615
-19.335868,-10.0,0.240014293615
1.0384556,1.0384556,0.240014293615
1.0138309,1.0138309,0.240014293615
-18.9195019,-10.0,0.240014293615
0.5971904,0.5971904,0.240014293615
1.0308215,1.0308215,0.240014293615
-7.4136706,-7.4136706,0.240014293615
-9.1599065,-9.1599065,0.240014293615
-0.7300618,-0.7300618,0.240014293615
0.9681348,0.9681348,0.240014293615
0.4975978,0.4975978,0.240014293615
-0.270748,-0.270748,0.240014293615
1.0384552,1.0384552,0.240014293615
-19.7683898,-10.0,0.240014293615
-19.9615444,-10.0,0.240014293615
-16.8254027,-10.0,0.240014293615
-19.3803104,-10.0,0.240014293615
-2.3775494,-2.3775494,0.240014293615
-2.1061661,-2.1061661,0.240014293615
-17.2297019,-10.0,0.240014293615
3.1446217,3.1446217,0.240014293615
3.119997,3.119997,0.240014293615
-16.8133358,-10.0,0.240014293615
2.7033565,2.7033565,0.240014293615
3.1369876,3.1369876,0.240014293615
-5.3075045,-5.3075045,0.240014293615
-7.0537404,-7.0537404,0.240014293615
1.3761043,1.3761043,0.240014293615
3.0743009,3.0743009,0.240014293615
2.6037639,2.6037639,0.240014293615
1.8354181,1.8354181,0.240014293615
3.1446213,3.1446213,0.240014293615
-17.6622237,-10.0,0.240014293615
-17.8553783,-10.0,0.240014293615
-14.7192366,-10.0,0.240014293615
-17.2741443,-10.0,0.240014293615
-0.2713833,-0.2713833,0.240014293615
2.1061661,2.1061661,0.240014293615
18.2054871,10.0,0.22376476131
18.2467487,10.0,0.22376476131
18.4618159,10.0,0.22376476131
3.4000948,3.4000948,0.22376476131
17.6551523,10.0,0.22376476131
18.4618134,10.0,0.22376476131
-0.7153736,-0.7153736,0.22376476131
18.0775799,10.0,0.22376476131
-2.5381839,-2.5381839,0.22376476131
3.4200759,3.4200759,0.22376476131
-0.7045747,-0.7045747,0.22376476131
18.4135651,10.0,0.22376476131
14.6656729,10.0,0.22376476131
18.3119997,10.0,0.22376476131
18.4618159,10.0,0.22376476131
-0.3084431,-0.3084431,0.22376476131
-0.1595793,-0.1595793,0.22376476131
14.8005082,10.0,0.22376476131
18.4233264,10.0,0.22376476131
-18.2054871,-10.0,0.22376476131
0.0412616,0.0412616,0.22376476131
0.2563288,0.2563288,0.22376476131
-14.8053923,-10.0,0.22376476131
-0.5503348,-0.5503348,0.22376476131
0.2563263,0.2563263,0.22376476131
-18.9208607,-10.0,0.22376476131
-0.1279072,-0.1279072,0.22376476131
-20.743671,-10.0,0.22376476131
-14.7854112,-10.0,0.22376476131
-18.9100618,-10.0,0.22376476131
0.208078,0.208078,0.22376476131
-3.5398142,-3.5398142,0.22376476131
0.1065126,0.1065126,0.22376476131
0.2563288,0.2563288,0.22376476131
-18.5139302,-10.0,0.22376476131
-18.3650664,-10.0,0.22376476131
-3.4049789,-3.4049789,0.22376476131
0.2178393,0.2178393,0.22376476131
-18.2467487,-10.0,0.22376476131
-0.0412616,-0.0412616,0.22376476131
0.2150672,0.2150672,0.22376476131
-14.8466539,-10.0,0.22376476131
-0.5915964,-0.5915964,0.22376476131
0.2150647,0.2150647,0.22376476131
-18.9621223,-10.0,0.22376476131
-0.1691688,-0.1691688,0.22376476131
-20.7849326,-10.0,0.22376476131
-14.8266728,-10.0,0.22376476131
-18.9513234,-10.0,0.22376476131
0.1668164,0.1668164,0.22376476131
-3.5810758,-3.5810758,0.22376476131
0.065251,0.065251,0.22376476131
0.2150672,0.2150672,0.22376476131
-18.5551918,-10.0,0.22376476131
-18.406328,-10.0,0.22376476131
-3.4462405,-3.4462405,0.22376476131
0.1765777,0.1765777,0.22376476131
-18.4618159,-10.0,0.22376476131
-0.2563288,-0.2563288,0.22376476131
-0.2150672,-0.2150672,0.22376476131
-15.0617211,-10.0,0.22376476131
-0.8066636,-0.8066636,0.22376476131
-2.50000000079e-06,-2.50000000079e-06,0.22376476131
-19.1771895,-10.0,0.22376476131
-0.384236,-0.384236,0.22376476131
-20.9999998,-10.0,0.22376476131
-15.04174,-10.0,0.22376476131
-19.1663906,-10.0,0.22376476131
-0.0482508,-0.0482508,0.22376476131
-3.796143,-3.796143,0.22376476131
-0.1498162,-0.1498162,0.22376476131
0.0,0.0,0.22376476131
-18.770259,-10.0,0.22376476131
-18.6213952,-10.0,0.22376476131
-3.6613077,-3.6613077,0.22376476131
-0.0384895,-0.0384895,0.22376476131
-3.4000948,-3.4000948,0.22376476131
14.8053923,10.0,0.22376476131
14.8466539,10.0,0.22376476131
15.0617211,10.0,0.22376476131
14.2550575,10.0,0.22376476131
15.0617186,10.0,0.22376476131
-4.1154684,-4.1154684,0.22376476131
14.6774851,10.0,0.22376476131
-5.9382787,-5.9382787,0.22376476131
0.0199811,0.0199811,0.22376476131
-4.1046695,-4.1046695,0.22376476131
15.0134703,10.0,0.22376476131
11.2655781,10.0,0.22376476131
14.9119049,10.0,0.22376476131
15.0617211,10.0,0.22376476131
-3.7085379,-3.7085379,0.22376476131
-3.5596741,-3.5596741,0.22376476131
11.4004134,10.0,0.22376476131
15.0232316,10.0,0.22376476131
-17.6551523,-10.0,0.22376476131
0.5503348,0.5503348,0.22376476131
0.5915964,0.5915964,0.22376476131
0.8066636,0.8066636,0.22376476131
-14.2550575,-10.0,0.22376476131
0.8066611,0.8066611,0.22376476131
-18.3705259,-10.0,0.22376476131
0.4224276,0.4224276,0.22376476131
-20.1933362,-10.0,0.22376476131
-14.2350764,-10.0,0.22376476131
-18.359727,-10.0,0.22376476131
0.7584128,0.7584128,0.22376476131
-2.9894794,-2.9894794,0.22376476131
0.6568474,0.6568474,0.22376476131
0.8066636,0.8066636,0.22376476131
-17.9635954,-10.0,0.22376476131
-17.8147316,-10.0,0.22376476131
-2.8546441,-2.8546441,0.22376476131
0.7681741,0.7681741,0.22376476131
-18.4618134,-10.0,0.22376476131
-0.2563263,-0.2563263,0.22376476131
-0.2150647,-0.2150647,0.22376476131
2.50000000079e-06,2.50000000079e-06,0.22376476131
-15.0617186,-10.0,0.22376476131
-0.8066611,-0.8066611,0.22376476131
-19.177187,-10.0,0.22376476131
-0.3842335,-0.3842335,0.22376476131
-20.9999973,-10.0,0.22376476131
-15.0417375,-10.0,0.22376476131
-19.1663881,-10.0,0.22376476131
-0.0482483,-0.0482483,0.22376476131
-3.7961405,-3.7961405,0.22376476131
-0.1498137,-0.1498137,0.22376476131
2.50000000079e-06,2.50000000079e-06,0.22376476131
-18.7702565,-10.0,0.22376476131
-18.6213927,-10.0,0.22376476131
-3.6613052,-3.6613052,0.22376476131
-0.038487,-0.038487,0.22376476131
0.7153736,0.7153736,0.22376476131
18.9208607,10.0,0.22376476131
18.9621223,10.0,0.22376476131
19.1771895,10.0,0.22376476131
4.1154684,4.1154684,0.22376476131
18.3705259,10.0,0.22376476131
19.177187,10.0,0.22376476131
18.7929535,10.0,0.22376476131
-1.8228103,-1.8228103,0.22376476131
4.1354495,4.1354495,0.22376476131
0.0107989,0.0107989,0.22376476131
19.1289387,10.0,0.22376476131
15.3810465,10.0,0.22376476131
19.0273733,10.0,0.22376476131
19.1771895,10.0,0.22376476131
0.4069305,0.4069305,0.22376476131
0.5557943,0.5557943,0.22376476131
15.5158818,10.0,0.22376476131
19.1387,10.0,0.22376476131
-18.0775799,-10.0,0.22376476131
0.1279072,0.1279072,0.22376476131
0.1691688,0.1691688,0.22376476131
0.384236,0.384236,0.22376476131
-14.6774851,-10.0,0.22376476131
-0.4224276,-0.4224276,0.22376476131
0.3842335,0.3842335,0.22376476131
-18.7929535,-10.0,0.22376476131
-20.6157638,-10.0,0.22376476131
-14.657504,-10.0,0.22376476131
-18.7821546,-10.0,0.22376476131
0.3359852,0.3359852,0.22376476131
-3.411907,-3.411907,0.22376476131
0.2344198,0.2344198,0.22376476131
0.384236,0.384236,0.22376476131
-18.386023,-10.0,0.22376476131
-18.2371592,-10.0,0.22376476131
-3.2770717,-3.2770717,0.22376476131
0.3457465,0.3457465,0.22376476131
2.5381839,2.5381839,0.22376476131
20.743671,10.0,0.22376476131
20.7849326,10.0,0.22376476131
20.9999998,10.0,0.22376476131
5.9382787,5.9382787,0.22376476131
20.1933362,10.0,0.22376476131
20.9999973,10.0,0.22376476131
1.8228103,1.8228103,0.22376476131
20.6157638,10.0,0.22376476131
5.9582598,5.9582598,0.22376476131
1.8336092,1.8336092,0.22376476131
20.951749,10.0,0.22376476131
17.2038568,10.0,0.22376476131
20.8501836,10.0,0.22376476131
20.9999998,10.0,0.22376476131
2.2297408,2.2297408,0.22376476131
2.3786046,2.3786046,0.22376476131
17.3386921,10.0,0.22376476131
20.9615103,10.0,0.22376476131
-3.4200759,-3.4200759,0.22376476131
14.7854112,10.0,0.22376476131
14.8266728,10.0,0.22376476131
15.04174,10.0,0.22376476131
-0.0199811,-0.0199811,0.22376476131
14.2350764,10.0,0.22376476131
15.0417375,10.0,0.22376476131
-4.1354495,-4.1354495,0.22376476131
14.657504,10.0,0.22376476131
-5.9582598,-5.9582598,0.22376476131
-4.1246506,-4.1246506,0.22376476131
14.9934892,10.0,0.22376476131
11.245597,10.0,0.22376476131
14.8919238,10.0,0.22376476131
15.04174,10.0,0.22376476131
-3.728519,-3.728519,0.22376476131
-3.5796552,-3.5796552,0.22376476131
11.3804323,10.0,0.22376476131
15.0032505,10.0,0.22376476131
0.7045747,0.7045747,0.22376476131
18.9100618,10.0,0.22376476131
18.9513234,10.0,0.22376476131
19.1663906,10.0,0.22376476131
4.1046695,4.1046695,0.22376476131
18.359727,10.0,0.22376476131
19.1663881,10.0,0.22376476131
-0.0107989,-0.0107989,0.22376476131
18.7821546,10.0,0.22376476131
-1.8336092,-1.8336092,0.22376476131
4.1246506,4.1246506,0.22376476131
19.1181398,10.0,0.22376476131
15.3702476,10.0,0.22376476131
19.0165744,10.0,0.22376476131
19.1663906,10.0,0.22376476131
0.3961316,0.3961316,0.22376476131
0.5449954,0.5449954,0.22376476131
15.5050829,10.0,0.22376476131
19.1279011,10.0,0.22376476131
-18.4135651,-10.0,0.22376476131
-0.208078,-0.208078,0.22376476131
-0.1668164,-0.1668164,0.22376476131
0.0482508,0.0482508,0.22376476131
-15.0134703,-10.0,0.22376476131
-0.7584128,-0.7584128,0.22376476131
0.0482483,0.0482483,0.22376476131
-19.1289387,-10.0,0.22376476131
-0.3359852,-0.3359852,0.22376476131
-20.951749,-10.0,0.22376476131
-14.9934892,-10.0,0.22376476131
-19.1181398,-10.0,0.22376476131
-3.7478922,-3.7478922,0.22376476131
-0.1015654,-0.1015654,0.22376476131
0.0482508,0.0482508,0.22376476131
-18.7220082,-10.0,0.22376476131
-18.5731444,-10.0,0.22376476131
-3.6130569,-3.6130569,0.22376476131
0.0097613,0.0097613,0.22376476131
-14.6656729,-10.0,0.22376476131
3.5398142,3.5398142,0.22376476131
3.5810758,3.5810758,0.22376476131
3.796143,3.796143,0.22376476131
-11.2655781,-10.0,0.22376476131
2.9894794,2.9894794,0.22376476131
3.7961405,3.7961405,0.22376476131
-15.3810465,-10.0,0.22376476131
3.411907,3.411907,0.22376476131
-17.2038568,-10.0,0.22376476131
-11.245597,-10.0,0.22376476131
-15.3702476,-10.0,0.22376476131
3.7478922,3.7478922,0.22376476131
3.6463268,3.6463268,0.22376476131
3.796143,3.796143,0.22376476131
-14.974116,-10.0,0.22376476131
-14.8252522,-10.0,0.22376476131
0.1348353,0.1348353,0.22376476131
3.7576535,3.7576535,0.22376476131
-18.3119997,-10.0,0.22376476131
-0.1065126,-0.1065126,0.22376476131
-0.065251,-0.065251,0.22376476131
0.1498162,0.1498162,0.22376476131
-14.9119049,-10.0,0.22376476131
-0.6568474,-0.6568474,0.22376476131
0.1498137,0.1498137,0.22376476131
-19.0273733,-10.0,0.22376476131
-0.2344198,-0.2344198,0.22376476131
-20.8501836,-10.0,0.22376476131
-14.8919238,-10.0,0.22376476131
-19.0165744,-10.0,0.22376476131
0.1015654,0.1015654,0.22376476131
-3.6463268,-3.6463268,0.22376476131
0.1498162,0.1498162,0.22376476131
-18.6204428,-10.0,0.22376476131
-18.471579,-10.0,0.22376476131
-3.5114915,-3.5114915,0.22376476131
0.1113267,0.1113267,0.22376476131
-18.4618159,-10.0,0.22376476131
-0.2563288,-0.2563288,0.22376476131
-0.2150672,-0.2150672,0.22376476131
0.0,0.0,0.22376476131
-15.0617211,-10.0,0.22376476131
-0.8066636,-0.8066636,0.22376476131
-2.50000000079e-06,-2.50000000079e-06,0.22376476131
-19.1771895,-10.0,0.22376476131
-0.384236,-0.384236,0.22376476131
-20.9999998,-10.0,0.22376476131
-15.04174,-10.0,0.22376476131
-19.1663906,-10.0,0.22376476131
-0.0482508,-0.0482508,0.22376476131
-3.796143,-3.796143,0.22376476131
-0.1498162,-0.1498162,0.22376476131
-18.770259,-10.0,0.22376476131
-18.6213952,-10.0,0.22376476131
-3.6613077,-3.6613077,0.22376476131
-0.0384895,-0.0384895,0.22376476131
0.3084431,0.3084431,0.22376476131
18.5139302,10.0,0.22376476131
18.5551918,10.0,0.22376476131
18.770259,10.0,0.22376476131
3.7085379,3.7085379,0.22376476131
17.9635954,10.0,0.22376476131
18.7702565,10.0,0.22376476131
-0.4069305,-0.4069305,0.22376476131
18.386023,10.0,0.22376476131
-2.2297408,-2.2297408,0.22376476131
3.728519,3.728519,0.22376476131
-0.3961316,-0.3961316,0.22376476131
18.7220082,10.0,0.22376476131
14.974116,10.0,0.22376476131
18.6204428,10.0,0.22376476131
18.770259,10.0,0.22376476131
0.1488638,0.1488638,0.22376476131
15.1089513,10.0,0.22376476131
18.7317695,10.0,0.22376476131
0.1595793,0.1595793,0.22376476131
18.3650664,10.0,0.22376476131
18.406328,10.0,0.22376476131
18.6213952,10.0,0.22376476131
3.5596741,3.5596741,0.22376476131
17.8147316,10.0,0.22376476131
18.6213927,10.0,0.22376476131
-0.5557943,-0.5557943,0.22376476131
18.2371592,10.0,0.22376476131
-2.3786046,-2.3786046,0.22376476131
3.5796552,3.5796552,0.22376476131
-0.5449954,-0.5449954,0.22376476131
18.5731444,10.0,0.22376476131
14.8252522,10.0,0.22376476131
18.471579,10.0,0.22376476131
18.6213952,10.0,0.22376476131
-0.1488638,-0.1488638,0.22376476131
14.9600875,10.0,0.22376476131
18.5829057,10.0,0.22376476131
-14.8005082,-10.0,0.22376476131
3.4049789,3.4049789,0.22376476131
3.4462405,3.4462405,0.22376476131
3.6613077,3.6613077,0.22376476131
-11.4004134,-10.0,0.22376476131
2.8546441,2.8546441,0.22376476131
3.6613052,3.6613052,0.22376476131
-15.5158818,-10.0,0.22376476131
3.2770717,3.2770717,0.22376476131
-17.3386921,-10.0,0.22376476131
-11.3804323,-10.0,0.22376476131
-15.5050829,-10.0,0.22376476131
3.6130569,3.6130569,0.22376476131
-0.1348353,-0.1348353,0.22376476131
3.5114915,3.5114915,0.22376476131
3.6613077,3.6613077,0.22376476131
-15.1089513,-10.0,0.22376476131
-14.9600875,-10.0,0.22376476131
3.6228182,3.6228182,0.22376476131
-18.4233264,-10.0,0.22376476131
-0.2178393,-0.2178393,0.22376476131
-0.1765777,-0.1765777,0.22376476131
0.0384895,0.0384895,0.22376476131
-15.0232316,-10.0,0.22376476131
-0.7681741,-0.7681741,0.22376476131
0.038487,0.038487,0.22376476131
-19.1387,-10.0,0.22376476131
-0.3457465,-0.3457465,0.22376476131
-20.9615103,-10.0,0.22376476131
-15.0032505,-10.0,0.22376476131
-19.1279011,-10.0,0.22376476131
-0.0097613,-0.0097613,0.22376476131
-3.7576535,-3.7576535,0.22376476131
-0.1113267,-0.1113267,0.22376476131
0.0384895,0.0384895,0.22376476131
-18.7317695,-10.0,0.22376476131
-18.5829057,-10.0,0.22376476131
-3.6228182,-3.6228182,0.22376476131
20.2811044,10.0,0.410851467075
18.4990733,10.0,0.410851467075
17.3954768,10.0,0.410851467075
20.999918,10.0,0.410851467075
20.9656317,10.0,0.410851467075
18.6346923,10.0,0.410851467075
1.6678306,1.6678306,0.410851467075
20.8938676,10.0,0.410851467075
0.0314081,0.0314081,0.410851467075
2.0692675,2.0692675,0.410851467075
20.9990449,10.0,0.410851467075
19.4162463,10.0,0.410851467075
21.0,10.0,0.410851467075
19.0587785,10.0,0.410851467075
2.2400938,2.2400938,0.410851467075
1.1741985,1.1741985,0.410851467075
-0.249048,-0.249048,0.410851467075
17.2063779,10.0,0.410851467075
17.812073,10.0,0.410851467075
-20.2811044,-10.0,0.410851467075
-1.7820311,-1.7820311,0.410851467075
-2.8856276,-2.8856276,0.410851467075
0.7188136,0.7188136,0.410851467075
0.6845273,0.6845273,0.410851467075
-1.6464121,-1.6464121,0.410851467075
-18.6132738,-10.0,0.410851467075
0.6127632,0.6127632,0.410851467075
-20.2496963,-10.0,0.410851467075
-18.2118369,-10.0,0.410851467075
0.7179405,0.7179405,0.410851467075
-0.8648581,-0.8648581,0.410851467075
0.7188956,0.7188956,0.410851467075
-1.2223259,-1.2223259,0.410851467075
-18.0410106,-10.0,0.410851467075
-19.1069059,-10.0,0.410851467075
-20.5301524,-10.0,0.410851467075
-3.0747265,-3.0747265,0.410851467075
-2.4690314,-2.4690314,0.410851467075
-18.4990733,-10.0,0.410851467075
1.7820311,1.7820311,0.410851467075
-1.1035965,-1.1035965,0.410851467075
2.5008447,2.5008447,0.410851467075
2.4665584,2.4665584,0.410851467075
0.135619,0.135619,0.410851467075
-16.8312427,-10.0,0.410851467075
2.3947943,2.3947943,0.410851467075
-18.4676652,-10.0,0.410851467075
-16.4298058,-10.0,0.410851467075
2.4999716,2.4999716,0.410851467075
0.917173,0.917173,0.410851467075
2.5009267,2.5009267,0.410851467075
0.5597052,0.5597052,0.410851467075
-16.2589795,-10.0,0.410851467075
-17.3248748,-10.0,0.410851467075
-18.7481213,-10.0,0.410851467075
-1.2926954,-1.2926954,0.410851467075
-0.6870003,-0.6870003,0.410851467075
-17.3954768,-10.0,0.410851467075
2.8856276,2.8856276,0.410851467075
1.1035965,1.1035965,0.410851467075
3.6044412,3.6044412,0.410851467075
3.5701549,3.5701549,0.410851467075
1.2392155,1.2392155,0.410851467075
-15.7276462,-10.0,0.410851467075
3.4983908,3.4983908,0.410851467075
-17.3640687,-10.0,0.410851467075
-15.3262093,-10.0,0.410851467075
3.6035681,3.6035681,0.410851467075
2.0207695,2.0207695,0.410851467075
3.6045232,3.6045232,0.410851467075
1.6633017,1.6633017,0.410851467075
-15.155383,-10.0,0.410851467075
-16.2212783,-10.0,0.410851467075
-17.6445248,-10.0,0.410851467075
-0.1890989,-0.1890989,0.410851467075
0.4165962,0.4165962,0.410851467075
-20.999918,-10.0,0.410851467075
-0.7188136,-0.7188136,0.410851467075
-2.5008447,-2.5008447,0.410851467075
-3.6044412,-3.6044412,0.410851467075
-0.0342863,-0.0342863,0.410851467075
-2.3652257,-2.3652257,0.410851467075
-19.3320874,-10.0,0.410851467075
-0.1060504,-0.1060504,0.410851467075
-20.9685099,-10.0,0.410851467075
-18.9306505,-10.0,0.410851467075
-0.0008731,-0.0008731,0.410851467075
-1.5836717,-1.5836717,0.410851467075
8.1999999999e-05,8.1999999999e-05,0.410851467075
-1.9411395,-1.9411395,0.410851467075
-18.7598242,-10.0,0.410851467075
-19.8257195,-10.0,0.410851467075
-21.248966,-10.0,0.410851467075
-3.7935401,-3.7935401,0.410851467075
-3.187845,-3.187845,0.410851467075
-20.9656317,-10.0,0.410851467075
-0.6845273,-0.6845273,0.410851467075
-2.4665584,-2.4665584,0.410851467075
-3.5701549,-3.5701549,0.410851467075
0.0342863,0.0342863,0.410851467075
-2.3309394,-2.3309394,0.410851467075
-19.2978011,-10.0,0.410851467075
-0.0717641,-0.0717641,0.410851467075
-20.9342236,-10.0,0.410851467075
-18.8963642,-10.0,0.410851467075
0.0334132,0.0334132,0.410851467075
-1.5493854,-1.5493854,0.410851467075
0.0343683,0.0343683,0.410851467075
-1.9068532,-1.9068532,0.410851467075
-18.7255379,-10.0,0.410851467075
-19.7914332,-10.0,0.410851467075
-21.2146797,-10.0,0.410851467075
-3.7592538,-3.7592538,0.410851467075
-3.1535587,-3.1535587,0.410851467075
-18.6346923,-10.0,0.410851467075
1.6464121,1.6464121,0.410851467075
-0.135619,-0.135619,0.410851467075
-1.2392155,-1.2392155,0.410851467075
2.3652257,2.3652257,0.410851467075
2.3309394,2.3309394,0.410851467075
-16.9668617,-10.0,0.410851467075
2.2591753,2.2591753,0.410851467075
-18.6032842,-10.0,0.410851467075
-16.5654248,-10.0,0.410851467075
2.3643526,2.3643526,0.410851467075
0.781554,0.781554,0.410851467075
2.3653077,2.3653077,0.410851467075
0.4240862,0.4240862,0.410851467075
-16.3945985,-10.0,0.410851467075
-17.4604938,-10.0,0.410851467075
-18.8837403,-10.0,0.410851467075
-1.4283144,-1.4283144,0.410851467075
-0.8226193,-0.8226193,0.410851467075
-1.6678306,-1.6678306,0.410851467075
18.6132738,10.0,0.410851467075
16.8312427,10.0,0.410851467075
15.7276462,10.0,0.410851467075
19.3320874,10.0,0.410851467075
19.2978011,10.0,0.410851467075
16.9668617,10.0,0.410851467075
19.226037,10.0,0.410851467075
-1.6364225,-1.6364225,0.410851467075
0.4014369,0.4014369,0.410851467075
19.3312143,10.0,0.410851467075
17.7484157,10.0,0.410851467075
19.3321694,10.0,0.410851467075
17.3909479,10.0,0.410851467075
0.5722632,0.5722632,0.410851467075
-0.4936321,-0.4936321,0.410851467075
-1.9168786,-1.9168786,0.410851467075
15.5385473,10.0,0.410851467075
16.1442424,10.0,0.410851467075
-20.8938676,-10.0,0.410851467075
-0.6127632,-0.6127632,0.410851467075
-2.3947943,-2.3947943,0.410851467075
-3.4983908,-3.4983908,0.410851467075
0.1060504,0.1060504,0.410851467075
0.0717641,0.0717641,0.410851467075
-2.2591753,-2.2591753,0.410851467075
-19.226037,-10.0,0.410851467075
-20.8624595,-10.0,0.410851467075
-18.8246001,-10.0,0.410851467075
0.1051773,0.1051773,0.410851467075
-1.4776213,-1.4776213,0.410851467075
0.1061324,0.1061324,0.410851467075
-1.8350891,-1.8350891,0.410851467075
-18.6537738,-10.0,0.410851467075
-19.7196691,-10.0,0.410851467075
-21.1429156,-10.0,0.410851467075
-3.6874897,-3.6874897,0.410851467075
-3.0817946,-3.0817946,0.410851467075
-0.0314081,-0.0314081,0.410851467075
20.2496963,10.0,0.410851467075
18.4676652,10.0,0.410851467075
17.3640687,10.0,0.410851467075
20.9685099,10.0,0.410851467075
20.9342236,10.0,0.410851467075
18.6032842,10.0,0.410851467075
1.6364225,1.6364225,0.410851467075
20.8624595,10.0,0.410851467075
2.0378594,2.0378594,0.410851467075
20.9676368,10.0,0.410851467075
19.3848382,10.0,0.410851467075
20.9685919,10.0,0.410851467075
19.0273704,10.0,0.410851467075
2.2086857,2.2086857,0.410851467075
1.1427904,1.1427904,0.410851467075
-0.2804561,-0.2804561,0.410851467075
17.1749698,10.0,0.410851467075
17.7806649,10.0,0.410851467075
-2.0692675,-2.0692675,0.410851467075
18.2118369,10.0,0.410851467075
16.4298058,10.0,0.410851467075
15.3262093,10.0,0.410851467075
18.9306505,10.0,0.410851467075
18.8963642,10.0,0.410851467075
16.5654248,10.0,0.410851467075
-0.4014369,-0.4014369,0.410851467075
18.8246001,10.0,0.410851467075
-2.0378594,-2.0378594,0.410851467075
18.9297774,10.0,0.410851467075
17.3469788,10.0,0.410851467075
18.9307325,10.0,0.410851467075
16.989511,10.0,0.410851467075
0.1708263,0.1708263,0.410851467075
-0.895069,-0.895069,0.410851467075
-2.3183155,-2.3183155,0.410851467075
15.1371104,10.0,0.410851467075
15.7428055,10.0,0.410851467075
-20.9990449,-10.0,0.410851467075
-0.7179405,-0.7179405,0.410851467075
-2.4999716,-2.4999716,0.410851467075
-3.6035681,-3.6035681,0.410851467075
0.0008731,0.0008731,0.410851467075
-0.0334132,-0.0334132,0.410851467075
-2.3643526,-2.3643526,0.410851467075
-19.3312143,-10.0,0.410851467075
-0.1051773,-0.1051773,0.410851467075
-20.9676368,-10.0,0.410851467075
-18.9297774,-10.0,0.410851467075
-1.5827986,-1.5827986,0.410851467075
0.000955099999999,0.000955099999999,0.410851467075
-1.9402664,-1.9402664,0.410851467075
-18.7589511,-10.0,0.410851467075
-19.8248464,-10.0,0.410851467075
-21.2480929,-10.0,0.410851467075
-3.792667,-3.792667,0.410851467075
-3.1869719,-3.1869719,0.410851467075
-19.4162463,-10.0,0.410851467075
0.8648581,0.8648581,0.410851467075
-0.917173,-0.917173,0.410851467075
-2.0207695,-2.0207695,0.410851467075
1.5836717,1.5836717,0.410851467075
1.5493854,1.5493854,0.410851467075
-0.781554,-0.781554,0.410851467075
-17.7484157,-10.0,0.410851467075
1.4776213,1.4776213,0.410851467075
-19.3848382,-10.0,0.410851467075
-17.3469788,-10.0,0.410851467075
1.5827986,1.5827986,0.410851467075
1.5837537,1.5837537,0.410851467075
-0.3574678,-0.3574678,0.410851467075
-17.1761525,-10.0,0.410851467075
-18.2420478,-10.0,0.410851467075
-19.6652943,-10.0,0.410851467075
-2.2098684,-2.2098684,0.410851467075
-1.6041733,-1.6041733,0.410851467075
-21.0,-10.0,0.410851467075
-0.7188956,-0.7188956,0.410851467075
-2.5009267,-2.5009267,0.410851467075
-3.6045232,-3.6045232,0.410851467075
-8.1999999999e-05,-8.1999999999e-05,0.410851467075
-0.0343683,-0.0343683,0.410851467075
-2.3653077,-2.3653077,0.410851467075
-19.3321694,-10.0,0.410851467075
-0.1061324,-0.1061324,0.410851467075
-20.9685919,-10.0,0.410851467075
-18.9307325,-10.0,0.410851467075
-0.000955099999999,-0.000955099999999,0.410851467075
-1.5837537,-1.5837537,0.410851467075
-1.9412215,-1.9412215,0.410851467075
-18.7599062,-10.0,0.410851467075
-19.8258015,-10.0,0.410851467075
-21.249048,-10.0,0.410851467075
-3.7936221,-3.7936221,0.410851467075
-3.187927,-3.187927,0.410851467075
-19.0587785,-10.0,0.410851467075
1.2223259,1.2223259,0.410851467075
-0.5597052,-0.5597052,0.410851467075
-1.6633017,-1.6633017,0.410851467075
1.9411395,1.9411395,0.410851467075
1.9068532,1.9068532,0.410851467075
-0.4240862,-0.4240862,0.410851467075
-17.3909479,-10.0,0.410851467075
1.8350891,1.8350891,0.410851467075
-19.0273704,-10.0,0.410851467075
-16.989511,-10.0,0.410851467075
1.9402664,1.9402664,0.410851467075
0.3574678,0.3574678,0.410851467075
1.9412215,1.9412215,0.410851467075
-16.8186847,-10.0,0.410851467075
-17.88458,-10.0,0.410851467075
-19.3078265,-10.0,0.410851467075
-1.8524006,-1.8524006,0.410851467075
-1.2467055,-1.2467055,0.410851467075
-2.2400938,-2.2400938,0.410851467075
18.0410106,10.0,0.410851467075
16.2589795,10.0,0.410851467075
15.155383,10.0,0.410851467075
18.7598242,10.0,0.410851467075
18.7255379,10.0,0.410851467075
16.3945985,10.0,0.410851467075
-0.5722632,-0.5722632,0.410851467075
18.6537738,10.0,0.410851467075
-2.2086857,-2.2086857,0.410851467075
-0.1708263,-0.1708263,0.410851467075
18.7589511,10.0,0.410851467075
17.1761525,10.0,0.410851467075
18.7599062,10.0,0.410851467075
16.8186847,10.0,0.410851467075
-1.0658953,-1.0658953,0.410851467075
-2.4891418,-2.4891418,0.410851467075
14.9662841,10.0,0.410851467075
15.5719792,10.0,0.410851467075
-1.1741985,-1.1741985,0.410851467075
19.1069059,10.0,0.410851467075
17.3248748,10.0,0.410851467075
16.2212783,10.0,0.410851467075
19.8257195,10.0,0.410851467075
19.7914332,10.0,0.410851467075
17.4604938,10.0,0.410851467075
0.4936321,0.4936321,0.410851467075
19.7196691,10.0,0.410851467075
-1.1427904,-1.1427904,0.410851467075
0.895069,0.895069,0.410851467075
19.8248464,10.0,0.410851467075
18.2420478,10.0,0.410851467075
19.8258015,10.0,0.410851467075
17.88458,10.0,0.410851467075
1.0658953,1.0658953,0.410851467075
-1.4232465,-1.4232465,0.410851467075
16.0321794,10.0,0.410851467075
16.6378745,10.0,0.410851467075
0.249048,0.249048,0.410851467075
20.5301524,10.0,0.410851467075
18.7481213,10.0,0.410851467075
17.6445248,10.0,0.410851467075
21.248966,10.0,0.410851467075
21.2146797,10.0,0.410851467075
18.8837403,10.0,0.410851467075
1.9168786,1.9168786,0.410851467075
21.1429156,10.0,0.410851467075
0.2804561,0.2804561,0.410851467075
2.3183155,2.3183155,0.410851467075
21.2480929,10.0,0.410851467075
19.6652943,10.0,0.410851467075
21.249048,10.0,0.410851467075
19.3078265,10.0,0.410851467075
2.4891418,2.4891418,0.410851467075
1.4232465,1.4232465,0.410851467075
17.4554259,10.0,0.410851467075
18.061121,10.0,0.410851467075
-17.2063779,-10.0,0.410851467075
3.0747265,3.0747265,0.410851467075
1.2926954,1.2926954,0.410851467075
0.1890989,0.1890989,0.410851467075
3.7935401,3.7935401,0.410851467075
3.7592538,3.7592538,0.410851467075
1.4283144,1.4283144,0.410851467075
-15.5385473,-10.0,0.410851467075
3.6874897,3.6874897,0.410851467075
-17.1749698,-10.0,0.410851467075
-15.1371104,-10.0,0.410851467075
3.792667,3.792667,0.410851467075
2.2098684,2.2098684,0.410851467075
3.7936221,3.7936221,0.410851467075
1.8524006,1.8524006,0.410851467075
-14.9662841,-10.0,0.410851467075
-16.0321794,-10.0,0.410851467075
-17.4554259,-10.0,0.410851467075
0.6056951,0.6056951,0.410851467075
-17.812073,-10.0,0.410851467075
2.4690314,2.4690314,0.410851467075
0.6870003,0.6870003,0.410851467075
-0.4165962,-0.4165962,0.410851467075
3.187845,3.187845,0.410851467075
3.1535587,3.1535587,0.410851467075
0.8226193,0.8226193,0.410851467075
-16.1442424,-10.0,0.410851467075
3.0817946,3.0817946,0.410851467075
-17.7806649,-10.0,0.410851467075
-15.7428055,-10.0,0.410851467075
3.1869719,3.1869719,0.410851467075
1.6041733,1.6041733,0.410851467075
3.187927,3.187927,0.410851467075
1.2467055,1.2467055,0.410851467075
-15.5719792,-10.0,0.410851467075
-16.6378745,-10.0,0.410851467075
-18.061121,-10.0,0.410851467075
-0.6056951,-0.6056951,0.410851467075
17.754385,10.0,0.60429201036
-0.3432755,-0.3432755,0.60429201036
-0.4457653,-0.4457653,0.60429201036
2.1228923,2.1228923,0.60429201036
0.5576046,0.5576046,0.60429201036
2.2373621,2.2373621,0.60429201036
5.9179947,5.9179947,0.60429201036
0.1947342,0.1947342,0.60429201036
20.6677218,10.0,0.60429201036
20.5761539,10.0,0.60429201036
-0.3293553,-0.3293553,0.60429201036
5.1413746,5.1413746,0.60429201036
0.0608658,0.0608658,0.60429201036
-0.870891,-0.870891,0.60429201036
-0.3322745,-0.3322745,0.60429201036
0.6024057,0.6024057,0.60429201036
1.8840989,1.8840989,0.60429201036
2.9664933,2.9664933,0.60429201036
5.6217278,5.6217278,0.60429201036
-17.754385,-10.0,0.60429201036
-18.0976605,-10.0,0.60429201036
-18.2001503,-10.0,0.60429201036
-15.6314927,-10.0,0.60429201036
-17.1967804,-10.0,0.60429201036
-15.5170229,-10.0,0.60429201036
-11.8363903,-10.0,0.60429201036
-17.5596508,-10.0,0.60429201036
2.9133368,2.9133368,0.60429201036
2.8217689,2.8217689,0.60429201036
-18.0837403,-10.0,0.60429201036
-12.6130104,-10.0,0.60429201036
-17.6935192,-10.0,0.60429201036
-18.625276,-10.0,0.60429201036
-18.0866595,-10.0,0.60429201036
-17.1519793,-10.0,0.60429201036
-15.8702861,-10.0,0.60429201036
-14.7878917,-10.0,0.60429201036
-12.1326572,-10.0,0.60429201036
0.3432755,0.3432755,0.60429201036
18.0976605,10.0,0.60429201036
-0.1024898,-0.1024898,0.60429201036
2.4661678,2.4661678,0.60429201036
0.9008801,0.9008801,0.60429201036
2.5806376,2.5806376,0.60429201036
6.2612702,6.2612702,0.60429201036
0.5380097,0.5380097,0.60429201036
21.0109973,10.0,0.60429201036
20.9194294,10.0,0.60429201036
0.0139202,0.0139202,0.60429201036
5.4846501,5.4846501,0.60429201036
0.4041413,0.4041413,0.60429201036
-0.5276155,-0.5276155,0.60429201036
0.011001,0.011001,0.60429201036
0.9456812,0.9456812,0.60429201036
2.2273744,2.2273744,0.60429201036
3.3097688,3.3097688,0.60429201036
5.9650033,5.9650033,0.60429201036
0.4457653,0.4457653,0.60429201036
18.2001503,10.0,0.60429201036
0.1024898,0.1024898,0.60429201036
2.5686576,2.5686576,0.60429201036
1.0033699,1.0033699,0.60429201036
2.6831274,2.6831274,0.60429201036
6.36376,6.36376,0.60429201036
0.6404995,0.6404995,0.60429201036
21.1134871,10.0,0.60429201036
21.0219192,10.0,0.60429201036
0.11641,0.11641,0.60429201036
5.5871399,5.5871399,0.60429201036
0.5066311,0.5066311,0.60429201036
-0.4251257,-0.4251257,0.60429201036
0.1134908,0.1134908,0.60429201036
1.048171,1.048171,0.60429201036
2.3298642,2.3298642,0.60429201036
3.4122586,3.4122586,0.60429201036
6.0674931,6.0674931,0.60429201036
-2.1228923,-2.1228923,0.60429201036
15.6314927,10.0,0.60429201036
-2.4661678,-2.4661678,0.60429201036
-2.5686576,-2.5686576,0.60429201036
-1.5652877,-1.5652877,0.60429201036
0.1144698,0.1144698,0.60429201036
3.7951024,3.7951024,0.60429201036
-1.9281581,-1.9281581,0.60429201036
18.5448295,10.0,0.60429201036
18.4532616,10.0,0.60429201036
-2.4522476,-2.4522476,0.60429201036
3.0184823,3.0184823,0.60429201036
-2.0620265,-2.0620265,0.60429201036
-2.9937833,-2.9937833,0.60429201036
-2.4551668,-2.4551668,0.60429201036
-1.5204866,-1.5204866,0.60429201036
-0.2387934,-0.2387934,0.60429201036
0.843601,0.843601,0.60429201036
3.4988355,3.4988355,0.60429201036
-0.5576046,-0.5576046,0.60429201036
17.1967804,10.0,0.60429201036
-0.9008801,-0.9008801,0.60429201036
-1.0033699,-1.0033699,0.60429201036
1.5652877,1.5652877,0.60429201036
1.6797575,1.6797575,0.60429201036
5.3603901,5.3603901,0.60429201036
-0.3628704,-0.3628704,0.60429201036
20.1101172,10.0,0.60429201036
20.0185493,10.0,0.60429201036
-0.8869599,-0.8869599,0.60429201036
4.58377,4.58377,0.60429201036
-0.4967388,-0.4967388,0.60429201036
-1.4284956,-1.4284956,0.60429201036
-0.8898791,-0.8898791,0.60429201036
0.0448011,0.0448011,0.60429201036
1.3264943,1.3264943,0.60429201036
2.4088887,2.4088887,0.60429201036
5.0641232,5.0641232,0.60429201036
-2.2373621,-2.2373621,0.60429201036
15.5170229,10.0,0.60429201036
-2.5806376,-2.5806376,0.60429201036
-2.6831274,-2.6831274,0.60429201036
-0.1144698,-0.1144698,0.60429201036
-1.6797575,-1.6797575,0.60429201036
3.6806326,3.6806326,0.60429201036
-2.0426279,-2.0426279,0.60429201036
18.4303597,10.0,0.60429201036
18.3387918,10.0,0.60429201036
-2.5667174,-2.5667174,0.60429201036
2.9040125,2.9040125,0.60429201036
-2.1764963,-2.1764963,0.60429201036
-3.1082531,-3.1082531,0.60429201036
-2.5696366,-2.5696366,0.60429201036
-1.6349564,-1.6349564,0.60429201036
-0.3532632,-0.3532632,0.60429201036
0.7291312,0.7291312,0.60429201036
3.3843657,3.3843657,0.60429201036
-5.9179947,-5.9179947,0.60429201036
11.8363903,10.0,0.60429201036
-6.2612702,-6.2612702,0.60429201036
-6.36376,-6.36376,0.60429201036
-3.7951024,-3.7951024,0.60429201036
-5.3603901,-5.3603901,0.60429201036
-3.6806326,-3.6806326,0.60429201036
-5.7232605,-5.7232605,0.60429201036
14.7497271,10.0,0.60429201036
14.6581592,10.0,0.60429201036
-6.24735,-6.24735,0.60429201036
-0.7766201,-0.7766201,0.60429201036
-5.8571289,-5.8571289,0.60429201036
-6.7888857,-6.7888857,0.60429201036
-6.2502692,-6.2502692,0.60429201036
-5.315589,-5.315589,0.60429201036
-4.0338958,-4.0338958,0.60429201036
-2.9515014,-2.9515014,0.60429201036
-0.2962669,-0.2962669,0.60429201036
-0.1947342,-0.1947342,0.60429201036
17.5596508,10.0,0.60429201036
-0.5380097,-0.5380097,0.60429201036
-0.6404995,-0.6404995,0.60429201036
1.9281581,1.9281581,0.60429201036
0.3628704,0.3628704,0.60429201036
2.0426279,2.0426279,0.60429201036
5.7232605,5.7232605,0.60429201036
20.4729876,10.0,0.60429201036
20.3814197,10.0,0.60429201036
-0.5240895,-0.5240895,0.60429201036
4.9466404,4.9466404,0.60429201036
-0.1338684,-0.1338684,0.60429201036
-1.0656252,-1.0656252,0.60429201036
-0.5270087,-0.5270087,0.60429201036
0.4076715,0.4076715,0.60429201036
1.6893647,1.6893647,0.60429201036
2.7717591,2.7717591,0.60429201036
5.4269936,5.4269936,0.60429201036
-20.6677218,-10.0,0.60429201036
-2.9133368,-2.9133368,0.60429201036
-21.0109973,-10.0,0.60429201036
-21.1134871,-10.0,0.60429201036
-18.5448295,-10.0,0.60429201036
-20.1101172,-10.0,0.60429201036
-18.4303597,-10.0,0.60429201036
-14.7497271,-10.0,0.60429201036
-20.4729876,-10.0,0.60429201036
-0.0915679,-0.0915679,0.60429201036
-20.9970771,-10.0,0.60429201036
-15.5263472,-10.0,0.60429201036
-20.606856,-10.0,0.60429201036
-21.5386128,-10.0,0.60429201036
-20.9999963,-10.0,0.60429201036
-20.0653161,-10.0,0.60429201036
-18.7836229,-10.0,0.60429201036
-17.7012285,-10.0,0.60429201036
-15.045994,-10.0,0.60429201036
-20.5761539,-10.0,0.60429201036
-2.8217689,-2.8217689,0.60429201036
-20.9194294,-10.0,0.60429201036
-21.0219192,-10.0,0.60429201036
-18.4532616,-10.0,0.60429201036
-20.0185493,-10.0,0.60429201036
-18.3387918,-10.0,0.60429201036
-14.6581592,-10.0,0.60429201036
-20.3814197,-10.0,0.60429201036
0.0915679,0.0915679,0.60429201036
-20.9055092,-10.0,0.60429201036
-15.4347793,-10.0,0.60429201036
-20.5152881,-10.0,0.60429201036
-21.4470449,-10.0,0.60429201036
-20.9084284,-10.0,0.60429201036
-19.9737482,-10.0,0.60429201036
-18.692055,-10.0,0.60429201036
-17.6096606,-10.0,0.60429201036
-14.9544261,-10.0,0.60429201036
0.3293553,0.3293553,0.60429201036
18.0837403,10.0,0.60429201036
-0.0139202,-0.0139202,0.60429201036
-0.11641,-0.11641,0.60429201036
2.4522476,2.4522476,0.60429201036
0.8869599,0.8869599,0.60429201036
2.5667174,2.5667174,0.60429201036
6.24735,6.24735,0.60429201036
0.5240895,0.5240895,0.60429201036
20.9970771,10.0,0.60429201036
20.9055092,10.0,0.60429201036
5.4707299,5.4707299,0.60429201036
0.3902211,0.3902211,0.60429201036
-0.5415357,-0.5415357,0.60429201036
-0.0029192,-0.0029192,0.60429201036
0.931761,0.931761,0.60429201036
2.2134542,2.2134542,0.60429201036
3.2958486,3.2958486,0.60429201036
5.9510831,5.9510831,0.60429201036
-5.1413746,-5.1413746,0.60429201036
12.6130104,10.0,0.60429201036
-5.4846501,-5.4846501,0.60429201036
-5.5871399,-5.5871399,0.60429201036
-3.0184823,-3.0184823,0.60429201036
-4.58377,-4.58377,0.60429201036
-2.9040125,-2.9040125,0.60429201036
0.7766201,0.7766201,0.60429201036
-4.9466404,-4.9466404,0.60429201036
15.5263472,10.0,0.60429201036
15.4347793,10.0,0.60429201036
-5.4707299,-5.4707299,0.60429201036
-5.0805088,-5.0805088,0.60429201036
-6.0122656,-6.0122656,0.60429201036
-5.4736491,-5.4736491,0.60429201036
-4.5389689,-4.5389689,0.60429201036
-3.2572757,-3.2572757,0.60429201036
-2.1748813,-2.1748813,0.60429201036
0.4803532,0.4803532,0.60429201036
-0.0608658,-0.0608658,0.60429201036
17.6935192,10.0,0.60429201036
-0.4041413,-0.4041413,0.60429201036
-0.5066311,-0.5066311,0.60429201036
2.0620265,2.0620265,0.60429201036
0.4967388,0.4967388,0.60429201036
2.1764963,2.1764963,0.60429201036
5.8571289,5.8571289,0.60429201036
0.1338684,0.1338684,0.60429201036
20.606856,10.0,0.60429201036
20.5152881,10.0,0.60429201036
-0.3902211,-0.3902211,0.60429201036
5.0805088,5.0805088,0.60429201036
-0.9317568,-0.9317568,0.60429201036
-0.3931403,-0.3931403,0.60429201036
0.5415399,0.5415399,0.60429201036
1.8232331,1.8232331,0.60429201036
2.9056275,2.9056275,0.60429201036
5.560862,5.560862,0.60429201036
0.870891,0.870891,0.60429201036
18.625276,10.0,0.60429201036
0.5276155,0.5276155,0.60429201036
0.4251257,0.4251257,0.60429201036
2.9937833,2.9937833,0.60429201036
1.4284956,1.4284956,0.60429201036
3.1082531,3.1082531,0.60429201036
6.7888857,6.7888857,0.60429201036
1.0656252,1.0656252,0.60429201036
21.5386128,10.0,0.60429201036
21.4470449,10.0,0.60429201036
0.5415357,0.5415357,0.60429201036
6.0122656,6.0122656,0.60429201036
0.9317568,0.9317568,0.60429201036
0.5386165,0.5386165,0.60429201036
1.4732967,1.4732967,0.60429201036
2.7549899,2.7549899,0.60429201036
3.8373843,3.8373843,0.60429201036
6.4926188,6.4926188,0.60429201036
0.3322745,0.3322745,0.60429201036
18.0866595,10.0,0.60429201036
-0.011001,-0.011001,0.60429201036
-0.1134908,-0.1134908,0.60429201036
2.4551668,2.4551668,0.60429201036
0.8898791,0.8898791,0.60429201036
2.5696366,2.5696366,0.60429201036
6.2502692,6.2502692,0.60429201036
0.5270087,0.5270087,0.60429201036
20.9999963,10.0,0.60429201036
20.9084284,10.0,0.60429201036
0.0029192,0.0029192,0.60429201036
5.4736491,5.4736491,0.60429201036
0.3931403,0.3931403,0.60429201036
-0.5386165,-0.5386165,0.60429201036
0.9346802,0.9346802,0.60429201036
2.2163734,2.2163734,0.60429201036
3.2987678,3.2987678,0.60429201036
5.9540023,5.9540023,0.60429201036
-0.6024057,-0.6024057,0.60429201036
17.1519793,10.0,0.60429201036
-0.9456812,-0.9456812,0.60429201036
-1.048171,-1.048171,0.60429201036
1.5204866,1.5204866,0.60429201036
-0.0448011,-0.0448011,0.60429201036
1.6349564,1.6349564,0.60429201036
5.315589,5.315589,0.60429201036
-0.4076715,-0.4076715,0.60429201036
20.0653161,10.0,0.60429201036
19.9737482,10.0,0.60429201036
-0.931761,-0.931761,0.60429201036
4.5389689,4.5389689,0.60429201036
-0.5415399,-0.5415399,0.60429201036
-1.4732967,-1.4732967,0.60429201036
-0.9346802,-0.9346802,0.60429201036
1.2816932,1.2816932,0.60429201036
2.3640876,2.3640876,0.60429201036
5.0193221,5.0193221,0.60429201036
-1.8840989,-1.8840989,0.60429201036
15.8702861,10.0,0.60429201036
-2.2273744,-2.2273744,0.60429201036
-2.3298642,-2.3298642,0.60429201036
0.2387934,0.2387934,0.60429201036
-1.3264943,-1.3264943,0.60429201036
0.3532632,0.3532632,0.60429201036
4.0338958,4.0338958,0.60429201036
-1.6893647,-1.6893647,0.60429201036
18.7836229,10.0,0.60429201036
18.692055,10.0,0.60429201036
-2.2134542,-2.2134542,0.60429201036
3.2572757,3.2572757,0.60429201036
-1.8232331,-1.8232331,0.60429201036
-2.7549899,-2.7549899,0.60429201036
-2.2163734,-2.2163734,0.60429201036
-1.2816932,-1.2816932,0.60429201036
1.0823944,1.0823944,0.60429201036
3.7376289,3.7376289,0.60429201036
-2.9664933,-2.9664933,0.60429201036
14.7878917,10.0,0.60429201036
-3.3097688,-3.3097688,0.60429201036
-3.4122586,-3.4122586,0.60429201036
-0.843601,-0.843601,0.60429201036
-2.4088887,-2.4088887,0.60429201036
-0.7291312,-0.7291312,0.60429201036
2.9515014,2.9515014,0.60429201036
-2.7717591,-2.7717591,0.60429201036
17.7012285,10.0,0.60429201036
17.6096606,10.0,0.60429201036
-3.2958486,-3.2958486,0.60429201036
2.1748813,2.1748813,0.60429201036
-2.9056275,-2.9056275,0.60429201036
-3.8373843,-3.8373843,0.60429201036
-3.2987678,-3.2987678,0.60429201036
-2.3640876,-2.3640876,0.60429201036
-1.0823944,-1.0823944,0.60429201036
2.6552345,2.6552345,0.60429201036
-5.6217278,-5.6217278,0.60429201036
12.1326572,10.0,0.60429201036
-5.9650033,-5.9650033,0.60429201036
-6.0674931,-6.0674931,0.60429201036
-3.4988355,-3.4988355,0.60429201036
-5.0641232,-5.0641232,0.60429201036
-3.3843657,-3.3843657,0.60429201036
0.2962669,0.2962669,0.60429201036
-5.4269936,-5.4269936,0.60429201036
15.045994,10.0,0.60429201036
14.9544261,10.0,0.60429201036
-5.9510831,-5.9510831,0.60429201036
-0.4803532,-0.4803532,0.60429201036
-5.560862,-5.560862,0.60429201036
-6.4926188,-6.4926188,0.60429201036
-5.9540023,-5.9540023,0.60429201036
-5.0193221,-5.0193221,0.60429201036
-3.7376289,-3.7376289,0.60429201036
-2.6552345,-2.6552345,0.60429201036
-5.0038466,-5.0038466,0.29540376476
1.6611063,1.6611063,0.29540376476
0.3353973,0.3353973,0.29540376476
2.1955366,2.1955366,0.29540376476
1.3386247,1.3386247,0.29540376476
1.8956006,1.8956006,0.29540376476
-18.7579397,-10.0,0.29540376476
2.2420596,2.2420596,0.29540376476
-17.1918395,-10.0,0.29540376476
0.1178853,0.1178853,0.29540376476
2.1574723,2.1574723,0.29540376476
2.0163861,2.0163861,0.29540376476
2.2420589,2.2420589,0.29540376476
1.7016863,1.7016863,0.29540376476
2.2420413,2.2420413,0.29540376476
-15.6865668,-10.0,0.29540376476
-18.1545934,-10.0,0.29540376476
1.1908175,1.1908175,0.29540376476
-7.7978866,-7.7978866,0.29540376476
5.0038466,5.0038466,0.29540376476
6.6649529,6.6649529,0.29540376476
5.3392439,5.3392439,0.29540376476
7.1993832,7.1993832,0.29540376476
6.3424713,6.3424713,0.29540376476
6.8994472,6.8994472,0.29540376476
-13.7540931,-10.0,0.29540376476
7.2459062,7.2459062,0.29540376476
-12.1879929,-10.0,0.29540376476
5.1217319,5.1217319,0.29540376476
7.1613189,7.1613189,0.29540376476
7.0202327,7.0202327,0.29540376476
7.2459055,7.2459055,0.29540376476
6.7055329,6.7055329,0.29540376476
7.2458879,7.2458879,0.29540376476
-10.6827202,-10.0,0.29540376476
-13.1507468,-10.0,0.29540376476
6.1946641,6.1946641,0.29540376476
-2.79404,-2.79404,0.29540376476
-1.6611063,-1.6611063,0.29540376476
-6.6649529,-6.6649529,0.29540376476
-1.325709,-1.325709,0.29540376476
0.5344303,0.5344303,0.29540376476
-0.3224816,-0.3224816,0.29540376476
0.2344943,0.2344943,0.29540376476
-20.419046,-10.0,0.29540376476
0.5809533,0.5809533,0.29540376476
-18.8529458,-10.0,0.29540376476
-1.543221,-1.543221,0.29540376476
0.496366,0.496366,0.29540376476
0.3552798,0.3552798,0.29540376476
0.5809526,0.5809526,0.29540376476
0.04058,0.04058,0.29540376476
0.580935,0.580935,0.29540376476
-17.3476731,-10.0,0.29540376476
-19.8156997,-10.0,0.29540376476
-0.4702888,-0.4702888,0.29540376476
-9.4589929,-9.4589929,0.29540376476
-0.3353973,-0.3353973,0.29540376476
-5.3392439,-5.3392439,0.29540376476
1.325709,1.325709,0.29540376476
1.8601393,1.8601393,0.29540376476
1.0032274,1.0032274,0.29540376476
1.5602033,1.5602033,0.29540376476
-19.093337,-10.0,0.29540376476
1.9066623,1.9066623,0.29540376476
-17.5272368,-10.0,0.29540376476
-0.217512,-0.217512,0.29540376476
1.822075,1.822075,0.29540376476
1.6809888,1.6809888,0.29540376476
1.9066616,1.9066616,0.29540376476
1.366289,1.366289,0.29540376476
1.906644,1.906644,0.29540376476
-16.0219641,-10.0,0.29540376476
-18.4899907,-10.0,0.29540376476
0.8554202,0.8554202,0.29540376476
-8.1332839,-8.1332839,0.29540376476
-2.1955366,-2.1955366,0.29540376476
-7.1993832,-7.1993832,0.29540376476
-0.5344303,-0.5344303,0.29540376476
-1.8601393,-1.8601393,0.29540376476
-0.8569119,-0.8569119,0.29540376476
-0.299936,-0.299936,0.29540376476
-20.9534763,-10.0,0.29540376476
0.046523,0.046523,0.29540376476
-19.3873761,-10.0,0.29540376476
-2.0776513,-2.0776513,0.29540376476
-0.0380643,-0.0380643,0.29540376476
-0.1791505,-0.1791505,0.29540376476
0.0465223,0.0465223,0.29540376476
-0.4938503,-0.4938503,0.29540376476
0.0465047,0.0465047,0.29540376476
-17.8821034,-10.0,0.29540376476
-20.35013,-10.0,0.29540376476
-1.0047191,-1.0047191,0.29540376476
-9.9934232,-9.9934232,0.29540376476
-1.3386247,-1.3386247,0.29540376476
-6.3424713,-6.3424713,0.29540376476
0.3224816,0.3224816,0.29540376476
-1.0032274,-1.0032274,0.29540376476
0.8569119,0.8569119,0.29540376476
0.5569759,0.5569759,0.29540376476
-20.0965644,-10.0,0.29540376476
0.9034349,0.9034349,0.29540376476
-18.5304642,-10.0,0.29540376476
-1.2207394,-1.2207394,0.29540376476
0.8188476,0.8188476,0.29540376476
0.6777614,0.6777614,0.29540376476
0.9034342,0.9034342,0.29540376476
0.3630616,0.3630616,0.29540376476
0.9034166,0.9034166,0.29540376476
-17.0251915,-10.0,0.29540376476
-19.4932181,-10.0,0.29540376476
-0.1478072,-0.1478072,0.29540376476
-9.1365113,-9.1365113,0.29540376476
-1.8956006,-1.8956006,0.29540376476
-6.8994472,-6.8994472,0.29540376476
-0.2344943,-0.2344943,0.29540376476
-1.5602033,-1.5602033,0.29540376476
0.299936,0.299936,0.29540376476
-0.5569759,-0.5569759,0.29540376476
-20.6535403,-10.0,0.29540376476
0.346459,0.346459,0.29540376476
-19.0874401,-10.0,0.29540376476
-1.7777153,-1.7777153,0.29540376476
0.2618717,0.2618717,0.29540376476
0.1207855,0.1207855,0.29540376476
0.3464583,0.3464583,0.29540376476
-0.1939143,-0.1939143,0.29540376476
0.3464407,0.3464407,0.29540376476
-17.5821674,-10.0,0.29540376476
-20.050194,-10.0,0.29540376476
-0.7047831,-0.7047831,0.29540376476
-9.6934872,-9.6934872,0.29540376476
18.7579397,10.0,0.29540376476
13.7540931,10.0,0.29540376476
20.419046,10.0,0.29540376476
19.093337,10.0,0.29540376476
20.9534763,10.0,0.29540376476
20.0965644,10.0,0.29540376476
20.6535403,10.0,0.29540376476
20.9999993,10.0,0.29540376476
1.5661002,1.5661002,0.29540376476
18.875825,10.0,0.29540376476
20.915412,10.0,0.29540376476
20.7743258,10.0,0.29540376476
20.9999986,10.0,0.29540376476
20.459626,10.0,0.29540376476
20.999981,10.0,0.29540376476
3.0713729,3.0713729,0.29540376476
0.6033463,0.6033463,0.29540376476
19.9487572,10.0,0.29540376476
10.9600531,10.0,0.29540376476
-2.2420596,-2.2420596,0.29540376476
-7.2459062,-7.2459062,0.29540376476
-0.5809533,-0.5809533,0.29540376476
-1.9066623,-1.9066623,0.29540376476
-0.046523,-0.046523,0.29540376476
-0.9034349,-0.9034349,0.29540376476
-0.346459,-0.346459,0.29540376476
-20.9999993,-10.0,0.29540376476
-19.4338991,-10.0,0.29540376476
-2.1241743,-2.1241743,0.29540376476
-0.0845873,-0.0845873,0.29540376476
-0.2256735,-0.2256735,0.29540376476
-6.99999997522e-07,-6.99999997522e-07,0.29540376476
-0.5403733,-0.5403733,0.29540376476
-1.83000000007e-05,-1.83000000007e-05,0.29540376476
-17.9286264,-10.0,0.29540376476
-20.396653,-10.0,0.29540376476
-1.0512421,-1.0512421,0.29540376476
-10.0399462,-10.0,0.29540376476
17.1918395,10.0,0.29540376476
12.1879929,10.0,0.29540376476
18.8529458,10.0,0.29540376476
17.5272368,10.0,0.29540376476
19.3873761,10.0,0.29540376476
18.5304642,10.0,0.29540376476
19.0874401,10.0,0.29540376476
-1.5661002,-1.5661002,0.29540376476
19.4338991,10.0,0.29540376476
17.3097248,10.0,0.29540376476
19.3493118,10.0,0.29540376476
19.2082256,10.0,0.29540376476
19.4338984,10.0,0.29540376476
18.8935258,10.0,0.29540376476
19.4338808,10.0,0.29540376476
1.5052727,1.5052727,0.29540376476
-0.9627539,-0.9627539,0.29540376476
18.382657,10.0,0.29540376476
9.3939529,9.3939529,0.29540376476
-0.1178853,-0.1178853,0.29540376476
-5.1217319,-5.1217319,0.29540376476
1.543221,1.543221,0.29540376476
0.217512,0.217512,0.29540376476
2.0776513,2.0776513,0.29540376476
1.2207394,1.2207394,0.29540376476
1.7777153,1.7777153,0.29540376476
-18.875825,-10.0,0.29540376476
2.1241743,2.1241743,0.29540376476
-17.3097248,-10.0,0.29540376476
2.039587,2.039587,0.29540376476
1.8985008,1.8985008,0.29540376476
2.1241736,2.1241736,0.29540376476
1.583801,1.583801,0.29540376476
2.124156,2.124156,0.29540376476
-15.8044521,-10.0,0.29540376476
-18.2724787,-10.0,0.29540376476
1.0729322,1.0729322,0.29540376476
-7.9157719,-7.9157719,0.29540376476
-2.1574723,-2.1574723,0.29540376476
-7.1613189,-7.1613189,0.29540376476
-0.496366,-0.496366,0.29540376476
-1.822075,-1.822075,0.29540376476
0.0380643,0.0380643,0.29540376476
-0.8188476,-0.8188476,0.29540376476
-0.2618717,-0.2618717,0.29540376476
-20.915412,-10.0,0.29540376476
0.0845873,0.0845873,0.29540376476
-19.3493118,-10.0,0.29540376476
-2.039587,-2.039587,0.29540376476
-0.1410862,-0.1410862,0.29540376476
0.0845866,0.0845866,0.29540376476
-0.455786,-0.455786,0.29540376476
0.084569,0.084569,0.29540376476
-17.8440391,-10.0,0.29540376476
-20.3120657,-10.0,0.29540376476
-0.9666548,-0.9666548,0.29540376476
-9.9553589,-9.9553589,0.29540376476
-2.0163861,-2.0163861,0.29540376476
-7.0202327,-7.0202327,0.29540376476
-0.3552798,-0.3552798,0.29540376476
-1.6809888,-1.6809888,0.29540376476
0.1791505,0.1791505,0.29540376476
-0.6777614,-0.6777614,0.29540376476
-0.1207855,-0.1207855,0.29540376476
-20.7743258,-10.0,0.29540376476
0.2256735,0.2256735,0.29540376476
-19.2082256,-10.0,0.29540376476
-1.8985008,-1.8985008,0.29540376476
0.1410862,0.1410862,0.29540376476
0.2256728,0.2256728,0.29540376476
-0.3146998,-0.3146998,0.29540376476
0.2256552,0.2256552,0.29540376476
-17.7029529,-10.0,0.29540376476
-20.1709795,-10.0,0.29540376476
-0.8255686,-0.8255686,0.29540376476
-9.8142727,-9.8142727,0.29540376476
-2.2420589,-2.2420589,0.29540376476
-7.2459055,-7.2459055,0.29540376476
-0.5809526,-0.5809526,0.29540376476
-1.9066616,-1.9066616,0.29540376476
-0.0465223,-0.0465223,0.29540376476
-0.9034342,-0.9034342,0.29540376476
-0.3464583,-0.3464583,0.29540376476
-20.9999986,-10.0,0.29540376476
6.99999997522e-07,6.99999997522e-07,0.29540376476
-19.4338984,-10.0,0.29540376476
-2.1241736,-2.1241736,0.29540376476
-0.0845866,-0.0845866,0.29540376476
-0.2256728,-0.2256728,0.29540376476
-0.5403726,-0.5403726,0.29540376476
-1.76000000032e-05,-1.76000000032e-05,0.29540376476
-17.9286257,-10.0,0.29540376476
-20.3966523,-10.0,0.29540376476
-1.0512414,-1.0512414,0.29540376476
-10.0399455,-10.0,0.29540376476
-1.7016863,-1.7016863,0.29540376476
-6.7055329,-6.7055329,0.29540376476
-0.04058,-0.04058,0.29540376476
-1.366289,-1.366289,0.29540376476
0.4938503,0.4938503,0.29540376476
-0.3630616,-0.3630616,0.29540376476
0.1939143,0.1939143,0.29540376476
-20.459626,-10.0,0.29540376476
0.5403733,0.5403733,0.29540376476
-18.8935258,-10.0,0.29540376476
-1.583801,-1.583801,0.29540376476
0.455786,0.455786,0.29540376476
0.3146998,0.3146998,0.29540376476
0.5403726,0.5403726,0.29540376476
0.540355,0.540355,0.29540376476
-17.3882531,-10.0,0.29540376476
-19.8562797,-10.0,0.29540376476
-0.5108688,-0.5108688,0.29540376476
-9.4995729,-9.4995729,0.29540376476
-2.2420413,-2.2420413,0.29540376476
-7.2458879,-7.2458879,0.29540376476
-0.580935,-0.580935,0.29540376476
-1.906644,-1.906644,0.29540376476
-0.0465047,-0.0465047,0.29540376476
-0.9034166,-0.9034166,0.29540376476
-0.3464407,-0.3464407,0.29540376476
-20.999981,-10.0,0.29540376476
1.83000000007e-05,1.83000000007e-05,0.29540376476
-19.4338808,-10.0,0.29540376476
-2.124156,-2.124156,0.29540376476
-0.084569,-0.084569,0.29540376476
-0.2256552,-0.2256552,0.29540376476
1.76000000032e-05,1.76000000032e-05,0.29540376476
-0.540355,-0.540355,0.29540376476
-17.9286081,-10.0,0.29540376476
-20.3966347,-10.0,0.29540376476
-1.0512238,-1.0512238,0.29540376476
-10.0399279,-10.0,0.29540376476
15.6865668,10.0,0.29540376476
10.6827202,10.0,0.29540376476
17.3476731,10.0,0.29540376476
16.0219641,10.0,0.29540376476
17.8821034,10.0,0.29540376476
17.0251915,10.0,0.29540376476
17.5821674,10.0,0.29540376476
-3.0713729,-3.0713729,0.29540376476
17.9286264,10.0,0.29540376476
-1.5052727,-1.5052727,0.29540376476
15.8044521,10.0,0.29540376476
17.8440391,10.0,0.29540376476
17.7029529,10.0,0.29540376476
17.9286257,10.0,0.29540376476
17.3882531,10.0,0.29540376476
17.9286081,10.0,0.29540376476
-2.4680266,-2.4680266,0.29540376476
16.8773843,10.0,0.29540376476
7.8886802,7.8886802,0.29540376476
18.1545934,10.0,0.29540376476
13.1507468,10.0,0.29540376476
19.8156997,10.0,0.29540376476
18.4899907,10.0,0.29540376476
20.35013,10.0,0.29540376476
19.4932181,10.0,0.29540376476
20.050194,10.0,0.29540376476
-0.6033463,-0.6033463,0.29540376476
20.396653,10.0,0.29540376476
0.9627539,0.9627539,0.29540376476
18.2724787,10.0,0.29540376476
20.3120657,10.0,0.29540376476
20.1709795,10.0,0.29540376476
20.3966523,10.0,0.29540376476
19.8562797,10.0,0.29540376476
20.3966347,10.0,0.29540376476
2.4680266,2.4680266,0.29540376476
19.3454109,10.0,0.29540376476
10.3567068,10.0,0.29540376476
-1.1908175,-1.1908175,0.29540376476
-6.1946641,-6.1946641,0.29540376476
0.4702888,0.4702888,0.29540376476
-0.8554202,-0.8554202,0.29540376476
1.0047191,1.0047191,0.29540376476
0.1478072,0.1478072,0.29540376476
0.7047831,0.7047831,0.29540376476
-19.9487572,-10.0,0.29540376476
1.0512421,1.0512421,0.29540376476
-18.382657,-10.0,0.29540376476
-1.0729322,-1.0729322,0.29540376476
0.9666548,0.9666548,0.29540376476
0.8255686,0.8255686,0.29540376476
1.0512414,1.0512414,0.29540376476
0.5108688,0.5108688,0.29540376476
1.0512238,1.0512238,0.29540376476
-16.8773843,-10.0,0.29540376476
-19.3454109,-10.0,0.29540376476
-8.9887041,-8.9887041,0.29540376476
7.7978866,7.7978866,0.29540376476
2.79404,2.79404,0.29540376476
9.4589929,9.4589929,0.29540376476
8.1332839,8.1332839,0.29540376476
9.9934232,9.9934232,0.29540376476
9.1365113,9.1365113,0.29540376476
9.6934872,9.6934872,0.29540376476
-10.9600531,-10.0,0.29540376476
10.0399462,10.0,0.29540376476
-9.3939529,-9.3939529,0.29540376476
7.9157719,7.9157719,0.29540376476
9.9553589,9.9553589,0.29540376476
9.8142727,9.8142727,0.29540376476
10.0399455,10.0,0.29540376476
9.4995729,9.4995729,0.29540376476
10.0399279,10.0,0.29540376476
-7.8886802,-7.8886802,0.29540376476
-10.3567068,-10.0,0.29540376476
8.9887041,8.9887041,0.29540376476
4.0472833,4.0472833,0.361805635488
21.0878337,10.0,0.361805635488
15.5600554,10.0,0.361805635488
19.2690214,10.0,0.361805635488
0.5143697,0.5143697,0.361805635488
21.1041675,10.0,0.361805635488
21.1032673,10.0,0.361805635488
17.5771719,10.0,0.361805635488
17.3887888,10.0,0.361805635488
20.9609433,10.0,0.361805635488
18.9940347,10.0,0.361805635488
17.4057848,10.0,0.361805635488
21.1032369,10.0,0.361805635488
20.6789051,10.0,0.361805635488
0.1041679,0.1041679,0.361805635488
1.9143823,1.9143823,0.361805635488
2.1858224,2.1858224,0.361805635488
19.6918229,10.0,0.361805635488
16.3711521,10.0,0.361805635488
-4.0472833,-4.0472833,0.361805635488
17.0405504,10.0,0.361805635488
11.5127721,10.0,0.361805635488
15.2217381,10.0,0.361805635488
-3.5329136,-3.5329136,0.361805635488
17.0568842,10.0,0.361805635488
17.055984,10.0,0.361805635488
13.5298886,10.0,0.361805635488
13.3415055,10.0,0.361805635488
16.91366,10.0,0.361805635488
14.9467514,10.0,0.361805635488
13.3585015,10.0,0.361805635488
17.0559536,10.0,0.361805635488
16.6316218,10.0,0.361805635488
-3.9431154,-3.9431154,0.361805635488
-2.132901,-2.132901,0.361805635488
-1.8614609,-1.8614609,0.361805635488
15.6445396,10.0,0.361805635488
12.3238688,10.0,0.361805635488
-21.0878337,-10.0,0.361805635488
-17.0405504,-10.0,0.361805635488
-5.5277783,-5.5277783,0.361805635488
-1.8188123,-1.8188123,0.361805635488
-20.573464,-10.0,0.361805635488
0.0163338,0.0163338,0.361805635488
0.0154336,0.0154336,0.361805635488
-3.5106618,-3.5106618,0.361805635488
-3.6990449,-3.6990449,0.361805635488
-0.1268904,-0.1268904,0.361805635488
-2.093799,-2.093799,0.361805635488
-3.6820489,-3.6820489,0.361805635488
0.0154032,0.0154032,0.361805635488
-0.4089286,-0.4089286,0.361805635488
-20.9836658,-10.0,0.361805635488
-19.1734514,-10.0,0.361805635488
-18.9020113,-10.0,0.361805635488
-1.3960108,-1.3960108,0.361805635488
-4.7166816,-4.7166816,0.361805635488
-15.5600554,-10.0,0.361805635488
-11.5127721,-10.0,0.361805635488
5.5277783,5.5277783,0.361805635488
3.708966,3.708966,0.361805635488
-15.0456857,-10.0,0.361805635488
5.5441121,5.5441121,0.361805635488
5.5432119,5.5432119,0.361805635488
2.0171165,2.0171165,0.361805635488
1.8287334,1.8287334,0.361805635488
5.4008879,5.4008879,0.361805635488
3.4339793,3.4339793,0.361805635488
1.8457294,1.8457294,0.361805635488
5.5431815,5.5431815,0.361805635488
5.1188497,5.1188497,0.361805635488
-15.4558875,-10.0,0.361805635488
-13.6456731,-10.0,0.361805635488
-13.374233,-10.0,0.361805635488
4.1317675,4.1317675,0.361805635488
0.8110967,0.8110967,0.361805635488
-19.2690214,-10.0,0.361805635488
-15.2217381,-10.0,0.361805635488
1.8188123,1.8188123,0.361805635488
-3.708966,-3.708966,0.361805635488
-18.7546517,-10.0,0.361805635488
1.8351461,1.8351461,0.361805635488
1.8342459,1.8342459,0.361805635488
-1.6918495,-1.6918495,0.361805635488
-1.8802326,-1.8802326,0.361805635488
1.6919219,1.6919219,0.361805635488
-0.2749867,-0.2749867,0.361805635488
-1.8632366,-1.8632366,0.361805635488
1.8342155,1.8342155,0.361805635488
1.4098837,1.4098837,0.361805635488
-19.1648535,-10.0,0.361805635488
-17.3546391,-10.0,0.361805635488
-17.083199,-10.0,0.361805635488
0.4228015,0.4228015,0.361805635488
-2.8978693,-2.8978693,0.361805635488
-0.5143697,-0.5143697,0.361805635488
3.5329136,3.5329136,0.361805635488
20.573464,10.0,0.361805635488
15.0456857,10.0,0.361805635488
18.7546517,10.0,0.361805635488
20.5897978,10.0,0.361805635488
20.5888976,10.0,0.361805635488
17.0628022,10.0,0.361805635488
16.8744191,10.0,0.361805635488
20.4465736,10.0,0.361805635488
18.479665,10.0,0.361805635488
16.8914151,10.0,0.361805635488
20.5888672,10.0,0.361805635488
20.1645354,10.0,0.361805635488
-0.4102018,-0.4102018,0.361805635488
1.4000126,1.4000126,0.361805635488
1.6714527,1.6714527,0.361805635488
19.1774532,10.0,0.361805635488
15.8567824,10.0,0.361805635488
-21.1041675,-10.0,0.361805635488
-17.0568842,-10.0,0.361805635488
-0.0163338,-0.0163338,0.361805635488
-5.5441121,-5.5441121,0.361805635488
-1.8351461,-1.8351461,0.361805635488
-20.5897978,-10.0,0.361805635488
-0.0009002,-0.0009002,0.361805635488
-3.5269956,-3.5269956,0.361805635488
-3.7153787,-3.7153787,0.361805635488
-0.1432242,-0.1432242,0.361805635488
-2.1101328,-2.1101328,0.361805635488
-3.6983827,-3.6983827,0.361805635488
-0.0009306,-0.0009306,0.361805635488
-0.4252624,-0.4252624,0.361805635488
-20.9999996,-10.0,0.361805635488
-19.1897852,-10.0,0.361805635488
-18.9183451,-10.0,0.361805635488
-1.4123446,-1.4123446,0.361805635488
-4.7330154,-4.7330154,0.361805635488
-21.1032673,-10.0,0.361805635488
-17.055984,-10.0,0.361805635488
-0.0154336,-0.0154336,0.361805635488
-5.5432119,-5.5432119,0.361805635488
-1.8342459,-1.8342459,0.361805635488
-20.5888976,-10.0,0.361805635488
0.0009002,0.0009002,0.361805635488
-3.5260954,-3.5260954,0.361805635488
-3.7144785,-3.7144785,0.361805635488
-0.142324,-0.142324,0.361805635488
-2.1092326,-2.1092326,0.361805635488
-3.6974825,-3.6974825,0.361805635488
-3.04e-05,-3.04e-05,0.361805635488
-0.4243622,-0.4243622,0.361805635488
-20.9990994,-10.0,0.361805635488
-19.188885,-10.0,0.361805635488
-18.9174449,-10.0,0.361805635488
-1.4114444,-1.4114444,0.361805635488
-4.7321152,-4.7321152,0.361805635488
-17.5771719,-10.0,0.361805635488
-13.5298886,-10.0,0.361805635488
3.5106618,3.5106618,0.361805635488
-2.0171165,-2.0171165,0.361805635488
1.6918495,1.6918495,0.361805635488
-17.0628022,-10.0,0.361805635488
3.5269956,3.5269956,0.361805635488
3.5260954,3.5260954,0.361805635488
-0.1883831,-0.1883831,0.361805635488
3.3837714,3.3837714,0.361805635488
1.4168628,1.4168628,0.361805635488
-0.1713871,-0.1713871,0.361805635488
3.526065,3.526065,0.361805635488
3.1017332,3.1017332,0.361805635488
-17.473004,-10.0,0.361805635488
-15.6627896,-10.0,0.361805635488
-15.3913495,-10.0,0.361805635488
2.114651,2.114651,0.361805635488
-1.2060198,-1.2060198,0.361805635488
-17.3887888,-10.0,0.361805635488
-13.3415055,-10.0,0.361805635488
3.6990449,3.6990449,0.361805635488
-1.8287334,-1.8287334,0.361805635488
1.8802326,1.8802326,0.361805635488
-16.8744191,-10.0,0.361805635488
3.7153787,3.7153787,0.361805635488
3.7144785,3.7144785,0.361805635488
0.1883831,0.1883831,0.361805635488
3.5721545,3.5721545,0.361805635488
1.6052459,1.6052459,0.361805635488
0.016996,0.016996,0.361805635488
3.7144481,3.7144481,0.361805635488
3.2901163,3.2901163,0.361805635488
-17.2846209,-10.0,0.361805635488
-15.4744065,-10.0,0.361805635488
-15.2029664,-10.0,0.361805635488
2.3030341,2.3030341,0.361805635488
-1.0176367,-1.0176367,0.361805635488
-20.9609433,-10.0,0.361805635488
-16.91366,-10.0,0.361805635488
0.1268904,0.1268904,0.361805635488
-5.4008879,-5.4008879,0.361805635488
-1.6919219,-1.6919219,0.361805635488
-20.4465736,-10.0,0.361805635488
0.1432242,0.1432242,0.361805635488
0.142324,0.142324,0.361805635488
-3.3837714,-3.3837714,0.361805635488
-3.5721545,-3.5721545,0.361805635488
-1.9669086,-1.9669086,0.361805635488
-3.5551585,-3.5551585,0.361805635488
0.1422936,0.1422936,0.361805635488
-0.2820382,-0.2820382,0.361805635488
-20.8567754,-10.0,0.361805635488
-19.046561,-10.0,0.361805635488
-18.7751209,-10.0,0.361805635488
-1.2691204,-1.2691204,0.361805635488
-4.5897912,-4.5897912,0.361805635488
-18.9940347,-10.0,0.361805635488
-14.9467514,-10.0,0.361805635488
2.093799,2.093799,0.361805635488
-3.4339793,-3.4339793,0.361805635488
0.2749867,0.2749867,0.361805635488
-18.479665,-10.0,0.361805635488
2.1101328,2.1101328,0.361805635488
2.1092326,2.1092326,0.361805635488
-1.4168628,-1.4168628,0.361805635488
-1.6052459,-1.6052459,0.361805635488
1.9669086,1.9669086,0.361805635488
-1.5882499,-1.5882499,0.361805635488
2.1092022,2.1092022,0.361805635488
1.6848704,1.6848704,0.361805635488
-18.8898668,-10.0,0.361805635488
-17.0796524,-10.0,0.361805635488
-16.8082123,-10.0,0.361805635488
0.6977882,0.6977882,0.361805635488
-2.6228826,-2.6228826,0.361805635488
-17.4057848,-10.0,0.361805635488
-13.3585015,-10.0,0.361805635488
3.6820489,3.6820489,0.361805635488
-1.8457294,-1.8457294,0.361805635488
1.8632366,1.8632366,0.361805635488
-16.8914151,-10.0,0.361805635488
3.6983827,3.6983827,0.361805635488
3.6974825,3.6974825,0.361805635488
0.1713871,0.1713871,0.361805635488
-0.016996,-0.016996,0.361805635488
3.5551585,3.5551585,0.361805635488
1.5882499,1.5882499,0.361805635488
3.6974521,3.6974521,0.361805635488
3.2731203,3.2731203,0.361805635488
-17.3016169,-10.0,0.361805635488
-15.4914025,-10.0,0.361805635488
-15.2199624,-10.0,0.361805635488
2.2860381,2.2860381,0.361805635488
-1.0346327,-1.0346327,0.361805635488
-21.1032369,-10.0,0.361805635488
-17.0559536,-10.0,0.361805635488
-0.0154032,-0.0154032,0.361805635488
-5.5431815,-5.5431815,0.361805635488
-1.8342155,-1.8342155,0.361805635488
-20.5888672,-10.0,0.361805635488
0.0009306,0.0009306,0.361805635488
3.04e-05,3.04e-05,0.361805635488
-3.526065,-3.526065,0.361805635488
-3.7144481,-3.7144481,0.361805635488
-0.1422936,-0.1422936,0.361805635488
-2.1092022,-2.1092022,0.361805635488
-3.6974521,-3.6974521,0.361805635488
-0.4243318,-0.4243318,0.361805635488
-20.999069,-10.0,0.361805635488
-19.1888546,-10.0,0.361805635488
-18.9174145,-10.0,0.361805635488
-1.411414,-1.411414,0.361805635488
-4.7320848,-4.7320848,0.361805635488
-20.6789051,-10.0,0.361805635488
-16.6316218,-10.0,0.361805635488
0.4089286,0.4089286,0.361805635488
-5.1188497,-5.1188497,0.361805635488
-1.4098837,-1.4098837,0.361805635488
-20.1645354,-10.0,0.361805635488
0.4252624,0.4252624,0.361805635488
0.4243622,0.4243622,0.361805635488
-3.1017332,-3.1017332,0.361805635488
-3.2901163,-3.2901163,0.361805635488
0.2820382,0.2820382,0.361805635488
-1.6848704,-1.6848704,0.361805635488
-3.2731203,-3.2731203,0.361805635488
0.4243318,0.4243318,0.361805635488
-20.5747372,-10.0,0.361805635488
-18.7645228,-10.0,0.361805635488
-18.4930827,-10.0,0.361805635488
-0.9870822,-0.9870822,0.361805635488
-4.307753,-4.307753,0.361805635488
-0.1041679,-0.1041679,0.361805635488
3.9431154,3.9431154,0.361805635488
20.9836658,10.0,0.361805635488
15.4558875,10.0,0.361805635488
19.1648535,10.0,0.361805635488
0.4102018,0.4102018,0.361805635488
20.9999996,10.0,0.361805635488
20.9990994,10.0,0.361805635488
17.473004,10.0,0.361805635488
17.2846209,10.0,0.361805635488
20.8567754,10.0,0.361805635488
18.8898668,10.0,0.361805635488
17.3016169,10.0,0.361805635488
20.999069,10.0,0.361805635488
20.5747372,10.0,0.361805635488
1.8102144,1.8102144,0.361805635488
2.0816545,2.0816545,0.361805635488
19.587655,10.0,0.361805635488
16.2669842,10.0,0.361805635488
-1.9143823,-1.9143823,0.361805635488
2.132901,2.132901,0.361805635488
19.1734514,10.0,0.361805635488
13.6456731,10.0,0.361805635488
17.3546391,10.0,0.361805635488
-1.4000126,-1.4000126,0.361805635488
19.1897852,10.0,0.361805635488
19.188885,10.0,0.361805635488
15.6627896,10.0,0.361805635488
15.4744065,10.0,0.361805635488
19.046561,10.0,0.361805635488
17.0796524,10.0,0.361805635488
15.4914025,10.0,0.361805635488
19.1888546,10.0,0.361805635488
18.7645228,10.0,0.361805635488
-1.8102144,-1.8102144,0.361805635488
0.2714401,0.2714401,0.361805635488
17.7774406,10.0,0.361805635488
14.4567698,10.0,0.361805635488
-2.1858224,-2.1858224,0.361805635488
1.8614609,1.8614609,0.361805635488
18.9020113,10.0,0.361805635488
13.374233,10.0,0.361805635488
17.083199,10.0,0.361805635488
-1.6714527,-1.6714527,0.361805635488
18.9183451,10.0,0.361805635488
18.9174449,10.0,0.361805635488
15.3913495,10.0,0.361805635488
15.2029664,10.0,0.361805635488
18.7751209,10.0,0.361805635488
16.8082123,10.0,0.361805635488
15.2199624,10.0,0.361805635488
18.9174145,10.0,0.361805635488
18.4930827,10.0,0.361805635488
-2.0816545,-2.0816545,0.361805635488
-0.2714401,-0.2714401,0.361805635488
17.5060005,10.0,0.361805635488
14.1853297,10.0,0.361805635488
-19.6918229,-10.0,0.361805635488
-15.6445396,-10.0,0.361805635488
1.3960108,1.3960108,0.361805635488
-4.1317675,-4.1317675,0.361805635488
-0.4228015,-0.4228015,0.361805635488
-19.1774532,-10.0,0.361805635488
1.4123446,1.4123446,0.361805635488
1.4114444,1.4114444,0.361805635488
-2.114651,-2.114651,0.361805635488
-2.3030341,-2.3030341,0.361805635488
1.2691204,1.2691204,0.361805635488
-0.6977882,-0.6977882,0.361805635488
-2.2860381,-2.2860381,0.361805635488
1.411414,1.411414,0.361805635488
0.9870822,0.9870822,0.361805635488
-19.587655,-10.0,0.361805635488
-17.7774406,-10.0,0.361805635488
-17.5060005,-10.0,0.361805635488
-3.3206708,-3.3206708,0.361805635488
-16.3711521,-10.0,0.361805635488
-12.3238688,-10.0,0.361805635488
4.7166816,4.7166816,0.361805635488
-0.8110967,-0.8110967,0.361805635488
2.8978693,2.8978693,0.361805635488
-15.8567824,-10.0,0.361805635488
4.7330154,4.7330154,0.361805635488
4.7321152,4.7321152,0.361805635488
1.2060198,1.2060198,0.361805635488
1.0176367,1.0176367,0.361805635488
4.5897912,4.5897912,0.361805635488
2.6228826,2.6228826,0.361805635488
1.0346327,1.0346327,0.361805635488
4.7320848,4.7320848,0.361805635488
4.307753,4.307753,0.361805635488
-16.2669842,-10.0,0.361805635488
-14.4567698,-10.0,0.361805635488
-14.1853297,-10.0,0.361805635488
3.3206708,3.3206708,0.361805635488
5.9530777,5.9530777,0.15659187705
4.640624,4.640624,0.15659187705
1.026923,1.026923,0.15659187705
5.5636714,5.5636714,0.15659187705
4.7517672,4.7517672,0.15659187705
5.9531086,5.9531086,0.15659187705
-12.4689308,-10.0,0.15659187705
3.0482535,3.0482535,0.15659187705
-15.0468913,-10.0,0.15659187705
-14.7133632,-10.0,0.15659187705
5.9530226,5.9530226,0.15659187705
5.9278686,5.9278686,0.15659187705
5.3297541,5.3297541,0.15659187705
-9.4264215,-9.4264215,0.15659187705
5.941985,5.941985,0.15659187705
5.9520225,5.9520225,0.15659187705
5.9509263,5.9509263,0.15659187705
3.3530075,3.3530075,0.15659187705
1.6644057,1.6644057,0.15659187705
-5.9530777,-5.9530777,0.15659187705
-1.3124537,-1.3124537,0.15659187705
-4.9261547,-4.9261547,0.15659187705
-0.3894063,-0.3894063,0.15659187705
-1.2013105,-1.2013105,0.15659187705
3.08999999987e-05,3.08999999987e-05,0.15659187705
-18.4220085,-10.0,0.15659187705
-2.9048242,-2.9048242,0.15659187705
-20.999969,-10.0,0.15659187705
-20.6664409,-10.0,0.15659187705
-5.51000000009e-05,-5.51000000009e-05,0.15659187705
-0.0252091,-0.0252091,0.15659187705
-0.6233236,-0.6233236,0.15659187705
-15.3794992,-10.0,0.15659187705
-0.0110927,-0.0110927,0.15659187705
-0.0010552,-0.0010552,0.15659187705
-0.0021514,-0.0021514,0.15659187705
-2.6000702,-2.6000702,0.15659187705
-4.288672,-4.288672,0.15659187705
-4.640624,-4.640624,0.15659187705
1.3124537,1.3124537,0.15659187705
-3.613701,-3.613701,0.15659187705
0.9230474,0.9230474,0.15659187705
0.1111432,0.1111432,0.15659187705
1.3124846,1.3124846,0.15659187705
-17.1095548,-10.0,0.15659187705
-1.5923705,-1.5923705,0.15659187705
-19.6875153,-10.0,0.15659187705
-19.3539872,-10.0,0.15659187705
1.3123986,1.3123986,0.15659187705
1.2872446,1.2872446,0.15659187705
0.6891301,0.6891301,0.15659187705
-14.0670455,-10.0,0.15659187705
1.301361,1.301361,0.15659187705
1.3113985,1.3113985,0.15659187705
1.3103023,1.3103023,0.15659187705
-1.2876165,-1.2876165,0.15659187705
-2.9762183,-2.9762183,0.15659187705
-1.026923,-1.026923,0.15659187705
4.9261547,4.9261547,0.15659187705
3.613701,3.613701,0.15659187705
4.5367484,4.5367484,0.15659187705
3.7248442,3.7248442,0.15659187705
4.9261856,4.9261856,0.15659187705
-13.4958538,-10.0,0.15659187705
2.0213305,2.0213305,0.15659187705
-16.0738143,-10.0,0.15659187705
-15.7402862,-10.0,0.15659187705
4.9260996,4.9260996,0.15659187705
4.9009456,4.9009456,0.15659187705
4.3028311,4.3028311,0.15659187705
-10.4533445,-10.0,0.15659187705
4.915062,4.915062,0.15659187705
4.9250995,4.9250995,0.15659187705
4.9240033,4.9240033,0.15659187705
2.3260845,2.3260845,0.15659187705
0.6374827,0.6374827,0.15659187705
-5.5636714,-5.5636714,0.15659187705
0.3894063,0.3894063,0.15659187705
-0.9230474,-0.9230474,0.15659187705
-4.5367484,-4.5367484,0.15659187705
-0.8119042,-0.8119042,0.15659187705
0.3894372,0.3894372,0.15659187705
-18.0326022,-10.0,0.15659187705
-2.5154179,-2.5154179,0.15659187705
-20.6105627,-10.0,0.15659187705
-20.2770346,-10.0,0.15659187705
0.3893512,0.3893512,0.15659187705
0.3641972,0.3641972,0.15659187705
-0.2339173,-0.2339173,0.15659187705
-14.9900929,-10.0,0.15659187705
0.3783136,0.3783136,0.15659187705
0.3883511,0.3883511,0.15659187705
0.3872549,0.3872549,0.15659187705
-2.2106639,-2.2106639,0.15659187705
-3.8992657,-3.8992657,0.15659187705
-4.7517672,-4.7517672,0.15659187705
1.2013105,1.2013105,0.15659187705
-0.1111432,-0.1111432,0.15659187705
-3.7248442,-3.7248442,0.15659187705
0.8119042,0.8119042,0.15659187705
1.2013414,1.2013414,0.15659187705
-17.220698,-10.0,0.15659187705
-1.7035137,-1.7035137,0.15659187705
-19.7986585,-10.0,0.15659187705
-19.4651304,-10.0,0.15659187705
1.2012554,1.2012554,0.15659187705
1.1761014,1.1761014,0.15659187705
0.5779869,0.5779869,0.15659187705
-14.1781887,-10.0,0.15659187705
1.1902178,1.1902178,0.15659187705
1.2002553,1.2002553,0.15659187705
1.1991591,1.1991591,0.15659187705
-1.3987597,-1.3987597,0.15659187705
-3.0873615,-3.0873615,0.15659187705
-5.9531086,-5.9531086,0.15659187705
-3.08999999987e-05,-3.08999999987e-05,0.15659187705
-1.3124846,-1.3124846,0.15659187705
-4.9261856,-4.9261856,0.15659187705
-0.3894372,-0.3894372,0.15659187705
-1.2013414,-1.2013414,0.15659187705
-18.4220394,-10.0,0.15659187705
-2.9048551,-2.9048551,0.15659187705
-20.9999999,-10.0,0.15659187705
-20.6664718,-10.0,0.15659187705
-8.59999999996e-05,-8.59999999996e-05,0.15659187705
-0.02524,-0.02524,0.15659187705
-0.6233545,-0.6233545,0.15659187705
-15.3795301,-10.0,0.15659187705
-0.0111236,-0.0111236,0.15659187705
-0.0010861,-0.0010861,0.15659187705
-0.0021823,-0.0021823,0.15659187705
-2.6001011,-2.6001011,0.15659187705
-4.2887029,-4.2887029,0.15659187705
12.4689308,10.0,0.15659187705
18.4220085,10.0,0.15659187705
17.1095548,10.0,0.15659187705
13.4958538,10.0,0.15659187705
18.0326022,10.0,0.15659187705
17.220698,10.0,0.15659187705
18.4220394,10.0,0.15659187705
15.5171843,10.0,0.15659187705
-2.5779605,-2.5779605,0.15659187705
-2.2444324,-2.2444324,0.15659187705
18.4219534,10.0,0.15659187705
18.3967994,10.0,0.15659187705
17.7986849,10.0,0.15659187705
3.0425093,3.0425093,0.15659187705
18.4109158,10.0,0.15659187705
18.4209533,10.0,0.15659187705
18.4198571,10.0,0.15659187705
15.8219383,10.0,0.15659187705
14.1333365,10.0,0.15659187705
-3.0482535,-3.0482535,0.15659187705
2.9048242,2.9048242,0.15659187705
1.5923705,1.5923705,0.15659187705
-2.0213305,-2.0213305,0.15659187705
2.5154179,2.5154179,0.15659187705
1.7035137,1.7035137,0.15659187705
2.9048551,2.9048551,0.15659187705
-15.5171843,-10.0,0.15659187705
-18.0951448,-10.0,0.15659187705
-17.7616167,-10.0,0.15659187705
2.9047691,2.9047691,0.15659187705
2.8796151,2.8796151,0.15659187705
2.2815006,2.2815006,0.15659187705
-12.474675,-10.0,0.15659187705
2.8937315,2.8937315,0.15659187705
2.903769,2.903769,0.15659187705
2.9026728,2.9026728,0.15659187705
0.304754,0.304754,0.15659187705
-1.3838478,-1.3838478,0.15659187705
15.0468913,10.0,0.15659187705
20.999969,10.0,0.15659187705
19.6875153,10.0,0.15659187705
16.0738143,10.0,0.15659187705
20.6105627,10.0,0.15659187705
19.7986585,10.0,0.15659187705
20.9999999,10.0,0.15659187705
2.5779605,2.5779605,0.15659187705
18.0951448,10.0,0.15659187705
0.3335281,0.3335281,0.15659187705
20.9999139,10.0,0.15659187705
20.9747599,10.0,0.15659187705
20.3766454,10.0,0.15659187705
5.6204698,5.6204698,0.15659187705
20.9888763,10.0,0.15659187705
20.9989138,10.0,0.15659187705
20.9978176,10.0,0.15659187705
18.3998988,10.0,0.15659187705
16.711297,10.0,0.15659187705
14.7133632,10.0,0.15659187705
20.6664409,10.0,0.15659187705
19.3539872,10.0,0.15659187705
15.7402862,10.0,0.15659187705
20.2770346,10.0,0.15659187705
19.4651304,10.0,0.15659187705
20.6664718,10.0,0.15659187705
2.2444324,2.2444324,0.15659187705
17.7616167,10.0,0.15659187705
-0.3335281,-0.3335281,0.15659187705
20.6663858,10.0,0.15659187705
20.6412318,10.0,0.15659187705
20.0431173,10.0,0.15659187705
5.2869417,5.2869417,0.15659187705
20.6553482,10.0,0.15659187705
20.6653857,10.0,0.15659187705
20.6642895,10.0,0.15659187705
18.0663707,10.0,0.15659187705
16.3777689,10.0,0.15659187705
-5.9530226,-5.9530226,0.15659187705
5.51000000009e-05,5.51000000009e-05,0.15659187705
-1.3123986,-1.3123986,0.15659187705
-4.9260996,-4.9260996,0.15659187705
-0.3893512,-0.3893512,0.15659187705
-1.2012554,-1.2012554,0.15659187705
8.59999999996e-05,8.59999999996e-05,0.15659187705
-18.4219534,-10.0,0.15659187705
-2.9047691,-2.9047691,0.15659187705
-20.9999139,-10.0,0.15659187705
-20.6663858,-10.0,0.15659187705
-0.025154,-0.025154,0.15659187705
-0.6232685,-0.6232685,0.15659187705
-15.3794441,-10.0,0.15659187705
-0.0110376,-0.0110376,0.15659187705
-0.0010001,-0.0010001,0.15659187705
-0.0020963,-0.0020963,0.15659187705
-2.6000151,-2.6000151,0.15659187705
-4.2886169,-4.2886169,0.15659187705
-5.9278686,-5.9278686,0.15659187705
0.0252091,0.0252091,0.15659187705
-1.2872446,-1.2872446,0.15659187705
-4.9009456,-4.9009456,0.15659187705
-0.3641972,-0.3641972,0.15659187705
-1.1761014,-1.1761014,0.15659187705
0.02524,0.02524,0.15659187705
-18.3967994,-10.0,0.15659187705
-2.8796151,-2.8796151,0.15659187705
-20.9747599,-10.0,0.15659187705
-20.6412318,-10.0,0.15659187705
0.025154,0.025154,0.15659187705
-0.5981145,-0.5981145,0.15659187705
-15.3542901,-10.0,0.15659187705
0.0141164,0.0141164,0.15659187705
0.0241539,0.0241539,0.15659187705
0.0230577,0.0230577,0.15659187705
-2.5748611,-2.5748611,0.15659187705
-4.2634629,-4.2634629,0.15659187705
-5.3297541,-5.3297541,0.15659187705
0.6233236,0.6233236,0.15659187705
-0.6891301,-0.6891301,0.15659187705
-4.3028311,-4.3028311,0.15659187705
0.2339173,0.2339173,0.15659187705
-0.5779869,-0.5779869,0.15659187705
0.6233545,0.6233545,0.15659187705
-17.7986849,-10.0,0.15659187705
-2.2815006,-2.2815006,0.15659187705
-20.3766454,-10.0,0.15659187705
-20.0431173,-10.0,0.15659187705
0.6232685,0.6232685,0.15659187705
0.5981145,0.5981145,0.15659187705
-14.7561756,-10.0,0.15659187705
0.6122309,0.6122309,0.15659187705
0.6222684,0.6222684,0.15659187705
0.6211722,0.6211722,0.15659187705
-1.9767466,-1.9767466,0.15659187705
-3.6653484,-3.6653484,0.15659187705
9.4264215,9.4264215,0.15659187705
15.3794992,10.0,0.15659187705
14.0670455,10.0,0.15659187705
10.4533445,10.0,0.15659187705
14.9900929,10.0,0.15659187705
14.1781887,10.0,0.15659187705
15.3795301,10.0,0.15659187705
-3.0425093,-3.0425093,0.15659187705
12.474675,10.0,0.15659187705
-5.6204698,-5.6204698,0.15659187705
-5.2869417,-5.2869417,0.15659187705
15.3794441,10.0,0.15659187705
15.3542901,10.0,0.15659187705
14.7561756,10.0,0.15659187705
15.3684065,10.0,0.15659187705
15.378444,10.0,0.15659187705
15.3773478,10.0,0.15659187705
12.779429,10.0,0.15659187705
11.0908272,10.0,0.15659187705
-5.941985,-5.941985,0.15659187705
0.0110927,0.0110927,0.15659187705
-1.301361,-1.301361,0.15659187705
-4.915062,-4.915062,0.15659187705
-0.3783136,-0.3783136,0.15659187705
-1.1902178,-1.1902178,0.15659187705
0.0111236,0.0111236,0.15659187705
-18.4109158,-10.0,0.15659187705
-2.8937315,-2.8937315,0.15659187705
-20.9888763,-10.0,0.15659187705
-20.6553482,-10.0,0.15659187705
0.0110376,0.0110376,0.15659187705
-0.0141164,-0.0141164,0.15659187705
-0.6122309,-0.6122309,0.15659187705
-15.3684065,-10.0,0.15659187705
0.0100375,0.0100375,0.15659187705
0.0089413,0.0089413,0.15659187705
-2.5889775,-2.5889775,0.15659187705
-4.2775793,-4.2775793,0.15659187705
-5.9520225,-5.9520225,0.15659187705
0.0010552,0.0010552,0.15659187705
-1.3113985,-1.3113985,0.15659187705
-4.9250995,-4.9250995,0.15659187705
-0.3883511,-0.3883511,0.15659187705
-1.2002553,-1.2002553,0.15659187705
0.0010861,0.0010861,0.15659187705
-18.4209533,-10.0,0.15659187705
-2.903769,-2.903769,0.15659187705
-20.9989138,-10.0,0.15659187705
-20.6653857,-10.0,0.15659187705
0.0010001,0.0010001,0.15659187705
-0.0241539,-0.0241539,0.15659187705
-0.6222684,-0.6222684,0.15659187705
-15.378444,-10.0,0.15659187705
-0.0100375,-0.0100375,0.15659187705
-0.0010962,-0.0010962,0.15659187705
-2.599015,-2.599015,0.15659187705
-4.2876168,-4.2876168,0.15659187705
-5.9509263,-5.9509263,0.15659187705
0.0021514,0.0021514,0.15659187705
-1.3103023,-1.3103023,0.15659187705
-4.9240033,-4.9240033,0.15659187705
-0.3872549,-0.3872549,0.15659187705
-1.1991591,-1.1991591,0.15659187705
0.0021823,0.0021823,0.15659187705
-18.4198571,-10.0,0.15659187705
-2.9026728,-2.9026728,0.15659187705
-20.9978176,-10.0,0.15659187705
-20.6642895,-10.0,0.15659187705
0.0020963,0.0020963,0.15659187705
-0.0230577,-0.0230577,0.15659187705
-0.6211722,-0.6211722,0.15659187705
-15.3773478,-10.0,0.15659187705
-0.0089413,-0.0089413,0.15659187705
0.0010962,0.0010962,0.15659187705
-2.5979188,-2.5979188,0.15659187705
-4.2865206,-4.2865206,0.15659187705
-3.3530075,-3.3530075,0.15659187705
2.6000702,2.6000702,0.15659187705
1.2876165,1.2876165,0.15659187705
-2.3260845,-2.3260845,0.15659187705
2.2106639,2.2106639,0.15659187705
1.3987597,1.3987597,0.15659187705
2.6001011,2.6001011,0.15659187705
-15.8219383,-10.0,0.15659187705
-0.304754,-0.304754,0.15659187705
-18.3998988,-10.0,0.15659187705
-18.0663707,-10.0,0.15659187705
2.6000151,2.6000151,0.15659187705
2.5748611,2.5748611,0.15659187705
1.9767466,1.9767466,0.15659187705
-12.779429,-10.0,0.15659187705
2.5889775,2.5889775,0.15659187705
2.599015,2.599015,0.15659187705
2.5979188,2.5979188,0.15659187705
-1.6886018,-1.6886018,0.15659187705
-1.6644057,-1.6644057,0.15659187705
4.288672,4.288672,0.15659187705
2.9762183,2.9762183,0.15659187705
-0.6374827,-0.6374827,0.15659187705
3.8992657,3.8992657,0.15659187705
3.0873615,3.0873615,0.15659187705
4.2887029,4.2887029,0.15659187705
-14.1333365,-10.0,0.15659187705
1.3838478,1.3838478,0.15659187705
-16.711297,-10.0,0.15659187705
-16.3777689,-10.0,0.15659187705
4.2886169,4.2886169,0.15659187705
4.2634629,4.2634629,0.15659187705
3.6653484,3.6653484,0.15659187705
-11.0908272,-10.0,0.15659187705
4.2775793,4.2775793,0.15659187705
4.2876168,4.2876168,0.15659187705
4.2865206,4.2865206,0.15659187705
1.6886018,1.6886018,0.15659187705
-0.5353374,-0.5353374,0.273280062318
18.5234435,10.0,0.273280062318
20.9993994,10.0,0.273280062318
9.2403054,9.2403054,0.273280062318
1.2280954,1.2280954,0.273280062318
20.9999999,10.0,0.273280062318
17.9835585,10.0,0.273280062318
17.9708082,10.0,0.273280062318
2.5787001,2.5787001,0.273280062318
14.3083016,10.0,0.273280062318
20.2691943,10.0,0.273280062318
20.9998408,10.0,0.273280062318
20.9968857,10.0,0.273280062318
18.305044,10.0,0.273280062318
4.3103513,4.3103513,0.273280062318
0.8040122,0.8040122,0.273280062318
1.6929854,1.6929854,0.273280062318
19.7584066,10.0,0.273280062318
18.4777644,10.0,0.273280062318
0.5353374,0.5353374,0.273280062318
19.0587809,10.0,0.273280062318
21.5347368,10.0,0.273280062318
9.7756428,9.7756428,0.273280062318
1.7634328,1.7634328,0.273280062318
21.5353373,10.0,0.273280062318
18.5188959,10.0,0.273280062318
18.5061456,10.0,0.273280062318
3.1140375,3.1140375,0.273280062318
14.843639,10.0,0.273280062318
20.8045317,10.0,0.273280062318
21.5351782,10.0,0.273280062318
21.5322231,10.0,0.273280062318
18.8403814,10.0,0.273280062318
4.8456887,4.8456887,0.273280062318
1.3393496,1.3393496,0.273280062318
2.2283228,2.2283228,0.273280062318
20.293744,10.0,0.273280062318
19.0131018,10.0,0.273280062318
-18.5234435,-10.0,0.273280062318
-19.0587809,-10.0,0.273280062318
2.4759559,2.4759559,0.273280062318
-9.2831381,-9.2831381,0.273280062318
-17.2953481,-10.0,0.273280062318
2.4765564,2.4765564,0.273280062318
-0.539885,-0.539885,0.273280062318
-0.5526353,-0.5526353,0.273280062318
-15.9447434,-10.0,0.273280062318
-4.2151419,-4.2151419,0.273280062318
1.7457508,1.7457508,0.273280062318
2.4763973,2.4763973,0.273280062318
2.4734422,2.4734422,0.273280062318
-0.2183995,-0.2183995,0.273280062318
-14.2130922,-10.0,0.273280062318
-17.7194313,-10.0,0.273280062318
-16.8304581,-10.0,0.273280062318
1.2349631,1.2349631,0.273280062318
-0.0456791,-0.0456791,0.273280062318
-20.9993994,-10.0,0.273280062318
-21.5347368,-10.0,0.273280062318
-2.4759559,-2.4759559,0.273280062318
-11.759094,-10.0,0.273280062318
-19.771304,-10.0,0.273280062318
0.000600499999997,0.000600499999997,0.273280062318
-3.0158409,-3.0158409,0.273280062318
-3.0285912,-3.0285912,0.273280062318
-18.4206993,-10.0,0.273280062318
-6.6910978,-6.6910978,0.273280062318
-0.7302051,-0.7302051,0.273280062318
0.0004414,0.0004414,0.273280062318
-0.0025137,-0.0025137,0.273280062318
-2.6943554,-2.6943554,0.273280062318
-16.6890481,-10.0,0.273280062318
-20.1953872,-10.0,0.273280062318
-19.306414,-10.0,0.273280062318
-1.2409928,-1.2409928,0.273280062318
-2.521635,-2.521635,0.273280062318
-9.2403054,-9.2403054,0.273280062318
-9.7756428,-9.7756428,0.273280062318
9.2831381,9.2831381,0.273280062318
11.759094,10.0,0.273280062318
-8.01221,-8.01221,0.273280062318
11.7596945,10.0,0.273280062318
8.7432531,8.7432531,0.273280062318
8.7305028,8.7305028,0.273280062318
-6.6616053,-6.6616053,0.273280062318
5.0679962,5.0679962,0.273280062318
11.0288889,10.0,0.273280062318
11.7595354,10.0,0.273280062318
11.7565803,10.0,0.273280062318
9.0647386,9.0647386,0.273280062318
-4.9299541,-4.9299541,0.273280062318
-8.4362932,-8.4362932,0.273280062318
-7.54732,-7.54732,0.273280062318
10.5181012,10.0,0.273280062318
9.237459,9.237459,0.273280062318
-1.2280954,-1.2280954,0.273280062318
-1.7634328,-1.7634328,0.273280062318
17.2953481,10.0,0.273280062318
19.771304,10.0,0.273280062318
8.01221,8.01221,0.273280062318
19.7719045,10.0,0.273280062318
16.7554631,10.0,0.273280062318
16.7427128,10.0,0.273280062318
1.3506047,1.3506047,0.273280062318
13.0802062,10.0,0.273280062318
19.0410989,10.0,0.273280062318
19.7717454,10.0,0.273280062318
19.7687903,10.0,0.273280062318
17.0769486,10.0,0.273280062318
3.0822559,3.0822559,0.273280062318
-0.4240832,-0.4240832,0.273280062318
0.46489,0.46489,0.273280062318
18.5303112,10.0,0.273280062318
17.249669,10.0,0.273280062318
-20.9999999,-10.0,0.273280062318
-21.5353373,-10.0,0.273280062318
-2.4765564,-2.4765564,0.273280062318
-0.000600499999997,-0.000600499999997,0.273280062318
-11.7596945,-10.0,0.273280062318
-19.7719045,-10.0,0.273280062318
-3.0164414,-3.0164414,0.273280062318
-3.0291917,-3.0291917,0.273280062318
-18.4212998,-10.0,0.273280062318
-6.6916983,-6.6916983,0.273280062318
-0.7308056,-0.7308056,0.273280062318
-0.000159099999998,-0.000159099999998,0.273280062318
-0.0031142,-0.0031142,0.273280062318
-2.6949559,-2.6949559,0.273280062318
-16.6896486,-10.0,0.273280062318
-20.1959877,-10.0,0.273280062318
-19.3070145,-10.0,0.273280062318
-1.2415933,-1.2415933,0.273280062318
-2.5222355,-2.5222355,0.273280062318
-17.9835585,-10.0,0.273280062318
-18.5188959,-10.0,0.273280062318
0.539885,0.539885,0.273280062318
3.0158409,3.0158409,0.273280062318
-8.7432531,-8.7432531,0.273280062318
-16.7554631,-10.0,0.273280062318
3.0164414,3.0164414,0.273280062318
-0.0127503,-0.0127503,0.273280062318
-15.4048584,-10.0,0.273280062318
-3.6752569,-3.6752569,0.273280062318
2.2856358,2.2856358,0.273280062318
3.0162823,3.0162823,0.273280062318
3.0133272,3.0133272,0.273280062318
0.3214855,0.3214855,0.273280062318
-13.6732072,-10.0,0.273280062318
-17.1795463,-10.0,0.273280062318
-16.2905731,-10.0,0.273280062318
1.7748481,1.7748481,0.273280062318
0.4942059,0.4942059,0.273280062318
-17.9708082,-10.0,0.273280062318
-18.5061456,-10.0,0.273280062318
0.5526353,0.5526353,0.273280062318
3.0285912,3.0285912,0.273280062318
-8.7305028,-8.7305028,0.273280062318
-16.7427128,-10.0,0.273280062318
3.0291917,3.0291917,0.273280062318
0.0127503,0.0127503,0.273280062318
-15.3921081,-10.0,0.273280062318
-3.6625066,-3.6625066,0.273280062318
2.2983861,2.2983861,0.273280062318
3.0290326,3.0290326,0.273280062318
3.0260775,3.0260775,0.273280062318
0.3342358,0.3342358,0.273280062318
-13.6604569,-10.0,0.273280062318
-17.166796,-10.0,0.273280062318
-16.2778228,-10.0,0.273280062318
1.7875984,1.7875984,0.273280062318
0.5069562,0.5069562,0.273280062318
-2.5787001,-2.5787001,0.273280062318
-3.1140375,-3.1140375,0.273280062318
15.9447434,10.0,0.273280062318
18.4206993,10.0,0.273280062318
6.6616053,6.6616053,0.273280062318
-1.3506047,-1.3506047,0.273280062318
18.4212998,10.0,0.273280062318
15.4048584,10.0,0.273280062318
15.3921081,10.0,0.273280062318
11.7296015,10.0,0.273280062318
17.6904942,10.0,0.273280062318
18.4211407,10.0,0.273280062318
18.4181856,10.0,0.273280062318
15.7263439,10.0,0.273280062318
1.7316512,1.7316512,0.273280062318
-1.7746879,-1.7746879,0.273280062318
-0.8857147,-0.8857147,0.273280062318
17.1797065,10.0,0.273280062318
15.8990643,10.0,0.273280062318
-14.3083016,-10.0,0.273280062318
-14.843639,-10.0,0.273280062318
4.2151419,4.2151419,0.273280062318
6.6910978,6.6910978,0.273280062318
-5.0679962,-5.0679962,0.273280062318
-13.0802062,-10.0,0.273280062318
6.6916983,6.6916983,0.273280062318
3.6752569,3.6752569,0.273280062318
3.6625066,3.6625066,0.273280062318
-11.7296015,-10.0,0.273280062318
5.9608927,5.9608927,0.273280062318
6.6915392,6.6915392,0.273280062318
6.6885841,6.6885841,0.273280062318
3.9967424,3.9967424,0.273280062318
-9.9979503,-9.9979503,0.273280062318
-13.5042894,-10.0,0.273280062318
-12.6153162,-10.0,0.273280062318
5.450105,5.450105,0.273280062318
4.1694628,4.1694628,0.273280062318
-20.2691943,-10.0,0.273280062318
-20.8045317,-10.0,0.273280062318
-1.7457508,-1.7457508,0.273280062318
0.7302051,0.7302051,0.273280062318
-11.0288889,-10.0,0.273280062318
-19.0410989,-10.0,0.273280062318
0.7308056,0.7308056,0.273280062318
-2.2856358,-2.2856358,0.273280062318
-2.2983861,-2.2983861,0.273280062318
-17.6904942,-10.0,0.273280062318
-5.9608927,-5.9608927,0.273280062318
0.7306465,0.7306465,0.273280062318
0.7276914,0.7276914,0.273280062318
-1.9641503,-1.9641503,0.273280062318
-15.958843,-10.0,0.273280062318
-19.4651821,-10.0,0.273280062318
-18.5762089,-10.0,0.273280062318
-0.5107877,-0.5107877,0.273280062318
-1.7914299,-1.7914299,0.273280062318
-20.9998408,-10.0,0.273280062318
-21.5351782,-10.0,0.273280062318
-2.4763973,-2.4763973,0.273280062318
-0.0004414,-0.0004414,0.273280062318
-11.7595354,-10.0,0.273280062318
-19.7717454,-10.0,0.273280062318
0.000159099999998,0.000159099999998,0.273280062318
-3.0162823,-3.0162823,0.273280062318
-3.0290326,-3.0290326,0.273280062318
-18.4211407,-10.0,0.273280062318
-6.6915392,-6.6915392,0.273280062318
-0.7306465,-0.7306465,0.273280062318
-0.0029551,-0.0029551,0.273280062318
-2.6947968,-2.6947968,0.273280062318
-16.6894895,-10.0,0.273280062318
-20.1958286,-10.0,0.273280062318
-19.3068554,-10.0,0.273280062318
-1.2414342,-1.2414342,0.273280062318
-2.5220764,-2.5220764,0.273280062318
-20.9968857,-10.0,0.273280062318
-21.5322231,-10.0,0.273280062318
-2.4734422,-2.4734422,0.273280062318
0.0025137,0.0025137,0.273280062318
-11.7565803,-10.0,0.273280062318
-19.7687903,-10.0,0.273280062318
0.0031142,0.0031142,0.273280062318
-3.0133272,-3.0133272,0.273280062318
-3.0260775,-3.0260775,0.273280062318
-18.4181856,-10.0,0.273280062318
-6.6885841,-6.6885841,0.273280062318
-0.7276914,-0.7276914,0.273280062318
0.0029551,0.0029551,0.273280062318
-2.6918417,-2.6918417,0.273280062318
-16.6865344,-10.0,0.273280062318
-20.1928735,-10.0,0.273280062318
-19.3039003,-10.0,0.273280062318
-1.2384791,-1.2384791,0.273280062318
-2.5191213,-2.5191213,0.273280062318
-18.305044,-10.0,0.273280062318
-18.8403814,-10.0,0.273280062318
0.2183995,0.2183995,0.273280062318
2.6943554,2.6943554,0.273280062318
-9.0647386,-9.0647386,0.273280062318
-17.0769486,-10.0,0.273280062318
2.6949559,2.6949559,0.273280062318
-0.3214855,-0.3214855,0.273280062318
-0.3342358,-0.3342358,0.273280062318
-15.7263439,-10.0,0.273280062318
-3.9967424,-3.9967424,0.273280062318
1.9641503,1.9641503,0.273280062318
2.6947968,2.6947968,0.273280062318
2.6918417,2.6918417,0.273280062318
-13.9946927,-10.0,0.273280062318
-17.5010318,-10.0,0.273280062318
-16.6120586,-10.0,0.273280062318
1.4533626,1.4533626,0.273280062318
0.1727204,0.1727204,0.273280062318
-4.3103513,-4.3103513,0.273280062318
-4.8456887,-4.8456887,0.273280062318
14.2130922,10.0,0.273280062318
16.6890481,10.0,0.273280062318
4.9299541,4.9299541,0.273280062318
-3.0822559,-3.0822559,0.273280062318
16.6896486,10.0,0.273280062318
13.6732072,10.0,0.273280062318
13.6604569,10.0,0.273280062318
-1.7316512,-1.7316512,0.273280062318
9.9979503,9.9979503,0.273280062318
15.958843,10.0,0.273280062318
16.6894895,10.0,0.273280062318
16.6865344,10.0,0.273280062318
13.9946927,10.0,0.273280062318
-3.5063391,-3.5063391,0.273280062318
-2.6173659,-2.6173659,0.273280062318
15.4480553,10.0,0.273280062318
14.1674131,10.0,0.273280062318
-0.8040122,-0.8040122,0.273280062318
-1.3393496,-1.3393496,0.273280062318
17.7194313,10.0,0.273280062318
20.1953872,10.0,0.273280062318
8.4362932,8.4362932,0.273280062318
0.4240832,0.4240832,0.273280062318
20.1959877,10.0,0.273280062318
17.1795463,10.0,0.273280062318
17.166796,10.0,0.273280062318
1.7746879,1.7746879,0.273280062318
13.5042894,10.0,0.273280062318
19.4651821,10.0,0.273280062318
20.1958286,10.0,0.273280062318
20.1928735,10.0,0.273280062318
17.5010318,10.0,0.273280062318
3.5063391,3.5063391,0.273280062318
0.8889732,0.8889732,0.273280062318
18.9543944,10.0,0.273280062318
17.6737522,10.0,0.273280062318
-1.6929854,-1.6929854,0.273280062318
-2.2283228,-2.2283228,0.273280062318
16.8304581,10.0,0.273280062318
19.306414,10.0,0.273280062318
7.54732,7.54732,0.273280062318
-0.46489,-0.46489,0.273280062318
19.3070145,10.0,0.273280062318
16.2905731,10.0,0.273280062318
16.2778228,10.0,0.273280062318
0.8857147,0.8857147,0.273280062318
12.6153162,10.0,0.273280062318
18.5762089,10.0,0.273280062318
19.3068554,10.0,0.273280062318
19.3039003,10.0,0.273280062318
16.6120586,10.0,0.273280062318
2.6173659,2.6173659,0.273280062318
-0.8889732,-0.8889732,0.273280062318
18.0654212,10.0,0.273280062318
16.784779,10.0,0.273280062318
-19.7584066,-10.0,0.273280062318
-20.293744,-10.0,0.273280062318
-1.2349631,-1.2349631,0.273280062318
1.2409928,1.2409928,0.273280062318
-10.5181012,-10.0,0.273280062318
-18.5303112,-10.0,0.273280062318
1.2415933,1.2415933,0.273280062318
-1.7748481,-1.7748481,0.273280062318
-1.7875984,-1.7875984,0.273280062318
-17.1797065,-10.0,0.273280062318
-5.450105,-5.450105,0.273280062318
0.5107877,0.5107877,0.273280062318
1.2414342,1.2414342,0.273280062318
1.2384791,1.2384791,0.273280062318
-1.4533626,-1.4533626,0.273280062318
-15.4480553,-10.0,0.273280062318
-18.9543944,-10.0,0.273280062318
-18.0654212,-10.0,0.273280062318
-1.2806422,-1.2806422,0.273280062318
-18.4777644,-10.0,0.273280062318
-19.0131018,-10.0,0.273280062318
0.0456791,0.0456791,0.273280062318
2.521635,2.521635,0.273280062318
-9.237459,-9.237459,0.273280062318
-17.249669,-10.0,0.273280062318
2.5222355,2.5222355,0.273280062318
-0.4942059,-0.4942059,0.273280062318
-0.5069562,-0.5069562,0.273280062318
-15.8990643,-10.0,0.273280062318
-4.1694628,-4.1694628,0.273280062318
1.7914299,1.7914299,0.273280062318
2.5220764,2.5220764,0.273280062318
2.5191213,2.5191213,0.273280062318
-0.1727204,-0.1727204,0.273280062318
-14.1674131,-10.0,0.273280062318
-17.6737522,-10.0,0.273280062318
-16.784779,-10.0,0.273280062318
1.2806422,1.2806422,0.273280062318
2.8230585,2.8230585,0.037697576615
3.1104528,3.1104528,0.037697576615
2.4118743,2.4118743,0.037697576615
-14.4876359,-10.0,0.037697576615
2.0088019,2.0088019,0.037697576615
2.8704947,2.8704947,0.037697576615
3.1139798,3.1139798,0.037697576615
1.0040621,1.0040621,0.037697576615
3.113982,3.113982,0.037697576615
1.8311823,1.8311823,0.037697576615
3.1139824,3.1139824,0.037697576615
1.6304833,1.6304833,0.037697576615
2.2316473,2.2316473,0.037697576615
-1.6216559,-1.6216559,0.037697576615
3.1139824,3.1139824,0.037697576615
0.8745194,0.8745194,0.037697576615
2.6108247,2.6108247,0.037697576615
2.5122694,2.5122694,0.037697576615
-17.8860161,-10.0,0.037697576615
-2.8230585,-2.8230585,0.037697576615
0.2873943,0.2873943,0.037697576615
-0.4111842,-0.4111842,0.037697576615
-17.3106944,-10.0,0.037697576615
-0.8142566,-0.8142566,0.037697576615
0.0474362,0.0474362,0.037697576615
0.2909213,0.2909213,0.037697576615
-1.8189964,-1.8189964,0.037697576615
0.2909235,0.2909235,0.037697576615
-0.9918762,-0.9918762,0.037697576615
0.2909239,0.2909239,0.037697576615
-1.1925752,-1.1925752,0.037697576615
-0.5914112,-0.5914112,0.037697576615
-4.4447144,-4.4447144,0.037697576615
0.2909239,0.2909239,0.037697576615
-1.9485391,-1.9485391,0.037697576615
-0.2122338,-0.2122338,0.037697576615
-0.3107891,-0.3107891,0.037697576615
-20.7090746,-10.0,0.037697576615
-3.1104528,-3.1104528,0.037697576615
-0.2873943,-0.2873943,0.037697576615
-0.6985785,-0.6985785,0.037697576615
-17.5980887,-10.0,0.037697576615
-1.1016509,-1.1016509,0.037697576615
-0.2399581,-0.2399581,0.037697576615
0.003527,0.003527,0.037697576615
-2.1063907,-2.1063907,0.037697576615
0.0035292,0.0035292,0.037697576615
-1.2792705,-1.2792705,0.037697576615
0.0035296,0.0035296,0.037697576615
-1.4799695,-1.4799695,0.037697576615
-0.8788055,-0.8788055,0.037697576615
-4.7321087,-4.7321087,0.037697576615
0.0035296,0.0035296,0.037697576615
-2.2359334,-2.2359334,0.037697576615
-0.4996281,-0.4996281,0.037697576615
-0.5981834,-0.5981834,0.037697576615
-20.9964689,-10.0,0.037697576615
-2.4118743,-2.4118743,0.037697576615
0.4111842,0.4111842,0.037697576615
0.6985785,0.6985785,0.037697576615
-16.8995102,-10.0,0.037697576615
-0.4030724,-0.4030724,0.037697576615
0.4586204,0.4586204,0.037697576615
0.7021055,0.7021055,0.037697576615
-1.4078122,-1.4078122,0.037697576615
0.7021077,0.7021077,0.037697576615
-0.580692,-0.580692,0.037697576615
0.7021081,0.7021081,0.037697576615
-0.781391,-0.781391,0.037697576615
-0.180227,-0.180227,0.037697576615
-4.0335302,-4.0335302,0.037697576615
0.7021081,0.7021081,0.037697576615
-1.5373549,-1.5373549,0.037697576615
0.1989504,0.1989504,0.037697576615
0.1003951,0.1003951,0.037697576615
-20.2978904,-10.0,0.037697576615
14.4876359,10.0,0.037697576615
17.3106944,10.0,0.037697576615
17.5980887,10.0,0.037697576615
16.8995102,10.0,0.037697576615
16.4964378,10.0,0.037697576615
17.3581306,10.0,0.037697576615
17.6016157,10.0,0.037697576615
15.491698,10.0,0.037697576615
17.6016179,10.0,0.037697576615
16.3188182,10.0,0.037697576615
17.6016183,10.0,0.037697576615
16.1181192,10.0,0.037697576615
16.7192832,10.0,0.037697576615
12.86598,10.0,0.037697576615
17.6016183,10.0,0.037697576615
15.3621553,10.0,0.037697576615
17.0984606,10.0,0.037697576615
16.9999053,10.0,0.037697576615
-3.3983802,-3.3983802,0.037697576615
-2.0088019,-2.0088019,0.037697576615
0.8142566,0.8142566,0.037697576615
1.1016509,1.1016509,0.037697576615
0.4030724,0.4030724,0.037697576615
-16.4964378,-10.0,0.037697576615
0.8616928,0.8616928,0.037697576615
1.1051779,1.1051779,0.037697576615
-1.0047398,-1.0047398,0.037697576615
1.1051801,1.1051801,0.037697576615
-0.1776196,-0.1776196,0.037697576615
1.1051805,1.1051805,0.037697576615
-0.3783186,-0.3783186,0.037697576615
0.2228454,0.2228454,0.037697576615
-3.6304578,-3.6304578,0.037697576615
1.1051805,1.1051805,0.037697576615
-1.1342825,-1.1342825,0.037697576615
0.6020228,0.6020228,0.037697576615
0.5034675,0.5034675,0.037697576615
-19.894818,-10.0,0.037697576615
-2.8704947,-2.8704947,0.037697576615
-0.0474362,-0.0474362,0.037697576615
0.2399581,0.2399581,0.037697576615
-0.4586204,-0.4586204,0.037697576615
-17.3581306,-10.0,0.037697576615
-0.8616928,-0.8616928,0.037697576615
0.2434851,0.2434851,0.037697576615
-1.8664326,-1.8664326,0.037697576615
0.2434873,0.2434873,0.037697576615
-1.0393124,-1.0393124,0.037697576615
0.2434877,0.2434877,0.037697576615
-1.2400114,-1.2400114,0.037697576615
-0.6388474,-0.6388474,0.037697576615
-4.4921506,-4.4921506,0.037697576615
0.2434877,0.2434877,0.037697576615
-1.9959753,-1.9959753,0.037697576615
-0.25967,-0.25967,0.037697576615
-0.3582253,-0.3582253,0.037697576615
-20.7565108,-10.0,0.037697576615
-3.1139798,-3.1139798,0.037697576615
-0.2909213,-0.2909213,0.037697576615
-0.003527,-0.003527,0.037697576615
-0.7021055,-0.7021055,0.037697576615
-17.6016157,-10.0,0.037697576615
-1.1051779,-1.1051779,0.037697576615
-0.2434851,-0.2434851,0.037697576615
-2.1099177,-2.1099177,0.037697576615
2.20000000084e-06,2.20000000084e-06,0.037697576615
-1.2827975,-1.2827975,0.037697576615
2.60000000196e-06,2.60000000196e-06,0.037697576615
-1.4834965,-1.4834965,0.037697576615
-0.8823325,-0.8823325,0.037697576615
-4.7356357,-4.7356357,0.037697576615
2.60000000196e-06,2.60000000196e-06,0.037697576615
-2.2394604,-2.2394604,0.037697576615
-0.5031551,-0.5031551,0.037697576615
-0.6017104,-0.6017104,0.037697576615
-20.9999959,-10.0,0.037697576615
-1.0040621,-1.0040621,0.037697576615
1.8189964,1.8189964,0.037697576615
2.1063907,2.1063907,0.037697576615
1.4078122,1.4078122,0.037697576615
-15.491698,-10.0,0.037697576615
1.0047398,1.0047398,0.037697576615
1.8664326,1.8664326,0.037697576615
2.1099177,2.1099177,0.037697576615
2.1099199,2.1099199,0.037697576615
0.8271202,0.8271202,0.037697576615
2.1099203,2.1099203,0.037697576615
0.6264212,0.6264212,0.037697576615
1.2275852,1.2275852,0.037697576615
-2.625718,-2.625718,0.037697576615
2.1099203,2.1099203,0.037697576615
-0.1295427,-0.1295427,0.037697576615
1.6067626,1.6067626,0.037697576615
1.5082073,1.5082073,0.037697576615
-18.8900782,-10.0,0.037697576615
-3.113982,-3.113982,0.037697576615
-0.2909235,-0.2909235,0.037697576615
-0.0035292,-0.0035292,0.037697576615
-0.7021077,-0.7021077,0.037697576615
-17.6016179,-10.0,0.037697576615
-1.1051801,-1.1051801,0.037697576615
-0.2434873,-0.2434873,0.037697576615
-2.20000000084e-06,-2.20000000084e-06,0.037697576615
-2.1099199,-2.1099199,0.037697576615
-1.2827997,-1.2827997,0.037697576615
4.00000001122e-07,4.00000001122e-07,0.037697576615
-1.4834987,-1.4834987,0.037697576615
-0.8823347,-0.8823347,0.037697576615
-4.7356379,-4.7356379,0.037697576615
4.00000001122e-07,4.00000001122e-07,0.037697576615
-2.2394626,-2.2394626,0.037697576615
-0.5031573,-0.5031573,0.037697576615
-0.6017126,-0.6017126,0.037697576615
-20.9999981,-10.0,0.037697576615
-1.8311823,-1.8311823,0.037697576615
0.9918762,0.9918762,0.037697576615
1.2792705,1.2792705,0.037697576615
0.580692,0.580692,0.037697576615
-16.3188182,-10.0,0.037697576615
0.1776196,0.1776196,0.037697576615
1.0393124,1.0393124,0.037697576615
1.2827975,1.2827975,0.037697576615
-0.8271202,-0.8271202,0.037697576615
1.2827997,1.2827997,0.037697576615
1.2828001,1.2828001,0.037697576615
-0.200699,-0.200699,0.037697576615
0.400465,0.400465,0.037697576615
-3.4528382,-3.4528382,0.037697576615
1.2828001,1.2828001,0.037697576615
-0.9566629,-0.9566629,0.037697576615
0.7796424,0.7796424,0.037697576615
0.6810871,0.6810871,0.037697576615
-19.7171984,-10.0,0.037697576615
-3.1139824,-3.1139824,0.037697576615
-0.2909239,-0.2909239,0.037697576615
-0.0035296,-0.0035296,0.037697576615
-0.7021081,-0.7021081,0.037697576615
-17.6016183,-10.0,0.037697576615
-1.1051805,-1.1051805,0.037697576615
-0.2434877,-0.2434877,0.037697576615
-2.60000000196e-06,-2.60000000196e-06,0.037697576615
-2.1099203,-2.1099203,0.037697576615
-4.00000001122e-07,-4.00000001122e-07,0.037697576615
-1.2828001,-1.2828001,0.037697576615
-1.4834991,-1.4834991,0.037697576615
-0.8823351,-0.8823351,0.037697576615
-4.7356383,-4.7356383,0.037697576615
0.0,0.0,0.037697576615
-2.239463,-2.239463,0.037697576615
-0.5031577,-0.5031577,0.037697576615
-0.601713,-0.601713,0.037697576615
-20.9999985,-10.0,0.037697576615
-1.6304833,-1.6304833,0.037697576615
1.1925752,1.1925752,0.037697576615
1.4799695,1.4799695,0.037697576615
0.781391,0.781391,0.037697576615
-16.1181192,-10.0,0.037697576615
0.3783186,0.3783186,0.037697576615
1.2400114,1.2400114,0.037697576615
1.4834965,1.4834965,0.037697576615
-0.6264212,-0.6264212,0.037697576615
1.4834987,1.4834987,0.037697576615
0.200699,0.200699,0.037697576615
1.4834991,1.4834991,0.037697576615
0.601164,0.601164,0.037697576615
-3.2521392,-3.2521392,0.037697576615
1.4834991,1.4834991,0.037697576615
-0.7559639,-0.7559639,0.037697576615
0.9803414,0.9803414,0.037697576615
0.8817861,0.8817861,0.037697576615
-19.5164994,-10.0,0.037697576615
-2.2316473,-2.2316473,0.037697576615
0.5914112,0.5914112,0.037697576615
0.8788055,0.8788055,0.037697576615
0.180227,0.180227,0.037697576615
-16.7192832,-10.0,0.037697576615
-0.2228454,-0.2228454,0.037697576615
0.6388474,0.6388474,0.037697576615
0.8823325,0.8823325,0.037697576615
-1.2275852,-1.2275852,0.037697576615
0.8823347,0.8823347,0.037697576615
-0.400465,-0.400465,0.037697576615
0.8823351,0.8823351,0.037697576615
-0.601164,-0.601164,0.037697576615
-3.8533032,-3.8533032,0.037697576615
0.8823351,0.8823351,0.037697576615
-1.3571279,-1.3571279,0.037697576615
0.3791774,0.3791774,0.037697576615
0.2806221,0.2806221,0.037697576615
-20.1176634,-10.0,0.037697576615
1.6216559,1.6216559,0.037697576615
4.4447144,4.4447144,0.037697576615
4.7321087,4.7321087,0.037697576615
4.0335302,4.0335302,0.037697576615
-12.86598,-10.0,0.037697576615
3.6304578,3.6304578,0.037697576615
4.4921506,4.4921506,0.037697576615
4.7356357,4.7356357,0.037697576615
2.625718,2.625718,0.037697576615
4.7356379,4.7356379,0.037697576615
3.4528382,3.4528382,0.037697576615
4.7356383,4.7356383,0.037697576615
3.2521392,3.2521392,0.037697576615
3.8533032,3.8533032,0.037697576615
4.7356383,4.7356383,0.037697576615
2.4961753,2.4961753,0.037697576615
4.2324806,4.2324806,0.037697576615
4.1339253,4.1339253,0.037697576615
-16.2643602,-10.0,0.037697576615
-3.1139824,-3.1139824,0.037697576615
-0.2909239,-0.2909239,0.037697576615
-0.0035296,-0.0035296,0.037697576615
-0.7021081,-0.7021081,0.037697576615
-17.6016183,-10.0,0.037697576615
-1.1051805,-1.1051805,0.037697576615
-0.2434877,-0.2434877,0.037697576615
-2.60000000196e-06,-2.60000000196e-06,0.037697576615
-2.1099203,-2.1099203,0.037697576615
-4.00000001122e-07,-4.00000001122e-07,0.037697576615
-1.2828001,-1.2828001,0.037697576615
0.0,0.0,0.037697576615
-1.4834991,-1.4834991,0.037697576615
-0.8823351,-0.8823351,0.037697576615
-4.7356383,-4.7356383,0.037697576615
-2.239463,-2.239463,0.037697576615
-0.5031577,-0.5031577,0.037697576615
-0.601713,-0.601713,0.037697576615
-20.9999985,-10.0,0.037697576615
-0.8745194,-0.8745194,0.037697576615
1.9485391,1.9485391,0.037697576615
2.2359334,2.2359334,0.037697576615
1.5373549,1.5373549,0.037697576615
-15.3621553,-10.0,0.037697576615
1.1342825,1.1342825,0.037697576615
1.9959753,1.9959753,0.037697576615
2.2394604,2.2394604,0.037697576615
0.1295427,0.1295427,0.037697576615
2.2394626,2.2394626,0.037697576615
0.9566629,0.9566629,0.037697576615
2.239463,2.239463,0.037697576615
0.7559639,0.7559639,0.037697576615
1.3571279,1.3571279,0.037697576615
-2.4961753,-2.4961753,0.037697576615
2.239463,2.239463,0.037697576615
1.7363053,1.7363053,0.037697576615
1.63775,1.63775,0.037697576615
-18.7605355,-10.0,0.037697576615
-2.6108247,-2.6108247,0.037697576615
0.2122338,0.2122338,0.037697576615
0.4996281,0.4996281,0.037697576615
-0.1989504,-0.1989504,0.037697576615
-17.0984606,-10.0,0.037697576615
-0.6020228,-0.6020228,0.037697576615
0.25967,0.25967,0.037697576615
0.5031551,0.5031551,0.037697576615
-1.6067626,-1.6067626,0.037697576615
0.5031573,0.5031573,0.037697576615
-0.7796424,-0.7796424,0.037697576615
0.5031577,0.5031577,0.037697576615
-0.9803414,-0.9803414,0.037697576615
-0.3791774,-0.3791774,0.037697576615
-4.2324806,-4.2324806,0.037697576615
0.5031577,0.5031577,0.037697576615
-1.7363053,-1.7363053,0.037697576615
-0.0985553,-0.0985553,0.037697576615
-20.4968408,-10.0,0.037697576615
-2.5122694,-2.5122694,0.037697576615
0.3107891,0.3107891,0.037697576615
0.5981834,0.5981834,0.037697576615
-0.1003951,-0.1003951,0.037697576615
-16.9999053,-10.0,0.037697576615
-0.5034675,-0.5034675,0.037697576615
0.3582253,0.3582253,0.037697576615
0.6017104,0.6017104,0.037697576615
-1.5082073,-1.5082073,0.037697576615
0.6017126,0.6017126,0.037697576615
-0.6810871,-0.6810871,0.037697576615
0.601713,0.601713,0.037697576615
-0.8817861,-0.8817861,0.037697576615
-0.2806221,-0.2806221,0.037697576615
-4.1339253,-4.1339253,0.037697576615
0.601713,0.601713,0.037697576615
-1.63775,-1.63775,0.037697576615
0.0985553,0.0985553,0.037697576615
-20.3982855,-10.0,0.037697576615
17.8860161,10.0,0.037697576615
20.7090746,10.0,0.037697576615
20.9964689,10.0,0.037697576615
20.2978904,10.0,0.037697576615
3.3983802,3.3983802,0.037697576615
19.894818,10.0,0.037697576615
20.7565108,10.0,0.037697576615
20.9999959,10.0,0.037697576615
18.8900782,10.0,0.037697576615
20.9999981,10.0,0.037697576615
19.7171984,10.0,0.037697576615
20.9999985,10.0,0.037697576615
19.5164994,10.0,0.037697576615
20.1176634,10.0,0.037697576615
16.2643602,10.0,0.037697576615
20.9999985,10.0,0.037697576615
18.7605355,10.0,0.037697576615
20.4968408,10.0,0.037697576615
20.3982855,10.0,0.037697576615
-3.1902109,-3.1902109,0.0295941527942
-8.4154864,-8.4154864,0.0295941527942
-20.5347021,-10.0,0.0295941527942
0.2621694,0.2621694,0.0295941527942
0.4585466,0.4585466,0.0295941527942
0.4500749,0.4500749,0.0295941527942
0.4652978,0.4652978,0.0295941527942
-0.1534064,-0.1534064,0.0295941527942
0.4652974,0.4652974,0.0295941527942
-0.0527217,-0.0527217,0.0295941527942
-0.6787283,-0.6787283,0.0295941527942
0.2869557,0.2869557,0.0295941527942
-15.7897596,-10.0,0.0295941527942
0.2336777,0.2336777,0.0295941527942
-3.5979919,-3.5979919,0.0295941527942
-2.6448815,-2.6448815,0.0295941527942
-16.3495978,-10.0,0.0295941527942
0.4652957,0.4652957,0.0295941527942
-4.5322029,-4.5322029,0.0295941527942
3.1902109,3.1902109,0.0295941527942
-5.2252755,-5.2252755,0.0295941527942
-17.3444912,-10.0,0.0295941527942
3.4523803,3.4523803,0.0295941527942
3.6487575,3.6487575,0.0295941527942
3.6402858,3.6402858,0.0295941527942
3.6555087,3.6555087,0.0295941527942
3.0368045,3.0368045,0.0295941527942
3.6555083,3.6555083,0.0295941527942
3.1374892,3.1374892,0.0295941527942
2.5114826,2.5114826,0.0295941527942
3.4771666,3.4771666,0.0295941527942
-12.5995487,-10.0,0.0295941527942
3.4238886,3.4238886,0.0295941527942
-0.407781,-0.407781,0.0295941527942
0.5453294,0.5453294,0.0295941527942
-13.1593869,-10.0,0.0295941527942
3.6555066,3.6555066,0.0295941527942
-1.341992,-1.341992,0.0295941527942
8.4154864,8.4154864,0.0295941527942
5.2252755,5.2252755,0.0295941527942
-12.1192157,-10.0,0.0295941527942
8.6776558,8.6776558,0.0295941527942
8.874033,8.874033,0.0295941527942
8.8655613,8.8655613,0.0295941527942
8.8807842,8.8807842,0.0295941527942
8.26208,8.26208,0.0295941527942
8.8807838,8.8807838,0.0295941527942
8.3627647,8.3627647,0.0295941527942
7.7367581,7.7367581,0.0295941527942
8.7024421,8.7024421,0.0295941527942
-7.3742732,-7.3742732,0.0295941527942
8.6491641,8.6491641,0.0295941527942
4.8174945,4.8174945,0.0295941527942
5.7706049,5.7706049,0.0295941527942
-7.9341114,-7.9341114,0.0295941527942
8.8807821,8.8807821,0.0295941527942
3.8832835,3.8832835,0.0295941527942
20.5347021,10.0,0.0295941527942
17.3444912,10.0,0.0295941527942
12.1192157,10.0,0.0295941527942
20.7968715,10.0,0.0295941527942
20.9932487,10.0,0.0295941527942
20.984777,10.0,0.0295941527942
20.9999999,10.0,0.0295941527942
20.3812957,10.0,0.0295941527942
20.9999995,10.0,0.0295941527942
20.4819804,10.0,0.0295941527942
19.8559738,10.0,0.0295941527942
20.8216578,10.0,0.0295941527942
4.7449425,4.7449425,0.0295941527942
20.7683798,10.0,0.0295941527942
16.9367102,10.0,0.0295941527942
17.8898206,10.0,0.0295941527942
4.1851043,4.1851043,0.0295941527942
20.9999978,10.0,0.0295941527942
16.0024992,10.0,0.0295941527942
-0.2621694,-0.2621694,0.0295941527942
-3.4523803,-3.4523803,0.0295941527942
-8.6776558,-8.6776558,0.0295941527942
-20.7968715,-10.0,0.0295941527942
0.1963772,0.1963772,0.0295941527942
0.1879055,0.1879055,0.0295941527942
0.2031284,0.2031284,0.0295941527942
-0.4155758,-0.4155758,0.0295941527942
0.203128,0.203128,0.0295941527942
-0.3148911,-0.3148911,0.0295941527942
-0.9408977,-0.9408977,0.0295941527942
0.0247863,0.0247863,0.0295941527942
-16.051929,-10.0,0.0295941527942
-0.0284917,-0.0284917,0.0295941527942
-3.8601613,-3.8601613,0.0295941527942
-2.9070509,-2.9070509,0.0295941527942
-16.6117672,-10.0,0.0295941527942
0.2031263,0.2031263,0.0295941527942
-4.7943723,-4.7943723,0.0295941527942
-0.4585466,-0.4585466,0.0295941527942
-3.6487575,-3.6487575,0.0295941527942
-8.874033,-8.874033,0.0295941527942
-20.9932487,-10.0,0.0295941527942
-0.1963772,-0.1963772,0.0295941527942
-0.0084717,-0.0084717,0.0295941527942
0.0067512,0.0067512,0.0295941527942
-0.611953,-0.611953,0.0295941527942
0.0067508,0.0067508,0.0295941527942
-0.5112683,-0.5112683,0.0295941527942
-1.1372749,-1.1372749,0.0295941527942
-0.1715909,-0.1715909,0.0295941527942
-16.2483062,-10.0,0.0295941527942
-0.2248689,-0.2248689,0.0295941527942
-4.0565385,-4.0565385,0.0295941527942
-3.1034281,-3.1034281,0.0295941527942
-16.8081444,-10.0,0.0295941527942
0.0067491,0.0067491,0.0295941527942
-4.9907495,-4.9907495,0.0295941527942
-0.4500749,-0.4500749,0.0295941527942
-3.6402858,-3.6402858,0.0295941527942
-8.8655613,-8.8655613,0.0295941527942
-20.984777,-10.0,0.0295941527942
-0.1879055,-0.1879055,0.0295941527942
0.0084717,0.0084717,0.0295941527942
0.0152229,0.0152229,0.0295941527942
-0.6034813,-0.6034813,0.0295941527942
0.0152225,0.0152225,0.0295941527942
-0.5027966,-0.5027966,0.0295941527942
-1.1288032,-1.1288032,0.0295941527942
-0.1631192,-0.1631192,0.0295941527942
-16.2398345,-10.0,0.0295941527942
-0.2163972,-0.2163972,0.0295941527942
-4.0480668,-4.0480668,0.0295941527942
-3.0949564,-3.0949564,0.0295941527942
-16.7996727,-10.0,0.0295941527942
0.0152208,0.0152208,0.0295941527942
-4.9822778,-4.9822778,0.0295941527942
-0.4652978,-0.4652978,0.0295941527942
-3.6555087,-3.6555087,0.0295941527942
-8.8807842,-8.8807842,0.0295941527942
-20.9999999,-10.0,0.0295941527942
-0.2031284,-0.2031284,0.0295941527942
-0.0067512,-0.0067512,0.0295941527942
-0.0152229,-0.0152229,0.0295941527942
-0.6187042,-0.6187042,0.0295941527942
-3.99999997569e-07,-3.99999997569e-07,0.0295941527942
-0.5180195,-0.5180195,0.0295941527942
-1.1440261,-1.1440261,0.0295941527942
-0.1783421,-0.1783421,0.0295941527942
-16.2550574,-10.0,0.0295941527942
-0.2316201,-0.2316201,0.0295941527942
-4.0632897,-4.0632897,0.0295941527942
-3.1101793,-3.1101793,0.0295941527942
-16.8148956,-10.0,0.0295941527942
-2.09999999967e-06,-2.09999999967e-06,0.0295941527942
-4.9975007,-4.9975007,0.0295941527942
0.1534064,0.1534064,0.0295941527942
-3.0368045,-3.0368045,0.0295941527942
-8.26208,-8.26208,0.0295941527942
-20.3812957,-10.0,0.0295941527942
0.4155758,0.4155758,0.0295941527942
0.611953,0.611953,0.0295941527942
0.6034813,0.6034813,0.0295941527942
0.6187042,0.6187042,0.0295941527942
0.6187038,0.6187038,0.0295941527942
0.1006847,0.1006847,0.0295941527942
-0.5253219,-0.5253219,0.0295941527942
0.4403621,0.4403621,0.0295941527942
-15.6363532,-10.0,0.0295941527942
0.3870841,0.3870841,0.0295941527942
-3.4445855,-3.4445855,0.0295941527942
-2.4914751,-2.4914751,0.0295941527942
-16.1961914,-10.0,0.0295941527942
0.6187021,0.6187021,0.0295941527942
-4.3787965,-4.3787965,0.0295941527942
-0.4652974,-0.4652974,0.0295941527942
-3.6555083,-3.6555083,0.0295941527942
-8.8807838,-8.8807838,0.0295941527942
-20.9999995,-10.0,0.0295941527942
-0.203128,-0.203128,0.0295941527942
-0.0067508,-0.0067508,0.0295941527942
-0.0152225,-0.0152225,0.0295941527942
3.99999997569e-07,3.99999997569e-07,0.0295941527942
-0.6187038,-0.6187038,0.0295941527942
-0.5180191,-0.5180191,0.0295941527942
-1.1440257,-1.1440257,0.0295941527942
-0.1783417,-0.1783417,0.0295941527942
-16.255057,-10.0,0.0295941527942
-0.2316197,-0.2316197,0.0295941527942
-4.0632893,-4.0632893,0.0295941527942
-3.1101789,-3.1101789,0.0295941527942
-16.8148952,-10.0,0.0295941527942
-1.7000000021e-06,-1.7000000021e-06,0.0295941527942
-4.9975003,-4.9975003,0.0295941527942
0.0527217,0.0527217,0.0295941527942
-3.1374892,-3.1374892,0.0295941527942
-8.3627647,-8.3627647,0.0295941527942
-20.4819804,-10.0,0.0295941527942
0.3148911,0.3148911,0.0295941527942
0.5112683,0.5112683,0.0295941527942
0.5027966,0.5027966,0.0295941527942
0.5180195,0.5180195,0.0295941527942
-0.1006847,-0.1006847,0.0295941527942
0.5180191,0.5180191,0.0295941527942
-0.6260066,-0.6260066,0.0295941527942
0.3396774,0.3396774,0.0295941527942
-15.7370379,-10.0,0.0295941527942
0.2863994,0.2863994,0.0295941527942
-3.5452702,-3.5452702,0.0295941527942
-2.5921598,-2.5921598,0.0295941527942
-16.2968761,-10.0,0.0295941527942
0.5180174,0.5180174,0.0295941527942
-4.4794812,-4.4794812,0.0295941527942
0.6787283,0.6787283,0.0295941527942
-2.5114826,-2.5114826,0.0295941527942
-7.7367581,-7.7367581,0.0295941527942
-19.8559738,-10.0,0.0295941527942
0.9408977,0.9408977,0.0295941527942
1.1372749,1.1372749,0.0295941527942
1.1288032,1.1288032,0.0295941527942
1.1440261,1.1440261,0.0295941527942
0.5253219,0.5253219,0.0295941527942
1.1440257,1.1440257,0.0295941527942
0.6260066,0.6260066,0.0295941527942
0.965684,0.965684,0.0295941527942
-15.1110313,-10.0,0.0295941527942
0.912406,0.912406,0.0295941527942
-2.9192636,-2.9192636,0.0295941527942
-1.9661532,-1.9661532,0.0295941527942
-15.6708695,-10.0,0.0295941527942
1.144024,1.144024,0.0295941527942
-3.8534746,-3.8534746,0.0295941527942
-0.2869557,-0.2869557,0.0295941527942
-3.4771666,-3.4771666,0.0295941527942
-8.7024421,-8.7024421,0.0295941527942
-20.8216578,-10.0,0.0295941527942
-0.0247863,-0.0247863,0.0295941527942
0.1715909,0.1715909,0.0295941527942
0.1631192,0.1631192,0.0295941527942
0.1783421,0.1783421,0.0295941527942
-0.4403621,-0.4403621,0.0295941527942
0.1783417,0.1783417,0.0295941527942
-0.3396774,-0.3396774,0.0295941527942
-0.965684,-0.965684,0.0295941527942
-16.0767153,-10.0,0.0295941527942
-0.053278,-0.053278,0.0295941527942
-3.8849476,-3.8849476,0.0295941527942
-2.9318372,-2.9318372,0.0295941527942
-16.6365535,-10.0,0.0295941527942
0.17834,0.17834,0.0295941527942
-4.8191586,-4.8191586,0.0295941527942
15.7897596,10.0,0.0295941527942
12.5995487,10.0,0.0295941527942
7.3742732,7.3742732,0.0295941527942
-4.7449425,-4.7449425,0.0295941527942
16.051929,10.0,0.0295941527942
16.2483062,10.0,0.0295941527942
16.2398345,10.0,0.0295941527942
16.2550574,10.0,0.0295941527942
15.6363532,10.0,0.0295941527942
16.255057,10.0,0.0295941527942
15.7370379,10.0,0.0295941527942
15.1110313,10.0,0.0295941527942
16.0767153,10.0,0.0295941527942
16.0234373,10.0,0.0295941527942
12.1917677,10.0,0.0295941527942
13.1448781,10.0,0.0295941527942
-0.5598382,-0.5598382,0.0295941527942
16.2550553,10.0,0.0295941527942
11.2575567,10.0,0.0295941527942
-0.2336777,-0.2336777,0.0295941527942
-3.4238886,-3.4238886,0.0295941527942
-8.6491641,-8.6491641,0.0295941527942
-20.7683798,-10.0,0.0295941527942
0.0284917,0.0284917,0.0295941527942
0.2248689,0.2248689,0.0295941527942
0.2163972,0.2163972,0.0295941527942
0.2316201,0.2316201,0.0295941527942
-0.3870841,-0.3870841,0.0295941527942
0.2316197,0.2316197,0.0295941527942
-0.2863994,-0.2863994,0.0295941527942
-0.912406,-0.912406,0.0295941527942
0.053278,0.053278,0.0295941527942
-16.0234373,-10.0,0.0295941527942
-3.8316696,-3.8316696,0.0295941527942
-2.8785592,-2.8785592,0.0295941527942
-16.5832755,-10.0,0.0295941527942
0.231618,0.231618,0.0295941527942
-4.7658806,-4.7658806,0.0295941527942
3.5979919,3.5979919,0.0295941527942
0.407781,0.407781,0.0295941527942
-4.8174945,-4.8174945,0.0295941527942
-16.9367102,-10.0,0.0295941527942
3.8601613,3.8601613,0.0295941527942
4.0565385,4.0565385,0.0295941527942
4.0480668,4.0480668,0.0295941527942
4.0632897,4.0632897,0.0295941527942
3.4445855,3.4445855,0.0295941527942
4.0632893,4.0632893,0.0295941527942
3.5452702,3.5452702,0.0295941527942
2.9192636,2.9192636,0.0295941527942
3.8849476,3.8849476,0.0295941527942
-12.1917677,-10.0,0.0295941527942
3.8316696,3.8316696,0.0295941527942
0.9531104,0.9531104,0.0295941527942
-12.7516059,-10.0,0.0295941527942
4.0632876,4.0632876,0.0295941527942
-0.934211,-0.934211,0.0295941527942
2.6448815,2.6448815,0.0295941527942
-0.5453294,-0.5453294,0.0295941527942
-5.7706049,-5.7706049,0.0295941527942
-17.8898206,-10.0,0.0295941527942
2.9070509,2.9070509,0.0295941527942
3.1034281,3.1034281,0.0295941527942
3.0949564,3.0949564,0.0295941527942
3.1101793,3.1101793,0.0295941527942
2.4914751,2.4914751,0.0295941527942
3.1101789,3.1101789,0.0295941527942
2.5921598,2.5921598,0.0295941527942
1.9661532,1.9661532,0.0295941527942
2.9318372,2.9318372,0.0295941527942
-13.1448781,-10.0,0.0295941527942
2.8785592,2.8785592,0.0295941527942
-0.9531104,-0.9531104,0.0295941527942
-13.7047163,-10.0,0.0295941527942
3.1101772,3.1101772,0.0295941527942
-1.8873214,-1.8873214,0.0295941527942
16.3495978,10.0,0.0295941527942
13.1593869,10.0,0.0295941527942
7.9341114,7.9341114,0.0295941527942
-4.1851043,-4.1851043,0.0295941527942
16.6117672,10.0,0.0295941527942
16.8081444,10.0,0.0295941527942
16.7996727,10.0,0.0295941527942
16.8148956,10.0,0.0295941527942
16.1961914,10.0,0.0295941527942
16.8148952,10.0,0.0295941527942
16.2968761,10.0,0.0295941527942
15.6708695,10.0,0.0295941527942
16.6365535,10.0,0.0295941527942
0.5598382,0.5598382,0.0295941527942
16.5832755,10.0,0.0295941527942
12.7516059,10.0,0.0295941527942
13.7047163,10.0,0.0295941527942
16.8148935,10.0,0.0295941527942
11.8173949,10.0,0.0295941527942
-0.4652957,-0.4652957,0.0295941527942
-3.6555066,-3.6555066,0.0295941527942
-8.8807821,-8.8807821,0.0295941527942
-20.9999978,-10.0,0.0295941527942
-0.2031263,-0.2031263,0.0295941527942
-0.0067491,-0.0067491,0.0295941527942
-0.0152208,-0.0152208,0.0295941527942
2.09999999967e-06,2.09999999967e-06,0.0295941527942
-0.6187021,-0.6187021,0.0295941527942
1.7000000021e-06,1.7000000021e-06,0.0295941527942
-0.5180174,-0.5180174,0.0295941527942
-1.144024,-1.144024,0.0295941527942
-0.17834,-0.17834,0.0295941527942
-16.2550553,-10.0,0.0295941527942
-0.231618,-0.231618,0.0295941527942
-4.0632876,-4.0632876,0.0295941527942
-3.1101772,-3.1101772,0.0295941527942
-16.8148935,-10.0,0.0295941527942
-4.9974986,-4.9974986,0.0295941527942
4.5322029,4.5322029,0.0295941527942
1.341992,1.341992,0.0295941527942
-3.8832835,-3.8832835,0.0295941527942
-16.0024992,-10.0,0.0295941527942
4.7943723,4.7943723,0.0295941527942
4.9907495,4.9907495,0.0295941527942
4.9822778,4.9822778,0.0295941527942
4.9975007,4.9975007,0.0295941527942
4.3787965,4.3787965,0.0295941527942
4.9975003,4.9975003,0.0295941527942
4.4794812,4.4794812,0.0295941527942
3.8534746,3.8534746,0.0295941527942
4.8191586,4.8191586,0.0295941527942
-11.2575567,-10.0,0.0295941527942
4.7658806,4.7658806,0.0295941527942
0.934211,0.934211,0.0295941527942
1.8873214,1.8873214,0.0295941527942
-11.8173949,-10.0,0.0295941527942
4.9974986,4.9974986,0.0295941527942
20.9999996,10.0,0.300378751767
18.4624073,10.0,0.300378751767
18.0329178,10.0,0.300378751767
20.99957,10.0,0.300378751767
20.9999646,10.0,0.300378751767
17.8421535,10.0,0.300378751767
4.3886589,4.3886589,0.300378751767
17.0647816,10.0,0.300378751767
20.98827,10.0,0.300378751767
20.9401337,10.0,0.300378751767
20.9787395,10.0,0.300378751767
18.5983509,10.0,0.300378751767
18.7515744,10.0,0.300378751767
18.640336,10.0,0.300378751767
1.9523134,1.9523134,0.300378751767
0.0924801,0.0924801,0.300378751767
2.8606734,2.8606734,0.300378751767
20.9999998,10.0,0.300378751767
15.9313496,10.0,0.300378751767
-20.9999996,-10.0,0.300378751767
-2.5375923,-2.5375923,0.300378751767
-2.9670818,-2.9670818,0.300378751767
-0.0004296,-0.0004296,0.300378751767
-3.50000000005e-05,-3.50000000005e-05,0.300378751767
-3.1578461,-3.1578461,0.300378751767
-16.6113407,-10.0,0.300378751767
-3.935218,-3.935218,0.300378751767
-0.0117296,-0.0117296,0.300378751767
-0.0598659,-0.0598659,0.300378751767
-0.0212601,-0.0212601,0.300378751767
-2.4016487,-2.4016487,0.300378751767
-2.2484252,-2.2484252,0.300378751767
-2.3596636,-2.3596636,0.300378751767
-19.0476862,-10.0,0.300378751767
-20.9075195,-10.0,0.300378751767
-18.1393262,-10.0,0.300378751767
2.00000002337e-07,2.00000002337e-07,0.300378751767
-5.06865,-5.06865,0.300378751767
-18.4624073,-10.0,0.300378751767
2.5375923,2.5375923,0.300378751767
-0.4294895,-0.4294895,0.300378751767
2.5371627,2.5371627,0.300378751767
2.5375573,2.5375573,0.300378751767
-0.6202538,-0.6202538,0.300378751767
-14.0737484,-10.0,0.300378751767
-1.3976257,-1.3976257,0.300378751767
2.5258627,2.5258627,0.300378751767
2.4777264,2.4777264,0.300378751767
2.5163322,2.5163322,0.300378751767
0.1359436,0.1359436,0.300378751767
0.2891671,0.2891671,0.300378751767
0.1779287,0.1779287,0.300378751767
-16.5100939,-10.0,0.300378751767
-18.3699272,-10.0,0.300378751767
-15.6017339,-10.0,0.300378751767
2.5375925,2.5375925,0.300378751767
-2.5310577,-2.5310577,0.300378751767
-18.0329178,-10.0,0.300378751767
2.9670818,2.9670818,0.300378751767
0.4294895,0.4294895,0.300378751767
2.9666522,2.9666522,0.300378751767
2.9670468,2.9670468,0.300378751767
-0.1907643,-0.1907643,0.300378751767
-13.6442589,-10.0,0.300378751767
-0.9681362,-0.9681362,0.300378751767
2.9553522,2.9553522,0.300378751767
2.9072159,2.9072159,0.300378751767
2.9458217,2.9458217,0.300378751767
0.5654331,0.5654331,0.300378751767
0.7186566,0.7186566,0.300378751767
0.6074182,0.6074182,0.300378751767
-16.0806044,-10.0,0.300378751767
-17.9404377,-10.0,0.300378751767
-15.1722444,-10.0,0.300378751767
2.967082,2.967082,0.300378751767
-2.1015682,-2.1015682,0.300378751767
-20.99957,-10.0,0.300378751767
0.0004296,0.0004296,0.300378751767
-2.5371627,-2.5371627,0.300378751767
-2.9666522,-2.9666522,0.300378751767
0.0003946,0.0003946,0.300378751767
-3.1574165,-3.1574165,0.300378751767
-16.6109111,-10.0,0.300378751767
-3.9347884,-3.9347884,0.300378751767
-0.0113,-0.0113,0.300378751767
-0.0594363,-0.0594363,0.300378751767
-0.0208305,-0.0208305,0.300378751767
-2.4012191,-2.4012191,0.300378751767
-2.2479956,-2.2479956,0.300378751767
-2.359234,-2.359234,0.300378751767
-19.0472566,-10.0,0.300378751767
-20.9070899,-10.0,0.300378751767
-18.1388966,-10.0,0.300378751767
0.000429800000003,0.000429800000003,0.300378751767
-5.0682204,-5.0682204,0.300378751767
-20.9999646,-10.0,0.300378751767
3.50000000005e-05,3.50000000005e-05,0.300378751767
-2.5375573,-2.5375573,0.300378751767
-2.9670468,-2.9670468,0.300378751767
-0.0003946,-0.0003946,0.300378751767
-3.1578111,-3.1578111,0.300378751767
-16.6113057,-10.0,0.300378751767
-3.935183,-3.935183,0.300378751767
-0.0116946,-0.0116946,0.300378751767
-0.0598309,-0.0598309,0.300378751767
-0.0212251,-0.0212251,0.300378751767
-2.4016137,-2.4016137,0.300378751767
-2.2483902,-2.2483902,0.300378751767
-2.3596286,-2.3596286,0.300378751767
-19.0476512,-10.0,0.300378751767
-20.9074845,-10.0,0.300378751767
-18.1392912,-10.0,0.300378751767
3.52000000028e-05,3.52000000028e-05,0.300378751767
-5.068615,-5.068615,0.300378751767
-17.8421535,-10.0,0.300378751767
3.1578461,3.1578461,0.300378751767
0.6202538,0.6202538,0.300378751767
0.1907643,0.1907643,0.300378751767
3.1574165,3.1574165,0.300378751767
3.1578111,3.1578111,0.300378751767
-13.4534946,-10.0,0.300378751767
-0.7773719,-0.7773719,0.300378751767
3.1461165,3.1461165,0.300378751767
3.0979802,3.0979802,0.300378751767
3.136586,3.136586,0.300378751767
0.7561974,0.7561974,0.300378751767
0.9094209,0.9094209,0.300378751767
0.7981825,0.7981825,0.300378751767
-15.8898401,-10.0,0.300378751767
-17.7496734,-10.0,0.300378751767
-14.9814801,-10.0,0.300378751767
3.1578463,3.1578463,0.300378751767
-1.9108039,-1.9108039,0.300378751767
-4.3886589,-4.3886589,0.300378751767
16.6113407,10.0,0.300378751767
14.0737484,10.0,0.300378751767
13.6442589,10.0,0.300378751767
16.6109111,10.0,0.300378751767
16.6113057,10.0,0.300378751767
13.4534946,10.0,0.300378751767
12.6761227,10.0,0.300378751767
16.5996111,10.0,0.300378751767
16.5514748,10.0,0.300378751767
16.5900806,10.0,0.300378751767
14.209692,10.0,0.300378751767
14.3629155,10.0,0.300378751767
14.2516771,10.0,0.300378751767
-2.4363455,-2.4363455,0.300378751767
-4.2961788,-4.2961788,0.300378751767
-1.5279855,-1.5279855,0.300378751767
16.6113409,10.0,0.300378751767
11.5426907,10.0,0.300378751767
-17.0647816,-10.0,0.300378751767
3.935218,3.935218,0.300378751767
1.3976257,1.3976257,0.300378751767
0.9681362,0.9681362,0.300378751767
3.9347884,3.9347884,0.300378751767
3.935183,3.935183,0.300378751767
0.7773719,0.7773719,0.300378751767
-12.6761227,-10.0,0.300378751767
3.9234884,3.9234884,0.300378751767
3.8753521,3.8753521,0.300378751767
3.9139579,3.9139579,0.300378751767
1.5335693,1.5335693,0.300378751767
1.6867928,1.6867928,0.300378751767
1.5755544,1.5755544,0.300378751767
-15.1124682,-10.0,0.300378751767
-16.9723015,-10.0,0.300378751767
-14.2041082,-10.0,0.300378751767
3.9352182,3.9352182,0.300378751767
-1.133432,-1.133432,0.300378751767
-20.98827,-10.0,0.300378751767
0.0117296,0.0117296,0.300378751767
-2.5258627,-2.5258627,0.300378751767
-2.9553522,-2.9553522,0.300378751767
0.0113,0.0113,0.300378751767
0.0116946,0.0116946,0.300378751767
-3.1461165,-3.1461165,0.300378751767
-16.5996111,-10.0,0.300378751767
-3.9234884,-3.9234884,0.300378751767
-0.0481363,-0.0481363,0.300378751767
-0.0095305,-0.0095305,0.300378751767
-2.3899191,-2.3899191,0.300378751767
-2.2366956,-2.2366956,0.300378751767
-2.347934,-2.347934,0.300378751767
-19.0359566,-10.0,0.300378751767
-20.8957899,-10.0,0.300378751767
-18.1275966,-10.0,0.300378751767
0.0117298,0.0117298,0.300378751767
-5.0569204,-5.0569204,0.300378751767
-20.9401337,-10.0,0.300378751767
0.0598659,0.0598659,0.300378751767
-2.4777264,-2.4777264,0.300378751767
-2.9072159,-2.9072159,0.300378751767
0.0594363,0.0594363,0.300378751767
0.0598309,0.0598309,0.300378751767
-3.0979802,-3.0979802,0.300378751767
-16.5514748,-10.0,0.300378751767
-3.8753521,-3.8753521,0.300378751767
0.0481363,0.0481363,0.300378751767
0.0386058,0.0386058,0.300378751767
-2.3417828,-2.3417828,0.300378751767
-2.1885593,-2.1885593,0.300378751767
-2.2997977,-2.2997977,0.300378751767
-18.9878203,-10.0,0.300378751767
-20.8476536,-10.0,0.300378751767
-18.0794603,-10.0,0.300378751767
0.0598661,0.0598661,0.300378751767
-5.0087841,-5.0087841,0.300378751767
-20.9787395,-10.0,0.300378751767
0.0212601,0.0212601,0.300378751767
-2.5163322,-2.5163322,0.300378751767
-2.9458217,-2.9458217,0.300378751767
0.0208305,0.0208305,0.300378751767
0.0212251,0.0212251,0.300378751767
-3.136586,-3.136586,0.300378751767
-16.5900806,-10.0,0.300378751767
-3.9139579,-3.9139579,0.300378751767
0.0095305,0.0095305,0.300378751767
-0.0386058,-0.0386058,0.300378751767
-2.3803886,-2.3803886,0.300378751767
-2.2271651,-2.2271651,0.300378751767
-2.3384035,-2.3384035,0.300378751767
-19.0264261,-10.0,0.300378751767
-20.8862594,-10.0,0.300378751767
-18.1180661,-10.0,0.300378751767
0.0212603,0.0212603,0.300378751767
-5.0473899,-5.0473899,0.300378751767
-18.5983509,-10.0,0.300378751767
2.4016487,2.4016487,0.300378751767
-0.1359436,-0.1359436,0.300378751767
-0.5654331,-0.5654331,0.300378751767
2.4012191,2.4012191,0.300378751767
2.4016137,2.4016137,0.300378751767
-0.7561974,-0.7561974,0.300378751767
-14.209692,-10.0,0.300378751767
-1.5335693,-1.5335693,0.300378751767
2.3899191,2.3899191,0.300378751767
2.3417828,2.3417828,0.300378751767
2.3803886,2.3803886,0.300378751767
0.1532235,0.1532235,0.300378751767
0.0419851,0.0419851,0.300378751767
-16.6460375,-10.0,0.300378751767
-18.5058708,-10.0,0.300378751767
-15.7376775,-10.0,0.300378751767
2.4016489,2.4016489,0.300378751767
-2.6670013,-2.6670013,0.300378751767
-18.7515744,-10.0,0.300378751767
2.2484252,2.2484252,0.300378751767
-0.2891671,-0.2891671,0.300378751767
-0.7186566,-0.7186566,0.300378751767
2.2479956,2.2479956,0.300378751767
2.2483902,2.2483902,0.300378751767
-0.9094209,-0.9094209,0.300378751767
-14.3629155,-10.0,0.300378751767
-1.6867928,-1.6867928,0.300378751767
2.2366956,2.2366956,0.300378751767
2.1885593,2.1885593,0.300378751767
2.2271651,2.2271651,0.300378751767
-0.1532235,-0.1532235,0.300378751767
-0.1112384,-0.1112384,0.300378751767
-16.799261,-10.0,0.300378751767
-18.6590943,-10.0,0.300378751767
-15.890901,-10.0,0.300378751767
2.2484254,2.2484254,0.300378751767
-2.8202248,-2.8202248,0.300378751767
-18.640336,-10.0,0.300378751767
2.3596636,2.3596636,0.300378751767
-0.1779287,-0.1779287,0.300378751767
-0.6074182,-0.6074182,0.300378751767
2.359234,2.359234,0.300378751767
2.3596286,2.3596286,0.300378751767
-0.7981825,-0.7981825,0.300378751767
-14.2516771,-10.0,0.300378751767
-1.5755544,-1.5755544,0.300378751767
2.347934,2.347934,0.300378751767
2.2997977,2.2997977,0.300378751767
2.3384035,2.3384035,0.300378751767
-0.0419851,-0.0419851,0.300378751767
0.1112384,0.1112384,0.300378751767
-16.6880226,-10.0,0.300378751767
-18.5478559,-10.0,0.300378751767
-15.7796626,-10.0,0.300378751767
2.3596638,2.3596638,0.300378751767
-2.7089864,-2.7089864,0.300378751767
-1.9523134,-1.9523134,0.300378751767
19.0476862,10.0,0.300378751767
16.5100939,10.0,0.300378751767
16.0806044,10.0,0.300378751767
19.0472566,10.0,0.300378751767
19.0476512,10.0,0.300378751767
15.8898401,10.0,0.300378751767
2.4363455,2.4363455,0.300378751767
15.1124682,10.0,0.300378751767
19.0359566,10.0,0.300378751767
18.9878203,10.0,0.300378751767
19.0264261,10.0,0.300378751767
16.6460375,10.0,0.300378751767
16.799261,10.0,0.300378751767
16.6880226,10.0,0.300378751767
-1.8598333,-1.8598333,0.300378751767
0.90836,0.90836,0.300378751767
19.0476864,10.0,0.300378751767
13.9790362,10.0,0.300378751767
-0.0924801,-0.0924801,0.300378751767
20.9075195,10.0,0.300378751767
18.3699272,10.0,0.300378751767
17.9404377,10.0,0.300378751767
20.9070899,10.0,0.300378751767
20.9074845,10.0,0.300378751767
17.7496734,10.0,0.300378751767
4.2961788,4.2961788,0.300378751767
16.9723015,10.0,0.300378751767
20.8957899,10.0,0.300378751767
20.8476536,10.0,0.300378751767
20.8862594,10.0,0.300378751767
18.5058708,10.0,0.300378751767
18.6590943,10.0,0.300378751767
18.5478559,10.0,0.300378751767
1.8598333,1.8598333,0.300378751767
2.7681933,2.7681933,0.300378751767
20.9075197,10.0,0.300378751767
15.8388695,10.0,0.300378751767
-2.8606734,-2.8606734,0.300378751767
18.1393262,10.0,0.300378751767
15.6017339,10.0,0.300378751767
15.1722444,10.0,0.300378751767
18.1388966,10.0,0.300378751767
18.1392912,10.0,0.300378751767
14.9814801,10.0,0.300378751767
1.5279855,1.5279855,0.300378751767
14.2041082,10.0,0.300378751767
18.1275966,10.0,0.300378751767
18.0794603,10.0,0.300378751767
18.1180661,10.0,0.300378751767
15.7376775,10.0,0.300378751767
15.890901,10.0,0.300378751767
15.7796626,10.0,0.300378751767
-0.90836,-0.90836,0.300378751767
-2.7681933,-2.7681933,0.300378751767
18.1393264,10.0,0.300378751767
13.0706762,10.0,0.300378751767
-20.9999998,-10.0,0.300378751767
-2.00000002337e-07,-2.00000002337e-07,0.300378751767
-2.5375925,-2.5375925,0.300378751767
-2.967082,-2.967082,0.300378751767
-0.000429800000003,-0.000429800000003,0.300378751767
-3.52000000028e-05,-3.52000000028e-05,0.300378751767
-3.1578463,-3.1578463,0.300378751767
-16.6113409,-10.0,0.300378751767
-3.9352182,-3.9352182,0.300378751767
-0.0117298,-0.0117298,0.300378751767
-0.0598661,-0.0598661,0.300378751767
-0.0212603,-0.0212603,0.300378751767
-2.4016489,-2.4016489,0.300378751767
-2.2484254,-2.2484254,0.300378751767
-2.3596638,-2.3596638,0.300378751767
-19.0476864,-10.0,0.300378751767
-20.9075197,-10.0,0.300378751767
-18.1393264,-10.0,0.300378751767
-5.0686502,-5.0686502,0.300378751767
-15.9313496,-10.0,0.300378751767
5.06865,5.06865,0.300378751767
2.5310577,2.5310577,0.300378751767
2.1015682,2.1015682,0.300378751767
5.0682204,5.0682204,0.300378751767
5.068615,5.068615,0.300378751767
1.9108039,1.9108039,0.300378751767
-11.5426907,-10.0,0.300378751767
1.133432,1.133432,0.300378751767
5.0569204,5.0569204,0.300378751767
5.0087841,5.0087841,0.300378751767
5.0473899,5.0473899,0.300378751767
2.6670013,2.6670013,0.300378751767
2.8202248,2.8202248,0.300378751767
2.7089864,2.7089864,0.300378751767
-13.9790362,-10.0,0.300378751767
-15.8388695,-10.0,0.300378751767
-13.0706762,-10.0,0.300378751767
5.0686502,5.0686502,0.300378751767
1.2450835,1.2450835,0.134439060696
-0.3498765,-0.3498765,0.134439060696
0.8362174,0.8362174,0.134439060696
1.9504615,1.9504615,0.134439060696
0.8300496,0.8300496,0.134439060696
2.3056217,2.3056217,0.134439060696
-4.3364098,-4.3364098,0.134439060696
-17.9144907,-10.0,0.134439060696
1.1961433,1.1961433,0.134439060696
0.8764675,0.8764675,0.134439060696
1.6187805,1.6187805,0.134439060696
2.3056212,2.3056212,0.134439060696
-14.7996834,-10.0,0.134439060696
-18.6943773,-10.0,0.134439060696
-15.0400831,-10.0,0.134439060696
-15.5388999,-10.0,0.134439060696
-0.971729,-0.971729,0.134439060696
-2.5928308,-2.5928308,0.134439060696
2.3056218,2.3056218,0.134439060696
-1.2450835,-1.2450835,0.134439060696
-1.59496,-1.59496,0.134439060696
-0.4088661,-0.4088661,0.134439060696
0.705378,0.705378,0.134439060696
-0.4150339,-0.4150339,0.134439060696
1.0605382,1.0605382,0.134439060696
-5.5814933,-5.5814933,0.134439060696
-19.1595742,-10.0,0.134439060696
-0.0489402,-0.0489402,0.134439060696
-0.368616,-0.368616,0.134439060696
0.373697,0.373697,0.134439060696
1.0605377,1.0605377,0.134439060696
-16.0447669,-10.0,0.134439060696
-19.9394608,-10.0,0.134439060696
-16.2851666,-10.0,0.134439060696
-16.7839834,-10.0,0.134439060696
-2.2168125,-2.2168125,0.134439060696
-3.8379143,-3.8379143,0.134439060696
1.0605383,1.0605383,0.134439060696
0.3498765,0.3498765,0.134439060696
1.59496,1.59496,0.134439060696
1.1860939,1.1860939,0.134439060696
2.300338,2.300338,0.134439060696
1.1799261,1.1799261,0.134439060696
2.6554982,2.6554982,0.134439060696
-3.9865333,-3.9865333,0.134439060696
-17.5646142,-10.0,0.134439060696
1.5460198,1.5460198,0.134439060696
1.226344,1.226344,0.134439060696
1.968657,1.968657,0.134439060696
2.6554977,2.6554977,0.134439060696
-14.4498069,-10.0,0.134439060696
-18.3445008,-10.0,0.134439060696
-14.6902066,-10.0,0.134439060696
-15.1890234,-10.0,0.134439060696
-0.6218525,-0.6218525,0.134439060696
-2.2429543,-2.2429543,0.134439060696
2.6554983,2.6554983,0.134439060696
-0.8362174,-0.8362174,0.134439060696
0.4088661,0.4088661,0.134439060696
-1.1860939,-1.1860939,0.134439060696
1.1142441,1.1142441,0.134439060696
-0.0061678,-0.0061678,0.134439060696
1.4694043,1.4694043,0.134439060696
-5.1726272,-5.1726272,0.134439060696
-18.7507081,-10.0,0.134439060696
0.3599259,0.3599259,0.134439060696
0.0402501,0.0402501,0.134439060696
0.7825631,0.7825631,0.134439060696
1.4694038,1.4694038,0.134439060696
-15.6359008,-10.0,0.134439060696
-19.5305947,-10.0,0.134439060696
-15.8763005,-10.0,0.134439060696
-16.3751173,-10.0,0.134439060696
-1.8079464,-1.8079464,0.134439060696
-3.4290482,-3.4290482,0.134439060696
1.4694044,1.4694044,0.134439060696
-1.9504615,-1.9504615,0.134439060696
-0.705378,-0.705378,0.134439060696
-2.300338,-2.300338,0.134439060696
-1.1142441,-1.1142441,0.134439060696
-1.1204119,-1.1204119,0.134439060696
0.3551602,0.3551602,0.134439060696
-6.2868713,-6.2868713,0.134439060696
-19.8649522,-10.0,0.134439060696
-0.7543182,-0.7543182,0.134439060696
-1.073994,-1.073994,0.134439060696
-0.331681,-0.331681,0.134439060696
0.3551597,0.3551597,0.134439060696
-16.7501449,-10.0,0.134439060696
-20.6448388,-10.0,0.134439060696
-16.9905446,-10.0,0.134439060696
-17.4893614,-10.0,0.134439060696
-2.9221905,-2.9221905,0.134439060696
-4.5432923,-4.5432923,0.134439060696
0.3551603,0.3551603,0.134439060696
-0.8300496,-0.8300496,0.134439060696
0.4150339,0.4150339,0.134439060696
-1.1799261,-1.1799261,0.134439060696
0.0061678,0.0061678,0.134439060696
1.1204119,1.1204119,0.134439060696
1.4755721,1.4755721,0.134439060696
-5.1664594,-5.1664594,0.134439060696
-18.7445403,-10.0,0.134439060696
0.3660937,0.3660937,0.134439060696
0.0464179,0.0464179,0.134439060696
0.7887309,0.7887309,0.134439060696
1.4755716,1.4755716,0.134439060696
-15.629733,-10.0,0.134439060696
-19.5244269,-10.0,0.134439060696
-15.8701327,-10.0,0.134439060696
-16.3689495,-10.0,0.134439060696
-1.8017786,-1.8017786,0.134439060696
-3.4228804,-3.4228804,0.134439060696
1.4755722,1.4755722,0.134439060696
-2.3056217,-2.3056217,0.134439060696
-1.0605382,-1.0605382,0.134439060696
-2.6554982,-2.6554982,0.134439060696
-1.4694043,-1.4694043,0.134439060696
-0.3551602,-0.3551602,0.134439060696
-1.4755721,-1.4755721,0.134439060696
-6.6420315,-6.6420315,0.134439060696
-20.2201124,-10.0,0.134439060696
-1.1094784,-1.1094784,0.134439060696
-1.4291542,-1.4291542,0.134439060696
-0.6868412,-0.6868412,0.134439060696
-4.99999998738e-07,-4.99999998738e-07,0.134439060696
-17.1053051,-10.0,0.134439060696
-20.999999,-10.0,0.134439060696
-17.3457048,-10.0,0.134439060696
-17.8445216,-10.0,0.134439060696
-3.2773507,-3.2773507,0.134439060696
-4.8984525,-4.8984525,0.134439060696
1.00000001169e-07,1.00000001169e-07,0.134439060696
4.3364098,4.3364098,0.134439060696
5.5814933,5.5814933,0.134439060696
3.9865333,3.9865333,0.134439060696
5.1726272,5.1726272,0.134439060696
6.2868713,6.2868713,0.134439060696
5.1664594,5.1664594,0.134439060696
6.6420315,6.6420315,0.134439060696
-13.5780809,-10.0,0.134439060696
5.5325531,5.5325531,0.134439060696
5.2128773,5.2128773,0.134439060696
5.9551903,5.9551903,0.134439060696
6.642031,6.642031,0.134439060696
-10.4632736,-10.0,0.134439060696
-14.3579675,-10.0,0.134439060696
-10.7036733,-10.0,0.134439060696
-11.2024901,-10.0,0.134439060696
3.3646808,3.3646808,0.134439060696
1.743579,1.743579,0.134439060696
6.6420316,6.6420316,0.134439060696
17.9144907,10.0,0.134439060696
19.1595742,10.0,0.134439060696
17.5646142,10.0,0.134439060696
18.7507081,10.0,0.134439060696
19.8649522,10.0,0.134439060696
18.7445403,10.0,0.134439060696
20.2201124,10.0,0.134439060696
13.5780809,10.0,0.134439060696
19.110634,10.0,0.134439060696
18.7909582,10.0,0.134439060696
19.5332712,10.0,0.134439060696
20.2201119,10.0,0.134439060696
3.1148073,3.1148073,0.134439060696
-0.7798866,-0.7798866,0.134439060696
2.8744076,2.8744076,0.134439060696
2.3755908,2.3755908,0.134439060696
16.9427617,10.0,0.134439060696
15.3216599,10.0,0.134439060696
20.2201125,10.0,0.134439060696
-1.1961433,-1.1961433,0.134439060696
0.0489402,0.0489402,0.134439060696
-1.5460198,-1.5460198,0.134439060696
-0.3599259,-0.3599259,0.134439060696
0.7543182,0.7543182,0.134439060696
-0.3660937,-0.3660937,0.134439060696
1.1094784,1.1094784,0.134439060696
-5.5325531,-5.5325531,0.134439060696
-19.110634,-10.0,0.134439060696
-0.3196758,-0.3196758,0.134439060696
0.4226372,0.4226372,0.134439060696
1.1094779,1.1094779,0.134439060696
-15.9958267,-10.0,0.134439060696
-19.8905206,-10.0,0.134439060696
-16.2362264,-10.0,0.134439060696
-16.7350432,-10.0,0.134439060696
-2.1678723,-2.1678723,0.134439060696
-3.7889741,-3.7889741,0.134439060696
1.1094785,1.1094785,0.134439060696
-0.8764675,-0.8764675,0.134439060696
0.368616,0.368616,0.134439060696
-1.226344,-1.226344,0.134439060696
-0.0402501,-0.0402501,0.134439060696
1.073994,1.073994,0.134439060696
-0.0464179,-0.0464179,0.134439060696
1.4291542,1.4291542,0.134439060696
-5.2128773,-5.2128773,0.134439060696
-18.7909582,-10.0,0.134439060696
0.3196758,0.3196758,0.134439060696
0.742313,0.742313,0.134439060696
1.4291537,1.4291537,0.134439060696
-15.6761509,-10.0,0.134439060696
-19.5708448,-10.0,0.134439060696
-15.9165506,-10.0,0.134439060696
-16.4153674,-10.0,0.134439060696
-1.8481965,-1.8481965,0.134439060696
-3.4692983,-3.4692983,0.134439060696
1.4291543,1.4291543,0.134439060696
-1.6187805,-1.6187805,0.134439060696
-0.373697,-0.373697,0.134439060696
-1.968657,-1.968657,0.134439060696
-0.7825631,-0.7825631,0.134439060696
0.331681,0.331681,0.134439060696
-0.7887309,-0.7887309,0.134439060696
0.6868412,0.6868412,0.134439060696
-5.9551903,-5.9551903,0.134439060696
-19.5332712,-10.0,0.134439060696
-0.4226372,-0.4226372,0.134439060696
-0.742313,-0.742313,0.134439060696
0.6868407,0.6868407,0.134439060696
-16.4184639,-10.0,0.134439060696
-20.3131578,-10.0,0.134439060696
-16.6588636,-10.0,0.134439060696
-17.1576804,-10.0,0.134439060696
-2.5905095,-2.5905095,0.134439060696
-4.2116113,-4.2116113,0.134439060696
0.6868413,0.6868413,0.134439060696
-2.3056212,-2.3056212,0.134439060696
-1.0605377,-1.0605377,0.134439060696
-2.6554977,-2.6554977,0.134439060696
-1.4694038,-1.4694038,0.134439060696
-0.3551597,-0.3551597,0.134439060696
-1.4755716,-1.4755716,0.134439060696
4.99999998738e-07,4.99999998738e-07,0.134439060696
-6.642031,-6.642031,0.134439060696
-20.2201119,-10.0,0.134439060696
-1.1094779,-1.1094779,0.134439060696
-1.4291537,-1.4291537,0.134439060696
-0.6868407,-0.6868407,0.134439060696
-17.1053046,-10.0,0.134439060696
-20.9999985,-10.0,0.134439060696
-17.3457043,-10.0,0.134439060696
-17.8445211,-10.0,0.134439060696
-3.2773502,-3.2773502,0.134439060696
-4.898452,-4.898452,0.134439060696
5.99999999906e-07,5.99999999906e-07,0.134439060696
14.7996834,10.0,0.134439060696
16.0447669,10.0,0.134439060696
14.4498069,10.0,0.134439060696
15.6359008,10.0,0.134439060696
16.7501449,10.0,0.134439060696
15.629733,10.0,0.134439060696
17.1053051,10.0,0.134439060696
10.4632736,10.0,0.134439060696
-3.1148073,-3.1148073,0.134439060696
15.9958267,10.0,0.134439060696
15.6761509,10.0,0.134439060696
16.4184639,10.0,0.134439060696
17.1053046,10.0,0.134439060696
-3.8946939,-3.8946939,0.134439060696
-0.2403997,-0.2403997,0.134439060696
-0.7392165,-0.7392165,0.134439060696
13.8279544,10.0,0.134439060696
12.2068526,10.0,0.134439060696
17.1053052,10.0,0.134439060696
18.6943773,10.0,0.134439060696
19.9394608,10.0,0.134439060696
18.3445008,10.0,0.134439060696
19.5305947,10.0,0.134439060696
20.6448388,10.0,0.134439060696
19.5244269,10.0,0.134439060696
20.999999,10.0,0.134439060696
14.3579675,10.0,0.134439060696
0.7798866,0.7798866,0.134439060696
19.8905206,10.0,0.134439060696
19.5708448,10.0,0.134439060696
20.3131578,10.0,0.134439060696
20.9999985,10.0,0.134439060696
3.8946939,3.8946939,0.134439060696
3.6542942,3.6542942,0.134439060696
3.1554774,3.1554774,0.134439060696
17.7226483,10.0,0.134439060696
16.1015465,10.0,0.134439060696
20.9999991,10.0,0.134439060696
15.0400831,10.0,0.134439060696
16.2851666,10.0,0.134439060696
14.6902066,10.0,0.134439060696
15.8763005,10.0,0.134439060696
16.9905446,10.0,0.134439060696
15.8701327,10.0,0.134439060696
17.3457048,10.0,0.134439060696
10.7036733,10.0,0.134439060696
-2.8744076,-2.8744076,0.134439060696
16.2362264,10.0,0.134439060696
15.9165506,10.0,0.134439060696
16.6588636,10.0,0.134439060696
17.3457043,10.0,0.134439060696
0.2403997,0.2403997,0.134439060696
-3.6542942,-3.6542942,0.134439060696
-0.4988168,-0.4988168,0.134439060696
14.0683541,10.0,0.134439060696
12.4472523,10.0,0.134439060696
17.3457049,10.0,0.134439060696
15.5388999,10.0,0.134439060696
16.7839834,10.0,0.134439060696
15.1890234,10.0,0.134439060696
16.3751173,10.0,0.134439060696
17.4893614,10.0,0.134439060696
16.3689495,10.0,0.134439060696
17.8445216,10.0,0.134439060696
11.2024901,10.0,0.134439060696
-2.3755908,-2.3755908,0.134439060696
16.7350432,10.0,0.134439060696
16.4153674,10.0,0.134439060696
17.1576804,10.0,0.134439060696
17.8445211,10.0,0.134439060696
0.7392165,0.7392165,0.134439060696
-3.1554774,-3.1554774,0.134439060696
0.4988168,0.4988168,0.134439060696
14.5671709,10.0,0.134439060696
12.9460691,10.0,0.134439060696
17.8445217,10.0,0.134439060696
0.971729,0.971729,0.134439060696
2.2168125,2.2168125,0.134439060696
0.6218525,0.6218525,0.134439060696
1.8079464,1.8079464,0.134439060696
2.9221905,2.9221905,0.134439060696
1.8017786,1.8017786,0.134439060696
3.2773507,3.2773507,0.134439060696
-3.3646808,-3.3646808,0.134439060696
-16.9427617,-10.0,0.134439060696
2.1678723,2.1678723,0.134439060696
1.8481965,1.8481965,0.134439060696
2.5905095,2.5905095,0.134439060696
3.2773502,3.2773502,0.134439060696
-13.8279544,-10.0,0.134439060696
-17.7226483,-10.0,0.134439060696
-14.0683541,-10.0,0.134439060696
-14.5671709,-10.0,0.134439060696
-1.6211018,-1.6211018,0.134439060696
3.2773508,3.2773508,0.134439060696
2.5928308,2.5928308,0.134439060696
3.8379143,3.8379143,0.134439060696
2.2429543,2.2429543,0.134439060696
3.4290482,3.4290482,0.134439060696
4.5432923,4.5432923,0.134439060696
3.4228804,3.4228804,0.134439060696
4.8984525,4.8984525,0.134439060696
-1.743579,-1.743579,0.134439060696
-15.3216599,-10.0,0.134439060696
3.7889741,3.7889741,0.134439060696
3.4692983,3.4692983,0.134439060696
4.2116113,4.2116113,0.134439060696
4.898452,4.898452,0.134439060696
-12.2068526,-10.0,0.134439060696
-16.1015465,-10.0,0.134439060696
-12.4472523,-10.0,0.134439060696
-12.9460691,-10.0,0.134439060696
1.6211018,1.6211018,0.134439060696
4.8984526,4.8984526,0.134439060696
-2.3056218,-2.3056218,0.134439060696
-1.0605383,-1.0605383,0.134439060696
-2.6554983,-2.6554983,0.134439060696
-1.4694044,-1.4694044,0.134439060696
-0.3551603,-0.3551603,0.134439060696
-1.4755722,-1.4755722,0.134439060696
-1.00000001169e-07,-1.00000001169e-07,0.134439060696
-6.6420316,-6.6420316,0.134439060696
-20.2201125,-10.0,0.134439060696
-1.1094785,-1.1094785,0.134439060696
-1.4291543,-1.4291543,0.134439060696
-0.6868413,-0.6868413,0.134439060696
-5.99999999906e-07,-5.99999999906e-07,0.134439060696
-17.1053052,-10.0,0.134439060696
-20.9999991,-10.0,0.134439060696
-17.3457049,-10.0,0.134439060696
-17.8445217,-10.0,0.134439060696
-3.2773508,-3.2773508,0.134439060696
-4.8984526,-4.8984526,0.134439060696
15.7705577,10.0,0.254255347298
-4.1241398,-4.1241398,0.254255347298
-1.1773015,-1.1773015,0.254255347298
16.8758589,10.0,0.254255347298
-0.4844336,-0.4844336,0.254255347298
-1.0286469,-1.0286469,0.254255347298
16.0602254,10.0,0.254255347298
5.2577232,5.2577232,0.254255347298
13.494775,10.0,0.254255347298
10.5072387,10.0,0.254255347298
-2.7579482,-2.7579482,0.254255347298
16.4923056,10.0,0.254255347298
16.0839125,10.0,0.254255347298
16.8758601,10.0,0.254255347298
-0.6284839,-0.6284839,0.254255347298
1.2853038,1.2853038,0.254255347298
16.1267646,10.0,0.254255347298
16.6519686,10.0,0.254255347298
16.096756,10.0,0.254255347298
-15.7705577,-10.0,0.254255347298
-19.8946975,-10.0,0.254255347298
-16.9478592,-10.0,0.254255347298
1.1053012,1.1053012,0.254255347298
-16.2549913,-10.0,0.254255347298
-16.7992046,-10.0,0.254255347298
0.2896677,0.2896677,0.254255347298
-10.5128345,-10.0,0.254255347298
-2.2757827,-2.2757827,0.254255347298
-5.263319,-5.263319,0.254255347298
-18.5285059,-10.0,0.254255347298
0.7217479,0.7217479,0.254255347298
0.3133548,0.3133548,0.254255347298
1.1053024,1.1053024,0.254255347298
-16.3990416,-10.0,0.254255347298
-14.4852539,-10.0,0.254255347298
0.3562069,0.3562069,0.254255347298
0.8814109,0.8814109,0.254255347298
0.3261983,0.3261983,0.254255347298
4.1241398,4.1241398,0.254255347298
19.8946975,10.0,0.254255347298
2.9468383,2.9468383,0.254255347298
20.9999987,10.0,0.254255347298
3.6397062,3.6397062,0.254255347298
3.0954929,3.0954929,0.254255347298
20.1843652,10.0,0.254255347298
9.381863,9.381863,0.254255347298
17.6189148,10.0,0.254255347298
14.6313785,10.0,0.254255347298
1.3661916,1.3661916,0.254255347298
20.6164454,10.0,0.254255347298
20.2080523,10.0,0.254255347298
20.9999999,10.0,0.254255347298
3.4956559,3.4956559,0.254255347298
5.4094436,5.4094436,0.254255347298
20.2509044,10.0,0.254255347298
20.7761084,10.0,0.254255347298
20.2208958,10.0,0.254255347298
1.1773015,1.1773015,0.254255347298
16.9478592,10.0,0.254255347298
-2.9468383,-2.9468383,0.254255347298
18.0531604,10.0,0.254255347298
0.6928679,0.6928679,0.254255347298
0.1486546,0.1486546,0.254255347298
17.2375269,10.0,0.254255347298
6.4350247,6.4350247,0.254255347298
14.6720765,10.0,0.254255347298
11.6845402,10.0,0.254255347298
-1.5806467,-1.5806467,0.254255347298
17.6696071,10.0,0.254255347298
17.261214,10.0,0.254255347298
18.0531616,10.0,0.254255347298
0.5488176,0.5488176,0.254255347298
2.4626053,2.4626053,0.254255347298
17.3040661,10.0,0.254255347298
17.8292701,10.0,0.254255347298
17.2740575,10.0,0.254255347298
-16.8758589,-10.0,0.254255347298
-1.1053012,-1.1053012,0.254255347298
-20.9999987,-10.0,0.254255347298
-18.0531604,-10.0,0.254255347298
-17.3602925,-10.0,0.254255347298
-17.9045058,-10.0,0.254255347298
-0.8156335,-0.8156335,0.254255347298
-11.6181357,-10.0,0.254255347298
-3.3810839,-3.3810839,0.254255347298
-6.3686202,-6.3686202,0.254255347298
-19.6338071,-10.0,0.254255347298
-0.3835533,-0.3835533,0.254255347298
-0.7919464,-0.7919464,0.254255347298
1.19999999981e-06,1.19999999981e-06,0.254255347298
-17.5043428,-10.0,0.254255347298
-15.5905551,-10.0,0.254255347298
-0.7490943,-0.7490943,0.254255347298
-0.2238903,-0.2238903,0.254255347298
-0.7791029,-0.7791029,0.254255347298
0.4844336,0.4844336,0.254255347298
16.2549913,10.0,0.254255347298
-3.6397062,-3.6397062,0.254255347298
-0.6928679,-0.6928679,0.254255347298
17.3602925,10.0,0.254255347298
-0.5442133,-0.5442133,0.254255347298
16.544659,10.0,0.254255347298
5.7421568,5.7421568,0.254255347298
13.9792086,10.0,0.254255347298
10.9916723,10.0,0.254255347298
-2.2735146,-2.2735146,0.254255347298
16.9767392,10.0,0.254255347298
16.5683461,10.0,0.254255347298
17.3602937,10.0,0.254255347298
-0.1440503,-0.1440503,0.254255347298
1.7697374,1.7697374,0.254255347298
16.6111982,10.0,0.254255347298
17.1364022,10.0,0.254255347298
16.5811896,10.0,0.254255347298
1.0286469,1.0286469,0.254255347298
16.7992046,10.0,0.254255347298
-3.0954929,-3.0954929,0.254255347298
-0.1486546,-0.1486546,0.254255347298
17.9045058,10.0,0.254255347298
0.5442133,0.5442133,0.254255347298
17.0888723,10.0,0.254255347298
6.2863701,6.2863701,0.254255347298
14.5234219,10.0,0.254255347298
11.5358856,10.0,0.254255347298
-1.7293013,-1.7293013,0.254255347298
17.5209525,10.0,0.254255347298
17.1125594,10.0,0.254255347298
17.904507,10.0,0.254255347298
0.400163,0.400163,0.254255347298
2.3139507,2.3139507,0.254255347298
17.1554115,10.0,0.254255347298
17.6806155,10.0,0.254255347298
17.1254029,10.0,0.254255347298
-16.0602254,-10.0,0.254255347298
-0.2896677,-0.2896677,0.254255347298
-20.1843652,-10.0,0.254255347298
-17.2375269,-10.0,0.254255347298
0.8156335,0.8156335,0.254255347298
-16.544659,-10.0,0.254255347298
-17.0888723,-10.0,0.254255347298
-10.8025022,-10.0,0.254255347298
-2.5654504,-2.5654504,0.254255347298
-5.5529867,-5.5529867,0.254255347298
-18.8181736,-10.0,0.254255347298
0.4320802,0.4320802,0.254255347298
0.0236871,0.0236871,0.254255347298
0.8156347,0.8156347,0.254255347298
-16.6887093,-10.0,0.254255347298
-14.7749216,-10.0,0.254255347298
0.0665392,0.0665392,0.254255347298
0.5917432,0.5917432,0.254255347298
0.0365306,0.0365306,0.254255347298
-5.2577232,-5.2577232,0.254255347298
10.5128345,10.0,0.254255347298
-9.381863,-9.381863,0.254255347298
-6.4350247,-6.4350247,0.254255347298
11.6181357,10.0,0.254255347298
-5.7421568,-5.7421568,0.254255347298
-6.2863701,-6.2863701,0.254255347298
10.8025022,10.0,0.254255347298
8.2370518,8.2370518,0.254255347298
5.2495155,5.2495155,0.254255347298
-8.0156714,-8.0156714,0.254255347298
11.2345824,10.0,0.254255347298
10.8261893,10.0,0.254255347298
11.6181369,10.0,0.254255347298
-5.8862071,-5.8862071,0.254255347298
-3.9724194,-3.9724194,0.254255347298
10.8690414,10.0,0.254255347298
11.3942454,10.0,0.254255347298
10.8390328,10.0,0.254255347298
-13.494775,-10.0,0.254255347298
2.2757827,2.2757827,0.254255347298
-17.6189148,-10.0,0.254255347298
-14.6720765,-10.0,0.254255347298
3.3810839,3.3810839,0.254255347298
-13.9792086,-10.0,0.254255347298
-14.5234219,-10.0,0.254255347298
2.5654504,2.5654504,0.254255347298
-8.2370518,-8.2370518,0.254255347298
-2.9875363,-2.9875363,0.254255347298
-16.2527232,-10.0,0.254255347298
2.9975306,2.9975306,0.254255347298
2.5891375,2.5891375,0.254255347298
3.3810851,3.3810851,0.254255347298
-14.1232589,-10.0,0.254255347298
-12.2094712,-10.0,0.254255347298
2.6319896,2.6319896,0.254255347298
3.1571936,3.1571936,0.254255347298
2.601981,2.601981,0.254255347298
-10.5072387,-10.0,0.254255347298
5.263319,5.263319,0.254255347298
-14.6313785,-10.0,0.254255347298
-11.6845402,-10.0,0.254255347298
6.3686202,6.3686202,0.254255347298
-10.9916723,-10.0,0.254255347298
-11.5358856,-10.0,0.254255347298
5.5529867,5.5529867,0.254255347298
-5.2495155,-5.2495155,0.254255347298
2.9875363,2.9875363,0.254255347298
-13.2651869,-10.0,0.254255347298
5.9850669,5.9850669,0.254255347298
5.5766738,5.5766738,0.254255347298
6.3686214,6.3686214,0.254255347298
-11.1357226,-10.0,0.254255347298
-9.2219349,-9.2219349,0.254255347298
5.6195259,5.6195259,0.254255347298
6.1447299,6.1447299,0.254255347298
5.5895173,5.5895173,0.254255347298
2.7579482,2.7579482,0.254255347298
18.5285059,10.0,0.254255347298
-1.3661916,-1.3661916,0.254255347298
1.5806467,1.5806467,0.254255347298
19.6338071,10.0,0.254255347298
2.2735146,2.2735146,0.254255347298
1.7293013,1.7293013,0.254255347298
18.8181736,10.0,0.254255347298
8.0156714,8.0156714,0.254255347298
16.2527232,10.0,0.254255347298
13.2651869,10.0,0.254255347298
19.2502538,10.0,0.254255347298
18.8418607,10.0,0.254255347298
19.6338083,10.0,0.254255347298
2.1294643,2.1294643,0.254255347298
4.043252,4.043252,0.254255347298
18.8847128,10.0,0.254255347298
19.4099168,10.0,0.254255347298
18.8547042,10.0,0.254255347298
-16.4923056,-10.0,0.254255347298
-0.7217479,-0.7217479,0.254255347298
-20.6164454,-10.0,0.254255347298
-17.6696071,-10.0,0.254255347298
0.3835533,0.3835533,0.254255347298
-16.9767392,-10.0,0.254255347298
-17.5209525,-10.0,0.254255347298
-0.4320802,-0.4320802,0.254255347298
-11.2345824,-10.0,0.254255347298
-2.9975306,-2.9975306,0.254255347298
-5.9850669,-5.9850669,0.254255347298
-19.2502538,-10.0,0.254255347298
-0.4083931,-0.4083931,0.254255347298
0.3835545,0.3835545,0.254255347298
-17.1207895,-10.0,0.254255347298
-15.2070018,-10.0,0.254255347298
-0.365541,-0.365541,0.254255347298
0.159663,0.159663,0.254255347298
-0.3955496,-0.3955496,0.254255347298
-16.0839125,-10.0,0.254255347298
-0.3133548,-0.3133548,0.254255347298
-20.2080523,-10.0,0.254255347298
-17.261214,-10.0,0.254255347298
0.7919464,0.7919464,0.254255347298
-16.5683461,-10.0,0.254255347298
-17.1125594,-10.0,0.254255347298
-0.0236871,-0.0236871,0.254255347298
-10.8261893,-10.0,0.254255347298
-2.5891375,-2.5891375,0.254255347298
-5.5766738,-5.5766738,0.254255347298
-18.8418607,-10.0,0.254255347298
0.4083931,0.4083931,0.254255347298
0.7919476,0.7919476,0.254255347298
-16.7123964,-10.0,0.254255347298
-14.7986087,-10.0,0.254255347298
0.0428521,0.0428521,0.254255347298
0.5680561,0.5680561,0.254255347298
0.0128435,0.0128435,0.254255347298
-16.8758601,-10.0,0.254255347298
-1.1053024,-1.1053024,0.254255347298
-20.9999999,-10.0,0.254255347298
-18.0531616,-10.0,0.254255347298
-1.19999999981e-06,-1.19999999981e-06,0.254255347298
-17.3602937,-10.0,0.254255347298
-17.904507,-10.0,0.254255347298
-0.8156347,-0.8156347,0.254255347298
-11.6181369,-10.0,0.254255347298
-3.3810851,-3.3810851,0.254255347298
-6.3686214,-6.3686214,0.254255347298
-19.6338083,-10.0,0.254255347298
-0.3835545,-0.3835545,0.254255347298
-0.7919476,-0.7919476,0.254255347298
-17.504344,-10.0,0.254255347298
-15.5905563,-10.0,0.254255347298
-0.7490955,-0.7490955,0.254255347298
-0.2238915,-0.2238915,0.254255347298
-0.7791041,-0.7791041,0.254255347298
0.6284839,0.6284839,0.254255347298
16.3990416,10.0,0.254255347298
-3.4956559,-3.4956559,0.254255347298
-0.5488176,-0.5488176,0.254255347298
17.5043428,10.0,0.254255347298
0.1440503,0.1440503,0.254255347298
-0.400163,-0.400163,0.254255347298
16.6887093,10.0,0.254255347298
5.8862071,5.8862071,0.254255347298
14.1232589,10.0,0.254255347298
11.1357226,10.0,0.254255347298
-2.1294643,-2.1294643,0.254255347298
17.1207895,10.0,0.254255347298
16.7123964,10.0,0.254255347298
17.504344,10.0,0.254255347298
1.9137877,1.9137877,0.254255347298
16.7552485,10.0,0.254255347298
17.2804525,10.0,0.254255347298
16.7252399,10.0,0.254255347298
-1.2853038,-1.2853038,0.254255347298
14.4852539,10.0,0.254255347298
-5.4094436,-5.4094436,0.254255347298
-2.4626053,-2.4626053,0.254255347298
15.5905551,10.0,0.254255347298
-1.7697374,-1.7697374,0.254255347298
-2.3139507,-2.3139507,0.254255347298
14.7749216,10.0,0.254255347298
3.9724194,3.9724194,0.254255347298
12.2094712,10.0,0.254255347298
9.2219349,9.2219349,0.254255347298
-4.043252,-4.043252,0.254255347298
15.2070018,10.0,0.254255347298
14.7986087,10.0,0.254255347298
15.5905563,10.0,0.254255347298
-1.9137877,-1.9137877,0.254255347298
14.8414608,10.0,0.254255347298
15.3666648,10.0,0.254255347298
14.8114522,10.0,0.254255347298
-16.1267646,-10.0,0.254255347298
-0.3562069,-0.3562069,0.254255347298
-20.2509044,-10.0,0.254255347298
-17.3040661,-10.0,0.254255347298
0.7490943,0.7490943,0.254255347298
-16.6111982,-10.0,0.254255347298
-17.1554115,-10.0,0.254255347298
-0.0665392,-0.0665392,0.254255347298
-10.8690414,-10.0,0.254255347298
-2.6319896,-2.6319896,0.254255347298
-5.6195259,-5.6195259,0.254255347298
-18.8847128,-10.0,0.254255347298
0.365541,0.365541,0.254255347298
-0.0428521,-0.0428521,0.254255347298
0.7490955,0.7490955,0.254255347298
-16.7552485,-10.0,0.254255347298
-14.8414608,-10.0,0.254255347298
0.525204,0.525204,0.254255347298
-0.0300086,-0.0300086,0.254255347298
-16.6519686,-10.0,0.254255347298
-0.8814109,-0.8814109,0.254255347298
-20.7761084,-10.0,0.254255347298
-17.8292701,-10.0,0.254255347298
0.2238903,0.2238903,0.254255347298
-17.1364022,-10.0,0.254255347298
-17.6806155,-10.0,0.254255347298
-0.5917432,-0.5917432,0.254255347298
-11.3942454,-10.0,0.254255347298
-3.1571936,-3.1571936,0.254255347298
-6.1447299,-6.1447299,0.254255347298
-19.4099168,-10.0,0.254255347298
-0.159663,-0.159663,0.254255347298
-0.5680561,-0.5680561,0.254255347298
0.2238915,0.2238915,0.254255347298
-17.2804525,-10.0,0.254255347298
-15.3666648,-10.0,0.254255347298
-0.525204,-0.525204,0.254255347298
-0.5552126,-0.5552126,0.254255347298
-16.096756,-10.0,0.254255347298
-0.3261983,-0.3261983,0.254255347298
-20.2208958,-10.0,0.254255347298
-17.2740575,-10.0,0.254255347298
0.7791029,0.7791029,0.254255347298
-16.5811896,-10.0,0.254255347298
-17.1254029,-10.0,0.254255347298
-0.0365306,-0.0365306,0.254255347298
-10.8390328,-10.0,0.254255347298
-2.601981,-2.601981,0.254255347298
-5.5895173,-5.5895173,0.254255347298
-18.8547042,-10.0,0.254255347298
0.3955496,0.3955496,0.254255347298
-0.0128435,-0.0128435,0.254255347298
0.7791041,0.7791041,0.254255347298
-16.7252399,-10.0,0.254255347298
-14.8114522,-10.0,0.254255347298
0.0300086,0.0300086,0.254255347298
0.5552126,0.5552126,0.254255347298
0.2019167,0.2019167,0.20791418162
1.1722059,1.1722059,0.20791418162
-0.62716,-0.62716,0.20791418162
-17.877689,-10.0,0.20791418162
-0.2718832,-0.2718832,0.20791418162
1.1722052,1.1722052,0.20791418162
-16.5233086,-10.0,0.20791418162
-1.7788668,-1.7788668,0.20791418162
-19.8277938,-10.0,0.20791418162
-16.4599861,-10.0,0.20791418162
-2.2980714,-2.2980714,0.20791418162
1.1706405,1.1706405,0.20791418162
-1.1434632,-1.1434632,0.20791418162
1.1722001,1.1722001,0.20791418162
-1.8316285,-1.8316285,0.20791418162
-0.0768317,-0.0768317,0.20791418162
-16.3782708,-10.0,0.20791418162
0.4629377,0.4629377,0.20791418162
-1.7288047,-1.7288047,0.20791418162
-0.2019167,-0.2019167,0.20791418162
0.9702892,0.9702892,0.20791418162
-0.8290767,-0.8290767,0.20791418162
-18.0796057,-10.0,0.20791418162
-0.4737999,-0.4737999,0.20791418162
0.9702885,0.9702885,0.20791418162
-16.7252253,-10.0,0.20791418162
-1.9807835,-1.9807835,0.20791418162
-20.0297105,-10.0,0.20791418162
-16.6619028,-10.0,0.20791418162
-2.4999881,-2.4999881,0.20791418162
0.9687238,0.9687238,0.20791418162
-1.3453799,-1.3453799,0.20791418162
0.9702834,0.9702834,0.20791418162
-2.0335452,-2.0335452,0.20791418162
-0.2787484,-0.2787484,0.20791418162
-16.5801875,-10.0,0.20791418162
0.261021,0.261021,0.20791418162
-1.9307214,-1.9307214,0.20791418162
-1.1722059,-1.1722059,0.20791418162
-0.9702892,-0.9702892,0.20791418162
-1.7993659,-1.7993659,0.20791418162
-19.0498949,-10.0,0.20791418162
-1.4440891,-1.4440891,0.20791418162
-7.00000001075e-07,-7.00000001075e-07,0.20791418162
-17.6955145,-10.0,0.20791418162
-2.9510727,-2.9510727,0.20791418162
-20.9999997,-10.0,0.20791418162
-17.632192,-10.0,0.20791418162
-3.4702773,-3.4702773,0.20791418162
-0.0015654,-0.0015654,0.20791418162
-2.3156691,-2.3156691,0.20791418162
-5.80000000028e-06,-5.80000000028e-06,0.20791418162
-3.0038344,-3.0038344,0.20791418162
-1.2490376,-1.2490376,0.20791418162
-17.5504767,-10.0,0.20791418162
-0.7092682,-0.7092682,0.20791418162
-2.9010106,-2.9010106,0.20791418162
0.62716,0.62716,0.20791418162
0.8290767,0.8290767,0.20791418162
1.7993659,1.7993659,0.20791418162
-17.250529,-10.0,0.20791418162
0.3552768,0.3552768,0.20791418162
1.7993652,1.7993652,0.20791418162
-15.8961486,-10.0,0.20791418162
-1.1517068,-1.1517068,0.20791418162
-19.2006338,-10.0,0.20791418162
-15.8328261,-10.0,0.20791418162
-1.6709114,-1.6709114,0.20791418162
1.7978005,1.7978005,0.20791418162
-0.5163032,-0.5163032,0.20791418162
1.7993601,1.7993601,0.20791418162
-1.2044685,-1.2044685,0.20791418162
0.5503283,0.5503283,0.20791418162
-15.7511108,-10.0,0.20791418162
1.0900977,1.0900977,0.20791418162
-1.1016447,-1.1016447,0.20791418162
17.877689,10.0,0.20791418162
18.0796057,10.0,0.20791418162
19.0498949,10.0,0.20791418162
17.250529,10.0,0.20791418162
17.6058058,10.0,0.20791418162
19.0498942,10.0,0.20791418162
1.3543804,1.3543804,0.20791418162
16.0988222,10.0,0.20791418162
-1.9501048,-1.9501048,0.20791418162
1.4177029,1.4177029,0.20791418162
15.5796176,10.0,0.20791418162
19.0483295,10.0,0.20791418162
16.7342258,10.0,0.20791418162
19.0498891,10.0,0.20791418162
16.0460605,10.0,0.20791418162
17.8008573,10.0,0.20791418162
1.4994182,1.4994182,0.20791418162
18.3406267,10.0,0.20791418162
16.1488843,10.0,0.20791418162
0.2718832,0.2718832,0.20791418162
0.4737999,0.4737999,0.20791418162
1.4440891,1.4440891,0.20791418162
-0.3552768,-0.3552768,0.20791418162
-17.6058058,-10.0,0.20791418162
1.4440884,1.4440884,0.20791418162
-16.2514254,-10.0,0.20791418162
-1.5069836,-1.5069836,0.20791418162
-19.5559106,-10.0,0.20791418162
-16.1881029,-10.0,0.20791418162
-2.0261882,-2.0261882,0.20791418162
1.4425237,1.4425237,0.20791418162
-0.87158,-0.87158,0.20791418162
1.4440833,1.4440833,0.20791418162
-1.5597453,-1.5597453,0.20791418162
0.1950515,0.1950515,0.20791418162
-16.1063876,-10.0,0.20791418162
0.7348209,0.7348209,0.20791418162
-1.4569215,-1.4569215,0.20791418162
-1.1722052,-1.1722052,0.20791418162
-0.9702885,-0.9702885,0.20791418162
7.00000001075e-07,7.00000001075e-07,0.20791418162
-1.7993652,-1.7993652,0.20791418162
-19.0498942,-10.0,0.20791418162
-1.4440884,-1.4440884,0.20791418162
-17.6955138,-10.0,0.20791418162
-2.951072,-2.951072,0.20791418162
-20.999999,-10.0,0.20791418162
-17.6321913,-10.0,0.20791418162
-3.4702766,-3.4702766,0.20791418162
-0.0015647,-0.0015647,0.20791418162
-2.3156684,-2.3156684,0.20791418162
-5.0999999992e-06,-5.0999999992e-06,0.20791418162
-3.0038337,-3.0038337,0.20791418162
-1.2490369,-1.2490369,0.20791418162
-17.550476,-10.0,0.20791418162
-0.7092675,-0.7092675,0.20791418162
-2.9010099,-2.9010099,0.20791418162
16.5233086,10.0,0.20791418162
16.7252253,10.0,0.20791418162
17.6955145,10.0,0.20791418162
15.8961486,10.0,0.20791418162
-1.3543804,-1.3543804,0.20791418162
16.2514254,10.0,0.20791418162
17.6955138,10.0,0.20791418162
14.7444418,10.0,0.20791418162
-3.3044852,-3.3044852,0.20791418162
0.0633225,0.0633225,0.20791418162
14.2252372,10.0,0.20791418162
17.6939491,10.0,0.20791418162
15.3798454,10.0,0.20791418162
17.6955087,10.0,0.20791418162
14.6916801,10.0,0.20791418162
16.4464769,10.0,0.20791418162
0.1450378,0.1450378,0.20791418162
16.9862463,10.0,0.20791418162
14.7945039,10.0,0.20791418162
1.7788668,1.7788668,0.20791418162
1.9807835,1.9807835,0.20791418162
2.9510727,2.9510727,0.20791418162
1.1517068,1.1517068,0.20791418162
-16.0988222,-10.0,0.20791418162
1.5069836,1.5069836,0.20791418162
2.951072,2.951072,0.20791418162
-14.7444418,-10.0,0.20791418162
-18.048927,-10.0,0.20791418162
-14.6811193,-10.0,0.20791418162
-0.5192046,-0.5192046,0.20791418162
2.9495073,2.9495073,0.20791418162
0.6354036,0.6354036,0.20791418162
2.9510669,2.9510669,0.20791418162
-0.0527617,-0.0527617,0.20791418162
1.7020351,1.7020351,0.20791418162
-14.599404,-10.0,0.20791418162
2.2418045,2.2418045,0.20791418162
0.0500621,0.0500621,0.20791418162
19.8277938,10.0,0.20791418162
20.0297105,10.0,0.20791418162
20.9999997,10.0,0.20791418162
19.2006338,10.0,0.20791418162
1.9501048,1.9501048,0.20791418162
19.5559106,10.0,0.20791418162
20.999999,10.0,0.20791418162
3.3044852,3.3044852,0.20791418162
18.048927,10.0,0.20791418162
3.3678077,3.3678077,0.20791418162
17.5297224,10.0,0.20791418162
20.9984343,10.0,0.20791418162
18.6843306,10.0,0.20791418162
20.9999939,10.0,0.20791418162
17.9961653,10.0,0.20791418162
19.7509621,10.0,0.20791418162
3.449523,3.449523,0.20791418162
20.2907315,10.0,0.20791418162
18.0989891,10.0,0.20791418162
16.4599861,10.0,0.20791418162
16.6619028,10.0,0.20791418162
17.632192,10.0,0.20791418162
15.8328261,10.0,0.20791418162
-1.4177029,-1.4177029,0.20791418162
16.1881029,10.0,0.20791418162
17.6321913,10.0,0.20791418162
-0.0633225,-0.0633225,0.20791418162
14.6811193,10.0,0.20791418162
-3.3678077,-3.3678077,0.20791418162
14.1619147,10.0,0.20791418162
17.6306266,10.0,0.20791418162
15.3165229,10.0,0.20791418162
17.6321862,10.0,0.20791418162
14.6283576,10.0,0.20791418162
16.3831544,10.0,0.20791418162
0.0817153,0.0817153,0.20791418162
16.9229238,10.0,0.20791418162
14.7311814,10.0,0.20791418162
2.2980714,2.2980714,0.20791418162
2.4999881,2.4999881,0.20791418162
3.4702773,3.4702773,0.20791418162
1.6709114,1.6709114,0.20791418162
-15.5796176,-10.0,0.20791418162
2.0261882,2.0261882,0.20791418162
3.4702766,3.4702766,0.20791418162
-14.2252372,-10.0,0.20791418162
0.5192046,0.5192046,0.20791418162
-17.5297224,-10.0,0.20791418162
-14.1619147,-10.0,0.20791418162
3.4687119,3.4687119,0.20791418162
1.1546082,1.1546082,0.20791418162
3.4702715,3.4702715,0.20791418162
0.4664429,0.4664429,0.20791418162
2.2212397,2.2212397,0.20791418162
-14.0801994,-10.0,0.20791418162
2.7610091,2.7610091,0.20791418162
0.5692667,0.5692667,0.20791418162
-1.1706405,-1.1706405,0.20791418162
-0.9687238,-0.9687238,0.20791418162
0.0015654,0.0015654,0.20791418162
-1.7978005,-1.7978005,0.20791418162
-19.0483295,-10.0,0.20791418162
-1.4425237,-1.4425237,0.20791418162
0.0015647,0.0015647,0.20791418162
-17.6939491,-10.0,0.20791418162
-2.9495073,-2.9495073,0.20791418162
-20.9984343,-10.0,0.20791418162
-17.6306266,-10.0,0.20791418162
-3.4687119,-3.4687119,0.20791418162
-2.3141037,-2.3141037,0.20791418162
0.0015596,0.0015596,0.20791418162
-3.002269,-3.002269,0.20791418162
-1.2474722,-1.2474722,0.20791418162
-17.5489113,-10.0,0.20791418162
-0.7077028,-0.7077028,0.20791418162
-2.8994452,-2.8994452,0.20791418162
1.1434632,1.1434632,0.20791418162
1.3453799,1.3453799,0.20791418162
2.3156691,2.3156691,0.20791418162
0.5163032,0.5163032,0.20791418162
-16.7342258,-10.0,0.20791418162
0.87158,0.87158,0.20791418162
2.3156684,2.3156684,0.20791418162
-15.3798454,-10.0,0.20791418162
-0.6354036,-0.6354036,0.20791418162
-18.6843306,-10.0,0.20791418162
-15.3165229,-10.0,0.20791418162
-1.1546082,-1.1546082,0.20791418162
2.3141037,2.3141037,0.20791418162
2.3156633,2.3156633,0.20791418162
-0.6881653,-0.6881653,0.20791418162
1.0666315,1.0666315,0.20791418162
-15.2348076,-10.0,0.20791418162
1.6064009,1.6064009,0.20791418162
-0.5853415,-0.5853415,0.20791418162
-1.1722001,-1.1722001,0.20791418162
-0.9702834,-0.9702834,0.20791418162
5.80000000028e-06,5.80000000028e-06,0.20791418162
-1.7993601,-1.7993601,0.20791418162
-19.0498891,-10.0,0.20791418162
-1.4440833,-1.4440833,0.20791418162
5.0999999992e-06,5.0999999992e-06,0.20791418162
-17.6955087,-10.0,0.20791418162
-2.9510669,-2.9510669,0.20791418162
-20.9999939,-10.0,0.20791418162
-17.6321862,-10.0,0.20791418162
-3.4702715,-3.4702715,0.20791418162
-0.0015596,-0.0015596,0.20791418162
-2.3156633,-2.3156633,0.20791418162
-3.0038286,-3.0038286,0.20791418162
-1.2490318,-1.2490318,0.20791418162
-17.5504709,-10.0,0.20791418162
-0.7092624,-0.7092624,0.20791418162
-2.9010048,-2.9010048,0.20791418162
1.8316285,1.8316285,0.20791418162
2.0335452,2.0335452,0.20791418162
3.0038344,3.0038344,0.20791418162
1.2044685,1.2044685,0.20791418162
-16.0460605,-10.0,0.20791418162
1.5597453,1.5597453,0.20791418162
3.0038337,3.0038337,0.20791418162
-14.6916801,-10.0,0.20791418162
0.0527617,0.0527617,0.20791418162
-17.9961653,-10.0,0.20791418162
-14.6283576,-10.0,0.20791418162
-0.4664429,-0.4664429,0.20791418162
3.002269,3.002269,0.20791418162
0.6881653,0.6881653,0.20791418162
3.0038286,3.0038286,0.20791418162
1.7547968,1.7547968,0.20791418162
-14.5466423,-10.0,0.20791418162
2.2945662,2.2945662,0.20791418162
0.1028238,0.1028238,0.20791418162
0.0768317,0.0768317,0.20791418162
0.2787484,0.2787484,0.20791418162
1.2490376,1.2490376,0.20791418162
-0.5503283,-0.5503283,0.20791418162
-17.8008573,-10.0,0.20791418162
-0.1950515,-0.1950515,0.20791418162
1.2490369,1.2490369,0.20791418162
-16.4464769,-10.0,0.20791418162
-1.7020351,-1.7020351,0.20791418162
-19.7509621,-10.0,0.20791418162
-16.3831544,-10.0,0.20791418162
-2.2212397,-2.2212397,0.20791418162
1.2474722,1.2474722,0.20791418162
-1.0666315,-1.0666315,0.20791418162
1.2490318,1.2490318,0.20791418162
-1.7547968,-1.7547968,0.20791418162
-16.3014391,-10.0,0.20791418162
0.5397694,0.5397694,0.20791418162
-1.651973,-1.651973,0.20791418162
16.3782708,10.0,0.20791418162
16.5801875,10.0,0.20791418162
17.5504767,10.0,0.20791418162
15.7511108,10.0,0.20791418162
-1.4994182,-1.4994182,0.20791418162
16.1063876,10.0,0.20791418162
17.550476,10.0,0.20791418162
-0.1450378,-0.1450378,0.20791418162
14.599404,10.0,0.20791418162
-3.449523,-3.449523,0.20791418162
-0.0817153,-0.0817153,0.20791418162
14.0801994,10.0,0.20791418162
17.5489113,10.0,0.20791418162
15.2348076,10.0,0.20791418162
17.5504709,10.0,0.20791418162
14.5466423,10.0,0.20791418162
16.3014391,10.0,0.20791418162
16.8412085,10.0,0.20791418162
14.6494661,10.0,0.20791418162
-0.4629377,-0.4629377,0.20791418162
-0.261021,-0.261021,0.20791418162
0.7092682,0.7092682,0.20791418162
-1.0900977,-1.0900977,0.20791418162
-18.3406267,-10.0,0.20791418162
-0.7348209,-0.7348209,0.20791418162
0.7092675,0.7092675,0.20791418162
-16.9862463,-10.0,0.20791418162
-2.2418045,-2.2418045,0.20791418162
-20.2907315,-10.0,0.20791418162
-16.9229238,-10.0,0.20791418162
-2.7610091,-2.7610091,0.20791418162
0.7077028,0.7077028,0.20791418162
-1.6064009,-1.6064009,0.20791418162
0.7092624,0.7092624,0.20791418162
-2.2945662,-2.2945662,0.20791418162
-0.5397694,-0.5397694,0.20791418162
-16.8412085,-10.0,0.20791418162
-2.1917424,-2.1917424,0.20791418162
1.7288047,1.7288047,0.20791418162
1.9307214,1.9307214,0.20791418162
2.9010106,2.9010106,0.20791418162
1.1016447,1.1016447,0.20791418162
-16.1488843,-10.0,0.20791418162
1.4569215,1.4569215,0.20791418162
2.9010099,2.9010099,0.20791418162
-14.7945039,-10.0,0.20791418162
-0.0500621,-0.0500621,0.20791418162
-18.0989891,-10.0,0.20791418162
-14.7311814,-10.0,0.20791418162
-0.5692667,-0.5692667,0.20791418162
2.8994452,2.8994452,0.20791418162
0.5853415,0.5853415,0.20791418162
2.9010048,2.9010048,0.20791418162
-0.1028238,-0.1028238,0.20791418162
1.651973,1.651973,0.20791418162
-14.6494661,-10.0,0.20791418162
2.1917424,2.1917424,0.20791418162
15.3551646,10.0,0.231873049992
1.6073283,1.6073283,0.231873049992
-2.2479658,-2.2479658,0.231873049992
18.5601036,10.0,0.231873049992
18.7520175,10.0,0.231873049992
15.7279526,10.0,0.231873049992
18.7520341,10.0,0.231873049992
-1.2534625,-1.2534625,0.231873049992
16.8435636,10.0,0.231873049992
0.5054543,0.5054543,0.231873049992
0.9412686,0.9412686,0.231873049992
-2.649656,-2.649656,0.231873049992
0.8296928,0.8296928,0.231873049992
1.3080083,1.3080083,0.231873049992
0.4929325,0.4929325,0.231873049992
17.8977314,10.0,0.231873049992
1.8356555,1.8356555,0.231873049992
18.6397173,10.0,0.231873049992
14.253319,10.0,0.231873049992
-15.3551646,-10.0,0.231873049992
-13.7478363,-10.0,0.231873049992
-17.6031304,-10.0,0.231873049992
3.204939,3.204939,0.231873049992
3.3968529,3.3968529,0.231873049992
0.372788,0.372788,0.231873049992
3.3968695,3.3968695,0.231873049992
-16.6086271,-10.0,0.231873049992
1.488399,1.488399,0.231873049992
-14.8497103,-10.0,0.231873049992
-14.413896,-10.0,0.231873049992
-18.0048206,-10.0,0.231873049992
-14.5254718,-10.0,0.231873049992
-14.0471563,-10.0,0.231873049992
-14.8622321,-10.0,0.231873049992
2.5425668,2.5425668,0.231873049992
-13.5195091,-10.0,0.231873049992
3.2845527,3.2845527,0.231873049992
-1.1018456,-1.1018456,0.231873049992
-1.6073283,-1.6073283,0.231873049992
13.7478363,10.0,0.231873049992
-3.8552941,-3.8552941,0.231873049992
16.9527753,10.0,0.231873049992
17.1446892,10.0,0.231873049992
14.1206243,10.0,0.231873049992
17.1447058,10.0,0.231873049992
-2.8607908,-2.8607908,0.231873049992
15.2362353,10.0,0.231873049992
-1.101874,-1.101874,0.231873049992
-0.6660597,-0.6660597,0.231873049992
-4.2569843,-4.2569843,0.231873049992
-0.7776355,-0.7776355,0.231873049992
-0.29932,-0.29932,0.231873049992
-1.1143958,-1.1143958,0.231873049992
16.2904031,10.0,0.231873049992
0.2283272,0.2283272,0.231873049992
17.032389,10.0,0.231873049992
12.6459907,10.0,0.231873049992
2.2479658,2.2479658,0.231873049992
17.6031304,10.0,0.231873049992
3.8552941,3.8552941,0.231873049992
20.8080694,10.0,0.231873049992
20.9999833,10.0,0.231873049992
17.9759184,10.0,0.231873049992
20.9999999,10.0,0.231873049992
0.9945033,0.9945033,0.231873049992
19.0915294,10.0,0.231873049992
2.7534201,2.7534201,0.231873049992
3.1892344,3.1892344,0.231873049992
-0.4016902,-0.4016902,0.231873049992
3.0776586,3.0776586,0.231873049992
3.5559741,3.5559741,0.231873049992
2.7408983,2.7408983,0.231873049992
20.1456972,10.0,0.231873049992
4.0836213,4.0836213,0.231873049992
20.8876831,10.0,0.231873049992
16.5012848,10.0,0.231873049992
-18.5601036,-10.0,0.231873049992
-3.204939,-3.204939,0.231873049992
-16.9527753,-10.0,0.231873049992
-20.8080694,-10.0,0.231873049992
0.1919139,0.1919139,0.231873049992
-2.832151,-2.832151,0.231873049992
0.1919305,0.1919305,0.231873049992
-19.8135661,-10.0,0.231873049992
-1.71654,-1.71654,0.231873049992
-18.0546493,-10.0,0.231873049992
-17.618835,-10.0,0.231873049992
-21.2097596,-10.0,0.231873049992
-17.7304108,-10.0,0.231873049992
-17.2520953,-10.0,0.231873049992
-18.0671711,-10.0,0.231873049992
-0.6623722,-0.6623722,0.231873049992
-16.7244481,-10.0,0.231873049992
0.0796137,0.0796137,0.231873049992
-4.3067846,-4.3067846,0.231873049992
-18.7520175,-10.0,0.231873049992
-3.3968529,-3.3968529,0.231873049992
-17.1446892,-10.0,0.231873049992
-20.9999833,-10.0,0.231873049992
-0.1919139,-0.1919139,0.231873049992
-3.0240649,-3.0240649,0.231873049992
1.65999999986e-05,1.65999999986e-05,0.231873049992
-20.00548,-10.0,0.231873049992
-1.9084539,-1.9084539,0.231873049992
-18.2465632,-10.0,0.231873049992
-17.8107489,-10.0,0.231873049992
-21.4016735,-10.0,0.231873049992
-17.9223247,-10.0,0.231873049992
-17.4440092,-10.0,0.231873049992
-18.259085,-10.0,0.231873049992
-0.8542861,-0.8542861,0.231873049992
-16.916362,-10.0,0.231873049992
-0.1123002,-0.1123002,0.231873049992
-4.4986985,-4.4986985,0.231873049992
-15.7279526,-10.0,0.231873049992
-0.372788,-0.372788,0.231873049992
-14.1206243,-10.0,0.231873049992
-17.9759184,-10.0,0.231873049992
2.832151,2.832151,0.231873049992
3.0240649,3.0240649,0.231873049992
3.0240815,3.0240815,0.231873049992
-16.9814151,-10.0,0.231873049992
1.115611,1.115611,0.231873049992
-15.2224983,-10.0,0.231873049992
-14.786684,-10.0,0.231873049992
-18.3776086,-10.0,0.231873049992
-14.8982598,-10.0,0.231873049992
-14.4199443,-10.0,0.231873049992
-15.2350201,-10.0,0.231873049992
2.1697788,2.1697788,0.231873049992
-13.8922971,-10.0,0.231873049992
2.9117647,2.9117647,0.231873049992
-1.4746336,-1.4746336,0.231873049992
-18.7520341,-10.0,0.231873049992
-3.3968695,-3.3968695,0.231873049992
-17.1447058,-10.0,0.231873049992
-20.9999999,-10.0,0.231873049992
-0.1919305,-0.1919305,0.231873049992
-1.65999999986e-05,-1.65999999986e-05,0.231873049992
-3.0240815,-3.0240815,0.231873049992
-20.0054966,-10.0,0.231873049992
-1.9084705,-1.9084705,0.231873049992
-18.2465798,-10.0,0.231873049992
-17.8107655,-10.0,0.231873049992
-21.4016901,-10.0,0.231873049992
-17.9223413,-10.0,0.231873049992
-17.4440258,-10.0,0.231873049992
-18.2591016,-10.0,0.231873049992
-0.8543027,-0.8543027,0.231873049992
-16.9163786,-10.0,0.231873049992
-0.1123168,-0.1123168,0.231873049992
-4.4987151,-4.4987151,0.231873049992
1.2534625,1.2534625,0.231873049992
16.6086271,10.0,0.231873049992
2.8607908,2.8607908,0.231873049992
-0.9945033,-0.9945033,0.231873049992
19.8135661,10.0,0.231873049992
20.00548,10.0,0.231873049992
16.9814151,10.0,0.231873049992
20.0054966,10.0,0.231873049992
18.0970261,10.0,0.231873049992
1.7589168,1.7589168,0.231873049992
2.1947311,2.1947311,0.231873049992
-1.3961935,-1.3961935,0.231873049992
2.0831553,2.0831553,0.231873049992
2.5614708,2.5614708,0.231873049992
1.746395,1.746395,0.231873049992
19.1511939,10.0,0.231873049992
3.089118,3.089118,0.231873049992
19.8931798,10.0,0.231873049992
15.5067815,10.0,0.231873049992
-16.8435636,-10.0,0.231873049992
-1.488399,-1.488399,0.231873049992
-15.2362353,-10.0,0.231873049992
-19.0915294,-10.0,0.231873049992
1.71654,1.71654,0.231873049992
1.9084539,1.9084539,0.231873049992
-1.115611,-1.115611,0.231873049992
1.9084705,1.9084705,0.231873049992
-18.0970261,-10.0,0.231873049992
-16.3381093,-10.0,0.231873049992
-15.902295,-10.0,0.231873049992
-19.4932196,-10.0,0.231873049992
-16.0138708,-10.0,0.231873049992
-15.5355553,-10.0,0.231873049992
-16.3506311,-10.0,0.231873049992
1.0541678,1.0541678,0.231873049992
-15.0079081,-10.0,0.231873049992
1.7961537,1.7961537,0.231873049992
-2.5902446,-2.5902446,0.231873049992
-0.5054543,-0.5054543,0.231873049992
14.8497103,10.0,0.231873049992
1.101874,1.101874,0.231873049992
-2.7534201,-2.7534201,0.231873049992
18.0546493,10.0,0.231873049992
18.2465632,10.0,0.231873049992
15.2224983,10.0,0.231873049992
18.2465798,10.0,0.231873049992
-1.7589168,-1.7589168,0.231873049992
16.3381093,10.0,0.231873049992
0.4358143,0.4358143,0.231873049992
-3.1551103,-3.1551103,0.231873049992
0.3242385,0.3242385,0.231873049992
0.802554,0.802554,0.231873049992
-0.0125218,-0.0125218,0.231873049992
17.3922771,10.0,0.231873049992
1.3302012,1.3302012,0.231873049992
18.134263,10.0,0.231873049992
13.7478647,10.0,0.231873049992
-0.9412686,-0.9412686,0.231873049992
14.413896,10.0,0.231873049992
0.6660597,0.6660597,0.231873049992
-3.1892344,-3.1892344,0.231873049992
17.618835,10.0,0.231873049992
17.8107489,10.0,0.231873049992
14.786684,10.0,0.231873049992
17.8107655,10.0,0.231873049992
-2.1947311,-2.1947311,0.231873049992
15.902295,10.0,0.231873049992
-0.4358143,-0.4358143,0.231873049992
-3.5909246,-3.5909246,0.231873049992
-0.1115758,-0.1115758,0.231873049992
0.3667397,0.3667397,0.231873049992
-0.4483361,-0.4483361,0.231873049992
16.9564628,10.0,0.231873049992
0.8943869,0.8943869,0.231873049992
17.6984487,10.0,0.231873049992
13.3120504,10.0,0.231873049992
2.649656,2.649656,0.231873049992
18.0048206,10.0,0.231873049992
4.2569843,4.2569843,0.231873049992
0.4016902,0.4016902,0.231873049992
21.2097596,10.0,0.231873049992
21.4016735,10.0,0.231873049992
18.3776086,10.0,0.231873049992
21.4016901,10.0,0.231873049992
1.3961935,1.3961935,0.231873049992
19.4932196,10.0,0.231873049992
3.1551103,3.1551103,0.231873049992
3.5909246,3.5909246,0.231873049992
3.4793488,3.4793488,0.231873049992
3.9576643,3.9576643,0.231873049992
3.1425885,3.1425885,0.231873049992
20.5473874,10.0,0.231873049992
4.4853115,4.4853115,0.231873049992
21.2893733,10.0,0.231873049992
16.902975,10.0,0.231873049992
-0.8296928,-0.8296928,0.231873049992
14.5254718,10.0,0.231873049992
0.7776355,0.7776355,0.231873049992
-3.0776586,-3.0776586,0.231873049992
17.7304108,10.0,0.231873049992
17.9223247,10.0,0.231873049992
14.8982598,10.0,0.231873049992
17.9223413,10.0,0.231873049992
-2.0831553,-2.0831553,0.231873049992
16.0138708,10.0,0.231873049992
-0.3242385,-0.3242385,0.231873049992
0.1115758,0.1115758,0.231873049992
-3.4793488,-3.4793488,0.231873049992
0.4783155,0.4783155,0.231873049992
-0.3367603,-0.3367603,0.231873049992
17.0680386,10.0,0.231873049992
1.0059627,1.0059627,0.231873049992
17.8100245,10.0,0.231873049992
13.4236262,10.0,0.231873049992
-1.3080083,-1.3080083,0.231873049992
14.0471563,10.0,0.231873049992
0.29932,0.29932,0.231873049992
-3.5559741,-3.5559741,0.231873049992
17.2520953,10.0,0.231873049992
17.4440092,10.0,0.231873049992
14.4199443,10.0,0.231873049992
17.4440258,10.0,0.231873049992
-2.5614708,-2.5614708,0.231873049992
15.5355553,10.0,0.231873049992
-0.802554,-0.802554,0.231873049992
-0.3667397,-0.3667397,0.231873049992
-3.9576643,-3.9576643,0.231873049992
-0.4783155,-0.4783155,0.231873049992
-0.8150758,-0.8150758,0.231873049992
16.5897231,10.0,0.231873049992
0.5276472,0.5276472,0.231873049992
17.331709,10.0,0.231873049992
12.9453107,10.0,0.231873049992
-0.4929325,-0.4929325,0.231873049992
14.8622321,10.0,0.231873049992
1.1143958,1.1143958,0.231873049992
-2.7408983,-2.7408983,0.231873049992
18.0671711,10.0,0.231873049992
18.259085,10.0,0.231873049992
15.2350201,10.0,0.231873049992
18.2591016,10.0,0.231873049992
-1.746395,-1.746395,0.231873049992
16.3506311,10.0,0.231873049992
0.0125218,0.0125218,0.231873049992
0.4483361,0.4483361,0.231873049992
-3.1425885,-3.1425885,0.231873049992
0.3367603,0.3367603,0.231873049992
0.8150758,0.8150758,0.231873049992
17.4047989,10.0,0.231873049992
1.342723,1.342723,0.231873049992
18.1467848,10.0,0.231873049992
13.7603865,10.0,0.231873049992
-17.8977314,-10.0,0.231873049992
-2.5425668,-2.5425668,0.231873049992
-16.2904031,-10.0,0.231873049992
-20.1456972,-10.0,0.231873049992
0.6623722,0.6623722,0.231873049992
0.8542861,0.8542861,0.231873049992
-2.1697788,-2.1697788,0.231873049992
0.8543027,0.8543027,0.231873049992
-19.1511939,-10.0,0.231873049992
-1.0541678,-1.0541678,0.231873049992
-17.3922771,-10.0,0.231873049992
-16.9564628,-10.0,0.231873049992
-20.5473874,-10.0,0.231873049992
-17.0680386,-10.0,0.231873049992
-16.5897231,-10.0,0.231873049992
-17.4047989,-10.0,0.231873049992
-16.0620759,-10.0,0.231873049992
0.7419859,0.7419859,0.231873049992
-3.6444124,-3.6444124,0.231873049992
-1.8356555,-1.8356555,0.231873049992
13.5195091,10.0,0.231873049992
-0.2283272,-0.2283272,0.231873049992
-4.0836213,-4.0836213,0.231873049992
16.7244481,10.0,0.231873049992
16.916362,10.0,0.231873049992
13.8922971,10.0,0.231873049992
16.9163786,10.0,0.231873049992
-3.089118,-3.089118,0.231873049992
15.0079081,10.0,0.231873049992
-1.3302012,-1.3302012,0.231873049992
-0.8943869,-0.8943869,0.231873049992
-4.4853115,-4.4853115,0.231873049992
-1.0059627,-1.0059627,0.231873049992
-0.5276472,-0.5276472,0.231873049992
-1.342723,-1.342723,0.231873049992
16.0620759,10.0,0.231873049992
16.8040618,10.0,0.231873049992
12.4176635,10.0,0.231873049992
-18.6397173,-10.0,0.231873049992
-3.2845527,-3.2845527,0.231873049992
-17.032389,-10.0,0.231873049992
-20.8876831,-10.0,0.231873049992
-0.0796137,-0.0796137,0.231873049992
0.1123002,0.1123002,0.231873049992
-2.9117647,-2.9117647,0.231873049992
0.1123168,0.1123168,0.231873049992
-19.8931798,-10.0,0.231873049992
-1.7961537,-1.7961537,0.231873049992
-18.134263,-10.0,0.231873049992
-17.6984487,-10.0,0.231873049992
-21.2893733,-10.0,0.231873049992
-17.8100245,-10.0,0.231873049992
-17.331709,-10.0,0.231873049992
-18.1467848,-10.0,0.231873049992
-0.7419859,-0.7419859,0.231873049992
-16.8040618,-10.0,0.231873049992
-4.3863983,-4.3863983,0.231873049992
-14.253319,-10.0,0.231873049992
1.1018456,1.1018456,0.231873049992
-12.6459907,-10.0,0.231873049992
-16.5012848,-10.0,0.231873049992
4.3067846,4.3067846,0.231873049992
4.4986985,4.4986985,0.231873049992
1.4746336,1.4746336,0.231873049992
4.4987151,4.4987151,0.231873049992
-15.5067815,-10.0,0.231873049992
2.5902446,2.5902446,0.231873049992
-13.7478647,-10.0,0.231873049992
-13.3120504,-10.0,0.231873049992
-16.902975,-10.0,0.231873049992
-13.4236262,-10.0,0.231873049992
-12.9453107,-10.0,0.231873049992
-13.7603865,-10.0,0.231873049992
3.6444124,3.6444124,0.231873049992
-12.4176635,-10.0,0.231873049992
4.3863983,4.3863983,0.231873049992
-0.2417917,-0.2417917,0.103622095459
-2.73633,-2.73633,0.103622095459
0.2449065,0.2449065,0.103622095459
-2.3036498,-2.3036498,0.103622095459
-2.7643409,-2.7643409,0.103622095459
-5.7437353,-5.7437353,0.103622095459
-17.7215083,-10.0,0.103622095459
-1.3311832,-1.3311832,0.103622095459
-21.851708,-10.0,0.103622095459
-19.8274802,-10.0,0.103622095459
0.2314913,0.2314913,0.103622095459
-4.0376738,-4.0376738,0.103622095459
-1.1586586,-1.1586586,0.103622095459
-1.2520988,-1.2520988,0.103622095459
-0.3641902,-0.3641902,0.103622095459
-20.7550921,-10.0,0.103622095459
-18.5469167,-10.0,0.103622095459
-7.489105,-7.489105,0.103622095459
-7.4342398,-7.4342398,0.103622095459
0.2417917,0.2417917,0.103622095459
-2.4945383,-2.4945383,0.103622095459
0.4866982,0.4866982,0.103622095459
-2.0618581,-2.0618581,0.103622095459
-2.5225492,-2.5225492,0.103622095459
-5.5019436,-5.5019436,0.103622095459
-17.4797166,-10.0,0.103622095459
-1.0893915,-1.0893915,0.103622095459
-21.6099163,-10.0,0.103622095459
-19.5856885,-10.0,0.103622095459
0.473283,0.473283,0.103622095459
-3.7958821,-3.7958821,0.103622095459
-0.9168669,-0.9168669,0.103622095459
-1.0103071,-1.0103071,0.103622095459
-0.1223985,-0.1223985,0.103622095459
-20.5133004,-10.0,0.103622095459
-18.305125,-10.0,0.103622095459
-7.2473133,-7.2473133,0.103622095459
-7.1924481,-7.1924481,0.103622095459
2.73633,2.73633,0.103622095459
2.4945383,2.4945383,0.103622095459
2.9812365,2.9812365,0.103622095459
0.4326802,0.4326802,0.103622095459
-0.0280109,-0.0280109,0.103622095459
-3.0074053,-3.0074053,0.103622095459
-14.9851783,-10.0,0.103622095459
1.4051468,1.4051468,0.103622095459
-19.115378,-10.0,0.103622095459
-17.0911502,-10.0,0.103622095459
2.9678213,2.9678213,0.103622095459
-1.3013438,-1.3013438,0.103622095459
1.5776714,1.5776714,0.103622095459
1.4842312,1.4842312,0.103622095459
2.3721398,2.3721398,0.103622095459
-18.0187621,-10.0,0.103622095459
-15.8105867,-10.0,0.103622095459
-4.752775,-4.752775,0.103622095459
-4.6979098,-4.6979098,0.103622095459
-0.2449065,-0.2449065,0.103622095459
-0.4866982,-0.4866982,0.103622095459
-2.9812365,-2.9812365,0.103622095459
-2.5485563,-2.5485563,0.103622095459
-3.0092474,-3.0092474,0.103622095459
-5.9886418,-5.9886418,0.103622095459
-17.9664148,-10.0,0.103622095459
-1.5760897,-1.5760897,0.103622095459
-22.0966145,-10.0,0.103622095459
-20.0723867,-10.0,0.103622095459
-0.0134152,-0.0134152,0.103622095459
-4.2825803,-4.2825803,0.103622095459
-1.4035651,-1.4035651,0.103622095459
-1.4970053,-1.4970053,0.103622095459
-0.6090967,-0.6090967,0.103622095459
-20.9999986,-10.0,0.103622095459
-18.7918232,-10.0,0.103622095459
-7.7340115,-7.7340115,0.103622095459
-7.6791463,-7.6791463,0.103622095459
2.3036498,2.3036498,0.103622095459
2.0618581,2.0618581,0.103622095459
-0.4326802,-0.4326802,0.103622095459
2.5485563,2.5485563,0.103622095459
-0.4606911,-0.4606911,0.103622095459
-3.4400855,-3.4400855,0.103622095459
-15.4178585,-10.0,0.103622095459
0.9724666,0.9724666,0.103622095459
-19.5480582,-10.0,0.103622095459
-17.5238304,-10.0,0.103622095459
2.5351411,2.5351411,0.103622095459
-1.734024,-1.734024,0.103622095459
1.1449912,1.1449912,0.103622095459
1.051551,1.051551,0.103622095459
1.9394596,1.9394596,0.103622095459
-18.4514423,-10.0,0.103622095459
-16.2432669,-10.0,0.103622095459
-5.1854552,-5.1854552,0.103622095459
-5.13059,-5.13059,0.103622095459
2.7643409,2.7643409,0.103622095459
2.5225492,2.5225492,0.103622095459
0.0280109,0.0280109,0.103622095459
3.0092474,3.0092474,0.103622095459
0.4606911,0.4606911,0.103622095459
-2.9793944,-2.9793944,0.103622095459
-14.9571674,-10.0,0.103622095459
1.4331577,1.4331577,0.103622095459
-19.0873671,-10.0,0.103622095459
-17.0631393,-10.0,0.103622095459
2.9958322,2.9958322,0.103622095459
-1.2733329,-1.2733329,0.103622095459
1.6056823,1.6056823,0.103622095459
1.5122421,1.5122421,0.103622095459
2.4001507,2.4001507,0.103622095459
-17.9907512,-10.0,0.103622095459
-15.7825758,-10.0,0.103622095459
-4.7247641,-4.7247641,0.103622095459
-4.6698989,-4.6698989,0.103622095459
5.7437353,5.7437353,0.103622095459
5.5019436,5.5019436,0.103622095459
3.0074053,3.0074053,0.103622095459
5.9886418,5.9886418,0.103622095459
3.4400855,3.4400855,0.103622095459
2.9793944,2.9793944,0.103622095459
-11.977773,-10.0,0.103622095459
4.4125521,4.4125521,0.103622095459
-16.1079727,-10.0,0.103622095459
-14.0837449,-10.0,0.103622095459
5.9752266,5.9752266,0.103622095459
1.7060615,1.7060615,0.103622095459
4.5850767,4.5850767,0.103622095459
4.4916365,4.4916365,0.103622095459
5.3795451,5.3795451,0.103622095459
-15.0113568,-10.0,0.103622095459
-12.8031814,-10.0,0.103622095459
-1.7453697,-1.7453697,0.103622095459
-1.6905045,-1.6905045,0.103622095459
17.7215083,10.0,0.103622095459
17.4797166,10.0,0.103622095459
14.9851783,10.0,0.103622095459
17.9664148,10.0,0.103622095459
15.4178585,10.0,0.103622095459
14.9571674,10.0,0.103622095459
11.977773,10.0,0.103622095459
16.3903251,10.0,0.103622095459
-4.1301997,-4.1301997,0.103622095459
-2.1059719,-2.1059719,0.103622095459
17.9529996,10.0,0.103622095459
13.6838345,10.0,0.103622095459
16.5628497,10.0,0.103622095459
16.4694095,10.0,0.103622095459
17.3573181,10.0,0.103622095459
-3.0335838,-3.0335838,0.103622095459
-0.8254084,-0.8254084,0.103622095459
10.2324033,10.0,0.103622095459
10.2872685,10.0,0.103622095459
1.3311832,1.3311832,0.103622095459
1.0893915,1.0893915,0.103622095459
-1.4051468,-1.4051468,0.103622095459
1.5760897,1.5760897,0.103622095459
-0.9724666,-0.9724666,0.103622095459
-1.4331577,-1.4331577,0.103622095459
-4.4125521,-4.4125521,0.103622095459
-16.3903251,-10.0,0.103622095459
-20.5205248,-10.0,0.103622095459
-18.496297,-10.0,0.103622095459
1.5626745,1.5626745,0.103622095459
-2.7064906,-2.7064906,0.103622095459
0.1725246,0.1725246,0.103622095459
0.0790844,0.0790844,0.103622095459
0.966993,0.966993,0.103622095459
-19.4239089,-10.0,0.103622095459
-17.2157335,-10.0,0.103622095459
-6.1579218,-6.1579218,0.103622095459
-6.1030566,-6.1030566,0.103622095459
21.851708,10.0,0.103622095459
21.6099163,10.0,0.103622095459
19.115378,10.0,0.103622095459
22.0966145,10.0,0.103622095459
19.5480582,10.0,0.103622095459
19.0873671,10.0,0.103622095459
16.1079727,10.0,0.103622095459
4.1301997,4.1301997,0.103622095459
20.5205248,10.0,0.103622095459
2.0242278,2.0242278,0.103622095459
22.0831993,10.0,0.103622095459
17.8140342,10.0,0.103622095459
20.6930494,10.0,0.103622095459
20.5996092,10.0,0.103622095459
21.4875178,10.0,0.103622095459
1.0966159,1.0966159,0.103622095459
3.3047913,3.3047913,0.103622095459
14.362603,10.0,0.103622095459
14.4174682,10.0,0.103622095459
19.8274802,10.0,0.103622095459
19.5856885,10.0,0.103622095459
17.0911502,10.0,0.103622095459
20.0723867,10.0,0.103622095459
17.5238304,10.0,0.103622095459
17.0631393,10.0,0.103622095459
14.0837449,10.0,0.103622095459
2.1059719,2.1059719,0.103622095459
18.496297,10.0,0.103622095459
-2.0242278,-2.0242278,0.103622095459
20.0589715,10.0,0.103622095459
15.7898064,10.0,0.103622095459
18.6688216,10.0,0.103622095459
18.5753814,10.0,0.103622095459
19.46329,10.0,0.103622095459
-0.9276119,-0.9276119,0.103622095459
1.2805635,1.2805635,0.103622095459
12.3383752,10.0,0.103622095459
12.3932404,10.0,0.103622095459
-0.2314913,-0.2314913,0.103622095459
-0.473283,-0.473283,0.103622095459
-2.9678213,-2.9678213,0.103622095459
0.0134152,0.0134152,0.103622095459
-2.5351411,-2.5351411,0.103622095459
-2.9958322,-2.9958322,0.103622095459
-5.9752266,-5.9752266,0.103622095459
-17.9529996,-10.0,0.103622095459
-1.5626745,-1.5626745,0.103622095459
-22.0831993,-10.0,0.103622095459
-20.0589715,-10.0,0.103622095459
-4.2691651,-4.2691651,0.103622095459
-1.3901499,-1.3901499,0.103622095459
-1.4835901,-1.4835901,0.103622095459
-0.5956815,-0.5956815,0.103622095459
-20.9865834,-10.0,0.103622095459
-18.778408,-10.0,0.103622095459
-7.7205963,-7.7205963,0.103622095459
-7.6657311,-7.6657311,0.103622095459
4.0376738,4.0376738,0.103622095459
3.7958821,3.7958821,0.103622095459
1.3013438,1.3013438,0.103622095459
4.2825803,4.2825803,0.103622095459
1.734024,1.734024,0.103622095459
1.2733329,1.2733329,0.103622095459
-1.7060615,-1.7060615,0.103622095459
-13.6838345,-10.0,0.103622095459
2.7064906,2.7064906,0.103622095459
-17.8140342,-10.0,0.103622095459
-15.7898064,-10.0,0.103622095459
4.2691651,4.2691651,0.103622095459
2.8790152,2.8790152,0.103622095459
2.785575,2.785575,0.103622095459
3.6734836,3.6734836,0.103622095459
-16.7174183,-10.0,0.103622095459
-14.5092429,-10.0,0.103622095459
-3.4514312,-3.4514312,0.103622095459
-3.396566,-3.396566,0.103622095459
1.1586586,1.1586586,0.103622095459
0.9168669,0.9168669,0.103622095459
-1.5776714,-1.5776714,0.103622095459
1.4035651,1.4035651,0.103622095459
-1.1449912,-1.1449912,0.103622095459
-1.6056823,-1.6056823,0.103622095459
-4.5850767,-4.5850767,0.103622095459
-16.5628497,-10.0,0.103622095459
-0.1725246,-0.1725246,0.103622095459
-20.6930494,-10.0,0.103622095459
-18.6688216,-10.0,0.103622095459
1.3901499,1.3901499,0.103622095459
-2.8790152,-2.8790152,0.103622095459
-0.0934402,-0.0934402,0.103622095459
0.7944684,0.7944684,0.103622095459
-19.5964335,-10.0,0.103622095459
-17.3882581,-10.0,0.103622095459
-6.3304464,-6.3304464,0.103622095459
-6.2755812,-6.2755812,0.103622095459
1.2520988,1.2520988,0.103622095459
1.0103071,1.0103071,0.103622095459
-1.4842312,-1.4842312,0.103622095459
1.4970053,1.4970053,0.103622095459
-1.051551,-1.051551,0.103622095459
-1.5122421,-1.5122421,0.103622095459
-4.4916365,-4.4916365,0.103622095459
-16.4694095,-10.0,0.103622095459
-0.0790844,-0.0790844,0.103622095459
-20.5996092,-10.0,0.103622095459
-18.5753814,-10.0,0.103622095459
1.4835901,1.4835901,0.103622095459
-2.785575,-2.785575,0.103622095459
0.0934402,0.0934402,0.103622095459
0.8879086,0.8879086,0.103622095459
-19.5029933,-10.0,0.103622095459
-17.2948179,-10.0,0.103622095459
-6.2370062,-6.2370062,0.103622095459
-6.182141,-6.182141,0.103622095459
0.3641902,0.3641902,0.103622095459
0.1223985,0.1223985,0.103622095459
-2.3721398,-2.3721398,0.103622095459
0.6090967,0.6090967,0.103622095459
-1.9394596,-1.9394596,0.103622095459
-2.4001507,-2.4001507,0.103622095459
-5.3795451,-5.3795451,0.103622095459
-17.3573181,-10.0,0.103622095459
-0.966993,-0.966993,0.103622095459
-21.4875178,-10.0,0.103622095459
-19.46329,-10.0,0.103622095459
0.5956815,0.5956815,0.103622095459
-3.6734836,-3.6734836,0.103622095459
-0.7944684,-0.7944684,0.103622095459
-0.8879086,-0.8879086,0.103622095459
-20.3909019,-10.0,0.103622095459
-18.1827265,-10.0,0.103622095459
-7.1249148,-7.1249148,0.103622095459
-7.0700496,-7.0700496,0.103622095459
20.7550921,10.0,0.103622095459
20.5133004,10.0,0.103622095459
18.0187621,10.0,0.103622095459
20.9999986,10.0,0.103622095459
18.4514423,10.0,0.103622095459
17.9907512,10.0,0.103622095459
15.0113568,10.0,0.103622095459
3.0335838,3.0335838,0.103622095459
19.4239089,10.0,0.103622095459
-1.0966159,-1.0966159,0.103622095459
0.9276119,0.9276119,0.103622095459
20.9865834,10.0,0.103622095459
16.7174183,10.0,0.103622095459
19.5964335,10.0,0.103622095459
19.5029933,10.0,0.103622095459
20.3909019,10.0,0.103622095459
2.2081754,2.2081754,0.103622095459
13.2659871,10.0,0.103622095459
13.3208523,10.0,0.103622095459
18.5469167,10.0,0.103622095459
18.305125,10.0,0.103622095459
15.8105867,10.0,0.103622095459
18.7918232,10.0,0.103622095459
16.2432669,10.0,0.103622095459
15.7825758,10.0,0.103622095459
12.8031814,10.0,0.103622095459
0.8254084,0.8254084,0.103622095459
17.2157335,10.0,0.103622095459
-3.3047913,-3.3047913,0.103622095459
-1.2805635,-1.2805635,0.103622095459
18.778408,10.0,0.103622095459
14.5092429,10.0,0.103622095459
17.3882581,10.0,0.103622095459
17.2948179,10.0,0.103622095459
18.1827265,10.0,0.103622095459
-2.2081754,-2.2081754,0.103622095459
11.0578117,10.0,0.103622095459
11.1126769,10.0,0.103622095459
7.489105,7.489105,0.103622095459
7.2473133,7.2473133,0.103622095459
4.752775,4.752775,0.103622095459
7.7340115,7.7340115,0.103622095459
5.1854552,5.1854552,0.103622095459
4.7247641,4.7247641,0.103622095459
1.7453697,1.7453697,0.103622095459
-10.2324033,-10.0,0.103622095459
6.1579218,6.1579218,0.103622095459
-14.362603,-10.0,0.103622095459
-12.3383752,-10.0,0.103622095459
7.7205963,7.7205963,0.103622095459
3.4514312,3.4514312,0.103622095459
6.3304464,6.3304464,0.103622095459
6.2370062,6.2370062,0.103622095459
7.1249148,7.1249148,0.103622095459
-13.2659871,-10.0,0.103622095459
-11.0578117,-10.0,0.103622095459
0.0548652,0.0548652,0.103622095459
7.4342398,7.4342398,0.103622095459
7.1924481,7.1924481,0.103622095459
4.6979098,4.6979098,0.103622095459
7.6791463,7.6791463,0.103622095459
5.13059,5.13059,0.103622095459
4.6698989,4.6698989,0.103622095459
1.6905045,1.6905045,0.103622095459
-10.2872685,-10.0,0.103622095459
6.1030566,6.1030566,0.103622095459
-14.4174682,-10.0,0.103622095459
-12.3932404,-10.0,0.103622095459
7.6657311,7.6657311,0.103622095459
3.396566,3.396566,0.103622095459
6.2755812,6.2755812,0.103622095459
6.182141,6.182141,0.103622095459
7.0700496,7.0700496,0.103622095459
-13.3208523,-10.0,0.103622095459
-11.1126769,-10.0,0.103622095459
-0.0548652,-0.0548652,0.103622095459
14.0785531,10.0,0.492339282767
0.3531819,0.3531819,0.492339282767
-2.407775,-2.407775,0.492339282767
17.6220785,10.0,0.492339282767
3.038387,3.038387,0.492339282767
1.5842312,1.5842312,0.492339282767
17.6205451,10.0,0.492339282767
-0.9333111,-0.9333111,0.492339282767
18.5922242,10.0,0.492339282767
1.1411947,1.1411947,0.492339282767
0.639007,0.639007,0.492339282767
18.4841686,10.0,0.492339282767
-0.9377014,-0.9377014,0.492339282767
1.3509208,1.3509208,0.492339282767
-0.1687455,-0.1687455,0.492339282767
-1.2311749,-1.2311749,0.492339282767
0.5489743,0.5489743,0.492339282767
11.1955557,10.0,0.492339282767
0.4549746,0.4549746,0.492339282767
-14.0785531,-10.0,0.492339282767
-13.7253712,-10.0,0.492339282767
-16.4863281,-10.0,0.492339282767
3.5435254,3.5435254,0.492339282767
-11.0401661,-10.0,0.492339282767
-12.4943219,-10.0,0.492339282767
3.541992,3.541992,0.492339282767
-15.0118642,-10.0,0.492339282767
4.5136711,4.5136711,0.492339282767
-12.9373584,-10.0,0.492339282767
-13.4395461,-10.0,0.492339282767
4.4056155,4.4056155,0.492339282767
-15.0162545,-10.0,0.492339282767
-12.7276323,-10.0,0.492339282767
-14.2472986,-10.0,0.492339282767
-15.309728,-10.0,0.492339282767
-13.5295788,-10.0,0.492339282767
-2.8829974,-2.8829974,0.492339282767
-13.6235785,-10.0,0.492339282767
-0.3531819,-0.3531819,0.492339282767
13.7253712,10.0,0.492339282767
-2.7609569,-2.7609569,0.492339282767
17.2688966,10.0,0.492339282767
2.6852051,2.6852051,0.492339282767
1.2310493,1.2310493,0.492339282767
17.2673632,10.0,0.492339282767
-1.286493,-1.286493,0.492339282767
18.2390423,10.0,0.492339282767
0.7880128,0.7880128,0.492339282767
0.2858251,0.2858251,0.492339282767
18.1309867,10.0,0.492339282767
-1.2908833,-1.2908833,0.492339282767
0.9977389,0.9977389,0.492339282767
-0.5219274,-0.5219274,0.492339282767
-1.5843568,-1.5843568,0.492339282767
0.1957924,0.1957924,0.492339282767
10.8423738,10.0,0.492339282767
0.1017927,0.1017927,0.492339282767
2.407775,2.407775,0.492339282767
16.4863281,10.0,0.492339282767
2.7609569,2.7609569,0.492339282767
20.0298535,10.0,0.492339282767
5.446162,5.446162,0.492339282767
3.9920062,3.9920062,0.492339282767
20.0283201,10.0,0.492339282767
1.4744639,1.4744639,0.492339282767
20.9999992,10.0,0.492339282767
3.5489697,3.5489697,0.492339282767
3.046782,3.046782,0.492339282767
20.8919436,10.0,0.492339282767
1.4700736,1.4700736,0.492339282767
3.7586958,3.7586958,0.492339282767
2.2390295,2.2390295,0.492339282767
1.1766001,1.1766001,0.492339282767
2.9567493,2.9567493,0.492339282767
13.6033307,10.0,0.492339282767
2.8627496,2.8627496,0.492339282767
-17.6220785,-10.0,0.492339282767
-3.5435254,-3.5435254,0.492339282767
-17.2688966,-10.0,0.492339282767
-20.0298535,-10.0,0.492339282767
-14.5836915,-10.0,0.492339282767
-16.0378473,-10.0,0.492339282767
-0.0015334,-0.0015334,0.492339282767
-18.5553896,-10.0,0.492339282767
0.9701457,0.9701457,0.492339282767
-16.4808838,-10.0,0.492339282767
-16.9830715,-10.0,0.492339282767
0.8620901,0.8620901,0.492339282767
-18.5597799,-10.0,0.492339282767
-16.2711577,-10.0,0.492339282767
-17.790824,-10.0,0.492339282767
-18.8532534,-10.0,0.492339282767
-17.0731042,-10.0,0.492339282767
-6.4265228,-6.4265228,0.492339282767
-17.1671039,-10.0,0.492339282767
-3.038387,-3.038387,0.492339282767
11.0401661,10.0,0.492339282767
-2.6852051,-2.6852051,0.492339282767
-5.446162,-5.446162,0.492339282767
14.5836915,10.0,0.492339282767
-1.4541558,-1.4541558,0.492339282767
14.5821581,10.0,0.492339282767
-3.9716981,-3.9716981,0.492339282767
15.5538372,10.0,0.492339282767
-1.8971923,-1.8971923,0.492339282767
-2.39938,-2.39938,0.492339282767
15.4457816,10.0,0.492339282767
-3.9760884,-3.9760884,0.492339282767
-1.6874662,-1.6874662,0.492339282767
-3.2071325,-3.2071325,0.492339282767
-4.2695619,-4.2695619,0.492339282767
-2.4894127,-2.4894127,0.492339282767
8.1571687,8.1571687,0.492339282767
-2.5834124,-2.5834124,0.492339282767
-1.5842312,-1.5842312,0.492339282767
12.4943219,10.0,0.492339282767
-1.2310493,-1.2310493,0.492339282767
-3.9920062,-3.9920062,0.492339282767
16.0378473,10.0,0.492339282767
1.4541558,1.4541558,0.492339282767
16.0363139,10.0,0.492339282767
-2.5175423,-2.5175423,0.492339282767
17.007993,10.0,0.492339282767
-0.4430365,-0.4430365,0.492339282767
-0.9452242,-0.9452242,0.492339282767
16.8999374,10.0,0.492339282767
-2.5219326,-2.5219326,0.492339282767
-0.2333104,-0.2333104,0.492339282767
-1.7529767,-1.7529767,0.492339282767
-2.8154061,-2.8154061,0.492339282767
-1.0352569,-1.0352569,0.492339282767
9.6113245,9.6113245,0.492339282767
-1.1292566,-1.1292566,0.492339282767
-17.6205451,-10.0,0.492339282767
-3.541992,-3.541992,0.492339282767
-17.2673632,-10.0,0.492339282767
-20.0283201,-10.0,0.492339282767
0.0015334,0.0015334,0.492339282767
-14.5821581,-10.0,0.492339282767
-16.0363139,-10.0,0.492339282767
-18.5538562,-10.0,0.492339282767
0.9716791,0.9716791,0.492339282767
-16.4793504,-10.0,0.492339282767
-16.9815381,-10.0,0.492339282767
0.8636235,0.8636235,0.492339282767
-18.5582465,-10.0,0.492339282767
-16.2696243,-10.0,0.492339282767
-17.7892906,-10.0,0.492339282767
-18.85172,-10.0,0.492339282767
-17.0715708,-10.0,0.492339282767
-6.4249894,-6.4249894,0.492339282767
-17.1655705,-10.0,0.492339282767
0.9333111,0.9333111,0.492339282767
15.0118642,10.0,0.492339282767
1.286493,1.286493,0.492339282767
-1.4744639,-1.4744639,0.492339282767
18.5553896,10.0,0.492339282767
3.9716981,3.9716981,0.492339282767
2.5175423,2.5175423,0.492339282767
18.5538562,10.0,0.492339282767
19.5255353,10.0,0.492339282767
2.0745058,2.0745058,0.492339282767
1.5723181,1.5723181,0.492339282767
19.4174797,10.0,0.492339282767
-0.0043903,-0.0043903,0.492339282767
2.2842319,2.2842319,0.492339282767
0.7645656,0.7645656,0.492339282767
-0.2978638,-0.2978638,0.492339282767
1.4822854,1.4822854,0.492339282767
12.1288668,10.0,0.492339282767
1.3882857,1.3882857,0.492339282767
-18.5922242,-10.0,0.492339282767
-4.5136711,-4.5136711,0.492339282767
-18.2390423,-10.0,0.492339282767
-20.9999992,-10.0,0.492339282767
-0.9701457,-0.9701457,0.492339282767
-15.5538372,-10.0,0.492339282767
-17.007993,-10.0,0.492339282767
-0.9716791,-0.9716791,0.492339282767
-19.5255353,-10.0,0.492339282767
-17.4510295,-10.0,0.492339282767
-17.9532172,-10.0,0.492339282767
-0.1080556,-0.1080556,0.492339282767
-19.5299256,-10.0,0.492339282767
-17.2413034,-10.0,0.492339282767
-18.7609697,-10.0,0.492339282767
-19.8233991,-10.0,0.492339282767
-18.0432499,-10.0,0.492339282767
-7.3966685,-7.3966685,0.492339282767
-18.1372496,-10.0,0.492339282767
-1.1411947,-1.1411947,0.492339282767
12.9373584,10.0,0.492339282767
-0.7880128,-0.7880128,0.492339282767
-3.5489697,-3.5489697,0.492339282767
16.4808838,10.0,0.492339282767
1.8971923,1.8971923,0.492339282767
0.4430365,0.4430365,0.492339282767
16.4793504,10.0,0.492339282767
-2.0745058,-2.0745058,0.492339282767
17.4510295,10.0,0.492339282767
-0.5021877,-0.5021877,0.492339282767
17.3429739,10.0,0.492339282767
-2.0788961,-2.0788961,0.492339282767
0.2097261,0.2097261,0.492339282767
-1.3099402,-1.3099402,0.492339282767
-2.3723696,-2.3723696,0.492339282767
-0.5922204,-0.5922204,0.492339282767
10.054361,10.0,0.492339282767
-0.6862201,-0.6862201,0.492339282767
-0.639007,-0.639007,0.492339282767
13.4395461,10.0,0.492339282767
-0.2858251,-0.2858251,0.492339282767
-3.046782,-3.046782,0.492339282767
16.9830715,10.0,0.492339282767
2.39938,2.39938,0.492339282767
0.9452242,0.9452242,0.492339282767
16.9815381,10.0,0.492339282767
-1.5723181,-1.5723181,0.492339282767
17.9532172,10.0,0.492339282767
0.5021877,0.5021877,0.492339282767
17.8451616,10.0,0.492339282767
-1.5767084,-1.5767084,0.492339282767
0.7119138,0.7119138,0.492339282767
-0.8077525,-0.8077525,0.492339282767
-1.8701819,-1.8701819,0.492339282767
-0.0900327,-0.0900327,0.492339282767
10.5565487,10.0,0.492339282767
-0.1840324,-0.1840324,0.492339282767
-18.4841686,-10.0,0.492339282767
-4.4056155,-4.4056155,0.492339282767
-18.1309867,-10.0,0.492339282767
-20.8919436,-10.0,0.492339282767
-0.8620901,-0.8620901,0.492339282767
-15.4457816,-10.0,0.492339282767
-16.8999374,-10.0,0.492339282767
-0.8636235,-0.8636235,0.492339282767
-19.4174797,-10.0,0.492339282767
0.1080556,0.1080556,0.492339282767
-17.3429739,-10.0,0.492339282767
-17.8451616,-10.0,0.492339282767
-19.42187,-10.0,0.492339282767
-17.1332478,-10.0,0.492339282767
-18.6529141,-10.0,0.492339282767
-19.7153435,-10.0,0.492339282767
-17.9351943,-10.0,0.492339282767
-7.2886129,-7.2886129,0.492339282767
-18.029194,-10.0,0.492339282767
0.9377014,0.9377014,0.492339282767
15.0162545,10.0,0.492339282767
1.2908833,1.2908833,0.492339282767
-1.4700736,-1.4700736,0.492339282767
18.5597799,10.0,0.492339282767
3.9760884,3.9760884,0.492339282767
2.5219326,2.5219326,0.492339282767
18.5582465,10.0,0.492339282767
0.0043903,0.0043903,0.492339282767
19.5299256,10.0,0.492339282767
2.0788961,2.0788961,0.492339282767
1.5767084,1.5767084,0.492339282767
19.42187,10.0,0.492339282767
2.2886222,2.2886222,0.492339282767
0.7689559,0.7689559,0.492339282767
-0.2934735,-0.2934735,0.492339282767
1.4866757,1.4866757,0.492339282767
12.1332571,10.0,0.492339282767
1.392676,1.392676,0.492339282767
-1.3509208,-1.3509208,0.492339282767
12.7276323,10.0,0.492339282767
-0.9977389,-0.9977389,0.492339282767
-3.7586958,-3.7586958,0.492339282767
16.2711577,10.0,0.492339282767
1.6874662,1.6874662,0.492339282767
0.2333104,0.2333104,0.492339282767
16.2696243,10.0,0.492339282767
-2.2842319,-2.2842319,0.492339282767
17.2413034,10.0,0.492339282767
-0.2097261,-0.2097261,0.492339282767
-0.7119138,-0.7119138,0.492339282767
17.1332478,10.0,0.492339282767
-2.2886222,-2.2886222,0.492339282767
-1.5196663,-1.5196663,0.492339282767
-2.5820957,-2.5820957,0.492339282767
-0.8019465,-0.8019465,0.492339282767
9.8446349,9.8446349,0.492339282767
-0.8959462,-0.8959462,0.492339282767
0.1687455,0.1687455,0.492339282767
14.2472986,10.0,0.492339282767
0.5219274,0.5219274,0.492339282767
-2.2390295,-2.2390295,0.492339282767
17.790824,10.0,0.492339282767
3.2071325,3.2071325,0.492339282767
1.7529767,1.7529767,0.492339282767
17.7892906,10.0,0.492339282767
-0.7645656,-0.7645656,0.492339282767
18.7609697,10.0,0.492339282767
1.3099402,1.3099402,0.492339282767
0.8077525,0.8077525,0.492339282767
18.6529141,10.0,0.492339282767
-0.7689559,-0.7689559,0.492339282767
1.5196663,1.5196663,0.492339282767
-1.0624294,-1.0624294,0.492339282767
0.7177198,0.7177198,0.492339282767
11.3643012,10.0,0.492339282767
0.6237201,0.6237201,0.492339282767
1.2311749,1.2311749,0.492339282767
15.309728,10.0,0.492339282767
1.5843568,1.5843568,0.492339282767
-1.1766001,-1.1766001,0.492339282767
18.8532534,10.0,0.492339282767
4.2695619,4.2695619,0.492339282767
2.8154061,2.8154061,0.492339282767
18.85172,10.0,0.492339282767
0.2978638,0.2978638,0.492339282767
19.8233991,10.0,0.492339282767
2.3723696,2.3723696,0.492339282767
1.8701819,1.8701819,0.492339282767
19.7153435,10.0,0.492339282767
0.2934735,0.2934735,0.492339282767
2.5820957,2.5820957,0.492339282767
1.0624294,1.0624294,0.492339282767
1.7801492,1.7801492,0.492339282767
12.4267306,10.0,0.492339282767
1.6861495,1.6861495,0.492339282767
-0.5489743,-0.5489743,0.492339282767
13.5295788,10.0,0.492339282767
-0.1957924,-0.1957924,0.492339282767
-2.9567493,-2.9567493,0.492339282767
17.0731042,10.0,0.492339282767
2.4894127,2.4894127,0.492339282767
1.0352569,1.0352569,0.492339282767
17.0715708,10.0,0.492339282767
-1.4822854,-1.4822854,0.492339282767
18.0432499,10.0,0.492339282767
0.5922204,0.5922204,0.492339282767
0.0900327,0.0900327,0.492339282767
17.9351943,10.0,0.492339282767
-1.4866757,-1.4866757,0.492339282767
0.8019465,0.8019465,0.492339282767
-0.7177198,-0.7177198,0.492339282767
-1.7801492,-1.7801492,0.492339282767
10.6465814,10.0,0.492339282767
-0.0939997,-0.0939997,0.492339282767
-11.1955557,-10.0,0.492339282767
2.8829974,2.8829974,0.492339282767
-10.8423738,-10.0,0.492339282767
-13.6033307,-10.0,0.492339282767
6.4265228,6.4265228,0.492339282767
-8.1571687,-8.1571687,0.492339282767
-9.6113245,-9.6113245,0.492339282767
6.4249894,6.4249894,0.492339282767
-12.1288668,-10.0,0.492339282767
7.3966685,7.3966685,0.492339282767
-10.054361,-10.0,0.492339282767
-10.5565487,-10.0,0.492339282767
7.2886129,7.2886129,0.492339282767
-12.1332571,-10.0,0.492339282767
-9.8446349,-9.8446349,0.492339282767
-11.3643012,-10.0,0.492339282767
-12.4267306,-10.0,0.492339282767
-10.6465814,-10.0,0.492339282767
-10.7405811,-10.0,0.492339282767
-0.4549746,-0.4549746,0.492339282767
13.6235785,10.0,0.492339282767
-0.1017927,-0.1017927,0.492339282767
-2.8627496,-2.8627496,0.492339282767
17.1671039,10.0,0.492339282767
2.5834124,2.5834124,0.492339282767
1.1292566,1.1292566,0.492339282767
17.1655705,10.0,0.492339282767
-1.3882857,-1.3882857,0.492339282767
18.1372496,10.0,0.492339282767
0.6862201,0.6862201,0.492339282767
0.1840324,0.1840324,0.492339282767
18.029194,10.0,0.492339282767
-1.392676,-1.392676,0.492339282767
0.8959462,0.8959462,0.492339282767
-0.6237201,-0.6237201,0.492339282767
-1.6861495,-1.6861495,0.492339282767
0.0939997,0.0939997,0.492339282767
10.7405811,10.0,0.492339282767
2.0527599,2.0527599,0.503563443396
-2.5619252,-2.5619252,0.503563443396
-2.818595,-2.818595,0.503563443396
18.180521,10.0,0.503563443396
17.8335175,10.0,0.503563443396
16.8774784,10.0,0.503563443396
1.3389776,1.3389776,0.503563443396
-0.7333194,-0.7333194,0.503563443396
1.6928933,1.6928933,0.503563443396
-0.3563729,-0.3563729,0.503563443396
-0.5787285,-0.5787285,0.503563443396
-0.9351982,-0.9351982,0.503563443396
0.307837,0.307837,0.503563443396
0.1342489,0.1342489,0.503563443396
0.4138983,0.4138983,0.503563443396
-2.4248198,-2.4248198,0.503563443396
0.651447,0.651447,0.503563443396
17.6598481,10.0,0.503563443396
0.7418967,0.7418967,0.503563443396
-2.0527599,-2.0527599,0.503563443396
-4.6146851,-4.6146851,0.503563443396
-4.8713549,-4.8713549,0.503563443396
16.1277611,10.0,0.503563443396
15.7807576,10.0,0.503563443396
14.8247185,10.0,0.503563443396
-0.7137823,-0.7137823,0.503563443396
-2.7860793,-2.7860793,0.503563443396
-0.3598666,-0.3598666,0.503563443396
-2.4091328,-2.4091328,0.503563443396
-2.6314884,-2.6314884,0.503563443396
-2.9879581,-2.9879581,0.503563443396
-1.7449229,-1.7449229,0.503563443396
-1.918511,-1.918511,0.503563443396
-1.6388616,-1.6388616,0.503563443396
-4.4775797,-4.4775797,0.503563443396
-1.4013129,-1.4013129,0.503563443396
15.6070882,10.0,0.503563443396
-1.3108632,-1.3108632,0.503563443396
2.5619252,2.5619252,0.503563443396
4.6146851,4.6146851,0.503563443396
-0.2566698,-0.2566698,0.503563443396
20.7424462,10.0,0.503563443396
20.3954427,10.0,0.503563443396
19.4394036,10.0,0.503563443396
3.9009028,3.9009028,0.503563443396
1.8286058,1.8286058,0.503563443396
4.2548185,4.2548185,0.503563443396
2.2055523,2.2055523,0.503563443396
1.9831967,1.9831967,0.503563443396
1.626727,1.626727,0.503563443396
2.8697622,2.8697622,0.503563443396
2.6961741,2.6961741,0.503563443396
2.9758235,2.9758235,0.503563443396
0.1371054,0.1371054,0.503563443396
3.2133722,3.2133722,0.503563443396
20.2217733,10.0,0.503563443396
3.3038219,3.3038219,0.503563443396
2.818595,2.818595,0.503563443396
4.8713549,4.8713549,0.503563443396
0.2566698,0.2566698,0.503563443396
20.999116,10.0,0.503563443396
20.6521125,10.0,0.503563443396
19.6960734,10.0,0.503563443396
4.1575726,4.1575726,0.503563443396
2.0852756,2.0852756,0.503563443396
4.5114883,4.5114883,0.503563443396
2.4622221,2.4622221,0.503563443396
2.2398665,2.2398665,0.503563443396
1.8833968,1.8833968,0.503563443396
3.126432,3.126432,0.503563443396
2.9528439,2.9528439,0.503563443396
3.2324933,3.2324933,0.503563443396
0.3937752,0.3937752,0.503563443396
3.470042,3.470042,0.503563443396
20.4784431,10.0,0.503563443396
3.5604917,3.5604917,0.503563443396
-18.180521,-10.0,0.503563443396
-16.1277611,-10.0,0.503563443396
-20.7424462,-10.0,0.503563443396
-20.999116,-10.0,0.503563443396
-0.3470035,-0.3470035,0.503563443396
-1.3030426,-1.3030426,0.503563443396
-16.8415434,-10.0,0.503563443396
-18.9138404,-10.0,0.503563443396
-16.4876277,-10.0,0.503563443396
-18.5368939,-10.0,0.503563443396
-18.7592495,-10.0,0.503563443396
-19.1157192,-10.0,0.503563443396
-17.872684,-10.0,0.503563443396
-18.0462721,-10.0,0.503563443396
-17.7666227,-10.0,0.503563443396
-20.6053408,-10.0,0.503563443396
-17.529074,-10.0,0.503563443396
-0.5206729,-0.5206729,0.503563443396
-17.4386243,-10.0,0.503563443396
-17.8335175,-10.0,0.503563443396
-15.7807576,-10.0,0.503563443396
-20.3954427,-10.0,0.503563443396
-20.6521125,-10.0,0.503563443396
0.3470035,0.3470035,0.503563443396
-0.9560391,-0.9560391,0.503563443396
-16.4945399,-10.0,0.503563443396
-18.5668369,-10.0,0.503563443396
-16.1406242,-10.0,0.503563443396
-18.1898904,-10.0,0.503563443396
-18.412246,-10.0,0.503563443396
-18.7687157,-10.0,0.503563443396
-17.5256805,-10.0,0.503563443396
-17.6992686,-10.0,0.503563443396
-17.4196192,-10.0,0.503563443396
-20.2583373,-10.0,0.503563443396
-17.1820705,-10.0,0.503563443396
-0.1736694,-0.1736694,0.503563443396
-17.0916208,-10.0,0.503563443396
-16.8774784,-10.0,0.503563443396
-14.8247185,-10.0,0.503563443396
-19.4394036,-10.0,0.503563443396
-19.6960734,-10.0,0.503563443396
1.3030426,1.3030426,0.503563443396
0.9560391,0.9560391,0.503563443396
-15.5385008,-10.0,0.503563443396
-17.6107978,-10.0,0.503563443396
-15.1845851,-10.0,0.503563443396
-17.2338513,-10.0,0.503563443396
-17.4562069,-10.0,0.503563443396
-17.8126766,-10.0,0.503563443396
-16.5696414,-10.0,0.503563443396
-16.7432295,-10.0,0.503563443396
-16.4635801,-10.0,0.503563443396
-19.3022982,-10.0,0.503563443396
-16.2260314,-10.0,0.503563443396
0.7823697,0.7823697,0.503563443396
-16.1355817,-10.0,0.503563443396
-1.3389776,-1.3389776,0.503563443396
0.7137823,0.7137823,0.503563443396
-3.9009028,-3.9009028,0.503563443396
-4.1575726,-4.1575726,0.503563443396
16.8415434,10.0,0.503563443396
16.4945399,10.0,0.503563443396
15.5385008,10.0,0.503563443396
-2.072297,-2.072297,0.503563443396
0.3539157,0.3539157,0.503563443396
-1.6953505,-1.6953505,0.503563443396
-1.9177061,-1.9177061,0.503563443396
-2.2741758,-2.2741758,0.503563443396
-1.0311406,-1.0311406,0.503563443396
-1.2047287,-1.2047287,0.503563443396
-0.9250793,-0.9250793,0.503563443396
-3.7637974,-3.7637974,0.503563443396
-0.6875306,-0.6875306,0.503563443396
16.3208705,10.0,0.503563443396
-0.5970809,-0.5970809,0.503563443396
0.7333194,0.7333194,0.503563443396
2.7860793,2.7860793,0.503563443396
-1.8286058,-1.8286058,0.503563443396
-2.0852756,-2.0852756,0.503563443396
18.9138404,10.0,0.503563443396
18.5668369,10.0,0.503563443396
17.6107978,10.0,0.503563443396
2.072297,2.072297,0.503563443396
2.4262127,2.4262127,0.503563443396
0.3769465,0.3769465,0.503563443396
0.1545909,0.1545909,0.503563443396
-0.2018788,-0.2018788,0.503563443396
1.0411564,1.0411564,0.503563443396
0.8675683,0.8675683,0.503563443396
1.1472177,1.1472177,0.503563443396
-1.6915004,-1.6915004,0.503563443396
1.3847664,1.3847664,0.503563443396
18.3931675,10.0,0.503563443396
1.4752161,1.4752161,0.503563443396
-1.6928933,-1.6928933,0.503563443396
0.3598666,0.3598666,0.503563443396
-4.2548185,-4.2548185,0.503563443396
-4.5114883,-4.5114883,0.503563443396
16.4876277,10.0,0.503563443396
16.1406242,10.0,0.503563443396
15.1845851,10.0,0.503563443396
-0.3539157,-0.3539157,0.503563443396
-2.4262127,-2.4262127,0.503563443396
-2.0492662,-2.0492662,0.503563443396
-2.2716218,-2.2716218,0.503563443396
-2.6280915,-2.6280915,0.503563443396
-1.3850563,-1.3850563,0.503563443396
-1.5586444,-1.5586444,0.503563443396
-1.278995,-1.278995,0.503563443396
-4.1177131,-4.1177131,0.503563443396
-1.0414463,-1.0414463,0.503563443396
15.9669548,10.0,0.503563443396
-0.9509966,-0.9509966,0.503563443396
0.3563729,0.3563729,0.503563443396
2.4091328,2.4091328,0.503563443396
-2.2055523,-2.2055523,0.503563443396
-2.4622221,-2.4622221,0.503563443396
18.5368939,10.0,0.503563443396
18.1898904,10.0,0.503563443396
17.2338513,10.0,0.503563443396
1.6953505,1.6953505,0.503563443396
-0.3769465,-0.3769465,0.503563443396
2.0492662,2.0492662,0.503563443396
-0.2223556,-0.2223556,0.503563443396
-0.5788253,-0.5788253,0.503563443396
0.6642099,0.6642099,0.503563443396
0.4906218,0.4906218,0.503563443396
0.7702712,0.7702712,0.503563443396
-2.0684469,-2.0684469,0.503563443396
1.0078199,1.0078199,0.503563443396
18.016221,10.0,0.503563443396
1.0982696,1.0982696,0.503563443396
0.5787285,0.5787285,0.503563443396
2.6314884,2.6314884,0.503563443396
-1.9831967,-1.9831967,0.503563443396
-2.2398665,-2.2398665,0.503563443396
18.7592495,10.0,0.503563443396
18.412246,10.0,0.503563443396
17.4562069,10.0,0.503563443396
1.9177061,1.9177061,0.503563443396
-0.1545909,-0.1545909,0.503563443396
2.2716218,2.2716218,0.503563443396
0.2223556,0.2223556,0.503563443396
-0.3564697,-0.3564697,0.503563443396
0.8865655,0.8865655,0.503563443396
0.7129774,0.7129774,0.503563443396
0.9926268,0.9926268,0.503563443396
-1.8460913,-1.8460913,0.503563443396
1.2301755,1.2301755,0.503563443396
18.2385766,10.0,0.503563443396
1.3206252,1.3206252,0.503563443396
0.9351982,0.9351982,0.503563443396
2.9879581,2.9879581,0.503563443396
-1.626727,-1.626727,0.503563443396
-1.8833968,-1.8833968,0.503563443396
19.1157192,10.0,0.503563443396
18.7687157,10.0,0.503563443396
17.8126766,10.0,0.503563443396
2.2741758,2.2741758,0.503563443396
0.2018788,0.2018788,0.503563443396
2.6280915,2.6280915,0.503563443396
0.5788253,0.5788253,0.503563443396
0.3564697,0.3564697,0.503563443396
1.2430352,1.2430352,0.503563443396
1.0694471,1.0694471,0.503563443396
1.3490965,1.3490965,0.503563443396
-1.4896216,-1.4896216,0.503563443396
1.5866452,1.5866452,0.503563443396
18.5950463,10.0,0.503563443396
1.6770949,1.6770949,0.503563443396
-0.307837,-0.307837,0.503563443396
1.7449229,1.7449229,0.503563443396
-2.8697622,-2.8697622,0.503563443396
-3.126432,-3.126432,0.503563443396
17.872684,10.0,0.503563443396
17.5256805,10.0,0.503563443396
16.5696414,10.0,0.503563443396
1.0311406,1.0311406,0.503563443396
-1.0411564,-1.0411564,0.503563443396
1.3850563,1.3850563,0.503563443396
-0.6642099,-0.6642099,0.503563443396
-0.8865655,-0.8865655,0.503563443396
-1.2430352,-1.2430352,0.503563443396
-0.1735881,-0.1735881,0.503563443396
0.1060613,0.1060613,0.503563443396
-2.7326568,-2.7326568,0.503563443396
0.34361,0.34361,0.503563443396
17.3520111,10.0,0.503563443396
0.4340597,0.4340597,0.503563443396
-0.1342489,-0.1342489,0.503563443396
1.918511,1.918511,0.503563443396
-2.6961741,-2.6961741,0.503563443396
-2.9528439,-2.9528439,0.503563443396
18.0462721,10.0,0.503563443396
17.6992686,10.0,0.503563443396
16.7432295,10.0,0.503563443396
1.2047287,1.2047287,0.503563443396
-0.8675683,-0.8675683,0.503563443396
1.5586444,1.5586444,0.503563443396
-0.4906218,-0.4906218,0.503563443396
-0.7129774,-0.7129774,0.503563443396
-1.0694471,-1.0694471,0.503563443396
0.1735881,0.1735881,0.503563443396
0.2796494,0.2796494,0.503563443396
-2.5590687,-2.5590687,0.503563443396
0.5171981,0.5171981,0.503563443396
17.5255992,10.0,0.503563443396
0.6076478,0.6076478,0.503563443396
-0.4138983,-0.4138983,0.503563443396
1.6388616,1.6388616,0.503563443396
-2.9758235,-2.9758235,0.503563443396
-3.2324933,-3.2324933,0.503563443396
17.7666227,10.0,0.503563443396
17.4196192,10.0,0.503563443396
16.4635801,10.0,0.503563443396
0.9250793,0.9250793,0.503563443396
-1.1472177,-1.1472177,0.503563443396
1.278995,1.278995,0.503563443396
-0.7702712,-0.7702712,0.503563443396
-0.9926268,-0.9926268,0.503563443396
-1.3490965,-1.3490965,0.503563443396
-0.1060613,-0.1060613,0.503563443396
-0.2796494,-0.2796494,0.503563443396
-2.8387181,-2.8387181,0.503563443396
0.2375487,0.2375487,0.503563443396
17.2459498,10.0,0.503563443396
0.3279984,0.3279984,0.503563443396
2.4248198,2.4248198,0.503563443396
4.4775797,4.4775797,0.503563443396
-0.1371054,-0.1371054,0.503563443396
-0.3937752,-0.3937752,0.503563443396
20.6053408,10.0,0.503563443396
20.2583373,10.0,0.503563443396
19.3022982,10.0,0.503563443396
3.7637974,3.7637974,0.503563443396
1.6915004,1.6915004,0.503563443396
4.1177131,4.1177131,0.503563443396
2.0684469,2.0684469,0.503563443396
1.8460913,1.8460913,0.503563443396
1.4896216,1.4896216,0.503563443396
2.7326568,2.7326568,0.503563443396
2.5590687,2.5590687,0.503563443396
2.8387181,2.8387181,0.503563443396
3.0762668,3.0762668,0.503563443396
20.0846679,10.0,0.503563443396
3.1667165,3.1667165,0.503563443396
-0.651447,-0.651447,0.503563443396
1.4013129,1.4013129,0.503563443396
-3.2133722,-3.2133722,0.503563443396
-3.470042,-3.470042,0.503563443396
17.529074,10.0,0.503563443396
17.1820705,10.0,0.503563443396
16.2260314,10.0,0.503563443396
0.6875306,0.6875306,0.503563443396
-1.3847664,-1.3847664,0.503563443396
1.0414463,1.0414463,0.503563443396
-1.0078199,-1.0078199,0.503563443396
-1.2301755,-1.2301755,0.503563443396
-1.5866452,-1.5866452,0.503563443396
-0.34361,-0.34361,0.503563443396
-0.5171981,-0.5171981,0.503563443396
-0.2375487,-0.2375487,0.503563443396
-3.0762668,-3.0762668,0.503563443396
17.0084011,10.0,0.503563443396
0.0904497,0.0904497,0.503563443396
-17.6598481,-10.0,0.503563443396
-15.6070882,-10.0,0.503563443396
-20.2217733,-10.0,0.503563443396
-20.4784431,-10.0,0.503563443396
0.5206729,0.5206729,0.503563443396
0.1736694,0.1736694,0.503563443396
-0.7823697,-0.7823697,0.503563443396
-16.3208705,-10.0,0.503563443396
-18.3931675,-10.0,0.503563443396
-15.9669548,-10.0,0.503563443396
-18.016221,-10.0,0.503563443396
-18.2385766,-10.0,0.503563443396
-18.5950463,-10.0,0.503563443396
-17.3520111,-10.0,0.503563443396
-17.5255992,-10.0,0.503563443396
-17.2459498,-10.0,0.503563443396
-20.0846679,-10.0,0.503563443396
-17.0084011,-10.0,0.503563443396
-16.9179514,-10.0,0.503563443396
-0.7418967,-0.7418967,0.503563443396
1.3108632,1.3108632,0.503563443396
-3.3038219,-3.3038219,0.503563443396
-3.5604917,-3.5604917,0.503563443396
17.4386243,10.0,0.503563443396
17.0916208,10.0,0.503563443396
16.1355817,10.0,0.503563443396
0.5970809,0.5970809,0.503563443396
-1.4752161,-1.4752161,0.503563443396
0.9509966,0.9509966,0.503563443396
-1.0982696,-1.0982696,0.503563443396
-1.3206252,-1.3206252,0.503563443396
-1.6770949,-1.6770949,0.503563443396
-0.4340597,-0.4340597,0.503563443396
-0.6076478,-0.6076478,0.503563443396
-0.3279984,-0.3279984,0.503563443396
-3.1667165,-3.1667165,0.503563443396
-0.0904497,-0.0904497,0.503563443396
16.9179514,10.0,0.503563443396
0.0828514,0.0828514,0.373001086307
17.2543507,10.0,0.373001086307
1.0716044,1.0716044,0.373001086307
0.5955766,0.5955766,0.373001086307
8.0577743,8.0577743,0.373001086307
-0.4216965,-0.4216965,0.373001086307
-0.7887428,-0.7887428,0.373001086307
-0.584428,-0.584428,0.373001086307
1.6384571,1.6384571,0.373001086307
1.5979414,1.5979414,0.373001086307
2.138311,2.138311,0.373001086307
17.7711898,10.0,0.373001086307
18.9019232,10.0,0.373001086307
0.0347684,0.0347684,0.373001086307
4.5201645,4.5201645,0.373001086307
-0.4716051,-0.4716051,0.373001086307
-2.098066,-2.098066,0.373001086307
18.691623,10.0,0.373001086307
-1.7828779,-1.7828779,0.373001086307
-0.0828514,-0.0828514,0.373001086307
17.1714993,10.0,0.373001086307
0.988753,0.988753,0.373001086307
0.5127252,0.5127252,0.373001086307
7.9749229,7.9749229,0.373001086307
-0.5045479,-0.5045479,0.373001086307
-0.8715942,-0.8715942,0.373001086307
-0.6672794,-0.6672794,0.373001086307
1.5556057,1.5556057,0.373001086307
1.51509,1.51509,0.373001086307
2.0554596,2.0554596,0.373001086307
17.6883384,10.0,0.373001086307
18.8190718,10.0,0.373001086307
-0.048083,-0.048083,0.373001086307
4.4373131,4.4373131,0.373001086307
-0.5544565,-0.5544565,0.373001086307
-2.1809174,-2.1809174,0.373001086307
18.6087716,10.0,0.373001086307
-1.8657293,-1.8657293,0.373001086307
-17.2543507,-10.0,0.373001086307
-17.1714993,-10.0,0.373001086307
-16.1827463,-10.0,0.373001086307
-16.6587741,-10.0,0.373001086307
-9.1965764,-9.1965764,0.373001086307
-17.6760472,-10.0,0.373001086307
-18.0430935,-10.0,0.373001086307
-17.8387787,-10.0,0.373001086307
-15.6158936,-10.0,0.373001086307
-15.6564093,-10.0,0.373001086307
-15.1160397,-10.0,0.373001086307
0.5168391,0.5168391,0.373001086307
1.6475725,1.6475725,0.373001086307
-17.2195823,-10.0,0.373001086307
-12.7341862,-10.0,0.373001086307
-17.7259558,-10.0,0.373001086307
-19.3524167,-10.0,0.373001086307
1.4372723,1.4372723,0.373001086307
-19.0372286,-10.0,0.373001086307
-1.0716044,-1.0716044,0.373001086307
-0.988753,-0.988753,0.373001086307
16.1827463,10.0,0.373001086307
-0.4760278,-0.4760278,0.373001086307
6.9861699,6.9861699,0.373001086307
-1.4933009,-1.4933009,0.373001086307
-1.8603472,-1.8603472,0.373001086307
-1.6560324,-1.6560324,0.373001086307
0.5668527,0.5668527,0.373001086307
0.526337,0.526337,0.373001086307
1.0667066,1.0667066,0.373001086307
16.6995854,10.0,0.373001086307
17.8303188,10.0,0.373001086307
-1.036836,-1.036836,0.373001086307
3.4485601,3.4485601,0.373001086307
-1.5432095,-1.5432095,0.373001086307
-3.1696704,-3.1696704,0.373001086307
17.6200186,10.0,0.373001086307
-2.8544823,-2.8544823,0.373001086307
-0.5955766,-0.5955766,0.373001086307
-0.5127252,-0.5127252,0.373001086307
16.6587741,10.0,0.373001086307
0.4760278,0.4760278,0.373001086307
7.4621977,7.4621977,0.373001086307
-1.0172731,-1.0172731,0.373001086307
-1.3843194,-1.3843194,0.373001086307
-1.1800046,-1.1800046,0.373001086307
1.0428805,1.0428805,0.373001086307
1.0023648,1.0023648,0.373001086307
1.5427344,1.5427344,0.373001086307
17.1756132,10.0,0.373001086307
18.3063466,10.0,0.373001086307
-0.5608082,-0.5608082,0.373001086307
3.9245879,3.9245879,0.373001086307
-1.0671817,-1.0671817,0.373001086307
-2.6936426,-2.6936426,0.373001086307
18.0960464,10.0,0.373001086307
-2.3784545,-2.3784545,0.373001086307
-8.0577743,-8.0577743,0.373001086307
-7.9749229,-7.9749229,0.373001086307
9.1965764,9.1965764,0.373001086307
-6.9861699,-6.9861699,0.373001086307
-7.4621977,-7.4621977,0.373001086307
-8.4794708,-8.4794708,0.373001086307
-8.8465171,-8.8465171,0.373001086307
-8.6422023,-8.6422023,0.373001086307
-6.4193172,-6.4193172,0.373001086307
-6.4598329,-6.4598329,0.373001086307
-5.9194633,-5.9194633,0.373001086307
9.7134155,9.7134155,0.373001086307
10.8441489,10.0,0.373001086307
-8.0230059,-8.0230059,0.373001086307
-3.5376098,-3.5376098,0.373001086307
-8.5293794,-8.5293794,0.373001086307
-10.1558403,-10.0,0.373001086307
10.6338487,10.0,0.373001086307
-9.8406522,-9.8406522,0.373001086307
0.4216965,0.4216965,0.373001086307
0.5045479,0.5045479,0.373001086307
17.6760472,10.0,0.373001086307
1.4933009,1.4933009,0.373001086307
1.0172731,1.0172731,0.373001086307
8.4794708,8.4794708,0.373001086307
-0.3670463,-0.3670463,0.373001086307
-0.1627315,-0.1627315,0.373001086307
2.0601536,2.0601536,0.373001086307
2.0196379,2.0196379,0.373001086307
2.5600075,2.5600075,0.373001086307
18.1928863,10.0,0.373001086307
19.3236197,10.0,0.373001086307
0.4564649,0.4564649,0.373001086307
4.941861,4.941861,0.373001086307
-0.0499086,-0.0499086,0.373001086307
-1.6763695,-1.6763695,0.373001086307
19.1133195,10.0,0.373001086307
-1.3611814,-1.3611814,0.373001086307
0.7887428,0.7887428,0.373001086307
0.8715942,0.8715942,0.373001086307
18.0430935,10.0,0.373001086307
1.8603472,1.8603472,0.373001086307
1.3843194,1.3843194,0.373001086307
8.8465171,8.8465171,0.373001086307
0.3670463,0.3670463,0.373001086307
0.2043148,0.2043148,0.373001086307
2.4271999,2.4271999,0.373001086307
2.3866842,2.3866842,0.373001086307
2.9270538,2.9270538,0.373001086307
18.5599326,10.0,0.373001086307
19.690666,10.0,0.373001086307
0.8235112,0.8235112,0.373001086307
5.3089073,5.3089073,0.373001086307
0.3171377,0.3171377,0.373001086307
-1.3093232,-1.3093232,0.373001086307
19.4803658,10.0,0.373001086307
-0.9941351,-0.9941351,0.373001086307
0.584428,0.584428,0.373001086307
0.6672794,0.6672794,0.373001086307
17.8387787,10.0,0.373001086307
1.6560324,1.6560324,0.373001086307
1.1800046,1.1800046,0.373001086307
8.6422023,8.6422023,0.373001086307
0.1627315,0.1627315,0.373001086307
-0.2043148,-0.2043148,0.373001086307
2.2228851,2.2228851,0.373001086307
2.1823694,2.1823694,0.373001086307
2.722739,2.722739,0.373001086307
18.3556178,10.0,0.373001086307
19.4863512,10.0,0.373001086307
0.6191964,0.6191964,0.373001086307
5.1045925,5.1045925,0.373001086307
0.1128229,0.1128229,0.373001086307
-1.513638,-1.513638,0.373001086307
19.276051,10.0,0.373001086307
-1.1984499,-1.1984499,0.373001086307
-1.6384571,-1.6384571,0.373001086307
-1.5556057,-1.5556057,0.373001086307
15.6158936,10.0,0.373001086307
-0.5668527,-0.5668527,0.373001086307
-1.0428805,-1.0428805,0.373001086307
6.4193172,6.4193172,0.373001086307
-2.0601536,-2.0601536,0.373001086307
-2.4271999,-2.4271999,0.373001086307
-2.2228851,-2.2228851,0.373001086307
-0.0405157,-0.0405157,0.373001086307
0.4998539,0.4998539,0.373001086307
16.1327327,10.0,0.373001086307
17.2634661,10.0,0.373001086307
-1.6036887,-1.6036887,0.373001086307
2.8817074,2.8817074,0.373001086307
-2.1100622,-2.1100622,0.373001086307
-3.7365231,-3.7365231,0.373001086307
17.0531659,10.0,0.373001086307
-3.421335,-3.421335,0.373001086307
-1.5979414,-1.5979414,0.373001086307
-1.51509,-1.51509,0.373001086307
15.6564093,10.0,0.373001086307
-0.526337,-0.526337,0.373001086307
-1.0023648,-1.0023648,0.373001086307
6.4598329,6.4598329,0.373001086307
-2.0196379,-2.0196379,0.373001086307
-2.3866842,-2.3866842,0.373001086307
-2.1823694,-2.1823694,0.373001086307
0.0405157,0.0405157,0.373001086307
0.5403696,0.5403696,0.373001086307
16.1732484,10.0,0.373001086307
17.3039818,10.0,0.373001086307
-1.563173,-1.563173,0.373001086307
2.9222231,2.9222231,0.373001086307
-2.0695465,-2.0695465,0.373001086307
-3.6960074,-3.6960074,0.373001086307
17.0936816,10.0,0.373001086307
-3.3808193,-3.3808193,0.373001086307
-2.138311,-2.138311,0.373001086307
-2.0554596,-2.0554596,0.373001086307
15.1160397,10.0,0.373001086307
-1.0667066,-1.0667066,0.373001086307
-1.5427344,-1.5427344,0.373001086307
5.9194633,5.9194633,0.373001086307
-2.5600075,-2.5600075,0.373001086307
-2.9270538,-2.9270538,0.373001086307
-2.722739,-2.722739,0.373001086307
-0.4998539,-0.4998539,0.373001086307
-0.5403696,-0.5403696,0.373001086307
15.6328788,10.0,0.373001086307
16.7636122,10.0,0.373001086307
-2.1035426,-2.1035426,0.373001086307
2.3818535,2.3818535,0.373001086307
-2.6099161,-2.6099161,0.373001086307
-4.236377,-4.236377,0.373001086307
16.553312,10.0,0.373001086307
-3.9211889,-3.9211889,0.373001086307
-17.7711898,-10.0,0.373001086307
-17.6883384,-10.0,0.373001086307
-0.5168391,-0.5168391,0.373001086307
-16.6995854,-10.0,0.373001086307
-17.1756132,-10.0,0.373001086307
-9.7134155,-9.7134155,0.373001086307
-18.1928863,-10.0,0.373001086307
-18.5599326,-10.0,0.373001086307
-18.3556178,-10.0,0.373001086307
-16.1327327,-10.0,0.373001086307
-16.1732484,-10.0,0.373001086307
-15.6328788,-10.0,0.373001086307
1.1307334,1.1307334,0.373001086307
-17.7364214,-10.0,0.373001086307
-13.2510253,-10.0,0.373001086307
-18.2427949,-10.0,0.373001086307
-19.8692558,-10.0,0.373001086307
0.9204332,0.9204332,0.373001086307
-19.5540677,-10.0,0.373001086307
-18.9019232,-10.0,0.373001086307
-18.8190718,-10.0,0.373001086307
-1.6475725,-1.6475725,0.373001086307
-17.8303188,-10.0,0.373001086307
-18.3063466,-10.0,0.373001086307
-10.8441489,-10.0,0.373001086307
-19.3236197,-10.0,0.373001086307
-19.690666,-10.0,0.373001086307
-19.4863512,-10.0,0.373001086307
-17.2634661,-10.0,0.373001086307
-17.3039818,-10.0,0.373001086307
-16.7636122,-10.0,0.373001086307
-1.1307334,-1.1307334,0.373001086307
-18.8671548,-10.0,0.373001086307
-14.3817587,-10.0,0.373001086307
-19.3735283,-10.0,0.373001086307
-20.9999892,-10.0,0.373001086307
-0.2103002,-0.2103002,0.373001086307
-20.6848011,-10.0,0.373001086307
-0.0347684,-0.0347684,0.373001086307
0.048083,0.048083,0.373001086307
17.2195823,10.0,0.373001086307
1.036836,1.036836,0.373001086307
0.5608082,0.5608082,0.373001086307
8.0230059,8.0230059,0.373001086307
-0.4564649,-0.4564649,0.373001086307
-0.8235112,-0.8235112,0.373001086307
-0.6191964,-0.6191964,0.373001086307
1.6036887,1.6036887,0.373001086307
1.563173,1.563173,0.373001086307
2.1035426,2.1035426,0.373001086307
17.7364214,10.0,0.373001086307
18.8671548,10.0,0.373001086307
4.4853961,4.4853961,0.373001086307
-0.5063735,-0.5063735,0.373001086307
-2.1328344,-2.1328344,0.373001086307
18.6568546,10.0,0.373001086307
-1.8176463,-1.8176463,0.373001086307
-4.5201645,-4.5201645,0.373001086307
-4.4373131,-4.4373131,0.373001086307
12.7341862,10.0,0.373001086307
-3.4485601,-3.4485601,0.373001086307
-3.9245879,-3.9245879,0.373001086307
3.5376098,3.5376098,0.373001086307
-4.941861,-4.941861,0.373001086307
-5.3089073,-5.3089073,0.373001086307
-5.1045925,-5.1045925,0.373001086307
-2.8817074,-2.8817074,0.373001086307
-2.9222231,-2.9222231,0.373001086307
-2.3818535,-2.3818535,0.373001086307
13.2510253,10.0,0.373001086307
14.3817587,10.0,0.373001086307
-4.4853961,-4.4853961,0.373001086307
-4.9917696,-4.9917696,0.373001086307
-6.6182305,-6.6182305,0.373001086307
14.1714585,10.0,0.373001086307
-6.3030424,-6.3030424,0.373001086307
0.4716051,0.4716051,0.373001086307
0.5544565,0.5544565,0.373001086307
17.7259558,10.0,0.373001086307
1.5432095,1.5432095,0.373001086307
1.0671817,1.0671817,0.373001086307
8.5293794,8.5293794,0.373001086307
0.0499086,0.0499086,0.373001086307
-0.3171377,-0.3171377,0.373001086307
-0.1128229,-0.1128229,0.373001086307
2.1100622,2.1100622,0.373001086307
2.0695465,2.0695465,0.373001086307
2.6099161,2.6099161,0.373001086307
18.2427949,10.0,0.373001086307
19.3735283,10.0,0.373001086307
0.5063735,0.5063735,0.373001086307
4.9917696,4.9917696,0.373001086307
-1.6264609,-1.6264609,0.373001086307
19.1632281,10.0,0.373001086307
-1.3112728,-1.3112728,0.373001086307
2.098066,2.098066,0.373001086307
2.1809174,2.1809174,0.373001086307
19.3524167,10.0,0.373001086307
3.1696704,3.1696704,0.373001086307
2.6936426,2.6936426,0.373001086307
10.1558403,10.0,0.373001086307
1.6763695,1.6763695,0.373001086307
1.3093232,1.3093232,0.373001086307
1.513638,1.513638,0.373001086307
3.7365231,3.7365231,0.373001086307
3.6960074,3.6960074,0.373001086307
4.236377,4.236377,0.373001086307
19.8692558,10.0,0.373001086307
20.9999892,10.0,0.373001086307
2.1328344,2.1328344,0.373001086307
6.6182305,6.6182305,0.373001086307
1.6264609,1.6264609,0.373001086307
20.789689,10.0,0.373001086307
0.3151881,0.3151881,0.373001086307
-18.691623,-10.0,0.373001086307
-18.6087716,-10.0,0.373001086307
-1.4372723,-1.4372723,0.373001086307
-17.6200186,-10.0,0.373001086307
-18.0960464,-10.0,0.373001086307
-10.6338487,-10.0,0.373001086307
-19.1133195,-10.0,0.373001086307
-19.4803658,-10.0,0.373001086307
-19.276051,-10.0,0.373001086307
-17.0531659,-10.0,0.373001086307
-17.0936816,-10.0,0.373001086307
-16.553312,-10.0,0.373001086307
-0.9204332,-0.9204332,0.373001086307
0.2103002,0.2103002,0.373001086307
-18.6568546,-10.0,0.373001086307
-14.1714585,-10.0,0.373001086307
-19.1632281,-10.0,0.373001086307
-20.789689,-10.0,0.373001086307
-20.4745009,-10.0,0.373001086307
1.7828779,1.7828779,0.373001086307
1.8657293,1.8657293,0.373001086307
19.0372286,10.0,0.373001086307
2.8544823,2.8544823,0.373001086307
2.3784545,2.3784545,0.373001086307
9.8406522,9.8406522,0.373001086307
1.3611814,1.3611814,0.373001086307
0.9941351,0.9941351,0.373001086307
1.1984499,1.1984499,0.373001086307
3.421335,3.421335,0.373001086307
3.3808193,3.3808193,0.373001086307
3.9211889,3.9211889,0.373001086307
19.5540677,10.0,0.373001086307
20.6848011,10.0,0.373001086307
1.8176463,1.8176463,0.373001086307
6.3030424,6.3030424,0.373001086307
1.3112728,1.3112728,0.373001086307
-0.3151881,-0.3151881,0.373001086307
20.4745009,10.0,0.373001086307
0.6713523,0.6713523,0.488742858338
0.5347694,0.5347694,0.488742858338
-3.0507262,-3.0507262,0.488742858338
18.1498442,10.0,0.488742858338
13.6978872,10.0,0.488742858338
-1.266677,-1.266677,0.488742858338
-1.4608268,-1.4608268,0.488742858338
-0.4088093,-0.4088093,0.488742858338
13.7876717,10.0,0.488742858338
16.1217289,10.0,0.488742858338
18.1498442,10.0,0.488742858338
-1.1184552,-1.1184552,0.488742858338
-1.8332002,-1.8332002,0.488742858338
-1.0008984,-1.0008984,0.488742858338
-1.4113809,-1.4113809,0.488742858338
-2.8501557,-2.8501557,0.488742858338
0.9533803,0.9533803,0.488742858338
12.5483149,10.0,0.488742858338
17.9947746,10.0,0.488742858338
-0.6713523,-0.6713523,0.488742858338
-0.1365829,-0.1365829,0.488742858338
-3.7220785,-3.7220785,0.488742858338
17.4784919,10.0,0.488742858338
13.0265349,10.0,0.488742858338
-1.9380293,-1.9380293,0.488742858338
-2.1321791,-2.1321791,0.488742858338
-1.0801616,-1.0801616,0.488742858338
13.1163194,10.0,0.488742858338
15.4503766,10.0,0.488742858338
17.4784919,10.0,0.488742858338
-1.7898075,-1.7898075,0.488742858338
-2.5045525,-2.5045525,0.488742858338
-1.6722507,-1.6722507,0.488742858338
-2.0827332,-2.0827332,0.488742858338
-3.521508,-3.521508,0.488742858338
0.282028,0.282028,0.488742858338
11.8769626,10.0,0.488742858338
17.3234223,10.0,0.488742858338
-0.5347694,-0.5347694,0.488742858338
0.1365829,0.1365829,0.488742858338
-3.5854956,-3.5854956,0.488742858338
17.6150748,10.0,0.488742858338
13.1631178,10.0,0.488742858338
-1.8014464,-1.8014464,0.488742858338
-1.9955962,-1.9955962,0.488742858338
-0.9435787,-0.9435787,0.488742858338
13.2529023,10.0,0.488742858338
15.5869595,10.0,0.488742858338
17.6150748,10.0,0.488742858338
-1.6532246,-1.6532246,0.488742858338
-2.3679696,-2.3679696,0.488742858338
-1.5356678,-1.5356678,0.488742858338
-1.9461503,-1.9461503,0.488742858338
-3.3849251,-3.3849251,0.488742858338
0.4186109,0.4186109,0.488742858338
12.0135455,10.0,0.488742858338
17.4600052,10.0,0.488742858338
3.0507262,3.0507262,0.488742858338
3.7220785,3.7220785,0.488742858338
3.5854956,3.5854956,0.488742858338
21.2005704,10.0,0.488742858338
16.7486134,10.0,0.488742858338
1.7840492,1.7840492,0.488742858338
1.5898994,1.5898994,0.488742858338
2.6419169,2.6419169,0.488742858338
16.8383979,10.0,0.488742858338
19.1724551,10.0,0.488742858338
21.2005704,10.0,0.488742858338
1.932271,1.932271,0.488742858338
1.217526,1.217526,0.488742858338
2.0498278,2.0498278,0.488742858338
1.6393453,1.6393453,0.488742858338
0.2005705,0.2005705,0.488742858338
4.0041065,4.0041065,0.488742858338
15.5990411,10.0,0.488742858338
21.0455008,10.0,0.488742858338
-18.1498442,-10.0,0.488742858338
-17.4784919,-10.0,0.488742858338
-17.6150748,-10.0,0.488742858338
-21.2005704,-10.0,0.488742858338
-4.451957,-4.451957,0.488742858338
-19.4165212,-10.0,0.488742858338
-19.610671,-10.0,0.488742858338
-18.5586535,-10.0,0.488742858338
-4.3621725,-4.3621725,0.488742858338
-2.0281153,-2.0281153,0.488742858338
0.0,0.0,0.488742858338
-19.2682994,-10.0,0.488742858338
-19.9830444,-10.0,0.488742858338
-19.1507426,-10.0,0.488742858338
-19.5612251,-10.0,0.488742858338
-20.9999999,-10.0,0.488742858338
-17.1964639,-10.0,0.488742858338
-5.6015293,-5.6015293,0.488742858338
-0.1550696,-0.1550696,0.488742858338
-13.6978872,-10.0,0.488742858338
-13.0265349,-10.0,0.488742858338
-13.1631178,-10.0,0.488742858338
-16.7486134,-10.0,0.488742858338
4.451957,4.451957,0.488742858338
-14.9645642,-10.0,0.488742858338
-15.158714,-10.0,0.488742858338
-14.1066965,-10.0,0.488742858338
0.0897845,0.0897845,0.488742858338
2.4238417,2.4238417,0.488742858338
4.451957,4.451957,0.488742858338
-14.8163424,-10.0,0.488742858338
-15.5310874,-10.0,0.488742858338
-14.6987856,-10.0,0.488742858338
-15.1092681,-10.0,0.488742858338
-16.5480429,-10.0,0.488742858338
-12.7445069,-10.0,0.488742858338
-1.1495723,-1.1495723,0.488742858338
4.2968874,4.2968874,0.488742858338
1.266677,1.266677,0.488742858338
1.9380293,1.9380293,0.488742858338
1.8014464,1.8014464,0.488742858338
-1.7840492,-1.7840492,0.488742858338
19.4165212,10.0,0.488742858338
14.9645642,10.0,0.488742858338
-0.1941498,-0.1941498,0.488742858338
0.8578677,0.8578677,0.488742858338
15.0543487,10.0,0.488742858338
17.3884059,10.0,0.488742858338
19.4165212,10.0,0.488742858338
0.1482218,0.1482218,0.488742858338
-0.5665232,-0.5665232,0.488742858338
0.2657786,0.2657786,0.488742858338
-0.1447039,-0.1447039,0.488742858338
-1.5834787,-1.5834787,0.488742858338
2.2200573,2.2200573,0.488742858338
13.8149919,10.0,0.488742858338
19.2614516,10.0,0.488742858338
1.4608268,1.4608268,0.488742858338
2.1321791,2.1321791,0.488742858338
1.9955962,1.9955962,0.488742858338
-1.5898994,-1.5898994,0.488742858338
19.610671,10.0,0.488742858338
15.158714,10.0,0.488742858338
0.1941498,0.1941498,0.488742858338
1.0520175,1.0520175,0.488742858338
15.2484985,10.0,0.488742858338
17.5825557,10.0,0.488742858338
19.610671,10.0,0.488742858338
0.3423716,0.3423716,0.488742858338
-0.3723734,-0.3723734,0.488742858338
0.4599284,0.4599284,0.488742858338
0.0494459,0.0494459,0.488742858338
-1.3893289,-1.3893289,0.488742858338
2.4142071,2.4142071,0.488742858338
14.0091417,10.0,0.488742858338
19.4556014,10.0,0.488742858338
0.4088093,0.4088093,0.488742858338
1.0801616,1.0801616,0.488742858338
0.9435787,0.9435787,0.488742858338
-2.6419169,-2.6419169,0.488742858338
18.5586535,10.0,0.488742858338
14.1066965,10.0,0.488742858338
-0.8578677,-0.8578677,0.488742858338
-1.0520175,-1.0520175,0.488742858338
14.196481,10.0,0.488742858338
16.5305382,10.0,0.488742858338
18.5586535,10.0,0.488742858338
-0.7096459,-0.7096459,0.488742858338
-1.4243909,-1.4243909,0.488742858338
-0.5920891,-0.5920891,0.488742858338
-1.0025716,-1.0025716,0.488742858338
-2.4413464,-2.4413464,0.488742858338
1.3621896,1.3621896,0.488742858338
12.9571242,10.0,0.488742858338
18.4035839,10.0,0.488742858338
-13.7876717,-10.0,0.488742858338
-13.1163194,-10.0,0.488742858338
-13.2529023,-10.0,0.488742858338
-16.8383979,-10.0,0.488742858338
4.3621725,4.3621725,0.488742858338
-0.0897845,-0.0897845,0.488742858338
-15.0543487,-10.0,0.488742858338
-15.2484985,-10.0,0.488742858338
-14.196481,-10.0,0.488742858338
2.3340572,2.3340572,0.488742858338
4.3621725,4.3621725,0.488742858338
-14.9061269,-10.0,0.488742858338
-15.6208719,-10.0,0.488742858338
-14.7885701,-10.0,0.488742858338
-15.1990526,-10.0,0.488742858338
-16.6378274,-10.0,0.488742858338
-12.8342914,-10.0,0.488742858338
-1.2393568,-1.2393568,0.488742858338
4.2071029,4.2071029,0.488742858338
-16.1217289,-10.0,0.488742858338
-15.4503766,-10.0,0.488742858338
-15.5869595,-10.0,0.488742858338
-19.1724551,-10.0,0.488742858338
2.0281153,2.0281153,0.488742858338
-2.4238417,-2.4238417,0.488742858338
-17.3884059,-10.0,0.488742858338
-17.5825557,-10.0,0.488742858338
-16.5305382,-10.0,0.488742858338
-2.3340572,-2.3340572,0.488742858338
2.0281153,2.0281153,0.488742858338
-17.2401841,-10.0,0.488742858338
-17.9549291,-10.0,0.488742858338
-17.1226273,-10.0,0.488742858338
-17.5331098,-10.0,0.488742858338
-18.9718846,-10.0,0.488742858338
-15.1683486,-10.0,0.488742858338
-3.573414,-3.573414,0.488742858338
1.8730457,1.8730457,0.488742858338
-18.1498442,-10.0,0.488742858338
-17.4784919,-10.0,0.488742858338
-17.6150748,-10.0,0.488742858338
-21.2005704,-10.0,0.488742858338
0.0,0.0,0.488742858338
-4.451957,-4.451957,0.488742858338
-19.4165212,-10.0,0.488742858338
-19.610671,-10.0,0.488742858338
-18.5586535,-10.0,0.488742858338
-4.3621725,-4.3621725,0.488742858338
-2.0281153,-2.0281153,0.488742858338
-19.2682994,-10.0,0.488742858338
-19.9830444,-10.0,0.488742858338
-19.1507426,-10.0,0.488742858338
-19.5612251,-10.0,0.488742858338
-20.9999999,-10.0,0.488742858338
-17.1964639,-10.0,0.488742858338
-5.6015293,-5.6015293,0.488742858338
-0.1550696,-0.1550696,0.488742858338
1.1184552,1.1184552,0.488742858338
1.7898075,1.7898075,0.488742858338
1.6532246,1.6532246,0.488742858338
-1.932271,-1.932271,0.488742858338
19.2682994,10.0,0.488742858338
14.8163424,10.0,0.488742858338
-0.1482218,-0.1482218,0.488742858338
-0.3423716,-0.3423716,0.488742858338
0.7096459,0.7096459,0.488742858338
14.9061269,10.0,0.488742858338
17.2401841,10.0,0.488742858338
19.2682994,10.0,0.488742858338
-0.714745,-0.714745,0.488742858338
0.1175568,0.1175568,0.488742858338
-0.2929257,-0.2929257,0.488742858338
-1.7317005,-1.7317005,0.488742858338
2.0718355,2.0718355,0.488742858338
13.6667701,10.0,0.488742858338
19.1132298,10.0,0.488742858338
1.8332002,1.8332002,0.488742858338
2.5045525,2.5045525,0.488742858338
2.3679696,2.3679696,0.488742858338
-1.217526,-1.217526,0.488742858338
19.9830444,10.0,0.488742858338
15.5310874,10.0,0.488742858338
0.5665232,0.5665232,0.488742858338
0.3723734,0.3723734,0.488742858338
1.4243909,1.4243909,0.488742858338
15.6208719,10.0,0.488742858338
17.9549291,10.0,0.488742858338
19.9830444,10.0,0.488742858338
0.714745,0.714745,0.488742858338
0.8323018,0.8323018,0.488742858338
0.4218193,0.4218193,0.488742858338
-1.0169555,-1.0169555,0.488742858338
2.7865805,2.7865805,0.488742858338
14.3815151,10.0,0.488742858338
19.8279748,10.0,0.488742858338
1.0008984,1.0008984,0.488742858338
1.6722507,1.6722507,0.488742858338
1.5356678,1.5356678,0.488742858338
-2.0498278,-2.0498278,0.488742858338
19.1507426,10.0,0.488742858338
14.6987856,10.0,0.488742858338
-0.2657786,-0.2657786,0.488742858338
-0.4599284,-0.4599284,0.488742858338
0.5920891,0.5920891,0.488742858338
14.7885701,10.0,0.488742858338
17.1226273,10.0,0.488742858338
19.1507426,10.0,0.488742858338
-0.1175568,-0.1175568,0.488742858338
-0.8323018,-0.8323018,0.488742858338
-0.4104825,-0.4104825,0.488742858338
-1.8492573,-1.8492573,0.488742858338
1.9542787,1.9542787,0.488742858338
13.5492133,10.0,0.488742858338
18.995673,10.0,0.488742858338
1.4113809,1.4113809,0.488742858338
2.0827332,2.0827332,0.488742858338
1.9461503,1.9461503,0.488742858338
-1.6393453,-1.6393453,0.488742858338
19.5612251,10.0,0.488742858338
15.1092681,10.0,0.488742858338
0.1447039,0.1447039,0.488742858338
-0.0494459,-0.0494459,0.488742858338
1.0025716,1.0025716,0.488742858338
15.1990526,10.0,0.488742858338
17.5331098,10.0,0.488742858338
19.5612251,10.0,0.488742858338
0.2929257,0.2929257,0.488742858338
-0.4218193,-0.4218193,0.488742858338
0.4104825,0.4104825,0.488742858338
-1.4387748,-1.4387748,0.488742858338
2.3647612,2.3647612,0.488742858338
13.9596958,10.0,0.488742858338
19.4061555,10.0,0.488742858338
2.8501557,2.8501557,0.488742858338
3.521508,3.521508,0.488742858338
3.3849251,3.3849251,0.488742858338
-0.2005705,-0.2005705,0.488742858338
20.9999999,10.0,0.488742858338
16.5480429,10.0,0.488742858338
1.5834787,1.5834787,0.488742858338
1.3893289,1.3893289,0.488742858338
2.4413464,2.4413464,0.488742858338
16.6378274,10.0,0.488742858338
18.9718846,10.0,0.488742858338
20.9999999,10.0,0.488742858338
1.7317005,1.7317005,0.488742858338
1.0169555,1.0169555,0.488742858338
1.8492573,1.8492573,0.488742858338
1.4387748,1.4387748,0.488742858338
3.803536,3.803536,0.488742858338
15.3984706,10.0,0.488742858338
20.8449303,10.0,0.488742858338
-0.9533803,-0.9533803,0.488742858338
-0.282028,-0.282028,0.488742858338
-0.4186109,-0.4186109,0.488742858338
-4.0041065,-4.0041065,0.488742858338
17.1964639,10.0,0.488742858338
12.7445069,10.0,0.488742858338
-2.2200573,-2.2200573,0.488742858338
-2.4142071,-2.4142071,0.488742858338
-1.3621896,-1.3621896,0.488742858338
12.8342914,10.0,0.488742858338
15.1683486,10.0,0.488742858338
17.1964639,10.0,0.488742858338
-2.0718355,-2.0718355,0.488742858338
-2.7865805,-2.7865805,0.488742858338
-1.9542787,-1.9542787,0.488742858338
-2.3647612,-2.3647612,0.488742858338
-3.803536,-3.803536,0.488742858338
11.5949346,10.0,0.488742858338
17.0413943,10.0,0.488742858338
-12.5483149,-10.0,0.488742858338
-11.8769626,-10.0,0.488742858338
-12.0135455,-10.0,0.488742858338
-15.5990411,-10.0,0.488742858338
5.6015293,5.6015293,0.488742858338
1.1495723,1.1495723,0.488742858338
-13.8149919,-10.0,0.488742858338
-14.0091417,-10.0,0.488742858338
-12.9571242,-10.0,0.488742858338
1.2393568,1.2393568,0.488742858338
3.573414,3.573414,0.488742858338
5.6015293,5.6015293,0.488742858338
-13.6667701,-10.0,0.488742858338
-14.3815151,-10.0,0.488742858338
-13.5492133,-10.0,0.488742858338
-13.9596958,-10.0,0.488742858338
-15.3984706,-10.0,0.488742858338
-11.5949346,-10.0,0.488742858338
5.4464597,5.4464597,0.488742858338
-17.9947746,-10.0,0.488742858338
-17.3234223,-10.0,0.488742858338
-17.4600052,-10.0,0.488742858338
-21.0455008,-10.0,0.488742858338
0.1550696,0.1550696,0.488742858338
-4.2968874,-4.2968874,0.488742858338
-19.2614516,-10.0,0.488742858338
-19.4556014,-10.0,0.488742858338
-18.4035839,-10.0,0.488742858338
-4.2071029,-4.2071029,0.488742858338
-1.8730457,-1.8730457,0.488742858338
0.1550696,0.1550696,0.488742858338
-19.1132298,-10.0,0.488742858338
-19.8279748,-10.0,0.488742858338
-18.995673,-10.0,0.488742858338
-19.4061555,-10.0,0.488742858338
-20.8449303,-10.0,0.488742858338
-17.0413943,-10.0,0.488742858338
-5.4464597,-5.4464597,0.488742858338
0.8385706,0.8385706,0.22041162664
1.7310659,1.7310659,0.22041162664
1.132113,1.132113,0.22041162664
-16.1483157,-10.0,0.22041162664
0.1572108,0.1572108,0.22041162664
-0.7471487,-0.7471487,0.22041162664
-19.2689339,-10.0,0.22041162664
0.2091054,0.2091054,0.22041162664
-15.4573668,-10.0,0.22041162664
-15.0141809,-10.0,0.22041162664
-0.2746744,-0.2746744,0.22041162664
0.8573348,0.8573348,0.22041162664
-0.8890269,-0.8890269,0.22041162664
0.6788232,0.6788232,0.22041162664
1.6815599,1.6815599,0.22041162664
1.7086438,1.7086438,0.22041162664
-18.6403779,-10.0,0.22041162664
1.7310655,1.7310655,0.22041162664
-4.098611,-4.098611,0.22041162664
-0.8385706,-0.8385706,0.22041162664
0.8924953,0.8924953,0.22041162664
0.2935424,0.2935424,0.22041162664
-16.9868863,-10.0,0.22041162664
-0.6813598,-0.6813598,0.22041162664
-1.5857193,-1.5857193,0.22041162664
-20.1075045,-10.0,0.22041162664
-0.6294652,-0.6294652,0.22041162664
-16.2959374,-10.0,0.22041162664
-15.8527515,-10.0,0.22041162664
-1.113245,-1.113245,0.22041162664
0.0187642,0.0187642,0.22041162664
-1.7275975,-1.7275975,0.22041162664
-0.1597474,-0.1597474,0.22041162664
0.8429893,0.8429893,0.22041162664
0.8700732,0.8700732,0.22041162664
-19.4789485,-10.0,0.22041162664
0.8924949,0.8924949,0.22041162664
-4.9371816,-4.9371816,0.22041162664
-1.7310659,-1.7310659,0.22041162664
-0.8924953,-0.8924953,0.22041162664
-0.5989529,-0.5989529,0.22041162664
-17.8793816,-10.0,0.22041162664
-1.5738551,-1.5738551,0.22041162664
-2.4782146,-2.4782146,0.22041162664
-20.9999998,-10.0,0.22041162664
-1.5219605,-1.5219605,0.22041162664
-17.1884327,-10.0,0.22041162664
-16.7452468,-10.0,0.22041162664
-2.0057403,-2.0057403,0.22041162664
-0.8737311,-0.8737311,0.22041162664
-2.6200928,-2.6200928,0.22041162664
-1.0522427,-1.0522427,0.22041162664
-0.049506,-0.049506,0.22041162664
-0.0224221,-0.0224221,0.22041162664
-20.3714438,-10.0,0.22041162664
-4.00000001122e-07,-4.00000001122e-07,0.22041162664
-5.8296769,-5.8296769,0.22041162664
-1.132113,-1.132113,0.22041162664
-0.2935424,-0.2935424,0.22041162664
0.5989529,0.5989529,0.22041162664
-17.2804287,-10.0,0.22041162664
-0.9749022,-0.9749022,0.22041162664
-1.8792617,-1.8792617,0.22041162664
-20.4010469,-10.0,0.22041162664
-0.9230076,-0.9230076,0.22041162664
-16.5894798,-10.0,0.22041162664
-16.1462939,-10.0,0.22041162664
-1.4067874,-1.4067874,0.22041162664
-0.2747782,-0.2747782,0.22041162664
-2.0211399,-2.0211399,0.22041162664
-0.4532898,-0.4532898,0.22041162664
0.5494469,0.5494469,0.22041162664
0.5765308,0.5765308,0.22041162664
-19.7724909,-10.0,0.22041162664
0.5989525,0.5989525,0.22041162664
-5.230724,-5.230724,0.22041162664
16.1483157,10.0,0.22041162664
16.9868863,10.0,0.22041162664
17.8793816,10.0,0.22041162664
17.2804287,10.0,0.22041162664
16.3055265,10.0,0.22041162664
15.401167,10.0,0.22041162664
-3.1206182,-3.1206182,0.22041162664
16.3574211,10.0,0.22041162664
0.6909489,0.6909489,0.22041162664
1.1341348,1.1341348,0.22041162664
15.8736413,10.0,0.22041162664
17.0056505,10.0,0.22041162664
15.2592888,10.0,0.22041162664
16.8271389,10.0,0.22041162664
17.8298756,10.0,0.22041162664
17.8569595,10.0,0.22041162664
-2.4920622,-2.4920622,0.22041162664
17.8793812,10.0,0.22041162664
12.0497047,10.0,0.22041162664
-0.1572108,-0.1572108,0.22041162664
0.6813598,0.6813598,0.22041162664
1.5738551,1.5738551,0.22041162664
0.9749022,0.9749022,0.22041162664
-16.3055265,-10.0,0.22041162664
-0.9043595,-0.9043595,0.22041162664
-19.4261447,-10.0,0.22041162664
0.0518946,0.0518946,0.22041162664
-15.6145776,-10.0,0.22041162664
-15.1713917,-10.0,0.22041162664
-0.4318852,-0.4318852,0.22041162664
0.700124,0.700124,0.22041162664
-1.0462377,-1.0462377,0.22041162664
0.5216124,0.5216124,0.22041162664
1.5243491,1.5243491,0.22041162664
1.551433,1.551433,0.22041162664
-18.7975887,-10.0,0.22041162664
1.5738547,1.5738547,0.22041162664
-4.2558218,-4.2558218,0.22041162664
0.7471487,0.7471487,0.22041162664
1.5857193,1.5857193,0.22041162664
2.4782146,2.4782146,0.22041162664
1.8792617,1.8792617,0.22041162664
-15.401167,-10.0,0.22041162664
0.9043595,0.9043595,0.22041162664
-18.5217852,-10.0,0.22041162664
0.9562541,0.9562541,0.22041162664
-14.7102181,-10.0,0.22041162664
-14.2670322,-10.0,0.22041162664
0.4724743,0.4724743,0.22041162664
1.6044835,1.6044835,0.22041162664
-0.1418782,-0.1418782,0.22041162664
1.4259719,1.4259719,0.22041162664
2.4287086,2.4287086,0.22041162664
2.4557925,2.4557925,0.22041162664
-17.8932292,-10.0,0.22041162664
2.4782142,2.4782142,0.22041162664
-3.3514623,-3.3514623,0.22041162664
19.2689339,10.0,0.22041162664
20.1075045,10.0,0.22041162664
20.9999998,10.0,0.22041162664
20.4010469,10.0,0.22041162664
3.1206182,3.1206182,0.22041162664
19.4261447,10.0,0.22041162664
18.5217852,10.0,0.22041162664
19.4780393,10.0,0.22041162664
3.8115671,3.8115671,0.22041162664
4.254753,4.254753,0.22041162664
18.9942595,10.0,0.22041162664
20.1262687,10.0,0.22041162664
18.379907,10.0,0.22041162664
19.9477571,10.0,0.22041162664
20.9504938,10.0,0.22041162664
20.9775777,10.0,0.22041162664
0.628556,0.628556,0.22041162664
20.9999994,10.0,0.22041162664
15.1703229,10.0,0.22041162664
-0.2091054,-0.2091054,0.22041162664
0.6294652,0.6294652,0.22041162664
1.5219605,1.5219605,0.22041162664
0.9230076,0.9230076,0.22041162664
-16.3574211,-10.0,0.22041162664
-0.0518946,-0.0518946,0.22041162664
-0.9562541,-0.9562541,0.22041162664
-19.4780393,-10.0,0.22041162664
-15.6664722,-10.0,0.22041162664
-15.2232863,-10.0,0.22041162664
-0.4837798,-0.4837798,0.22041162664
0.6482294,0.6482294,0.22041162664
-1.0981323,-1.0981323,0.22041162664
0.4697178,0.4697178,0.22041162664
1.4724545,1.4724545,0.22041162664
1.4995384,1.4995384,0.22041162664
-18.8494833,-10.0,0.22041162664
1.5219601,1.5219601,0.22041162664
-4.3077164,-4.3077164,0.22041162664
15.4573668,10.0,0.22041162664
16.2959374,10.0,0.22041162664
17.1884327,10.0,0.22041162664
16.5894798,10.0,0.22041162664
-0.6909489,-0.6909489,0.22041162664
15.6145776,10.0,0.22041162664
14.7102181,10.0,0.22041162664
-3.8115671,-3.8115671,0.22041162664
15.6664722,10.0,0.22041162664
0.4431859,0.4431859,0.22041162664
15.1826924,10.0,0.22041162664
16.3147016,10.0,0.22041162664
14.5683399,10.0,0.22041162664
16.13619,10.0,0.22041162664
17.1389267,10.0,0.22041162664
17.1660106,10.0,0.22041162664
-3.1830111,-3.1830111,0.22041162664
17.1884323,10.0,0.22041162664
11.3587558,10.0,0.22041162664
15.0141809,10.0,0.22041162664
15.8527515,10.0,0.22041162664
16.7452468,10.0,0.22041162664
16.1462939,10.0,0.22041162664
-1.1341348,-1.1341348,0.22041162664
15.1713917,10.0,0.22041162664
14.2670322,10.0,0.22041162664
-4.254753,-4.254753,0.22041162664
15.2232863,10.0,0.22041162664
-0.4431859,-0.4431859,0.22041162664
14.7395065,10.0,0.22041162664
15.8715157,10.0,0.22041162664
14.125154,10.0,0.22041162664
15.6930041,10.0,0.22041162664
16.6957408,10.0,0.22041162664
16.7228247,10.0,0.22041162664
-3.626197,-3.626197,0.22041162664
16.7452464,10.0,0.22041162664
10.9155699,10.0,0.22041162664
0.2746744,0.2746744,0.22041162664
1.113245,1.113245,0.22041162664
2.0057403,2.0057403,0.22041162664
1.4067874,1.4067874,0.22041162664
-15.8736413,-10.0,0.22041162664
0.4318852,0.4318852,0.22041162664
-0.4724743,-0.4724743,0.22041162664
-18.9942595,-10.0,0.22041162664
0.4837798,0.4837798,0.22041162664
-15.1826924,-10.0,0.22041162664
-14.7395065,-10.0,0.22041162664
1.1320092,1.1320092,0.22041162664
-0.6143525,-0.6143525,0.22041162664
0.9534976,0.9534976,0.22041162664
1.9562343,1.9562343,0.22041162664
1.9833182,1.9833182,0.22041162664
-18.3657035,-10.0,0.22041162664
2.0057399,2.0057399,0.22041162664
-3.8239366,-3.8239366,0.22041162664
-0.8573348,-0.8573348,0.22041162664
-0.0187642,-0.0187642,0.22041162664
0.8737311,0.8737311,0.22041162664
0.2747782,0.2747782,0.22041162664
-17.0056505,-10.0,0.22041162664
-0.700124,-0.700124,0.22041162664
-1.6044835,-1.6044835,0.22041162664
-20.1262687,-10.0,0.22041162664
-0.6482294,-0.6482294,0.22041162664
-16.3147016,-10.0,0.22041162664
-15.8715157,-10.0,0.22041162664
-1.1320092,-1.1320092,0.22041162664
-1.7463617,-1.7463617,0.22041162664
-0.1785116,-0.1785116,0.22041162664
0.8242251,0.8242251,0.22041162664
0.851309,0.851309,0.22041162664
-19.4977127,-10.0,0.22041162664
0.8737307,0.8737307,0.22041162664
-4.9559458,-4.9559458,0.22041162664
0.8890269,0.8890269,0.22041162664
1.7275975,1.7275975,0.22041162664
2.6200928,2.6200928,0.22041162664
2.0211399,2.0211399,0.22041162664
-15.2592888,-10.0,0.22041162664
1.0462377,1.0462377,0.22041162664
0.1418782,0.1418782,0.22041162664
-18.379907,-10.0,0.22041162664
1.0981323,1.0981323,0.22041162664
-14.5683399,-10.0,0.22041162664
-14.125154,-10.0,0.22041162664
0.6143525,0.6143525,0.22041162664
1.7463617,1.7463617,0.22041162664
1.5678501,1.5678501,0.22041162664
2.5705868,2.5705868,0.22041162664
2.5976707,2.5976707,0.22041162664
-17.751351,-10.0,0.22041162664
2.6200924,2.6200924,0.22041162664
-3.2095841,-3.2095841,0.22041162664
-0.6788232,-0.6788232,0.22041162664
0.1597474,0.1597474,0.22041162664
1.0522427,1.0522427,0.22041162664
0.4532898,0.4532898,0.22041162664
-16.8271389,-10.0,0.22041162664
-0.5216124,-0.5216124,0.22041162664
-1.4259719,-1.4259719,0.22041162664
-19.9477571,-10.0,0.22041162664
-0.4697178,-0.4697178,0.22041162664
-16.13619,-10.0,0.22041162664
-15.6930041,-10.0,0.22041162664
-0.9534976,-0.9534976,0.22041162664
0.1785116,0.1785116,0.22041162664
-1.5678501,-1.5678501,0.22041162664
1.0027367,1.0027367,0.22041162664
1.0298206,1.0298206,0.22041162664
-19.3192011,-10.0,0.22041162664
1.0522423,1.0522423,0.22041162664
-4.7774342,-4.7774342,0.22041162664
-1.6815599,-1.6815599,0.22041162664
-0.8429893,-0.8429893,0.22041162664
0.049506,0.049506,0.22041162664
-0.5494469,-0.5494469,0.22041162664
-17.8298756,-10.0,0.22041162664
-1.5243491,-1.5243491,0.22041162664
-2.4287086,-2.4287086,0.22041162664
-20.9504938,-10.0,0.22041162664
-1.4724545,-1.4724545,0.22041162664
-17.1389267,-10.0,0.22041162664
-16.6957408,-10.0,0.22041162664
-1.9562343,-1.9562343,0.22041162664
-0.8242251,-0.8242251,0.22041162664
-2.5705868,-2.5705868,0.22041162664
-1.0027367,-1.0027367,0.22041162664
0.0270839,0.0270839,0.22041162664
-20.3219378,-10.0,0.22041162664
0.0495056,0.0495056,0.22041162664
-5.7801709,-5.7801709,0.22041162664
-1.7086438,-1.7086438,0.22041162664
-0.8700732,-0.8700732,0.22041162664
0.0224221,0.0224221,0.22041162664
-0.5765308,-0.5765308,0.22041162664
-17.8569595,-10.0,0.22041162664
-1.551433,-1.551433,0.22041162664
-2.4557925,-2.4557925,0.22041162664
-20.9775777,-10.0,0.22041162664
-1.4995384,-1.4995384,0.22041162664
-17.1660106,-10.0,0.22041162664
-16.7228247,-10.0,0.22041162664
-1.9833182,-1.9833182,0.22041162664
-0.851309,-0.851309,0.22041162664
-2.5976707,-2.5976707,0.22041162664
-1.0298206,-1.0298206,0.22041162664
-0.0270839,-0.0270839,0.22041162664
-20.3490217,-10.0,0.22041162664
0.0224217,0.0224217,0.22041162664
-5.8072548,-5.8072548,0.22041162664
18.6403779,10.0,0.22041162664
19.4789485,10.0,0.22041162664
20.3714438,10.0,0.22041162664
19.7724909,10.0,0.22041162664
2.4920622,2.4920622,0.22041162664
18.7975887,10.0,0.22041162664
17.8932292,10.0,0.22041162664
-0.628556,-0.628556,0.22041162664
18.8494833,10.0,0.22041162664
3.1830111,3.1830111,0.22041162664
3.626197,3.626197,0.22041162664
18.3657035,10.0,0.22041162664
19.4977127,10.0,0.22041162664
17.751351,10.0,0.22041162664
19.3192011,10.0,0.22041162664
20.3219378,10.0,0.22041162664
20.3490217,10.0,0.22041162664
20.3714434,10.0,0.22041162664
14.5417669,10.0,0.22041162664
-1.7310655,-1.7310655,0.22041162664
-0.8924949,-0.8924949,0.22041162664
4.00000001122e-07,4.00000001122e-07,0.22041162664
-0.5989525,-0.5989525,0.22041162664
-17.8793812,-10.0,0.22041162664
-1.5738547,-1.5738547,0.22041162664
-2.4782142,-2.4782142,0.22041162664
-20.9999994,-10.0,0.22041162664
-1.5219601,-1.5219601,0.22041162664
-17.1884323,-10.0,0.22041162664
-16.7452464,-10.0,0.22041162664
-2.0057399,-2.0057399,0.22041162664
-0.8737307,-0.8737307,0.22041162664
-2.6200924,-2.6200924,0.22041162664
-1.0522423,-1.0522423,0.22041162664
-0.0495056,-0.0495056,0.22041162664
-0.0224217,-0.0224217,0.22041162664
-20.3714434,-10.0,0.22041162664
-5.8296765,-5.8296765,0.22041162664
4.098611,4.098611,0.22041162664
4.9371816,4.9371816,0.22041162664
5.8296769,5.8296769,0.22041162664
5.230724,5.230724,0.22041162664
-12.0497047,-10.0,0.22041162664
4.2558218,4.2558218,0.22041162664
3.3514623,3.3514623,0.22041162664
-15.1703229,-10.0,0.22041162664
4.3077164,4.3077164,0.22041162664
-11.3587558,-10.0,0.22041162664
-10.9155699,-10.0,0.22041162664
3.8239366,3.8239366,0.22041162664
4.9559458,4.9559458,0.22041162664
3.2095841,3.2095841,0.22041162664
4.7774342,4.7774342,0.22041162664
5.7801709,5.7801709,0.22041162664
5.8072548,5.8072548,0.22041162664
-14.5417669,-10.0,0.22041162664
5.8296765,5.8296765,0.22041162664
14.0082233,10.0,0.370900013
-1.3443631,-1.3443631,0.370900013
-4.0506467,-4.0506467,0.370900013
11.8084699,10.0,0.370900013
15.9537477,10.0,0.370900013
16.622929,10.0,0.370900013
16.9493525,10.0,0.370900013
-2.0278691,-2.0278691,0.370900013
0.0563004,0.0563004,0.370900013
14.8778021,10.0,0.370900013
0.2312909,0.2312909,0.370900013
-1.0569364,-1.0569364,0.370900013
-2.4261541,-2.4261541,0.370900013
-1.0097204,-1.0097204,0.370900013
16.1331882,10.0,0.370900013
-0.6510016,-0.6510016,0.370900013
15.9975776,10.0,0.370900013
16.3229127,10.0,0.370900013
13.950692,10.0,0.370900013
-14.0082233,-10.0,0.370900013
-15.3525864,-10.0,0.370900013
-18.05887,-10.0,0.370900013
-2.1997534,-2.1997534,0.370900013
1.9455244,1.9455244,0.370900013
2.6147057,2.6147057,0.370900013
2.9411292,2.9411292,0.370900013
-16.0360924,-10.0,0.370900013
-13.9519229,-10.0,0.370900013
0.8695788,0.8695788,0.370900013
-13.7769324,-10.0,0.370900013
-15.0651597,-10.0,0.370900013
-16.4343774,-10.0,0.370900013
-15.0179437,-10.0,0.370900013
2.1249649,2.1249649,0.370900013
-14.6592249,-10.0,0.370900013
1.9893543,1.9893543,0.370900013
2.3146894,2.3146894,0.370900013
-0.0575313,-0.0575313,0.370900013
1.3443631,1.3443631,0.370900013
15.3525864,10.0,0.370900013
-2.7062836,-2.7062836,0.370900013
13.152833,10.0,0.370900013
17.2981108,10.0,0.370900013
17.9672921,10.0,0.370900013
18.2937156,10.0,0.370900013
-0.683506,-0.683506,0.370900013
1.4006635,1.4006635,0.370900013
16.2221652,10.0,0.370900013
1.575654,1.575654,0.370900013
0.2874267,0.2874267,0.370900013
-1.081791,-1.081791,0.370900013
0.3346427,0.3346427,0.370900013
17.4775513,10.0,0.370900013
0.6933615,0.6933615,0.370900013
17.3419407,10.0,0.370900013
17.6672758,10.0,0.370900013
15.2950551,10.0,0.370900013
4.0506467,4.0506467,0.370900013
18.05887,10.0,0.370900013
2.7062836,2.7062836,0.370900013
15.8591166,10.0,0.370900013
20.0043944,10.0,0.370900013
20.6735757,10.0,0.370900013
20.9999992,10.0,0.370900013
2.0227776,2.0227776,0.370900013
4.1069471,4.1069471,0.370900013
18.9284488,10.0,0.370900013
4.2819376,4.2819376,0.370900013
2.9937103,2.9937103,0.370900013
1.6244926,1.6244926,0.370900013
3.0409263,3.0409263,0.370900013
20.1838349,10.0,0.370900013
3.3996451,3.3996451,0.370900013
20.0482243,10.0,0.370900013
20.3735594,10.0,0.370900013
18.0013387,10.0,0.370900013
-11.8084699,-10.0,0.370900013
2.1997534,2.1997534,0.370900013
-13.152833,-10.0,0.370900013
-15.8591166,-10.0,0.370900013
4.1452778,4.1452778,0.370900013
4.8144591,4.8144591,0.370900013
5.1408826,5.1408826,0.370900013
-13.836339,-10.0,0.370900013
-11.7521695,-10.0,0.370900013
3.0693322,3.0693322,0.370900013
-11.577179,-10.0,0.370900013
-12.8654063,-10.0,0.370900013
-14.234624,-10.0,0.370900013
-12.8181903,-10.0,0.370900013
4.3247183,4.3247183,0.370900013
-12.4594715,-10.0,0.370900013
4.1891077,4.1891077,0.370900013
4.5144428,4.5144428,0.370900013
2.1422221,2.1422221,0.370900013
-15.9537477,-10.0,0.370900013
-1.9455244,-1.9455244,0.370900013
-17.2981108,-10.0,0.370900013
-20.0043944,-10.0,0.370900013
-4.1452778,-4.1452778,0.370900013
0.6691813,0.6691813,0.370900013
0.9956048,0.9956048,0.370900013
-17.9816168,-10.0,0.370900013
-15.8974473,-10.0,0.370900013
-1.0759456,-1.0759456,0.370900013
-15.7224568,-10.0,0.370900013
-17.0106841,-10.0,0.370900013
-18.3799018,-10.0,0.370900013
-16.9634681,-10.0,0.370900013
0.1794405,0.1794405,0.370900013
-16.6047493,-10.0,0.370900013
0.0438299,0.0438299,0.370900013
0.369165,0.369165,0.370900013
-2.0030557,-2.0030557,0.370900013
-16.622929,-10.0,0.370900013
-2.6147057,-2.6147057,0.370900013
-17.9672921,-10.0,0.370900013
-20.6735757,-10.0,0.370900013
-4.8144591,-4.8144591,0.370900013
-0.6691813,-0.6691813,0.370900013
0.3264235,0.3264235,0.370900013
-18.6507981,-10.0,0.370900013
-16.5666286,-10.0,0.370900013
-1.7451269,-1.7451269,0.370900013
-16.3916381,-10.0,0.370900013
-17.6798654,-10.0,0.370900013
-19.0490831,-10.0,0.370900013
-17.6326494,-10.0,0.370900013
-0.4897408,-0.4897408,0.370900013
-17.2739306,-10.0,0.370900013
-0.6253514,-0.6253514,0.370900013
-0.3000163,-0.3000163,0.370900013
-2.672237,-2.672237,0.370900013
-16.9493525,-10.0,0.370900013
-2.9411292,-2.9411292,0.370900013
-18.2937156,-10.0,0.370900013
-20.9999992,-10.0,0.370900013
-5.1408826,-5.1408826,0.370900013
-0.9956048,-0.9956048,0.370900013
-0.3264235,-0.3264235,0.370900013
-18.9772216,-10.0,0.370900013
-16.8930521,-10.0,0.370900013
-2.0715504,-2.0715504,0.370900013
-16.7180616,-10.0,0.370900013
-18.0062889,-10.0,0.370900013
-19.3755066,-10.0,0.370900013
-17.9590729,-10.0,0.370900013
-0.8161643,-0.8161643,0.370900013
-17.6003541,-10.0,0.370900013
-0.9517749,-0.9517749,0.370900013
-0.6264398,-0.6264398,0.370900013
-2.9986605,-2.9986605,0.370900013
2.0278691,2.0278691,0.370900013
16.0360924,10.0,0.370900013
0.683506,0.683506,0.370900013
-2.0227776,-2.0227776,0.370900013
13.836339,10.0,0.370900013
17.9816168,10.0,0.370900013
18.6507981,10.0,0.370900013
18.9772216,10.0,0.370900013
2.0841695,2.0841695,0.370900013
16.9056712,10.0,0.370900013
2.25916,2.25916,0.370900013
0.9709327,0.9709327,0.370900013
-0.398285,-0.398285,0.370900013
1.0181487,1.0181487,0.370900013
18.1610573,10.0,0.370900013
1.3768675,1.3768675,0.370900013
18.0254467,10.0,0.370900013
18.3507818,10.0,0.370900013
15.9785611,10.0,0.370900013
-0.0563004,-0.0563004,0.370900013
13.9519229,10.0,0.370900013
-1.4006635,-1.4006635,0.370900013
-4.1069471,-4.1069471,0.370900013
11.7521695,10.0,0.370900013
15.8974473,10.0,0.370900013
16.5666286,10.0,0.370900013
16.8930521,10.0,0.370900013
-2.0841695,-2.0841695,0.370900013
14.8215017,10.0,0.370900013
0.1749905,0.1749905,0.370900013
-1.1132368,-1.1132368,0.370900013
-2.4824545,-2.4824545,0.370900013
-1.0660208,-1.0660208,0.370900013
16.0768878,10.0,0.370900013
-0.707302,-0.707302,0.370900013
15.9412772,10.0,0.370900013
16.2666123,10.0,0.370900013
13.8943916,10.0,0.370900013
-14.8778021,-10.0,0.370900013
-0.8695788,-0.8695788,0.370900013
-16.2221652,-10.0,0.370900013
-18.9284488,-10.0,0.370900013
-3.0693322,-3.0693322,0.370900013
1.0759456,1.0759456,0.370900013
1.7451269,1.7451269,0.370900013
2.0715504,2.0715504,0.370900013
-16.9056712,-10.0,0.370900013
-14.8215017,-10.0,0.370900013
-14.6465112,-10.0,0.370900013
-15.9347385,-10.0,0.370900013
-17.3039562,-10.0,0.370900013
-15.8875225,-10.0,0.370900013
1.2553861,1.2553861,0.370900013
-15.5288037,-10.0,0.370900013
1.1197755,1.1197755,0.370900013
1.4451106,1.4451106,0.370900013
-0.9271101,-0.9271101,0.370900013
-0.2312909,-0.2312909,0.370900013
13.7769324,10.0,0.370900013
-1.575654,-1.575654,0.370900013
-4.2819376,-4.2819376,0.370900013
11.577179,10.0,0.370900013
15.7224568,10.0,0.370900013
16.3916381,10.0,0.370900013
16.7180616,10.0,0.370900013
-2.25916,-2.25916,0.370900013
-0.1749905,-0.1749905,0.370900013
14.6465112,10.0,0.370900013
-1.2882273,-1.2882273,0.370900013
-2.657445,-2.657445,0.370900013
-1.2410113,-1.2410113,0.370900013
15.9018973,10.0,0.370900013
-0.8822925,-0.8822925,0.370900013
15.7662867,10.0,0.370900013
16.0916218,10.0,0.370900013
13.7194011,10.0,0.370900013
1.0569364,1.0569364,0.370900013
15.0651597,10.0,0.370900013
-0.2874267,-0.2874267,0.370900013
-2.9937103,-2.9937103,0.370900013
12.8654063,10.0,0.370900013
17.0106841,10.0,0.370900013
17.6798654,10.0,0.370900013
18.0062889,10.0,0.370900013
-0.9709327,-0.9709327,0.370900013
1.1132368,1.1132368,0.370900013
15.9347385,10.0,0.370900013
1.2882273,1.2882273,0.370900013
-1.3692177,-1.3692177,0.370900013
0.047216,0.047216,0.370900013
17.1901246,10.0,0.370900013
0.4059348,0.4059348,0.370900013
17.054514,10.0,0.370900013
17.3798491,10.0,0.370900013
15.0076284,10.0,0.370900013
2.4261541,2.4261541,0.370900013
16.4343774,10.0,0.370900013
1.081791,1.081791,0.370900013
-1.6244926,-1.6244926,0.370900013
14.234624,10.0,0.370900013
18.3799018,10.0,0.370900013
19.0490831,10.0,0.370900013
19.3755066,10.0,0.370900013
0.398285,0.398285,0.370900013
2.4824545,2.4824545,0.370900013
17.3039562,10.0,0.370900013
2.657445,2.657445,0.370900013
1.3692177,1.3692177,0.370900013
1.4164337,1.4164337,0.370900013
18.5593423,10.0,0.370900013
1.7751525,1.7751525,0.370900013
18.4237317,10.0,0.370900013
18.7490668,10.0,0.370900013
16.3768461,10.0,0.370900013
1.0097204,1.0097204,0.370900013
15.0179437,10.0,0.370900013
-0.3346427,-0.3346427,0.370900013
-3.0409263,-3.0409263,0.370900013
12.8181903,10.0,0.370900013
16.9634681,10.0,0.370900013
17.6326494,10.0,0.370900013
17.9590729,10.0,0.370900013
-1.0181487,-1.0181487,0.370900013
1.0660208,1.0660208,0.370900013
15.8875225,10.0,0.370900013
1.2410113,1.2410113,0.370900013
-0.047216,-0.047216,0.370900013
-1.4164337,-1.4164337,0.370900013
17.1429086,10.0,0.370900013
0.3587188,0.3587188,0.370900013
17.007298,10.0,0.370900013
17.3326331,10.0,0.370900013
14.9604124,10.0,0.370900013
-16.1331882,-10.0,0.370900013
-2.1249649,-2.1249649,0.370900013
-17.4775513,-10.0,0.370900013
-20.1838349,-10.0,0.370900013
-4.3247183,-4.3247183,0.370900013
-0.1794405,-0.1794405,0.370900013
0.4897408,0.4897408,0.370900013
0.8161643,0.8161643,0.370900013
-18.1610573,-10.0,0.370900013
-16.0768878,-10.0,0.370900013
-1.2553861,-1.2553861,0.370900013
-15.9018973,-10.0,0.370900013
-17.1901246,-10.0,0.370900013
-18.5593423,-10.0,0.370900013
-17.1429086,-10.0,0.370900013
-16.7841898,-10.0,0.370900013
-0.1356106,-0.1356106,0.370900013
0.1897245,0.1897245,0.370900013
-2.1824962,-2.1824962,0.370900013
0.6510016,0.6510016,0.370900013
14.6592249,10.0,0.370900013
-0.6933615,-0.6933615,0.370900013
-3.3996451,-3.3996451,0.370900013
12.4594715,10.0,0.370900013
16.6047493,10.0,0.370900013
17.2739306,10.0,0.370900013
17.6003541,10.0,0.370900013
-1.3768675,-1.3768675,0.370900013
0.707302,0.707302,0.370900013
15.5288037,10.0,0.370900013
0.8822925,0.8822925,0.370900013
-0.4059348,-0.4059348,0.370900013
-1.7751525,-1.7751525,0.370900013
-0.3587188,-0.3587188,0.370900013
16.7841898,10.0,0.370900013
16.6485792,10.0,0.370900013
16.9739143,10.0,0.370900013
14.6016936,10.0,0.370900013
-15.9975776,-10.0,0.370900013
-1.9893543,-1.9893543,0.370900013
-17.3419407,-10.0,0.370900013
-20.0482243,-10.0,0.370900013
-4.1891077,-4.1891077,0.370900013
-0.0438299,-0.0438299,0.370900013
0.6253514,0.6253514,0.370900013
0.9517749,0.9517749,0.370900013
-18.0254467,-10.0,0.370900013
-15.9412772,-10.0,0.370900013
-1.1197755,-1.1197755,0.370900013
-15.7662867,-10.0,0.370900013
-17.054514,-10.0,0.370900013
-18.4237317,-10.0,0.370900013
-17.007298,-10.0,0.370900013
0.1356106,0.1356106,0.370900013
-16.6485792,-10.0,0.370900013
0.3253351,0.3253351,0.370900013
-2.0468856,-2.0468856,0.370900013
-16.3229127,-10.0,0.370900013
-2.3146894,-2.3146894,0.370900013
-17.6672758,-10.0,0.370900013
-20.3735594,-10.0,0.370900013
-4.5144428,-4.5144428,0.370900013
-0.369165,-0.369165,0.370900013
0.3000163,0.3000163,0.370900013
0.6264398,0.6264398,0.370900013
-18.3507818,-10.0,0.370900013
-16.2666123,-10.0,0.370900013
-1.4451106,-1.4451106,0.370900013
-16.0916218,-10.0,0.370900013
-17.3798491,-10.0,0.370900013
-18.7490668,-10.0,0.370900013
-17.3326331,-10.0,0.370900013
-0.1897245,-0.1897245,0.370900013
-16.9739143,-10.0,0.370900013
-0.3253351,-0.3253351,0.370900013
-2.3722207,-2.3722207,0.370900013
-13.950692,-10.0,0.370900013
0.0575313,0.0575313,0.370900013
-15.2950551,-10.0,0.370900013
-18.0013387,-10.0,0.370900013
-2.1422221,-2.1422221,0.370900013
2.0030557,2.0030557,0.370900013
2.672237,2.672237,0.370900013
2.9986605,2.9986605,0.370900013
-15.9785611,-10.0,0.370900013
-13.8943916,-10.0,0.370900013
0.9271101,0.9271101,0.370900013
-13.7194011,-10.0,0.370900013
-15.0076284,-10.0,0.370900013
-16.3768461,-10.0,0.370900013
-14.9604124,-10.0,0.370900013
2.1824962,2.1824962,0.370900013
-14.6016936,-10.0,0.370900013
2.0468856,2.0468856,0.370900013
2.3722207,2.3722207,0.370900013
1.3513882,1.3513882,0.065892918929
6.6393671,6.6393671,0.065892918929
-0.6669558,-0.6669558,0.065892918929
16.3311016,10.0,0.065892918929
-1.7946744,-1.7946744,0.065892918929
16.7972862,10.0,0.065892918929
16.7789773,10.0,0.065892918929
16.7972852,10.0,0.065892918929
11.0844063,10.0,0.065892918929
16.6643118,10.0,0.065892918929
14.4175997,10.0,0.065892918929
16.7970809,10.0,0.065892918929
12.3880365,10.0,0.065892918929
16.797286,10.0,0.065892918929
0.6025562,0.6025562,0.065892918929
-4.2027132,-4.2027132,0.065892918929
15.970805,10.0,0.065892918929
16.7492398,10.0,0.065892918929
15.7375751,10.0,0.065892918929
-1.3513882,-1.3513882,0.065892918929
5.2879789,5.2879789,0.065892918929
-2.018344,-2.018344,0.065892918929
14.9797134,10.0,0.065892918929
-3.1460626,-3.1460626,0.065892918929
15.445898,10.0,0.065892918929
15.4275891,10.0,0.065892918929
15.445897,10.0,0.065892918929
9.7330181,9.7330181,0.065892918929
15.3129236,10.0,0.065892918929
13.0662115,10.0,0.065892918929
15.4456927,10.0,0.065892918929
11.0366483,10.0,0.065892918929
15.4458978,10.0,0.065892918929
-0.748832,-0.748832,0.065892918929
-5.5541014,-5.5541014,0.065892918929
14.6194168,10.0,0.065892918929
15.3978516,10.0,0.065892918929
14.3861869,10.0,0.065892918929
-6.6393671,-6.6393671,0.065892918929
-5.2879789,-5.2879789,0.065892918929
-7.3063229,-7.3063229,0.065892918929
9.6917345,9.6917345,0.065892918929
-8.4340415,-8.4340415,0.065892918929
10.1579191,10.0,0.065892918929
10.1396102,10.0,0.065892918929
10.1579181,10.0,0.065892918929
4.4450392,4.4450392,0.065892918929
10.0249447,10.0,0.065892918929
7.7782326,7.7782326,0.065892918929
10.1577138,10.0,0.065892918929
5.7486694,5.7486694,0.065892918929
10.1579189,10.0,0.065892918929
-6.0368109,-6.0368109,0.065892918929
-10.8420803,-10.0,0.065892918929
9.3314379,9.3314379,0.065892918929
10.1098727,10.0,0.065892918929
9.098208,9.098208,0.065892918929
0.6669558,0.6669558,0.065892918929
2.018344,2.018344,0.065892918929
7.3063229,7.3063229,0.065892918929
16.9980574,10.0,0.065892918929
-1.1277186,-1.1277186,0.065892918929
17.464242,10.0,0.065892918929
17.4459331,10.0,0.065892918929
17.464241,10.0,0.065892918929
11.7513621,10.0,0.065892918929
17.3312676,10.0,0.065892918929
15.0845555,10.0,0.065892918929
17.4640367,10.0,0.065892918929
13.0549923,10.0,0.065892918929
17.4642418,10.0,0.065892918929
1.269512,1.269512,0.065892918929
-3.5357574,-3.5357574,0.065892918929
16.6377608,10.0,0.065892918929
17.4161956,10.0,0.065892918929
16.4045309,10.0,0.065892918929
-16.3311016,-10.0,0.065892918929
-14.9797134,-10.0,0.065892918929
-9.6917345,-9.6917345,0.065892918929
-16.9980574,-10.0,0.065892918929
-18.125776,-10.0,0.065892918929
0.4661846,0.4661846,0.065892918929
0.4478757,0.4478757,0.065892918929
0.4661836,0.4661836,0.065892918929
-5.2466953,-5.2466953,0.065892918929
0.3332102,0.3332102,0.065892918929
-1.9135019,-1.9135019,0.065892918929
0.4659793,0.4659793,0.065892918929
-3.9430651,-3.9430651,0.065892918929
0.4661844,0.4661844,0.065892918929
-15.7285454,-10.0,0.065892918929
-20.5338148,-10.0,0.065892918929
-0.3602966,-0.3602966,0.065892918929
0.4181382,0.4181382,0.065892918929
-0.5935265,-0.5935265,0.065892918929
1.7946744,1.7946744,0.065892918929
3.1460626,3.1460626,0.065892918929
8.4340415,8.4340415,0.065892918929
1.1277186,1.1277186,0.065892918929
18.125776,10.0,0.065892918929
18.5919606,10.0,0.065892918929
18.5736517,10.0,0.065892918929
18.5919596,10.0,0.065892918929
12.8790807,10.0,0.065892918929
18.4589862,10.0,0.065892918929
16.2122741,10.0,0.065892918929
18.5917553,10.0,0.065892918929
14.1827109,10.0,0.065892918929
18.5919604,10.0,0.065892918929
2.3972306,2.3972306,0.065892918929
-2.4080388,-2.4080388,0.065892918929
17.7654794,10.0,0.065892918929
18.5439142,10.0,0.065892918929
17.5322495,10.0,0.065892918929
-16.7972862,-10.0,0.065892918929
-15.445898,-10.0,0.065892918929
-10.1579191,-10.0,0.065892918929
-17.464242,-10.0,0.065892918929
-0.4661846,-0.4661846,0.065892918929
-18.5919606,-10.0,0.065892918929
-0.0183089,-0.0183089,0.065892918929
-1.00000000103e-06,-1.00000000103e-06,0.065892918929
-5.7128799,-5.7128799,0.065892918929
-0.1329744,-0.1329744,0.065892918929
-2.3796865,-2.3796865,0.065892918929
-0.000205300000001,-0.000205300000001,0.065892918929
-4.4092497,-4.4092497,0.065892918929
-1.99999998785e-07,-1.99999998785e-07,0.065892918929
-16.19473,-10.0,0.065892918929
-20.9999994,-10.0,0.065892918929
-0.8264812,-0.8264812,0.065892918929
-0.0480464,-0.0480464,0.065892918929
-1.0597111,-1.0597111,0.065892918929
-16.7789773,-10.0,0.065892918929
-15.4275891,-10.0,0.065892918929
-10.1396102,-10.0,0.065892918929
-17.4459331,-10.0,0.065892918929
-0.4478757,-0.4478757,0.065892918929
-18.5736517,-10.0,0.065892918929
0.0183089,0.0183089,0.065892918929
0.0183079,0.0183079,0.065892918929
-5.694571,-5.694571,0.065892918929
-0.1146655,-0.1146655,0.065892918929
-2.3613776,-2.3613776,0.065892918929
0.0181036,0.0181036,0.065892918929
-4.3909408,-4.3909408,0.065892918929
0.0183087,0.0183087,0.065892918929
-16.1764211,-10.0,0.065892918929
-20.9816905,-10.0,0.065892918929
-0.8081723,-0.8081723,0.065892918929
-0.0297375,-0.0297375,0.065892918929
-1.0414022,-1.0414022,0.065892918929
-16.7972852,-10.0,0.065892918929
-15.445897,-10.0,0.065892918929
-10.1579181,-10.0,0.065892918929
-17.464241,-10.0,0.065892918929
-0.4661836,-0.4661836,0.065892918929
-18.5919596,-10.0,0.065892918929
1.00000000103e-06,1.00000000103e-06,0.065892918929
-0.0183079,-0.0183079,0.065892918929
-5.7128789,-5.7128789,0.065892918929
-0.1329734,-0.1329734,0.065892918929
-2.3796855,-2.3796855,0.065892918929
-0.0002043,-0.0002043,0.065892918929
-4.4092487,-4.4092487,0.065892918929
8.00000002243e-07,8.00000002243e-07,0.065892918929
-16.194729,-10.0,0.065892918929
-20.9999984,-10.0,0.065892918929
-0.8264802,-0.8264802,0.065892918929
-0.0480454,-0.0480454,0.065892918929
-1.0597101,-1.0597101,0.065892918929
-11.0844063,-10.0,0.065892918929
-9.7330181,-9.7330181,0.065892918929
-4.4450392,-4.4450392,0.065892918929
-11.7513621,-10.0,0.065892918929
5.2466953,5.2466953,0.065892918929
-12.8790807,-10.0,0.065892918929
5.7128799,5.7128799,0.065892918929
5.694571,5.694571,0.065892918929
5.7128789,5.7128789,0.065892918929
5.5799055,5.5799055,0.065892918929
3.3331934,3.3331934,0.065892918929
5.7126746,5.7126746,0.065892918929
1.3036302,1.3036302,0.065892918929
5.7128797,5.7128797,0.065892918929
-10.4818501,-10.0,0.065892918929
-15.2871195,-10.0,0.065892918929
4.8863987,4.8863987,0.065892918929
5.6648335,5.6648335,0.065892918929
4.6531688,4.6531688,0.065892918929
-16.6643118,-10.0,0.065892918929
-15.3129236,-10.0,0.065892918929
-10.0249447,-10.0,0.065892918929
-17.3312676,-10.0,0.065892918929
-0.3332102,-0.3332102,0.065892918929
-18.4589862,-10.0,0.065892918929
0.1329744,0.1329744,0.065892918929
0.1146655,0.1146655,0.065892918929
0.1329734,0.1329734,0.065892918929
-5.5799055,-5.5799055,0.065892918929
-2.2467121,-2.2467121,0.065892918929
0.1327691,0.1327691,0.065892918929
-4.2762753,-4.2762753,0.065892918929
0.1329742,0.1329742,0.065892918929
-16.0617556,-10.0,0.065892918929
-20.867025,-10.0,0.065892918929
-0.6935068,-0.6935068,0.065892918929
0.084928,0.084928,0.065892918929
-0.9267367,-0.9267367,0.065892918929
-14.4175997,-10.0,0.065892918929
-13.0662115,-10.0,0.065892918929
-7.7782326,-7.7782326,0.065892918929
-15.0845555,-10.0,0.065892918929
1.9135019,1.9135019,0.065892918929
-16.2122741,-10.0,0.065892918929
2.3796865,2.3796865,0.065892918929
2.3613776,2.3613776,0.065892918929
2.3796855,2.3796855,0.065892918929
-3.3331934,-3.3331934,0.065892918929
2.2467121,2.2467121,0.065892918929
2.3794812,2.3794812,0.065892918929
-2.0295632,-2.0295632,0.065892918929
2.3796863,2.3796863,0.065892918929
-13.8150435,-10.0,0.065892918929
-18.6203129,-10.0,0.065892918929
1.5532053,1.5532053,0.065892918929
2.3316401,2.3316401,0.065892918929
1.3199754,1.3199754,0.065892918929
-16.7970809,-10.0,0.065892918929
-15.4456927,-10.0,0.065892918929
-10.1577138,-10.0,0.065892918929
-17.4640367,-10.0,0.065892918929
-0.4659793,-0.4659793,0.065892918929
-18.5917553,-10.0,0.065892918929
0.000205300000001,0.000205300000001,0.065892918929
-0.0181036,-0.0181036,0.065892918929
0.0002043,0.0002043,0.065892918929
-5.7126746,-5.7126746,0.065892918929
-0.1327691,-0.1327691,0.065892918929
-2.3794812,-2.3794812,0.065892918929
-4.4090444,-4.4090444,0.065892918929
0.000205100000002,0.000205100000002,0.065892918929
-16.1945247,-10.0,0.065892918929
-20.9997941,-10.0,0.065892918929
-0.8262759,-0.8262759,0.065892918929
-0.0478411,-0.0478411,0.065892918929
-1.0595058,-1.0595058,0.065892918929
-12.3880365,-10.0,0.065892918929
-11.0366483,-10.0,0.065892918929
-5.7486694,-5.7486694,0.065892918929
-13.0549923,-10.0,0.065892918929
3.9430651,3.9430651,0.065892918929
-14.1827109,-10.0,0.065892918929
4.4092497,4.4092497,0.065892918929
4.3909408,4.3909408,0.065892918929
4.4092487,4.4092487,0.065892918929
-1.3036302,-1.3036302,0.065892918929
4.2762753,4.2762753,0.065892918929
2.0295632,2.0295632,0.065892918929
4.4090444,4.4090444,0.065892918929
4.4092495,4.4092495,0.065892918929
-11.7854803,-10.0,0.065892918929
-16.5907497,-10.0,0.065892918929
3.5827685,3.5827685,0.065892918929
4.3612033,4.3612033,0.065892918929
3.3495386,3.3495386,0.065892918929
-16.797286,-10.0,0.065892918929
-15.4458978,-10.0,0.065892918929
-10.1579189,-10.0,0.065892918929
-17.4642418,-10.0,0.065892918929
-0.4661844,-0.4661844,0.065892918929
-18.5919604,-10.0,0.065892918929
1.99999998785e-07,1.99999998785e-07,0.065892918929
-0.0183087,-0.0183087,0.065892918929
-8.00000002243e-07,-8.00000002243e-07,0.065892918929
-5.7128797,-5.7128797,0.065892918929
-0.1329742,-0.1329742,0.065892918929
-2.3796863,-2.3796863,0.065892918929
-0.000205100000002,-0.000205100000002,0.065892918929
-4.4092495,-4.4092495,0.065892918929
-16.1947298,-10.0,0.065892918929
-20.9999992,-10.0,0.065892918929
-0.826481,-0.826481,0.065892918929
-0.0480462,-0.0480462,0.065892918929
-1.0597109,-1.0597109,0.065892918929
-0.6025562,-0.6025562,0.065892918929
0.748832,0.748832,0.065892918929
6.0368109,6.0368109,0.065892918929
-1.269512,-1.269512,0.065892918929
15.7285454,10.0,0.065892918929
-2.3972306,-2.3972306,0.065892918929
16.19473,10.0,0.065892918929
16.1764211,10.0,0.065892918929
16.194729,10.0,0.065892918929
10.4818501,10.0,0.065892918929
16.0617556,10.0,0.065892918929
13.8150435,10.0,0.065892918929
16.1945247,10.0,0.065892918929
11.7854803,10.0,0.065892918929
16.1947298,10.0,0.065892918929
-4.8052694,-4.8052694,0.065892918929
15.3682488,10.0,0.065892918929
16.1466836,10.0,0.065892918929
15.1350189,10.0,0.065892918929
4.2027132,4.2027132,0.065892918929
5.5541014,5.5541014,0.065892918929
10.8420803,10.0,0.065892918929
3.5357574,3.5357574,0.065892918929
20.5338148,10.0,0.065892918929
2.4080388,2.4080388,0.065892918929
20.9999994,10.0,0.065892918929
20.9816905,10.0,0.065892918929
20.9999984,10.0,0.065892918929
15.2871195,10.0,0.065892918929
20.867025,10.0,0.065892918929
18.6203129,10.0,0.065892918929
20.9997941,10.0,0.065892918929
16.5907497,10.0,0.065892918929
20.9999992,10.0,0.065892918929
4.8052694,4.8052694,0.065892918929
20.1735182,10.0,0.065892918929
20.951953,10.0,0.065892918929
19.9402883,10.0,0.065892918929
-15.970805,-10.0,0.065892918929
-14.6194168,-10.0,0.065892918929
-9.3314379,-9.3314379,0.065892918929
-16.6377608,-10.0,0.065892918929
0.3602966,0.3602966,0.065892918929
-17.7654794,-10.0,0.065892918929
0.8264812,0.8264812,0.065892918929
0.8081723,0.8081723,0.065892918929
0.8264802,0.8264802,0.065892918929
-4.8863987,-4.8863987,0.065892918929
0.6935068,0.6935068,0.065892918929
-1.5532053,-1.5532053,0.065892918929
0.8262759,0.8262759,0.065892918929
-3.5827685,-3.5827685,0.065892918929
0.826481,0.826481,0.065892918929
-15.3682488,-10.0,0.065892918929
-20.1735182,-10.0,0.065892918929
0.7784348,0.7784348,0.065892918929
-0.2332299,-0.2332299,0.065892918929
-16.7492398,-10.0,0.065892918929
-15.3978516,-10.0,0.065892918929
-10.1098727,-10.0,0.065892918929
-17.4161956,-10.0,0.065892918929
-0.4181382,-0.4181382,0.065892918929
-18.5439142,-10.0,0.065892918929
0.0480464,0.0480464,0.065892918929
0.0297375,0.0297375,0.065892918929
0.0480454,0.0480454,0.065892918929
-5.6648335,-5.6648335,0.065892918929
-0.084928,-0.084928,0.065892918929
-2.3316401,-2.3316401,0.065892918929
0.0478411,0.0478411,0.065892918929
-4.3612033,-4.3612033,0.065892918929
0.0480462,0.0480462,0.065892918929
-16.1466836,-10.0,0.065892918929
-20.951953,-10.0,0.065892918929
-0.7784348,-0.7784348,0.065892918929
-1.0116647,-1.0116647,0.065892918929
-15.7375751,-10.0,0.065892918929
-14.3861869,-10.0,0.065892918929
-9.098208,-9.098208,0.065892918929
-16.4045309,-10.0,0.065892918929
0.5935265,0.5935265,0.065892918929
-17.5322495,-10.0,0.065892918929
1.0597111,1.0597111,0.065892918929
1.0414022,1.0414022,0.065892918929
1.0597101,1.0597101,0.065892918929
-4.6531688,-4.6531688,0.065892918929
0.9267367,0.9267367,0.065892918929
-1.3199754,-1.3199754,0.065892918929
1.0595058,1.0595058,0.065892918929
-3.3495386,-3.3495386,0.065892918929
1.0597109,1.0597109,0.065892918929
-15.1350189,-10.0,0.065892918929
-19.9402883,-10.0,0.065892918929
0.2332299,0.2332299,0.065892918929
1.0116647,1.0116647,0.065892918929
-1.4506056,-1.4506056,1.06543637527e-07
-0.7512985,-0.7512985,1.06543637527e-07
5.99999999906e-07,5.99999999906e-07,1.06543637527e-07
-0.0532548,-0.0532548,1.06543637527e-07
-4.1120067,-4.1120067,1.06543637527e-07
-0.0460963,-0.0460963,1.06543637527e-07
-0.1541084,-0.1541084,1.06543637527e-07
-0.6933312,-0.6933312,1.06543637527e-07
1.99999998785e-07,1.99999998785e-07,1.06543637527e-07
-2.7848215,-2.7848215,1.06543637527e-07
-1.6276798,-1.6276798,1.06543637527e-07
-20.9999988,-10.0,1.06543637527e-07
-0.0044462,-0.0044462,1.06543637527e-07
-2.99999999953e-07,-2.99999999953e-07,1.06543637527e-07
-0.0110664,-0.0110664,1.06543637527e-07
-0.7540955,-0.7540955,1.06543637527e-07
-5.6789383,-5.6789383,1.06543637527e-07
-4.3242936,-4.3242936,1.06543637527e-07
-2.1006348,-2.1006348,1.06543637527e-07
1.4506056,1.4506056,1.06543637527e-07
0.6993071,0.6993071,1.06543637527e-07
1.4506062,1.4506062,1.06543637527e-07
1.3973508,1.3973508,1.06543637527e-07
-2.6614011,-2.6614011,1.06543637527e-07
1.4045093,1.4045093,1.06543637527e-07
1.2964972,1.2964972,1.06543637527e-07
0.7572744,0.7572744,1.06543637527e-07
1.4506058,1.4506058,1.06543637527e-07
-1.3342159,-1.3342159,1.06543637527e-07
-0.1770742,-0.1770742,1.06543637527e-07
-19.5493932,-10.0,1.06543637527e-07
1.4461594,1.4461594,1.06543637527e-07
1.4506053,1.4506053,1.06543637527e-07
1.4395392,1.4395392,1.06543637527e-07
0.6965101,0.6965101,1.06543637527e-07
-4.2283327,-4.2283327,1.06543637527e-07
-2.873688,-2.873688,1.06543637527e-07
-0.6500292,-0.6500292,1.06543637527e-07
0.7512985,0.7512985,1.06543637527e-07
-0.6993071,-0.6993071,1.06543637527e-07
0.7512991,0.7512991,1.06543637527e-07
0.6980437,0.6980437,1.06543637527e-07
-3.3607082,-3.3607082,1.06543637527e-07
0.7052022,0.7052022,1.06543637527e-07
0.5971901,0.5971901,1.06543637527e-07
0.0579673,0.0579673,1.06543637527e-07
0.7512987,0.7512987,1.06543637527e-07
-2.033523,-2.033523,1.06543637527e-07
-0.8763813,-0.8763813,1.06543637527e-07
-20.2487003,-10.0,1.06543637527e-07
0.7468523,0.7468523,1.06543637527e-07
0.7512982,0.7512982,1.06543637527e-07
0.7402321,0.7402321,1.06543637527e-07
-0.002797,-0.002797,1.06543637527e-07
-4.9276398,-4.9276398,1.06543637527e-07
-3.5729951,-3.5729951,1.06543637527e-07
-1.3493363,-1.3493363,1.06543637527e-07
-5.99999999906e-07,-5.99999999906e-07,1.06543637527e-07
-1.4506062,-1.4506062,1.06543637527e-07
-0.7512991,-0.7512991,1.06543637527e-07
-0.0532554,-0.0532554,1.06543637527e-07
-4.1120073,-4.1120073,1.06543637527e-07
-0.0460969,-0.0460969,1.06543637527e-07
-0.154109,-0.154109,1.06543637527e-07
-0.6933318,-0.6933318,1.06543637527e-07
-4.00000001122e-07,-4.00000001122e-07,1.06543637527e-07
-2.7848221,-2.7848221,1.06543637527e-07
-1.6276804,-1.6276804,1.06543637527e-07
-20.9999994,-10.0,1.06543637527e-07
-0.0044468,-0.0044468,1.06543637527e-07
-8.99999999859e-07,-8.99999999859e-07,1.06543637527e-07
-0.011067,-0.011067,1.06543637527e-07
-0.7540961,-0.7540961,1.06543637527e-07
-5.6789389,-5.6789389,1.06543637527e-07
-4.3242942,-4.3242942,1.06543637527e-07
-2.1006354,-2.1006354,1.06543637527e-07
0.0532548,0.0532548,1.06543637527e-07
-1.3973508,-1.3973508,1.06543637527e-07
-0.6980437,-0.6980437,1.06543637527e-07
0.0532554,0.0532554,1.06543637527e-07
-4.0587519,-4.0587519,1.06543637527e-07
0.0071585,0.0071585,1.06543637527e-07
-0.1008536,-0.1008536,1.06543637527e-07
-0.6400764,-0.6400764,1.06543637527e-07
0.053255,0.053255,1.06543637527e-07
-2.7315667,-2.7315667,1.06543637527e-07
-1.574425,-1.574425,1.06543637527e-07
-20.946744,-10.0,1.06543637527e-07
0.0488086,0.0488086,1.06543637527e-07
0.0532545,0.0532545,1.06543637527e-07
0.0421884,0.0421884,1.06543637527e-07
-0.7008407,-0.7008407,1.06543637527e-07
-5.6256835,-5.6256835,1.06543637527e-07
-4.2710388,-4.2710388,1.06543637527e-07
-2.04738,-2.04738,1.06543637527e-07
4.1120067,4.1120067,1.06543637527e-07
2.6614011,2.6614011,1.06543637527e-07
3.3607082,3.3607082,1.06543637527e-07
4.1120073,4.1120073,1.06543637527e-07
4.0587519,4.0587519,1.06543637527e-07
4.0659104,4.0659104,1.06543637527e-07
3.9578983,3.9578983,1.06543637527e-07
3.4186755,3.4186755,1.06543637527e-07
4.1120069,4.1120069,1.06543637527e-07
1.3271852,1.3271852,1.06543637527e-07
2.4843269,2.4843269,1.06543637527e-07
-16.8879921,-10.0,1.06543637527e-07
4.1075605,4.1075605,1.06543637527e-07
4.1120064,4.1120064,1.06543637527e-07
4.1009403,4.1009403,1.06543637527e-07
3.3579112,3.3579112,1.06543637527e-07
-1.5669316,-1.5669316,1.06543637527e-07
-0.2122869,-0.2122869,1.06543637527e-07
2.0113719,2.0113719,1.06543637527e-07
0.0460963,0.0460963,1.06543637527e-07
-1.4045093,-1.4045093,1.06543637527e-07
-0.7052022,-0.7052022,1.06543637527e-07
0.0460969,0.0460969,1.06543637527e-07
-0.0071585,-0.0071585,1.06543637527e-07
-4.0659104,-4.0659104,1.06543637527e-07
-0.1080121,-0.1080121,1.06543637527e-07
-0.6472349,-0.6472349,1.06543637527e-07
0.0460965,0.0460965,1.06543637527e-07
-2.7387252,-2.7387252,1.06543637527e-07
-1.5815835,-1.5815835,1.06543637527e-07
-20.9539025,-10.0,1.06543637527e-07
0.0416501,0.0416501,1.06543637527e-07
0.046096,0.046096,1.06543637527e-07
0.0350299,0.0350299,1.06543637527e-07
-0.7079992,-0.7079992,1.06543637527e-07
-5.632842,-5.632842,1.06543637527e-07
-4.2781973,-4.2781973,1.06543637527e-07
-2.0545385,-2.0545385,1.06543637527e-07
0.1541084,0.1541084,1.06543637527e-07
-1.2964972,-1.2964972,1.06543637527e-07
-0.5971901,-0.5971901,1.06543637527e-07
0.154109,0.154109,1.06543637527e-07
0.1008536,0.1008536,1.06543637527e-07
-3.9578983,-3.9578983,1.06543637527e-07
0.1080121,0.1080121,1.06543637527e-07
-0.5392228,-0.5392228,1.06543637527e-07
0.1541086,0.1541086,1.06543637527e-07
-2.6307131,-2.6307131,1.06543637527e-07
-1.4735714,-1.4735714,1.06543637527e-07
-20.8458904,-10.0,1.06543637527e-07
0.1496622,0.1496622,1.06543637527e-07
0.1541081,0.1541081,1.06543637527e-07
0.143042,0.143042,1.06543637527e-07
-0.5999871,-0.5999871,1.06543637527e-07
-5.5248299,-5.5248299,1.06543637527e-07
-4.1701852,-4.1701852,1.06543637527e-07
-1.9465264,-1.9465264,1.06543637527e-07
0.6933312,0.6933312,1.06543637527e-07
-0.7572744,-0.7572744,1.06543637527e-07
-0.0579673,-0.0579673,1.06543637527e-07
0.6933318,0.6933318,1.06543637527e-07
0.6400764,0.6400764,1.06543637527e-07
-3.4186755,-3.4186755,1.06543637527e-07
0.6472349,0.6472349,1.06543637527e-07
0.5392228,0.5392228,1.06543637527e-07
0.6933314,0.6933314,1.06543637527e-07
-2.0914903,-2.0914903,1.06543637527e-07
-0.9343486,-0.9343486,1.06543637527e-07
-20.3066676,-10.0,1.06543637527e-07
0.688885,0.688885,1.06543637527e-07
0.6933309,0.6933309,1.06543637527e-07
0.6822648,0.6822648,1.06543637527e-07
-0.0607643,-0.0607643,1.06543637527e-07
-4.9856071,-4.9856071,1.06543637527e-07
-3.6309624,-3.6309624,1.06543637527e-07
-1.4073036,-1.4073036,1.06543637527e-07
-1.99999998785e-07,-1.99999998785e-07,1.06543637527e-07
-1.4506058,-1.4506058,1.06543637527e-07
-0.7512987,-0.7512987,1.06543637527e-07
4.00000001122e-07,4.00000001122e-07,1.06543637527e-07
-0.053255,-0.053255,1.06543637527e-07
-4.1120069,-4.1120069,1.06543637527e-07
-0.0460965,-0.0460965,1.06543637527e-07
-0.1541086,-0.1541086,1.06543637527e-07
-0.6933314,-0.6933314,1.06543637527e-07
-2.7848217,-2.7848217,1.06543637527e-07
-1.62768,-1.62768,1.06543637527e-07
-20.999999,-10.0,1.06543637527e-07
-0.0044464,-0.0044464,1.06543637527e-07
-4.99999998738e-07,-4.99999998738e-07,1.06543637527e-07
-0.0110666,-0.0110666,1.06543637527e-07
-0.7540957,-0.7540957,1.06543637527e-07
-5.6789385,-5.6789385,1.06543637527e-07
-4.3242938,-4.3242938,1.06543637527e-07
-2.100635,-2.100635,1.06543637527e-07
2.7848215,2.7848215,1.06543637527e-07
1.3342159,1.3342159,1.06543637527e-07
2.033523,2.033523,1.06543637527e-07
2.7848221,2.7848221,1.06543637527e-07
2.7315667,2.7315667,1.06543637527e-07
-1.3271852,-1.3271852,1.06543637527e-07
2.7387252,2.7387252,1.06543637527e-07
2.6307131,2.6307131,1.06543637527e-07
2.0914903,2.0914903,1.06543637527e-07
2.7848217,2.7848217,1.06543637527e-07
1.1571417,1.1571417,1.06543637527e-07
-18.2151773,-10.0,1.06543637527e-07
2.7803753,2.7803753,1.06543637527e-07
2.7848212,2.7848212,1.06543637527e-07
2.7737551,2.7737551,1.06543637527e-07
2.030726,2.030726,1.06543637527e-07
-2.8941168,-2.8941168,1.06543637527e-07
-1.5394721,-1.5394721,1.06543637527e-07
0.6841867,0.6841867,1.06543637527e-07
1.6276798,1.6276798,1.06543637527e-07
0.1770742,0.1770742,1.06543637527e-07
0.8763813,0.8763813,1.06543637527e-07
1.6276804,1.6276804,1.06543637527e-07
1.574425,1.574425,1.06543637527e-07
-2.4843269,-2.4843269,1.06543637527e-07
1.5815835,1.5815835,1.06543637527e-07
1.4735714,1.4735714,1.06543637527e-07
0.9343486,0.9343486,1.06543637527e-07
1.62768,1.62768,1.06543637527e-07
-1.1571417,-1.1571417,1.06543637527e-07
-19.372319,-10.0,1.06543637527e-07
1.6232336,1.6232336,1.06543637527e-07
1.6276795,1.6276795,1.06543637527e-07
1.6166134,1.6166134,1.06543637527e-07
0.8735843,0.8735843,1.06543637527e-07
-4.0512585,-4.0512585,1.06543637527e-07
-2.6966138,-2.6966138,1.06543637527e-07
-0.472955,-0.472955,1.06543637527e-07
20.9999988,10.0,1.06543637527e-07
19.5493932,10.0,1.06543637527e-07
20.2487003,10.0,1.06543637527e-07
20.9999994,10.0,1.06543637527e-07
20.946744,10.0,1.06543637527e-07
16.8879921,10.0,1.06543637527e-07
20.9539025,10.0,1.06543637527e-07
20.8458904,10.0,1.06543637527e-07
20.3066676,10.0,1.06543637527e-07
20.999999,10.0,1.06543637527e-07
18.2151773,10.0,1.06543637527e-07
19.372319,10.0,1.06543637527e-07
20.9955526,10.0,1.06543637527e-07
20.9999985,10.0,1.06543637527e-07
20.9889324,10.0,1.06543637527e-07
20.2459033,10.0,1.06543637527e-07
15.3210605,10.0,1.06543637527e-07
16.6757052,10.0,1.06543637527e-07
18.899364,10.0,1.06543637527e-07
0.0044462,0.0044462,1.06543637527e-07
-1.4461594,-1.4461594,1.06543637527e-07
-0.7468523,-0.7468523,1.06543637527e-07
0.0044468,0.0044468,1.06543637527e-07
-0.0488086,-0.0488086,1.06543637527e-07
-4.1075605,-4.1075605,1.06543637527e-07
-0.0416501,-0.0416501,1.06543637527e-07
-0.1496622,-0.1496622,1.06543637527e-07
-0.688885,-0.688885,1.06543637527e-07
0.0044464,0.0044464,1.06543637527e-07
-2.7803753,-2.7803753,1.06543637527e-07
-1.6232336,-1.6232336,1.06543637527e-07
-20.9955526,-10.0,1.06543637527e-07
0.0044459,0.0044459,1.06543637527e-07
-0.0066202,-0.0066202,1.06543637527e-07
-0.7496493,-0.7496493,1.06543637527e-07
-5.6744921,-5.6744921,1.06543637527e-07
-4.3198474,-4.3198474,1.06543637527e-07
-2.0961886,-2.0961886,1.06543637527e-07
2.99999999953e-07,2.99999999953e-07,1.06543637527e-07
-1.4506053,-1.4506053,1.06543637527e-07
-0.7512982,-0.7512982,1.06543637527e-07
8.99999999859e-07,8.99999999859e-07,1.06543637527e-07
-0.0532545,-0.0532545,1.06543637527e-07
-4.1120064,-4.1120064,1.06543637527e-07
-0.046096,-0.046096,1.06543637527e-07
-0.1541081,-0.1541081,1.06543637527e-07
-0.6933309,-0.6933309,1.06543637527e-07
4.99999998738e-07,4.99999998738e-07,1.06543637527e-07
-2.7848212,-2.7848212,1.06543637527e-07
-1.6276795,-1.6276795,1.06543637527e-07
-20.9999985,-10.0,1.06543637527e-07
-0.0044459,-0.0044459,1.06543637527e-07
-0.0110661,-0.0110661,1.06543637527e-07
-0.7540952,-0.7540952,1.06543637527e-07
-5.678938,-5.678938,1.06543637527e-07
-4.3242933,-4.3242933,1.06543637527e-07
-2.1006345,-2.1006345,1.06543637527e-07
0.0110664,0.0110664,1.06543637527e-07
-1.4395392,-1.4395392,1.06543637527e-07
-0.7402321,-0.7402321,1.06543637527e-07
0.011067,0.011067,1.06543637527e-07
-0.0421884,-0.0421884,1.06543637527e-07
-4.1009403,-4.1009403,1.06543637527e-07
-0.0350299,-0.0350299,1.06543637527e-07
-0.143042,-0.143042,1.06543637527e-07
-0.6822648,-0.6822648,1.06543637527e-07
0.0110666,0.0110666,1.06543637527e-07
-2.7737551,-2.7737551,1.06543637527e-07
-1.6166134,-1.6166134,1.06543637527e-07
-20.9889324,-10.0,1.06543637527e-07
0.0066202,0.0066202,1.06543637527e-07
0.0110661,0.0110661,1.06543637527e-07
-0.7430291,-0.7430291,1.06543637527e-07
-5.6678719,-5.6678719,1.06543637527e-07
-4.3132272,-4.3132272,1.06543637527e-07
-2.0895684,-2.0895684,1.06543637527e-07
0.7540955,0.7540955,1.06543637527e-07
-0.6965101,-0.6965101,1.06543637527e-07
0.002797,0.002797,1.06543637527e-07
0.7540961,0.7540961,1.06543637527e-07
0.7008407,0.7008407,1.06543637527e-07
-3.3579112,-3.3579112,1.06543637527e-07
0.7079992,0.7079992,1.06543637527e-07
0.5999871,0.5999871,1.06543637527e-07
0.0607643,0.0607643,1.06543637527e-07
0.7540957,0.7540957,1.06543637527e-07
-2.030726,-2.030726,1.06543637527e-07
-0.8735843,-0.8735843,1.06543637527e-07
-20.2459033,-10.0,1.06543637527e-07
0.7496493,0.7496493,1.06543637527e-07
0.7540952,0.7540952,1.06543637527e-07
0.7430291,0.7430291,1.06543637527e-07
-4.9248428,-4.9248428,1.06543637527e-07
-3.5701981,-3.5701981,1.06543637527e-07
-1.3465393,-1.3465393,1.06543637527e-07
5.6789383,5.6789383,1.06543637527e-07
4.2283327,4.2283327,1.06543637527e-07
4.9276398,4.9276398,1.06543637527e-07
5.6789389,5.6789389,1.06543637527e-07
5.6256835,5.6256835,1.06543637527e-07
1.5669316,1.5669316,1.06543637527e-07
5.632842,5.632842,1.06543637527e-07
5.5248299,5.5248299,1.06543637527e-07
4.9856071,4.9856071,1.06543637527e-07
5.6789385,5.6789385,1.06543637527e-07
2.8941168,2.8941168,1.06543637527e-07
4.0512585,4.0512585,1.06543637527e-07
-15.3210605,-10.0,1.06543637527e-07
5.6744921,5.6744921,1.06543637527e-07
5.678938,5.678938,1.06543637527e-07
5.6678719,5.6678719,1.06543637527e-07
4.9248428,4.9248428,1.06543637527e-07
1.3546447,1.3546447,1.06543637527e-07
3.5783035,3.5783035,1.06543637527e-07
4.3242936,4.3242936,1.06543637527e-07
2.873688,2.873688,1.06543637527e-07
3.5729951,3.5729951,1.06543637527e-07
4.3242942,4.3242942,1.06543637527e-07
4.2710388,4.2710388,1.06543637527e-07
0.2122869,0.2122869,1.06543637527e-07
4.2781973,4.2781973,1.06543637527e-07
4.1701852,4.1701852,1.06543637527e-07
3.6309624,3.6309624,1.06543637527e-07
4.3242938,4.3242938,1.06543637527e-07
1.5394721,1.5394721,1.06543637527e-07
2.6966138,2.6966138,1.06543637527e-07
-16.6757052,-10.0,1.06543637527e-07
4.3198474,4.3198474,1.06543637527e-07
4.3242933,4.3242933,1.06543637527e-07
4.3132272,4.3132272,1.06543637527e-07
3.5701981,3.5701981,1.06543637527e-07
-1.3546447,-1.3546447,1.06543637527e-07
2.2236588,2.2236588,1.06543637527e-07
2.1006348,2.1006348,1.06543637527e-07
0.6500292,0.6500292,1.06543637527e-07
1.3493363,1.3493363,1.06543637527e-07
2.1006354,2.1006354,1.06543637527e-07
2.04738,2.04738,1.06543637527e-07
-2.0113719,-2.0113719,1.06543637527e-07
2.0545385,2.0545385,1.06543637527e-07
1.9465264,1.9465264,1.06543637527e-07
1.4073036,1.4073036,1.06543637527e-07
2.100635,2.100635,1.06543637527e-07
-0.6841867,-0.6841867,1.06543637527e-07
0.472955,0.472955,1.06543637527e-07
-18.899364,-10.0,1.06543637527e-07
2.0961886,2.0961886,1.06543637527e-07
2.1006345,2.1006345,1.06543637527e-07
2.0895684,2.0895684,1.06543637527e-07
1.3465393,1.3465393,1.06543637527e-07
-3.5783035,-3.5783035,1.06543637527e-07
-2.2236588,-2.2236588,1.06543637527e-07
1.3273387,1.3273387,0.477031129163
1.0655819,1.0655819,0.477031129163
5.4653157,5.4653157,0.477031129163
1.8972007,1.8972007,0.477031129163
19.5207224,10.0,0.477031129163
15.2772065,10.0,0.477031129163
-1.0728101,-1.0728101,0.477031129163
18.6865424,10.0,0.477031129163
-1.4792771,-1.4792771,0.477031129163
-0.2219427,-0.2219427,0.477031129163
0.8094397,0.8094397,0.477031129163
16.124818,10.0,0.477031129163
1.86834,1.86834,0.477031129163
17.5433752,10.0,0.477031129163
1.3753067,1.3753067,0.477031129163
19.2074251,10.0,0.477031129163
-1.0353757,-1.0353757,0.477031129163
18.9737238,10.0,0.477031129163
17.6888066,10.0,0.477031129163
-1.3273387,-1.3273387,0.477031129163
-0.2617568,-0.2617568,0.477031129163
4.137977,4.137977,0.477031129163
0.569862,0.569862,0.477031129163
18.1933837,10.0,0.477031129163
13.9498678,10.0,0.477031129163
-2.4001488,-2.4001488,0.477031129163
17.3592037,10.0,0.477031129163
-2.8066158,-2.8066158,0.477031129163
-1.5492814,-1.5492814,0.477031129163
-0.517899,-0.517899,0.477031129163
14.7974793,10.0,0.477031129163
0.5410013,0.5410013,0.477031129163
16.2160365,10.0,0.477031129163
0.047968,0.047968,0.477031129163
17.8800864,10.0,0.477031129163
-2.3627144,-2.3627144,0.477031129163
17.6463851,10.0,0.477031129163
16.3614679,10.0,0.477031129163
-1.0655819,-1.0655819,0.477031129163
0.2617568,0.2617568,0.477031129163
4.3997338,4.3997338,0.477031129163
0.8316188,0.8316188,0.477031129163
18.4551405,10.0,0.477031129163
14.2116246,10.0,0.477031129163
-2.138392,-2.138392,0.477031129163
17.6209605,10.0,0.477031129163
-2.544859,-2.544859,0.477031129163
-1.2875246,-1.2875246,0.477031129163
-0.2561422,-0.2561422,0.477031129163
15.0592361,10.0,0.477031129163
0.8027581,0.8027581,0.477031129163
16.4777933,10.0,0.477031129163
0.3097248,0.3097248,0.477031129163
18.1418432,10.0,0.477031129163
-2.1009576,-2.1009576,0.477031129163
17.9081419,10.0,0.477031129163
16.6232247,10.0,0.477031129163
-5.4653157,-5.4653157,0.477031129163
-4.137977,-4.137977,0.477031129163
-4.3997338,-4.3997338,0.477031129163
-3.568115,-3.568115,0.477031129163
14.0554067,10.0,0.477031129163
9.8118908,9.8118908,0.477031129163
-6.5381258,-6.5381258,0.477031129163
13.2212267,10.0,0.477031129163
-6.9445928,-6.9445928,0.477031129163
-5.6872584,-5.6872584,0.477031129163
-4.655876,-4.655876,0.477031129163
10.6595023,10.0,0.477031129163
-3.5969757,-3.5969757,0.477031129163
12.0780595,10.0,0.477031129163
-4.090009,-4.090009,0.477031129163
13.7421094,10.0,0.477031129163
-6.5006914,-6.5006914,0.477031129163
13.5084081,10.0,0.477031129163
12.2234909,10.0,0.477031129163
-1.8972007,-1.8972007,0.477031129163
-0.569862,-0.569862,0.477031129163
-0.8316188,-0.8316188,0.477031129163
3.568115,3.568115,0.477031129163
17.6235217,10.0,0.477031129163
13.3800058,10.0,0.477031129163
-2.9700108,-2.9700108,0.477031129163
16.7893417,10.0,0.477031129163
-3.3764778,-3.3764778,0.477031129163
-2.1191434,-2.1191434,0.477031129163
-1.087761,-1.087761,0.477031129163
14.2276173,10.0,0.477031129163
-0.0288607,-0.0288607,0.477031129163
15.6461745,10.0,0.477031129163
-0.521894,-0.521894,0.477031129163
17.3102244,10.0,0.477031129163
-2.9325764,-2.9325764,0.477031129163
17.0765231,10.0,0.477031129163
15.7916059,10.0,0.477031129163
-19.5207224,-10.0,0.477031129163
-18.1933837,-10.0,0.477031129163
-18.4551405,-10.0,0.477031129163
-14.0554067,-10.0,0.477031129163
-17.6235217,-10.0,0.477031129163
-4.2435159,-4.2435159,0.477031129163
-20.5935325,-10.0,0.477031129163
-0.83418,-0.83418,0.477031129163
-20.9999995,-10.0,0.477031129163
-19.7426651,-10.0,0.477031129163
-18.7112827,-10.0,0.477031129163
-3.3959044,-3.3959044,0.477031129163
-17.6523824,-10.0,0.477031129163
-1.9773472,-1.9773472,0.477031129163
-18.1454157,-10.0,0.477031129163
-0.3132973,-0.3132973,0.477031129163
-20.5560981,-10.0,0.477031129163
-0.5469986,-0.5469986,0.477031129163
-1.8319158,-1.8319158,0.477031129163
-15.2772065,-10.0,0.477031129163
-13.9498678,-10.0,0.477031129163
-14.2116246,-10.0,0.477031129163
-9.8118908,-9.8118908,0.477031129163
-13.3800058,-10.0,0.477031129163
4.2435159,4.2435159,0.477031129163
-16.3500166,-10.0,0.477031129163
3.4093359,3.4093359,0.477031129163
-16.7564836,-10.0,0.477031129163
-15.4991492,-10.0,0.477031129163
-14.4677668,-10.0,0.477031129163
0.8476115,0.8476115,0.477031129163
-13.4088665,-10.0,0.477031129163
2.2661687,2.2661687,0.477031129163
-13.9018998,-10.0,0.477031129163
3.9302186,3.9302186,0.477031129163
-16.3125822,-10.0,0.477031129163
3.6965173,3.6965173,0.477031129163
2.4116001,2.4116001,0.477031129163
1.0728101,1.0728101,0.477031129163
2.4001488,2.4001488,0.477031129163
2.138392,2.138392,0.477031129163
6.5381258,6.5381258,0.477031129163
2.9700108,2.9700108,0.477031129163
20.5935325,10.0,0.477031129163
16.3500166,10.0,0.477031129163
19.7593525,10.0,0.477031129163
-0.406467,-0.406467,0.477031129163
0.8508674,0.8508674,0.477031129163
1.8822498,1.8822498,0.477031129163
17.1976281,10.0,0.477031129163
2.9411501,2.9411501,0.477031129163
18.6161853,10.0,0.477031129163
2.4481168,2.4481168,0.477031129163
20.2802352,10.0,0.477031129163
0.0374344,0.0374344,0.477031129163
20.0465339,10.0,0.477031129163
18.7616167,10.0,0.477031129163
-18.6865424,-10.0,0.477031129163
-17.3592037,-10.0,0.477031129163
-17.6209605,-10.0,0.477031129163
-13.2212267,-10.0,0.477031129163
-16.7893417,-10.0,0.477031129163
0.83418,0.83418,0.477031129163
-3.4093359,-3.4093359,0.477031129163
-19.7593525,-10.0,0.477031129163
-20.1658195,-10.0,0.477031129163
-18.9084851,-10.0,0.477031129163
-17.8771027,-10.0,0.477031129163
-2.5617244,-2.5617244,0.477031129163
-16.8182024,-10.0,0.477031129163
-1.1431672,-1.1431672,0.477031129163
-17.3112357,-10.0,0.477031129163
0.5208827,0.5208827,0.477031129163
-19.7219181,-10.0,0.477031129163
0.2871814,0.2871814,0.477031129163
-0.9977358,-0.9977358,0.477031129163
1.4792771,1.4792771,0.477031129163
2.8066158,2.8066158,0.477031129163
2.544859,2.544859,0.477031129163
6.9445928,6.9445928,0.477031129163
3.3764778,3.3764778,0.477031129163
20.9999995,10.0,0.477031129163
16.7564836,10.0,0.477031129163
0.406467,0.406467,0.477031129163
20.1658195,10.0,0.477031129163
1.2573344,1.2573344,0.477031129163
2.2887168,2.2887168,0.477031129163
17.6040951,10.0,0.477031129163
3.3476171,3.3476171,0.477031129163
19.0226523,10.0,0.477031129163
2.8545838,2.8545838,0.477031129163
20.6867022,10.0,0.477031129163
0.4439014,0.4439014,0.477031129163
20.4530009,10.0,0.477031129163
19.1680837,10.0,0.477031129163
0.2219427,0.2219427,0.477031129163
1.5492814,1.5492814,0.477031129163
1.2875246,1.2875246,0.477031129163
5.6872584,5.6872584,0.477031129163
2.1191434,2.1191434,0.477031129163
19.7426651,10.0,0.477031129163
15.4991492,10.0,0.477031129163
-0.8508674,-0.8508674,0.477031129163
18.9084851,10.0,0.477031129163
-1.2573344,-1.2573344,0.477031129163
1.0313824,1.0313824,0.477031129163
16.3467607,10.0,0.477031129163
2.0902827,2.0902827,0.477031129163
17.7653179,10.0,0.477031129163
1.5972494,1.5972494,0.477031129163
19.4293678,10.0,0.477031129163
-0.813433,-0.813433,0.477031129163
19.1956665,10.0,0.477031129163
17.9107493,10.0,0.477031129163
-0.8094397,-0.8094397,0.477031129163
0.517899,0.517899,0.477031129163
0.2561422,0.2561422,0.477031129163
4.655876,4.655876,0.477031129163
1.087761,1.087761,0.477031129163
18.7112827,10.0,0.477031129163
14.4677668,10.0,0.477031129163
-1.8822498,-1.8822498,0.477031129163
17.8771027,10.0,0.477031129163
-2.2887168,-2.2887168,0.477031129163
-1.0313824,-1.0313824,0.477031129163
15.3153783,10.0,0.477031129163
1.0589003,1.0589003,0.477031129163
16.7339355,10.0,0.477031129163
0.565867,0.565867,0.477031129163
18.3979854,10.0,0.477031129163
-1.8448154,-1.8448154,0.477031129163
18.1642841,10.0,0.477031129163
16.8793669,10.0,0.477031129163
-16.124818,-10.0,0.477031129163
-14.7974793,-10.0,0.477031129163
-15.0592361,-10.0,0.477031129163
-10.6595023,-10.0,0.477031129163
-14.2276173,-10.0,0.477031129163
3.3959044,3.3959044,0.477031129163
-0.8476115,-0.8476115,0.477031129163
-17.1976281,-10.0,0.477031129163
2.5617244,2.5617244,0.477031129163
-17.6040951,-10.0,0.477031129163
-16.3467607,-10.0,0.477031129163
-15.3153783,-10.0,0.477031129163
-14.256478,-10.0,0.477031129163
1.4185572,1.4185572,0.477031129163
-14.7495113,-10.0,0.477031129163
3.0826071,3.0826071,0.477031129163
-17.1601937,-10.0,0.477031129163
2.8489058,2.8489058,0.477031129163
1.5639886,1.5639886,0.477031129163
-1.86834,-1.86834,0.477031129163
-0.5410013,-0.5410013,0.477031129163
-0.8027581,-0.8027581,0.477031129163
3.5969757,3.5969757,0.477031129163
0.0288607,0.0288607,0.477031129163
17.6523824,10.0,0.477031129163
13.4088665,10.0,0.477031129163
-2.9411501,-2.9411501,0.477031129163
16.8182024,10.0,0.477031129163
-3.3476171,-3.3476171,0.477031129163
-2.0902827,-2.0902827,0.477031129163
-1.0589003,-1.0589003,0.477031129163
14.256478,10.0,0.477031129163
15.6750352,10.0,0.477031129163
-0.4930333,-0.4930333,0.477031129163
17.3390851,10.0,0.477031129163
-2.9037157,-2.9037157,0.477031129163
17.1053838,10.0,0.477031129163
15.8204666,10.0,0.477031129163
-17.5433752,-10.0,0.477031129163
-16.2160365,-10.0,0.477031129163
-16.4777933,-10.0,0.477031129163
-12.0780595,-10.0,0.477031129163
-15.6461745,-10.0,0.477031129163
1.9773472,1.9773472,0.477031129163
-2.2661687,-2.2661687,0.477031129163
-18.6161853,-10.0,0.477031129163
1.1431672,1.1431672,0.477031129163
-19.0226523,-10.0,0.477031129163
-17.7653179,-10.0,0.477031129163
-16.7339355,-10.0,0.477031129163
-1.4185572,-1.4185572,0.477031129163
-15.6750352,-10.0,0.477031129163
-16.1680685,-10.0,0.477031129163
1.6640499,1.6640499,0.477031129163
-18.5787509,-10.0,0.477031129163
1.4303486,1.4303486,0.477031129163
0.1454314,0.1454314,0.477031129163
-1.3753067,-1.3753067,0.477031129163
-0.047968,-0.047968,0.477031129163
-0.3097248,-0.3097248,0.477031129163
4.090009,4.090009,0.477031129163
0.521894,0.521894,0.477031129163
18.1454157,10.0,0.477031129163
13.9018998,10.0,0.477031129163
-2.4481168,-2.4481168,0.477031129163
17.3112357,10.0,0.477031129163
-2.8545838,-2.8545838,0.477031129163
-1.5972494,-1.5972494,0.477031129163
-0.565867,-0.565867,0.477031129163
14.7495113,10.0,0.477031129163
0.4930333,0.4930333,0.477031129163
16.1680685,10.0,0.477031129163
17.8321184,10.0,0.477031129163
-2.4106824,-2.4106824,0.477031129163
17.5984171,10.0,0.477031129163
16.3134999,10.0,0.477031129163
-19.2074251,-10.0,0.477031129163
-17.8800864,-10.0,0.477031129163
-18.1418432,-10.0,0.477031129163
-13.7421094,-10.0,0.477031129163
-17.3102244,-10.0,0.477031129163
0.3132973,0.3132973,0.477031129163
-3.9302186,-3.9302186,0.477031129163
-20.2802352,-10.0,0.477031129163
-0.5208827,-0.5208827,0.477031129163
-20.6867022,-10.0,0.477031129163
-19.4293678,-10.0,0.477031129163
-18.3979854,-10.0,0.477031129163
-3.0826071,-3.0826071,0.477031129163
-17.3390851,-10.0,0.477031129163
-1.6640499,-1.6640499,0.477031129163
-17.8321184,-10.0,0.477031129163
-20.2428008,-10.0,0.477031129163
-0.2337013,-0.2337013,0.477031129163
-1.5186185,-1.5186185,0.477031129163
1.0353757,1.0353757,0.477031129163
2.3627144,2.3627144,0.477031129163
2.1009576,2.1009576,0.477031129163
6.5006914,6.5006914,0.477031129163
2.9325764,2.9325764,0.477031129163
20.5560981,10.0,0.477031129163
16.3125822,10.0,0.477031129163
-0.0374344,-0.0374344,0.477031129163
19.7219181,10.0,0.477031129163
-0.4439014,-0.4439014,0.477031129163
0.813433,0.813433,0.477031129163
1.8448154,1.8448154,0.477031129163
17.1601937,10.0,0.477031129163
2.9037157,2.9037157,0.477031129163
18.5787509,10.0,0.477031129163
2.4106824,2.4106824,0.477031129163
20.2428008,10.0,0.477031129163
20.0090995,10.0,0.477031129163
18.7241823,10.0,0.477031129163
-18.9737238,-10.0,0.477031129163
-17.6463851,-10.0,0.477031129163
-17.9081419,-10.0,0.477031129163
-13.5084081,-10.0,0.477031129163
-17.0765231,-10.0,0.477031129163
0.5469986,0.5469986,0.477031129163
-3.6965173,-3.6965173,0.477031129163
-20.0465339,-10.0,0.477031129163
-0.2871814,-0.2871814,0.477031129163
-20.4530009,-10.0,0.477031129163
-19.1956665,-10.0,0.477031129163
-18.1642841,-10.0,0.477031129163
-2.8489058,-2.8489058,0.477031129163
-17.1053838,-10.0,0.477031129163
-1.4303486,-1.4303486,0.477031129163
-17.5984171,-10.0,0.477031129163
0.2337013,0.2337013,0.477031129163
-20.0090995,-10.0,0.477031129163
-1.2849172,-1.2849172,0.477031129163
-17.6888066,-10.0,0.477031129163
-16.3614679,-10.0,0.477031129163
-16.6232247,-10.0,0.477031129163
-12.2234909,-10.0,0.477031129163
-15.7916059,-10.0,0.477031129163
1.8319158,1.8319158,0.477031129163
-2.4116001,-2.4116001,0.477031129163
-18.7616167,-10.0,0.477031129163
0.9977358,0.9977358,0.477031129163
-19.1680837,-10.0,0.477031129163
-17.9107493,-10.0,0.477031129163
-16.8793669,-10.0,0.477031129163
-1.5639886,-1.5639886,0.477031129163
-15.8204666,-10.0,0.477031129163
-0.1454314,-0.1454314,0.477031129163
-16.3134999,-10.0,0.477031129163
1.5186185,1.5186185,0.477031129163
-18.7241823,-10.0,0.477031129163
1.2849172,1.2849172,0.477031129163
1.3496205,1.3496205,0.471592806243
4.437437,4.437437,0.471592806243
1.3202707,1.3202707,0.471592806243
20.7806381,10.0,0.471592806243
-0.2193595,-0.2193595,0.471592806243
5.1780209,5.1780209,0.471592806243
4.3667367,4.3667367,0.471592806243
19.6339987,10.0,0.471592806243
20.7467179,10.0,0.471592806243
1.9144729,1.9144729,0.471592806243
17.7414879,10.0,0.471592806243
17.6141812,10.0,0.471592806243
1.0929456,1.0929456,0.471592806243
19.839841,10.0,0.471592806243
1.9137337,1.9137337,0.471592806243
0.7684812,0.7684812,0.471592806243
1.25748,1.25748,0.471592806243
18.5046002,10.0,0.471592806243
19.7190173,10.0,0.471592806243
-1.3496205,-1.3496205,0.471592806243
3.0878165,3.0878165,0.471592806243
-0.0293498,-0.0293498,0.471592806243
19.4310176,10.0,0.471592806243
-1.56898,-1.56898,0.471592806243
3.8284004,3.8284004,0.471592806243
3.0171162,3.0171162,0.471592806243
18.2843782,10.0,0.471592806243
19.3970974,10.0,0.471592806243
0.5648524,0.5648524,0.471592806243
16.3918674,10.0,0.471592806243
16.2645607,10.0,0.471592806243
-0.2566749,-0.2566749,0.471592806243
18.4902205,10.0,0.471592806243
0.5641132,0.5641132,0.471592806243
-0.5811393,-0.5811393,0.471592806243
-0.0921405,-0.0921405,0.471592806243
17.1549797,10.0,0.471592806243
18.3693968,10.0,0.471592806243
-4.437437,-4.437437,0.471592806243
-3.0878165,-3.0878165,0.471592806243
-3.1171663,-3.1171663,0.471592806243
16.3432011,10.0,0.471592806243
-4.6567965,-4.6567965,0.471592806243
0.7405839,0.7405839,0.471592806243
-0.0707003,-0.0707003,0.471592806243
15.1965617,10.0,0.471592806243
16.3092809,10.0,0.471592806243
-2.5229641,-2.5229641,0.471592806243
13.3040509,10.0,0.471592806243
13.1767442,10.0,0.471592806243
-3.3444914,-3.3444914,0.471592806243
15.402404,10.0,0.471592806243
-2.5237033,-2.5237033,0.471592806243
-3.6689558,-3.6689558,0.471592806243
-3.179957,-3.179957,0.471592806243
14.0671632,10.0,0.471592806243
15.2815803,10.0,0.471592806243
-1.3202707,-1.3202707,0.471592806243
0.0293498,0.0293498,0.471592806243
3.1171663,3.1171663,0.471592806243
19.4603674,10.0,0.471592806243
-1.5396302,-1.5396302,0.471592806243
3.8577502,3.8577502,0.471592806243
3.046466,3.046466,0.471592806243
18.313728,10.0,0.471592806243
19.4264472,10.0,0.471592806243
0.5942022,0.5942022,0.471592806243
16.4212172,10.0,0.471592806243
16.2939105,10.0,0.471592806243
-0.2273251,-0.2273251,0.471592806243
18.5195703,10.0,0.471592806243
0.593463,0.593463,0.471592806243
-0.5517895,-0.5517895,0.471592806243
-0.0627907,-0.0627907,0.471592806243
17.1843295,10.0,0.471592806243
18.3987466,10.0,0.471592806243
-20.7806381,-10.0,0.471592806243
-19.4310176,-10.0,0.471592806243
-16.3432011,-10.0,0.471592806243
-19.4603674,-10.0,0.471592806243
-20.9999976,-10.0,0.471592806243
-15.6026172,-10.0,0.471592806243
-16.4139014,-10.0,0.471592806243
-1.1466394,-1.1466394,0.471592806243
-0.0339202,-0.0339202,0.471592806243
-18.8661652,-10.0,0.471592806243
-3.0391502,-3.0391502,0.471592806243
-3.1664569,-3.1664569,0.471592806243
-19.6876925,-10.0,0.471592806243
-0.9407971,-0.9407971,0.471592806243
-18.8669044,-10.0,0.471592806243
-20.0121569,-10.0,0.471592806243
-19.5231581,-10.0,0.471592806243
-2.2760379,-2.2760379,0.471592806243
-1.0616208,-1.0616208,0.471592806243
0.2193595,0.2193595,0.471592806243
1.56898,1.56898,0.471592806243
4.6567965,4.6567965,0.471592806243
1.5396302,1.5396302,0.471592806243
20.9999976,10.0,0.471592806243
5.3973804,5.3973804,0.471592806243
4.5860962,4.5860962,0.471592806243
19.8533582,10.0,0.471592806243
20.9660774,10.0,0.471592806243
2.1338324,2.1338324,0.471592806243
17.9608474,10.0,0.471592806243
17.8335407,10.0,0.471592806243
1.3123051,1.3123051,0.471592806243
20.0592005,10.0,0.471592806243
2.1330932,2.1330932,0.471592806243
0.9878407,0.9878407,0.471592806243
1.4768395,1.4768395,0.471592806243
18.7239597,10.0,0.471592806243
19.9383768,10.0,0.471592806243
-5.1780209,-5.1780209,0.471592806243
-3.8284004,-3.8284004,0.471592806243
-0.7405839,-0.7405839,0.471592806243
-3.8577502,-3.8577502,0.471592806243
15.6026172,10.0,0.471592806243
-5.3973804,-5.3973804,0.471592806243
-0.8112842,-0.8112842,0.471592806243
14.4559778,10.0,0.471592806243
15.568697,10.0,0.471592806243
-3.263548,-3.263548,0.471592806243
12.563467,10.0,0.471592806243
12.4361603,10.0,0.471592806243
-4.0850753,-4.0850753,0.471592806243
14.6618201,10.0,0.471592806243
-3.2642872,-3.2642872,0.471592806243
-4.4095397,-4.4095397,0.471592806243
-3.9205409,-3.9205409,0.471592806243
13.3265793,10.0,0.471592806243
14.5409964,10.0,0.471592806243
-4.3667367,-4.3667367,0.471592806243
-3.0171162,-3.0171162,0.471592806243
0.0707003,0.0707003,0.471592806243
-3.046466,-3.046466,0.471592806243
16.4139014,10.0,0.471592806243
-4.5860962,-4.5860962,0.471592806243
0.8112842,0.8112842,0.471592806243
15.267262,10.0,0.471592806243
16.3799812,10.0,0.471592806243
-2.4522638,-2.4522638,0.471592806243
13.3747512,10.0,0.471592806243
13.2474445,10.0,0.471592806243
-3.2737911,-3.2737911,0.471592806243
15.4731043,10.0,0.471592806243
-2.453003,-2.453003,0.471592806243
-3.5982555,-3.5982555,0.471592806243
-3.1092567,-3.1092567,0.471592806243
14.1378635,10.0,0.471592806243
15.3522806,10.0,0.471592806243
-19.6339987,-10.0,0.471592806243
-18.2843782,-10.0,0.471592806243
-15.1965617,-10.0,0.471592806243
-18.313728,-10.0,0.471592806243
1.1466394,1.1466394,0.471592806243
-19.8533582,-10.0,0.471592806243
-14.4559778,-10.0,0.471592806243
-15.267262,-10.0,0.471592806243
1.1127192,1.1127192,0.471592806243
-17.7195258,-10.0,0.471592806243
-1.8925108,-1.8925108,0.471592806243
-2.0198175,-2.0198175,0.471592806243
-18.5410531,-10.0,0.471592806243
0.2058423,0.2058423,0.471592806243
-17.720265,-10.0,0.471592806243
-18.8655175,-10.0,0.471592806243
-18.3765187,-10.0,0.471592806243
-1.1293985,-1.1293985,0.471592806243
0.0850186,0.0850186,0.471592806243
-20.7467179,-10.0,0.471592806243
-19.3970974,-10.0,0.471592806243
-16.3092809,-10.0,0.471592806243
-19.4264472,-10.0,0.471592806243
0.0339202,0.0339202,0.471592806243
-20.9660774,-10.0,0.471592806243
-15.568697,-10.0,0.471592806243
-16.3799812,-10.0,0.471592806243
-1.1127192,-1.1127192,0.471592806243
-18.832245,-10.0,0.471592806243
-3.00523,-3.00523,0.471592806243
-3.1325367,-3.1325367,0.471592806243
-19.6537723,-10.0,0.471592806243
-0.9068769,-0.9068769,0.471592806243
-18.8329842,-10.0,0.471592806243
-19.9782367,-10.0,0.471592806243
-19.4892379,-10.0,0.471592806243
-2.2421177,-2.2421177,0.471592806243
-1.0277006,-1.0277006,0.471592806243
-1.9144729,-1.9144729,0.471592806243
-0.5648524,-0.5648524,0.471592806243
2.5229641,2.5229641,0.471592806243
-0.5942022,-0.5942022,0.471592806243
18.8661652,10.0,0.471592806243
-2.1338324,-2.1338324,0.471592806243
3.263548,3.263548,0.471592806243
2.4522638,2.4522638,0.471592806243
17.7195258,10.0,0.471592806243
18.832245,10.0,0.471592806243
15.827015,10.0,0.471592806243
15.6997083,10.0,0.471592806243
-0.8215273,-0.8215273,0.471592806243
17.9253681,10.0,0.471592806243
-0.0007392,-0.0007392,0.471592806243
-1.1459917,-1.1459917,0.471592806243
-0.6569929,-0.6569929,0.471592806243
16.5901273,10.0,0.471592806243
17.8045444,10.0,0.471592806243
-17.7414879,-10.0,0.471592806243
-16.3918674,-10.0,0.471592806243
-13.3040509,-10.0,0.471592806243
-16.4212172,-10.0,0.471592806243
3.0391502,3.0391502,0.471592806243
-17.9608474,-10.0,0.471592806243
-12.563467,-10.0,0.471592806243
-13.3747512,-10.0,0.471592806243
1.8925108,1.8925108,0.471592806243
3.00523,3.00523,0.471592806243
-15.827015,-10.0,0.471592806243
-0.1273067,-0.1273067,0.471592806243
-16.6485423,-10.0,0.471592806243
2.0983531,2.0983531,0.471592806243
-15.8277542,-10.0,0.471592806243
-16.9730067,-10.0,0.471592806243
-16.4840079,-10.0,0.471592806243
0.7631123,0.7631123,0.471592806243
1.9775294,1.9775294,0.471592806243
-17.6141812,-10.0,0.471592806243
-16.2645607,-10.0,0.471592806243
-13.1767442,-10.0,0.471592806243
-16.2939105,-10.0,0.471592806243
3.1664569,3.1664569,0.471592806243
-17.8335407,-10.0,0.471592806243
-12.4361603,-10.0,0.471592806243
-13.2474445,-10.0,0.471592806243
2.0198175,2.0198175,0.471592806243
3.1325367,3.1325367,0.471592806243
-15.6997083,-10.0,0.471592806243
0.1273067,0.1273067,0.471592806243
-16.5212356,-10.0,0.471592806243
2.2256598,2.2256598,0.471592806243
-15.7004475,-10.0,0.471592806243
-16.8457,-10.0,0.471592806243
-16.3567012,-10.0,0.471592806243
0.890419,0.890419,0.471592806243
2.1048361,2.1048361,0.471592806243
-1.0929456,-1.0929456,0.471592806243
0.2566749,0.2566749,0.471592806243
3.3444914,3.3444914,0.471592806243
0.2273251,0.2273251,0.471592806243
19.6876925,10.0,0.471592806243
-1.3123051,-1.3123051,0.471592806243
4.0850753,4.0850753,0.471592806243
3.2737911,3.2737911,0.471592806243
18.5410531,10.0,0.471592806243
19.6537723,10.0,0.471592806243
0.8215273,0.8215273,0.471592806243
16.6485423,10.0,0.471592806243
16.5212356,10.0,0.471592806243
18.7468954,10.0,0.471592806243
0.8207881,0.8207881,0.471592806243
-0.3244644,-0.3244644,0.471592806243
0.1645344,0.1645344,0.471592806243
17.4116546,10.0,0.471592806243
18.6260717,10.0,0.471592806243
-19.839841,-10.0,0.471592806243
-18.4902205,-10.0,0.471592806243
-15.402404,-10.0,0.471592806243
-18.5195703,-10.0,0.471592806243
0.9407971,0.9407971,0.471592806243
-20.0592005,-10.0,0.471592806243
-14.6618201,-10.0,0.471592806243
-15.4731043,-10.0,0.471592806243
-0.2058423,-0.2058423,0.471592806243
0.9068769,0.9068769,0.471592806243
-17.9253681,-10.0,0.471592806243
-2.0983531,-2.0983531,0.471592806243
-2.2256598,-2.2256598,0.471592806243
-18.7468954,-10.0,0.471592806243
-17.9261073,-10.0,0.471592806243
-19.0713598,-10.0,0.471592806243
-18.582361,-10.0,0.471592806243
-1.3352408,-1.3352408,0.471592806243
-0.1208237,-0.1208237,0.471592806243
-1.9137337,-1.9137337,0.471592806243
-0.5641132,-0.5641132,0.471592806243
2.5237033,2.5237033,0.471592806243
-0.593463,-0.593463,0.471592806243
18.8669044,10.0,0.471592806243
-2.1330932,-2.1330932,0.471592806243
3.2642872,3.2642872,0.471592806243
2.453003,2.453003,0.471592806243
17.720265,10.0,0.471592806243
18.8329842,10.0,0.471592806243
0.0007392,0.0007392,0.471592806243
15.8277542,10.0,0.471592806243
15.7004475,10.0,0.471592806243
-0.8207881,-0.8207881,0.471592806243
17.9261073,10.0,0.471592806243
-1.1452525,-1.1452525,0.471592806243
-0.6562537,-0.6562537,0.471592806243
16.5908665,10.0,0.471592806243
17.8052836,10.0,0.471592806243
-0.7684812,-0.7684812,0.471592806243
0.5811393,0.5811393,0.471592806243
3.6689558,3.6689558,0.471592806243
0.5517895,0.5517895,0.471592806243
20.0121569,10.0,0.471592806243
-0.9878407,-0.9878407,0.471592806243
4.4095397,4.4095397,0.471592806243
3.5982555,3.5982555,0.471592806243
18.8655175,10.0,0.471592806243
19.9782367,10.0,0.471592806243
1.1459917,1.1459917,0.471592806243
16.9730067,10.0,0.471592806243
16.8457,10.0,0.471592806243
0.3244644,0.3244644,0.471592806243
19.0713598,10.0,0.471592806243
1.1452525,1.1452525,0.471592806243
0.4889988,0.4889988,0.471592806243
17.736119,10.0,0.471592806243
18.9505361,10.0,0.471592806243
-1.25748,-1.25748,0.471592806243
0.0921405,0.0921405,0.471592806243
3.179957,3.179957,0.471592806243
0.0627907,0.0627907,0.471592806243
19.5231581,10.0,0.471592806243
-1.4768395,-1.4768395,0.471592806243
3.9205409,3.9205409,0.471592806243
3.1092567,3.1092567,0.471592806243
18.3765187,10.0,0.471592806243
19.4892379,10.0,0.471592806243
0.6569929,0.6569929,0.471592806243
16.4840079,10.0,0.471592806243
16.3567012,10.0,0.471592806243
-0.1645344,-0.1645344,0.471592806243
18.582361,10.0,0.471592806243
0.6562537,0.6562537,0.471592806243
-0.4889988,-0.4889988,0.471592806243
17.2471202,10.0,0.471592806243
18.4615373,10.0,0.471592806243
-18.5046002,-10.0,0.471592806243
-17.1549797,-10.0,0.471592806243
-14.0671632,-10.0,0.471592806243
-17.1843295,-10.0,0.471592806243
2.2760379,2.2760379,0.471592806243
-18.7239597,-10.0,0.471592806243
-13.3265793,-10.0,0.471592806243
-14.1378635,-10.0,0.471592806243
1.1293985,1.1293985,0.471592806243
2.2421177,2.2421177,0.471592806243
-16.5901273,-10.0,0.471592806243
-0.7631123,-0.7631123,0.471592806243
-0.890419,-0.890419,0.471592806243
-17.4116546,-10.0,0.471592806243
1.3352408,1.3352408,0.471592806243
-16.5908665,-10.0,0.471592806243
-17.736119,-10.0,0.471592806243
-17.2471202,-10.0,0.471592806243
1.2144171,1.2144171,0.471592806243
-19.7190173,-10.0,0.471592806243
-18.3693968,-10.0,0.471592806243
-15.2815803,-10.0,0.471592806243
-18.3987466,-10.0,0.471592806243
1.0616208,1.0616208,0.471592806243
-19.9383768,-10.0,0.471592806243
-14.5409964,-10.0,0.471592806243
-15.3522806,-10.0,0.471592806243
-0.0850186,-0.0850186,0.471592806243
1.0277006,1.0277006,0.471592806243
-17.8045444,-10.0,0.471592806243
-1.9775294,-1.9775294,0.471592806243
-2.1048361,-2.1048361,0.471592806243
-18.6260717,-10.0,0.471592806243
0.1208237,0.1208237,0.471592806243
-17.8052836,-10.0,0.471592806243
-18.9505361,-10.0,0.471592806243
-18.4615373,-10.0,0.471592806243
-1.2144171,-1.2144171,0.471592806243
15.9444389,10.0,0.506370698042
4.5246295,4.5246295,0.506370698042
-1.7845677,-1.7845677,0.506370698042
2.9677342,2.9677342,0.506370698042
17.2739797,10.0,0.506370698042
16.7563534,10.0,0.506370698042
0.3057004,0.3057004,0.506370698042
-2.6896323,-2.6896323,0.506370698042
0.9585221,0.9585221,0.506370698042
1.0854119,1.0854119,0.506370698042
18.6057924,10.0,0.506370698042
-2.5010272,-2.5010272,0.506370698042
1.2276255,1.2276255,0.506370698042
-0.6801168,-0.6801168,0.506370698042
-1.0296572,-1.0296572,0.506370698042
-2.3937682,-2.3937682,0.506370698042
0.1353564,0.1353564,0.506370698042
14.1363477,10.0,0.506370698042
17.3016291,10.0,0.506370698042
-15.9444389,-10.0,0.506370698042
-11.4198094,-10.0,0.506370698042
-17.7290066,-10.0,0.506370698042
-12.9767047,-10.0,0.506370698042
1.3295408,1.3295408,0.506370698042
0.8119145,0.8119145,0.506370698042
-15.6387385,-10.0,0.506370698042
-18.6340712,-10.0,0.506370698042
-14.9859168,-10.0,0.506370698042
-14.859027,-10.0,0.506370698042
2.6613535,2.6613535,0.506370698042
-18.4454661,-10.0,0.506370698042
-14.7168134,-10.0,0.506370698042
-16.6245557,-10.0,0.506370698042
-16.9740961,-10.0,0.506370698042
-18.3382071,-10.0,0.506370698042
-15.8090825,-10.0,0.506370698042
-1.8080912,-1.8080912,0.506370698042
1.3571902,1.3571902,0.506370698042
-4.5246295,-4.5246295,0.506370698042
11.4198094,10.0,0.506370698042
-6.3091972,-6.3091972,0.506370698042
-1.5568953,-1.5568953,0.506370698042
12.7493502,10.0,0.506370698042
12.2317239,10.0,0.506370698042
-4.2189291,-4.2189291,0.506370698042
-7.2142618,-7.2142618,0.506370698042
-3.5661074,-3.5661074,0.506370698042
-3.4392176,-3.4392176,0.506370698042
14.0811629,10.0,0.506370698042
-7.0256567,-7.0256567,0.506370698042
-3.297004,-3.297004,0.506370698042
-5.2047463,-5.2047463,0.506370698042
-5.5542867,-5.5542867,0.506370698042
-6.9183977,-6.9183977,0.506370698042
-4.3892731,-4.3892731,0.506370698042
9.6117182,9.6117182,0.506370698042
12.7769996,10.0,0.506370698042
1.7845677,1.7845677,0.506370698042
17.7290066,10.0,0.506370698042
6.3091972,6.3091972,0.506370698042
4.7523019,4.7523019,0.506370698042
19.0585474,10.0,0.506370698042
18.5409211,10.0,0.506370698042
2.0902681,2.0902681,0.506370698042
-0.9050646,-0.9050646,0.506370698042
2.7430898,2.7430898,0.506370698042
2.8699796,2.8699796,0.506370698042
20.3903601,10.0,0.506370698042
-0.7164595,-0.7164595,0.506370698042
3.0121932,3.0121932,0.506370698042
1.1044509,1.1044509,0.506370698042
0.7549105,0.7549105,0.506370698042
-0.6092005,-0.6092005,0.506370698042
1.9199241,1.9199241,0.506370698042
15.9209154,10.0,0.506370698042
19.0861968,10.0,0.506370698042
-2.9677342,-2.9677342,0.506370698042
12.9767047,10.0,0.506370698042
1.5568953,1.5568953,0.506370698042
-4.7523019,-4.7523019,0.506370698042
14.3062455,10.0,0.506370698042
13.7886192,10.0,0.506370698042
-2.6620338,-2.6620338,0.506370698042
-5.6573665,-5.6573665,0.506370698042
-2.0092121,-2.0092121,0.506370698042
-1.8823223,-1.8823223,0.506370698042
15.6380582,10.0,0.506370698042
-5.4687614,-5.4687614,0.506370698042
-1.7401087,-1.7401087,0.506370698042
-3.647851,-3.647851,0.506370698042
-3.9973914,-3.9973914,0.506370698042
-5.3615024,-5.3615024,0.506370698042
-2.8323778,-2.8323778,0.506370698042
11.1686135,10.0,0.506370698042
14.3338949,10.0,0.506370698042
-17.2739797,-10.0,0.506370698042
-1.3295408,-1.3295408,0.506370698042
-12.7493502,-10.0,0.506370698042
-19.0585474,-10.0,0.506370698042
-14.3062455,-10.0,0.506370698042
-0.5176263,-0.5176263,0.506370698042
-16.9682793,-10.0,0.506370698042
-19.963612,-10.0,0.506370698042
-16.3154576,-10.0,0.506370698042
-16.1885678,-10.0,0.506370698042
1.3318127,1.3318127,0.506370698042
-19.7750069,-10.0,0.506370698042
-16.0463542,-10.0,0.506370698042
-17.9540965,-10.0,0.506370698042
-18.3036369,-10.0,0.506370698042
-19.6677479,-10.0,0.506370698042
-17.1386233,-10.0,0.506370698042
-3.137632,-3.137632,0.506370698042
0.0276494,0.0276494,0.506370698042
-16.7563534,-10.0,0.506370698042
-0.8119145,-0.8119145,0.506370698042
-12.2317239,-10.0,0.506370698042
-18.5409211,-10.0,0.506370698042
-13.7886192,-10.0,0.506370698042
0.5176263,0.5176263,0.506370698042
-16.450653,-10.0,0.506370698042
-19.4459857,-10.0,0.506370698042
-15.7978313,-10.0,0.506370698042
-15.6709415,-10.0,0.506370698042
1.849439,1.849439,0.506370698042
-19.2573806,-10.0,0.506370698042
-15.5287279,-10.0,0.506370698042
-17.4364702,-10.0,0.506370698042
-17.7860106,-10.0,0.506370698042
-19.1501216,-10.0,0.506370698042
-16.620997,-10.0,0.506370698042
-2.6200057,-2.6200057,0.506370698042
0.5452757,0.5452757,0.506370698042
-0.3057004,-0.3057004,0.506370698042
15.6387385,10.0,0.506370698042
4.2189291,4.2189291,0.506370698042
-2.0902681,-2.0902681,0.506370698042
2.6620338,2.6620338,0.506370698042
16.9682793,10.0,0.506370698042
16.450653,10.0,0.506370698042
-2.9953327,-2.9953327,0.506370698042
0.6528217,0.6528217,0.506370698042
0.7797115,0.7797115,0.506370698042
18.300092,10.0,0.506370698042
-2.8067276,-2.8067276,0.506370698042
0.9219251,0.9219251,0.506370698042
-0.9858172,-0.9858172,0.506370698042
-1.3353576,-1.3353576,0.506370698042
-2.6994686,-2.6994686,0.506370698042
-0.170344,-0.170344,0.506370698042
13.8306473,10.0,0.506370698042
16.9959287,10.0,0.506370698042
2.6896323,2.6896323,0.506370698042
18.6340712,10.0,0.506370698042
7.2142618,7.2142618,0.506370698042
0.9050646,0.9050646,0.506370698042
5.6573665,5.6573665,0.506370698042
19.963612,10.0,0.506370698042
19.4459857,10.0,0.506370698042
2.9953327,2.9953327,0.506370698042
3.6481544,3.6481544,0.506370698042
3.7750442,3.7750442,0.506370698042
21.2954247,10.0,0.506370698042
0.1886051,0.1886051,0.506370698042
3.9172578,3.9172578,0.506370698042
2.0095155,2.0095155,0.506370698042
1.6599751,1.6599751,0.506370698042
0.2958641,0.2958641,0.506370698042
2.8249887,2.8249887,0.506370698042
16.82598,10.0,0.506370698042
19.9912614,10.0,0.506370698042
-0.9585221,-0.9585221,0.506370698042
14.9859168,10.0,0.506370698042
3.5661074,3.5661074,0.506370698042
-2.7430898,-2.7430898,0.506370698042
2.0092121,2.0092121,0.506370698042
16.3154576,10.0,0.506370698042
15.7978313,10.0,0.506370698042
-0.6528217,-0.6528217,0.506370698042
-3.6481544,-3.6481544,0.506370698042
0.1268898,0.1268898,0.506370698042
17.6472703,10.0,0.506370698042
-3.4595493,-3.4595493,0.506370698042
0.2691034,0.2691034,0.506370698042
-1.6386389,-1.6386389,0.506370698042
-1.9881793,-1.9881793,0.506370698042
-3.3522903,-3.3522903,0.506370698042
-0.8231657,-0.8231657,0.506370698042
13.1778256,10.0,0.506370698042
16.343107,10.0,0.506370698042
-1.0854119,-1.0854119,0.506370698042
14.859027,10.0,0.506370698042
3.4392176,3.4392176,0.506370698042
-2.8699796,-2.8699796,0.506370698042
1.8823223,1.8823223,0.506370698042
16.1885678,10.0,0.506370698042
15.6709415,10.0,0.506370698042
-0.7797115,-0.7797115,0.506370698042
-3.7750442,-3.7750442,0.506370698042
-0.1268898,-0.1268898,0.506370698042
17.5203805,10.0,0.506370698042
-3.5864391,-3.5864391,0.506370698042
0.1422136,0.1422136,0.506370698042
-1.7655287,-1.7655287,0.506370698042
-2.1150691,-2.1150691,0.506370698042
-3.4791801,-3.4791801,0.506370698042
-0.9500555,-0.9500555,0.506370698042
13.0509358,10.0,0.506370698042
16.2162172,10.0,0.506370698042
-18.6057924,-10.0,0.506370698042
-2.6613535,-2.6613535,0.506370698042
-14.0811629,-10.0,0.506370698042
-20.3903601,-10.0,0.506370698042
-15.6380582,-10.0,0.506370698042
-1.3318127,-1.3318127,0.506370698042
-1.849439,-1.849439,0.506370698042
-18.300092,-10.0,0.506370698042
-21.2954247,-10.0,0.506370698042
-17.6472703,-10.0,0.506370698042
-17.5203805,-10.0,0.506370698042
-21.1068196,-10.0,0.506370698042
-17.3781669,-10.0,0.506370698042
-19.2859092,-10.0,0.506370698042
-19.6354496,-10.0,0.506370698042
-20.9995606,-10.0,0.506370698042
-18.470436,-10.0,0.506370698042
-4.4694447,-4.4694447,0.506370698042
-1.3041633,-1.3041633,0.506370698042
2.5010272,2.5010272,0.506370698042
18.4454661,10.0,0.506370698042
7.0256567,7.0256567,0.506370698042
0.7164595,0.7164595,0.506370698042
5.4687614,5.4687614,0.506370698042
19.7750069,10.0,0.506370698042
19.2573806,10.0,0.506370698042
2.8067276,2.8067276,0.506370698042
-0.1886051,-0.1886051,0.506370698042
3.4595493,3.4595493,0.506370698042
3.5864391,3.5864391,0.506370698042
21.1068196,10.0,0.506370698042
3.7286527,3.7286527,0.506370698042
1.8209104,1.8209104,0.506370698042
1.47137,1.47137,0.506370698042
0.107259,0.107259,0.506370698042
2.6363836,2.6363836,0.506370698042
16.6373749,10.0,0.506370698042
19.8026563,10.0,0.506370698042
-1.2276255,-1.2276255,0.506370698042
14.7168134,10.0,0.506370698042
3.297004,3.297004,0.506370698042
-3.0121932,-3.0121932,0.506370698042
1.7401087,1.7401087,0.506370698042
16.0463542,10.0,0.506370698042
15.5287279,10.0,0.506370698042
-0.9219251,-0.9219251,0.506370698042
-3.9172578,-3.9172578,0.506370698042
-0.2691034,-0.2691034,0.506370698042
-0.1422136,-0.1422136,0.506370698042
17.3781669,10.0,0.506370698042
-3.7286527,-3.7286527,0.506370698042
-1.9077423,-1.9077423,0.506370698042
-2.2572827,-2.2572827,0.506370698042
-3.6213937,-3.6213937,0.506370698042
-1.0922691,-1.0922691,0.506370698042
12.9087222,10.0,0.506370698042
16.0740036,10.0,0.506370698042
0.6801168,0.6801168,0.506370698042
16.6245557,10.0,0.506370698042
5.2047463,5.2047463,0.506370698042
-1.1044509,-1.1044509,0.506370698042
3.647851,3.647851,0.506370698042
17.9540965,10.0,0.506370698042
17.4364702,10.0,0.506370698042
0.9858172,0.9858172,0.506370698042
-2.0095155,-2.0095155,0.506370698042
1.6386389,1.6386389,0.506370698042
1.7655287,1.7655287,0.506370698042
19.2859092,10.0,0.506370698042
-1.8209104,-1.8209104,0.506370698042
1.9077423,1.9077423,0.506370698042
-0.3495404,-0.3495404,0.506370698042
-1.7136514,-1.7136514,0.506370698042
0.8154732,0.8154732,0.506370698042
14.8164645,10.0,0.506370698042
17.9817459,10.0,0.506370698042
1.0296572,1.0296572,0.506370698042
16.9740961,10.0,0.506370698042
5.5542867,5.5542867,0.506370698042
-0.7549105,-0.7549105,0.506370698042
3.9973914,3.9973914,0.506370698042
18.3036369,10.0,0.506370698042
17.7860106,10.0,0.506370698042
1.3353576,1.3353576,0.506370698042
-1.6599751,-1.6599751,0.506370698042
1.9881793,1.9881793,0.506370698042
2.1150691,2.1150691,0.506370698042
19.6354496,10.0,0.506370698042
-1.47137,-1.47137,0.506370698042
2.2572827,2.2572827,0.506370698042
0.3495404,0.3495404,0.506370698042
-1.364111,-1.364111,0.506370698042
1.1650136,1.1650136,0.506370698042
15.1660049,10.0,0.506370698042
18.3312863,10.0,0.506370698042
2.3937682,2.3937682,0.506370698042
18.3382071,10.0,0.506370698042
6.9183977,6.9183977,0.506370698042
0.6092005,0.6092005,0.506370698042
5.3615024,5.3615024,0.506370698042
19.6677479,10.0,0.506370698042
19.1501216,10.0,0.506370698042
2.6994686,2.6994686,0.506370698042
-0.2958641,-0.2958641,0.506370698042
3.3522903,3.3522903,0.506370698042
3.4791801,3.4791801,0.506370698042
20.9995606,10.0,0.506370698042
-0.107259,-0.107259,0.506370698042
3.6213937,3.6213937,0.506370698042
1.7136514,1.7136514,0.506370698042
1.364111,1.364111,0.506370698042
2.5291246,2.5291246,0.506370698042
16.5301159,10.0,0.506370698042
19.6953973,10.0,0.506370698042
-0.1353564,-0.1353564,0.506370698042
15.8090825,10.0,0.506370698042
4.3892731,4.3892731,0.506370698042
-1.9199241,-1.9199241,0.506370698042
2.8323778,2.8323778,0.506370698042
17.1386233,10.0,0.506370698042
16.620997,10.0,0.506370698042
0.170344,0.170344,0.506370698042
-2.8249887,-2.8249887,0.506370698042
0.8231657,0.8231657,0.506370698042
0.9500555,0.9500555,0.506370698042
18.470436,10.0,0.506370698042
-2.6363836,-2.6363836,0.506370698042
1.0922691,1.0922691,0.506370698042
-0.8154732,-0.8154732,0.506370698042
-1.1650136,-1.1650136,0.506370698042
-2.5291246,-2.5291246,0.506370698042
14.0009913,10.0,0.506370698042
17.1662727,10.0,0.506370698042
-14.1363477,-10.0,0.506370698042
1.8080912,1.8080912,0.506370698042
-9.6117182,-9.6117182,0.506370698042
-15.9209154,-10.0,0.506370698042
-11.1686135,-10.0,0.506370698042
3.137632,3.137632,0.506370698042
2.6200057,2.6200057,0.506370698042
-13.8306473,-10.0,0.506370698042
-16.82598,-10.0,0.506370698042
-13.1778256,-10.0,0.506370698042
-13.0509358,-10.0,0.506370698042
4.4694447,4.4694447,0.506370698042
-16.6373749,-10.0,0.506370698042
-12.9087222,-10.0,0.506370698042
-14.8164645,-10.0,0.506370698042
-15.1660049,-10.0,0.506370698042
-16.5301159,-10.0,0.506370698042
-14.0009913,-10.0,0.506370698042
3.1652814,3.1652814,0.506370698042
-17.3016291,-10.0,0.506370698042
-1.3571902,-1.3571902,0.506370698042
-12.7769996,-10.0,0.506370698042
-19.0861968,-10.0,0.506370698042
-14.3338949,-10.0,0.506370698042
-0.0276494,-0.0276494,0.506370698042
-0.5452757,-0.5452757,0.506370698042
-16.9959287,-10.0,0.506370698042
-19.9912614,-10.0,0.506370698042
-16.343107,-10.0,0.506370698042
-16.2162172,-10.0,0.506370698042
1.3041633,1.3041633,0.506370698042
-19.8026563,-10.0,0.506370698042
-16.0740036,-10.0,0.506370698042
-17.9817459,-10.0,0.506370698042
-18.3312863,-10.0,0.506370698042
-19.6953973,-10.0,0.506370698042
-17.1662727,-10.0,0.506370698042
-3.1652814,-3.1652814,0.506370698042
0.910279,0.910279,0.501320348417
6.218284,6.218284,0.501320348417
8.3564036,8.3564036,0.501320348417
19.5304831,10.0,0.501320348417
2.2725332,2.2725332,0.501320348417
19.8373667,10.0,0.501320348417
0.7580355,0.7580355,0.501320348417
19.8431463,10.0,0.501320348417
3.4532744,3.4532744,0.501320348417
0.0641478,0.0641478,0.501320348417
2.7036901,2.7036901,0.501320348417
21.9102778,10.0,0.501320348417
16.5981258,10.0,0.501320348417
21.4890284,10.0,0.501320348417
2.0091322,2.0091322,0.501320348417
0.0306186,0.0306186,0.501320348417
0.7360717,0.7360717,0.501320348417
17.7465366,10.0,0.501320348417
2.0050708,2.0050708,0.501320348417
-0.910279,-0.910279,0.501320348417
5.308005,5.308005,0.501320348417
7.4461246,7.4461246,0.501320348417
18.6202041,10.0,0.501320348417
1.3622542,1.3622542,0.501320348417
18.9270877,10.0,0.501320348417
-0.1522435,-0.1522435,0.501320348417
18.9328673,10.0,0.501320348417
2.5429954,2.5429954,0.501320348417
-0.8461312,-0.8461312,0.501320348417
1.7934111,1.7934111,0.501320348417
20.9999988,10.0,0.501320348417
15.6878468,10.0,0.501320348417
20.5787494,10.0,0.501320348417
1.0988532,1.0988532,0.501320348417
-0.8796604,-0.8796604,0.501320348417
-0.1742073,-0.1742073,0.501320348417
16.8362576,10.0,0.501320348417
1.0947918,1.0947918,0.501320348417
-6.218284,-6.218284,0.501320348417
-5.308005,-5.308005,0.501320348417
2.1381196,2.1381196,0.501320348417
13.3121991,10.0,0.501320348417
-3.9457508,-3.9457508,0.501320348417
13.6190827,10.0,0.501320348417
-5.4602485,-5.4602485,0.501320348417
13.6248623,10.0,0.501320348417
-2.7650096,-2.7650096,0.501320348417
-6.1541362,-6.1541362,0.501320348417
-3.5145939,-3.5145939,0.501320348417
15.6919938,10.0,0.501320348417
10.3798418,10.0,0.501320348417
15.2707444,10.0,0.501320348417
-4.2091518,-4.2091518,0.501320348417
-6.1876654,-6.1876654,0.501320348417
-5.4822123,-5.4822123,0.501320348417
11.5282526,10.0,0.501320348417
-4.2132132,-4.2132132,0.501320348417
-8.3564036,-8.3564036,0.501320348417
-7.4461246,-7.4461246,0.501320348417
-2.1381196,-2.1381196,0.501320348417
11.1740795,10.0,0.501320348417
-6.0838704,-6.0838704,0.501320348417
11.4809631,10.0,0.501320348417
-7.5983681,-7.5983681,0.501320348417
11.4867427,10.0,0.501320348417
-4.9031292,-4.9031292,0.501320348417
-8.2922558,-8.2922558,0.501320348417
-5.6527135,-5.6527135,0.501320348417
13.5538742,10.0,0.501320348417
8.2417222,8.2417222,0.501320348417
13.1326248,10.0,0.501320348417
-6.3472714,-6.3472714,0.501320348417
-8.325785,-8.325785,0.501320348417
-7.6203319,-7.6203319,0.501320348417
9.390133,9.390133,0.501320348417
-6.3513328,-6.3513328,0.501320348417
-19.5304831,-10.0,0.501320348417
-18.6202041,-10.0,0.501320348417
-13.3121991,-10.0,0.501320348417
-11.1740795,-10.0,0.501320348417
-17.2579499,-10.0,0.501320348417
0.3068836,0.3068836,0.501320348417
-18.7724476,-10.0,0.501320348417
0.3126632,0.3126632,0.501320348417
-16.0772087,-10.0,0.501320348417
-19.4663353,-10.0,0.501320348417
-16.826793,-10.0,0.501320348417
2.3797947,2.3797947,0.501320348417
-2.9323573,-2.9323573,0.501320348417
1.9585453,1.9585453,0.501320348417
-17.5213509,-10.0,0.501320348417
-19.4998645,-10.0,0.501320348417
-18.7944114,-10.0,0.501320348417
-1.7839465,-1.7839465,0.501320348417
-17.5254123,-10.0,0.501320348417
-2.2725332,-2.2725332,0.501320348417
-1.3622542,-1.3622542,0.501320348417
3.9457508,3.9457508,0.501320348417
6.0838704,6.0838704,0.501320348417
17.2579499,10.0,0.501320348417
17.5648335,10.0,0.501320348417
-1.5144977,-1.5144977,0.501320348417
17.5706131,10.0,0.501320348417
1.1807412,1.1807412,0.501320348417
-2.2083854,-2.2083854,0.501320348417
0.4311569,0.4311569,0.501320348417
19.6377446,10.0,0.501320348417
14.3255926,10.0,0.501320348417
19.2164952,10.0,0.501320348417
-0.263401,-0.263401,0.501320348417
-2.2419146,-2.2419146,0.501320348417
-1.5364615,-1.5364615,0.501320348417
15.4740034,10.0,0.501320348417
-0.2674624,-0.2674624,0.501320348417
-19.8373667,-10.0,0.501320348417
-18.9270877,-10.0,0.501320348417
-13.6190827,-10.0,0.501320348417
-11.4809631,-10.0,0.501320348417
-0.3068836,-0.3068836,0.501320348417
-17.5648335,-10.0,0.501320348417
-19.0793312,-10.0,0.501320348417
0.0057796,0.0057796,0.501320348417
-16.3840923,-10.0,0.501320348417
-19.7732189,-10.0,0.501320348417
-17.1336766,-10.0,0.501320348417
2.0729111,2.0729111,0.501320348417
-3.2392409,-3.2392409,0.501320348417
1.6516617,1.6516617,0.501320348417
-17.8282345,-10.0,0.501320348417
-19.8067481,-10.0,0.501320348417
-19.101295,-10.0,0.501320348417
-2.0908301,-2.0908301,0.501320348417
-17.8322959,-10.0,0.501320348417
-0.7580355,-0.7580355,0.501320348417
0.1522435,0.1522435,0.501320348417
5.4602485,5.4602485,0.501320348417
7.5983681,7.5983681,0.501320348417
18.7724476,10.0,0.501320348417
1.5144977,1.5144977,0.501320348417
19.0793312,10.0,0.501320348417
19.0851108,10.0,0.501320348417
2.6952389,2.6952389,0.501320348417
-0.6938877,-0.6938877,0.501320348417
1.9456546,1.9456546,0.501320348417
21.1522423,10.0,0.501320348417
15.8400903,10.0,0.501320348417
20.7309929,10.0,0.501320348417
1.2510967,1.2510967,0.501320348417
-0.7274169,-0.7274169,0.501320348417
-0.0219638,-0.0219638,0.501320348417
16.9885011,10.0,0.501320348417
1.2470353,1.2470353,0.501320348417
-19.8431463,-10.0,0.501320348417
-18.9328673,-10.0,0.501320348417
-13.6248623,-10.0,0.501320348417
-11.4867427,-10.0,0.501320348417
-0.3126632,-0.3126632,0.501320348417
-17.5706131,-10.0,0.501320348417
-0.0057796,-0.0057796,0.501320348417
-19.0851108,-10.0,0.501320348417
-16.3898719,-10.0,0.501320348417
-19.7789985,-10.0,0.501320348417
-17.1394562,-10.0,0.501320348417
2.0671315,2.0671315,0.501320348417
-3.2450205,-3.2450205,0.501320348417
1.6458821,1.6458821,0.501320348417
-17.8340141,-10.0,0.501320348417
-19.8125277,-10.0,0.501320348417
-19.1070746,-10.0,0.501320348417
-2.0966097,-2.0966097,0.501320348417
-17.8380755,-10.0,0.501320348417
-3.4532744,-3.4532744,0.501320348417
-2.5429954,-2.5429954,0.501320348417
2.7650096,2.7650096,0.501320348417
4.9031292,4.9031292,0.501320348417
16.0772087,10.0,0.501320348417
-1.1807412,-1.1807412,0.501320348417
16.3840923,10.0,0.501320348417
-2.6952389,-2.6952389,0.501320348417
16.3898719,10.0,0.501320348417
-3.3891266,-3.3891266,0.501320348417
-0.7495843,-0.7495843,0.501320348417
18.4570034,10.0,0.501320348417
13.1448514,10.0,0.501320348417
18.035754,10.0,0.501320348417
-1.4441422,-1.4441422,0.501320348417
-3.4226558,-3.4226558,0.501320348417
-2.7172027,-2.7172027,0.501320348417
14.2932622,10.0,0.501320348417
-1.4482036,-1.4482036,0.501320348417
-0.0641478,-0.0641478,0.501320348417
0.8461312,0.8461312,0.501320348417
6.1541362,6.1541362,0.501320348417
8.2922558,8.2922558,0.501320348417
19.4663353,10.0,0.501320348417
2.2083854,2.2083854,0.501320348417
19.7732189,10.0,0.501320348417
0.6938877,0.6938877,0.501320348417
19.7789985,10.0,0.501320348417
3.3891266,3.3891266,0.501320348417
2.6395423,2.6395423,0.501320348417
21.84613,10.0,0.501320348417
16.533978,10.0,0.501320348417
21.4248806,10.0,0.501320348417
1.9449844,1.9449844,0.501320348417
-0.0335292,-0.0335292,0.501320348417
0.6719239,0.6719239,0.501320348417
17.6823888,10.0,0.501320348417
1.940923,1.940923,0.501320348417
-2.7036901,-2.7036901,0.501320348417
-1.7934111,-1.7934111,0.501320348417
3.5145939,3.5145939,0.501320348417
5.6527135,5.6527135,0.501320348417
16.826793,10.0,0.501320348417
-0.4311569,-0.4311569,0.501320348417
17.1336766,10.0,0.501320348417
-1.9456546,-1.9456546,0.501320348417
17.1394562,10.0,0.501320348417
0.7495843,0.7495843,0.501320348417
-2.6395423,-2.6395423,0.501320348417
19.2065877,10.0,0.501320348417
13.8944357,10.0,0.501320348417
18.7853383,10.0,0.501320348417
-0.6945579,-0.6945579,0.501320348417
-2.6730715,-2.6730715,0.501320348417
-1.9676184,-1.9676184,0.501320348417
15.0428465,10.0,0.501320348417
-0.6986193,-0.6986193,0.501320348417
-21.9102778,-10.0,0.501320348417
-20.9999988,-10.0,0.501320348417
-15.6919938,-10.0,0.501320348417
-13.5538742,-10.0,0.501320348417
-2.3797947,-2.3797947,0.501320348417
-19.6377446,-10.0,0.501320348417
-2.0729111,-2.0729111,0.501320348417
-21.1522423,-10.0,0.501320348417
-2.0671315,-2.0671315,0.501320348417
-18.4570034,-10.0,0.501320348417
-21.84613,-10.0,0.501320348417
-19.2065877,-10.0,0.501320348417
-5.312152,-5.312152,0.501320348417
-0.4212494,-0.4212494,0.501320348417
-19.9011456,-10.0,0.501320348417
-21.8796592,-10.0,0.501320348417
-21.1742061,-10.0,0.501320348417
-4.1637412,-4.1637412,0.501320348417
-19.905207,-10.0,0.501320348417
-16.5981258,-10.0,0.501320348417
-15.6878468,-10.0,0.501320348417
-10.3798418,-10.0,0.501320348417
-8.2417222,-8.2417222,0.501320348417
2.9323573,2.9323573,0.501320348417
-14.3255926,-10.0,0.501320348417
3.2392409,3.2392409,0.501320348417
-15.8400903,-10.0,0.501320348417
3.2450205,3.2450205,0.501320348417
-13.1448514,-10.0,0.501320348417
-16.533978,-10.0,0.501320348417
-13.8944357,-10.0,0.501320348417
5.312152,5.312152,0.501320348417
4.8909026,4.8909026,0.501320348417
-14.5889936,-10.0,0.501320348417
-16.5675072,-10.0,0.501320348417
-15.8620541,-10.0,0.501320348417
1.1484108,1.1484108,0.501320348417
-14.593055,-10.0,0.501320348417
-21.4890284,-10.0,0.501320348417
-20.5787494,-10.0,0.501320348417
-15.2707444,-10.0,0.501320348417
-13.1326248,-10.0,0.501320348417
-1.9585453,-1.9585453,0.501320348417
-19.2164952,-10.0,0.501320348417
-1.6516617,-1.6516617,0.501320348417
-20.7309929,-10.0,0.501320348417
-1.6458821,-1.6458821,0.501320348417
-18.035754,-10.0,0.501320348417
-21.4248806,-10.0,0.501320348417
-18.7853383,-10.0,0.501320348417
0.4212494,0.4212494,0.501320348417
-4.8909026,-4.8909026,0.501320348417
-19.4798962,-10.0,0.501320348417
-21.4584098,-10.0,0.501320348417
-20.7529567,-10.0,0.501320348417
-3.7424918,-3.7424918,0.501320348417
-19.4839576,-10.0,0.501320348417
-2.0091322,-2.0091322,0.501320348417
-1.0988532,-1.0988532,0.501320348417
4.2091518,4.2091518,0.501320348417
6.3472714,6.3472714,0.501320348417
17.5213509,10.0,0.501320348417
0.263401,0.263401,0.501320348417
17.8282345,10.0,0.501320348417
-1.2510967,-1.2510967,0.501320348417
17.8340141,10.0,0.501320348417
1.4441422,1.4441422,0.501320348417
-1.9449844,-1.9449844,0.501320348417
0.6945579,0.6945579,0.501320348417
19.9011456,10.0,0.501320348417
14.5889936,10.0,0.501320348417
19.4798962,10.0,0.501320348417
-1.9785136,-1.9785136,0.501320348417
-1.2730605,-1.2730605,0.501320348417
15.7374044,10.0,0.501320348417
-0.0040614,-0.0040614,0.501320348417
-0.0306186,-0.0306186,0.501320348417
0.8796604,0.8796604,0.501320348417
6.1876654,6.1876654,0.501320348417
8.325785,8.325785,0.501320348417
19.4998645,10.0,0.501320348417
2.2419146,2.2419146,0.501320348417
19.8067481,10.0,0.501320348417
0.7274169,0.7274169,0.501320348417
19.8125277,10.0,0.501320348417
3.4226558,3.4226558,0.501320348417
0.0335292,0.0335292,0.501320348417
2.6730715,2.6730715,0.501320348417
21.8796592,10.0,0.501320348417
16.5675072,10.0,0.501320348417
21.4584098,10.0,0.501320348417
1.9785136,1.9785136,0.501320348417
0.7054531,0.7054531,0.501320348417
17.715918,10.0,0.501320348417
1.9744522,1.9744522,0.501320348417
-0.7360717,-0.7360717,0.501320348417
0.1742073,0.1742073,0.501320348417
5.4822123,5.4822123,0.501320348417
7.6203319,7.6203319,0.501320348417
18.7944114,10.0,0.501320348417
1.5364615,1.5364615,0.501320348417
19.101295,10.0,0.501320348417
0.0219638,0.0219638,0.501320348417
19.1070746,10.0,0.501320348417
2.7172027,2.7172027,0.501320348417
-0.6719239,-0.6719239,0.501320348417
1.9676184,1.9676184,0.501320348417
21.1742061,10.0,0.501320348417
15.8620541,10.0,0.501320348417
20.7529567,10.0,0.501320348417
1.2730605,1.2730605,0.501320348417
-0.7054531,-0.7054531,0.501320348417
17.0104649,10.0,0.501320348417
1.2689991,1.2689991,0.501320348417
-17.7465366,-10.0,0.501320348417
-16.8362576,-10.0,0.501320348417
-11.5282526,-10.0,0.501320348417
-9.390133,-9.390133,0.501320348417
1.7839465,1.7839465,0.501320348417
-15.4740034,-10.0,0.501320348417
2.0908301,2.0908301,0.501320348417
-16.9885011,-10.0,0.501320348417
2.0966097,2.0966097,0.501320348417
-14.2932622,-10.0,0.501320348417
-17.6823888,-10.0,0.501320348417
-15.0428465,-10.0,0.501320348417
4.1637412,4.1637412,0.501320348417
-1.1484108,-1.1484108,0.501320348417
3.7424918,3.7424918,0.501320348417
-15.7374044,-10.0,0.501320348417
-17.715918,-10.0,0.501320348417
-17.0104649,-10.0,0.501320348417
-15.7414658,-10.0,0.501320348417
-2.0050708,-2.0050708,0.501320348417
-1.0947918,-1.0947918,0.501320348417
4.2132132,4.2132132,0.501320348417
6.3513328,6.3513328,0.501320348417
17.5254123,10.0,0.501320348417
0.2674624,0.2674624,0.501320348417
17.8322959,10.0,0.501320348417
-1.2470353,-1.2470353,0.501320348417
17.8380755,10.0,0.501320348417
1.4482036,1.4482036,0.501320348417
-1.940923,-1.940923,0.501320348417
0.6986193,0.6986193,0.501320348417
19.905207,10.0,0.501320348417
14.593055,10.0,0.501320348417
19.4839576,10.0,0.501320348417
0.0040614,0.0040614,0.501320348417
-1.9744522,-1.9744522,0.501320348417
-1.2689991,-1.2689991,0.501320348417
15.7414658,10.0,0.501320348417
17.2415904,10.0,0.555038745316
-0.5691633,-0.5691633,0.555038745316
-2.1801054,-2.1801054,0.555038745316
2.0795353,2.0795353,0.555038745316
3.0429909,3.0429909,0.555038745316
-0.8997758,-0.8997758,0.555038745316
-1.1655357,-1.1655357,0.555038745316
-1.9336708,-1.9336708,0.555038745316
1.5456938,1.5456938,0.555038745316
-0.599756,-0.599756,0.555038745316
0.3554868,0.3554868,0.555038745316
1.2784032,1.2784032,0.555038745316
-0.7840948,-0.7840948,0.555038745316
-1.108598,-1.108598,0.555038745316
0.6202195,0.6202195,0.555038745316
-2.7060587,-2.7060587,0.555038745316
-0.0858154,-0.0858154,0.555038745316
15.7885752,10.0,0.555038745316
16.7499443,10.0,0.555038745316
-17.2415904,-10.0,0.555038745316
-17.8107537,-10.0,0.555038745316
-19.4216958,-10.0,0.555038745316
-15.1620551,-10.0,0.555038745316
-14.1985995,-10.0,0.555038745316
-18.1413662,-10.0,0.555038745316
-18.4071261,-10.0,0.555038745316
-19.1752612,-10.0,0.555038745316
-15.6958966,-10.0,0.555038745316
-17.8413464,-10.0,0.555038745316
-16.8861036,-10.0,0.555038745316
-15.9631872,-10.0,0.555038745316
-18.0256852,-10.0,0.555038745316
-18.3501884,-10.0,0.555038745316
-16.6213709,-10.0,0.555038745316
-19.9476491,-10.0,0.555038745316
-17.3274058,-10.0,0.555038745316
-1.4530152,-1.4530152,0.555038745316
-0.4916461,-0.4916461,0.555038745316
0.5691633,0.5691633,0.555038745316
17.8107537,10.0,0.555038745316
-1.6109421,-1.6109421,0.555038745316
2.6486986,2.6486986,0.555038745316
3.6121542,3.6121542,0.555038745316
-0.3306125,-0.3306125,0.555038745316
-0.5963724,-0.5963724,0.555038745316
-1.3645075,-1.3645075,0.555038745316
2.1148571,2.1148571,0.555038745316
-0.0305927,-0.0305927,0.555038745316
0.9246501,0.9246501,0.555038745316
1.8475665,1.8475665,0.555038745316
-0.2149315,-0.2149315,0.555038745316
-0.5394347,-0.5394347,0.555038745316
1.1893828,1.1893828,0.555038745316
-2.1368954,-2.1368954,0.555038745316
0.4833479,0.4833479,0.555038745316
16.3577385,10.0,0.555038745316
17.3191076,10.0,0.555038745316
2.1801054,2.1801054,0.555038745316
19.4216958,10.0,0.555038745316
1.6109421,1.6109421,0.555038745316
4.2596407,4.2596407,0.555038745316
5.2230963,5.2230963,0.555038745316
1.2803296,1.2803296,0.555038745316
1.0145697,1.0145697,0.555038745316
0.2464346,0.2464346,0.555038745316
3.7257992,3.7257992,0.555038745316
1.5803494,1.5803494,0.555038745316
2.5355922,2.5355922,0.555038745316
3.4585086,3.4585086,0.555038745316
1.3960106,1.3960106,0.555038745316
1.0715074,1.0715074,0.555038745316
2.8003249,2.8003249,0.555038745316
-0.5259533,-0.5259533,0.555038745316
2.09429,2.09429,0.555038745316
17.9686806,10.0,0.555038745316
18.9300497,10.0,0.555038745316
-2.0795353,-2.0795353,0.555038745316
15.1620551,10.0,0.555038745316
-2.6486986,-2.6486986,0.555038745316
-4.2596407,-4.2596407,0.555038745316
0.9634556,0.9634556,0.555038745316
-2.9793111,-2.9793111,0.555038745316
-3.245071,-3.245071,0.555038745316
-4.0132061,-4.0132061,0.555038745316
-0.5338415,-0.5338415,0.555038745316
-2.6792913,-2.6792913,0.555038745316
-1.7240485,-1.7240485,0.555038745316
-0.8011321,-0.8011321,0.555038745316
-2.8636301,-2.8636301,0.555038745316
-3.1881333,-3.1881333,0.555038745316
-1.4593158,-1.4593158,0.555038745316
-4.785594,-4.785594,0.555038745316
-2.1653507,-2.1653507,0.555038745316
13.7090399,10.0,0.555038745316
14.670409,10.0,0.555038745316
-3.0429909,-3.0429909,0.555038745316
14.1985995,10.0,0.555038745316
-3.6121542,-3.6121542,0.555038745316
-5.2230963,-5.2230963,0.555038745316
-0.9634556,-0.9634556,0.555038745316
-3.9427667,-3.9427667,0.555038745316
-4.2085266,-4.2085266,0.555038745316
-4.9766617,-4.9766617,0.555038745316
-1.4972971,-1.4972971,0.555038745316
-3.6427469,-3.6427469,0.555038745316
-2.6875041,-2.6875041,0.555038745316
-1.7645877,-1.7645877,0.555038745316
-3.8270857,-3.8270857,0.555038745316
-4.1515889,-4.1515889,0.555038745316
-2.4227714,-2.4227714,0.555038745316
-5.7490496,-5.7490496,0.555038745316
-3.1288063,-3.1288063,0.555038745316
12.7455843,10.0,0.555038745316
13.7069534,10.0,0.555038745316
0.8997758,0.8997758,0.555038745316
18.1413662,10.0,0.555038745316
0.3306125,0.3306125,0.555038745316
-1.2803296,-1.2803296,0.555038745316
2.9793111,2.9793111,0.555038745316
3.9427667,3.9427667,0.555038745316
-0.2657599,-0.2657599,0.555038745316
-1.033895,-1.033895,0.555038745316
2.4454696,2.4454696,0.555038745316
0.3000198,0.3000198,0.555038745316
1.2552626,1.2552626,0.555038745316
2.178179,2.178179,0.555038745316
0.115681,0.115681,0.555038745316
-0.2088222,-0.2088222,0.555038745316
1.5199953,1.5199953,0.555038745316
-1.8062829,-1.8062829,0.555038745316
0.8139604,0.8139604,0.555038745316
16.688351,10.0,0.555038745316
17.6497201,10.0,0.555038745316
1.1655357,1.1655357,0.555038745316
18.4071261,10.0,0.555038745316
0.5963724,0.5963724,0.555038745316
-1.0145697,-1.0145697,0.555038745316
3.245071,3.245071,0.555038745316
4.2085266,4.2085266,0.555038745316
0.2657599,0.2657599,0.555038745316
-0.7681351,-0.7681351,0.555038745316
2.7112295,2.7112295,0.555038745316
0.5657797,0.5657797,0.555038745316
1.5210225,1.5210225,0.555038745316
2.4439389,2.4439389,0.555038745316
0.3814409,0.3814409,0.555038745316
0.0569377,0.0569377,0.555038745316
1.7857552,1.7857552,0.555038745316
-1.540523,-1.540523,0.555038745316
1.0797203,1.0797203,0.555038745316
16.9541109,10.0,0.555038745316
17.91548,10.0,0.555038745316
1.9336708,1.9336708,0.555038745316
19.1752612,10.0,0.555038745316
1.3645075,1.3645075,0.555038745316
-0.2464346,-0.2464346,0.555038745316
4.0132061,4.0132061,0.555038745316
4.9766617,4.9766617,0.555038745316
1.033895,1.033895,0.555038745316
0.7681351,0.7681351,0.555038745316
3.4793646,3.4793646,0.555038745316
1.3339148,1.3339148,0.555038745316
2.2891576,2.2891576,0.555038745316
3.212074,3.212074,0.555038745316
1.149576,1.149576,0.555038745316
0.8250728,0.8250728,0.555038745316
2.5538903,2.5538903,0.555038745316
-0.7723879,-0.7723879,0.555038745316
1.8478554,1.8478554,0.555038745316
17.722246,10.0,0.555038745316
18.6836151,10.0,0.555038745316
-1.5456938,-1.5456938,0.555038745316
15.6958966,10.0,0.555038745316
-2.1148571,-2.1148571,0.555038745316
-3.7257992,-3.7257992,0.555038745316
0.5338415,0.5338415,0.555038745316
1.4972971,1.4972971,0.555038745316
-2.4454696,-2.4454696,0.555038745316
-2.7112295,-2.7112295,0.555038745316
-3.4793646,-3.4793646,0.555038745316
-2.1454498,-2.1454498,0.555038745316
-1.190207,-1.190207,0.555038745316
-0.2672906,-0.2672906,0.555038745316
-2.3297886,-2.3297886,0.555038745316
-2.6542918,-2.6542918,0.555038745316
-0.9254743,-0.9254743,0.555038745316
-4.2517525,-4.2517525,0.555038745316
-1.6315092,-1.6315092,0.555038745316
14.2428814,10.0,0.555038745316
15.2042505,10.0,0.555038745316
0.599756,0.599756,0.555038745316
17.8413464,10.0,0.555038745316
0.0305927,0.0305927,0.555038745316
-1.5803494,-1.5803494,0.555038745316
2.6792913,2.6792913,0.555038745316
3.6427469,3.6427469,0.555038745316
-0.3000198,-0.3000198,0.555038745316
-0.5657797,-0.5657797,0.555038745316
-1.3339148,-1.3339148,0.555038745316
2.1454498,2.1454498,0.555038745316
0.9552428,0.9552428,0.555038745316
1.8781592,1.8781592,0.555038745316
-0.1843388,-0.1843388,0.555038745316
-0.508842,-0.508842,0.555038745316
1.2199755,1.2199755,0.555038745316
-2.1063027,-2.1063027,0.555038745316
0.5139406,0.5139406,0.555038745316
16.3883312,10.0,0.555038745316
17.3497003,10.0,0.555038745316
-0.3554868,-0.3554868,0.555038745316
16.8861036,10.0,0.555038745316
-0.9246501,-0.9246501,0.555038745316
-2.5355922,-2.5355922,0.555038745316
1.7240485,1.7240485,0.555038745316
2.6875041,2.6875041,0.555038745316
-1.2552626,-1.2552626,0.555038745316
-1.5210225,-1.5210225,0.555038745316
-2.2891576,-2.2891576,0.555038745316
1.190207,1.190207,0.555038745316
-0.9552428,-0.9552428,0.555038745316
0.9229164,0.9229164,0.555038745316
-1.1395816,-1.1395816,0.555038745316
-1.4640848,-1.4640848,0.555038745316
0.2647327,0.2647327,0.555038745316
-3.0615455,-3.0615455,0.555038745316
-0.4413022,-0.4413022,0.555038745316
15.4330884,10.0,0.555038745316
16.3944575,10.0,0.555038745316
-1.2784032,-1.2784032,0.555038745316
15.9631872,10.0,0.555038745316
-1.8475665,-1.8475665,0.555038745316
-3.4585086,-3.4585086,0.555038745316
0.8011321,0.8011321,0.555038745316
1.7645877,1.7645877,0.555038745316
-2.178179,-2.178179,0.555038745316
-2.4439389,-2.4439389,0.555038745316
-3.212074,-3.212074,0.555038745316
0.2672906,0.2672906,0.555038745316
-1.8781592,-1.8781592,0.555038745316
-0.9229164,-0.9229164,0.555038745316
-2.062498,-2.062498,0.555038745316
-2.3870012,-2.3870012,0.555038745316
-0.6581837,-0.6581837,0.555038745316
-3.9844619,-3.9844619,0.555038745316
-1.3642186,-1.3642186,0.555038745316
14.510172,10.0,0.555038745316
15.4715411,10.0,0.555038745316
0.7840948,0.7840948,0.555038745316
18.0256852,10.0,0.555038745316
0.2149315,0.2149315,0.555038745316
-1.3960106,-1.3960106,0.555038745316
2.8636301,2.8636301,0.555038745316
3.8270857,3.8270857,0.555038745316
-0.115681,-0.115681,0.555038745316
-0.3814409,-0.3814409,0.555038745316
-1.149576,-1.149576,0.555038745316
2.3297886,2.3297886,0.555038745316
0.1843388,0.1843388,0.555038745316
1.1395816,1.1395816,0.555038745316
2.062498,2.062498,0.555038745316
-0.3245032,-0.3245032,0.555038745316
1.4043143,1.4043143,0.555038745316
-1.9219639,-1.9219639,0.555038745316
0.6982794,0.6982794,0.555038745316
16.57267,10.0,0.555038745316
17.5340391,10.0,0.555038745316
1.108598,1.108598,0.555038745316
18.3501884,10.0,0.555038745316
0.5394347,0.5394347,0.555038745316
-1.0715074,-1.0715074,0.555038745316
3.1881333,3.1881333,0.555038745316
4.1515889,4.1515889,0.555038745316
0.2088222,0.2088222,0.555038745316
-0.0569377,-0.0569377,0.555038745316
-0.8250728,-0.8250728,0.555038745316
2.6542918,2.6542918,0.555038745316
0.508842,0.508842,0.555038745316
1.4640848,1.4640848,0.555038745316
2.3870012,2.3870012,0.555038745316
0.3245032,0.3245032,0.555038745316
1.7288175,1.7288175,0.555038745316
-1.5974607,-1.5974607,0.555038745316
1.0227826,1.0227826,0.555038745316
16.8971732,10.0,0.555038745316
17.8585423,10.0,0.555038745316
-0.6202195,-0.6202195,0.555038745316
16.6213709,10.0,0.555038745316
-1.1893828,-1.1893828,0.555038745316
-2.8003249,-2.8003249,0.555038745316
1.4593158,1.4593158,0.555038745316
2.4227714,2.4227714,0.555038745316
-1.5199953,-1.5199953,0.555038745316
-1.7857552,-1.7857552,0.555038745316
-2.5538903,-2.5538903,0.555038745316
0.9254743,0.9254743,0.555038745316
-1.2199755,-1.2199755,0.555038745316
-0.2647327,-0.2647327,0.555038745316
0.6581837,0.6581837,0.555038745316
-1.4043143,-1.4043143,0.555038745316
-1.7288175,-1.7288175,0.555038745316
-3.3262782,-3.3262782,0.555038745316
-0.7060349,-0.7060349,0.555038745316
15.1683557,10.0,0.555038745316
16.1297248,10.0,0.555038745316
2.7060587,2.7060587,0.555038745316
19.9476491,10.0,0.555038745316
2.1368954,2.1368954,0.555038745316
0.5259533,0.5259533,0.555038745316
4.785594,4.785594,0.555038745316
5.7490496,5.7490496,0.555038745316
1.8062829,1.8062829,0.555038745316
1.540523,1.540523,0.555038745316
0.7723879,0.7723879,0.555038745316
4.2517525,4.2517525,0.555038745316
2.1063027,2.1063027,0.555038745316
3.0615455,3.0615455,0.555038745316
3.9844619,3.9844619,0.555038745316
1.9219639,1.9219639,0.555038745316
1.5974607,1.5974607,0.555038745316
3.3262782,3.3262782,0.555038745316
2.6202433,2.6202433,0.555038745316
18.4946339,10.0,0.555038745316
19.456003,10.0,0.555038745316
0.0858154,0.0858154,0.555038745316
17.3274058,10.0,0.555038745316
-0.4833479,-0.4833479,0.555038745316
-2.09429,-2.09429,0.555038745316
2.1653507,2.1653507,0.555038745316
3.1288063,3.1288063,0.555038745316
-0.8139604,-0.8139604,0.555038745316
-1.0797203,-1.0797203,0.555038745316
-1.8478554,-1.8478554,0.555038745316
1.6315092,1.6315092,0.555038745316
-0.5139406,-0.5139406,0.555038745316
0.4413022,0.4413022,0.555038745316
1.3642186,1.3642186,0.555038745316
-0.6982794,-0.6982794,0.555038745316
-1.0227826,-1.0227826,0.555038745316
0.7060349,0.7060349,0.555038745316
-2.6202433,-2.6202433,0.555038745316
15.8743906,10.0,0.555038745316
16.8357597,10.0,0.555038745316
-15.7885752,-10.0,0.555038745316
1.4530152,1.4530152,0.555038745316
-16.3577385,-10.0,0.555038745316
-17.9686806,-10.0,0.555038745316
-13.7090399,-10.0,0.555038745316
-12.7455843,-10.0,0.555038745316
-16.688351,-10.0,0.555038745316
-16.9541109,-10.0,0.555038745316
-17.722246,-10.0,0.555038745316
-14.2428814,-10.0,0.555038745316
-16.3883312,-10.0,0.555038745316
-15.4330884,-10.0,0.555038745316
-14.510172,-10.0,0.555038745316
-16.57267,-10.0,0.555038745316
-16.8971732,-10.0,0.555038745316
-15.1683557,-10.0,0.555038745316
-18.4946339,-10.0,0.555038745316
-15.8743906,-10.0,0.555038745316
0.9613691,0.9613691,0.555038745316
-16.7499443,-10.0,0.555038745316
0.4916461,0.4916461,0.555038745316
-17.3191076,-10.0,0.555038745316
-18.9300497,-10.0,0.555038745316
-14.670409,-10.0,0.555038745316
-13.7069534,-10.0,0.555038745316
-17.6497201,-10.0,0.555038745316
-17.91548,-10.0,0.555038745316
-18.6836151,-10.0,0.555038745316
-15.2042505,-10.0,0.555038745316
-17.3497003,-10.0,0.555038745316
-16.3944575,-10.0,0.555038745316
-15.4715411,-10.0,0.555038745316
-17.5340391,-10.0,0.555038745316
-17.8585423,-10.0,0.555038745316
-16.1297248,-10.0,0.555038745316
-19.456003,-10.0,0.555038745316
-16.8357597,-10.0,0.555038745316
-0.9613691,-0.9613691,0.555038745316
0.8848181,0.8848181,0.505243273745
21.8327109,10.0,0.505243273745
20.1838068,10.0,0.505243273745
2.5106653,2.5106653,0.505243273745
0.7197952,0.7197952,0.505243273745
18.0192651,10.0,0.505243273745
1.6792137,1.6792137,0.505243273745
0.0011871,0.0011871,0.505243273745
3.1177642,3.1177642,0.505243273745
5.4353657,5.4353657,0.505243273745
17.6675656,10.0,0.505243273745
19.0810841,10.0,0.505243273745
21.8326587,10.0,0.505243273745
18.831525,10.0,0.505243273745
0.8327116,0.8327116,0.505243273745
0.9791762,0.9791762,0.505243273745
0.2218778,0.2218778,0.505243273745
21.2145215,10.0,0.505243273745
19.5742692,10.0,0.505243273745
-0.8848181,-0.8848181,0.505243273745
20.9478928,10.0,0.505243273745
19.2989887,10.0,0.505243273745
1.6258472,1.6258472,0.505243273745
-0.1650229,-0.1650229,0.505243273745
17.134447,10.0,0.505243273745
0.7943956,0.7943956,0.505243273745
-0.883631,-0.883631,0.505243273745
2.2329461,2.2329461,0.505243273745
4.5505476,4.5505476,0.505243273745
16.7827475,10.0,0.505243273745
18.196266,10.0,0.505243273745
20.9478406,10.0,0.505243273745
17.9467069,10.0,0.505243273745
-0.0521065,-0.0521065,0.505243273745
0.0943581,0.0943581,0.505243273745
-0.6629403,-0.6629403,0.505243273745
20.3297034,10.0,0.505243273745
18.6894511,10.0,0.505243273745
-21.8327109,-10.0,0.505243273745
-20.9478928,-10.0,0.505243273745
-1.6489041,-1.6489041,0.505243273745
-19.3220456,-10.0,0.505243273745
-21.1129157,-10.0,0.505243273745
-3.8134458,-3.8134458,0.505243273745
-20.1534972,-10.0,0.505243273745
-21.8315238,-10.0,0.505243273745
-18.7149467,-10.0,0.505243273745
-16.3973452,-10.0,0.505243273745
-4.1651453,-4.1651453,0.505243273745
-2.7516268,-2.7516268,0.505243273745
-5.21999999989e-05,-5.21999999989e-05,0.505243273745
-3.0011859,-3.0011859,0.505243273745
-20.9999993,-10.0,0.505243273745
-20.8535347,-10.0,0.505243273745
-21.6108331,-10.0,0.505243273745
-0.6181894,-0.6181894,0.505243273745
-2.2584417,-2.2584417,0.505243273745
-20.1838068,-10.0,0.505243273745
-19.2989887,-10.0,0.505243273745
1.6489041,1.6489041,0.505243273745
-17.6731415,-10.0,0.505243273745
-19.4640116,-10.0,0.505243273745
-2.1645417,-2.1645417,0.505243273745
-18.5045931,-10.0,0.505243273745
-20.1826197,-10.0,0.505243273745
-17.0660426,-10.0,0.505243273745
-14.7484411,-10.0,0.505243273745
-2.5162412,-2.5162412,0.505243273745
-1.1027227,-1.1027227,0.505243273745
1.6488519,1.6488519,0.505243273745
-1.3522818,-1.3522818,0.505243273745
-19.3510952,-10.0,0.505243273745
-19.2046306,-10.0,0.505243273745
-19.961929,-10.0,0.505243273745
1.0307147,1.0307147,0.505243273745
-0.6095376,-0.6095376,0.505243273745
-2.5106653,-2.5106653,0.505243273745
-1.6258472,-1.6258472,0.505243273745
19.3220456,10.0,0.505243273745
17.6731415,10.0,0.505243273745
-1.7908701,-1.7908701,0.505243273745
15.5085998,10.0,0.505243273745
-0.8314516,-0.8314516,0.505243273745
-2.5094782,-2.5094782,0.505243273745
0.6070989,0.6070989,0.505243273745
2.9247004,2.9247004,0.505243273745
15.1569003,10.0,0.505243273745
16.5704188,10.0,0.505243273745
19.3219934,10.0,0.505243273745
16.3208597,10.0,0.505243273745
-1.6779537,-1.6779537,0.505243273745
-1.5314891,-1.5314891,0.505243273745
-2.2887875,-2.2887875,0.505243273745
18.7038562,10.0,0.505243273745
17.0636039,10.0,0.505243273745
-0.7197952,-0.7197952,0.505243273745
0.1650229,0.1650229,0.505243273745
21.1129157,10.0,0.505243273745
19.4640116,10.0,0.505243273745
1.7908701,1.7908701,0.505243273745
17.2994699,10.0,0.505243273745
0.9594185,0.9594185,0.505243273745
-0.7186081,-0.7186081,0.505243273745
2.397969,2.397969,0.505243273745
4.7155705,4.7155705,0.505243273745
16.9477704,10.0,0.505243273745
18.3612889,10.0,0.505243273745
21.1128635,10.0,0.505243273745
18.1117298,10.0,0.505243273745
0.1129164,0.1129164,0.505243273745
0.259381,0.259381,0.505243273745
-0.4979174,-0.4979174,0.505243273745
20.4947263,10.0,0.505243273745
18.854474,10.0,0.505243273745
-18.0192651,-10.0,0.505243273745
-17.134447,-10.0,0.505243273745
3.8134458,3.8134458,0.505243273745
2.1645417,2.1645417,0.505243273745
-15.5085998,-10.0,0.505243273745
-17.2994699,-10.0,0.505243273745
-16.3400514,-10.0,0.505243273745
-18.018078,-10.0,0.505243273745
-14.9015009,-10.0,0.505243273745
-12.5838994,-10.0,0.505243273745
-0.3516995,-0.3516995,0.505243273745
1.061819,1.061819,0.505243273745
3.8133936,3.8133936,0.505243273745
0.8122599,0.8122599,0.505243273745
-17.1865535,-10.0,0.505243273745
-17.0400889,-10.0,0.505243273745
-17.7973873,-10.0,0.505243273745
3.1952564,3.1952564,0.505243273745
1.5550041,1.5550041,0.505243273745
-1.6792137,-1.6792137,0.505243273745
-0.7943956,-0.7943956,0.505243273745
20.1534972,10.0,0.505243273745
18.5045931,10.0,0.505243273745
0.8314516,0.8314516,0.505243273745
-0.9594185,-0.9594185,0.505243273745
16.3400514,10.0,0.505243273745
-1.6780266,-1.6780266,0.505243273745
1.4385505,1.4385505,0.505243273745
3.756152,3.756152,0.505243273745
15.9883519,10.0,0.505243273745
17.4018704,10.0,0.505243273745
20.153445,10.0,0.505243273745
17.1523113,10.0,0.505243273745
-0.8465021,-0.8465021,0.505243273745
-0.7000375,-0.7000375,0.505243273745
-1.4573359,-1.4573359,0.505243273745
19.5353078,10.0,0.505243273745
17.8950555,10.0,0.505243273745
-0.0011871,-0.0011871,0.505243273745
0.883631,0.883631,0.505243273745
21.8315238,10.0,0.505243273745
20.1826197,10.0,0.505243273745
2.5094782,2.5094782,0.505243273745
0.7186081,0.7186081,0.505243273745
18.018078,10.0,0.505243273745
1.6780266,1.6780266,0.505243273745
3.1165771,3.1165771,0.505243273745
5.4341786,5.4341786,0.505243273745
17.6663785,10.0,0.505243273745
19.079897,10.0,0.505243273745
21.8314716,10.0,0.505243273745
18.8303379,10.0,0.505243273745
0.8315245,0.8315245,0.505243273745
0.9779891,0.9779891,0.505243273745
0.2206907,0.2206907,0.505243273745
21.2133344,10.0,0.505243273745
19.5730821,10.0,0.505243273745
-3.1177642,-3.1177642,0.505243273745
-2.2329461,-2.2329461,0.505243273745
18.7149467,10.0,0.505243273745
17.0660426,10.0,0.505243273745
-0.6070989,-0.6070989,0.505243273745
-2.397969,-2.397969,0.505243273745
14.9015009,10.0,0.505243273745
-1.4385505,-1.4385505,0.505243273745
-3.1165771,-3.1165771,0.505243273745
2.3176015,2.3176015,0.505243273745
14.5498014,10.0,0.505243273745
15.9633199,10.0,0.505243273745
18.7148945,10.0,0.505243273745
15.7137608,10.0,0.505243273745
-2.2850526,-2.2850526,0.505243273745
-2.138588,-2.138588,0.505243273745
-2.8958864,-2.8958864,0.505243273745
18.0967573,10.0,0.505243273745
16.456505,10.0,0.505243273745
-5.4353657,-5.4353657,0.505243273745
-4.5505476,-4.5505476,0.505243273745
16.3973452,10.0,0.505243273745
14.7484411,10.0,0.505243273745
-2.9247004,-2.9247004,0.505243273745
-4.7155705,-4.7155705,0.505243273745
12.5838994,10.0,0.505243273745
-3.756152,-3.756152,0.505243273745
-5.4341786,-5.4341786,0.505243273745
-2.3176015,-2.3176015,0.505243273745
12.2321999,10.0,0.505243273745
13.6457184,10.0,0.505243273745
16.397293,10.0,0.505243273745
13.3961593,10.0,0.505243273745
-4.6026541,-4.6026541,0.505243273745
-4.4561895,-4.4561895,0.505243273745
-5.2134879,-5.2134879,0.505243273745
15.7791558,10.0,0.505243273745
14.1389035,10.0,0.505243273745
-17.6675656,-10.0,0.505243273745
-16.7827475,-10.0,0.505243273745
4.1651453,4.1651453,0.505243273745
2.5162412,2.5162412,0.505243273745
-15.1569003,-10.0,0.505243273745
-16.9477704,-10.0,0.505243273745
0.3516995,0.3516995,0.505243273745
-15.9883519,-10.0,0.505243273745
-17.6663785,-10.0,0.505243273745
-14.5498014,-10.0,0.505243273745
-12.2321999,-10.0,0.505243273745
1.4135185,1.4135185,0.505243273745
4.1650931,4.1650931,0.505243273745
1.1639594,1.1639594,0.505243273745
-16.834854,-10.0,0.505243273745
-16.6883894,-10.0,0.505243273745
-17.4456878,-10.0,0.505243273745
3.5469559,3.5469559,0.505243273745
1.9067036,1.9067036,0.505243273745
-19.0810841,-10.0,0.505243273745
-18.196266,-10.0,0.505243273745
2.7516268,2.7516268,0.505243273745
1.1027227,1.1027227,0.505243273745
-16.5704188,-10.0,0.505243273745
-18.3612889,-10.0,0.505243273745
-1.061819,-1.061819,0.505243273745
-17.4018704,-10.0,0.505243273745
-19.079897,-10.0,0.505243273745
-15.9633199,-10.0,0.505243273745
-13.6457184,-10.0,0.505243273745
-1.4135185,-1.4135185,0.505243273745
2.7515746,2.7515746,0.505243273745
-0.2495591,-0.2495591,0.505243273745
-18.2483725,-10.0,0.505243273745
-18.1019079,-10.0,0.505243273745
-18.8592063,-10.0,0.505243273745
2.1334374,2.1334374,0.505243273745
0.4931851,0.4931851,0.505243273745
-21.8326587,-10.0,0.505243273745
-20.9478406,-10.0,0.505243273745
5.21999999989e-05,5.21999999989e-05,0.505243273745
-1.6488519,-1.6488519,0.505243273745
-19.3219934,-10.0,0.505243273745
-21.1128635,-10.0,0.505243273745
-3.8133936,-3.8133936,0.505243273745
-20.153445,-10.0,0.505243273745
-21.8314716,-10.0,0.505243273745
-18.7148945,-10.0,0.505243273745
-16.397293,-10.0,0.505243273745
-4.1650931,-4.1650931,0.505243273745
-2.7515746,-2.7515746,0.505243273745
-3.0011337,-3.0011337,0.505243273745
-20.9999471,-10.0,0.505243273745
-20.8534825,-10.0,0.505243273745
-21.6107809,-10.0,0.505243273745
-0.6181372,-0.6181372,0.505243273745
-2.2583895,-2.2583895,0.505243273745
-18.831525,-10.0,0.505243273745
-17.9467069,-10.0,0.505243273745
3.0011859,3.0011859,0.505243273745
1.3522818,1.3522818,0.505243273745
-16.3208597,-10.0,0.505243273745
-18.1117298,-10.0,0.505243273745
-0.8122599,-0.8122599,0.505243273745
-17.1523113,-10.0,0.505243273745
-18.8303379,-10.0,0.505243273745
-15.7137608,-10.0,0.505243273745
-13.3961593,-10.0,0.505243273745
-1.1639594,-1.1639594,0.505243273745
0.2495591,0.2495591,0.505243273745
3.0011337,3.0011337,0.505243273745
-17.9988134,-10.0,0.505243273745
-17.8523488,-10.0,0.505243273745
-18.6096472,-10.0,0.505243273745
2.3829965,2.3829965,0.505243273745
0.7427442,0.7427442,0.505243273745
-0.8327116,-0.8327116,0.505243273745
0.0521065,0.0521065,0.505243273745
20.9999993,10.0,0.505243273745
19.3510952,10.0,0.505243273745
1.6779537,1.6779537,0.505243273745
-0.1129164,-0.1129164,0.505243273745
17.1865535,10.0,0.505243273745
0.8465021,0.8465021,0.505243273745
-0.8315245,-0.8315245,0.505243273745
2.2850526,2.2850526,0.505243273745
4.6026541,4.6026541,0.505243273745
16.834854,10.0,0.505243273745
18.2483725,10.0,0.505243273745
20.9999471,10.0,0.505243273745
17.9988134,10.0,0.505243273745
0.1464646,0.1464646,0.505243273745
-0.6108338,-0.6108338,0.505243273745
20.3818099,10.0,0.505243273745
18.7415576,10.0,0.505243273745
-0.9791762,-0.9791762,0.505243273745
-0.0943581,-0.0943581,0.505243273745
20.8535347,10.0,0.505243273745
19.2046306,10.0,0.505243273745
1.5314891,1.5314891,0.505243273745
-0.259381,-0.259381,0.505243273745
17.0400889,10.0,0.505243273745
0.7000375,0.7000375,0.505243273745
-0.9779891,-0.9779891,0.505243273745
2.138588,2.138588,0.505243273745
4.4561895,4.4561895,0.505243273745
16.6883894,10.0,0.505243273745
18.1019079,10.0,0.505243273745
20.8534825,10.0,0.505243273745
17.8523488,10.0,0.505243273745
-0.1464646,-0.1464646,0.505243273745
-0.7572984,-0.7572984,0.505243273745
20.2353453,10.0,0.505243273745
18.595093,10.0,0.505243273745
-0.2218778,-0.2218778,0.505243273745
0.6629403,0.6629403,0.505243273745
21.6108331,10.0,0.505243273745
19.961929,10.0,0.505243273745
2.2887875,2.2887875,0.505243273745
0.4979174,0.4979174,0.505243273745
17.7973873,10.0,0.505243273745
1.4573359,1.4573359,0.505243273745
-0.2206907,-0.2206907,0.505243273745
2.8958864,2.8958864,0.505243273745
5.2134879,5.2134879,0.505243273745
17.4456878,10.0,0.505243273745
18.8592063,10.0,0.505243273745
21.6107809,10.0,0.505243273745
18.6096472,10.0,0.505243273745
0.6108338,0.6108338,0.505243273745
0.7572984,0.7572984,0.505243273745
20.9926437,10.0,0.505243273745
19.3523914,10.0,0.505243273745
-21.2145215,-10.0,0.505243273745
-20.3297034,-10.0,0.505243273745
0.6181894,0.6181894,0.505243273745
-1.0307147,-1.0307147,0.505243273745
-18.7038562,-10.0,0.505243273745
-20.4947263,-10.0,0.505243273745
-3.1952564,-3.1952564,0.505243273745
-19.5353078,-10.0,0.505243273745
-21.2133344,-10.0,0.505243273745
-18.0967573,-10.0,0.505243273745
-15.7791558,-10.0,0.505243273745
-3.5469559,-3.5469559,0.505243273745
-2.1334374,-2.1334374,0.505243273745
0.6181372,0.6181372,0.505243273745
-2.3829965,-2.3829965,0.505243273745
-20.3818099,-10.0,0.505243273745
-20.2353453,-10.0,0.505243273745
-20.9926437,-10.0,0.505243273745
-1.6402523,-1.6402523,0.505243273745
-19.5742692,-10.0,0.505243273745
-18.6894511,-10.0,0.505243273745
2.2584417,2.2584417,0.505243273745
0.6095376,0.6095376,0.505243273745
-17.0636039,-10.0,0.505243273745
-18.854474,-10.0,0.505243273745
-1.5550041,-1.5550041,0.505243273745
-17.8950555,-10.0,0.505243273745
-19.5730821,-10.0,0.505243273745
-16.456505,-10.0,0.505243273745
-14.1389035,-10.0,0.505243273745
-1.9067036,-1.9067036,0.505243273745
-0.4931851,-0.4931851,0.505243273745
2.2583895,2.2583895,0.505243273745
-0.7427442,-0.7427442,0.505243273745
-18.7415576,-10.0,0.505243273745
-18.595093,-10.0,0.505243273745
-19.3523914,-10.0,0.505243273745
1.6402523,1.6402523,0.505243273745
15.5829432,10.0,0.41859984503
0.6525654,0.6525654,0.41859984503
-0.6844597,-0.6844597,0.41859984503
15.4751685,10.0,0.41859984503
0.2492852,0.2492852,0.41859984503
5.4313148,5.4313148,0.41859984503
17.993494,10.0,0.41859984503
-1.9944514,-1.9944514,0.41859984503
17.8109305,10.0,0.41859984503
19.0055483,10.0,0.41859984503
1.620918,1.620918,0.41859984503
-0.1956208,-0.1956208,0.41859984503
0.5978546,0.5978546,0.41859984503
0.5648287,0.5648287,0.41859984503
18.3841515,10.0,0.41859984503
3.2826567,3.2826567,0.41859984503
18.973146,10.0,0.41859984503
17.2261409,10.0,0.41859984503
17.9279451,10.0,0.41859984503
-15.5829432,-10.0,0.41859984503
-14.9303778,-10.0,0.41859984503
-16.2674029,-10.0,0.41859984503
-0.1077747,-0.1077747,0.41859984503
-15.333658,-10.0,0.41859984503
-10.1516284,-10.0,0.41859984503
2.4105508,2.4105508,0.41859984503
-17.5773946,-10.0,0.41859984503
2.2279873,2.2279873,0.41859984503
3.4226051,3.4226051,0.41859984503
-13.9620252,-10.0,0.41859984503
-15.778564,-10.0,0.41859984503
-14.9850886,-10.0,0.41859984503
-15.0181145,-10.0,0.41859984503
2.8012083,2.8012083,0.41859984503
-12.3002865,-10.0,0.41859984503
3.3902028,3.3902028,0.41859984503
1.6431977,1.6431977,0.41859984503
2.3450019,2.3450019,0.41859984503
-0.6525654,-0.6525654,0.41859984503
14.9303778,10.0,0.41859984503
-1.3370251,-1.3370251,0.41859984503
14.8226031,10.0,0.41859984503
-0.4032802,-0.4032802,0.41859984503
4.7787494,4.7787494,0.41859984503
17.3409286,10.0,0.41859984503
-2.6470168,-2.6470168,0.41859984503
17.1583651,10.0,0.41859984503
18.3529829,10.0,0.41859984503
0.9683526,0.9683526,0.41859984503
-0.8481862,-0.8481862,0.41859984503
-0.0547108,-0.0547108,0.41859984503
-0.0877367,-0.0877367,0.41859984503
17.7315861,10.0,0.41859984503
2.6300913,2.6300913,0.41859984503
18.3205806,10.0,0.41859984503
16.5735755,10.0,0.41859984503
17.2753797,10.0,0.41859984503
0.6844597,0.6844597,0.41859984503
16.2674029,10.0,0.41859984503
1.3370251,1.3370251,0.41859984503
16.1596282,10.0,0.41859984503
0.9337449,0.9337449,0.41859984503
6.1157745,6.1157745,0.41859984503
18.6779537,10.0,0.41859984503
-1.3099917,-1.3099917,0.41859984503
18.4953902,10.0,0.41859984503
19.690008,10.0,0.41859984503
2.3053777,2.3053777,0.41859984503
0.4888389,0.4888389,0.41859984503
1.2823143,1.2823143,0.41859984503
1.2492884,1.2492884,0.41859984503
19.0686112,10.0,0.41859984503
3.9671164,3.9671164,0.41859984503
19.6576057,10.0,0.41859984503
17.9106006,10.0,0.41859984503
18.6124048,10.0,0.41859984503
-15.4751685,-10.0,0.41859984503
0.1077747,0.1077747,0.41859984503
-14.8226031,-10.0,0.41859984503
-16.1596282,-10.0,0.41859984503
-15.2258833,-10.0,0.41859984503
-10.0438537,-10.0,0.41859984503
2.5183255,2.5183255,0.41859984503
-17.4696199,-10.0,0.41859984503
2.335762,2.335762,0.41859984503
3.5303798,3.5303798,0.41859984503
-13.8542505,-10.0,0.41859984503
-15.6707893,-10.0,0.41859984503
-14.8773139,-10.0,0.41859984503
-14.9103398,-10.0,0.41859984503
2.908983,2.908983,0.41859984503
-12.1925118,-10.0,0.41859984503
3.4979775,3.4979775,0.41859984503
1.7509724,1.7509724,0.41859984503
2.4527766,2.4527766,0.41859984503
-0.2492852,-0.2492852,0.41859984503
15.333658,10.0,0.41859984503
0.4032802,0.4032802,0.41859984503
-0.9337449,-0.9337449,0.41859984503
15.2258833,10.0,0.41859984503
5.1820296,5.1820296,0.41859984503
17.7442088,10.0,0.41859984503
-2.2437366,-2.2437366,0.41859984503
17.5616453,10.0,0.41859984503
18.7562631,10.0,0.41859984503
1.3716328,1.3716328,0.41859984503
-0.444906,-0.444906,0.41859984503
0.3485694,0.3485694,0.41859984503
0.3155435,0.3155435,0.41859984503
18.1348663,10.0,0.41859984503
3.0333715,3.0333715,0.41859984503
18.7238608,10.0,0.41859984503
16.9768557,10.0,0.41859984503
17.6786599,10.0,0.41859984503
-5.4313148,-5.4313148,0.41859984503
10.1516284,10.0,0.41859984503
-4.7787494,-4.7787494,0.41859984503
-6.1157745,-6.1157745,0.41859984503
10.0438537,10.0,0.41859984503
-5.1820296,-5.1820296,0.41859984503
12.5621792,10.0,0.41859984503
-7.4257662,-7.4257662,0.41859984503
12.3796157,10.0,0.41859984503
13.5742335,10.0,0.41859984503
-3.8103968,-3.8103968,0.41859984503
-5.6269356,-5.6269356,0.41859984503
-4.8334602,-4.8334602,0.41859984503
-4.8664861,-4.8664861,0.41859984503
12.9528367,10.0,0.41859984503
-2.1486581,-2.1486581,0.41859984503
13.5418312,10.0,0.41859984503
11.7948261,10.0,0.41859984503
12.4966303,10.0,0.41859984503
-17.993494,-10.0,0.41859984503
-2.4105508,-2.4105508,0.41859984503
-17.3409286,-10.0,0.41859984503
-18.6779537,-10.0,0.41859984503
-2.5183255,-2.5183255,0.41859984503
-17.7442088,-10.0,0.41859984503
-12.5621792,-10.0,0.41859984503
-19.9879454,-10.0,0.41859984503
-0.1825635,-0.1825635,0.41859984503
1.0120543,1.0120543,0.41859984503
-16.372576,-10.0,0.41859984503
-18.1891148,-10.0,0.41859984503
-17.3956394,-10.0,0.41859984503
-17.4286653,-10.0,0.41859984503
0.3906575,0.3906575,0.41859984503
-14.7108373,-10.0,0.41859984503
0.979652,0.979652,0.41859984503
-0.7673531,-0.7673531,0.41859984503
-0.0655489,-0.0655489,0.41859984503
1.9944514,1.9944514,0.41859984503
17.5773946,10.0,0.41859984503
2.6470168,2.6470168,0.41859984503
1.3099917,1.3099917,0.41859984503
17.4696199,10.0,0.41859984503
2.2437366,2.2437366,0.41859984503
7.4257662,7.4257662,0.41859984503
19.9879454,10.0,0.41859984503
19.8053819,10.0,0.41859984503
20.9999997,10.0,0.41859984503
3.6153694,3.6153694,0.41859984503
1.7988306,1.7988306,0.41859984503
2.592306,2.592306,0.41859984503
2.5592801,2.5592801,0.41859984503
20.3786029,10.0,0.41859984503
5.2771081,5.2771081,0.41859984503
20.9675974,10.0,0.41859984503
19.2205923,10.0,0.41859984503
19.9223965,10.0,0.41859984503
-17.8109305,-10.0,0.41859984503
-2.2279873,-2.2279873,0.41859984503
-17.1583651,-10.0,0.41859984503
-18.4953902,-10.0,0.41859984503
-2.335762,-2.335762,0.41859984503
-17.5616453,-10.0,0.41859984503
-12.3796157,-10.0,0.41859984503
0.1825635,0.1825635,0.41859984503
-19.8053819,-10.0,0.41859984503
1.1946178,1.1946178,0.41859984503
-16.1900125,-10.0,0.41859984503
-18.0065513,-10.0,0.41859984503
-17.2130759,-10.0,0.41859984503
-17.2461018,-10.0,0.41859984503
0.573221,0.573221,0.41859984503
-14.5282738,-10.0,0.41859984503
1.1622155,1.1622155,0.41859984503
-0.5847896,-0.5847896,0.41859984503
0.1170146,0.1170146,0.41859984503
-19.0055483,-10.0,0.41859984503
-3.4226051,-3.4226051,0.41859984503
-18.3529829,-10.0,0.41859984503
-19.690008,-10.0,0.41859984503
-3.5303798,-3.5303798,0.41859984503
-18.7562631,-10.0,0.41859984503
-13.5742335,-10.0,0.41859984503
-1.0120543,-1.0120543,0.41859984503
-20.9999997,-10.0,0.41859984503
-1.1946178,-1.1946178,0.41859984503
-17.3846303,-10.0,0.41859984503
-19.2011691,-10.0,0.41859984503
-18.4076937,-10.0,0.41859984503
-18.4407196,-10.0,0.41859984503
-0.6213968,-0.6213968,0.41859984503
-15.7228916,-10.0,0.41859984503
-0.0324023,-0.0324023,0.41859984503
-1.7794074,-1.7794074,0.41859984503
-1.0776032,-1.0776032,0.41859984503
-1.620918,-1.620918,0.41859984503
13.9620252,10.0,0.41859984503
-0.9683526,-0.9683526,0.41859984503
-2.3053777,-2.3053777,0.41859984503
13.8542505,10.0,0.41859984503
-1.3716328,-1.3716328,0.41859984503
3.8103968,3.8103968,0.41859984503
16.372576,10.0,0.41859984503
-3.6153694,-3.6153694,0.41859984503
16.1900125,10.0,0.41859984503
17.3846303,10.0,0.41859984503
-1.8165388,-1.8165388,0.41859984503
-1.0230634,-1.0230634,0.41859984503
-1.0560893,-1.0560893,0.41859984503
16.7632335,10.0,0.41859984503
1.6617387,1.6617387,0.41859984503
17.352228,10.0,0.41859984503
15.6052229,10.0,0.41859984503
16.3070271,10.0,0.41859984503
0.1956208,0.1956208,0.41859984503
15.778564,10.0,0.41859984503
0.8481862,0.8481862,0.41859984503
-0.4888389,-0.4888389,0.41859984503
15.6707893,10.0,0.41859984503
0.444906,0.444906,0.41859984503
5.6269356,5.6269356,0.41859984503
18.1891148,10.0,0.41859984503
-1.7988306,-1.7988306,0.41859984503
18.0065513,10.0,0.41859984503
19.2011691,10.0,0.41859984503
1.8165388,1.8165388,0.41859984503
0.7934754,0.7934754,0.41859984503
0.7604495,0.7604495,0.41859984503
18.5797723,10.0,0.41859984503
3.4782775,3.4782775,0.41859984503
19.1687668,10.0,0.41859984503
17.4217617,10.0,0.41859984503
18.1235659,10.0,0.41859984503
-0.5978546,-0.5978546,0.41859984503
14.9850886,10.0,0.41859984503
0.0547108,0.0547108,0.41859984503
-1.2823143,-1.2823143,0.41859984503
14.8773139,10.0,0.41859984503
-0.3485694,-0.3485694,0.41859984503
4.8334602,4.8334602,0.41859984503
17.3956394,10.0,0.41859984503
-2.592306,-2.592306,0.41859984503
17.2130759,10.0,0.41859984503
18.4076937,10.0,0.41859984503
1.0230634,1.0230634,0.41859984503
-0.7934754,-0.7934754,0.41859984503
-0.0330259,-0.0330259,0.41859984503
17.7862969,10.0,0.41859984503
2.6848021,2.6848021,0.41859984503
18.3752914,10.0,0.41859984503
16.6282863,10.0,0.41859984503
17.3300905,10.0,0.41859984503
-0.5648287,-0.5648287,0.41859984503
15.0181145,10.0,0.41859984503
0.0877367,0.0877367,0.41859984503
-1.2492884,-1.2492884,0.41859984503
14.9103398,10.0,0.41859984503
-0.3155435,-0.3155435,0.41859984503
4.8664861,4.8664861,0.41859984503
17.4286653,10.0,0.41859984503
-2.5592801,-2.5592801,0.41859984503
17.2461018,10.0,0.41859984503
18.4407196,10.0,0.41859984503
1.0560893,1.0560893,0.41859984503
-0.7604495,-0.7604495,0.41859984503
0.0330259,0.0330259,0.41859984503
17.8193228,10.0,0.41859984503
2.717828,2.717828,0.41859984503
18.4083173,10.0,0.41859984503
16.6613122,10.0,0.41859984503
17.3631164,10.0,0.41859984503
-18.3841515,-10.0,0.41859984503
-2.8012083,-2.8012083,0.41859984503
-17.7315861,-10.0,0.41859984503
-19.0686112,-10.0,0.41859984503
-2.908983,-2.908983,0.41859984503
-18.1348663,-10.0,0.41859984503
-12.9528367,-10.0,0.41859984503
-0.3906575,-0.3906575,0.41859984503
-20.3786029,-10.0,0.41859984503
-0.573221,-0.573221,0.41859984503
0.6213968,0.6213968,0.41859984503
-16.7632335,-10.0,0.41859984503
-18.5797723,-10.0,0.41859984503
-17.7862969,-10.0,0.41859984503
-17.8193228,-10.0,0.41859984503
-15.1014948,-10.0,0.41859984503
0.5889945,0.5889945,0.41859984503
-1.1580106,-1.1580106,0.41859984503
-0.4562064,-0.4562064,0.41859984503
-3.2826567,-3.2826567,0.41859984503
12.3002865,10.0,0.41859984503
-2.6300913,-2.6300913,0.41859984503
-3.9671164,-3.9671164,0.41859984503
12.1925118,10.0,0.41859984503
-3.0333715,-3.0333715,0.41859984503
2.1486581,2.1486581,0.41859984503
14.7108373,10.0,0.41859984503
-5.2771081,-5.2771081,0.41859984503
14.5282738,10.0,0.41859984503
15.7228916,10.0,0.41859984503
-1.6617387,-1.6617387,0.41859984503
-3.4782775,-3.4782775,0.41859984503
-2.6848021,-2.6848021,0.41859984503
-2.717828,-2.717828,0.41859984503
15.1014948,10.0,0.41859984503
15.6904893,10.0,0.41859984503
13.9434842,10.0,0.41859984503
14.6452884,10.0,0.41859984503
-18.973146,-10.0,0.41859984503
-3.3902028,-3.3902028,0.41859984503
-18.3205806,-10.0,0.41859984503
-19.6576057,-10.0,0.41859984503
-3.4979775,-3.4979775,0.41859984503
-18.7238608,-10.0,0.41859984503
-13.5418312,-10.0,0.41859984503
-0.979652,-0.979652,0.41859984503
-20.9675974,-10.0,0.41859984503
-1.1622155,-1.1622155,0.41859984503
0.0324023,0.0324023,0.41859984503
-17.352228,-10.0,0.41859984503
-19.1687668,-10.0,0.41859984503
-18.3752914,-10.0,0.41859984503
-18.4083173,-10.0,0.41859984503
-0.5889945,-0.5889945,0.41859984503
-15.6904893,-10.0,0.41859984503
-1.7470051,-1.7470051,0.41859984503
-1.0452009,-1.0452009,0.41859984503
-17.2261409,-10.0,0.41859984503
-1.6431977,-1.6431977,0.41859984503
-16.5735755,-10.0,0.41859984503
-17.9106006,-10.0,0.41859984503
-1.7509724,-1.7509724,0.41859984503
-16.9768557,-10.0,0.41859984503
-11.7948261,-10.0,0.41859984503
0.7673531,0.7673531,0.41859984503
-19.2205923,-10.0,0.41859984503
0.5847896,0.5847896,0.41859984503
1.7794074,1.7794074,0.41859984503
-15.6052229,-10.0,0.41859984503
-17.4217617,-10.0,0.41859984503
-16.6282863,-10.0,0.41859984503
-16.6613122,-10.0,0.41859984503
1.1580106,1.1580106,0.41859984503
-13.9434842,-10.0,0.41859984503
1.7470051,1.7470051,0.41859984503
0.7018042,0.7018042,0.41859984503
-17.9279451,-10.0,0.41859984503
-2.3450019,-2.3450019,0.41859984503
-17.2753797,-10.0,0.41859984503
-18.6124048,-10.0,0.41859984503
-2.4527766,-2.4527766,0.41859984503
-17.6786599,-10.0,0.41859984503
-12.4966303,-10.0,0.41859984503
0.0655489,0.0655489,0.41859984503
-19.9223965,-10.0,0.41859984503
-0.1170146,-0.1170146,0.41859984503
1.0776032,1.0776032,0.41859984503
-16.3070271,-10.0,0.41859984503
-18.1235659,-10.0,0.41859984503
-17.3300905,-10.0,0.41859984503
-17.3631164,-10.0,0.41859984503
0.4562064,0.4562064,0.41859984503
-14.6452884,-10.0,0.41859984503
1.0452009,1.0452009,0.41859984503
-0.7018042,-0.7018042,0.41859984503
18.6145684,10.0,0.423191427327
18.5292292,10.0,0.423191427327
-1.1595274,-1.1595274,0.423191427327
1.3278458,1.3278458,0.423191427327
18.1547497,10.0,0.423191427327
1.4749756,1.4749756,0.423191427327
0.238825,0.238825,0.423191427327
-1.1098628,-1.1098628,0.423191427327
0.7664853,0.7664853,0.423191427327
-0.5640697,-0.5640697,0.423191427327
18.4658299,10.0,0.423191427327
16.6907148,10.0,0.423191427327
-0.6621989,-0.6621989,0.423191427327
-1.4076139,-1.4076139,0.423191427327
0.5895088,0.5895088,0.423191427327
0.4807245,0.4807245,0.423191427327
-2.38543,-2.38543,0.423191427327
15.1200103,10.0,0.423191427327
1.994597,1.994597,0.423191427327
-18.6145684,-10.0,0.423191427327
-0.0853392,-0.0853392,0.423191427327
-19.7740958,-10.0,0.423191427327
-17.2867226,-10.0,0.423191427327
-0.4598187,-0.4598187,0.423191427327
-17.1395928,-10.0,0.423191427327
-18.3757434,-10.0,0.423191427327
-19.7244312,-10.0,0.423191427327
-17.8480831,-10.0,0.423191427327
-19.1786381,-10.0,0.423191427327
-0.1487385,-0.1487385,0.423191427327
-1.9238536,-1.9238536,0.423191427327
-19.2767673,-10.0,0.423191427327
-20.0221823,-10.0,0.423191427327
-18.0250596,-10.0,0.423191427327
-18.1338439,-10.0,0.423191427327
-20.9999984,-10.0,0.423191427327
-3.4945581,-3.4945581,0.423191427327
-16.6199714,-10.0,0.423191427327
-18.5292292,-10.0,0.423191427327
0.0853392,0.0853392,0.423191427327
-19.6887566,-10.0,0.423191427327
-17.2013834,-10.0,0.423191427327
-0.3744795,-0.3744795,0.423191427327
-17.0542536,-10.0,0.423191427327
-18.2904042,-10.0,0.423191427327
-19.639092,-10.0,0.423191427327
-17.7627439,-10.0,0.423191427327
-19.0932989,-10.0,0.423191427327
-0.0633993,-0.0633993,0.423191427327
-1.8385144,-1.8385144,0.423191427327
-19.1914281,-10.0,0.423191427327
-19.9368431,-10.0,0.423191427327
-17.9397204,-10.0,0.423191427327
-18.0485047,-10.0,0.423191427327
-20.9146592,-10.0,0.423191427327
-3.4092189,-3.4092189,0.423191427327
-16.5346322,-10.0,0.423191427327
1.1595274,1.1595274,0.423191427327
19.7740958,10.0,0.423191427327
19.6887566,10.0,0.423191427327
2.4873732,2.4873732,0.423191427327
19.3142771,10.0,0.423191427327
2.634503,2.634503,0.423191427327
1.3983524,1.3983524,0.423191427327
0.0496646,0.0496646,0.423191427327
1.9260127,1.9260127,0.423191427327
0.5954577,0.5954577,0.423191427327
19.6253573,10.0,0.423191427327
17.8502422,10.0,0.423191427327
0.4973285,0.4973285,0.423191427327
-0.2480865,-0.2480865,0.423191427327
1.7490362,1.7490362,0.423191427327
1.6402519,1.6402519,0.423191427327
-1.2259026,-1.2259026,0.423191427327
16.2795377,10.0,0.423191427327
3.1541244,3.1541244,0.423191427327
-1.3278458,-1.3278458,0.423191427327
17.2867226,10.0,0.423191427327
17.2013834,10.0,0.423191427327
-2.4873732,-2.4873732,0.423191427327
16.8269039,10.0,0.423191427327
0.1471298,0.1471298,0.423191427327
-1.0890208,-1.0890208,0.423191427327
-2.4377086,-2.4377086,0.423191427327
-0.5613605,-0.5613605,0.423191427327
-1.8919155,-1.8919155,0.423191427327
17.1379841,10.0,0.423191427327
15.362869,10.0,0.423191427327
-1.9900447,-1.9900447,0.423191427327
-2.7354597,-2.7354597,0.423191427327
-0.738337,-0.738337,0.423191427327
-0.8471213,-0.8471213,0.423191427327
-3.7132758,-3.7132758,0.423191427327
13.7921645,10.0,0.423191427327
0.6667512,0.6667512,0.423191427327
-18.1547497,-10.0,0.423191427327
0.4598187,0.4598187,0.423191427327
0.3744795,0.3744795,0.423191427327
-19.3142771,-10.0,0.423191427327
-16.8269039,-10.0,0.423191427327
-16.6797741,-10.0,0.423191427327
-17.9159247,-10.0,0.423191427327
-19.2646125,-10.0,0.423191427327
-17.3882644,-10.0,0.423191427327
-18.7188194,-10.0,0.423191427327
0.3110802,0.3110802,0.423191427327
-1.4640349,-1.4640349,0.423191427327
-18.8169486,-10.0,0.423191427327
-19.5623636,-10.0,0.423191427327
-17.5652409,-10.0,0.423191427327
-17.6740252,-10.0,0.423191427327
-20.5401797,-10.0,0.423191427327
-3.0347394,-3.0347394,0.423191427327
-16.1601527,-10.0,0.423191427327
-1.4749756,-1.4749756,0.423191427327
17.1395928,10.0,0.423191427327
17.0542536,10.0,0.423191427327
-2.634503,-2.634503,0.423191427327
-0.1471298,-0.1471298,0.423191427327
16.6797741,10.0,0.423191427327
-1.2361506,-1.2361506,0.423191427327
-2.5848384,-2.5848384,0.423191427327
-0.7084903,-0.7084903,0.423191427327
-2.0390453,-2.0390453,0.423191427327
16.9908543,10.0,0.423191427327
15.2157392,10.0,0.423191427327
-2.1371745,-2.1371745,0.423191427327
-2.8825895,-2.8825895,0.423191427327
-0.8854668,-0.8854668,0.423191427327
-0.9942511,-0.9942511,0.423191427327
-3.8604056,-3.8604056,0.423191427327
13.6450347,10.0,0.423191427327
0.5196214,0.5196214,0.423191427327
-0.238825,-0.238825,0.423191427327
18.3757434,10.0,0.423191427327
18.2904042,10.0,0.423191427327
-1.3983524,-1.3983524,0.423191427327
1.0890208,1.0890208,0.423191427327
17.9159247,10.0,0.423191427327
1.2361506,1.2361506,0.423191427327
-1.3486878,-1.3486878,0.423191427327
0.5276603,0.5276603,0.423191427327
-0.8028947,-0.8028947,0.423191427327
18.2270049,10.0,0.423191427327
16.4518898,10.0,0.423191427327
-0.9010239,-0.9010239,0.423191427327
-1.6464389,-1.6464389,0.423191427327
0.3506838,0.3506838,0.423191427327
0.2418995,0.2418995,0.423191427327
-2.624255,-2.624255,0.423191427327
14.8811853,10.0,0.423191427327
1.755772,1.755772,0.423191427327
1.1098628,1.1098628,0.423191427327
19.7244312,10.0,0.423191427327
19.639092,10.0,0.423191427327
-0.0496646,-0.0496646,0.423191427327
2.4377086,2.4377086,0.423191427327
19.2646125,10.0,0.423191427327
2.5848384,2.5848384,0.423191427327
1.3486878,1.3486878,0.423191427327
1.8763481,1.8763481,0.423191427327
0.5457931,0.5457931,0.423191427327
19.5756927,10.0,0.423191427327
17.8005776,10.0,0.423191427327
0.4476639,0.4476639,0.423191427327
-0.2977511,-0.2977511,0.423191427327
1.6993716,1.6993716,0.423191427327
1.5905873,1.5905873,0.423191427327
-1.2755672,-1.2755672,0.423191427327
16.2298731,10.0,0.423191427327
3.1044598,3.1044598,0.423191427327
-0.7664853,-0.7664853,0.423191427327
17.8480831,10.0,0.423191427327
17.7627439,10.0,0.423191427327
-1.9260127,-1.9260127,0.423191427327
0.5613605,0.5613605,0.423191427327
17.3882644,10.0,0.423191427327
0.7084903,0.7084903,0.423191427327
-0.5276603,-0.5276603,0.423191427327
-1.8763481,-1.8763481,0.423191427327
-1.330555,-1.330555,0.423191427327
17.6993446,10.0,0.423191427327
15.9242295,10.0,0.423191427327
-1.4286842,-1.4286842,0.423191427327
-2.1740992,-2.1740992,0.423191427327
-0.1769765,-0.1769765,0.423191427327
-0.2857608,-0.2857608,0.423191427327
-3.1519153,-3.1519153,0.423191427327
14.353525,10.0,0.423191427327
1.2281117,1.2281117,0.423191427327
0.5640697,0.5640697,0.423191427327
19.1786381,10.0,0.423191427327
19.0932989,10.0,0.423191427327
-0.5954577,-0.5954577,0.423191427327
1.8919155,1.8919155,0.423191427327
18.7188194,10.0,0.423191427327
2.0390453,2.0390453,0.423191427327
0.8028947,0.8028947,0.423191427327
-0.5457931,-0.5457931,0.423191427327
1.330555,1.330555,0.423191427327
19.0298996,10.0,0.423191427327
17.2547845,10.0,0.423191427327
-0.0981292,-0.0981292,0.423191427327
-0.8435442,-0.8435442,0.423191427327
1.1535785,1.1535785,0.423191427327
1.0447942,1.0447942,0.423191427327
-1.8213603,-1.8213603,0.423191427327
15.68408,10.0,0.423191427327
2.5586667,2.5586667,0.423191427327
-18.4658299,-10.0,0.423191427327
0.1487385,0.1487385,0.423191427327
0.0633993,0.0633993,0.423191427327
-19.6253573,-10.0,0.423191427327
-17.1379841,-10.0,0.423191427327
-0.3110802,-0.3110802,0.423191427327
-16.9908543,-10.0,0.423191427327
-18.2270049,-10.0,0.423191427327
-19.5756927,-10.0,0.423191427327
-17.6993446,-10.0,0.423191427327
-19.0298996,-10.0,0.423191427327
-1.7751151,-1.7751151,0.423191427327
-19.1280288,-10.0,0.423191427327
-19.8734438,-10.0,0.423191427327
-17.8763211,-10.0,0.423191427327
-17.9851054,-10.0,0.423191427327
-20.8512599,-10.0,0.423191427327
-3.3458196,-3.3458196,0.423191427327
-16.4712329,-10.0,0.423191427327
-16.6907148,-10.0,0.423191427327
1.9238536,1.9238536,0.423191427327
1.8385144,1.8385144,0.423191427327
-17.8502422,-10.0,0.423191427327
-15.362869,-10.0,0.423191427327
1.4640349,1.4640349,0.423191427327
-15.2157392,-10.0,0.423191427327
-16.4518898,-10.0,0.423191427327
-17.8005776,-10.0,0.423191427327
-15.9242295,-10.0,0.423191427327
-17.2547845,-10.0,0.423191427327
1.7751151,1.7751151,0.423191427327
-17.3529137,-10.0,0.423191427327
-18.0983287,-10.0,0.423191427327
-16.101206,-10.0,0.423191427327
-16.2099903,-10.0,0.423191427327
-19.0761448,-10.0,0.423191427327
-1.5707045,-1.5707045,0.423191427327
-14.6961178,-10.0,0.423191427327
0.6621989,0.6621989,0.423191427327
19.2767673,10.0,0.423191427327
19.1914281,10.0,0.423191427327
-0.4973285,-0.4973285,0.423191427327
1.9900447,1.9900447,0.423191427327
18.8169486,10.0,0.423191427327
2.1371745,2.1371745,0.423191427327
0.9010239,0.9010239,0.423191427327
-0.4476639,-0.4476639,0.423191427327
1.4286842,1.4286842,0.423191427327
0.0981292,0.0981292,0.423191427327
19.1280288,10.0,0.423191427327
17.3529137,10.0,0.423191427327
-0.745415,-0.745415,0.423191427327
1.2517077,1.2517077,0.423191427327
1.1429234,1.1429234,0.423191427327
-1.7232311,-1.7232311,0.423191427327
15.7822092,10.0,0.423191427327
2.6567959,2.6567959,0.423191427327
1.4076139,1.4076139,0.423191427327
20.0221823,10.0,0.423191427327
19.9368431,10.0,0.423191427327
0.2480865,0.2480865,0.423191427327
2.7354597,2.7354597,0.423191427327
19.5623636,10.0,0.423191427327
2.8825895,2.8825895,0.423191427327
1.6464389,1.6464389,0.423191427327
0.2977511,0.2977511,0.423191427327
2.1740992,2.1740992,0.423191427327
0.8435442,0.8435442,0.423191427327
19.8734438,10.0,0.423191427327
18.0983287,10.0,0.423191427327
0.745415,0.745415,0.423191427327
1.9971227,1.9971227,0.423191427327
1.8883384,1.8883384,0.423191427327
-0.9778161,-0.9778161,0.423191427327
16.5276242,10.0,0.423191427327
3.4022109,3.4022109,0.423191427327
-0.5895088,-0.5895088,0.423191427327
18.0250596,10.0,0.423191427327
17.9397204,10.0,0.423191427327
-1.7490362,-1.7490362,0.423191427327
0.738337,0.738337,0.423191427327
17.5652409,10.0,0.423191427327
0.8854668,0.8854668,0.423191427327
-0.3506838,-0.3506838,0.423191427327
-1.6993716,-1.6993716,0.423191427327
0.1769765,0.1769765,0.423191427327
-1.1535785,-1.1535785,0.423191427327
17.8763211,10.0,0.423191427327
16.101206,10.0,0.423191427327
-1.2517077,-1.2517077,0.423191427327
-1.9971227,-1.9971227,0.423191427327
-0.1087843,-0.1087843,0.423191427327
-2.9749388,-2.9749388,0.423191427327
14.5305015,10.0,0.423191427327
1.4050882,1.4050882,0.423191427327
-0.4807245,-0.4807245,0.423191427327
18.1338439,10.0,0.423191427327
18.0485047,10.0,0.423191427327
-1.6402519,-1.6402519,0.423191427327
0.8471213,0.8471213,0.423191427327
17.6740252,10.0,0.423191427327
0.9942511,0.9942511,0.423191427327
-0.2418995,-0.2418995,0.423191427327
-1.5905873,-1.5905873,0.423191427327
0.2857608,0.2857608,0.423191427327
-1.0447942,-1.0447942,0.423191427327
17.9851054,10.0,0.423191427327
16.2099903,10.0,0.423191427327
-1.1429234,-1.1429234,0.423191427327
-1.8883384,-1.8883384,0.423191427327
0.1087843,0.1087843,0.423191427327
-2.8661545,-2.8661545,0.423191427327
14.6392858,10.0,0.423191427327
1.5138725,1.5138725,0.423191427327
2.38543,2.38543,0.423191427327
20.9999984,10.0,0.423191427327
20.9146592,10.0,0.423191427327
1.2259026,1.2259026,0.423191427327
3.7132758,3.7132758,0.423191427327
20.5401797,10.0,0.423191427327
3.8604056,3.8604056,0.423191427327
2.624255,2.624255,0.423191427327
1.2755672,1.2755672,0.423191427327
3.1519153,3.1519153,0.423191427327
1.8213603,1.8213603,0.423191427327
20.8512599,10.0,0.423191427327
19.0761448,10.0,0.423191427327
1.7232311,1.7232311,0.423191427327
0.9778161,0.9778161,0.423191427327
2.9749388,2.9749388,0.423191427327
2.8661545,2.8661545,0.423191427327
17.5054403,10.0,0.423191427327
4.380027,4.380027,0.423191427327
-15.1200103,-10.0,0.423191427327
3.4945581,3.4945581,0.423191427327
3.4092189,3.4092189,0.423191427327
-16.2795377,-10.0,0.423191427327
-13.7921645,-10.0,0.423191427327
3.0347394,3.0347394,0.423191427327
-13.6450347,-10.0,0.423191427327
-14.8811853,-10.0,0.423191427327
-16.2298731,-10.0,0.423191427327
-14.353525,-10.0,0.423191427327
-15.68408,-10.0,0.423191427327
3.3458196,3.3458196,0.423191427327
1.5707045,1.5707045,0.423191427327
-15.7822092,-10.0,0.423191427327
-16.5276242,-10.0,0.423191427327
-14.5305015,-10.0,0.423191427327
-14.6392858,-10.0,0.423191427327
-17.5054403,-10.0,0.423191427327
-13.1254133,-10.0,0.423191427327
-1.994597,-1.994597,0.423191427327
16.6199714,10.0,0.423191427327
16.5346322,10.0,0.423191427327
-3.1541244,-3.1541244,0.423191427327
-0.6667512,-0.6667512,0.423191427327
16.1601527,10.0,0.423191427327
-0.5196214,-0.5196214,0.423191427327
-1.755772,-1.755772,0.423191427327
-3.1044598,-3.1044598,0.423191427327
-1.2281117,-1.2281117,0.423191427327
-2.5586667,-2.5586667,0.423191427327
16.4712329,10.0,0.423191427327
14.6961178,10.0,0.423191427327
-2.6567959,-2.6567959,0.423191427327
-3.4022109,-3.4022109,0.423191427327
-1.4050882,-1.4050882,0.423191427327
-1.5138725,-1.5138725,0.423191427327
-4.380027,-4.380027,0.423191427327
13.1254133,10.0,0.423191427327
0.7140508,0.7140508,0.204239577828
2.6488345,2.6488345,0.204239577828
3.9760679,3.9760679,0.204239577828
3.3685945,3.3685945,0.204239577828
2.7792346,2.7792346,0.204239577828
3.0927733,3.0927733,0.204239577828
-16.9478065,-10.0,0.204239577828
3.8046428,3.8046428,0.204239577828
-16.926716,-10.0,0.204239577828
4.0695512,4.0695512,0.204239577828
2.1494567,2.1494567,0.204239577828
3.5142369,3.5142369,0.204239577828
4.0723424,4.0723424,0.204239577828
4.0732835,4.0732835,0.204239577828
0.8266635,0.8266635,0.204239577828
4.0732839,4.0732839,0.204239577828
-14.1452018,-10.0,0.204239577828
-0.9556272,-0.9556272,0.204239577828
-4.8618734,-4.8618734,0.204239577828
-0.7140508,-0.7140508,0.204239577828
1.9347837,1.9347837,0.204239577828
3.2620171,3.2620171,0.204239577828
2.6545437,2.6545437,0.204239577828
2.0651838,2.0651838,0.204239577828
2.3787225,2.3787225,0.204239577828
-17.6618573,-10.0,0.204239577828
3.090592,3.090592,0.204239577828
-17.6407668,-10.0,0.204239577828
3.3555004,3.3555004,0.204239577828
1.4354059,1.4354059,0.204239577828
2.8001861,2.8001861,0.204239577828
3.3582916,3.3582916,0.204239577828
3.3592327,3.3592327,0.204239577828
0.1126127,0.1126127,0.204239577828
3.3592331,3.3592331,0.204239577828
-14.8592526,-10.0,0.204239577828
-1.669678,-1.669678,0.204239577828
-5.5759242,-5.5759242,0.204239577828
-2.6488345,-2.6488345,0.204239577828
-1.9347837,-1.9347837,0.204239577828
1.3272334,1.3272334,0.204239577828
0.71976,0.71976,0.204239577828
0.1304001,0.1304001,0.204239577828
0.4439388,0.4439388,0.204239577828
-19.596641,-10.0,0.204239577828
1.1558083,1.1558083,0.204239577828
-19.5755505,-10.0,0.204239577828
1.4207167,1.4207167,0.204239577828
-0.4993778,-0.4993778,0.204239577828
0.8654024,0.8654024,0.204239577828
1.4235079,1.4235079,0.204239577828
1.424449,1.424449,0.204239577828
-1.822171,-1.822171,0.204239577828
1.4244494,1.4244494,0.204239577828
-16.7940363,-10.0,0.204239577828
-3.6044617,-3.6044617,0.204239577828
-7.5107079,-7.5107079,0.204239577828
-3.9760679,-3.9760679,0.204239577828
-3.2620171,-3.2620171,0.204239577828
-1.3272334,-1.3272334,0.204239577828
-0.6074734,-0.6074734,0.204239577828
-1.1968333,-1.1968333,0.204239577828
-0.8832946,-0.8832946,0.204239577828
-20.9238744,-10.0,0.204239577828
-0.1714251,-0.1714251,0.204239577828
-20.9027839,-10.0,0.204239577828
0.0934833,0.0934833,0.204239577828
-1.8266112,-1.8266112,0.204239577828
-0.461831,-0.461831,0.204239577828
0.0962745,0.0962745,0.204239577828
0.0972156,0.0972156,0.204239577828
-3.1494044,-3.1494044,0.204239577828
0.097216,0.097216,0.204239577828
-18.1212697,-10.0,0.204239577828
-4.9316951,-4.9316951,0.204239577828
-8.8379413,-8.8379413,0.204239577828
-3.3685945,-3.3685945,0.204239577828
-2.6545437,-2.6545437,0.204239577828
-0.71976,-0.71976,0.204239577828
0.6074734,0.6074734,0.204239577828
-0.5893599,-0.5893599,0.204239577828
-0.2758212,-0.2758212,0.204239577828
-20.316401,-10.0,0.204239577828
0.4360483,0.4360483,0.204239577828
-20.2953105,-10.0,0.204239577828
0.7009567,0.7009567,0.204239577828
-1.2191378,-1.2191378,0.204239577828
0.1456424,0.1456424,0.204239577828
0.7037479,0.7037479,0.204239577828
0.704689,0.704689,0.204239577828
-2.541931,-2.541931,0.204239577828
0.7046894,0.7046894,0.204239577828
-17.5137963,-10.0,0.204239577828
-4.3242217,-4.3242217,0.204239577828
-8.2304679,-8.2304679,0.204239577828
-2.7792346,-2.7792346,0.204239577828
-2.0651838,-2.0651838,0.204239577828
-0.1304001,-0.1304001,0.204239577828
1.1968333,1.1968333,0.204239577828
0.5893599,0.5893599,0.204239577828
0.3135387,0.3135387,0.204239577828
-19.7270411,-10.0,0.204239577828
1.0254082,1.0254082,0.204239577828
-19.7059506,-10.0,0.204239577828
1.2903166,1.2903166,0.204239577828
-0.6297779,-0.6297779,0.204239577828
0.7350023,0.7350023,0.204239577828
1.2931078,1.2931078,0.204239577828
1.2940489,1.2940489,0.204239577828
-1.9525711,-1.9525711,0.204239577828
1.2940493,1.2940493,0.204239577828
-16.9244364,-10.0,0.204239577828
-3.7348618,-3.7348618,0.204239577828
-7.641108,-7.641108,0.204239577828
-3.0927733,-3.0927733,0.204239577828
-2.3787225,-2.3787225,0.204239577828
-0.4439388,-0.4439388,0.204239577828
0.8832946,0.8832946,0.204239577828
0.2758212,0.2758212,0.204239577828
-0.3135387,-0.3135387,0.204239577828
-20.0405798,-10.0,0.204239577828
0.7118695,0.7118695,0.204239577828
-20.0194893,-10.0,0.204239577828
0.9767779,0.9767779,0.204239577828
-0.9433166,-0.9433166,0.204239577828
0.4214636,0.4214636,0.204239577828
0.9795691,0.9795691,0.204239577828
0.9805102,0.9805102,0.204239577828
-2.2661098,-2.2661098,0.204239577828
0.9805106,0.9805106,0.204239577828
-17.2379751,-10.0,0.204239577828
-4.0484005,-4.0484005,0.204239577828
-7.9546467,-7.9546467,0.204239577828
16.9478065,10.0,0.204239577828
17.6618573,10.0,0.204239577828
19.596641,10.0,0.204239577828
20.9238744,10.0,0.204239577828
20.316401,10.0,0.204239577828
19.7270411,10.0,0.204239577828
20.0405798,10.0,0.204239577828
20.7524493,10.0,0.204239577828
0.0210905,0.0210905,0.204239577828
21.0173577,10.0,0.204239577828
19.0972632,10.0,0.204239577828
20.4620434,10.0,0.204239577828
21.0201489,10.0,0.204239577828
21.02109,10.0,0.204239577828
17.77447,10.0,0.204239577828
21.0210904,10.0,0.204239577828
2.8026047,2.8026047,0.204239577828
15.9921793,10.0,0.204239577828
12.0859331,10.0,0.204239577828
-3.8046428,-3.8046428,0.204239577828
-3.090592,-3.090592,0.204239577828
-1.1558083,-1.1558083,0.204239577828
0.1714251,0.1714251,0.204239577828
-0.4360483,-0.4360483,0.204239577828
-1.0254082,-1.0254082,0.204239577828
-0.7118695,-0.7118695,0.204239577828
-20.7524493,-10.0,0.204239577828
-20.7313588,-10.0,0.204239577828
0.2649084,0.2649084,0.204239577828
-1.6551861,-1.6551861,0.204239577828
-0.2904059,-0.2904059,0.204239577828
0.2676996,0.2676996,0.204239577828
0.2686407,0.2686407,0.204239577828
-2.9779793,-2.9779793,0.204239577828
0.2686411,0.2686411,0.204239577828
-17.9498446,-10.0,0.204239577828
-4.76027,-4.76027,0.204239577828
-8.6665162,-8.6665162,0.204239577828
16.926716,10.0,0.204239577828
17.6407668,10.0,0.204239577828
19.5755505,10.0,0.204239577828
20.9027839,10.0,0.204239577828
20.2953105,10.0,0.204239577828
19.7059506,10.0,0.204239577828
20.0194893,10.0,0.204239577828
-0.0210905,-0.0210905,0.204239577828
20.7313588,10.0,0.204239577828
20.9962672,10.0,0.204239577828
19.0761727,10.0,0.204239577828
20.4409529,10.0,0.204239577828
20.9990584,10.0,0.204239577828
20.9999995,10.0,0.204239577828
17.7533795,10.0,0.204239577828
20.9999999,10.0,0.204239577828
2.7815142,2.7815142,0.204239577828
15.9710888,10.0,0.204239577828
12.0648426,10.0,0.204239577828
-4.0695512,-4.0695512,0.204239577828
-3.3555004,-3.3555004,0.204239577828
-1.4207167,-1.4207167,0.204239577828
-0.0934833,-0.0934833,0.204239577828
-0.7009567,-0.7009567,0.204239577828
-1.2903166,-1.2903166,0.204239577828
-0.9767779,-0.9767779,0.204239577828
-21.0173577,-10.0,0.204239577828
-0.2649084,-0.2649084,0.204239577828
-20.9962672,-10.0,0.204239577828
-1.9200945,-1.9200945,0.204239577828
-0.5553143,-0.5553143,0.204239577828
0.0027912,0.0027912,0.204239577828
0.0037323,0.0037323,0.204239577828
-3.2428877,-3.2428877,0.204239577828
0.0037327,0.0037327,0.204239577828
-18.214753,-10.0,0.204239577828
-5.0251784,-5.0251784,0.204239577828
-8.9314246,-8.9314246,0.204239577828
-2.1494567,-2.1494567,0.204239577828
-1.4354059,-1.4354059,0.204239577828
0.4993778,0.4993778,0.204239577828
1.8266112,1.8266112,0.204239577828
1.2191378,1.2191378,0.204239577828
0.6297779,0.6297779,0.204239577828
0.9433166,0.9433166,0.204239577828
-19.0972632,-10.0,0.204239577828
1.6551861,1.6551861,0.204239577828
-19.0761727,-10.0,0.204239577828
1.9200945,1.9200945,0.204239577828
1.3647802,1.3647802,0.204239577828
1.9228857,1.9228857,0.204239577828
1.9238268,1.9238268,0.204239577828
-1.3227932,-1.3227932,0.204239577828
1.9238272,1.9238272,0.204239577828
-16.2946585,-10.0,0.204239577828
-3.1050839,-3.1050839,0.204239577828
-7.0113301,-7.0113301,0.204239577828
-3.5142369,-3.5142369,0.204239577828
-2.8001861,-2.8001861,0.204239577828
-0.8654024,-0.8654024,0.204239577828
0.461831,0.461831,0.204239577828
-0.1456424,-0.1456424,0.204239577828
-0.7350023,-0.7350023,0.204239577828
-0.4214636,-0.4214636,0.204239577828
-20.4620434,-10.0,0.204239577828
0.2904059,0.2904059,0.204239577828
-20.4409529,-10.0,0.204239577828
0.5553143,0.5553143,0.204239577828
-1.3647802,-1.3647802,0.204239577828
0.5581055,0.5581055,0.204239577828
0.5590466,0.5590466,0.204239577828
-2.6875734,-2.6875734,0.204239577828
0.559047,0.559047,0.204239577828
-17.6594387,-10.0,0.204239577828
-4.4698641,-4.4698641,0.204239577828
-8.3761103,-8.3761103,0.204239577828
-4.0723424,-4.0723424,0.204239577828
-3.3582916,-3.3582916,0.204239577828
-1.4235079,-1.4235079,0.204239577828
-0.0962745,-0.0962745,0.204239577828
-0.7037479,-0.7037479,0.204239577828
-1.2931078,-1.2931078,0.204239577828
-0.9795691,-0.9795691,0.204239577828
-21.0201489,-10.0,0.204239577828
-0.2676996,-0.2676996,0.204239577828
-20.9990584,-10.0,0.204239577828
-0.0027912,-0.0027912,0.204239577828
-1.9228857,-1.9228857,0.204239577828
-0.5581055,-0.5581055,0.204239577828
0.000941100000002,0.000941100000002,0.204239577828
-3.2456789,-3.2456789,0.204239577828
0.0009415,0.0009415,0.204239577828
-18.2175442,-10.0,0.204239577828
-5.0279696,-5.0279696,0.204239577828
-8.9342158,-8.9342158,0.204239577828
-4.0732835,-4.0732835,0.204239577828
-3.3592327,-3.3592327,0.204239577828
-1.424449,-1.424449,0.204239577828
-0.0972156,-0.0972156,0.204239577828
-0.704689,-0.704689,0.204239577828
-1.2940489,-1.2940489,0.204239577828
-0.9805102,-0.9805102,0.204239577828
-21.02109,-10.0,0.204239577828
-0.2686407,-0.2686407,0.204239577828
-20.9999995,-10.0,0.204239577828
-0.0037323,-0.0037323,0.204239577828
-1.9238268,-1.9238268,0.204239577828
-0.5590466,-0.5590466,0.204239577828
-0.000941100000002,-0.000941100000002,0.204239577828
-3.24662,-3.24662,0.204239577828
3.99999997569e-07,3.99999997569e-07,0.204239577828
-18.2184853,-10.0,0.204239577828
-5.0289107,-5.0289107,0.204239577828
-8.9351569,-8.9351569,0.204239577828
-0.8266635,-0.8266635,0.204239577828
-0.1126127,-0.1126127,0.204239577828
1.822171,1.822171,0.204239577828
3.1494044,3.1494044,0.204239577828
2.541931,2.541931,0.204239577828
1.9525711,1.9525711,0.204239577828
2.2661098,2.2661098,0.204239577828
-17.77447,-10.0,0.204239577828
2.9779793,2.9779793,0.204239577828
-17.7533795,-10.0,0.204239577828
3.2428877,3.2428877,0.204239577828
1.3227932,1.3227932,0.204239577828
2.6875734,2.6875734,0.204239577828
3.2456789,3.2456789,0.204239577828
3.24662,3.24662,0.204239577828
3.2466204,3.2466204,0.204239577828
-14.9718653,-10.0,0.204239577828
-1.7822907,-1.7822907,0.204239577828
-5.6885369,-5.6885369,0.204239577828
-4.0732839,-4.0732839,0.204239577828
-3.3592331,-3.3592331,0.204239577828
-1.4244494,-1.4244494,0.204239577828
-0.097216,-0.097216,0.204239577828
-0.7046894,-0.7046894,0.204239577828
-1.2940493,-1.2940493,0.204239577828
-0.9805106,-0.9805106,0.204239577828
-21.0210904,-10.0,0.204239577828
-0.2686411,-0.2686411,0.204239577828
-20.9999999,-10.0,0.204239577828
-0.0037327,-0.0037327,0.204239577828
-1.9238272,-1.9238272,0.204239577828
-0.559047,-0.559047,0.204239577828
-0.0009415,-0.0009415,0.204239577828
-3.99999997569e-07,-3.99999997569e-07,0.204239577828
-3.2466204,-3.2466204,0.204239577828
-18.2184857,-10.0,0.204239577828
-5.0289111,-5.0289111,0.204239577828
-8.9351573,-8.9351573,0.204239577828
14.1452018,10.0,0.204239577828
14.8592526,10.0,0.204239577828
16.7940363,10.0,0.204239577828
18.1212697,10.0,0.204239577828
17.5137963,10.0,0.204239577828
16.9244364,10.0,0.204239577828
17.2379751,10.0,0.204239577828
-2.8026047,-2.8026047,0.204239577828
17.9498446,10.0,0.204239577828
-2.7815142,-2.7815142,0.204239577828
18.214753,10.0,0.204239577828
16.2946585,10.0,0.204239577828
17.6594387,10.0,0.204239577828
18.2175442,10.0,0.204239577828
18.2184853,10.0,0.204239577828
14.9718653,10.0,0.204239577828
18.2184857,10.0,0.204239577828
13.1895746,10.0,0.204239577828
9.2833284,9.2833284,0.204239577828
0.9556272,0.9556272,0.204239577828
1.669678,1.669678,0.204239577828
3.6044617,3.6044617,0.204239577828
4.9316951,4.9316951,0.204239577828
4.3242217,4.3242217,0.204239577828
3.7348618,3.7348618,0.204239577828
4.0484005,4.0484005,0.204239577828
-15.9921793,-10.0,0.204239577828
4.76027,4.76027,0.204239577828
-15.9710888,-10.0,0.204239577828
5.0251784,5.0251784,0.204239577828
3.1050839,3.1050839,0.204239577828
4.4698641,4.4698641,0.204239577828
5.0279696,5.0279696,0.204239577828
5.0289107,5.0289107,0.204239577828
1.7822907,1.7822907,0.204239577828
5.0289111,5.0289111,0.204239577828
-13.1895746,-10.0,0.204239577828
-3.9062462,-3.9062462,0.204239577828
4.8618734,4.8618734,0.204239577828
5.5759242,5.5759242,0.204239577828
7.5107079,7.5107079,0.204239577828
8.8379413,8.8379413,0.204239577828
8.2304679,8.2304679,0.204239577828
7.641108,7.641108,0.204239577828
7.9546467,7.9546467,0.204239577828
-12.0859331,-10.0,0.204239577828
8.6665162,8.6665162,0.204239577828
-12.0648426,-10.0,0.204239577828
8.9314246,8.9314246,0.204239577828
7.0113301,7.0113301,0.204239577828
8.3761103,8.3761103,0.204239577828
8.9342158,8.9342158,0.204239577828
8.9351569,8.9351569,0.204239577828
5.6885369,5.6885369,0.204239577828
8.9351573,8.9351573,0.204239577828
-9.2833284,-9.2833284,0.204239577828
3.9062462,3.9062462,0.204239577828
17.063085,10.0,0.478837148843
1.030772,1.030772,0.478837148843
1.8764083,1.8764083,0.478837148843
21.4147375,10.0,0.478837148843
2.263451,2.263451,0.478837148843
7.5995958,7.5995958,0.478837148843
9.5286878,9.5286878,0.478837148843
0.4147392,0.4147392,0.478837148843
2.884695,2.884695,0.478837148843
2.2982583,2.2982583,0.478837148843
2.4983,2.4983,0.478837148843
20.1063612,10.0,0.478837148843
2.519969,2.519969,0.478837148843
3.0195939,3.0195939,0.478837148843
0.1339708,0.1339708,0.478837148843
1.3648019,1.3648019,0.478837148843
3.4765243,3.4765243,0.478837148843
7.0556961,7.0556961,0.478837148843
20.6590603,10.0,0.478837148843
-17.063085,-10.0,0.478837148843
-16.032313,-10.0,0.478837148843
-15.1866767,-10.0,0.478837148843
4.3516525,4.3516525,0.478837148843
-14.799634,-10.0,0.478837148843
-9.4634892,-9.4634892,0.478837148843
-7.5343972,-7.5343972,0.478837148843
-16.6483458,-10.0,0.478837148843
-14.17839,-10.0,0.478837148843
-14.7648267,-10.0,0.478837148843
-14.564785,-10.0,0.478837148843
3.0432762,3.0432762,0.478837148843
-14.543116,-10.0,0.478837148843
-14.0434911,-10.0,0.478837148843
-16.9291142,-10.0,0.478837148843
-15.6982831,-10.0,0.478837148843
-13.5865607,-10.0,0.478837148843
-10.0073889,-10.0,0.478837148843
3.5959753,3.5959753,0.478837148843
-1.030772,-1.030772,0.478837148843
16.032313,10.0,0.478837148843
0.8456363,0.8456363,0.478837148843
20.3839655,10.0,0.478837148843
1.232679,1.232679,0.478837148843
6.5688238,6.5688238,0.478837148843
8.4979158,8.4979158,0.478837148843
-0.6160328,-0.6160328,0.478837148843
1.853923,1.853923,0.478837148843
1.2674863,1.2674863,0.478837148843
1.467528,1.467528,0.478837148843
19.0755892,10.0,0.478837148843
1.489197,1.489197,0.478837148843
1.9888219,1.9888219,0.478837148843
-0.8968012,-0.8968012,0.478837148843
0.3340299,0.3340299,0.478837148843
2.4457523,2.4457523,0.478837148843
6.0249241,6.0249241,0.478837148843
19.6282883,10.0,0.478837148843
-1.8764083,-1.8764083,0.478837148843
15.1866767,10.0,0.478837148843
-0.8456363,-0.8456363,0.478837148843
19.5383292,10.0,0.478837148843
0.3870427,0.3870427,0.478837148843
5.7231875,5.7231875,0.478837148843
7.6522795,7.6522795,0.478837148843
-1.4616691,-1.4616691,0.478837148843
1.0082867,1.0082867,0.478837148843
0.42185,0.42185,0.478837148843
0.6218917,0.6218917,0.478837148843
18.2299529,10.0,0.478837148843
0.6435607,0.6435607,0.478837148843
1.1431856,1.1431856,0.478837148843
-1.7424375,-1.7424375,0.478837148843
-0.5116064,-0.5116064,0.478837148843
1.600116,1.600116,0.478837148843
5.1792878,5.1792878,0.478837148843
18.782652,10.0,0.478837148843
-21.4147375,-10.0,0.478837148843
-4.3516525,-4.3516525,0.478837148843
-20.3839655,-10.0,0.478837148843
-19.5383292,-10.0,0.478837148843
-19.1512865,-10.0,0.478837148843
-13.8151417,-10.0,0.478837148843
-11.8860497,-10.0,0.478837148843
-20.9999983,-10.0,0.478837148843
-18.5300425,-10.0,0.478837148843
-19.1164792,-10.0,0.478837148843
-18.9164375,-10.0,0.478837148843
-1.3083763,-1.3083763,0.478837148843
-18.8947685,-10.0,0.478837148843
-18.3951436,-10.0,0.478837148843
-21.2807667,-10.0,0.478837148843
-20.0499356,-10.0,0.478837148843
-17.9382132,-10.0,0.478837148843
-14.3590414,-10.0,0.478837148843
-0.7556772,-0.7556772,0.478837148843
-2.263451,-2.263451,0.478837148843
14.799634,10.0,0.478837148843
-1.232679,-1.232679,0.478837148843
-0.3870427,-0.3870427,0.478837148843
19.1512865,10.0,0.478837148843
5.3361448,5.3361448,0.478837148843
7.2652368,7.2652368,0.478837148843
-1.8487118,-1.8487118,0.478837148843
0.621244,0.621244,0.478837148843
0.0348073,0.0348073,0.478837148843
0.234849,0.234849,0.478837148843
17.8429102,10.0,0.478837148843
0.256518,0.256518,0.478837148843
0.7561429,0.7561429,0.478837148843
-2.1294802,-2.1294802,0.478837148843
-0.8986491,-0.8986491,0.478837148843
1.2130733,1.2130733,0.478837148843
4.7922451,4.7922451,0.478837148843
18.3956093,10.0,0.478837148843
-7.5995958,-7.5995958,0.478837148843
9.4634892,9.4634892,0.478837148843
-6.5688238,-6.5688238,0.478837148843
-5.7231875,-5.7231875,0.478837148843
13.8151417,10.0,0.478837148843
-5.3361448,-5.3361448,0.478837148843
1.929092,1.929092,0.478837148843
-7.1848566,-7.1848566,0.478837148843
-4.7149008,-4.7149008,0.478837148843
-5.3013375,-5.3013375,0.478837148843
-5.1012958,-5.1012958,0.478837148843
12.5067654,10.0,0.478837148843
-5.0796268,-5.0796268,0.478837148843
-4.5800019,-4.5800019,0.478837148843
-7.465625,-7.465625,0.478837148843
-6.2347939,-6.2347939,0.478837148843
-4.1230715,-4.1230715,0.478837148843
-0.5438997,-0.5438997,0.478837148843
13.0594645,10.0,0.478837148843
-9.5286878,-9.5286878,0.478837148843
7.5343972,7.5343972,0.478837148843
-8.4979158,-8.4979158,0.478837148843
-7.6522795,-7.6522795,0.478837148843
11.8860497,10.0,0.478837148843
-7.2652368,-7.2652368,0.478837148843
-1.929092,-1.929092,0.478837148843
-9.1139486,-9.1139486,0.478837148843
-6.6439928,-6.6439928,0.478837148843
-7.2304295,-7.2304295,0.478837148843
-7.0303878,-7.0303878,0.478837148843
10.5776734,10.0,0.478837148843
-7.0087188,-7.0087188,0.478837148843
-6.5090939,-6.5090939,0.478837148843
-9.394717,-9.394717,0.478837148843
-8.1638859,-8.1638859,0.478837148843
-6.0521635,-6.0521635,0.478837148843
-2.4729917,-2.4729917,0.478837148843
11.1303725,10.0,0.478837148843
-0.4147392,-0.4147392,0.478837148843
16.6483458,10.0,0.478837148843
0.6160328,0.6160328,0.478837148843
1.4616691,1.4616691,0.478837148843
20.9999983,10.0,0.478837148843
1.8487118,1.8487118,0.478837148843
7.1848566,7.1848566,0.478837148843
9.1139486,9.1139486,0.478837148843
2.4699558,2.4699558,0.478837148843
1.8835191,1.8835191,0.478837148843
2.0835608,2.0835608,0.478837148843
19.691622,10.0,0.478837148843
2.1052298,2.1052298,0.478837148843
2.6048547,2.6048547,0.478837148843
-0.2807684,-0.2807684,0.478837148843
0.9500627,0.9500627,0.478837148843
3.0617851,3.0617851,0.478837148843
6.6409569,6.6409569,0.478837148843
20.2443211,10.0,0.478837148843
-2.884695,-2.884695,0.478837148843
14.17839,10.0,0.478837148843
-1.853923,-1.853923,0.478837148843
-1.0082867,-1.0082867,0.478837148843
18.5300425,10.0,0.478837148843
-0.621244,-0.621244,0.478837148843
4.7149008,4.7149008,0.478837148843
6.6439928,6.6439928,0.478837148843
-2.4699558,-2.4699558,0.478837148843
-0.5864367,-0.5864367,0.478837148843
-0.386395,-0.386395,0.478837148843
17.2216662,10.0,0.478837148843
-0.364726,-0.364726,0.478837148843
0.1348989,0.1348989,0.478837148843
-2.7507242,-2.7507242,0.478837148843
-1.5198931,-1.5198931,0.478837148843
0.5918293,0.5918293,0.478837148843
4.1710011,4.1710011,0.478837148843
17.7743653,10.0,0.478837148843
-2.2982583,-2.2982583,0.478837148843
14.7648267,10.0,0.478837148843
-1.2674863,-1.2674863,0.478837148843
-0.42185,-0.42185,0.478837148843
19.1164792,10.0,0.478837148843
-0.0348073,-0.0348073,0.478837148843
5.3013375,5.3013375,0.478837148843
7.2304295,7.2304295,0.478837148843
-1.8835191,-1.8835191,0.478837148843
0.5864367,0.5864367,0.478837148843
0.2000417,0.2000417,0.478837148843
17.8081029,10.0,0.478837148843
0.2217107,0.2217107,0.478837148843
0.7213356,0.7213356,0.478837148843
-2.1642875,-2.1642875,0.478837148843
-0.9334564,-0.9334564,0.478837148843
1.178266,1.178266,0.478837148843
4.7574378,4.7574378,0.478837148843
18.360802,10.0,0.478837148843
-2.4983,-2.4983,0.478837148843
14.564785,10.0,0.478837148843
-1.467528,-1.467528,0.478837148843
-0.6218917,-0.6218917,0.478837148843
18.9164375,10.0,0.478837148843
-0.234849,-0.234849,0.478837148843
5.1012958,5.1012958,0.478837148843
7.0303878,7.0303878,0.478837148843
-2.0835608,-2.0835608,0.478837148843
0.386395,0.386395,0.478837148843
-0.2000417,-0.2000417,0.478837148843
17.6080612,10.0,0.478837148843
0.021669,0.021669,0.478837148843
0.5212939,0.5212939,0.478837148843
-2.3643292,-2.3643292,0.478837148843
-1.1334981,-1.1334981,0.478837148843
0.9782243,0.9782243,0.478837148843
4.5573961,4.5573961,0.478837148843
18.1607603,10.0,0.478837148843
-20.1063612,-10.0,0.478837148843
-3.0432762,-3.0432762,0.478837148843
-19.0755892,-10.0,0.478837148843
-18.2299529,-10.0,0.478837148843
1.3083763,1.3083763,0.478837148843
-17.8429102,-10.0,0.478837148843
-12.5067654,-10.0,0.478837148843
-10.5776734,-10.0,0.478837148843
-19.691622,-10.0,0.478837148843
-17.2216662,-10.0,0.478837148843
-17.8081029,-10.0,0.478837148843
-17.6080612,-10.0,0.478837148843
-17.5863922,-10.0,0.478837148843
-17.0867673,-10.0,0.478837148843
-19.9723904,-10.0,0.478837148843
-18.7415593,-10.0,0.478837148843
-16.6298369,-10.0,0.478837148843
-13.0506651,-10.0,0.478837148843
0.5526991,0.5526991,0.478837148843
-2.519969,-2.519969,0.478837148843
14.543116,10.0,0.478837148843
-1.489197,-1.489197,0.478837148843
-0.6435607,-0.6435607,0.478837148843
18.8947685,10.0,0.478837148843
-0.256518,-0.256518,0.478837148843
5.0796268,5.0796268,0.478837148843
7.0087188,7.0087188,0.478837148843
-2.1052298,-2.1052298,0.478837148843
0.364726,0.364726,0.478837148843
-0.2217107,-0.2217107,0.478837148843
-0.021669,-0.021669,0.478837148843
17.5863922,10.0,0.478837148843
0.4996249,0.4996249,0.478837148843
-2.3859982,-2.3859982,0.478837148843
-1.1551671,-1.1551671,0.478837148843
0.9565553,0.9565553,0.478837148843
4.5357271,4.5357271,0.478837148843
18.1390913,10.0,0.478837148843
-3.0195939,-3.0195939,0.478837148843
14.0434911,10.0,0.478837148843
-1.9888219,-1.9888219,0.478837148843
-1.1431856,-1.1431856,0.478837148843
18.3951436,10.0,0.478837148843
-0.7561429,-0.7561429,0.478837148843
4.5800019,4.5800019,0.478837148843
6.5090939,6.5090939,0.478837148843
-2.6048547,-2.6048547,0.478837148843
-0.1348989,-0.1348989,0.478837148843
-0.7213356,-0.7213356,0.478837148843
-0.5212939,-0.5212939,0.478837148843
17.0867673,10.0,0.478837148843
-0.4996249,-0.4996249,0.478837148843
-2.8856231,-2.8856231,0.478837148843
-1.654792,-1.654792,0.478837148843
0.4569304,0.4569304,0.478837148843
4.0361022,4.0361022,0.478837148843
17.6394664,10.0,0.478837148843
-0.1339708,-0.1339708,0.478837148843
16.9291142,10.0,0.478837148843
0.8968012,0.8968012,0.478837148843
1.7424375,1.7424375,0.478837148843
21.2807667,10.0,0.478837148843
2.1294802,2.1294802,0.478837148843
7.465625,7.465625,0.478837148843
9.394717,9.394717,0.478837148843
0.2807684,0.2807684,0.478837148843
2.7507242,2.7507242,0.478837148843
2.1642875,2.1642875,0.478837148843
2.3643292,2.3643292,0.478837148843
19.9723904,10.0,0.478837148843
2.3859982,2.3859982,0.478837148843
2.8856231,2.8856231,0.478837148843
1.2308311,1.2308311,0.478837148843
3.3425535,3.3425535,0.478837148843
6.9217253,6.9217253,0.478837148843
20.5250895,10.0,0.478837148843
-1.3648019,-1.3648019,0.478837148843
15.6982831,10.0,0.478837148843
-0.3340299,-0.3340299,0.478837148843
0.5116064,0.5116064,0.478837148843
20.0499356,10.0,0.478837148843
0.8986491,0.8986491,0.478837148843
6.2347939,6.2347939,0.478837148843
8.1638859,8.1638859,0.478837148843
-0.9500627,-0.9500627,0.478837148843
1.5198931,1.5198931,0.478837148843
0.9334564,0.9334564,0.478837148843
1.1334981,1.1334981,0.478837148843
18.7415593,10.0,0.478837148843
1.1551671,1.1551671,0.478837148843
1.654792,1.654792,0.478837148843
-1.2308311,-1.2308311,0.478837148843
2.1117224,2.1117224,0.478837148843
5.6908942,5.6908942,0.478837148843
19.2942584,10.0,0.478837148843
-3.4765243,-3.4765243,0.478837148843
13.5865607,10.0,0.478837148843
-2.4457523,-2.4457523,0.478837148843
-1.600116,-1.600116,0.478837148843
17.9382132,10.0,0.478837148843
-1.2130733,-1.2130733,0.478837148843
4.1230715,4.1230715,0.478837148843
6.0521635,6.0521635,0.478837148843
-3.0617851,-3.0617851,0.478837148843
-0.5918293,-0.5918293,0.478837148843
-1.178266,-1.178266,0.478837148843
-0.9782243,-0.9782243,0.478837148843
16.6298369,10.0,0.478837148843
-0.9565553,-0.9565553,0.478837148843
-0.4569304,-0.4569304,0.478837148843
-3.3425535,-3.3425535,0.478837148843
-2.1117224,-2.1117224,0.478837148843
3.5791718,3.5791718,0.478837148843
17.182536,10.0,0.478837148843
-7.0556961,-7.0556961,0.478837148843
10.0073889,10.0,0.478837148843
-6.0249241,-6.0249241,0.478837148843
-5.1792878,-5.1792878,0.478837148843
14.3590414,10.0,0.478837148843
-4.7922451,-4.7922451,0.478837148843
0.5438997,0.5438997,0.478837148843
2.4729917,2.4729917,0.478837148843
-6.6409569,-6.6409569,0.478837148843
-4.1710011,-4.1710011,0.478837148843
-4.7574378,-4.7574378,0.478837148843
-4.5573961,-4.5573961,0.478837148843
13.0506651,10.0,0.478837148843
-4.5357271,-4.5357271,0.478837148843
-4.0361022,-4.0361022,0.478837148843
-6.9217253,-6.9217253,0.478837148843
-5.6908942,-5.6908942,0.478837148843
-3.5791718,-3.5791718,0.478837148843
13.6033642,10.0,0.478837148843
-20.6590603,-10.0,0.478837148843
-3.5959753,-3.5959753,0.478837148843
-19.6282883,-10.0,0.478837148843
-18.782652,-10.0,0.478837148843
0.7556772,0.7556772,0.478837148843
-18.3956093,-10.0,0.478837148843
-13.0594645,-10.0,0.478837148843
-11.1303725,-10.0,0.478837148843
-20.2443211,-10.0,0.478837148843
-17.7743653,-10.0,0.478837148843
-18.360802,-10.0,0.478837148843
-18.1607603,-10.0,0.478837148843
-0.5526991,-0.5526991,0.478837148843
-18.1390913,-10.0,0.478837148843
-17.6394664,-10.0,0.478837148843
-20.5250895,-10.0,0.478837148843
-19.2942584,-10.0,0.478837148843
-17.182536,-10.0,0.478837148843
-13.6033642,-10.0,0.478837148843
0.0699406,0.0699406,0.100485408723
-0.4028381,-0.4028381,0.100485408723
1.4687155,1.4687155,0.100485408723
16.9560925,10.0,0.100485408723
-3.5517156,-3.5517156,0.100485408723
16.9380262,10.0,0.100485408723
8.0441834,8.0441834,0.100485408723
2.2676927,2.2676927,0.100485408723
11.8202897,10.0,0.100485408723
9.7126441,9.7126441,0.100485408723
-1.605354,-1.605354,0.100485408723
15.1222494,10.0,0.100485408723
16.5270352,10.0,0.100485408723
16.0254499,10.0,0.100485408723
17.3883366,10.0,0.100485408723
2.6233409,2.6233409,0.100485408723
16.2274352,10.0,0.100485408723
16.3528176,10.0,0.100485408723
17.448284,10.0,0.100485408723
-0.0699406,-0.0699406,0.100485408723
-0.4727787,-0.4727787,0.100485408723
1.3987749,1.3987749,0.100485408723
16.8861519,10.0,0.100485408723
-3.6216562,-3.6216562,0.100485408723
16.8680856,10.0,0.100485408723
7.9742428,7.9742428,0.100485408723
2.1977521,2.1977521,0.100485408723
11.7503491,10.0,0.100485408723
9.6427035,9.6427035,0.100485408723
-1.6752946,-1.6752946,0.100485408723
15.0523088,10.0,0.100485408723
16.4570946,10.0,0.100485408723
15.9555093,10.0,0.100485408723
17.318396,10.0,0.100485408723
2.5534003,2.5534003,0.100485408723
16.1574946,10.0,0.100485408723
16.282877,10.0,0.100485408723
17.3783434,10.0,0.100485408723
0.4028381,0.4028381,0.100485408723
0.4727787,0.4727787,0.100485408723
1.8715536,1.8715536,0.100485408723
17.3589306,10.0,0.100485408723
-3.1488775,-3.1488775,0.100485408723
17.3408643,10.0,0.100485408723
8.4470215,8.4470215,0.100485408723
2.6705308,2.6705308,0.100485408723
12.2231278,10.0,0.100485408723
10.1154822,10.0,0.100485408723
-1.2025159,-1.2025159,0.100485408723
15.5250875,10.0,0.100485408723
16.9298733,10.0,0.100485408723
16.428288,10.0,0.100485408723
17.7911747,10.0,0.100485408723
3.026179,3.026179,0.100485408723
16.6302733,10.0,0.100485408723
16.7556557,10.0,0.100485408723
17.8511221,10.0,0.100485408723
-1.4687155,-1.4687155,0.100485408723
-1.3987749,-1.3987749,0.100485408723
-1.8715536,-1.8715536,0.100485408723
15.487377,10.0,0.100485408723
-5.0204311,-5.0204311,0.100485408723
15.4693107,10.0,0.100485408723
6.5754679,6.5754679,0.100485408723
0.7989772,0.7989772,0.100485408723
10.3515742,10.0,0.100485408723
8.2439286,8.2439286,0.100485408723
-3.0740695,-3.0740695,0.100485408723
13.6535339,10.0,0.100485408723
15.0583197,10.0,0.100485408723
14.5567344,10.0,0.100485408723
15.9196211,10.0,0.100485408723
1.1546254,1.1546254,0.100485408723
14.7587197,10.0,0.100485408723
14.8841021,10.0,0.100485408723
15.9795685,10.0,0.100485408723
-16.9560925,-10.0,0.100485408723
-16.8861519,-10.0,0.100485408723
-17.3589306,-10.0,0.100485408723
-15.487377,-10.0,0.100485408723
-20.5078081,-10.0,0.100485408723
-0.0180663,-0.0180663,0.100485408723
-8.9119091,-8.9119091,0.100485408723
-14.6883998,-10.0,0.100485408723
-5.1358028,-5.1358028,0.100485408723
-7.2434484,-7.2434484,0.100485408723
-18.5614465,-10.0,0.100485408723
-1.8338431,-1.8338431,0.100485408723
-0.4290573,-0.4290573,0.100485408723
-0.9306426,-0.9306426,0.100485408723
0.4322441,0.4322441,0.100485408723
-14.3327516,-10.0,0.100485408723
-0.7286573,-0.7286573,0.100485408723
-0.6032749,-0.6032749,0.100485408723
0.4921915,0.4921915,0.100485408723
3.5517156,3.5517156,0.100485408723
3.6216562,3.6216562,0.100485408723
3.1488775,3.1488775,0.100485408723
5.0204311,5.0204311,0.100485408723
20.5078081,10.0,0.100485408723
20.4897418,10.0,0.100485408723
11.595899,10.0,0.100485408723
5.8194083,5.8194083,0.100485408723
15.3720053,10.0,0.100485408723
13.2643597,10.0,0.100485408723
1.9463616,1.9463616,0.100485408723
18.673965,10.0,0.100485408723
20.0787508,10.0,0.100485408723
19.5771655,10.0,0.100485408723
20.9400522,10.0,0.100485408723
6.1750565,6.1750565,0.100485408723
19.7791508,10.0,0.100485408723
19.9045332,10.0,0.100485408723
20.9999996,10.0,0.100485408723
-16.9380262,-10.0,0.100485408723
-16.8680856,-10.0,0.100485408723
-17.3408643,-10.0,0.100485408723
-15.4693107,-10.0,0.100485408723
0.0180663,0.0180663,0.100485408723
-20.4897418,-10.0,0.100485408723
-8.8938428,-8.8938428,0.100485408723
-14.6703335,-10.0,0.100485408723
-5.1177365,-5.1177365,0.100485408723
-7.2253821,-7.2253821,0.100485408723
-18.5433802,-10.0,0.100485408723
-1.8157768,-1.8157768,0.100485408723
-0.410991,-0.410991,0.100485408723
-0.9125763,-0.9125763,0.100485408723
0.4503104,0.4503104,0.100485408723
-14.3146853,-10.0,0.100485408723
-0.710591,-0.710591,0.100485408723
-0.5852086,-0.5852086,0.100485408723
0.5102578,0.5102578,0.100485408723
-8.0441834,-8.0441834,0.100485408723
-7.9742428,-7.9742428,0.100485408723
-8.4470215,-8.4470215,0.100485408723
-6.5754679,-6.5754679,0.100485408723
8.9119091,8.9119091,0.100485408723
-11.595899,-10.0,0.100485408723
8.8938428,8.8938428,0.100485408723
-5.7764907,-5.7764907,0.100485408723
3.7761063,3.7761063,0.100485408723
1.6684607,1.6684607,0.100485408723
-9.6495374,-9.6495374,0.100485408723
7.078066,7.078066,0.100485408723
8.4828518,8.4828518,0.100485408723
7.9812665,7.9812665,0.100485408723
9.3441532,9.3441532,0.100485408723
-5.4208425,-5.4208425,0.100485408723
8.1832518,8.1832518,0.100485408723
8.3086342,8.3086342,0.100485408723
9.4041006,9.4041006,0.100485408723
-2.2676927,-2.2676927,0.100485408723
-2.1977521,-2.1977521,0.100485408723
-2.6705308,-2.6705308,0.100485408723
-0.7989772,-0.7989772,0.100485408723
14.6883998,10.0,0.100485408723
-5.8194083,-5.8194083,0.100485408723
14.6703335,10.0,0.100485408723
5.7764907,5.7764907,0.100485408723
9.552597,9.552597,0.100485408723
7.4449514,7.4449514,0.100485408723
-3.8730467,-3.8730467,0.100485408723
12.8545567,10.0,0.100485408723
14.2593425,10.0,0.100485408723
13.7577572,10.0,0.100485408723
15.1206439,10.0,0.100485408723
0.3556482,0.3556482,0.100485408723
13.9597425,10.0,0.100485408723
14.0851249,10.0,0.100485408723
15.1805913,10.0,0.100485408723
-11.8202897,-10.0,0.100485408723
-11.7503491,-10.0,0.100485408723
-12.2231278,-10.0,0.100485408723
-10.3515742,-10.0,0.100485408723
5.1358028,5.1358028,0.100485408723
-15.3720053,-10.0,0.100485408723
5.1177365,5.1177365,0.100485408723
-3.7761063,-3.7761063,0.100485408723
-9.552597,-9.552597,0.100485408723
-2.1076456,-2.1076456,0.100485408723
-13.4256437,-10.0,0.100485408723
3.3019597,3.3019597,0.100485408723
4.7067455,4.7067455,0.100485408723
4.2051602,4.2051602,0.100485408723
5.5680469,5.5680469,0.100485408723
-9.1969488,-9.1969488,0.100485408723
4.4071455,4.4071455,0.100485408723
4.5325279,4.5325279,0.100485408723
5.6279943,5.6279943,0.100485408723
-9.7126441,-9.7126441,0.100485408723
-9.6427035,-9.6427035,0.100485408723
-10.1154822,-10.0,0.100485408723
-8.2439286,-8.2439286,0.100485408723
7.2434484,7.2434484,0.100485408723
-13.2643597,-10.0,0.100485408723
7.2253821,7.2253821,0.100485408723
-1.6684607,-1.6684607,0.100485408723
-7.4449514,-7.4449514,0.100485408723
2.1076456,2.1076456,0.100485408723
-11.3179981,-10.0,0.100485408723
5.4096053,5.4096053,0.100485408723
6.8143911,6.8143911,0.100485408723
6.3128058,6.3128058,0.100485408723
7.6756925,7.6756925,0.100485408723
-7.0893032,-7.0893032,0.100485408723
6.5147911,6.5147911,0.100485408723
6.6401735,6.6401735,0.100485408723
7.7356399,7.7356399,0.100485408723
1.605354,1.605354,0.100485408723
1.6752946,1.6752946,0.100485408723
1.2025159,1.2025159,0.100485408723
3.0740695,3.0740695,0.100485408723
18.5614465,10.0,0.100485408723
-1.9463616,-1.9463616,0.100485408723
18.5433802,10.0,0.100485408723
9.6495374,9.6495374,0.100485408723
3.8730467,3.8730467,0.100485408723
13.4256437,10.0,0.100485408723
11.3179981,10.0,0.100485408723
16.7276034,10.0,0.100485408723
18.1323892,10.0,0.100485408723
17.6308039,10.0,0.100485408723
18.9936906,10.0,0.100485408723
4.2286949,4.2286949,0.100485408723
17.8327892,10.0,0.100485408723
17.9581716,10.0,0.100485408723
19.053638,10.0,0.100485408723
-15.1222494,-10.0,0.100485408723
-15.0523088,-10.0,0.100485408723
-15.5250875,-10.0,0.100485408723
-13.6535339,-10.0,0.100485408723
1.8338431,1.8338431,0.100485408723
-18.673965,-10.0,0.100485408723
1.8157768,1.8157768,0.100485408723
-7.078066,-7.078066,0.100485408723
-12.8545567,-10.0,0.100485408723
-3.3019597,-3.3019597,0.100485408723
-5.4096053,-5.4096053,0.100485408723
-16.7276034,-10.0,0.100485408723
1.4047858,1.4047858,0.100485408723
0.9032005,0.9032005,0.100485408723
2.2660872,2.2660872,0.100485408723
-12.4989085,-10.0,0.100485408723
1.1051858,1.1051858,0.100485408723
1.2305682,1.2305682,0.100485408723
2.3260346,2.3260346,0.100485408723
-16.5270352,-10.0,0.100485408723
-16.4570946,-10.0,0.100485408723
-16.9298733,-10.0,0.100485408723
-15.0583197,-10.0,0.100485408723
0.4290573,0.4290573,0.100485408723
-20.0787508,-10.0,0.100485408723
0.410991,0.410991,0.100485408723
-8.4828518,-8.4828518,0.100485408723
-14.2593425,-10.0,0.100485408723
-4.7067455,-4.7067455,0.100485408723
-6.8143911,-6.8143911,0.100485408723
-18.1323892,-10.0,0.100485408723
-1.4047858,-1.4047858,0.100485408723
-0.5015853,-0.5015853,0.100485408723
0.8613014,0.8613014,0.100485408723
-13.9036943,-10.0,0.100485408723
-0.2996,-0.2996,0.100485408723
-0.1742176,-0.1742176,0.100485408723
0.9212488,0.9212488,0.100485408723
-16.0254499,-10.0,0.100485408723
-15.9555093,-10.0,0.100485408723
-16.428288,-10.0,0.100485408723
-14.5567344,-10.0,0.100485408723
0.9306426,0.9306426,0.100485408723
-19.5771655,-10.0,0.100485408723
0.9125763,0.9125763,0.100485408723
-7.9812665,-7.9812665,0.100485408723
-13.7577572,-10.0,0.100485408723
-4.2051602,-4.2051602,0.100485408723
-6.3128058,-6.3128058,0.100485408723
-17.6308039,-10.0,0.100485408723
-0.9032005,-0.9032005,0.100485408723
0.5015853,0.5015853,0.100485408723
1.3628867,1.3628867,0.100485408723
-13.402109,-10.0,0.100485408723
0.2019853,0.2019853,0.100485408723
0.3273677,0.3273677,0.100485408723
1.4228341,1.4228341,0.100485408723
-17.3883366,-10.0,0.100485408723
-17.318396,-10.0,0.100485408723
-17.7911747,-10.0,0.100485408723
-15.9196211,-10.0,0.100485408723
-0.4322441,-0.4322441,0.100485408723
-20.9400522,-10.0,0.100485408723
-0.4503104,-0.4503104,0.100485408723
-9.3441532,-9.3441532,0.100485408723
-15.1206439,-10.0,0.100485408723
-5.5680469,-5.5680469,0.100485408723
-7.6756925,-7.6756925,0.100485408723
-18.9936906,-10.0,0.100485408723
-2.2660872,-2.2660872,0.100485408723
-0.8613014,-0.8613014,0.100485408723
-1.3628867,-1.3628867,0.100485408723
-14.7649957,-10.0,0.100485408723
-1.1609014,-1.1609014,0.100485408723
-1.035519,-1.035519,0.100485408723
0.0599474,0.0599474,0.100485408723
-2.6233409,-2.6233409,0.100485408723
-2.5534003,-2.5534003,0.100485408723
-3.026179,-3.026179,0.100485408723
-1.1546254,-1.1546254,0.100485408723
14.3327516,10.0,0.100485408723
-6.1750565,-6.1750565,0.100485408723
14.3146853,10.0,0.100485408723
5.4208425,5.4208425,0.100485408723
-0.3556482,-0.3556482,0.100485408723
9.1969488,9.1969488,0.100485408723
7.0893032,7.0893032,0.100485408723
-4.2286949,-4.2286949,0.100485408723
12.4989085,10.0,0.100485408723
13.9036943,10.0,0.100485408723
13.402109,10.0,0.100485408723
14.7649957,10.0,0.100485408723
13.6040943,10.0,0.100485408723
13.7294767,10.0,0.100485408723
14.8249431,10.0,0.100485408723
-16.2274352,-10.0,0.100485408723
-16.1574946,-10.0,0.100485408723
-16.6302733,-10.0,0.100485408723
-14.7587197,-10.0,0.100485408723
0.7286573,0.7286573,0.100485408723
-19.7791508,-10.0,0.100485408723
0.710591,0.710591,0.100485408723
-8.1832518,-8.1832518,0.100485408723
-13.9597425,-10.0,0.100485408723
-4.4071455,-4.4071455,0.100485408723
-6.5147911,-6.5147911,0.100485408723
-17.8327892,-10.0,0.100485408723
-1.1051858,-1.1051858,0.100485408723
0.2996,0.2996,0.100485408723
-0.2019853,-0.2019853,0.100485408723
1.1609014,1.1609014,0.100485408723
-13.6040943,-10.0,0.100485408723
0.1253824,0.1253824,0.100485408723
1.2208488,1.2208488,0.100485408723
-16.3528176,-10.0,0.100485408723
-16.282877,-10.0,0.100485408723
-16.7556557,-10.0,0.100485408723
-14.8841021,-10.0,0.100485408723
0.6032749,0.6032749,0.100485408723
-19.9045332,-10.0,0.100485408723
0.5852086,0.5852086,0.100485408723
-8.3086342,-8.3086342,0.100485408723
-14.0851249,-10.0,0.100485408723
-4.5325279,-4.5325279,0.100485408723
-6.6401735,-6.6401735,0.100485408723
-17.9581716,-10.0,0.100485408723
-1.2305682,-1.2305682,0.100485408723
0.1742176,0.1742176,0.100485408723
-0.3273677,-0.3273677,0.100485408723
1.035519,1.035519,0.100485408723
-13.7294767,-10.0,0.100485408723
-0.1253824,-0.1253824,0.100485408723
1.0954664,1.0954664,0.100485408723
-17.448284,-10.0,0.100485408723
-17.3783434,-10.0,0.100485408723
-17.8511221,-10.0,0.100485408723
-15.9795685,-10.0,0.100485408723
-0.4921915,-0.4921915,0.100485408723
-20.9999996,-10.0,0.100485408723
-0.5102578,-0.5102578,0.100485408723
-9.4041006,-9.4041006,0.100485408723
-15.1805913,-10.0,0.100485408723
-5.6279943,-5.6279943,0.100485408723
-7.7356399,-7.7356399,0.100485408723
-19.053638,-10.0,0.100485408723
-2.3260346,-2.3260346,0.100485408723
-0.9212488,-0.9212488,0.100485408723
-1.4228341,-1.4228341,0.100485408723
-0.0599474,-0.0599474,0.100485408723
-14.8249431,-10.0,0.100485408723
-1.2208488,-1.2208488,0.100485408723
-1.0954664,-1.0954664,0.100485408723
11.4586351,10.0,0.189364562107
0.8767651,0.8767651,0.189364562107
-1.271862,-1.271862,0.189364562107
15.4532636,10.0,0.189364562107
15.7475371,10.0,0.189364562107
15.788494,10.0,0.189364562107
15.4237384,10.0,0.189364562107
-5.2115055,-5.2115055,0.189364562107
13.6896503,10.0,0.189364562107
14.9589721,10.0,0.189364562107
-1.0835592,-1.0835592,0.189364562107
0.0826372,0.0826372,0.189364562107
-0.6221227,-0.6221227,0.189364562107
-3.4267668,-3.4267668,0.189364562107
0.1941744,0.1941744,0.189364562107
-1.0857792,-1.0857792,0.189364562107
13.7385309,10.0,0.189364562107
15.7884929,10.0,0.189364562107
15.2105961,10.0,0.189364562107
-11.4586351,-10.0,0.189364562107
-10.58187,-10.0,0.189364562107
-12.7304971,-10.0,0.189364562107
3.9946285,3.9946285,0.189364562107
4.288902,4.288902,0.189364562107
4.3298589,4.3298589,0.189364562107
3.9651033,3.9651033,0.189364562107
-16.6701406,-10.0,0.189364562107
2.2310152,2.2310152,0.189364562107
3.500337,3.500337,0.189364562107
-12.5421943,-10.0,0.189364562107
-11.3759979,-10.0,0.189364562107
-12.0807578,-10.0,0.189364562107
-14.8854019,-10.0,0.189364562107
-11.2644607,-10.0,0.189364562107
-12.5444143,-10.0,0.189364562107
2.2798958,2.2798958,0.189364562107
4.3298578,4.3298578,0.189364562107
3.751961,3.751961,0.189364562107
-0.8767651,-0.8767651,0.189364562107
10.58187,10.0,0.189364562107
-2.1486271,-2.1486271,0.189364562107
14.5764985,10.0,0.189364562107
14.870772,10.0,0.189364562107
14.9117289,10.0,0.189364562107
14.5469733,10.0,0.189364562107
-6.0882706,-6.0882706,0.189364562107
12.8128852,10.0,0.189364562107
14.082207,10.0,0.189364562107
-1.9603243,-1.9603243,0.189364562107
-0.7941279,-0.7941279,0.189364562107
-1.4988878,-1.4988878,0.189364562107
-4.3035319,-4.3035319,0.189364562107
-0.6825907,-0.6825907,0.189364562107
-1.9625443,-1.9625443,0.189364562107
12.8617658,10.0,0.189364562107
14.9117278,10.0,0.189364562107
14.333831,10.0,0.189364562107
1.271862,1.271862,0.189364562107
12.7304971,10.0,0.189364562107
2.1486271,2.1486271,0.189364562107
16.7251256,10.0,0.189364562107
17.0193991,10.0,0.189364562107
17.060356,10.0,0.189364562107
16.6956004,10.0,0.189364562107
-3.9396435,-3.9396435,0.189364562107
14.9615123,10.0,0.189364562107
16.2308341,10.0,0.189364562107
0.1883028,0.1883028,0.189364562107
1.3544992,1.3544992,0.189364562107
0.6497393,0.6497393,0.189364562107
-2.1549048,-2.1549048,0.189364562107
1.4660364,1.4660364,0.189364562107
0.1860828,0.1860828,0.189364562107
15.0103929,10.0,0.189364562107
17.0603549,10.0,0.189364562107
16.4824581,10.0,0.189364562107
-15.4532636,-10.0,0.189364562107
-3.9946285,-3.9946285,0.189364562107
-14.5764985,-10.0,0.189364562107
-16.7251256,-10.0,0.189364562107
0.2942735,0.2942735,0.189364562107
0.3352304,0.3352304,0.189364562107
-0.0295252,-0.0295252,0.189364562107
-20.6647691,-10.0,0.189364562107
-1.7636133,-1.7636133,0.189364562107
-0.4942915,-0.4942915,0.189364562107
-16.5368228,-10.0,0.189364562107
-15.3706264,-10.0,0.189364562107
-16.0753863,-10.0,0.189364562107
-18.8800304,-10.0,0.189364562107
-15.2590892,-10.0,0.189364562107
-16.5390428,-10.0,0.189364562107
-1.7147327,-1.7147327,0.189364562107
0.3352293,0.3352293,0.189364562107
-0.2426675,-0.2426675,0.189364562107
-15.7475371,-10.0,0.189364562107
-4.288902,-4.288902,0.189364562107
-14.870772,-10.0,0.189364562107
-17.0193991,-10.0,0.189364562107
-0.2942735,-0.2942735,0.189364562107
0.0409569,0.0409569,0.189364562107
-0.3237987,-0.3237987,0.189364562107
-20.9590426,-10.0,0.189364562107
-2.0578868,-2.0578868,0.189364562107
-0.788565,-0.788565,0.189364562107
-16.8310963,-10.0,0.189364562107
-15.6648999,-10.0,0.189364562107
-16.3696598,-10.0,0.189364562107
-19.1743039,-10.0,0.189364562107
-15.5533627,-10.0,0.189364562107
-16.8333163,-10.0,0.189364562107
-2.0090062,-2.0090062,0.189364562107
0.0409558,0.0409558,0.189364562107
-0.536941,-0.536941,0.189364562107
-15.788494,-10.0,0.189364562107
-4.3298589,-4.3298589,0.189364562107
-14.9117289,-10.0,0.189364562107
-17.060356,-10.0,0.189364562107
-0.3352304,-0.3352304,0.189364562107
-0.0409569,-0.0409569,0.189364562107
-0.3647556,-0.3647556,0.189364562107
-20.9999995,-10.0,0.189364562107
-2.0988437,-2.0988437,0.189364562107
-0.8295219,-0.8295219,0.189364562107
-16.8720532,-10.0,0.189364562107
-15.7058568,-10.0,0.189364562107
-16.4106167,-10.0,0.189364562107
-19.2152608,-10.0,0.189364562107
-15.5943196,-10.0,0.189364562107
-16.8742732,-10.0,0.189364562107
-2.0499631,-2.0499631,0.189364562107
-1.1000000022e-06,-1.1000000022e-06,0.189364562107
-0.5778979,-0.5778979,0.189364562107
-15.4237384,-10.0,0.189364562107
-3.9651033,-3.9651033,0.189364562107
-14.5469733,-10.0,0.189364562107
-16.6956004,-10.0,0.189364562107
0.0295252,0.0295252,0.189364562107
0.3237987,0.3237987,0.189364562107
0.3647556,0.3647556,0.189364562107
-20.6352439,-10.0,0.189364562107
-1.7340881,-1.7340881,0.189364562107
-0.4647663,-0.4647663,0.189364562107
-16.5072976,-10.0,0.189364562107
-15.3411012,-10.0,0.189364562107
-16.0458611,-10.0,0.189364562107
-18.8505052,-10.0,0.189364562107
-15.229564,-10.0,0.189364562107
-16.5095176,-10.0,0.189364562107
-1.6852075,-1.6852075,0.189364562107
0.3647545,0.3647545,0.189364562107
-0.2131423,-0.2131423,0.189364562107
5.2115055,5.2115055,0.189364562107
16.6701406,10.0,0.189364562107
6.0882706,6.0882706,0.189364562107
3.9396435,3.9396435,0.189364562107
20.6647691,10.0,0.189364562107
20.9590426,10.0,0.189364562107
20.9999995,10.0,0.189364562107
20.6352439,10.0,0.189364562107
18.9011558,10.0,0.189364562107
20.1704776,10.0,0.189364562107
4.1279463,4.1279463,0.189364562107
5.2941427,5.2941427,0.189364562107
4.5893828,4.5893828,0.189364562107
1.7847387,1.7847387,0.189364562107
5.4056799,5.4056799,0.189364562107
4.1257263,4.1257263,0.189364562107
18.9500364,10.0,0.189364562107
20.9999984,10.0,0.189364562107
20.4221016,10.0,0.189364562107
-13.6896503,-10.0,0.189364562107
-2.2310152,-2.2310152,0.189364562107
-12.8128852,-10.0,0.189364562107
-14.9615123,-10.0,0.189364562107
1.7636133,1.7636133,0.189364562107
2.0578868,2.0578868,0.189364562107
2.0988437,2.0988437,0.189364562107
1.7340881,1.7340881,0.189364562107
-18.9011558,-10.0,0.189364562107
1.2693218,1.2693218,0.189364562107
-14.7732095,-10.0,0.189364562107
-13.6070131,-10.0,0.189364562107
-14.311773,-10.0,0.189364562107
-17.1164171,-10.0,0.189364562107
-13.4954759,-10.0,0.189364562107
-14.7754295,-10.0,0.189364562107
0.0488806,0.0488806,0.189364562107
2.0988426,2.0988426,0.189364562107
1.5209458,1.5209458,0.189364562107
-14.9589721,-10.0,0.189364562107
-3.500337,-3.500337,0.189364562107
-14.082207,-10.0,0.189364562107
-16.2308341,-10.0,0.189364562107
0.4942915,0.4942915,0.189364562107
0.788565,0.788565,0.189364562107
0.8295219,0.8295219,0.189364562107
0.4647663,0.4647663,0.189364562107
-20.1704776,-10.0,0.189364562107
-1.2693218,-1.2693218,0.189364562107
-16.0425313,-10.0,0.189364562107
-14.8763349,-10.0,0.189364562107
-15.5810948,-10.0,0.189364562107
-18.3857389,-10.0,0.189364562107
-14.7647977,-10.0,0.189364562107
-16.0447513,-10.0,0.189364562107
-1.2204412,-1.2204412,0.189364562107
0.8295208,0.8295208,0.189364562107
0.251624,0.251624,0.189364562107
1.0835592,1.0835592,0.189364562107
12.5421943,10.0,0.189364562107
1.9603243,1.9603243,0.189364562107
-0.1883028,-0.1883028,0.189364562107
16.5368228,10.0,0.189364562107
16.8310963,10.0,0.189364562107
16.8720532,10.0,0.189364562107
16.5072976,10.0,0.189364562107
-4.1279463,-4.1279463,0.189364562107
14.7732095,10.0,0.189364562107
16.0425313,10.0,0.189364562107
1.1661964,1.1661964,0.189364562107
0.4614365,0.4614365,0.189364562107
-2.3432076,-2.3432076,0.189364562107
1.2777336,1.2777336,0.189364562107
-0.00222,-0.00222,0.189364562107
14.8220901,10.0,0.189364562107
16.8720521,10.0,0.189364562107
16.2941553,10.0,0.189364562107
-0.0826372,-0.0826372,0.189364562107
11.3759979,10.0,0.189364562107
0.7941279,0.7941279,0.189364562107
-1.3544992,-1.3544992,0.189364562107
15.3706264,10.0,0.189364562107
15.6648999,10.0,0.189364562107
15.7058568,10.0,0.189364562107
15.3411012,10.0,0.189364562107
-5.2941427,-5.2941427,0.189364562107
13.6070131,10.0,0.189364562107
14.8763349,10.0,0.189364562107
-1.1661964,-1.1661964,0.189364562107
-0.7047599,-0.7047599,0.189364562107
-3.509404,-3.509404,0.189364562107
0.1115372,0.1115372,0.189364562107
-1.1684164,-1.1684164,0.189364562107
13.6558937,10.0,0.189364562107
15.7058557,10.0,0.189364562107
15.1279589,10.0,0.189364562107
0.6221227,0.6221227,0.189364562107
12.0807578,10.0,0.189364562107
1.4988878,1.4988878,0.189364562107
-0.6497393,-0.6497393,0.189364562107
16.0753863,10.0,0.189364562107
16.3696598,10.0,0.189364562107
16.4106167,10.0,0.189364562107
16.0458611,10.0,0.189364562107
-4.5893828,-4.5893828,0.189364562107
14.311773,10.0,0.189364562107
15.5810948,10.0,0.189364562107
-0.4614365,-0.4614365,0.189364562107
0.7047599,0.7047599,0.189364562107
-2.8046441,-2.8046441,0.189364562107
0.8162971,0.8162971,0.189364562107
-0.4636565,-0.4636565,0.189364562107
14.3606536,10.0,0.189364562107
16.4106156,10.0,0.189364562107
15.8327188,10.0,0.189364562107
3.4267668,3.4267668,0.189364562107
14.8854019,10.0,0.189364562107
4.3035319,4.3035319,0.189364562107
2.1549048,2.1549048,0.189364562107
18.8800304,10.0,0.189364562107
19.1743039,10.0,0.189364562107
19.2152608,10.0,0.189364562107
18.8505052,10.0,0.189364562107
-1.7847387,-1.7847387,0.189364562107
17.1164171,10.0,0.189364562107
18.3857389,10.0,0.189364562107
2.3432076,2.3432076,0.189364562107
3.509404,3.509404,0.189364562107
2.8046441,2.8046441,0.189364562107
3.6209412,3.6209412,0.189364562107
2.3409876,2.3409876,0.189364562107
17.1652977,10.0,0.189364562107
19.2152597,10.0,0.189364562107
18.6373629,10.0,0.189364562107
-0.1941744,-0.1941744,0.189364562107
11.2644607,10.0,0.189364562107
0.6825907,0.6825907,0.189364562107
-1.4660364,-1.4660364,0.189364562107
15.2590892,10.0,0.189364562107
15.5533627,10.0,0.189364562107
15.5943196,10.0,0.189364562107
15.229564,10.0,0.189364562107
-5.4056799,-5.4056799,0.189364562107
13.4954759,10.0,0.189364562107
14.7647977,10.0,0.189364562107
-1.2777336,-1.2777336,0.189364562107
-0.1115372,-0.1115372,0.189364562107
-0.8162971,-0.8162971,0.189364562107
-3.6209412,-3.6209412,0.189364562107
-1.2799536,-1.2799536,0.189364562107
13.5443565,10.0,0.189364562107
15.5943185,10.0,0.189364562107
15.0164217,10.0,0.189364562107
1.0857792,1.0857792,0.189364562107
12.5444143,10.0,0.189364562107
1.9625443,1.9625443,0.189364562107
-0.1860828,-0.1860828,0.189364562107
16.5390428,10.0,0.189364562107
16.8333163,10.0,0.189364562107
16.8742732,10.0,0.189364562107
16.5095176,10.0,0.189364562107
-4.1257263,-4.1257263,0.189364562107
14.7754295,10.0,0.189364562107
16.0447513,10.0,0.189364562107
0.00222,0.00222,0.189364562107
1.1684164,1.1684164,0.189364562107
0.4636565,0.4636565,0.189364562107
-2.3409876,-2.3409876,0.189364562107
1.2799536,1.2799536,0.189364562107
14.8243101,10.0,0.189364562107
16.8742721,10.0,0.189364562107
16.2963753,10.0,0.189364562107
-13.7385309,-10.0,0.189364562107
-2.2798958,-2.2798958,0.189364562107
-12.8617658,-10.0,0.189364562107
-15.0103929,-10.0,0.189364562107
1.7147327,1.7147327,0.189364562107
2.0090062,2.0090062,0.189364562107
2.0499631,2.0499631,0.189364562107
1.6852075,1.6852075,0.189364562107
-18.9500364,-10.0,0.189364562107
-0.0488806,-0.0488806,0.189364562107
1.2204412,1.2204412,0.189364562107
-14.8220901,-10.0,0.189364562107
-13.6558937,-10.0,0.189364562107
-14.3606536,-10.0,0.189364562107
-17.1652977,-10.0,0.189364562107
-13.5443565,-10.0,0.189364562107
-14.8243101,-10.0,0.189364562107
2.049962,2.049962,0.189364562107
1.4720652,1.4720652,0.189364562107
-15.7884929,-10.0,0.189364562107
-4.3298578,-4.3298578,0.189364562107
-14.9117278,-10.0,0.189364562107
-17.0603549,-10.0,0.189364562107
-0.3352293,-0.3352293,0.189364562107
-0.0409558,-0.0409558,0.189364562107
1.1000000022e-06,1.1000000022e-06,0.189364562107
-0.3647545,-0.3647545,0.189364562107
-20.9999984,-10.0,0.189364562107
-2.0988426,-2.0988426,0.189364562107
-0.8295208,-0.8295208,0.189364562107
-16.8720521,-10.0,0.189364562107
-15.7058557,-10.0,0.189364562107
-16.4106156,-10.0,0.189364562107
-19.2152597,-10.0,0.189364562107
-15.5943185,-10.0,0.189364562107
-16.8742721,-10.0,0.189364562107
-2.049962,-2.049962,0.189364562107
-0.5778968,-0.5778968,0.189364562107
-15.2105961,-10.0,0.189364562107
-3.751961,-3.751961,0.189364562107
-14.333831,-10.0,0.189364562107
-16.4824581,-10.0,0.189364562107
0.2426675,0.2426675,0.189364562107
0.536941,0.536941,0.189364562107
0.5778979,0.5778979,0.189364562107
0.2131423,0.2131423,0.189364562107
-20.4221016,-10.0,0.189364562107
-1.5209458,-1.5209458,0.189364562107
-0.251624,-0.251624,0.189364562107
-16.2941553,-10.0,0.189364562107
-15.1279589,-10.0,0.189364562107
-15.8327188,-10.0,0.189364562107
-18.6373629,-10.0,0.189364562107
-15.0164217,-10.0,0.189364562107
-16.2963753,-10.0,0.189364562107
-1.4720652,-1.4720652,0.189364562107
0.5778968,0.5778968,0.189364562107
-0.3062908,-0.3062908,0.12240548667
-17.7735396,-10.0,0.12240548667
-17.1381868,-10.0,0.12240548667
-4.7259492,-4.7259492,0.12240548667
-0.1818135,-0.1818135,0.12240548667
-1.1207239,-1.1207239,0.12240548667
9.7199999999e-05,9.7199999999e-05,0.12240548667
-20.9999027,-10.0,0.12240548667
-1.1286343,-1.1286343,0.12240548667
-15.5593424,-10.0,0.12240548667
-16.7749604,-10.0,0.12240548667
-1.1682221,-1.1682221,0.12240548667
-1.1002148,-1.1002148,0.12240548667
-17.3890261,-10.0,0.12240548667
-14.1138076,-10.0,0.12240548667
-16.3775713,-10.0,0.12240548667
-2.5676892,-2.5676892,0.12240548667
-1.1698446,-1.1698446,0.12240548667
-0.0772468,-0.0772468,0.12240548667
0.3062908,0.3062908,0.12240548667
-17.4672488,-10.0,0.12240548667
-16.831896,-10.0,0.12240548667
-4.4196584,-4.4196584,0.12240548667
0.1244773,0.1244773,0.12240548667
-0.8144331,-0.8144331,0.12240548667
0.306388,0.306388,0.12240548667
-20.6936119,-10.0,0.12240548667
-0.8223435,-0.8223435,0.12240548667
-15.2530516,-10.0,0.12240548667
-16.4686696,-10.0,0.12240548667
-0.8619313,-0.8619313,0.12240548667
-0.793924,-0.793924,0.12240548667
-17.0827353,-10.0,0.12240548667
-13.8075168,-10.0,0.12240548667
-16.0712805,-10.0,0.12240548667
-2.2613984,-2.2613984,0.12240548667
-0.8635538,-0.8635538,0.12240548667
0.229044,0.229044,0.12240548667
17.7735396,10.0,0.12240548667
17.4672488,10.0,0.12240548667
0.6353528,0.6353528,0.12240548667
13.0475904,10.0,0.12240548667
17.5917261,10.0,0.12240548667
16.6528157,10.0,0.12240548667
17.7736368,10.0,0.12240548667
-3.2263631,-3.2263631,0.12240548667
16.6449053,10.0,0.12240548667
2.2141972,2.2141972,0.12240548667
0.9985792,0.9985792,0.12240548667
16.6053175,10.0,0.12240548667
16.6733248,10.0,0.12240548667
0.3845135,0.3845135,0.12240548667
3.659732,3.659732,0.12240548667
1.3959683,1.3959683,0.12240548667
15.2058504,10.0,0.12240548667
16.603695,10.0,0.12240548667
17.6962928,10.0,0.12240548667
17.1381868,10.0,0.12240548667
16.831896,10.0,0.12240548667
-0.6353528,-0.6353528,0.12240548667
12.4122376,10.0,0.12240548667
16.9563733,10.0,0.12240548667
16.0174629,10.0,0.12240548667
17.138284,10.0,0.12240548667
-3.8617159,-3.8617159,0.12240548667
16.0095525,10.0,0.12240548667
1.5788444,1.5788444,0.12240548667
0.3632264,0.3632264,0.12240548667
15.9699647,10.0,0.12240548667
16.037972,10.0,0.12240548667
-0.2508393,-0.2508393,0.12240548667
3.0243792,3.0243792,0.12240548667
0.7606155,0.7606155,0.12240548667
14.5704976,10.0,0.12240548667
15.9683422,10.0,0.12240548667
17.06094,10.0,0.12240548667
4.7259492,4.7259492,0.12240548667
4.4196584,4.4196584,0.12240548667
-13.0475904,-10.0,0.12240548667
-12.4122376,-10.0,0.12240548667
4.5441357,4.5441357,0.12240548667
3.6052253,3.6052253,0.12240548667
4.7260464,4.7260464,0.12240548667
-16.2739535,-10.0,0.12240548667
3.5973149,3.5973149,0.12240548667
-10.8333932,-10.0,0.12240548667
-12.0490112,-10.0,0.12240548667
3.5577271,3.5577271,0.12240548667
3.6257344,3.6257344,0.12240548667
-12.6630769,-10.0,0.12240548667
-9.3878584,-9.3878584,0.12240548667
-11.6516221,-10.0,0.12240548667
2.15826,2.15826,0.12240548667
3.5561046,3.5561046,0.12240548667
4.6487024,4.6487024,0.12240548667
0.1818135,0.1818135,0.12240548667
-0.1244773,-0.1244773,0.12240548667
-17.5917261,-10.0,0.12240548667
-16.9563733,-10.0,0.12240548667
-4.5441357,-4.5441357,0.12240548667
-0.9389104,-0.9389104,0.12240548667
0.1819107,0.1819107,0.12240548667
-20.8180892,-10.0,0.12240548667
-0.9468208,-0.9468208,0.12240548667
-15.3775289,-10.0,0.12240548667
-16.5931469,-10.0,0.12240548667
-0.9864086,-0.9864086,0.12240548667
-0.9184013,-0.9184013,0.12240548667
-17.2072126,-10.0,0.12240548667
-13.9319941,-10.0,0.12240548667
-16.1957578,-10.0,0.12240548667
-2.3858757,-2.3858757,0.12240548667
-0.9880311,-0.9880311,0.12240548667
0.1045667,0.1045667,0.12240548667
1.1207239,1.1207239,0.12240548667
0.8144331,0.8144331,0.12240548667
-16.6528157,-10.0,0.12240548667
-16.0174629,-10.0,0.12240548667
-3.6052253,-3.6052253,0.12240548667
0.9389104,0.9389104,0.12240548667
1.1208211,1.1208211,0.12240548667
-19.8791788,-10.0,0.12240548667
-0.0079104,-0.0079104,0.12240548667
-14.4386185,-10.0,0.12240548667
-15.6542365,-10.0,0.12240548667
-0.0474982,-0.0474982,0.12240548667
0.0205091,0.0205091,0.12240548667
-16.2683022,-10.0,0.12240548667
-12.9930837,-10.0,0.12240548667
-15.2568474,-10.0,0.12240548667
-1.4469653,-1.4469653,0.12240548667
-0.0491207,-0.0491207,0.12240548667
1.0434771,1.0434771,0.12240548667
-9.7199999999e-05,-9.7199999999e-05,0.12240548667
-0.306388,-0.306388,0.12240548667
-17.7736368,-10.0,0.12240548667
-17.138284,-10.0,0.12240548667
-4.7260464,-4.7260464,0.12240548667
-0.1819107,-0.1819107,0.12240548667
-1.1208211,-1.1208211,0.12240548667
-20.9999999,-10.0,0.12240548667
-1.1287315,-1.1287315,0.12240548667
-15.5594396,-10.0,0.12240548667
-16.7750576,-10.0,0.12240548667
-1.1683193,-1.1683193,0.12240548667
-1.100312,-1.100312,0.12240548667
-17.3891233,-10.0,0.12240548667
-14.1139048,-10.0,0.12240548667
-16.3776685,-10.0,0.12240548667
-2.5677864,-2.5677864,0.12240548667
-1.1699418,-1.1699418,0.12240548667
-0.077344,-0.077344,0.12240548667
20.9999027,10.0,0.12240548667
20.6936119,10.0,0.12240548667
3.2263631,3.2263631,0.12240548667
3.8617159,3.8617159,0.12240548667
16.2739535,10.0,0.12240548667
20.8180892,10.0,0.12240548667
19.8791788,10.0,0.12240548667
20.9999999,10.0,0.12240548667
19.8712684,10.0,0.12240548667
5.4405603,5.4405603,0.12240548667
4.2249423,4.2249423,0.12240548667
19.8316806,10.0,0.12240548667
19.8996879,10.0,0.12240548667
3.6108766,3.6108766,0.12240548667
6.8860951,6.8860951,0.12240548667
4.6223314,4.6223314,0.12240548667
18.4322135,10.0,0.12240548667
19.8300581,10.0,0.12240548667
20.9226559,10.0,0.12240548667
1.1286343,1.1286343,0.12240548667
0.8223435,0.8223435,0.12240548667
-16.6449053,-10.0,0.12240548667
-16.0095525,-10.0,0.12240548667
-3.5973149,-3.5973149,0.12240548667
0.9468208,0.9468208,0.12240548667
0.0079104,0.0079104,0.12240548667
1.1287315,1.1287315,0.12240548667
-19.8712684,-10.0,0.12240548667
-14.4307081,-10.0,0.12240548667
-15.6463261,-10.0,0.12240548667
-0.0395878,-0.0395878,0.12240548667
0.0284195,0.0284195,0.12240548667
-16.2603918,-10.0,0.12240548667
-12.9851733,-10.0,0.12240548667
-15.248937,-10.0,0.12240548667
-1.4390549,-1.4390549,0.12240548667
-0.0412103,-0.0412103,0.12240548667
1.0513875,1.0513875,0.12240548667
15.5593424,10.0,0.12240548667
15.2530516,10.0,0.12240548667
-2.2141972,-2.2141972,0.12240548667
-1.5788444,-1.5788444,0.12240548667
10.8333932,10.0,0.12240548667
15.3775289,10.0,0.12240548667
14.4386185,10.0,0.12240548667
15.5594396,10.0,0.12240548667
-5.4405603,-5.4405603,0.12240548667
14.4307081,10.0,0.12240548667
-1.215618,-1.215618,0.12240548667
14.3911203,10.0,0.12240548667
14.4591276,10.0,0.12240548667
-1.8296837,-1.8296837,0.12240548667
1.4455348,1.4455348,0.12240548667
-0.8182289,-0.8182289,0.12240548667
12.9916532,10.0,0.12240548667
14.3894978,10.0,0.12240548667
15.4820956,10.0,0.12240548667
16.7749604,10.0,0.12240548667
16.4686696,10.0,0.12240548667
-0.9985792,-0.9985792,0.12240548667
-0.3632264,-0.3632264,0.12240548667
12.0490112,10.0,0.12240548667
16.5931469,10.0,0.12240548667
15.6542365,10.0,0.12240548667
16.7750576,10.0,0.12240548667
-4.2249423,-4.2249423,0.12240548667
15.6463261,10.0,0.12240548667
1.215618,1.215618,0.12240548667
15.6067383,10.0,0.12240548667
15.6747456,10.0,0.12240548667
-0.6140657,-0.6140657,0.12240548667
2.6611528,2.6611528,0.12240548667
0.3973891,0.3973891,0.12240548667
14.2072712,10.0,0.12240548667
15.6051158,10.0,0.12240548667
16.6977136,10.0,0.12240548667
1.1682221,1.1682221,0.12240548667
0.8619313,0.8619313,0.12240548667
-16.6053175,-10.0,0.12240548667
-15.9699647,-10.0,0.12240548667
-3.5577271,-3.5577271,0.12240548667
0.9864086,0.9864086,0.12240548667
0.0474982,0.0474982,0.12240548667
1.1683193,1.1683193,0.12240548667
-19.8316806,-10.0,0.12240548667
0.0395878,0.0395878,0.12240548667
-14.3911203,-10.0,0.12240548667
-15.6067383,-10.0,0.12240548667
0.0680073,0.0680073,0.12240548667
-16.220804,-10.0,0.12240548667
-12.9455855,-10.0,0.12240548667
-15.2093492,-10.0,0.12240548667
-1.3994671,-1.3994671,0.12240548667
-0.0016225,-0.0016225,0.12240548667
1.0909753,1.0909753,0.12240548667
1.1002148,1.1002148,0.12240548667
0.793924,0.793924,0.12240548667
-16.6733248,-10.0,0.12240548667
-16.037972,-10.0,0.12240548667
-3.6257344,-3.6257344,0.12240548667
0.9184013,0.9184013,0.12240548667
-0.0205091,-0.0205091,0.12240548667
1.100312,1.100312,0.12240548667
-19.8996879,-10.0,0.12240548667
-0.0284195,-0.0284195,0.12240548667
-14.4591276,-10.0,0.12240548667
-15.6747456,-10.0,0.12240548667
-0.0680073,-0.0680073,0.12240548667
-16.2888113,-10.0,0.12240548667
-13.0135928,-10.0,0.12240548667
-15.2773565,-10.0,0.12240548667
-1.4674744,-1.4674744,0.12240548667
-0.0696298,-0.0696298,0.12240548667
1.022968,1.022968,0.12240548667
17.3890261,10.0,0.12240548667
17.0827353,10.0,0.12240548667
-0.3845135,-0.3845135,0.12240548667
0.2508393,0.2508393,0.12240548667
12.6630769,10.0,0.12240548667
17.2072126,10.0,0.12240548667
16.2683022,10.0,0.12240548667
17.3891233,10.0,0.12240548667
-3.6108766,-3.6108766,0.12240548667
16.2603918,10.0,0.12240548667
1.8296837,1.8296837,0.12240548667
0.6140657,0.6140657,0.12240548667
16.220804,10.0,0.12240548667
16.2888113,10.0,0.12240548667
3.2752185,3.2752185,0.12240548667
1.0114548,1.0114548,0.12240548667
14.8213369,10.0,0.12240548667
16.2191815,10.0,0.12240548667
17.3117793,10.0,0.12240548667
14.1138076,10.0,0.12240548667
13.8075168,10.0,0.12240548667
-3.659732,-3.659732,0.12240548667
-3.0243792,-3.0243792,0.12240548667
9.3878584,9.3878584,0.12240548667
13.9319941,10.0,0.12240548667
12.9930837,10.0,0.12240548667
14.1139048,10.0,0.12240548667
-6.8860951,-6.8860951,0.12240548667
12.9851733,10.0,0.12240548667
-1.4455348,-1.4455348,0.12240548667
-2.6611528,-2.6611528,0.12240548667
12.9455855,10.0,0.12240548667
13.0135928,10.0,0.12240548667
-3.2752185,-3.2752185,0.12240548667
-2.2637637,-2.2637637,0.12240548667
11.5461184,10.0,0.12240548667
12.943963,10.0,0.12240548667
14.0365608,10.0,0.12240548667
16.3775713,10.0,0.12240548667
16.0712805,10.0,0.12240548667
-1.3959683,-1.3959683,0.12240548667
-0.7606155,-0.7606155,0.12240548667
11.6516221,10.0,0.12240548667
16.1957578,10.0,0.12240548667
15.2568474,10.0,0.12240548667
16.3776685,10.0,0.12240548667
-4.6223314,-4.6223314,0.12240548667
15.248937,10.0,0.12240548667
0.8182289,0.8182289,0.12240548667
-0.3973891,-0.3973891,0.12240548667
15.2093492,10.0,0.12240548667
15.2773565,10.0,0.12240548667
-1.0114548,-1.0114548,0.12240548667
2.2637637,2.2637637,0.12240548667
13.8098821,10.0,0.12240548667
15.2077267,10.0,0.12240548667
16.3003245,10.0,0.12240548667
2.5676892,2.5676892,0.12240548667
2.2613984,2.2613984,0.12240548667
-15.2058504,-10.0,0.12240548667
-14.5704976,-10.0,0.12240548667
-2.15826,-2.15826,0.12240548667
2.3858757,2.3858757,0.12240548667
1.4469653,1.4469653,0.12240548667
2.5677864,2.5677864,0.12240548667
-18.4322135,-10.0,0.12240548667
1.4390549,1.4390549,0.12240548667
-12.9916532,-10.0,0.12240548667
-14.2072712,-10.0,0.12240548667
1.3994671,1.3994671,0.12240548667
1.4674744,1.4674744,0.12240548667
-14.8213369,-10.0,0.12240548667
-11.5461184,-10.0,0.12240548667
-13.8098821,-10.0,0.12240548667
1.3978446,1.3978446,0.12240548667
2.4904424,2.4904424,0.12240548667
1.1698446,1.1698446,0.12240548667
0.8635538,0.8635538,0.12240548667
-16.603695,-10.0,0.12240548667
-15.9683422,-10.0,0.12240548667
-3.5561046,-3.5561046,0.12240548667
0.9880311,0.9880311,0.12240548667
0.0491207,0.0491207,0.12240548667
1.1699418,1.1699418,0.12240548667
-19.8300581,-10.0,0.12240548667
0.0412103,0.0412103,0.12240548667
-14.3894978,-10.0,0.12240548667
-15.6051158,-10.0,0.12240548667
0.0016225,0.0016225,0.12240548667
0.0696298,0.0696298,0.12240548667
-16.2191815,-10.0,0.12240548667
-12.943963,-10.0,0.12240548667
-15.2077267,-10.0,0.12240548667
-1.3978446,-1.3978446,0.12240548667
1.0925978,1.0925978,0.12240548667
0.0772468,0.0772468,0.12240548667
-0.229044,-0.229044,0.12240548667
-17.6962928,-10.0,0.12240548667
-17.06094,-10.0,0.12240548667
-4.6487024,-4.6487024,0.12240548667
-0.1045667,-0.1045667,0.12240548667
-1.0434771,-1.0434771,0.12240548667
0.077344,0.077344,0.12240548667
-20.9226559,-10.0,0.12240548667
-1.0513875,-1.0513875,0.12240548667
-15.4820956,-10.0,0.12240548667
-16.6977136,-10.0,0.12240548667
-1.0909753,-1.0909753,0.12240548667
-1.022968,-1.022968,0.12240548667
-17.3117793,-10.0,0.12240548667
-14.0365608,-10.0,0.12240548667
-16.3003245,-10.0,0.12240548667
-2.4904424,-2.4904424,0.12240548667
-1.0925978,-1.0925978,0.12240548667
16.0275709,10.0,0.333405607797
17.7013369,10.0,0.333405607797
17.7268978,10.0,0.333405607797
13.7854843,10.0,0.333405607797
13.831485,10.0,0.333405607797
16.6759793,10.0,0.333405607797
-2.6834067,-2.6834067,0.333405607797
17.6199434,10.0,0.333405607797
-3.273102,-3.273102,0.333405607797
0.5691673,0.5691673,0.333405607797
17.1741562,10.0,0.333405607797
1.6323102,1.6323102,0.333405607797
16.9247267,10.0,0.333405607797
17.0646462,10.0,0.333405607797
17.7268979,10.0,0.333405607797
0.9994694,0.9994694,0.333405607797
-2.3173387,-2.3173387,0.333405607797
15.2543313,10.0,0.333405607797
7.7311326,7.7311326,0.333405607797
-16.0275709,-10.0,0.333405607797
1.673766,1.673766,0.333405607797
1.6993269,1.6993269,0.333405607797
-2.2420866,-2.2420866,0.333405607797
-2.1960859,-2.1960859,0.333405607797
0.6484084,0.6484084,0.333405607797
-18.7109776,-10.0,0.333405607797
1.5923725,1.5923725,0.333405607797
-19.3006729,-10.0,0.333405607797
-15.4584036,-10.0,0.333405607797
1.1465853,1.1465853,0.333405607797
-14.3952607,-10.0,0.333405607797
0.8971558,0.8971558,0.333405607797
1.0370753,1.0370753,0.333405607797
1.699327,1.699327,0.333405607797
-15.0281015,-10.0,0.333405607797
-18.3449096,-10.0,0.333405607797
-0.7732396,-0.7732396,0.333405607797
-8.2964383,-8.2964383,0.333405607797
-17.7013369,-10.0,0.333405607797
-1.673766,-1.673766,0.333405607797
0.0255609,0.0255609,0.333405607797
-3.9158526,-3.9158526,0.333405607797
-3.8698519,-3.8698519,0.333405607797
-1.0253576,-1.0253576,0.333405607797
-20.3847436,-10.0,0.333405607797
-0.0813935,-0.0813935,0.333405607797
-20.9744389,-10.0,0.333405607797
-17.1321696,-10.0,0.333405607797
-0.5271807,-0.5271807,0.333405607797
-16.0690267,-10.0,0.333405607797
-0.7766102,-0.7766102,0.333405607797
-0.6366907,-0.6366907,0.333405607797
0.025561,0.025561,0.333405607797
-16.7018675,-10.0,0.333405607797
-20.0186756,-10.0,0.333405607797
-2.4470056,-2.4470056,0.333405607797
-9.9702043,-9.9702043,0.333405607797
-17.7268978,-10.0,0.333405607797
-1.6993269,-1.6993269,0.333405607797
-0.0255609,-0.0255609,0.333405607797
-3.9414135,-3.9414135,0.333405607797
-3.8954128,-3.8954128,0.333405607797
-1.0509185,-1.0509185,0.333405607797
-20.4103045,-10.0,0.333405607797
-0.1069544,-0.1069544,0.333405607797
-20.9999998,-10.0,0.333405607797
-17.1577305,-10.0,0.333405607797
-0.5527416,-0.5527416,0.333405607797
-16.0945876,-10.0,0.333405607797
-0.8021711,-0.8021711,0.333405607797
-0.6622516,-0.6622516,0.333405607797
9.99999976159e-08,9.99999976159e-08,0.333405607797
-16.7274284,-10.0,0.333405607797
-20.0442365,-10.0,0.333405607797
-2.4725665,-2.4725665,0.333405607797
-9.9957652,-9.9957652,0.333405607797
-13.7854843,-10.0,0.333405607797
2.2420866,2.2420866,0.333405607797
3.9158526,3.9158526,0.333405607797
3.9414135,3.9414135,0.333405607797
0.0460007,0.0460007,0.333405607797
2.890495,2.890495,0.333405607797
-16.468891,-10.0,0.333405607797
3.8344591,3.8344591,0.333405607797
-17.0585863,-10.0,0.333405607797
-13.216317,-10.0,0.333405607797
3.3886719,3.3886719,0.333405607797
-12.1531741,-10.0,0.333405607797
3.1392424,3.1392424,0.333405607797
3.2791619,3.2791619,0.333405607797
3.9414136,3.9414136,0.333405607797
-12.7860149,-10.0,0.333405607797
-16.102823,-10.0,0.333405607797
1.468847,1.468847,0.333405607797
-6.0543517,-6.0543517,0.333405607797
-13.831485,-10.0,0.333405607797
2.1960859,2.1960859,0.333405607797
3.8698519,3.8698519,0.333405607797
3.8954128,3.8954128,0.333405607797
-0.0460007,-0.0460007,0.333405607797
2.8444943,2.8444943,0.333405607797
-16.5148917,-10.0,0.333405607797
3.7884584,3.7884584,0.333405607797
-17.104587,-10.0,0.333405607797
-13.2623177,-10.0,0.333405607797
3.3426712,3.3426712,0.333405607797
-12.1991748,-10.0,0.333405607797
3.0932417,3.0932417,0.333405607797
3.2331612,3.2331612,0.333405607797
3.8954129,3.8954129,0.333405607797
-12.8320156,-10.0,0.333405607797
-16.1488237,-10.0,0.333405607797
1.4228463,1.4228463,0.333405607797
-6.1003524,-6.1003524,0.333405607797
-16.6759793,-10.0,0.333405607797
-0.6484084,-0.6484084,0.333405607797
1.0253576,1.0253576,0.333405607797
1.0509185,1.0509185,0.333405607797
-2.890495,-2.890495,0.333405607797
-2.8444943,-2.8444943,0.333405607797
-19.359386,-10.0,0.333405607797
0.9439641,0.9439641,0.333405607797
-19.9490813,-10.0,0.333405607797
-16.106812,-10.0,0.333405607797
0.4981769,0.4981769,0.333405607797
-15.0436691,-10.0,0.333405607797
0.2487474,0.2487474,0.333405607797
0.3886669,0.3886669,0.333405607797
1.0509186,1.0509186,0.333405607797
-15.6765099,-10.0,0.333405607797
-18.993318,-10.0,0.333405607797
-1.421648,-1.421648,0.333405607797
-8.9448467,-8.9448467,0.333405607797
2.6834067,2.6834067,0.333405607797
18.7109776,10.0,0.333405607797
20.3847436,10.0,0.333405607797
20.4103045,10.0,0.333405607797
16.468891,10.0,0.333405607797
16.5148917,10.0,0.333405607797
19.359386,10.0,0.333405607797
20.3033501,10.0,0.333405607797
-0.5896953,-0.5896953,0.333405607797
3.252574,3.252574,0.333405607797
19.8575629,10.0,0.333405607797
4.3157169,4.3157169,0.333405607797
19.6081334,10.0,0.333405607797
19.7480529,10.0,0.333405607797
20.4103046,10.0,0.333405607797
3.6828761,3.6828761,0.333405607797
0.366068,0.366068,0.333405607797
17.937738,10.0,0.333405607797
10.4145393,10.0,0.333405607797
-17.6199434,-10.0,0.333405607797
-1.5923725,-1.5923725,0.333405607797
0.0813935,0.0813935,0.333405607797
0.1069544,0.1069544,0.333405607797
-3.8344591,-3.8344591,0.333405607797
-3.7884584,-3.7884584,0.333405607797
-0.9439641,-0.9439641,0.333405607797
-20.3033501,-10.0,0.333405607797
-20.8930454,-10.0,0.333405607797
-17.0507761,-10.0,0.333405607797
-0.4457872,-0.4457872,0.333405607797
-15.9876332,-10.0,0.333405607797
-0.6952167,-0.6952167,0.333405607797
-0.5552972,-0.5552972,0.333405607797
0.1069545,0.1069545,0.333405607797
-16.620474,-10.0,0.333405607797
-19.9372821,-10.0,0.333405607797
-2.3656121,-2.3656121,0.333405607797
-9.8888108,-9.8888108,0.333405607797
3.273102,3.273102,0.333405607797
19.3006729,10.0,0.333405607797
20.9744389,10.0,0.333405607797
20.9999998,10.0,0.333405607797
17.0585863,10.0,0.333405607797
17.104587,10.0,0.333405607797
19.9490813,10.0,0.333405607797
0.5896953,0.5896953,0.333405607797
20.8930454,10.0,0.333405607797
3.8422693,3.8422693,0.333405607797
20.4472582,10.0,0.333405607797
4.9054122,4.9054122,0.333405607797
20.1978287,10.0,0.333405607797
20.3377482,10.0,0.333405607797
20.9999999,10.0,0.333405607797
4.2725714,4.2725714,0.333405607797
0.9557633,0.9557633,0.333405607797
18.5274333,10.0,0.333405607797
11.0042346,10.0,0.333405607797
-0.5691673,-0.5691673,0.333405607797
15.4584036,10.0,0.333405607797
17.1321696,10.0,0.333405607797
17.1577305,10.0,0.333405607797
13.216317,10.0,0.333405607797
13.2623177,10.0,0.333405607797
16.106812,10.0,0.333405607797
-3.252574,-3.252574,0.333405607797
17.0507761,10.0,0.333405607797
-3.8422693,-3.8422693,0.333405607797
16.6049889,10.0,0.333405607797
1.0631429,1.0631429,0.333405607797
16.3555594,10.0,0.333405607797
16.4954789,10.0,0.333405607797
17.1577306,10.0,0.333405607797
0.4303021,0.4303021,0.333405607797
-2.886506,-2.886506,0.333405607797
14.685164,10.0,0.333405607797
7.1619653,7.1619653,0.333405607797
-17.1741562,-10.0,0.333405607797
-1.1465853,-1.1465853,0.333405607797
0.5271807,0.5271807,0.333405607797
0.5527416,0.5527416,0.333405607797
-3.3886719,-3.3886719,0.333405607797
-3.3426712,-3.3426712,0.333405607797
-0.4981769,-0.4981769,0.333405607797
-19.8575629,-10.0,0.333405607797
0.4457872,0.4457872,0.333405607797
-20.4472582,-10.0,0.333405607797
-16.6049889,-10.0,0.333405607797
-15.541846,-10.0,0.333405607797
-0.2494295,-0.2494295,0.333405607797
-0.10951,-0.10951,0.333405607797
0.5527417,0.5527417,0.333405607797
-16.1746868,-10.0,0.333405607797
-19.4914949,-10.0,0.333405607797
-1.9198249,-1.9198249,0.333405607797
-9.4430236,-9.4430236,0.333405607797
-1.6323102,-1.6323102,0.333405607797
14.3952607,10.0,0.333405607797
16.0690267,10.0,0.333405607797
16.0945876,10.0,0.333405607797
12.1531741,10.0,0.333405607797
12.1991748,10.0,0.333405607797
15.0436691,10.0,0.333405607797
-4.3157169,-4.3157169,0.333405607797
15.9876332,10.0,0.333405607797
-4.9054122,-4.9054122,0.333405607797
-1.0631429,-1.0631429,0.333405607797
15.541846,10.0,0.333405607797
15.2924165,10.0,0.333405607797
15.432336,10.0,0.333405607797
16.0945877,10.0,0.333405607797
-0.6328408,-0.6328408,0.333405607797
-3.9496489,-3.9496489,0.333405607797
13.6220211,10.0,0.333405607797
6.0988224,6.0988224,0.333405607797
-16.9247267,-10.0,0.333405607797
-0.8971558,-0.8971558,0.333405607797
0.7766102,0.7766102,0.333405607797
0.8021711,0.8021711,0.333405607797
-3.1392424,-3.1392424,0.333405607797
-3.0932417,-3.0932417,0.333405607797
-0.2487474,-0.2487474,0.333405607797
-19.6081334,-10.0,0.333405607797
0.6952167,0.6952167,0.333405607797
-20.1978287,-10.0,0.333405607797
-16.3555594,-10.0,0.333405607797
0.2494295,0.2494295,0.333405607797
-15.2924165,-10.0,0.333405607797
0.1399195,0.1399195,0.333405607797
0.8021712,0.8021712,0.333405607797
-15.9252573,-10.0,0.333405607797
-19.2420654,-10.0,0.333405607797
-1.6703954,-1.6703954,0.333405607797
-9.1935941,-9.1935941,0.333405607797
-17.0646462,-10.0,0.333405607797
-1.0370753,-1.0370753,0.333405607797
0.6366907,0.6366907,0.333405607797
0.6622516,0.6622516,0.333405607797
-3.2791619,-3.2791619,0.333405607797
-3.2331612,-3.2331612,0.333405607797
-0.3886669,-0.3886669,0.333405607797
-19.7480529,-10.0,0.333405607797
0.5552972,0.5552972,0.333405607797
-20.3377482,-10.0,0.333405607797
-16.4954789,-10.0,0.333405607797
0.10951,0.10951,0.333405607797
-15.432336,-10.0,0.333405607797
-0.1399195,-0.1399195,0.333405607797
0.6622517,0.6622517,0.333405607797
-16.0651768,-10.0,0.333405607797
-19.3819849,-10.0,0.333405607797
-1.8103149,-1.8103149,0.333405607797
-9.3335136,-9.3335136,0.333405607797
-17.7268979,-10.0,0.333405607797
-1.699327,-1.699327,0.333405607797
-0.025561,-0.025561,0.333405607797
-9.99999976159e-08,-9.99999976159e-08,0.333405607797
-3.9414136,-3.9414136,0.333405607797
-3.8954129,-3.8954129,0.333405607797
-1.0509186,-1.0509186,0.333405607797
-20.4103046,-10.0,0.333405607797
-0.1069545,-0.1069545,0.333405607797
-20.9999999,-10.0,0.333405607797
-17.1577306,-10.0,0.333405607797
-0.5527417,-0.5527417,0.333405607797
-16.0945877,-10.0,0.333405607797
-0.8021712,-0.8021712,0.333405607797
-0.6622517,-0.6622517,0.333405607797
-16.7274285,-10.0,0.333405607797
-20.0442366,-10.0,0.333405607797
-2.4725666,-2.4725666,0.333405607797
-9.9957653,-9.9957653,0.333405607797
-0.9994694,-0.9994694,0.333405607797
15.0281015,10.0,0.333405607797
16.7018675,10.0,0.333405607797
16.7274284,10.0,0.333405607797
12.7860149,10.0,0.333405607797
12.8320156,10.0,0.333405607797
15.6765099,10.0,0.333405607797
-3.6828761,-3.6828761,0.333405607797
16.620474,10.0,0.333405607797
-4.2725714,-4.2725714,0.333405607797
-0.4303021,-0.4303021,0.333405607797
16.1746868,10.0,0.333405607797
0.6328408,0.6328408,0.333405607797
15.9252573,10.0,0.333405607797
16.0651768,10.0,0.333405607797
16.7274285,10.0,0.333405607797
-3.3168081,-3.3168081,0.333405607797
14.2548619,10.0,0.333405607797
6.7316632,6.7316632,0.333405607797
2.3173387,2.3173387,0.333405607797
18.3449096,10.0,0.333405607797
20.0186756,10.0,0.333405607797
20.0442365,10.0,0.333405607797
16.102823,10.0,0.333405607797
16.1488237,10.0,0.333405607797
18.993318,10.0,0.333405607797
-0.366068,-0.366068,0.333405607797
19.9372821,10.0,0.333405607797
-0.9557633,-0.9557633,0.333405607797
2.886506,2.886506,0.333405607797
19.4914949,10.0,0.333405607797
3.9496489,3.9496489,0.333405607797
19.2420654,10.0,0.333405607797
19.3819849,10.0,0.333405607797
20.0442366,10.0,0.333405607797
3.3168081,3.3168081,0.333405607797
17.57167,10.0,0.333405607797
10.0484713,10.0,0.333405607797
-15.2543313,-10.0,0.333405607797
0.7732396,0.7732396,0.333405607797
2.4470056,2.4470056,0.333405607797
2.4725665,2.4725665,0.333405607797
-1.468847,-1.468847,0.333405607797
-1.4228463,-1.4228463,0.333405607797
1.421648,1.421648,0.333405607797
-17.937738,-10.0,0.333405607797
2.3656121,2.3656121,0.333405607797
-18.5274333,-10.0,0.333405607797
-14.685164,-10.0,0.333405607797
1.9198249,1.9198249,0.333405607797
-13.6220211,-10.0,0.333405607797
1.6703954,1.6703954,0.333405607797
1.8103149,1.8103149,0.333405607797
2.4725666,2.4725666,0.333405607797
-14.2548619,-10.0,0.333405607797
-17.57167,-10.0,0.333405607797
-7.5231987,-7.5231987,0.333405607797
-7.7311326,-7.7311326,0.333405607797
8.2964383,8.2964383,0.333405607797
9.9702043,9.9702043,0.333405607797
9.9957652,9.9957652,0.333405607797
6.0543517,6.0543517,0.333405607797
6.1003524,6.1003524,0.333405607797
8.9448467,8.9448467,0.333405607797
-10.4145393,-10.0,0.333405607797
9.8888108,9.8888108,0.333405607797
-11.0042346,-10.0,0.333405607797
-7.1619653,-7.1619653,0.333405607797
9.4430236,9.4430236,0.333405607797
-6.0988224,-6.0988224,0.333405607797
9.1935941,9.1935941,0.333405607797
9.3335136,9.3335136,0.333405607797
9.9957653,9.9957653,0.333405607797
-6.7316632,-6.7316632,0.333405607797
-10.0484713,-10.0,0.333405607797
7.5231987,7.5231987,0.333405607797
1.8960315,1.8960315,0.356104342367
20.9108892,10.0,0.356104342367
20.9131047,10.0,0.356104342367
20.9999999,10.0,0.356104342367
0.8441048,0.8441048,0.356104342367
15.2209523,10.0,0.356104342367
4.8577529,4.8577529,0.356104342367
17.0471851,10.0,0.356104342367
4.3591193,4.3591193,0.356104342367
18.3847285,10.0,0.356104342367
16.8628164,10.0,0.356104342367
16.0458992,10.0,0.356104342367
20.492216,10.0,0.356104342367
17.1160257,10.0,0.356104342367
3.6804566,3.6804566,0.356104342367
-0.171001,-0.171001,0.356104342367
0.7672922,0.7672922,0.356104342367
20.9999832,10.0,0.356104342367
15.5324211,10.0,0.356104342367
-1.8960315,-1.8960315,0.356104342367
19.0148577,10.0,0.356104342367
19.0170732,10.0,0.356104342367
19.1039684,10.0,0.356104342367
-1.0519267,-1.0519267,0.356104342367
13.3249208,10.0,0.356104342367
2.9617214,2.9617214,0.356104342367
15.1511536,10.0,0.356104342367
2.4630878,2.4630878,0.356104342367
16.488697,10.0,0.356104342367
14.9667849,10.0,0.356104342367
14.1498677,10.0,0.356104342367
18.5961845,10.0,0.356104342367
15.2199942,10.0,0.356104342367
1.7844251,1.7844251,0.356104342367
-2.0670325,-2.0670325,0.356104342367
-1.1287393,-1.1287393,0.356104342367
19.1039517,10.0,0.356104342367
13.6363896,10.0,0.356104342367
-20.9108892,-10.0,0.356104342367
-19.0148577,-10.0,0.356104342367
0.0022155,0.0022155,0.356104342367
0.0891107,0.0891107,0.356104342367
-20.0667844,-10.0,0.356104342367
-5.6899369,-5.6899369,0.356104342367
-16.0531363,-10.0,0.356104342367
-3.8637041,-3.8637041,0.356104342367
-16.5517699,-10.0,0.356104342367
-2.5261607,-2.5261607,0.356104342367
-4.0480728,-4.0480728,0.356104342367
-4.86499,-4.86499,0.356104342367
-0.4186732,-0.4186732,0.356104342367
-3.7948635,-3.7948635,0.356104342367
-17.2304326,-10.0,0.356104342367
-21.0818902,-10.0,0.356104342367
-20.143597,-10.0,0.356104342367
0.089094,0.089094,0.356104342367
-5.3784681,-5.3784681,0.356104342367
-20.9131047,-10.0,0.356104342367
-19.0170732,-10.0,0.356104342367
-0.0022155,-0.0022155,0.356104342367
0.0868952,0.0868952,0.356104342367
-20.0689999,-10.0,0.356104342367
-5.6921524,-5.6921524,0.356104342367
-16.0553518,-10.0,0.356104342367
-3.8659196,-3.8659196,0.356104342367
-16.5539854,-10.0,0.356104342367
-2.5283762,-2.5283762,0.356104342367
-4.0502883,-4.0502883,0.356104342367
-4.8672055,-4.8672055,0.356104342367
-0.4208887,-0.4208887,0.356104342367
-3.797079,-3.797079,0.356104342367
-17.2326481,-10.0,0.356104342367
-21.0841057,-10.0,0.356104342367
-20.1458125,-10.0,0.356104342367
0.0868785,0.0868785,0.356104342367
-5.3806836,-5.3806836,0.356104342367
-20.9999999,-10.0,0.356104342367
-19.1039684,-10.0,0.356104342367
-0.0891107,-0.0891107,0.356104342367
-0.0868952,-0.0868952,0.356104342367
-20.1558951,-10.0,0.356104342367
-5.7790476,-5.7790476,0.356104342367
-16.142247,-10.0,0.356104342367
-3.9528148,-3.9528148,0.356104342367
-16.6408806,-10.0,0.356104342367
-2.6152714,-2.6152714,0.356104342367
-4.1371835,-4.1371835,0.356104342367
-4.9541007,-4.9541007,0.356104342367
-0.5077839,-0.5077839,0.356104342367
-3.8839742,-3.8839742,0.356104342367
-17.3195433,-10.0,0.356104342367
-21.1710009,-10.0,0.356104342367
-20.2327077,-10.0,0.356104342367
-1.66999999998e-05,-1.66999999998e-05,0.356104342367
-5.4675788,-5.4675788,0.356104342367
-0.8441048,-0.8441048,0.356104342367
1.0519267,1.0519267,0.356104342367
20.0667844,10.0,0.356104342367
20.0689999,10.0,0.356104342367
20.1558951,10.0,0.356104342367
14.3768475,10.0,0.356104342367
4.0136481,4.0136481,0.356104342367
16.2030803,10.0,0.356104342367
3.5150145,3.5150145,0.356104342367
17.5406237,10.0,0.356104342367
16.0187116,10.0,0.356104342367
15.2017944,10.0,0.356104342367
19.6481112,10.0,0.356104342367
16.2719209,10.0,0.356104342367
2.8363518,2.8363518,0.356104342367
-1.0151058,-1.0151058,0.356104342367
-0.0768126,-0.0768126,0.356104342367
20.1558784,10.0,0.356104342367
14.6883163,10.0,0.356104342367
-15.2209523,-10.0,0.356104342367
-13.3249208,-10.0,0.356104342367
5.6899369,5.6899369,0.356104342367
5.6921524,5.6921524,0.356104342367
5.7790476,5.7790476,0.356104342367
-14.3768475,-10.0,0.356104342367
-10.3631994,-10.0,0.356104342367
1.8262328,1.8262328,0.356104342367
-10.861833,-10.0,0.356104342367
3.1637762,3.1637762,0.356104342367
1.6418641,1.6418641,0.356104342367
0.8249469,0.8249469,0.356104342367
5.2712637,5.2712637,0.356104342367
1.8950734,1.8950734,0.356104342367
-11.5404957,-10.0,0.356104342367
-15.3919533,-10.0,0.356104342367
-14.4536601,-10.0,0.356104342367
5.7790309,5.7790309,0.356104342367
0.3114688,0.3114688,0.356104342367
-4.8577529,-4.8577529,0.356104342367
-2.9617214,-2.9617214,0.356104342367
16.0531363,10.0,0.356104342367
16.0553518,10.0,0.356104342367
16.142247,10.0,0.356104342367
-4.0136481,-4.0136481,0.356104342367
10.3631994,10.0,0.356104342367
12.1894322,10.0,0.356104342367
-0.4986336,-0.4986336,0.356104342367
13.5269756,10.0,0.356104342367
12.0050635,10.0,0.356104342367
11.1881463,10.0,0.356104342367
15.6344631,10.0,0.356104342367
12.2582728,10.0,0.356104342367
-1.1772963,-1.1772963,0.356104342367
-5.0287539,-5.0287539,0.356104342367
-4.0904607,-4.0904607,0.356104342367
16.1422303,10.0,0.356104342367
10.6746682,10.0,0.356104342367
-17.0471851,-10.0,0.356104342367
-15.1511536,-10.0,0.356104342367
3.8637041,3.8637041,0.356104342367
3.8659196,3.8659196,0.356104342367
3.9528148,3.9528148,0.356104342367
-16.2030803,-10.0,0.356104342367
-1.8262328,-1.8262328,0.356104342367
-12.1894322,-10.0,0.356104342367
-12.6880658,-10.0,0.356104342367
1.3375434,1.3375434,0.356104342367
-0.1843687,-0.1843687,0.356104342367
-1.0012859,-1.0012859,0.356104342367
3.4450309,3.4450309,0.356104342367
0.0688406,0.0688406,0.356104342367
-13.3667285,-10.0,0.356104342367
-17.2181861,-10.0,0.356104342367
-16.2798929,-10.0,0.356104342367
3.9527981,3.9527981,0.356104342367
-1.514764,-1.514764,0.356104342367
-4.3591193,-4.3591193,0.356104342367
-2.4630878,-2.4630878,0.356104342367
16.5517699,10.0,0.356104342367
16.5539854,10.0,0.356104342367
16.6408806,10.0,0.356104342367
-3.5150145,-3.5150145,0.356104342367
10.861833,10.0,0.356104342367
0.4986336,0.4986336,0.356104342367
12.6880658,10.0,0.356104342367
14.0256092,10.0,0.356104342367
12.5036971,10.0,0.356104342367
11.6867799,10.0,0.356104342367
16.1330967,10.0,0.356104342367
12.7569064,10.0,0.356104342367
-0.6786627,-0.6786627,0.356104342367
-4.5301203,-4.5301203,0.356104342367
-3.5918271,-3.5918271,0.356104342367
16.6408639,10.0,0.356104342367
11.1733018,10.0,0.356104342367
-18.3847285,-10.0,0.356104342367
-16.488697,-10.0,0.356104342367
2.5261607,2.5261607,0.356104342367
2.5283762,2.5283762,0.356104342367
2.6152714,2.6152714,0.356104342367
-17.5406237,-10.0,0.356104342367
-3.1637762,-3.1637762,0.356104342367
-13.5269756,-10.0,0.356104342367
-1.3375434,-1.3375434,0.356104342367
-14.0256092,-10.0,0.356104342367
-1.5219121,-1.5219121,0.356104342367
-2.3388293,-2.3388293,0.356104342367
2.1074875,2.1074875,0.356104342367
-1.2687028,-1.2687028,0.356104342367
-14.7042719,-10.0,0.356104342367
-18.5557295,-10.0,0.356104342367
-17.6174363,-10.0,0.356104342367
2.6152547,2.6152547,0.356104342367
-2.8523074,-2.8523074,0.356104342367
-16.8628164,-10.0,0.356104342367
-14.9667849,-10.0,0.356104342367
4.0480728,4.0480728,0.356104342367
4.0502883,4.0502883,0.356104342367
4.1371835,4.1371835,0.356104342367
-16.0187116,-10.0,0.356104342367
-1.6418641,-1.6418641,0.356104342367
-12.0050635,-10.0,0.356104342367
0.1843687,0.1843687,0.356104342367
-12.5036971,-10.0,0.356104342367
1.5219121,1.5219121,0.356104342367
-0.8169172,-0.8169172,0.356104342367
3.6293996,3.6293996,0.356104342367
0.2532093,0.2532093,0.356104342367
-13.1823598,-10.0,0.356104342367
-17.0338174,-10.0,0.356104342367
-16.0955242,-10.0,0.356104342367
4.1371668,4.1371668,0.356104342367
-1.3303953,-1.3303953,0.356104342367
-16.0458992,-10.0,0.356104342367
-14.1498677,-10.0,0.356104342367
4.86499,4.86499,0.356104342367
4.8672055,4.8672055,0.356104342367
4.9541007,4.9541007,0.356104342367
-15.2017944,-10.0,0.356104342367
-0.8249469,-0.8249469,0.356104342367
-11.1881463,-10.0,0.356104342367
1.0012859,1.0012859,0.356104342367
-11.6867799,-10.0,0.356104342367
2.3388293,2.3388293,0.356104342367
0.8169172,0.8169172,0.356104342367
4.4463168,4.4463168,0.356104342367
1.0701265,1.0701265,0.356104342367
-12.3654426,-10.0,0.356104342367
-16.2169002,-10.0,0.356104342367
-15.278607,-10.0,0.356104342367
4.954084,4.954084,0.356104342367
-0.5134781,-0.5134781,0.356104342367
-20.492216,-10.0,0.356104342367
-18.5961845,-10.0,0.356104342367
0.4186732,0.4186732,0.356104342367
0.4208887,0.4208887,0.356104342367
0.5077839,0.5077839,0.356104342367
-19.6481112,-10.0,0.356104342367
-5.2712637,-5.2712637,0.356104342367
-15.6344631,-10.0,0.356104342367
-3.4450309,-3.4450309,0.356104342367
-16.1330967,-10.0,0.356104342367
-2.1074875,-2.1074875,0.356104342367
-3.6293996,-3.6293996,0.356104342367
-4.4463168,-4.4463168,0.356104342367
-3.3761903,-3.3761903,0.356104342367
-16.8117594,-10.0,0.356104342367
-20.663217,-10.0,0.356104342367
-19.7249238,-10.0,0.356104342367
0.5077672,0.5077672,0.356104342367
-4.9597949,-4.9597949,0.356104342367
-17.1160257,-10.0,0.356104342367
-15.2199942,-10.0,0.356104342367
3.7948635,3.7948635,0.356104342367
3.797079,3.797079,0.356104342367
3.8839742,3.8839742,0.356104342367
-16.2719209,-10.0,0.356104342367
-1.8950734,-1.8950734,0.356104342367
-12.2582728,-10.0,0.356104342367
-0.0688406,-0.0688406,0.356104342367
-12.7569064,-10.0,0.356104342367
1.2687028,1.2687028,0.356104342367
-0.2532093,-0.2532093,0.356104342367
-1.0701265,-1.0701265,0.356104342367
3.3761903,3.3761903,0.356104342367
-13.4355691,-10.0,0.356104342367
-17.2870267,-10.0,0.356104342367
-16.3487335,-10.0,0.356104342367
3.8839575,3.8839575,0.356104342367
-1.5836046,-1.5836046,0.356104342367
-3.6804566,-3.6804566,0.356104342367
-1.7844251,-1.7844251,0.356104342367
17.2304326,10.0,0.356104342367
17.2326481,10.0,0.356104342367
17.3195433,10.0,0.356104342367
-2.8363518,-2.8363518,0.356104342367
11.5404957,10.0,0.356104342367
1.1772963,1.1772963,0.356104342367
13.3667285,10.0,0.356104342367
0.6786627,0.6786627,0.356104342367
14.7042719,10.0,0.356104342367
13.1823598,10.0,0.356104342367
12.3654426,10.0,0.356104342367
16.8117594,10.0,0.356104342367
13.4355691,10.0,0.356104342367
-3.8514576,-3.8514576,0.356104342367
-2.9131644,-2.9131644,0.356104342367
17.3195266,10.0,0.356104342367
11.8519645,10.0,0.356104342367
0.171001,0.171001,0.356104342367
2.0670325,2.0670325,0.356104342367
21.0818902,10.0,0.356104342367
21.0841057,10.0,0.356104342367
21.1710009,10.0,0.356104342367
1.0151058,1.0151058,0.356104342367
15.3919533,10.0,0.356104342367
5.0287539,5.0287539,0.356104342367
17.2181861,10.0,0.356104342367
4.5301203,4.5301203,0.356104342367
18.5557295,10.0,0.356104342367
17.0338174,10.0,0.356104342367
16.2169002,10.0,0.356104342367
20.663217,10.0,0.356104342367
17.2870267,10.0,0.356104342367
3.8514576,3.8514576,0.356104342367
0.9382932,0.9382932,0.356104342367
21.1709842,10.0,0.356104342367
15.7034221,10.0,0.356104342367
-0.7672922,-0.7672922,0.356104342367
1.1287393,1.1287393,0.356104342367
20.143597,10.0,0.356104342367
20.1458125,10.0,0.356104342367
20.2327077,10.0,0.356104342367
0.0768126,0.0768126,0.356104342367
14.4536601,10.0,0.356104342367
4.0904607,4.0904607,0.356104342367
16.2798929,10.0,0.356104342367
3.5918271,3.5918271,0.356104342367
17.6174363,10.0,0.356104342367
16.0955242,10.0,0.356104342367
15.278607,10.0,0.356104342367
19.7249238,10.0,0.356104342367
16.3487335,10.0,0.356104342367
2.9131644,2.9131644,0.356104342367
-0.9382932,-0.9382932,0.356104342367
20.232691,10.0,0.356104342367
14.7651289,10.0,0.356104342367
-20.9999832,-10.0,0.356104342367
-19.1039517,-10.0,0.356104342367
-0.089094,-0.089094,0.356104342367
-0.0868785,-0.0868785,0.356104342367
1.66999999998e-05,1.66999999998e-05,0.356104342367
-20.1558784,-10.0,0.356104342367
-5.7790309,-5.7790309,0.356104342367
-16.1422303,-10.0,0.356104342367
-3.9527981,-3.9527981,0.356104342367
-16.6408639,-10.0,0.356104342367
-2.6152547,-2.6152547,0.356104342367
-4.1371668,-4.1371668,0.356104342367
-4.954084,-4.954084,0.356104342367
-0.5077672,-0.5077672,0.356104342367
-3.8839575,-3.8839575,0.356104342367
-17.3195266,-10.0,0.356104342367
-21.1709842,-10.0,0.356104342367
-20.232691,-10.0,0.356104342367
-5.4675621,-5.4675621,0.356104342367
-15.5324211,-10.0,0.356104342367
-13.6363896,-10.0,0.356104342367
5.3784681,5.3784681,0.356104342367
5.3806836,5.3806836,0.356104342367
5.4675788,5.4675788,0.356104342367
-14.6883163,-10.0,0.356104342367
-0.3114688,-0.3114688,0.356104342367
-10.6746682,-10.0,0.356104342367
1.514764,1.514764,0.356104342367
-11.1733018,-10.0,0.356104342367
2.8523074,2.8523074,0.356104342367
1.3303953,1.3303953,0.356104342367
0.5134781,0.5134781,0.356104342367
4.9597949,4.9597949,0.356104342367
1.5836046,1.5836046,0.356104342367
-11.8519645,-10.0,0.356104342367
-15.7034221,-10.0,0.356104342367
-14.7651289,-10.0,0.356104342367
5.4675621,5.4675621,0.356104342367
18.0143459,10.0,0.460714681496
14.4467071,10.0,0.460714681496
18.0143462,10.0,0.460714681496
-2.2531358,-2.2531358,0.460714681496
14.2418036,10.0,0.460714681496
18.0027166,10.0,0.460714681496
-3.1899501,-3.1899501,0.460714681496
14.7787093,10.0,0.460714681496
-2.9856536,-2.9856536,0.460714681496
14.382923,10.0,0.460714681496
17.3542139,10.0,0.460714681496
17.6335359,10.0,0.460714681496
13.7862448,10.0,0.460714681496
17.7307693,10.0,0.460714681496
15.3756395,10.0,0.460714681496
18.0143461,10.0,0.460714681496
-3.2629291,-3.2629291,0.460714681496
17.9387415,10.0,0.460714681496
12.3568833,10.0,0.460714681496
-18.0143459,-10.0,0.460714681496
-3.5676388,-3.5676388,0.460714681496
2.99999999953e-07,2.99999999953e-07,0.460714681496
-20.2674817,-10.0,0.460714681496
-3.7725423,-3.7725423,0.460714681496
-0.0116293,-0.0116293,0.460714681496
-21.204296,-10.0,0.460714681496
-3.2356366,-3.2356366,0.460714681496
-20.9999995,-10.0,0.460714681496
-3.6314229,-3.6314229,0.460714681496
-0.660132,-0.660132,0.460714681496
-0.38081,-0.38081,0.460714681496
-4.2281011,-4.2281011,0.460714681496
-0.2835766,-0.2835766,0.460714681496
-2.6387064,-2.6387064,0.460714681496
1.99999998785e-07,1.99999998785e-07,0.460714681496
-21.277275,-10.0,0.460714681496
-0.0756044,-0.0756044,0.460714681496
-5.6574626,-5.6574626,0.460714681496
-14.4467071,-10.0,0.460714681496
3.5676388,3.5676388,0.460714681496
3.5676391,3.5676391,0.460714681496
-16.6998429,-10.0,0.460714681496
-0.2049035,-0.2049035,0.460714681496
3.5560095,3.5560095,0.460714681496
-17.6366572,-10.0,0.460714681496
0.3320022,0.3320022,0.460714681496
-17.4323607,-10.0,0.460714681496
-0.0637841,-0.0637841,0.460714681496
2.9075068,2.9075068,0.460714681496
3.1868288,3.1868288,0.460714681496
-0.6604623,-0.6604623,0.460714681496
3.2840622,3.2840622,0.460714681496
0.9289324,0.9289324,0.460714681496
3.567639,3.567639,0.460714681496
-17.7096362,-10.0,0.460714681496
3.4920344,3.4920344,0.460714681496
-2.0898238,-2.0898238,0.460714681496
-18.0143462,-10.0,0.460714681496
-2.99999999953e-07,-2.99999999953e-07,0.460714681496
-3.5676391,-3.5676391,0.460714681496
-20.267482,-10.0,0.460714681496
-3.7725426,-3.7725426,0.460714681496
-0.0116296,-0.0116296,0.460714681496
-21.2042963,-10.0,0.460714681496
-3.2356369,-3.2356369,0.460714681496
-20.9999998,-10.0,0.460714681496
-3.6314232,-3.6314232,0.460714681496
-0.6601323,-0.6601323,0.460714681496
-0.3808103,-0.3808103,0.460714681496
-4.2281014,-4.2281014,0.460714681496
-0.2835769,-0.2835769,0.460714681496
-2.6387067,-2.6387067,0.460714681496
-1.00000001169e-07,-1.00000001169e-07,0.460714681496
-21.2772753,-10.0,0.460714681496
-0.0756047,-0.0756047,0.460714681496
-5.6574629,-5.6574629,0.460714681496
2.2531358,2.2531358,0.460714681496
20.2674817,10.0,0.460714681496
16.6998429,10.0,0.460714681496
20.267482,10.0,0.460714681496
16.4949394,10.0,0.460714681496
20.2558524,10.0,0.460714681496
-0.9368143,-0.9368143,0.460714681496
17.0318451,10.0,0.460714681496
-0.7325178,-0.7325178,0.460714681496
16.6360588,10.0,0.460714681496
19.6073497,10.0,0.460714681496
19.8866717,10.0,0.460714681496
16.0393806,10.0,0.460714681496
19.9839051,10.0,0.460714681496
17.6287753,10.0,0.460714681496
20.2674819,10.0,0.460714681496
-1.0097933,-1.0097933,0.460714681496
20.1918773,10.0,0.460714681496
14.6100191,10.0,0.460714681496
-14.2418036,-10.0,0.460714681496
3.7725423,3.7725423,0.460714681496
0.2049035,0.2049035,0.460714681496
3.7725426,3.7725426,0.460714681496
-16.4949394,-10.0,0.460714681496
3.760913,3.760913,0.460714681496
-17.4317537,-10.0,0.460714681496
0.5369057,0.5369057,0.460714681496
-17.2274572,-10.0,0.460714681496
0.1411194,0.1411194,0.460714681496
3.1124103,3.1124103,0.460714681496
3.3917323,3.3917323,0.460714681496
-0.4555588,-0.4555588,0.460714681496
3.4889657,3.4889657,0.460714681496
1.1338359,1.1338359,0.460714681496
3.7725425,3.7725425,0.460714681496
-17.5047327,-10.0,0.460714681496
3.6969379,3.6969379,0.460714681496
-1.8849203,-1.8849203,0.460714681496
-18.0027166,-10.0,0.460714681496
0.0116293,0.0116293,0.460714681496
-3.5560095,-3.5560095,0.460714681496
0.0116296,0.0116296,0.460714681496
-20.2558524,-10.0,0.460714681496
-3.760913,-3.760913,0.460714681496
-21.1926667,-10.0,0.460714681496
-3.2240073,-3.2240073,0.460714681496
-20.9883702,-10.0,0.460714681496
-3.6197936,-3.6197936,0.460714681496
-0.6485027,-0.6485027,0.460714681496
-0.3691807,-0.3691807,0.460714681496
-4.2164718,-4.2164718,0.460714681496
-0.2719473,-0.2719473,0.460714681496
-2.6270771,-2.6270771,0.460714681496
0.0116295,0.0116295,0.460714681496
-21.2656457,-10.0,0.460714681496
-0.0639751,-0.0639751,0.460714681496
-5.6458333,-5.6458333,0.460714681496
3.1899501,3.1899501,0.460714681496
21.204296,10.0,0.460714681496
17.6366572,10.0,0.460714681496
21.2042963,10.0,0.460714681496
0.9368143,0.9368143,0.460714681496
17.4317537,10.0,0.460714681496
21.1926667,10.0,0.460714681496
17.9686594,10.0,0.460714681496
0.2042965,0.2042965,0.460714681496
17.5728731,10.0,0.460714681496
20.544164,10.0,0.460714681496
20.823486,10.0,0.460714681496
16.9761949,10.0,0.460714681496
20.9207194,10.0,0.460714681496
18.5655896,10.0,0.460714681496
21.2042962,10.0,0.460714681496
-0.072979,-0.072979,0.460714681496
21.1286916,10.0,0.460714681496
15.5468334,10.0,0.460714681496
-14.7787093,-10.0,0.460714681496
3.2356366,3.2356366,0.460714681496
-0.3320022,-0.3320022,0.460714681496
3.2356369,3.2356369,0.460714681496
-17.0318451,-10.0,0.460714681496
-0.5369057,-0.5369057,0.460714681496
3.2240073,3.2240073,0.460714681496
-17.9686594,-10.0,0.460714681496
-17.7643629,-10.0,0.460714681496
-0.3957863,-0.3957863,0.460714681496
2.5755046,2.5755046,0.460714681496
2.8548266,2.8548266,0.460714681496
-0.9924645,-0.9924645,0.460714681496
2.95206,2.95206,0.460714681496
0.5969302,0.5969302,0.460714681496
3.2356368,3.2356368,0.460714681496
-18.0416384,-10.0,0.460714681496
3.1600322,3.1600322,0.460714681496
-2.421826,-2.421826,0.460714681496
2.9856536,2.9856536,0.460714681496
20.9999995,10.0,0.460714681496
17.4323607,10.0,0.460714681496
20.9999998,10.0,0.460714681496
0.7325178,0.7325178,0.460714681496
17.2274572,10.0,0.460714681496
20.9883702,10.0,0.460714681496
-0.2042965,-0.2042965,0.460714681496
17.7643629,10.0,0.460714681496
17.3685766,10.0,0.460714681496
20.3398675,10.0,0.460714681496
20.6191895,10.0,0.460714681496
16.7718984,10.0,0.460714681496
20.7164229,10.0,0.460714681496
18.3612931,10.0,0.460714681496
20.9999997,10.0,0.460714681496
-0.2772755,-0.2772755,0.460714681496
20.9243951,10.0,0.460714681496
15.3425369,10.0,0.460714681496
-14.382923,-10.0,0.460714681496
3.6314229,3.6314229,0.460714681496
0.0637841,0.0637841,0.460714681496
3.6314232,3.6314232,0.460714681496
-16.6360588,-10.0,0.460714681496
-0.1411194,-0.1411194,0.460714681496
3.6197936,3.6197936,0.460714681496
-17.5728731,-10.0,0.460714681496
0.3957863,0.3957863,0.460714681496
-17.3685766,-10.0,0.460714681496
2.9712909,2.9712909,0.460714681496
3.2506129,3.2506129,0.460714681496
-0.5966782,-0.5966782,0.460714681496
3.3478463,3.3478463,0.460714681496
0.9927165,0.9927165,0.460714681496
3.6314231,3.6314231,0.460714681496
-17.6458521,-10.0,0.460714681496
3.5558185,3.5558185,0.460714681496
-2.0260397,-2.0260397,0.460714681496
-17.3542139,-10.0,0.460714681496
0.660132,0.660132,0.460714681496
-2.9075068,-2.9075068,0.460714681496
0.6601323,0.6601323,0.460714681496
-19.6073497,-10.0,0.460714681496
-3.1124103,-3.1124103,0.460714681496
0.6485027,0.6485027,0.460714681496
-20.544164,-10.0,0.460714681496
-2.5755046,-2.5755046,0.460714681496
-20.3398675,-10.0,0.460714681496
-2.9712909,-2.9712909,0.460714681496
0.279322,0.279322,0.460714681496
-3.5679691,-3.5679691,0.460714681496
0.3765554,0.3765554,0.460714681496
-1.9785744,-1.9785744,0.460714681496
0.6601322,0.6601322,0.460714681496
-20.617143,-10.0,0.460714681496
0.5845276,0.5845276,0.460714681496
-4.9973306,-4.9973306,0.460714681496
-17.6335359,-10.0,0.460714681496
0.38081,0.38081,0.460714681496
-3.1868288,-3.1868288,0.460714681496
0.3808103,0.3808103,0.460714681496
-19.8866717,-10.0,0.460714681496
-3.3917323,-3.3917323,0.460714681496
0.3691807,0.3691807,0.460714681496
-20.823486,-10.0,0.460714681496
-2.8548266,-2.8548266,0.460714681496
-20.6191895,-10.0,0.460714681496
-3.2506129,-3.2506129,0.460714681496
-0.279322,-0.279322,0.460714681496
-3.8472911,-3.8472911,0.460714681496
0.0972334,0.0972334,0.460714681496
-2.2578964,-2.2578964,0.460714681496
0.3808102,0.3808102,0.460714681496
-20.896465,-10.0,0.460714681496
0.3052056,0.3052056,0.460714681496
-5.2766526,-5.2766526,0.460714681496
-13.7862448,-10.0,0.460714681496
4.2281011,4.2281011,0.460714681496
0.6604623,0.6604623,0.460714681496
4.2281014,4.2281014,0.460714681496
-16.0393806,-10.0,0.460714681496
0.4555588,0.4555588,0.460714681496
4.2164718,4.2164718,0.460714681496
-16.9761949,-10.0,0.460714681496
0.9924645,0.9924645,0.460714681496
-16.7718984,-10.0,0.460714681496
0.5966782,0.5966782,0.460714681496
3.5679691,3.5679691,0.460714681496
3.8472911,3.8472911,0.460714681496
3.9445245,3.9445245,0.460714681496
1.5893947,1.5893947,0.460714681496
4.2281013,4.2281013,0.460714681496
-17.0491739,-10.0,0.460714681496
4.1524967,4.1524967,0.460714681496
-1.4293615,-1.4293615,0.460714681496
-17.7307693,-10.0,0.460714681496
0.2835766,0.2835766,0.460714681496
-3.2840622,-3.2840622,0.460714681496
0.2835769,0.2835769,0.460714681496
-19.9839051,-10.0,0.460714681496
-3.4889657,-3.4889657,0.460714681496
0.2719473,0.2719473,0.460714681496
-20.9207194,-10.0,0.460714681496
-2.95206,-2.95206,0.460714681496
-20.7164229,-10.0,0.460714681496
-3.3478463,-3.3478463,0.460714681496
-0.3765554,-0.3765554,0.460714681496
-0.0972334,-0.0972334,0.460714681496
-3.9445245,-3.9445245,0.460714681496
-2.3551298,-2.3551298,0.460714681496
0.2835768,0.2835768,0.460714681496
-20.9936984,-10.0,0.460714681496
0.2079722,0.2079722,0.460714681496
-5.373886,-5.373886,0.460714681496
-15.3756395,-10.0,0.460714681496
2.6387064,2.6387064,0.460714681496
-0.9289324,-0.9289324,0.460714681496
2.6387067,2.6387067,0.460714681496
-17.6287753,-10.0,0.460714681496
-1.1338359,-1.1338359,0.460714681496
2.6270771,2.6270771,0.460714681496
-18.5655896,-10.0,0.460714681496
-0.5969302,-0.5969302,0.460714681496
-18.3612931,-10.0,0.460714681496
-0.9927165,-0.9927165,0.460714681496
1.9785744,1.9785744,0.460714681496
2.2578964,2.2578964,0.460714681496
-1.5893947,-1.5893947,0.460714681496
2.3551298,2.3551298,0.460714681496
2.6387066,2.6387066,0.460714681496
-18.6385686,-10.0,0.460714681496
2.563102,2.563102,0.460714681496
-3.0187562,-3.0187562,0.460714681496
-18.0143461,-10.0,0.460714681496
-1.99999998785e-07,-1.99999998785e-07,0.460714681496
-3.567639,-3.567639,0.460714681496
1.00000001169e-07,1.00000001169e-07,0.460714681496
-20.2674819,-10.0,0.460714681496
-3.7725425,-3.7725425,0.460714681496
-0.0116295,-0.0116295,0.460714681496
-21.2042962,-10.0,0.460714681496
-3.2356368,-3.2356368,0.460714681496
-20.9999997,-10.0,0.460714681496
-3.6314231,-3.6314231,0.460714681496
-0.6601322,-0.6601322,0.460714681496
-0.3808102,-0.3808102,0.460714681496
-4.2281013,-4.2281013,0.460714681496
-0.2835768,-0.2835768,0.460714681496
-2.6387066,-2.6387066,0.460714681496
-21.2772752,-10.0,0.460714681496
-0.0756046,-0.0756046,0.460714681496
-5.6574628,-5.6574628,0.460714681496
3.2629291,3.2629291,0.460714681496
21.277275,10.0,0.460714681496
17.7096362,10.0,0.460714681496
21.2772753,10.0,0.460714681496
1.0097933,1.0097933,0.460714681496
17.5047327,10.0,0.460714681496
21.2656457,10.0,0.460714681496
0.072979,0.072979,0.460714681496
18.0416384,10.0,0.460714681496
0.2772755,0.2772755,0.460714681496
17.6458521,10.0,0.460714681496
20.617143,10.0,0.460714681496
20.896465,10.0,0.460714681496
17.0491739,10.0,0.460714681496
20.9936984,10.0,0.460714681496
18.6385686,10.0,0.460714681496
21.2772752,10.0,0.460714681496
21.2016706,10.0,0.460714681496
15.6198124,10.0,0.460714681496
-17.9387415,-10.0,0.460714681496
0.0756044,0.0756044,0.460714681496
-3.4920344,-3.4920344,0.460714681496
0.0756047,0.0756047,0.460714681496
-20.1918773,-10.0,0.460714681496
-3.6969379,-3.6969379,0.460714681496
0.0639751,0.0639751,0.460714681496
-21.1286916,-10.0,0.460714681496
-3.1600322,-3.1600322,0.460714681496
-20.9243951,-10.0,0.460714681496
-3.5558185,-3.5558185,0.460714681496
-0.5845276,-0.5845276,0.460714681496
-0.3052056,-0.3052056,0.460714681496
-4.1524967,-4.1524967,0.460714681496
-0.2079722,-0.2079722,0.460714681496
-2.563102,-2.563102,0.460714681496
0.0756046,0.0756046,0.460714681496
-21.2016706,-10.0,0.460714681496
-5.5818582,-5.5818582,0.460714681496
-12.3568833,-10.0,0.460714681496
5.6574626,5.6574626,0.460714681496
2.0898238,2.0898238,0.460714681496
5.6574629,5.6574629,0.460714681496
-14.6100191,-10.0,0.460714681496
1.8849203,1.8849203,0.460714681496
5.6458333,5.6458333,0.460714681496
-15.5468334,-10.0,0.460714681496
2.421826,2.421826,0.460714681496
-15.3425369,-10.0,0.460714681496
2.0260397,2.0260397,0.460714681496
4.9973306,4.9973306,0.460714681496
5.2766526,5.2766526,0.460714681496
1.4293615,1.4293615,0.460714681496
5.373886,5.373886,0.460714681496
3.0187562,3.0187562,0.460714681496
5.6574628,5.6574628,0.460714681496
-15.6198124,-10.0,0.460714681496
5.5818582,5.5818582,0.460714681496
14.2534929,10.0,0.130992944471
17.9675522,10.0,0.130992944471
17.9675608,10.0,0.130992944471
16.9367728,10.0,0.130992944471
17.5798812,10.0,0.130992944471
17.9223233,10.0,0.130992944471
-1.7037602,-1.7037602,0.130992944471
14.9389178,10.0,0.130992944471
17.4267426,10.0,0.130992944471
17.9675478,10.0,0.130992944471
16.367333,10.0,0.130992944471
17.1140076,10.0,0.130992944471
13.047699,10.0,0.130992944471
12.8188669,10.0,0.130992944471
17.8863051,10.0,0.130992944471
16.3812091,10.0,0.130992944471
-3.0324389,-3.0324389,0.130992944471
17.9675609,10.0,0.130992944471
8.2328698,8.2328698,0.130992944471
-14.2534929,-10.0,0.130992944471
3.7140593,3.7140593,0.130992944471
3.7140679,3.7140679,0.130992944471
2.6832799,2.6832799,0.130992944471
3.3263883,3.3263883,0.130992944471
3.6688304,3.6688304,0.130992944471
-15.9572531,-10.0,0.130992944471
0.6854249,0.6854249,0.130992944471
3.1732497,3.1732497,0.130992944471
3.7140549,3.7140549,0.130992944471
2.1138401,2.1138401,0.130992944471
2.8605147,2.8605147,0.130992944471
-1.2057939,-1.2057939,0.130992944471
-1.434626,-1.434626,0.130992944471
3.6328122,3.6328122,0.130992944471
2.1277162,2.1277162,0.130992944471
-17.2859318,-10.0,0.130992944471
3.714068,3.714068,0.130992944471
-6.0206231,-6.0206231,0.130992944471
-17.9675522,-10.0,0.130992944471
-3.7140593,-3.7140593,0.130992944471
8.60000000102e-06,8.60000000102e-06,0.130992944471
-1.0307794,-1.0307794,0.130992944471
-0.387671,-0.387671,0.130992944471
-0.0452289,-0.0452289,0.130992944471
-19.6713124,-10.0,0.130992944471
-3.0286344,-3.0286344,0.130992944471
-0.5408096,-0.5408096,0.130992944471
-4.39999999813e-06,-4.39999999813e-06,0.130992944471
-1.6002192,-1.6002192,0.130992944471
-0.8535446,-0.8535446,0.130992944471
-4.9198532,-4.9198532,0.130992944471
-5.1486853,-5.1486853,0.130992944471
-0.0812471,-0.0812471,0.130992944471
-1.5863431,-1.5863431,0.130992944471
-20.9999911,-10.0,0.130992944471
8.70000000219e-06,8.70000000219e-06,0.130992944471
-9.7346824,-9.7346824,0.130992944471
-17.9675608,-10.0,0.130992944471
-3.7140679,-3.7140679,0.130992944471
-8.60000000102e-06,-8.60000000102e-06,0.130992944471
-1.030788,-1.030788,0.130992944471
-0.3876796,-0.3876796,0.130992944471
-0.0452375,-0.0452375,0.130992944471
-19.671321,-10.0,0.130992944471
-3.028643,-3.028643,0.130992944471
-0.5408182,-0.5408182,0.130992944471
-1.29999999992e-05,-1.29999999992e-05,0.130992944471
-1.6002278,-1.6002278,0.130992944471
-0.8535532,-0.8535532,0.130992944471
-4.9198618,-4.9198618,0.130992944471
-5.1486939,-5.1486939,0.130992944471
-0.0812557,-0.0812557,0.130992944471
-1.5863517,-1.5863517,0.130992944471
-20.9999997,-10.0,0.130992944471
1.00000001169e-07,1.00000001169e-07,0.130992944471
-9.734691,-9.734691,0.130992944471
-16.9367728,-10.0,0.130992944471
-2.6832799,-2.6832799,0.130992944471
1.0307794,1.0307794,0.130992944471
1.030788,1.030788,0.130992944471
0.6431084,0.6431084,0.130992944471
0.9855505,0.9855505,0.130992944471
-18.640533,-10.0,0.130992944471
-1.997855,-1.997855,0.130992944471
0.4899698,0.4899698,0.130992944471
1.030775,1.030775,0.130992944471
-0.5694398,-0.5694398,0.130992944471
0.1772348,0.1772348,0.130992944471
-3.8890738,-3.8890738,0.130992944471
-4.1179059,-4.1179059,0.130992944471
0.9495323,0.9495323,0.130992944471
-0.5555637,-0.5555637,0.130992944471
-19.9692117,-10.0,0.130992944471
1.0307881,1.0307881,0.130992944471
-8.703903,-8.703903,0.130992944471
-17.5798812,-10.0,0.130992944471
-3.3263883,-3.3263883,0.130992944471
0.387671,0.387671,0.130992944471
0.3876796,0.3876796,0.130992944471
-0.6431084,-0.6431084,0.130992944471
0.3424421,0.3424421,0.130992944471
-19.2836414,-10.0,0.130992944471
-2.6409634,-2.6409634,0.130992944471
-0.1531386,-0.1531386,0.130992944471
0.3876666,0.3876666,0.130992944471
-1.2125482,-1.2125482,0.130992944471
-0.4658736,-0.4658736,0.130992944471
-4.5321822,-4.5321822,0.130992944471
-4.7610143,-4.7610143,0.130992944471
0.3064239,0.3064239,0.130992944471
-1.1986721,-1.1986721,0.130992944471
-20.6123201,-10.0,0.130992944471
0.3876797,0.3876797,0.130992944471
-9.3470114,-9.3470114,0.130992944471
-17.9223233,-10.0,0.130992944471
-3.6688304,-3.6688304,0.130992944471
0.0452289,0.0452289,0.130992944471
0.0452375,0.0452375,0.130992944471
-0.9855505,-0.9855505,0.130992944471
-0.3424421,-0.3424421,0.130992944471
-19.6260835,-10.0,0.130992944471
-2.9834055,-2.9834055,0.130992944471
-0.4955807,-0.4955807,0.130992944471
0.0452245,0.0452245,0.130992944471
-1.5549903,-1.5549903,0.130992944471
-0.8083157,-0.8083157,0.130992944471
-4.8746243,-4.8746243,0.130992944471
-5.1034564,-5.1034564,0.130992944471
-0.0360182,-0.0360182,0.130992944471
-1.5411142,-1.5411142,0.130992944471
-20.9547622,-10.0,0.130992944471
0.0452376,0.0452376,0.130992944471
-9.6894535,-9.6894535,0.130992944471
1.7037602,1.7037602,0.130992944471
15.9572531,10.0,0.130992944471
19.6713124,10.0,0.130992944471
19.671321,10.0,0.130992944471
18.640533,10.0,0.130992944471
19.2836414,10.0,0.130992944471
19.6260835,10.0,0.130992944471
16.642678,10.0,0.130992944471
19.1305028,10.0,0.130992944471
19.671308,10.0,0.130992944471
18.0710932,10.0,0.130992944471
18.8177678,10.0,0.130992944471
14.7514592,10.0,0.130992944471
14.5226271,10.0,0.130992944471
19.5900653,10.0,0.130992944471
18.0849693,10.0,0.130992944471
-1.3286787,-1.3286787,0.130992944471
19.6713211,10.0,0.130992944471
9.93663,9.93663,0.130992944471
-14.9389178,-10.0,0.130992944471
-0.6854249,-0.6854249,0.130992944471
3.0286344,3.0286344,0.130992944471
3.028643,3.028643,0.130992944471
1.997855,1.997855,0.130992944471
2.6409634,2.6409634,0.130992944471
2.9834055,2.9834055,0.130992944471
-16.642678,-10.0,0.130992944471
2.4878248,2.4878248,0.130992944471
3.02863,3.02863,0.130992944471
1.4284152,1.4284152,0.130992944471
2.1750898,2.1750898,0.130992944471
-1.8912188,-1.8912188,0.130992944471
-2.1200509,-2.1200509,0.130992944471
2.9473873,2.9473873,0.130992944471
1.4422913,1.4422913,0.130992944471
-17.9713567,-10.0,0.130992944471
3.0286431,3.0286431,0.130992944471
-6.706048,-6.706048,0.130992944471
-17.4267426,-10.0,0.130992944471
-3.1732497,-3.1732497,0.130992944471
0.5408096,0.5408096,0.130992944471
0.5408182,0.5408182,0.130992944471
-0.4899698,-0.4899698,0.130992944471
0.1531386,0.1531386,0.130992944471
0.4955807,0.4955807,0.130992944471
-19.1305028,-10.0,0.130992944471
-2.4878248,-2.4878248,0.130992944471
0.5408052,0.5408052,0.130992944471
-1.0594096,-1.0594096,0.130992944471
-0.312735,-0.312735,0.130992944471
-4.3790436,-4.3790436,0.130992944471
-4.6078757,-4.6078757,0.130992944471
0.4595625,0.4595625,0.130992944471
-1.0455335,-1.0455335,0.130992944471
-20.4591815,-10.0,0.130992944471
0.5408183,0.5408183,0.130992944471
-9.1938728,-9.1938728,0.130992944471
-17.9675478,-10.0,0.130992944471
-3.7140549,-3.7140549,0.130992944471
4.39999999813e-06,4.39999999813e-06,0.130992944471
1.29999999992e-05,1.29999999992e-05,0.130992944471
-1.030775,-1.030775,0.130992944471
-0.3876666,-0.3876666,0.130992944471
-0.0452245,-0.0452245,0.130992944471
-19.671308,-10.0,0.130992944471
-3.02863,-3.02863,0.130992944471
-0.5408052,-0.5408052,0.130992944471
-1.6002148,-1.6002148,0.130992944471
-0.8535402,-0.8535402,0.130992944471
-4.9198488,-4.9198488,0.130992944471
-5.1486809,-5.1486809,0.130992944471
-0.0812427,-0.0812427,0.130992944471
-1.5863387,-1.5863387,0.130992944471
-20.9999867,-10.0,0.130992944471
1.31000000003e-05,1.31000000003e-05,0.130992944471
-9.734678,-9.734678,0.130992944471
-16.367333,-10.0,0.130992944471
-2.1138401,-2.1138401,0.130992944471
1.6002192,1.6002192,0.130992944471
1.6002278,1.6002278,0.130992944471
0.5694398,0.5694398,0.130992944471
1.2125482,1.2125482,0.130992944471
1.5549903,1.5549903,0.130992944471
-18.0710932,-10.0,0.130992944471
-1.4284152,-1.4284152,0.130992944471
1.0594096,1.0594096,0.130992944471
1.6002148,1.6002148,0.130992944471
0.7466746,0.7466746,0.130992944471
-3.319634,-3.319634,0.130992944471
-3.5484661,-3.5484661,0.130992944471
1.5189721,1.5189721,0.130992944471
0.0138761,0.0138761,0.130992944471
-19.3997719,-10.0,0.130992944471
1.6002279,1.6002279,0.130992944471
-8.1344632,-8.1344632,0.130992944471
-17.1140076,-10.0,0.130992944471
-2.8605147,-2.8605147,0.130992944471
0.8535446,0.8535446,0.130992944471
0.8535532,0.8535532,0.130992944471
-0.1772348,-0.1772348,0.130992944471
0.4658736,0.4658736,0.130992944471
0.8083157,0.8083157,0.130992944471
-18.8177678,-10.0,0.130992944471
-2.1750898,-2.1750898,0.130992944471
0.312735,0.312735,0.130992944471
0.8535402,0.8535402,0.130992944471
-0.7466746,-0.7466746,0.130992944471
-4.0663086,-4.0663086,0.130992944471
-4.2951407,-4.2951407,0.130992944471
0.7722975,0.7722975,0.130992944471
-0.7327985,-0.7327985,0.130992944471
-20.1464465,-10.0,0.130992944471
0.8535533,0.8535533,0.130992944471
-8.8811378,-8.8811378,0.130992944471
-13.047699,-10.0,0.130992944471
1.2057939,1.2057939,0.130992944471
4.9198532,4.9198532,0.130992944471
4.9198618,4.9198618,0.130992944471
3.8890738,3.8890738,0.130992944471
4.5321822,4.5321822,0.130992944471
4.8746243,4.8746243,0.130992944471
-14.7514592,-10.0,0.130992944471
1.8912188,1.8912188,0.130992944471
4.3790436,4.3790436,0.130992944471
4.9198488,4.9198488,0.130992944471
3.319634,3.319634,0.130992944471
4.0663086,4.0663086,0.130992944471
-0.2288321,-0.2288321,0.130992944471
4.8386061,4.8386061,0.130992944471
3.3335101,3.3335101,0.130992944471
-16.0801379,-10.0,0.130992944471
4.9198619,4.9198619,0.130992944471
-4.8148292,-4.8148292,0.130992944471
-12.8188669,-10.0,0.130992944471
1.434626,1.434626,0.130992944471
5.1486853,5.1486853,0.130992944471
5.1486939,5.1486939,0.130992944471
4.1179059,4.1179059,0.130992944471
4.7610143,4.7610143,0.130992944471
5.1034564,5.1034564,0.130992944471
-14.5226271,-10.0,0.130992944471
2.1200509,2.1200509,0.130992944471
4.6078757,4.6078757,0.130992944471
5.1486809,5.1486809,0.130992944471
3.5484661,3.5484661,0.130992944471
4.2951407,4.2951407,0.130992944471
0.2288321,0.2288321,0.130992944471
5.0674382,5.0674382,0.130992944471
3.5623422,3.5623422,0.130992944471
-15.8513058,-10.0,0.130992944471
5.148694,5.148694,0.130992944471
-4.5859971,-4.5859971,0.130992944471
-17.8863051,-10.0,0.130992944471
-3.6328122,-3.6328122,0.130992944471
0.0812471,0.0812471,0.130992944471
0.0812557,0.0812557,0.130992944471
-0.9495323,-0.9495323,0.130992944471
-0.3064239,-0.3064239,0.130992944471
0.0360182,0.0360182,0.130992944471
-19.5900653,-10.0,0.130992944471
-2.9473873,-2.9473873,0.130992944471
-0.4595625,-0.4595625,0.130992944471
0.0812427,0.0812427,0.130992944471
-1.5189721,-1.5189721,0.130992944471
-0.7722975,-0.7722975,0.130992944471
-4.8386061,-4.8386061,0.130992944471
-5.0674382,-5.0674382,0.130992944471
-1.505096,-1.505096,0.130992944471
-20.918744,-10.0,0.130992944471
0.0812558,0.0812558,0.130992944471
-9.6534353,-9.6534353,0.130992944471
-16.3812091,-10.0,0.130992944471
-2.1277162,-2.1277162,0.130992944471
1.5863431,1.5863431,0.130992944471
1.5863517,1.5863517,0.130992944471
0.5555637,0.5555637,0.130992944471
1.1986721,1.1986721,0.130992944471
1.5411142,1.5411142,0.130992944471
-18.0849693,-10.0,0.130992944471
-1.4422913,-1.4422913,0.130992944471
1.0455335,1.0455335,0.130992944471
1.5863387,1.5863387,0.130992944471
-0.0138761,-0.0138761,0.130992944471
0.7327985,0.7327985,0.130992944471
-3.3335101,-3.3335101,0.130992944471
-3.5623422,-3.5623422,0.130992944471
1.505096,1.505096,0.130992944471
-19.413648,-10.0,0.130992944471
1.5863518,1.5863518,0.130992944471
-8.1483393,-8.1483393,0.130992944471
3.0324389,3.0324389,0.130992944471
17.2859318,10.0,0.130992944471
20.9999911,10.0,0.130992944471
20.9999997,10.0,0.130992944471
19.9692117,10.0,0.130992944471
20.6123201,10.0,0.130992944471
20.9547622,10.0,0.130992944471
1.3286787,1.3286787,0.130992944471
17.9713567,10.0,0.130992944471
20.4591815,10.0,0.130992944471
20.9999867,10.0,0.130992944471
19.3997719,10.0,0.130992944471
20.1464465,10.0,0.130992944471
16.0801379,10.0,0.130992944471
15.8513058,10.0,0.130992944471
20.918744,10.0,0.130992944471
19.413648,10.0,0.130992944471
20.9999998,10.0,0.130992944471
11.2653087,10.0,0.130992944471
-17.9675609,-10.0,0.130992944471
-3.714068,-3.714068,0.130992944471
-8.70000000219e-06,-8.70000000219e-06,0.130992944471
-1.00000001169e-07,-1.00000001169e-07,0.130992944471
-1.0307881,-1.0307881,0.130992944471
-0.3876797,-0.3876797,0.130992944471
-0.0452376,-0.0452376,0.130992944471
-19.6713211,-10.0,0.130992944471
-3.0286431,-3.0286431,0.130992944471
-0.5408183,-0.5408183,0.130992944471
-1.31000000003e-05,-1.31000000003e-05,0.130992944471
-1.6002279,-1.6002279,0.130992944471
-0.8535533,-0.8535533,0.130992944471
-4.9198619,-4.9198619,0.130992944471
-5.148694,-5.148694,0.130992944471
-0.0812558,-0.0812558,0.130992944471
-1.5863518,-1.5863518,0.130992944471
-20.9999998,-10.0,0.130992944471
-9.7346911,-9.7346911,0.130992944471
-8.2328698,-8.2328698,0.130992944471
6.0206231,6.0206231,0.130992944471
9.7346824,9.7346824,0.130992944471
9.734691,9.734691,0.130992944471
8.703903,8.703903,0.130992944471
9.3470114,9.3470114,0.130992944471
9.6894535,9.6894535,0.130992944471
-9.93663,-9.93663,0.130992944471
6.706048,6.706048,0.130992944471
9.1938728,9.1938728,0.130992944471
9.734678,9.734678,0.130992944471
8.1344632,8.1344632,0.130992944471
8.8811378,8.8811378,0.130992944471
4.8148292,4.8148292,0.130992944471
4.5859971,4.5859971,0.130992944471
9.6534353,9.6534353,0.130992944471
8.1483393,8.1483393,0.130992944471
-11.2653087,-10.0,0.130992944471
9.7346911,9.7346911,0.130992944471
17.4269092,10.0,0.186399510837
17.2627153,10.0,0.186399510837
17.3195835,10.0,0.186399510837
17.3021698,10.0,0.186399510837
17.0292695,10.0,0.186399510837
17.3295621,10.0,0.186399510837
16.158602,10.0,0.186399510837
15.571675,10.0,0.186399510837
17.4269007,10.0,0.186399510837
15.6146069,10.0,0.186399510837
15.0704521,10.0,0.186399510837
-3.573089,-3.573089,0.186399510837
17.2075367,10.0,0.186399510837
16.579371,10.0,0.186399510837
-2.0062851,-2.0062851,0.186399510837
0.2725329,0.2725329,0.186399510837
14.3153284,10.0,0.186399510837
17.2316163,10.0,0.186399510837
17.4269109,10.0,0.186399510837
-17.4269092,-10.0,0.186399510837
-0.1641939,-0.1641939,0.186399510837
-0.1073257,-0.1073257,0.186399510837
-0.1247394,-0.1247394,0.186399510837
-0.3976397,-0.3976397,0.186399510837
-0.0973471,-0.0973471,0.186399510837
-1.2683072,-1.2683072,0.186399510837
-1.8552342,-1.8552342,0.186399510837
-8.49999999986e-06,-8.49999999986e-06,0.186399510837
-1.8123023,-1.8123023,0.186399510837
-2.3564571,-2.3564571,0.186399510837
-20.9999982,-10.0,0.186399510837
-0.2193725,-0.2193725,0.186399510837
-0.8475382,-0.8475382,0.186399510837
-19.4331943,-10.0,0.186399510837
-17.1543763,-10.0,0.186399510837
-3.1115808,-3.1115808,0.186399510837
-0.1952929,-0.1952929,0.186399510837
1.69999999855e-06,1.69999999855e-06,0.186399510837
-17.2627153,-10.0,0.186399510837
0.1641939,0.1641939,0.186399510837
0.0568682,0.0568682,0.186399510837
0.0394545,0.0394545,0.186399510837
-0.2334458,-0.2334458,0.186399510837
0.0668468,0.0668468,0.186399510837
-1.1041133,-1.1041133,0.186399510837
-1.6910403,-1.6910403,0.186399510837
0.1641854,0.1641854,0.186399510837
-1.6481084,-1.6481084,0.186399510837
-2.1922632,-2.1922632,0.186399510837
-20.8358043,-10.0,0.186399510837
-0.0551786,-0.0551786,0.186399510837
-0.6833443,-0.6833443,0.186399510837
-19.2690004,-10.0,0.186399510837
-16.9901824,-10.0,0.186399510837
-2.9473869,-2.9473869,0.186399510837
-0.031099,-0.031099,0.186399510837
0.1641956,0.1641956,0.186399510837
-17.3195835,-10.0,0.186399510837
0.1073257,0.1073257,0.186399510837
-0.0568682,-0.0568682,0.186399510837
-0.0174137,-0.0174137,0.186399510837
-0.290314,-0.290314,0.186399510837
0.0099786,0.0099786,0.186399510837
-1.1609815,-1.1609815,0.186399510837
-1.7479085,-1.7479085,0.186399510837
0.1073172,0.1073172,0.186399510837
-1.7049766,-1.7049766,0.186399510837
-2.2491314,-2.2491314,0.186399510837
-20.8926725,-10.0,0.186399510837
-0.1120468,-0.1120468,0.186399510837
-0.7402125,-0.7402125,0.186399510837
-19.3258686,-10.0,0.186399510837
-17.0470506,-10.0,0.186399510837
-3.0042551,-3.0042551,0.186399510837
-0.0879672,-0.0879672,0.186399510837
0.1073274,0.1073274,0.186399510837
-17.3021698,-10.0,0.186399510837
0.1247394,0.1247394,0.186399510837
-0.0394545,-0.0394545,0.186399510837
0.0174137,0.0174137,0.186399510837
-0.2729003,-0.2729003,0.186399510837
0.0273923,0.0273923,0.186399510837
-1.1435678,-1.1435678,0.186399510837
-1.7304948,-1.7304948,0.186399510837
0.1247309,0.1247309,0.186399510837
-1.6875629,-1.6875629,0.186399510837
-2.2317177,-2.2317177,0.186399510837
-20.8752588,-10.0,0.186399510837
-0.0946331,-0.0946331,0.186399510837
-0.7227988,-0.7227988,0.186399510837
-19.3084549,-10.0,0.186399510837
-17.0296369,-10.0,0.186399510837
-2.9868414,-2.9868414,0.186399510837
-0.0705535,-0.0705535,0.186399510837
0.1247411,0.1247411,0.186399510837
-17.0292695,-10.0,0.186399510837
0.3976397,0.3976397,0.186399510837
0.2334458,0.2334458,0.186399510837
0.290314,0.290314,0.186399510837
0.2729003,0.2729003,0.186399510837
0.3002926,0.3002926,0.186399510837
-0.8706675,-0.8706675,0.186399510837
-1.4575945,-1.4575945,0.186399510837
0.3976312,0.3976312,0.186399510837
-1.4146626,-1.4146626,0.186399510837
-1.9588174,-1.9588174,0.186399510837
-20.6023585,-10.0,0.186399510837
0.1782672,0.1782672,0.186399510837
-0.4498985,-0.4498985,0.186399510837
-19.0355546,-10.0,0.186399510837
-16.7567366,-10.0,0.186399510837
-2.7139411,-2.7139411,0.186399510837
0.2023468,0.2023468,0.186399510837
0.3976414,0.3976414,0.186399510837
-17.3295621,-10.0,0.186399510837
0.0973471,0.0973471,0.186399510837
-0.0668468,-0.0668468,0.186399510837
-0.0099786,-0.0099786,0.186399510837
-0.0273923,-0.0273923,0.186399510837
-0.3002926,-0.3002926,0.186399510837
-1.1709601,-1.1709601,0.186399510837
-1.7578871,-1.7578871,0.186399510837
0.0973386,0.0973386,0.186399510837
-1.7149552,-1.7149552,0.186399510837
-2.25911,-2.25911,0.186399510837
-20.9026511,-10.0,0.186399510837
-0.1220254,-0.1220254,0.186399510837
-0.7501911,-0.7501911,0.186399510837
-19.3358472,-10.0,0.186399510837
-17.0570292,-10.0,0.186399510837
-3.0142337,-3.0142337,0.186399510837
-0.0979458,-0.0979458,0.186399510837
0.0973488,0.0973488,0.186399510837
-16.158602,-10.0,0.186399510837
1.2683072,1.2683072,0.186399510837
1.1041133,1.1041133,0.186399510837
1.1609815,1.1609815,0.186399510837
1.1435678,1.1435678,0.186399510837
0.8706675,0.8706675,0.186399510837
1.1709601,1.1709601,0.186399510837
-0.586927,-0.586927,0.186399510837
1.2682987,1.2682987,0.186399510837
-0.5439951,-0.5439951,0.186399510837
-1.0881499,-1.0881499,0.186399510837
-19.731691,-10.0,0.186399510837
1.0489347,1.0489347,0.186399510837
0.420769,0.420769,0.186399510837
-18.1648871,-10.0,0.186399510837
-15.8860691,-10.0,0.186399510837
-1.8432736,-1.8432736,0.186399510837
1.0730143,1.0730143,0.186399510837
1.2683089,1.2683089,0.186399510837
-15.571675,-10.0,0.186399510837
1.8552342,1.8552342,0.186399510837
1.6910403,1.6910403,0.186399510837
1.7479085,1.7479085,0.186399510837
1.7304948,1.7304948,0.186399510837
1.4575945,1.4575945,0.186399510837
1.7578871,1.7578871,0.186399510837
0.586927,0.586927,0.186399510837
1.8552257,1.8552257,0.186399510837
0.0429319,0.0429319,0.186399510837
-0.5012229,-0.5012229,0.186399510837
-19.144764,-10.0,0.186399510837
1.6358617,1.6358617,0.186399510837
1.007696,1.007696,0.186399510837
-17.5779601,-10.0,0.186399510837
-15.2991421,-10.0,0.186399510837
-1.2563466,-1.2563466,0.186399510837
1.6599413,1.6599413,0.186399510837
1.8552359,1.8552359,0.186399510837
-17.4269007,-10.0,0.186399510837
8.49999999986e-06,8.49999999986e-06,0.186399510837
-0.1641854,-0.1641854,0.186399510837
-0.1073172,-0.1073172,0.186399510837
-0.1247309,-0.1247309,0.186399510837
-0.3976312,-0.3976312,0.186399510837
-0.0973386,-0.0973386,0.186399510837
-1.2682987,-1.2682987,0.186399510837
-1.8552257,-1.8552257,0.186399510837
-1.8122938,-1.8122938,0.186399510837
-2.3564486,-2.3564486,0.186399510837
-20.9999897,-10.0,0.186399510837
-0.219364,-0.219364,0.186399510837
-0.8475297,-0.8475297,0.186399510837
-19.4331858,-10.0,0.186399510837
-17.1543678,-10.0,0.186399510837
-3.1115723,-3.1115723,0.186399510837
-0.1952844,-0.1952844,0.186399510837
1.01999999984e-05,1.01999999984e-05,0.186399510837
-15.6146069,-10.0,0.186399510837
1.8123023,1.8123023,0.186399510837
1.6481084,1.6481084,0.186399510837
1.7049766,1.7049766,0.186399510837
1.6875629,1.6875629,0.186399510837
1.4146626,1.4146626,0.186399510837
1.7149552,1.7149552,0.186399510837
0.5439951,0.5439951,0.186399510837
-0.0429319,-0.0429319,0.186399510837
1.8122938,1.8122938,0.186399510837
-0.5441548,-0.5441548,0.186399510837
-19.1876959,-10.0,0.186399510837
1.5929298,1.5929298,0.186399510837
0.9647641,0.9647641,0.186399510837
-17.620892,-10.0,0.186399510837
-15.342074,-10.0,0.186399510837
-1.2992785,-1.2992785,0.186399510837
1.6170094,1.6170094,0.186399510837
1.812304,1.812304,0.186399510837
-15.0704521,-10.0,0.186399510837
2.3564571,2.3564571,0.186399510837
2.1922632,2.1922632,0.186399510837
2.2491314,2.2491314,0.186399510837
2.2317177,2.2317177,0.186399510837
1.9588174,1.9588174,0.186399510837
2.25911,2.25911,0.186399510837
1.0881499,1.0881499,0.186399510837
0.5012229,0.5012229,0.186399510837
2.3564486,2.3564486,0.186399510837
0.5441548,0.5441548,0.186399510837
-18.6435411,-10.0,0.186399510837
2.1370846,2.1370846,0.186399510837
1.5089189,1.5089189,0.186399510837
-17.0767372,-10.0,0.186399510837
-14.7979192,-10.0,0.186399510837
-0.7551237,-0.7551237,0.186399510837
2.1611642,2.1611642,0.186399510837
2.3564588,2.3564588,0.186399510837
3.573089,3.573089,0.186399510837
20.9999982,10.0,0.186399510837
20.8358043,10.0,0.186399510837
20.8926725,10.0,0.186399510837
20.8752588,10.0,0.186399510837
20.6023585,10.0,0.186399510837
20.9026511,10.0,0.186399510837
19.731691,10.0,0.186399510837
19.144764,10.0,0.186399510837
20.9999897,10.0,0.186399510837
19.1876959,10.0,0.186399510837
18.6435411,10.0,0.186399510837
20.7806257,10.0,0.186399510837
20.15246,10.0,0.186399510837
1.5668039,1.5668039,0.186399510837
3.8456219,3.8456219,0.186399510837
17.8884174,10.0,0.186399510837
20.8047053,10.0,0.186399510837
20.9999999,10.0,0.186399510837
-17.2075367,-10.0,0.186399510837
0.2193725,0.2193725,0.186399510837
0.0551786,0.0551786,0.186399510837
0.1120468,0.1120468,0.186399510837
0.0946331,0.0946331,0.186399510837
-0.1782672,-0.1782672,0.186399510837
0.1220254,0.1220254,0.186399510837
-1.0489347,-1.0489347,0.186399510837
-1.6358617,-1.6358617,0.186399510837
0.219364,0.219364,0.186399510837
-1.5929298,-1.5929298,0.186399510837
-2.1370846,-2.1370846,0.186399510837
-20.7806257,-10.0,0.186399510837
-0.6281657,-0.6281657,0.186399510837
-19.2138218,-10.0,0.186399510837
-16.9350038,-10.0,0.186399510837
-2.8922083,-2.8922083,0.186399510837
0.0240796,0.0240796,0.186399510837
0.2193742,0.2193742,0.186399510837
-16.579371,-10.0,0.186399510837
0.8475382,0.8475382,0.186399510837
0.6833443,0.6833443,0.186399510837
0.7402125,0.7402125,0.186399510837
0.7227988,0.7227988,0.186399510837
0.4498985,0.4498985,0.186399510837
0.7501911,0.7501911,0.186399510837
-0.420769,-0.420769,0.186399510837
-1.007696,-1.007696,0.186399510837
0.8475297,0.8475297,0.186399510837
-0.9647641,-0.9647641,0.186399510837
-1.5089189,-1.5089189,0.186399510837
-20.15246,-10.0,0.186399510837
0.6281657,0.6281657,0.186399510837
-18.5856561,-10.0,0.186399510837
-16.3068381,-10.0,0.186399510837
-2.2640426,-2.2640426,0.186399510837
0.6522453,0.6522453,0.186399510837
0.8475399,0.8475399,0.186399510837
2.0062851,2.0062851,0.186399510837
19.4331943,10.0,0.186399510837
19.2690004,10.0,0.186399510837
19.3258686,10.0,0.186399510837
19.3084549,10.0,0.186399510837
19.0355546,10.0,0.186399510837
19.3358472,10.0,0.186399510837
18.1648871,10.0,0.186399510837
17.5779601,10.0,0.186399510837
19.4331858,10.0,0.186399510837
17.620892,10.0,0.186399510837
17.0767372,10.0,0.186399510837
-1.5668039,-1.5668039,0.186399510837
19.2138218,10.0,0.186399510837
18.5856561,10.0,0.186399510837
2.278818,2.278818,0.186399510837
16.3216135,10.0,0.186399510837
19.2379014,10.0,0.186399510837
19.433196,10.0,0.186399510837
-0.2725329,-0.2725329,0.186399510837
17.1543763,10.0,0.186399510837
16.9901824,10.0,0.186399510837
17.0470506,10.0,0.186399510837
17.0296369,10.0,0.186399510837
16.7567366,10.0,0.186399510837
17.0570292,10.0,0.186399510837
15.8860691,10.0,0.186399510837
15.2991421,10.0,0.186399510837
17.1543678,10.0,0.186399510837
15.342074,10.0,0.186399510837
14.7979192,10.0,0.186399510837
-3.8456219,-3.8456219,0.186399510837
16.9350038,10.0,0.186399510837
16.3068381,10.0,0.186399510837
-2.278818,-2.278818,0.186399510837
14.0427955,10.0,0.186399510837
16.9590834,10.0,0.186399510837
17.154378,10.0,0.186399510837
-14.3153284,-10.0,0.186399510837
3.1115808,3.1115808,0.186399510837
2.9473869,2.9473869,0.186399510837
3.0042551,3.0042551,0.186399510837
2.9868414,2.9868414,0.186399510837
2.7139411,2.7139411,0.186399510837
3.0142337,3.0142337,0.186399510837
1.8432736,1.8432736,0.186399510837
1.2563466,1.2563466,0.186399510837
3.1115723,3.1115723,0.186399510837
1.2992785,1.2992785,0.186399510837
0.7551237,0.7551237,0.186399510837
-17.8884174,-10.0,0.186399510837
2.8922083,2.8922083,0.186399510837
2.2640426,2.2640426,0.186399510837
-16.3216135,-10.0,0.186399510837
-14.0427955,-10.0,0.186399510837
2.9162879,2.9162879,0.186399510837
3.1115825,3.1115825,0.186399510837
-17.2316163,-10.0,0.186399510837
0.1952929,0.1952929,0.186399510837
0.031099,0.031099,0.186399510837
0.0879672,0.0879672,0.186399510837
0.0705535,0.0705535,0.186399510837
-0.2023468,-0.2023468,0.186399510837
0.0979458,0.0979458,0.186399510837
-1.0730143,-1.0730143,0.186399510837
-1.6599413,-1.6599413,0.186399510837
0.1952844,0.1952844,0.186399510837
-1.6170094,-1.6170094,0.186399510837
-2.1611642,-2.1611642,0.186399510837
-20.8047053,-10.0,0.186399510837
-0.0240796,-0.0240796,0.186399510837
-0.6522453,-0.6522453,0.186399510837
-19.2379014,-10.0,0.186399510837
-16.9590834,-10.0,0.186399510837
-2.9162879,-2.9162879,0.186399510837
0.1952946,0.1952946,0.186399510837
-17.4269109,-10.0,0.186399510837
-1.69999999855e-06,-1.69999999855e-06,0.186399510837
-0.1641956,-0.1641956,0.186399510837
-0.1073274,-0.1073274,0.186399510837
-0.1247411,-0.1247411,0.186399510837
-0.3976414,-0.3976414,0.186399510837
-0.0973488,-0.0973488,0.186399510837
-1.2683089,-1.2683089,0.186399510837
-1.8552359,-1.8552359,0.186399510837
-1.01999999984e-05,-1.01999999984e-05,0.186399510837
-1.812304,-1.812304,0.186399510837
-2.3564588,-2.3564588,0.186399510837
-20.9999999,-10.0,0.186399510837
-0.2193742,-0.2193742,0.186399510837
-0.8475399,-0.8475399,0.186399510837
-19.433196,-10.0,0.186399510837
-17.154378,-10.0,0.186399510837
-3.1115825,-3.1115825,0.186399510837
-0.1952946,-0.1952946,0.186399510837
0.5448317,0.5448317,0.0522802899162
0.1860456,0.1860456,0.0522802899162
0.5455316,0.5455316,0.0522802899162
0.1515695,0.1515695,0.0522802899162
0.5454258,0.5454258,0.0522802899162
-6.8628357,-6.8628357,0.0522802899162
-20.4544655,-10.0,0.0522802899162
-0.1518749,-0.1518749,0.0522802899162
0.5455229,0.5455229,0.0522802899162
-15.903751,-10.0,0.0522802899162
0.5455306,0.5455306,0.0522802899162
0.5455336,0.5455336,0.0522802899162
-0.6683779,-0.6683779,0.0522802899162
-0.5153547,-0.5153547,0.0522802899162
0.5055516,0.5055516,0.0522802899162
0.5439056,0.5439056,0.0522802899162
-17.2911191,-10.0,0.0522802899162
-0.344201,-0.344201,0.0522802899162
-7.7291658,-7.7291658,0.0522802899162
-0.5448317,-0.5448317,0.0522802899162
-0.3587861,-0.3587861,0.0522802899162
0.000699900000001,0.000699900000001,0.0522802899162
-0.3932622,-0.3932622,0.0522802899162
0.000594100000001,0.000594100000001,0.0522802899162
-7.4076674,-7.4076674,0.0522802899162
-20.9992972,-10.0,0.0522802899162
-0.6967066,-0.6967066,0.0522802899162
0.000691199999999,0.000691199999999,0.0522802899162
-16.4485827,-10.0,0.0522802899162
0.0006989,0.0006989,0.0522802899162
0.000701899999999,0.000701899999999,0.0522802899162
-1.2132096,-1.2132096,0.0522802899162
-1.0601864,-1.0601864,0.0522802899162
-0.0392801,-0.0392801,0.0522802899162
-0.000926100000001,-0.000926100000001,0.0522802899162
-17.8359508,-10.0,0.0522802899162
-0.8890327,-0.8890327,0.0522802899162
-8.2739975,-8.2739975,0.0522802899162
-0.1860456,-0.1860456,0.0522802899162
0.3587861,0.3587861,0.0522802899162
0.359486,0.359486,0.0522802899162
-0.0344761,-0.0344761,0.0522802899162
0.3593802,0.3593802,0.0522802899162
-7.0488813,-7.0488813,0.0522802899162
-20.6405111,-10.0,0.0522802899162
-0.3379205,-0.3379205,0.0522802899162
0.3594773,0.3594773,0.0522802899162
-16.0897966,-10.0,0.0522802899162
0.359485,0.359485,0.0522802899162
0.359488,0.359488,0.0522802899162
-0.8544235,-0.8544235,0.0522802899162
-0.7014003,-0.7014003,0.0522802899162
0.319506,0.319506,0.0522802899162
0.35786,0.35786,0.0522802899162
-17.4771647,-10.0,0.0522802899162
-0.5302466,-0.5302466,0.0522802899162
-7.9152114,-7.9152114,0.0522802899162
-0.5455316,-0.5455316,0.0522802899162
-0.000699900000001,-0.000699900000001,0.0522802899162
-0.359486,-0.359486,0.0522802899162
-0.3939621,-0.3939621,0.0522802899162
-0.0001058,-0.0001058,0.0522802899162
-7.4083673,-7.4083673,0.0522802899162
-20.9999971,-10.0,0.0522802899162
-0.6974065,-0.6974065,0.0522802899162
-8.70000000219e-06,-8.70000000219e-06,0.0522802899162
-16.4492826,-10.0,0.0522802899162
-1.00000000103e-06,-1.00000000103e-06,0.0522802899162
1.9999999985e-06,1.9999999985e-06,0.0522802899162
-1.2139095,-1.2139095,0.0522802899162
-1.0608863,-1.0608863,0.0522802899162
-0.03998,-0.03998,0.0522802899162
-0.001626,-0.001626,0.0522802899162
-17.8366507,-10.0,0.0522802899162
-0.8897326,-0.8897326,0.0522802899162
-8.2746974,-8.2746974,0.0522802899162
-0.1515695,-0.1515695,0.0522802899162
0.3932622,0.3932622,0.0522802899162
0.0344761,0.0344761,0.0522802899162
0.3939621,0.3939621,0.0522802899162
0.3938563,0.3938563,0.0522802899162
-7.0144052,-7.0144052,0.0522802899162
-20.606035,-10.0,0.0522802899162
-0.3034444,-0.3034444,0.0522802899162
0.3939534,0.3939534,0.0522802899162
-16.0553205,-10.0,0.0522802899162
0.3939611,0.3939611,0.0522802899162
0.3939641,0.3939641,0.0522802899162
-0.8199474,-0.8199474,0.0522802899162
-0.6669242,-0.6669242,0.0522802899162
0.3539821,0.3539821,0.0522802899162
0.3923361,0.3923361,0.0522802899162
-17.4426886,-10.0,0.0522802899162
-0.4957705,-0.4957705,0.0522802899162
-7.8807353,-7.8807353,0.0522802899162
-0.5454258,-0.5454258,0.0522802899162
-0.000594100000001,-0.000594100000001,0.0522802899162
-0.3593802,-0.3593802,0.0522802899162
0.0001058,0.0001058,0.0522802899162
-0.3938563,-0.3938563,0.0522802899162
-7.4082615,-7.4082615,0.0522802899162
-20.9998913,-10.0,0.0522802899162
-0.6973007,-0.6973007,0.0522802899162
9.70999999979e-05,9.70999999979e-05,0.0522802899162
-16.4491768,-10.0,0.0522802899162
0.000104799999999,0.000104799999999,0.0522802899162
0.000107799999999,0.000107799999999,0.0522802899162
-1.2138037,-1.2138037,0.0522802899162
-1.0607805,-1.0607805,0.0522802899162
-0.0398742,-0.0398742,0.0522802899162
-0.0015202,-0.0015202,0.0522802899162
-17.8365449,-10.0,0.0522802899162
-0.8896268,-0.8896268,0.0522802899162
-8.2745916,-8.2745916,0.0522802899162
6.8628357,6.8628357,0.0522802899162
7.4076674,7.4076674,0.0522802899162
7.0488813,7.0488813,0.0522802899162
7.4083673,7.4083673,0.0522802899162
7.0144052,7.0144052,0.0522802899162
7.4082615,7.4082615,0.0522802899162
-13.5916298,-10.0,0.0522802899162
6.7109608,6.7109608,0.0522802899162
7.4083586,7.4083586,0.0522802899162
-9.0409153,-9.0409153,0.0522802899162
7.4083663,7.4083663,0.0522802899162
7.4083693,7.4083693,0.0522802899162
6.1944578,6.1944578,0.0522802899162
6.347481,6.347481,0.0522802899162
7.3683873,7.3683873,0.0522802899162
7.4067413,7.4067413,0.0522802899162
-10.4282834,-10.0,0.0522802899162
6.5186347,6.5186347,0.0522802899162
-0.8663301,-0.8663301,0.0522802899162
20.4544655,10.0,0.0522802899162
20.9992972,10.0,0.0522802899162
20.6405111,10.0,0.0522802899162
20.9999971,10.0,0.0522802899162
20.606035,10.0,0.0522802899162
20.9998913,10.0,0.0522802899162
13.5916298,10.0,0.0522802899162
20.3025906,10.0,0.0522802899162
20.9999884,10.0,0.0522802899162
4.5507145,4.5507145,0.0522802899162
20.9999961,10.0,0.0522802899162
20.9999991,10.0,0.0522802899162
19.7860876,10.0,0.0522802899162
19.9391108,10.0,0.0522802899162
20.9600171,10.0,0.0522802899162
20.9983711,10.0,0.0522802899162
3.1633464,3.1633464,0.0522802899162
20.1102645,10.0,0.0522802899162
12.7252997,10.0,0.0522802899162
0.1518749,0.1518749,0.0522802899162
0.6967066,0.6967066,0.0522802899162
0.3379205,0.3379205,0.0522802899162
0.6974065,0.6974065,0.0522802899162
0.3034444,0.3034444,0.0522802899162
0.6973007,0.6973007,0.0522802899162
-6.7109608,-6.7109608,0.0522802899162
-20.3025906,-10.0,0.0522802899162
0.6973978,0.6973978,0.0522802899162
-15.7518761,-10.0,0.0522802899162
0.6974055,0.6974055,0.0522802899162
0.6974085,0.6974085,0.0522802899162
-0.516503,-0.516503,0.0522802899162
-0.3634798,-0.3634798,0.0522802899162
0.6574265,0.6574265,0.0522802899162
0.6957805,0.6957805,0.0522802899162
-17.1392442,-10.0,0.0522802899162
-0.1923261,-0.1923261,0.0522802899162
-7.5772909,-7.5772909,0.0522802899162
-0.5455229,-0.5455229,0.0522802899162
-0.000691199999999,-0.000691199999999,0.0522802899162
-0.3594773,-0.3594773,0.0522802899162
8.70000000219e-06,8.70000000219e-06,0.0522802899162
-0.3939534,-0.3939534,0.0522802899162
-9.70999999979e-05,-9.70999999979e-05,0.0522802899162
-7.4083586,-7.4083586,0.0522802899162
-20.9999884,-10.0,0.0522802899162
-0.6973978,-0.6973978,0.0522802899162
-16.4492739,-10.0,0.0522802899162
7.70000000117e-06,7.70000000117e-06,0.0522802899162
1.07000000007e-05,1.07000000007e-05,0.0522802899162
-1.2139008,-1.2139008,0.0522802899162
-1.0608776,-1.0608776,0.0522802899162
-0.0399713,-0.0399713,0.0522802899162
-0.0016173,-0.0016173,0.0522802899162
-17.836642,-10.0,0.0522802899162
-0.8897239,-0.8897239,0.0522802899162
-8.2746887,-8.2746887,0.0522802899162
15.903751,10.0,0.0522802899162
16.4485827,10.0,0.0522802899162
16.0897966,10.0,0.0522802899162
16.4492826,10.0,0.0522802899162
16.0553205,10.0,0.0522802899162
16.4491768,10.0,0.0522802899162
9.0409153,9.0409153,0.0522802899162
-4.5507145,-4.5507145,0.0522802899162
15.7518761,10.0,0.0522802899162
16.4492739,10.0,0.0522802899162
16.4492816,10.0,0.0522802899162
16.4492846,10.0,0.0522802899162
15.2353731,10.0,0.0522802899162
15.3883963,10.0,0.0522802899162
16.4093026,10.0,0.0522802899162
16.4476566,10.0,0.0522802899162
-1.3873681,-1.3873681,0.0522802899162
15.55955,10.0,0.0522802899162
8.1745852,8.1745852,0.0522802899162
-0.5455306,-0.5455306,0.0522802899162
-0.0006989,-0.0006989,0.0522802899162
-0.359485,-0.359485,0.0522802899162
1.00000000103e-06,1.00000000103e-06,0.0522802899162
-0.3939611,-0.3939611,0.0522802899162
-0.000104799999999,-0.000104799999999,0.0522802899162
-7.4083663,-7.4083663,0.0522802899162
-20.9999961,-10.0,0.0522802899162
-0.6974055,-0.6974055,0.0522802899162
-7.70000000117e-06,-7.70000000117e-06,0.0522802899162
-16.4492816,-10.0,0.0522802899162
2.99999999953e-06,2.99999999953e-06,0.0522802899162
-1.2139085,-1.2139085,0.0522802899162
-1.0608853,-1.0608853,0.0522802899162
-0.039979,-0.039979,0.0522802899162
-0.001625,-0.001625,0.0522802899162
-17.8366497,-10.0,0.0522802899162
-0.8897316,-0.8897316,0.0522802899162
-8.2746964,-8.2746964,0.0522802899162
-0.5455336,-0.5455336,0.0522802899162
-0.000701899999999,-0.000701899999999,0.0522802899162
-0.359488,-0.359488,0.0522802899162
-1.9999999985e-06,-1.9999999985e-06,0.0522802899162
-0.3939641,-0.3939641,0.0522802899162
-0.000107799999999,-0.000107799999999,0.0522802899162
-7.4083693,-7.4083693,0.0522802899162
-20.9999991,-10.0,0.0522802899162
-0.6974085,-0.6974085,0.0522802899162
-1.07000000007e-05,-1.07000000007e-05,0.0522802899162
-16.4492846,-10.0,0.0522802899162
-2.99999999953e-06,-2.99999999953e-06,0.0522802899162
-1.2139115,-1.2139115,0.0522802899162
-1.0608883,-1.0608883,0.0522802899162
-0.039982,-0.039982,0.0522802899162
-0.001628,-0.001628,0.0522802899162
-17.8366527,-10.0,0.0522802899162
-0.8897346,-0.8897346,0.0522802899162
-8.2746994,-8.2746994,0.0522802899162
0.6683779,0.6683779,0.0522802899162
1.2132096,1.2132096,0.0522802899162
0.8544235,0.8544235,0.0522802899162
1.2139095,1.2139095,0.0522802899162
0.8199474,0.8199474,0.0522802899162
1.2138037,1.2138037,0.0522802899162
-6.1944578,-6.1944578,0.0522802899162
-19.7860876,-10.0,0.0522802899162
0.516503,0.516503,0.0522802899162
1.2139008,1.2139008,0.0522802899162
-15.2353731,-10.0,0.0522802899162
1.2139085,1.2139085,0.0522802899162
1.2139115,1.2139115,0.0522802899162
0.1530232,0.1530232,0.0522802899162
1.1739295,1.1739295,0.0522802899162
1.2122835,1.2122835,0.0522802899162
-16.6227412,-10.0,0.0522802899162
0.3241769,0.3241769,0.0522802899162
-7.0607879,-7.0607879,0.0522802899162
0.5153547,0.5153547,0.0522802899162
1.0601864,1.0601864,0.0522802899162
0.7014003,0.7014003,0.0522802899162
1.0608863,1.0608863,0.0522802899162
0.6669242,0.6669242,0.0522802899162
1.0607805,1.0607805,0.0522802899162
-6.347481,-6.347481,0.0522802899162
-19.9391108,-10.0,0.0522802899162
0.3634798,0.3634798,0.0522802899162
1.0608776,1.0608776,0.0522802899162
-15.3883963,-10.0,0.0522802899162
1.0608853,1.0608853,0.0522802899162
1.0608883,1.0608883,0.0522802899162
-0.1530232,-0.1530232,0.0522802899162
1.0209063,1.0209063,0.0522802899162
1.0592603,1.0592603,0.0522802899162
-16.7757644,-10.0,0.0522802899162
0.1711537,0.1711537,0.0522802899162
-7.2138111,-7.2138111,0.0522802899162
-0.5055516,-0.5055516,0.0522802899162
0.0392801,0.0392801,0.0522802899162
-0.319506,-0.319506,0.0522802899162
0.03998,0.03998,0.0522802899162
-0.3539821,-0.3539821,0.0522802899162
0.0398742,0.0398742,0.0522802899162
-7.3683873,-7.3683873,0.0522802899162
-20.9600171,-10.0,0.0522802899162
-0.6574265,-0.6574265,0.0522802899162
0.0399713,0.0399713,0.0522802899162
-16.4093026,-10.0,0.0522802899162
0.039979,0.039979,0.0522802899162
0.039982,0.039982,0.0522802899162
-1.1739295,-1.1739295,0.0522802899162
-1.0209063,-1.0209063,0.0522802899162
0.038354,0.038354,0.0522802899162
-17.7966707,-10.0,0.0522802899162
-0.8497526,-0.8497526,0.0522802899162
-8.2347174,-8.2347174,0.0522802899162
-0.5439056,-0.5439056,0.0522802899162
0.000926100000001,0.000926100000001,0.0522802899162
-0.35786,-0.35786,0.0522802899162
0.001626,0.001626,0.0522802899162
-0.3923361,-0.3923361,0.0522802899162
0.0015202,0.0015202,0.0522802899162
-7.4067413,-7.4067413,0.0522802899162
-20.9983711,-10.0,0.0522802899162
-0.6957805,-0.6957805,0.0522802899162
0.0016173,0.0016173,0.0522802899162
-16.4476566,-10.0,0.0522802899162
0.001625,0.001625,0.0522802899162
0.001628,0.001628,0.0522802899162
-1.2122835,-1.2122835,0.0522802899162
-1.0592603,-1.0592603,0.0522802899162
-0.038354,-0.038354,0.0522802899162
-17.8350247,-10.0,0.0522802899162
-0.8881066,-0.8881066,0.0522802899162
-8.2730714,-8.2730714,0.0522802899162
17.2911191,10.0,0.0522802899162
17.8359508,10.0,0.0522802899162
17.4771647,10.0,0.0522802899162
17.8366507,10.0,0.0522802899162
17.4426886,10.0,0.0522802899162
17.8365449,10.0,0.0522802899162
10.4282834,10.0,0.0522802899162
-3.1633464,-3.1633464,0.0522802899162
17.1392442,10.0,0.0522802899162
17.836642,10.0,0.0522802899162
1.3873681,1.3873681,0.0522802899162
17.8366497,10.0,0.0522802899162
17.8366527,10.0,0.0522802899162
16.6227412,10.0,0.0522802899162
16.7757644,10.0,0.0522802899162
17.7966707,10.0,0.0522802899162
17.8350247,10.0,0.0522802899162
16.9469181,10.0,0.0522802899162
9.5619533,9.5619533,0.0522802899162
0.344201,0.344201,0.0522802899162
0.8890327,0.8890327,0.0522802899162
0.5302466,0.5302466,0.0522802899162
0.8897326,0.8897326,0.0522802899162
0.4957705,0.4957705,0.0522802899162
0.8896268,0.8896268,0.0522802899162
-6.5186347,-6.5186347,0.0522802899162
-20.1102645,-10.0,0.0522802899162
0.1923261,0.1923261,0.0522802899162
0.8897239,0.8897239,0.0522802899162
-15.55955,-10.0,0.0522802899162
0.8897316,0.8897316,0.0522802899162
0.8897346,0.8897346,0.0522802899162
-0.3241769,-0.3241769,0.0522802899162
-0.1711537,-0.1711537,0.0522802899162
0.8497526,0.8497526,0.0522802899162
0.8881066,0.8881066,0.0522802899162
-16.9469181,-10.0,0.0522802899162
-7.3849648,-7.3849648,0.0522802899162
7.7291658,7.7291658,0.0522802899162
8.2739975,8.2739975,0.0522802899162
7.9152114,7.9152114,0.0522802899162
8.2746974,8.2746974,0.0522802899162
7.8807353,7.8807353,0.0522802899162
8.2745916,8.2745916,0.0522802899162
0.8663301,0.8663301,0.0522802899162
-12.7252997,-10.0,0.0522802899162
7.5772909,7.5772909,0.0522802899162
8.2746887,8.2746887,0.0522802899162
-8.1745852,-8.1745852,0.0522802899162
8.2746964,8.2746964,0.0522802899162
8.2746994,8.2746994,0.0522802899162
7.0607879,7.0607879,0.0522802899162
7.2138111,7.2138111,0.0522802899162
8.2347174,8.2347174,0.0522802899162
8.2730714,8.2730714,0.0522802899162
-9.5619533,-9.5619533,0.0522802899162
7.3849648,7.3849648,0.0522802899162
0.6451621,0.6451621,0.0107039601743
2.9481273,2.9481273,0.0107039601743
1.0021715,1.0021715,0.0107039601743
7.4829718,7.4829718,0.0107039601743
7.4818206,7.4818206,0.0107039601743
6.9100687,6.9100687,0.0107039601743
7.4829748,7.4829748,0.0107039601743
7.4093633,7.4093633,0.0107039601743
-13.5167996,-10.0,0.0107039601743
-9.7404442,-9.7404442,0.0107039601743
0.5181947,0.5181947,0.0107039601743
6.6917548,6.6917548,0.0107039601743
7.4831926,7.4831926,0.0107039601743
7.4831825,7.4831825,0.0107039601743
7.087107,7.087107,0.0107039601743
7.4831998,7.4831998,0.0107039601743
7.2887328,7.2887328,0.0107039601743
7.1354715,7.1354715,0.0107039601743
5.1669721,5.1669721,0.0107039601743
-0.6451621,-0.6451621,0.0107039601743
2.3029652,2.3029652,0.0107039601743
0.3570094,0.3570094,0.0107039601743
6.8378097,6.8378097,0.0107039601743
6.8366585,6.8366585,0.0107039601743
6.2649066,6.2649066,0.0107039601743
6.8378127,6.8378127,0.0107039601743
6.7642012,6.7642012,0.0107039601743
-14.1619617,-10.0,0.0107039601743
-10.3856063,-10.0,0.0107039601743
-0.1269674,-0.1269674,0.0107039601743
6.0465927,6.0465927,0.0107039601743
6.8380305,6.8380305,0.0107039601743
6.8380204,6.8380204,0.0107039601743
6.4419449,6.4419449,0.0107039601743
6.8380377,6.8380377,0.0107039601743
6.6435707,6.6435707,0.0107039601743
6.4903094,6.4903094,0.0107039601743
4.52181,4.52181,0.0107039601743
-2.9481273,-2.9481273,0.0107039601743
-2.3029652,-2.3029652,0.0107039601743
-1.9459558,-1.9459558,0.0107039601743
4.5348445,4.5348445,0.0107039601743
4.5336933,4.5336933,0.0107039601743
3.9619414,3.9619414,0.0107039601743
4.5348475,4.5348475,0.0107039601743
4.461236,4.461236,0.0107039601743
-16.4649269,-10.0,0.0107039601743
-12.6885715,-10.0,0.0107039601743
-2.4299326,-2.4299326,0.0107039601743
3.7436275,3.7436275,0.0107039601743
4.5350653,4.5350653,0.0107039601743
4.5350552,4.5350552,0.0107039601743
4.1389797,4.1389797,0.0107039601743
4.5350725,4.5350725,0.0107039601743
4.3406055,4.3406055,0.0107039601743
4.1873442,4.1873442,0.0107039601743
2.2188448,2.2188448,0.0107039601743
-1.0021715,-1.0021715,0.0107039601743
-0.3570094,-0.3570094,0.0107039601743
1.9459558,1.9459558,0.0107039601743
6.4808003,6.4808003,0.0107039601743
6.4796491,6.4796491,0.0107039601743
5.9078972,5.9078972,0.0107039601743
6.4808033,6.4808033,0.0107039601743
6.4071918,6.4071918,0.0107039601743
-14.5189711,-10.0,0.0107039601743
-10.7426157,-10.0,0.0107039601743
-0.4839768,-0.4839768,0.0107039601743
5.6895833,5.6895833,0.0107039601743
6.4810211,6.4810211,0.0107039601743
6.481011,6.481011,0.0107039601743
6.0849355,6.0849355,0.0107039601743
6.4810283,6.4810283,0.0107039601743
6.2865613,6.2865613,0.0107039601743
6.1333,6.1333,0.0107039601743
4.1648006,4.1648006,0.0107039601743
-7.4829718,-7.4829718,0.0107039601743
-6.8378097,-6.8378097,0.0107039601743
-4.5348445,-4.5348445,0.0107039601743
-6.4808003,-6.4808003,0.0107039601743
-0.0011512,-0.0011512,0.0107039601743
-0.5729031,-0.5729031,0.0107039601743
2.99999999953e-06,2.99999999953e-06,0.0107039601743
-0.0736085,-0.0736085,0.0107039601743
-20.9997714,-10.0,0.0107039601743
-17.223416,-10.0,0.0107039601743
-6.9647771,-6.9647771,0.0107039601743
-0.791217,-0.791217,0.0107039601743
0.000220800000001,0.000220800000001,0.0107039601743
0.0002107,0.0002107,0.0107039601743
-0.3958648,-0.3958648,0.0107039601743
0.000228,0.000228,0.0107039601743
-0.194239,-0.194239,0.0107039601743
-0.3475003,-0.3475003,0.0107039601743
-2.3159997,-2.3159997,0.0107039601743
-7.4818206,-7.4818206,0.0107039601743
-6.8366585,-6.8366585,0.0107039601743
-4.5336933,-4.5336933,0.0107039601743
-6.4796491,-6.4796491,0.0107039601743
0.0011512,0.0011512,0.0107039601743
-0.5717519,-0.5717519,0.0107039601743
0.0011542,0.0011542,0.0107039601743
-0.0724573,-0.0724573,0.0107039601743
-20.9986202,-10.0,0.0107039601743
-17.2222648,-10.0,0.0107039601743
-6.9636259,-6.9636259,0.0107039601743
-0.7900658,-0.7900658,0.0107039601743
0.001372,0.001372,0.0107039601743
0.0013619,0.0013619,0.0107039601743
-0.3947136,-0.3947136,0.0107039601743
0.0013792,0.0013792,0.0107039601743
-0.1930878,-0.1930878,0.0107039601743
-0.3463491,-0.3463491,0.0107039601743
-2.3148485,-2.3148485,0.0107039601743
-6.9100687,-6.9100687,0.0107039601743
-6.2649066,-6.2649066,0.0107039601743
-3.9619414,-3.9619414,0.0107039601743
-5.9078972,-5.9078972,0.0107039601743
0.5729031,0.5729031,0.0107039601743
0.5717519,0.5717519,0.0107039601743
0.5729061,0.5729061,0.0107039601743
0.4992946,0.4992946,0.0107039601743
-20.4268683,-10.0,0.0107039601743
-16.6505129,-10.0,0.0107039601743
-6.391874,-6.391874,0.0107039601743
-0.2183139,-0.2183139,0.0107039601743
0.5731239,0.5731239,0.0107039601743
0.5731138,0.5731138,0.0107039601743
0.1770383,0.1770383,0.0107039601743
0.5731311,0.5731311,0.0107039601743
0.3786641,0.3786641,0.0107039601743
0.2254028,0.2254028,0.0107039601743
-1.7430966,-1.7430966,0.0107039601743
-7.4829748,-7.4829748,0.0107039601743
-6.8378127,-6.8378127,0.0107039601743
-4.5348475,-4.5348475,0.0107039601743
-6.4808033,-6.4808033,0.0107039601743
-2.99999999953e-06,-2.99999999953e-06,0.0107039601743
-0.0011542,-0.0011542,0.0107039601743
-0.5729061,-0.5729061,0.0107039601743
-0.0736115,-0.0736115,0.0107039601743
-20.9997744,-10.0,0.0107039601743
-17.223419,-10.0,0.0107039601743
-6.9647801,-6.9647801,0.0107039601743
-0.79122,-0.79122,0.0107039601743
0.000217800000001,0.000217800000001,0.0107039601743
0.000207700000001,0.000207700000001,0.0107039601743
-0.3958678,-0.3958678,0.0107039601743
0.000225,0.000225,0.0107039601743
-0.194242,-0.194242,0.0107039601743
-0.3475033,-0.3475033,0.0107039601743
-2.3160027,-2.3160027,0.0107039601743
-7.4093633,-7.4093633,0.0107039601743
-6.7642012,-6.7642012,0.0107039601743
-4.461236,-4.461236,0.0107039601743
-6.4071918,-6.4071918,0.0107039601743
0.0736085,0.0736085,0.0107039601743
0.0724573,0.0724573,0.0107039601743
-0.4992946,-0.4992946,0.0107039601743
0.0736115,0.0736115,0.0107039601743
-20.9261629,-10.0,0.0107039601743
-17.1498075,-10.0,0.0107039601743
-6.8911686,-6.8911686,0.0107039601743
-0.7176085,-0.7176085,0.0107039601743
0.0738293,0.0738293,0.0107039601743
0.0738192,0.0738192,0.0107039601743
-0.3222563,-0.3222563,0.0107039601743
0.0738365,0.0738365,0.0107039601743
-0.1206305,-0.1206305,0.0107039601743
-0.2738918,-0.2738918,0.0107039601743
-2.2423912,-2.2423912,0.0107039601743
13.5167996,10.0,0.0107039601743
14.1619617,10.0,0.0107039601743
16.4649269,10.0,0.0107039601743
14.5189711,10.0,0.0107039601743
20.9997714,10.0,0.0107039601743
20.9986202,10.0,0.0107039601743
20.4268683,10.0,0.0107039601743
20.9997744,10.0,0.0107039601743
20.9261629,10.0,0.0107039601743
3.7763554,3.7763554,0.0107039601743
14.0349943,10.0,0.0107039601743
20.2085544,10.0,0.0107039601743
20.9999922,10.0,0.0107039601743
20.9999821,10.0,0.0107039601743
20.6039066,10.0,0.0107039601743
20.9999994,10.0,0.0107039601743
20.8055324,10.0,0.0107039601743
20.6522711,10.0,0.0107039601743
18.6837717,10.0,0.0107039601743
9.7404442,9.7404442,0.0107039601743
10.3856063,10.0,0.0107039601743
12.6885715,10.0,0.0107039601743
10.7426157,10.0,0.0107039601743
17.223416,10.0,0.0107039601743
17.2222648,10.0,0.0107039601743
16.6505129,10.0,0.0107039601743
17.223419,10.0,0.0107039601743
17.1498075,10.0,0.0107039601743
-3.7763554,-3.7763554,0.0107039601743
10.2586389,10.0,0.0107039601743
16.432199,10.0,0.0107039601743
17.2236368,10.0,0.0107039601743
17.2236267,10.0,0.0107039601743
16.8275512,10.0,0.0107039601743
17.223644,10.0,0.0107039601743
17.029177,10.0,0.0107039601743
16.8759157,10.0,0.0107039601743
14.9074163,10.0,0.0107039601743
-0.5181947,-0.5181947,0.0107039601743
0.1269674,0.1269674,0.0107039601743
2.4299326,2.4299326,0.0107039601743
0.4839768,0.4839768,0.0107039601743
6.9647771,6.9647771,0.0107039601743
6.9636259,6.9636259,0.0107039601743
6.391874,6.391874,0.0107039601743
6.9647801,6.9647801,0.0107039601743
6.8911686,6.8911686,0.0107039601743
-14.0349943,-10.0,0.0107039601743
-10.2586389,-10.0,0.0107039601743
6.1735601,6.1735601,0.0107039601743
6.9649979,6.9649979,0.0107039601743
6.9649878,6.9649878,0.0107039601743
6.5689123,6.5689123,0.0107039601743
6.9650051,6.9650051,0.0107039601743
6.7705381,6.7705381,0.0107039601743
6.6172768,6.6172768,0.0107039601743
4.6487774,4.6487774,0.0107039601743
-6.6917548,-6.6917548,0.0107039601743
-6.0465927,-6.0465927,0.0107039601743
-3.7436275,-3.7436275,0.0107039601743
-5.6895833,-5.6895833,0.0107039601743
0.791217,0.791217,0.0107039601743
0.7900658,0.7900658,0.0107039601743
0.2183139,0.2183139,0.0107039601743
0.79122,0.79122,0.0107039601743
0.7176085,0.7176085,0.0107039601743
-20.2085544,-10.0,0.0107039601743
-16.432199,-10.0,0.0107039601743
-6.1735601,-6.1735601,0.0107039601743
0.7914378,0.7914378,0.0107039601743
0.7914277,0.7914277,0.0107039601743
0.3953522,0.3953522,0.0107039601743
0.791445,0.791445,0.0107039601743
0.596978,0.596978,0.0107039601743
0.4437167,0.4437167,0.0107039601743
-1.5247827,-1.5247827,0.0107039601743
-7.4831926,-7.4831926,0.0107039601743
-6.8380305,-6.8380305,0.0107039601743
-4.5350653,-4.5350653,0.0107039601743
-6.4810211,-6.4810211,0.0107039601743
-0.000220800000001,-0.000220800000001,0.0107039601743
-0.001372,-0.001372,0.0107039601743
-0.5731239,-0.5731239,0.0107039601743
-0.000217800000001,-0.000217800000001,0.0107039601743
-0.0738293,-0.0738293,0.0107039601743
-20.9999922,-10.0,0.0107039601743
-17.2236368,-10.0,0.0107039601743
-6.9649979,-6.9649979,0.0107039601743
-0.7914378,-0.7914378,0.0107039601743
-1.01000000008e-05,-1.01000000008e-05,0.0107039601743
-0.3960856,-0.3960856,0.0107039601743
7.19999999887e-06,7.19999999887e-06,0.0107039601743
-0.1944598,-0.1944598,0.0107039601743
-0.3477211,-0.3477211,0.0107039601743
-2.3162205,-2.3162205,0.0107039601743
-7.4831825,-7.4831825,0.0107039601743
-6.8380204,-6.8380204,0.0107039601743
-4.5350552,-4.5350552,0.0107039601743
-6.481011,-6.481011,0.0107039601743
-0.0002107,-0.0002107,0.0107039601743
-0.0013619,-0.0013619,0.0107039601743
-0.5731138,-0.5731138,0.0107039601743
-0.000207700000001,-0.000207700000001,0.0107039601743
-0.0738192,-0.0738192,0.0107039601743
-20.9999821,-10.0,0.0107039601743
-17.2236267,-10.0,0.0107039601743
-6.9649878,-6.9649878,0.0107039601743
-0.7914277,-0.7914277,0.0107039601743
1.01000000008e-05,1.01000000008e-05,0.0107039601743
-0.3960755,-0.3960755,0.0107039601743
1.72999999997e-05,1.72999999997e-05,0.0107039601743
-0.1944497,-0.1944497,0.0107039601743
-0.347711,-0.347711,0.0107039601743
-2.3162104,-2.3162104,0.0107039601743
-7.087107,-7.087107,0.0107039601743
-6.4419449,-6.4419449,0.0107039601743
-4.1389797,-4.1389797,0.0107039601743
-6.0849355,-6.0849355,0.0107039601743
0.3958648,0.3958648,0.0107039601743
0.3947136,0.3947136,0.0107039601743
-0.1770383,-0.1770383,0.0107039601743
0.3958678,0.3958678,0.0107039601743
0.3222563,0.3222563,0.0107039601743
-20.6039066,-10.0,0.0107039601743
-16.8275512,-10.0,0.0107039601743
-6.5689123,-6.5689123,0.0107039601743
-0.3953522,-0.3953522,0.0107039601743
0.3960856,0.3960856,0.0107039601743
0.3960755,0.3960755,0.0107039601743
0.3960928,0.3960928,0.0107039601743
0.2016258,0.2016258,0.0107039601743
0.0483645,0.0483645,0.0107039601743
-1.9201349,-1.9201349,0.0107039601743
-7.4831998,-7.4831998,0.0107039601743
-6.8380377,-6.8380377,0.0107039601743
-4.5350725,-4.5350725,0.0107039601743
-6.4810283,-6.4810283,0.0107039601743
-0.000228,-0.000228,0.0107039601743
-0.0013792,-0.0013792,0.0107039601743
-0.5731311,-0.5731311,0.0107039601743
-0.000225,-0.000225,0.0107039601743
-0.0738365,-0.0738365,0.0107039601743
-20.9999994,-10.0,0.0107039601743
-17.223644,-10.0,0.0107039601743
-6.9650051,-6.9650051,0.0107039601743
-0.791445,-0.791445,0.0107039601743
-7.19999999887e-06,-7.19999999887e-06,0.0107039601743
-1.72999999997e-05,-1.72999999997e-05,0.0107039601743
-0.3960928,-0.3960928,0.0107039601743
-0.194467,-0.194467,0.0107039601743
-0.3477283,-0.3477283,0.0107039601743
-2.3162277,-2.3162277,0.0107039601743
-7.2887328,-7.2887328,0.0107039601743
-6.6435707,-6.6435707,0.0107039601743
-4.3406055,-4.3406055,0.0107039601743
-6.2865613,-6.2865613,0.0107039601743
0.194239,0.194239,0.0107039601743
0.1930878,0.1930878,0.0107039601743
-0.3786641,-0.3786641,0.0107039601743
0.194242,0.194242,0.0107039601743
0.1206305,0.1206305,0.0107039601743
-20.8055324,-10.0,0.0107039601743
-17.029177,-10.0,0.0107039601743
-6.7705381,-6.7705381,0.0107039601743
-0.596978,-0.596978,0.0107039601743
0.1944598,0.1944598,0.0107039601743
0.1944497,0.1944497,0.0107039601743
-0.2016258,-0.2016258,0.0107039601743
0.194467,0.194467,0.0107039601743
-0.1532613,-0.1532613,0.0107039601743
-2.1217607,-2.1217607,0.0107039601743
-7.1354715,-7.1354715,0.0107039601743
-6.4903094,-6.4903094,0.0107039601743
-4.1873442,-4.1873442,0.0107039601743
-6.1333,-6.1333,0.0107039601743
0.3475003,0.3475003,0.0107039601743
0.3463491,0.3463491,0.0107039601743
-0.2254028,-0.2254028,0.0107039601743
0.3475033,0.3475033,0.0107039601743
0.2738918,0.2738918,0.0107039601743
-20.6522711,-10.0,0.0107039601743
-16.8759157,-10.0,0.0107039601743
-6.6172768,-6.6172768,0.0107039601743
-0.4437167,-0.4437167,0.0107039601743
0.3477211,0.3477211,0.0107039601743
0.347711,0.347711,0.0107039601743
-0.0483645,-0.0483645,0.0107039601743
0.3477283,0.3477283,0.0107039601743
0.1532613,0.1532613,0.0107039601743
-1.9684994,-1.9684994,0.0107039601743
-5.1669721,-5.1669721,0.0107039601743
-4.52181,-4.52181,0.0107039601743
-2.2188448,-2.2188448,0.0107039601743
-4.1648006,-4.1648006,0.0107039601743
2.3159997,2.3159997,0.0107039601743
2.3148485,2.3148485,0.0107039601743
1.7430966,1.7430966,0.0107039601743
2.3160027,2.3160027,0.0107039601743
2.2423912,2.2423912,0.0107039601743
-18.6837717,-10.0,0.0107039601743
-14.9074163,-10.0,0.0107039601743
-4.6487774,-4.6487774,0.0107039601743
1.5247827,1.5247827,0.0107039601743
2.3162205,2.3162205,0.0107039601743
2.3162104,2.3162104,0.0107039601743
1.9201349,1.9201349,0.0107039601743
2.3162277,2.3162277,0.0107039601743
2.1217607,2.1217607,0.0107039601743
1.9684994,1.9684994,0.0107039601743
20.5911836,10.0,0.0121529774574
20.9999974,10.0,0.0121529774574
19.9299559,10.0,0.0121529774574
20.9614834,10.0,0.0121529774574
20.999986,10.0,0.0121529774574
15.3458621,10.0,0.0121529774574
20.9966823,10.0,0.0121529774574
19.3030992,10.0,0.0121529774574
20.9999468,10.0,0.0121529774574
18.9909098,10.0,0.0121529774574
20.9216143,10.0,0.0121529774574
20.442456,10.0,0.0121529774574
20.8795087,10.0,0.0121529774574
20.100953,10.0,0.0121529774574
20.9999994,10.0,0.0121529774574
4.8749207,4.8749207,0.0121529774574
18.787628,10.0,0.0121529774574
14.9158003,10.0,0.0121529774574
20.9999908,10.0,0.0121529774574
-20.5911836,-10.0,0.0121529774574
0.4088138,0.4088138,0.0121529774574
-0.6612277,-0.6612277,0.0121529774574
0.3702998,0.3702998,0.0121529774574
0.4088024,0.4088024,0.0121529774574
-5.2453215,-5.2453215,0.0121529774574
0.4054987,0.4054987,0.0121529774574
-1.2880844,-1.2880844,0.0121529774574
0.4087632,0.4087632,0.0121529774574
-1.6002738,-1.6002738,0.0121529774574
0.3304307,0.3304307,0.0121529774574
-0.1487276,-0.1487276,0.0121529774574
0.2883251,0.2883251,0.0121529774574
-0.4902306,-0.4902306,0.0121529774574
0.4088158,0.4088158,0.0121529774574
-15.7162629,-10.0,0.0121529774574
-1.8035556,-1.8035556,0.0121529774574
-5.6753833,-5.6753833,0.0121529774574
0.4088072,0.4088072,0.0121529774574
-20.9999974,-10.0,0.0121529774574
-0.4088138,-0.4088138,0.0121529774574
-1.0700415,-1.0700415,0.0121529774574
-0.038514,-0.038514,0.0121529774574
-1.14000000018e-05,-1.14000000018e-05,0.0121529774574
-5.6541353,-5.6541353,0.0121529774574
-0.0033151,-0.0033151,0.0121529774574
-1.6968982,-1.6968982,0.0121529774574
-5.06000000016e-05,-5.06000000016e-05,0.0121529774574
-2.0090876,-2.0090876,0.0121529774574
-0.0783831,-0.0783831,0.0121529774574
-0.5575414,-0.5575414,0.0121529774574
-0.1204887,-0.1204887,0.0121529774574
-0.8990444,-0.8990444,0.0121529774574
1.9999999985e-06,1.9999999985e-06,0.0121529774574
-16.1250767,-10.0,0.0121529774574
-2.2123694,-2.2123694,0.0121529774574
-6.0841971,-6.0841971,0.0121529774574
-6.60000000252e-06,-6.60000000252e-06,0.0121529774574
-19.9299559,-10.0,0.0121529774574
0.6612277,0.6612277,0.0121529774574
1.0700415,1.0700415,0.0121529774574
1.0315275,1.0315275,0.0121529774574
1.0700301,1.0700301,0.0121529774574
-4.5840938,-4.5840938,0.0121529774574
1.0667264,1.0667264,0.0121529774574
-0.6268567,-0.6268567,0.0121529774574
1.0699909,1.0699909,0.0121529774574
-0.9390461,-0.9390461,0.0121529774574
0.9916584,0.9916584,0.0121529774574
0.5125001,0.5125001,0.0121529774574
0.9495528,0.9495528,0.0121529774574
0.1709971,0.1709971,0.0121529774574
1.0700435,1.0700435,0.0121529774574
-15.0550352,-10.0,0.0121529774574
-1.1423279,-1.1423279,0.0121529774574
-5.0141556,-5.0141556,0.0121529774574
1.0700349,1.0700349,0.0121529774574
-20.9614834,-10.0,0.0121529774574
-0.3702998,-0.3702998,0.0121529774574
0.038514,0.038514,0.0121529774574
-1.0315275,-1.0315275,0.0121529774574
0.0385026,0.0385026,0.0121529774574
-5.6156213,-5.6156213,0.0121529774574
0.0351989,0.0351989,0.0121529774574
-1.6583842,-1.6583842,0.0121529774574
0.0384634,0.0384634,0.0121529774574
-1.9705736,-1.9705736,0.0121529774574
-0.0398691,-0.0398691,0.0121529774574
-0.5190274,-0.5190274,0.0121529774574
-0.0819747,-0.0819747,0.0121529774574
-0.8605304,-0.8605304,0.0121529774574
0.038516,0.038516,0.0121529774574
-16.0865627,-10.0,0.0121529774574
-2.1738554,-2.1738554,0.0121529774574
-6.0456831,-6.0456831,0.0121529774574
0.0385074,0.0385074,0.0121529774574
-20.999986,-10.0,0.0121529774574
-0.4088024,-0.4088024,0.0121529774574
1.14000000018e-05,1.14000000018e-05,0.0121529774574
-1.0700301,-1.0700301,0.0121529774574
-0.0385026,-0.0385026,0.0121529774574
-5.6541239,-5.6541239,0.0121529774574
-0.0033037,-0.0033037,0.0121529774574
-1.6968868,-1.6968868,0.0121529774574
-3.91999999998e-05,-3.91999999998e-05,0.0121529774574
-2.0090762,-2.0090762,0.0121529774574
-0.0783717,-0.0783717,0.0121529774574
-0.55753,-0.55753,0.0121529774574
-0.1204773,-0.1204773,0.0121529774574
-0.899033,-0.899033,0.0121529774574
1.34000000003e-05,1.34000000003e-05,0.0121529774574
-16.1250653,-10.0,0.0121529774574
-2.212358,-2.212358,0.0121529774574
-6.0841857,-6.0841857,0.0121529774574
4.79999999925e-06,4.79999999925e-06,0.0121529774574
-15.3458621,-10.0,0.0121529774574
5.2453215,5.2453215,0.0121529774574
5.6541353,5.6541353,0.0121529774574
4.5840938,4.5840938,0.0121529774574
5.6156213,5.6156213,0.0121529774574
5.6541239,5.6541239,0.0121529774574
5.6508202,5.6508202,0.0121529774574
3.9572371,3.9572371,0.0121529774574
5.6540847,5.6540847,0.0121529774574
3.6450477,3.6450477,0.0121529774574
5.5757522,5.5757522,0.0121529774574
5.0965939,5.0965939,0.0121529774574
5.5336466,5.5336466,0.0121529774574
4.7550909,4.7550909,0.0121529774574
5.6541373,5.6541373,0.0121529774574
-10.4709414,-10.0,0.0121529774574
3.4417659,3.4417659,0.0121529774574
-0.4300618,-0.4300618,0.0121529774574
5.6541287,5.6541287,0.0121529774574
-20.9966823,-10.0,0.0121529774574
-0.4054987,-0.4054987,0.0121529774574
0.0033151,0.0033151,0.0121529774574
-1.0667264,-1.0667264,0.0121529774574
-0.0351989,-0.0351989,0.0121529774574
0.0033037,0.0033037,0.0121529774574
-5.6508202,-5.6508202,0.0121529774574
-1.6935831,-1.6935831,0.0121529774574
0.0032645,0.0032645,0.0121529774574
-2.0057725,-2.0057725,0.0121529774574
-0.075068,-0.075068,0.0121529774574
-0.5542263,-0.5542263,0.0121529774574
-0.1171736,-0.1171736,0.0121529774574
-0.8957293,-0.8957293,0.0121529774574
0.0033171,0.0033171,0.0121529774574
-16.1217616,-10.0,0.0121529774574
-2.2090543,-2.2090543,0.0121529774574
-6.080882,-6.080882,0.0121529774574
0.0033085,0.0033085,0.0121529774574
-19.3030992,-10.0,0.0121529774574
1.2880844,1.2880844,0.0121529774574
1.6968982,1.6968982,0.0121529774574
0.6268567,0.6268567,0.0121529774574
1.6583842,1.6583842,0.0121529774574
1.6968868,1.6968868,0.0121529774574
-3.9572371,-3.9572371,0.0121529774574
1.6935831,1.6935831,0.0121529774574
1.6968476,1.6968476,0.0121529774574
-0.3121894,-0.3121894,0.0121529774574
1.6185151,1.6185151,0.0121529774574
1.1393568,1.1393568,0.0121529774574
1.5764095,1.5764095,0.0121529774574
0.7978538,0.7978538,0.0121529774574
1.6969002,1.6969002,0.0121529774574
-14.4281785,-10.0,0.0121529774574
-0.5154712,-0.5154712,0.0121529774574
-4.3872989,-4.3872989,0.0121529774574
1.6968916,1.6968916,0.0121529774574
-20.9999468,-10.0,0.0121529774574
-0.4087632,-0.4087632,0.0121529774574
5.06000000016e-05,5.06000000016e-05,0.0121529774574
-1.0699909,-1.0699909,0.0121529774574
-0.0384634,-0.0384634,0.0121529774574
3.91999999998e-05,3.91999999998e-05,0.0121529774574
-5.6540847,-5.6540847,0.0121529774574
-0.0032645,-0.0032645,0.0121529774574
-1.6968476,-1.6968476,0.0121529774574
-2.009037,-2.009037,0.0121529774574
-0.0783325,-0.0783325,0.0121529774574
-0.5574908,-0.5574908,0.0121529774574
-0.1204381,-0.1204381,0.0121529774574
-0.8989938,-0.8989938,0.0121529774574
5.26000000001e-05,5.26000000001e-05,0.0121529774574
-16.1250261,-10.0,0.0121529774574
-2.2123188,-2.2123188,0.0121529774574
-6.0841465,-6.0841465,0.0121529774574
4.3999999999e-05,4.3999999999e-05,0.0121529774574
-18.9909098,-10.0,0.0121529774574
1.6002738,1.6002738,0.0121529774574
2.0090876,2.0090876,0.0121529774574
0.9390461,0.9390461,0.0121529774574
1.9705736,1.9705736,0.0121529774574
2.0090762,2.0090762,0.0121529774574
-3.6450477,-3.6450477,0.0121529774574
2.0057725,2.0057725,0.0121529774574
0.3121894,0.3121894,0.0121529774574
2.009037,2.009037,0.0121529774574
1.9307045,1.9307045,0.0121529774574
1.4515462,1.4515462,0.0121529774574
1.8885989,1.8885989,0.0121529774574
1.1100432,1.1100432,0.0121529774574
2.0090896,2.0090896,0.0121529774574
-14.1159891,-10.0,0.0121529774574
-0.2032818,-0.2032818,0.0121529774574
-4.0751095,-4.0751095,0.0121529774574
2.009081,2.009081,0.0121529774574
-20.9216143,-10.0,0.0121529774574
-0.3304307,-0.3304307,0.0121529774574
0.0783831,0.0783831,0.0121529774574
-0.9916584,-0.9916584,0.0121529774574
0.0398691,0.0398691,0.0121529774574
0.0783717,0.0783717,0.0121529774574
-5.5757522,-5.5757522,0.0121529774574
0.075068,0.075068,0.0121529774574
-1.6185151,-1.6185151,0.0121529774574
0.0783325,0.0783325,0.0121529774574
-1.9307045,-1.9307045,0.0121529774574
-0.4791583,-0.4791583,0.0121529774574
-0.0421056,-0.0421056,0.0121529774574
-0.8206613,-0.8206613,0.0121529774574
0.0783851,0.0783851,0.0121529774574
-16.0466936,-10.0,0.0121529774574
-2.1339863,-2.1339863,0.0121529774574
-6.005814,-6.005814,0.0121529774574
0.0783765,0.0783765,0.0121529774574
-20.442456,-10.0,0.0121529774574
0.1487276,0.1487276,0.0121529774574
0.5575414,0.5575414,0.0121529774574
-0.5125001,-0.5125001,0.0121529774574
0.5190274,0.5190274,0.0121529774574
0.55753,0.55753,0.0121529774574
-5.0965939,-5.0965939,0.0121529774574
0.5542263,0.5542263,0.0121529774574
-1.1393568,-1.1393568,0.0121529774574
0.5574908,0.5574908,0.0121529774574
-1.4515462,-1.4515462,0.0121529774574
0.4791583,0.4791583,0.0121529774574
0.4370527,0.4370527,0.0121529774574
-0.341503,-0.341503,0.0121529774574
0.5575434,0.5575434,0.0121529774574
-15.5675353,-10.0,0.0121529774574
-1.654828,-1.654828,0.0121529774574
-5.5266557,-5.5266557,0.0121529774574
0.5575348,0.5575348,0.0121529774574
-20.8795087,-10.0,0.0121529774574
-0.2883251,-0.2883251,0.0121529774574
0.1204887,0.1204887,0.0121529774574
-0.9495528,-0.9495528,0.0121529774574
0.0819747,0.0819747,0.0121529774574
0.1204773,0.1204773,0.0121529774574
-5.5336466,-5.5336466,0.0121529774574
0.1171736,0.1171736,0.0121529774574
-1.5764095,-1.5764095,0.0121529774574
0.1204381,0.1204381,0.0121529774574
-1.8885989,-1.8885989,0.0121529774574
0.0421056,0.0421056,0.0121529774574
-0.4370527,-0.4370527,0.0121529774574
-0.7785557,-0.7785557,0.0121529774574
0.1204907,0.1204907,0.0121529774574
-16.004588,-10.0,0.0121529774574
-2.0918807,-2.0918807,0.0121529774574
-5.9637084,-5.9637084,0.0121529774574
0.1204821,0.1204821,0.0121529774574
-20.100953,-10.0,0.0121529774574
0.4902306,0.4902306,0.0121529774574
0.8990444,0.8990444,0.0121529774574
-0.1709971,-0.1709971,0.0121529774574
0.8605304,0.8605304,0.0121529774574
0.899033,0.899033,0.0121529774574
-4.7550909,-4.7550909,0.0121529774574
0.8957293,0.8957293,0.0121529774574
-0.7978538,-0.7978538,0.0121529774574
0.8989938,0.8989938,0.0121529774574
-1.1100432,-1.1100432,0.0121529774574
0.8206613,0.8206613,0.0121529774574
0.341503,0.341503,0.0121529774574
0.7785557,0.7785557,0.0121529774574
0.8990464,0.8990464,0.0121529774574
-15.2260323,-10.0,0.0121529774574
-1.313325,-1.313325,0.0121529774574
-5.1851527,-5.1851527,0.0121529774574
0.8990378,0.8990378,0.0121529774574
-20.9999994,-10.0,0.0121529774574
-0.4088158,-0.4088158,0.0121529774574
-1.9999999985e-06,-1.9999999985e-06,0.0121529774574
-1.0700435,-1.0700435,0.0121529774574
-0.038516,-0.038516,0.0121529774574
-1.34000000003e-05,-1.34000000003e-05,0.0121529774574
-5.6541373,-5.6541373,0.0121529774574
-0.0033171,-0.0033171,0.0121529774574
-1.6969002,-1.6969002,0.0121529774574
-5.26000000001e-05,-5.26000000001e-05,0.0121529774574
-2.0090896,-2.0090896,0.0121529774574
-0.0783851,-0.0783851,0.0121529774574
-0.5575434,-0.5575434,0.0121529774574
-0.1204907,-0.1204907,0.0121529774574
-0.8990464,-0.8990464,0.0121529774574
-16.1250787,-10.0,0.0121529774574
-2.2123714,-2.2123714,0.0121529774574
-6.0841991,-6.0841991,0.0121529774574
-8.60000000102e-06,-8.60000000102e-06,0.0121529774574
-4.8749207,-4.8749207,0.0121529774574
15.7162629,10.0,0.0121529774574
16.1250767,10.0,0.0121529774574
15.0550352,10.0,0.0121529774574
16.0865627,10.0,0.0121529774574
16.1250653,10.0,0.0121529774574
10.4709414,10.0,0.0121529774574
16.1217616,10.0,0.0121529774574
14.4281785,10.0,0.0121529774574
16.1250261,10.0,0.0121529774574
14.1159891,10.0,0.0121529774574
16.0466936,10.0,0.0121529774574
15.5675353,10.0,0.0121529774574
16.004588,10.0,0.0121529774574
15.2260323,10.0,0.0121529774574
16.1250787,10.0,0.0121529774574
13.9127073,10.0,0.0121529774574
10.0408796,10.0,0.0121529774574
16.1250701,10.0,0.0121529774574
-18.787628,-10.0,0.0121529774574
1.8035556,1.8035556,0.0121529774574
2.2123694,2.2123694,0.0121529774574
1.1423279,1.1423279,0.0121529774574
2.1738554,2.1738554,0.0121529774574
2.212358,2.212358,0.0121529774574
-3.4417659,-3.4417659,0.0121529774574
2.2090543,2.2090543,0.0121529774574
0.5154712,0.5154712,0.0121529774574
2.2123188,2.2123188,0.0121529774574
0.2032818,0.2032818,0.0121529774574
2.1339863,2.1339863,0.0121529774574
1.654828,1.654828,0.0121529774574
2.0918807,2.0918807,0.0121529774574
1.313325,1.313325,0.0121529774574
2.2123714,2.2123714,0.0121529774574
-13.9127073,-10.0,0.0121529774574
-3.8718277,-3.8718277,0.0121529774574
2.2123628,2.2123628,0.0121529774574
-14.9158003,-10.0,0.0121529774574
5.6753833,5.6753833,0.0121529774574
6.0841971,6.0841971,0.0121529774574
5.0141556,5.0141556,0.0121529774574
6.0456831,6.0456831,0.0121529774574
6.0841857,6.0841857,0.0121529774574
0.4300618,0.4300618,0.0121529774574
6.080882,6.080882,0.0121529774574
4.3872989,4.3872989,0.0121529774574
6.0841465,6.0841465,0.0121529774574
4.0751095,4.0751095,0.0121529774574
6.005814,6.005814,0.0121529774574
5.5266557,5.5266557,0.0121529774574
5.9637084,5.9637084,0.0121529774574
5.1851527,5.1851527,0.0121529774574
6.0841991,6.0841991,0.0121529774574
-10.0408796,-10.0,0.0121529774574
3.8718277,3.8718277,0.0121529774574
6.0841905,6.0841905,0.0121529774574
-20.9999908,-10.0,0.0121529774574
-0.4088072,-0.4088072,0.0121529774574
6.60000000252e-06,6.60000000252e-06,0.0121529774574
-1.0700349,-1.0700349,0.0121529774574
-0.0385074,-0.0385074,0.0121529774574
-4.79999999925e-06,-4.79999999925e-06,0.0121529774574
-5.6541287,-5.6541287,0.0121529774574
-0.0033085,-0.0033085,0.0121529774574
-1.6968916,-1.6968916,0.0121529774574
-4.3999999999e-05,-4.3999999999e-05,0.0121529774574
-2.009081,-2.009081,0.0121529774574
-0.0783765,-0.0783765,0.0121529774574
-0.5575348,-0.5575348,0.0121529774574
-0.1204821,-0.1204821,0.0121529774574
-0.8990378,-0.8990378,0.0121529774574
8.60000000102e-06,8.60000000102e-06,0.0121529774574
-16.1250701,-10.0,0.0121529774574
-2.2123628,-2.2123628,0.0121529774574
-6.0841905,-6.0841905,0.0121529774574
15.3060987,10.0,0.00679326084249
15.3132465,10.0,0.00679326084249
15.1248302,10.0,0.00679326084249
10.6382079,10.0,0.00679326084249
-5.6867531,-5.6867531,0.00679326084249
11.9166972,10.0,0.00679326084249
12.5423409,10.0,0.00679326084249
15.3132423,10.0,0.00679326084249
13.8988856,10.0,0.00679326084249
11.7149635,10.0,0.00679326084249
14.4211768,10.0,0.00679326084249
15.2885306,10.0,0.00679326084249
8.8896432,8.8896432,0.00679326084249
15.2857103,10.0,0.00679326084249
15.3132384,10.0,0.00679326084249
14.7758514,10.0,0.00679326084249
15.2997892,10.0,0.00679326084249
15.3000784,10.0,0.00679326084249
15.0559801,10.0,0.00679326084249
-15.3060987,-10.0,0.00679326084249
0.0071478,0.0071478,0.00679326084249
-0.1812685,-0.1812685,0.00679326084249
-4.6678908,-4.6678908,0.00679326084249
-20.9928518,-10.0,0.00679326084249
-3.3894015,-3.3894015,0.00679326084249
-2.7637578,-2.7637578,0.00679326084249
0.0071436,0.0071436,0.00679326084249
-1.4072131,-1.4072131,0.00679326084249
-3.5911352,-3.5911352,0.00679326084249
-0.8849219,-0.8849219,0.00679326084249
-0.0175681,-0.0175681,0.00679326084249
-6.4164555,-6.4164555,0.00679326084249
-0.0203884,-0.0203884,0.00679326084249
0.0071397,0.0071397,0.00679326084249
-0.5302473,-0.5302473,0.00679326084249
-0.0063095,-0.0063095,0.00679326084249
-0.0060203,-0.0060203,0.00679326084249
-0.2501186,-0.2501186,0.00679326084249
-15.3132465,-10.0,0.00679326084249
-0.0071478,-0.0071478,0.00679326084249
-0.1884163,-0.1884163,0.00679326084249
-4.6750386,-4.6750386,0.00679326084249
-20.9999996,-10.0,0.00679326084249
-3.3965493,-3.3965493,0.00679326084249
-2.7709056,-2.7709056,0.00679326084249
-4.19999999934e-06,-4.19999999934e-06,0.00679326084249
-1.4143609,-1.4143609,0.00679326084249
-3.598283,-3.598283,0.00679326084249
-0.8920697,-0.8920697,0.00679326084249
-0.0247159,-0.0247159,0.00679326084249
-6.4236033,-6.4236033,0.00679326084249
-0.0275362,-0.0275362,0.00679326084249
-8.09999999873e-06,-8.09999999873e-06,0.00679326084249
-0.5373951,-0.5373951,0.00679326084249
-0.0134573,-0.0134573,0.00679326084249
-0.0131681,-0.0131681,0.00679326084249
-0.2572664,-0.2572664,0.00679326084249
-15.1248302,-10.0,0.00679326084249
0.1812685,0.1812685,0.00679326084249
0.1884163,0.1884163,0.00679326084249
-4.4866223,-4.4866223,0.00679326084249
-20.8115833,-10.0,0.00679326084249
-3.208133,-3.208133,0.00679326084249
-2.5824893,-2.5824893,0.00679326084249
0.1884121,0.1884121,0.00679326084249
-1.2259446,-1.2259446,0.00679326084249
-3.4098667,-3.4098667,0.00679326084249
-0.7036534,-0.7036534,0.00679326084249
0.1637004,0.1637004,0.00679326084249
-6.235187,-6.235187,0.00679326084249
0.1608801,0.1608801,0.00679326084249
0.1884082,0.1884082,0.00679326084249
-0.3489788,-0.3489788,0.00679326084249
0.174959,0.174959,0.00679326084249
0.1752482,0.1752482,0.00679326084249
-0.0688501,-0.0688501,0.00679326084249
-10.6382079,-10.0,0.00679326084249
4.6678908,4.6678908,0.00679326084249
4.6750386,4.6750386,0.00679326084249
4.4866223,4.4866223,0.00679326084249
-16.324961,-10.0,0.00679326084249
1.2784893,1.2784893,0.00679326084249
1.904133,1.904133,0.00679326084249
4.6750344,4.6750344,0.00679326084249
3.2606777,3.2606777,0.00679326084249
1.0767556,1.0767556,0.00679326084249
3.7829689,3.7829689,0.00679326084249
4.6503227,4.6503227,0.00679326084249
-1.7485647,-1.7485647,0.00679326084249
4.6475024,4.6475024,0.00679326084249
4.6750305,4.6750305,0.00679326084249
4.1376435,4.1376435,0.00679326084249
4.6615813,4.6615813,0.00679326084249
4.6618705,4.6618705,0.00679326084249
4.4177722,4.4177722,0.00679326084249
5.6867531,5.6867531,0.00679326084249
20.9928518,10.0,0.00679326084249
20.9999996,10.0,0.00679326084249
20.8115833,10.0,0.00679326084249
16.324961,10.0,0.00679326084249
17.6034503,10.0,0.00679326084249
18.229094,10.0,0.00679326084249
20.9999954,10.0,0.00679326084249
19.5856387,10.0,0.00679326084249
17.4017166,10.0,0.00679326084249
20.1079299,10.0,0.00679326084249
20.9752837,10.0,0.00679326084249
14.5763963,10.0,0.00679326084249
20.9724634,10.0,0.00679326084249
20.9999915,10.0,0.00679326084249
20.4626045,10.0,0.00679326084249
20.9865423,10.0,0.00679326084249
20.9868315,10.0,0.00679326084249
20.7427332,10.0,0.00679326084249
-11.9166972,-10.0,0.00679326084249
3.3894015,3.3894015,0.00679326084249
3.3965493,3.3965493,0.00679326084249
3.208133,3.208133,0.00679326084249
-1.2784893,-1.2784893,0.00679326084249
-17.6034503,-10.0,0.00679326084249
0.6256437,0.6256437,0.00679326084249
3.3965451,3.3965451,0.00679326084249
1.9821884,1.9821884,0.00679326084249
-0.2017337,-0.2017337,0.00679326084249
2.5044796,2.5044796,0.00679326084249
3.3718334,3.3718334,0.00679326084249
-3.027054,-3.027054,0.00679326084249
3.3690131,3.3690131,0.00679326084249
3.3965412,3.3965412,0.00679326084249
2.8591542,2.8591542,0.00679326084249
3.383092,3.383092,0.00679326084249
3.3833812,3.3833812,0.00679326084249
3.1392829,3.1392829,0.00679326084249
-12.5423409,-10.0,0.00679326084249
2.7637578,2.7637578,0.00679326084249
2.7709056,2.7709056,0.00679326084249
2.5824893,2.5824893,0.00679326084249
-1.904133,-1.904133,0.00679326084249
-18.229094,-10.0,0.00679326084249
-0.6256437,-0.6256437,0.00679326084249
2.7709014,2.7709014,0.00679326084249
1.3565447,1.3565447,0.00679326084249
-0.8273774,-0.8273774,0.00679326084249
1.8788359,1.8788359,0.00679326084249
2.7461897,2.7461897,0.00679326084249
-3.6526977,-3.6526977,0.00679326084249
2.7433694,2.7433694,0.00679326084249
2.7708975,2.7708975,0.00679326084249
2.2335105,2.2335105,0.00679326084249
2.7574483,2.7574483,0.00679326084249
2.7577375,2.7577375,0.00679326084249
2.5136392,2.5136392,0.00679326084249
-15.3132423,-10.0,0.00679326084249
-0.0071436,-0.0071436,0.00679326084249
4.19999999934e-06,4.19999999934e-06,0.00679326084249
-0.1884121,-0.1884121,0.00679326084249
-4.6750344,-4.6750344,0.00679326084249
-20.9999954,-10.0,0.00679326084249
-3.3965451,-3.3965451,0.00679326084249
-2.7709014,-2.7709014,0.00679326084249
-1.4143567,-1.4143567,0.00679326084249
-3.5982788,-3.5982788,0.00679326084249
-0.8920655,-0.8920655,0.00679326084249
-0.0247117,-0.0247117,0.00679326084249
-6.4235991,-6.4235991,0.00679326084249
-0.027532,-0.027532,0.00679326084249
-3.89999999939e-06,-3.89999999939e-06,0.00679326084249
-0.5373909,-0.5373909,0.00679326084249
-0.0134531,-0.0134531,0.00679326084249
-0.0131639,-0.0131639,0.00679326084249
-0.2572622,-0.2572622,0.00679326084249
-13.8988856,-10.0,0.00679326084249
1.4072131,1.4072131,0.00679326084249
1.4143609,1.4143609,0.00679326084249
1.2259446,1.2259446,0.00679326084249
-3.2606777,-3.2606777,0.00679326084249
-19.5856387,-10.0,0.00679326084249
-1.9821884,-1.9821884,0.00679326084249
-1.3565447,-1.3565447,0.00679326084249
1.4143567,1.4143567,0.00679326084249
-2.1839221,-2.1839221,0.00679326084249
0.5222912,0.5222912,0.00679326084249
1.389645,1.389645,0.00679326084249
-5.0092424,-5.0092424,0.00679326084249
1.3868247,1.3868247,0.00679326084249
1.4143528,1.4143528,0.00679326084249
0.8769658,0.8769658,0.00679326084249
1.4009036,1.4009036,0.00679326084249
1.4011928,1.4011928,0.00679326084249
1.1570945,1.1570945,0.00679326084249
-11.7149635,-10.0,0.00679326084249
3.5911352,3.5911352,0.00679326084249
3.598283,3.598283,0.00679326084249
3.4098667,3.4098667,0.00679326084249
-1.0767556,-1.0767556,0.00679326084249
-17.4017166,-10.0,0.00679326084249
0.2017337,0.2017337,0.00679326084249
0.8273774,0.8273774,0.00679326084249
3.5982788,3.5982788,0.00679326084249
2.1839221,2.1839221,0.00679326084249
2.7062133,2.7062133,0.00679326084249
3.5735671,3.5735671,0.00679326084249
-2.8253203,-2.8253203,0.00679326084249
3.5707468,3.5707468,0.00679326084249
3.5982749,3.5982749,0.00679326084249
3.0608879,3.0608879,0.00679326084249
3.5848257,3.5848257,0.00679326084249
3.5851149,3.5851149,0.00679326084249
3.3410166,3.3410166,0.00679326084249
-14.4211768,-10.0,0.00679326084249
0.8849219,0.8849219,0.00679326084249
0.8920697,0.8920697,0.00679326084249
0.7036534,0.7036534,0.00679326084249
-3.7829689,-3.7829689,0.00679326084249
-20.1079299,-10.0,0.00679326084249
-2.5044796,-2.5044796,0.00679326084249
-1.8788359,-1.8788359,0.00679326084249
0.8920655,0.8920655,0.00679326084249
-0.5222912,-0.5222912,0.00679326084249
-2.7062133,-2.7062133,0.00679326084249
0.8673538,0.8673538,0.00679326084249
-5.5315336,-5.5315336,0.00679326084249
0.8645335,0.8645335,0.00679326084249
0.8920616,0.8920616,0.00679326084249
0.3546746,0.3546746,0.00679326084249
0.8786124,0.8786124,0.00679326084249
0.8789016,0.8789016,0.00679326084249
0.6348033,0.6348033,0.00679326084249
-15.2885306,-10.0,0.00679326084249
0.0175681,0.0175681,0.00679326084249
0.0247159,0.0247159,0.00679326084249
-0.1637004,-0.1637004,0.00679326084249
-4.6503227,-4.6503227,0.00679326084249
-20.9752837,-10.0,0.00679326084249
-3.3718334,-3.3718334,0.00679326084249
-2.7461897,-2.7461897,0.00679326084249
0.0247117,0.0247117,0.00679326084249
-1.389645,-1.389645,0.00679326084249
-3.5735671,-3.5735671,0.00679326084249
-0.8673538,-0.8673538,0.00679326084249
-6.3988874,-6.3988874,0.00679326084249
-0.0028203,-0.0028203,0.00679326084249
0.0247078,0.0247078,0.00679326084249
-0.5126792,-0.5126792,0.00679326084249
0.0112586,0.0112586,0.00679326084249
0.0115478,0.0115478,0.00679326084249
-0.2325505,-0.2325505,0.00679326084249
-8.8896432,-8.8896432,0.00679326084249
6.4164555,6.4164555,0.00679326084249
6.4236033,6.4236033,0.00679326084249
6.235187,6.235187,0.00679326084249
1.7485647,1.7485647,0.00679326084249
-14.5763963,-10.0,0.00679326084249
3.027054,3.027054,0.00679326084249
3.6526977,3.6526977,0.00679326084249
6.4235991,6.4235991,0.00679326084249
5.0092424,5.0092424,0.00679326084249
2.8253203,2.8253203,0.00679326084249
5.5315336,5.5315336,0.00679326084249
6.3988874,6.3988874,0.00679326084249
6.3960671,6.3960671,0.00679326084249
6.4235952,6.4235952,0.00679326084249
5.8862082,5.8862082,0.00679326084249
6.410146,6.410146,0.00679326084249
6.4104352,6.4104352,0.00679326084249
6.1663369,6.1663369,0.00679326084249
-15.2857103,-10.0,0.00679326084249
0.0203884,0.0203884,0.00679326084249
0.0275362,0.0275362,0.00679326084249
-0.1608801,-0.1608801,0.00679326084249
-4.6475024,-4.6475024,0.00679326084249
-20.9724634,-10.0,0.00679326084249
-3.3690131,-3.3690131,0.00679326084249
-2.7433694,-2.7433694,0.00679326084249
0.027532,0.027532,0.00679326084249
-1.3868247,-1.3868247,0.00679326084249
-3.5707468,-3.5707468,0.00679326084249
-0.8645335,-0.8645335,0.00679326084249
0.0028203,0.0028203,0.00679326084249
-6.3960671,-6.3960671,0.00679326084249
0.0275281,0.0275281,0.00679326084249
-0.5098589,-0.5098589,0.00679326084249
0.0140789,0.0140789,0.00679326084249
0.0143681,0.0143681,0.00679326084249
-0.2297302,-0.2297302,0.00679326084249
-15.3132384,-10.0,0.00679326084249
-0.0071397,-0.0071397,0.00679326084249
8.09999999873e-06,8.09999999873e-06,0.00679326084249
-0.1884082,-0.1884082,0.00679326084249
-4.6750305,-4.6750305,0.00679326084249
-20.9999915,-10.0,0.00679326084249
-3.3965412,-3.3965412,0.00679326084249
-2.7708975,-2.7708975,0.00679326084249
3.89999999939e-06,3.89999999939e-06,0.00679326084249
-1.4143528,-1.4143528,0.00679326084249
-3.5982749,-3.5982749,0.00679326084249
-0.8920616,-0.8920616,0.00679326084249
-0.0247078,-0.0247078,0.00679326084249
-6.4235952,-6.4235952,0.00679326084249
-0.0275281,-0.0275281,0.00679326084249
-0.537387,-0.537387,0.00679326084249
-0.0134492,-0.0134492,0.00679326084249
-0.01316,-0.01316,0.00679326084249
-0.2572583,-0.2572583,0.00679326084249
-14.7758514,-10.0,0.00679326084249
0.5302473,0.5302473,0.00679326084249
0.5373951,0.5373951,0.00679326084249
0.3489788,0.3489788,0.00679326084249
-4.1376435,-4.1376435,0.00679326084249
-20.4626045,-10.0,0.00679326084249
-2.8591542,-2.8591542,0.00679326084249
-2.2335105,-2.2335105,0.00679326084249
0.5373909,0.5373909,0.00679326084249
-0.8769658,-0.8769658,0.00679326084249
-3.0608879,-3.0608879,0.00679326084249
-0.3546746,-0.3546746,0.00679326084249
0.5126792,0.5126792,0.00679326084249
-5.8862082,-5.8862082,0.00679326084249
0.5098589,0.5098589,0.00679326084249
0.537387,0.537387,0.00679326084249
0.5239378,0.5239378,0.00679326084249
0.524227,0.524227,0.00679326084249
0.2801287,0.2801287,0.00679326084249
-15.2997892,-10.0,0.00679326084249
0.0063095,0.0063095,0.00679326084249
0.0134573,0.0134573,0.00679326084249
-0.174959,-0.174959,0.00679326084249
-4.6615813,-4.6615813,0.00679326084249
-20.9865423,-10.0,0.00679326084249
-3.383092,-3.383092,0.00679326084249
-2.7574483,-2.7574483,0.00679326084249
0.0134531,0.0134531,0.00679326084249
-1.4009036,-1.4009036,0.00679326084249
-3.5848257,-3.5848257,0.00679326084249
-0.8786124,-0.8786124,0.00679326084249
-0.0112586,-0.0112586,0.00679326084249
-6.410146,-6.410146,0.00679326084249
-0.0140789,-0.0140789,0.00679326084249
0.0134492,0.0134492,0.00679326084249
-0.5239378,-0.5239378,0.00679326084249
0.000289200000001,0.000289200000001,0.00679326084249
-0.2438091,-0.2438091,0.00679326084249
-15.3000784,-10.0,0.00679326084249
0.0060203,0.0060203,0.00679326084249
0.0131681,0.0131681,0.00679326084249
-0.1752482,-0.1752482,0.00679326084249
-4.6618705,-4.6618705,0.00679326084249
-20.9868315,-10.0,0.00679326084249
-3.3833812,-3.3833812,0.00679326084249
-2.7577375,-2.7577375,0.00679326084249
0.0131639,0.0131639,0.00679326084249
-1.4011928,-1.4011928,0.00679326084249
-3.5851149,-3.5851149,0.00679326084249
-0.8789016,-0.8789016,0.00679326084249
-0.0115478,-0.0115478,0.00679326084249
-6.4104352,-6.4104352,0.00679326084249
-0.0143681,-0.0143681,0.00679326084249
0.01316,0.01316,0.00679326084249
-0.524227,-0.524227,0.00679326084249
-0.000289200000001,-0.000289200000001,0.00679326084249
-0.2440983,-0.2440983,0.00679326084249
-15.0559801,-10.0,0.00679326084249
0.2501186,0.2501186,0.00679326084249
0.2572664,0.2572664,0.00679326084249
0.0688501,0.0688501,0.00679326084249
-4.4177722,-4.4177722,0.00679326084249
-20.7427332,-10.0,0.00679326084249
-3.1392829,-3.1392829,0.00679326084249
-2.5136392,-2.5136392,0.00679326084249
0.2572622,0.2572622,0.00679326084249
-1.1570945,-1.1570945,0.00679326084249
-3.3410166,-3.3410166,0.00679326084249
-0.6348033,-0.6348033,0.00679326084249
0.2325505,0.2325505,0.00679326084249
-6.1663369,-6.1663369,0.00679326084249
0.2297302,0.2297302,0.00679326084249
0.2572583,0.2572583,0.00679326084249
-0.2801287,-0.2801287,0.00679326084249
0.2438091,0.2438091,0.00679326084249
0.2440983,0.2440983,0.00679326084249
1.8172965,1.8172965,0.186487064895
1.2844873,1.2844873,0.186487064895
-3.4895254,-3.4895254,0.186487064895
-12.562643,-10.0,0.186487064895
-0.8656618,-0.8656618,0.186487064895
1.8172962,1.8172962,0.186487064895
-17.5604972,-10.0,0.186487064895
-2.2138693,-2.2138693,0.186487064895
-19.1827035,-10.0,0.186487064895
-16.4206508,-10.0,0.186487064895
-18.6116525,-10.0,0.186487064895
1.6409757,1.6409757,0.186487064895
-17.2262585,-10.0,0.186487064895
-2.3237396,-2.3237396,0.186487064895
-14.1065886,-10.0,0.186487064895
-14.6420193,-10.0,0.186487064895
-15.0279231,-10.0,0.186487064895
-3.4579452,-3.4579452,0.186487064895
-0.9663845,-0.9663845,0.186487064895
-1.8172965,-1.8172965,0.186487064895
-0.5328092,-0.5328092,0.186487064895
-5.3068219,-5.3068219,0.186487064895
-14.3799395,-10.0,0.186487064895
-2.6829583,-2.6829583,0.186487064895
-2.99999999953e-07,-2.99999999953e-07,0.186487064895
-19.3777937,-10.0,0.186487064895
-4.0311658,-4.0311658,0.186487064895
-21.0,-10.0,0.186487064895
-18.2379473,-10.0,0.186487064895
-20.428949,-10.0,0.186487064895
-0.1763208,-0.1763208,0.186487064895
-19.043555,-10.0,0.186487064895
-4.1410361,-4.1410361,0.186487064895
-15.9238851,-10.0,0.186487064895
-16.4593158,-10.0,0.186487064895
-16.8452196,-10.0,0.186487064895
-5.2752417,-5.2752417,0.186487064895
-2.783681,-2.783681,0.186487064895
-1.2844873,-1.2844873,0.186487064895
0.5328092,0.5328092,0.186487064895
-4.7740127,-4.7740127,0.186487064895
-13.8471303,-10.0,0.186487064895
-2.1501491,-2.1501491,0.186487064895
0.5328089,0.5328089,0.186487064895
-18.8449845,-10.0,0.186487064895
-3.4983566,-3.4983566,0.186487064895
-20.4671908,-10.0,0.186487064895
-17.7051381,-10.0,0.186487064895
-19.8961398,-10.0,0.186487064895
0.3564884,0.3564884,0.186487064895
-18.5107458,-10.0,0.186487064895
-3.6082269,-3.6082269,0.186487064895
-15.3910759,-10.0,0.186487064895
-15.9265066,-10.0,0.186487064895
-16.3124104,-10.0,0.186487064895
-4.7424325,-4.7424325,0.186487064895
-2.2508718,-2.2508718,0.186487064895
3.4895254,3.4895254,0.186487064895
5.3068219,5.3068219,0.186487064895
4.7740127,4.7740127,0.186487064895
-9.0731176,-9.0731176,0.186487064895
2.6238636,2.6238636,0.186487064895
5.3068216,5.3068216,0.186487064895
-14.0709718,-10.0,0.186487064895
1.2756561,1.2756561,0.186487064895
-15.6931781,-10.0,0.186487064895
-12.9311254,-10.0,0.186487064895
-15.1221271,-10.0,0.186487064895
5.1305011,5.1305011,0.186487064895
-13.7367331,-10.0,0.186487064895
1.1657858,1.1657858,0.186487064895
-10.6170632,-10.0,0.186487064895
-11.1524939,-10.0,0.186487064895
-11.5383977,-10.0,0.186487064895
0.0315802,0.0315802,0.186487064895
2.5231409,2.5231409,0.186487064895
12.562643,10.0,0.186487064895
14.3799395,10.0,0.186487064895
13.8471303,10.0,0.186487064895
9.0731176,9.0731176,0.186487064895
11.6969812,10.0,0.186487064895
14.3799392,10.0,0.186487064895
-4.9978542,-4.9978542,0.186487064895
10.3487737,10.0,0.186487064895
-6.6200605,-6.6200605,0.186487064895
-3.8580078,-3.8580078,0.186487064895
-6.0490095,-6.0490095,0.186487064895
14.2036187,10.0,0.186487064895
-4.6636155,-4.6636155,0.186487064895
10.2389034,10.0,0.186487064895
-1.5439456,-1.5439456,0.186487064895
-2.0793763,-2.0793763,0.186487064895
-2.4652801,-2.4652801,0.186487064895
9.1046978,9.1046978,0.186487064895
11.5962585,10.0,0.186487064895
0.8656618,0.8656618,0.186487064895
2.6829583,2.6829583,0.186487064895
2.1501491,2.1501491,0.186487064895
-2.6238636,-2.6238636,0.186487064895
-11.6969812,-10.0,0.186487064895
2.682958,2.682958,0.186487064895
-16.6948354,-10.0,0.186487064895
-1.3482075,-1.3482075,0.186487064895
-18.3170417,-10.0,0.186487064895
-15.554989,-10.0,0.186487064895
-17.7459907,-10.0,0.186487064895
2.5066375,2.5066375,0.186487064895
-16.3605967,-10.0,0.186487064895
-1.4580778,-1.4580778,0.186487064895
-13.2409268,-10.0,0.186487064895
-13.7763575,-10.0,0.186487064895
-14.1622613,-10.0,0.186487064895
-2.5922834,-2.5922834,0.186487064895
-0.1007227,-0.1007227,0.186487064895
-1.8172962,-1.8172962,0.186487064895
2.99999999953e-07,2.99999999953e-07,0.186487064895
-0.5328089,-0.5328089,0.186487064895
-5.3068216,-5.3068216,0.186487064895
-14.3799392,-10.0,0.186487064895
-2.682958,-2.682958,0.186487064895
-19.3777934,-10.0,0.186487064895
-4.0311655,-4.0311655,0.186487064895
-20.9999997,-10.0,0.186487064895
-18.237947,-10.0,0.186487064895
-20.4289487,-10.0,0.186487064895
-0.1763205,-0.1763205,0.186487064895
-19.0435547,-10.0,0.186487064895
-4.1410358,-4.1410358,0.186487064895
-15.9238848,-10.0,0.186487064895
-16.4593155,-10.0,0.186487064895
-16.8452193,-10.0,0.186487064895
-5.2752414,-5.2752414,0.186487064895
-2.7836807,-2.7836807,0.186487064895
17.5604972,10.0,0.186487064895
19.3777937,10.0,0.186487064895
18.8449845,10.0,0.186487064895
14.0709718,10.0,0.186487064895
4.9978542,4.9978542,0.186487064895
16.6948354,10.0,0.186487064895
19.3777934,10.0,0.186487064895
15.3466279,10.0,0.186487064895
-1.6222063,-1.6222063,0.186487064895
1.1398464,1.1398464,0.186487064895
-1.0511553,-1.0511553,0.186487064895
19.2014729,10.0,0.186487064895
0.3342387,0.3342387,0.186487064895
15.2367576,10.0,0.186487064895
3.4539086,3.4539086,0.186487064895
2.9184779,2.9184779,0.186487064895
2.5325741,2.5325741,0.186487064895
14.102552,10.0,0.186487064895
16.5941127,10.0,0.186487064895
2.2138693,2.2138693,0.186487064895
4.0311658,4.0311658,0.186487064895
3.4983566,3.4983566,0.186487064895
-1.2756561,-1.2756561,0.186487064895
-10.3487737,-10.0,0.186487064895
1.3482075,1.3482075,0.186487064895
4.0311655,4.0311655,0.186487064895
-15.3466279,-10.0,0.186487064895
-16.9688342,-10.0,0.186487064895
-14.2067815,-10.0,0.186487064895
-16.3977832,-10.0,0.186487064895
3.854845,3.854845,0.186487064895
-15.0123892,-10.0,0.186487064895
-0.1098703,-0.1098703,0.186487064895
-11.8927193,-10.0,0.186487064895
-12.42815,-10.0,0.186487064895
-12.8140538,-10.0,0.186487064895
-1.2440759,-1.2440759,0.186487064895
1.2474848,1.2474848,0.186487064895
19.1827035,10.0,0.186487064895
21.0,10.0,0.186487064895
20.4671908,10.0,0.186487064895
15.6931781,10.0,0.186487064895
6.6200605,6.6200605,0.186487064895
18.3170417,10.0,0.186487064895
20.9999997,10.0,0.186487064895
1.6222063,1.6222063,0.186487064895
16.9688342,10.0,0.186487064895
2.7620527,2.7620527,0.186487064895
0.571051,0.571051,0.186487064895
20.8236792,10.0,0.186487064895
1.956445,1.956445,0.186487064895
16.8589639,10.0,0.186487064895
5.0761149,5.0761149,0.186487064895
4.5406842,4.5406842,0.186487064895
4.1547804,4.1547804,0.186487064895
15.7247583,10.0,0.186487064895
18.216319,10.0,0.186487064895
16.4206508,10.0,0.186487064895
18.2379473,10.0,0.186487064895
17.7051381,10.0,0.186487064895
12.9311254,10.0,0.186487064895
3.8580078,3.8580078,0.186487064895
15.554989,10.0,0.186487064895
18.237947,10.0,0.186487064895
-1.1398464,-1.1398464,0.186487064895
14.2067815,10.0,0.186487064895
-2.7620527,-2.7620527,0.186487064895
-2.1910017,-2.1910017,0.186487064895
18.0616265,10.0,0.186487064895
-0.8056077,-0.8056077,0.186487064895
14.0969112,10.0,0.186487064895
2.3140622,2.3140622,0.186487064895
1.7786315,1.7786315,0.186487064895
1.3927277,1.3927277,0.186487064895
12.9627056,10.0,0.186487064895
15.4542663,10.0,0.186487064895
18.6116525,10.0,0.186487064895
20.428949,10.0,0.186487064895
19.8961398,10.0,0.186487064895
15.1221271,10.0,0.186487064895
6.0490095,6.0490095,0.186487064895
17.7459907,10.0,0.186487064895
20.4289487,10.0,0.186487064895
1.0511553,1.0511553,0.186487064895
16.3977832,10.0,0.186487064895
-0.571051,-0.571051,0.186487064895
2.1910017,2.1910017,0.186487064895
20.2526282,10.0,0.186487064895
1.385394,1.385394,0.186487064895
16.2879129,10.0,0.186487064895
4.5050639,4.5050639,0.186487064895
3.9696332,3.9696332,0.186487064895
3.5837294,3.5837294,0.186487064895
15.1537073,10.0,0.186487064895
17.645268,10.0,0.186487064895
-1.6409757,-1.6409757,0.186487064895
0.1763208,0.1763208,0.186487064895
-0.3564884,-0.3564884,0.186487064895
-5.1305011,-5.1305011,0.186487064895
-14.2036187,-10.0,0.186487064895
-2.5066375,-2.5066375,0.186487064895
0.1763205,0.1763205,0.186487064895
-19.2014729,-10.0,0.186487064895
-3.854845,-3.854845,0.186487064895
-20.8236792,-10.0,0.186487064895
-18.0616265,-10.0,0.186487064895
-20.2526282,-10.0,0.186487064895
-18.8672342,-10.0,0.186487064895
-3.9647153,-3.9647153,0.186487064895
-15.7475643,-10.0,0.186487064895
-16.282995,-10.0,0.186487064895
-16.6688988,-10.0,0.186487064895
-5.0989209,-5.0989209,0.186487064895
-2.6073602,-2.6073602,0.186487064895
17.2262585,10.0,0.186487064895
19.043555,10.0,0.186487064895
18.5107458,10.0,0.186487064895
13.7367331,10.0,0.186487064895
4.6636155,4.6636155,0.186487064895
16.3605967,10.0,0.186487064895
19.0435547,10.0,0.186487064895
-0.3342387,-0.3342387,0.186487064895
15.0123892,10.0,0.186487064895
-1.956445,-1.956445,0.186487064895
0.8056077,0.8056077,0.186487064895
-1.385394,-1.385394,0.186487064895
18.8672342,10.0,0.186487064895
14.9025189,10.0,0.186487064895
3.1196699,3.1196699,0.186487064895
2.5842392,2.5842392,0.186487064895
2.1983354,2.1983354,0.186487064895
13.7683133,10.0,0.186487064895
16.259874,10.0,0.186487064895
2.3237396,2.3237396,0.186487064895
4.1410361,4.1410361,0.186487064895
3.6082269,3.6082269,0.186487064895
-1.1657858,-1.1657858,0.186487064895
-10.2389034,-10.0,0.186487064895
1.4580778,1.4580778,0.186487064895
4.1410358,4.1410358,0.186487064895
-15.2367576,-10.0,0.186487064895
0.1098703,0.1098703,0.186487064895
-16.8589639,-10.0,0.186487064895
-14.0969112,-10.0,0.186487064895
-16.2879129,-10.0,0.186487064895
3.9647153,3.9647153,0.186487064895
-14.9025189,-10.0,0.186487064895
-11.782849,-10.0,0.186487064895
-12.3182797,-10.0,0.186487064895
-12.7041835,-10.0,0.186487064895
-1.1342056,-1.1342056,0.186487064895
1.3573551,1.3573551,0.186487064895
14.1065886,10.0,0.186487064895
15.9238851,10.0,0.186487064895
15.3910759,10.0,0.186487064895
10.6170632,10.0,0.186487064895
1.5439456,1.5439456,0.186487064895
13.2409268,10.0,0.186487064895
15.9238848,10.0,0.186487064895
-3.4539086,-3.4539086,0.186487064895
11.8927193,10.0,0.186487064895
-5.0761149,-5.0761149,0.186487064895
-2.3140622,-2.3140622,0.186487064895
-4.5050639,-4.5050639,0.186487064895
15.7475643,10.0,0.186487064895
-3.1196699,-3.1196699,0.186487064895
11.782849,10.0,0.186487064895
-0.5354307,-0.5354307,0.186487064895
-0.9213345,-0.9213345,0.186487064895
10.6486434,10.0,0.186487064895
13.1402041,10.0,0.186487064895
14.6420193,10.0,0.186487064895
16.4593158,10.0,0.186487064895
15.9265066,10.0,0.186487064895
11.1524939,10.0,0.186487064895
2.0793763,2.0793763,0.186487064895
13.7763575,10.0,0.186487064895
16.4593155,10.0,0.186487064895
-2.9184779,-2.9184779,0.186487064895
12.42815,10.0,0.186487064895
-4.5406842,-4.5406842,0.186487064895
-1.7786315,-1.7786315,0.186487064895
-3.9696332,-3.9696332,0.186487064895
16.282995,10.0,0.186487064895
-2.5842392,-2.5842392,0.186487064895
12.3182797,10.0,0.186487064895
0.5354307,0.5354307,0.186487064895
-0.3859038,-0.3859038,0.186487064895
11.1840741,10.0,0.186487064895
13.6756348,10.0,0.186487064895
15.0279231,10.0,0.186487064895
16.8452196,10.0,0.186487064895
16.3124104,10.0,0.186487064895
11.5383977,10.0,0.186487064895
2.4652801,2.4652801,0.186487064895
14.1622613,10.0,0.186487064895
16.8452193,10.0,0.186487064895
-2.5325741,-2.5325741,0.186487064895
12.8140538,10.0,0.186487064895
-4.1547804,-4.1547804,0.186487064895
-1.3927277,-1.3927277,0.186487064895
-3.5837294,-3.5837294,0.186487064895
16.6688988,10.0,0.186487064895
-2.1983354,-2.1983354,0.186487064895
12.7041835,10.0,0.186487064895
0.9213345,0.9213345,0.186487064895
0.3859038,0.3859038,0.186487064895
11.5699779,10.0,0.186487064895
14.0615386,10.0,0.186487064895
3.4579452,3.4579452,0.186487064895
5.2752417,5.2752417,0.186487064895
4.7424325,4.7424325,0.186487064895
-0.0315802,-0.0315802,0.186487064895
-9.1046978,-9.1046978,0.186487064895
2.5922834,2.5922834,0.186487064895
5.2752414,5.2752414,0.186487064895
-14.102552,-10.0,0.186487064895
1.2440759,1.2440759,0.186487064895
-15.7247583,-10.0,0.186487064895
-12.9627056,-10.0,0.186487064895
-15.1537073,-10.0,0.186487064895
5.0989209,5.0989209,0.186487064895
-13.7683133,-10.0,0.186487064895
1.1342056,1.1342056,0.186487064895
-10.6486434,-10.0,0.186487064895
-11.1840741,-10.0,0.186487064895
-11.5699779,-10.0,0.186487064895
2.4915607,2.4915607,0.186487064895
0.9663845,0.9663845,0.186487064895
2.783681,2.783681,0.186487064895
2.2508718,2.2508718,0.186487064895
-2.5231409,-2.5231409,0.186487064895
-11.5962585,-10.0,0.186487064895
0.1007227,0.1007227,0.186487064895
2.7836807,2.7836807,0.186487064895
-16.5941127,-10.0,0.186487064895
-1.2474848,-1.2474848,0.186487064895
-18.216319,-10.0,0.186487064895
-15.4542663,-10.0,0.186487064895
-17.645268,-10.0,0.186487064895
2.6073602,2.6073602,0.186487064895
-16.259874,-10.0,0.186487064895
-1.3573551,-1.3573551,0.186487064895
-13.1402041,-10.0,0.186487064895
-13.6756348,-10.0,0.186487064895
-14.0615386,-10.0,0.186487064895
-2.4915607,-2.4915607,0.186487064895
0.0471092,0.0471092,0.41842917863
-2.2576417,-2.2576417,0.41842917863
0.3601885,0.3601885,0.41842917863
-19.3343561,-10.0,0.41842917863
-18.9434835,-10.0,0.41842917863
-0.2115175,-0.2115175,0.41842917863
-19.595409,-10.0,0.41842917863
-0.9623943,-0.9623943,0.41842917863
-20.4981128,-10.0,0.41842917863
-22.1341058,-10.0,0.41842917863
-0.9521192,-0.9521192,0.41842917863
0.0369813,0.0369813,0.41842917863
-0.6285698,-0.6285698,0.41842917863
-7.7678459,-7.7678459,0.41842917863
0.5018867,0.5018867,0.41842917863
-17.7903328,-10.0,0.41842917863
-19.7629235,-10.0,0.41842917863
0.4155424,0.4155424,0.41842917863
-3.5388972,-3.5388972,0.41842917863
-0.0471092,-0.0471092,0.41842917863
-2.3047509,-2.3047509,0.41842917863
0.3130793,0.3130793,0.41842917863
-19.3814653,-10.0,0.41842917863
-18.9905927,-10.0,0.41842917863
-0.2586267,-0.2586267,0.41842917863
-19.6425182,-10.0,0.41842917863
-1.0095035,-1.0095035,0.41842917863
-20.545222,-10.0,0.41842917863
-22.181215,-10.0,0.41842917863
-0.9992284,-0.9992284,0.41842917863
-0.0101279,-0.0101279,0.41842917863
-0.675679,-0.675679,0.41842917863
-7.8149551,-7.8149551,0.41842917863
0.4547775,0.4547775,0.41842917863
-17.837442,-10.0,0.41842917863
-19.8100327,-10.0,0.41842917863
0.3684332,0.3684332,0.41842917863
-3.5860064,-3.5860064,0.41842917863
2.2576417,2.2576417,0.41842917863
2.3047509,2.3047509,0.41842917863
2.6178302,2.6178302,0.41842917863
-17.0767144,-10.0,0.41842917863
-16.6858418,-10.0,0.41842917863
2.0461242,2.0461242,0.41842917863
-17.3377673,-10.0,0.41842917863
1.2952474,1.2952474,0.41842917863
-18.2404711,-10.0,0.41842917863
-19.8764641,-10.0,0.41842917863
1.3055225,1.3055225,0.41842917863
2.294623,2.294623,0.41842917863
1.6290719,1.6290719,0.41842917863
-5.5102042,-5.5102042,0.41842917863
2.7595284,2.7595284,0.41842917863
-15.5326911,-10.0,0.41842917863
-17.5052818,-10.0,0.41842917863
2.6731841,2.6731841,0.41842917863
-1.2812555,-1.2812555,0.41842917863
-0.3601885,-0.3601885,0.41842917863
-0.3130793,-0.3130793,0.41842917863
-2.6178302,-2.6178302,0.41842917863
-19.6945446,-10.0,0.41842917863
-19.303672,-10.0,0.41842917863
-0.571706,-0.571706,0.41842917863
-19.9555975,-10.0,0.41842917863
-1.3225828,-1.3225828,0.41842917863
-20.8583013,-10.0,0.41842917863
-22.4942943,-10.0,0.41842917863
-1.3123077,-1.3123077,0.41842917863
-0.3232072,-0.3232072,0.41842917863
-0.9887583,-0.9887583,0.41842917863
-8.1280344,-8.1280344,0.41842917863
0.1416982,0.1416982,0.41842917863
-18.1505213,-10.0,0.41842917863
-20.123112,-10.0,0.41842917863
0.0553539,0.0553539,0.41842917863
-3.8990857,-3.8990857,0.41842917863
19.3343561,10.0,0.41842917863
19.3814653,10.0,0.41842917863
17.0767144,10.0,0.41842917863
19.6945446,10.0,0.41842917863
0.3908726,0.3908726,0.41842917863
19.1228386,10.0,0.41842917863
-0.2610529,-0.2610529,0.41842917863
18.3719618,10.0,0.41842917863
-1.1637567,-1.1637567,0.41842917863
-2.7997497,-2.7997497,0.41842917863
18.3822369,10.0,0.41842917863
19.3713374,10.0,0.41842917863
18.7057863,10.0,0.41842917863
11.5665102,10.0,0.41842917863
19.8362428,10.0,0.41842917863
1.5440233,1.5440233,0.41842917863
-0.4285674,-0.4285674,0.41842917863
19.7498985,10.0,0.41842917863
15.7954589,10.0,0.41842917863
18.9434835,10.0,0.41842917863
18.9905927,10.0,0.41842917863
16.6858418,10.0,0.41842917863
19.303672,10.0,0.41842917863
-0.3908726,-0.3908726,0.41842917863
18.731966,10.0,0.41842917863
-0.6519255,-0.6519255,0.41842917863
17.9810892,10.0,0.41842917863
-1.5546293,-1.5546293,0.41842917863
-3.1906223,-3.1906223,0.41842917863
17.9913643,10.0,0.41842917863
18.9804648,10.0,0.41842917863
18.3149137,10.0,0.41842917863
11.1756376,10.0,0.41842917863
19.4453702,10.0,0.41842917863
1.1531507,1.1531507,0.41842917863
-0.81944,-0.81944,0.41842917863
19.3590259,10.0,0.41842917863
15.4045863,10.0,0.41842917863
0.2115175,0.2115175,0.41842917863
0.2586267,0.2586267,0.41842917863
-2.0461242,-2.0461242,0.41842917863
0.571706,0.571706,0.41842917863
-19.1228386,-10.0,0.41842917863
-18.731966,-10.0,0.41842917863
-19.3838915,-10.0,0.41842917863
-0.7508768,-0.7508768,0.41842917863
-20.2865953,-10.0,0.41842917863
-21.9225883,-10.0,0.41842917863
-0.7406017,-0.7406017,0.41842917863
0.2484988,0.2484988,0.41842917863
-0.4170523,-0.4170523,0.41842917863
-7.5563284,-7.5563284,0.41842917863
0.7134042,0.7134042,0.41842917863
-17.5788153,-10.0,0.41842917863
-19.551406,-10.0,0.41842917863
0.6270599,0.6270599,0.41842917863
-3.3273797,-3.3273797,0.41842917863
19.595409,10.0,0.41842917863
19.6425182,10.0,0.41842917863
17.3377673,10.0,0.41842917863
19.9555975,10.0,0.41842917863
0.2610529,0.2610529,0.41842917863
0.6519255,0.6519255,0.41842917863
19.3838915,10.0,0.41842917863
18.6330147,10.0,0.41842917863
-0.9027038,-0.9027038,0.41842917863
-2.5386968,-2.5386968,0.41842917863
18.6432898,10.0,0.41842917863
19.6323903,10.0,0.41842917863
18.9668392,10.0,0.41842917863
11.8275631,10.0,0.41842917863
20.0972957,10.0,0.41842917863
1.8050762,1.8050762,0.41842917863
-0.1675145,-0.1675145,0.41842917863
20.0109514,10.0,0.41842917863
16.0565118,10.0,0.41842917863
0.9623943,0.9623943,0.41842917863
1.0095035,1.0095035,0.41842917863
-1.2952474,-1.2952474,0.41842917863
1.3225828,1.3225828,0.41842917863
-18.3719618,-10.0,0.41842917863
-17.9810892,-10.0,0.41842917863
0.7508768,0.7508768,0.41842917863
-18.6330147,-10.0,0.41842917863
-19.5357185,-10.0,0.41842917863
-21.1717115,-10.0,0.41842917863
0.0102751,0.0102751,0.41842917863
0.9993756,0.9993756,0.41842917863
0.3338245,0.3338245,0.41842917863
-6.8054516,-6.8054516,0.41842917863
1.464281,1.464281,0.41842917863
-16.8279385,-10.0,0.41842917863
-18.8005292,-10.0,0.41842917863
1.3779367,1.3779367,0.41842917863
-2.5765029,-2.5765029,0.41842917863
20.4981128,10.0,0.41842917863
20.545222,10.0,0.41842917863
18.2404711,10.0,0.41842917863
20.8583013,10.0,0.41842917863
1.1637567,1.1637567,0.41842917863
1.5546293,1.5546293,0.41842917863
20.2865953,10.0,0.41842917863
0.9027038,0.9027038,0.41842917863
19.5357185,10.0,0.41842917863
-1.635993,-1.635993,0.41842917863
19.5459936,10.0,0.41842917863
20.5350941,10.0,0.41842917863
19.869543,10.0,0.41842917863
12.7302669,10.0,0.41842917863
20.9999995,10.0,0.41842917863
2.70778,2.70778,0.41842917863
0.7351893,0.7351893,0.41842917863
20.9136552,10.0,0.41842917863
16.9592156,10.0,0.41842917863
22.1341058,10.0,0.41842917863
22.181215,10.0,0.41842917863
19.8764641,10.0,0.41842917863
22.4942943,10.0,0.41842917863
2.7997497,2.7997497,0.41842917863
3.1906223,3.1906223,0.41842917863
21.9225883,10.0,0.41842917863
2.5386968,2.5386968,0.41842917863
21.1717115,10.0,0.41842917863
1.635993,1.635993,0.41842917863
21.1819866,10.0,0.41842917863
22.1710871,10.0,0.41842917863
21.505536,10.0,0.41842917863
14.3662599,10.0,0.41842917863
22.6359925,10.0,0.41842917863
4.343773,4.343773,0.41842917863
2.3711823,2.3711823,0.41842917863
22.5496482,10.0,0.41842917863
18.5952086,10.0,0.41842917863
0.9521192,0.9521192,0.41842917863
0.9992284,0.9992284,0.41842917863
-1.3055225,-1.3055225,0.41842917863
1.3123077,1.3123077,0.41842917863
-18.3822369,-10.0,0.41842917863
-17.9913643,-10.0,0.41842917863
0.7406017,0.7406017,0.41842917863
-18.6432898,-10.0,0.41842917863
-0.0102751,-0.0102751,0.41842917863
-19.5459936,-10.0,0.41842917863
-21.1819866,-10.0,0.41842917863
0.9891005,0.9891005,0.41842917863
0.3235494,0.3235494,0.41842917863
-6.8157267,-6.8157267,0.41842917863
1.4540059,1.4540059,0.41842917863
-16.8382136,-10.0,0.41842917863
-18.8108043,-10.0,0.41842917863
1.3676616,1.3676616,0.41842917863
-2.586778,-2.586778,0.41842917863
-0.0369813,-0.0369813,0.41842917863
0.0101279,0.0101279,0.41842917863
-2.294623,-2.294623,0.41842917863
0.3232072,0.3232072,0.41842917863
-19.3713374,-10.0,0.41842917863
-18.9804648,-10.0,0.41842917863
-0.2484988,-0.2484988,0.41842917863
-19.6323903,-10.0,0.41842917863
-0.9993756,-0.9993756,0.41842917863
-20.5350941,-10.0,0.41842917863
-22.1710871,-10.0,0.41842917863
-0.9891005,-0.9891005,0.41842917863
-0.6655511,-0.6655511,0.41842917863
-7.8048272,-7.8048272,0.41842917863
0.4649054,0.4649054,0.41842917863
-17.8273141,-10.0,0.41842917863
-19.7999048,-10.0,0.41842917863
0.3785611,0.3785611,0.41842917863
-3.5758785,-3.5758785,0.41842917863
0.6285698,0.6285698,0.41842917863
0.675679,0.675679,0.41842917863
-1.6290719,-1.6290719,0.41842917863
0.9887583,0.9887583,0.41842917863
-18.7057863,-10.0,0.41842917863
-18.3149137,-10.0,0.41842917863
0.4170523,0.4170523,0.41842917863
-18.9668392,-10.0,0.41842917863
-0.3338245,-0.3338245,0.41842917863
-19.869543,-10.0,0.41842917863
-21.505536,-10.0,0.41842917863
-0.3235494,-0.3235494,0.41842917863
0.6655511,0.6655511,0.41842917863
-7.1392761,-7.1392761,0.41842917863
1.1304565,1.1304565,0.41842917863
-17.161763,-10.0,0.41842917863
-19.1343537,-10.0,0.41842917863
1.0441122,1.0441122,0.41842917863
-2.9103274,-2.9103274,0.41842917863
7.7678459,7.7678459,0.41842917863
7.8149551,7.8149551,0.41842917863
5.5102042,5.5102042,0.41842917863
8.1280344,8.1280344,0.41842917863
-11.5665102,-10.0,0.41842917863
-11.1756376,-10.0,0.41842917863
7.5563284,7.5563284,0.41842917863
-11.8275631,-10.0,0.41842917863
6.8054516,6.8054516,0.41842917863
-12.7302669,-10.0,0.41842917863
-14.3662599,-10.0,0.41842917863
6.8157267,6.8157267,0.41842917863
7.8048272,7.8048272,0.41842917863
7.1392761,7.1392761,0.41842917863
8.2697326,8.2697326,0.41842917863
-10.0224869,-10.0,0.41842917863
-11.9950776,-10.0,0.41842917863
8.1833883,8.1833883,0.41842917863
4.2289487,4.2289487,0.41842917863
-0.5018867,-0.5018867,0.41842917863
-0.4547775,-0.4547775,0.41842917863
-2.7595284,-2.7595284,0.41842917863
-0.1416982,-0.1416982,0.41842917863
-19.8362428,-10.0,0.41842917863
-19.4453702,-10.0,0.41842917863
-0.7134042,-0.7134042,0.41842917863
-20.0972957,-10.0,0.41842917863
-1.464281,-1.464281,0.41842917863
-20.9999995,-10.0,0.41842917863
-22.6359925,-10.0,0.41842917863
-1.4540059,-1.4540059,0.41842917863
-0.4649054,-0.4649054,0.41842917863
-1.1304565,-1.1304565,0.41842917863
-8.2697326,-8.2697326,0.41842917863
-18.2922195,-10.0,0.41842917863
-20.2648102,-10.0,0.41842917863
-0.0863443,-0.0863443,0.41842917863
-4.0407839,-4.0407839,0.41842917863
17.7903328,10.0,0.41842917863
17.837442,10.0,0.41842917863
15.5326911,10.0,0.41842917863
18.1505213,10.0,0.41842917863
-1.5440233,-1.5440233,0.41842917863
-1.1531507,-1.1531507,0.41842917863
17.5788153,10.0,0.41842917863
-1.8050762,-1.8050762,0.41842917863
16.8279385,10.0,0.41842917863
-2.70778,-2.70778,0.41842917863
-4.343773,-4.343773,0.41842917863
16.8382136,10.0,0.41842917863
17.8273141,10.0,0.41842917863
17.161763,10.0,0.41842917863
10.0224869,10.0,0.41842917863
18.2922195,10.0,0.41842917863
-1.9725907,-1.9725907,0.41842917863
18.2058752,10.0,0.41842917863
14.2514356,10.0,0.41842917863
19.7629235,10.0,0.41842917863
19.8100327,10.0,0.41842917863
17.5052818,10.0,0.41842917863
20.123112,10.0,0.41842917863
0.4285674,0.4285674,0.41842917863
0.81944,0.81944,0.41842917863
19.551406,10.0,0.41842917863
0.1675145,0.1675145,0.41842917863
18.8005292,10.0,0.41842917863
-0.7351893,-0.7351893,0.41842917863
-2.3711823,-2.3711823,0.41842917863
18.8108043,10.0,0.41842917863
19.7999048,10.0,0.41842917863
19.1343537,10.0,0.41842917863
11.9950776,10.0,0.41842917863
20.2648102,10.0,0.41842917863
1.9725907,1.9725907,0.41842917863
20.1784659,10.0,0.41842917863
16.2240263,10.0,0.41842917863
-0.4155424,-0.4155424,0.41842917863
-0.3684332,-0.3684332,0.41842917863
-2.6731841,-2.6731841,0.41842917863
-0.0553539,-0.0553539,0.41842917863
-19.7498985,-10.0,0.41842917863
-19.3590259,-10.0,0.41842917863
-0.6270599,-0.6270599,0.41842917863
-20.0109514,-10.0,0.41842917863
-1.3779367,-1.3779367,0.41842917863
-20.9136552,-10.0,0.41842917863
-22.5496482,-10.0,0.41842917863
-1.3676616,-1.3676616,0.41842917863
-0.3785611,-0.3785611,0.41842917863
-1.0441122,-1.0441122,0.41842917863
-8.1833883,-8.1833883,0.41842917863
0.0863443,0.0863443,0.41842917863
-18.2058752,-10.0,0.41842917863
-20.1784659,-10.0,0.41842917863
-3.9544396,-3.9544396,0.41842917863
3.5388972,3.5388972,0.41842917863
3.5860064,3.5860064,0.41842917863
1.2812555,1.2812555,0.41842917863
3.8990857,3.8990857,0.41842917863
-15.7954589,-10.0,0.41842917863
-15.4045863,-10.0,0.41842917863
3.3273797,3.3273797,0.41842917863
-16.0565118,-10.0,0.41842917863
2.5765029,2.5765029,0.41842917863
-16.9592156,-10.0,0.41842917863
-18.5952086,-10.0,0.41842917863
2.586778,2.586778,0.41842917863
3.5758785,3.5758785,0.41842917863
2.9103274,2.9103274,0.41842917863
-4.2289487,-4.2289487,0.41842917863
4.0407839,4.0407839,0.41842917863
-14.2514356,-10.0,0.41842917863
-16.2240263,-10.0,0.41842917863
3.9544396,3.9544396,0.41842917863
16.6411282,10.0,0.299893076978
17.670083,10.0,0.299893076978
14.3324217,10.0,0.299893076978
16.9825989,10.0,0.299893076978
17.6700759,10.0,0.299893076978
16.5668749,10.0,0.299893076978
0.8812818,0.8812818,0.299893076978
15.195387,10.0,0.299893076978
-3.1992071,-3.1992071,0.299893076978
-2.7342224,-2.7342224,0.299893076978
16.0921133,10.0,0.299893076978
17.1839861,10.0,0.299893076978
17.233223,10.0,0.299893076978
15.4198657,10.0,0.299893076978
15.1317217,10.0,0.299893076978
17.6700836,10.0,0.299893076978
-3.3299157,-3.3299157,0.299893076978
17.6141805,10.0,0.299893076978
6.97789,6.97789,0.299893076978
-16.6411282,-10.0,0.299893076978
1.0289548,1.0289548,0.299893076978
-2.3087065,-2.3087065,0.299893076978
0.3414707,0.3414707,0.299893076978
1.0289477,1.0289477,0.299893076978
-0.0742533,-0.0742533,0.299893076978
-15.7598464,-10.0,0.299893076978
-1.4457412,-1.4457412,0.299893076978
-19.8403353,-10.0,0.299893076978
-19.3753506,-10.0,0.299893076978
-0.5490149,-0.5490149,0.299893076978
0.5428579,0.5428579,0.299893076978
0.5920948,0.5920948,0.299893076978
-1.2212625,-1.2212625,0.299893076978
-1.5094065,-1.5094065,0.299893076978
1.0289554,1.0289554,0.299893076978
-19.9710439,-10.0,0.299893076978
0.9730523,0.9730523,0.299893076978
-9.6632382,-9.6632382,0.299893076978
-17.670083,-10.0,0.299893076978
-1.0289548,-1.0289548,0.299893076978
-3.3376613,-3.3376613,0.299893076978
-0.6874841,-0.6874841,0.299893076978
-7.09999999771e-06,-7.09999999771e-06,0.299893076978
-1.1032081,-1.1032081,0.299893076978
-16.7888012,-10.0,0.299893076978
-2.474696,-2.474696,0.299893076978
-20.8692901,-10.0,0.299893076978
-20.4043054,-10.0,0.299893076978
-1.5779697,-1.5779697,0.299893076978
-0.4860969,-0.4860969,0.299893076978
-0.43686,-0.43686,0.299893076978
-2.2502173,-2.2502173,0.299893076978
-2.5383613,-2.5383613,0.299893076978
5.99999999906e-07,5.99999999906e-07,0.299893076978
-20.9999987,-10.0,0.299893076978
-0.0559025,-0.0559025,0.299893076978
-10.692193,-10.0,0.299893076978
-14.3324217,-10.0,0.299893076978
2.3087065,2.3087065,0.299893076978
3.3376613,3.3376613,0.299893076978
2.6501772,2.6501772,0.299893076978
3.3376542,3.3376542,0.299893076978
2.2344532,2.2344532,0.299893076978
-13.4511399,-10.0,0.299893076978
0.8629653,0.8629653,0.299893076978
-17.5316288,-10.0,0.299893076978
-17.0666441,-10.0,0.299893076978
1.7596916,1.7596916,0.299893076978
2.8515644,2.8515644,0.299893076978
2.9008013,2.9008013,0.299893076978
1.087444,1.087444,0.299893076978
0.7993,0.7993,0.299893076978
3.3376619,3.3376619,0.299893076978
-17.6623374,-10.0,0.299893076978
3.2817588,3.2817588,0.299893076978
-7.3545317,-7.3545317,0.299893076978
-16.9825989,-10.0,0.299893076978
-0.3414707,-0.3414707,0.299893076978
0.6874841,0.6874841,0.299893076978
-2.6501772,-2.6501772,0.299893076978
0.687477,0.687477,0.299893076978
-0.415724,-0.415724,0.299893076978
-16.1013171,-10.0,0.299893076978
-1.7872119,-1.7872119,0.299893076978
-20.181806,-10.0,0.299893076978
-19.7168213,-10.0,0.299893076978
-0.8904856,-0.8904856,0.299893076978
0.2013872,0.2013872,0.299893076978
0.2506241,0.2506241,0.299893076978
-1.5627332,-1.5627332,0.299893076978
-1.8508772,-1.8508772,0.299893076978
0.6874847,0.6874847,0.299893076978
-20.3125146,-10.0,0.299893076978
0.6315816,0.6315816,0.299893076978
-10.0047089,-10.0,0.299893076978
-17.6700759,-10.0,0.299893076978
-1.0289477,-1.0289477,0.299893076978
7.09999999771e-06,7.09999999771e-06,0.299893076978
-3.3376542,-3.3376542,0.299893076978
-0.687477,-0.687477,0.299893076978
-1.103201,-1.103201,0.299893076978
-16.7887941,-10.0,0.299893076978
-2.4746889,-2.4746889,0.299893076978
-20.869283,-10.0,0.299893076978
-20.4042983,-10.0,0.299893076978
-1.5779626,-1.5779626,0.299893076978
-0.4860898,-0.4860898,0.299893076978
-0.4368529,-0.4368529,0.299893076978
-2.2502102,-2.2502102,0.299893076978
-2.5383542,-2.5383542,0.299893076978
7.69999999761e-06,7.69999999761e-06,0.299893076978
-20.9999916,-10.0,0.299893076978
-0.0558954,-0.0558954,0.299893076978
-10.6921859,-10.0,0.299893076978
-16.5668749,-10.0,0.299893076978
0.0742533,0.0742533,0.299893076978
1.1032081,1.1032081,0.299893076978
-2.2344532,-2.2344532,0.299893076978
0.415724,0.415724,0.299893076978
1.103201,1.103201,0.299893076978
-15.6855931,-10.0,0.299893076978
-1.3714879,-1.3714879,0.299893076978
-19.766082,-10.0,0.299893076978
-19.3010973,-10.0,0.299893076978
-0.4747616,-0.4747616,0.299893076978
0.6171112,0.6171112,0.299893076978
0.6663481,0.6663481,0.299893076978
-1.1470092,-1.1470092,0.299893076978
-1.4351532,-1.4351532,0.299893076978
1.1032087,1.1032087,0.299893076978
-19.8967906,-10.0,0.299893076978
1.0473056,1.0473056,0.299893076978
-9.5889849,-9.5889849,0.299893076978
-0.8812818,-0.8812818,0.299893076978
15.7598464,10.0,0.299893076978
16.7888012,10.0,0.299893076978
13.4511399,10.0,0.299893076978
16.1013171,10.0,0.299893076978
16.7887941,10.0,0.299893076978
15.6855931,10.0,0.299893076978
14.3141052,10.0,0.299893076978
-4.0804889,-4.0804889,0.299893076978
-3.6155042,-3.6155042,0.299893076978
15.2108315,10.0,0.299893076978
16.3027043,10.0,0.299893076978
16.3519412,10.0,0.299893076978
14.5385839,10.0,0.299893076978
14.2504399,10.0,0.299893076978
16.7888018,10.0,0.299893076978
-4.2111975,-4.2111975,0.299893076978
16.7328987,10.0,0.299893076978
6.0966082,6.0966082,0.299893076978
-15.195387,-10.0,0.299893076978
1.4457412,1.4457412,0.299893076978
2.474696,2.474696,0.299893076978
-0.8629653,-0.8629653,0.299893076978
1.7872119,1.7872119,0.299893076978
2.4746889,2.4746889,0.299893076978
1.3714879,1.3714879,0.299893076978
-14.3141052,-10.0,0.299893076978
-18.3945941,-10.0,0.299893076978
-17.9296094,-10.0,0.299893076978
0.8967263,0.8967263,0.299893076978
1.9885991,1.9885991,0.299893076978
2.037836,2.037836,0.299893076978
0.2244787,0.2244787,0.299893076978
-0.0636653,-0.0636653,0.299893076978
2.4746966,2.4746966,0.299893076978
-18.5253027,-10.0,0.299893076978
2.4187935,2.4187935,0.299893076978
-8.217497,-8.217497,0.299893076978
3.1992071,3.1992071,0.299893076978
19.8403353,10.0,0.299893076978
20.8692901,10.0,0.299893076978
17.5316288,10.0,0.299893076978
20.181806,10.0,0.299893076978
20.869283,10.0,0.299893076978
19.766082,10.0,0.299893076978
4.0804889,4.0804889,0.299893076978
18.3945941,10.0,0.299893076978
0.4649847,0.4649847,0.299893076978
19.2913204,10.0,0.299893076978
20.3831932,10.0,0.299893076978
20.4324301,10.0,0.299893076978
18.6190728,10.0,0.299893076978
18.3309288,10.0,0.299893076978
20.8692907,10.0,0.299893076978
-0.1307086,-0.1307086,0.299893076978
20.8133876,10.0,0.299893076978
10.1770971,10.0,0.299893076978
2.7342224,2.7342224,0.299893076978
19.3753506,10.0,0.299893076978
20.4043054,10.0,0.299893076978
17.0666441,10.0,0.299893076978
19.7168213,10.0,0.299893076978
20.4042983,10.0,0.299893076978
19.3010973,10.0,0.299893076978
3.6155042,3.6155042,0.299893076978
17.9296094,10.0,0.299893076978
-0.4649847,-0.4649847,0.299893076978
18.8263357,10.0,0.299893076978
19.9182085,10.0,0.299893076978
19.9674454,10.0,0.299893076978
18.1540881,10.0,0.299893076978
17.8659441,10.0,0.299893076978
20.404306,10.0,0.299893076978
-0.5956933,-0.5956933,0.299893076978
20.3484029,10.0,0.299893076978
9.7121124,9.7121124,0.299893076978
-16.0921133,-10.0,0.299893076978
0.5490149,0.5490149,0.299893076978
1.5779697,1.5779697,0.299893076978
-1.7596916,-1.7596916,0.299893076978
0.8904856,0.8904856,0.299893076978
1.5779626,1.5779626,0.299893076978
0.4747616,0.4747616,0.299893076978
-15.2108315,-10.0,0.299893076978
-0.8967263,-0.8967263,0.299893076978
-19.2913204,-10.0,0.299893076978
-18.8263357,-10.0,0.299893076978
1.0918728,1.0918728,0.299893076978
1.1411097,1.1411097,0.299893076978
-0.6722476,-0.6722476,0.299893076978
-0.9603916,-0.9603916,0.299893076978
1.5779703,1.5779703,0.299893076978
-19.422029,-10.0,0.299893076978
1.5220672,1.5220672,0.299893076978
-9.1142233,-9.1142233,0.299893076978
-17.1839861,-10.0,0.299893076978
-0.5428579,-0.5428579,0.299893076978
0.4860969,0.4860969,0.299893076978
-2.8515644,-2.8515644,0.299893076978
-0.2013872,-0.2013872,0.299893076978
0.4860898,0.4860898,0.299893076978
-0.6171112,-0.6171112,0.299893076978
-16.3027043,-10.0,0.299893076978
-1.9885991,-1.9885991,0.299893076978
-20.3831932,-10.0,0.299893076978
-19.9182085,-10.0,0.299893076978
-1.0918728,-1.0918728,0.299893076978
0.0492369,0.0492369,0.299893076978
-1.7641204,-1.7641204,0.299893076978
-2.0522644,-2.0522644,0.299893076978
0.4860975,0.4860975,0.299893076978
-20.5139018,-10.0,0.299893076978
0.4301944,0.4301944,0.299893076978
-10.2060961,-10.0,0.299893076978
-17.233223,-10.0,0.299893076978
-0.5920948,-0.5920948,0.299893076978
0.43686,0.43686,0.299893076978
-2.9008013,-2.9008013,0.299893076978
-0.2506241,-0.2506241,0.299893076978
0.4368529,0.4368529,0.299893076978
-0.6663481,-0.6663481,0.299893076978
-16.3519412,-10.0,0.299893076978
-2.037836,-2.037836,0.299893076978
-20.4324301,-10.0,0.299893076978
-19.9674454,-10.0,0.299893076978
-1.1411097,-1.1411097,0.299893076978
-0.0492369,-0.0492369,0.299893076978
-1.8133573,-1.8133573,0.299893076978
-2.1015013,-2.1015013,0.299893076978
0.4368606,0.4368606,0.299893076978
-20.5631387,-10.0,0.299893076978
0.3809575,0.3809575,0.299893076978
-10.255333,-10.0,0.299893076978
-15.4198657,-10.0,0.299893076978
1.2212625,1.2212625,0.299893076978
2.2502173,2.2502173,0.299893076978
-1.087444,-1.087444,0.299893076978
1.5627332,1.5627332,0.299893076978
2.2502102,2.2502102,0.299893076978
1.1470092,1.1470092,0.299893076978
-14.5385839,-10.0,0.299893076978
-0.2244787,-0.2244787,0.299893076978
-18.6190728,-10.0,0.299893076978
-18.1540881,-10.0,0.299893076978
0.6722476,0.6722476,0.299893076978
1.7641204,1.7641204,0.299893076978
1.8133573,1.8133573,0.299893076978
-0.288144,-0.288144,0.299893076978
2.2502179,2.2502179,0.299893076978
-18.7497814,-10.0,0.299893076978
2.1943148,2.1943148,0.299893076978
-8.4419757,-8.4419757,0.299893076978
-15.1317217,-10.0,0.299893076978
1.5094065,1.5094065,0.299893076978
2.5383613,2.5383613,0.299893076978
-0.7993,-0.7993,0.299893076978
1.8508772,1.8508772,0.299893076978
2.5383542,2.5383542,0.299893076978
1.4351532,1.4351532,0.299893076978
-14.2504399,-10.0,0.299893076978
0.0636653,0.0636653,0.299893076978
-18.3309288,-10.0,0.299893076978
-17.8659441,-10.0,0.299893076978
0.9603916,0.9603916,0.299893076978
2.0522644,2.0522644,0.299893076978
2.1015013,2.1015013,0.299893076978
0.288144,0.288144,0.299893076978
2.5383619,2.5383619,0.299893076978
-18.4616374,-10.0,0.299893076978
2.4824588,2.4824588,0.299893076978
-8.1538317,-8.1538317,0.299893076978
-17.6700836,-10.0,0.299893076978
-1.0289554,-1.0289554,0.299893076978
-5.99999999906e-07,-5.99999999906e-07,0.299893076978
-3.3376619,-3.3376619,0.299893076978
-0.6874847,-0.6874847,0.299893076978
-7.69999999761e-06,-7.69999999761e-06,0.299893076978
-1.1032087,-1.1032087,0.299893076978
-16.7888018,-10.0,0.299893076978
-2.4746966,-2.4746966,0.299893076978
-20.8692907,-10.0,0.299893076978
-20.404306,-10.0,0.299893076978
-1.5779703,-1.5779703,0.299893076978
-0.4860975,-0.4860975,0.299893076978
-0.4368606,-0.4368606,0.299893076978
-2.2502179,-2.2502179,0.299893076978
-2.5383619,-2.5383619,0.299893076978
-20.9999993,-10.0,0.299893076978
-0.0559031,-0.0559031,0.299893076978
-10.6921936,-10.0,0.299893076978
3.3299157,3.3299157,0.299893076978
19.9710439,10.0,0.299893076978
20.9999987,10.0,0.299893076978
17.6623374,10.0,0.299893076978
20.3125146,10.0,0.299893076978
20.9999916,10.0,0.299893076978
19.8967906,10.0,0.299893076978
4.2111975,4.2111975,0.299893076978
18.5253027,10.0,0.299893076978
0.1307086,0.1307086,0.299893076978
0.5956933,0.5956933,0.299893076978
19.422029,10.0,0.299893076978
20.5139018,10.0,0.299893076978
20.5631387,10.0,0.299893076978
18.7497814,10.0,0.299893076978
18.4616374,10.0,0.299893076978
20.9999993,10.0,0.299893076978
20.9440962,10.0,0.299893076978
10.3078057,10.0,0.299893076978
-17.6141805,-10.0,0.299893076978
-0.9730523,-0.9730523,0.299893076978
0.0559025,0.0559025,0.299893076978
-3.2817588,-3.2817588,0.299893076978
-0.6315816,-0.6315816,0.299893076978
0.0558954,0.0558954,0.299893076978
-1.0473056,-1.0473056,0.299893076978
-16.7328987,-10.0,0.299893076978
-2.4187935,-2.4187935,0.299893076978
-20.8133876,-10.0,0.299893076978
-20.3484029,-10.0,0.299893076978
-1.5220672,-1.5220672,0.299893076978
-0.4301944,-0.4301944,0.299893076978
-0.3809575,-0.3809575,0.299893076978
-2.1943148,-2.1943148,0.299893076978
-2.4824588,-2.4824588,0.299893076978
0.0559031,0.0559031,0.299893076978
-20.9440962,-10.0,0.299893076978
-10.6362905,-10.0,0.299893076978
-6.97789,-6.97789,0.299893076978
9.6632382,9.6632382,0.299893076978
10.692193,10.0,0.299893076978
7.3545317,7.3545317,0.299893076978
10.0047089,10.0,0.299893076978
10.6921859,10.0,0.299893076978
9.5889849,9.5889849,0.299893076978
-6.0966082,-6.0966082,0.299893076978
8.217497,8.217497,0.299893076978
-10.1770971,-10.0,0.299893076978
-9.7121124,-9.7121124,0.299893076978
9.1142233,9.1142233,0.299893076978
10.2060961,10.0,0.299893076978
10.255333,10.0,0.299893076978
8.4419757,8.4419757,0.299893076978
8.1538317,8.1538317,0.299893076978
10.6921936,10.0,0.299893076978
-10.3078057,-10.0,0.299893076978
10.6362905,10.0,0.299893076978
-0.8282859,-0.8282859,0.218928534167
-20.5016655,-10.0,0.218928534167
-18.7898533,-10.0,0.218928534167
0.4367072,0.4367072,0.218928534167
-16.8106898,-10.0,0.218928534167
-0.3264853,-0.3264853,0.218928534167
0.4791193,0.4791193,0.218928534167
0.3703874,0.3703874,0.218928534167
-1.9677274,-1.9677274,0.218928534167
-1.4422083,-1.4422083,0.218928534167
-17.7208032,-10.0,0.218928534167
-1.5822501,-1.5822501,0.218928534167
-14.9093456,-10.0,0.218928534167
0.4983339,0.4983339,0.218928534167
0.4983334,0.4983334,0.218928534167
-1.8272778,-1.8272778,0.218928534167
0.4694925,0.4694925,0.218928534167
-0.667712,-0.667712,0.218928534167
0.3033625,0.3033625,0.218928534167
0.8282859,0.8282859,0.218928534167
-19.6733796,-10.0,0.218928534167
-17.9615674,-10.0,0.218928534167
1.2649931,1.2649931,0.218928534167
-15.9824039,-10.0,0.218928534167
0.5018006,0.5018006,0.218928534167
1.3074052,1.3074052,0.218928534167
1.1986733,1.1986733,0.218928534167
-1.1394415,-1.1394415,0.218928534167
-0.6139224,-0.6139224,0.218928534167
-16.8925173,-10.0,0.218928534167
-0.7539642,-0.7539642,0.218928534167
-14.0810597,-10.0,0.218928534167
1.3266198,1.3266198,0.218928534167
1.3266193,1.3266193,0.218928534167
-0.9989919,-0.9989919,0.218928534167
1.2977784,1.2977784,0.218928534167
0.1605739,0.1605739,0.218928534167
1.1316484,1.1316484,0.218928534167
20.5016655,10.0,0.218928534167
19.6733796,10.0,0.218928534167
1.7118122,1.7118122,0.218928534167
20.9383727,10.0,0.218928534167
3.6909757,3.6909757,0.218928534167
20.1751802,10.0,0.218928534167
20.9807848,10.0,0.218928534167
20.8720529,10.0,0.218928534167
18.5339381,10.0,0.218928534167
19.0594572,10.0,0.218928534167
2.7808623,2.7808623,0.218928534167
18.9194154,10.0,0.218928534167
5.5923199,5.5923199,0.218928534167
20.9999994,10.0,0.218928534167
20.9999989,10.0,0.218928534167
18.6743877,10.0,0.218928534167
20.971158,10.0,0.218928534167
19.8339535,10.0,0.218928534167
20.805028,10.0,0.218928534167
18.7898533,10.0,0.218928534167
17.9615674,10.0,0.218928534167
-1.7118122,-1.7118122,0.218928534167
19.2265605,10.0,0.218928534167
1.9791635,1.9791635,0.218928534167
18.463368,10.0,0.218928534167
19.2689726,10.0,0.218928534167
19.1602407,10.0,0.218928534167
16.8221259,10.0,0.218928534167
17.347645,10.0,0.218928534167
1.0690501,1.0690501,0.218928534167
17.2076032,10.0,0.218928534167
3.8805077,3.8805077,0.218928534167
19.2881872,10.0,0.218928534167
19.2881867,10.0,0.218928534167
16.9625755,10.0,0.218928534167
19.2593458,10.0,0.218928534167
18.1221413,10.0,0.218928534167
19.0932158,10.0,0.218928534167
-0.4367072,-0.4367072,0.218928534167
-1.2649931,-1.2649931,0.218928534167
-20.9383727,-10.0,0.218928534167
-19.2265605,-10.0,0.218928534167
-17.247397,-10.0,0.218928534167
-0.7631925,-0.7631925,0.218928534167
0.0424121,0.0424121,0.218928534167
-0.0663198,-0.0663198,0.218928534167
-2.4044346,-2.4044346,0.218928534167
-1.8789155,-1.8789155,0.218928534167
-18.1575104,-10.0,0.218928534167
-2.0189573,-2.0189573,0.218928534167
-15.3460528,-10.0,0.218928534167
0.0616267,0.0616267,0.218928534167
0.0616262,0.0616262,0.218928534167
-2.263985,-2.263985,0.218928534167
0.0327853,0.0327853,0.218928534167
-1.1044192,-1.1044192,0.218928534167
-0.1333447,-0.1333447,0.218928534167
16.8106898,10.0,0.218928534167
15.9824039,10.0,0.218928534167
-3.6909757,-3.6909757,0.218928534167
-1.9791635,-1.9791635,0.218928534167
17.247397,10.0,0.218928534167
16.4842045,10.0,0.218928534167
17.2898091,10.0,0.218928534167
17.1810772,10.0,0.218928534167
14.8429624,10.0,0.218928534167
15.3684815,10.0,0.218928534167
-0.9101134,-0.9101134,0.218928534167
15.2284397,10.0,0.218928534167
1.9013442,1.9013442,0.218928534167
17.3090237,10.0,0.218928534167
17.3090232,10.0,0.218928534167
14.983412,10.0,0.218928534167
17.2801823,10.0,0.218928534167
16.1429778,10.0,0.218928534167
17.1140523,10.0,0.218928534167
0.3264853,0.3264853,0.218928534167
-0.5018006,-0.5018006,0.218928534167
-20.1751802,-10.0,0.218928534167
-18.463368,-10.0,0.218928534167
0.7631925,0.7631925,0.218928534167
-16.4842045,-10.0,0.218928534167
0.8056046,0.8056046,0.218928534167
0.6968727,0.6968727,0.218928534167
-1.6412421,-1.6412421,0.218928534167
-1.115723,-1.115723,0.218928534167
-17.3943179,-10.0,0.218928534167
-1.2557648,-1.2557648,0.218928534167
-14.5828603,-10.0,0.218928534167
0.8248192,0.8248192,0.218928534167
0.8248187,0.8248187,0.218928534167
-1.5007925,-1.5007925,0.218928534167
0.7959778,0.7959778,0.218928534167
-0.3412267,-0.3412267,0.218928534167
0.6298478,0.6298478,0.218928534167
-0.4791193,-0.4791193,0.218928534167
-1.3074052,-1.3074052,0.218928534167
-20.9807848,-10.0,0.218928534167
-19.2689726,-10.0,0.218928534167
-0.0424121,-0.0424121,0.218928534167
-17.2898091,-10.0,0.218928534167
-0.8056046,-0.8056046,0.218928534167
-0.1087319,-0.1087319,0.218928534167
-2.4468467,-2.4468467,0.218928534167
-1.9213276,-1.9213276,0.218928534167
-18.1999225,-10.0,0.218928534167
-2.0613694,-2.0613694,0.218928534167
-15.3884649,-10.0,0.218928534167
0.0192146,0.0192146,0.218928534167
0.0192141,0.0192141,0.218928534167
-2.3063971,-2.3063971,0.218928534167
-0.0096268,-0.0096268,0.218928534167
-1.1468313,-1.1468313,0.218928534167
-0.1757568,-0.1757568,0.218928534167
-0.3703874,-0.3703874,0.218928534167
-1.1986733,-1.1986733,0.218928534167
-20.8720529,-10.0,0.218928534167
-19.1602407,-10.0,0.218928534167
0.0663198,0.0663198,0.218928534167
-17.1810772,-10.0,0.218928534167
-0.6968727,-0.6968727,0.218928534167
0.1087319,0.1087319,0.218928534167
-2.3381148,-2.3381148,0.218928534167
-1.8125957,-1.8125957,0.218928534167
-18.0911906,-10.0,0.218928534167
-1.9526375,-1.9526375,0.218928534167
-15.279733,-10.0,0.218928534167
0.1279465,0.1279465,0.218928534167
0.127946,0.127946,0.218928534167
-2.1976652,-2.1976652,0.218928534167
0.0991051,0.0991051,0.218928534167
-1.0380994,-1.0380994,0.218928534167
-0.0670249,-0.0670249,0.218928534167
1.9677274,1.9677274,0.218928534167
1.1394415,1.1394415,0.218928534167
-18.5339381,-10.0,0.218928534167
-16.8221259,-10.0,0.218928534167
2.4044346,2.4044346,0.218928534167
-14.8429624,-10.0,0.218928534167
1.6412421,1.6412421,0.218928534167
2.4468467,2.4468467,0.218928534167
2.3381148,2.3381148,0.218928534167
0.5255191,0.5255191,0.218928534167
-15.7530758,-10.0,0.218928534167
0.3854773,0.3854773,0.218928534167
-12.9416182,-10.0,0.218928534167
2.4660613,2.4660613,0.218928534167
2.4660608,2.4660608,0.218928534167
0.1404496,0.1404496,0.218928534167
2.4372199,2.4372199,0.218928534167
1.3000154,1.3000154,0.218928534167
2.2710899,2.2710899,0.218928534167
1.4422083,1.4422083,0.218928534167
0.6139224,0.6139224,0.218928534167
-19.0594572,-10.0,0.218928534167
-17.347645,-10.0,0.218928534167
1.8789155,1.8789155,0.218928534167
-15.3684815,-10.0,0.218928534167
1.115723,1.115723,0.218928534167
1.9213276,1.9213276,0.218928534167
1.8125957,1.8125957,0.218928534167
-0.5255191,-0.5255191,0.218928534167
-16.2785949,-10.0,0.218928534167
-0.1400418,-0.1400418,0.218928534167
-13.4671373,-10.0,0.218928534167
1.9405422,1.9405422,0.218928534167
1.9405417,1.9405417,0.218928534167
-0.3850695,-0.3850695,0.218928534167
1.9117008,1.9117008,0.218928534167
0.7744963,0.7744963,0.218928534167
1.7455708,1.7455708,0.218928534167
17.7208032,10.0,0.218928534167
16.8925173,10.0,0.218928534167
-2.7808623,-2.7808623,0.218928534167
-1.0690501,-1.0690501,0.218928534167
18.1575104,10.0,0.218928534167
0.9101134,0.9101134,0.218928534167
17.3943179,10.0,0.218928534167
18.1999225,10.0,0.218928534167
18.0911906,10.0,0.218928534167
15.7530758,10.0,0.218928534167
16.2785949,10.0,0.218928534167
16.1385531,10.0,0.218928534167
2.8114576,2.8114576,0.218928534167
18.2191371,10.0,0.218928534167
18.2191366,10.0,0.218928534167
15.8935254,10.0,0.218928534167
18.1902957,10.0,0.218928534167
17.0530912,10.0,0.218928534167
18.0241657,10.0,0.218928534167
1.5822501,1.5822501,0.218928534167
0.7539642,0.7539642,0.218928534167
-18.9194154,-10.0,0.218928534167
-17.2076032,-10.0,0.218928534167
2.0189573,2.0189573,0.218928534167
-15.2284397,-10.0,0.218928534167
1.2557648,1.2557648,0.218928534167
2.0613694,2.0613694,0.218928534167
1.9526375,1.9526375,0.218928534167
-0.3854773,-0.3854773,0.218928534167
0.1400418,0.1400418,0.218928534167
-16.1385531,-10.0,0.218928534167
-13.3270955,-10.0,0.218928534167
2.080584,2.080584,0.218928534167
2.0805835,2.0805835,0.218928534167
-0.2450277,-0.2450277,0.218928534167
2.0517426,2.0517426,0.218928534167
0.9145381,0.9145381,0.218928534167
1.8856126,1.8856126,0.218928534167
14.9093456,10.0,0.218928534167
14.0810597,10.0,0.218928534167
-5.5923199,-5.5923199,0.218928534167
-3.8805077,-3.8805077,0.218928534167
15.3460528,10.0,0.218928534167
-1.9013442,-1.9013442,0.218928534167
14.5828603,10.0,0.218928534167
15.3884649,10.0,0.218928534167
15.279733,10.0,0.218928534167
12.9416182,10.0,0.218928534167
13.4671373,10.0,0.218928534167
-2.8114576,-2.8114576,0.218928534167
13.3270955,10.0,0.218928534167
15.4076795,10.0,0.218928534167
15.407679,10.0,0.218928534167
13.0820678,10.0,0.218928534167
15.3788381,10.0,0.218928534167
14.2416336,10.0,0.218928534167
15.2127081,10.0,0.218928534167
-0.4983339,-0.4983339,0.218928534167
-1.3266198,-1.3266198,0.218928534167
-20.9999994,-10.0,0.218928534167
-19.2881872,-10.0,0.218928534167
-0.0616267,-0.0616267,0.218928534167
-17.3090237,-10.0,0.218928534167
-0.8248192,-0.8248192,0.218928534167
-0.0192146,-0.0192146,0.218928534167
-0.1279465,-0.1279465,0.218928534167
-2.4660613,-2.4660613,0.218928534167
-1.9405422,-1.9405422,0.218928534167
-18.2191371,-10.0,0.218928534167
-2.080584,-2.080584,0.218928534167
-15.4076795,-10.0,0.218928534167
-4.99999998738e-07,-4.99999998738e-07,0.218928534167
-2.3256117,-2.3256117,0.218928534167
-0.0288414,-0.0288414,0.218928534167
-1.1660459,-1.1660459,0.218928534167
-0.1949714,-0.1949714,0.218928534167
-0.4983334,-0.4983334,0.218928534167
-1.3266193,-1.3266193,0.218928534167
-20.9999989,-10.0,0.218928534167
-19.2881867,-10.0,0.218928534167
-0.0616262,-0.0616262,0.218928534167
-17.3090232,-10.0,0.218928534167
-0.8248187,-0.8248187,0.218928534167
-0.0192141,-0.0192141,0.218928534167
-0.127946,-0.127946,0.218928534167
-2.4660608,-2.4660608,0.218928534167
-1.9405417,-1.9405417,0.218928534167
-18.2191366,-10.0,0.218928534167
-2.0805835,-2.0805835,0.218928534167
-15.407679,-10.0,0.218928534167
4.99999998738e-07,4.99999998738e-07,0.218928534167
-2.3256112,-2.3256112,0.218928534167
-0.0288409,-0.0288409,0.218928534167
-1.1660454,-1.1660454,0.218928534167
-0.1949709,-0.1949709,0.218928534167
1.8272778,1.8272778,0.218928534167
0.9989919,0.9989919,0.218928534167
-18.6743877,-10.0,0.218928534167
-16.9625755,-10.0,0.218928534167
2.263985,2.263985,0.218928534167
-14.983412,-10.0,0.218928534167
1.5007925,1.5007925,0.218928534167
2.3063971,2.3063971,0.218928534167
2.1976652,2.1976652,0.218928534167
-0.1404496,-0.1404496,0.218928534167
0.3850695,0.3850695,0.218928534167
-15.8935254,-10.0,0.218928534167
0.2450277,0.2450277,0.218928534167
-13.0820678,-10.0,0.218928534167
2.3256117,2.3256117,0.218928534167
2.3256112,2.3256112,0.218928534167
2.2967703,2.2967703,0.218928534167
1.1595658,1.1595658,0.218928534167
2.1306403,2.1306403,0.218928534167
-0.4694925,-0.4694925,0.218928534167
-1.2977784,-1.2977784,0.218928534167
-20.971158,-10.0,0.218928534167
-19.2593458,-10.0,0.218928534167
-0.0327853,-0.0327853,0.218928534167
-17.2801823,-10.0,0.218928534167
-0.7959778,-0.7959778,0.218928534167
0.0096268,0.0096268,0.218928534167
-0.0991051,-0.0991051,0.218928534167
-2.4372199,-2.4372199,0.218928534167
-1.9117008,-1.9117008,0.218928534167
-18.1902957,-10.0,0.218928534167
-2.0517426,-2.0517426,0.218928534167
-15.3788381,-10.0,0.218928534167
0.0288414,0.0288414,0.218928534167
0.0288409,0.0288409,0.218928534167
-2.2967703,-2.2967703,0.218928534167
-1.1372045,-1.1372045,0.218928534167
-0.16613,-0.16613,0.218928534167
0.667712,0.667712,0.218928534167
-0.1605739,-0.1605739,0.218928534167
-19.8339535,-10.0,0.218928534167
-18.1221413,-10.0,0.218928534167
1.1044192,1.1044192,0.218928534167
-16.1429778,-10.0,0.218928534167
0.3412267,0.3412267,0.218928534167
1.1468313,1.1468313,0.218928534167
1.0380994,1.0380994,0.218928534167
-1.3000154,-1.3000154,0.218928534167
-0.7744963,-0.7744963,0.218928534167
-17.0530912,-10.0,0.218928534167
-0.9145381,-0.9145381,0.218928534167
-14.2416336,-10.0,0.218928534167
1.1660459,1.1660459,0.218928534167
1.1660454,1.1660454,0.218928534167
-1.1595658,-1.1595658,0.218928534167
1.1372045,1.1372045,0.218928534167
0.9710745,0.9710745,0.218928534167
-0.3033625,-0.3033625,0.218928534167
-1.1316484,-1.1316484,0.218928534167
-20.805028,-10.0,0.218928534167
-19.0932158,-10.0,0.218928534167
0.1333447,0.1333447,0.218928534167
-17.1140523,-10.0,0.218928534167
-0.6298478,-0.6298478,0.218928534167
0.1757568,0.1757568,0.218928534167
0.0670249,0.0670249,0.218928534167
-2.2710899,-2.2710899,0.218928534167
-1.7455708,-1.7455708,0.218928534167
-18.0241657,-10.0,0.218928534167
-1.8856126,-1.8856126,0.218928534167
-15.2127081,-10.0,0.218928534167
0.1949714,0.1949714,0.218928534167
0.1949709,0.1949709,0.218928534167
-2.1306403,-2.1306403,0.218928534167
0.16613,0.16613,0.218928534167
-0.9710745,-0.9710745,0.218928534167
17.3465088,10.0,0.0599999292157
16.3597051,10.0,0.0599999292157
17.346508,10.0,0.0599999292157
17.2397997,10.0,0.0599999292157
-3.6534912,-3.6534912,0.0599999292157
12.9632474,10.0,0.0599999292157
17.3464467,10.0,0.0599999292157
13.4984182,10.0,0.0599999292157
13.7772412,10.0,0.0599999292157
10.2604802,10.0,0.0599999292157
17.3464479,10.0,0.0599999292157
0.0169418,0.0169418,0.0599999292157
16.7878857,10.0,0.0599999292157
17.3395517,10.0,0.0599999292157
0.7634522,0.7634522,0.0599999292157
17.3465083,10.0,0.0599999292157
15.660079,10.0,0.0599999292157
17.2513345,10.0,0.0599999292157
15.2023343,10.0,0.0599999292157
-17.3465088,-10.0,0.0599999292157
-0.9868037,-0.9868037,0.0599999292157
-7.99999998691e-07,-7.99999998691e-07,0.0599999292157
-0.1067091,-0.1067091,0.0599999292157
-21.0,-10.0,0.0599999292157
-4.3832614,-4.3832614,0.0599999292157
-6.2100000001e-05,-6.2100000001e-05,0.0599999292157
-3.8480906,-3.8480906,0.0599999292157
-3.5692676,-3.5692676,0.0599999292157
-7.0860286,-7.0860286,0.0599999292157
-6.09000000011e-05,-6.09000000011e-05,0.0599999292157
-17.329567,-10.0,0.0599999292157
-0.5586231,-0.5586231,0.0599999292157
-0.0069571,-0.0069571,0.0599999292157
-16.5830566,-10.0,0.0599999292157
-4.99999998738e-07,-4.99999998738e-07,0.0599999292157
-1.6864298,-1.6864298,0.0599999292157
-0.0951743,-0.0951743,0.0599999292157
-2.1441745,-2.1441745,0.0599999292157
-16.3597051,-10.0,0.0599999292157
0.9868037,0.9868037,0.0599999292157
0.9868029,0.9868029,0.0599999292157
0.8800946,0.8800946,0.0599999292157
-20.0131963,-10.0,0.0599999292157
-3.3964577,-3.3964577,0.0599999292157
0.9867416,0.9867416,0.0599999292157
-2.8612869,-2.8612869,0.0599999292157
-2.5824639,-2.5824639,0.0599999292157
-6.0992249,-6.0992249,0.0599999292157
0.9867428,0.9867428,0.0599999292157
-16.3427633,-10.0,0.0599999292157
0.4281806,0.4281806,0.0599999292157
0.9798466,0.9798466,0.0599999292157
-15.5962529,-10.0,0.0599999292157
0.9868032,0.9868032,0.0599999292157
-0.6996261,-0.6996261,0.0599999292157
0.8916294,0.8916294,0.0599999292157
-1.1573708,-1.1573708,0.0599999292157
-17.346508,-10.0,0.0599999292157
7.99999998691e-07,7.99999998691e-07,0.0599999292157
-0.9868029,-0.9868029,0.0599999292157
-0.1067083,-0.1067083,0.0599999292157
-20.9999992,-10.0,0.0599999292157
-4.3832606,-4.3832606,0.0599999292157
-6.13000000023e-05,-6.13000000023e-05,0.0599999292157
-3.8480898,-3.8480898,0.0599999292157
-3.5692668,-3.5692668,0.0599999292157
-7.0860278,-7.0860278,0.0599999292157
-6.01000000024e-05,-6.01000000024e-05,0.0599999292157
-17.3295662,-10.0,0.0599999292157
-0.5586223,-0.5586223,0.0599999292157
-0.0069563,-0.0069563,0.0599999292157
-16.5830558,-10.0,0.0599999292157
2.99999999953e-07,2.99999999953e-07,0.0599999292157
-1.686429,-1.686429,0.0599999292157
-0.0951735,-0.0951735,0.0599999292157
-2.1441737,-2.1441737,0.0599999292157
-17.2397997,-10.0,0.0599999292157
0.1067091,0.1067091,0.0599999292157
-0.8800946,-0.8800946,0.0599999292157
0.1067083,0.1067083,0.0599999292157
-20.8932909,-10.0,0.0599999292157
-4.2765523,-4.2765523,0.0599999292157
0.106647,0.106647,0.0599999292157
-3.7413815,-3.7413815,0.0599999292157
-3.4625585,-3.4625585,0.0599999292157
-6.9793195,-6.9793195,0.0599999292157
0.1066482,0.1066482,0.0599999292157
-17.2228579,-10.0,0.0599999292157
-0.451914,-0.451914,0.0599999292157
0.099752,0.099752,0.0599999292157
-16.4763475,-10.0,0.0599999292157
0.1067086,0.1067086,0.0599999292157
-1.5797207,-1.5797207,0.0599999292157
0.0115348,0.0115348,0.0599999292157
-2.0374654,-2.0374654,0.0599999292157
3.6534912,3.6534912,0.0599999292157
21.0,10.0,0.0599999292157
20.0131963,10.0,0.0599999292157
20.9999992,10.0,0.0599999292157
20.8932909,10.0,0.0599999292157
16.6167386,10.0,0.0599999292157
20.9999379,10.0,0.0599999292157
17.1519094,10.0,0.0599999292157
17.4307324,10.0,0.0599999292157
13.9139714,10.0,0.0599999292157
20.9999391,10.0,0.0599999292157
3.670433,3.670433,0.0599999292157
20.4413769,10.0,0.0599999292157
20.9930429,10.0,0.0599999292157
4.4169434,4.4169434,0.0599999292157
20.9999995,10.0,0.0599999292157
19.3135702,10.0,0.0599999292157
20.9048257,10.0,0.0599999292157
18.8558255,10.0,0.0599999292157
-12.9632474,-10.0,0.0599999292157
4.3832614,4.3832614,0.0599999292157
3.3964577,3.3964577,0.0599999292157
4.3832606,4.3832606,0.0599999292157
4.2765523,4.2765523,0.0599999292157
-16.6167386,-10.0,0.0599999292157
4.3831993,4.3831993,0.0599999292157
0.5351708,0.5351708,0.0599999292157
0.8139938,0.8139938,0.0599999292157
-2.7027672,-2.7027672,0.0599999292157
4.3832005,4.3832005,0.0599999292157
-12.9463056,-10.0,0.0599999292157
3.8246383,3.8246383,0.0599999292157
4.3763043,4.3763043,0.0599999292157
-12.1997952,-10.0,0.0599999292157
4.3832609,4.3832609,0.0599999292157
2.6968316,2.6968316,0.0599999292157
4.2880871,4.2880871,0.0599999292157
2.2390869,2.2390869,0.0599999292157
-17.3464467,-10.0,0.0599999292157
6.2100000001e-05,6.2100000001e-05,0.0599999292157
-0.9867416,-0.9867416,0.0599999292157
6.13000000023e-05,6.13000000023e-05,0.0599999292157
-0.106647,-0.106647,0.0599999292157
-20.9999379,-10.0,0.0599999292157
-4.3831993,-4.3831993,0.0599999292157
-3.8480285,-3.8480285,0.0599999292157
-3.5692055,-3.5692055,0.0599999292157
-7.0859665,-7.0859665,0.0599999292157
1.19999999981e-06,1.19999999981e-06,0.0599999292157
-17.3295049,-10.0,0.0599999292157
-0.558561,-0.558561,0.0599999292157
-0.006895,-0.006895,0.0599999292157
-16.5829945,-10.0,0.0599999292157
6.16000000022e-05,6.16000000022e-05,0.0599999292157
-1.6863677,-1.6863677,0.0599999292157
-0.0951122,-0.0951122,0.0599999292157
-2.1441124,-2.1441124,0.0599999292157
-13.4984182,-10.0,0.0599999292157
3.8480906,3.8480906,0.0599999292157
2.8612869,2.8612869,0.0599999292157
3.8480898,3.8480898,0.0599999292157
3.7413815,3.7413815,0.0599999292157
-17.1519094,-10.0,0.0599999292157
-0.5351708,-0.5351708,0.0599999292157
3.8480285,3.8480285,0.0599999292157
0.278823,0.278823,0.0599999292157
-3.237938,-3.237938,0.0599999292157
3.8480297,3.8480297,0.0599999292157
-13.4814764,-10.0,0.0599999292157
3.2894675,3.2894675,0.0599999292157
3.8411335,3.8411335,0.0599999292157
-12.734966,-10.0,0.0599999292157
3.8480901,3.8480901,0.0599999292157
2.1616608,2.1616608,0.0599999292157
3.7529163,3.7529163,0.0599999292157
1.7039161,1.7039161,0.0599999292157
-13.7772412,-10.0,0.0599999292157
3.5692676,3.5692676,0.0599999292157
2.5824639,2.5824639,0.0599999292157
3.5692668,3.5692668,0.0599999292157
3.4625585,3.4625585,0.0599999292157
-17.4307324,-10.0,0.0599999292157
-0.8139938,-0.8139938,0.0599999292157
3.5692055,3.5692055,0.0599999292157
-0.278823,-0.278823,0.0599999292157
-3.516761,-3.516761,0.0599999292157
3.5692067,3.5692067,0.0599999292157
-13.7602994,-10.0,0.0599999292157
3.0106445,3.0106445,0.0599999292157
3.5623105,3.5623105,0.0599999292157
-13.013789,-10.0,0.0599999292157
3.5692671,3.5692671,0.0599999292157
1.8828378,1.8828378,0.0599999292157
3.4740933,3.4740933,0.0599999292157
1.4250931,1.4250931,0.0599999292157
-10.2604802,-10.0,0.0599999292157
7.0860286,7.0860286,0.0599999292157
6.0992249,6.0992249,0.0599999292157
7.0860278,7.0860278,0.0599999292157
6.9793195,6.9793195,0.0599999292157
-13.9139714,-10.0,0.0599999292157
2.7027672,2.7027672,0.0599999292157
7.0859665,7.0859665,0.0599999292157
3.237938,3.237938,0.0599999292157
3.516761,3.516761,0.0599999292157
7.0859677,7.0859677,0.0599999292157
-10.2435384,-10.0,0.0599999292157
6.5274055,6.5274055,0.0599999292157
7.0790715,7.0790715,0.0599999292157
-9.497028,-9.497028,0.0599999292157
7.0860281,7.0860281,0.0599999292157
5.3995988,5.3995988,0.0599999292157
6.9908543,6.9908543,0.0599999292157
4.9418541,4.9418541,0.0599999292157
-17.3464479,-10.0,0.0599999292157
6.09000000011e-05,6.09000000011e-05,0.0599999292157
-0.9867428,-0.9867428,0.0599999292157
6.01000000024e-05,6.01000000024e-05,0.0599999292157
-0.1066482,-0.1066482,0.0599999292157
-20.9999391,-10.0,0.0599999292157
-4.3832005,-4.3832005,0.0599999292157
-1.19999999981e-06,-1.19999999981e-06,0.0599999292157
-3.8480297,-3.8480297,0.0599999292157
-3.5692067,-3.5692067,0.0599999292157
-7.0859677,-7.0859677,0.0599999292157
-17.3295061,-10.0,0.0599999292157
-0.5585622,-0.5585622,0.0599999292157
-0.0068962,-0.0068962,0.0599999292157
-16.5829957,-10.0,0.0599999292157
6.04000000024e-05,6.04000000024e-05,0.0599999292157
-1.6863689,-1.6863689,0.0599999292157
-0.0951134,-0.0951134,0.0599999292157
-2.1441136,-2.1441136,0.0599999292157
-0.0169418,-0.0169418,0.0599999292157
17.329567,10.0,0.0599999292157
16.3427633,10.0,0.0599999292157
17.3295662,10.0,0.0599999292157
17.2228579,10.0,0.0599999292157
-3.670433,-3.670433,0.0599999292157
12.9463056,10.0,0.0599999292157
17.3295049,10.0,0.0599999292157
13.4814764,10.0,0.0599999292157
13.7602994,10.0,0.0599999292157
10.2435384,10.0,0.0599999292157
17.3295061,10.0,0.0599999292157
16.7709439,10.0,0.0599999292157
17.3226099,10.0,0.0599999292157
0.7465104,0.7465104,0.0599999292157
17.3295665,10.0,0.0599999292157
15.6431372,10.0,0.0599999292157
17.2343927,10.0,0.0599999292157
15.1853925,10.0,0.0599999292157
-16.7878857,-10.0,0.0599999292157
0.5586231,0.5586231,0.0599999292157
-0.4281806,-0.4281806,0.0599999292157
0.5586223,0.5586223,0.0599999292157
0.451914,0.451914,0.0599999292157
-20.4413769,-10.0,0.0599999292157
-3.8246383,-3.8246383,0.0599999292157
0.558561,0.558561,0.0599999292157
-3.2894675,-3.2894675,0.0599999292157
-3.0106445,-3.0106445,0.0599999292157
-6.5274055,-6.5274055,0.0599999292157
0.5585622,0.5585622,0.0599999292157
-16.7709439,-10.0,0.0599999292157
0.551666,0.551666,0.0599999292157
-16.0244335,-10.0,0.0599999292157
0.5586226,0.5586226,0.0599999292157
-1.1278067,-1.1278067,0.0599999292157
0.4634488,0.4634488,0.0599999292157
-1.5855514,-1.5855514,0.0599999292157
-17.3395517,-10.0,0.0599999292157
0.0069571,0.0069571,0.0599999292157
-0.9798466,-0.9798466,0.0599999292157
0.0069563,0.0069563,0.0599999292157
-0.099752,-0.099752,0.0599999292157
-20.9930429,-10.0,0.0599999292157
-4.3763043,-4.3763043,0.0599999292157
0.006895,0.006895,0.0599999292157
-3.8411335,-3.8411335,0.0599999292157
-3.5623105,-3.5623105,0.0599999292157
-7.0790715,-7.0790715,0.0599999292157
0.0068962,0.0068962,0.0599999292157
-17.3226099,-10.0,0.0599999292157
-0.551666,-0.551666,0.0599999292157
-16.5760995,-10.0,0.0599999292157
0.0069566,0.0069566,0.0599999292157
-1.6794727,-1.6794727,0.0599999292157
-0.0882172,-0.0882172,0.0599999292157
-2.1372174,-2.1372174,0.0599999292157
-0.7634522,-0.7634522,0.0599999292157
16.5830566,10.0,0.0599999292157
15.5962529,10.0,0.0599999292157
16.5830558,10.0,0.0599999292157
16.4763475,10.0,0.0599999292157
-4.4169434,-4.4169434,0.0599999292157
12.1997952,10.0,0.0599999292157
16.5829945,10.0,0.0599999292157
12.734966,10.0,0.0599999292157
13.013789,10.0,0.0599999292157
9.497028,9.497028,0.0599999292157
16.5829957,10.0,0.0599999292157
-0.7465104,-0.7465104,0.0599999292157
16.0244335,10.0,0.0599999292157
16.5760995,10.0,0.0599999292157
16.5830561,10.0,0.0599999292157
14.8966268,10.0,0.0599999292157
16.4878823,10.0,0.0599999292157
14.4388821,10.0,0.0599999292157
-17.3465083,-10.0,0.0599999292157
4.99999998738e-07,4.99999998738e-07,0.0599999292157
-0.9868032,-0.9868032,0.0599999292157
-2.99999999953e-07,-2.99999999953e-07,0.0599999292157
-0.1067086,-0.1067086,0.0599999292157
-20.9999995,-10.0,0.0599999292157
-4.3832609,-4.3832609,0.0599999292157
-6.16000000022e-05,-6.16000000022e-05,0.0599999292157
-3.8480901,-3.8480901,0.0599999292157
-3.5692671,-3.5692671,0.0599999292157
-7.0860281,-7.0860281,0.0599999292157
-6.04000000024e-05,-6.04000000024e-05,0.0599999292157
-17.3295665,-10.0,0.0599999292157
-0.5586226,-0.5586226,0.0599999292157
-0.0069566,-0.0069566,0.0599999292157
-16.5830561,-10.0,0.0599999292157
-1.6864293,-1.6864293,0.0599999292157
-0.0951738,-0.0951738,0.0599999292157
-2.144174,-2.144174,0.0599999292157
-15.660079,-10.0,0.0599999292157
1.6864298,1.6864298,0.0599999292157
0.6996261,0.6996261,0.0599999292157
1.686429,1.686429,0.0599999292157
1.5797207,1.5797207,0.0599999292157
-19.3135702,-10.0,0.0599999292157
-2.6968316,-2.6968316,0.0599999292157
1.6863677,1.6863677,0.0599999292157
-2.1616608,-2.1616608,0.0599999292157
-1.8828378,-1.8828378,0.0599999292157
-5.3995988,-5.3995988,0.0599999292157
1.6863689,1.6863689,0.0599999292157
-15.6431372,-10.0,0.0599999292157
1.1278067,1.1278067,0.0599999292157
1.6794727,1.6794727,0.0599999292157
-14.8966268,-10.0,0.0599999292157
1.6864293,1.6864293,0.0599999292157
1.5912555,1.5912555,0.0599999292157
-0.4577447,-0.4577447,0.0599999292157
-17.2513345,-10.0,0.0599999292157
0.0951743,0.0951743,0.0599999292157
-0.8916294,-0.8916294,0.0599999292157
0.0951735,0.0951735,0.0599999292157
-0.0115348,-0.0115348,0.0599999292157
-20.9048257,-10.0,0.0599999292157
-4.2880871,-4.2880871,0.0599999292157
0.0951122,0.0951122,0.0599999292157
-3.7529163,-3.7529163,0.0599999292157
-3.4740933,-3.4740933,0.0599999292157
-6.9908543,-6.9908543,0.0599999292157
0.0951134,0.0951134,0.0599999292157
-17.2343927,-10.0,0.0599999292157
-0.4634488,-0.4634488,0.0599999292157
0.0882172,0.0882172,0.0599999292157
-16.4878823,-10.0,0.0599999292157
0.0951738,0.0951738,0.0599999292157
-1.5912555,-1.5912555,0.0599999292157
-2.0490002,-2.0490002,0.0599999292157
-15.2023343,-10.0,0.0599999292157
2.1441745,2.1441745,0.0599999292157
1.1573708,1.1573708,0.0599999292157
2.1441737,2.1441737,0.0599999292157
2.0374654,2.0374654,0.0599999292157
-18.8558255,-10.0,0.0599999292157
-2.2390869,-2.2390869,0.0599999292157
2.1441124,2.1441124,0.0599999292157
-1.7039161,-1.7039161,0.0599999292157
-1.4250931,-1.4250931,0.0599999292157
-4.9418541,-4.9418541,0.0599999292157
2.1441136,2.1441136,0.0599999292157
-15.1853925,-10.0,0.0599999292157
1.5855514,1.5855514,0.0599999292157
2.1372174,2.1372174,0.0599999292157
-14.4388821,-10.0,0.0599999292157
2.144174,2.144174,0.0599999292157
0.4577447,0.4577447,0.0599999292157
2.0490002,2.0490002,0.0599999292157
-0.1744133,-0.1744133,0.480246193918
-1.3473236,-1.3473236,0.480246193918
2.0663561,2.0663561,0.480246193918
-17.1671635,-10.0,0.480246193918
0.8017982,0.8017982,0.480246193918
1.3351353,1.3351353,0.480246193918
-18.6904538,-10.0,0.480246193918
-1.7045824,-1.7045824,0.480246193918
-17.6853011,-10.0,0.480246193918
-18.7671739,-10.0,0.480246193918
2.0663715,2.0663715,0.480246193918
2.0663728,2.0663728,0.480246193918
2.0305169,2.0305169,0.480246193918
1.4277506,1.4277506,0.480246193918
-0.1095797,-0.1095797,0.480246193918
2.0663744,2.0663744,0.480246193918
-18.9336255,-10.0,0.480246193918
2.029568,2.029568,0.480246193918
-3.664056,-3.664056,0.480246193918
0.1744133,0.1744133,0.480246193918
-1.1729103,-1.1729103,0.480246193918
2.2407694,2.2407694,0.480246193918
-16.9927502,-10.0,0.480246193918
0.9762115,0.9762115,0.480246193918
1.5095486,1.5095486,0.480246193918
-18.5160405,-10.0,0.480246193918
-1.5301691,-1.5301691,0.480246193918
-17.5108878,-10.0,0.480246193918
-18.5927606,-10.0,0.480246193918
2.2407848,2.2407848,0.480246193918
2.2407861,2.2407861,0.480246193918
2.2049302,2.2049302,0.480246193918
1.6021639,1.6021639,0.480246193918
0.0648336,0.0648336,0.480246193918
2.2407877,2.2407877,0.480246193918
-18.7592122,-10.0,0.480246193918
2.2039813,2.2039813,0.480246193918
-3.4896427,-3.4896427,0.480246193918
1.3473236,1.3473236,0.480246193918
1.1729103,1.1729103,0.480246193918
3.4136797,3.4136797,0.480246193918
-15.8198399,-10.0,0.480246193918
2.1491218,2.1491218,0.480246193918
2.6824589,2.6824589,0.480246193918
-17.3431302,-10.0,0.480246193918
-0.3572588,-0.3572588,0.480246193918
-16.3379775,-10.0,0.480246193918
-17.4198503,-10.0,0.480246193918
3.4136951,3.4136951,0.480246193918
3.4136964,3.4136964,0.480246193918
3.3778405,3.3778405,0.480246193918
2.7750742,2.7750742,0.480246193918
1.2377439,1.2377439,0.480246193918
3.413698,3.413698,0.480246193918
-17.5863019,-10.0,0.480246193918
3.3768916,3.3768916,0.480246193918
-2.3167324,-2.3167324,0.480246193918
-2.0663561,-2.0663561,0.480246193918
-2.2407694,-2.2407694,0.480246193918
-3.4136797,-3.4136797,0.480246193918
-19.2335196,-10.0,0.480246193918
-1.2645579,-1.2645579,0.480246193918
-0.7312208,-0.7312208,0.480246193918
-20.7568099,-10.0,0.480246193918
-3.7709385,-3.7709385,0.480246193918
-19.7516572,-10.0,0.480246193918
-20.83353,-10.0,0.480246193918
1.53999999988e-05,1.53999999988e-05,0.480246193918
1.66999999998e-05,1.66999999998e-05,0.480246193918
-0.0358392,-0.0358392,0.480246193918
-0.6386055,-0.6386055,0.480246193918
-2.1759358,-2.1759358,0.480246193918
1.82999999971e-05,1.82999999971e-05,0.480246193918
-20.9999816,-10.0,0.480246193918
-0.0367881,-0.0367881,0.480246193918
-5.7304121,-5.7304121,0.480246193918
17.1671635,10.0,0.480246193918
16.9927502,10.0,0.480246193918
15.8198399,10.0,0.480246193918
19.2335196,10.0,0.480246193918
17.9689617,10.0,0.480246193918
18.5022988,10.0,0.480246193918
-1.5232903,-1.5232903,0.480246193918
15.4625811,10.0,0.480246193918
-0.5181376,-0.5181376,0.480246193918
-1.6000104,-1.6000104,0.480246193918
19.233535,10.0,0.480246193918
19.2335363,10.0,0.480246193918
19.1976804,10.0,0.480246193918
18.5949141,10.0,0.480246193918
17.0575838,10.0,0.480246193918
19.2335379,10.0,0.480246193918
-1.766462,-1.766462,0.480246193918
19.1967315,10.0,0.480246193918
13.5031075,10.0,0.480246193918
-0.8017982,-0.8017982,0.480246193918
-0.9762115,-0.9762115,0.480246193918
-2.1491218,-2.1491218,0.480246193918
1.2645579,1.2645579,0.480246193918
-17.9689617,-10.0,0.480246193918
0.5333371,0.5333371,0.480246193918
-19.492252,-10.0,0.480246193918
-2.5063806,-2.5063806,0.480246193918
-18.4870993,-10.0,0.480246193918
-19.5689721,-10.0,0.480246193918
1.2645733,1.2645733,0.480246193918
1.2645746,1.2645746,0.480246193918
1.2287187,1.2287187,0.480246193918
0.6259524,0.6259524,0.480246193918
-0.9113779,-0.9113779,0.480246193918
1.2645762,1.2645762,0.480246193918
-19.7354237,-10.0,0.480246193918
1.2277698,1.2277698,0.480246193918
-4.4658542,-4.4658542,0.480246193918
-1.3351353,-1.3351353,0.480246193918
-1.5095486,-1.5095486,0.480246193918
-2.6824589,-2.6824589,0.480246193918
0.7312208,0.7312208,0.480246193918
-18.5022988,-10.0,0.480246193918
-0.5333371,-0.5333371,0.480246193918
-20.0255891,-10.0,0.480246193918
-3.0397177,-3.0397177,0.480246193918
-19.0204364,-10.0,0.480246193918
-20.1023092,-10.0,0.480246193918
0.7312362,0.7312362,0.480246193918
0.7312375,0.7312375,0.480246193918
0.6953816,0.6953816,0.480246193918
0.0926153,0.0926153,0.480246193918
-1.444715,-1.444715,0.480246193918
0.7312391,0.7312391,0.480246193918
-20.2687608,-10.0,0.480246193918
0.6944327,0.6944327,0.480246193918
-4.9991913,-4.9991913,0.480246193918
18.6904538,10.0,0.480246193918
18.5160405,10.0,0.480246193918
17.3431302,10.0,0.480246193918
20.7568099,10.0,0.480246193918
1.5232903,1.5232903,0.480246193918
19.492252,10.0,0.480246193918
20.0255891,10.0,0.480246193918
16.9858714,10.0,0.480246193918
1.0051527,1.0051527,0.480246193918
-0.0767201,-0.0767201,0.480246193918
20.7568253,10.0,0.480246193918
20.7568266,10.0,0.480246193918
20.7209707,10.0,0.480246193918
20.1182044,10.0,0.480246193918
18.5808741,10.0,0.480246193918
20.7568282,10.0,0.480246193918
-0.2431717,-0.2431717,0.480246193918
20.7200218,10.0,0.480246193918
15.0263978,10.0,0.480246193918
1.7045824,1.7045824,0.480246193918
1.5301691,1.5301691,0.480246193918
0.3572588,0.3572588,0.480246193918
3.7709385,3.7709385,0.480246193918
-15.4625811,-10.0,0.480246193918
2.5063806,2.5063806,0.480246193918
3.0397177,3.0397177,0.480246193918
-16.9858714,-10.0,0.480246193918
-15.9807187,-10.0,0.480246193918
-17.0625915,-10.0,0.480246193918
3.7709539,3.7709539,0.480246193918
3.7709552,3.7709552,0.480246193918
3.7350993,3.7350993,0.480246193918
3.132333,3.132333,0.480246193918
1.5950027,1.5950027,0.480246193918
3.7709568,3.7709568,0.480246193918
-17.2290431,-10.0,0.480246193918
3.7341504,3.7341504,0.480246193918
-1.9594736,-1.9594736,0.480246193918
17.6853011,10.0,0.480246193918
17.5108878,10.0,0.480246193918
16.3379775,10.0,0.480246193918
19.7516572,10.0,0.480246193918
0.5181376,0.5181376,0.480246193918
18.4870993,10.0,0.480246193918
19.0204364,10.0,0.480246193918
-1.0051527,-1.0051527,0.480246193918
15.9807187,10.0,0.480246193918
-1.0818728,-1.0818728,0.480246193918
19.7516726,10.0,0.480246193918
19.7516739,10.0,0.480246193918
19.715818,10.0,0.480246193918
19.1130517,10.0,0.480246193918
17.5757214,10.0,0.480246193918
19.7516755,10.0,0.480246193918
-1.2483244,-1.2483244,0.480246193918
19.7148691,10.0,0.480246193918
14.0212451,10.0,0.480246193918
18.7671739,10.0,0.480246193918
18.5927606,10.0,0.480246193918
17.4198503,10.0,0.480246193918
20.83353,10.0,0.480246193918
1.6000104,1.6000104,0.480246193918
19.5689721,10.0,0.480246193918
20.1023092,10.0,0.480246193918
0.0767201,0.0767201,0.480246193918
17.0625915,10.0,0.480246193918
1.0818728,1.0818728,0.480246193918
20.8335454,10.0,0.480246193918
20.8335467,10.0,0.480246193918
20.7976908,10.0,0.480246193918
20.1949245,10.0,0.480246193918
18.6575942,10.0,0.480246193918
20.8335483,10.0,0.480246193918
-0.1664516,-0.1664516,0.480246193918
20.7967419,10.0,0.480246193918
15.1031179,10.0,0.480246193918
-2.0663715,-2.0663715,0.480246193918
-2.2407848,-2.2407848,0.480246193918
-3.4136951,-3.4136951,0.480246193918
-1.53999999988e-05,-1.53999999988e-05,0.480246193918
-19.233535,-10.0,0.480246193918
-1.2645733,-1.2645733,0.480246193918
-0.7312362,-0.7312362,0.480246193918
-20.7568253,-10.0,0.480246193918
-3.7709539,-3.7709539,0.480246193918
-19.7516726,-10.0,0.480246193918
-20.8335454,-10.0,0.480246193918
1.30000000098e-06,1.30000000098e-06,0.480246193918
-0.0358546,-0.0358546,0.480246193918
-0.6386209,-0.6386209,0.480246193918
-2.1759512,-2.1759512,0.480246193918
2.89999999836e-06,2.89999999836e-06,0.480246193918
-20.999997,-10.0,0.480246193918
-0.0368035,-0.0368035,0.480246193918
-5.7304275,-5.7304275,0.480246193918
-2.0663728,-2.0663728,0.480246193918
-2.2407861,-2.2407861,0.480246193918
-3.4136964,-3.4136964,0.480246193918
-1.66999999998e-05,-1.66999999998e-05,0.480246193918
-19.2335363,-10.0,0.480246193918
-1.2645746,-1.2645746,0.480246193918
-0.7312375,-0.7312375,0.480246193918
-20.7568266,-10.0,0.480246193918
-3.7709552,-3.7709552,0.480246193918
-19.7516739,-10.0,0.480246193918
-20.8335467,-10.0,0.480246193918
-1.30000000098e-06,-1.30000000098e-06,0.480246193918
-0.0358559,-0.0358559,0.480246193918
-0.6386222,-0.6386222,0.480246193918
-2.1759525,-2.1759525,0.480246193918
1.59999999738e-06,1.59999999738e-06,0.480246193918
-20.9999983,-10.0,0.480246193918
-0.0368048,-0.0368048,0.480246193918
-5.7304288,-5.7304288,0.480246193918
-2.0305169,-2.0305169,0.480246193918
-2.2049302,-2.2049302,0.480246193918
-3.3778405,-3.3778405,0.480246193918
0.0358392,0.0358392,0.480246193918
-19.1976804,-10.0,0.480246193918
-1.2287187,-1.2287187,0.480246193918
-0.6953816,-0.6953816,0.480246193918
-20.7209707,-10.0,0.480246193918
-3.7350993,-3.7350993,0.480246193918
-19.715818,-10.0,0.480246193918
-20.7976908,-10.0,0.480246193918
0.0358546,0.0358546,0.480246193918
0.0358559,0.0358559,0.480246193918
-0.6027663,-0.6027663,0.480246193918
-2.1400966,-2.1400966,0.480246193918
0.0358575,0.0358575,0.480246193918
-20.9641424,-10.0,0.480246193918
-0.000948900000001,-0.000948900000001,0.480246193918
-5.6945729,-5.6945729,0.480246193918
-1.4277506,-1.4277506,0.480246193918
-1.6021639,-1.6021639,0.480246193918
-2.7750742,-2.7750742,0.480246193918
0.6386055,0.6386055,0.480246193918
-18.5949141,-10.0,0.480246193918
-0.6259524,-0.6259524,0.480246193918
-0.0926153,-0.0926153,0.480246193918
-20.1182044,-10.0,0.480246193918
-3.132333,-3.132333,0.480246193918
-19.1130517,-10.0,0.480246193918
-20.1949245,-10.0,0.480246193918
0.6386209,0.6386209,0.480246193918
0.6386222,0.6386222,0.480246193918
0.6027663,0.6027663,0.480246193918
-1.5373303,-1.5373303,0.480246193918
0.6386238,0.6386238,0.480246193918
-20.3613761,-10.0,0.480246193918
0.6018174,0.6018174,0.480246193918
-5.0918066,-5.0918066,0.480246193918
0.1095797,0.1095797,0.480246193918
-0.0648336,-0.0648336,0.480246193918
-1.2377439,-1.2377439,0.480246193918
2.1759358,2.1759358,0.480246193918
-17.0575838,-10.0,0.480246193918
0.9113779,0.9113779,0.480246193918
1.444715,1.444715,0.480246193918
-18.5808741,-10.0,0.480246193918
-1.5950027,-1.5950027,0.480246193918
-17.5757214,-10.0,0.480246193918
-18.6575942,-10.0,0.480246193918
2.1759512,2.1759512,0.480246193918
2.1759525,2.1759525,0.480246193918
2.1400966,2.1400966,0.480246193918
1.5373303,1.5373303,0.480246193918
2.1759541,2.1759541,0.480246193918
-18.8240458,-10.0,0.480246193918
2.1391477,2.1391477,0.480246193918
-3.5544763,-3.5544763,0.480246193918
-2.0663744,-2.0663744,0.480246193918
-2.2407877,-2.2407877,0.480246193918
-3.413698,-3.413698,0.480246193918
-1.82999999971e-05,-1.82999999971e-05,0.480246193918
-19.2335379,-10.0,0.480246193918
-1.2645762,-1.2645762,0.480246193918
-0.7312391,-0.7312391,0.480246193918
-20.7568282,-10.0,0.480246193918
-3.7709568,-3.7709568,0.480246193918
-19.7516755,-10.0,0.480246193918
-20.8335483,-10.0,0.480246193918
-2.89999999836e-06,-2.89999999836e-06,0.480246193918
-1.59999999738e-06,-1.59999999738e-06,0.480246193918
-0.0358575,-0.0358575,0.480246193918
-0.6386238,-0.6386238,0.480246193918
-2.1759541,-2.1759541,0.480246193918
-20.9999999,-10.0,0.480246193918
-0.0368064,-0.0368064,0.480246193918
-5.7304304,-5.7304304,0.480246193918
18.9336255,10.0,0.480246193918
18.7592122,10.0,0.480246193918
17.5863019,10.0,0.480246193918
20.9999816,10.0,0.480246193918
1.766462,1.766462,0.480246193918
19.7354237,10.0,0.480246193918
20.2687608,10.0,0.480246193918
0.2431717,0.2431717,0.480246193918
17.2290431,10.0,0.480246193918
1.2483244,1.2483244,0.480246193918
0.1664516,0.1664516,0.480246193918
20.999997,10.0,0.480246193918
20.9999983,10.0,0.480246193918
20.9641424,10.0,0.480246193918
20.3613761,10.0,0.480246193918
18.8240458,10.0,0.480246193918
20.9999999,10.0,0.480246193918
20.9631935,10.0,0.480246193918
15.2695695,10.0,0.480246193918
-2.029568,-2.029568,0.480246193918
-2.2039813,-2.2039813,0.480246193918
-3.3768916,-3.3768916,0.480246193918
0.0367881,0.0367881,0.480246193918
-19.1967315,-10.0,0.480246193918
-1.2277698,-1.2277698,0.480246193918
-0.6944327,-0.6944327,0.480246193918
-20.7200218,-10.0,0.480246193918
-3.7341504,-3.7341504,0.480246193918
-19.7148691,-10.0,0.480246193918
-20.7967419,-10.0,0.480246193918
0.0368035,0.0368035,0.480246193918
0.0368048,0.0368048,0.480246193918
0.000948900000001,0.000948900000001,0.480246193918
-0.6018174,-0.6018174,0.480246193918
-2.1391477,-2.1391477,0.480246193918
0.0368064,0.0368064,0.480246193918
-20.9631935,-10.0,0.480246193918
-5.693624,-5.693624,0.480246193918
3.664056,3.664056,0.480246193918
3.4896427,3.4896427,0.480246193918
2.3167324,2.3167324,0.480246193918
5.7304121,5.7304121,0.480246193918
-13.5031075,-10.0,0.480246193918
4.4658542,4.4658542,0.480246193918
4.9991913,4.9991913,0.480246193918
-15.0263978,-10.0,0.480246193918
1.9594736,1.9594736,0.480246193918
-14.0212451,-10.0,0.480246193918
-15.1031179,-10.0,0.480246193918
5.7304275,5.7304275,0.480246193918
5.7304288,5.7304288,0.480246193918
5.6945729,5.6945729,0.480246193918
5.0918066,5.0918066,0.480246193918
3.5544763,3.5544763,0.480246193918
5.7304304,5.7304304,0.480246193918
-15.2695695,-10.0,0.480246193918
5.693624,5.693624,0.480246193918
-0.9300623,-0.9300623,0.221603396339
11.5522677,10.0,0.221603396339
13.7441588,10.0,0.221603396339
-1.7485814,-1.7485814,0.221603396339
10.8173612,10.0,0.221603396339
-1.2902986,-1.2902986,0.221603396339
-2.8757838,-2.8757838,0.221603396339
-2.9003375,-2.9003375,0.221603396339
-6.1791211,-6.1791211,0.221603396339
-2.4814548,-2.4814548,0.221603396339
14.8206671,10.0,0.221603396339
2.097671,2.097671,0.221603396339
-3.2021959,-3.2021959,0.221603396339
-2.5939155,-2.5939155,0.221603396339
-1.1082091,-1.1082091,0.221603396339
-1.7668287,-1.7668287,0.221603396339
-3.4262897,-3.4262897,0.221603396339
12.32749,10.0,0.221603396339
14.8208789,10.0,0.221603396339
0.9300623,0.9300623,0.221603396339
12.48233,10.0,0.221603396339
14.6742211,10.0,0.221603396339
-0.8185191,-0.8185191,0.221603396339
11.7474235,10.0,0.221603396339
-0.3602363,-0.3602363,0.221603396339
-1.9457215,-1.9457215,0.221603396339
-1.9702752,-1.9702752,0.221603396339
-5.2490588,-5.2490588,0.221603396339
-1.5513925,-1.5513925,0.221603396339
15.7507294,10.0,0.221603396339
3.0277333,3.0277333,0.221603396339
-2.2721336,-2.2721336,0.221603396339
-1.6638532,-1.6638532,0.221603396339
-0.1781468,-0.1781468,0.221603396339
-0.8367664,-0.8367664,0.221603396339
-2.4962274,-2.4962274,0.221603396339
13.2575523,10.0,0.221603396339
15.7509412,10.0,0.221603396339
-11.5522677,-10.0,0.221603396339
-12.48233,-10.0,0.221603396339
2.1918911,2.1918911,0.221603396339
-13.3008491,-10.0,0.221603396339
-0.7349065,-0.7349065,0.221603396339
-12.8425663,-10.0,0.221603396339
-14.4280515,-10.0,0.221603396339
-14.4526052,-10.0,0.221603396339
-17.7313888,-10.0,0.221603396339
-14.0337225,-10.0,0.221603396339
3.2683994,3.2683994,0.221603396339
-9.4545967,-9.4545967,0.221603396339
-14.7544636,-10.0,0.221603396339
-14.1461832,-10.0,0.221603396339
-12.6604768,-10.0,0.221603396339
-13.3190964,-10.0,0.221603396339
-14.9785574,-10.0,0.221603396339
0.7752223,0.7752223,0.221603396339
3.2686112,3.2686112,0.221603396339
-13.7441588,-10.0,0.221603396339
-14.6742211,-10.0,0.221603396339
-2.1918911,-2.1918911,0.221603396339
-15.4927402,-10.0,0.221603396339
-2.9267976,-2.9267976,0.221603396339
-15.0344574,-10.0,0.221603396339
-16.6199426,-10.0,0.221603396339
-16.6444963,-10.0,0.221603396339
-19.9232799,-10.0,0.221603396339
-16.2256136,-10.0,0.221603396339
1.0765083,1.0765083,0.221603396339
-11.6464878,-10.0,0.221603396339
-16.9463547,-10.0,0.221603396339
-16.3380743,-10.0,0.221603396339
-14.8523679,-10.0,0.221603396339
-15.5109875,-10.0,0.221603396339
-17.1704485,-10.0,0.221603396339
-1.4166688,-1.4166688,0.221603396339
1.0767201,1.0767201,0.221603396339
1.7485814,1.7485814,0.221603396339
0.8185191,0.8185191,0.221603396339
13.3008491,10.0,0.221603396339
15.4927402,10.0,0.221603396339
12.5659426,10.0,0.221603396339
0.4582828,0.4582828,0.221603396339
-1.1272024,-1.1272024,0.221603396339
-1.1517561,-1.1517561,0.221603396339
-4.4305397,-4.4305397,0.221603396339
-0.7328734,-0.7328734,0.221603396339
16.5692485,10.0,0.221603396339
3.8462524,3.8462524,0.221603396339
-1.4536145,-1.4536145,0.221603396339
-0.8453341,-0.8453341,0.221603396339
0.6403723,0.6403723,0.221603396339
-0.0182473,-0.0182473,0.221603396339
-1.6777083,-1.6777083,0.221603396339
14.0760714,10.0,0.221603396339
16.5694603,10.0,0.221603396339
-10.8173612,-10.0,0.221603396339
-11.7474235,-10.0,0.221603396339
0.7349065,0.7349065,0.221603396339
2.9267976,2.9267976,0.221603396339
-12.5659426,-10.0,0.221603396339
-12.1076598,-10.0,0.221603396339
-13.693145,-10.0,0.221603396339
-13.7176987,-10.0,0.221603396339
-16.9964823,-10.0,0.221603396339
-13.298816,-10.0,0.221603396339
4.0033059,4.0033059,0.221603396339
-8.7196902,-8.7196902,0.221603396339
-14.0195571,-10.0,0.221603396339
-13.4112767,-10.0,0.221603396339
-11.9255703,-10.0,0.221603396339
-12.5841899,-10.0,0.221603396339
-14.2436509,-10.0,0.221603396339
1.5101288,1.5101288,0.221603396339
4.0035177,4.0035177,0.221603396339
1.2902986,1.2902986,0.221603396339
0.3602363,0.3602363,0.221603396339
12.8425663,10.0,0.221603396339
15.0344574,10.0,0.221603396339
-0.4582828,-0.4582828,0.221603396339
12.1076598,10.0,0.221603396339
-1.5854852,-1.5854852,0.221603396339
-1.6100389,-1.6100389,0.221603396339
-4.8888225,-4.8888225,0.221603396339
-1.1911562,-1.1911562,0.221603396339
16.1109657,10.0,0.221603396339
3.3879696,3.3879696,0.221603396339
-1.9118973,-1.9118973,0.221603396339
-1.3036169,-1.3036169,0.221603396339
0.1820895,0.1820895,0.221603396339
-0.4765301,-0.4765301,0.221603396339
-2.1359911,-2.1359911,0.221603396339
13.6177886,10.0,0.221603396339
16.1111775,10.0,0.221603396339
2.8757838,2.8757838,0.221603396339
1.9457215,1.9457215,0.221603396339
14.4280515,10.0,0.221603396339
16.6199426,10.0,0.221603396339
1.1272024,1.1272024,0.221603396339
13.693145,10.0,0.221603396339
1.5854852,1.5854852,0.221603396339
-0.0245537,-0.0245537,0.221603396339
-3.3033373,-3.3033373,0.221603396339
0.394329,0.394329,0.221603396339
17.6964509,10.0,0.221603396339
4.9734548,4.9734548,0.221603396339
-0.3264121,-0.3264121,0.221603396339
0.2818683,0.2818683,0.221603396339
1.7675747,1.7675747,0.221603396339
1.1089551,1.1089551,0.221603396339
-0.5505059,-0.5505059,0.221603396339
15.2032738,10.0,0.221603396339
17.6966627,10.0,0.221603396339
2.9003375,2.9003375,0.221603396339
1.9702752,1.9702752,0.221603396339
14.4526052,10.0,0.221603396339
16.6444963,10.0,0.221603396339
1.1517561,1.1517561,0.221603396339
13.7176987,10.0,0.221603396339
1.6100389,1.6100389,0.221603396339
0.0245537,0.0245537,0.221603396339
-3.2787836,-3.2787836,0.221603396339
0.4188827,0.4188827,0.221603396339
17.7210046,10.0,0.221603396339
4.9980085,4.9980085,0.221603396339
-0.3018584,-0.3018584,0.221603396339
0.306422,0.306422,0.221603396339
1.7921284,1.7921284,0.221603396339
1.1335088,1.1335088,0.221603396339
-0.5259522,-0.5259522,0.221603396339
15.2278275,10.0,0.221603396339
17.7212164,10.0,0.221603396339
6.1791211,6.1791211,0.221603396339
5.2490588,5.2490588,0.221603396339
17.7313888,10.0,0.221603396339
19.9232799,10.0,0.221603396339
4.4305397,4.4305397,0.221603396339
16.9964823,10.0,0.221603396339
4.8888225,4.8888225,0.221603396339
3.3033373,3.3033373,0.221603396339
3.2787836,3.2787836,0.221603396339
3.6976663,3.6976663,0.221603396339
20.9997882,10.0,0.221603396339
8.2767921,8.2767921,0.221603396339
2.9769252,2.9769252,0.221603396339
3.5852056,3.5852056,0.221603396339
5.070912,5.070912,0.221603396339
4.4122924,4.4122924,0.221603396339
2.7528314,2.7528314,0.221603396339
18.5066111,10.0,0.221603396339
21.0,10.0,0.221603396339
2.4814548,2.4814548,0.221603396339
1.5513925,1.5513925,0.221603396339
14.0337225,10.0,0.221603396339
16.2256136,10.0,0.221603396339
0.7328734,0.7328734,0.221603396339
13.298816,10.0,0.221603396339
1.1911562,1.1911562,0.221603396339
-0.394329,-0.394329,0.221603396339
-0.4188827,-0.4188827,0.221603396339
-3.6976663,-3.6976663,0.221603396339
17.3021219,10.0,0.221603396339
4.5791258,4.5791258,0.221603396339
-0.7207411,-0.7207411,0.221603396339
-0.1124607,-0.1124607,0.221603396339
1.3732457,1.3732457,0.221603396339
0.7146261,0.7146261,0.221603396339
-0.9448349,-0.9448349,0.221603396339
14.8089448,10.0,0.221603396339
17.3023337,10.0,0.221603396339
-14.8206671,-10.0,0.221603396339
-15.7507294,-10.0,0.221603396339
-3.2683994,-3.2683994,0.221603396339
-1.0765083,-1.0765083,0.221603396339
-16.5692485,-10.0,0.221603396339
-4.0033059,-4.0033059,0.221603396339
-16.1109657,-10.0,0.221603396339
-17.6964509,-10.0,0.221603396339
-17.7210046,-10.0,0.221603396339
-20.9997882,-10.0,0.221603396339
-17.3021219,-10.0,0.221603396339
-12.7229961,-10.0,0.221603396339
-18.022863,-10.0,0.221603396339
-17.4145826,-10.0,0.221603396339
-15.9288762,-10.0,0.221603396339
-16.5874958,-10.0,0.221603396339
-18.2469568,-10.0,0.221603396339
-2.4931771,-2.4931771,0.221603396339
0.000211799999999,0.000211799999999,0.221603396339
-2.097671,-2.097671,0.221603396339
-3.0277333,-3.0277333,0.221603396339
9.4545967,9.4545967,0.221603396339
11.6464878,10.0,0.221603396339
-3.8462524,-3.8462524,0.221603396339
8.7196902,8.7196902,0.221603396339
-3.3879696,-3.3879696,0.221603396339
-4.9734548,-4.9734548,0.221603396339
-4.9980085,-4.9980085,0.221603396339
-8.2767921,-8.2767921,0.221603396339
-4.5791258,-4.5791258,0.221603396339
12.7229961,10.0,0.221603396339
-5.2998669,-5.2998669,0.221603396339
-4.6915865,-4.6915865,0.221603396339
-3.2058801,-3.2058801,0.221603396339
-3.8644997,-3.8644997,0.221603396339
-5.5239607,-5.5239607,0.221603396339
10.229819,10.0,0.221603396339
12.7232079,10.0,0.221603396339
3.2021959,3.2021959,0.221603396339
2.2721336,2.2721336,0.221603396339
14.7544636,10.0,0.221603396339
16.9463547,10.0,0.221603396339
1.4536145,1.4536145,0.221603396339
14.0195571,10.0,0.221603396339
1.9118973,1.9118973,0.221603396339
0.3264121,0.3264121,0.221603396339
0.3018584,0.3018584,0.221603396339
-2.9769252,-2.9769252,0.221603396339
0.7207411,0.7207411,0.221603396339
18.022863,10.0,0.221603396339
5.2998669,5.2998669,0.221603396339
0.6082804,0.6082804,0.221603396339
2.0939868,2.0939868,0.221603396339
1.4353672,1.4353672,0.221603396339
-0.2240938,-0.2240938,0.221603396339
15.5296859,10.0,0.221603396339
18.0230748,10.0,0.221603396339
2.5939155,2.5939155,0.221603396339
1.6638532,1.6638532,0.221603396339
14.1461832,10.0,0.221603396339
16.3380743,10.0,0.221603396339
0.8453341,0.8453341,0.221603396339
13.4112767,10.0,0.221603396339
1.3036169,1.3036169,0.221603396339
-0.2818683,-0.2818683,0.221603396339
-0.306422,-0.306422,0.221603396339
-3.5852056,-3.5852056,0.221603396339
0.1124607,0.1124607,0.221603396339
17.4145826,10.0,0.221603396339
4.6915865,4.6915865,0.221603396339
-0.6082804,-0.6082804,0.221603396339
1.4857064,1.4857064,0.221603396339
0.8270868,0.8270868,0.221603396339
-0.8323742,-0.8323742,0.221603396339
14.9214055,10.0,0.221603396339
17.4147944,10.0,0.221603396339
1.1082091,1.1082091,0.221603396339
0.1781468,0.1781468,0.221603396339
12.6604768,10.0,0.221603396339
14.8523679,10.0,0.221603396339
-0.6403723,-0.6403723,0.221603396339
11.9255703,10.0,0.221603396339
-0.1820895,-0.1820895,0.221603396339
-1.7675747,-1.7675747,0.221603396339
-1.7921284,-1.7921284,0.221603396339
-5.070912,-5.070912,0.221603396339
-1.3732457,-1.3732457,0.221603396339
15.9288762,10.0,0.221603396339
3.2058801,3.2058801,0.221603396339
-2.0939868,-2.0939868,0.221603396339
-1.4857064,-1.4857064,0.221603396339
-0.6586196,-0.6586196,0.221603396339
-2.3180806,-2.3180806,0.221603396339
13.4356991,10.0,0.221603396339
15.929088,10.0,0.221603396339
1.7668287,1.7668287,0.221603396339
0.8367664,0.8367664,0.221603396339
13.3190964,10.0,0.221603396339
15.5109875,10.0,0.221603396339
0.0182473,0.0182473,0.221603396339
12.5841899,10.0,0.221603396339
0.4765301,0.4765301,0.221603396339
-1.1089551,-1.1089551,0.221603396339
-1.1335088,-1.1335088,0.221603396339
-4.4122924,-4.4122924,0.221603396339
-0.7146261,-0.7146261,0.221603396339
16.5874958,10.0,0.221603396339
3.8644997,3.8644997,0.221603396339
-1.4353672,-1.4353672,0.221603396339
-0.8270868,-0.8270868,0.221603396339
0.6586196,0.6586196,0.221603396339
-1.659461,-1.659461,0.221603396339
14.0943187,10.0,0.221603396339
16.5877076,10.0,0.221603396339
3.4262897,3.4262897,0.221603396339
2.4962274,2.4962274,0.221603396339
14.9785574,10.0,0.221603396339
17.1704485,10.0,0.221603396339
1.6777083,1.6777083,0.221603396339
14.2436509,10.0,0.221603396339
2.1359911,2.1359911,0.221603396339
0.5505059,0.5505059,0.221603396339
0.5259522,0.5259522,0.221603396339
-2.7528314,-2.7528314,0.221603396339
0.9448349,0.9448349,0.221603396339
18.2469568,10.0,0.221603396339
5.5239607,5.5239607,0.221603396339
0.2240938,0.2240938,0.221603396339
0.8323742,0.8323742,0.221603396339
2.3180806,2.3180806,0.221603396339
1.659461,1.659461,0.221603396339
15.7537797,10.0,0.221603396339
18.2471686,10.0,0.221603396339
-12.32749,-10.0,0.221603396339
-13.2575523,-10.0,0.221603396339
-0.7752223,-0.7752223,0.221603396339
1.4166688,1.4166688,0.221603396339
-14.0760714,-10.0,0.221603396339
-1.5101288,-1.5101288,0.221603396339
-13.6177886,-10.0,0.221603396339
-15.2032738,-10.0,0.221603396339
-15.2278275,-10.0,0.221603396339
-18.5066111,-10.0,0.221603396339
-14.8089448,-10.0,0.221603396339
2.4931771,2.4931771,0.221603396339
-10.229819,-10.0,0.221603396339
-15.5296859,-10.0,0.221603396339
-14.9214055,-10.0,0.221603396339
-13.4356991,-10.0,0.221603396339
-14.0943187,-10.0,0.221603396339
-15.7537797,-10.0,0.221603396339
2.4933889,2.4933889,0.221603396339
-14.8208789,-10.0,0.221603396339
-15.7509412,-10.0,0.221603396339
-3.2686112,-3.2686112,0.221603396339
-1.0767201,-1.0767201,0.221603396339
-16.5694603,-10.0,0.221603396339
-4.0035177,-4.0035177,0.221603396339
-16.1111775,-10.0,0.221603396339
-17.6966627,-10.0,0.221603396339
-17.7212164,-10.0,0.221603396339
-21.0,-10.0,0.221603396339
-17.3023337,-10.0,0.221603396339
-0.000211799999999,-0.000211799999999,0.221603396339
-12.7232079,-10.0,0.221603396339
-18.0230748,-10.0,0.221603396339
-17.4147944,-10.0,0.221603396339
-15.929088,-10.0,0.221603396339
-16.5877076,-10.0,0.221603396339
-18.2471686,-10.0,0.221603396339
-2.4933889,-2.4933889,0.221603396339
7.7516671,7.7516671,0.507973371658
-1.0690299,-1.0690299,0.507973371658
-1.4642118,-1.4642118,0.507973371658
11.9516144,10.0,0.507973371658
15.756993,10.0,0.507973371658
20.1751074,10.0,0.507973371658
15.8860128,10.0,0.507973371658
-0.8248925,-0.8248925,0.507973371658
19.6882583,10.0,0.507973371658
20.1594489,10.0,0.507973371658
-0.2345006,-0.2345006,0.507973371658
13.4536838,10.0,0.507973371658
0.384275,0.384275,0.507973371658
1.0397776,1.0397776,0.507973371658
-0.4733163,-0.4733163,0.507973371658
0.5942571,0.5942571,0.507973371658
15.3247057,10.0,0.507973371658
20.1749888,10.0,0.507973371658
15.4759095,10.0,0.507973371658
-7.7516671,-7.7516671,0.507973371658
-8.820697,-8.820697,0.507973371658
-9.2158789,-9.2158789,0.507973371658
4.1999473,4.1999473,0.507973371658
8.0053259,8.0053259,0.507973371658
12.4234403,10.0,0.507973371658
8.1343457,8.1343457,0.507973371658
-8.5765596,-8.5765596,0.507973371658
11.9365912,10.0,0.507973371658
12.4077818,10.0,0.507973371658
-7.9861677,-7.9861677,0.507973371658
5.7020167,5.7020167,0.507973371658
-7.3673921,-7.3673921,0.507973371658
-6.7118895,-6.7118895,0.507973371658
-8.2249834,-8.2249834,0.507973371658
-7.15741,-7.15741,0.507973371658
7.5730386,7.5730386,0.507973371658
12.4233217,10.0,0.507973371658
7.7242424,7.7242424,0.507973371658
1.0690299,1.0690299,0.507973371658
8.820697,8.820697,0.507973371658
-0.3951819,-0.3951819,0.507973371658
13.0206443,10.0,0.507973371658
16.8260229,10.0,0.507973371658
21.2441373,10.0,0.507973371658
16.9550427,10.0,0.507973371658
0.2441374,0.2441374,0.507973371658
20.7572882,10.0,0.507973371658
21.2284788,10.0,0.507973371658
0.8345293,0.8345293,0.507973371658
14.5227137,10.0,0.507973371658
1.4533049,1.4533049,0.507973371658
2.1088075,2.1088075,0.507973371658
0.5957136,0.5957136,0.507973371658
1.663287,1.663287,0.507973371658
16.3937356,10.0,0.507973371658
21.2440187,10.0,0.507973371658
16.5449394,10.0,0.507973371658
1.4642118,1.4642118,0.507973371658
9.2158789,9.2158789,0.507973371658
0.3951819,0.3951819,0.507973371658
13.4158262,10.0,0.507973371658
17.2212048,10.0,0.507973371658
21.6393192,10.0,0.507973371658
17.3502246,10.0,0.507973371658
0.6393193,0.6393193,0.507973371658
21.1524701,10.0,0.507973371658
21.6236607,10.0,0.507973371658
1.2297112,1.2297112,0.507973371658
14.9178956,10.0,0.507973371658
1.8484868,1.8484868,0.507973371658
2.5039894,2.5039894,0.507973371658
0.9908955,0.9908955,0.507973371658
2.0584689,2.0584689,0.507973371658
16.7889175,10.0,0.507973371658
21.6392006,10.0,0.507973371658
16.9401213,10.0,0.507973371658
-11.9516144,-10.0,0.507973371658
-4.1999473,-4.1999473,0.507973371658
-13.0206443,-10.0,0.507973371658
-13.4158262,-10.0,0.507973371658
3.8053786,3.8053786,0.507973371658
8.223493,8.223493,0.507973371658
3.9343984,3.9343984,0.507973371658
-12.7765069,-10.0,0.507973371658
7.7366439,7.7366439,0.507973371658
8.2078345,8.2078345,0.507973371658
-12.186115,-10.0,0.507973371658
1.5020694,1.5020694,0.507973371658
-11.5673394,-10.0,0.507973371658
-10.9118368,-10.0,0.507973371658
-12.4249307,-10.0,0.507973371658
-11.3573573,-10.0,0.507973371658
3.3730913,3.3730913,0.507973371658
8.2233744,8.2233744,0.507973371658
3.5242951,3.5242951,0.507973371658
-15.756993,-10.0,0.507973371658
-8.0053259,-8.0053259,0.507973371658
-16.8260229,-10.0,0.507973371658
-17.2212048,-10.0,0.507973371658
-3.8053786,-3.8053786,0.507973371658
4.4181144,4.4181144,0.507973371658
0.1290198,0.1290198,0.507973371658
-16.5818855,-10.0,0.507973371658
3.9312653,3.9312653,0.507973371658
4.4024559,4.4024559,0.507973371658
-15.9914936,-10.0,0.507973371658
-2.3033092,-2.3033092,0.507973371658
-15.372718,-10.0,0.507973371658
-14.7172154,-10.0,0.507973371658
-16.2303093,-10.0,0.507973371658
-15.1627359,-10.0,0.507973371658
-0.4322873,-0.4322873,0.507973371658
4.4179958,4.4179958,0.507973371658
-0.2810835,-0.2810835,0.507973371658
-20.1751074,-10.0,0.507973371658
-12.4234403,-10.0,0.507973371658
-21.2441373,-10.0,0.507973371658
-21.6393192,-10.0,0.507973371658
-8.223493,-8.223493,0.507973371658
-4.4181144,-4.4181144,0.507973371658
-4.2890946,-4.2890946,0.507973371658
-20.9999999,-10.0,0.507973371658
-0.4868491,-0.4868491,0.507973371658
-0.0156585,-0.0156585,0.507973371658
-20.409608,-10.0,0.507973371658
-6.7214236,-6.7214236,0.507973371658
-19.7908324,-10.0,0.507973371658
-19.1353298,-10.0,0.507973371658
-20.6484237,-10.0,0.507973371658
-19.5808503,-10.0,0.507973371658
-4.8504017,-4.8504017,0.507973371658
-0.0001186,-0.0001186,0.507973371658
-4.6991979,-4.6991979,0.507973371658
-15.8860128,-10.0,0.507973371658
-8.1343457,-8.1343457,0.507973371658
-16.9550427,-10.0,0.507973371658
-17.3502246,-10.0,0.507973371658
-3.9343984,-3.9343984,0.507973371658
-0.1290198,-0.1290198,0.507973371658
4.2890946,4.2890946,0.507973371658
-16.7109053,-10.0,0.507973371658
3.8022455,3.8022455,0.507973371658
4.2734361,4.2734361,0.507973371658
-16.1205134,-10.0,0.507973371658
-2.432329,-2.432329,0.507973371658
-15.5017378,-10.0,0.507973371658
-14.8462352,-10.0,0.507973371658
-16.3593291,-10.0,0.507973371658
-15.2917557,-10.0,0.507973371658
-0.5613071,-0.5613071,0.507973371658
4.288976,4.288976,0.507973371658
-0.4101033,-0.4101033,0.507973371658
0.8248925,0.8248925,0.507973371658
8.5765596,8.5765596,0.507973371658
-0.2441374,-0.2441374,0.507973371658
-0.6393193,-0.6393193,0.507973371658
12.7765069,10.0,0.507973371658
16.5818855,10.0,0.507973371658
20.9999999,10.0,0.507973371658
16.7109053,10.0,0.507973371658
20.5131508,10.0,0.507973371658
20.9843414,10.0,0.507973371658
0.5903919,0.5903919,0.507973371658
14.2785763,10.0,0.507973371658
1.2091675,1.2091675,0.507973371658
1.8646701,1.8646701,0.507973371658
0.3515762,0.3515762,0.507973371658
1.4191496,1.4191496,0.507973371658
16.1495982,10.0,0.507973371658
20.9998813,10.0,0.507973371658
16.300802,10.0,0.507973371658
-19.6882583,-10.0,0.507973371658
-11.9365912,-10.0,0.507973371658
-20.7572882,-10.0,0.507973371658
-21.1524701,-10.0,0.507973371658
-7.7366439,-7.7366439,0.507973371658
-3.9312653,-3.9312653,0.507973371658
0.4868491,0.4868491,0.507973371658
-3.8022455,-3.8022455,0.507973371658
-20.5131508,-10.0,0.507973371658
0.4711906,0.4711906,0.507973371658
-19.9227589,-10.0,0.507973371658
-6.2345745,-6.2345745,0.507973371658
-19.3039833,-10.0,0.507973371658
-18.6484807,-10.0,0.507973371658
-20.1615746,-10.0,0.507973371658
-19.0940012,-10.0,0.507973371658
-4.3635526,-4.3635526,0.507973371658
0.4867305,0.4867305,0.507973371658
-4.2123488,-4.2123488,0.507973371658
-20.1594489,-10.0,0.507973371658
-12.4077818,-10.0,0.507973371658
-21.2284788,-10.0,0.507973371658
-21.6236607,-10.0,0.507973371658
-8.2078345,-8.2078345,0.507973371658
-4.4024559,-4.4024559,0.507973371658
0.0156585,0.0156585,0.507973371658
-4.2734361,-4.2734361,0.507973371658
-20.9843414,-10.0,0.507973371658
-0.4711906,-0.4711906,0.507973371658
-20.3939495,-10.0,0.507973371658
-6.7057651,-6.7057651,0.507973371658
-19.7751739,-10.0,0.507973371658
-19.1196713,-10.0,0.507973371658
-20.6327652,-10.0,0.507973371658
-19.5651918,-10.0,0.507973371658
-4.8347432,-4.8347432,0.507973371658
0.0155399,0.0155399,0.507973371658
-4.6835394,-4.6835394,0.507973371658
0.2345006,0.2345006,0.507973371658
7.9861677,7.9861677,0.507973371658
-0.8345293,-0.8345293,0.507973371658
-1.2297112,-1.2297112,0.507973371658
12.186115,10.0,0.507973371658
15.9914936,10.0,0.507973371658
20.409608,10.0,0.507973371658
16.1205134,10.0,0.507973371658
-0.5903919,-0.5903919,0.507973371658
19.9227589,10.0,0.507973371658
20.3939495,10.0,0.507973371658
13.6881844,10.0,0.507973371658
0.6187756,0.6187756,0.507973371658
1.2742782,1.2742782,0.507973371658
-0.2388157,-0.2388157,0.507973371658
0.8287577,0.8287577,0.507973371658
15.5592063,10.0,0.507973371658
20.4094894,10.0,0.507973371658
15.7104101,10.0,0.507973371658
-13.4536838,-10.0,0.507973371658
-5.7020167,-5.7020167,0.507973371658
-14.5227137,-10.0,0.507973371658
-14.9178956,-10.0,0.507973371658
-1.5020694,-1.5020694,0.507973371658
2.3033092,2.3033092,0.507973371658
6.7214236,6.7214236,0.507973371658
2.432329,2.432329,0.507973371658
-14.2785763,-10.0,0.507973371658
6.2345745,6.2345745,0.507973371658
6.7057651,6.7057651,0.507973371658
-13.6881844,-10.0,0.507973371658
-13.0694088,-10.0,0.507973371658
-12.4139062,-10.0,0.507973371658
-13.9270001,-10.0,0.507973371658
-12.8594267,-10.0,0.507973371658
1.8710219,1.8710219,0.507973371658
6.721305,6.721305,0.507973371658
2.0222257,2.0222257,0.507973371658
-0.384275,-0.384275,0.507973371658
7.3673921,7.3673921,0.507973371658
-1.4533049,-1.4533049,0.507973371658
-1.8484868,-1.8484868,0.507973371658
11.5673394,10.0,0.507973371658
15.372718,10.0,0.507973371658
19.7908324,10.0,0.507973371658
15.5017378,10.0,0.507973371658
-1.2091675,-1.2091675,0.507973371658
19.3039833,10.0,0.507973371658
19.7751739,10.0,0.507973371658
-0.6187756,-0.6187756,0.507973371658
13.0694088,10.0,0.507973371658
0.6555026,0.6555026,0.507973371658
-0.8575913,-0.8575913,0.507973371658
0.2099821,0.2099821,0.507973371658
14.9404307,10.0,0.507973371658
19.7907138,10.0,0.507973371658
15.0916345,10.0,0.507973371658
-1.0397776,-1.0397776,0.507973371658
6.7118895,6.7118895,0.507973371658
-2.1088075,-2.1088075,0.507973371658
-2.5039894,-2.5039894,0.507973371658
10.9118368,10.0,0.507973371658
14.7172154,10.0,0.507973371658
19.1353298,10.0,0.507973371658
14.8462352,10.0,0.507973371658
-1.8646701,-1.8646701,0.507973371658
18.6484807,10.0,0.507973371658
19.1196713,10.0,0.507973371658
-1.2742782,-1.2742782,0.507973371658
12.4139062,10.0,0.507973371658
-0.6555026,-0.6555026,0.507973371658
-1.5130939,-1.5130939,0.507973371658
-0.4455205,-0.4455205,0.507973371658
14.2849281,10.0,0.507973371658
19.1352112,10.0,0.507973371658
14.4361319,10.0,0.507973371658
0.4733163,0.4733163,0.507973371658
8.2249834,8.2249834,0.507973371658
-0.5957136,-0.5957136,0.507973371658
-0.9908955,-0.9908955,0.507973371658
12.4249307,10.0,0.507973371658
16.2303093,10.0,0.507973371658
20.6484237,10.0,0.507973371658
16.3593291,10.0,0.507973371658
-0.3515762,-0.3515762,0.507973371658
20.1615746,10.0,0.507973371658
20.6327652,10.0,0.507973371658
0.2388157,0.2388157,0.507973371658
13.9270001,10.0,0.507973371658
0.8575913,0.8575913,0.507973371658
1.5130939,1.5130939,0.507973371658
1.0675734,1.0675734,0.507973371658
15.798022,10.0,0.507973371658
20.6483051,10.0,0.507973371658
15.9492258,10.0,0.507973371658
-0.5942571,-0.5942571,0.507973371658
7.15741,7.15741,0.507973371658
-1.663287,-1.663287,0.507973371658
-2.0584689,-2.0584689,0.507973371658
11.3573573,10.0,0.507973371658
15.1627359,10.0,0.507973371658
19.5808503,10.0,0.507973371658
15.2917557,10.0,0.507973371658
-1.4191496,-1.4191496,0.507973371658
19.0940012,10.0,0.507973371658
19.5651918,10.0,0.507973371658
-0.8287577,-0.8287577,0.507973371658
12.8594267,10.0,0.507973371658
-0.2099821,-0.2099821,0.507973371658
0.4455205,0.4455205,0.507973371658
-1.0675734,-1.0675734,0.507973371658
14.7304486,10.0,0.507973371658
19.5807317,10.0,0.507973371658
14.8816524,10.0,0.507973371658
-15.3247057,-10.0,0.507973371658
-7.5730386,-7.5730386,0.507973371658
-16.3937356,-10.0,0.507973371658
-16.7889175,-10.0,0.507973371658
-3.3730913,-3.3730913,0.507973371658
0.4322873,0.4322873,0.507973371658
4.8504017,4.8504017,0.507973371658
0.5613071,0.5613071,0.507973371658
-16.1495982,-10.0,0.507973371658
4.3635526,4.3635526,0.507973371658
4.8347432,4.8347432,0.507973371658
-15.5592063,-10.0,0.507973371658
-1.8710219,-1.8710219,0.507973371658
-14.9404307,-10.0,0.507973371658
-14.2849281,-10.0,0.507973371658
-15.798022,-10.0,0.507973371658
-14.7304486,-10.0,0.507973371658
4.8502831,4.8502831,0.507973371658
0.1512038,0.1512038,0.507973371658
-20.1749888,-10.0,0.507973371658
-12.4233217,-10.0,0.507973371658
-21.2440187,-10.0,0.507973371658
-21.6392006,-10.0,0.507973371658
-8.2233744,-8.2233744,0.507973371658
-4.4179958,-4.4179958,0.507973371658
0.0001186,0.0001186,0.507973371658
-4.288976,-4.288976,0.507973371658
-20.9998813,-10.0,0.507973371658
-0.4867305,-0.4867305,0.507973371658
-0.0155399,-0.0155399,0.507973371658
-20.4094894,-10.0,0.507973371658
-6.721305,-6.721305,0.507973371658
-19.7907138,-10.0,0.507973371658
-19.1352112,-10.0,0.507973371658
-20.6483051,-10.0,0.507973371658
-19.5807317,-10.0,0.507973371658
-4.8502831,-4.8502831,0.507973371658
-4.6990793,-4.6990793,0.507973371658
-15.4759095,-10.0,0.507973371658
-7.7242424,-7.7242424,0.507973371658
-16.5449394,-10.0,0.507973371658
-16.9401213,-10.0,0.507973371658
-3.5242951,-3.5242951,0.507973371658
0.2810835,0.2810835,0.507973371658
4.6991979,4.6991979,0.507973371658
0.4101033,0.4101033,0.507973371658
-16.300802,-10.0,0.507973371658
4.2123488,4.2123488,0.507973371658
4.6835394,4.6835394,0.507973371658
-15.7104101,-10.0,0.507973371658
-2.0222257,-2.0222257,0.507973371658
-15.0916345,-10.0,0.507973371658
-14.4361319,-10.0,0.507973371658
-15.9492258,-10.0,0.507973371658
-14.8816524,-10.0,0.507973371658
-0.1512038,-0.1512038,0.507973371658
4.6990793,4.6990793,0.507973371658
2.6655197,2.6655197,0.186312913069
1.6434248,1.6434248,0.186312913069
1.4243491,1.4243491,0.186312913069
-14.1052319,-10.0,0.186312913069
1.2863802,1.2863802,0.186312913069
-15.2177838,-10.0,0.186312913069
-15.310418,-10.0,0.186312913069
2.5300931,2.5300931,0.186312913069
-18.3201349,-10.0,0.186312913069
-15.4220927,-10.0,0.186312913069
-13.8655528,-10.0,0.186312913069
1.8907916,1.8907916,0.186312913069
1.1181071,1.1181071,0.186312913069
2.6798649,2.6798649,0.186312913069
2.6798649,2.6798649,0.186312913069
2.6300659,2.6300659,0.186312913069
-15.7200352,-10.0,0.186312913069
-3.5195137,-3.5195137,0.186312913069
2.6241838,2.6241838,0.186312913069
-2.6655197,-2.6655197,0.186312913069
-1.0220949,-1.0220949,0.186312913069
-1.2411706,-1.2411706,0.186312913069
-16.7707516,-10.0,0.186312913069
-1.3791395,-1.3791395,0.186312913069
-17.8833035,-10.0,0.186312913069
-17.9759377,-10.0,0.186312913069
-0.1354266,-0.1354266,0.186312913069
-20.9856546,-10.0,0.186312913069
-18.0876124,-10.0,0.186312913069
-16.5310725,-10.0,0.186312913069
-0.7747281,-0.7747281,0.186312913069
-1.5474126,-1.5474126,0.186312913069
0.0143452,0.0143452,0.186312913069
0.0143452,0.0143452,0.186312913069
-0.0354538,-0.0354538,0.186312913069
-18.3855549,-10.0,0.186312913069
-6.1850334,-6.1850334,0.186312913069
-0.0413359,-0.0413359,0.186312913069
-1.6434248,-1.6434248,0.186312913069
1.0220949,1.0220949,0.186312913069
-0.2190757,-0.2190757,0.186312913069
-15.7486567,-10.0,0.186312913069
-0.3570446,-0.3570446,0.186312913069
-16.8612086,-10.0,0.186312913069
-16.9538428,-10.0,0.186312913069
0.8866683,0.8866683,0.186312913069
-19.9635597,-10.0,0.186312913069
-17.0655175,-10.0,0.186312913069
-15.5089776,-10.0,0.186312913069
0.2473668,0.2473668,0.186312913069
-0.5253177,-0.5253177,0.186312913069
1.0364401,1.0364401,0.186312913069
1.0364401,1.0364401,0.186312913069
0.9866411,0.9866411,0.186312913069
-17.36346,-10.0,0.186312913069
-5.1629385,-5.1629385,0.186312913069
0.980759,0.980759,0.186312913069
-1.4243491,-1.4243491,0.186312913069
1.2411706,1.2411706,0.186312913069
0.2190757,0.2190757,0.186312913069
-15.529581,-10.0,0.186312913069
-0.1379689,-0.1379689,0.186312913069
-16.6421329,-10.0,0.186312913069
-16.7347671,-10.0,0.186312913069
1.105744,1.105744,0.186312913069
-19.744484,-10.0,0.186312913069
-16.8464418,-10.0,0.186312913069
-15.2899019,-10.0,0.186312913069
0.4664425,0.4664425,0.186312913069
-0.306242,-0.306242,0.186312913069
1.2555158,1.2555158,0.186312913069
1.2555158,1.2555158,0.186312913069
1.2057168,1.2057168,0.186312913069
-17.1443843,-10.0,0.186312913069
-4.9438628,-4.9438628,0.186312913069
1.1998347,1.1998347,0.186312913069
14.1052319,10.0,0.186312913069
16.7707516,10.0,0.186312913069
15.7486567,10.0,0.186312913069
15.529581,10.0,0.186312913069
15.3916121,10.0,0.186312913069
-1.1125519,-1.1125519,0.186312913069
-1.2051861,-1.2051861,0.186312913069
16.635325,10.0,0.186312913069
-4.214903,-4.214903,0.186312913069
-1.3168608,-1.3168608,0.186312913069
0.2396791,0.2396791,0.186312913069
15.9960235,10.0,0.186312913069
15.223339,10.0,0.186312913069
16.7850968,10.0,0.186312913069
16.7850968,10.0,0.186312913069
16.7352978,10.0,0.186312913069
-1.6148033,-1.6148033,0.186312913069
10.5857182,10.0,0.186312913069
16.7294157,10.0,0.186312913069
-1.2863802,-1.2863802,0.186312913069
1.3791395,1.3791395,0.186312913069
0.3570446,0.3570446,0.186312913069
0.1379689,0.1379689,0.186312913069
-15.3916121,-10.0,0.186312913069
-16.504164,-10.0,0.186312913069
-16.5967982,-10.0,0.186312913069
1.2437129,1.2437129,0.186312913069
-19.6065151,-10.0,0.186312913069
-16.7084729,-10.0,0.186312913069
-15.151933,-10.0,0.186312913069
0.6044114,0.6044114,0.186312913069
-0.1682731,-0.1682731,0.186312913069
1.3934847,1.3934847,0.186312913069
1.3934847,1.3934847,0.186312913069
1.3436857,1.3436857,0.186312913069
-17.0064154,-10.0,0.186312913069
-4.8058939,-4.8058939,0.186312913069
1.3378036,1.3378036,0.186312913069
15.2177838,10.0,0.186312913069
17.8833035,10.0,0.186312913069
16.8612086,10.0,0.186312913069
16.6421329,10.0,0.186312913069
1.1125519,1.1125519,0.186312913069
16.504164,10.0,0.186312913069
-0.0926342,-0.0926342,0.186312913069
17.7478769,10.0,0.186312913069
-3.1023511,-3.1023511,0.186312913069
-0.2043089,-0.2043089,0.186312913069
1.352231,1.352231,0.186312913069
17.1085754,10.0,0.186312913069
16.3358909,10.0,0.186312913069
17.8976487,10.0,0.186312913069
17.8976487,10.0,0.186312913069
17.8478497,10.0,0.186312913069
-0.5022514,-0.5022514,0.186312913069
11.6982701,10.0,0.186312913069
17.8419676,10.0,0.186312913069
15.310418,10.0,0.186312913069
17.9759377,10.0,0.186312913069
16.9538428,10.0,0.186312913069
16.7347671,10.0,0.186312913069
1.2051861,1.2051861,0.186312913069
16.5967982,10.0,0.186312913069
0.0926342,0.0926342,0.186312913069
17.8405111,10.0,0.186312913069
-3.0097169,-3.0097169,0.186312913069
-0.1116747,-0.1116747,0.186312913069
1.4448652,1.4448652,0.186312913069
17.2012096,10.0,0.186312913069
16.4285251,10.0,0.186312913069
17.9902829,10.0,0.186312913069
17.9902829,10.0,0.186312913069
17.9404839,10.0,0.186312913069
-0.4096172,-0.4096172,0.186312913069
11.7909043,10.0,0.186312913069
17.9346018,10.0,0.186312913069
-2.5300931,-2.5300931,0.186312913069
0.1354266,0.1354266,0.186312913069
-0.8866683,-0.8866683,0.186312913069
-1.105744,-1.105744,0.186312913069
-16.635325,-10.0,0.186312913069
-1.2437129,-1.2437129,0.186312913069
-17.7478769,-10.0,0.186312913069
-17.8405111,-10.0,0.186312913069
-20.850228,-10.0,0.186312913069
-17.9521858,-10.0,0.186312913069
-16.3956459,-10.0,0.186312913069
-0.6393015,-0.6393015,0.186312913069
-1.411986,-1.411986,0.186312913069
0.1497718,0.1497718,0.186312913069
0.1497718,0.1497718,0.186312913069
0.0999728,0.0999728,0.186312913069
-18.2501283,-10.0,0.186312913069
-6.0496068,-6.0496068,0.186312913069
0.0940907,0.0940907,0.186312913069
18.3201349,10.0,0.186312913069
20.9856546,10.0,0.186312913069
19.9635597,10.0,0.186312913069
19.744484,10.0,0.186312913069
4.214903,4.214903,0.186312913069
19.6065151,10.0,0.186312913069
3.1023511,3.1023511,0.186312913069
3.0097169,3.0097169,0.186312913069
20.850228,10.0,0.186312913069
2.8980422,2.8980422,0.186312913069
4.4545821,4.4545821,0.186312913069
20.2109265,10.0,0.186312913069
19.438242,10.0,0.186312913069
20.9999998,10.0,0.186312913069
20.9999998,10.0,0.186312913069
20.9502008,10.0,0.186312913069
2.6000997,2.6000997,0.186312913069
14.8006212,10.0,0.186312913069
20.9443187,10.0,0.186312913069
15.4220927,10.0,0.186312913069
18.0876124,10.0,0.186312913069
17.0655175,10.0,0.186312913069
16.8464418,10.0,0.186312913069
1.3168608,1.3168608,0.186312913069
16.7084729,10.0,0.186312913069
0.2043089,0.2043089,0.186312913069
0.1116747,0.1116747,0.186312913069
17.9521858,10.0,0.186312913069
-2.8980422,-2.8980422,0.186312913069
1.5565399,1.5565399,0.186312913069
17.3128843,10.0,0.186312913069
16.5401998,10.0,0.186312913069
18.1019576,10.0,0.186312913069
18.1019576,10.0,0.186312913069
18.0521586,10.0,0.186312913069
-0.2979425,-0.2979425,0.186312913069
11.902579,10.0,0.186312913069
18.0462765,10.0,0.186312913069
13.8655528,10.0,0.186312913069
16.5310725,10.0,0.186312913069
15.5089776,10.0,0.186312913069
15.2899019,10.0,0.186312913069
-0.2396791,-0.2396791,0.186312913069
15.151933,10.0,0.186312913069
-1.352231,-1.352231,0.186312913069
-1.4448652,-1.4448652,0.186312913069
16.3956459,10.0,0.186312913069
-4.4545821,-4.4545821,0.186312913069
-1.5565399,-1.5565399,0.186312913069
15.7563444,10.0,0.186312913069
14.9836599,10.0,0.186312913069
16.5454177,10.0,0.186312913069
16.5454177,10.0,0.186312913069
16.4956187,10.0,0.186312913069
-1.8544824,-1.8544824,0.186312913069
10.3460391,10.0,0.186312913069
16.4897366,10.0,0.186312913069
-1.8907916,-1.8907916,0.186312913069
0.7747281,0.7747281,0.186312913069
-0.2473668,-0.2473668,0.186312913069
-0.4664425,-0.4664425,0.186312913069
-15.9960235,-10.0,0.186312913069
-0.6044114,-0.6044114,0.186312913069
-17.1085754,-10.0,0.186312913069
-17.2012096,-10.0,0.186312913069
0.6393015,0.6393015,0.186312913069
-20.2109265,-10.0,0.186312913069
-17.3128843,-10.0,0.186312913069
-15.7563444,-10.0,0.186312913069
-0.7726845,-0.7726845,0.186312913069
0.7890733,0.7890733,0.186312913069
0.7890733,0.7890733,0.186312913069
0.7392743,0.7392743,0.186312913069
-17.6108268,-10.0,0.186312913069
-5.4103053,-5.4103053,0.186312913069
0.7333922,0.7333922,0.186312913069
-1.1181071,-1.1181071,0.186312913069
1.5474126,1.5474126,0.186312913069
0.5253177,0.5253177,0.186312913069
0.306242,0.306242,0.186312913069
-15.223339,-10.0,0.186312913069
0.1682731,0.1682731,0.186312913069
-16.3358909,-10.0,0.186312913069
-16.4285251,-10.0,0.186312913069
1.411986,1.411986,0.186312913069
-19.438242,-10.0,0.186312913069
-16.5401998,-10.0,0.186312913069
-14.9836599,-10.0,0.186312913069
0.7726845,0.7726845,0.186312913069
1.5617578,1.5617578,0.186312913069
1.5617578,1.5617578,0.186312913069
1.5119588,1.5119588,0.186312913069
-16.8381423,-10.0,0.186312913069
-4.6376208,-4.6376208,0.186312913069
1.5060767,1.5060767,0.186312913069
-2.6798649,-2.6798649,0.186312913069
-0.0143452,-0.0143452,0.186312913069
-1.0364401,-1.0364401,0.186312913069
-1.2555158,-1.2555158,0.186312913069
-16.7850968,-10.0,0.186312913069
-1.3934847,-1.3934847,0.186312913069
-17.8976487,-10.0,0.186312913069
-17.9902829,-10.0,0.186312913069
-0.1497718,-0.1497718,0.186312913069
-20.9999998,-10.0,0.186312913069
-18.1019576,-10.0,0.186312913069
-16.5454177,-10.0,0.186312913069
-0.7890733,-0.7890733,0.186312913069
-1.5617578,-1.5617578,0.186312913069
0.0,0.0,0.186312913069
-0.049799,-0.049799,0.186312913069
-18.3999001,-10.0,0.186312913069
-6.1993786,-6.1993786,0.186312913069
-0.0556811,-0.0556811,0.186312913069
-2.6798649,-2.6798649,0.186312913069
-0.0143452,-0.0143452,0.186312913069
-1.0364401,-1.0364401,0.186312913069
-1.2555158,-1.2555158,0.186312913069
-16.7850968,-10.0,0.186312913069
-1.3934847,-1.3934847,0.186312913069
-17.8976487,-10.0,0.186312913069
-17.9902829,-10.0,0.186312913069
-0.1497718,-0.1497718,0.186312913069
-20.9999998,-10.0,0.186312913069
-18.1019576,-10.0,0.186312913069
-16.5454177,-10.0,0.186312913069
-0.7890733,-0.7890733,0.186312913069
-1.5617578,-1.5617578,0.186312913069
0.0,0.0,0.186312913069
-0.049799,-0.049799,0.186312913069
-18.3999001,-10.0,0.186312913069
-6.1993786,-6.1993786,0.186312913069
-0.0556811,-0.0556811,0.186312913069
-2.6300659,-2.6300659,0.186312913069
0.0354538,0.0354538,0.186312913069
-0.9866411,-0.9866411,0.186312913069
-1.2057168,-1.2057168,0.186312913069
-16.7352978,-10.0,0.186312913069
-1.3436857,-1.3436857,0.186312913069
-17.8478497,-10.0,0.186312913069
-17.9404839,-10.0,0.186312913069
-0.0999728,-0.0999728,0.186312913069
-20.9502008,-10.0,0.186312913069
-18.0521586,-10.0,0.186312913069
-16.4956187,-10.0,0.186312913069
-0.7392743,-0.7392743,0.186312913069
-1.5119588,-1.5119588,0.186312913069
0.049799,0.049799,0.186312913069
0.049799,0.049799,0.186312913069
-18.3501011,-10.0,0.186312913069
-6.1495796,-6.1495796,0.186312913069
-0.0058821,-0.0058821,0.186312913069
15.7200352,10.0,0.186312913069
18.3855549,10.0,0.186312913069
17.36346,10.0,0.186312913069
17.1443843,10.0,0.186312913069
1.6148033,1.6148033,0.186312913069
17.0064154,10.0,0.186312913069
0.5022514,0.5022514,0.186312913069
0.4096172,0.4096172,0.186312913069
18.2501283,10.0,0.186312913069
-2.6000997,-2.6000997,0.186312913069
0.2979425,0.2979425,0.186312913069
1.8544824,1.8544824,0.186312913069
17.6108268,10.0,0.186312913069
16.8381423,10.0,0.186312913069
18.3999001,10.0,0.186312913069
18.3999001,10.0,0.186312913069
18.3501011,10.0,0.186312913069
12.2005215,10.0,0.186312913069
18.344219,10.0,0.186312913069
3.5195137,3.5195137,0.186312913069
6.1850334,6.1850334,0.186312913069
5.1629385,5.1629385,0.186312913069
4.9438628,4.9438628,0.186312913069
-10.5857182,-10.0,0.186312913069
4.8058939,4.8058939,0.186312913069
-11.6982701,-10.0,0.186312913069
-11.7909043,-10.0,0.186312913069
6.0496068,6.0496068,0.186312913069
-14.8006212,-10.0,0.186312913069
-11.902579,-10.0,0.186312913069
-10.3460391,-10.0,0.186312913069
5.4103053,5.4103053,0.186312913069
4.6376208,4.6376208,0.186312913069
6.1993786,6.1993786,0.186312913069
6.1993786,6.1993786,0.186312913069
6.1495796,6.1495796,0.186312913069
-12.2005215,-10.0,0.186312913069
6.1436975,6.1436975,0.186312913069
-2.6241838,-2.6241838,0.186312913069
0.0413359,0.0413359,0.186312913069
-0.980759,-0.980759,0.186312913069
-1.1998347,-1.1998347,0.186312913069
-16.7294157,-10.0,0.186312913069
-1.3378036,-1.3378036,0.186312913069
-17.8419676,-10.0,0.186312913069
-17.9346018,-10.0,0.186312913069
-0.0940907,-0.0940907,0.186312913069
-20.9443187,-10.0,0.186312913069
-18.0462765,-10.0,0.186312913069
-16.4897366,-10.0,0.186312913069
-0.7333922,-0.7333922,0.186312913069
-1.5060767,-1.5060767,0.186312913069
0.0556811,0.0556811,0.186312913069
0.0556811,0.0556811,0.186312913069
0.0058821,0.0058821,0.186312913069
-18.344219,-10.0,0.186312913069
-6.1436975,-6.1436975,0.186312913069
0.890963,0.890963,0.313741808271
-0.0332149,-0.0332149,0.313741808271
0.8909652,0.8909652,0.313741808271
-15.0496157,-10.0,0.313741808271
-0.9534603,-0.9534603,0.313741808271
-0.5249715,-0.5249715,0.313741808271
-20.1090341,-10.0,0.313741808271
-1.9991425,-1.9991425,0.313741808271
-18.5366042,-10.0,0.313741808271
0.8909656,0.8909656,0.313741808271
0.8909236,0.8909236,0.313741808271
-2.6279989,-2.6279989,0.313741808271
-4.0292807,-4.0292807,0.313741808271
-0.1645974,-0.1645974,0.313741808271
-16.1541245,-10.0,0.313741808271
-16.263561,-10.0,0.313741808271
-19.2111743,-10.0,0.313741808271
-0.5292873,-0.5292873,0.313741808271
-2.7113668,-2.7113668,0.313741808271
-0.890963,-0.890963,0.313741808271
-0.9241779,-0.9241779,0.313741808271
2.19999999729e-06,2.19999999729e-06,0.313741808271
-15.9405787,-10.0,0.313741808271
-1.8444233,-1.8444233,0.313741808271
-1.4159345,-1.4159345,0.313741808271
-20.9999971,-10.0,0.313741808271
-2.8901055,-2.8901055,0.313741808271
-19.4275672,-10.0,0.313741808271
2.59999999841e-06,2.59999999841e-06,0.313741808271
-3.94000000021e-05,-3.94000000021e-05,0.313741808271
-3.5189619,-3.5189619,0.313741808271
-4.9202437,-4.9202437,0.313741808271
-1.0555604,-1.0555604,0.313741808271
-17.0450875,-10.0,0.313741808271
-17.154524,-10.0,0.313741808271
-20.1021373,-10.0,0.313741808271
-1.4202503,-1.4202503,0.313741808271
-3.6023298,-3.6023298,0.313741808271
0.0332149,0.0332149,0.313741808271
0.9241779,0.9241779,0.313741808271
0.9241801,0.9241801,0.313741808271
-15.0164008,-10.0,0.313741808271
-0.9202454,-0.9202454,0.313741808271
-0.4917566,-0.4917566,0.313741808271
-20.0758192,-10.0,0.313741808271
-1.9659276,-1.9659276,0.313741808271
-18.5033893,-10.0,0.313741808271
0.9241805,0.9241805,0.313741808271
0.9241385,0.9241385,0.313741808271
-2.594784,-2.594784,0.313741808271
-3.9960658,-3.9960658,0.313741808271
-0.1313825,-0.1313825,0.313741808271
-16.1209096,-10.0,0.313741808271
-16.2303461,-10.0,0.313741808271
-19.1779594,-10.0,0.313741808271
-0.4960724,-0.4960724,0.313741808271
-2.6781519,-2.6781519,0.313741808271
-0.8909652,-0.8909652,0.313741808271
-2.19999999729e-06,-2.19999999729e-06,0.313741808271
-0.9241801,-0.9241801,0.313741808271
-15.9405809,-10.0,0.313741808271
-1.8444255,-1.8444255,0.313741808271
-1.4159367,-1.4159367,0.313741808271
-20.9999993,-10.0,0.313741808271
-2.8901077,-2.8901077,0.313741808271
-19.4275694,-10.0,0.313741808271
4.00000001122e-07,4.00000001122e-07,0.313741808271
-4.15999999994e-05,-4.15999999994e-05,0.313741808271
-3.5189641,-3.5189641,0.313741808271
-4.9202459,-4.9202459,0.313741808271
-1.0555626,-1.0555626,0.313741808271
-17.0450897,-10.0,0.313741808271
-17.1545262,-10.0,0.313741808271
-20.1021395,-10.0,0.313741808271
-1.4202525,-1.4202525,0.313741808271
-3.602332,-3.602332,0.313741808271
15.0496157,10.0,0.313741808271
15.9405787,10.0,0.313741808271
15.0164008,10.0,0.313741808271
15.9405809,10.0,0.313741808271
14.0961554,10.0,0.313741808271
14.5246442,10.0,0.313741808271
-5.0594184,-5.0594184,0.313741808271
13.0504732,10.0,0.313741808271
-3.4869885,-3.4869885,0.313741808271
15.9405813,10.0,0.313741808271
15.9405393,10.0,0.313741808271
12.4216168,10.0,0.313741808271
11.020335,10.0,0.313741808271
14.8850183,10.0,0.313741808271
-1.1045088,-1.1045088,0.313741808271
-1.2139453,-1.2139453,0.313741808271
-4.1615586,-4.1615586,0.313741808271
14.5203284,10.0,0.313741808271
12.3382489,10.0,0.313741808271
0.9534603,0.9534603,0.313741808271
1.8444233,1.8444233,0.313741808271
0.9202454,0.9202454,0.313741808271
1.8444255,1.8444255,0.313741808271
-14.0961554,-10.0,0.313741808271
0.4284888,0.4284888,0.313741808271
-19.1555738,-10.0,0.313741808271
-1.0456822,-1.0456822,0.313741808271
-17.5831439,-10.0,0.313741808271
1.8444259,1.8444259,0.313741808271
1.8443839,1.8443839,0.313741808271
-1.6745386,-1.6745386,0.313741808271
-3.0758204,-3.0758204,0.313741808271
0.7888629,0.7888629,0.313741808271
-15.2006642,-10.0,0.313741808271
-15.3101007,-10.0,0.313741808271
-18.257714,-10.0,0.313741808271
0.424173,0.424173,0.313741808271
-1.7579065,-1.7579065,0.313741808271
0.5249715,0.5249715,0.313741808271
1.4159345,1.4159345,0.313741808271
0.4917566,0.4917566,0.313741808271
1.4159367,1.4159367,0.313741808271
-14.5246442,-10.0,0.313741808271
-0.4284888,-0.4284888,0.313741808271
-19.5840626,-10.0,0.313741808271
-1.474171,-1.474171,0.313741808271
-18.0116327,-10.0,0.313741808271
1.4159371,1.4159371,0.313741808271
1.4158951,1.4158951,0.313741808271
-2.1030274,-2.1030274,0.313741808271
-3.5043092,-3.5043092,0.313741808271
0.3603741,0.3603741,0.313741808271
-15.629153,-10.0,0.313741808271
-15.7385895,-10.0,0.313741808271
-18.6862028,-10.0,0.313741808271
-0.0043158,-0.0043158,0.313741808271
-2.1863953,-2.1863953,0.313741808271
20.1090341,10.0,0.313741808271
20.9999971,10.0,0.313741808271
20.0758192,10.0,0.313741808271
20.9999993,10.0,0.313741808271
5.0594184,5.0594184,0.313741808271
19.1555738,10.0,0.313741808271
19.5840626,10.0,0.313741808271
18.1098916,10.0,0.313741808271
1.5724299,1.5724299,0.313741808271
20.9999997,10.0,0.313741808271
20.9999577,10.0,0.313741808271
17.4810352,10.0,0.313741808271
16.0797534,10.0,0.313741808271
19.9444367,10.0,0.313741808271
3.9549096,3.9549096,0.313741808271
3.8454731,3.8454731,0.313741808271
0.8978598,0.8978598,0.313741808271
19.5797468,10.0,0.313741808271
17.3976673,10.0,0.313741808271
1.9991425,1.9991425,0.313741808271
2.8901055,2.8901055,0.313741808271
1.9659276,1.9659276,0.313741808271
2.8901077,2.8901077,0.313741808271
-13.0504732,-10.0,0.313741808271
1.0456822,1.0456822,0.313741808271
1.474171,1.474171,0.313741808271
-18.1098916,-10.0,0.313741808271
-16.5374617,-10.0,0.313741808271
2.8901081,2.8901081,0.313741808271
2.8900661,2.8900661,0.313741808271
-0.6288564,-0.6288564,0.313741808271
-2.0301382,-2.0301382,0.313741808271
1.8345451,1.8345451,0.313741808271
-14.154982,-10.0,0.313741808271
-14.2644185,-10.0,0.313741808271
-17.2120318,-10.0,0.313741808271
1.4698552,1.4698552,0.313741808271
-0.7122243,-0.7122243,0.313741808271
18.5366042,10.0,0.313741808271
19.4275672,10.0,0.313741808271
18.5033893,10.0,0.313741808271
19.4275694,10.0,0.313741808271
3.4869885,3.4869885,0.313741808271
17.5831439,10.0,0.313741808271
18.0116327,10.0,0.313741808271
-1.5724299,-1.5724299,0.313741808271
16.5374617,10.0,0.313741808271
19.4275698,10.0,0.313741808271
19.4275278,10.0,0.313741808271
15.9086053,10.0,0.313741808271
14.5073235,10.0,0.313741808271
18.3720068,10.0,0.313741808271
2.3824797,2.3824797,0.313741808271
2.2730432,2.2730432,0.313741808271
-0.6745701,-0.6745701,0.313741808271
18.0073169,10.0,0.313741808271
15.8252374,10.0,0.313741808271
-0.8909656,-0.8909656,0.313741808271
-2.59999999841e-06,-2.59999999841e-06,0.313741808271
-0.9241805,-0.9241805,0.313741808271
-4.00000001122e-07,-4.00000001122e-07,0.313741808271
-15.9405813,-10.0,0.313741808271
-1.8444259,-1.8444259,0.313741808271
-1.4159371,-1.4159371,0.313741808271
-20.9999997,-10.0,0.313741808271
-2.8901081,-2.8901081,0.313741808271
-19.4275698,-10.0,0.313741808271
-4.20000000005e-05,-4.20000000005e-05,0.313741808271
-3.5189645,-3.5189645,0.313741808271
-4.9202463,-4.9202463,0.313741808271
-1.055563,-1.055563,0.313741808271
-17.0450901,-10.0,0.313741808271
-17.1545266,-10.0,0.313741808271
-20.1021399,-10.0,0.313741808271
-1.4202529,-1.4202529,0.313741808271
-3.6023324,-3.6023324,0.313741808271
-0.8909236,-0.8909236,0.313741808271
3.94000000021e-05,3.94000000021e-05,0.313741808271
-0.9241385,-0.9241385,0.313741808271
4.15999999994e-05,4.15999999994e-05,0.313741808271
-15.9405393,-10.0,0.313741808271
-1.8443839,-1.8443839,0.313741808271
-1.4158951,-1.4158951,0.313741808271
-20.9999577,-10.0,0.313741808271
-2.8900661,-2.8900661,0.313741808271
-19.4275278,-10.0,0.313741808271
4.20000000005e-05,4.20000000005e-05,0.313741808271
-3.5189225,-3.5189225,0.313741808271
-4.9202043,-4.9202043,0.313741808271
-1.055521,-1.055521,0.313741808271
-17.0450481,-10.0,0.313741808271
-17.1544846,-10.0,0.313741808271
-20.1020979,-10.0,0.313741808271
-1.4202109,-1.4202109,0.313741808271
-3.6022904,-3.6022904,0.313741808271
2.6279989,2.6279989,0.313741808271
3.5189619,3.5189619,0.313741808271
2.594784,2.594784,0.313741808271
3.5189641,3.5189641,0.313741808271
-12.4216168,-10.0,0.313741808271
1.6745386,1.6745386,0.313741808271
2.1030274,2.1030274,0.313741808271
-17.4810352,-10.0,0.313741808271
0.6288564,0.6288564,0.313741808271
-15.9086053,-10.0,0.313741808271
3.5189645,3.5189645,0.313741808271
3.5189225,3.5189225,0.313741808271
-1.4012818,-1.4012818,0.313741808271
2.4634015,2.4634015,0.313741808271
-13.5261256,-10.0,0.313741808271
-13.6355621,-10.0,0.313741808271
-16.5831754,-10.0,0.313741808271
2.0987116,2.0987116,0.313741808271
-0.0833679,-0.0833679,0.313741808271
4.0292807,4.0292807,0.313741808271
4.9202437,4.9202437,0.313741808271
3.9960658,3.9960658,0.313741808271
4.9202459,4.9202459,0.313741808271
-11.020335,-10.0,0.313741808271
3.0758204,3.0758204,0.313741808271
3.5043092,3.5043092,0.313741808271
-16.0797534,-10.0,0.313741808271
2.0301382,2.0301382,0.313741808271
-14.5073235,-10.0,0.313741808271
4.9202463,4.9202463,0.313741808271
4.9202043,4.9202043,0.313741808271
1.4012818,1.4012818,0.313741808271
3.8646833,3.8646833,0.313741808271
-12.1248438,-10.0,0.313741808271
-12.2342803,-10.0,0.313741808271
-15.1818936,-10.0,0.313741808271
3.4999934,3.4999934,0.313741808271
1.3179139,1.3179139,0.313741808271
0.1645974,0.1645974,0.313741808271
1.0555604,1.0555604,0.313741808271
0.1313825,0.1313825,0.313741808271
1.0555626,1.0555626,0.313741808271
-14.8850183,-10.0,0.313741808271
-0.7888629,-0.7888629,0.313741808271
-0.3603741,-0.3603741,0.313741808271
-19.9444367,-10.0,0.313741808271
-1.8345451,-1.8345451,0.313741808271
-18.3720068,-10.0,0.313741808271
1.055563,1.055563,0.313741808271
1.055521,1.055521,0.313741808271
-2.4634015,-2.4634015,0.313741808271
-3.8646833,-3.8646833,0.313741808271
-15.9895271,-10.0,0.313741808271
-16.0989636,-10.0,0.313741808271
-19.0465769,-10.0,0.313741808271
-0.3646899,-0.3646899,0.313741808271
-2.5467694,-2.5467694,0.313741808271
16.1541245,10.0,0.313741808271
17.0450875,10.0,0.313741808271
16.1209096,10.0,0.313741808271
17.0450897,10.0,0.313741808271
1.1045088,1.1045088,0.313741808271
15.2006642,10.0,0.313741808271
15.629153,10.0,0.313741808271
-3.9549096,-3.9549096,0.313741808271
14.154982,10.0,0.313741808271
-2.3824797,-2.3824797,0.313741808271
17.0450901,10.0,0.313741808271
17.0450481,10.0,0.313741808271
13.5261256,10.0,0.313741808271
12.1248438,10.0,0.313741808271
15.9895271,10.0,0.313741808271
-0.1094365,-0.1094365,0.313741808271
-3.0570498,-3.0570498,0.313741808271
15.6248372,10.0,0.313741808271
13.4427577,10.0,0.313741808271
16.263561,10.0,0.313741808271
17.154524,10.0,0.313741808271
16.2303461,10.0,0.313741808271
17.1545262,10.0,0.313741808271
1.2139453,1.2139453,0.313741808271
15.3101007,10.0,0.313741808271
15.7385895,10.0,0.313741808271
-3.8454731,-3.8454731,0.313741808271
14.2644185,10.0,0.313741808271
-2.2730432,-2.2730432,0.313741808271
17.1545266,10.0,0.313741808271
17.1544846,10.0,0.313741808271
13.6355621,10.0,0.313741808271
12.2342803,10.0,0.313741808271
16.0989636,10.0,0.313741808271
0.1094365,0.1094365,0.313741808271
-2.9476133,-2.9476133,0.313741808271
15.7342737,10.0,0.313741808271
13.5521942,10.0,0.313741808271
19.2111743,10.0,0.313741808271
20.1021373,10.0,0.313741808271
19.1779594,10.0,0.313741808271
20.1021395,10.0,0.313741808271
4.1615586,4.1615586,0.313741808271
18.257714,10.0,0.313741808271
18.6862028,10.0,0.313741808271
-0.8978598,-0.8978598,0.313741808271
17.2120318,10.0,0.313741808271
0.6745701,0.6745701,0.313741808271
20.1021399,10.0,0.313741808271
20.1020979,10.0,0.313741808271
16.5831754,10.0,0.313741808271
15.1818936,10.0,0.313741808271
19.0465769,10.0,0.313741808271
3.0570498,3.0570498,0.313741808271
2.9476133,2.9476133,0.313741808271
18.681887,10.0,0.313741808271
16.4998075,10.0,0.313741808271
0.5292873,0.5292873,0.313741808271
1.4202503,1.4202503,0.313741808271
0.4960724,0.4960724,0.313741808271
1.4202525,1.4202525,0.313741808271
-14.5203284,-10.0,0.313741808271
-0.424173,-0.424173,0.313741808271
0.0043158,0.0043158,0.313741808271
-19.5797468,-10.0,0.313741808271
-1.4698552,-1.4698552,0.313741808271
-18.0073169,-10.0,0.313741808271
1.4202529,1.4202529,0.313741808271
1.4202109,1.4202109,0.313741808271
-2.0987116,-2.0987116,0.313741808271
-3.4999934,-3.4999934,0.313741808271
0.3646899,0.3646899,0.313741808271
-15.6248372,-10.0,0.313741808271
-15.7342737,-10.0,0.313741808271
-18.681887,-10.0,0.313741808271
-2.1820795,-2.1820795,0.313741808271
2.7113668,2.7113668,0.313741808271
3.6023298,3.6023298,0.313741808271
2.6781519,2.6781519,0.313741808271
3.602332,3.602332,0.313741808271
-12.3382489,-10.0,0.313741808271
1.7579065,1.7579065,0.313741808271
2.1863953,2.1863953,0.313741808271
-17.3976673,-10.0,0.313741808271
0.7122243,0.7122243,0.313741808271
-15.8252374,-10.0,0.313741808271
3.6023324,3.6023324,0.313741808271
3.6022904,3.6022904,0.313741808271
0.0833679,0.0833679,0.313741808271
-1.3179139,-1.3179139,0.313741808271
2.5467694,2.5467694,0.313741808271
-13.4427577,-10.0,0.313741808271
-13.5521942,-10.0,0.313741808271
-16.4998075,-10.0,0.313741808271
2.1820795,2.1820795,0.313741808271
21.175056,10.0,0.403158706424
2.4653763,2.4653763,0.403158706424
6.4173059,6.4173059,0.403158706424
18.6178421,10.0,0.403158706424
1.4119706,1.4119706,0.403158706424
3.247398,3.247398,0.403158706424
21.7917573,10.0,0.403158706424
21.7197895,10.0,0.403158706424
19.7237254,10.0,0.403158706424
21.5857094,10.0,0.403158706424
1.2296522,1.2296522,0.403158706424
21.7914257,10.0,0.403158706424
19.6725239,10.0,0.403158706424
21.6836029,10.0,0.403158706424
0.7917574,0.7917574,0.403158706424
2.0033683,2.0033683,0.403158706424
2.6744243,2.6744243,0.403158706424
18.4727147,10.0,0.403158706424
13.9642505,10.0,0.403158706424
-21.175056,-10.0,0.403158706424
-18.7096797,-10.0,0.403158706424
-14.7577501,-10.0,0.403158706424
-2.5572139,-2.5572139,0.403158706424
-19.7630854,-10.0,0.403158706424
-17.927658,-10.0,0.403158706424
0.6167013,0.6167013,0.403158706424
0.5447335,0.5447335,0.403158706424
-1.4513306,-1.4513306,0.403158706424
0.4106534,0.4106534,0.403158706424
-19.9454038,-10.0,0.403158706424
0.6163697,0.6163697,0.403158706424
-1.5025321,-1.5025321,0.403158706424
0.5085469,0.5085469,0.403158706424
-20.3832986,-10.0,0.403158706424
-19.1716877,-10.0,0.403158706424
-18.5006317,-10.0,0.403158706424
-2.7023413,-2.7023413,0.403158706424
-7.2108055,-7.2108055,0.403158706424
-2.4653763,-2.4653763,0.403158706424
18.7096797,10.0,0.403158706424
3.9519296,3.9519296,0.403158706424
16.1524658,10.0,0.403158706424
-1.0534057,-1.0534057,0.403158706424
0.7820217,0.7820217,0.403158706424
19.326381,10.0,0.403158706424
19.2544132,10.0,0.403158706424
17.2583491,10.0,0.403158706424
19.1203331,10.0,0.403158706424
-1.2357241,-1.2357241,0.403158706424
19.3260494,10.0,0.403158706424
17.2071476,10.0,0.403158706424
19.2182266,10.0,0.403158706424
-1.6736189,-1.6736189,0.403158706424
-0.462008,-0.462008,0.403158706424
0.209048,0.209048,0.403158706424
16.0073384,10.0,0.403158706424
11.4988742,10.0,0.403158706424
-6.4173059,-6.4173059,0.403158706424
14.7577501,10.0,0.403158706424
-3.9519296,-3.9519296,0.403158706424
12.2005362,10.0,0.403158706424
-5.0053353,-5.0053353,0.403158706424
-3.1699079,-3.1699079,0.403158706424
15.3744514,10.0,0.403158706424
15.3024836,10.0,0.403158706424
13.3064195,10.0,0.403158706424
15.1684035,10.0,0.403158706424
-5.1876537,-5.1876537,0.403158706424
15.3741198,10.0,0.403158706424
13.255218,10.0,0.403158706424
15.266297,10.0,0.403158706424
-5.6255485,-5.6255485,0.403158706424
-4.4139376,-4.4139376,0.403158706424
-3.7428816,-3.7428816,0.403158706424
12.0554088,10.0,0.403158706424
7.5469446,7.5469446,0.403158706424
-18.6178421,-10.0,0.403158706424
2.5572139,2.5572139,0.403158706424
-16.1524658,-10.0,0.403158706424
-12.2005362,-10.0,0.403158706424
-17.2058715,-10.0,0.403158706424
-15.3704441,-10.0,0.403158706424
3.1739152,3.1739152,0.403158706424
3.1019474,3.1019474,0.403158706424
1.1058833,1.1058833,0.403158706424
2.9678673,2.9678673,0.403158706424
-17.3881899,-10.0,0.403158706424
3.1735836,3.1735836,0.403158706424
1.0546818,1.0546818,0.403158706424
3.0657608,3.0657608,0.403158706424
-17.8260847,-10.0,0.403158706424
-16.6144738,-10.0,0.403158706424
-15.9434178,-10.0,0.403158706424
-0.1451274,-0.1451274,0.403158706424
-4.6535916,-4.6535916,0.403158706424
-1.4119706,-1.4119706,0.403158706424
19.7630854,10.0,0.403158706424
1.0534057,1.0534057,0.403158706424
5.0053353,5.0053353,0.403158706424
17.2058715,10.0,0.403158706424
1.8354274,1.8354274,0.403158706424
20.3797867,10.0,0.403158706424
20.3078189,10.0,0.403158706424
18.3117548,10.0,0.403158706424
20.1737388,10.0,0.403158706424
-0.1823184,-0.1823184,0.403158706424
20.3794551,10.0,0.403158706424
18.2605533,10.0,0.403158706424
20.2716323,10.0,0.403158706424
-0.6202132,-0.6202132,0.403158706424
0.5913977,0.5913977,0.403158706424
1.2624537,1.2624537,0.403158706424
17.0607441,10.0,0.403158706424
12.5522799,10.0,0.403158706424
-3.247398,-3.247398,0.403158706424
17.927658,10.0,0.403158706424
-0.7820217,-0.7820217,0.403158706424
3.1699079,3.1699079,0.403158706424
15.3704441,10.0,0.403158706424
-1.8354274,-1.8354274,0.403158706424
18.5443593,10.0,0.403158706424
18.4723915,10.0,0.403158706424
16.4763274,10.0,0.403158706424
18.3383114,10.0,0.403158706424
-2.0177458,-2.0177458,0.403158706424
18.5440277,10.0,0.403158706424
16.4251259,10.0,0.403158706424
18.4362049,10.0,0.403158706424
-2.4556406,-2.4556406,0.403158706424
-1.2440297,-1.2440297,0.403158706424
-0.5729737,-0.5729737,0.403158706424
15.2253167,10.0,0.403158706424
10.7168525,10.0,0.403158706424
-21.7917573,-10.0,0.403158706424
-0.6167013,-0.6167013,0.403158706424
-19.326381,-10.0,0.403158706424
-15.3744514,-10.0,0.403158706424
-3.1739152,-3.1739152,0.403158706424
-20.3797867,-10.0,0.403158706424
-18.5443593,-10.0,0.403158706424
-0.0719678,-0.0719678,0.403158706424
-2.0680319,-2.0680319,0.403158706424
-0.2060479,-0.2060479,0.403158706424
-20.5621051,-10.0,0.403158706424
-0.000331599999999,-0.000331599999999,0.403158706424
-2.1192334,-2.1192334,0.403158706424
-0.1081544,-0.1081544,0.403158706424
-20.9999999,-10.0,0.403158706424
-19.788389,-10.0,0.403158706424
-19.117333,-10.0,0.403158706424
-3.3190426,-3.3190426,0.403158706424
-7.8275068,-7.8275068,0.403158706424
-21.7197895,-10.0,0.403158706424
-0.5447335,-0.5447335,0.403158706424
-19.2544132,-10.0,0.403158706424
-15.3024836,-10.0,0.403158706424
-3.1019474,-3.1019474,0.403158706424
-20.3078189,-10.0,0.403158706424
-18.4723915,-10.0,0.403158706424
0.0719678,0.0719678,0.403158706424
-1.9960641,-1.9960641,0.403158706424
-0.1340801,-0.1340801,0.403158706424
-20.4901373,-10.0,0.403158706424
0.0716362,0.0716362,0.403158706424
-2.0472656,-2.0472656,0.403158706424
-0.0361866,-0.0361866,0.403158706424
-20.9280321,-10.0,0.403158706424
-19.7164212,-10.0,0.403158706424
-19.0453652,-10.0,0.403158706424
-3.2470748,-3.2470748,0.403158706424
-7.755539,-7.755539,0.403158706424
-19.7237254,-10.0,0.403158706424
1.4513306,1.4513306,0.403158706424
-17.2583491,-10.0,0.403158706424
-13.3064195,-10.0,0.403158706424
-1.1058833,-1.1058833,0.403158706424
-18.3117548,-10.0,0.403158706424
-16.4763274,-10.0,0.403158706424
2.0680319,2.0680319,0.403158706424
1.9960641,1.9960641,0.403158706424
1.861984,1.861984,0.403158706424
-18.4940732,-10.0,0.403158706424
2.0677003,2.0677003,0.403158706424
-0.0512015,-0.0512015,0.403158706424
1.9598775,1.9598775,0.403158706424
-18.931968,-10.0,0.403158706424
-17.7203571,-10.0,0.403158706424
-17.0493011,-10.0,0.403158706424
-1.2510107,-1.2510107,0.403158706424
-5.7594749,-5.7594749,0.403158706424
-21.5857094,-10.0,0.403158706424
-0.4106534,-0.4106534,0.403158706424
-19.1203331,-10.0,0.403158706424
-15.1684035,-10.0,0.403158706424
-2.9678673,-2.9678673,0.403158706424
-20.1737388,-10.0,0.403158706424
-18.3383114,-10.0,0.403158706424
0.2060479,0.2060479,0.403158706424
0.1340801,0.1340801,0.403158706424
-1.861984,-1.861984,0.403158706424
-20.3560572,-10.0,0.403158706424
0.2057163,0.2057163,0.403158706424
-1.9131855,-1.9131855,0.403158706424
0.0978935,0.0978935,0.403158706424
-20.793952,-10.0,0.403158706424
-19.5823411,-10.0,0.403158706424
-18.9112851,-10.0,0.403158706424
-3.1129947,-3.1129947,0.403158706424
-7.6214589,-7.6214589,0.403158706424
-1.2296522,-1.2296522,0.403158706424
19.9454038,10.0,0.403158706424
1.2357241,1.2357241,0.403158706424
5.1876537,5.1876537,0.403158706424
17.3881899,10.0,0.403158706424
0.1823184,0.1823184,0.403158706424
2.0177458,2.0177458,0.403158706424
20.5621051,10.0,0.403158706424
20.4901373,10.0,0.403158706424
18.4940732,10.0,0.403158706424
20.3560572,10.0,0.403158706424
20.5617735,10.0,0.403158706424
18.4428717,10.0,0.403158706424
20.4539507,10.0,0.403158706424
-0.4378948,-0.4378948,0.403158706424
0.7737161,0.7737161,0.403158706424
1.4447721,1.4447721,0.403158706424
17.2430625,10.0,0.403158706424
12.7345983,10.0,0.403158706424
-21.7914257,-10.0,0.403158706424
-0.6163697,-0.6163697,0.403158706424
-19.3260494,-10.0,0.403158706424
-15.3741198,-10.0,0.403158706424
-3.1735836,-3.1735836,0.403158706424
-20.3794551,-10.0,0.403158706424
-18.5440277,-10.0,0.403158706424
0.000331599999999,0.000331599999999,0.403158706424
-0.0716362,-0.0716362,0.403158706424
-2.0677003,-2.0677003,0.403158706424
-0.2057163,-0.2057163,0.403158706424
-20.5617735,-10.0,0.403158706424
-2.1189018,-2.1189018,0.403158706424
-0.1078228,-0.1078228,0.403158706424
-20.9996683,-10.0,0.403158706424
-19.7880574,-10.0,0.403158706424
-19.1170014,-10.0,0.403158706424
-3.318711,-3.318711,0.403158706424
-7.8271752,-7.8271752,0.403158706424
-19.6725239,-10.0,0.403158706424
1.5025321,1.5025321,0.403158706424
-17.2071476,-10.0,0.403158706424
-13.255218,-10.0,0.403158706424
-1.0546818,-1.0546818,0.403158706424
-18.2605533,-10.0,0.403158706424
-16.4251259,-10.0,0.403158706424
2.1192334,2.1192334,0.403158706424
2.0472656,2.0472656,0.403158706424
0.0512015,0.0512015,0.403158706424
1.9131855,1.9131855,0.403158706424
-18.4428717,-10.0,0.403158706424
2.1189018,2.1189018,0.403158706424
2.011079,2.011079,0.403158706424
-18.8807665,-10.0,0.403158706424
-17.6691556,-10.0,0.403158706424
-16.9980996,-10.0,0.403158706424
-1.1998092,-1.1998092,0.403158706424
-5.7082734,-5.7082734,0.403158706424
-21.6836029,-10.0,0.403158706424
-0.5085469,-0.5085469,0.403158706424
-19.2182266,-10.0,0.403158706424
-15.266297,-10.0,0.403158706424
-3.0657608,-3.0657608,0.403158706424
-20.2716323,-10.0,0.403158706424
-18.4362049,-10.0,0.403158706424
0.1081544,0.1081544,0.403158706424
0.0361866,0.0361866,0.403158706424
-1.9598775,-1.9598775,0.403158706424
-0.0978935,-0.0978935,0.403158706424
-20.4539507,-10.0,0.403158706424
0.1078228,0.1078228,0.403158706424
-2.011079,-2.011079,0.403158706424
-20.8918455,-10.0,0.403158706424
-19.6802346,-10.0,0.403158706424
-19.0091786,-10.0,0.403158706424
-3.2108882,-3.2108882,0.403158706424
-7.7193524,-7.7193524,0.403158706424
-0.7917574,-0.7917574,0.403158706424
20.3832986,10.0,0.403158706424
1.6736189,1.6736189,0.403158706424
5.6255485,5.6255485,0.403158706424
17.8260847,10.0,0.403158706424
0.6202132,0.6202132,0.403158706424
2.4556406,2.4556406,0.403158706424
20.9999999,10.0,0.403158706424
20.9280321,10.0,0.403158706424
18.931968,10.0,0.403158706424
20.793952,10.0,0.403158706424
0.4378948,0.4378948,0.403158706424
20.9996683,10.0,0.403158706424
18.8807665,10.0,0.403158706424
20.8918455,10.0,0.403158706424
1.2116109,1.2116109,0.403158706424
1.8826669,1.8826669,0.403158706424
17.6809573,10.0,0.403158706424
13.1724931,10.0,0.403158706424
-2.0033683,-2.0033683,0.403158706424
19.1716877,10.0,0.403158706424
0.462008,0.462008,0.403158706424
4.4139376,4.4139376,0.403158706424
16.6144738,10.0,0.403158706424
-0.5913977,-0.5913977,0.403158706424
1.2440297,1.2440297,0.403158706424
19.788389,10.0,0.403158706424
19.7164212,10.0,0.403158706424
17.7203571,10.0,0.403158706424
19.5823411,10.0,0.403158706424
-0.7737161,-0.7737161,0.403158706424
19.7880574,10.0,0.403158706424
17.6691556,10.0,0.403158706424
19.6802346,10.0,0.403158706424
-1.2116109,-1.2116109,0.403158706424
0.671056,0.671056,0.403158706424
16.4693464,10.0,0.403158706424
11.9608822,10.0,0.403158706424
-2.6744243,-2.6744243,0.403158706424
18.5006317,10.0,0.403158706424
-0.209048,-0.209048,0.403158706424
3.7428816,3.7428816,0.403158706424
15.9434178,10.0,0.403158706424
-1.2624537,-1.2624537,0.403158706424
0.5729737,0.5729737,0.403158706424
19.117333,10.0,0.403158706424
19.0453652,10.0,0.403158706424
17.0493011,10.0,0.403158706424
18.9112851,10.0,0.403158706424
-1.4447721,-1.4447721,0.403158706424
19.1170014,10.0,0.403158706424
16.9980996,10.0,0.403158706424
19.0091786,10.0,0.403158706424
-1.8826669,-1.8826669,0.403158706424
-0.671056,-0.671056,0.403158706424
15.7982904,10.0,0.403158706424
11.2898262,10.0,0.403158706424
-18.4727147,-10.0,0.403158706424
2.7023413,2.7023413,0.403158706424
-16.0073384,-10.0,0.403158706424
-12.0554088,-10.0,0.403158706424
0.1451274,0.1451274,0.403158706424
-17.0607441,-10.0,0.403158706424
-15.2253167,-10.0,0.403158706424
3.3190426,3.3190426,0.403158706424
3.2470748,3.2470748,0.403158706424
1.2510107,1.2510107,0.403158706424
3.1129947,3.1129947,0.403158706424
-17.2430625,-10.0,0.403158706424
3.318711,3.318711,0.403158706424
1.1998092,1.1998092,0.403158706424
3.2108882,3.2108882,0.403158706424
-17.6809573,-10.0,0.403158706424
-16.4693464,-10.0,0.403158706424
-15.7982904,-10.0,0.403158706424
-4.5084642,-4.5084642,0.403158706424
-13.9642505,-10.0,0.403158706424
7.2108055,7.2108055,0.403158706424
-11.4988742,-10.0,0.403158706424
-7.5469446,-7.5469446,0.403158706424
4.6535916,4.6535916,0.403158706424
-12.5522799,-10.0,0.403158706424
-10.7168525,-10.0,0.403158706424
7.8275068,7.8275068,0.403158706424
7.755539,7.755539,0.403158706424
5.7594749,5.7594749,0.403158706424
7.6214589,7.6214589,0.403158706424
-12.7345983,-10.0,0.403158706424
7.8271752,7.8271752,0.403158706424
5.7082734,5.7082734,0.403158706424
7.7193524,7.7193524,0.403158706424
-13.1724931,-10.0,0.403158706424
-11.9608822,-10.0,0.403158706424
-11.2898262,-10.0,0.403158706424
4.5084642,4.5084642,0.403158706424
14.9287212,10.0,0.0443964183877
20.5873703,10.0,0.0443964183877
20.9999955,10.0,0.0443964183877
20.9999925,10.0,0.0443964183877
20.0098865,10.0,0.0443964183877
20.8524569,10.0,0.0443964183877
20.9998585,10.0,0.0443964183877
20.9999291,10.0,0.0443964183877
20.621768,10.0,0.0443964183877
20.0530891,10.0,0.0443964183877
17.6213386,10.0,0.0443964183877
20.9999997,10.0,0.0443964183877
15.4526957,10.0,0.0443964183877
18.7851618,10.0,0.0443964183877
20.9764392,10.0,0.0443964183877
20.9262794,10.0,0.0443964183877
3.1465342,3.1465342,0.0443964183877
16.9170909,10.0,0.0443964183877
13.7457748,10.0,0.0443964183877
-14.9287212,-10.0,0.0443964183877
5.6586491,5.6586491,0.0443964183877
6.0712743,6.0712743,0.0443964183877
6.0712713,6.0712713,0.0443964183877
5.0811653,5.0811653,0.0443964183877
5.9237357,5.9237357,0.0443964183877
6.0711373,6.0711373,0.0443964183877
6.0712079,6.0712079,0.0443964183877
5.6930468,5.6930468,0.0443964183877
5.1243679,5.1243679,0.0443964183877
2.6926174,2.6926174,0.0443964183877
6.0712785,6.0712785,0.0443964183877
0.5239745,0.5239745,0.0443964183877
3.8564406,3.8564406,0.0443964183877
6.047718,6.047718,0.0443964183877
5.9975582,5.9975582,0.0443964183877
-11.782187,-10.0,0.0443964183877
1.9883697,1.9883697,0.0443964183877
-1.1829464,-1.1829464,0.0443964183877
-20.5873703,-10.0,0.0443964183877
-5.6586491,-5.6586491,0.0443964183877
0.4126252,0.4126252,0.0443964183877
0.4126222,0.4126222,0.0443964183877
-0.5774838,-0.5774838,0.0443964183877
0.2650866,0.2650866,0.0443964183877
0.4124882,0.4124882,0.0443964183877
0.4125588,0.4125588,0.0443964183877
0.0343977,0.0343977,0.0443964183877
-0.5342812,-0.5342812,0.0443964183877
-2.9660317,-2.9660317,0.0443964183877
0.4126294,0.4126294,0.0443964183877
-5.1346746,-5.1346746,0.0443964183877
-1.8022085,-1.8022085,0.0443964183877
0.3890689,0.3890689,0.0443964183877
0.3389091,0.3389091,0.0443964183877
-17.4408361,-10.0,0.0443964183877
-3.6702794,-3.6702794,0.0443964183877
-6.8415955,-6.8415955,0.0443964183877
-20.9999955,-10.0,0.0443964183877
-6.0712743,-6.0712743,0.0443964183877
-0.4126252,-0.4126252,0.0443964183877
-2.99999999953e-06,-2.99999999953e-06,0.0443964183877
-0.990109,-0.990109,0.0443964183877
-0.1475386,-0.1475386,0.0443964183877
-0.000137000000002,-0.000137000000002,0.0443964183877
-6.64000000015e-05,-6.64000000015e-05,0.0443964183877
-0.3782275,-0.3782275,0.0443964183877
-0.9469064,-0.9469064,0.0443964183877
-3.3786569,-3.3786569,0.0443964183877
4.19999999934e-06,4.19999999934e-06,0.0443964183877
-5.5472998,-5.5472998,0.0443964183877
-2.2148337,-2.2148337,0.0443964183877
-0.0235563,-0.0235563,0.0443964183877
-0.0737161,-0.0737161,0.0443964183877
-17.8534613,-10.0,0.0443964183877
-4.0829046,-4.0829046,0.0443964183877
-7.2542207,-7.2542207,0.0443964183877
-20.9999925,-10.0,0.0443964183877
-6.0712713,-6.0712713,0.0443964183877
-0.4126222,-0.4126222,0.0443964183877
2.99999999953e-06,2.99999999953e-06,0.0443964183877
-0.990106,-0.990106,0.0443964183877
-0.1475356,-0.1475356,0.0443964183877
-0.000134000000003,-0.000134000000003,0.0443964183877
-6.34000000019e-05,-6.34000000019e-05,0.0443964183877
-0.3782245,-0.3782245,0.0443964183877
-0.9469034,-0.9469034,0.0443964183877
-3.3786539,-3.3786539,0.0443964183877
7.19999999887e-06,7.19999999887e-06,0.0443964183877
-5.5472968,-5.5472968,0.0443964183877
-2.2148307,-2.2148307,0.0443964183877
-0.0235533,-0.0235533,0.0443964183877
-0.0737131,-0.0737131,0.0443964183877
-17.8534583,-10.0,0.0443964183877
-4.0829016,-4.0829016,0.0443964183877
-7.2542177,-7.2542177,0.0443964183877
-20.0098865,-10.0,0.0443964183877
-5.0811653,-5.0811653,0.0443964183877
0.5774838,0.5774838,0.0443964183877
0.990109,0.990109,0.0443964183877
0.990106,0.990106,0.0443964183877
0.8425704,0.8425704,0.0443964183877
0.989972,0.989972,0.0443964183877
0.9900426,0.9900426,0.0443964183877
0.6118815,0.6118815,0.0443964183877
0.0432026,0.0432026,0.0443964183877
-2.3885479,-2.3885479,0.0443964183877
0.9901132,0.9901132,0.0443964183877
-4.5571908,-4.5571908,0.0443964183877
-1.2247247,-1.2247247,0.0443964183877
0.9665527,0.9665527,0.0443964183877
0.9163929,0.9163929,0.0443964183877
-16.8633523,-10.0,0.0443964183877
-3.0927956,-3.0927956,0.0443964183877
-6.2641117,-6.2641117,0.0443964183877
-20.8524569,-10.0,0.0443964183877
-5.9237357,-5.9237357,0.0443964183877
-0.2650866,-0.2650866,0.0443964183877
0.1475386,0.1475386,0.0443964183877
0.1475356,0.1475356,0.0443964183877
-0.8425704,-0.8425704,0.0443964183877
0.1474016,0.1474016,0.0443964183877
0.1474722,0.1474722,0.0443964183877
-0.2306889,-0.2306889,0.0443964183877
-0.7993678,-0.7993678,0.0443964183877
-3.2311183,-3.2311183,0.0443964183877
0.1475428,0.1475428,0.0443964183877
-5.3997612,-5.3997612,0.0443964183877
-2.0672951,-2.0672951,0.0443964183877
0.1239823,0.1239823,0.0443964183877
0.0738225,0.0738225,0.0443964183877
-17.7059227,-10.0,0.0443964183877
-3.935366,-3.935366,0.0443964183877
-7.1066821,-7.1066821,0.0443964183877
-20.9998585,-10.0,0.0443964183877
-6.0711373,-6.0711373,0.0443964183877
-0.4124882,-0.4124882,0.0443964183877
0.000137000000002,0.000137000000002,0.0443964183877
0.000134000000003,0.000134000000003,0.0443964183877
-0.989972,-0.989972,0.0443964183877
-0.1474016,-0.1474016,0.0443964183877
7.06000000008e-05,7.06000000008e-05,0.0443964183877
-0.3780905,-0.3780905,0.0443964183877
-0.9467694,-0.9467694,0.0443964183877
-3.3785199,-3.3785199,0.0443964183877
0.000141200000002,0.000141200000002,0.0443964183877
-5.5471628,-5.5471628,0.0443964183877
-2.2146967,-2.2146967,0.0443964183877
-0.0234193,-0.0234193,0.0443964183877
-0.0735791,-0.0735791,0.0443964183877
-17.8533243,-10.0,0.0443964183877
-4.0827676,-4.0827676,0.0443964183877
-7.2540837,-7.2540837,0.0443964183877
-20.9999291,-10.0,0.0443964183877
-6.0712079,-6.0712079,0.0443964183877
-0.4125588,-0.4125588,0.0443964183877
6.64000000015e-05,6.64000000015e-05,0.0443964183877
6.34000000019e-05,6.34000000019e-05,0.0443964183877
-0.9900426,-0.9900426,0.0443964183877
-0.1474722,-0.1474722,0.0443964183877
-7.06000000008e-05,-7.06000000008e-05,0.0443964183877
-0.3781611,-0.3781611,0.0443964183877
-0.94684,-0.94684,0.0443964183877
-3.3785905,-3.3785905,0.0443964183877
7.06000000008e-05,7.06000000008e-05,0.0443964183877
-5.5472334,-5.5472334,0.0443964183877
-2.2147673,-2.2147673,0.0443964183877
-0.0234899,-0.0234899,0.0443964183877
-0.0736497,-0.0736497,0.0443964183877
-17.8533949,-10.0,0.0443964183877
-4.0828382,-4.0828382,0.0443964183877
-7.2541543,-7.2541543,0.0443964183877
-20.621768,-10.0,0.0443964183877
-5.6930468,-5.6930468,0.0443964183877
-0.0343977,-0.0343977,0.0443964183877
0.3782275,0.3782275,0.0443964183877
0.3782245,0.3782245,0.0443964183877
-0.6118815,-0.6118815,0.0443964183877
0.2306889,0.2306889,0.0443964183877
0.3780905,0.3780905,0.0443964183877
0.3781611,0.3781611,0.0443964183877
-0.5686789,-0.5686789,0.0443964183877
-3.0004294,-3.0004294,0.0443964183877
0.3782317,0.3782317,0.0443964183877
-5.1690723,-5.1690723,0.0443964183877
-1.8366062,-1.8366062,0.0443964183877
0.3546712,0.3546712,0.0443964183877
0.3045114,0.3045114,0.0443964183877
-17.4752338,-10.0,0.0443964183877
-3.7046771,-3.7046771,0.0443964183877
-6.8759932,-6.8759932,0.0443964183877
-20.0530891,-10.0,0.0443964183877
-5.1243679,-5.1243679,0.0443964183877
0.5342812,0.5342812,0.0443964183877
0.9469064,0.9469064,0.0443964183877
0.9469034,0.9469034,0.0443964183877
-0.0432026,-0.0432026,0.0443964183877
0.7993678,0.7993678,0.0443964183877
0.9467694,0.9467694,0.0443964183877
0.94684,0.94684,0.0443964183877
0.5686789,0.5686789,0.0443964183877
-2.4317505,-2.4317505,0.0443964183877
0.9469106,0.9469106,0.0443964183877
-4.6003934,-4.6003934,0.0443964183877
-1.2679273,-1.2679273,0.0443964183877
0.9233501,0.9233501,0.0443964183877
0.8731903,0.8731903,0.0443964183877
-16.9065549,-10.0,0.0443964183877
-3.1359982,-3.1359982,0.0443964183877
-6.3073143,-6.3073143,0.0443964183877
-17.6213386,-10.0,0.0443964183877
-2.6926174,-2.6926174,0.0443964183877
2.9660317,2.9660317,0.0443964183877
3.3786569,3.3786569,0.0443964183877
3.3786539,3.3786539,0.0443964183877
2.3885479,2.3885479,0.0443964183877
3.2311183,3.2311183,0.0443964183877
3.3785199,3.3785199,0.0443964183877
3.3785905,3.3785905,0.0443964183877
3.0004294,3.0004294,0.0443964183877
2.4317505,2.4317505,0.0443964183877
3.3786611,3.3786611,0.0443964183877
-2.1686429,-2.1686429,0.0443964183877
1.1638232,1.1638232,0.0443964183877
3.3551006,3.3551006,0.0443964183877
3.3049408,3.3049408,0.0443964183877
-14.4748044,-10.0,0.0443964183877
-0.7042477,-0.7042477,0.0443964183877
-3.8755638,-3.8755638,0.0443964183877
-20.9999997,-10.0,0.0443964183877
-6.0712785,-6.0712785,0.0443964183877
-0.4126294,-0.4126294,0.0443964183877
-4.19999999934e-06,-4.19999999934e-06,0.0443964183877
-7.19999999887e-06,-7.19999999887e-06,0.0443964183877
-0.9901132,-0.9901132,0.0443964183877
-0.1475428,-0.1475428,0.0443964183877
-0.000141200000002,-0.000141200000002,0.0443964183877
-7.06000000008e-05,-7.06000000008e-05,0.0443964183877
-0.3782317,-0.3782317,0.0443964183877
-0.9469106,-0.9469106,0.0443964183877
-3.3786611,-3.3786611,0.0443964183877
-5.547304,-5.547304,0.0443964183877
-2.2148379,-2.2148379,0.0443964183877
-0.0235605,-0.0235605,0.0443964183877
-0.0737203,-0.0737203,0.0443964183877
-17.8534655,-10.0,0.0443964183877
-4.0829088,-4.0829088,0.0443964183877
-7.2542249,-7.2542249,0.0443964183877
-15.4526957,-10.0,0.0443964183877
-0.5239745,-0.5239745,0.0443964183877
5.1346746,5.1346746,0.0443964183877
5.5472998,5.5472998,0.0443964183877
5.5472968,5.5472968,0.0443964183877
4.5571908,4.5571908,0.0443964183877
5.3997612,5.3997612,0.0443964183877
5.5471628,5.5471628,0.0443964183877
5.5472334,5.5472334,0.0443964183877
5.1690723,5.1690723,0.0443964183877
4.6003934,4.6003934,0.0443964183877
2.1686429,2.1686429,0.0443964183877
5.547304,5.547304,0.0443964183877
3.3324661,3.3324661,0.0443964183877
5.5237435,5.5237435,0.0443964183877
5.4735837,5.4735837,0.0443964183877
-12.3061615,-10.0,0.0443964183877
1.4643952,1.4643952,0.0443964183877
-1.7069209,-1.7069209,0.0443964183877
-18.7851618,-10.0,0.0443964183877
-3.8564406,-3.8564406,0.0443964183877
1.8022085,1.8022085,0.0443964183877
2.2148337,2.2148337,0.0443964183877
2.2148307,2.2148307,0.0443964183877
1.2247247,1.2247247,0.0443964183877
2.0672951,2.0672951,0.0443964183877
2.2146967,2.2146967,0.0443964183877
2.2147673,2.2147673,0.0443964183877
1.8366062,1.8366062,0.0443964183877
1.2679273,1.2679273,0.0443964183877
-1.1638232,-1.1638232,0.0443964183877
2.2148379,2.2148379,0.0443964183877
-3.3324661,-3.3324661,0.0443964183877
2.1912774,2.1912774,0.0443964183877
2.1411176,2.1411176,0.0443964183877
-15.6386276,-10.0,0.0443964183877
-1.8680709,-1.8680709,0.0443964183877
-5.039387,-5.039387,0.0443964183877
-20.9764392,-10.0,0.0443964183877
-6.047718,-6.047718,0.0443964183877
-0.3890689,-0.3890689,0.0443964183877
0.0235563,0.0235563,0.0443964183877
0.0235533,0.0235533,0.0443964183877
-0.9665527,-0.9665527,0.0443964183877
-0.1239823,-0.1239823,0.0443964183877
0.0234193,0.0234193,0.0443964183877
0.0234899,0.0234899,0.0443964183877
-0.3546712,-0.3546712,0.0443964183877
-0.9233501,-0.9233501,0.0443964183877
-3.3551006,-3.3551006,0.0443964183877
0.0235605,0.0235605,0.0443964183877
-5.5237435,-5.5237435,0.0443964183877
-2.1912774,-2.1912774,0.0443964183877
-0.0501598,-0.0501598,0.0443964183877
-17.829905,-10.0,0.0443964183877
-4.0593483,-4.0593483,0.0443964183877
-7.2306644,-7.2306644,0.0443964183877
-20.9262794,-10.0,0.0443964183877
-5.9975582,-5.9975582,0.0443964183877
-0.3389091,-0.3389091,0.0443964183877
0.0737161,0.0737161,0.0443964183877
0.0737131,0.0737131,0.0443964183877
-0.9163929,-0.9163929,0.0443964183877
-0.0738225,-0.0738225,0.0443964183877
0.0735791,0.0735791,0.0443964183877
0.0736497,0.0736497,0.0443964183877
-0.3045114,-0.3045114,0.0443964183877
-0.8731903,-0.8731903,0.0443964183877
-3.3049408,-3.3049408,0.0443964183877
0.0737203,0.0737203,0.0443964183877
-5.4735837,-5.4735837,0.0443964183877
-2.1411176,-2.1411176,0.0443964183877
0.0501598,0.0501598,0.0443964183877
-17.7797452,-10.0,0.0443964183877
-4.0091885,-4.0091885,0.0443964183877
-7.1805046,-7.1805046,0.0443964183877
-3.1465342,-3.1465342,0.0443964183877
11.782187,10.0,0.0443964183877
17.4408361,10.0,0.0443964183877
17.8534613,10.0,0.0443964183877
17.8534583,10.0,0.0443964183877
16.8633523,10.0,0.0443964183877
17.7059227,10.0,0.0443964183877
17.8533243,10.0,0.0443964183877
17.8533949,10.0,0.0443964183877
17.4752338,10.0,0.0443964183877
16.9065549,10.0,0.0443964183877
14.4748044,10.0,0.0443964183877
17.8534655,10.0,0.0443964183877
12.3061615,10.0,0.0443964183877
15.6386276,10.0,0.0443964183877
17.829905,10.0,0.0443964183877
17.7797452,10.0,0.0443964183877
13.7705567,10.0,0.0443964183877
10.5992406,10.0,0.0443964183877
-16.9170909,-10.0,0.0443964183877
-1.9883697,-1.9883697,0.0443964183877
3.6702794,3.6702794,0.0443964183877
4.0829046,4.0829046,0.0443964183877
4.0829016,4.0829016,0.0443964183877
3.0927956,3.0927956,0.0443964183877
3.935366,3.935366,0.0443964183877
4.0827676,4.0827676,0.0443964183877
4.0828382,4.0828382,0.0443964183877
3.7046771,3.7046771,0.0443964183877
3.1359982,3.1359982,0.0443964183877
0.7042477,0.7042477,0.0443964183877
4.0829088,4.0829088,0.0443964183877
-1.4643952,-1.4643952,0.0443964183877
1.8680709,1.8680709,0.0443964183877
4.0593483,4.0593483,0.0443964183877
4.0091885,4.0091885,0.0443964183877
-13.7705567,-10.0,0.0443964183877
-3.1713161,-3.1713161,0.0443964183877
-13.7457748,-10.0,0.0443964183877
1.1829464,1.1829464,0.0443964183877
6.8415955,6.8415955,0.0443964183877
7.2542207,7.2542207,0.0443964183877
7.2542177,7.2542177,0.0443964183877
6.2641117,6.2641117,0.0443964183877
7.1066821,7.1066821,0.0443964183877
7.2540837,7.2540837,0.0443964183877
7.2541543,7.2541543,0.0443964183877
6.8759932,6.8759932,0.0443964183877
6.3073143,6.3073143,0.0443964183877
3.8755638,3.8755638,0.0443964183877
7.2542249,7.2542249,0.0443964183877
1.7069209,1.7069209,0.0443964183877
5.039387,5.039387,0.0443964183877
7.2306644,7.2306644,0.0443964183877
7.1805046,7.1805046,0.0443964183877
-10.5992406,-10.0,0.0443964183877
3.1713161,3.1713161,0.0443964183877
2.7994577,2.7994577,0.186918218758
1.9377053,1.9377053,0.186918218758
-14.0728474,-10.0,0.186918218758
2.791894,2.791894,0.186918218758
2.7944889,2.7944889,0.186918218758
-0.1394728,-0.1394728,0.186918218758
2.693811,2.693811,0.186918218758
-18.2005412,-10.0,0.186918218758
2.1339659,2.1339659,0.186918218758
2.3549976,2.3549976,0.186918218758
2.7994575,2.7994575,0.186918218758
2.3623046,2.3623046,0.186918218758
2.4960975,2.4960975,0.186918218758
-17.5102277,-10.0,0.186918218758
-16.3476927,-10.0,0.186918218758
-13.7559528,-10.0,0.186918218758
0.6278968,0.6278968,0.186918218758
-0.1325905,-0.1325905,0.186918218758
1.1680534,1.1680534,0.186918218758
-2.7994577,-2.7994577,0.186918218758
-0.8617524,-0.8617524,0.186918218758
-16.8723051,-10.0,0.186918218758
-0.0075637,-0.0075637,0.186918218758
-0.0049688,-0.0049688,0.186918218758
-2.9389305,-2.9389305,0.186918218758
-0.1056467,-0.1056467,0.186918218758
-20.9999989,-10.0,0.186918218758
-0.6654918,-0.6654918,0.186918218758
-0.4444601,-0.4444601,0.186918218758
-2.00000002337e-07,-2.00000002337e-07,0.186918218758
-0.4371531,-0.4371531,0.186918218758
-0.3033602,-0.3033602,0.186918218758
-20.3096854,-10.0,0.186918218758
-19.1471504,-10.0,0.186918218758
-16.5554105,-10.0,0.186918218758
-2.1715609,-2.1715609,0.186918218758
-2.9320482,-2.9320482,0.186918218758
-1.6314043,-1.6314043,0.186918218758
-1.9377053,-1.9377053,0.186918218758
0.8617524,0.8617524,0.186918218758
-16.0105527,-10.0,0.186918218758
0.8541887,0.8541887,0.186918218758
0.8567836,0.8567836,0.186918218758
-2.0771781,-2.0771781,0.186918218758
0.7561057,0.7561057,0.186918218758
-20.1382465,-10.0,0.186918218758
0.1962606,0.1962606,0.186918218758
0.4172923,0.4172923,0.186918218758
0.8617522,0.8617522,0.186918218758
0.4245993,0.4245993,0.186918218758
0.5583922,0.5583922,0.186918218758
-19.447933,-10.0,0.186918218758
-18.285398,-10.0,0.186918218758
-15.6936581,-10.0,0.186918218758
-1.3098085,-1.3098085,0.186918218758
-2.0702958,-2.0702958,0.186918218758
-0.7696519,-0.7696519,0.186918218758
14.0728474,10.0,0.186918218758
16.8723051,10.0,0.186918218758
16.0105527,10.0,0.186918218758
16.8647414,10.0,0.186918218758
16.8673363,10.0,0.186918218758
13.9333746,10.0,0.186918218758
16.7666584,10.0,0.186918218758
-4.1276938,-4.1276938,0.186918218758
16.2068133,10.0,0.186918218758
16.427845,10.0,0.186918218758
16.8723049,10.0,0.186918218758
16.435152,10.0,0.186918218758
16.5689449,10.0,0.186918218758
-3.4373803,-3.4373803,0.186918218758
-2.2748453,-2.2748453,0.186918218758
0.3168946,0.3168946,0.186918218758
14.7007442,10.0,0.186918218758
13.9402569,10.0,0.186918218758
15.2409008,10.0,0.186918218758
-2.791894,-2.791894,0.186918218758
0.0075637,0.0075637,0.186918218758
-0.8541887,-0.8541887,0.186918218758
-16.8647414,-10.0,0.186918218758
0.0025949,0.0025949,0.186918218758
-2.9313668,-2.9313668,0.186918218758
-0.098083,-0.098083,0.186918218758
-20.9924352,-10.0,0.186918218758
-0.6579281,-0.6579281,0.186918218758
-0.4368964,-0.4368964,0.186918218758
0.0075635,0.0075635,0.186918218758
-0.4295894,-0.4295894,0.186918218758
-0.2957965,-0.2957965,0.186918218758
-20.3021217,-10.0,0.186918218758
-19.1395867,-10.0,0.186918218758
-16.5478468,-10.0,0.186918218758
-2.1639972,-2.1639972,0.186918218758
-2.9244845,-2.9244845,0.186918218758
-1.6238406,-1.6238406,0.186918218758
-2.7944889,-2.7944889,0.186918218758
0.0049688,0.0049688,0.186918218758
-0.8567836,-0.8567836,0.186918218758
-16.8673363,-10.0,0.186918218758
-0.0025949,-0.0025949,0.186918218758
-2.9339617,-2.9339617,0.186918218758
-0.1006779,-0.1006779,0.186918218758
-20.9950301,-10.0,0.186918218758
-0.660523,-0.660523,0.186918218758
-0.4394913,-0.4394913,0.186918218758
0.0049686,0.0049686,0.186918218758
-0.4321843,-0.4321843,0.186918218758
-0.2983914,-0.2983914,0.186918218758
-20.3047166,-10.0,0.186918218758
-19.1421816,-10.0,0.186918218758
-16.5504417,-10.0,0.186918218758
-2.1665921,-2.1665921,0.186918218758
-2.9270794,-2.9270794,0.186918218758
-1.6264355,-1.6264355,0.186918218758
0.1394728,0.1394728,0.186918218758
2.9389305,2.9389305,0.186918218758
2.0771781,2.0771781,0.186918218758
-13.9333746,-10.0,0.186918218758
2.9313668,2.9313668,0.186918218758
2.9339617,2.9339617,0.186918218758
2.8332838,2.8332838,0.186918218758
-18.0610684,-10.0,0.186918218758
2.2734387,2.2734387,0.186918218758
2.4944704,2.4944704,0.186918218758
2.9389303,2.9389303,0.186918218758
2.5017774,2.5017774,0.186918218758
2.6355703,2.6355703,0.186918218758
-17.3707549,-10.0,0.186918218758
-16.2082199,-10.0,0.186918218758
-13.61648,-10.0,0.186918218758
0.7673696,0.7673696,0.186918218758
0.0068823,0.0068823,0.186918218758
1.3075262,1.3075262,0.186918218758
-2.693811,-2.693811,0.186918218758
0.1056467,0.1056467,0.186918218758
-0.7561057,-0.7561057,0.186918218758
-16.7666584,-10.0,0.186918218758
0.098083,0.098083,0.186918218758
0.1006779,0.1006779,0.186918218758
-2.8332838,-2.8332838,0.186918218758
-20.8943522,-10.0,0.186918218758
-0.5598451,-0.5598451,0.186918218758
-0.3388134,-0.3388134,0.186918218758
0.1056465,0.1056465,0.186918218758
-0.3315064,-0.3315064,0.186918218758
-0.1977135,-0.1977135,0.186918218758
-20.2040387,-10.0,0.186918218758
-19.0415037,-10.0,0.186918218758
-16.4497638,-10.0,0.186918218758
-2.0659142,-2.0659142,0.186918218758
-2.8264015,-2.8264015,0.186918218758
-1.5257576,-1.5257576,0.186918218758
18.2005412,10.0,0.186918218758
20.9999989,10.0,0.186918218758
20.1382465,10.0,0.186918218758
4.1276938,4.1276938,0.186918218758
20.9924352,10.0,0.186918218758
20.9950301,10.0,0.186918218758
18.0610684,10.0,0.186918218758
20.8943522,10.0,0.186918218758
20.3345071,10.0,0.186918218758
20.5555388,10.0,0.186918218758
20.9999987,10.0,0.186918218758
20.5628458,10.0,0.186918218758
20.6966387,10.0,0.186918218758
0.6903135,0.6903135,0.186918218758
1.8528485,1.8528485,0.186918218758
4.4445884,4.4445884,0.186918218758
18.828438,10.0,0.186918218758
18.0679507,10.0,0.186918218758
19.3685946,10.0,0.186918218758
-2.1339659,-2.1339659,0.186918218758
0.6654918,0.6654918,0.186918218758
-0.1962606,-0.1962606,0.186918218758
-16.2068133,-10.0,0.186918218758
0.6579281,0.6579281,0.186918218758
0.660523,0.660523,0.186918218758
-2.2734387,-2.2734387,0.186918218758
0.5598451,0.5598451,0.186918218758
-20.3345071,-10.0,0.186918218758
0.2210317,0.2210317,0.186918218758
0.6654916,0.6654916,0.186918218758
0.2283387,0.2283387,0.186918218758
0.3621316,0.3621316,0.186918218758
-19.6441936,-10.0,0.186918218758
-18.4816586,-10.0,0.186918218758
-15.8899187,-10.0,0.186918218758
-1.5060691,-1.5060691,0.186918218758
-2.2665564,-2.2665564,0.186918218758
-0.9659125,-0.9659125,0.186918218758
-2.3549976,-2.3549976,0.186918218758
0.4444601,0.4444601,0.186918218758
-0.4172923,-0.4172923,0.186918218758
-16.427845,-10.0,0.186918218758
0.4368964,0.4368964,0.186918218758
0.4394913,0.4394913,0.186918218758
-2.4944704,-2.4944704,0.186918218758
0.3388134,0.3388134,0.186918218758
-20.5555388,-10.0,0.186918218758
-0.2210317,-0.2210317,0.186918218758
0.4444599,0.4444599,0.186918218758
0.007307,0.007307,0.186918218758
0.1410999,0.1410999,0.186918218758
-19.8652253,-10.0,0.186918218758
-18.7026903,-10.0,0.186918218758
-16.1109504,-10.0,0.186918218758
-1.7271008,-1.7271008,0.186918218758
-2.4875881,-2.4875881,0.186918218758
-1.1869442,-1.1869442,0.186918218758
-2.7994575,-2.7994575,0.186918218758
2.00000002337e-07,2.00000002337e-07,0.186918218758
-0.8617522,-0.8617522,0.186918218758
-16.8723049,-10.0,0.186918218758
-0.0075635,-0.0075635,0.186918218758
-0.0049686,-0.0049686,0.186918218758
-2.9389303,-2.9389303,0.186918218758
-0.1056465,-0.1056465,0.186918218758
-20.9999987,-10.0,0.186918218758
-0.6654916,-0.6654916,0.186918218758
-0.4444599,-0.4444599,0.186918218758
-0.4371529,-0.4371529,0.186918218758
-0.30336,-0.30336,0.186918218758
-20.3096852,-10.0,0.186918218758
-19.1471502,-10.0,0.186918218758
-16.5554103,-10.0,0.186918218758
-2.1715607,-2.1715607,0.186918218758
-2.932048,-2.932048,0.186918218758
-1.6314041,-1.6314041,0.186918218758
-2.3623046,-2.3623046,0.186918218758
0.4371531,0.4371531,0.186918218758
-0.4245993,-0.4245993,0.186918218758
-16.435152,-10.0,0.186918218758
0.4295894,0.4295894,0.186918218758
0.4321843,0.4321843,0.186918218758
-2.5017774,-2.5017774,0.186918218758
0.3315064,0.3315064,0.186918218758
-20.5628458,-10.0,0.186918218758
-0.2283387,-0.2283387,0.186918218758
-0.007307,-0.007307,0.186918218758
0.4371529,0.4371529,0.186918218758
0.1337929,0.1337929,0.186918218758
-19.8725323,-10.0,0.186918218758
-18.7099973,-10.0,0.186918218758
-16.1182574,-10.0,0.186918218758
-1.7344078,-1.7344078,0.186918218758
-2.4948951,-2.4948951,0.186918218758
-1.1942512,-1.1942512,0.186918218758
-2.4960975,-2.4960975,0.186918218758
0.3033602,0.3033602,0.186918218758
-0.5583922,-0.5583922,0.186918218758
-16.5689449,-10.0,0.186918218758
0.2957965,0.2957965,0.186918218758
0.2983914,0.2983914,0.186918218758
-2.6355703,-2.6355703,0.186918218758
0.1977135,0.1977135,0.186918218758
-20.6966387,-10.0,0.186918218758
-0.3621316,-0.3621316,0.186918218758
-0.1410999,-0.1410999,0.186918218758
0.30336,0.30336,0.186918218758
-0.1337929,-0.1337929,0.186918218758
-20.0063252,-10.0,0.186918218758
-18.8437902,-10.0,0.186918218758
-16.2520503,-10.0,0.186918218758
-1.8682007,-1.8682007,0.186918218758
-2.628688,-2.628688,0.186918218758
-1.3280441,-1.3280441,0.186918218758
17.5102277,10.0,0.186918218758
20.3096854,10.0,0.186918218758
19.447933,10.0,0.186918218758
3.4373803,3.4373803,0.186918218758
20.3021217,10.0,0.186918218758
20.3047166,10.0,0.186918218758
17.3707549,10.0,0.186918218758
20.2040387,10.0,0.186918218758
-0.6903135,-0.6903135,0.186918218758
19.6441936,10.0,0.186918218758
19.8652253,10.0,0.186918218758
20.3096852,10.0,0.186918218758
19.8725323,10.0,0.186918218758
20.0063252,10.0,0.186918218758
1.162535,1.162535,0.186918218758
3.7542749,3.7542749,0.186918218758
18.1381245,10.0,0.186918218758
17.3776372,10.0,0.186918218758
18.6782811,10.0,0.186918218758
16.3476927,10.0,0.186918218758
19.1471504,10.0,0.186918218758
18.285398,10.0,0.186918218758
2.2748453,2.2748453,0.186918218758
19.1395867,10.0,0.186918218758
19.1421816,10.0,0.186918218758
16.2082199,10.0,0.186918218758
19.0415037,10.0,0.186918218758
-1.8528485,-1.8528485,0.186918218758
18.4816586,10.0,0.186918218758
18.7026903,10.0,0.186918218758
19.1471502,10.0,0.186918218758
18.7099973,10.0,0.186918218758
18.8437902,10.0,0.186918218758
-1.162535,-1.162535,0.186918218758
2.5917399,2.5917399,0.186918218758
16.9755895,10.0,0.186918218758
16.2151022,10.0,0.186918218758
17.5157461,10.0,0.186918218758
13.7559528,10.0,0.186918218758
16.5554105,10.0,0.186918218758
15.6936581,10.0,0.186918218758
-0.3168946,-0.3168946,0.186918218758
16.5478468,10.0,0.186918218758
16.5504417,10.0,0.186918218758
13.61648,10.0,0.186918218758
16.4497638,10.0,0.186918218758
-4.4445884,-4.4445884,0.186918218758
15.8899187,10.0,0.186918218758
16.1109504,10.0,0.186918218758
16.5554103,10.0,0.186918218758
16.1182574,10.0,0.186918218758
16.2520503,10.0,0.186918218758
-3.7542749,-3.7542749,0.186918218758
-2.5917399,-2.5917399,0.186918218758
14.3838496,10.0,0.186918218758
13.6233623,10.0,0.186918218758
14.9240062,10.0,0.186918218758
-0.6278968,-0.6278968,0.186918218758
2.1715609,2.1715609,0.186918218758
1.3098085,1.3098085,0.186918218758
-14.7007442,-10.0,0.186918218758
2.1639972,2.1639972,0.186918218758
2.1665921,2.1665921,0.186918218758
-0.7673696,-0.7673696,0.186918218758
2.0659142,2.0659142,0.186918218758
-18.828438,-10.0,0.186918218758
1.5060691,1.5060691,0.186918218758
1.7271008,1.7271008,0.186918218758
2.1715607,2.1715607,0.186918218758
1.7344078,1.7344078,0.186918218758
1.8682007,1.8682007,0.186918218758
-18.1381245,-10.0,0.186918218758
-16.9755895,-10.0,0.186918218758
-14.3838496,-10.0,0.186918218758
-0.7604873,-0.7604873,0.186918218758
0.5401566,0.5401566,0.186918218758
0.1325905,0.1325905,0.186918218758
2.9320482,2.9320482,0.186918218758
2.0702958,2.0702958,0.186918218758
-13.9402569,-10.0,0.186918218758
2.9244845,2.9244845,0.186918218758
2.9270794,2.9270794,0.186918218758
-0.0068823,-0.0068823,0.186918218758
2.8264015,2.8264015,0.186918218758
-18.0679507,-10.0,0.186918218758
2.2665564,2.2665564,0.186918218758
2.4875881,2.4875881,0.186918218758
2.932048,2.932048,0.186918218758
2.4948951,2.4948951,0.186918218758
2.628688,2.628688,0.186918218758
-17.3776372,-10.0,0.186918218758
-16.2151022,-10.0,0.186918218758
-13.6233623,-10.0,0.186918218758
0.7604873,0.7604873,0.186918218758
1.3006439,1.3006439,0.186918218758
-1.1680534,-1.1680534,0.186918218758
1.6314043,1.6314043,0.186918218758
0.7696519,0.7696519,0.186918218758
-15.2409008,-10.0,0.186918218758
1.6238406,1.6238406,0.186918218758
1.6264355,1.6264355,0.186918218758
-1.3075262,-1.3075262,0.186918218758
1.5257576,1.5257576,0.186918218758
-19.3685946,-10.0,0.186918218758
0.9659125,0.9659125,0.186918218758
1.1869442,1.1869442,0.186918218758
1.6314041,1.6314041,0.186918218758
1.1942512,1.1942512,0.186918218758
1.3280441,1.3280441,0.186918218758
-18.6782811,-10.0,0.186918218758
-17.5157461,-10.0,0.186918218758
-14.9240062,-10.0,0.186918218758
-0.5401566,-0.5401566,0.186918218758
-1.3006439,-1.3006439,0.186918218758
-0.8276379,-0.8276379,0.0965841980095
0.2130552,0.2130552,0.0965841980095
0.2130549,0.2130549,0.0965841980095
0.1862185,0.1862185,0.0965841980095
-0.5565292,-0.5565292,0.0965841980095
0.1823921,0.1823921,0.0965841980095
-19.4958364,-10.0,0.0965841980095
-1.7816683,-1.7816683,0.0965841980095
0.2130553,0.2130553,0.0965841980095
0.2129081,0.2129081,0.0965841980095
0.0302811,0.0302811,0.0965841980095
-0.956139,-0.956139,0.0965841980095
-5.4907875,-5.4907875,0.0965841980095
-1.8955029,-1.8955029,0.0965841980095
0.1358214,0.1358214,0.0965841980095
0.207741,0.207741,0.0965841980095
-20.7869443,-10.0,0.0965841980095
-8.5811188,-8.5811188,0.0965841980095
-8.2055419,-8.2055419,0.0965841980095
0.8276379,0.8276379,0.0965841980095
1.0406931,1.0406931,0.0965841980095
1.0406928,1.0406928,0.0965841980095
1.0138564,1.0138564,0.0965841980095
0.2711087,0.2711087,0.0965841980095
1.01003,1.01003,0.0965841980095
-18.6681985,-10.0,0.0965841980095
-0.9540304,-0.9540304,0.0965841980095
1.0406932,1.0406932,0.0965841980095
1.040546,1.040546,0.0965841980095
0.857919,0.857919,0.0965841980095
-0.1285011,-0.1285011,0.0965841980095
-4.6631496,-4.6631496,0.0965841980095
-1.067865,-1.067865,0.0965841980095
0.9634593,0.9634593,0.0965841980095
1.0353789,1.0353789,0.0965841980095
-19.9593064,-10.0,0.0965841980095
-7.7534809,-7.7534809,0.0965841980095
-7.377904,-7.377904,0.0965841980095
-0.2130552,-0.2130552,0.0965841980095
-1.0406931,-1.0406931,0.0965841980095
-2.99999999953e-07,-2.99999999953e-07,0.0965841980095
-0.0268367,-0.0268367,0.0965841980095
-0.7695844,-0.7695844,0.0965841980095
-0.0306631,-0.0306631,0.0965841980095
-19.7088916,-10.0,0.0965841980095
-1.9947235,-1.9947235,0.0965841980095
9.99999976159e-08,9.99999976159e-08,0.0965841980095
-0.0001471,-0.0001471,0.0965841980095
-0.1827741,-0.1827741,0.0965841980095
-1.1691942,-1.1691942,0.0965841980095
-5.7038427,-5.7038427,0.0965841980095
-2.1085581,-2.1085581,0.0965841980095
-0.0772338,-0.0772338,0.0965841980095
-0.0053142,-0.0053142,0.0965841980095
-20.9999995,-10.0,0.0965841980095
-8.794174,-8.794174,0.0965841980095
-8.4185971,-8.4185971,0.0965841980095
-0.2130549,-0.2130549,0.0965841980095
-1.0406928,-1.0406928,0.0965841980095
2.99999999953e-07,2.99999999953e-07,0.0965841980095
-0.0268364,-0.0268364,0.0965841980095
-0.7695841,-0.7695841,0.0965841980095
-0.0306628,-0.0306628,0.0965841980095
-19.7088913,-10.0,0.0965841980095
-1.9947232,-1.9947232,0.0965841980095
3.99999997569e-07,3.99999997569e-07,0.0965841980095
-0.0001468,-0.0001468,0.0965841980095
-0.1827738,-0.1827738,0.0965841980095
-1.1691939,-1.1691939,0.0965841980095
-5.7038424,-5.7038424,0.0965841980095
-2.1085578,-2.1085578,0.0965841980095
-0.0772335,-0.0772335,0.0965841980095
-0.0053139,-0.0053139,0.0965841980095
-20.9999992,-10.0,0.0965841980095
-8.7941737,-8.7941737,0.0965841980095
-8.4185968,-8.4185968,0.0965841980095
-0.1862185,-0.1862185,0.0965841980095
-1.0138564,-1.0138564,0.0965841980095
0.0268367,0.0268367,0.0965841980095
0.0268364,0.0268364,0.0965841980095
-0.7427477,-0.7427477,0.0965841980095
-0.0038264,-0.0038264,0.0965841980095
-19.6820549,-10.0,0.0965841980095
-1.9678868,-1.9678868,0.0965841980095
0.0268368,0.0268368,0.0965841980095
0.0266896,0.0266896,0.0965841980095
-0.1559374,-0.1559374,0.0965841980095
-1.1423575,-1.1423575,0.0965841980095
-5.677006,-5.677006,0.0965841980095
-2.0817214,-2.0817214,0.0965841980095
-0.0503971,-0.0503971,0.0965841980095
0.0215225,0.0215225,0.0965841980095
-20.9731628,-10.0,0.0965841980095
-8.7673373,-8.7673373,0.0965841980095
-8.3917604,-8.3917604,0.0965841980095
0.5565292,0.5565292,0.0965841980095
-0.2711087,-0.2711087,0.0965841980095
0.7695844,0.7695844,0.0965841980095
0.7695841,0.7695841,0.0965841980095
0.7427477,0.7427477,0.0965841980095
0.7389213,0.7389213,0.0965841980095
-18.9393072,-10.0,0.0965841980095
-1.2251391,-1.2251391,0.0965841980095
0.7695845,0.7695845,0.0965841980095
0.7694373,0.7694373,0.0965841980095
0.5868103,0.5868103,0.0965841980095
-0.3996098,-0.3996098,0.0965841980095
-4.9342583,-4.9342583,0.0965841980095
-1.3389737,-1.3389737,0.0965841980095
0.6923506,0.6923506,0.0965841980095
0.7642702,0.7642702,0.0965841980095
-20.2304151,-10.0,0.0965841980095
-8.0245896,-8.0245896,0.0965841980095
-7.6490127,-7.6490127,0.0965841980095
-0.1823921,-0.1823921,0.0965841980095
-1.01003,-1.01003,0.0965841980095
0.0306631,0.0306631,0.0965841980095
0.0306628,0.0306628,0.0965841980095
0.0038264,0.0038264,0.0965841980095
-0.7389213,-0.7389213,0.0965841980095
-19.6782285,-10.0,0.0965841980095
-1.9640604,-1.9640604,0.0965841980095
0.0306632,0.0306632,0.0965841980095
0.030516,0.030516,0.0965841980095
-0.152111,-0.152111,0.0965841980095
-1.1385311,-1.1385311,0.0965841980095
-5.6731796,-5.6731796,0.0965841980095
-2.077895,-2.077895,0.0965841980095
-0.0465707,-0.0465707,0.0965841980095
0.0253489,0.0253489,0.0965841980095
-20.9693364,-10.0,0.0965841980095
-8.7635109,-8.7635109,0.0965841980095
-8.387934,-8.387934,0.0965841980095
19.4958364,10.0,0.0965841980095
18.6681985,10.0,0.0965841980095
19.7088916,10.0,0.0965841980095
19.7088913,10.0,0.0965841980095
19.6820549,10.0,0.0965841980095
18.9393072,10.0,0.0965841980095
19.6782285,10.0,0.0965841980095
17.7141681,10.0,0.0965841980095
19.7088917,10.0,0.0965841980095
19.7087445,10.0,0.0965841980095
19.5261175,10.0,0.0965841980095
18.5396974,10.0,0.0965841980095
14.0050489,10.0,0.0965841980095
17.6003335,10.0,0.0965841980095
19.6316578,10.0,0.0965841980095
19.7035774,10.0,0.0965841980095
-1.2911079,-1.2911079,0.0965841980095
10.9147176,10.0,0.0965841980095
11.2902945,10.0,0.0965841980095
1.7816683,1.7816683,0.0965841980095
0.9540304,0.9540304,0.0965841980095
1.9947235,1.9947235,0.0965841980095
1.9947232,1.9947232,0.0965841980095
1.9678868,1.9678868,0.0965841980095
1.2251391,1.2251391,0.0965841980095
1.9640604,1.9640604,0.0965841980095
-17.7141681,-10.0,0.0965841980095
1.9947236,1.9947236,0.0965841980095
1.9945764,1.9945764,0.0965841980095
1.8119494,1.8119494,0.0965841980095
0.8255293,0.8255293,0.0965841980095
-3.7091192,-3.7091192,0.0965841980095
-0.1138346,-0.1138346,0.0965841980095
1.9174897,1.9174897,0.0965841980095
1.9894093,1.9894093,0.0965841980095
-19.005276,-10.0,0.0965841980095
-6.7994505,-6.7994505,0.0965841980095
-6.4238736,-6.4238736,0.0965841980095
-0.2130553,-0.2130553,0.0965841980095
-1.0406932,-1.0406932,0.0965841980095
-9.99999976159e-08,-9.99999976159e-08,0.0965841980095
-3.99999997569e-07,-3.99999997569e-07,0.0965841980095
-0.0268368,-0.0268368,0.0965841980095
-0.7695845,-0.7695845,0.0965841980095
-0.0306632,-0.0306632,0.0965841980095
-19.7088917,-10.0,0.0965841980095
-1.9947236,-1.9947236,0.0965841980095
-0.000147199999997,-0.000147199999997,0.0965841980095
-0.1827742,-0.1827742,0.0965841980095
-1.1691943,-1.1691943,0.0965841980095
-5.7038428,-5.7038428,0.0965841980095
-2.1085582,-2.1085582,0.0965841980095
-0.0772339,-0.0772339,0.0965841980095
-0.0053143,-0.0053143,0.0965841980095
-20.9999996,-10.0,0.0965841980095
-8.7941741,-8.7941741,0.0965841980095
-8.4185972,-8.4185972,0.0965841980095
-0.2129081,-0.2129081,0.0965841980095
-1.040546,-1.040546,0.0965841980095
0.0001471,0.0001471,0.0965841980095
0.0001468,0.0001468,0.0965841980095
-0.0266896,-0.0266896,0.0965841980095
-0.7694373,-0.7694373,0.0965841980095
-0.030516,-0.030516,0.0965841980095
-19.7087445,-10.0,0.0965841980095
-1.9945764,-1.9945764,0.0965841980095
0.000147199999997,0.000147199999997,0.0965841980095
-0.182627,-0.182627,0.0965841980095
-1.1690471,-1.1690471,0.0965841980095
-5.7036956,-5.7036956,0.0965841980095
-2.108411,-2.108411,0.0965841980095
-0.0770867,-0.0770867,0.0965841980095
-0.0051671,-0.0051671,0.0965841980095
-20.9998524,-10.0,0.0965841980095
-8.7940269,-8.7940269,0.0965841980095
-8.41845,-8.41845,0.0965841980095
-0.0302811,-0.0302811,0.0965841980095
-0.857919,-0.857919,0.0965841980095
0.1827741,0.1827741,0.0965841980095
0.1827738,0.1827738,0.0965841980095
0.1559374,0.1559374,0.0965841980095
-0.5868103,-0.5868103,0.0965841980095
0.152111,0.152111,0.0965841980095
-19.5261175,-10.0,0.0965841980095
-1.8119494,-1.8119494,0.0965841980095
0.1827742,0.1827742,0.0965841980095
0.182627,0.182627,0.0965841980095
-0.9864201,-0.9864201,0.0965841980095
-5.5210686,-5.5210686,0.0965841980095
-1.925784,-1.925784,0.0965841980095
0.1055403,0.1055403,0.0965841980095
0.1774599,0.1774599,0.0965841980095
-20.8172254,-10.0,0.0965841980095
-8.6113999,-8.6113999,0.0965841980095
-8.235823,-8.235823,0.0965841980095
0.956139,0.956139,0.0965841980095
0.1285011,0.1285011,0.0965841980095
1.1691942,1.1691942,0.0965841980095
1.1691939,1.1691939,0.0965841980095
1.1423575,1.1423575,0.0965841980095
0.3996098,0.3996098,0.0965841980095
1.1385311,1.1385311,0.0965841980095
-18.5396974,-10.0,0.0965841980095
-0.8255293,-0.8255293,0.0965841980095
1.1691943,1.1691943,0.0965841980095
1.1690471,1.1690471,0.0965841980095
0.9864201,0.9864201,0.0965841980095
-4.5346485,-4.5346485,0.0965841980095
-0.9393639,-0.9393639,0.0965841980095
1.0919604,1.0919604,0.0965841980095
1.16388,1.16388,0.0965841980095
-19.8308053,-10.0,0.0965841980095
-7.6249798,-7.6249798,0.0965841980095
-7.2494029,-7.2494029,0.0965841980095
5.4907875,5.4907875,0.0965841980095
4.6631496,4.6631496,0.0965841980095
5.7038427,5.7038427,0.0965841980095
5.7038424,5.7038424,0.0965841980095
5.677006,5.677006,0.0965841980095
4.9342583,4.9342583,0.0965841980095
5.6731796,5.6731796,0.0965841980095
-14.0050489,-10.0,0.0965841980095
3.7091192,3.7091192,0.0965841980095
5.7038428,5.7038428,0.0965841980095
5.7036956,5.7036956,0.0965841980095
5.5210686,5.5210686,0.0965841980095
4.5346485,4.5346485,0.0965841980095
3.5952846,3.5952846,0.0965841980095
5.6266089,5.6266089,0.0965841980095
5.6985285,5.6985285,0.0965841980095
-15.2961568,-10.0,0.0965841980095
-3.0903313,-3.0903313,0.0965841980095
-2.7147544,-2.7147544,0.0965841980095
1.8955029,1.8955029,0.0965841980095
1.067865,1.067865,0.0965841980095
2.1085581,2.1085581,0.0965841980095
2.1085578,2.1085578,0.0965841980095
2.0817214,2.0817214,0.0965841980095
1.3389737,1.3389737,0.0965841980095
2.077895,2.077895,0.0965841980095
-17.6003335,-10.0,0.0965841980095
0.1138346,0.1138346,0.0965841980095
2.1085582,2.1085582,0.0965841980095
2.108411,2.108411,0.0965841980095
1.925784,1.925784,0.0965841980095
0.9393639,0.9393639,0.0965841980095
-3.5952846,-3.5952846,0.0965841980095
2.0313243,2.0313243,0.0965841980095
2.1032439,2.1032439,0.0965841980095
-18.8914414,-10.0,0.0965841980095
-6.6856159,-6.6856159,0.0965841980095
-6.310039,-6.310039,0.0965841980095
-0.1358214,-0.1358214,0.0965841980095
-0.9634593,-0.9634593,0.0965841980095
0.0772338,0.0772338,0.0965841980095
0.0772335,0.0772335,0.0965841980095
0.0503971,0.0503971,0.0965841980095
-0.6923506,-0.6923506,0.0965841980095
0.0465707,0.0465707,0.0965841980095
-19.6316578,-10.0,0.0965841980095
-1.9174897,-1.9174897,0.0965841980095
0.0772339,0.0772339,0.0965841980095
0.0770867,0.0770867,0.0965841980095
-0.1055403,-0.1055403,0.0965841980095
-1.0919604,-1.0919604,0.0965841980095
-5.6266089,-5.6266089,0.0965841980095
-2.0313243,-2.0313243,0.0965841980095
0.0719196,0.0719196,0.0965841980095
-20.9227657,-10.0,0.0965841980095
-8.7169402,-8.7169402,0.0965841980095
-8.3413633,-8.3413633,0.0965841980095
-0.207741,-0.207741,0.0965841980095
-1.0353789,-1.0353789,0.0965841980095
0.0053142,0.0053142,0.0965841980095
0.0053139,0.0053139,0.0965841980095
-0.0215225,-0.0215225,0.0965841980095
-0.7642702,-0.7642702,0.0965841980095
-0.0253489,-0.0253489,0.0965841980095
-19.7035774,-10.0,0.0965841980095
-1.9894093,-1.9894093,0.0965841980095
0.0053143,0.0053143,0.0965841980095
0.0051671,0.0051671,0.0965841980095
-0.1774599,-0.1774599,0.0965841980095
-1.16388,-1.16388,0.0965841980095
-5.6985285,-5.6985285,0.0965841980095
-2.1032439,-2.1032439,0.0965841980095
-0.0719196,-0.0719196,0.0965841980095
-20.9946853,-10.0,0.0965841980095
-8.7888598,-8.7888598,0.0965841980095
-8.4132829,-8.4132829,0.0965841980095
20.7869443,10.0,0.0965841980095
19.9593064,10.0,0.0965841980095
20.9999995,10.0,0.0965841980095
20.9999992,10.0,0.0965841980095
20.9731628,10.0,0.0965841980095
20.2304151,10.0,0.0965841980095
20.9693364,10.0,0.0965841980095
1.2911079,1.2911079,0.0965841980095
19.005276,10.0,0.0965841980095
20.9999996,10.0,0.0965841980095
20.9998524,10.0,0.0965841980095
20.8172254,10.0,0.0965841980095
19.8308053,10.0,0.0965841980095
15.2961568,10.0,0.0965841980095
18.8914414,10.0,0.0965841980095
20.9227657,10.0,0.0965841980095
20.9946853,10.0,0.0965841980095
12.2058255,10.0,0.0965841980095
12.5814024,10.0,0.0965841980095
8.5811188,8.5811188,0.0965841980095
7.7534809,7.7534809,0.0965841980095
8.794174,8.794174,0.0965841980095
8.7941737,8.7941737,0.0965841980095
8.7673373,8.7673373,0.0965841980095
8.0245896,8.0245896,0.0965841980095
8.7635109,8.7635109,0.0965841980095
-10.9147176,-10.0,0.0965841980095
6.7994505,6.7994505,0.0965841980095
8.7941741,8.7941741,0.0965841980095
8.7940269,8.7940269,0.0965841980095
8.6113999,8.6113999,0.0965841980095
7.6249798,7.6249798,0.0965841980095
3.0903313,3.0903313,0.0965841980095
6.6856159,6.6856159,0.0965841980095
8.7169402,8.7169402,0.0965841980095
8.7888598,8.7888598,0.0965841980095
-12.2058255,-10.0,0.0965841980095
0.3755769,0.3755769,0.0965841980095
8.2055419,8.2055419,0.0965841980095
7.377904,7.377904,0.0965841980095
8.4185971,8.4185971,0.0965841980095
8.4185968,8.4185968,0.0965841980095
8.3917604,8.3917604,0.0965841980095
7.6490127,7.6490127,0.0965841980095
8.387934,8.387934,0.0965841980095
-11.2902945,-10.0,0.0965841980095
6.4238736,6.4238736,0.0965841980095
8.4185972,8.4185972,0.0965841980095
8.41845,8.41845,0.0965841980095
8.235823,8.235823,0.0965841980095
7.2494029,7.2494029,0.0965841980095
2.7147544,2.7147544,0.0965841980095
6.310039,6.310039,0.0965841980095
8.3413633,8.3413633,0.0965841980095
8.4132829,8.4132829,0.0965841980095
-12.5814024,-10.0,0.0965841980095
-0.3755769,-0.3755769,0.0965841980095
19.8884589,10.0,0.15701174692
18.4658497,10.0,0.15701174692
15.7873978,10.0,0.15701174692
15.2950466,10.0,0.15701174692
-2.5284272,-2.5284272,0.15701174692
17.5156701,10.0,0.15701174692
16.8153983,10.0,0.15701174692
17.3820983,10.0,0.15701174692
19.8884497,10.0,0.15701174692
19.8882904,10.0,0.15701174692
17.0051263,10.0,0.15701174692
19.888459,10.0,0.15701174692
15.3722254,10.0,0.15701174692
16.9508835,10.0,0.15701174692
-1.1115409,-1.1115409,0.15701174692
2.3224986,2.3224986,0.15701174692
19.3429688,10.0,0.15701174692
1.4878303,1.4878303,0.15701174692
16.1329761,10.0,0.15701174692
-19.8884589,-10.0,0.15701174692
-1.4226092,-1.4226092,0.15701174692
-4.1010611,-4.1010611,0.15701174692
-4.5934123,-4.5934123,0.15701174692
-22.4168861,-10.0,0.15701174692
-2.3727888,-2.3727888,0.15701174692
-3.0730606,-3.0730606,0.15701174692
-2.5063606,-2.5063606,0.15701174692
-9.20000000093e-06,-9.20000000093e-06,0.15701174692
-0.000168500000001,-0.000168500000001,0.15701174692
-2.8833326,-2.8833326,0.15701174692
9.99999976159e-08,9.99999976159e-08,0.15701174692
-4.5162335,-4.5162335,0.15701174692
-2.9375754,-2.9375754,0.15701174692
-20.9999998,-10.0,0.15701174692
-17.5659603,-10.0,0.15701174692
-0.5454901,-0.5454901,0.15701174692
-18.4006286,-10.0,0.15701174692
-3.7554828,-3.7554828,0.15701174692
-18.4658497,-10.0,0.15701174692
1.4226092,1.4226092,0.15701174692
-2.6784519,-2.6784519,0.15701174692
-3.1708031,-3.1708031,0.15701174692
-20.9942769,-10.0,0.15701174692
-0.9501796,-0.9501796,0.15701174692
-1.6504514,-1.6504514,0.15701174692
-1.0837514,-1.0837514,0.15701174692
1.4226,1.4226,0.15701174692
1.4224407,1.4224407,0.15701174692
-1.4607234,-1.4607234,0.15701174692
1.4226093,1.4226093,0.15701174692
-3.0936243,-3.0936243,0.15701174692
-1.5149662,-1.5149662,0.15701174692
-19.5773906,-10.0,0.15701174692
-16.1433511,-10.0,0.15701174692
0.8771191,0.8771191,0.15701174692
-16.9780194,-10.0,0.15701174692
-2.3328736,-2.3328736,0.15701174692
-15.7873978,-10.0,0.15701174692
4.1010611,4.1010611,0.15701174692
2.6784519,2.6784519,0.15701174692
-0.4923512,-0.4923512,0.15701174692
-18.315825,-10.0,0.15701174692
1.7282723,1.7282723,0.15701174692
1.0280005,1.0280005,0.15701174692
1.5947005,1.5947005,0.15701174692
4.1010519,4.1010519,0.15701174692
4.1008926,4.1008926,0.15701174692
1.2177285,1.2177285,0.15701174692
4.1010612,4.1010612,0.15701174692
-0.4151724,-0.4151724,0.15701174692
1.1634857,1.1634857,0.15701174692
-16.8989387,-10.0,0.15701174692
-13.4648992,-10.0,0.15701174692
3.555571,3.555571,0.15701174692
-14.2995675,-10.0,0.15701174692
0.3455783,0.3455783,0.15701174692
-15.2950466,-10.0,0.15701174692
4.5934123,4.5934123,0.15701174692
3.1708031,3.1708031,0.15701174692
0.4923512,0.4923512,0.15701174692
-17.8234738,-10.0,0.15701174692
2.2206235,2.2206235,0.15701174692
1.5203517,1.5203517,0.15701174692
2.0870517,2.0870517,0.15701174692
4.5934031,4.5934031,0.15701174692
4.5932438,4.5932438,0.15701174692
1.7100797,1.7100797,0.15701174692
4.5934124,4.5934124,0.15701174692
0.0771788,0.0771788,0.15701174692
1.6558369,1.6558369,0.15701174692
-16.4065875,-10.0,0.15701174692
-12.972548,-10.0,0.15701174692
4.0479222,4.0479222,0.15701174692
-13.8072163,-10.0,0.15701174692
0.8379295,0.8379295,0.15701174692
2.5284272,2.5284272,0.15701174692
22.4168861,10.0,0.15701174692
20.9942769,10.0,0.15701174692
18.315825,10.0,0.15701174692
17.8234738,10.0,0.15701174692
20.0440973,10.0,0.15701174692
19.3438255,10.0,0.15701174692
19.9105255,10.0,0.15701174692
22.4168769,10.0,0.15701174692
22.4167176,10.0,0.15701174692
19.5335535,10.0,0.15701174692
22.4168862,10.0,0.15701174692
17.9006526,10.0,0.15701174692
19.4793107,10.0,0.15701174692
1.4168863,1.4168863,0.15701174692
4.8509258,4.8509258,0.15701174692
21.871396,10.0,0.15701174692
4.0162575,4.0162575,0.15701174692
18.6614033,10.0,0.15701174692
-17.5156701,-10.0,0.15701174692
2.3727888,2.3727888,0.15701174692
0.9501796,0.9501796,0.15701174692
-1.7282723,-1.7282723,0.15701174692
-2.2206235,-2.2206235,0.15701174692
-20.0440973,-10.0,0.15701174692
-0.7002718,-0.7002718,0.15701174692
-0.1335718,-0.1335718,0.15701174692
2.3727796,2.3727796,0.15701174692
2.3726203,2.3726203,0.15701174692
-0.5105438,-0.5105438,0.15701174692
2.3727889,2.3727889,0.15701174692
-2.1434447,-2.1434447,0.15701174692
-0.5647866,-0.5647866,0.15701174692
-18.627211,-10.0,0.15701174692
-15.1931715,-10.0,0.15701174692
1.8272987,1.8272987,0.15701174692
-16.0278398,-10.0,0.15701174692
-1.382694,-1.382694,0.15701174692
-16.8153983,-10.0,0.15701174692
3.0730606,3.0730606,0.15701174692
1.6504514,1.6504514,0.15701174692
-1.0280005,-1.0280005,0.15701174692
-1.5203517,-1.5203517,0.15701174692
-19.3438255,-10.0,0.15701174692
0.7002718,0.7002718,0.15701174692
0.5667,0.5667,0.15701174692
3.0730514,3.0730514,0.15701174692
3.0728921,3.0728921,0.15701174692
0.189728,0.189728,0.15701174692
3.0730607,3.0730607,0.15701174692
-1.4431729,-1.4431729,0.15701174692
0.1354852,0.1354852,0.15701174692
-17.9269392,-10.0,0.15701174692
-14.4928997,-10.0,0.15701174692
2.5275705,2.5275705,0.15701174692
-15.327568,-10.0,0.15701174692
-0.6824222,-0.6824222,0.15701174692
-17.3820983,-10.0,0.15701174692
2.5063606,2.5063606,0.15701174692
1.0837514,1.0837514,0.15701174692
-1.5947005,-1.5947005,0.15701174692
-2.0870517,-2.0870517,0.15701174692
-19.9105255,-10.0,0.15701174692
0.1335718,0.1335718,0.15701174692
-0.5667,-0.5667,0.15701174692
2.5063514,2.5063514,0.15701174692
2.5061921,2.5061921,0.15701174692
-0.376972,-0.376972,0.15701174692
2.5063607,2.5063607,0.15701174692
-2.0098729,-2.0098729,0.15701174692
-0.4312148,-0.4312148,0.15701174692
-18.4936392,-10.0,0.15701174692
-15.0595997,-10.0,0.15701174692
1.9608705,1.9608705,0.15701174692
-15.894268,-10.0,0.15701174692
-1.2491222,-1.2491222,0.15701174692
-19.8884497,-10.0,0.15701174692
9.20000000093e-06,9.20000000093e-06,0.15701174692
-1.4226,-1.4226,0.15701174692
-4.1010519,-4.1010519,0.15701174692
-4.5934031,-4.5934031,0.15701174692
-22.4168769,-10.0,0.15701174692
-2.3727796,-2.3727796,0.15701174692
-3.0730514,-3.0730514,0.15701174692
-2.5063514,-2.5063514,0.15701174692
-0.0001593,-0.0001593,0.15701174692
-2.8833234,-2.8833234,0.15701174692
9.29999999855e-06,9.29999999855e-06,0.15701174692
-4.5162243,-4.5162243,0.15701174692
-2.9375662,-2.9375662,0.15701174692
-20.9999906,-10.0,0.15701174692
-17.5659511,-10.0,0.15701174692
-0.5454809,-0.5454809,0.15701174692
-18.4006194,-10.0,0.15701174692
-3.7554736,-3.7554736,0.15701174692
-19.8882904,-10.0,0.15701174692
0.000168500000001,0.000168500000001,0.15701174692
-1.4224407,-1.4224407,0.15701174692
-4.1008926,-4.1008926,0.15701174692
-4.5932438,-4.5932438,0.15701174692
-22.4167176,-10.0,0.15701174692
-2.3726203,-2.3726203,0.15701174692
-3.0728921,-3.0728921,0.15701174692
-2.5061921,-2.5061921,0.15701174692
0.0001593,0.0001593,0.15701174692
-2.8831641,-2.8831641,0.15701174692
0.000168599999999,0.000168599999999,0.15701174692
-4.516065,-4.516065,0.15701174692
-2.9374069,-2.9374069,0.15701174692
-20.9998313,-10.0,0.15701174692
-17.5657918,-10.0,0.15701174692
-0.5453216,-0.5453216,0.15701174692
-18.4004601,-10.0,0.15701174692
-3.7553143,-3.7553143,0.15701174692
-17.0051263,-10.0,0.15701174692
2.8833326,2.8833326,0.15701174692
1.4607234,1.4607234,0.15701174692
-1.2177285,-1.2177285,0.15701174692
-1.7100797,-1.7100797,0.15701174692
-19.5335535,-10.0,0.15701174692
0.5105438,0.5105438,0.15701174692
-0.189728,-0.189728,0.15701174692
0.376972,0.376972,0.15701174692
2.8833234,2.8833234,0.15701174692
2.8831641,2.8831641,0.15701174692
2.8833327,2.8833327,0.15701174692
-1.6329009,-1.6329009,0.15701174692
-0.0542428,-0.0542428,0.15701174692
-18.1166672,-10.0,0.15701174692
-14.6826277,-10.0,0.15701174692
2.3378425,2.3378425,0.15701174692
-15.517296,-10.0,0.15701174692
-0.8721502,-0.8721502,0.15701174692
-19.888459,-10.0,0.15701174692
-9.99999976159e-08,-9.99999976159e-08,0.15701174692
-1.4226093,-1.4226093,0.15701174692
-4.1010612,-4.1010612,0.15701174692
-4.5934124,-4.5934124,0.15701174692
-22.4168862,-10.0,0.15701174692
-2.3727889,-2.3727889,0.15701174692
-3.0730607,-3.0730607,0.15701174692
-2.5063607,-2.5063607,0.15701174692
-9.29999999855e-06,-9.29999999855e-06,0.15701174692
-0.000168599999999,-0.000168599999999,0.15701174692
-2.8833327,-2.8833327,0.15701174692
-4.5162336,-4.5162336,0.15701174692
-2.9375755,-2.9375755,0.15701174692
-20.9999999,-10.0,0.15701174692
-17.5659604,-10.0,0.15701174692
-0.5454902,-0.5454902,0.15701174692
-18.4006287,-10.0,0.15701174692
-3.7554829,-3.7554829,0.15701174692
-15.3722254,-10.0,0.15701174692
4.5162335,4.5162335,0.15701174692
3.0936243,3.0936243,0.15701174692
0.4151724,0.4151724,0.15701174692
-0.0771788,-0.0771788,0.15701174692
-17.9006526,-10.0,0.15701174692
2.1434447,2.1434447,0.15701174692
1.4431729,1.4431729,0.15701174692
2.0098729,2.0098729,0.15701174692
4.5162243,4.5162243,0.15701174692
4.516065,4.516065,0.15701174692
1.6329009,1.6329009,0.15701174692
4.5162336,4.5162336,0.15701174692
1.5786581,1.5786581,0.15701174692
-16.4837663,-10.0,0.15701174692
-13.0497268,-10.0,0.15701174692
3.9707434,3.9707434,0.15701174692
-13.8843951,-10.0,0.15701174692
0.7607507,0.7607507,0.15701174692
-16.9508835,-10.0,0.15701174692
2.9375754,2.9375754,0.15701174692
1.5149662,1.5149662,0.15701174692
-1.1634857,-1.1634857,0.15701174692
-1.6558369,-1.6558369,0.15701174692
-19.4793107,-10.0,0.15701174692
0.5647866,0.5647866,0.15701174692
-0.1354852,-0.1354852,0.15701174692
0.4312148,0.4312148,0.15701174692
2.9375662,2.9375662,0.15701174692
2.9374069,2.9374069,0.15701174692
0.0542428,0.0542428,0.15701174692
2.9375755,2.9375755,0.15701174692
-1.5786581,-1.5786581,0.15701174692
-18.0624244,-10.0,0.15701174692
-14.6283849,-10.0,0.15701174692
2.3920853,2.3920853,0.15701174692
-15.4630532,-10.0,0.15701174692
-0.8179074,-0.8179074,0.15701174692
1.1115409,1.1115409,0.15701174692
20.9999998,10.0,0.15701174692
19.5773906,10.0,0.15701174692
16.8989387,10.0,0.15701174692
16.4065875,10.0,0.15701174692
-1.4168863,-1.4168863,0.15701174692
18.627211,10.0,0.15701174692
17.9269392,10.0,0.15701174692
18.4936392,10.0,0.15701174692
20.9999906,10.0,0.15701174692
20.9998313,10.0,0.15701174692
18.1166672,10.0,0.15701174692
20.9999999,10.0,0.15701174692
16.4837663,10.0,0.15701174692
18.0624244,10.0,0.15701174692
3.4340395,3.4340395,0.15701174692
20.4545097,10.0,0.15701174692
2.5993712,2.5993712,0.15701174692
17.244517,10.0,0.15701174692
-2.3224986,-2.3224986,0.15701174692
17.5659603,10.0,0.15701174692
16.1433511,10.0,0.15701174692
13.4648992,10.0,0.15701174692
12.972548,10.0,0.15701174692
-4.8509258,-4.8509258,0.15701174692
15.1931715,10.0,0.15701174692
14.4928997,10.0,0.15701174692
15.0595997,10.0,0.15701174692
17.5659511,10.0,0.15701174692
17.5657918,10.0,0.15701174692
14.6826277,10.0,0.15701174692
17.5659604,10.0,0.15701174692
13.0497268,10.0,0.15701174692
14.6283849,10.0,0.15701174692
-3.4340395,-3.4340395,0.15701174692
17.0204702,10.0,0.15701174692
-0.8346683,-0.8346683,0.15701174692
13.8104775,10.0,0.15701174692
-19.3429688,-10.0,0.15701174692
0.5454901,0.5454901,0.15701174692
-0.8771191,-0.8771191,0.15701174692
-3.555571,-3.555571,0.15701174692
-4.0479222,-4.0479222,0.15701174692
-21.871396,-10.0,0.15701174692
-1.8272987,-1.8272987,0.15701174692
-2.5275705,-2.5275705,0.15701174692
-1.9608705,-1.9608705,0.15701174692
0.5454809,0.5454809,0.15701174692
0.5453216,0.5453216,0.15701174692
-2.3378425,-2.3378425,0.15701174692
0.5454902,0.5454902,0.15701174692
-3.9707434,-3.9707434,0.15701174692
-2.3920853,-2.3920853,0.15701174692
-20.4545097,-10.0,0.15701174692
-17.0204702,-10.0,0.15701174692
-17.8551385,-10.0,0.15701174692
-3.2099927,-3.2099927,0.15701174692
-1.4878303,-1.4878303,0.15701174692
18.4006286,10.0,0.15701174692
16.9780194,10.0,0.15701174692
14.2995675,10.0,0.15701174692
13.8072163,10.0,0.15701174692
-4.0162575,-4.0162575,0.15701174692
16.0278398,10.0,0.15701174692
15.327568,10.0,0.15701174692
15.894268,10.0,0.15701174692
18.4006194,10.0,0.15701174692
18.4004601,10.0,0.15701174692
15.517296,10.0,0.15701174692
18.4006287,10.0,0.15701174692
13.8843951,10.0,0.15701174692
15.4630532,10.0,0.15701174692
-2.5993712,-2.5993712,0.15701174692
0.8346683,0.8346683,0.15701174692
17.8551385,10.0,0.15701174692
14.6451458,10.0,0.15701174692
-16.1329761,-10.0,0.15701174692
3.7554828,3.7554828,0.15701174692
2.3328736,2.3328736,0.15701174692
-0.3455783,-0.3455783,0.15701174692
-0.8379295,-0.8379295,0.15701174692
-18.6614033,-10.0,0.15701174692
1.382694,1.382694,0.15701174692
0.6824222,0.6824222,0.15701174692
1.2491222,1.2491222,0.15701174692
3.7554736,3.7554736,0.15701174692
3.7553143,3.7553143,0.15701174692
0.8721502,0.8721502,0.15701174692
3.7554829,3.7554829,0.15701174692
-0.7607507,-0.7607507,0.15701174692
0.8179074,0.8179074,0.15701174692
-17.244517,-10.0,0.15701174692
-13.8104775,-10.0,0.15701174692
3.2099927,3.2099927,0.15701174692
-14.6451458,-10.0,0.15701174692
16.7705394,10.0,0.137651864126
4.6718729,4.6718729,0.137651864126
16.8222706,10.0,0.137651864126
-3.6180015,-3.6180015,0.137651864126
16.312256,10.0,0.137651864126
-4.5556596,-4.5556596,0.137651864126
16.9524751,10.0,0.137651864126
13.1170624,10.0,0.137651864126
-0.4085087,-0.4085087,0.137651864126
-2.0478022,-2.0478022,0.137651864126
16.6137831,10.0,0.137651864126
16.4323655,10.0,0.137651864126
16.9524721,10.0,0.137651864126
14.7029132,10.0,0.137651864126
16.7160941,10.0,0.137651864126
15.6457268,10.0,0.137651864126
-4.0475248,-4.0475248,0.137651864126
14.3488059,10.0,0.137651864126
-1.3075527,-1.3075527,0.137651864126
-16.7705394,-10.0,0.137651864126
-12.0986665,-10.0,0.137651864126
0.0517312,0.0517312,0.137651864126
-20.3885409,-10.0,0.137651864126
-0.4582834,-0.4582834,0.137651864126
-21.326199,-10.0,0.137651864126
0.1819357,0.1819357,0.137651864126
-3.653477,-3.653477,0.137651864126
-17.1790481,-10.0,0.137651864126
-18.8183416,-10.0,0.137651864126
-0.1567563,-0.1567563,0.137651864126
-0.3381739,-0.3381739,0.137651864126
0.1819327,0.1819327,0.137651864126
-2.0676262,-2.0676262,0.137651864126
-0.0544453,-0.0544453,0.137651864126
-1.1248126,-1.1248126,0.137651864126
-20.8180642,-10.0,0.137651864126
-2.4217335,-2.4217335,0.137651864126
-18.0780921,-10.0,0.137651864126
-4.6718729,-4.6718729,0.137651864126
12.0986665,10.0,0.137651864126
12.1503977,10.0,0.137651864126
-8.2898744,-8.2898744,0.137651864126
11.6403831,10.0,0.137651864126
-9.2275325,-9.2275325,0.137651864126
12.2806022,10.0,0.137651864126
8.4451895,8.4451895,0.137651864126
-5.0803816,-5.0803816,0.137651864126
-6.7196751,-6.7196751,0.137651864126
11.9419102,10.0,0.137651864126
11.7604926,10.0,0.137651864126
12.2805992,10.0,0.137651864126
10.0310403,10.0,0.137651864126
12.0442212,10.0,0.137651864126
10.9738539,10.0,0.137651864126
-8.7193977,-8.7193977,0.137651864126
9.676933,9.676933,0.137651864126
-5.9794256,-5.9794256,0.137651864126
-16.8222706,-10.0,0.137651864126
-0.0517312,-0.0517312,0.137651864126
-12.1503977,-10.0,0.137651864126
-20.4402721,-10.0,0.137651864126
-0.5100146,-0.5100146,0.137651864126
-21.3779302,-10.0,0.137651864126
0.1302045,0.1302045,0.137651864126
-3.7052082,-3.7052082,0.137651864126
-17.2307793,-10.0,0.137651864126
-18.8700728,-10.0,0.137651864126
-0.2084875,-0.2084875,0.137651864126
-0.3899051,-0.3899051,0.137651864126
0.1302015,0.1302015,0.137651864126
-2.1193574,-2.1193574,0.137651864126
-0.1061765,-0.1061765,0.137651864126
-1.1765438,-1.1765438,0.137651864126
-20.8697954,-10.0,0.137651864126
-2.4734647,-2.4734647,0.137651864126
-18.1298233,-10.0,0.137651864126
3.6180015,3.6180015,0.137651864126
20.3885409,10.0,0.137651864126
8.2898744,8.2898744,0.137651864126
20.4402721,10.0,0.137651864126
19.9302575,10.0,0.137651864126
-0.9376581,-0.9376581,0.137651864126
20.5704766,10.0,0.137651864126
16.7350639,10.0,0.137651864126
3.2094928,3.2094928,0.137651864126
1.5701993,1.5701993,0.137651864126
20.2317846,10.0,0.137651864126
20.050367,10.0,0.137651864126
20.5704736,10.0,0.137651864126
18.3209147,10.0,0.137651864126
20.3340956,10.0,0.137651864126
19.2637283,10.0,0.137651864126
-0.4295233,-0.4295233,0.137651864126
17.9668074,10.0,0.137651864126
2.3104488,2.3104488,0.137651864126
-16.312256,-10.0,0.137651864126
0.4582834,0.4582834,0.137651864126
-11.6403831,-10.0,0.137651864126
0.5100146,0.5100146,0.137651864126
-19.9302575,-10.0,0.137651864126
-20.8679156,-10.0,0.137651864126
0.6402191,0.6402191,0.137651864126
-3.1951936,-3.1951936,0.137651864126
-16.7207647,-10.0,0.137651864126
-18.3600582,-10.0,0.137651864126
0.3015271,0.3015271,0.137651864126
0.1201095,0.1201095,0.137651864126
0.6402161,0.6402161,0.137651864126
-1.6093428,-1.6093428,0.137651864126
0.4038381,0.4038381,0.137651864126
-0.6665292,-0.6665292,0.137651864126
-20.3597808,-10.0,0.137651864126
-1.9634501,-1.9634501,0.137651864126
-17.6198087,-10.0,0.137651864126
4.5556596,4.5556596,0.137651864126
21.326199,10.0,0.137651864126
9.2275325,9.2275325,0.137651864126
21.3779302,10.0,0.137651864126
0.9376581,0.9376581,0.137651864126
20.8679156,10.0,0.137651864126
21.5081347,10.0,0.137651864126
17.672722,10.0,0.137651864126
4.1471509,4.1471509,0.137651864126
2.5078574,2.5078574,0.137651864126
21.1694427,10.0,0.137651864126
20.9880251,10.0,0.137651864126
21.5081317,10.0,0.137651864126
19.2585728,10.0,0.137651864126
21.2717537,10.0,0.137651864126
20.2013864,10.0,0.137651864126
0.5081348,0.5081348,0.137651864126
18.9044655,10.0,0.137651864126
3.2481069,3.2481069,0.137651864126
-16.9524751,-10.0,0.137651864126
-0.1819357,-0.1819357,0.137651864126
-12.2806022,-10.0,0.137651864126
-0.1302045,-0.1302045,0.137651864126
-20.5704766,-10.0,0.137651864126
-0.6402191,-0.6402191,0.137651864126
-21.5081347,-10.0,0.137651864126
-3.8354127,-3.8354127,0.137651864126
-17.3609838,-10.0,0.137651864126
-19.0002773,-10.0,0.137651864126
-0.338692,-0.338692,0.137651864126
-0.5201096,-0.5201096,0.137651864126
-2.99999999953e-06,-2.99999999953e-06,0.137651864126
-2.2495619,-2.2495619,0.137651864126
-0.236381,-0.236381,0.137651864126
-1.3067483,-1.3067483,0.137651864126
-20.9999999,-10.0,0.137651864126
-2.6036692,-2.6036692,0.137651864126
-18.2600278,-10.0,0.137651864126
-13.1170624,-10.0,0.137651864126
3.653477,3.653477,0.137651864126
-8.4451895,-8.4451895,0.137651864126
3.7052082,3.7052082,0.137651864126
-16.7350639,-10.0,0.137651864126
3.1951936,3.1951936,0.137651864126
-17.672722,-10.0,0.137651864126
3.8354127,3.8354127,0.137651864126
-13.5255711,-10.0,0.137651864126
-15.1648646,-10.0,0.137651864126
3.4967207,3.4967207,0.137651864126
3.3153031,3.3153031,0.137651864126
3.8354097,3.8354097,0.137651864126
1.5858508,1.5858508,0.137651864126
3.5990317,3.5990317,0.137651864126
2.5286644,2.5286644,0.137651864126
-17.1645872,-10.0,0.137651864126
1.2317435,1.2317435,0.137651864126
-14.4246151,-10.0,0.137651864126
0.4085087,0.4085087,0.137651864126
17.1790481,10.0,0.137651864126
5.0803816,5.0803816,0.137651864126
17.2307793,10.0,0.137651864126
-3.2094928,-3.2094928,0.137651864126
16.7207647,10.0,0.137651864126
-4.1471509,-4.1471509,0.137651864126
17.3609838,10.0,0.137651864126
13.5255711,10.0,0.137651864126
-1.6392935,-1.6392935,0.137651864126
17.0222918,10.0,0.137651864126
16.8408742,10.0,0.137651864126
17.3609808,10.0,0.137651864126
15.1114219,10.0,0.137651864126
17.1246028,10.0,0.137651864126
16.0542355,10.0,0.137651864126
-3.6390161,-3.6390161,0.137651864126
14.7573146,10.0,0.137651864126
-0.899044,-0.899044,0.137651864126
2.0478022,2.0478022,0.137651864126
18.8183416,10.0,0.137651864126
6.7196751,6.7196751,0.137651864126
18.8700728,10.0,0.137651864126
-1.5701993,-1.5701993,0.137651864126
18.3600582,10.0,0.137651864126
-2.5078574,-2.5078574,0.137651864126
19.0002773,10.0,0.137651864126
15.1648646,10.0,0.137651864126
1.6392935,1.6392935,0.137651864126
18.6615853,10.0,0.137651864126
18.4801677,10.0,0.137651864126
19.0002743,10.0,0.137651864126
16.7507154,10.0,0.137651864126
18.7638963,10.0,0.137651864126
17.693529,10.0,0.137651864126
-1.9997226,-1.9997226,0.137651864126
16.3966081,10.0,0.137651864126
0.7402495,0.7402495,0.137651864126
-16.6137831,-10.0,0.137651864126
0.1567563,0.1567563,0.137651864126
-11.9419102,-10.0,0.137651864126
0.2084875,0.2084875,0.137651864126
-20.2317846,-10.0,0.137651864126
-0.3015271,-0.3015271,0.137651864126
-21.1694427,-10.0,0.137651864126
0.338692,0.338692,0.137651864126
-3.4967207,-3.4967207,0.137651864126
-17.0222918,-10.0,0.137651864126
-18.6615853,-10.0,0.137651864126
-0.1814176,-0.1814176,0.137651864126
0.338689,0.338689,0.137651864126
-1.9108699,-1.9108699,0.137651864126
0.102311,0.102311,0.137651864126
-0.9680563,-0.9680563,0.137651864126
-20.6613079,-10.0,0.137651864126
-2.2649772,-2.2649772,0.137651864126
-17.9213358,-10.0,0.137651864126
-16.4323655,-10.0,0.137651864126
0.3381739,0.3381739,0.137651864126
-11.7604926,-10.0,0.137651864126
0.3899051,0.3899051,0.137651864126
-20.050367,-10.0,0.137651864126
-0.1201095,-0.1201095,0.137651864126
-20.9880251,-10.0,0.137651864126
0.5201096,0.5201096,0.137651864126
-3.3153031,-3.3153031,0.137651864126
-16.8408742,-10.0,0.137651864126
-18.4801677,-10.0,0.137651864126
0.1814176,0.1814176,0.137651864126
0.5201066,0.5201066,0.137651864126
-1.7294523,-1.7294523,0.137651864126
0.2837286,0.2837286,0.137651864126
-0.7866387,-0.7866387,0.137651864126
-20.4798903,-10.0,0.137651864126
-2.0835596,-2.0835596,0.137651864126
-17.7399182,-10.0,0.137651864126
-16.9524721,-10.0,0.137651864126
-0.1819327,-0.1819327,0.137651864126
-12.2805992,-10.0,0.137651864126
-0.1302015,-0.1302015,0.137651864126
-20.5704736,-10.0,0.137651864126
-0.6402161,-0.6402161,0.137651864126
-21.5081317,-10.0,0.137651864126
2.99999999953e-06,2.99999999953e-06,0.137651864126
-3.8354097,-3.8354097,0.137651864126
-17.3609808,-10.0,0.137651864126
-19.0002743,-10.0,0.137651864126
-0.338689,-0.338689,0.137651864126
-0.5201066,-0.5201066,0.137651864126
-2.2495589,-2.2495589,0.137651864126
-0.236378,-0.236378,0.137651864126
-1.3067453,-1.3067453,0.137651864126
-20.9999969,-10.0,0.137651864126
-2.6036662,-2.6036662,0.137651864126
-18.2600248,-10.0,0.137651864126
-14.7029132,-10.0,0.137651864126
2.0676262,2.0676262,0.137651864126
-10.0310403,-10.0,0.137651864126
2.1193574,2.1193574,0.137651864126
-18.3209147,-10.0,0.137651864126
1.6093428,1.6093428,0.137651864126
-19.2585728,-10.0,0.137651864126
2.2495619,2.2495619,0.137651864126
-1.5858508,-1.5858508,0.137651864126
-15.1114219,-10.0,0.137651864126
-16.7507154,-10.0,0.137651864126
1.9108699,1.9108699,0.137651864126
1.7294523,1.7294523,0.137651864126
2.2495589,2.2495589,0.137651864126
2.0131809,2.0131809,0.137651864126
0.9428136,0.9428136,0.137651864126
-18.750438,-10.0,0.137651864126
-0.3541073,-0.3541073,0.137651864126
-16.0104659,-10.0,0.137651864126
-16.7160941,-10.0,0.137651864126
0.0544453,0.0544453,0.137651864126
-12.0442212,-10.0,0.137651864126
0.1061765,0.1061765,0.137651864126
-20.3340956,-10.0,0.137651864126
-0.4038381,-0.4038381,0.137651864126
-21.2717537,-10.0,0.137651864126
0.236381,0.236381,0.137651864126
-3.5990317,-3.5990317,0.137651864126
-17.1246028,-10.0,0.137651864126
-18.7638963,-10.0,0.137651864126
-0.102311,-0.102311,0.137651864126
-0.2837286,-0.2837286,0.137651864126
0.236378,0.236378,0.137651864126
-2.0131809,-2.0131809,0.137651864126
-1.0703673,-1.0703673,0.137651864126
-20.7636189,-10.0,0.137651864126
-2.3672882,-2.3672882,0.137651864126
-18.0236468,-10.0,0.137651864126
-15.6457268,-10.0,0.137651864126
1.1248126,1.1248126,0.137651864126
-10.9738539,-10.0,0.137651864126
1.1765438,1.1765438,0.137651864126
-19.2637283,-10.0,0.137651864126
0.6665292,0.6665292,0.137651864126
-20.2013864,-10.0,0.137651864126
1.3067483,1.3067483,0.137651864126
-2.5286644,-2.5286644,0.137651864126
-16.0542355,-10.0,0.137651864126
-17.693529,-10.0,0.137651864126
0.9680563,0.9680563,0.137651864126
0.7866387,0.7866387,0.137651864126
1.3067453,1.3067453,0.137651864126
-0.9428136,-0.9428136,0.137651864126
1.0703673,1.0703673,0.137651864126
-19.6932516,-10.0,0.137651864126
-1.2969209,-1.2969209,0.137651864126
-16.9532795,-10.0,0.137651864126
4.0475248,4.0475248,0.137651864126
20.8180642,10.0,0.137651864126
8.7193977,8.7193977,0.137651864126
20.8697954,10.0,0.137651864126
0.4295233,0.4295233,0.137651864126
20.3597808,10.0,0.137651864126
-0.5081348,-0.5081348,0.137651864126
20.9999999,10.0,0.137651864126
17.1645872,10.0,0.137651864126
3.6390161,3.6390161,0.137651864126
1.9997226,1.9997226,0.137651864126
20.6613079,10.0,0.137651864126
20.4798903,10.0,0.137651864126
20.9999969,10.0,0.137651864126
18.750438,10.0,0.137651864126
20.7636189,10.0,0.137651864126
19.6932516,10.0,0.137651864126
18.3963307,10.0,0.137651864126
2.7399721,2.7399721,0.137651864126
-14.3488059,-10.0,0.137651864126
2.4217335,2.4217335,0.137651864126
-9.676933,-9.676933,0.137651864126
2.4734647,2.4734647,0.137651864126
-17.9668074,-10.0,0.137651864126
1.9634501,1.9634501,0.137651864126
-18.9044655,-10.0,0.137651864126
2.6036692,2.6036692,0.137651864126
-1.2317435,-1.2317435,0.137651864126
-14.7573146,-10.0,0.137651864126
-16.3966081,-10.0,0.137651864126
2.2649772,2.2649772,0.137651864126
2.0835596,2.0835596,0.137651864126
2.6036662,2.6036662,0.137651864126
0.3541073,0.3541073,0.137651864126
2.3672882,2.3672882,0.137651864126
1.2969209,1.2969209,0.137651864126
-18.3963307,-10.0,0.137651864126
-15.6563586,-10.0,0.137651864126
1.3075527,1.3075527,0.137651864126
18.0780921,10.0,0.137651864126
5.9794256,5.9794256,0.137651864126
18.1298233,10.0,0.137651864126
-2.3104488,-2.3104488,0.137651864126
17.6198087,10.0,0.137651864126
-3.2481069,-3.2481069,0.137651864126
18.2600278,10.0,0.137651864126
14.4246151,10.0,0.137651864126
0.899044,0.899044,0.137651864126
-0.7402495,-0.7402495,0.137651864126
17.9213358,10.0,0.137651864126
17.7399182,10.0,0.137651864126
18.2600248,10.0,0.137651864126
16.0104659,10.0,0.137651864126
18.0236468,10.0,0.137651864126
16.9532795,10.0,0.137651864126
-2.7399721,-2.7399721,0.137651864126
15.6563586,10.0,0.137651864126
1.1756027,1.1756027,0.231239604143
-1.1509436,-1.1509436,0.231239604143
0.8303486,0.8303486,0.231239604143
1.1756031,1.1756031,0.231239604143
1.0249919,1.0249919,0.231239604143
-0.127994,-0.127994,0.231239604143
-19.9830669,-10.0,0.231239604143
-0.0590431,-0.0590431,0.231239604143
-17.4237964,-10.0,0.231239604143
-15.6543981,-10.0,0.231239604143
-0.0229352,-0.0229352,0.231239604143
1.0234226,1.0234226,0.231239604143
1.174824,1.174824,0.231239604143
1.1580799,1.1580799,0.231239604143
0.1942686,0.1942686,0.231239604143
1.1756013,1.1756013,0.231239604143
-19.8243964,-10.0,0.231239604143
-2.6628653,-2.6628653,0.231239604143
-6.1433818,-6.1433818,0.231239604143
-1.1756027,-1.1756027,0.231239604143
-2.3265463,-2.3265463,0.231239604143
-0.3452541,-0.3452541,0.231239604143
4.00000001122e-07,4.00000001122e-07,0.231239604143
-0.1506108,-0.1506108,0.231239604143
-1.3035967,-1.3035967,0.231239604143
-21.1586696,-10.0,0.231239604143
-1.2346458,-1.2346458,0.231239604143
-18.5993991,-10.0,0.231239604143
-16.8300008,-10.0,0.231239604143
-1.1985379,-1.1985379,0.231239604143
-0.1521801,-0.1521801,0.231239604143
-0.000778700000001,-0.000778700000001,0.231239604143
-0.0175228,-0.0175228,0.231239604143
-0.9813341,-0.9813341,0.231239604143
-1.3999999986e-06,-1.3999999986e-06,0.231239604143
-20.9999991,-10.0,0.231239604143
-3.838468,-3.838468,0.231239604143
-7.3189845,-7.3189845,0.231239604143
1.1509436,1.1509436,0.231239604143
2.3265463,2.3265463,0.231239604143
1.9812922,1.9812922,0.231239604143
2.3265467,2.3265467,0.231239604143
2.1759355,2.1759355,0.231239604143
1.0229496,1.0229496,0.231239604143
-18.8321233,-10.0,0.231239604143
1.0919005,1.0919005,0.231239604143
-16.2728528,-10.0,0.231239604143
-14.5034545,-10.0,0.231239604143
1.1280084,1.1280084,0.231239604143
2.1743662,2.1743662,0.231239604143
2.3257676,2.3257676,0.231239604143
2.3090235,2.3090235,0.231239604143
1.3452122,1.3452122,0.231239604143
2.3265449,2.3265449,0.231239604143
-18.6734528,-10.0,0.231239604143
-1.5119217,-1.5119217,0.231239604143
-4.9924382,-4.9924382,0.231239604143
-0.8303486,-0.8303486,0.231239604143
0.3452541,0.3452541,0.231239604143
-1.9812922,-1.9812922,0.231239604143
0.3452545,0.3452545,0.231239604143
0.1946433,0.1946433,0.231239604143
-0.9583426,-0.9583426,0.231239604143
-20.8134155,-10.0,0.231239604143
-0.8893917,-0.8893917,0.231239604143
-18.254145,-10.0,0.231239604143
-16.4847467,-10.0,0.231239604143
-0.8532838,-0.8532838,0.231239604143
0.193074,0.193074,0.231239604143
0.3444754,0.3444754,0.231239604143
0.3277313,0.3277313,0.231239604143
-0.63608,-0.63608,0.231239604143
0.3452527,0.3452527,0.231239604143
-20.654745,-10.0,0.231239604143
-3.4932139,-3.4932139,0.231239604143
-6.9737304,-6.9737304,0.231239604143
-1.1756031,-1.1756031,0.231239604143
-4.00000001122e-07,-4.00000001122e-07,0.231239604143
-2.3265467,-2.3265467,0.231239604143
-0.3452545,-0.3452545,0.231239604143
-0.1506112,-0.1506112,0.231239604143
-1.3035971,-1.3035971,0.231239604143
-21.15867,-10.0,0.231239604143
-1.2346462,-1.2346462,0.231239604143
-18.5993995,-10.0,0.231239604143
-16.8300012,-10.0,0.231239604143
-1.1985383,-1.1985383,0.231239604143
-0.1521805,-0.1521805,0.231239604143
-0.000779100000003,-0.000779100000003,0.231239604143
-0.0175232,-0.0175232,0.231239604143
-0.9813345,-0.9813345,0.231239604143
-1.79999999972e-06,-1.79999999972e-06,0.231239604143
-20.9999995,-10.0,0.231239604143
-3.8384684,-3.8384684,0.231239604143
-7.3189849,-7.3189849,0.231239604143
-1.0249919,-1.0249919,0.231239604143
0.1506108,0.1506108,0.231239604143
-2.1759355,-2.1759355,0.231239604143
-0.1946433,-0.1946433,0.231239604143
0.1506112,0.1506112,0.231239604143
-1.1529859,-1.1529859,0.231239604143
-21.0080588,-10.0,0.231239604143
-1.084035,-1.084035,0.231239604143
-18.4487883,-10.0,0.231239604143
-16.67939,-10.0,0.231239604143
-1.0479271,-1.0479271,0.231239604143
-0.0015693,-0.0015693,0.231239604143
0.1498321,0.1498321,0.231239604143
0.133088,0.133088,0.231239604143
-0.8307233,-0.8307233,0.231239604143
0.1506094,0.1506094,0.231239604143
-20.8493883,-10.0,0.231239604143
-3.6878572,-3.6878572,0.231239604143
-7.1683737,-7.1683737,0.231239604143
0.127994,0.127994,0.231239604143
1.3035967,1.3035967,0.231239604143
-1.0229496,-1.0229496,0.231239604143
0.9583426,0.9583426,0.231239604143
1.3035971,1.3035971,0.231239604143
1.1529859,1.1529859,0.231239604143
-19.8550729,-10.0,0.231239604143
0.0689509,0.0689509,0.231239604143
-17.2958024,-10.0,0.231239604143
-15.5264041,-10.0,0.231239604143
0.1050588,0.1050588,0.231239604143
1.1514166,1.1514166,0.231239604143
1.302818,1.302818,0.231239604143
1.2860739,1.2860739,0.231239604143
0.3222626,0.3222626,0.231239604143
1.3035953,1.3035953,0.231239604143
-19.6964024,-10.0,0.231239604143
-2.5348713,-2.5348713,0.231239604143
-6.0153878,-6.0153878,0.231239604143
19.9830669,10.0,0.231239604143
21.1586696,10.0,0.231239604143
18.8321233,10.0,0.231239604143
20.8134155,10.0,0.231239604143
21.15867,10.0,0.231239604143
21.0080588,10.0,0.231239604143
19.8550729,10.0,0.231239604143
19.9240238,10.0,0.231239604143
2.5592705,2.5592705,0.231239604143
4.3286688,4.3286688,0.231239604143
19.9601317,10.0,0.231239604143
21.0064895,10.0,0.231239604143
21.1578909,10.0,0.231239604143
21.1411468,10.0,0.231239604143
20.1773355,10.0,0.231239604143
21.1586682,10.0,0.231239604143
0.1586705,0.1586705,0.231239604143
17.3202016,10.0,0.231239604143
13.8396851,10.0,0.231239604143
0.0590431,0.0590431,0.231239604143
1.2346458,1.2346458,0.231239604143
-1.0919005,-1.0919005,0.231239604143
0.8893917,0.8893917,0.231239604143
1.2346462,1.2346462,0.231239604143
1.084035,1.084035,0.231239604143
-0.0689509,-0.0689509,0.231239604143
-19.9240238,-10.0,0.231239604143
-17.3647533,-10.0,0.231239604143
-15.595355,-10.0,0.231239604143
0.0361079,0.0361079,0.231239604143
1.0824657,1.0824657,0.231239604143
1.2338671,1.2338671,0.231239604143
1.217123,1.217123,0.231239604143
0.2533117,0.2533117,0.231239604143
1.2346444,1.2346444,0.231239604143
-19.7653533,-10.0,0.231239604143
-2.6038222,-2.6038222,0.231239604143
-6.0843387,-6.0843387,0.231239604143
17.4237964,10.0,0.231239604143
18.5993991,10.0,0.231239604143
16.2728528,10.0,0.231239604143
18.254145,10.0,0.231239604143
18.5993995,10.0,0.231239604143
18.4487883,10.0,0.231239604143
17.2958024,10.0,0.231239604143
-2.5592705,-2.5592705,0.231239604143
17.3647533,10.0,0.231239604143
1.7693983,1.7693983,0.231239604143
17.4008612,10.0,0.231239604143
18.447219,10.0,0.231239604143
18.5986204,10.0,0.231239604143
18.5818763,10.0,0.231239604143
17.618065,10.0,0.231239604143
18.5993977,10.0,0.231239604143
-2.4006,-2.4006,0.231239604143
14.7609311,10.0,0.231239604143
11.2804146,10.0,0.231239604143
15.6543981,10.0,0.231239604143
16.8300008,10.0,0.231239604143
14.5034545,10.0,0.231239604143
16.4847467,10.0,0.231239604143
16.8300012,10.0,0.231239604143
16.67939,10.0,0.231239604143
15.5264041,10.0,0.231239604143
-4.3286688,-4.3286688,0.231239604143
15.595355,10.0,0.231239604143
-1.7693983,-1.7693983,0.231239604143
15.6314629,10.0,0.231239604143
16.6778207,10.0,0.231239604143
16.8292221,10.0,0.231239604143
16.812478,10.0,0.231239604143
15.8486667,10.0,0.231239604143
16.8299994,10.0,0.231239604143
-4.1699983,-4.1699983,0.231239604143
12.9915328,10.0,0.231239604143
9.5110163,9.5110163,0.231239604143
0.0229352,0.0229352,0.231239604143
1.1985379,1.1985379,0.231239604143
-1.1280084,-1.1280084,0.231239604143
0.8532838,0.8532838,0.231239604143
1.1985383,1.1985383,0.231239604143
1.0479271,1.0479271,0.231239604143
-0.1050588,-0.1050588,0.231239604143
-19.9601317,-10.0,0.231239604143
-0.0361079,-0.0361079,0.231239604143
-17.4008612,-10.0,0.231239604143
-15.6314629,-10.0,0.231239604143
1.0463578,1.0463578,0.231239604143
1.1977592,1.1977592,0.231239604143
1.1810151,1.1810151,0.231239604143
0.2172038,0.2172038,0.231239604143
1.1985365,1.1985365,0.231239604143
-19.8014612,-10.0,0.231239604143
-2.6399301,-2.6399301,0.231239604143
-6.1204466,-6.1204466,0.231239604143
-1.0234226,-1.0234226,0.231239604143
0.1521801,0.1521801,0.231239604143
-2.1743662,-2.1743662,0.231239604143
-0.193074,-0.193074,0.231239604143
0.1521805,0.1521805,0.231239604143
0.0015693,0.0015693,0.231239604143
-1.1514166,-1.1514166,0.231239604143
-21.0064895,-10.0,0.231239604143
-1.0824657,-1.0824657,0.231239604143
-18.447219,-10.0,0.231239604143
-16.6778207,-10.0,0.231239604143
-1.0463578,-1.0463578,0.231239604143
0.1514014,0.1514014,0.231239604143
0.1346573,0.1346573,0.231239604143
-0.829154,-0.829154,0.231239604143
0.1521787,0.1521787,0.231239604143
-20.847819,-10.0,0.231239604143
-3.6862879,-3.6862879,0.231239604143
-7.1668044,-7.1668044,0.231239604143
-1.174824,-1.174824,0.231239604143
0.000778700000001,0.000778700000001,0.231239604143
-2.3257676,-2.3257676,0.231239604143
-0.3444754,-0.3444754,0.231239604143
0.000779100000003,0.000779100000003,0.231239604143
-0.1498321,-0.1498321,0.231239604143
-1.302818,-1.302818,0.231239604143
-21.1578909,-10.0,0.231239604143
-1.2338671,-1.2338671,0.231239604143
-18.5986204,-10.0,0.231239604143
-16.8292221,-10.0,0.231239604143
-1.1977592,-1.1977592,0.231239604143
-0.1514014,-0.1514014,0.231239604143
-0.0167441,-0.0167441,0.231239604143
-0.9805554,-0.9805554,0.231239604143
0.000777300000003,0.000777300000003,0.231239604143
-20.9992204,-10.0,0.231239604143
-3.8376893,-3.8376893,0.231239604143
-7.3182058,-7.3182058,0.231239604143
-1.1580799,-1.1580799,0.231239604143
0.0175228,0.0175228,0.231239604143
-2.3090235,-2.3090235,0.231239604143
-0.3277313,-0.3277313,0.231239604143
0.0175232,0.0175232,0.231239604143
-0.133088,-0.133088,0.231239604143
-1.2860739,-1.2860739,0.231239604143
-21.1411468,-10.0,0.231239604143
-1.217123,-1.217123,0.231239604143
-18.5818763,-10.0,0.231239604143
-16.812478,-10.0,0.231239604143
-1.1810151,-1.1810151,0.231239604143
-0.1346573,-0.1346573,0.231239604143
0.0167441,0.0167441,0.231239604143
-0.9638113,-0.9638113,0.231239604143
0.0175214,0.0175214,0.231239604143
-20.9824763,-10.0,0.231239604143
-3.8209452,-3.8209452,0.231239604143
-7.3014617,-7.3014617,0.231239604143
-0.1942686,-0.1942686,0.231239604143
0.9813341,0.9813341,0.231239604143
-1.3452122,-1.3452122,0.231239604143
0.63608,0.63608,0.231239604143
0.9813345,0.9813345,0.231239604143
0.8307233,0.8307233,0.231239604143
-0.3222626,-0.3222626,0.231239604143
-20.1773355,-10.0,0.231239604143
-0.2533117,-0.2533117,0.231239604143
-17.618065,-10.0,0.231239604143
-15.8486667,-10.0,0.231239604143
-0.2172038,-0.2172038,0.231239604143
0.829154,0.829154,0.231239604143
0.9805554,0.9805554,0.231239604143
0.9638113,0.9638113,0.231239604143
0.9813327,0.9813327,0.231239604143
-20.018665,-10.0,0.231239604143
-2.8571339,-2.8571339,0.231239604143
-6.3376504,-6.3376504,0.231239604143
-1.1756013,-1.1756013,0.231239604143
1.3999999986e-06,1.3999999986e-06,0.231239604143
-2.3265449,-2.3265449,0.231239604143
-0.3452527,-0.3452527,0.231239604143
1.79999999972e-06,1.79999999972e-06,0.231239604143
-0.1506094,-0.1506094,0.231239604143
-1.3035953,-1.3035953,0.231239604143
-21.1586682,-10.0,0.231239604143
-1.2346444,-1.2346444,0.231239604143
-18.5993977,-10.0,0.231239604143
-16.8299994,-10.0,0.231239604143
-1.1985365,-1.1985365,0.231239604143
-0.1521787,-0.1521787,0.231239604143
-0.000777300000003,-0.000777300000003,0.231239604143
-0.0175214,-0.0175214,0.231239604143
-0.9813327,-0.9813327,0.231239604143
-20.9999977,-10.0,0.231239604143
-3.8384666,-3.8384666,0.231239604143
-7.3189831,-7.3189831,0.231239604143
19.8243964,10.0,0.231239604143
20.9999991,10.0,0.231239604143
18.6734528,10.0,0.231239604143
20.654745,10.0,0.231239604143
20.9999995,10.0,0.231239604143
20.8493883,10.0,0.231239604143
19.6964024,10.0,0.231239604143
-0.1586705,-0.1586705,0.231239604143
19.7653533,10.0,0.231239604143
2.4006,2.4006,0.231239604143
4.1699983,4.1699983,0.231239604143
19.8014612,10.0,0.231239604143
20.847819,10.0,0.231239604143
20.9992204,10.0,0.231239604143
20.9824763,10.0,0.231239604143
20.018665,10.0,0.231239604143
20.9999977,10.0,0.231239604143
17.1615311,10.0,0.231239604143
13.6810146,10.0,0.231239604143
2.6628653,2.6628653,0.231239604143
3.838468,3.838468,0.231239604143
1.5119217,1.5119217,0.231239604143
3.4932139,3.4932139,0.231239604143
3.8384684,3.8384684,0.231239604143
3.6878572,3.6878572,0.231239604143
2.5348713,2.5348713,0.231239604143
-17.3202016,-10.0,0.231239604143
2.6038222,2.6038222,0.231239604143
-14.7609311,-10.0,0.231239604143
-12.9915328,-10.0,0.231239604143
2.6399301,2.6399301,0.231239604143
3.6862879,3.6862879,0.231239604143
3.8376893,3.8376893,0.231239604143
3.8209452,3.8209452,0.231239604143
2.8571339,2.8571339,0.231239604143
3.8384666,3.8384666,0.231239604143
-17.1615311,-10.0,0.231239604143
-3.4805165,-3.4805165,0.231239604143
6.1433818,6.1433818,0.231239604143
7.3189845,7.3189845,0.231239604143
4.9924382,4.9924382,0.231239604143
6.9737304,6.9737304,0.231239604143
7.3189849,7.3189849,0.231239604143
7.1683737,7.1683737,0.231239604143
6.0153878,6.0153878,0.231239604143
-13.8396851,-10.0,0.231239604143
6.0843387,6.0843387,0.231239604143
-11.2804146,-10.0,0.231239604143
-9.5110163,-9.5110163,0.231239604143
6.1204466,6.1204466,0.231239604143
7.1668044,7.1668044,0.231239604143
7.3182058,7.3182058,0.231239604143
7.3014617,7.3014617,0.231239604143
6.3376504,6.3376504,0.231239604143
7.3189831,7.3189831,0.231239604143
-13.6810146,-10.0,0.231239604143
3.4805165,3.4805165,0.231239604143
1.0866315,1.0866315,0.318679413841
2.3581319,2.3581319,0.318679413841
2.3622437,2.3622437,0.318679413841
-15.4953129,-10.0,0.318679413841
2.3629872,2.3629872,0.318679413841
-1.4425477,-1.4425477,0.318679413841
-16.6890313,-10.0,0.318679413841
-1.3679539,-1.3679539,0.318679413841
-18.6370123,-10.0,0.318679413841
-17.9379744,-10.0,0.318679413841
1.4850836,1.4850836,0.318679413841
2.3629873,2.3629873,0.318679413841
-0.0907439,-0.0907439,0.318679413841
2.3628863,2.3628863,0.318679413841
2.2701688,2.2701688,0.318679413841
0.462548,0.462548,0.318679413841
-16.6023947,-10.0,0.318679413841
2.3500422,2.3500422,0.318679413841
-1.9587661,-1.9587661,0.318679413841
-1.0866315,-1.0866315,0.318679413841
1.2715004,1.2715004,0.318679413841
1.2756122,1.2756122,0.318679413841
-16.5819444,-10.0,0.318679413841
1.2763557,1.2763557,0.318679413841
-2.5291792,-2.5291792,0.318679413841
-17.7756628,-10.0,0.318679413841
-2.4545854,-2.4545854,0.318679413841
-19.7236438,-10.0,0.318679413841
-19.0246059,-10.0,0.318679413841
0.3984521,0.3984521,0.318679413841
1.2763558,1.2763558,0.318679413841
-1.1773754,-1.1773754,0.318679413841
1.2762548,1.2762548,0.318679413841
1.1835373,1.1835373,0.318679413841
-0.6240835,-0.6240835,0.318679413841
-17.6890262,-10.0,0.318679413841
1.2634107,1.2634107,0.318679413841
-3.0453976,-3.0453976,0.318679413841
-2.3581319,-2.3581319,0.318679413841
-1.2715004,-1.2715004,0.318679413841
0.0041118,0.0041118,0.318679413841
-17.8534448,-10.0,0.318679413841
0.0048553,0.0048553,0.318679413841
-3.8006796,-3.8006796,0.318679413841
-19.0471632,-10.0,0.318679413841
-3.7260858,-3.7260858,0.318679413841
-20.9951442,-10.0,0.318679413841
-20.2961063,-10.0,0.318679413841
-0.8730483,-0.8730483,0.318679413841
0.0048554,0.0048554,0.318679413841
-2.4488758,-2.4488758,0.318679413841
0.0047544,0.0047544,0.318679413841
-0.0879631,-0.0879631,0.318679413841
-1.8955839,-1.8955839,0.318679413841
-18.9605266,-10.0,0.318679413841
-0.0080897,-0.0080897,0.318679413841
-4.316898,-4.316898,0.318679413841
-2.3622437,-2.3622437,0.318679413841
-1.2756122,-1.2756122,0.318679413841
-0.0041118,-0.0041118,0.318679413841
-17.8575566,-10.0,0.318679413841
0.000743500000002,0.000743500000002,0.318679413841
-3.8047914,-3.8047914,0.318679413841
-19.051275,-10.0,0.318679413841
-3.7301976,-3.7301976,0.318679413841
-20.999256,-10.0,0.318679413841
-20.3002181,-10.0,0.318679413841
-0.8771601,-0.8771601,0.318679413841
0.0007436,0.0007436,0.318679413841
-2.4529876,-2.4529876,0.318679413841
0.000642600000003,0.000642600000003,0.318679413841
-0.0920749,-0.0920749,0.318679413841
-1.8996957,-1.8996957,0.318679413841
-18.9646384,-10.0,0.318679413841
-0.0122015,-0.0122015,0.318679413841
-4.3210098,-4.3210098,0.318679413841
15.4953129,10.0,0.318679413841
16.5819444,10.0,0.318679413841
17.8534448,10.0,0.318679413841
17.8575566,10.0,0.318679413841
17.8583001,10.0,0.318679413841
14.0527652,10.0,0.318679413841
-1.1937184,-1.1937184,0.318679413841
14.127359,10.0,0.318679413841
-3.1416994,-3.1416994,0.318679413841
-2.4426615,-2.4426615,0.318679413841
16.9803965,10.0,0.318679413841
17.8583002,10.0,0.318679413841
15.404569,10.0,0.318679413841
17.8581992,10.0,0.318679413841
17.7654817,10.0,0.318679413841
15.9578609,10.0,0.318679413841
-1.1070818,-1.1070818,0.318679413841
17.8453551,10.0,0.318679413841
13.5365468,10.0,0.318679413841
-2.3629872,-2.3629872,0.318679413841
-1.2763557,-1.2763557,0.318679413841
-0.0048553,-0.0048553,0.318679413841
-0.000743500000002,-0.000743500000002,0.318679413841
-17.8583001,-10.0,0.318679413841
-3.8055349,-3.8055349,0.318679413841
-19.0520185,-10.0,0.318679413841
-3.7309411,-3.7309411,0.318679413841
-20.9999995,-10.0,0.318679413841
-20.3009616,-10.0,0.318679413841
-0.8779036,-0.8779036,0.318679413841
9.99999976159e-08,9.99999976159e-08,0.318679413841
-2.4537311,-2.4537311,0.318679413841
-0.0001009,-0.0001009,0.318679413841
-0.0928184,-0.0928184,0.318679413841
-1.9004392,-1.9004392,0.318679413841
-18.9653819,-10.0,0.318679413841
-0.012945,-0.012945,0.318679413841
-4.3217533,-4.3217533,0.318679413841
1.4425477,1.4425477,0.318679413841
2.5291792,2.5291792,0.318679413841
3.8006796,3.8006796,0.318679413841
3.8047914,3.8047914,0.318679413841
-14.0527652,-10.0,0.318679413841
3.8055349,3.8055349,0.318679413841
-15.2464836,-10.0,0.318679413841
0.0745938,0.0745938,0.318679413841
-17.1944646,-10.0,0.318679413841
-16.4954267,-10.0,0.318679413841
2.9276313,2.9276313,0.318679413841
3.805535,3.805535,0.318679413841
1.3518038,1.3518038,0.318679413841
3.805434,3.805434,0.318679413841
3.7127165,3.7127165,0.318679413841
1.9050957,1.9050957,0.318679413841
-15.159847,-10.0,0.318679413841
3.7925899,3.7925899,0.318679413841
-0.5162184,-0.5162184,0.318679413841
16.6890313,10.0,0.318679413841
17.7756628,10.0,0.318679413841
19.0471632,10.0,0.318679413841
19.051275,10.0,0.318679413841
1.1937184,1.1937184,0.318679413841
19.0520185,10.0,0.318679413841
15.2464836,10.0,0.318679413841
15.3210774,10.0,0.318679413841
-1.947981,-1.947981,0.318679413841
-1.2489431,-1.2489431,0.318679413841
18.1741149,10.0,0.318679413841
19.0520186,10.0,0.318679413841
16.5982874,10.0,0.318679413841
19.0519176,10.0,0.318679413841
18.9592001,10.0,0.318679413841
17.1515793,10.0,0.318679413841
0.0866366,0.0866366,0.318679413841
19.0390735,10.0,0.318679413841
14.7302652,10.0,0.318679413841
1.3679539,1.3679539,0.318679413841
2.4545854,2.4545854,0.318679413841
3.7260858,3.7260858,0.318679413841
3.7301976,3.7301976,0.318679413841
-14.127359,-10.0,0.318679413841
3.7309411,3.7309411,0.318679413841
-0.0745938,-0.0745938,0.318679413841
-15.3210774,-10.0,0.318679413841
-17.2690584,-10.0,0.318679413841
-16.5700205,-10.0,0.318679413841
2.8530375,2.8530375,0.318679413841
3.7309412,3.7309412,0.318679413841
1.27721,1.27721,0.318679413841
3.7308402,3.7308402,0.318679413841
3.6381227,3.6381227,0.318679413841
1.8305019,1.8305019,0.318679413841
-15.2344408,-10.0,0.318679413841
3.7179961,3.7179961,0.318679413841
-0.5908122,-0.5908122,0.318679413841
18.6370123,10.0,0.318679413841
19.7236438,10.0,0.318679413841
20.9951442,10.0,0.318679413841
20.999256,10.0,0.318679413841
3.1416994,3.1416994,0.318679413841
20.9999995,10.0,0.318679413841
17.1944646,10.0,0.318679413841
1.947981,1.947981,0.318679413841
17.2690584,10.0,0.318679413841
0.6990379,0.6990379,0.318679413841
20.1220959,10.0,0.318679413841
20.9999996,10.0,0.318679413841
18.5462684,10.0,0.318679413841
20.9998986,10.0,0.318679413841
20.9071811,10.0,0.318679413841
19.0995603,10.0,0.318679413841
2.0346176,2.0346176,0.318679413841
20.9870545,10.0,0.318679413841
16.6782462,10.0,0.318679413841
17.9379744,10.0,0.318679413841
19.0246059,10.0,0.318679413841
20.2961063,10.0,0.318679413841
20.3002181,10.0,0.318679413841
2.4426615,2.4426615,0.318679413841
20.3009616,10.0,0.318679413841
16.4954267,10.0,0.318679413841
1.2489431,1.2489431,0.318679413841
16.5700205,10.0,0.318679413841
-0.6990379,-0.6990379,0.318679413841
19.423058,10.0,0.318679413841
20.3009617,10.0,0.318679413841
17.8472305,10.0,0.318679413841
20.3008607,10.0,0.318679413841
20.2081432,10.0,0.318679413841
18.4005224,10.0,0.318679413841
1.3355797,1.3355797,0.318679413841
20.2880166,10.0,0.318679413841
15.9792083,10.0,0.318679413841
-1.4850836,-1.4850836,0.318679413841
-0.3984521,-0.3984521,0.318679413841
0.8730483,0.8730483,0.318679413841
0.8771601,0.8771601,0.318679413841
-16.9803965,-10.0,0.318679413841
0.8779036,0.8779036,0.318679413841
-2.9276313,-2.9276313,0.318679413841
-18.1741149,-10.0,0.318679413841
-2.8530375,-2.8530375,0.318679413841
-20.1220959,-10.0,0.318679413841
-19.423058,-10.0,0.318679413841
0.8779037,0.8779037,0.318679413841
-1.5758275,-1.5758275,0.318679413841
0.8778027,0.8778027,0.318679413841
0.7850852,0.7850852,0.318679413841
-1.0225356,-1.0225356,0.318679413841
-18.0874783,-10.0,0.318679413841
0.8649586,0.8649586,0.318679413841
-3.4438497,-3.4438497,0.318679413841
-2.3629873,-2.3629873,0.318679413841
-1.2763558,-1.2763558,0.318679413841
-0.0048554,-0.0048554,0.318679413841
-0.0007436,-0.0007436,0.318679413841
-17.8583002,-10.0,0.318679413841
-9.99999976159e-08,-9.99999976159e-08,0.318679413841
-3.805535,-3.805535,0.318679413841
-19.0520186,-10.0,0.318679413841
-3.7309412,-3.7309412,0.318679413841
-20.9999996,-10.0,0.318679413841
-20.3009617,-10.0,0.318679413841
-0.8779037,-0.8779037,0.318679413841
-2.4537312,-2.4537312,0.318679413841
-0.000100999999997,-0.000100999999997,0.318679413841
-0.0928185,-0.0928185,0.318679413841
-1.9004393,-1.9004393,0.318679413841
-18.965382,-10.0,0.318679413841
-0.0129451,-0.0129451,0.318679413841
-4.3217534,-4.3217534,0.318679413841
0.0907439,0.0907439,0.318679413841
1.1773754,1.1773754,0.318679413841
2.4488758,2.4488758,0.318679413841
2.4529876,2.4529876,0.318679413841
-15.404569,-10.0,0.318679413841
2.4537311,2.4537311,0.318679413841
-1.3518038,-1.3518038,0.318679413841
-16.5982874,-10.0,0.318679413841
-1.27721,-1.27721,0.318679413841
-18.5462684,-10.0,0.318679413841
-17.8472305,-10.0,0.318679413841
1.5758275,1.5758275,0.318679413841
2.4537312,2.4537312,0.318679413841
2.4536302,2.4536302,0.318679413841
2.3609127,2.3609127,0.318679413841
0.5532919,0.5532919,0.318679413841
-16.5116508,-10.0,0.318679413841
2.4407861,2.4407861,0.318679413841
-1.8680222,-1.8680222,0.318679413841
-2.3628863,-2.3628863,0.318679413841
-1.2762548,-1.2762548,0.318679413841
-0.0047544,-0.0047544,0.318679413841
-0.000642600000003,-0.000642600000003,0.318679413841
-17.8581992,-10.0,0.318679413841
0.0001009,0.0001009,0.318679413841
-3.805434,-3.805434,0.318679413841
-19.0519176,-10.0,0.318679413841
-3.7308402,-3.7308402,0.318679413841
-20.9998986,-10.0,0.318679413841
-20.3008607,-10.0,0.318679413841
-0.8778027,-0.8778027,0.318679413841
0.000100999999997,0.000100999999997,0.318679413841
-2.4536302,-2.4536302,0.318679413841
-0.0927175,-0.0927175,0.318679413841
-1.9003383,-1.9003383,0.318679413841
-18.965281,-10.0,0.318679413841
-0.0128441,-0.0128441,0.318679413841
-4.3216524,-4.3216524,0.318679413841
-2.2701688,-2.2701688,0.318679413841
-1.1835373,-1.1835373,0.318679413841
0.0879631,0.0879631,0.318679413841
0.0920749,0.0920749,0.318679413841
-17.7654817,-10.0,0.318679413841
0.0928184,0.0928184,0.318679413841
-3.7127165,-3.7127165,0.318679413841
-18.9592001,-10.0,0.318679413841
-3.6381227,-3.6381227,0.318679413841
-20.9071811,-10.0,0.318679413841
-20.2081432,-10.0,0.318679413841
-0.7850852,-0.7850852,0.318679413841
0.0928185,0.0928185,0.318679413841
-2.3609127,-2.3609127,0.318679413841
0.0927175,0.0927175,0.318679413841
-1.8076208,-1.8076208,0.318679413841
-18.8725635,-10.0,0.318679413841
0.0798734,0.0798734,0.318679413841
-4.2289349,-4.2289349,0.318679413841
-0.462548,-0.462548,0.318679413841
0.6240835,0.6240835,0.318679413841
1.8955839,1.8955839,0.318679413841
1.8996957,1.8996957,0.318679413841
-15.9578609,-10.0,0.318679413841
1.9004392,1.9004392,0.318679413841
-1.9050957,-1.9050957,0.318679413841
-17.1515793,-10.0,0.318679413841
-1.8305019,-1.8305019,0.318679413841
-19.0995603,-10.0,0.318679413841
-18.4005224,-10.0,0.318679413841
1.0225356,1.0225356,0.318679413841
1.9004393,1.9004393,0.318679413841
-0.5532919,-0.5532919,0.318679413841
1.9003383,1.9003383,0.318679413841
1.8076208,1.8076208,0.318679413841
-17.0649427,-10.0,0.318679413841
1.8874942,1.8874942,0.318679413841
-2.4213141,-2.4213141,0.318679413841
16.6023947,10.0,0.318679413841
17.6890262,10.0,0.318679413841
18.9605266,10.0,0.318679413841
18.9646384,10.0,0.318679413841
1.1070818,1.1070818,0.318679413841
18.9653819,10.0,0.318679413841
15.159847,10.0,0.318679413841
-0.0866366,-0.0866366,0.318679413841
15.2344408,10.0,0.318679413841
-2.0346176,-2.0346176,0.318679413841
-1.3355797,-1.3355797,0.318679413841
18.0874783,10.0,0.318679413841
18.965382,10.0,0.318679413841
16.5116508,10.0,0.318679413841
18.965281,10.0,0.318679413841
18.8725635,10.0,0.318679413841
17.0649427,10.0,0.318679413841
18.9524369,10.0,0.318679413841
14.6436286,10.0,0.318679413841
-2.3500422,-2.3500422,0.318679413841
-1.2634107,-1.2634107,0.318679413841
0.0080897,0.0080897,0.318679413841
0.0122015,0.0122015,0.318679413841
-17.8453551,-10.0,0.318679413841
0.012945,0.012945,0.318679413841
-3.7925899,-3.7925899,0.318679413841
-19.0390735,-10.0,0.318679413841
-3.7179961,-3.7179961,0.318679413841
-20.9870545,-10.0,0.318679413841
-20.2880166,-10.0,0.318679413841
-0.8649586,-0.8649586,0.318679413841
0.0129451,0.0129451,0.318679413841
-2.4407861,-2.4407861,0.318679413841
0.0128441,0.0128441,0.318679413841
-0.0798734,-0.0798734,0.318679413841
-1.8874942,-1.8874942,0.318679413841
-18.9524369,-10.0,0.318679413841
-4.3088083,-4.3088083,0.318679413841
1.9587661,1.9587661,0.318679413841
3.0453976,3.0453976,0.318679413841
4.316898,4.316898,0.318679413841
4.3210098,4.3210098,0.318679413841
-13.5365468,-10.0,0.318679413841
4.3217533,4.3217533,0.318679413841
0.5162184,0.5162184,0.318679413841
-14.7302652,-10.0,0.318679413841
0.5908122,0.5908122,0.318679413841
-16.6782462,-10.0,0.318679413841
-15.9792083,-10.0,0.318679413841
3.4438497,3.4438497,0.318679413841
4.3217534,4.3217534,0.318679413841
1.8680222,1.8680222,0.318679413841
4.3216524,4.3216524,0.318679413841
4.2289349,4.2289349,0.318679413841
2.4213141,2.4213141,0.318679413841
-14.6436286,-10.0,0.318679413841
4.3088083,4.3088083,0.318679413841
7.2651089,7.2651089,0.027579783124
7.1712225,7.1712225,0.027579783124
7.2352478,7.2352478,0.027579783124
-9.9000354,-9.9000354,0.027579783124
4.2446047,4.2446047,0.027579783124
7.2651142,7.2651142,0.027579783124
7.2025057,7.2025057,0.027579783124
1.45152,1.45152,0.027579783124
7.2197426,7.2197426,0.027579783124
2.7327063,2.7327063,0.027579783124
7.2651106,7.2651106,0.027579783124
2.1669753,2.1669753,0.027579783124
2.9209396,2.9209396,0.027579783124
7.2647877,7.2647877,0.027579783124
7.2651151,7.2651151,0.027579783124
6.5624415,6.5624415,0.027579783124
4.9769097,4.9769097,0.027579783124
6.9839812,6.9839812,0.027579783124
-13.7348844,-10.0,0.027579783124
-7.2651089,-7.2651089,0.027579783124
-0.0938864,-0.0938864,0.027579783124
-0.0298611,-0.0298611,0.027579783124
-17.1651443,-10.0,0.027579783124
-3.0205042,-3.0205042,0.027579783124
5.30000000154e-06,5.30000000154e-06,0.027579783124
-0.0626032,-0.0626032,0.027579783124
-5.8135889,-5.8135889,0.027579783124
-0.0453663,-0.0453663,0.027579783124
-4.5324026,-4.5324026,0.027579783124
1.69999999855e-06,1.69999999855e-06,0.027579783124
-5.0981336,-5.0981336,0.027579783124
-4.3441693,-4.3441693,0.027579783124
-0.000321199999998,-0.000321199999998,0.027579783124
6.2000000014e-06,6.2000000014e-06,0.027579783124
-0.7026674,-0.7026674,0.027579783124
-2.2881992,-2.2881992,0.027579783124
-0.2811277,-0.2811277,0.027579783124
-20.9999933,-10.0,0.027579783124
-7.1712225,-7.1712225,0.027579783124
0.0938864,0.0938864,0.027579783124
0.0640253,0.0640253,0.027579783124
-17.0712579,-10.0,0.027579783124
-2.9266178,-2.9266178,0.027579783124
0.0938917,0.0938917,0.027579783124
0.0312832,0.0312832,0.027579783124
-5.7197025,-5.7197025,0.027579783124
0.0485201,0.0485201,0.027579783124
-4.4385162,-4.4385162,0.027579783124
0.0938881,0.0938881,0.027579783124
-5.0042472,-5.0042472,0.027579783124
-4.2502829,-4.2502829,0.027579783124
0.0935652,0.0935652,0.027579783124
0.0938926,0.0938926,0.027579783124
-0.608781,-0.608781,0.027579783124
-2.1943128,-2.1943128,0.027579783124
-0.1872413,-0.1872413,0.027579783124
-20.9061069,-10.0,0.027579783124
-7.2352478,-7.2352478,0.027579783124
0.0298611,0.0298611,0.027579783124
-0.0640253,-0.0640253,0.027579783124
-17.1352832,-10.0,0.027579783124
-2.9906431,-2.9906431,0.027579783124
0.0298664,0.0298664,0.027579783124
-0.0327421,-0.0327421,0.027579783124
-5.7837278,-5.7837278,0.027579783124
-0.0155052,-0.0155052,0.027579783124
-4.5025415,-4.5025415,0.027579783124
0.0298628,0.0298628,0.027579783124
-5.0682725,-5.0682725,0.027579783124
-4.3143082,-4.3143082,0.027579783124
0.0295399,0.0295399,0.027579783124
0.0298673,0.0298673,0.027579783124
-0.6728063,-0.6728063,0.027579783124
-2.2583381,-2.2583381,0.027579783124
-0.2512666,-0.2512666,0.027579783124
-20.9701322,-10.0,0.027579783124
9.9000354,9.9000354,0.027579783124
17.1651443,10.0,0.027579783124
17.0712579,10.0,0.027579783124
17.1352832,10.0,0.027579783124
14.1446401,10.0,0.027579783124
17.1651496,10.0,0.027579783124
17.1025411,10.0,0.027579783124
11.3515554,10.0,0.027579783124
17.119778,10.0,0.027579783124
12.6327417,10.0,0.027579783124
17.165146,10.0,0.027579783124
12.0670107,10.0,0.027579783124
12.820975,10.0,0.027579783124
17.1648231,10.0,0.027579783124
17.1651505,10.0,0.027579783124
16.4624769,10.0,0.027579783124
14.8769451,10.0,0.027579783124
16.8840166,10.0,0.027579783124
-3.834849,-3.834849,0.027579783124
-4.2446047,-4.2446047,0.027579783124
3.0205042,3.0205042,0.027579783124
2.9266178,2.9266178,0.027579783124
2.9906431,2.9906431,0.027579783124
-14.1446401,-10.0,0.027579783124
3.0205095,3.0205095,0.027579783124
2.957901,2.957901,0.027579783124
-2.7930847,-2.7930847,0.027579783124
2.9751379,2.9751379,0.027579783124
-1.5118984,-1.5118984,0.027579783124
3.0205059,3.0205059,0.027579783124
-2.0776294,-2.0776294,0.027579783124
-1.3236651,-1.3236651,0.027579783124
3.020183,3.020183,0.027579783124
3.0205104,3.0205104,0.027579783124
2.3178368,2.3178368,0.027579783124
0.732305,0.732305,0.027579783124
2.7393765,2.7393765,0.027579783124
-17.9794891,-10.0,0.027579783124
-7.2651142,-7.2651142,0.027579783124
-5.30000000154e-06,-5.30000000154e-06,0.027579783124
-0.0938917,-0.0938917,0.027579783124
-0.0298664,-0.0298664,0.027579783124
-17.1651496,-10.0,0.027579783124
-3.0205095,-3.0205095,0.027579783124
-0.0626085,-0.0626085,0.027579783124
-5.8135942,-5.8135942,0.027579783124
-0.0453716,-0.0453716,0.027579783124
-4.5324079,-4.5324079,0.027579783124
-3.60000000299e-06,-3.60000000299e-06,0.027579783124
-5.0981389,-5.0981389,0.027579783124
-4.3441746,-4.3441746,0.027579783124
-0.0003265,-0.0003265,0.027579783124
8.99999999859e-07,8.99999999859e-07,0.027579783124
-0.7026727,-0.7026727,0.027579783124
-2.2882045,-2.2882045,0.027579783124
-0.281133,-0.281133,0.027579783124
-20.9999986,-10.0,0.027579783124
-7.2025057,-7.2025057,0.027579783124
0.0626032,0.0626032,0.027579783124
-0.0312832,-0.0312832,0.027579783124
0.0327421,0.0327421,0.027579783124
-17.1025411,-10.0,0.027579783124
-2.957901,-2.957901,0.027579783124
0.0626085,0.0626085,0.027579783124
-5.7509857,-5.7509857,0.027579783124
0.0172369,0.0172369,0.027579783124
-4.4697994,-4.4697994,0.027579783124
0.0626049,0.0626049,0.027579783124
-5.0355304,-5.0355304,0.027579783124
-4.2815661,-4.2815661,0.027579783124
0.062282,0.062282,0.027579783124
0.0626094,0.0626094,0.027579783124
-0.6400642,-0.6400642,0.027579783124
-2.225596,-2.225596,0.027579783124
-0.2185245,-0.2185245,0.027579783124
-20.9373901,-10.0,0.027579783124
-1.45152,-1.45152,0.027579783124
5.8135889,5.8135889,0.027579783124
5.7197025,5.7197025,0.027579783124
5.7837278,5.7837278,0.027579783124
-11.3515554,-10.0,0.027579783124
2.7930847,2.7930847,0.027579783124
5.8135942,5.8135942,0.027579783124
5.7509857,5.7509857,0.027579783124
5.7682226,5.7682226,0.027579783124
1.2811863,1.2811863,0.027579783124
5.8135906,5.8135906,0.027579783124
0.7154553,0.7154553,0.027579783124
1.4694196,1.4694196,0.027579783124
5.8132677,5.8132677,0.027579783124
5.8135951,5.8135951,0.027579783124
5.1109215,5.1109215,0.027579783124
3.5253897,3.5253897,0.027579783124
5.5324612,5.5324612,0.027579783124
-15.1864044,-10.0,0.027579783124
-7.2197426,-7.2197426,0.027579783124
0.0453663,0.0453663,0.027579783124
-0.0485201,-0.0485201,0.027579783124
0.0155052,0.0155052,0.027579783124
-17.119778,-10.0,0.027579783124
-2.9751379,-2.9751379,0.027579783124
0.0453716,0.0453716,0.027579783124
-0.0172369,-0.0172369,0.027579783124
-5.7682226,-5.7682226,0.027579783124
-4.4870363,-4.4870363,0.027579783124
0.045368,0.045368,0.027579783124
-5.0527673,-5.0527673,0.027579783124
-4.298803,-4.298803,0.027579783124
0.0450451,0.0450451,0.027579783124
0.0453725,0.0453725,0.027579783124
-0.6573011,-0.6573011,0.027579783124
-2.2428329,-2.2428329,0.027579783124
-0.2357614,-0.2357614,0.027579783124
-20.954627,-10.0,0.027579783124
-2.7327063,-2.7327063,0.027579783124
4.5324026,4.5324026,0.027579783124
4.4385162,4.4385162,0.027579783124
4.5025415,4.5025415,0.027579783124
-12.6327417,-10.0,0.027579783124
1.5118984,1.5118984,0.027579783124
4.5324079,4.5324079,0.027579783124
4.4697994,4.4697994,0.027579783124
-1.2811863,-1.2811863,0.027579783124
4.4870363,4.4870363,0.027579783124
4.5324043,4.5324043,0.027579783124
-0.565731,-0.565731,0.027579783124
0.1882333,0.1882333,0.027579783124
4.5320814,4.5320814,0.027579783124
4.5324088,4.5324088,0.027579783124
3.8297352,3.8297352,0.027579783124
2.2442034,2.2442034,0.027579783124
4.2512749,4.2512749,0.027579783124
-16.4675907,-10.0,0.027579783124
-7.2651106,-7.2651106,0.027579783124
-1.69999999855e-06,-1.69999999855e-06,0.027579783124
-0.0938881,-0.0938881,0.027579783124
-0.0298628,-0.0298628,0.027579783124
-17.165146,-10.0,0.027579783124
-3.0205059,-3.0205059,0.027579783124
3.60000000299e-06,3.60000000299e-06,0.027579783124
-0.0626049,-0.0626049,0.027579783124
-5.8135906,-5.8135906,0.027579783124
-0.045368,-0.045368,0.027579783124
-4.5324043,-4.5324043,0.027579783124
-5.0981353,-5.0981353,0.027579783124
-4.344171,-4.344171,0.027579783124
-0.000322899999997,-0.000322899999997,0.027579783124
4.50000000285e-06,4.50000000285e-06,0.027579783124
-0.7026691,-0.7026691,0.027579783124
-2.2882009,-2.2882009,0.027579783124
-0.2811294,-0.2811294,0.027579783124
-20.999995,-10.0,0.027579783124
-2.1669753,-2.1669753,0.027579783124
5.0981336,5.0981336,0.027579783124
5.0042472,5.0042472,0.027579783124
5.0682725,5.0682725,0.027579783124
-12.0670107,-10.0,0.027579783124
2.0776294,2.0776294,0.027579783124
5.0981389,5.0981389,0.027579783124
5.0355304,5.0355304,0.027579783124
-0.7154553,-0.7154553,0.027579783124
5.0527673,5.0527673,0.027579783124
0.565731,0.565731,0.027579783124
5.0981353,5.0981353,0.027579783124
0.7539643,0.7539643,0.027579783124
5.0978124,5.0978124,0.027579783124
5.0981398,5.0981398,0.027579783124
4.3954662,4.3954662,0.027579783124
2.8099344,2.8099344,0.027579783124
4.8170059,4.8170059,0.027579783124
-15.9018597,-10.0,0.027579783124
-2.9209396,-2.9209396,0.027579783124
4.3441693,4.3441693,0.027579783124
4.2502829,4.2502829,0.027579783124
4.3143082,4.3143082,0.027579783124
-12.820975,-10.0,0.027579783124
1.3236651,1.3236651,0.027579783124
4.3441746,4.3441746,0.027579783124
4.2815661,4.2815661,0.027579783124
-1.4694196,-1.4694196,0.027579783124
4.298803,4.298803,0.027579783124
-0.1882333,-0.1882333,0.027579783124
4.344171,4.344171,0.027579783124
-0.7539643,-0.7539643,0.027579783124
4.3438481,4.3438481,0.027579783124
4.3441755,4.3441755,0.027579783124
3.6415019,3.6415019,0.027579783124
2.0559701,2.0559701,0.027579783124
4.0630416,4.0630416,0.027579783124
-16.655824,-10.0,0.027579783124
-7.2647877,-7.2647877,0.027579783124
0.000321199999998,0.000321199999998,0.027579783124
-0.0935652,-0.0935652,0.027579783124
-0.0295399,-0.0295399,0.027579783124
-17.1648231,-10.0,0.027579783124
-3.020183,-3.020183,0.027579783124
0.0003265,0.0003265,0.027579783124
-0.062282,-0.062282,0.027579783124
-5.8132677,-5.8132677,0.027579783124
-0.0450451,-0.0450451,0.027579783124
-4.5320814,-4.5320814,0.027579783124
0.000322899999997,0.000322899999997,0.027579783124
-5.0978124,-5.0978124,0.027579783124
-4.3438481,-4.3438481,0.027579783124
0.0003274,0.0003274,0.027579783124
-0.7023462,-0.7023462,0.027579783124
-2.287878,-2.287878,0.027579783124
-0.2808065,-0.2808065,0.027579783124
-20.9996721,-10.0,0.027579783124
-7.2651151,-7.2651151,0.027579783124
-6.2000000014e-06,-6.2000000014e-06,0.027579783124
-0.0938926,-0.0938926,0.027579783124
-0.0298673,-0.0298673,0.027579783124
-17.1651505,-10.0,0.027579783124
-3.0205104,-3.0205104,0.027579783124
-8.99999999859e-07,-8.99999999859e-07,0.027579783124
-0.0626094,-0.0626094,0.027579783124
-5.8135951,-5.8135951,0.027579783124
-0.0453725,-0.0453725,0.027579783124
-4.5324088,-4.5324088,0.027579783124
-4.50000000285e-06,-4.50000000285e-06,0.027579783124
-5.0981398,-5.0981398,0.027579783124
-4.3441755,-4.3441755,0.027579783124
-0.0003274,-0.0003274,0.027579783124
-0.7026736,-0.7026736,0.027579783124
-2.2882054,-2.2882054,0.027579783124
-0.2811339,-0.2811339,0.027579783124
-20.9999995,-10.0,0.027579783124
-6.5624415,-6.5624415,0.027579783124
0.7026674,0.7026674,0.027579783124
0.608781,0.608781,0.027579783124
0.6728063,0.6728063,0.027579783124
-16.4624769,-10.0,0.027579783124
-2.3178368,-2.3178368,0.027579783124
0.7026727,0.7026727,0.027579783124
0.6400642,0.6400642,0.027579783124
-5.1109215,-5.1109215,0.027579783124
0.6573011,0.6573011,0.027579783124
-3.8297352,-3.8297352,0.027579783124
0.7026691,0.7026691,0.027579783124
-4.3954662,-4.3954662,0.027579783124
-3.6415019,-3.6415019,0.027579783124
0.7023462,0.7023462,0.027579783124
0.7026736,0.7026736,0.027579783124
-1.5855318,-1.5855318,0.027579783124
0.4215397,0.4215397,0.027579783124
-20.2973259,-10.0,0.027579783124
-4.9769097,-4.9769097,0.027579783124
2.2881992,2.2881992,0.027579783124
2.1943128,2.1943128,0.027579783124
2.2583381,2.2583381,0.027579783124
-14.8769451,-10.0,0.027579783124
-0.732305,-0.732305,0.027579783124
2.2882045,2.2882045,0.027579783124
2.225596,2.225596,0.027579783124
-3.5253897,-3.5253897,0.027579783124
2.2428329,2.2428329,0.027579783124
-2.2442034,-2.2442034,0.027579783124
2.2882009,2.2882009,0.027579783124
-2.8099344,-2.8099344,0.027579783124
-2.0559701,-2.0559701,0.027579783124
2.287878,2.287878,0.027579783124
2.2882054,2.2882054,0.027579783124
1.5855318,1.5855318,0.027579783124
2.0070715,2.0070715,0.027579783124
-18.7117941,-10.0,0.027579783124
-6.9839812,-6.9839812,0.027579783124
0.2811277,0.2811277,0.027579783124
0.1872413,0.1872413,0.027579783124
0.2512666,0.2512666,0.027579783124
-16.8840166,-10.0,0.027579783124
-2.7393765,-2.7393765,0.027579783124
0.281133,0.281133,0.027579783124
0.2185245,0.2185245,0.027579783124
-5.5324612,-5.5324612,0.027579783124
0.2357614,0.2357614,0.027579783124
-4.2512749,-4.2512749,0.027579783124
0.2811294,0.2811294,0.027579783124
-4.8170059,-4.8170059,0.027579783124
-4.0630416,-4.0630416,0.027579783124
0.2808065,0.2808065,0.027579783124
0.2811339,0.2811339,0.027579783124
-0.4215397,-0.4215397,0.027579783124
-2.0070715,-2.0070715,0.027579783124
-20.7188656,-10.0,0.027579783124
13.7348844,10.0,0.027579783124
20.9999933,10.0,0.027579783124
20.9061069,10.0,0.027579783124
20.9701322,10.0,0.027579783124
3.834849,3.834849,0.027579783124
17.9794891,10.0,0.027579783124
20.9999986,10.0,0.027579783124
20.9373901,10.0,0.027579783124
15.1864044,10.0,0.027579783124
20.954627,10.0,0.027579783124
16.4675907,10.0,0.027579783124
20.999995,10.0,0.027579783124
15.9018597,10.0,0.027579783124
16.655824,10.0,0.027579783124
20.9996721,10.0,0.027579783124
20.9999995,10.0,0.027579783124
20.2973259,10.0,0.027579783124
18.7117941,10.0,0.027579783124
20.7188656,10.0,0.027579783124
-0.4606244,-0.4606244,0.129424599549
-20.9403577,-10.0,0.129424599549
-17.2721609,-10.0,0.129424599549
0.0596421,0.0596421,0.129424599549
-15.141592,-10.0,0.129424599549
0.0595991,0.0595991,0.129424599549
-0.6969634,-0.6969634,0.129424599549
-0.8602308,-0.8602308,0.129424599549
0.0595772,0.0595772,0.129424599549
-6.3248912,-6.3248912,0.129424599549
-19.4934556,-10.0,0.129424599549
-7.1183561,-7.1183561,0.129424599549
-0.2930948,-0.2930948,0.129424599549
0.0016741,0.0016741,0.129424599549
-1.6150757,-1.6150757,0.129424599549
0.0271806,0.0271806,0.129424599549
-3.6003048,-3.6003048,0.129424599549
-0.0052172,-0.0052172,0.129424599549
0.059642,0.059642,0.129424599549
0.4606244,0.4606244,0.129424599549
-20.4797333,-10.0,0.129424599549
-16.8115365,-10.0,0.129424599549
0.5202665,0.5202665,0.129424599549
-14.6809676,-10.0,0.129424599549
0.5202235,0.5202235,0.129424599549
-0.236339,-0.236339,0.129424599549
-0.3996064,-0.3996064,0.129424599549
0.5202016,0.5202016,0.129424599549
-5.8642668,-5.8642668,0.129424599549
-19.0328312,-10.0,0.129424599549
-6.6577317,-6.6577317,0.129424599549
0.1675296,0.1675296,0.129424599549
0.4622985,0.4622985,0.129424599549
-1.1544513,-1.1544513,0.129424599549
0.487805,0.487805,0.129424599549
-3.1396804,-3.1396804,0.129424599549
0.4554072,0.4554072,0.129424599549
0.5202664,0.5202664,0.129424599549
20.9403577,10.0,0.129424599549
20.4797333,10.0,0.129424599549
3.6681968,3.6681968,0.129424599549
20.9999998,10.0,0.129424599549
5.7987657,5.7987657,0.129424599549
20.9999568,10.0,0.129424599549
20.2433943,10.0,0.129424599549
20.0801269,10.0,0.129424599549
20.9999349,10.0,0.129424599549
14.6154665,10.0,0.129424599549
1.4469021,1.4469021,0.129424599549
13.8220016,10.0,0.129424599549
20.6472629,10.0,0.129424599549
20.9420318,10.0,0.129424599549
19.325282,10.0,0.129424599549
20.9675383,10.0,0.129424599549
17.3400529,10.0,0.129424599549
20.9351405,10.0,0.129424599549
20.9999997,10.0,0.129424599549
17.2721609,10.0,0.129424599549
16.8115365,10.0,0.129424599549
-3.6681968,-3.6681968,0.129424599549
17.331803,10.0,0.129424599549
2.1305689,2.1305689,0.129424599549
17.33176,10.0,0.129424599549
16.5751975,10.0,0.129424599549
16.4119301,10.0,0.129424599549
17.3317381,10.0,0.129424599549
10.9472697,10.0,0.129424599549
-2.2212947,-2.2212947,0.129424599549
10.1538048,10.0,0.129424599549
16.9790661,10.0,0.129424599549
17.273835,10.0,0.129424599549
15.6570852,10.0,0.129424599549
17.2993415,10.0,0.129424599549
13.6718561,10.0,0.129424599549
17.2669437,10.0,0.129424599549
17.3318029,10.0,0.129424599549
-0.0596421,-0.0596421,0.129424599549
-0.5202665,-0.5202665,0.129424599549
-20.9999998,-10.0,0.129424599549
-17.331803,-10.0,0.129424599549
-15.2012341,-10.0,0.129424599549
-4.30000000016e-05,-4.30000000016e-05,0.129424599549
-0.7566055,-0.7566055,0.129424599549
-0.9198729,-0.9198729,0.129424599549
-6.49000000017e-05,-6.49000000017e-05,0.129424599549
-6.3845333,-6.3845333,0.129424599549
-19.5530977,-10.0,0.129424599549
-7.1779982,-7.1779982,0.129424599549
-0.3527369,-0.3527369,0.129424599549
-0.057968,-0.057968,0.129424599549
-1.6747178,-1.6747178,0.129424599549
-0.0324615,-0.0324615,0.129424599549
-3.6599469,-3.6599469,0.129424599549
-0.0648593,-0.0648593,0.129424599549
-1.00000001169e-07,-1.00000001169e-07,0.129424599549
15.141592,10.0,0.129424599549
14.6809676,10.0,0.129424599549
-5.7987657,-5.7987657,0.129424599549
-2.1305689,-2.1305689,0.129424599549
15.2012341,10.0,0.129424599549
15.2011911,10.0,0.129424599549
14.4446286,10.0,0.129424599549
14.2813612,10.0,0.129424599549
15.2011692,10.0,0.129424599549
8.8167008,8.8167008,0.129424599549
-4.3518636,-4.3518636,0.129424599549
8.0232359,8.0232359,0.129424599549
14.8484972,10.0,0.129424599549
15.1432661,10.0,0.129424599549
13.5265163,10.0,0.129424599549
15.1687726,10.0,0.129424599549
11.5412872,10.0,0.129424599549
15.1363748,10.0,0.129424599549
15.201234,10.0,0.129424599549
-0.0595991,-0.0595991,0.129424599549
-0.5202235,-0.5202235,0.129424599549
-20.9999568,-10.0,0.129424599549
-17.33176,-10.0,0.129424599549
4.30000000016e-05,4.30000000016e-05,0.129424599549
-15.2011911,-10.0,0.129424599549
-0.7565625,-0.7565625,0.129424599549
-0.9198299,-0.9198299,0.129424599549
-2.19000000001e-05,-2.19000000001e-05,0.129424599549
-6.3844903,-6.3844903,0.129424599549
-19.5530547,-10.0,0.129424599549
-7.1779552,-7.1779552,0.129424599549
-0.3526939,-0.3526939,0.129424599549
-0.057925,-0.057925,0.129424599549
-1.6746748,-1.6746748,0.129424599549
-0.0324185,-0.0324185,0.129424599549
-3.6599039,-3.6599039,0.129424599549
-0.0648163,-0.0648163,0.129424599549
4.29000000004e-05,4.29000000004e-05,0.129424599549
0.6969634,0.6969634,0.129424599549
0.236339,0.236339,0.129424599549
-20.2433943,-10.0,0.129424599549
-16.5751975,-10.0,0.129424599549
0.7566055,0.7566055,0.129424599549
-14.4446286,-10.0,0.129424599549
0.7565625,0.7565625,0.129424599549
-0.1632674,-0.1632674,0.129424599549
0.7565406,0.7565406,0.129424599549
-5.6279278,-5.6279278,0.129424599549
-18.7964922,-10.0,0.129424599549
-6.4213927,-6.4213927,0.129424599549
0.4038686,0.4038686,0.129424599549
0.6986375,0.6986375,0.129424599549
-0.9181123,-0.9181123,0.129424599549
0.724144,0.724144,0.129424599549
-2.9033414,-2.9033414,0.129424599549
0.6917462,0.6917462,0.129424599549
0.7566054,0.7566054,0.129424599549
0.8602308,0.8602308,0.129424599549
0.3996064,0.3996064,0.129424599549
-20.0801269,-10.0,0.129424599549
-16.4119301,-10.0,0.129424599549
0.9198729,0.9198729,0.129424599549
-14.2813612,-10.0,0.129424599549
0.9198299,0.9198299,0.129424599549
0.1632674,0.1632674,0.129424599549
0.919808,0.919808,0.129424599549
-5.4646604,-5.4646604,0.129424599549
-18.6332248,-10.0,0.129424599549
-6.2581253,-6.2581253,0.129424599549
0.567136,0.567136,0.129424599549
0.8619049,0.8619049,0.129424599549
-0.7548449,-0.7548449,0.129424599549
0.8874114,0.8874114,0.129424599549
-2.740074,-2.740074,0.129424599549
0.8550136,0.8550136,0.129424599549
0.9198728,0.9198728,0.129424599549
-0.0595772,-0.0595772,0.129424599549
-0.5202016,-0.5202016,0.129424599549
-20.9999349,-10.0,0.129424599549
-17.3317381,-10.0,0.129424599549
6.49000000017e-05,6.49000000017e-05,0.129424599549
-15.2011692,-10.0,0.129424599549
2.19000000001e-05,2.19000000001e-05,0.129424599549
-0.7565406,-0.7565406,0.129424599549
-0.919808,-0.919808,0.129424599549
-6.3844684,-6.3844684,0.129424599549
-19.5530328,-10.0,0.129424599549
-7.1779333,-7.1779333,0.129424599549
-0.352672,-0.352672,0.129424599549
-0.0579031,-0.0579031,0.129424599549
-1.6746529,-1.6746529,0.129424599549
-0.0323966,-0.0323966,0.129424599549
-3.659882,-3.659882,0.129424599549
-0.0647944,-0.0647944,0.129424599549
6.48000000005e-05,6.48000000005e-05,0.129424599549
6.3248912,6.3248912,0.129424599549
5.8642668,5.8642668,0.129424599549
-14.6154665,-10.0,0.129424599549
-10.9472697,-10.0,0.129424599549
6.3845333,6.3845333,0.129424599549
-8.8167008,-8.8167008,0.129424599549
6.3844903,6.3844903,0.129424599549
5.6279278,5.6279278,0.129424599549
5.4646604,5.4646604,0.129424599549
6.3844684,6.3844684,0.129424599549
-13.1685644,-10.0,0.129424599549
-0.7934649,-0.7934649,0.129424599549
6.0317964,6.0317964,0.129424599549
6.3265653,6.3265653,0.129424599549
4.7098155,4.7098155,0.129424599549
6.3520718,6.3520718,0.129424599549
2.7245864,2.7245864,0.129424599549
6.319674,6.319674,0.129424599549
6.3845332,6.3845332,0.129424599549
19.4934556,10.0,0.129424599549
19.0328312,10.0,0.129424599549
-1.4469021,-1.4469021,0.129424599549
2.2212947,2.2212947,0.129424599549
19.5530977,10.0,0.129424599549
4.3518636,4.3518636,0.129424599549
19.5530547,10.0,0.129424599549
18.7964922,10.0,0.129424599549
18.6332248,10.0,0.129424599549
19.5530328,10.0,0.129424599549
13.1685644,10.0,0.129424599549
12.3750995,10.0,0.129424599549
19.2003608,10.0,0.129424599549
19.4951297,10.0,0.129424599549
17.8783799,10.0,0.129424599549
19.5206362,10.0,0.129424599549
15.8931508,10.0,0.129424599549
19.4882384,10.0,0.129424599549
19.5530976,10.0,0.129424599549
7.1183561,7.1183561,0.129424599549
6.6577317,6.6577317,0.129424599549
-13.8220016,-10.0,0.129424599549
-10.1538048,-10.0,0.129424599549
7.1779982,7.1779982,0.129424599549
-8.0232359,-8.0232359,0.129424599549
7.1779552,7.1779552,0.129424599549
6.4213927,6.4213927,0.129424599549
6.2581253,6.2581253,0.129424599549
7.1779333,7.1779333,0.129424599549
0.7934649,0.7934649,0.129424599549
-12.3750995,-10.0,0.129424599549
6.8252613,6.8252613,0.129424599549
7.1200302,7.1200302,0.129424599549
5.5032804,5.5032804,0.129424599549
7.1455367,7.1455367,0.129424599549
3.5180513,3.5180513,0.129424599549
7.1131389,7.1131389,0.129424599549
7.1779981,7.1779981,0.129424599549
0.2930948,0.2930948,0.129424599549
-0.1675296,-0.1675296,0.129424599549
-20.6472629,-10.0,0.129424599549
-16.9790661,-10.0,0.129424599549
0.3527369,0.3527369,0.129424599549
-14.8484972,-10.0,0.129424599549
0.3526939,0.3526939,0.129424599549
-0.4038686,-0.4038686,0.129424599549
-0.567136,-0.567136,0.129424599549
0.352672,0.352672,0.129424599549
-6.0317964,-6.0317964,0.129424599549
-19.2003608,-10.0,0.129424599549
-6.8252613,-6.8252613,0.129424599549
0.2947689,0.2947689,0.129424599549
-1.3219809,-1.3219809,0.129424599549
0.3202754,0.3202754,0.129424599549
-3.30721,-3.30721,0.129424599549
0.2878776,0.2878776,0.129424599549
0.3527368,0.3527368,0.129424599549
-0.0016741,-0.0016741,0.129424599549
-0.4622985,-0.4622985,0.129424599549
-20.9420318,-10.0,0.129424599549
-17.273835,-10.0,0.129424599549
0.057968,0.057968,0.129424599549
-15.1432661,-10.0,0.129424599549
0.057925,0.057925,0.129424599549
-0.6986375,-0.6986375,0.129424599549
-0.8619049,-0.8619049,0.129424599549
0.0579031,0.0579031,0.129424599549
-6.3265653,-6.3265653,0.129424599549
-19.4951297,-10.0,0.129424599549
-7.1200302,-7.1200302,0.129424599549
-0.2947689,-0.2947689,0.129424599549
-1.6167498,-1.6167498,0.129424599549
0.0255065,0.0255065,0.129424599549
-3.6019789,-3.6019789,0.129424599549
-0.0068913,-0.0068913,0.129424599549
0.0579679,0.0579679,0.129424599549
1.6150757,1.6150757,0.129424599549
1.1544513,1.1544513,0.129424599549
-19.325282,-10.0,0.129424599549
-15.6570852,-10.0,0.129424599549
1.6747178,1.6747178,0.129424599549
-13.5265163,-10.0,0.129424599549
1.6746748,1.6746748,0.129424599549
0.9181123,0.9181123,0.129424599549
0.7548449,0.7548449,0.129424599549
1.6746529,1.6746529,0.129424599549
-4.7098155,-4.7098155,0.129424599549
-17.8783799,-10.0,0.129424599549
-5.5032804,-5.5032804,0.129424599549
1.3219809,1.3219809,0.129424599549
1.6167498,1.6167498,0.129424599549
1.6422563,1.6422563,0.129424599549
-1.9852291,-1.9852291,0.129424599549
1.6098585,1.6098585,0.129424599549
1.6747177,1.6747177,0.129424599549
-0.0271806,-0.0271806,0.129424599549
-0.487805,-0.487805,0.129424599549
-20.9675383,-10.0,0.129424599549
-17.2993415,-10.0,0.129424599549
0.0324615,0.0324615,0.129424599549
-15.1687726,-10.0,0.129424599549
0.0324185,0.0324185,0.129424599549
-0.724144,-0.724144,0.129424599549
-0.8874114,-0.8874114,0.129424599549
0.0323966,0.0323966,0.129424599549
-6.3520718,-6.3520718,0.129424599549
-19.5206362,-10.0,0.129424599549
-7.1455367,-7.1455367,0.129424599549
-0.3202754,-0.3202754,0.129424599549
-0.0255065,-0.0255065,0.129424599549
-1.6422563,-1.6422563,0.129424599549
-3.6274854,-3.6274854,0.129424599549
-0.0323978,-0.0323978,0.129424599549
0.0324614,0.0324614,0.129424599549
3.6003048,3.6003048,0.129424599549
3.1396804,3.1396804,0.129424599549
-17.3400529,-10.0,0.129424599549
-13.6718561,-10.0,0.129424599549
3.6599469,3.6599469,0.129424599549
-11.5412872,-10.0,0.129424599549
3.6599039,3.6599039,0.129424599549
2.9033414,2.9033414,0.129424599549
2.740074,2.740074,0.129424599549
3.659882,3.659882,0.129424599549
-2.7245864,-2.7245864,0.129424599549
-15.8931508,-10.0,0.129424599549
-3.5180513,-3.5180513,0.129424599549
3.30721,3.30721,0.129424599549
3.6019789,3.6019789,0.129424599549
1.9852291,1.9852291,0.129424599549
3.6274854,3.6274854,0.129424599549
3.5950876,3.5950876,0.129424599549
3.6599468,3.6599468,0.129424599549
0.0052172,0.0052172,0.129424599549
-0.4554072,-0.4554072,0.129424599549
-20.9351405,-10.0,0.129424599549
-17.2669437,-10.0,0.129424599549
0.0648593,0.0648593,0.129424599549
-15.1363748,-10.0,0.129424599549
0.0648163,0.0648163,0.129424599549
-0.6917462,-0.6917462,0.129424599549
-0.8550136,-0.8550136,0.129424599549
0.0647944,0.0647944,0.129424599549
-6.319674,-6.319674,0.129424599549
-19.4882384,-10.0,0.129424599549
-7.1131389,-7.1131389,0.129424599549
-0.2878776,-0.2878776,0.129424599549
0.0068913,0.0068913,0.129424599549
-1.6098585,-1.6098585,0.129424599549
0.0323978,0.0323978,0.129424599549
-3.5950876,-3.5950876,0.129424599549
0.0648592,0.0648592,0.129424599549
-0.059642,-0.059642,0.129424599549
-0.5202664,-0.5202664,0.129424599549
-20.9999997,-10.0,0.129424599549
-17.3318029,-10.0,0.129424599549
1.00000001169e-07,1.00000001169e-07,0.129424599549
-15.201234,-10.0,0.129424599549
-4.29000000004e-05,-4.29000000004e-05,0.129424599549
-0.7566054,-0.7566054,0.129424599549
-0.9198728,-0.9198728,0.129424599549
-6.48000000005e-05,-6.48000000005e-05,0.129424599549
-6.3845332,-6.3845332,0.129424599549
-19.5530976,-10.0,0.129424599549
-7.1779981,-7.1779981,0.129424599549
-0.3527368,-0.3527368,0.129424599549
-0.0579679,-0.0579679,0.129424599549
-1.6747177,-1.6747177,0.129424599549
-0.0324614,-0.0324614,0.129424599549
-3.6599468,-3.6599468,0.129424599549
-0.0648592,-0.0648592,0.129424599549
-3.7674946,-3.7674946,0.0496365001112
0.647251,0.647251,0.0496365001112
0.2067758,0.2067758,0.0496365001112
-3.6319054,-3.6319054,0.0496365001112
0.2139152,0.2139152,0.0496365001112
-18.1377892,-10.0,0.0496365001112
0.8044001,0.8044001,0.0496365001112
0.9166735,0.9166735,0.0496365001112
0.8888845,0.8888845,0.0496365001112
-2.7696442,-2.7696442,0.0496365001112
0.9072187,0.9072187,0.0496365001112
-20.0832999,-10.0,0.0496365001112
0.9166987,0.9166987,0.0496365001112
0.8966847,0.8966847,0.0496365001112
0.9166954,0.9166954,0.0496365001112
0.5569432,0.5569432,0.0496365001112
-3.9362778,-3.9362778,0.0496365001112
0.9166598,0.9166598,0.0496365001112
-1.9093646,-1.9093646,0.0496365001112
3.7674946,3.7674946,0.0496365001112
4.4147456,4.4147456,0.0496365001112
3.9742704,3.9742704,0.0496365001112
0.1355892,0.1355892,0.0496365001112
3.9814098,3.9814098,0.0496365001112
-14.3702946,-10.0,0.0496365001112
4.5718947,4.5718947,0.0496365001112
4.6841681,4.6841681,0.0496365001112
4.6563791,4.6563791,0.0496365001112
0.9978504,0.9978504,0.0496365001112
4.6747133,4.6747133,0.0496365001112
-16.3158053,-10.0,0.0496365001112
4.6841933,4.6841933,0.0496365001112
4.6641793,4.6641793,0.0496365001112
4.68419,4.68419,0.0496365001112
4.3244378,4.3244378,0.0496365001112
-0.1687832,-0.1687832,0.0496365001112
4.6841544,4.6841544,0.0496365001112
1.85813,1.85813,0.0496365001112
-0.647251,-0.647251,0.0496365001112
-4.4147456,-4.4147456,0.0496365001112
-0.4404752,-0.4404752,0.0496365001112
-4.2791564,-4.2791564,0.0496365001112
-0.4333358,-0.4333358,0.0496365001112
-18.7850402,-10.0,0.0496365001112
0.1571491,0.1571491,0.0496365001112
0.2694225,0.2694225,0.0496365001112
0.2416335,0.2416335,0.0496365001112
-3.4168952,-3.4168952,0.0496365001112
0.2599677,0.2599677,0.0496365001112
-20.7305509,-10.0,0.0496365001112
0.2694477,0.2694477,0.0496365001112
0.2494337,0.2494337,0.0496365001112
0.2694444,0.2694444,0.0496365001112
-0.0903078,-0.0903078,0.0496365001112
-4.5835288,-4.5835288,0.0496365001112
0.2694088,0.2694088,0.0496365001112
-2.5566156,-2.5566156,0.0496365001112
-0.2067758,-0.2067758,0.0496365001112
-3.9742704,-3.9742704,0.0496365001112
0.4404752,0.4404752,0.0496365001112
-3.8386812,-3.8386812,0.0496365001112
0.0071394,0.0071394,0.0496365001112
-18.344565,-10.0,0.0496365001112
0.5976243,0.5976243,0.0496365001112
0.7098977,0.7098977,0.0496365001112
0.6821087,0.6821087,0.0496365001112
-2.97642,-2.97642,0.0496365001112
0.7004429,0.7004429,0.0496365001112
-20.2900757,-10.0,0.0496365001112
0.7099229,0.7099229,0.0496365001112
0.6899089,0.6899089,0.0496365001112
0.7099196,0.7099196,0.0496365001112
0.3501674,0.3501674,0.0496365001112
-4.1430536,-4.1430536,0.0496365001112
0.709884,0.709884,0.0496365001112
-2.1161404,-2.1161404,0.0496365001112
3.6319054,3.6319054,0.0496365001112
-0.1355892,-0.1355892,0.0496365001112
4.2791564,4.2791564,0.0496365001112
3.8386812,3.8386812,0.0496365001112
3.8458206,3.8458206,0.0496365001112
-14.5058838,-10.0,0.0496365001112
4.4363055,4.4363055,0.0496365001112
4.5485789,4.5485789,0.0496365001112
4.5207899,4.5207899,0.0496365001112
0.8622612,0.8622612,0.0496365001112
4.5391241,4.5391241,0.0496365001112
-16.4513945,-10.0,0.0496365001112
4.5486041,4.5486041,0.0496365001112
4.5285901,4.5285901,0.0496365001112
4.5486008,4.5486008,0.0496365001112
4.1888486,4.1888486,0.0496365001112
-0.3043724,-0.3043724,0.0496365001112
4.5485652,4.5485652,0.0496365001112
1.7225408,1.7225408,0.0496365001112
-0.2139152,-0.2139152,0.0496365001112
-3.9814098,-3.9814098,0.0496365001112
0.4333358,0.4333358,0.0496365001112
-0.0071394,-0.0071394,0.0496365001112
-3.8458206,-3.8458206,0.0496365001112
-18.3517044,-10.0,0.0496365001112
0.5904849,0.5904849,0.0496365001112
0.7027583,0.7027583,0.0496365001112
0.6749693,0.6749693,0.0496365001112
-2.9835594,-2.9835594,0.0496365001112
0.6933035,0.6933035,0.0496365001112
-20.2972151,-10.0,0.0496365001112
0.7027835,0.7027835,0.0496365001112
0.6827695,0.6827695,0.0496365001112
0.7027802,0.7027802,0.0496365001112
0.343028,0.343028,0.0496365001112
-4.150193,-4.150193,0.0496365001112
0.7027446,0.7027446,0.0496365001112
-2.1232798,-2.1232798,0.0496365001112
18.1377892,10.0,0.0496365001112
14.3702946,10.0,0.0496365001112
18.7850402,10.0,0.0496365001112
18.344565,10.0,0.0496365001112
14.5058838,10.0,0.0496365001112
18.3517044,10.0,0.0496365001112
18.9421893,10.0,0.0496365001112
19.0544627,10.0,0.0496365001112
19.0266737,10.0,0.0496365001112
15.368145,10.0,0.0496365001112
19.0450079,10.0,0.0496365001112
-1.9455107,-1.9455107,0.0496365001112
19.0544879,10.0,0.0496365001112
19.0344739,10.0,0.0496365001112
19.0544846,10.0,0.0496365001112
18.6947324,10.0,0.0496365001112
14.2015114,10.0,0.0496365001112
19.054449,10.0,0.0496365001112
16.2284246,10.0,0.0496365001112
-0.8044001,-0.8044001,0.0496365001112
-4.5718947,-4.5718947,0.0496365001112
-0.1571491,-0.1571491,0.0496365001112
-0.5976243,-0.5976243,0.0496365001112
-4.4363055,-4.4363055,0.0496365001112
-0.5904849,-0.5904849,0.0496365001112
-18.9421893,-10.0,0.0496365001112
0.1122734,0.1122734,0.0496365001112
0.0844844,0.0844844,0.0496365001112
-3.5740443,-3.5740443,0.0496365001112
0.1028186,0.1028186,0.0496365001112
-20.8877,-10.0,0.0496365001112
0.1122986,0.1122986,0.0496365001112
0.0922846,0.0922846,0.0496365001112
0.1122953,0.1122953,0.0496365001112
-0.2474569,-0.2474569,0.0496365001112
-4.7406779,-4.7406779,0.0496365001112
0.1122597,0.1122597,0.0496365001112
-2.7137647,-2.7137647,0.0496365001112
-0.9166735,-0.9166735,0.0496365001112
-4.6841681,-4.6841681,0.0496365001112
-0.2694225,-0.2694225,0.0496365001112
-0.7098977,-0.7098977,0.0496365001112
-4.5485789,-4.5485789,0.0496365001112
-0.7027583,-0.7027583,0.0496365001112
-19.0544627,-10.0,0.0496365001112
-0.1122734,-0.1122734,0.0496365001112
-0.027789,-0.027789,0.0496365001112
-3.6863177,-3.6863177,0.0496365001112
-0.0094548,-0.0094548,0.0496365001112
-20.9999734,-10.0,0.0496365001112
2.52000000032e-05,2.52000000032e-05,0.0496365001112
-0.0199888,-0.0199888,0.0496365001112
2.19000000001e-05,2.19000000001e-05,0.0496365001112
-0.3597303,-0.3597303,0.0496365001112
-4.8529513,-4.8529513,0.0496365001112
-1.36999999967e-05,-1.36999999967e-05,0.0496365001112
-2.8260381,-2.8260381,0.0496365001112
-0.8888845,-0.8888845,0.0496365001112
-4.6563791,-4.6563791,0.0496365001112
-0.2416335,-0.2416335,0.0496365001112
-0.6821087,-0.6821087,0.0496365001112
-4.5207899,-4.5207899,0.0496365001112
-0.6749693,-0.6749693,0.0496365001112
-19.0266737,-10.0,0.0496365001112
-0.0844844,-0.0844844,0.0496365001112
0.027789,0.027789,0.0496365001112
-3.6585287,-3.6585287,0.0496365001112
0.0183342,0.0183342,0.0496365001112
-20.9721844,-10.0,0.0496365001112
0.0278142,0.0278142,0.0496365001112
0.0078002,0.0078002,0.0496365001112
0.0278109,0.0278109,0.0496365001112
-0.3319413,-0.3319413,0.0496365001112
-4.8251623,-4.8251623,0.0496365001112
0.0277753,0.0277753,0.0496365001112
-2.7982491,-2.7982491,0.0496365001112
2.7696442,2.7696442,0.0496365001112
-0.9978504,-0.9978504,0.0496365001112
3.4168952,3.4168952,0.0496365001112
2.97642,2.97642,0.0496365001112
-0.8622612,-0.8622612,0.0496365001112
2.9835594,2.9835594,0.0496365001112
-15.368145,-10.0,0.0496365001112
3.5740443,3.5740443,0.0496365001112
3.6863177,3.6863177,0.0496365001112
3.6585287,3.6585287,0.0496365001112
3.6768629,3.6768629,0.0496365001112
-17.3136557,-10.0,0.0496365001112
3.6863429,3.6863429,0.0496365001112
3.6663289,3.6663289,0.0496365001112
3.6863396,3.6863396,0.0496365001112
3.3265874,3.3265874,0.0496365001112
-1.1666336,-1.1666336,0.0496365001112
3.686304,3.686304,0.0496365001112
0.8602796,0.8602796,0.0496365001112
-0.9072187,-0.9072187,0.0496365001112
-4.6747133,-4.6747133,0.0496365001112
-0.2599677,-0.2599677,0.0496365001112
-0.7004429,-0.7004429,0.0496365001112
-4.5391241,-4.5391241,0.0496365001112
-0.6933035,-0.6933035,0.0496365001112
-19.0450079,-10.0,0.0496365001112
-0.1028186,-0.1028186,0.0496365001112
0.0094548,0.0094548,0.0496365001112
-0.0183342,-0.0183342,0.0496365001112
-3.6768629,-3.6768629,0.0496365001112
-20.9905186,-10.0,0.0496365001112
0.00948,0.00948,0.0496365001112
-0.010534,-0.010534,0.0496365001112
0.0094767,0.0094767,0.0496365001112
-0.3502755,-0.3502755,0.0496365001112
-4.8434965,-4.8434965,0.0496365001112
0.0094411,0.0094411,0.0496365001112
-2.8165833,-2.8165833,0.0496365001112
20.0832999,10.0,0.0496365001112
16.3158053,10.0,0.0496365001112
20.7305509,10.0,0.0496365001112
20.2900757,10.0,0.0496365001112
16.4513945,10.0,0.0496365001112
20.2972151,10.0,0.0496365001112
1.9455107,1.9455107,0.0496365001112
20.8877,10.0,0.0496365001112
20.9999734,10.0,0.0496365001112
20.9721844,10.0,0.0496365001112
17.3136557,10.0,0.0496365001112
20.9905186,10.0,0.0496365001112
20.9999986,10.0,0.0496365001112
20.9799846,10.0,0.0496365001112
20.9999953,10.0,0.0496365001112
20.6402431,10.0,0.0496365001112
16.1470221,10.0,0.0496365001112
20.9999597,10.0,0.0496365001112
18.1739353,10.0,0.0496365001112
-0.9166987,-0.9166987,0.0496365001112
-4.6841933,-4.6841933,0.0496365001112
-0.2694477,-0.2694477,0.0496365001112
-0.7099229,-0.7099229,0.0496365001112
-4.5486041,-4.5486041,0.0496365001112
-0.7027835,-0.7027835,0.0496365001112
-19.0544879,-10.0,0.0496365001112
-0.1122986,-0.1122986,0.0496365001112
-2.52000000032e-05,-2.52000000032e-05,0.0496365001112
-0.0278142,-0.0278142,0.0496365001112
-3.6863429,-3.6863429,0.0496365001112
-0.00948,-0.00948,0.0496365001112
-20.9999986,-10.0,0.0496365001112
-0.020014,-0.020014,0.0496365001112
-3.30000000304e-06,-3.30000000304e-06,0.0496365001112
-0.3597555,-0.3597555,0.0496365001112
-4.8529765,-4.8529765,0.0496365001112
-3.88999999998e-05,-3.88999999998e-05,0.0496365001112
-2.8260633,-2.8260633,0.0496365001112
-0.8966847,-0.8966847,0.0496365001112
-4.6641793,-4.6641793,0.0496365001112
-0.2494337,-0.2494337,0.0496365001112
-0.6899089,-0.6899089,0.0496365001112
-4.5285901,-4.5285901,0.0496365001112
-0.6827695,-0.6827695,0.0496365001112
-19.0344739,-10.0,0.0496365001112
-0.0922846,-0.0922846,0.0496365001112
0.0199888,0.0199888,0.0496365001112
-0.0078002,-0.0078002,0.0496365001112
-3.6663289,-3.6663289,0.0496365001112
0.010534,0.010534,0.0496365001112
-20.9799846,-10.0,0.0496365001112
0.020014,0.020014,0.0496365001112
0.0200107,0.0200107,0.0496365001112
-0.3397415,-0.3397415,0.0496365001112
-4.8329625,-4.8329625,0.0496365001112
0.0199751,0.0199751,0.0496365001112
-2.8060493,-2.8060493,0.0496365001112
-0.9166954,-0.9166954,0.0496365001112
-4.68419,-4.68419,0.0496365001112
-0.2694444,-0.2694444,0.0496365001112
-0.7099196,-0.7099196,0.0496365001112
-4.5486008,-4.5486008,0.0496365001112
-0.7027802,-0.7027802,0.0496365001112
-19.0544846,-10.0,0.0496365001112
-0.1122953,-0.1122953,0.0496365001112
-2.19000000001e-05,-2.19000000001e-05,0.0496365001112
-0.0278109,-0.0278109,0.0496365001112
-3.6863396,-3.6863396,0.0496365001112
-0.0094767,-0.0094767,0.0496365001112
-20.9999953,-10.0,0.0496365001112
3.30000000304e-06,3.30000000304e-06,0.0496365001112
-0.0200107,-0.0200107,0.0496365001112
-0.3597522,-0.3597522,0.0496365001112
-4.8529732,-4.8529732,0.0496365001112
-3.55999999968e-05,-3.55999999968e-05,0.0496365001112
-2.82606,-2.82606,0.0496365001112
-0.5569432,-0.5569432,0.0496365001112
-4.3244378,-4.3244378,0.0496365001112
0.0903078,0.0903078,0.0496365001112
-0.3501674,-0.3501674,0.0496365001112
-4.1888486,-4.1888486,0.0496365001112
-0.343028,-0.343028,0.0496365001112
-18.6947324,-10.0,0.0496365001112
0.2474569,0.2474569,0.0496365001112
0.3597303,0.3597303,0.0496365001112
0.3319413,0.3319413,0.0496365001112
-3.3265874,-3.3265874,0.0496365001112
0.3502755,0.3502755,0.0496365001112
-20.6402431,-10.0,0.0496365001112
0.3597555,0.3597555,0.0496365001112
0.3397415,0.3397415,0.0496365001112
0.3597522,0.3597522,0.0496365001112
-4.493221,-4.493221,0.0496365001112
0.3597166,0.3597166,0.0496365001112
-2.4663078,-2.4663078,0.0496365001112
3.9362778,3.9362778,0.0496365001112
0.1687832,0.1687832,0.0496365001112
4.5835288,4.5835288,0.0496365001112
4.1430536,4.1430536,0.0496365001112
0.3043724,0.3043724,0.0496365001112
4.150193,4.150193,0.0496365001112
-14.2015114,-10.0,0.0496365001112
4.7406779,4.7406779,0.0496365001112
4.8529513,4.8529513,0.0496365001112
4.8251623,4.8251623,0.0496365001112
1.1666336,1.1666336,0.0496365001112
4.8434965,4.8434965,0.0496365001112
-16.1470221,-10.0,0.0496365001112
4.8529765,4.8529765,0.0496365001112
4.8329625,4.8329625,0.0496365001112
4.8529732,4.8529732,0.0496365001112
4.493221,4.493221,0.0496365001112
4.8529376,4.8529376,0.0496365001112
2.0269132,2.0269132,0.0496365001112
-0.9166598,-0.9166598,0.0496365001112
-4.6841544,-4.6841544,0.0496365001112
-0.2694088,-0.2694088,0.0496365001112
-0.709884,-0.709884,0.0496365001112
-4.5485652,-4.5485652,0.0496365001112
-0.7027446,-0.7027446,0.0496365001112
-19.054449,-10.0,0.0496365001112
-0.1122597,-0.1122597,0.0496365001112
1.36999999967e-05,1.36999999967e-05,0.0496365001112
-0.0277753,-0.0277753,0.0496365001112
-3.686304,-3.686304,0.0496365001112
-0.0094411,-0.0094411,0.0496365001112
-20.9999597,-10.0,0.0496365001112
3.88999999998e-05,3.88999999998e-05,0.0496365001112
-0.0199751,-0.0199751,0.0496365001112
3.55999999968e-05,3.55999999968e-05,0.0496365001112
-0.3597166,-0.3597166,0.0496365001112
-4.8529376,-4.8529376,0.0496365001112
-2.8260244,-2.8260244,0.0496365001112
1.9093646,1.9093646,0.0496365001112
-1.85813,-1.85813,0.0496365001112
2.5566156,2.5566156,0.0496365001112
2.1161404,2.1161404,0.0496365001112
-1.7225408,-1.7225408,0.0496365001112
2.1232798,2.1232798,0.0496365001112
-16.2284246,-10.0,0.0496365001112
2.7137647,2.7137647,0.0496365001112
2.8260381,2.8260381,0.0496365001112
2.7982491,2.7982491,0.0496365001112
-0.8602796,-0.8602796,0.0496365001112
2.8165833,2.8165833,0.0496365001112
-18.1739353,-10.0,0.0496365001112
2.8260633,2.8260633,0.0496365001112
2.8060493,2.8060493,0.0496365001112
2.82606,2.82606,0.0496365001112
2.4663078,2.4663078,0.0496365001112
-2.0269132,-2.0269132,0.0496365001112
2.8260244,2.8260244,0.0496365001112
7.0555637,7.0555637,0.399310466322
-2.8635363,-2.8635363,0.399310466322
-5.2450662,-5.2450662,0.399310466322
15.754675,10.0,0.399310466322
-0.6959755,-0.6959755,0.399310466322
-2.2600464,-2.2600464,0.399310466322
-0.4342623,-0.4342623,0.399310466322
-3.7444013,-3.7444013,0.399310466322
-2.0193931,-2.0193931,0.399310466322
15.7549338,10.0,0.399310466322
-1.0651553,-1.0651553,0.399310466322
10.4553291,10.0,0.399310466322
-2.3993282,-2.3993282,0.399310466322
-0.4515117,-0.4515117,0.399310466322
1.6797943,1.6797943,0.399310466322
0.568301,0.568301,0.399310466322
-1.7515448,-1.7515448,0.399310466322
15.6686444,10.0,0.399310466322
6.5312554,6.5312554,0.399310466322
-7.0555637,-7.0555637,0.399310466322
-9.9191,-9.9191,0.399310466322
-12.3006299,-10.0,0.399310466322
8.6991113,8.6991113,0.399310466322
-7.7515392,-7.7515392,0.399310466322
-9.3156101,-9.3156101,0.399310466322
-7.489826,-7.489826,0.399310466322
-10.799965,-10.0,0.399310466322
-9.0749568,-9.0749568,0.399310466322
8.6993701,8.6993701,0.399310466322
-8.120719,-8.120719,0.399310466322
3.3997654,3.3997654,0.399310466322
-9.4548919,-9.4548919,0.399310466322
-7.5070754,-7.5070754,0.399310466322
-5.3757694,-5.3757694,0.399310466322
-6.4872627,-6.4872627,0.399310466322
-8.8071085,-8.8071085,0.399310466322
8.6130807,8.6130807,0.399310466322
-0.5243083,-0.5243083,0.399310466322
2.8635363,2.8635363,0.399310466322
9.9191,9.9191,0.399310466322
-2.3815299,-2.3815299,0.399310466322
18.6182113,10.0,0.399310466322
2.1675608,2.1675608,0.399310466322
0.6034899,0.6034899,0.399310466322
2.429274,2.429274,0.399310466322
-0.880865,-0.880865,0.399310466322
0.8441432,0.8441432,0.399310466322
18.6184701,10.0,0.399310466322
1.798381,1.798381,0.399310466322
13.3188654,10.0,0.399310466322
0.4642081,0.4642081,0.399310466322
2.4120246,2.4120246,0.399310466322
4.5433306,4.5433306,0.399310466322
3.4318373,3.4318373,0.399310466322
1.1119915,1.1119915,0.399310466322
18.5321807,10.0,0.399310466322
9.3947917,9.3947917,0.399310466322
5.2450662,5.2450662,0.399310466322
12.3006299,10.0,0.399310466322
2.3815299,2.3815299,0.399310466322
20.9997412,10.0,0.399310466322
4.5490907,4.5490907,0.399310466322
2.9850198,2.9850198,0.399310466322
4.8108039,4.8108039,0.399310466322
1.5006649,1.5006649,0.399310466322
3.2256731,3.2256731,0.399310466322
21.0,10.0,0.399310466322
4.1799109,4.1799109,0.399310466322
15.7003953,10.0,0.399310466322
2.845738,2.845738,0.399310466322
4.7935545,4.7935545,0.399310466322
6.9248605,6.9248605,0.399310466322
5.8133672,5.8133672,0.399310466322
3.4935214,3.4935214,0.399310466322
20.9137106,10.0,0.399310466322
11.7763216,10.0,0.399310466322
-15.754675,-10.0,0.399310466322
-8.6991113,-8.6991113,0.399310466322
-18.6182113,-10.0,0.399310466322
-20.9997412,-10.0,0.399310466322
-16.4506505,-10.0,0.399310466322
-18.0147214,-10.0,0.399310466322
-16.1889373,-10.0,0.399310466322
-19.4990763,-10.0,0.399310466322
-17.7740681,-10.0,0.399310466322
0.000258800000001,0.000258800000001,0.399310466322
-16.8198303,-10.0,0.399310466322
-5.2993459,-5.2993459,0.399310466322
-18.1540032,-10.0,0.399310466322
-16.2061867,-10.0,0.399310466322
-14.0748807,-10.0,0.399310466322
-15.186374,-10.0,0.399310466322
-17.5062198,-10.0,0.399310466322
-0.0860306,-0.0860306,0.399310466322
-9.2234196,-9.2234196,0.399310466322
0.6959755,0.6959755,0.399310466322
7.7515392,7.7515392,0.399310466322
-2.1675608,-2.1675608,0.399310466322
-4.5490907,-4.5490907,0.399310466322
16.4506505,10.0,0.399310466322
-1.5640709,-1.5640709,0.399310466322
0.2617132,0.2617132,0.399310466322
-3.0484258,-3.0484258,0.399310466322
-1.3234176,-1.3234176,0.399310466322
16.4509093,10.0,0.399310466322
-0.3691798,-0.3691798,0.399310466322
11.1513046,10.0,0.399310466322
-1.7033527,-1.7033527,0.399310466322
0.2444638,0.2444638,0.399310466322
2.3757698,2.3757698,0.399310466322
1.2642765,1.2642765,0.399310466322
-1.0555693,-1.0555693,0.399310466322
16.3646199,10.0,0.399310466322
7.2272309,7.2272309,0.399310466322
2.2600464,2.2600464,0.399310466322
9.3156101,9.3156101,0.399310466322
-0.6034899,-0.6034899,0.399310466322
-2.9850198,-2.9850198,0.399310466322
18.0147214,10.0,0.399310466322
1.5640709,1.5640709,0.399310466322
1.8257841,1.8257841,0.399310466322
-1.4843549,-1.4843549,0.399310466322
0.2406533,0.2406533,0.399310466322
18.0149802,10.0,0.399310466322
1.1948911,1.1948911,0.399310466322
12.7153755,10.0,0.399310466322
-0.1392818,-0.1392818,0.399310466322
1.8085347,1.8085347,0.399310466322
3.9398407,3.9398407,0.399310466322
2.8283474,2.8283474,0.399310466322
0.5085016,0.5085016,0.399310466322
17.9286908,10.0,0.399310466322
8.7913018,8.7913018,0.399310466322
0.4342623,0.4342623,0.399310466322
7.489826,7.489826,0.399310466322
-2.429274,-2.429274,0.399310466322
-4.8108039,-4.8108039,0.399310466322
16.1889373,10.0,0.399310466322
-0.2617132,-0.2617132,0.399310466322
-1.8257841,-1.8257841,0.399310466322
-3.310139,-3.310139,0.399310466322
-1.5851308,-1.5851308,0.399310466322
16.1891961,10.0,0.399310466322
-0.630893,-0.630893,0.399310466322
10.8895914,10.0,0.399310466322
-1.9650659,-1.9650659,0.399310466322
-0.0172494,-0.0172494,0.399310466322
2.1140566,2.1140566,0.399310466322
1.0025633,1.0025633,0.399310466322
-1.3172825,-1.3172825,0.399310466322
16.1029067,10.0,0.399310466322
6.9655177,6.9655177,0.399310466322
3.7444013,3.7444013,0.399310466322
10.799965,10.0,0.399310466322
0.880865,0.880865,0.399310466322
-1.5006649,-1.5006649,0.399310466322
19.4990763,10.0,0.399310466322
3.0484258,3.0484258,0.399310466322
1.4843549,1.4843549,0.399310466322
3.310139,3.310139,0.399310466322
1.7250082,1.7250082,0.399310466322
19.4993351,10.0,0.399310466322
2.679246,2.679246,0.399310466322
14.1997304,10.0,0.399310466322
1.3450731,1.3450731,0.399310466322
3.2928896,3.2928896,0.399310466322
5.4241956,5.4241956,0.399310466322
4.3127023,4.3127023,0.399310466322
1.9928565,1.9928565,0.399310466322
19.4130457,10.0,0.399310466322
10.2756567,10.0,0.399310466322
2.0193931,2.0193931,0.399310466322
9.0749568,9.0749568,0.399310466322
-0.8441432,-0.8441432,0.399310466322
-3.2256731,-3.2256731,0.399310466322
17.7740681,10.0,0.399310466322
1.3234176,1.3234176,0.399310466322
-0.2406533,-0.2406533,0.399310466322
1.5851308,1.5851308,0.399310466322
-1.7250082,-1.7250082,0.399310466322
17.7743269,10.0,0.399310466322
0.9542378,0.9542378,0.399310466322
12.4747222,10.0,0.399310466322
-0.3799351,-0.3799351,0.399310466322
1.5678814,1.5678814,0.399310466322
3.6991874,3.6991874,0.399310466322
2.5876941,2.5876941,0.399310466322
0.2678483,0.2678483,0.399310466322
17.6880375,10.0,0.399310466322
8.5506485,8.5506485,0.399310466322
-15.7549338,-10.0,0.399310466322
-8.6993701,-8.6993701,0.399310466322
-18.6184701,-10.0,0.399310466322
-21.0,-10.0,0.399310466322
-0.000258800000001,-0.000258800000001,0.399310466322
-16.4509093,-10.0,0.399310466322
-18.0149802,-10.0,0.399310466322
-16.1891961,-10.0,0.399310466322
-19.4993351,-10.0,0.399310466322
-17.7743269,-10.0,0.399310466322
-16.8200891,-10.0,0.399310466322
-5.2996047,-5.2996047,0.399310466322
-18.154262,-10.0,0.399310466322
-16.2064455,-10.0,0.399310466322
-14.0751395,-10.0,0.399310466322
-15.1866328,-10.0,0.399310466322
-17.5064786,-10.0,0.399310466322
-0.0862894,-0.0862894,0.399310466322
-9.2236784,-9.2236784,0.399310466322
1.0651553,1.0651553,0.399310466322
8.120719,8.120719,0.399310466322
-1.798381,-1.798381,0.399310466322
-4.1799109,-4.1799109,0.399310466322
16.8198303,10.0,0.399310466322
0.3691798,0.3691798,0.399310466322
-1.1948911,-1.1948911,0.399310466322
0.630893,0.630893,0.399310466322
-2.679246,-2.679246,0.399310466322
-0.9542378,-0.9542378,0.399310466322
16.8200891,10.0,0.399310466322
11.5204844,10.0,0.399310466322
-1.3341729,-1.3341729,0.399310466322
0.6136436,0.6136436,0.399310466322
2.7449496,2.7449496,0.399310466322
1.6334563,1.6334563,0.399310466322
-0.6863895,-0.6863895,0.399310466322
16.7337997,10.0,0.399310466322
7.5964107,7.5964107,0.399310466322
-10.4553291,-10.0,0.399310466322
-3.3997654,-3.3997654,0.399310466322
-13.3188654,-10.0,0.399310466322
-15.7003953,-10.0,0.399310466322
5.2993459,5.2993459,0.399310466322
-11.1513046,-10.0,0.399310466322
-12.7153755,-10.0,0.399310466322
-10.8895914,-10.0,0.399310466322
-14.1997304,-10.0,0.399310466322
-12.4747222,-10.0,0.399310466322
5.2996047,5.2996047,0.399310466322
-11.5204844,-10.0,0.399310466322
-12.8546573,-10.0,0.399310466322
-10.9068408,-10.0,0.399310466322
-8.7755348,-8.7755348,0.399310466322
-9.8870281,-9.8870281,0.399310466322
-12.2068739,-10.0,0.399310466322
5.2133153,5.2133153,0.399310466322
-3.9240737,-3.9240737,0.399310466322
2.3993282,2.3993282,0.399310466322
9.4548919,9.4548919,0.399310466322
-0.4642081,-0.4642081,0.399310466322
-2.845738,-2.845738,0.399310466322
18.1540032,10.0,0.399310466322
1.7033527,1.7033527,0.399310466322
0.1392818,0.1392818,0.399310466322
1.9650659,1.9650659,0.399310466322
-1.3450731,-1.3450731,0.399310466322
0.3799351,0.3799351,0.399310466322
18.154262,10.0,0.399310466322
1.3341729,1.3341729,0.399310466322
12.8546573,10.0,0.399310466322
1.9478165,1.9478165,0.399310466322
4.0791225,4.0791225,0.399310466322
2.9676292,2.9676292,0.399310466322
0.6477834,0.6477834,0.399310466322
18.0679726,10.0,0.399310466322
8.9305836,8.9305836,0.399310466322
0.4515117,0.4515117,0.399310466322
7.5070754,7.5070754,0.399310466322
-2.4120246,-2.4120246,0.399310466322
-4.7935545,-4.7935545,0.399310466322
16.2061867,10.0,0.399310466322
-0.2444638,-0.2444638,0.399310466322
-1.8085347,-1.8085347,0.399310466322
0.0172494,0.0172494,0.399310466322
-3.2928896,-3.2928896,0.399310466322
-1.5678814,-1.5678814,0.399310466322
16.2064455,10.0,0.399310466322
-0.6136436,-0.6136436,0.399310466322
10.9068408,10.0,0.399310466322
-1.9478165,-1.9478165,0.399310466322
2.131306,2.131306,0.399310466322
1.0198127,1.0198127,0.399310466322
-1.3000331,-1.3000331,0.399310466322
16.1201561,10.0,0.399310466322
6.9827671,6.9827671,0.399310466322
-1.6797943,-1.6797943,0.399310466322
5.3757694,5.3757694,0.399310466322
-4.5433306,-4.5433306,0.399310466322
-6.9248605,-6.9248605,0.399310466322
14.0748807,10.0,0.399310466322
-2.3757698,-2.3757698,0.399310466322
-3.9398407,-3.9398407,0.399310466322
-2.1140566,-2.1140566,0.399310466322
-5.4241956,-5.4241956,0.399310466322
-3.6991874,-3.6991874,0.399310466322
14.0751395,10.0,0.399310466322
-2.7449496,-2.7449496,0.399310466322
8.7755348,8.7755348,0.399310466322
-4.0791225,-4.0791225,0.399310466322
-2.131306,-2.131306,0.399310466322
-1.1114933,-1.1114933,0.399310466322
-3.4313391,-3.4313391,0.399310466322
13.9888501,10.0,0.399310466322
4.8514611,4.8514611,0.399310466322
-0.568301,-0.568301,0.399310466322
6.4872627,6.4872627,0.399310466322
-3.4318373,-3.4318373,0.399310466322
-5.8133672,-5.8133672,0.399310466322
15.186374,10.0,0.399310466322
-1.2642765,-1.2642765,0.399310466322
-2.8283474,-2.8283474,0.399310466322
-1.0025633,-1.0025633,0.399310466322
-4.3127023,-4.3127023,0.399310466322
-2.5876941,-2.5876941,0.399310466322
15.1866328,10.0,0.399310466322
-1.6334563,-1.6334563,0.399310466322
9.8870281,9.8870281,0.399310466322
-2.9676292,-2.9676292,0.399310466322
-1.0198127,-1.0198127,0.399310466322
1.1114933,1.1114933,0.399310466322
-2.3198458,-2.3198458,0.399310466322
15.1003434,10.0,0.399310466322
5.9629544,5.9629544,0.399310466322
1.7515448,1.7515448,0.399310466322
8.8071085,8.8071085,0.399310466322
-1.1119915,-1.1119915,0.399310466322
-3.4935214,-3.4935214,0.399310466322
17.5062198,10.0,0.399310466322
1.0555693,1.0555693,0.399310466322
-0.5085016,-0.5085016,0.399310466322
1.3172825,1.3172825,0.399310466322
-1.9928565,-1.9928565,0.399310466322
-0.2678483,-0.2678483,0.399310466322
17.5064786,10.0,0.399310466322
0.6863895,0.6863895,0.399310466322
12.2068739,10.0,0.399310466322
-0.6477834,-0.6477834,0.399310466322
1.3000331,1.3000331,0.399310466322
3.4313391,3.4313391,0.399310466322
2.3198458,2.3198458,0.399310466322
17.4201892,10.0,0.399310466322
8.2828002,8.2828002,0.399310466322
-15.6686444,-10.0,0.399310466322
-8.6130807,-8.6130807,0.399310466322
-18.5321807,-10.0,0.399310466322
-20.9137106,-10.0,0.399310466322
0.0860306,0.0860306,0.399310466322
-16.3646199,-10.0,0.399310466322
-17.9286908,-10.0,0.399310466322
-16.1029067,-10.0,0.399310466322
-19.4130457,-10.0,0.399310466322
-17.6880375,-10.0,0.399310466322
0.0862894,0.0862894,0.399310466322
-16.7337997,-10.0,0.399310466322
-5.2133153,-5.2133153,0.399310466322
-18.0679726,-10.0,0.399310466322
-16.1201561,-10.0,0.399310466322
-13.9888501,-10.0,0.399310466322
-15.1003434,-10.0,0.399310466322
-17.4201892,-10.0,0.399310466322
-9.137389,-9.137389,0.399310466322
-6.5312554,-6.5312554,0.399310466322
0.5243083,0.5243083,0.399310466322
-9.3947917,-9.3947917,0.399310466322
-11.7763216,-10.0,0.399310466322
9.2234196,9.2234196,0.399310466322
-7.2272309,-7.2272309,0.399310466322
-8.7913018,-8.7913018,0.399310466322
-6.9655177,-6.9655177,0.399310466322
-10.2756567,-10.0,0.399310466322
-8.5506485,-8.5506485,0.399310466322
9.2236784,9.2236784,0.399310466322
-7.5964107,-7.5964107,0.399310466322
3.9240737,3.9240737,0.399310466322
-8.9305836,-8.9305836,0.399310466322
-6.9827671,-6.9827671,0.399310466322
-4.8514611,-4.8514611,0.399310466322
-5.9629544,-5.9629544,0.399310466322
-8.2828002,-8.2828002,0.399310466322
9.137389,9.137389,0.399310466322
-0.3689588,-0.3689588,0.0533463519849
1.3725833,1.3725833,0.0533463519849
0.4575696,0.4575696,0.0533463519849
0.1602985,0.1602985,0.0533463519849
-0.1189682,-0.1189682,0.0533463519849
1.4280279,1.4280279,0.0533463519849
1.1546123,1.1546123,0.0533463519849
1.4280766,1.4280766,0.0533463519849
1.3818423,1.3818423,0.0533463519849
1.3918113,1.3918113,0.0533463519849
-0.4094197,-0.4094197,0.0533463519849
1.4280847,1.4280847,0.0533463519849
1.4121466,1.4121466,0.0533463519849
1.4280852,1.4280852,0.0533463519849
-16.0949378,-10.0,0.0533463519849
-19.5719146,-10.0,0.0533463519849
-3.9894368,-3.9894368,0.0533463519849
-0.5149035,-0.5149035,0.0533463519849
-1.0294864,-1.0294864,0.0533463519849
0.3689588,0.3689588,0.0533463519849
1.7415421,1.7415421,0.0533463519849
0.8265284,0.8265284,0.0533463519849
0.5292573,0.5292573,0.0533463519849
0.2499906,0.2499906,0.0533463519849
1.7969867,1.7969867,0.0533463519849
1.5235711,1.5235711,0.0533463519849
1.7970354,1.7970354,0.0533463519849
1.7508011,1.7508011,0.0533463519849
1.7607701,1.7607701,0.0533463519849
-0.0404609,-0.0404609,0.0533463519849
1.7970435,1.7970435,0.0533463519849
1.7811054,1.7811054,0.0533463519849
1.797044,1.797044,0.0533463519849
-15.725979,-10.0,0.0533463519849
-19.2029558,-10.0,0.0533463519849
-3.620478,-3.620478,0.0533463519849
-0.1459447,-0.1459447,0.0533463519849
-0.6605276,-0.6605276,0.0533463519849
-1.3725833,-1.3725833,0.0533463519849
-1.7415421,-1.7415421,0.0533463519849
-0.9150137,-0.9150137,0.0533463519849
-1.2122848,-1.2122848,0.0533463519849
-1.4915515,-1.4915515,0.0533463519849
0.0554446,0.0554446,0.0533463519849
-0.217971,-0.217971,0.0533463519849
0.0554933,0.0554933,0.0533463519849
0.009259,0.009259,0.0533463519849
0.019228,0.019228,0.0533463519849
-1.782003,-1.782003,0.0533463519849
0.0555014,0.0555014,0.0533463519849
0.0395633,0.0395633,0.0533463519849
0.0555019,0.0555019,0.0533463519849
-17.4675211,-10.0,0.0533463519849
-20.9444979,-10.0,0.0533463519849
-5.3620201,-5.3620201,0.0533463519849
-1.8874868,-1.8874868,0.0533463519849
-2.4020697,-2.4020697,0.0533463519849
-0.4575696,-0.4575696,0.0533463519849
-0.8265284,-0.8265284,0.0533463519849
0.9150137,0.9150137,0.0533463519849
-0.2972711,-0.2972711,0.0533463519849
-0.5765378,-0.5765378,0.0533463519849
0.9704583,0.9704583,0.0533463519849
0.6970427,0.6970427,0.0533463519849
0.970507,0.970507,0.0533463519849
0.9242727,0.9242727,0.0533463519849
0.9342417,0.9342417,0.0533463519849
-0.8669893,-0.8669893,0.0533463519849
0.9705151,0.9705151,0.0533463519849
0.954577,0.954577,0.0533463519849
0.9705156,0.9705156,0.0533463519849
-16.5525074,-10.0,0.0533463519849
-20.0294842,-10.0,0.0533463519849
-4.4470064,-4.4470064,0.0533463519849
-0.9724731,-0.9724731,0.0533463519849
-1.487056,-1.487056,0.0533463519849
-0.1602985,-0.1602985,0.0533463519849
-0.5292573,-0.5292573,0.0533463519849
1.2122848,1.2122848,0.0533463519849
0.2972711,0.2972711,0.0533463519849
-0.2792667,-0.2792667,0.0533463519849
1.2677294,1.2677294,0.0533463519849
0.9943138,0.9943138,0.0533463519849
1.2677781,1.2677781,0.0533463519849
1.2215438,1.2215438,0.0533463519849
1.2315128,1.2315128,0.0533463519849
-0.5697182,-0.5697182,0.0533463519849
1.2677862,1.2677862,0.0533463519849
1.2518481,1.2518481,0.0533463519849
1.2677867,1.2677867,0.0533463519849
-16.2552363,-10.0,0.0533463519849
-19.7322131,-10.0,0.0533463519849
-4.1497353,-4.1497353,0.0533463519849
-0.675202,-0.675202,0.0533463519849
-1.1897849,-1.1897849,0.0533463519849
0.1189682,0.1189682,0.0533463519849
-0.2499906,-0.2499906,0.0533463519849
1.4915515,1.4915515,0.0533463519849
0.5765378,0.5765378,0.0533463519849
0.2792667,0.2792667,0.0533463519849
1.5469961,1.5469961,0.0533463519849
1.2735805,1.2735805,0.0533463519849
1.5470448,1.5470448,0.0533463519849
1.5008105,1.5008105,0.0533463519849
1.5107795,1.5107795,0.0533463519849
-0.2904515,-0.2904515,0.0533463519849
1.5470529,1.5470529,0.0533463519849
1.5311148,1.5311148,0.0533463519849
1.5470534,1.5470534,0.0533463519849
-15.9759696,-10.0,0.0533463519849
-19.4529464,-10.0,0.0533463519849
-3.8704686,-3.8704686,0.0533463519849
-0.3959353,-0.3959353,0.0533463519849
-0.9105182,-0.9105182,0.0533463519849
-1.4280279,-1.4280279,0.0533463519849
-1.7969867,-1.7969867,0.0533463519849
-0.0554446,-0.0554446,0.0533463519849
-0.9704583,-0.9704583,0.0533463519849
-1.2677294,-1.2677294,0.0533463519849
-1.5469961,-1.5469961,0.0533463519849
-0.2734156,-0.2734156,0.0533463519849
4.87000000007e-05,4.87000000007e-05,0.0533463519849
-0.0461856,-0.0461856,0.0533463519849
-0.0362166,-0.0362166,0.0533463519849
-1.8374476,-1.8374476,0.0533463519849
5.67999999994e-05,5.67999999994e-05,0.0533463519849
-0.0158813,-0.0158813,0.0533463519849
5.73000000017e-05,5.73000000017e-05,0.0533463519849
-17.5229657,-10.0,0.0533463519849
-20.9999425,-10.0,0.0533463519849
-5.4174647,-5.4174647,0.0533463519849
-1.9429314,-1.9429314,0.0533463519849
-2.4575143,-2.4575143,0.0533463519849
-1.1546123,-1.1546123,0.0533463519849
-1.5235711,-1.5235711,0.0533463519849
0.217971,0.217971,0.0533463519849
-0.6970427,-0.6970427,0.0533463519849
-0.9943138,-0.9943138,0.0533463519849
-1.2735805,-1.2735805,0.0533463519849
0.2734156,0.2734156,0.0533463519849
0.2734643,0.2734643,0.0533463519849
0.22723,0.22723,0.0533463519849
0.237199,0.237199,0.0533463519849
-1.564032,-1.564032,0.0533463519849
0.2734724,0.2734724,0.0533463519849
0.2575343,0.2575343,0.0533463519849
0.2734729,0.2734729,0.0533463519849
-17.2495501,-10.0,0.0533463519849
-20.7265269,-10.0,0.0533463519849
-5.1440491,-5.1440491,0.0533463519849
-1.6695158,-1.6695158,0.0533463519849
-2.1840987,-2.1840987,0.0533463519849
-1.4280766,-1.4280766,0.0533463519849
-1.7970354,-1.7970354,0.0533463519849
-0.0554933,-0.0554933,0.0533463519849
-0.970507,-0.970507,0.0533463519849
-1.2677781,-1.2677781,0.0533463519849
-1.5470448,-1.5470448,0.0533463519849
-4.87000000007e-05,-4.87000000007e-05,0.0533463519849
-0.2734643,-0.2734643,0.0533463519849
-0.0462343,-0.0462343,0.0533463519849
-0.0362653,-0.0362653,0.0533463519849
-1.8374963,-1.8374963,0.0533463519849
8.09999999873e-06,8.09999999873e-06,0.0533463519849
-0.01593,-0.01593,0.0533463519849
8.60000000102e-06,8.60000000102e-06,0.0533463519849
-17.5230144,-10.0,0.0533463519849
-20.9999912,-10.0,0.0533463519849
-5.4175134,-5.4175134,0.0533463519849
-1.9429801,-1.9429801,0.0533463519849
-2.457563,-2.457563,0.0533463519849
-1.3818423,-1.3818423,0.0533463519849
-1.7508011,-1.7508011,0.0533463519849
-0.009259,-0.009259,0.0533463519849
-0.9242727,-0.9242727,0.0533463519849
-1.2215438,-1.2215438,0.0533463519849
-1.5008105,-1.5008105,0.0533463519849
0.0461856,0.0461856,0.0533463519849
-0.22723,-0.22723,0.0533463519849
0.0462343,0.0462343,0.0533463519849
0.009969,0.009969,0.0533463519849
-1.791262,-1.791262,0.0533463519849
0.0462424,0.0462424,0.0533463519849
0.0303043,0.0303043,0.0533463519849
0.0462429,0.0462429,0.0533463519849
-17.4767801,-10.0,0.0533463519849
-20.9537569,-10.0,0.0533463519849
-5.3712791,-5.3712791,0.0533463519849
-1.8967458,-1.8967458,0.0533463519849
-2.4113287,-2.4113287,0.0533463519849
-1.3918113,-1.3918113,0.0533463519849
-1.7607701,-1.7607701,0.0533463519849
-0.019228,-0.019228,0.0533463519849
-0.9342417,-0.9342417,0.0533463519849
-1.2315128,-1.2315128,0.0533463519849
-1.5107795,-1.5107795,0.0533463519849
0.0362166,0.0362166,0.0533463519849
-0.237199,-0.237199,0.0533463519849
0.0362653,0.0362653,0.0533463519849
-0.009969,-0.009969,0.0533463519849
-1.801231,-1.801231,0.0533463519849
0.0362734,0.0362734,0.0533463519849
0.0203353,0.0203353,0.0533463519849
0.0362739,0.0362739,0.0533463519849
-17.4867491,-10.0,0.0533463519849
-20.9637259,-10.0,0.0533463519849
-5.3812481,-5.3812481,0.0533463519849
-1.9067148,-1.9067148,0.0533463519849
-2.4212977,-2.4212977,0.0533463519849
0.4094197,0.4094197,0.0533463519849
0.0404609,0.0404609,0.0533463519849
1.782003,1.782003,0.0533463519849
0.8669893,0.8669893,0.0533463519849
0.5697182,0.5697182,0.0533463519849
0.2904515,0.2904515,0.0533463519849
1.8374476,1.8374476,0.0533463519849
1.564032,1.564032,0.0533463519849
1.8374963,1.8374963,0.0533463519849
1.791262,1.791262,0.0533463519849
1.801231,1.801231,0.0533463519849
1.8375044,1.8375044,0.0533463519849
1.8215663,1.8215663,0.0533463519849
1.8375049,1.8375049,0.0533463519849
-15.6855181,-10.0,0.0533463519849
-19.1624949,-10.0,0.0533463519849
-3.5800171,-3.5800171,0.0533463519849
-0.1054838,-0.1054838,0.0533463519849
-0.6200667,-0.6200667,0.0533463519849
-1.4280847,-1.4280847,0.0533463519849
-1.7970435,-1.7970435,0.0533463519849
-0.0555014,-0.0555014,0.0533463519849
-0.9705151,-0.9705151,0.0533463519849
-1.2677862,-1.2677862,0.0533463519849
-1.5470529,-1.5470529,0.0533463519849
-5.67999999994e-05,-5.67999999994e-05,0.0533463519849
-0.2734724,-0.2734724,0.0533463519849
-8.09999999873e-06,-8.09999999873e-06,0.0533463519849
-0.0462424,-0.0462424,0.0533463519849
-0.0362734,-0.0362734,0.0533463519849
-1.8375044,-1.8375044,0.0533463519849
-0.0159381,-0.0159381,0.0533463519849
5.0000000229e-07,5.0000000229e-07,0.0533463519849
-17.5230225,-10.0,0.0533463519849
-20.9999993,-10.0,0.0533463519849
-5.4175215,-5.4175215,0.0533463519849
-1.9429882,-1.9429882,0.0533463519849
-2.4575711,-2.4575711,0.0533463519849
-1.4121466,-1.4121466,0.0533463519849
-1.7811054,-1.7811054,0.0533463519849
-0.0395633,-0.0395633,0.0533463519849
-0.954577,-0.954577,0.0533463519849
-1.2518481,-1.2518481,0.0533463519849
-1.5311148,-1.5311148,0.0533463519849
0.0158813,0.0158813,0.0533463519849
-0.2575343,-0.2575343,0.0533463519849
0.01593,0.01593,0.0533463519849
-0.0303043,-0.0303043,0.0533463519849
-0.0203353,-0.0203353,0.0533463519849
-1.8215663,-1.8215663,0.0533463519849
0.0159381,0.0159381,0.0533463519849
0.0159386,0.0159386,0.0533463519849
-17.5070844,-10.0,0.0533463519849
-20.9840612,-10.0,0.0533463519849
-5.4015834,-5.4015834,0.0533463519849
-1.9270501,-1.9270501,0.0533463519849
-2.441633,-2.441633,0.0533463519849
-1.4280852,-1.4280852,0.0533463519849
-1.797044,-1.797044,0.0533463519849
-0.0555019,-0.0555019,0.0533463519849
-0.9705156,-0.9705156,0.0533463519849
-1.2677867,-1.2677867,0.0533463519849
-1.5470534,-1.5470534,0.0533463519849
-5.73000000017e-05,-5.73000000017e-05,0.0533463519849
-0.2734729,-0.2734729,0.0533463519849
-8.60000000102e-06,-8.60000000102e-06,0.0533463519849
-0.0462429,-0.0462429,0.0533463519849
-0.0362739,-0.0362739,0.0533463519849
-1.8375049,-1.8375049,0.0533463519849
-5.0000000229e-07,-5.0000000229e-07,0.0533463519849
-0.0159386,-0.0159386,0.0533463519849
-17.523023,-10.0,0.0533463519849
-20.9999998,-10.0,0.0533463519849
-5.417522,-5.417522,0.0533463519849
-1.9429887,-1.9429887,0.0533463519849
-2.4575716,-2.4575716,0.0533463519849
16.0949378,10.0,0.0533463519849
15.725979,10.0,0.0533463519849
17.4675211,10.0,0.0533463519849
16.5525074,10.0,0.0533463519849
16.2552363,10.0,0.0533463519849
15.9759696,10.0,0.0533463519849
17.5229657,10.0,0.0533463519849
17.2495501,10.0,0.0533463519849
17.5230144,10.0,0.0533463519849
17.4767801,10.0,0.0533463519849
17.4867491,10.0,0.0533463519849
15.6855181,10.0,0.0533463519849
17.5230225,10.0,0.0533463519849
17.5070844,10.0,0.0533463519849
17.523023,10.0,0.0533463519849
-3.4769768,-3.4769768,0.0533463519849
12.105501,10.0,0.0533463519849
15.5800343,10.0,0.0533463519849
15.0654514,10.0,0.0533463519849
19.5719146,10.0,0.0533463519849
19.2029558,10.0,0.0533463519849
20.9444979,10.0,0.0533463519849
20.0294842,10.0,0.0533463519849
19.7322131,10.0,0.0533463519849
19.4529464,10.0,0.0533463519849
20.9999425,10.0,0.0533463519849
20.7265269,10.0,0.0533463519849
20.9999912,10.0,0.0533463519849
20.9537569,10.0,0.0533463519849
20.9637259,10.0,0.0533463519849
19.1624949,10.0,0.0533463519849
20.9999993,10.0,0.0533463519849
20.9840612,10.0,0.0533463519849
20.9999998,10.0,0.0533463519849
3.4769768,3.4769768,0.0533463519849
15.5824778,10.0,0.0533463519849
19.0570111,10.0,0.0533463519849
18.5424282,10.0,0.0533463519849
3.9894368,3.9894368,0.0533463519849
3.620478,3.620478,0.0533463519849
5.3620201,5.3620201,0.0533463519849
4.4470064,4.4470064,0.0533463519849
4.1497353,4.1497353,0.0533463519849
3.8704686,3.8704686,0.0533463519849
5.4174647,5.4174647,0.0533463519849
5.1440491,5.1440491,0.0533463519849
5.4175134,5.4175134,0.0533463519849
5.3712791,5.3712791,0.0533463519849
5.3812481,5.3812481,0.0533463519849
3.5800171,3.5800171,0.0533463519849
5.4175215,5.4175215,0.0533463519849
5.4015834,5.4015834,0.0533463519849
5.417522,5.417522,0.0533463519849
-12.105501,-10.0,0.0533463519849
-15.5824778,-10.0,0.0533463519849
3.4745333,3.4745333,0.0533463519849
2.9599504,2.9599504,0.0533463519849
0.5149035,0.5149035,0.0533463519849
0.1459447,0.1459447,0.0533463519849
1.8874868,1.8874868,0.0533463519849
0.9724731,0.9724731,0.0533463519849
0.675202,0.675202,0.0533463519849
0.3959353,0.3959353,0.0533463519849
1.9429314,1.9429314,0.0533463519849
1.6695158,1.6695158,0.0533463519849
1.9429801,1.9429801,0.0533463519849
1.8967458,1.8967458,0.0533463519849
1.9067148,1.9067148,0.0533463519849
0.1054838,0.1054838,0.0533463519849
1.9429882,1.9429882,0.0533463519849
1.9270501,1.9270501,0.0533463519849
1.9429887,1.9429887,0.0533463519849
-15.5800343,-10.0,0.0533463519849
-19.0570111,-10.0,0.0533463519849
-3.4745333,-3.4745333,0.0533463519849
-0.5145829,-0.5145829,0.0533463519849
1.0294864,1.0294864,0.0533463519849
0.6605276,0.6605276,0.0533463519849
2.4020697,2.4020697,0.0533463519849
1.487056,1.487056,0.0533463519849
1.1897849,1.1897849,0.0533463519849
0.9105182,0.9105182,0.0533463519849
2.4575143,2.4575143,0.0533463519849
2.1840987,2.1840987,0.0533463519849
2.457563,2.457563,0.0533463519849
2.4113287,2.4113287,0.0533463519849
2.4212977,2.4212977,0.0533463519849
0.6200667,0.6200667,0.0533463519849
2.4575711,2.4575711,0.0533463519849
2.441633,2.441633,0.0533463519849
2.4575716,2.4575716,0.0533463519849
-15.0654514,-10.0,0.0533463519849
-18.5424282,-10.0,0.0533463519849
-2.9599504,-2.9599504,0.0533463519849
0.5145829,0.5145829,0.0533463519849
18.8273131,10.0,0.108527546046
17.0347327,10.0,0.108527546046
18.8696642,10.0,0.108527546046
0.9738082,0.9738082,0.108527546046
15.6080361,10.0,0.108527546046
17.6691728,10.0,0.108527546046
3.5599592,3.5599592,0.108527546046
12.0688705,10.0,0.108527546046
-2.1303353,-2.1303353,0.108527546046
3.8972863,3.8972863,0.108527546046
12.9667564,10.0,0.108527546046
17.97356,10.0,0.108527546046
16.4244672,10.0,0.108527546046
0.9548335,0.9548335,0.108527546046
2.0548486,2.0548486,0.108527546046
18.7901893,10.0,0.108527546046
15.386927,10.0,0.108527546046
15.5905378,10.0,0.108527546046
18.8696646,10.0,0.108527546046
-18.8273131,-10.0,0.108527546046
-1.7925804,-1.7925804,0.108527546046
0.0423511,0.0423511,0.108527546046
-17.8535049,-10.0,0.108527546046
-3.219277,-3.219277,0.108527546046
-1.1581403,-1.1581403,0.108527546046
-15.2673539,-10.0,0.108527546046
-6.7584426,-6.7584426,0.108527546046
-20.9576484,-10.0,0.108527546046
-14.9300268,-10.0,0.108527546046
-5.8605567,-5.8605567,0.108527546046
-0.8537531,-0.8537531,0.108527546046
-2.4028459,-2.4028459,0.108527546046
-17.8724796,-10.0,0.108527546046
-16.7724645,-10.0,0.108527546046
-0.0371238,-0.0371238,0.108527546046
-3.4403861,-3.4403861,0.108527546046
-3.2367753,-3.2367753,0.108527546046
0.0423515,0.0423515,0.108527546046
-17.0347327,-10.0,0.108527546046
1.7925804,1.7925804,0.108527546046
1.8349315,1.8349315,0.108527546046
-16.0609245,-10.0,0.108527546046
-1.4266966,-1.4266966,0.108527546046
0.6344401,0.6344401,0.108527546046
-13.4747735,-10.0,0.108527546046
-4.9658622,-4.9658622,0.108527546046
-19.165068,-10.0,0.108527546046
-13.1374464,-10.0,0.108527546046
-4.0679763,-4.0679763,0.108527546046
0.9388273,0.9388273,0.108527546046
-0.6102655,-0.6102655,0.108527546046
-16.0798992,-10.0,0.108527546046
-14.9798841,-10.0,0.108527546046
1.7554566,1.7554566,0.108527546046
-1.6478057,-1.6478057,0.108527546046
-1.4441949,-1.4441949,0.108527546046
1.8349319,1.8349319,0.108527546046
-18.8696642,-10.0,0.108527546046
-0.0423511,-0.0423511,0.108527546046
-1.8349315,-1.8349315,0.108527546046
-17.895856,-10.0,0.108527546046
-3.2616281,-3.2616281,0.108527546046
-1.2004914,-1.2004914,0.108527546046
-15.309705,-10.0,0.108527546046
-6.8007937,-6.8007937,0.108527546046
-20.9999995,-10.0,0.108527546046
-14.9723779,-10.0,0.108527546046
-5.9029078,-5.9029078,0.108527546046
-0.8961042,-0.8961042,0.108527546046
-2.445197,-2.445197,0.108527546046
-17.9148307,-10.0,0.108527546046
-16.8148156,-10.0,0.108527546046
-0.0794749,-0.0794749,0.108527546046
-3.4827372,-3.4827372,0.108527546046
-3.2791264,-3.2791264,0.108527546046
3.99999997569e-07,3.99999997569e-07,0.108527546046
-0.9738082,-0.9738082,0.108527546046
17.8535049,10.0,0.108527546046
16.0609245,10.0,0.108527546046
17.895856,10.0,0.108527546046
14.6342279,10.0,0.108527546046
16.6953646,10.0,0.108527546046
2.586151,2.586151,0.108527546046
11.0950623,10.0,0.108527546046
-3.1041435,-3.1041435,0.108527546046
2.9234781,2.9234781,0.108527546046
11.9929482,10.0,0.108527546046
16.9997518,10.0,0.108527546046
15.450659,10.0,0.108527546046
-0.0189747,-0.0189747,0.108527546046
1.0810404,1.0810404,0.108527546046
17.8163811,10.0,0.108527546046
14.4131188,10.0,0.108527546046
14.6167296,10.0,0.108527546046
17.8958564,10.0,0.108527546046
-15.6080361,-10.0,0.108527546046
3.219277,3.219277,0.108527546046
1.4266966,1.4266966,0.108527546046
3.2616281,3.2616281,0.108527546046
-14.6342279,-10.0,0.108527546046
2.0611367,2.0611367,0.108527546046
-12.0480769,-10.0,0.108527546046
-3.5391656,-3.5391656,0.108527546046
-17.7383714,-10.0,0.108527546046
-11.7107498,-10.0,0.108527546046
-2.6412797,-2.6412797,0.108527546046
2.3655239,2.3655239,0.108527546046
0.8164311,0.8164311,0.108527546046
-14.6532026,-10.0,0.108527546046
-13.5531875,-10.0,0.108527546046
3.1821532,3.1821532,0.108527546046
-0.2211091,-0.2211091,0.108527546046
-0.0174983,-0.0174983,0.108527546046
3.2616285,3.2616285,0.108527546046
-17.6691728,-10.0,0.108527546046
1.1581403,1.1581403,0.108527546046
-0.6344401,-0.6344401,0.108527546046
1.2004914,1.2004914,0.108527546046
-16.6953646,-10.0,0.108527546046
-2.0611367,-2.0611367,0.108527546046
-14.1092136,-10.0,0.108527546046
-5.6003023,-5.6003023,0.108527546046
-19.7995081,-10.0,0.108527546046
-13.7718865,-10.0,0.108527546046
-4.7024164,-4.7024164,0.108527546046
0.3043872,0.3043872,0.108527546046
-1.2447056,-1.2447056,0.108527546046
-16.7143393,-10.0,0.108527546046
-15.6143242,-10.0,0.108527546046
1.1210165,1.1210165,0.108527546046
-2.2822458,-2.2822458,0.108527546046
-2.078635,-2.078635,0.108527546046
1.2004918,1.2004918,0.108527546046
-3.5599592,-3.5599592,0.108527546046
15.2673539,10.0,0.108527546046
13.4747735,10.0,0.108527546046
15.309705,10.0,0.108527546046
-2.586151,-2.586151,0.108527546046
12.0480769,10.0,0.108527546046
14.1092136,10.0,0.108527546046
8.5089113,8.5089113,0.108527546046
-5.6902945,-5.6902945,0.108527546046
0.3373271,0.3373271,0.108527546046
9.4067972,9.4067972,0.108527546046
14.4136008,10.0,0.108527546046
12.864508,10.0,0.108527546046
-2.6051257,-2.6051257,0.108527546046
-1.5051106,-1.5051106,0.108527546046
15.2302301,10.0,0.108527546046
11.8269678,10.0,0.108527546046
12.0305786,10.0,0.108527546046
15.3097054,10.0,0.108527546046
-12.0688705,-10.0,0.108527546046
6.7584426,6.7584426,0.108527546046
4.9658622,4.9658622,0.108527546046
6.8007937,6.8007937,0.108527546046
-11.0950623,-10.0,0.108527546046
3.5391656,3.5391656,0.108527546046
5.6003023,5.6003023,0.108527546046
-8.5089113,-8.5089113,0.108527546046
-14.1992058,-10.0,0.108527546046
-8.1715842,-8.1715842,0.108527546046
0.8978859,0.8978859,0.108527546046
5.9046895,5.9046895,0.108527546046
4.3555967,4.3555967,0.108527546046
-11.114037,-10.0,0.108527546046
-10.0140219,-10.0,0.108527546046
6.7213188,6.7213188,0.108527546046
3.3180565,3.3180565,0.108527546046
3.5216673,3.5216673,0.108527546046
6.8007941,6.8007941,0.108527546046
2.1303353,2.1303353,0.108527546046
20.9576484,10.0,0.108527546046
19.165068,10.0,0.108527546046
20.9999995,10.0,0.108527546046
3.1041435,3.1041435,0.108527546046
17.7383714,10.0,0.108527546046
19.7995081,10.0,0.108527546046
5.6902945,5.6902945,0.108527546046
14.1992058,10.0,0.108527546046
6.0276216,6.0276216,0.108527546046
15.0970917,10.0,0.108527546046
20.1038953,10.0,0.108527546046
18.5548025,10.0,0.108527546046
3.0851688,3.0851688,0.108527546046
4.1851839,4.1851839,0.108527546046
20.9205246,10.0,0.108527546046
17.5172623,10.0,0.108527546046
17.7208731,10.0,0.108527546046
20.9999999,10.0,0.108527546046
-3.8972863,-3.8972863,0.108527546046
14.9300268,10.0,0.108527546046
13.1374464,10.0,0.108527546046
14.9723779,10.0,0.108527546046
-2.9234781,-2.9234781,0.108527546046
11.7107498,10.0,0.108527546046
13.7718865,10.0,0.108527546046
-0.3373271,-0.3373271,0.108527546046
8.1715842,8.1715842,0.108527546046
-6.0276216,-6.0276216,0.108527546046
9.0694701,9.0694701,0.108527546046
14.0762737,10.0,0.108527546046
12.5271809,10.0,0.108527546046
-2.9424528,-2.9424528,0.108527546046
-1.8424377,-1.8424377,0.108527546046
14.892903,10.0,0.108527546046
11.4896407,10.0,0.108527546046
11.6932515,10.0,0.108527546046
14.9723783,10.0,0.108527546046
-12.9667564,-10.0,0.108527546046
5.8605567,5.8605567,0.108527546046
4.0679763,4.0679763,0.108527546046
5.9029078,5.9029078,0.108527546046
-11.9929482,-10.0,0.108527546046
2.6412797,2.6412797,0.108527546046
4.7024164,4.7024164,0.108527546046
-9.4067972,-9.4067972,0.108527546046
-0.8978859,-0.8978859,0.108527546046
-15.0970917,-10.0,0.108527546046
-9.0694701,-9.0694701,0.108527546046
5.0068036,5.0068036,0.108527546046
3.4577108,3.4577108,0.108527546046
-12.0119229,-10.0,0.108527546046
-10.9119078,-10.0,0.108527546046
5.8234329,5.8234329,0.108527546046
2.4201706,2.4201706,0.108527546046
2.6237814,2.6237814,0.108527546046
5.9029082,5.9029082,0.108527546046
-17.97356,-10.0,0.108527546046
0.8537531,0.8537531,0.108527546046
-0.9388273,-0.9388273,0.108527546046
0.8961042,0.8961042,0.108527546046
-16.9997518,-10.0,0.108527546046
-2.3655239,-2.3655239,0.108527546046
-0.3043872,-0.3043872,0.108527546046
-14.4136008,-10.0,0.108527546046
-5.9046895,-5.9046895,0.108527546046
-20.1038953,-10.0,0.108527546046
-14.0762737,-10.0,0.108527546046
-5.0068036,-5.0068036,0.108527546046
-1.5490928,-1.5490928,0.108527546046
-17.0187265,-10.0,0.108527546046
-15.9187114,-10.0,0.108527546046
0.8166293,0.8166293,0.108527546046
-2.586633,-2.586633,0.108527546046
-2.3830222,-2.3830222,0.108527546046
0.8961046,0.8961046,0.108527546046
-16.4244672,-10.0,0.108527546046
2.4028459,2.4028459,0.108527546046
0.6102655,0.6102655,0.108527546046
2.445197,2.445197,0.108527546046
-15.450659,-10.0,0.108527546046
-0.8164311,-0.8164311,0.108527546046
1.2447056,1.2447056,0.108527546046
-12.864508,-10.0,0.108527546046
-4.3555967,-4.3555967,0.108527546046
-18.5548025,-10.0,0.108527546046
-12.5271809,-10.0,0.108527546046
-3.4577108,-3.4577108,0.108527546046
1.5490928,1.5490928,0.108527546046
-15.4696337,-10.0,0.108527546046
-14.3696186,-10.0,0.108527546046
2.3657221,2.3657221,0.108527546046
-1.0375402,-1.0375402,0.108527546046
-0.8339294,-0.8339294,0.108527546046
2.4451974,2.4451974,0.108527546046
-0.9548335,-0.9548335,0.108527546046
17.8724796,10.0,0.108527546046
16.0798992,10.0,0.108527546046
17.9148307,10.0,0.108527546046
0.0189747,0.0189747,0.108527546046
14.6532026,10.0,0.108527546046
16.7143393,10.0,0.108527546046
2.6051257,2.6051257,0.108527546046
11.114037,10.0,0.108527546046
-3.0851688,-3.0851688,0.108527546046
2.9424528,2.9424528,0.108527546046
12.0119229,10.0,0.108527546046
17.0187265,10.0,0.108527546046
15.4696337,10.0,0.108527546046
1.1000151,1.1000151,0.108527546046
17.8353558,10.0,0.108527546046
14.4320935,10.0,0.108527546046
14.6357043,10.0,0.108527546046
17.9148311,10.0,0.108527546046
-2.0548486,-2.0548486,0.108527546046
16.7724645,10.0,0.108527546046
14.9798841,10.0,0.108527546046
16.8148156,10.0,0.108527546046
-1.0810404,-1.0810404,0.108527546046
13.5531875,10.0,0.108527546046
15.6143242,10.0,0.108527546046
1.5051106,1.5051106,0.108527546046
10.0140219,10.0,0.108527546046
-4.1851839,-4.1851839,0.108527546046
1.8424377,1.8424377,0.108527546046
10.9119078,10.0,0.108527546046
15.9187114,10.0,0.108527546046
14.3696186,10.0,0.108527546046
-1.1000151,-1.1000151,0.108527546046
16.7353407,10.0,0.108527546046
13.3320784,10.0,0.108527546046
13.5356892,10.0,0.108527546046
16.814816,10.0,0.108527546046
-18.7901893,-10.0,0.108527546046
0.0371238,0.0371238,0.108527546046
-1.7554566,-1.7554566,0.108527546046
0.0794749,0.0794749,0.108527546046
-17.8163811,-10.0,0.108527546046
-3.1821532,-3.1821532,0.108527546046
-1.1210165,-1.1210165,0.108527546046
-15.2302301,-10.0,0.108527546046
-6.7213188,-6.7213188,0.108527546046
-20.9205246,-10.0,0.108527546046
-14.892903,-10.0,0.108527546046
-5.8234329,-5.8234329,0.108527546046
-0.8166293,-0.8166293,0.108527546046
-2.3657221,-2.3657221,0.108527546046
-17.8353558,-10.0,0.108527546046
-16.7353407,-10.0,0.108527546046
-3.4032623,-3.4032623,0.108527546046
-3.1996515,-3.1996515,0.108527546046
0.0794753,0.0794753,0.108527546046
-15.386927,-10.0,0.108527546046
3.4403861,3.4403861,0.108527546046
1.6478057,1.6478057,0.108527546046
3.4827372,3.4827372,0.108527546046
-14.4131188,-10.0,0.108527546046
0.2211091,0.2211091,0.108527546046
2.2822458,2.2822458,0.108527546046
-11.8269678,-10.0,0.108527546046
-3.3180565,-3.3180565,0.108527546046
-17.5172623,-10.0,0.108527546046
-11.4896407,-10.0,0.108527546046
-2.4201706,-2.4201706,0.108527546046
2.586633,2.586633,0.108527546046
1.0375402,1.0375402,0.108527546046
-14.4320935,-10.0,0.108527546046
-13.3320784,-10.0,0.108527546046
3.4032623,3.4032623,0.108527546046
0.2036108,0.2036108,0.108527546046
3.4827376,3.4827376,0.108527546046
-15.5905378,-10.0,0.108527546046
3.2367753,3.2367753,0.108527546046
1.4441949,1.4441949,0.108527546046
3.2791264,3.2791264,0.108527546046
-14.6167296,-10.0,0.108527546046
0.0174983,0.0174983,0.108527546046
2.078635,2.078635,0.108527546046
-12.0305786,-10.0,0.108527546046
-3.5216673,-3.5216673,0.108527546046
-17.7208731,-10.0,0.108527546046
-11.6932515,-10.0,0.108527546046
-2.6237814,-2.6237814,0.108527546046
2.3830222,2.3830222,0.108527546046
0.8339294,0.8339294,0.108527546046
-14.6357043,-10.0,0.108527546046
-13.5356892,-10.0,0.108527546046
3.1996515,3.1996515,0.108527546046
-0.2036108,-0.2036108,0.108527546046
3.2791268,3.2791268,0.108527546046
-18.8696646,-10.0,0.108527546046
-0.0423515,-0.0423515,0.108527546046
-1.8349319,-1.8349319,0.108527546046
-3.99999997569e-07,-3.99999997569e-07,0.108527546046
-17.8958564,-10.0,0.108527546046
-3.2616285,-3.2616285,0.108527546046
-1.2004918,-1.2004918,0.108527546046
-15.3097054,-10.0,0.108527546046
-6.8007941,-6.8007941,0.108527546046
-20.9999999,-10.0,0.108527546046
-14.9723783,-10.0,0.108527546046
-5.9029082,-5.9029082,0.108527546046
-0.8961046,-0.8961046,0.108527546046
-2.4451974,-2.4451974,0.108527546046
-17.9148311,-10.0,0.108527546046
-16.814816,-10.0,0.108527546046
-0.0794753,-0.0794753,0.108527546046
-3.4827376,-3.4827376,0.108527546046
-3.2791268,-3.2791268,0.108527546046
18.0552841,10.0,0.465400246617
0.5919685,0.5919685,0.465400246617
-3.47874,-3.47874,0.465400246617
15.7189674,10.0,0.465400246617
0.7759091,0.7759091,0.465400246617
14.7352704,10.0,0.465400246617
0.729596,0.729596,0.465400246617
-2.9447152,-2.9447152,0.465400246617
1.2864848,1.2864848,0.465400246617
0.476322,0.476322,0.465400246617
-0.4499657,-0.4499657,0.465400246617
16.5503342,10.0,0.465400246617
-2.9073099,-2.9073099,0.465400246617
-0.8340443,-0.8340443,0.465400246617
0.1625377,0.1625377,0.465400246617
-0.1594216,-0.1594216,0.465400246617
0.0441468,0.0441468,0.465400246617
14.2929824,10.0,0.465400246617
17.409798,10.0,0.465400246617
-18.0552841,-10.0,0.465400246617
-17.4633156,-10.0,0.465400246617
-21.5340241,-10.0,0.465400246617
-2.3363167,-2.3363167,0.465400246617
-17.279375,-10.0,0.465400246617
-3.3200137,-3.3200137,0.465400246617
-17.3256881,-10.0,0.465400246617
-20.9999993,-10.0,0.465400246617
-16.7687993,-10.0,0.465400246617
-17.5789621,-10.0,0.465400246617
-18.5052498,-10.0,0.465400246617
-1.5049499,-1.5049499,0.465400246617
-20.962594,-10.0,0.465400246617
-18.8893284,-10.0,0.465400246617
-17.8927464,-10.0,0.465400246617
-18.2147057,-10.0,0.465400246617
-18.0111373,-10.0,0.465400246617
-3.7623017,-3.7623017,0.465400246617
-0.6454861,-0.6454861,0.465400246617
-0.5919685,-0.5919685,0.465400246617
17.4633156,10.0,0.465400246617
-4.0707085,-4.0707085,0.465400246617
15.1269989,10.0,0.465400246617
0.1839406,0.1839406,0.465400246617
14.1433019,10.0,0.465400246617
0.1376275,0.1376275,0.465400246617
-3.5366837,-3.5366837,0.465400246617
0.6945163,0.6945163,0.465400246617
-0.1156465,-0.1156465,0.465400246617
-1.0419342,-1.0419342,0.465400246617
15.9583657,10.0,0.465400246617
-3.4992784,-3.4992784,0.465400246617
-1.4260128,-1.4260128,0.465400246617
-0.4294308,-0.4294308,0.465400246617
-0.7513901,-0.7513901,0.465400246617
-0.5478217,-0.5478217,0.465400246617
13.7010139,10.0,0.465400246617
16.8178295,10.0,0.465400246617
3.47874,3.47874,0.465400246617
21.5340241,10.0,0.465400246617
4.0707085,4.0707085,0.465400246617
19.1977074,10.0,0.465400246617
4.2546491,4.2546491,0.465400246617
18.2140104,10.0,0.465400246617
4.208336,4.208336,0.465400246617
0.5340248,0.5340248,0.465400246617
4.7652248,4.7652248,0.465400246617
3.955062,3.955062,0.465400246617
3.0287743,3.0287743,0.465400246617
20.0290742,10.0,0.465400246617
0.5714301,0.5714301,0.465400246617
2.6446957,2.6446957,0.465400246617
3.6412777,3.6412777,0.465400246617
3.3193184,3.3193184,0.465400246617
3.5228868,3.5228868,0.465400246617
17.7717224,10.0,0.465400246617
20.888538,10.0,0.465400246617
-15.7189674,-10.0,0.465400246617
2.3363167,2.3363167,0.465400246617
-15.1269989,-10.0,0.465400246617
-19.1977074,-10.0,0.465400246617
-14.9430583,-10.0,0.465400246617
-0.983697,-0.983697,0.465400246617
-14.9893714,-10.0,0.465400246617
-18.6636826,-10.0,0.465400246617
-14.4324826,-10.0,0.465400246617
-15.2426454,-10.0,0.465400246617
-16.1689331,-10.0,0.465400246617
0.8313668,0.8313668,0.465400246617
-18.6262773,-10.0,0.465400246617
-16.5530117,-10.0,0.465400246617
-15.5564297,-10.0,0.465400246617
-15.878389,-10.0,0.465400246617
-15.6748206,-10.0,0.465400246617
-1.425985,-1.425985,0.465400246617
1.6908306,1.6908306,0.465400246617
-0.7759091,-0.7759091,0.465400246617
17.279375,10.0,0.465400246617
-0.1839406,-0.1839406,0.465400246617
-4.2546491,-4.2546491,0.465400246617
14.9430583,10.0,0.465400246617
13.9593613,10.0,0.465400246617
-0.0463131,-0.0463131,0.465400246617
-3.7206243,-3.7206243,0.465400246617
0.5105757,0.5105757,0.465400246617
-0.2995871,-0.2995871,0.465400246617
-1.2258748,-1.2258748,0.465400246617
15.7744251,10.0,0.465400246617
-3.683219,-3.683219,0.465400246617
-1.6099534,-1.6099534,0.465400246617
-0.6133714,-0.6133714,0.465400246617
-0.9353307,-0.9353307,0.465400246617
-0.7317623,-0.7317623,0.465400246617
13.5170733,10.0,0.465400246617
16.6338889,10.0,0.465400246617
-14.7352704,-10.0,0.465400246617
3.3200137,3.3200137,0.465400246617
-14.1433019,-10.0,0.465400246617
-18.2140104,-10.0,0.465400246617
0.983697,0.983697,0.465400246617
-13.9593613,-10.0,0.465400246617
-14.0056744,-10.0,0.465400246617
-17.6799856,-10.0,0.465400246617
-13.4487856,-10.0,0.465400246617
-14.2589484,-10.0,0.465400246617
-15.1852361,-10.0,0.465400246617
1.8150638,1.8150638,0.465400246617
-17.6425803,-10.0,0.465400246617
-15.5693147,-10.0,0.465400246617
-14.5727327,-10.0,0.465400246617
-14.894692,-10.0,0.465400246617
-14.6911236,-10.0,0.465400246617
-0.442288,-0.442288,0.465400246617
2.6745276,2.6745276,0.465400246617
-0.729596,-0.729596,0.465400246617
17.3256881,10.0,0.465400246617
-0.1376275,-0.1376275,0.465400246617
-4.208336,-4.208336,0.465400246617
14.9893714,10.0,0.465400246617
0.0463131,0.0463131,0.465400246617
14.0056744,10.0,0.465400246617
-3.6743112,-3.6743112,0.465400246617
0.5568888,0.5568888,0.465400246617
-0.253274,-0.253274,0.465400246617
-1.1795617,-1.1795617,0.465400246617
15.8207382,10.0,0.465400246617
-3.6369059,-3.6369059,0.465400246617
-1.5636403,-1.5636403,0.465400246617
-0.5670583,-0.5670583,0.465400246617
-0.8890176,-0.8890176,0.465400246617
-0.6854492,-0.6854492,0.465400246617
13.5633864,10.0,0.465400246617
16.680202,10.0,0.465400246617
2.9447152,2.9447152,0.465400246617
20.9999993,10.0,0.465400246617
3.5366837,3.5366837,0.465400246617
-0.5340248,-0.5340248,0.465400246617
18.6636826,10.0,0.465400246617
3.7206243,3.7206243,0.465400246617
17.6799856,10.0,0.465400246617
3.6743112,3.6743112,0.465400246617
4.2312,4.2312,0.465400246617
3.4210372,3.4210372,0.465400246617
2.4947495,2.4947495,0.465400246617
19.4950494,10.0,0.465400246617
0.0374053,0.0374053,0.465400246617
2.1106709,2.1106709,0.465400246617
3.1072529,3.1072529,0.465400246617
2.7852936,2.7852936,0.465400246617
2.988862,2.988862,0.465400246617
17.2376976,10.0,0.465400246617
20.3545132,10.0,0.465400246617
-1.2864848,-1.2864848,0.465400246617
16.7687993,10.0,0.465400246617
-0.6945163,-0.6945163,0.465400246617
-4.7652248,-4.7652248,0.465400246617
14.4324826,10.0,0.465400246617
-0.5105757,-0.5105757,0.465400246617
13.4487856,10.0,0.465400246617
-0.5568888,-0.5568888,0.465400246617
-4.2312,-4.2312,0.465400246617
-0.8101628,-0.8101628,0.465400246617
-1.7364505,-1.7364505,0.465400246617
15.2638494,10.0,0.465400246617
-4.1937947,-4.1937947,0.465400246617
-2.1205291,-2.1205291,0.465400246617
-1.1239471,-1.1239471,0.465400246617
-1.4459064,-1.4459064,0.465400246617
-1.242338,-1.242338,0.465400246617
13.0064976,10.0,0.465400246617
16.1233132,10.0,0.465400246617
-0.476322,-0.476322,0.465400246617
17.5789621,10.0,0.465400246617
0.1156465,0.1156465,0.465400246617
-3.955062,-3.955062,0.465400246617
15.2426454,10.0,0.465400246617
0.2995871,0.2995871,0.465400246617
14.2589484,10.0,0.465400246617
0.253274,0.253274,0.465400246617
-3.4210372,-3.4210372,0.465400246617
0.8101628,0.8101628,0.465400246617
-0.9262877,-0.9262877,0.465400246617
16.0740122,10.0,0.465400246617
-3.3836319,-3.3836319,0.465400246617
-1.3103663,-1.3103663,0.465400246617
-0.3137843,-0.3137843,0.465400246617
-0.6357436,-0.6357436,0.465400246617
-0.4321752,-0.4321752,0.465400246617
13.8166604,10.0,0.465400246617
16.933476,10.0,0.465400246617
0.4499657,0.4499657,0.465400246617
18.5052498,10.0,0.465400246617
1.0419342,1.0419342,0.465400246617
-3.0287743,-3.0287743,0.465400246617
16.1689331,10.0,0.465400246617
1.2258748,1.2258748,0.465400246617
15.1852361,10.0,0.465400246617
1.1795617,1.1795617,0.465400246617
-2.4947495,-2.4947495,0.465400246617
1.7364505,1.7364505,0.465400246617
0.9262877,0.9262877,0.465400246617
17.0002999,10.0,0.465400246617
-2.4573442,-2.4573442,0.465400246617
-0.3840786,-0.3840786,0.465400246617
0.6125034,0.6125034,0.465400246617
0.2905441,0.2905441,0.465400246617
0.4941125,0.4941125,0.465400246617
14.7429481,10.0,0.465400246617
17.8597637,10.0,0.465400246617
-16.5503342,-10.0,0.465400246617
1.5049499,1.5049499,0.465400246617
-15.9583657,-10.0,0.465400246617
-20.0290742,-10.0,0.465400246617
-0.8313668,-0.8313668,0.465400246617
-15.7744251,-10.0,0.465400246617
-1.8150638,-1.8150638,0.465400246617
-15.8207382,-10.0,0.465400246617
-19.4950494,-10.0,0.465400246617
-15.2638494,-10.0,0.465400246617
-16.0740122,-10.0,0.465400246617
-17.0002999,-10.0,0.465400246617
-19.4576441,-10.0,0.465400246617
-17.3843785,-10.0,0.465400246617
-16.3877965,-10.0,0.465400246617
-16.7097558,-10.0,0.465400246617
-16.5061874,-10.0,0.465400246617
-2.2573518,-2.2573518,0.465400246617
0.8594638,0.8594638,0.465400246617
2.9073099,2.9073099,0.465400246617
20.962594,10.0,0.465400246617
3.4992784,3.4992784,0.465400246617
-0.5714301,-0.5714301,0.465400246617
18.6262773,10.0,0.465400246617
3.683219,3.683219,0.465400246617
17.6425803,10.0,0.465400246617
3.6369059,3.6369059,0.465400246617
-0.0374053,-0.0374053,0.465400246617
4.1937947,4.1937947,0.465400246617
3.3836319,3.3836319,0.465400246617
2.4573442,2.4573442,0.465400246617
19.4576441,10.0,0.465400246617
2.0732656,2.0732656,0.465400246617
3.0698476,3.0698476,0.465400246617
2.7478883,2.7478883,0.465400246617
2.9514567,2.9514567,0.465400246617
17.2002923,10.0,0.465400246617
20.3171079,10.0,0.465400246617
0.8340443,0.8340443,0.465400246617
18.8893284,10.0,0.465400246617
1.4260128,1.4260128,0.465400246617
-2.6446957,-2.6446957,0.465400246617
16.5530117,10.0,0.465400246617
1.6099534,1.6099534,0.465400246617
15.5693147,10.0,0.465400246617
1.5636403,1.5636403,0.465400246617
-2.1106709,-2.1106709,0.465400246617
2.1205291,2.1205291,0.465400246617
1.3103663,1.3103663,0.465400246617
0.3840786,0.3840786,0.465400246617
17.3843785,10.0,0.465400246617
-2.0732656,-2.0732656,0.465400246617
0.996582,0.996582,0.465400246617
0.6746227,0.6746227,0.465400246617
0.8781911,0.8781911,0.465400246617
15.1270267,10.0,0.465400246617
18.2438423,10.0,0.465400246617
-0.1625377,-0.1625377,0.465400246617
17.8927464,10.0,0.465400246617
0.4294308,0.4294308,0.465400246617
-3.6412777,-3.6412777,0.465400246617
15.5564297,10.0,0.465400246617
0.6133714,0.6133714,0.465400246617
14.5727327,10.0,0.465400246617
0.5670583,0.5670583,0.465400246617
-3.1072529,-3.1072529,0.465400246617
1.1239471,1.1239471,0.465400246617
0.3137843,0.3137843,0.465400246617
-0.6125034,-0.6125034,0.465400246617
16.3877965,10.0,0.465400246617
-3.0698476,-3.0698476,0.465400246617
-0.996582,-0.996582,0.465400246617
-0.3219593,-0.3219593,0.465400246617
-0.1183909,-0.1183909,0.465400246617
14.1304447,10.0,0.465400246617
17.2472603,10.0,0.465400246617
0.1594216,0.1594216,0.465400246617
18.2147057,10.0,0.465400246617
0.7513901,0.7513901,0.465400246617
-3.3193184,-3.3193184,0.465400246617
15.878389,10.0,0.465400246617
0.9353307,0.9353307,0.465400246617
14.894692,10.0,0.465400246617
0.8890176,0.8890176,0.465400246617
-2.7852936,-2.7852936,0.465400246617
1.4459064,1.4459064,0.465400246617
0.6357436,0.6357436,0.465400246617
-0.2905441,-0.2905441,0.465400246617
16.7097558,10.0,0.465400246617
-2.7478883,-2.7478883,0.465400246617
-0.6746227,-0.6746227,0.465400246617
0.3219593,0.3219593,0.465400246617
0.2035684,0.2035684,0.465400246617
14.452404,10.0,0.465400246617
17.5692196,10.0,0.465400246617
-0.0441468,-0.0441468,0.465400246617
18.0111373,10.0,0.465400246617
0.5478217,0.5478217,0.465400246617
-3.5228868,-3.5228868,0.465400246617
15.6748206,10.0,0.465400246617
0.7317623,0.7317623,0.465400246617
14.6911236,10.0,0.465400246617
0.6854492,0.6854492,0.465400246617
-2.988862,-2.988862,0.465400246617
1.242338,1.242338,0.465400246617
0.4321752,0.4321752,0.465400246617
-0.4941125,-0.4941125,0.465400246617
16.5061874,10.0,0.465400246617
-2.9514567,-2.9514567,0.465400246617
-0.8781911,-0.8781911,0.465400246617
0.1183909,0.1183909,0.465400246617
-0.2035684,-0.2035684,0.465400246617
14.2488356,10.0,0.465400246617
17.3656512,10.0,0.465400246617
-14.2929824,-10.0,0.465400246617
3.7623017,3.7623017,0.465400246617
-13.7010139,-10.0,0.465400246617
-17.7717224,-10.0,0.465400246617
1.425985,1.425985,0.465400246617
-13.5170733,-10.0,0.465400246617
0.442288,0.442288,0.465400246617
-13.5633864,-10.0,0.465400246617
-17.2376976,-10.0,0.465400246617
-13.0064976,-10.0,0.465400246617
-13.8166604,-10.0,0.465400246617
-14.7429481,-10.0,0.465400246617
2.2573518,2.2573518,0.465400246617
-17.2002923,-10.0,0.465400246617
-15.1270267,-10.0,0.465400246617
-14.1304447,-10.0,0.465400246617
-14.452404,-10.0,0.465400246617
-14.2488356,-10.0,0.465400246617
3.1168156,3.1168156,0.465400246617
-17.409798,-10.0,0.465400246617
0.6454861,0.6454861,0.465400246617
-16.8178295,-10.0,0.465400246617
-20.888538,-10.0,0.465400246617
-1.6908306,-1.6908306,0.465400246617
-16.6338889,-10.0,0.465400246617
-2.6745276,-2.6745276,0.465400246617
-16.680202,-10.0,0.465400246617
-20.3545132,-10.0,0.465400246617
-16.1233132,-10.0,0.465400246617
-16.933476,-10.0,0.465400246617
-17.8597637,-10.0,0.465400246617
-0.8594638,-0.8594638,0.465400246617
-20.3171079,-10.0,0.465400246617
-18.2438423,-10.0,0.465400246617
-17.2472603,-10.0,0.465400246617
-17.5692196,-10.0,0.465400246617
-17.3656512,-10.0,0.465400246617
-3.1168156,-3.1168156,0.465400246617
14.5305883,10.0,0.115236812685
19.1028943,10.0,0.115236812685
18.8455508,10.0,0.115236812685
19.1029066,10.0,0.115236812685
18.3791829,10.0,0.115236812685
19.1029101,10.0,0.115236812685
19.0921243,10.0,0.115236812685
18.5221675,10.0,0.115236812685
18.4832467,10.0,0.115236812685
17.9921041,10.0,0.115236812685
18.6062685,10.0,0.115236812685
-1.8970897,-1.8970897,0.115236812685
18.3460056,10.0,0.115236812685
18.4043762,10.0,0.115236812685
18.0380041,10.0,0.115236812685
2.9813896,2.9813896,0.115236812685
18.1524081,10.0,0.115236812685
18.393274,10.0,0.115236812685
11.3451141,10.0,0.115236812685
-14.5305883,-10.0,0.115236812685
4.572306,4.572306,0.115236812685
4.3149625,4.3149625,0.115236812685
4.5723183,4.5723183,0.115236812685
3.8485946,3.8485946,0.115236812685
4.5723218,4.5723218,0.115236812685
4.561536,4.561536,0.115236812685
3.9915792,3.9915792,0.115236812685
3.9526584,3.9526584,0.115236812685
3.4615158,3.4615158,0.115236812685
4.0756802,4.0756802,0.115236812685
-16.427678,-10.0,0.115236812685
3.8154173,3.8154173,0.115236812685
3.8737879,3.8737879,0.115236812685
3.5074158,3.5074158,0.115236812685
-11.5491987,-10.0,0.115236812685
3.6218198,3.6218198,0.115236812685
3.8626857,3.8626857,0.115236812685
-3.1854742,-3.1854742,0.115236812685
-19.1028943,-10.0,0.115236812685
-4.572306,-4.572306,0.115236812685
-0.2573435,-0.2573435,0.115236812685
1.22999999981e-05,1.22999999981e-05,0.115236812685
-0.7237114,-0.7237114,0.115236812685
1.57999999999e-05,1.57999999999e-05,0.115236812685
-0.01077,-0.01077,0.115236812685
-0.5807268,-0.5807268,0.115236812685
-0.6196476,-0.6196476,0.115236812685
-1.1107902,-1.1107902,0.115236812685
-0.4966258,-0.4966258,0.115236812685
-20.999984,-10.0,0.115236812685
-0.7568887,-0.7568887,0.115236812685
-0.6985181,-0.6985181,0.115236812685
-1.0648902,-1.0648902,0.115236812685
-16.1215047,-10.0,0.115236812685
-0.9504862,-0.9504862,0.115236812685
-0.7096203,-0.7096203,0.115236812685
-7.7577802,-7.7577802,0.115236812685
-18.8455508,-10.0,0.115236812685
-4.3149625,-4.3149625,0.115236812685
0.2573435,0.2573435,0.115236812685
0.2573558,0.2573558,0.115236812685
-0.4663679,-0.4663679,0.115236812685
0.2573593,0.2573593,0.115236812685
0.2465735,0.2465735,0.115236812685
-0.3233833,-0.3233833,0.115236812685
-0.3623041,-0.3623041,0.115236812685
-0.8534467,-0.8534467,0.115236812685
-0.2392823,-0.2392823,0.115236812685
-20.7426405,-10.0,0.115236812685
-0.4995452,-0.4995452,0.115236812685
-0.4411746,-0.4411746,0.115236812685
-0.8075467,-0.8075467,0.115236812685
-15.8641612,-10.0,0.115236812685
-0.6931427,-0.6931427,0.115236812685
-0.4522768,-0.4522768,0.115236812685
-7.5004367,-7.5004367,0.115236812685
-19.1029066,-10.0,0.115236812685
-4.5723183,-4.5723183,0.115236812685
-1.22999999981e-05,-1.22999999981e-05,0.115236812685
-0.2573558,-0.2573558,0.115236812685
-0.7237237,-0.7237237,0.115236812685
3.50000000182e-06,3.50000000182e-06,0.115236812685
-0.0107823,-0.0107823,0.115236812685
-0.5807391,-0.5807391,0.115236812685
-0.6196599,-0.6196599,0.115236812685
-1.1108025,-1.1108025,0.115236812685
-0.4966381,-0.4966381,0.115236812685
-20.9999963,-10.0,0.115236812685
-0.756901,-0.756901,0.115236812685
-0.6985304,-0.6985304,0.115236812685
-1.0649025,-1.0649025,0.115236812685
-16.121517,-10.0,0.115236812685
-0.9504985,-0.9504985,0.115236812685
-0.7096326,-0.7096326,0.115236812685
-7.7577925,-7.7577925,0.115236812685
-18.3791829,-10.0,0.115236812685
-3.8485946,-3.8485946,0.115236812685
0.7237114,0.7237114,0.115236812685
0.4663679,0.4663679,0.115236812685
0.7237237,0.7237237,0.115236812685
0.7237272,0.7237272,0.115236812685
0.7129414,0.7129414,0.115236812685
0.1429846,0.1429846,0.115236812685
0.1040638,0.1040638,0.115236812685
-0.3870788,-0.3870788,0.115236812685
0.2270856,0.2270856,0.115236812685
-20.2762726,-10.0,0.115236812685
-0.0331773,-0.0331773,0.115236812685
0.0251933,0.0251933,0.115236812685
-0.3411788,-0.3411788,0.115236812685
-15.3977933,-10.0,0.115236812685
-0.2267748,-0.2267748,0.115236812685
0.0140911,0.0140911,0.115236812685
-7.0340688,-7.0340688,0.115236812685
-19.1029101,-10.0,0.115236812685
-4.5723218,-4.5723218,0.115236812685
-1.57999999999e-05,-1.57999999999e-05,0.115236812685
-0.2573593,-0.2573593,0.115236812685
-3.50000000182e-06,-3.50000000182e-06,0.115236812685
-0.7237272,-0.7237272,0.115236812685
-0.0107858,-0.0107858,0.115236812685
-0.5807426,-0.5807426,0.115236812685
-0.6196634,-0.6196634,0.115236812685
-1.110806,-1.110806,0.115236812685
-0.4966416,-0.4966416,0.115236812685
-20.9999998,-10.0,0.115236812685
-0.7569045,-0.7569045,0.115236812685
-0.6985339,-0.6985339,0.115236812685
-1.064906,-1.064906,0.115236812685
-16.1215205,-10.0,0.115236812685
-0.950502,-0.950502,0.115236812685
-0.7096361,-0.7096361,0.115236812685
-7.757796,-7.757796,0.115236812685
-19.0921243,-10.0,0.115236812685
-4.561536,-4.561536,0.115236812685
0.01077,0.01077,0.115236812685
-0.2465735,-0.2465735,0.115236812685
0.0107823,0.0107823,0.115236812685
-0.7129414,-0.7129414,0.115236812685
0.0107858,0.0107858,0.115236812685
-0.5699568,-0.5699568,0.115236812685
-0.6088776,-0.6088776,0.115236812685
-1.1000202,-1.1000202,0.115236812685
-0.4858558,-0.4858558,0.115236812685
-20.989214,-10.0,0.115236812685
-0.7461187,-0.7461187,0.115236812685
-0.6877481,-0.6877481,0.115236812685
-1.0541202,-1.0541202,0.115236812685
-16.1107347,-10.0,0.115236812685
-0.9397162,-0.9397162,0.115236812685
-0.6988503,-0.6988503,0.115236812685
-7.7470102,-7.7470102,0.115236812685
-18.5221675,-10.0,0.115236812685
-3.9915792,-3.9915792,0.115236812685
0.5807268,0.5807268,0.115236812685
0.3233833,0.3233833,0.115236812685
0.5807391,0.5807391,0.115236812685
-0.1429846,-0.1429846,0.115236812685
0.5807426,0.5807426,0.115236812685
0.5699568,0.5699568,0.115236812685
-0.0389208,-0.0389208,0.115236812685
-0.5300634,-0.5300634,0.115236812685
0.084101,0.084101,0.115236812685
-20.4192572,-10.0,0.115236812685
-0.1761619,-0.1761619,0.115236812685
-0.1177913,-0.1177913,0.115236812685
-0.4841634,-0.4841634,0.115236812685
-15.5407779,-10.0,0.115236812685
-0.3697594,-0.3697594,0.115236812685
-0.1288935,-0.1288935,0.115236812685
-7.1770534,-7.1770534,0.115236812685
-18.4832467,-10.0,0.115236812685
-3.9526584,-3.9526584,0.115236812685
0.6196476,0.6196476,0.115236812685
0.3623041,0.3623041,0.115236812685
0.6196599,0.6196599,0.115236812685
-0.1040638,-0.1040638,0.115236812685
0.6196634,0.6196634,0.115236812685
0.6088776,0.6088776,0.115236812685
0.0389208,0.0389208,0.115236812685
-0.4911426,-0.4911426,0.115236812685
0.1230218,0.1230218,0.115236812685
-20.3803364,-10.0,0.115236812685
-0.1372411,-0.1372411,0.115236812685
-0.0788705,-0.0788705,0.115236812685
-0.4452426,-0.4452426,0.115236812685
-15.5018571,-10.0,0.115236812685
-0.3308386,-0.3308386,0.115236812685
-0.0899727,-0.0899727,0.115236812685
-7.1381326,-7.1381326,0.115236812685
-17.9921041,-10.0,0.115236812685
-3.4615158,-3.4615158,0.115236812685
1.1107902,1.1107902,0.115236812685
0.8534467,0.8534467,0.115236812685
1.1108025,1.1108025,0.115236812685
0.3870788,0.3870788,0.115236812685
1.110806,1.110806,0.115236812685
1.1000202,1.1000202,0.115236812685
0.5300634,0.5300634,0.115236812685
0.4911426,0.4911426,0.115236812685
0.6141644,0.6141644,0.115236812685
-19.8891938,-10.0,0.115236812685
0.3539015,0.3539015,0.115236812685
0.4122721,0.4122721,0.115236812685
0.0459,0.0459,0.115236812685
-15.0107145,-10.0,0.115236812685
0.160304,0.160304,0.115236812685
0.4011699,0.4011699,0.115236812685
-6.64699,-6.64699,0.115236812685
-18.6062685,-10.0,0.115236812685
-4.0756802,-4.0756802,0.115236812685
0.4966258,0.4966258,0.115236812685
0.2392823,0.2392823,0.115236812685
0.4966381,0.4966381,0.115236812685
-0.2270856,-0.2270856,0.115236812685
0.4966416,0.4966416,0.115236812685
0.4858558,0.4858558,0.115236812685
-0.084101,-0.084101,0.115236812685
-0.1230218,-0.1230218,0.115236812685
-0.6141644,-0.6141644,0.115236812685
-20.5033582,-10.0,0.115236812685
-0.2602629,-0.2602629,0.115236812685
-0.2018923,-0.2018923,0.115236812685
-0.5682644,-0.5682644,0.115236812685
-15.6248789,-10.0,0.115236812685
-0.4538604,-0.4538604,0.115236812685
-0.2129945,-0.2129945,0.115236812685
-7.2611544,-7.2611544,0.115236812685
1.8970897,1.8970897,0.115236812685
16.427678,10.0,0.115236812685
20.999984,10.0,0.115236812685
20.7426405,10.0,0.115236812685
20.9999963,10.0,0.115236812685
20.2762726,10.0,0.115236812685
20.9999998,10.0,0.115236812685
20.989214,10.0,0.115236812685
20.4192572,10.0,0.115236812685
20.3803364,10.0,0.115236812685
19.8891938,10.0,0.115236812685
20.5033582,10.0,0.115236812685
20.2430953,10.0,0.115236812685
20.3014659,10.0,0.115236812685
19.9350938,10.0,0.115236812685
4.8784793,4.8784793,0.115236812685
20.0494978,10.0,0.115236812685
20.2903637,10.0,0.115236812685
13.2422038,10.0,0.115236812685
-18.3460056,-10.0,0.115236812685
-3.8154173,-3.8154173,0.115236812685
0.7568887,0.7568887,0.115236812685
0.4995452,0.4995452,0.115236812685
0.756901,0.756901,0.115236812685
0.0331773,0.0331773,0.115236812685
0.7569045,0.7569045,0.115236812685
0.7461187,0.7461187,0.115236812685
0.1761619,0.1761619,0.115236812685
0.1372411,0.1372411,0.115236812685
-0.3539015,-0.3539015,0.115236812685
0.2602629,0.2602629,0.115236812685
-20.2430953,-10.0,0.115236812685
0.0583706,0.0583706,0.115236812685
-0.3080015,-0.3080015,0.115236812685
-15.364616,-10.0,0.115236812685
-0.1935975,-0.1935975,0.115236812685
0.0472684,0.0472684,0.115236812685
-7.0008915,-7.0008915,0.115236812685
-18.4043762,-10.0,0.115236812685
-3.8737879,-3.8737879,0.115236812685
0.6985181,0.6985181,0.115236812685
0.4411746,0.4411746,0.115236812685
0.6985304,0.6985304,0.115236812685
-0.0251933,-0.0251933,0.115236812685
0.6985339,0.6985339,0.115236812685
0.6877481,0.6877481,0.115236812685
0.1177913,0.1177913,0.115236812685
0.0788705,0.0788705,0.115236812685
-0.4122721,-0.4122721,0.115236812685
0.2018923,0.2018923,0.115236812685
-20.3014659,-10.0,0.115236812685
-0.0583706,-0.0583706,0.115236812685
-0.3663721,-0.3663721,0.115236812685
-15.4229866,-10.0,0.115236812685
-0.2519681,-0.2519681,0.115236812685
-0.0111022,-0.0111022,0.115236812685
-7.0592621,-7.0592621,0.115236812685
-18.0380041,-10.0,0.115236812685
-3.5074158,-3.5074158,0.115236812685
1.0648902,1.0648902,0.115236812685
0.8075467,0.8075467,0.115236812685
1.0649025,1.0649025,0.115236812685
0.3411788,0.3411788,0.115236812685
1.064906,1.064906,0.115236812685
1.0541202,1.0541202,0.115236812685
0.4841634,0.4841634,0.115236812685
0.4452426,0.4452426,0.115236812685
-0.0459,-0.0459,0.115236812685
0.5682644,0.5682644,0.115236812685
-19.9350938,-10.0,0.115236812685
0.3080015,0.3080015,0.115236812685
0.3663721,0.3663721,0.115236812685
-15.0566145,-10.0,0.115236812685
0.114404,0.114404,0.115236812685
0.3552699,0.3552699,0.115236812685
-6.69289,-6.69289,0.115236812685
-2.9813896,-2.9813896,0.115236812685
11.5491987,10.0,0.115236812685
16.1215047,10.0,0.115236812685
15.8641612,10.0,0.115236812685
16.121517,10.0,0.115236812685
15.3977933,10.0,0.115236812685
16.1215205,10.0,0.115236812685
16.1107347,10.0,0.115236812685
15.5407779,10.0,0.115236812685
15.5018571,10.0,0.115236812685
15.0107145,10.0,0.115236812685
15.6248789,10.0,0.115236812685
-4.8784793,-4.8784793,0.115236812685
15.364616,10.0,0.115236812685
15.4229866,10.0,0.115236812685
15.0566145,10.0,0.115236812685
15.1710185,10.0,0.115236812685
15.4118844,10.0,0.115236812685
8.3637245,8.3637245,0.115236812685
-18.1524081,-10.0,0.115236812685
-3.6218198,-3.6218198,0.115236812685
0.9504862,0.9504862,0.115236812685
0.6931427,0.6931427,0.115236812685
0.9504985,0.9504985,0.115236812685
0.2267748,0.2267748,0.115236812685
0.950502,0.950502,0.115236812685
0.9397162,0.9397162,0.115236812685
0.3697594,0.3697594,0.115236812685
0.3308386,0.3308386,0.115236812685
-0.160304,-0.160304,0.115236812685
0.4538604,0.4538604,0.115236812685
-20.0494978,-10.0,0.115236812685
0.1935975,0.1935975,0.115236812685
0.2519681,0.2519681,0.115236812685
-0.114404,-0.114404,0.115236812685
-15.1710185,-10.0,0.115236812685
0.2408659,0.2408659,0.115236812685
-6.807294,-6.807294,0.115236812685
-18.393274,-10.0,0.115236812685
-3.8626857,-3.8626857,0.115236812685
0.7096203,0.7096203,0.115236812685
0.4522768,0.4522768,0.115236812685
0.7096326,0.7096326,0.115236812685
-0.0140911,-0.0140911,0.115236812685
0.7096361,0.7096361,0.115236812685
0.6988503,0.6988503,0.115236812685
0.1288935,0.1288935,0.115236812685
0.0899727,0.0899727,0.115236812685
-0.4011699,-0.4011699,0.115236812685
0.2129945,0.2129945,0.115236812685
-20.2903637,-10.0,0.115236812685
-0.0472684,-0.0472684,0.115236812685
0.0111022,0.0111022,0.115236812685
-0.3552699,-0.3552699,0.115236812685
-15.4118844,-10.0,0.115236812685
-0.2408659,-0.2408659,0.115236812685
-7.0481599,-7.0481599,0.115236812685
-11.3451141,-10.0,0.115236812685
3.1854742,3.1854742,0.115236812685
7.7577802,7.7577802,0.115236812685
7.5004367,7.5004367,0.115236812685
7.7577925,7.7577925,0.115236812685
7.0340688,7.0340688,0.115236812685
7.757796,7.757796,0.115236812685
7.7470102,7.7470102,0.115236812685
7.1770534,7.1770534,0.115236812685
7.1381326,7.1381326,0.115236812685
6.64699,6.64699,0.115236812685
7.2611544,7.2611544,0.115236812685
-13.2422038,-10.0,0.115236812685
7.0008915,7.0008915,0.115236812685
7.0592621,7.0592621,0.115236812685
6.69289,6.69289,0.115236812685
-8.3637245,-8.3637245,0.115236812685
6.807294,6.807294,0.115236812685
7.0481599,7.0481599,0.115236812685
-0.0388931,-0.0388931,0.102152061743
2.3137708,2.3137708,0.102152061743
-15.3504443,-10.0,0.102152061743
2.1029906,2.1029906,0.102152061743
2.5070799,2.5070799,0.102152061743
1.3036738,1.3036738,0.102152061743
-16.193252,-10.0,0.102152061743
-14.5133074,-10.0,0.102152061743
1.6036699,1.6036699,0.102152061743
-10.4406555,-10.0,0.102152061743
1.7620615,1.7620615,0.102152061743
2.2288304,2.2288304,0.102152061743
2.1037648,2.1037648,0.102152061743
0.1512714,0.1512714,0.102152061743
1.4937346,1.4937346,0.102152061743
-16.0067613,-10.0,0.102152061743
-18.4929195,-10.0,0.102152061743
2.5070805,2.5070805,0.102152061743
-5.544484,-5.544484,0.102152061743
0.0388931,0.0388931,0.102152061743
2.3526639,2.3526639,0.102152061743
-15.3115512,-10.0,0.102152061743
2.1418837,2.1418837,0.102152061743
2.545973,2.545973,0.102152061743
1.3425669,1.3425669,0.102152061743
-16.1543589,-10.0,0.102152061743
-14.4744143,-10.0,0.102152061743
1.642563,1.642563,0.102152061743
-10.4017624,-10.0,0.102152061743
1.8009546,1.8009546,0.102152061743
2.2677235,2.2677235,0.102152061743
2.1426579,2.1426579,0.102152061743
0.1901645,0.1901645,0.102152061743
1.5326277,1.5326277,0.102152061743
-15.9678682,-10.0,0.102152061743
-18.4540264,-10.0,0.102152061743
2.5459736,2.5459736,0.102152061743
-5.5055909,-5.5055909,0.102152061743
-2.3137708,-2.3137708,0.102152061743
-2.3526639,-2.3526639,0.102152061743
-17.6642151,-10.0,0.102152061743
-0.2107802,-0.2107802,0.102152061743
0.1933091,0.1933091,0.102152061743
-1.010097,-1.010097,0.102152061743
-18.5070228,-10.0,0.102152061743
-16.8270782,-10.0,0.102152061743
-0.7101009,-0.7101009,0.102152061743
-12.7544263,-10.0,0.102152061743
-0.5517093,-0.5517093,0.102152061743
-0.0849404,-0.0849404,0.102152061743
-0.210006,-0.210006,0.102152061743
-2.1624994,-2.1624994,0.102152061743
-0.8200362,-0.8200362,0.102152061743
-18.3205321,-10.0,0.102152061743
-20.8066903,-10.0,0.102152061743
0.1933097,0.1933097,0.102152061743
-7.8582548,-7.8582548,0.102152061743
15.3504443,10.0,0.102152061743
15.3115512,10.0,0.102152061743
17.6642151,10.0,0.102152061743
17.4534349,10.0,0.102152061743
17.8575242,10.0,0.102152061743
16.6541181,10.0,0.102152061743
-0.8428077,-0.8428077,0.102152061743
0.8371369,0.8371369,0.102152061743
16.9541142,10.0,0.102152061743
4.9097888,4.9097888,0.102152061743
17.1125058,10.0,0.102152061743
17.5792747,10.0,0.102152061743
17.4542091,10.0,0.102152061743
15.5017157,10.0,0.102152061743
16.8441789,10.0,0.102152061743
-0.656317,-0.656317,0.102152061743
-3.1424752,-3.1424752,0.102152061743
17.8575248,10.0,0.102152061743
9.8059603,9.8059603,0.102152061743
-2.1029906,-2.1029906,0.102152061743
-2.1418837,-2.1418837,0.102152061743
0.2107802,0.2107802,0.102152061743
-17.4534349,-10.0,0.102152061743
0.4040893,0.4040893,0.102152061743
-0.7993168,-0.7993168,0.102152061743
-18.2962426,-10.0,0.102152061743
-16.616298,-10.0,0.102152061743
-0.4993207,-0.4993207,0.102152061743
-12.5436461,-10.0,0.102152061743
-0.3409291,-0.3409291,0.102152061743
0.1258398,0.1258398,0.102152061743
0.000774199999999,0.000774199999999,0.102152061743
-1.9517192,-1.9517192,0.102152061743
-0.609256,-0.609256,0.102152061743
-18.1097519,-10.0,0.102152061743
-20.5959101,-10.0,0.102152061743
0.4040899,0.4040899,0.102152061743
-7.6474746,-7.6474746,0.102152061743
-2.5070799,-2.5070799,0.102152061743
-2.545973,-2.545973,0.102152061743
-0.1933091,-0.1933091,0.102152061743
-17.8575242,-10.0,0.102152061743
-0.4040893,-0.4040893,0.102152061743
-1.2034061,-1.2034061,0.102152061743
-18.7003319,-10.0,0.102152061743
-17.0203873,-10.0,0.102152061743
-0.90341,-0.90341,0.102152061743
-12.9477354,-10.0,0.102152061743
-0.7450184,-0.7450184,0.102152061743
-0.2782495,-0.2782495,0.102152061743
-0.4033151,-0.4033151,0.102152061743
-2.3558085,-2.3558085,0.102152061743
-1.0133453,-1.0133453,0.102152061743
-18.5138412,-10.0,0.102152061743
-20.9999994,-10.0,0.102152061743
5.99999999906e-07,5.99999999906e-07,0.102152061743
-8.0515639,-8.0515639,0.102152061743
-1.3036738,-1.3036738,0.102152061743
-1.3425669,-1.3425669,0.102152061743
1.010097,1.010097,0.102152061743
-16.6541181,-10.0,0.102152061743
0.7993168,0.7993168,0.102152061743
1.2034061,1.2034061,0.102152061743
-17.4969258,-10.0,0.102152061743
-15.8169812,-10.0,0.102152061743
0.2999961,0.2999961,0.102152061743
-11.7443293,-10.0,0.102152061743
0.4583877,0.4583877,0.102152061743
0.9251566,0.9251566,0.102152061743
0.800091,0.800091,0.102152061743
-1.1524024,-1.1524024,0.102152061743
0.1900608,0.1900608,0.102152061743
-17.3104351,-10.0,0.102152061743
-19.7965933,-10.0,0.102152061743
1.2034067,1.2034067,0.102152061743
-6.8481578,-6.8481578,0.102152061743
16.193252,10.0,0.102152061743
16.1543589,10.0,0.102152061743
18.5070228,10.0,0.102152061743
0.8428077,0.8428077,0.102152061743
18.2962426,10.0,0.102152061743
18.7003319,10.0,0.102152061743
17.4969258,10.0,0.102152061743
1.6799446,1.6799446,0.102152061743
17.7969219,10.0,0.102152061743
5.7525965,5.7525965,0.102152061743
17.9553135,10.0,0.102152061743
18.4220824,10.0,0.102152061743
18.2970168,10.0,0.102152061743
16.3445234,10.0,0.102152061743
17.6869866,10.0,0.102152061743
0.1864907,0.1864907,0.102152061743
-2.2996675,-2.2996675,0.102152061743
18.7003325,10.0,0.102152061743
10.648768,10.0,0.102152061743
14.5133074,10.0,0.102152061743
14.4744143,10.0,0.102152061743
16.8270782,10.0,0.102152061743
-0.8371369,-0.8371369,0.102152061743
16.616298,10.0,0.102152061743
17.0203873,10.0,0.102152061743
15.8169812,10.0,0.102152061743
-1.6799446,-1.6799446,0.102152061743
16.1169773,10.0,0.102152061743
4.0726519,4.0726519,0.102152061743
16.2753689,10.0,0.102152061743
16.7421378,10.0,0.102152061743
16.6170722,10.0,0.102152061743
14.6645788,10.0,0.102152061743
16.007042,10.0,0.102152061743
-1.4934539,-1.4934539,0.102152061743
-3.9796121,-3.9796121,0.102152061743
17.0203879,10.0,0.102152061743
8.9688234,8.9688234,0.102152061743
-1.6036699,-1.6036699,0.102152061743
-1.642563,-1.642563,0.102152061743
0.7101009,0.7101009,0.102152061743
-16.9541142,-10.0,0.102152061743
0.4993207,0.4993207,0.102152061743
0.90341,0.90341,0.102152061743
-0.2999961,-0.2999961,0.102152061743
-17.7969219,-10.0,0.102152061743
-16.1169773,-10.0,0.102152061743
-12.0443254,-10.0,0.102152061743
0.1583916,0.1583916,0.102152061743
0.6251605,0.6251605,0.102152061743
0.5000949,0.5000949,0.102152061743
-1.4523985,-1.4523985,0.102152061743
-0.1099353,-0.1099353,0.102152061743
-17.6104312,-10.0,0.102152061743
-20.0965894,-10.0,0.102152061743
0.9034106,0.9034106,0.102152061743
-7.1481539,-7.1481539,0.102152061743
10.4406555,10.0,0.102152061743
10.4017624,10.0,0.102152061743
12.7544263,10.0,0.102152061743
-4.9097888,-4.9097888,0.102152061743
12.5436461,10.0,0.102152061743
12.9477354,10.0,0.102152061743
11.7443293,10.0,0.102152061743
-5.7525965,-5.7525965,0.102152061743
-4.0726519,-4.0726519,0.102152061743
12.0443254,10.0,0.102152061743
12.202717,10.0,0.102152061743
12.6694859,10.0,0.102152061743
12.5444203,10.0,0.102152061743
10.5919269,10.0,0.102152061743
11.9343901,10.0,0.102152061743
-5.5661058,-5.5661058,0.102152061743
-8.052264,-8.052264,0.102152061743
12.947736,10.0,0.102152061743
4.8961715,4.8961715,0.102152061743
-1.7620615,-1.7620615,0.102152061743
-1.8009546,-1.8009546,0.102152061743
0.5517093,0.5517093,0.102152061743
-17.1125058,-10.0,0.102152061743
0.3409291,0.3409291,0.102152061743
0.7450184,0.7450184,0.102152061743
-0.4583877,-0.4583877,0.102152061743
-17.9553135,-10.0,0.102152061743
-16.2753689,-10.0,0.102152061743
-0.1583916,-0.1583916,0.102152061743
-12.202717,-10.0,0.102152061743
0.4667689,0.4667689,0.102152061743
0.3417033,0.3417033,0.102152061743
-1.6107901,-1.6107901,0.102152061743
-0.2683269,-0.2683269,0.102152061743
-17.7688228,-10.0,0.102152061743
-20.254981,-10.0,0.102152061743
0.745019,0.745019,0.102152061743
-7.3065455,-7.3065455,0.102152061743
-2.2288304,-2.2288304,0.102152061743
-2.2677235,-2.2677235,0.102152061743
0.0849404,0.0849404,0.102152061743
-17.5792747,-10.0,0.102152061743
-0.1258398,-0.1258398,0.102152061743
0.2782495,0.2782495,0.102152061743
-0.9251566,-0.9251566,0.102152061743
-18.4220824,-10.0,0.102152061743
-16.7421378,-10.0,0.102152061743
-0.6251605,-0.6251605,0.102152061743
-12.6694859,-10.0,0.102152061743
-0.4667689,-0.4667689,0.102152061743
-0.1250656,-0.1250656,0.102152061743
-2.077559,-2.077559,0.102152061743
-0.7350958,-0.7350958,0.102152061743
-18.2355917,-10.0,0.102152061743
-20.7217499,-10.0,0.102152061743
0.2782501,0.2782501,0.102152061743
-7.7733144,-7.7733144,0.102152061743
-2.1037648,-2.1037648,0.102152061743
-2.1426579,-2.1426579,0.102152061743
0.210006,0.210006,0.102152061743
-17.4542091,-10.0,0.102152061743
-0.000774199999999,-0.000774199999999,0.102152061743
0.4033151,0.4033151,0.102152061743
-0.800091,-0.800091,0.102152061743
-18.2970168,-10.0,0.102152061743
-16.6170722,-10.0,0.102152061743
-0.5000949,-0.5000949,0.102152061743
-12.5444203,-10.0,0.102152061743
-0.3417033,-0.3417033,0.102152061743
0.1250656,0.1250656,0.102152061743
-1.9524934,-1.9524934,0.102152061743
-0.6100302,-0.6100302,0.102152061743
-18.1105261,-10.0,0.102152061743
-20.5966843,-10.0,0.102152061743
0.4033157,0.4033157,0.102152061743
-7.6482488,-7.6482488,0.102152061743
-0.1512714,-0.1512714,0.102152061743
-0.1901645,-0.1901645,0.102152061743
2.1624994,2.1624994,0.102152061743
-15.5017157,-10.0,0.102152061743
1.9517192,1.9517192,0.102152061743
2.3558085,2.3558085,0.102152061743
1.1524024,1.1524024,0.102152061743
-16.3445234,-10.0,0.102152061743
-14.6645788,-10.0,0.102152061743
1.4523985,1.4523985,0.102152061743
-10.5919269,-10.0,0.102152061743
1.6107901,1.6107901,0.102152061743
2.077559,2.077559,0.102152061743
1.9524934,1.9524934,0.102152061743
1.3424632,1.3424632,0.102152061743
-16.1580327,-10.0,0.102152061743
-18.6441909,-10.0,0.102152061743
2.3558091,2.3558091,0.102152061743
-5.6957554,-5.6957554,0.102152061743
-1.4937346,-1.4937346,0.102152061743
-1.5326277,-1.5326277,0.102152061743
0.8200362,0.8200362,0.102152061743
-16.8441789,-10.0,0.102152061743
0.609256,0.609256,0.102152061743
1.0133453,1.0133453,0.102152061743
-0.1900608,-0.1900608,0.102152061743
-17.6869866,-10.0,0.102152061743
-16.007042,-10.0,0.102152061743
0.1099353,0.1099353,0.102152061743
-11.9343901,-10.0,0.102152061743
0.2683269,0.2683269,0.102152061743
0.7350958,0.7350958,0.102152061743
0.6100302,0.6100302,0.102152061743
-1.3424632,-1.3424632,0.102152061743
-17.5004959,-10.0,0.102152061743
-19.9866541,-10.0,0.102152061743
1.0133459,1.0133459,0.102152061743
-7.0382186,-7.0382186,0.102152061743
16.0067613,10.0,0.102152061743
15.9678682,10.0,0.102152061743
18.3205321,10.0,0.102152061743
0.656317,0.656317,0.102152061743
18.1097519,10.0,0.102152061743
18.5138412,10.0,0.102152061743
17.3104351,10.0,0.102152061743
-0.1864907,-0.1864907,0.102152061743
1.4934539,1.4934539,0.102152061743
17.6104312,10.0,0.102152061743
5.5661058,5.5661058,0.102152061743
17.7688228,10.0,0.102152061743
18.2355917,10.0,0.102152061743
18.1105261,10.0,0.102152061743
16.1580327,10.0,0.102152061743
17.5004959,10.0,0.102152061743
-2.4861582,-2.4861582,0.102152061743
18.5138418,10.0,0.102152061743
10.4622773,10.0,0.102152061743
18.4929195,10.0,0.102152061743
18.4540264,10.0,0.102152061743
20.8066903,10.0,0.102152061743
3.1424752,3.1424752,0.102152061743
20.5959101,10.0,0.102152061743
20.9999994,10.0,0.102152061743
19.7965933,10.0,0.102152061743
2.2996675,2.2996675,0.102152061743
3.9796121,3.9796121,0.102152061743
20.0965894,10.0,0.102152061743
8.052264,8.052264,0.102152061743
20.254981,10.0,0.102152061743
20.7217499,10.0,0.102152061743
20.5966843,10.0,0.102152061743
18.6441909,10.0,0.102152061743
19.9866541,10.0,0.102152061743
2.4861582,2.4861582,0.102152061743
21.0,10.0,0.102152061743
12.9484355,10.0,0.102152061743
-2.5070805,-2.5070805,0.102152061743
-2.5459736,-2.5459736,0.102152061743
-0.1933097,-0.1933097,0.102152061743
-17.8575248,-10.0,0.102152061743
-0.4040899,-0.4040899,0.102152061743
-5.99999999906e-07,-5.99999999906e-07,0.102152061743
-1.2034067,-1.2034067,0.102152061743
-18.7003325,-10.0,0.102152061743
-17.0203879,-10.0,0.102152061743
-0.9034106,-0.9034106,0.102152061743
-12.947736,-10.0,0.102152061743
-0.745019,-0.745019,0.102152061743
-0.2782501,-0.2782501,0.102152061743
-0.4033157,-0.4033157,0.102152061743
-2.3558091,-2.3558091,0.102152061743
-1.0133459,-1.0133459,0.102152061743
-18.5138418,-10.0,0.102152061743
-21.0,-10.0,0.102152061743
-8.0515645,-8.0515645,0.102152061743
5.544484,5.544484,0.102152061743
5.5055909,5.5055909,0.102152061743
7.8582548,7.8582548,0.102152061743
-9.8059603,-9.8059603,0.102152061743
7.6474746,7.6474746,0.102152061743
8.0515639,8.0515639,0.102152061743
6.8481578,6.8481578,0.102152061743
-10.648768,-10.0,0.102152061743
-8.9688234,-8.9688234,0.102152061743
7.1481539,7.1481539,0.102152061743
-4.8961715,-4.8961715,0.102152061743
7.3065455,7.3065455,0.102152061743
7.7733144,7.7733144,0.102152061743
7.6482488,7.6482488,0.102152061743
5.6957554,5.6957554,0.102152061743
7.0382186,7.0382186,0.102152061743
-10.4622773,-10.0,0.102152061743
-12.9484355,-10.0,0.102152061743
8.0515645,8.0515645,0.102152061743
16.9574599,10.0,0.277753582216
1.8614373,1.8614373,0.277753582216
-2.8493833,-2.8493833,0.277753582216
12.7768904,10.0,0.277753582216
17.4706389,10.0,0.277753582216
1.267826,1.267826,0.277753582216
17.6290693,10.0,0.277753582216
0.4119314,0.4119314,0.277753582216
18.150606,10.0,0.277753582216
11.2490143,10.0,0.277753582216
17.226834,10.0,0.277753582216
-1.8131112,-1.8131112,0.277753582216
-0.8010753,-0.8010753,0.277753582216
2.1566474,2.1566474,0.277753582216
1.4641704,1.4641704,0.277753582216
1.0157335,1.0157335,0.277753582216
14.836949,10.0,0.277753582216
16.5476272,10.0,0.277753582216
18.1506166,10.0,0.277753582216
-16.9574599,-10.0,0.277753582216
-15.0960226,-10.0,0.277753582216
-19.8068432,-10.0,0.277753582216
-4.1805695,-4.1805695,0.277753582216
0.513179,0.513179,0.277753582216
-15.6896339,-10.0,0.277753582216
0.6716094,0.6716094,0.277753582216
-16.5455285,-10.0,0.277753582216
1.1931461,1.1931461,0.277753582216
-5.7084456,-5.7084456,0.277753582216
0.2693741,0.2693741,0.277753582216
-18.7705711,-10.0,0.277753582216
-17.7585352,-10.0,0.277753582216
-14.8008125,-10.0,0.277753582216
-15.4932895,-10.0,0.277753582216
-15.9417264,-10.0,0.277753582216
-2.1205109,-2.1205109,0.277753582216
-0.4098327,-0.4098327,0.277753582216
1.1931567,1.1931567,0.277753582216
-1.8614373,-1.8614373,0.277753582216
15.0960226,10.0,0.277753582216
-4.7108206,-4.7108206,0.277753582216
10.9154531,10.0,0.277753582216
15.6092016,10.0,0.277753582216
-0.5936113,-0.5936113,0.277753582216
15.767632,10.0,0.277753582216
-1.4495059,-1.4495059,0.277753582216
16.2891687,10.0,0.277753582216
9.387577,9.387577,0.277753582216
15.3653967,10.0,0.277753582216
-3.6745485,-3.6745485,0.277753582216
-2.6625126,-2.6625126,0.277753582216
0.2952101,0.2952101,0.277753582216
-0.3972669,-0.3972669,0.277753582216
-0.8457038,-0.8457038,0.277753582216
12.9755117,10.0,0.277753582216
14.6861899,10.0,0.277753582216
16.2891793,10.0,0.277753582216
2.8493833,2.8493833,0.277753582216
19.8068432,10.0,0.277753582216
4.7108206,4.7108206,0.277753582216
15.6262737,10.0,0.277753582216
20.3200222,10.0,0.277753582216
4.1172093,4.1172093,0.277753582216
20.4784526,10.0,0.277753582216
3.2613147,3.2613147,0.277753582216
20.9999893,10.0,0.277753582216
14.0983976,10.0,0.277753582216
20.0762173,10.0,0.277753582216
1.0362721,1.0362721,0.277753582216
2.048308,2.048308,0.277753582216
5.0060307,5.0060307,0.277753582216
4.3135537,4.3135537,0.277753582216
3.8651168,3.8651168,0.277753582216
17.6863323,10.0,0.277753582216
19.3970105,10.0,0.277753582216
20.9999999,10.0,0.277753582216
-12.7768904,-10.0,0.277753582216
4.1805695,4.1805695,0.277753582216
-10.9154531,-10.0,0.277753582216
-15.6262737,-10.0,0.277753582216
4.6937485,4.6937485,0.277753582216
-11.5090644,-10.0,0.277753582216
4.8521789,4.8521789,0.277753582216
-12.364959,-10.0,0.277753582216
5.3737156,5.3737156,0.277753582216
-1.5278761,-1.5278761,0.277753582216
4.4499436,4.4499436,0.277753582216
-14.5900016,-10.0,0.277753582216
-13.5779657,-10.0,0.277753582216
-10.620243,-10.0,0.277753582216
-11.31272,-10.0,0.277753582216
-11.7611569,-10.0,0.277753582216
2.0600586,2.0600586,0.277753582216
3.7707368,3.7707368,0.277753582216
5.3737262,5.3737262,0.277753582216
-17.4706389,-10.0,0.277753582216
-0.513179,-0.513179,0.277753582216
-15.6092016,-10.0,0.277753582216
-20.3200222,-10.0,0.277753582216
-4.6937485,-4.6937485,0.277753582216
-16.2028129,-10.0,0.277753582216
0.1584304,0.1584304,0.277753582216
-17.0587075,-10.0,0.277753582216
0.6799671,0.6799671,0.277753582216
-6.2216246,-6.2216246,0.277753582216
-0.2438049,-0.2438049,0.277753582216
-19.2837501,-10.0,0.277753582216
-18.2717142,-10.0,0.277753582216
-15.3139915,-10.0,0.277753582216
-16.0064685,-10.0,0.277753582216
-16.4549054,-10.0,0.277753582216
-2.6336899,-2.6336899,0.277753582216
-0.9230117,-0.9230117,0.277753582216
0.6799777,0.6799777,0.277753582216
-1.267826,-1.267826,0.277753582216
15.6896339,10.0,0.277753582216
0.5936113,0.5936113,0.277753582216
-4.1172093,-4.1172093,0.277753582216
11.5090644,10.0,0.277753582216
16.2028129,10.0,0.277753582216
16.3612433,10.0,0.277753582216
-0.8558946,-0.8558946,0.277753582216
16.88278,10.0,0.277753582216
9.9811883,9.9811883,0.277753582216
15.959008,10.0,0.277753582216
-3.0809372,-3.0809372,0.277753582216
-2.0689013,-2.0689013,0.277753582216
0.8888214,0.8888214,0.277753582216
0.1963444,0.1963444,0.277753582216
-0.2520925,-0.2520925,0.277753582216
13.569123,10.0,0.277753582216
15.2798012,10.0,0.277753582216
16.8827906,10.0,0.277753582216
-17.6290693,-10.0,0.277753582216
-0.6716094,-0.6716094,0.277753582216
-15.767632,-10.0,0.277753582216
-20.4784526,-10.0,0.277753582216
-4.8521789,-4.8521789,0.277753582216
-0.1584304,-0.1584304,0.277753582216
-16.3612433,-10.0,0.277753582216
-17.2171379,-10.0,0.277753582216
0.5215367,0.5215367,0.277753582216
-6.380055,-6.380055,0.277753582216
-0.4022353,-0.4022353,0.277753582216
-19.4421805,-10.0,0.277753582216
-18.4301446,-10.0,0.277753582216
-15.4724219,-10.0,0.277753582216
-16.1648989,-10.0,0.277753582216
-16.6133358,-10.0,0.277753582216
-2.7921203,-2.7921203,0.277753582216
-1.0814421,-1.0814421,0.277753582216
0.5215473,0.5215473,0.277753582216
-0.4119314,-0.4119314,0.277753582216
16.5455285,10.0,0.277753582216
1.4495059,1.4495059,0.277753582216
-3.2613147,-3.2613147,0.277753582216
12.364959,10.0,0.277753582216
17.0587075,10.0,0.277753582216
0.8558946,0.8558946,0.277753582216
17.2171379,10.0,0.277753582216
17.7386746,10.0,0.277753582216
10.8370829,10.0,0.277753582216
16.8149026,10.0,0.277753582216
-2.2250426,-2.2250426,0.277753582216
-1.2130067,-1.2130067,0.277753582216
1.744716,1.744716,0.277753582216
1.052239,1.052239,0.277753582216
0.6038021,0.6038021,0.277753582216
14.4250176,10.0,0.277753582216
16.1356958,10.0,0.277753582216
17.7386852,10.0,0.277753582216
-18.150606,-10.0,0.277753582216
-1.1931461,-1.1931461,0.277753582216
-16.2891687,-10.0,0.277753582216
-20.9999893,-10.0,0.277753582216
-5.3737156,-5.3737156,0.277753582216
-0.6799671,-0.6799671,0.277753582216
-16.88278,-10.0,0.277753582216
-0.5215367,-0.5215367,0.277753582216
-17.7386746,-10.0,0.277753582216
-6.9015917,-6.9015917,0.277753582216
-0.923772,-0.923772,0.277753582216
-19.9637172,-10.0,0.277753582216
-18.9516813,-10.0,0.277753582216
-15.9939586,-10.0,0.277753582216
-16.6864356,-10.0,0.277753582216
-17.1348725,-10.0,0.277753582216
-3.313657,-3.313657,0.277753582216
-1.6029788,-1.6029788,0.277753582216
1.05999999995e-05,1.05999999995e-05,0.277753582216
-11.2490143,-10.0,0.277753582216
5.7084456,5.7084456,0.277753582216
-9.387577,-9.387577,0.277753582216
-14.0983976,-10.0,0.277753582216
1.5278761,1.5278761,0.277753582216
6.2216246,6.2216246,0.277753582216
-9.9811883,-9.9811883,0.277753582216
6.380055,6.380055,0.277753582216
-10.8370829,-10.0,0.277753582216
6.9015917,6.9015917,0.277753582216
5.9778197,5.9778197,0.277753582216
-13.0621255,-10.0,0.277753582216
-12.0500896,-10.0,0.277753582216
-9.0923669,-9.0923669,0.277753582216
-9.7848439,-9.7848439,0.277753582216
-10.2332808,-10.0,0.277753582216
3.5879347,3.5879347,0.277753582216
5.2986129,5.2986129,0.277753582216
6.9016023,6.9016023,0.277753582216
-17.226834,-10.0,0.277753582216
-0.2693741,-0.2693741,0.277753582216
-15.3653967,-10.0,0.277753582216
-20.0762173,-10.0,0.277753582216
-4.4499436,-4.4499436,0.277753582216
0.2438049,0.2438049,0.277753582216
-15.959008,-10.0,0.277753582216
0.4022353,0.4022353,0.277753582216
-16.8149026,-10.0,0.277753582216
0.923772,0.923772,0.277753582216
-5.9778197,-5.9778197,0.277753582216
-19.0399452,-10.0,0.277753582216
-18.0279093,-10.0,0.277753582216
-15.0701866,-10.0,0.277753582216
-15.7626636,-10.0,0.277753582216
-16.2111005,-10.0,0.277753582216
-2.389885,-2.389885,0.277753582216
-0.6792068,-0.6792068,0.277753582216
0.9237826,0.9237826,0.277753582216
1.8131112,1.8131112,0.277753582216
18.7705711,10.0,0.277753582216
3.6745485,3.6745485,0.277753582216
-1.0362721,-1.0362721,0.277753582216
14.5900016,10.0,0.277753582216
19.2837501,10.0,0.277753582216
3.0809372,3.0809372,0.277753582216
19.4421805,10.0,0.277753582216
2.2250426,2.2250426,0.277753582216
19.9637172,10.0,0.277753582216
13.0621255,10.0,0.277753582216
19.0399452,10.0,0.277753582216
1.0120359,1.0120359,0.277753582216
3.9697586,3.9697586,0.277753582216
3.2772816,3.2772816,0.277753582216
2.8288447,2.8288447,0.277753582216
16.6500602,10.0,0.277753582216
18.3607384,10.0,0.277753582216
19.9637278,10.0,0.277753582216
0.8010753,0.8010753,0.277753582216
17.7585352,10.0,0.277753582216
2.6625126,2.6625126,0.277753582216
-2.048308,-2.048308,0.277753582216
13.5779657,10.0,0.277753582216
18.2717142,10.0,0.277753582216
2.0689013,2.0689013,0.277753582216
18.4301446,10.0,0.277753582216
1.2130067,1.2130067,0.277753582216
18.9516813,10.0,0.277753582216
12.0500896,10.0,0.277753582216
18.0279093,10.0,0.277753582216
-1.0120359,-1.0120359,0.277753582216
2.9577227,2.9577227,0.277753582216
2.2652457,2.2652457,0.277753582216
1.8168088,1.8168088,0.277753582216
15.6380243,10.0,0.277753582216
17.3487025,10.0,0.277753582216
18.9516919,10.0,0.277753582216
-2.1566474,-2.1566474,0.277753582216
14.8008125,10.0,0.277753582216
-0.2952101,-0.2952101,0.277753582216
-5.0060307,-5.0060307,0.277753582216
10.620243,10.0,0.277753582216
15.3139915,10.0,0.277753582216
-0.8888214,-0.8888214,0.277753582216
15.4724219,10.0,0.277753582216
-1.744716,-1.744716,0.277753582216
15.9939586,10.0,0.277753582216
9.0923669,9.0923669,0.277753582216
15.0701866,10.0,0.277753582216
-3.9697586,-3.9697586,0.277753582216
-2.9577227,-2.9577227,0.277753582216
-0.692477,-0.692477,0.277753582216
-1.1409139,-1.1409139,0.277753582216
12.6803016,10.0,0.277753582216
14.3909798,10.0,0.277753582216
15.9939692,10.0,0.277753582216
-1.4641704,-1.4641704,0.277753582216
15.4932895,10.0,0.277753582216
0.3972669,0.3972669,0.277753582216
-4.3135537,-4.3135537,0.277753582216
11.31272,10.0,0.277753582216
16.0064685,10.0,0.277753582216
-0.1963444,-0.1963444,0.277753582216
16.1648989,10.0,0.277753582216
-1.052239,-1.052239,0.277753582216
16.6864356,10.0,0.277753582216
9.7848439,9.7848439,0.277753582216
15.7626636,10.0,0.277753582216
-3.2772816,-3.2772816,0.277753582216
-2.2652457,-2.2652457,0.277753582216
0.692477,0.692477,0.277753582216
-0.4484369,-0.4484369,0.277753582216
13.3727786,10.0,0.277753582216
15.0834568,10.0,0.277753582216
16.6864462,10.0,0.277753582216
-1.0157335,-1.0157335,0.277753582216
15.9417264,10.0,0.277753582216
0.8457038,0.8457038,0.277753582216
-3.8651168,-3.8651168,0.277753582216
11.7611569,10.0,0.277753582216
16.4549054,10.0,0.277753582216
0.2520925,0.2520925,0.277753582216
16.6133358,10.0,0.277753582216
-0.6038021,-0.6038021,0.277753582216
17.1348725,10.0,0.277753582216
10.2332808,10.0,0.277753582216
16.2111005,10.0,0.277753582216
-2.8288447,-2.8288447,0.277753582216
-1.8168088,-1.8168088,0.277753582216
1.1409139,1.1409139,0.277753582216
0.4484369,0.4484369,0.277753582216
13.8212155,10.0,0.277753582216
15.5318937,10.0,0.277753582216
17.1348831,10.0,0.277753582216
-14.836949,-10.0,0.277753582216
2.1205109,2.1205109,0.277753582216
-12.9755117,-10.0,0.277753582216
-17.6863323,-10.0,0.277753582216
-2.0600586,-2.0600586,0.277753582216
2.6336899,2.6336899,0.277753582216
-13.569123,-10.0,0.277753582216
2.7921203,2.7921203,0.277753582216
-14.4250176,-10.0,0.277753582216
3.313657,3.313657,0.277753582216
-3.5879347,-3.5879347,0.277753582216
2.389885,2.389885,0.277753582216
-16.6500602,-10.0,0.277753582216
-15.6380243,-10.0,0.277753582216
-12.6803016,-10.0,0.277753582216
-13.3727786,-10.0,0.277753582216
-13.8212155,-10.0,0.277753582216
1.7106782,1.7106782,0.277753582216
3.3136676,3.3136676,0.277753582216
-16.5476272,-10.0,0.277753582216
0.4098327,0.4098327,0.277753582216
-14.6861899,-10.0,0.277753582216
-19.3970105,-10.0,0.277753582216
-3.7707368,-3.7707368,0.277753582216
0.9230117,0.9230117,0.277753582216
-15.2798012,-10.0,0.277753582216
1.0814421,1.0814421,0.277753582216
-16.1356958,-10.0,0.277753582216
1.6029788,1.6029788,0.277753582216
-5.2986129,-5.2986129,0.277753582216
0.6792068,0.6792068,0.277753582216
-18.3607384,-10.0,0.277753582216
-17.3487025,-10.0,0.277753582216
-14.3909798,-10.0,0.277753582216
-15.0834568,-10.0,0.277753582216
-15.5318937,-10.0,0.277753582216
-1.7106782,-1.7106782,0.277753582216
1.6029894,1.6029894,0.277753582216
-18.1506166,-10.0,0.277753582216
-1.1931567,-1.1931567,0.277753582216
-16.2891793,-10.0,0.277753582216
-20.9999999,-10.0,0.277753582216
-5.3737262,-5.3737262,0.277753582216
-0.6799777,-0.6799777,0.277753582216
-16.8827906,-10.0,0.277753582216
-0.5215473,-0.5215473,0.277753582216
-17.7386852,-10.0,0.277753582216
-1.05999999995e-05,-1.05999999995e-05,0.277753582216
-6.9016023,-6.9016023,0.277753582216
-0.9237826,-0.9237826,0.277753582216
-19.9637278,-10.0,0.277753582216
-18.9516919,-10.0,0.277753582216
-15.9939692,-10.0,0.277753582216
-16.6864462,-10.0,0.277753582216
-17.1348831,-10.0,0.277753582216
-3.3136676,-3.3136676,0.277753582216
-1.6029894,-1.6029894,0.277753582216
3.2087173,3.2087173,0.0074944098437
3.1834034,3.1834034,0.0074944098437
-0.7324224,-0.7324224,0.0074944098437
-12.2867197,-10.0,0.0074944098437
1.1715888,1.1715888,0.0074944098437
3.2085845,3.2085845,0.0074944098437
3.2087154,3.2087154,0.0074944098437
1.4630868,1.4630868,0.0074944098437
3.2067009,3.2067009,0.0074944098437
2.936009,2.936009,0.0074944098437
3.1915925,3.1915925,0.0074944098437
-1.4254824,-1.4254824,0.0074944098437
-1.8281743,-1.8281743,0.0074944098437
1.9510933,1.9510933,0.0074944098437
3.2087177,3.2087177,0.0074944098437
0.7393034,0.7393034,0.0074944098437
3.1892792,3.1892792,0.0074944098437
-4.3471761,-4.3471761,0.0074944098437
-17.7912807,-10.0,0.0074944098437
-3.2087173,-3.2087173,0.0074944098437
-0.0253139,-0.0253139,0.0074944098437
-3.9411397,-3.9411397,0.0074944098437
-15.495437,-10.0,0.0074944098437
-2.0371285,-2.0371285,0.0074944098437
-0.000132800000003,-0.000132800000003,0.0074944098437
-1.90000000089e-06,-1.90000000089e-06,0.0074944098437
-1.7456305,-1.7456305,0.0074944098437
-0.0020164,-0.0020164,0.0074944098437
-0.2727083,-0.2727083,0.0074944098437
-0.0171248,-0.0171248,0.0074944098437
-4.6341997,-4.6341997,0.0074944098437
-5.0368916,-5.0368916,0.0074944098437
-1.257624,-1.257624,0.0074944098437
3.99999997569e-07,3.99999997569e-07,0.0074944098437
-2.4694139,-2.4694139,0.0074944098437
-0.0194381,-0.0194381,0.0074944098437
-7.5558934,-7.5558934,0.0074944098437
-20.999998,-10.0,0.0074944098437
-3.1834034,-3.1834034,0.0074944098437
0.0253139,0.0253139,0.0074944098437
-3.9158258,-3.9158258,0.0074944098437
-15.4701231,-10.0,0.0074944098437
-2.0118146,-2.0118146,0.0074944098437
0.0251811,0.0251811,0.0074944098437
0.025312,0.025312,0.0074944098437
-1.7203166,-1.7203166,0.0074944098437
0.0232975,0.0232975,0.0074944098437
-0.2473944,-0.2473944,0.0074944098437
0.0081891,0.0081891,0.0074944098437
-4.6088858,-4.6088858,0.0074944098437
-5.0115777,-5.0115777,0.0074944098437
-1.2323101,-1.2323101,0.0074944098437
0.0253143,0.0253143,0.0074944098437
-2.4441,-2.4441,0.0074944098437
0.0058758,0.0058758,0.0074944098437
-7.5305795,-7.5305795,0.0074944098437
-20.9746841,-10.0,0.0074944098437
0.7324224,0.7324224,0.0074944098437
3.9411397,3.9411397,0.0074944098437
3.9158258,3.9158258,0.0074944098437
-11.5542973,-10.0,0.0074944098437
1.9040112,1.9040112,0.0074944098437
3.9410069,3.9410069,0.0074944098437
3.9411378,3.9411378,0.0074944098437
2.1955092,2.1955092,0.0074944098437
3.9391233,3.9391233,0.0074944098437
3.6684314,3.6684314,0.0074944098437
3.9240149,3.9240149,0.0074944098437
-0.69306,-0.69306,0.0074944098437
-1.0957519,-1.0957519,0.0074944098437
2.6835157,2.6835157,0.0074944098437
3.9411401,3.9411401,0.0074944098437
1.4717258,1.4717258,0.0074944098437
3.9217016,3.9217016,0.0074944098437
-3.6147537,-3.6147537,0.0074944098437
-17.0588583,-10.0,0.0074944098437
12.2867197,10.0,0.0074944098437
15.495437,10.0,0.0074944098437
15.4701231,10.0,0.0074944098437
11.5542973,10.0,0.0074944098437
13.4583085,10.0,0.0074944098437
15.4953042,10.0,0.0074944098437
15.4954351,10.0,0.0074944098437
13.7498065,10.0,0.0074944098437
15.4934206,10.0,0.0074944098437
15.2227287,10.0,0.0074944098437
15.4783122,10.0,0.0074944098437
10.8612373,10.0,0.0074944098437
10.4585454,10.0,0.0074944098437
14.237813,10.0,0.0074944098437
15.4954374,10.0,0.0074944098437
13.0260231,10.0,0.0074944098437
15.4759989,10.0,0.0074944098437
7.9395436,7.9395436,0.0074944098437
-5.504561,-5.504561,0.0074944098437
-1.1715888,-1.1715888,0.0074944098437
2.0371285,2.0371285,0.0074944098437
2.0118146,2.0118146,0.0074944098437
-1.9040112,-1.9040112,0.0074944098437
-13.4583085,-10.0,0.0074944098437
2.0369957,2.0369957,0.0074944098437
2.0371266,2.0371266,0.0074944098437
0.291498,0.291498,0.0074944098437
2.0351121,2.0351121,0.0074944098437
1.7644202,1.7644202,0.0074944098437
2.0200037,2.0200037,0.0074944098437
-2.5970712,-2.5970712,0.0074944098437
-2.9997631,-2.9997631,0.0074944098437
0.7795045,0.7795045,0.0074944098437
2.0371289,2.0371289,0.0074944098437
-0.4322854,-0.4322854,0.0074944098437
2.0176904,2.0176904,0.0074944098437
-5.5187649,-5.5187649,0.0074944098437
-18.9628695,-10.0,0.0074944098437
-3.2085845,-3.2085845,0.0074944098437
0.000132800000003,0.000132800000003,0.0074944098437
-0.0251811,-0.0251811,0.0074944098437
-3.9410069,-3.9410069,0.0074944098437
-15.4953042,-10.0,0.0074944098437
-2.0369957,-2.0369957,0.0074944098437
0.000130900000002,0.000130900000002,0.0074944098437
-1.7454977,-1.7454977,0.0074944098437
-0.0018836,-0.0018836,0.0074944098437
-0.2725755,-0.2725755,0.0074944098437
-0.016992,-0.016992,0.0074944098437
-4.6340669,-4.6340669,0.0074944098437
-5.0367588,-5.0367588,0.0074944098437
-1.2574912,-1.2574912,0.0074944098437
0.0001332,0.0001332,0.0074944098437
-2.4692811,-2.4692811,0.0074944098437
-0.0193053,-0.0193053,0.0074944098437
-7.5557606,-7.5557606,0.0074944098437
-20.9998652,-10.0,0.0074944098437
-3.2087154,-3.2087154,0.0074944098437
1.90000000089e-06,1.90000000089e-06,0.0074944098437
-0.025312,-0.025312,0.0074944098437
-3.9411378,-3.9411378,0.0074944098437
-15.4954351,-10.0,0.0074944098437
-2.0371266,-2.0371266,0.0074944098437
-0.000130900000002,-0.000130900000002,0.0074944098437
-1.7456286,-1.7456286,0.0074944098437
-0.0020145,-0.0020145,0.0074944098437
-0.2727064,-0.2727064,0.0074944098437
-0.0171229,-0.0171229,0.0074944098437
-4.6341978,-4.6341978,0.0074944098437
-5.0368897,-5.0368897,0.0074944098437
-1.2576221,-1.2576221,0.0074944098437
2.29999999846e-06,2.29999999846e-06,0.0074944098437
-2.469412,-2.469412,0.0074944098437
-0.0194362,-0.0194362,0.0074944098437
-7.5558915,-7.5558915,0.0074944098437
-20.9999961,-10.0,0.0074944098437
-1.4630868,-1.4630868,0.0074944098437
1.7456305,1.7456305,0.0074944098437
1.7203166,1.7203166,0.0074944098437
-2.1955092,-2.1955092,0.0074944098437
-13.7498065,-10.0,0.0074944098437
-0.291498,-0.291498,0.0074944098437
1.7454977,1.7454977,0.0074944098437
1.7456286,1.7456286,0.0074944098437
1.7436141,1.7436141,0.0074944098437
1.4729222,1.4729222,0.0074944098437
1.7285057,1.7285057,0.0074944098437
-2.8885692,-2.8885692,0.0074944098437
-3.2912611,-3.2912611,0.0074944098437
0.4880065,0.4880065,0.0074944098437
1.7456309,1.7456309,0.0074944098437
-0.7237834,-0.7237834,0.0074944098437
1.7261924,1.7261924,0.0074944098437
-5.8102629,-5.8102629,0.0074944098437
-19.2543675,-10.0,0.0074944098437
-3.2067009,-3.2067009,0.0074944098437
0.0020164,0.0020164,0.0074944098437
-0.0232975,-0.0232975,0.0074944098437
-3.9391233,-3.9391233,0.0074944098437
-15.4934206,-10.0,0.0074944098437
-2.0351121,-2.0351121,0.0074944098437
0.0018836,0.0018836,0.0074944098437
0.0020145,0.0020145,0.0074944098437
-1.7436141,-1.7436141,0.0074944098437
-0.2706919,-0.2706919,0.0074944098437
-0.0151084,-0.0151084,0.0074944098437
-4.6321833,-4.6321833,0.0074944098437
-5.0348752,-5.0348752,0.0074944098437
-1.2556076,-1.2556076,0.0074944098437
0.0020168,0.0020168,0.0074944098437
-2.4673975,-2.4673975,0.0074944098437
-0.0174217,-0.0174217,0.0074944098437
-7.553877,-7.553877,0.0074944098437
-20.9979816,-10.0,0.0074944098437
-2.936009,-2.936009,0.0074944098437
0.2727083,0.2727083,0.0074944098437
0.2473944,0.2473944,0.0074944098437
-3.6684314,-3.6684314,0.0074944098437
-15.2227287,-10.0,0.0074944098437
-1.7644202,-1.7644202,0.0074944098437
0.2725755,0.2725755,0.0074944098437
0.2727064,0.2727064,0.0074944098437
-1.4729222,-1.4729222,0.0074944098437
0.2706919,0.2706919,0.0074944098437
0.2555835,0.2555835,0.0074944098437
-4.3614914,-4.3614914,0.0074944098437
-4.7641833,-4.7641833,0.0074944098437
-0.9849157,-0.9849157,0.0074944098437
0.2727087,0.2727087,0.0074944098437
-2.1967056,-2.1967056,0.0074944098437
0.2532702,0.2532702,0.0074944098437
-7.2831851,-7.2831851,0.0074944098437
-20.7272897,-10.0,0.0074944098437
-3.1915925,-3.1915925,0.0074944098437
0.0171248,0.0171248,0.0074944098437
-0.0081891,-0.0081891,0.0074944098437
-3.9240149,-3.9240149,0.0074944098437
-15.4783122,-10.0,0.0074944098437
-2.0200037,-2.0200037,0.0074944098437
0.016992,0.016992,0.0074944098437
0.0171229,0.0171229,0.0074944098437
-1.7285057,-1.7285057,0.0074944098437
0.0151084,0.0151084,0.0074944098437
-0.2555835,-0.2555835,0.0074944098437
-4.6170749,-4.6170749,0.0074944098437
-5.0197668,-5.0197668,0.0074944098437
-1.2404992,-1.2404992,0.0074944098437
0.0171252,0.0171252,0.0074944098437
-2.4522891,-2.4522891,0.0074944098437
-0.0023133,-0.0023133,0.0074944098437
-7.5387686,-7.5387686,0.0074944098437
-20.9828732,-10.0,0.0074944098437
1.4254824,1.4254824,0.0074944098437
4.6341997,4.6341997,0.0074944098437
4.6088858,4.6088858,0.0074944098437
0.69306,0.69306,0.0074944098437
-10.8612373,-10.0,0.0074944098437
2.5970712,2.5970712,0.0074944098437
4.6340669,4.6340669,0.0074944098437
4.6341978,4.6341978,0.0074944098437
2.8885692,2.8885692,0.0074944098437
4.6321833,4.6321833,0.0074944098437
4.3614914,4.3614914,0.0074944098437
4.6170749,4.6170749,0.0074944098437
-0.4026919,-0.4026919,0.0074944098437
3.3765757,3.3765757,0.0074944098437
4.6342001,4.6342001,0.0074944098437
2.1647858,2.1647858,0.0074944098437
4.6147616,4.6147616,0.0074944098437
-2.9216937,-2.9216937,0.0074944098437
-16.3657983,-10.0,0.0074944098437
1.8281743,1.8281743,0.0074944098437
5.0368916,5.0368916,0.0074944098437
5.0115777,5.0115777,0.0074944098437
1.0957519,1.0957519,0.0074944098437
-10.4585454,-10.0,0.0074944098437
2.9997631,2.9997631,0.0074944098437
5.0367588,5.0367588,0.0074944098437
5.0368897,5.0368897,0.0074944098437
3.2912611,3.2912611,0.0074944098437
5.0348752,5.0348752,0.0074944098437
4.7641833,4.7641833,0.0074944098437
5.0197668,5.0197668,0.0074944098437
0.4026919,0.4026919,0.0074944098437
3.7792676,3.7792676,0.0074944098437
5.036892,5.036892,0.0074944098437
2.5674777,2.5674777,0.0074944098437
5.0174535,5.0174535,0.0074944098437
-2.5190018,-2.5190018,0.0074944098437
-15.9631064,-10.0,0.0074944098437
-1.9510933,-1.9510933,0.0074944098437
1.257624,1.257624,0.0074944098437
1.2323101,1.2323101,0.0074944098437
-2.6835157,-2.6835157,0.0074944098437
-14.237813,-10.0,0.0074944098437
-0.7795045,-0.7795045,0.0074944098437
1.2574912,1.2574912,0.0074944098437
1.2576221,1.2576221,0.0074944098437
-0.4880065,-0.4880065,0.0074944098437
1.2556076,1.2556076,0.0074944098437
0.9849157,0.9849157,0.0074944098437
1.2404992,1.2404992,0.0074944098437
-3.3765757,-3.3765757,0.0074944098437
-3.7792676,-3.7792676,0.0074944098437
1.2576244,1.2576244,0.0074944098437
-1.2117899,-1.2117899,0.0074944098437
1.2381859,1.2381859,0.0074944098437
-6.2982694,-6.2982694,0.0074944098437
-19.742374,-10.0,0.0074944098437
-3.2087177,-3.2087177,0.0074944098437
-3.99999997569e-07,-3.99999997569e-07,0.0074944098437
-0.0253143,-0.0253143,0.0074944098437
-3.9411401,-3.9411401,0.0074944098437
-15.4954374,-10.0,0.0074944098437
-2.0371289,-2.0371289,0.0074944098437
-0.0001332,-0.0001332,0.0074944098437
-2.29999999846e-06,-2.29999999846e-06,0.0074944098437
-1.7456309,-1.7456309,0.0074944098437
-0.0020168,-0.0020168,0.0074944098437
-0.2727087,-0.2727087,0.0074944098437
-0.0171252,-0.0171252,0.0074944098437
-4.6342001,-4.6342001,0.0074944098437
-5.036892,-5.036892,0.0074944098437
-1.2576244,-1.2576244,0.0074944098437
-2.4694143,-2.4694143,0.0074944098437
-0.0194385,-0.0194385,0.0074944098437
-7.5558938,-7.5558938,0.0074944098437
-20.9999984,-10.0,0.0074944098437
-0.7393034,-0.7393034,0.0074944098437
2.4694139,2.4694139,0.0074944098437
2.4441,2.4441,0.0074944098437
-1.4717258,-1.4717258,0.0074944098437
-13.0260231,-10.0,0.0074944098437
0.4322854,0.4322854,0.0074944098437
2.4692811,2.4692811,0.0074944098437
2.469412,2.469412,0.0074944098437
0.7237834,0.7237834,0.0074944098437
2.4673975,2.4673975,0.0074944098437
2.1967056,2.1967056,0.0074944098437
2.4522891,2.4522891,0.0074944098437
-2.1647858,-2.1647858,0.0074944098437
-2.5674777,-2.5674777,0.0074944098437
1.2117899,1.2117899,0.0074944098437
2.4694143,2.4694143,0.0074944098437
2.4499758,2.4499758,0.0074944098437
-5.0864795,-5.0864795,0.0074944098437
-18.5305841,-10.0,0.0074944098437
-3.1892792,-3.1892792,0.0074944098437
0.0194381,0.0194381,0.0074944098437
-0.0058758,-0.0058758,0.0074944098437
-3.9217016,-3.9217016,0.0074944098437
-15.4759989,-10.0,0.0074944098437
-2.0176904,-2.0176904,0.0074944098437
0.0193053,0.0193053,0.0074944098437
0.0194362,0.0194362,0.0074944098437
-1.7261924,-1.7261924,0.0074944098437
0.0174217,0.0174217,0.0074944098437
-0.2532702,-0.2532702,0.0074944098437
0.0023133,0.0023133,0.0074944098437
-4.6147616,-4.6147616,0.0074944098437
-5.0174535,-5.0174535,0.0074944098437
-1.2381859,-1.2381859,0.0074944098437
0.0194385,0.0194385,0.0074944098437
-2.4499758,-2.4499758,0.0074944098437
-7.5364553,-7.5364553,0.0074944098437
-20.9805599,-10.0,0.0074944098437
4.3471761,4.3471761,0.0074944098437
7.5558934,7.5558934,0.0074944098437
7.5305795,7.5305795,0.0074944098437
3.6147537,3.6147537,0.0074944098437
-7.9395436,-7.9395436,0.0074944098437
5.5187649,5.5187649,0.0074944098437
7.5557606,7.5557606,0.0074944098437
7.5558915,7.5558915,0.0074944098437
5.8102629,5.8102629,0.0074944098437
7.553877,7.553877,0.0074944098437
7.2831851,7.2831851,0.0074944098437
7.5387686,7.5387686,0.0074944098437
2.9216937,2.9216937,0.0074944098437
2.5190018,2.5190018,0.0074944098437
6.2982694,6.2982694,0.0074944098437
7.5558938,7.5558938,0.0074944098437
5.0864795,5.0864795,0.0074944098437
7.5364553,7.5364553,0.0074944098437
-13.4441046,-10.0,0.0074944098437
17.7912807,10.0,0.0074944098437
20.999998,10.0,0.0074944098437
20.9746841,10.0,0.0074944098437
17.0588583,10.0,0.0074944098437
5.504561,5.504561,0.0074944098437
18.9628695,10.0,0.0074944098437
20.9998652,10.0,0.0074944098437
20.9999961,10.0,0.0074944098437
19.2543675,10.0,0.0074944098437
20.9979816,10.0,0.0074944098437
20.7272897,10.0,0.0074944098437
20.9828732,10.0,0.0074944098437
16.3657983,10.0,0.0074944098437
15.9631064,10.0,0.0074944098437
19.742374,10.0,0.0074944098437
20.9999984,10.0,0.0074944098437
18.5305841,10.0,0.0074944098437
20.9805599,10.0,0.0074944098437
13.4441046,10.0,0.0074944098437
-7.5393151,-7.5393151,0.236648087259
8.0723569,8.0723569,0.236648087259
2.4565949,2.4565949,0.236648087259
-12.1892328,-10.0,0.236648087259
7.2118231,7.2118231,0.236648087259
-4.3016626,-4.3016626,0.236648087259
7.2372154,7.2372154,0.236648087259
1.0538146,1.0538146,0.236648087259
-10.8567665,-10.0,0.236648087259
8.0762045,8.0762045,0.236648087259
7.0728529,7.0728529,0.236648087259
8.0433063,8.0433063,0.236648087259
8.0762038,8.0762038,0.236648087259
7.3033946,7.3033946,0.236648087259
8.0762053,8.0762053,0.236648087259
7.1309387,7.1309387,0.236648087259
7.0479491,7.0479491,0.236648087259
8.0761745,8.0761745,0.236648087259
-12.9237945,-10.0,0.236648087259
7.5393151,7.5393151,0.236648087259
15.611672,10.0,0.236648087259
9.99591,9.99591,0.236648087259
-4.6499177,-4.6499177,0.236648087259
14.7511382,10.0,0.236648087259
3.2376525,3.2376525,0.236648087259
14.7765305,10.0,0.236648087259
8.5931297,8.5931297,0.236648087259
-3.3174514,-3.3174514,0.236648087259
15.6155196,10.0,0.236648087259
14.612168,10.0,0.236648087259
15.5826214,10.0,0.236648087259
15.6155189,10.0,0.236648087259
14.8427097,10.0,0.236648087259
15.6155204,10.0,0.236648087259
14.6702538,10.0,0.236648087259
14.5872642,10.0,0.236648087259
15.6154896,10.0,0.236648087259
-5.3844794,-5.3844794,0.236648087259
-8.0723569,-8.0723569,0.236648087259
-15.611672,-10.0,0.236648087259
-5.615762,-5.615762,0.236648087259
-20.2615897,-10.0,0.236648087259
-0.8605338,-0.8605338,0.236648087259
-12.3740195,-10.0,0.236648087259
-0.8351415,-0.8351415,0.236648087259
-7.0185423,-7.0185423,0.236648087259
-18.9291234,-10.0,0.236648087259
0.0038476,0.0038476,0.236648087259
-0.999504,-0.999504,0.236648087259
-0.0290506,-0.0290506,0.236648087259
0.0038469,0.0038469,0.236648087259
-0.7689623,-0.7689623,0.236648087259
0.0038484,0.0038484,0.236648087259
-0.9414182,-0.9414182,0.236648087259
-1.0244078,-1.0244078,0.236648087259
0.0038176,0.0038176,0.236648087259
-20.9961514,-10.0,0.236648087259
-2.4565949,-2.4565949,0.236648087259
-9.99591,-9.99591,0.236648087259
5.615762,5.615762,0.236648087259
-14.6458277,-10.0,0.236648087259
4.7552282,4.7552282,0.236648087259
-6.7582575,-6.7582575,0.236648087259
4.7806205,4.7806205,0.236648087259
-1.4027803,-1.4027803,0.236648087259
-13.3133614,-10.0,0.236648087259
5.6196096,5.6196096,0.236648087259
4.616258,4.616258,0.236648087259
5.5867114,5.5867114,0.236648087259
5.6196089,5.6196089,0.236648087259
4.8467997,4.8467997,0.236648087259
5.6196104,5.6196104,0.236648087259
4.6743438,4.6743438,0.236648087259
4.5913542,4.5913542,0.236648087259
5.6195796,5.6195796,0.236648087259
-15.3803894,-10.0,0.236648087259
12.1892328,10.0,0.236648087259
4.6499177,4.6499177,0.236648087259
20.2615897,10.0,0.236648087259
14.6458277,10.0,0.236648087259
19.4010559,10.0,0.236648087259
7.8875702,7.8875702,0.236648087259
19.4264482,10.0,0.236648087259
13.2430474,10.0,0.236648087259
1.3324663,1.3324663,0.236648087259
20.2654373,10.0,0.236648087259
19.2620857,10.0,0.236648087259
20.2325391,10.0,0.236648087259
20.2654366,10.0,0.236648087259
19.4926274,10.0,0.236648087259
20.2654381,10.0,0.236648087259
19.3201715,10.0,0.236648087259
19.2371819,10.0,0.236648087259
20.2654073,10.0,0.236648087259
-0.7345617,-0.7345617,0.236648087259
-7.2118231,-7.2118231,0.236648087259
-14.7511382,-10.0,0.236648087259
0.8605338,0.8605338,0.236648087259
-4.7552282,-4.7552282,0.236648087259
-19.4010559,-10.0,0.236648087259
-11.5134857,-10.0,0.236648087259
0.0253923,0.0253923,0.236648087259
-6.1580085,-6.1580085,0.236648087259
-18.0685896,-10.0,0.236648087259
0.8643814,0.8643814,0.236648087259
-0.1389702,-0.1389702,0.236648087259
0.8314832,0.8314832,0.236648087259
0.8643807,0.8643807,0.236648087259
0.0915715,0.0915715,0.236648087259
0.8643822,0.8643822,0.236648087259
-0.0808844,-0.0808844,0.236648087259
-0.163874,-0.163874,0.236648087259
0.8643514,0.8643514,0.236648087259
-20.1356176,-10.0,0.236648087259
4.3016626,4.3016626,0.236648087259
-3.2376525,-3.2376525,0.236648087259
12.3740195,10.0,0.236648087259
6.7582575,6.7582575,0.236648087259
-7.8875702,-7.8875702,0.236648087259
11.5134857,10.0,0.236648087259
11.538878,10.0,0.236648087259
5.3554772,5.3554772,0.236648087259
-6.5551039,-6.5551039,0.236648087259
12.3778671,10.0,0.236648087259
11.3745155,10.0,0.236648087259
12.3449689,10.0,0.236648087259
12.3778664,10.0,0.236648087259
11.6050572,10.0,0.236648087259
12.3778679,10.0,0.236648087259
11.4326013,10.0,0.236648087259
11.3496117,10.0,0.236648087259
12.3778371,10.0,0.236648087259
-8.6221319,-8.6221319,0.236648087259
-7.2372154,-7.2372154,0.236648087259
-14.7765305,-10.0,0.236648087259
0.8351415,0.8351415,0.236648087259
-4.7806205,-4.7806205,0.236648087259
-19.4264482,-10.0,0.236648087259
-0.0253923,-0.0253923,0.236648087259
-11.538878,-10.0,0.236648087259
-6.1834008,-6.1834008,0.236648087259
-18.0939819,-10.0,0.236648087259
0.8389891,0.8389891,0.236648087259
-0.1643625,-0.1643625,0.236648087259
0.8060909,0.8060909,0.236648087259
0.8389884,0.8389884,0.236648087259
0.0661792,0.0661792,0.236648087259
0.8389899,0.8389899,0.236648087259
-0.1062767,-0.1062767,0.236648087259
-0.1892663,-0.1892663,0.236648087259
0.8389591,0.8389591,0.236648087259
-20.1610099,-10.0,0.236648087259
-1.0538146,-1.0538146,0.236648087259
-8.5931297,-8.5931297,0.236648087259
7.0185423,7.0185423,0.236648087259
1.4027803,1.4027803,0.236648087259
-13.2430474,-10.0,0.236648087259
6.1580085,6.1580085,0.236648087259
-5.3554772,-5.3554772,0.236648087259
6.1834008,6.1834008,0.236648087259
-11.9105811,-10.0,0.236648087259
7.0223899,7.0223899,0.236648087259
6.0190383,6.0190383,0.236648087259
6.9894917,6.9894917,0.236648087259
7.0223892,7.0223892,0.236648087259
6.24958,6.24958,0.236648087259
7.0223907,7.0223907,0.236648087259
6.0771241,6.0771241,0.236648087259
5.9941345,5.9941345,0.236648087259
7.0223599,7.0223599,0.236648087259
-13.9776091,-10.0,0.236648087259
10.8567665,10.0,0.236648087259
3.3174514,3.3174514,0.236648087259
18.9291234,10.0,0.236648087259
13.3133614,10.0,0.236648087259
-1.3324663,-1.3324663,0.236648087259
18.0685896,10.0,0.236648087259
6.5551039,6.5551039,0.236648087259
18.0939819,10.0,0.236648087259
11.9105811,10.0,0.236648087259
18.932971,10.0,0.236648087259
17.9296194,10.0,0.236648087259
18.9000728,10.0,0.236648087259
18.9329703,10.0,0.236648087259
18.1601611,10.0,0.236648087259
18.9329718,10.0,0.236648087259
17.9877052,10.0,0.236648087259
17.9047156,10.0,0.236648087259
18.932941,10.0,0.236648087259
-2.067028,-2.067028,0.236648087259
-8.0762045,-8.0762045,0.236648087259
-15.6155196,-10.0,0.236648087259
-0.0038476,-0.0038476,0.236648087259
-5.6196096,-5.6196096,0.236648087259
-20.2654373,-10.0,0.236648087259
-0.8643814,-0.8643814,0.236648087259
-12.3778671,-10.0,0.236648087259
-0.8389891,-0.8389891,0.236648087259
-7.0223899,-7.0223899,0.236648087259
-18.932971,-10.0,0.236648087259
-1.0033516,-1.0033516,0.236648087259
-0.0328982,-0.0328982,0.236648087259
-6.99999997522e-07,-6.99999997522e-07,0.236648087259
-0.7728099,-0.7728099,0.236648087259
8.00000002243e-07,8.00000002243e-07,0.236648087259
-0.9452658,-0.9452658,0.236648087259
-1.0282554,-1.0282554,0.236648087259
-2.99999999989e-05,-2.99999999989e-05,0.236648087259
-20.999999,-10.0,0.236648087259
-7.0728529,-7.0728529,0.236648087259
-14.612168,-10.0,0.236648087259
0.999504,0.999504,0.236648087259
-4.616258,-4.616258,0.236648087259
-19.2620857,-10.0,0.236648087259
0.1389702,0.1389702,0.236648087259
-11.3745155,-10.0,0.236648087259
0.1643625,0.1643625,0.236648087259
-6.0190383,-6.0190383,0.236648087259
-17.9296194,-10.0,0.236648087259
1.0033516,1.0033516,0.236648087259
0.9704534,0.9704534,0.236648087259
1.0033509,1.0033509,0.236648087259
0.2305417,0.2305417,0.236648087259
1.0033524,1.0033524,0.236648087259
0.0580858,0.0580858,0.236648087259
-0.0249038,-0.0249038,0.236648087259
1.0033216,1.0033216,0.236648087259
-19.9966474,-10.0,0.236648087259
-8.0433063,-8.0433063,0.236648087259
-15.5826214,-10.0,0.236648087259
0.0290506,0.0290506,0.236648087259
-5.5867114,-5.5867114,0.236648087259
-20.2325391,-10.0,0.236648087259
-0.8314832,-0.8314832,0.236648087259
-12.3449689,-10.0,0.236648087259
-0.8060909,-0.8060909,0.236648087259
-6.9894917,-6.9894917,0.236648087259
-18.9000728,-10.0,0.236648087259
0.0328982,0.0328982,0.236648087259
-0.9704534,-0.9704534,0.236648087259
0.0328975,0.0328975,0.236648087259
-0.7399117,-0.7399117,0.236648087259
0.032899,0.032899,0.236648087259
-0.9123676,-0.9123676,0.236648087259
-0.9953572,-0.9953572,0.236648087259
0.0328682,0.0328682,0.236648087259
-20.9671008,-10.0,0.236648087259
-8.0762038,-8.0762038,0.236648087259
-15.6155189,-10.0,0.236648087259
-0.0038469,-0.0038469,0.236648087259
-5.6196089,-5.6196089,0.236648087259
-20.2654366,-10.0,0.236648087259
-0.8643807,-0.8643807,0.236648087259
-12.3778664,-10.0,0.236648087259
-0.8389884,-0.8389884,0.236648087259
-7.0223892,-7.0223892,0.236648087259
-18.9329703,-10.0,0.236648087259
6.99999997522e-07,6.99999997522e-07,0.236648087259
-1.0033509,-1.0033509,0.236648087259
-0.0328975,-0.0328975,0.236648087259
-0.7728092,-0.7728092,0.236648087259
1.49999999977e-06,1.49999999977e-06,0.236648087259
-0.9452651,-0.9452651,0.236648087259
-1.0282547,-1.0282547,0.236648087259
-2.93000000013e-05,-2.93000000013e-05,0.236648087259
-20.9999983,-10.0,0.236648087259
-7.3033946,-7.3033946,0.236648087259
-14.8427097,-10.0,0.236648087259
0.7689623,0.7689623,0.236648087259
-4.8467997,-4.8467997,0.236648087259
-19.4926274,-10.0,0.236648087259
-0.0915715,-0.0915715,0.236648087259
-11.6050572,-10.0,0.236648087259
-0.0661792,-0.0661792,0.236648087259
-6.24958,-6.24958,0.236648087259
-18.1601611,-10.0,0.236648087259
0.7728099,0.7728099,0.236648087259
-0.2305417,-0.2305417,0.236648087259
0.7399117,0.7399117,0.236648087259
0.7728092,0.7728092,0.236648087259
0.7728107,0.7728107,0.236648087259
-0.1724559,-0.1724559,0.236648087259
-0.2554455,-0.2554455,0.236648087259
0.7727799,0.7727799,0.236648087259
-20.2271891,-10.0,0.236648087259
-8.0762053,-8.0762053,0.236648087259
-15.6155204,-10.0,0.236648087259
-0.0038484,-0.0038484,0.236648087259
-5.6196104,-5.6196104,0.236648087259
-20.2654381,-10.0,0.236648087259
-0.8643822,-0.8643822,0.236648087259
-12.3778679,-10.0,0.236648087259
-0.8389899,-0.8389899,0.236648087259
-7.0223907,-7.0223907,0.236648087259
-18.9329718,-10.0,0.236648087259
-8.00000002243e-07,-8.00000002243e-07,0.236648087259
-1.0033524,-1.0033524,0.236648087259
-0.032899,-0.032899,0.236648087259
-1.49999999977e-06,-1.49999999977e-06,0.236648087259
-0.7728107,-0.7728107,0.236648087259
-0.9452666,-0.9452666,0.236648087259
-1.0282562,-1.0282562,0.236648087259
-3.08000000011e-05,-3.08000000011e-05,0.236648087259
-20.9999998,-10.0,0.236648087259
-7.1309387,-7.1309387,0.236648087259
-14.6702538,-10.0,0.236648087259
0.9414182,0.9414182,0.236648087259
-4.6743438,-4.6743438,0.236648087259
-19.3201715,-10.0,0.236648087259
0.0808844,0.0808844,0.236648087259
-11.4326013,-10.0,0.236648087259
0.1062767,0.1062767,0.236648087259
-6.0771241,-6.0771241,0.236648087259
-17.9877052,-10.0,0.236648087259
0.9452658,0.9452658,0.236648087259
-0.0580858,-0.0580858,0.236648087259
0.9123676,0.9123676,0.236648087259
0.9452651,0.9452651,0.236648087259
0.1724559,0.1724559,0.236648087259
0.9452666,0.9452666,0.236648087259
-0.0829896,-0.0829896,0.236648087259
0.9452358,0.9452358,0.236648087259
-20.0547332,-10.0,0.236648087259
-7.0479491,-7.0479491,0.236648087259
-14.5872642,-10.0,0.236648087259
1.0244078,1.0244078,0.236648087259
-4.5913542,-4.5913542,0.236648087259
-19.2371819,-10.0,0.236648087259
0.163874,0.163874,0.236648087259
-11.3496117,-10.0,0.236648087259
0.1892663,0.1892663,0.236648087259
-5.9941345,-5.9941345,0.236648087259
-17.9047156,-10.0,0.236648087259
1.0282554,1.0282554,0.236648087259
0.0249038,0.0249038,0.236648087259
0.9953572,0.9953572,0.236648087259
1.0282547,1.0282547,0.236648087259
0.2554455,0.2554455,0.236648087259
1.0282562,1.0282562,0.236648087259
0.0829896,0.0829896,0.236648087259
1.0282254,1.0282254,0.236648087259
-19.9717436,-10.0,0.236648087259
-8.0761745,-8.0761745,0.236648087259
-15.6154896,-10.0,0.236648087259
-0.0038176,-0.0038176,0.236648087259
-5.6195796,-5.6195796,0.236648087259
-20.2654073,-10.0,0.236648087259
-0.8643514,-0.8643514,0.236648087259
-12.3778371,-10.0,0.236648087259
-0.8389591,-0.8389591,0.236648087259
-7.0223599,-7.0223599,0.236648087259
-18.932941,-10.0,0.236648087259
2.99999999989e-05,2.99999999989e-05,0.236648087259
-1.0033216,-1.0033216,0.236648087259
-0.0328682,-0.0328682,0.236648087259
2.93000000013e-05,2.93000000013e-05,0.236648087259
-0.7727799,-0.7727799,0.236648087259
3.08000000011e-05,3.08000000011e-05,0.236648087259
-0.9452358,-0.9452358,0.236648087259
-1.0282254,-1.0282254,0.236648087259
-20.999969,-10.0,0.236648087259
12.9237945,10.0,0.236648087259
5.3844794,5.3844794,0.236648087259
20.9961514,10.0,0.236648087259
15.3803894,10.0,0.236648087259
0.7345617,0.7345617,0.236648087259
20.1356176,10.0,0.236648087259
8.6221319,8.6221319,0.236648087259
20.1610099,10.0,0.236648087259
13.9776091,10.0,0.236648087259
2.067028,2.067028,0.236648087259
20.999999,10.0,0.236648087259
19.9966474,10.0,0.236648087259
20.9671008,10.0,0.236648087259
20.9999983,10.0,0.236648087259
20.2271891,10.0,0.236648087259
20.9999998,10.0,0.236648087259
20.0547332,10.0,0.236648087259
19.9717436,10.0,0.236648087259
20.999969,10.0,0.236648087259
-1.2295774,-1.2295774,0.603911654523
0.9348852,0.9348852,0.603911654523
-0.6164362,-0.6164362,0.603911654523
0.0566421,0.0566421,0.603911654523
20.3835638,10.0,0.603911654523
2.9694623,2.9694623,0.603911654523
1.4175574,1.4175574,0.603911654523
1.1722072,1.1722072,0.603911654523
1.2757886,1.2757886,0.603911654523
2.4343311,2.4343311,0.603911654523
0.8110085,0.8110085,0.603911654523
18.5809267,10.0,0.603911654523
18.7090962,10.0,0.603911654523
17.0138154,10.0,0.603911654523
0.1571754,0.1571754,0.603911654523
1.1846117,1.1846117,0.603911654523
-0.0591554,-0.0591554,0.603911654523
11.9018717,10.0,0.603911654523
0.5041817,0.5041817,0.603911654523
1.2295774,1.2295774,0.603911654523
2.1644626,2.1644626,0.603911654523
0.6131412,0.6131412,0.603911654523
1.2862195,1.2862195,0.603911654523
21.6131412,10.0,0.603911654523
4.1990397,4.1990397,0.603911654523
2.6471348,2.6471348,0.603911654523
2.4017846,2.4017846,0.603911654523
2.505366,2.505366,0.603911654523
3.6639085,3.6639085,0.603911654523
2.0405859,2.0405859,0.603911654523
19.8105041,10.0,0.603911654523
19.9386736,10.0,0.603911654523
18.2433928,10.0,0.603911654523
1.3867528,1.3867528,0.603911654523
2.4141891,2.4141891,0.603911654523
1.170422,1.170422,0.603911654523
13.1314491,10.0,0.603911654523
1.7337591,1.7337591,0.603911654523
-0.9348852,-0.9348852,0.603911654523
-2.1644626,-2.1644626,0.603911654523
-1.5513214,-1.5513214,0.603911654523
-0.8782431,-0.8782431,0.603911654523
19.4486786,10.0,0.603911654523
2.0345771,2.0345771,0.603911654523
0.4826722,0.4826722,0.603911654523
0.237322,0.237322,0.603911654523
0.3409034,0.3409034,0.603911654523
1.4994459,1.4994459,0.603911654523
-0.1238767,-0.1238767,0.603911654523
17.6460415,10.0,0.603911654523
17.774211,10.0,0.603911654523
16.0789302,10.0,0.603911654523
-0.7777098,-0.7777098,0.603911654523
0.2497265,0.2497265,0.603911654523
-0.9940406,-0.9940406,0.603911654523
10.9669865,10.0,0.603911654523
-0.4307035,-0.4307035,0.603911654523
0.6164362,0.6164362,0.603911654523
-0.6131412,-0.6131412,0.603911654523
1.5513214,1.5513214,0.603911654523
0.6730783,0.6730783,0.603911654523
21.0,10.0,0.603911654523
3.5858985,3.5858985,0.603911654523
2.0339936,2.0339936,0.603911654523
1.7886434,1.7886434,0.603911654523
1.8922248,1.8922248,0.603911654523
3.0507673,3.0507673,0.603911654523
1.4274447,1.4274447,0.603911654523
19.1973629,10.0,0.603911654523
19.3255324,10.0,0.603911654523
17.6302516,10.0,0.603911654523
0.7736116,0.7736116,0.603911654523
1.8010479,1.8010479,0.603911654523
0.5572808,0.5572808,0.603911654523
12.5183079,10.0,0.603911654523
1.1206179,1.1206179,0.603911654523
-0.0566421,-0.0566421,0.603911654523
-1.2862195,-1.2862195,0.603911654523
0.8782431,0.8782431,0.603911654523
-0.6730783,-0.6730783,0.603911654523
20.3269217,10.0,0.603911654523
2.9128202,2.9128202,0.603911654523
1.3609153,1.3609153,0.603911654523
1.1155651,1.1155651,0.603911654523
1.2191465,1.2191465,0.603911654523
2.377689,2.377689,0.603911654523
0.7543664,0.7543664,0.603911654523
18.5242846,10.0,0.603911654523
18.6524541,10.0,0.603911654523
16.9571733,10.0,0.603911654523
0.1005333,0.1005333,0.603911654523
1.1279696,1.1279696,0.603911654523
-0.1157975,-0.1157975,0.603911654523
11.8452296,10.0,0.603911654523
0.4475396,0.4475396,0.603911654523
-20.3835638,-10.0,0.603911654523
-21.6131412,-10.0,0.603911654523
-19.4486786,-10.0,0.603911654523
-21.0,-10.0,0.603911654523
-20.3269217,-10.0,0.603911654523
-17.4141015,-10.0,0.603911654523
-18.9660064,-10.0,0.603911654523
-19.2113566,-10.0,0.603911654523
-19.1077752,-10.0,0.603911654523
-17.9492327,-10.0,0.603911654523
-19.5725553,-10.0,0.603911654523
-1.8026371,-1.8026371,0.603911654523
-1.6744676,-1.6744676,0.603911654523
-3.3697484,-3.3697484,0.603911654523
-20.2263884,-10.0,0.603911654523
-19.1989521,-10.0,0.603911654523
-20.4427192,-10.0,0.603911654523
-8.4816921,-8.4816921,0.603911654523
-19.8793821,-10.0,0.603911654523
-2.9694623,-2.9694623,0.603911654523
-4.1990397,-4.1990397,0.603911654523
-2.0345771,-2.0345771,0.603911654523
-3.5858985,-3.5858985,0.603911654523
-2.9128202,-2.9128202,0.603911654523
17.4141015,10.0,0.603911654523
-1.5519049,-1.5519049,0.603911654523
-1.7972551,-1.7972551,0.603911654523
-1.6936737,-1.6936737,0.603911654523
-0.5351312,-0.5351312,0.603911654523
-2.1584538,-2.1584538,0.603911654523
15.6114644,10.0,0.603911654523
15.7396339,10.0,0.603911654523
14.0443531,10.0,0.603911654523
-2.8122869,-2.8122869,0.603911654523
-1.7848506,-1.7848506,0.603911654523
-3.0286177,-3.0286177,0.603911654523
8.9324094,8.9324094,0.603911654523
-2.4652806,-2.4652806,0.603911654523
-1.4175574,-1.4175574,0.603911654523
-2.6471348,-2.6471348,0.603911654523
-0.4826722,-0.4826722,0.603911654523
-2.0339936,-2.0339936,0.603911654523
-1.3609153,-1.3609153,0.603911654523
18.9660064,10.0,0.603911654523
1.5519049,1.5519049,0.603911654523
-0.2453502,-0.2453502,0.603911654523
-0.1417688,-0.1417688,0.603911654523
1.0167737,1.0167737,0.603911654523
-0.6065489,-0.6065489,0.603911654523
17.1633693,10.0,0.603911654523
17.2915388,10.0,0.603911654523
15.596258,10.0,0.603911654523
-1.260382,-1.260382,0.603911654523
-0.2329457,-0.2329457,0.603911654523
-1.4767128,-1.4767128,0.603911654523
10.4843143,10.0,0.603911654523
-0.9133757,-0.9133757,0.603911654523
-1.1722072,-1.1722072,0.603911654523
-2.4017846,-2.4017846,0.603911654523
-0.237322,-0.237322,0.603911654523
-1.7886434,-1.7886434,0.603911654523
-1.1155651,-1.1155651,0.603911654523
19.2113566,10.0,0.603911654523
1.7972551,1.7972551,0.603911654523
0.2453502,0.2453502,0.603911654523
0.1035814,0.1035814,0.603911654523
1.2621239,1.2621239,0.603911654523
-0.3611987,-0.3611987,0.603911654523
17.4087195,10.0,0.603911654523
17.536889,10.0,0.603911654523
15.8416082,10.0,0.603911654523
-1.0150318,-1.0150318,0.603911654523
0.0124045,0.0124045,0.603911654523
-1.2313626,-1.2313626,0.603911654523
10.7296645,10.0,0.603911654523
-0.6680255,-0.6680255,0.603911654523
-1.2757886,-1.2757886,0.603911654523
-2.505366,-2.505366,0.603911654523
-0.3409034,-0.3409034,0.603911654523
-1.8922248,-1.8922248,0.603911654523
-1.2191465,-1.2191465,0.603911654523
19.1077752,10.0,0.603911654523
1.6936737,1.6936737,0.603911654523
0.1417688,0.1417688,0.603911654523
-0.1035814,-0.1035814,0.603911654523
1.1585425,1.1585425,0.603911654523
-0.4647801,-0.4647801,0.603911654523
17.3051381,10.0,0.603911654523
17.4333076,10.0,0.603911654523
15.7380268,10.0,0.603911654523
-1.1186132,-1.1186132,0.603911654523
-0.0911769,-0.0911769,0.603911654523
-1.334944,-1.334944,0.603911654523
10.6260831,10.0,0.603911654523
-0.7716069,-0.7716069,0.603911654523
-2.4343311,-2.4343311,0.603911654523
-3.6639085,-3.6639085,0.603911654523
-1.4994459,-1.4994459,0.603911654523
-3.0507673,-3.0507673,0.603911654523
-2.377689,-2.377689,0.603911654523
17.9492327,10.0,0.603911654523
0.5351312,0.5351312,0.603911654523
-1.0167737,-1.0167737,0.603911654523
-1.2621239,-1.2621239,0.603911654523
-1.1585425,-1.1585425,0.603911654523
-1.6233226,-1.6233226,0.603911654523
16.1465956,10.0,0.603911654523
16.2747651,10.0,0.603911654523
14.5794843,10.0,0.603911654523
-2.2771557,-2.2771557,0.603911654523
-1.2497194,-1.2497194,0.603911654523
-2.4934865,-2.4934865,0.603911654523
9.4675406,9.4675406,0.603911654523
-1.9301494,-1.9301494,0.603911654523
-0.8110085,-0.8110085,0.603911654523
-2.0405859,-2.0405859,0.603911654523
0.1238767,0.1238767,0.603911654523
-1.4274447,-1.4274447,0.603911654523
-0.7543664,-0.7543664,0.603911654523
19.5725553,10.0,0.603911654523
2.1584538,2.1584538,0.603911654523
0.6065489,0.6065489,0.603911654523
0.3611987,0.3611987,0.603911654523
0.4647801,0.4647801,0.603911654523
1.6233226,1.6233226,0.603911654523
17.7699182,10.0,0.603911654523
17.8980877,10.0,0.603911654523
16.2028069,10.0,0.603911654523
-0.6538331,-0.6538331,0.603911654523
0.3736032,0.3736032,0.603911654523
-0.8701639,-0.8701639,0.603911654523
11.0908632,10.0,0.603911654523
-0.3068268,-0.3068268,0.603911654523
-18.5809267,-10.0,0.603911654523
-19.8105041,-10.0,0.603911654523
-17.6460415,-10.0,0.603911654523
-19.1973629,-10.0,0.603911654523
-18.5242846,-10.0,0.603911654523
1.8026371,1.8026371,0.603911654523
-15.6114644,-10.0,0.603911654523
-17.1633693,-10.0,0.603911654523
-17.4087195,-10.0,0.603911654523
-17.3051381,-10.0,0.603911654523
-16.1465956,-10.0,0.603911654523
-17.7699182,-10.0,0.603911654523
0.1281695,0.1281695,0.603911654523
-1.5671113,-1.5671113,0.603911654523
-18.4237513,-10.0,0.603911654523
-17.396315,-10.0,0.603911654523
-18.6400821,-10.0,0.603911654523
-6.679055,-6.679055,0.603911654523
-18.076745,-10.0,0.603911654523
-18.7090962,-10.0,0.603911654523
-19.9386736,-10.0,0.603911654523
-17.774211,-10.0,0.603911654523
-19.3255324,-10.0,0.603911654523
-18.6524541,-10.0,0.603911654523
1.6744676,1.6744676,0.603911654523
-15.7396339,-10.0,0.603911654523
-17.2915388,-10.0,0.603911654523
-17.536889,-10.0,0.603911654523
-17.4333076,-10.0,0.603911654523
-16.2747651,-10.0,0.603911654523
-17.8980877,-10.0,0.603911654523
-0.1281695,-0.1281695,0.603911654523
-1.6952808,-1.6952808,0.603911654523
-18.5519208,-10.0,0.603911654523
-17.5244845,-10.0,0.603911654523
-18.7682516,-10.0,0.603911654523
-6.8072245,-6.8072245,0.603911654523
-18.2049145,-10.0,0.603911654523
-17.0138154,-10.0,0.603911654523
-18.2433928,-10.0,0.603911654523
-16.0789302,-10.0,0.603911654523
-17.6302516,-10.0,0.603911654523
-16.9571733,-10.0,0.603911654523
3.3697484,3.3697484,0.603911654523
-14.0443531,-10.0,0.603911654523
-15.596258,-10.0,0.603911654523
-15.8416082,-10.0,0.603911654523
-15.7380268,-10.0,0.603911654523
-14.5794843,-10.0,0.603911654523
-16.2028069,-10.0,0.603911654523
1.5671113,1.5671113,0.603911654523
1.6952808,1.6952808,0.603911654523
-16.85664,-10.0,0.603911654523
-15.8292037,-10.0,0.603911654523
-17.0729708,-10.0,0.603911654523
-5.1119437,-5.1119437,0.603911654523
-16.5096337,-10.0,0.603911654523
-0.1571754,-0.1571754,0.603911654523
-1.3867528,-1.3867528,0.603911654523
0.7777098,0.7777098,0.603911654523
-0.7736116,-0.7736116,0.603911654523
-0.1005333,-0.1005333,0.603911654523
20.2263884,10.0,0.603911654523
2.8122869,2.8122869,0.603911654523
1.260382,1.260382,0.603911654523
1.0150318,1.0150318,0.603911654523
1.1186132,1.1186132,0.603911654523
2.2771557,2.2771557,0.603911654523
0.6538331,0.6538331,0.603911654523
18.4237513,10.0,0.603911654523
18.5519208,10.0,0.603911654523
16.85664,10.0,0.603911654523
1.0274363,1.0274363,0.603911654523
-0.2163308,-0.2163308,0.603911654523
11.7446963,10.0,0.603911654523
0.3470063,0.3470063,0.603911654523
-1.1846117,-1.1846117,0.603911654523
-2.4141891,-2.4141891,0.603911654523
-0.2497265,-0.2497265,0.603911654523
-1.8010479,-1.8010479,0.603911654523
-1.1279696,-1.1279696,0.603911654523
19.1989521,10.0,0.603911654523
1.7848506,1.7848506,0.603911654523
0.2329457,0.2329457,0.603911654523
-0.0124045,-0.0124045,0.603911654523
0.0911769,0.0911769,0.603911654523
1.2497194,1.2497194,0.603911654523
-0.3736032,-0.3736032,0.603911654523
17.396315,10.0,0.603911654523
17.5244845,10.0,0.603911654523
15.8292037,10.0,0.603911654523
-1.0274363,-1.0274363,0.603911654523
-1.2437671,-1.2437671,0.603911654523
10.71726,10.0,0.603911654523
-0.68043,-0.68043,0.603911654523
0.0591554,0.0591554,0.603911654523
-1.170422,-1.170422,0.603911654523
0.9940406,0.9940406,0.603911654523
-0.5572808,-0.5572808,0.603911654523
0.1157975,0.1157975,0.603911654523
20.4427192,10.0,0.603911654523
3.0286177,3.0286177,0.603911654523
1.4767128,1.4767128,0.603911654523
1.2313626,1.2313626,0.603911654523
1.334944,1.334944,0.603911654523
2.4934865,2.4934865,0.603911654523
0.8701639,0.8701639,0.603911654523
18.6400821,10.0,0.603911654523
18.7682516,10.0,0.603911654523
17.0729708,10.0,0.603911654523
0.2163308,0.2163308,0.603911654523
1.2437671,1.2437671,0.603911654523
11.9610271,10.0,0.603911654523
0.5633371,0.5633371,0.603911654523
-11.9018717,-10.0,0.603911654523
-13.1314491,-10.0,0.603911654523
-10.9669865,-10.0,0.603911654523
-12.5183079,-10.0,0.603911654523
-11.8452296,-10.0,0.603911654523
8.4816921,8.4816921,0.603911654523
-8.9324094,-8.9324094,0.603911654523
-10.4843143,-10.0,0.603911654523
-10.7296645,-10.0,0.603911654523
-10.6260831,-10.0,0.603911654523
-9.4675406,-9.4675406,0.603911654523
-11.0908632,-10.0,0.603911654523
6.679055,6.679055,0.603911654523
6.8072245,6.8072245,0.603911654523
5.1119437,5.1119437,0.603911654523
-11.7446963,-10.0,0.603911654523
-10.71726,-10.0,0.603911654523
-11.9610271,-10.0,0.603911654523
-11.39769,-10.0,0.603911654523
-0.5041817,-0.5041817,0.603911654523
-1.7337591,-1.7337591,0.603911654523
0.4307035,0.4307035,0.603911654523
-1.1206179,-1.1206179,0.603911654523
-0.4475396,-0.4475396,0.603911654523
19.8793821,10.0,0.603911654523
2.4652806,2.4652806,0.603911654523
0.9133757,0.9133757,0.603911654523
0.6680255,0.6680255,0.603911654523
0.7716069,0.7716069,0.603911654523
1.9301494,1.9301494,0.603911654523
0.3068268,0.3068268,0.603911654523
18.076745,10.0,0.603911654523
18.2049145,10.0,0.603911654523
16.5096337,10.0,0.603911654523
-0.3470063,-0.3470063,0.603911654523
0.68043,0.68043,0.603911654523
-0.5633371,-0.5633371,0.603911654523
11.39769,10.0,0.603911654523
3.7982089,3.7982089,0.0891711229171
8.4733034,8.4733034,0.0891711229171
8.4063081,8.4063081,0.0891711229171
2.7183848,2.7183848,0.0891711229171
7.7354999,7.7354999,0.0891711229171
7.9420129,7.9420129,0.0891711229171
8.5866497,8.5866497,0.0891711229171
-12.4133462,-10.0,0.0891711229171
8.5346312,8.5346312,0.0891711229171
7.5353161,7.5353161,0.0891711229171
-9.049487,-9.049487,0.0891711229171
2.0968093,2.0968093,0.0891711229171
8.5866533,8.5866533,0.0891711229171
-8.8742322,-8.8742322,0.0891711229171
8.5736431,8.5736431,0.0891711229171
8.0066535,8.0066535,0.0891711229171
0.635647,0.635647,0.0891711229171
8.5866536,8.5866536,0.0891711229171
7.3769688,7.3769688,0.0891711229171
-3.7982089,-3.7982089,0.0891711229171
4.6750945,4.6750945,0.0891711229171
4.6080992,4.6080992,0.0891711229171
-1.0798241,-1.0798241,0.0891711229171
3.937291,3.937291,0.0891711229171
4.143804,4.143804,0.0891711229171
4.7884408,4.7884408,0.0891711229171
-16.2115551,-10.0,0.0891711229171
4.7364223,4.7364223,0.0891711229171
3.7371072,3.7371072,0.0891711229171
-12.8476959,-10.0,0.0891711229171
-1.7013996,-1.7013996,0.0891711229171
4.7884444,4.7884444,0.0891711229171
-12.6724411,-10.0,0.0891711229171
4.7754342,4.7754342,0.0891711229171
4.2084446,4.2084446,0.0891711229171
-3.1625619,-3.1625619,0.0891711229171
4.7884447,4.7884447,0.0891711229171
3.5787599,3.5787599,0.0891711229171
-8.4733034,-8.4733034,0.0891711229171
-4.6750945,-4.6750945,0.0891711229171
-0.0669953,-0.0669953,0.0891711229171
-5.7549186,-5.7549186,0.0891711229171
-0.7378035,-0.7378035,0.0891711229171
-0.5312905,-0.5312905,0.0891711229171
0.1133463,0.1133463,0.0891711229171
-20.8866496,-10.0,0.0891711229171
0.0613278,0.0613278,0.0891711229171
-0.9379873,-0.9379873,0.0891711229171
-17.5227904,-10.0,0.0891711229171
-6.3764941,-6.3764941,0.0891711229171
0.1133499,0.1133499,0.0891711229171
-17.3475356,-10.0,0.0891711229171
0.1003397,0.1003397,0.0891711229171
-0.4666499,-0.4666499,0.0891711229171
-7.8376564,-7.8376564,0.0891711229171
0.1133502,0.1133502,0.0891711229171
-1.0963346,-1.0963346,0.0891711229171
-8.4063081,-8.4063081,0.0891711229171
-4.6080992,-4.6080992,0.0891711229171
0.0669953,0.0669953,0.0891711229171
-5.6879233,-5.6879233,0.0891711229171
-0.6708082,-0.6708082,0.0891711229171
-0.4642952,-0.4642952,0.0891711229171
0.1803416,0.1803416,0.0891711229171
-20.8196543,-10.0,0.0891711229171
0.1283231,0.1283231,0.0891711229171
-0.870992,-0.870992,0.0891711229171
-17.4557951,-10.0,0.0891711229171
-6.3094988,-6.3094988,0.0891711229171
0.1803452,0.1803452,0.0891711229171
-17.2805403,-10.0,0.0891711229171
0.167335,0.167335,0.0891711229171
-0.3996546,-0.3996546,0.0891711229171
-7.7706611,-7.7706611,0.0891711229171
0.1803455,0.1803455,0.0891711229171
-1.0293393,-1.0293393,0.0891711229171
-2.7183848,-2.7183848,0.0891711229171
1.0798241,1.0798241,0.0891711229171
5.7549186,5.7549186,0.0891711229171
5.6879233,5.6879233,0.0891711229171
5.0171151,5.0171151,0.0891711229171
5.2236281,5.2236281,0.0891711229171
5.8682649,5.8682649,0.0891711229171
-15.131731,-10.0,0.0891711229171
5.8162464,5.8162464,0.0891711229171
4.8169313,4.8169313,0.0891711229171
-11.7678718,-10.0,0.0891711229171
-0.6215755,-0.6215755,0.0891711229171
5.8682685,5.8682685,0.0891711229171
-11.592617,-10.0,0.0891711229171
5.8552583,5.8552583,0.0891711229171
5.2882687,5.2882687,0.0891711229171
-2.0827378,-2.0827378,0.0891711229171
5.8682688,5.8682688,0.0891711229171
4.658584,4.658584,0.0891711229171
-7.7354999,-7.7354999,0.0891711229171
-3.937291,-3.937291,0.0891711229171
0.7378035,0.7378035,0.0891711229171
0.6708082,0.6708082,0.0891711229171
-5.0171151,-5.0171151,0.0891711229171
0.206513,0.206513,0.0891711229171
0.8511498,0.8511498,0.0891711229171
-20.1488461,-10.0,0.0891711229171
0.7991313,0.7991313,0.0891711229171
-0.2001838,-0.2001838,0.0891711229171
-16.7849869,-10.0,0.0891711229171
-5.6386906,-5.6386906,0.0891711229171
0.8511534,0.8511534,0.0891711229171
-16.6097321,-10.0,0.0891711229171
0.8381432,0.8381432,0.0891711229171
0.2711536,0.2711536,0.0891711229171
-7.0998529,-7.0998529,0.0891711229171
0.8511537,0.8511537,0.0891711229171
-0.3585311,-0.3585311,0.0891711229171
-7.9420129,-7.9420129,0.0891711229171
-4.143804,-4.143804,0.0891711229171
0.5312905,0.5312905,0.0891711229171
0.4642952,0.4642952,0.0891711229171
-5.2236281,-5.2236281,0.0891711229171
-0.206513,-0.206513,0.0891711229171
0.6446368,0.6446368,0.0891711229171
-20.3553591,-10.0,0.0891711229171
0.5926183,0.5926183,0.0891711229171
-0.4066968,-0.4066968,0.0891711229171
-16.9914999,-10.0,0.0891711229171
-5.8452036,-5.8452036,0.0891711229171
0.6446404,0.6446404,0.0891711229171
-16.8162451,-10.0,0.0891711229171
0.6316302,0.6316302,0.0891711229171
0.0646406,0.0646406,0.0891711229171
-7.3063659,-7.3063659,0.0891711229171
0.6446407,0.6446407,0.0891711229171
-0.5650441,-0.5650441,0.0891711229171
-8.5866497,-8.5866497,0.0891711229171
-4.7884408,-4.7884408,0.0891711229171
-0.1133463,-0.1133463,0.0891711229171
-0.1803416,-0.1803416,0.0891711229171
-5.8682649,-5.8682649,0.0891711229171
-0.8511498,-0.8511498,0.0891711229171
-0.6446368,-0.6446368,0.0891711229171
-20.9999959,-10.0,0.0891711229171
-0.0520185,-0.0520185,0.0891711229171
-1.0513336,-1.0513336,0.0891711229171
-17.6361367,-10.0,0.0891711229171
-6.4898404,-6.4898404,0.0891711229171
3.60000000299e-06,3.60000000299e-06,0.0891711229171
-17.4608819,-10.0,0.0891711229171
-0.0130066,-0.0130066,0.0891711229171
-0.5799962,-0.5799962,0.0891711229171
-7.9510027,-7.9510027,0.0891711229171
3.90000000294e-06,3.90000000294e-06,0.0891711229171
-1.2096809,-1.2096809,0.0891711229171
12.4133462,10.0,0.0891711229171
16.2115551,10.0,0.0891711229171
20.8866496,10.0,0.0891711229171
20.8196543,10.0,0.0891711229171
15.131731,10.0,0.0891711229171
20.1488461,10.0,0.0891711229171
20.3553591,10.0,0.0891711229171
20.9999959,10.0,0.0891711229171
20.9479774,10.0,0.0891711229171
19.9486623,10.0,0.0891711229171
3.3638592,3.3638592,0.0891711229171
14.5101555,10.0,0.0891711229171
20.9999995,10.0,0.0891711229171
3.539114,3.539114,0.0891711229171
20.9869893,10.0,0.0891711229171
20.4199997,10.0,0.0891711229171
13.0489932,10.0,0.0891711229171
20.9999998,10.0,0.0891711229171
19.790315,10.0,0.0891711229171
-8.5346312,-8.5346312,0.0891711229171
-4.7364223,-4.7364223,0.0891711229171
-0.0613278,-0.0613278,0.0891711229171
-0.1283231,-0.1283231,0.0891711229171
-5.8162464,-5.8162464,0.0891711229171
-0.7991313,-0.7991313,0.0891711229171
-0.5926183,-0.5926183,0.0891711229171
0.0520185,0.0520185,0.0891711229171
-20.9479774,-10.0,0.0891711229171
-0.9993151,-0.9993151,0.0891711229171
-17.5841182,-10.0,0.0891711229171
-6.4378219,-6.4378219,0.0891711229171
0.0520221,0.0520221,0.0891711229171
-17.4088634,-10.0,0.0891711229171
0.0390119,0.0390119,0.0891711229171
-0.5279777,-0.5279777,0.0891711229171
-7.8989842,-7.8989842,0.0891711229171
0.0520224,0.0520224,0.0891711229171
-1.1576624,-1.1576624,0.0891711229171
-7.5353161,-7.5353161,0.0891711229171
-3.7371072,-3.7371072,0.0891711229171
0.9379873,0.9379873,0.0891711229171
0.870992,0.870992,0.0891711229171
-4.8169313,-4.8169313,0.0891711229171
0.2001838,0.2001838,0.0891711229171
0.4066968,0.4066968,0.0891711229171
1.0513336,1.0513336,0.0891711229171
-19.9486623,-10.0,0.0891711229171
0.9993151,0.9993151,0.0891711229171
-16.5848031,-10.0,0.0891711229171
-5.4385068,-5.4385068,0.0891711229171
1.0513372,1.0513372,0.0891711229171
-16.4095483,-10.0,0.0891711229171
1.038327,1.038327,0.0891711229171
0.4713374,0.4713374,0.0891711229171
-6.8996691,-6.8996691,0.0891711229171
1.0513375,1.0513375,0.0891711229171
-0.1583473,-0.1583473,0.0891711229171
9.049487,9.049487,0.0891711229171
12.8476959,10.0,0.0891711229171
17.5227904,10.0,0.0891711229171
17.4557951,10.0,0.0891711229171
11.7678718,10.0,0.0891711229171
16.7849869,10.0,0.0891711229171
16.9914999,10.0,0.0891711229171
17.6361367,10.0,0.0891711229171
-3.3638592,-3.3638592,0.0891711229171
17.5841182,10.0,0.0891711229171
16.5848031,10.0,0.0891711229171
11.1462963,10.0,0.0891711229171
17.6361403,10.0,0.0891711229171
0.1752548,0.1752548,0.0891711229171
17.6231301,10.0,0.0891711229171
17.0561405,10.0,0.0891711229171
9.685134,9.685134,0.0891711229171
17.6361406,10.0,0.0891711229171
16.4264558,10.0,0.0891711229171
-2.0968093,-2.0968093,0.0891711229171
1.7013996,1.7013996,0.0891711229171
6.3764941,6.3764941,0.0891711229171
6.3094988,6.3094988,0.0891711229171
0.6215755,0.6215755,0.0891711229171
5.6386906,5.6386906,0.0891711229171
5.8452036,5.8452036,0.0891711229171
6.4898404,6.4898404,0.0891711229171
-14.5101555,-10.0,0.0891711229171
6.4378219,6.4378219,0.0891711229171
5.4385068,5.4385068,0.0891711229171
-11.1462963,-10.0,0.0891711229171
6.489844,6.489844,0.0891711229171
-10.9710415,-10.0,0.0891711229171
6.4768338,6.4768338,0.0891711229171
5.9098442,5.9098442,0.0891711229171
-1.4611623,-1.4611623,0.0891711229171
6.4898443,6.4898443,0.0891711229171
5.2801595,5.2801595,0.0891711229171
-8.5866533,-8.5866533,0.0891711229171
-4.7884444,-4.7884444,0.0891711229171
-0.1133499,-0.1133499,0.0891711229171
-0.1803452,-0.1803452,0.0891711229171
-5.8682685,-5.8682685,0.0891711229171
-0.8511534,-0.8511534,0.0891711229171
-0.6446404,-0.6446404,0.0891711229171
-3.60000000299e-06,-3.60000000299e-06,0.0891711229171
-20.9999995,-10.0,0.0891711229171
-0.0520221,-0.0520221,0.0891711229171
-1.0513372,-1.0513372,0.0891711229171
-17.6361403,-10.0,0.0891711229171
-6.489844,-6.489844,0.0891711229171
-17.4608855,-10.0,0.0891711229171
-0.0130102,-0.0130102,0.0891711229171
-0.5799998,-0.5799998,0.0891711229171
-7.9510063,-7.9510063,0.0891711229171
2.99999999953e-07,2.99999999953e-07,0.0891711229171
-1.2096845,-1.2096845,0.0891711229171
8.8742322,8.8742322,0.0891711229171
12.6724411,10.0,0.0891711229171
17.3475356,10.0,0.0891711229171
17.2805403,10.0,0.0891711229171
11.592617,10.0,0.0891711229171
16.6097321,10.0,0.0891711229171
16.8162451,10.0,0.0891711229171
17.4608819,10.0,0.0891711229171
-3.539114,-3.539114,0.0891711229171
17.4088634,10.0,0.0891711229171
16.4095483,10.0,0.0891711229171
-0.1752548,-0.1752548,0.0891711229171
10.9710415,10.0,0.0891711229171
17.4608855,10.0,0.0891711229171
17.4478753,10.0,0.0891711229171
16.8808857,10.0,0.0891711229171
9.5098792,9.5098792,0.0891711229171
17.4608858,10.0,0.0891711229171
16.251201,10.0,0.0891711229171
-8.5736431,-8.5736431,0.0891711229171
-4.7754342,-4.7754342,0.0891711229171
-0.1003397,-0.1003397,0.0891711229171
-0.167335,-0.167335,0.0891711229171
-5.8552583,-5.8552583,0.0891711229171
-0.8381432,-0.8381432,0.0891711229171
-0.6316302,-0.6316302,0.0891711229171
0.0130066,0.0130066,0.0891711229171
-20.9869893,-10.0,0.0891711229171
-0.0390119,-0.0390119,0.0891711229171
-1.038327,-1.038327,0.0891711229171
-17.6231301,-10.0,0.0891711229171
-6.4768338,-6.4768338,0.0891711229171
0.0130102,0.0130102,0.0891711229171
-17.4478753,-10.0,0.0891711229171
-0.5669896,-0.5669896,0.0891711229171
-7.9379961,-7.9379961,0.0891711229171
0.0130105,0.0130105,0.0891711229171
-1.1966743,-1.1966743,0.0891711229171
-8.0066535,-8.0066535,0.0891711229171
-4.2084446,-4.2084446,0.0891711229171
0.4666499,0.4666499,0.0891711229171
0.3996546,0.3996546,0.0891711229171
-5.2882687,-5.2882687,0.0891711229171
-0.2711536,-0.2711536,0.0891711229171
-0.0646406,-0.0646406,0.0891711229171
0.5799962,0.5799962,0.0891711229171
-20.4199997,-10.0,0.0891711229171
0.5279777,0.5279777,0.0891711229171
-0.4713374,-0.4713374,0.0891711229171
-17.0561405,-10.0,0.0891711229171
-5.9098442,-5.9098442,0.0891711229171
0.5799998,0.5799998,0.0891711229171
-16.8808857,-10.0,0.0891711229171
0.5669896,0.5669896,0.0891711229171
-7.3710065,-7.3710065,0.0891711229171
0.5800001,0.5800001,0.0891711229171
-0.6296847,-0.6296847,0.0891711229171
-0.635647,-0.635647,0.0891711229171
3.1625619,3.1625619,0.0891711229171
7.8376564,7.8376564,0.0891711229171
7.7706611,7.7706611,0.0891711229171
2.0827378,2.0827378,0.0891711229171
7.0998529,7.0998529,0.0891711229171
7.3063659,7.3063659,0.0891711229171
7.9510027,7.9510027,0.0891711229171
-13.0489932,-10.0,0.0891711229171
7.8989842,7.8989842,0.0891711229171
6.8996691,6.8996691,0.0891711229171
-9.685134,-9.685134,0.0891711229171
1.4611623,1.4611623,0.0891711229171
7.9510063,7.9510063,0.0891711229171
-9.5098792,-9.5098792,0.0891711229171
7.9379961,7.9379961,0.0891711229171
7.3710065,7.3710065,0.0891711229171
7.9510066,7.9510066,0.0891711229171
6.7413218,6.7413218,0.0891711229171
-8.5866536,-8.5866536,0.0891711229171
-4.7884447,-4.7884447,0.0891711229171
-0.1133502,-0.1133502,0.0891711229171
-0.1803455,-0.1803455,0.0891711229171
-5.8682688,-5.8682688,0.0891711229171
-0.8511537,-0.8511537,0.0891711229171
-0.6446407,-0.6446407,0.0891711229171
-3.90000000294e-06,-3.90000000294e-06,0.0891711229171
-20.9999998,-10.0,0.0891711229171
-0.0520224,-0.0520224,0.0891711229171
-1.0513375,-1.0513375,0.0891711229171
-17.6361406,-10.0,0.0891711229171
-6.4898443,-6.4898443,0.0891711229171
-2.99999999953e-07,-2.99999999953e-07,0.0891711229171
-17.4608858,-10.0,0.0891711229171
-0.0130105,-0.0130105,0.0891711229171
-0.5800001,-0.5800001,0.0891711229171
-7.9510066,-7.9510066,0.0891711229171
-1.2096848,-1.2096848,0.0891711229171
-7.3769688,-7.3769688,0.0891711229171
-3.5787599,-3.5787599,0.0891711229171
1.0963346,1.0963346,0.0891711229171
1.0293393,1.0293393,0.0891711229171
-4.658584,-4.658584,0.0891711229171
0.3585311,0.3585311,0.0891711229171
0.5650441,0.5650441,0.0891711229171
1.2096809,1.2096809,0.0891711229171
-19.790315,-10.0,0.0891711229171
1.1576624,1.1576624,0.0891711229171
0.1583473,0.1583473,0.0891711229171
-16.4264558,-10.0,0.0891711229171
-5.2801595,-5.2801595,0.0891711229171
1.2096845,1.2096845,0.0891711229171
-16.251201,-10.0,0.0891711229171
1.1966743,1.1966743,0.0891711229171
0.6296847,0.6296847,0.0891711229171
-6.7413218,-6.7413218,0.0891711229171
1.2096848,1.2096848,0.0891711229171
17.8113224,10.0,0.301080296892
18.3070012,10.0,0.301080296892
19.2902969,10.0,0.301080296892
0.1368633,0.1368633,0.301080296892
18.4245034,10.0,0.301080296892
19.3186751,10.0,0.301080296892
3.7953808,3.7953808,0.301080296892
-0.5884906,-0.5884906,0.301080296892
-1.6766902,-1.6766902,0.301080296892
0.7423813,0.7423813,0.301080296892
19.3122438,10.0,0.301080296892
17.0509998,10.0,0.301080296892
19.3178328,10.0,0.301080296892
18.6444604,10.0,0.301080296892
17.4332273,10.0,0.301080296892
-0.2880029,-0.2880029,0.301080296892
-0.2149175,-0.2149175,0.301080296892
19.3233098,10.0,0.301080296892
13.8380913,10.0,0.301080296892
-17.8113224,-10.0,0.301080296892
0.4956788,0.4956788,0.301080296892
1.4789745,1.4789745,0.301080296892
-17.6744591,-10.0,0.301080296892
0.613181,0.613181,0.301080296892
1.5073527,1.5073527,0.301080296892
-14.0159416,-10.0,0.301080296892
-18.399813,-10.0,0.301080296892
-19.4880126,-10.0,0.301080296892
-17.0689411,-10.0,0.301080296892
1.5009214,1.5009214,0.301080296892
-0.7603226,-0.7603226,0.301080296892
1.5065104,1.5065104,0.301080296892
0.833138,0.833138,0.301080296892
-0.3780951,-0.3780951,0.301080296892
-18.0993253,-10.0,0.301080296892
-18.0262399,-10.0,0.301080296892
1.5119874,1.5119874,0.301080296892
-3.9732311,-3.9732311,0.301080296892
-18.3070012,-10.0,0.301080296892
-0.4956788,-0.4956788,0.301080296892
0.9832957,0.9832957,0.301080296892
-18.1701379,-10.0,0.301080296892
0.1175022,0.1175022,0.301080296892
1.0116739,1.0116739,0.301080296892
-14.5116204,-10.0,0.301080296892
-18.8954918,-10.0,0.301080296892
-19.9836914,-10.0,0.301080296892
-17.5646199,-10.0,0.301080296892
1.0052426,1.0052426,0.301080296892
-1.2560014,-1.2560014,0.301080296892
1.0108316,1.0108316,0.301080296892
0.3374592,0.3374592,0.301080296892
-0.8737739,-0.8737739,0.301080296892
-18.5950041,-10.0,0.301080296892
-18.5219187,-10.0,0.301080296892
1.0163086,1.0163086,0.301080296892
-4.4689099,-4.4689099,0.301080296892
-19.2902969,-10.0,0.301080296892
-1.4789745,-1.4789745,0.301080296892
-0.9832957,-0.9832957,0.301080296892
-19.1534336,-10.0,0.301080296892
-0.8657935,-0.8657935,0.301080296892
0.0283782,0.0283782,0.301080296892
-15.4949161,-10.0,0.301080296892
-19.8787875,-10.0,0.301080296892
-20.9669871,-10.0,0.301080296892
-18.5479156,-10.0,0.301080296892
0.0219469,0.0219469,0.301080296892
-2.2392971,-2.2392971,0.301080296892
0.0275359,0.0275359,0.301080296892
-0.6458365,-0.6458365,0.301080296892
-1.8570696,-1.8570696,0.301080296892
-19.5782998,-10.0,0.301080296892
-19.5052144,-10.0,0.301080296892
0.0330129,0.0330129,0.301080296892
-5.4522056,-5.4522056,0.301080296892
-0.1368633,-0.1368633,0.301080296892
17.6744591,10.0,0.301080296892
18.1701379,10.0,0.301080296892
19.1534336,10.0,0.301080296892
18.2876401,10.0,0.301080296892
19.1818118,10.0,0.301080296892
3.6585175,3.6585175,0.301080296892
-0.7253539,-0.7253539,0.301080296892
-1.8135535,-1.8135535,0.301080296892
0.605518,0.605518,0.301080296892
19.1753805,10.0,0.301080296892
16.9141365,10.0,0.301080296892
19.1809695,10.0,0.301080296892
18.5075971,10.0,0.301080296892
17.296364,10.0,0.301080296892
-0.4248662,-0.4248662,0.301080296892
-0.3517808,-0.3517808,0.301080296892
19.1864465,10.0,0.301080296892
13.701228,10.0,0.301080296892
-18.4245034,-10.0,0.301080296892
-0.613181,-0.613181,0.301080296892
-0.1175022,-0.1175022,0.301080296892
0.8657935,0.8657935,0.301080296892
-18.2876401,-10.0,0.301080296892
0.8941717,0.8941717,0.301080296892
-14.6291226,-10.0,0.301080296892
-19.012994,-10.0,0.301080296892
-20.1011936,-10.0,0.301080296892
-17.6821221,-10.0,0.301080296892
0.8877404,0.8877404,0.301080296892
-1.3735036,-1.3735036,0.301080296892
0.8933294,0.8933294,0.301080296892
0.219957,0.219957,0.301080296892
-0.9912761,-0.9912761,0.301080296892
-18.7125063,-10.0,0.301080296892
-18.6394209,-10.0,0.301080296892
0.8988064,0.8988064,0.301080296892
-4.5864121,-4.5864121,0.301080296892
-19.3186751,-10.0,0.301080296892
-1.5073527,-1.5073527,0.301080296892
-1.0116739,-1.0116739,0.301080296892
-0.0283782,-0.0283782,0.301080296892
-19.1818118,-10.0,0.301080296892
-0.8941717,-0.8941717,0.301080296892
-15.5232943,-10.0,0.301080296892
-19.9071657,-10.0,0.301080296892
-20.9953653,-10.0,0.301080296892
-18.5762938,-10.0,0.301080296892
-0.0064313,-0.0064313,0.301080296892
-2.2676753,-2.2676753,0.301080296892
-0.000842299999999,-0.000842299999999,0.301080296892
-0.6742147,-0.6742147,0.301080296892
-1.8854478,-1.8854478,0.301080296892
-19.606678,-10.0,0.301080296892
-19.5335926,-10.0,0.301080296892
0.0046347,0.0046347,0.301080296892
-5.4805838,-5.4805838,0.301080296892
-3.7953808,-3.7953808,0.301080296892
14.0159416,10.0,0.301080296892
14.5116204,10.0,0.301080296892
15.4949161,10.0,0.301080296892
-3.6585175,-3.6585175,0.301080296892
14.6291226,10.0,0.301080296892
15.5232943,10.0,0.301080296892
-4.3838714,-4.3838714,0.301080296892
-5.472071,-5.472071,0.301080296892
-3.0529995,-3.0529995,0.301080296892
15.516863,10.0,0.301080296892
13.255619,10.0,0.301080296892
15.522452,10.0,0.301080296892
14.8490796,10.0,0.301080296892
13.6378465,10.0,0.301080296892
-4.0833837,-4.0833837,0.301080296892
-4.0102983,-4.0102983,0.301080296892
15.527929,10.0,0.301080296892
10.0427105,10.0,0.301080296892
0.5884906,0.5884906,0.301080296892
18.399813,10.0,0.301080296892
18.8954918,10.0,0.301080296892
19.8787875,10.0,0.301080296892
0.7253539,0.7253539,0.301080296892
19.012994,10.0,0.301080296892
19.9071657,10.0,0.301080296892
4.3838714,4.3838714,0.301080296892
-1.0881996,-1.0881996,0.301080296892
1.3308719,1.3308719,0.301080296892
19.9007344,10.0,0.301080296892
17.6394904,10.0,0.301080296892
19.9063234,10.0,0.301080296892
19.232951,10.0,0.301080296892
18.0217179,10.0,0.301080296892
0.3004877,0.3004877,0.301080296892
0.3735731,0.3735731,0.301080296892
19.9118004,10.0,0.301080296892
14.4265819,10.0,0.301080296892
1.6766902,1.6766902,0.301080296892
19.4880126,10.0,0.301080296892
19.9836914,10.0,0.301080296892
20.9669871,10.0,0.301080296892
1.8135535,1.8135535,0.301080296892
20.1011936,10.0,0.301080296892
20.9953653,10.0,0.301080296892
5.472071,5.472071,0.301080296892
1.0881996,1.0881996,0.301080296892
2.4190715,2.4190715,0.301080296892
20.988934,10.0,0.301080296892
18.72769,10.0,0.301080296892
20.994523,10.0,0.301080296892
20.3211506,10.0,0.301080296892
19.1099175,10.0,0.301080296892
1.3886873,1.3886873,0.301080296892
1.4617727,1.4617727,0.301080296892
21.0,10.0,0.301080296892
15.5147815,10.0,0.301080296892
-0.7423813,-0.7423813,0.301080296892
17.0689411,10.0,0.301080296892
17.5646199,10.0,0.301080296892
18.5479156,10.0,0.301080296892
-0.605518,-0.605518,0.301080296892
17.6821221,10.0,0.301080296892
18.5762938,10.0,0.301080296892
3.0529995,3.0529995,0.301080296892
-1.3308719,-1.3308719,0.301080296892
-2.4190715,-2.4190715,0.301080296892
18.5698625,10.0,0.301080296892
16.3086185,10.0,0.301080296892
18.5754515,10.0,0.301080296892
17.9020791,10.0,0.301080296892
16.690846,10.0,0.301080296892
-1.0303842,-1.0303842,0.301080296892
-0.9572988,-0.9572988,0.301080296892
18.5809285,10.0,0.301080296892
13.09571,10.0,0.301080296892
-19.3122438,-10.0,0.301080296892
-1.5009214,-1.5009214,0.301080296892
-1.0052426,-1.0052426,0.301080296892
-0.0219469,-0.0219469,0.301080296892
-19.1753805,-10.0,0.301080296892
-0.8877404,-0.8877404,0.301080296892
0.0064313,0.0064313,0.301080296892
-15.516863,-10.0,0.301080296892
-19.9007344,-10.0,0.301080296892
-20.988934,-10.0,0.301080296892
-18.5698625,-10.0,0.301080296892
-2.261244,-2.261244,0.301080296892
0.005589,0.005589,0.301080296892
-0.6677834,-0.6677834,0.301080296892
-1.8790165,-1.8790165,0.301080296892
-19.6002467,-10.0,0.301080296892
-19.5271613,-10.0,0.301080296892
0.011066,0.011066,0.301080296892
-5.4741525,-5.4741525,0.301080296892
-17.0509998,-10.0,0.301080296892
0.7603226,0.7603226,0.301080296892
1.2560014,1.2560014,0.301080296892
2.2392971,2.2392971,0.301080296892
-16.9141365,-10.0,0.301080296892
1.3735036,1.3735036,0.301080296892
2.2676753,2.2676753,0.301080296892
-13.255619,-10.0,0.301080296892
-17.6394904,-10.0,0.301080296892
-18.72769,-10.0,0.301080296892
-16.3086185,-10.0,0.301080296892
2.261244,2.261244,0.301080296892
2.266833,2.266833,0.301080296892
1.5934606,1.5934606,0.301080296892
0.3822275,0.3822275,0.301080296892
-17.3390027,-10.0,0.301080296892
-17.2659173,-10.0,0.301080296892
2.27231,2.27231,0.301080296892
-3.2129085,-3.2129085,0.301080296892
-19.3178328,-10.0,0.301080296892
-1.5065104,-1.5065104,0.301080296892
-1.0108316,-1.0108316,0.301080296892
-0.0275359,-0.0275359,0.301080296892
-19.1809695,-10.0,0.301080296892
-0.8933294,-0.8933294,0.301080296892
0.000842299999999,0.000842299999999,0.301080296892
-15.522452,-10.0,0.301080296892
-19.9063234,-10.0,0.301080296892
-20.994523,-10.0,0.301080296892
-18.5754515,-10.0,0.301080296892
-0.005589,-0.005589,0.301080296892
-2.266833,-2.266833,0.301080296892
-0.6733724,-0.6733724,0.301080296892
-1.8846055,-1.8846055,0.301080296892
-19.6058357,-10.0,0.301080296892
-19.5327503,-10.0,0.301080296892
0.005477,0.005477,0.301080296892
-5.4797415,-5.4797415,0.301080296892
-18.6444604,-10.0,0.301080296892
-0.833138,-0.833138,0.301080296892
-0.3374592,-0.3374592,0.301080296892
0.6458365,0.6458365,0.301080296892
-18.5075971,-10.0,0.301080296892
-0.219957,-0.219957,0.301080296892
0.6742147,0.6742147,0.301080296892
-14.8490796,-10.0,0.301080296892
-19.232951,-10.0,0.301080296892
-20.3211506,-10.0,0.301080296892
-17.9020791,-10.0,0.301080296892
0.6677834,0.6677834,0.301080296892
-1.5934606,-1.5934606,0.301080296892
0.6733724,0.6733724,0.301080296892
-1.2112331,-1.2112331,0.301080296892
-18.9324633,-10.0,0.301080296892
-18.8593779,-10.0,0.301080296892
0.6788494,0.6788494,0.301080296892
-4.8063691,-4.8063691,0.301080296892
-17.4332273,-10.0,0.301080296892
0.3780951,0.3780951,0.301080296892
0.8737739,0.8737739,0.301080296892
1.8570696,1.8570696,0.301080296892
-17.296364,-10.0,0.301080296892
0.9912761,0.9912761,0.301080296892
1.8854478,1.8854478,0.301080296892
-13.6378465,-10.0,0.301080296892
-18.0217179,-10.0,0.301080296892
-19.1099175,-10.0,0.301080296892
-16.690846,-10.0,0.301080296892
1.8790165,1.8790165,0.301080296892
-0.3822275,-0.3822275,0.301080296892
1.8846055,1.8846055,0.301080296892
1.2112331,1.2112331,0.301080296892
-17.7212302,-10.0,0.301080296892
-17.6481448,-10.0,0.301080296892
1.8900825,1.8900825,0.301080296892
-3.595136,-3.595136,0.301080296892
0.2880029,0.2880029,0.301080296892
18.0993253,10.0,0.301080296892
18.5950041,10.0,0.301080296892
19.5782998,10.0,0.301080296892
0.4248662,0.4248662,0.301080296892
18.7125063,10.0,0.301080296892
19.606678,10.0,0.301080296892
4.0833837,4.0833837,0.301080296892
-0.3004877,-0.3004877,0.301080296892
-1.3886873,-1.3886873,0.301080296892
1.0303842,1.0303842,0.301080296892
19.6002467,10.0,0.301080296892
17.3390027,10.0,0.301080296892
19.6058357,10.0,0.301080296892
18.9324633,10.0,0.301080296892
17.7212302,10.0,0.301080296892
0.0730854,0.0730854,0.301080296892
19.6113127,10.0,0.301080296892
14.1260942,10.0,0.301080296892
0.2149175,0.2149175,0.301080296892
18.0262399,10.0,0.301080296892
18.5219187,10.0,0.301080296892
19.5052144,10.0,0.301080296892
0.3517808,0.3517808,0.301080296892
18.6394209,10.0,0.301080296892
19.5335926,10.0,0.301080296892
4.0102983,4.0102983,0.301080296892
-0.3735731,-0.3735731,0.301080296892
-1.4617727,-1.4617727,0.301080296892
0.9572988,0.9572988,0.301080296892
19.5271613,10.0,0.301080296892
17.2659173,10.0,0.301080296892
19.5327503,10.0,0.301080296892
18.8593779,10.0,0.301080296892
17.6481448,10.0,0.301080296892
-0.0730854,-0.0730854,0.301080296892
19.5382273,10.0,0.301080296892
14.0530088,10.0,0.301080296892
-19.3233098,-10.0,0.301080296892
-1.5119874,-1.5119874,0.301080296892
-1.0163086,-1.0163086,0.301080296892
-0.0330129,-0.0330129,0.301080296892
-19.1864465,-10.0,0.301080296892
-0.8988064,-0.8988064,0.301080296892
-0.0046347,-0.0046347,0.301080296892
-15.527929,-10.0,0.301080296892
-19.9118004,-10.0,0.301080296892
-21.0,-10.0,0.301080296892
-18.5809285,-10.0,0.301080296892
-0.011066,-0.011066,0.301080296892
-2.27231,-2.27231,0.301080296892
-0.005477,-0.005477,0.301080296892
-0.6788494,-0.6788494,0.301080296892
-1.8900825,-1.8900825,0.301080296892
-19.6113127,-10.0,0.301080296892
-19.5382273,-10.0,0.301080296892
-5.4852185,-5.4852185,0.301080296892
-13.8380913,-10.0,0.301080296892
3.9732311,3.9732311,0.301080296892
4.4689099,4.4689099,0.301080296892
5.4522056,5.4522056,0.301080296892
-13.701228,-10.0,0.301080296892
4.5864121,4.5864121,0.301080296892
5.4805838,5.4805838,0.301080296892
-10.0427105,-10.0,0.301080296892
-14.4265819,-10.0,0.301080296892
-15.5147815,-10.0,0.301080296892
-13.09571,-10.0,0.301080296892
5.4741525,5.4741525,0.301080296892
3.2129085,3.2129085,0.301080296892
5.4797415,5.4797415,0.301080296892
4.8063691,4.8063691,0.301080296892
3.595136,3.595136,0.301080296892
-14.1260942,-10.0,0.301080296892
-14.0530088,-10.0,0.301080296892
5.4852185,5.4852185,0.301080296892
16.5443939,10.0,0.108781566687
17.2068226,10.0,0.108781566687
17.8921662,10.0,0.108781566687
16.3201773,10.0,0.108781566687
18.4568897,10.0,0.108781566687
17.5655205,10.0,0.108781566687
18.5421179,10.0,0.108781566687
16.2932303,10.0,0.108781566687
18.442436,10.0,0.108781566687
12.4220962,10.0,0.108781566687
18.5421156,10.0,0.108781566687
-2.4578818,-2.4578818,0.108781566687
18.5421164,10.0,0.108781566687
18.1931153,10.0,0.108781566687
18.5420994,10.0,0.108781566687
2.2849992,2.2849992,0.108781566687
-0.7944093,-0.7944093,0.108781566687
17.3178553,10.0,0.108781566687
10.0480206,10.0,0.108781566687
-16.5443939,-10.0,0.108781566687
0.6624287,0.6624287,0.108781566687
1.3477723,1.3477723,0.108781566687
-0.2242166,-0.2242166,0.108781566687
1.9124958,1.9124958,0.108781566687
1.0211266,1.0211266,0.108781566687
1.997724,1.997724,0.108781566687
-0.2511636,-0.2511636,0.108781566687
1.8980421,1.8980421,0.108781566687
-4.1222977,-4.1222977,0.108781566687
1.9977217,1.9977217,0.108781566687
-19.0022757,-10.0,0.108781566687
1.9977225,1.9977225,0.108781566687
1.6487214,1.6487214,0.108781566687
1.9977055,1.9977055,0.108781566687
-14.2593947,-10.0,0.108781566687
-17.3388032,-10.0,0.108781566687
0.7734614,0.7734614,0.108781566687
-6.4963733,-6.4963733,0.108781566687
-17.2068226,-10.0,0.108781566687
-0.6624287,-0.6624287,0.108781566687
0.6853436,0.6853436,0.108781566687
-0.8866453,-0.8866453,0.108781566687
1.2500671,1.2500671,0.108781566687
0.3586979,0.3586979,0.108781566687
1.3352953,1.3352953,0.108781566687
-0.9135923,-0.9135923,0.108781566687
1.2356134,1.2356134,0.108781566687
-4.7847264,-4.7847264,0.108781566687
1.335293,1.335293,0.108781566687
-19.6647044,-10.0,0.108781566687
1.3352938,1.3352938,0.108781566687
0.9862927,0.9862927,0.108781566687
1.3352768,1.3352768,0.108781566687
-14.9218234,-10.0,0.108781566687
-18.0012319,-10.0,0.108781566687
0.1110327,0.1110327,0.108781566687
-7.158802,-7.158802,0.108781566687
-17.8921662,-10.0,0.108781566687
-1.3477723,-1.3477723,0.108781566687
-0.6853436,-0.6853436,0.108781566687
-1.5719889,-1.5719889,0.108781566687
0.5647235,0.5647235,0.108781566687
-0.3266457,-0.3266457,0.108781566687
0.6499517,0.6499517,0.108781566687
-1.5989359,-1.5989359,0.108781566687
0.5502698,0.5502698,0.108781566687
-5.47007,-5.47007,0.108781566687
0.6499494,0.6499494,0.108781566687
-20.350048,-10.0,0.108781566687
0.6499502,0.6499502,0.108781566687
0.3009491,0.3009491,0.108781566687
0.6499332,0.6499332,0.108781566687
-15.607167,-10.0,0.108781566687
-18.6865755,-10.0,0.108781566687
-0.5743109,-0.5743109,0.108781566687
-7.8441456,-7.8441456,0.108781566687
-16.3201773,-10.0,0.108781566687
0.2242166,0.2242166,0.108781566687
0.8866453,0.8866453,0.108781566687
1.5719889,1.5719889,0.108781566687
2.1367124,2.1367124,0.108781566687
1.2453432,1.2453432,0.108781566687
2.2219406,2.2219406,0.108781566687
-0.026947,-0.026947,0.108781566687
2.1222587,2.1222587,0.108781566687
-3.8980811,-3.8980811,0.108781566687
2.2219383,2.2219383,0.108781566687
-18.7780591,-10.0,0.108781566687
2.2219391,2.2219391,0.108781566687
1.872938,1.872938,0.108781566687
2.2219221,2.2219221,0.108781566687
-14.0351781,-10.0,0.108781566687
-17.1145866,-10.0,0.108781566687
0.997678,0.997678,0.108781566687
-6.2721567,-6.2721567,0.108781566687
-18.4568897,-10.0,0.108781566687
-1.9124958,-1.9124958,0.108781566687
-1.2500671,-1.2500671,0.108781566687
-0.5647235,-0.5647235,0.108781566687
-2.1367124,-2.1367124,0.108781566687
-0.8913692,-0.8913692,0.108781566687
0.0852282,0.0852282,0.108781566687
-2.1636594,-2.1636594,0.108781566687
-0.0144537,-0.0144537,0.108781566687
-6.0347935,-6.0347935,0.108781566687
0.0852259,0.0852259,0.108781566687
-20.9147715,-10.0,0.108781566687
0.0852267,0.0852267,0.108781566687
-0.2637744,-0.2637744,0.108781566687
0.0852097,0.0852097,0.108781566687
-16.1718905,-10.0,0.108781566687
-19.251299,-10.0,0.108781566687
-1.1390344,-1.1390344,0.108781566687
-8.4088691,-8.4088691,0.108781566687
-17.5655205,-10.0,0.108781566687
-1.0211266,-1.0211266,0.108781566687
-0.3586979,-0.3586979,0.108781566687
0.3266457,0.3266457,0.108781566687
-1.2453432,-1.2453432,0.108781566687
0.8913692,0.8913692,0.108781566687
0.9765974,0.9765974,0.108781566687
-1.2722902,-1.2722902,0.108781566687
0.8769155,0.8769155,0.108781566687
-5.1434243,-5.1434243,0.108781566687
0.9765951,0.9765951,0.108781566687
-20.0234023,-10.0,0.108781566687
0.9765959,0.9765959,0.108781566687
0.6275948,0.6275948,0.108781566687
0.9765789,0.9765789,0.108781566687
-15.2805213,-10.0,0.108781566687
-18.3599298,-10.0,0.108781566687
-0.2476652,-0.2476652,0.108781566687
-7.5174999,-7.5174999,0.108781566687
-18.5421179,-10.0,0.108781566687
-1.997724,-1.997724,0.108781566687
-1.3352953,-1.3352953,0.108781566687
-0.6499517,-0.6499517,0.108781566687
-2.2219406,-2.2219406,0.108781566687
-0.0852282,-0.0852282,0.108781566687
-0.9765974,-0.9765974,0.108781566687
-2.2488876,-2.2488876,0.108781566687
-0.0996819,-0.0996819,0.108781566687
-6.1200217,-6.1200217,0.108781566687
-2.29999999846e-06,-2.29999999846e-06,0.108781566687
-20.9999997,-10.0,0.108781566687
-1.49999999977e-06,-1.49999999977e-06,0.108781566687
-0.3490026,-0.3490026,0.108781566687
-1.84999999995e-05,-1.84999999995e-05,0.108781566687
-16.2571187,-10.0,0.108781566687
-19.3365272,-10.0,0.108781566687
-1.2242626,-1.2242626,0.108781566687
-8.4940973,-8.4940973,0.108781566687
-16.2932303,-10.0,0.108781566687
0.2511636,0.2511636,0.108781566687
0.9135923,0.9135923,0.108781566687
1.5989359,1.5989359,0.108781566687
0.026947,0.026947,0.108781566687
2.1636594,2.1636594,0.108781566687
1.2722902,1.2722902,0.108781566687
2.2488876,2.2488876,0.108781566687
2.1492057,2.1492057,0.108781566687
-3.8711341,-3.8711341,0.108781566687
2.2488853,2.2488853,0.108781566687
-18.7511121,-10.0,0.108781566687
2.2488861,2.2488861,0.108781566687
1.899885,1.899885,0.108781566687
2.2488691,2.2488691,0.108781566687
-14.0082311,-10.0,0.108781566687
-17.0876396,-10.0,0.108781566687
1.024625,1.024625,0.108781566687
-6.2452097,-6.2452097,0.108781566687
-18.442436,-10.0,0.108781566687
-1.8980421,-1.8980421,0.108781566687
-1.2356134,-1.2356134,0.108781566687
-0.5502698,-0.5502698,0.108781566687
-2.1222587,-2.1222587,0.108781566687
0.0144537,0.0144537,0.108781566687
-0.8769155,-0.8769155,0.108781566687
0.0996819,0.0996819,0.108781566687
-2.1492057,-2.1492057,0.108781566687
-6.0203398,-6.0203398,0.108781566687
0.0996796,0.0996796,0.108781566687
-20.9003178,-10.0,0.108781566687
0.0996804,0.0996804,0.108781566687
-0.2493207,-0.2493207,0.108781566687
0.0996634,0.0996634,0.108781566687
-16.1574368,-10.0,0.108781566687
-19.2368453,-10.0,0.108781566687
-1.1245807,-1.1245807,0.108781566687
-8.3944154,-8.3944154,0.108781566687
-12.4220962,-10.0,0.108781566687
4.1222977,4.1222977,0.108781566687
4.7847264,4.7847264,0.108781566687
5.47007,5.47007,0.108781566687
3.8980811,3.8980811,0.108781566687
6.0347935,6.0347935,0.108781566687
5.1434243,5.1434243,0.108781566687
6.1200217,6.1200217,0.108781566687
3.8711341,3.8711341,0.108781566687
6.0203398,6.0203398,0.108781566687
6.1200194,6.1200194,0.108781566687
-14.879978,-10.0,0.108781566687
6.1200202,6.1200202,0.108781566687
5.7710191,5.7710191,0.108781566687
6.1200032,6.1200032,0.108781566687
-10.137097,-10.0,0.108781566687
-13.2165055,-10.0,0.108781566687
4.8957591,4.8957591,0.108781566687
-2.3740756,-2.3740756,0.108781566687
-18.5421156,-10.0,0.108781566687
-1.9977217,-1.9977217,0.108781566687
-1.335293,-1.335293,0.108781566687
-0.6499494,-0.6499494,0.108781566687
-2.2219383,-2.2219383,0.108781566687
-0.0852259,-0.0852259,0.108781566687
-0.9765951,-0.9765951,0.108781566687
2.29999999846e-06,2.29999999846e-06,0.108781566687
-2.2488853,-2.2488853,0.108781566687
-0.0996796,-0.0996796,0.108781566687
-6.1200194,-6.1200194,0.108781566687
-20.9999974,-10.0,0.108781566687
7.99999998691e-07,7.99999998691e-07,0.108781566687
-0.3490003,-0.3490003,0.108781566687
-1.6200000001e-05,-1.6200000001e-05,0.108781566687
-16.2571164,-10.0,0.108781566687
-19.3365249,-10.0,0.108781566687
-1.2242603,-1.2242603,0.108781566687
-8.494095,-8.494095,0.108781566687
2.4578818,2.4578818,0.108781566687
19.0022757,10.0,0.108781566687
19.6647044,10.0,0.108781566687
20.350048,10.0,0.108781566687
18.7780591,10.0,0.108781566687
20.9147715,10.0,0.108781566687
20.0234023,10.0,0.108781566687
20.9999997,10.0,0.108781566687
18.7511121,10.0,0.108781566687
20.9003178,10.0,0.108781566687
14.879978,10.0,0.108781566687
20.9999974,10.0,0.108781566687
20.9999982,10.0,0.108781566687
20.6509971,10.0,0.108781566687
20.9999812,10.0,0.108781566687
4.742881,4.742881,0.108781566687
1.6634725,1.6634725,0.108781566687
19.7757371,10.0,0.108781566687
12.5059024,10.0,0.108781566687
-18.5421164,-10.0,0.108781566687
-1.9977225,-1.9977225,0.108781566687
-1.3352938,-1.3352938,0.108781566687
-0.6499502,-0.6499502,0.108781566687
-2.2219391,-2.2219391,0.108781566687
-0.0852267,-0.0852267,0.108781566687
-0.9765959,-0.9765959,0.108781566687
1.49999999977e-06,1.49999999977e-06,0.108781566687
-2.2488861,-2.2488861,0.108781566687
-0.0996804,-0.0996804,0.108781566687
-6.1200202,-6.1200202,0.108781566687
-7.99999998691e-07,-7.99999998691e-07,0.108781566687
-20.9999982,-10.0,0.108781566687
-0.3490011,-0.3490011,0.108781566687
-1.69999999997e-05,-1.69999999997e-05,0.108781566687
-16.2571172,-10.0,0.108781566687
-19.3365257,-10.0,0.108781566687
-1.2242611,-1.2242611,0.108781566687
-8.4940958,-8.4940958,0.108781566687
-18.1931153,-10.0,0.108781566687
-1.6487214,-1.6487214,0.108781566687
-0.9862927,-0.9862927,0.108781566687
-0.3009491,-0.3009491,0.108781566687
-1.872938,-1.872938,0.108781566687
0.2637744,0.2637744,0.108781566687
-0.6275948,-0.6275948,0.108781566687
0.3490026,0.3490026,0.108781566687
-1.899885,-1.899885,0.108781566687
0.2493207,0.2493207,0.108781566687
-5.7710191,-5.7710191,0.108781566687
0.3490003,0.3490003,0.108781566687
-20.6509971,-10.0,0.108781566687
0.3490011,0.3490011,0.108781566687
0.3489841,0.3489841,0.108781566687
-15.9081161,-10.0,0.108781566687
-18.9875246,-10.0,0.108781566687
-0.87526,-0.87526,0.108781566687
-8.1450947,-8.1450947,0.108781566687
-18.5420994,-10.0,0.108781566687
-1.9977055,-1.9977055,0.108781566687
-1.3352768,-1.3352768,0.108781566687
-0.6499332,-0.6499332,0.108781566687
-2.2219221,-2.2219221,0.108781566687
-0.0852097,-0.0852097,0.108781566687
-0.9765789,-0.9765789,0.108781566687
1.84999999995e-05,1.84999999995e-05,0.108781566687
-2.2488691,-2.2488691,0.108781566687
-0.0996634,-0.0996634,0.108781566687
-6.1200032,-6.1200032,0.108781566687
1.6200000001e-05,1.6200000001e-05,0.108781566687
-20.9999812,-10.0,0.108781566687
1.69999999997e-05,1.69999999997e-05,0.108781566687
-0.3489841,-0.3489841,0.108781566687
-16.2571002,-10.0,0.108781566687
-19.3365087,-10.0,0.108781566687
-1.2242441,-1.2242441,0.108781566687
-8.4940788,-8.4940788,0.108781566687
-2.2849992,-2.2849992,0.108781566687
14.2593947,10.0,0.108781566687
14.9218234,10.0,0.108781566687
15.607167,10.0,0.108781566687
14.0351781,10.0,0.108781566687
16.1718905,10.0,0.108781566687
15.2805213,10.0,0.108781566687
16.2571187,10.0,0.108781566687
14.0082311,10.0,0.108781566687
16.1574368,10.0,0.108781566687
10.137097,10.0,0.108781566687
16.2571164,10.0,0.108781566687
-4.742881,-4.742881,0.108781566687
16.2571172,10.0,0.108781566687
15.9081161,10.0,0.108781566687
16.2571002,10.0,0.108781566687
-3.0794085,-3.0794085,0.108781566687
15.0328561,10.0,0.108781566687
7.7630214,7.7630214,0.108781566687
0.7944093,0.7944093,0.108781566687
17.3388032,10.0,0.108781566687
18.0012319,10.0,0.108781566687
18.6865755,10.0,0.108781566687
17.1145866,10.0,0.108781566687
19.251299,10.0,0.108781566687
18.3599298,10.0,0.108781566687
19.3365272,10.0,0.108781566687
17.0876396,10.0,0.108781566687
19.2368453,10.0,0.108781566687
13.2165055,10.0,0.108781566687
19.3365249,10.0,0.108781566687
-1.6634725,-1.6634725,0.108781566687
19.3365257,10.0,0.108781566687
18.9875246,10.0,0.108781566687
19.3365087,10.0,0.108781566687
3.0794085,3.0794085,0.108781566687
18.1122646,10.0,0.108781566687
10.8424299,10.0,0.108781566687
-17.3178553,-10.0,0.108781566687
-0.7734614,-0.7734614,0.108781566687
-0.1110327,-0.1110327,0.108781566687
0.5743109,0.5743109,0.108781566687
-0.997678,-0.997678,0.108781566687
1.1390344,1.1390344,0.108781566687
0.2476652,0.2476652,0.108781566687
1.2242626,1.2242626,0.108781566687
-1.024625,-1.024625,0.108781566687
1.1245807,1.1245807,0.108781566687
-4.8957591,-4.8957591,0.108781566687
1.2242603,1.2242603,0.108781566687
-19.7757371,-10.0,0.108781566687
1.2242611,1.2242611,0.108781566687
0.87526,0.87526,0.108781566687
1.2242441,1.2242441,0.108781566687
-15.0328561,-10.0,0.108781566687
-18.1122646,-10.0,0.108781566687
-7.2698347,-7.2698347,0.108781566687
-10.0480206,-10.0,0.108781566687
6.4963733,6.4963733,0.108781566687
7.158802,7.158802,0.108781566687
7.8441456,7.8441456,0.108781566687
6.2721567,6.2721567,0.108781566687
8.4088691,8.4088691,0.108781566687
7.5174999,7.5174999,0.108781566687
8.4940973,8.4940973,0.108781566687
6.2452097,6.2452097,0.108781566687
8.3944154,8.3944154,0.108781566687
2.3740756,2.3740756,0.108781566687
8.494095,8.494095,0.108781566687
-12.5059024,-10.0,0.108781566687
8.4940958,8.4940958,0.108781566687
8.1450947,8.1450947,0.108781566687
8.4940788,8.4940788,0.108781566687
-7.7630214,-7.7630214,0.108781566687
-10.8424299,-10.0,0.108781566687
7.2698347,7.2698347,0.108781566687
3.6126641,3.6126641,0.644637028723
-0.188339,-0.188339,0.644637028723
-1.1857945,-1.1857945,0.644637028723
-0.2819831,-0.2819831,0.644637028723
-0.1552658,-0.1552658,0.644637028723
0.2952722,0.2952722,0.644637028723
2.0692542,2.0692542,0.644637028723
-1.3759232,-1.3759232,0.644637028723
16.509971,10.0,0.644637028723
1.3251205,1.3251205,0.644637028723
-0.5033107,-0.5033107,0.644637028723
-1.1012322,-1.1012322,0.644637028723
-1.2488722,-1.2488722,0.644637028723
19.6239909,10.0,0.644637028723
-1.14095,-1.14095,0.644637028723
-0.838168,-0.838168,0.644637028723
0.7926367,0.7926367,0.644637028723
-0.9733211,-0.9733211,0.644637028723
19.4370307,10.0,0.644637028723
-3.6126641,-3.6126641,0.644637028723
-3.8010031,-3.8010031,0.644637028723
-4.7984586,-4.7984586,0.644637028723
-3.8946472,-3.8946472,0.644637028723
-3.7679299,-3.7679299,0.644637028723
-3.3173919,-3.3173919,0.644637028723
-1.5434099,-1.5434099,0.644637028723
-4.9885873,-4.9885873,0.644637028723
12.8973069,10.0,0.644637028723
-2.2875436,-2.2875436,0.644637028723
-4.1159748,-4.1159748,0.644637028723
-4.7138963,-4.7138963,0.644637028723
-4.8615363,-4.8615363,0.644637028723
16.0113268,10.0,0.644637028723
-4.7536141,-4.7536141,0.644637028723
-4.4508321,-4.4508321,0.644637028723
-2.8200274,-2.8200274,0.644637028723
-4.5859852,-4.5859852,0.644637028723
15.8243666,10.0,0.644637028723
0.188339,0.188339,0.644637028723
3.8010031,3.8010031,0.644637028723
-0.9974555,-0.9974555,0.644637028723
-0.0936441,-0.0936441,0.644637028723
0.0330732,0.0330732,0.644637028723
0.4836112,0.4836112,0.644637028723
2.2575932,2.2575932,0.644637028723
-1.1875842,-1.1875842,0.644637028723
16.69831,10.0,0.644637028723
1.5134595,1.5134595,0.644637028723
-0.3149717,-0.3149717,0.644637028723
-0.9128932,-0.9128932,0.644637028723
-1.0605332,-1.0605332,0.644637028723
19.8123299,10.0,0.644637028723
-0.952611,-0.952611,0.644637028723
-0.649829,-0.649829,0.644637028723
0.9809757,0.9809757,0.644637028723
-0.7849821,-0.7849821,0.644637028723
19.6253697,10.0,0.644637028723
1.1857945,1.1857945,0.644637028723
4.7984586,4.7984586,0.644637028723
0.9974555,0.9974555,0.644637028723
0.9038114,0.9038114,0.644637028723
1.0305287,1.0305287,0.644637028723
1.4810667,1.4810667,0.644637028723
3.2550487,3.2550487,0.644637028723
-0.1901287,-0.1901287,0.644637028723
17.6957655,10.0,0.644637028723
2.510915,2.510915,0.644637028723
0.6824838,0.6824838,0.644637028723
0.0845623,0.0845623,0.644637028723
-0.0630777,-0.0630777,0.644637028723
20.8097854,10.0,0.644637028723
0.0448445,0.0448445,0.644637028723
0.3476265,0.3476265,0.644637028723
1.9784312,1.9784312,0.644637028723
0.2124734,0.2124734,0.644637028723
20.6228252,10.0,0.644637028723
0.2819831,0.2819831,0.644637028723
3.8946472,3.8946472,0.644637028723
0.0936441,0.0936441,0.644637028723
-0.9038114,-0.9038114,0.644637028723
0.1267173,0.1267173,0.644637028723
0.5772553,0.5772553,0.644637028723
2.3512373,2.3512373,0.644637028723
-1.0939401,-1.0939401,0.644637028723
16.7919541,10.0,0.644637028723
1.6071036,1.6071036,0.644637028723
-0.2213276,-0.2213276,0.644637028723
-0.8192491,-0.8192491,0.644637028723
-0.9668891,-0.9668891,0.644637028723
19.905974,10.0,0.644637028723
-0.8589669,-0.8589669,0.644637028723
-0.5561849,-0.5561849,0.644637028723
1.0746198,1.0746198,0.644637028723
-0.691338,-0.691338,0.644637028723
19.7190138,10.0,0.644637028723
0.1552658,0.1552658,0.644637028723
3.7679299,3.7679299,0.644637028723
-0.0330732,-0.0330732,0.644637028723
-1.0305287,-1.0305287,0.644637028723
-0.1267173,-0.1267173,0.644637028723
0.450538,0.450538,0.644637028723
2.22452,2.22452,0.644637028723
-1.2206574,-1.2206574,0.644637028723
16.6652368,10.0,0.644637028723
1.4803863,1.4803863,0.644637028723
-0.3480449,-0.3480449,0.644637028723
-0.9459664,-0.9459664,0.644637028723
-1.0936064,-1.0936064,0.644637028723
19.7792567,10.0,0.644637028723
-0.9856842,-0.9856842,0.644637028723
-0.6829022,-0.6829022,0.644637028723
0.9479025,0.9479025,0.644637028723
-0.8180553,-0.8180553,0.644637028723
19.5922965,10.0,0.644637028723
-0.2952722,-0.2952722,0.644637028723
3.3173919,3.3173919,0.644637028723
-0.4836112,-0.4836112,0.644637028723
-1.4810667,-1.4810667,0.644637028723
-0.5772553,-0.5772553,0.644637028723
-0.450538,-0.450538,0.644637028723
1.773982,1.773982,0.644637028723
-1.6711954,-1.6711954,0.644637028723
16.2146988,10.0,0.644637028723
1.0298483,1.0298483,0.644637028723
-0.7985829,-0.7985829,0.644637028723
-1.3965044,-1.3965044,0.644637028723
-1.5441444,-1.5441444,0.644637028723
19.3287187,10.0,0.644637028723
-1.4362222,-1.4362222,0.644637028723
-1.1334402,-1.1334402,0.644637028723
0.4973645,0.4973645,0.644637028723
-1.2685933,-1.2685933,0.644637028723
19.1417585,10.0,0.644637028723
-2.0692542,-2.0692542,0.644637028723
1.5434099,1.5434099,0.644637028723
-2.2575932,-2.2575932,0.644637028723
-3.2550487,-3.2550487,0.644637028723
-2.3512373,-2.3512373,0.644637028723
-2.22452,-2.22452,0.644637028723
-1.773982,-1.773982,0.644637028723
-3.4451774,-3.4451774,0.644637028723
14.4407168,10.0,0.644637028723
-0.7441337,-0.7441337,0.644637028723
-2.5725649,-2.5725649,0.644637028723
-3.1704864,-3.1704864,0.644637028723
-3.3181264,-3.3181264,0.644637028723
17.5547367,10.0,0.644637028723
-3.2102042,-3.2102042,0.644637028723
-2.9074222,-2.9074222,0.644637028723
-1.2766175,-1.2766175,0.644637028723
-3.0425753,-3.0425753,0.644637028723
17.3677765,10.0,0.644637028723
1.3759232,1.3759232,0.644637028723
4.9885873,4.9885873,0.644637028723
1.1875842,1.1875842,0.644637028723
0.1901287,0.1901287,0.644637028723
1.0939401,1.0939401,0.644637028723
1.2206574,1.2206574,0.644637028723
1.6711954,1.6711954,0.644637028723
3.4451774,3.4451774,0.644637028723
17.8858942,10.0,0.644637028723
2.7010437,2.7010437,0.644637028723
0.8726125,0.8726125,0.644637028723
0.274691,0.274691,0.644637028723
0.127051,0.127051,0.644637028723
20.9999141,10.0,0.644637028723
0.2349732,0.2349732,0.644637028723
0.5377552,0.5377552,0.644637028723
2.1685599,2.1685599,0.644637028723
0.4026021,0.4026021,0.644637028723
20.8129539,10.0,0.644637028723
-16.509971,-10.0,0.644637028723
-12.8973069,-10.0,0.644637028723
-16.69831,-10.0,0.644637028723
-17.6957655,-10.0,0.644637028723
-16.7919541,-10.0,0.644637028723
-16.6652368,-10.0,0.644637028723
-16.2146988,-10.0,0.644637028723
-14.4407168,-10.0,0.644637028723
-17.8858942,-10.0,0.644637028723
-15.1848505,-10.0,0.644637028723
-17.0132817,-10.0,0.644637028723
-17.6112032,-10.0,0.644637028723
-17.7588432,-10.0,0.644637028723
3.1140199,3.1140199,0.644637028723
-17.650921,-10.0,0.644637028723
-17.348139,-10.0,0.644637028723
-15.7173343,-10.0,0.644637028723
-17.4832921,-10.0,0.644637028723
2.9270597,2.9270597,0.644637028723
-1.3251205,-1.3251205,0.644637028723
2.2875436,2.2875436,0.644637028723
-1.5134595,-1.5134595,0.644637028723
-2.510915,-2.510915,0.644637028723
-1.6071036,-1.6071036,0.644637028723
-1.4803863,-1.4803863,0.644637028723
-1.0298483,-1.0298483,0.644637028723
0.7441337,0.7441337,0.644637028723
-2.7010437,-2.7010437,0.644637028723
15.1848505,10.0,0.644637028723
-1.8284312,-1.8284312,0.644637028723
-2.4263527,-2.4263527,0.644637028723
-2.5739927,-2.5739927,0.644637028723
18.2988704,10.0,0.644637028723
-2.4660705,-2.4660705,0.644637028723
-2.1632885,-2.1632885,0.644637028723
-0.5324838,-0.5324838,0.644637028723
-2.2984416,-2.2984416,0.644637028723
18.1119102,10.0,0.644637028723
0.5033107,0.5033107,0.644637028723
4.1159748,4.1159748,0.644637028723
0.3149717,0.3149717,0.644637028723
-0.6824838,-0.6824838,0.644637028723
0.2213276,0.2213276,0.644637028723
0.3480449,0.3480449,0.644637028723
0.7985829,0.7985829,0.644637028723
2.5725649,2.5725649,0.644637028723
-0.8726125,-0.8726125,0.644637028723
17.0132817,10.0,0.644637028723
1.8284312,1.8284312,0.644637028723
-0.5979215,-0.5979215,0.644637028723
-0.7455615,-0.7455615,0.644637028723
20.1273016,10.0,0.644637028723
-0.6376393,-0.6376393,0.644637028723
-0.3348573,-0.3348573,0.644637028723
1.2959474,1.2959474,0.644637028723
-0.4700104,-0.4700104,0.644637028723
19.9403414,10.0,0.644637028723
1.1012322,1.1012322,0.644637028723
4.7138963,4.7138963,0.644637028723
0.9128932,0.9128932,0.644637028723
-0.0845623,-0.0845623,0.644637028723
0.8192491,0.8192491,0.644637028723
0.9459664,0.9459664,0.644637028723
1.3965044,1.3965044,0.644637028723
3.1704864,3.1704864,0.644637028723
-0.274691,-0.274691,0.644637028723
17.6112032,10.0,0.644637028723
2.4263527,2.4263527,0.644637028723
0.5979215,0.5979215,0.644637028723
-0.14764,-0.14764,0.644637028723
20.7252231,10.0,0.644637028723
-0.0397178,-0.0397178,0.644637028723
0.2630642,0.2630642,0.644637028723
1.8938689,1.8938689,0.644637028723
0.1279111,0.1279111,0.644637028723
20.5382629,10.0,0.644637028723
1.2488722,1.2488722,0.644637028723
4.8615363,4.8615363,0.644637028723
1.0605332,1.0605332,0.644637028723
0.0630777,0.0630777,0.644637028723
0.9668891,0.9668891,0.644637028723
1.0936064,1.0936064,0.644637028723
1.5441444,1.5441444,0.644637028723
3.3181264,3.3181264,0.644637028723
-0.127051,-0.127051,0.644637028723
17.7588432,10.0,0.644637028723
2.5739927,2.5739927,0.644637028723
0.7455615,0.7455615,0.644637028723
0.14764,0.14764,0.644637028723
20.8728631,10.0,0.644637028723
0.1079222,0.1079222,0.644637028723
0.4107042,0.4107042,0.644637028723
2.0415089,2.0415089,0.644637028723
0.2755511,0.2755511,0.644637028723
20.6859029,10.0,0.644637028723
-19.6239909,-10.0,0.644637028723
-16.0113268,-10.0,0.644637028723
-19.8123299,-10.0,0.644637028723
-20.8097854,-10.0,0.644637028723
-19.905974,-10.0,0.644637028723
-19.7792567,-10.0,0.644637028723
-19.3287187,-10.0,0.644637028723
-17.5547367,-10.0,0.644637028723
-20.9999141,-10.0,0.644637028723
-3.1140199,-3.1140199,0.644637028723
-18.2988704,-10.0,0.644637028723
-20.1273016,-10.0,0.644637028723
-20.7252231,-10.0,0.644637028723
-20.8728631,-10.0,0.644637028723
-20.7649409,-10.0,0.644637028723
-20.4621589,-10.0,0.644637028723
-18.8313542,-10.0,0.644637028723
-20.597312,-10.0,0.644637028723
-0.1869602,-0.1869602,0.644637028723
1.14095,1.14095,0.644637028723
4.7536141,4.7536141,0.644637028723
0.952611,0.952611,0.644637028723
-0.0448445,-0.0448445,0.644637028723
0.8589669,0.8589669,0.644637028723
0.9856842,0.9856842,0.644637028723
1.4362222,1.4362222,0.644637028723
3.2102042,3.2102042,0.644637028723
-0.2349732,-0.2349732,0.644637028723
17.650921,10.0,0.644637028723
2.4660705,2.4660705,0.644637028723
0.6376393,0.6376393,0.644637028723
0.0397178,0.0397178,0.644637028723
-0.1079222,-0.1079222,0.644637028723
20.7649409,10.0,0.644637028723
0.302782,0.302782,0.644637028723
1.9335867,1.9335867,0.644637028723
0.1676289,0.1676289,0.644637028723
20.5779807,10.0,0.644637028723
0.838168,0.838168,0.644637028723
4.4508321,4.4508321,0.644637028723
0.649829,0.649829,0.644637028723
-0.3476265,-0.3476265,0.644637028723
0.5561849,0.5561849,0.644637028723
0.6829022,0.6829022,0.644637028723
1.1334402,1.1334402,0.644637028723
2.9074222,2.9074222,0.644637028723
-0.5377552,-0.5377552,0.644637028723
17.348139,10.0,0.644637028723
2.1632885,2.1632885,0.644637028723
0.3348573,0.3348573,0.644637028723
-0.2630642,-0.2630642,0.644637028723
-0.4107042,-0.4107042,0.644637028723
20.4621589,10.0,0.644637028723
-0.302782,-0.302782,0.644637028723
1.6308047,1.6308047,0.644637028723
-0.1351531,-0.1351531,0.644637028723
20.2751987,10.0,0.644637028723
-0.7926367,-0.7926367,0.644637028723
2.8200274,2.8200274,0.644637028723
-0.9809757,-0.9809757,0.644637028723
-1.9784312,-1.9784312,0.644637028723
-1.0746198,-1.0746198,0.644637028723
-0.9479025,-0.9479025,0.644637028723
-0.4973645,-0.4973645,0.644637028723
1.2766175,1.2766175,0.644637028723
-2.1685599,-2.1685599,0.644637028723
15.7173343,10.0,0.644637028723
0.5324838,0.5324838,0.644637028723
-1.2959474,-1.2959474,0.644637028723
-1.8938689,-1.8938689,0.644637028723
-2.0415089,-2.0415089,0.644637028723
18.8313542,10.0,0.644637028723
-1.9335867,-1.9335867,0.644637028723
-1.6308047,-1.6308047,0.644637028723
-1.7659578,-1.7659578,0.644637028723
18.644394,10.0,0.644637028723
0.9733211,0.9733211,0.644637028723
4.5859852,4.5859852,0.644637028723
0.7849821,0.7849821,0.644637028723
-0.2124734,-0.2124734,0.644637028723
0.691338,0.691338,0.644637028723
0.8180553,0.8180553,0.644637028723
1.2685933,1.2685933,0.644637028723
3.0425753,3.0425753,0.644637028723
-0.4026021,-0.4026021,0.644637028723
17.4832921,10.0,0.644637028723
2.2984416,2.2984416,0.644637028723
0.4700104,0.4700104,0.644637028723
-0.1279111,-0.1279111,0.644637028723
-0.2755511,-0.2755511,0.644637028723
20.597312,10.0,0.644637028723
-0.1676289,-0.1676289,0.644637028723
0.1351531,0.1351531,0.644637028723
1.7659578,1.7659578,0.644637028723
20.4103518,10.0,0.644637028723
-19.4370307,-10.0,0.644637028723
-15.8243666,-10.0,0.644637028723
-19.6253697,-10.0,0.644637028723
-20.6228252,-10.0,0.644637028723
-19.7190138,-10.0,0.644637028723
-19.5922965,-10.0,0.644637028723
-19.1417585,-10.0,0.644637028723
-17.3677765,-10.0,0.644637028723
-20.8129539,-10.0,0.644637028723
-2.9270597,-2.9270597,0.644637028723
-18.1119102,-10.0,0.644637028723
-19.9403414,-10.0,0.644637028723
-20.5382629,-10.0,0.644637028723
-20.6859029,-10.0,0.644637028723
0.1869602,0.1869602,0.644637028723
-20.5779807,-10.0,0.644637028723
-20.2751987,-10.0,0.644637028723
-18.644394,-10.0,0.644637028723
-20.4103518,-10.0,0.644637028723
20.3332762,10.0,0.29427604041
-3.3306056,-3.3306056,0.29427604041
-0.5447359,-0.5447359,0.29427604041
20.4717266,10.0,0.29427604041
2.0233095,2.0233095,0.29427604041
1.3894892,1.3894892,0.29427604041
1.1525182,1.1525182,0.29427604041
3.0545818,3.0545818,0.29427604041
-0.4023047,-0.4023047,0.29427604041
16.7446104,10.0,0.29427604041
-0.239428,-0.239428,0.29427604041
0.5347971,0.5347971,0.29427604041
-0.3346388,-0.3346388,0.29427604041
1.1362668,1.1362668,0.29427604041
0.3880213,0.3880213,0.29427604041
1.894023,1.894023,0.29427604041
15.7525632,10.0,0.29427604041
14.0099888,10.0,0.29427604041
20.5976953,10.0,0.29427604041
-20.3332762,-10.0,0.29427604041
-23.6638818,-10.0,0.29427604041
-20.8780121,-10.0,0.29427604041
0.1384504,0.1384504,0.29427604041
-18.3099667,-10.0,0.29427604041
-18.943787,-10.0,0.29427604041
-19.180758,-10.0,0.29427604041
-17.2786944,-10.0,0.29427604041
-20.7355809,-10.0,0.29427604041
-3.5886658,-3.5886658,0.29427604041
-20.5727042,-10.0,0.29427604041
-19.7984791,-10.0,0.29427604041
-20.667915,-10.0,0.29427604041
-19.1970094,-10.0,0.29427604041
-19.9452549,-10.0,0.29427604041
-18.4392532,-10.0,0.29427604041
-4.580713,-4.580713,0.29427604041
-6.3232874,-6.3232874,0.29427604041
0.2644191,0.2644191,0.29427604041
3.3306056,3.3306056,0.29427604041
23.6638818,10.0,0.29427604041
2.7858697,2.7858697,0.29427604041
23.8023322,10.0,0.29427604041
5.3539151,5.3539151,0.29427604041
4.7200948,4.7200948,0.29427604041
4.4831238,4.4831238,0.29427604041
6.3851874,6.3851874,0.29427604041
2.9283009,2.9283009,0.29427604041
20.075216,10.0,0.29427604041
3.0911776,3.0911776,0.29427604041
3.8654027,3.8654027,0.29427604041
2.9959668,2.9959668,0.29427604041
4.4668724,4.4668724,0.29427604041
3.7186269,3.7186269,0.29427604041
5.2246286,5.2246286,0.29427604041
19.0831688,10.0,0.29427604041
17.3405944,10.0,0.29427604041
23.9283009,10.0,0.29427604041
0.5447359,0.5447359,0.29427604041
20.8780121,10.0,0.29427604041
-2.7858697,-2.7858697,0.29427604041
21.0164625,10.0,0.29427604041
2.5680454,2.5680454,0.29427604041
1.9342251,1.9342251,0.29427604041
1.6972541,1.6972541,0.29427604041
3.5993177,3.5993177,0.29427604041
0.1424312,0.1424312,0.29427604041
17.2893463,10.0,0.29427604041
0.3053079,0.3053079,0.29427604041
1.079533,1.079533,0.29427604041
0.2100971,0.2100971,0.29427604041
1.6810027,1.6810027,0.29427604041
0.9327572,0.9327572,0.29427604041
2.4387589,2.4387589,0.29427604041
16.2972991,10.0,0.29427604041
14.5547247,10.0,0.29427604041
21.1424312,10.0,0.29427604041
-20.4717266,-10.0,0.29427604041
-0.1384504,-0.1384504,0.29427604041
-23.8023322,-10.0,0.29427604041
-21.0164625,-10.0,0.29427604041
-18.4484171,-10.0,0.29427604041
-19.0822374,-10.0,0.29427604041
-19.3192084,-10.0,0.29427604041
-17.4171448,-10.0,0.29427604041
-20.8740313,-10.0,0.29427604041
-3.7271162,-3.7271162,0.29427604041
-20.7111546,-10.0,0.29427604041
-19.9369295,-10.0,0.29427604041
-20.8063654,-10.0,0.29427604041
-19.3354598,-10.0,0.29427604041
-20.0837053,-10.0,0.29427604041
-18.5777036,-10.0,0.29427604041
-4.7191634,-4.7191634,0.29427604041
-6.4617378,-6.4617378,0.29427604041
0.1259687,0.1259687,0.29427604041
-2.0233095,-2.0233095,0.29427604041
18.3099667,10.0,0.29427604041
-5.3539151,-5.3539151,0.29427604041
-2.5680454,-2.5680454,0.29427604041
18.4484171,10.0,0.29427604041
-0.6338203,-0.6338203,0.29427604041
-0.8707913,-0.8707913,0.29427604041
1.0312723,1.0312723,0.29427604041
-2.4256142,-2.4256142,0.29427604041
14.7213009,10.0,0.29427604041
-2.2627375,-2.2627375,0.29427604041
-1.4885124,-1.4885124,0.29427604041
-2.3579483,-2.3579483,0.29427604041
-0.8870427,-0.8870427,0.29427604041
-1.6352882,-1.6352882,0.29427604041
-0.1292865,-0.1292865,0.29427604041
13.7292537,10.0,0.29427604041
11.9866793,10.0,0.29427604041
18.5743858,10.0,0.29427604041
-1.3894892,-1.3894892,0.29427604041
18.943787,10.0,0.29427604041
-4.7200948,-4.7200948,0.29427604041
-1.9342251,-1.9342251,0.29427604041
19.0822374,10.0,0.29427604041
0.6338203,0.6338203,0.29427604041
-0.236971,-0.236971,0.29427604041
1.6650926,1.6650926,0.29427604041
-1.7917939,-1.7917939,0.29427604041
15.3551212,10.0,0.29427604041
-1.6289172,-1.6289172,0.29427604041
-0.8546921,-0.8546921,0.29427604041
-1.724128,-1.724128,0.29427604041
-0.2532224,-0.2532224,0.29427604041
-1.0014679,-1.0014679,0.29427604041
0.5045338,0.5045338,0.29427604041
14.363074,10.0,0.29427604041
12.6204996,10.0,0.29427604041
19.2082061,10.0,0.29427604041
-1.1525182,-1.1525182,0.29427604041
19.180758,10.0,0.29427604041
-4.4831238,-4.4831238,0.29427604041
-1.6972541,-1.6972541,0.29427604041
19.3192084,10.0,0.29427604041
0.8707913,0.8707913,0.29427604041
0.236971,0.236971,0.29427604041
1.9020636,1.9020636,0.29427604041
-1.5548229,-1.5548229,0.29427604041
15.5920922,10.0,0.29427604041
-1.3919462,-1.3919462,0.29427604041
-0.6177211,-0.6177211,0.29427604041
-1.487157,-1.487157,0.29427604041
-0.0162514,-0.0162514,0.29427604041
-0.7644969,-0.7644969,0.29427604041
0.7415048,0.7415048,0.29427604041
14.600045,10.0,0.29427604041
12.8574706,10.0,0.29427604041
19.4451771,10.0,0.29427604041
-3.0545818,-3.0545818,0.29427604041
17.2786944,10.0,0.29427604041
-6.3851874,-6.3851874,0.29427604041
-3.5993177,-3.5993177,0.29427604041
17.4171448,10.0,0.29427604041
-1.0312723,-1.0312723,0.29427604041
-1.6650926,-1.6650926,0.29427604041
-1.9020636,-1.9020636,0.29427604041
-3.4568865,-3.4568865,0.29427604041
13.6900286,10.0,0.29427604041
-3.2940098,-3.2940098,0.29427604041
-2.5197847,-2.5197847,0.29427604041
-3.3892206,-3.3892206,0.29427604041
-1.918315,-1.918315,0.29427604041
-2.6665605,-2.6665605,0.29427604041
-1.1605588,-1.1605588,0.29427604041
12.6979814,10.0,0.29427604041
10.955407,10.0,0.29427604041
17.5431135,10.0,0.29427604041
0.4023047,0.4023047,0.29427604041
20.7355809,10.0,0.29427604041
-2.9283009,-2.9283009,0.29427604041
-0.1424312,-0.1424312,0.29427604041
20.8740313,10.0,0.29427604041
2.4256142,2.4256142,0.29427604041
1.7917939,1.7917939,0.29427604041
1.5548229,1.5548229,0.29427604041
3.4568865,3.4568865,0.29427604041
17.1469151,10.0,0.29427604041
0.1628767,0.1628767,0.29427604041
0.9371018,0.9371018,0.29427604041
0.0676659,0.0676659,0.29427604041
1.5385715,1.5385715,0.29427604041
0.790326,0.790326,0.29427604041
2.2963277,2.2963277,0.29427604041
16.1548679,10.0,0.29427604041
14.4122935,10.0,0.29427604041
21.0,10.0,0.29427604041
-16.7446104,-10.0,0.29427604041
3.5886658,3.5886658,0.29427604041
-20.075216,-10.0,0.29427604041
-17.2893463,-10.0,0.29427604041
3.7271162,3.7271162,0.29427604041
-14.7213009,-10.0,0.29427604041
-15.3551212,-10.0,0.29427604041
-15.5920922,-10.0,0.29427604041
-13.6900286,-10.0,0.29427604041
-17.1469151,-10.0,0.29427604041
-16.9840384,-10.0,0.29427604041
-16.2098133,-10.0,0.29427604041
-17.0792492,-10.0,0.29427604041
-15.6083436,-10.0,0.29427604041
-16.3565891,-10.0,0.29427604041
-14.8505874,-10.0,0.29427604041
-0.9920472,-0.9920472,0.29427604041
-2.7346216,-2.7346216,0.29427604041
3.8530849,3.8530849,0.29427604041
0.239428,0.239428,0.29427604041
20.5727042,10.0,0.29427604041
-3.0911776,-3.0911776,0.29427604041
-0.3053079,-0.3053079,0.29427604041
20.7111546,10.0,0.29427604041
2.2627375,2.2627375,0.29427604041
1.6289172,1.6289172,0.29427604041
1.3919462,1.3919462,0.29427604041
3.2940098,3.2940098,0.29427604041
-0.1628767,-0.1628767,0.29427604041
16.9840384,10.0,0.29427604041
0.7742251,0.7742251,0.29427604041
-0.0952108,-0.0952108,0.29427604041
1.3756948,1.3756948,0.29427604041
0.6274493,0.6274493,0.29427604041
2.133451,2.133451,0.29427604041
15.9919912,10.0,0.29427604041
14.2494168,10.0,0.29427604041
20.8371233,10.0,0.29427604041
-0.5347971,-0.5347971,0.29427604041
19.7984791,10.0,0.29427604041
-3.8654027,-3.8654027,0.29427604041
-1.079533,-1.079533,0.29427604041
19.9369295,10.0,0.29427604041
1.4885124,1.4885124,0.29427604041
0.8546921,0.8546921,0.29427604041
0.6177211,0.6177211,0.29427604041
2.5197847,2.5197847,0.29427604041
-0.9371018,-0.9371018,0.29427604041
16.2098133,10.0,0.29427604041
-0.7742251,-0.7742251,0.29427604041
-0.8694359,-0.8694359,0.29427604041
0.6014697,0.6014697,0.29427604041
-0.1467758,-0.1467758,0.29427604041
1.3592259,1.3592259,0.29427604041
15.2177661,10.0,0.29427604041
13.4751917,10.0,0.29427604041
20.0628982,10.0,0.29427604041
0.3346388,0.3346388,0.29427604041
20.667915,10.0,0.29427604041
-2.9959668,-2.9959668,0.29427604041
-0.2100971,-0.2100971,0.29427604041
20.8063654,10.0,0.29427604041
2.3579483,2.3579483,0.29427604041
1.724128,1.724128,0.29427604041
1.487157,1.487157,0.29427604041
3.3892206,3.3892206,0.29427604041
-0.0676659,-0.0676659,0.29427604041
17.0792492,10.0,0.29427604041
0.0952108,0.0952108,0.29427604041
0.8694359,0.8694359,0.29427604041
1.4709056,1.4709056,0.29427604041
0.7226601,0.7226601,0.29427604041
2.2286618,2.2286618,0.29427604041
16.087202,10.0,0.29427604041
14.3446276,10.0,0.29427604041
20.9323341,10.0,0.29427604041
-1.1362668,-1.1362668,0.29427604041
19.1970094,10.0,0.29427604041
-4.4668724,-4.4668724,0.29427604041
-1.6810027,-1.6810027,0.29427604041
19.3354598,10.0,0.29427604041
0.8870427,0.8870427,0.29427604041
0.2532224,0.2532224,0.29427604041
0.0162514,0.0162514,0.29427604041
1.918315,1.918315,0.29427604041
-1.5385715,-1.5385715,0.29427604041
15.6083436,10.0,0.29427604041
-1.3756948,-1.3756948,0.29427604041
-0.6014697,-0.6014697,0.29427604041
-1.4709056,-1.4709056,0.29427604041
-0.7482455,-0.7482455,0.29427604041
0.7577562,0.7577562,0.29427604041
14.6162964,10.0,0.29427604041
12.873722,10.0,0.29427604041
19.4614285,10.0,0.29427604041
-0.3880213,-0.3880213,0.29427604041
19.9452549,10.0,0.29427604041
-3.7186269,-3.7186269,0.29427604041
-0.9327572,-0.9327572,0.29427604041
20.0837053,10.0,0.29427604041
1.6352882,1.6352882,0.29427604041
1.0014679,1.0014679,0.29427604041
0.7644969,0.7644969,0.29427604041
2.6665605,2.6665605,0.29427604041
-0.790326,-0.790326,0.29427604041
16.3565891,10.0,0.29427604041
-0.6274493,-0.6274493,0.29427604041
0.1467758,0.1467758,0.29427604041
-0.7226601,-0.7226601,0.29427604041
0.7482455,0.7482455,0.29427604041
1.5060017,1.5060017,0.29427604041
15.3645419,10.0,0.29427604041
13.6219675,10.0,0.29427604041
20.209674,10.0,0.29427604041
-1.894023,-1.894023,0.29427604041
18.4392532,10.0,0.29427604041
-5.2246286,-5.2246286,0.29427604041
-2.4387589,-2.4387589,0.29427604041
18.5777036,10.0,0.29427604041
0.1292865,0.1292865,0.29427604041
-0.5045338,-0.5045338,0.29427604041
-0.7415048,-0.7415048,0.29427604041
1.1605588,1.1605588,0.29427604041
-2.2963277,-2.2963277,0.29427604041
14.8505874,10.0,0.29427604041
-2.133451,-2.133451,0.29427604041
-1.3592259,-1.3592259,0.29427604041
-2.2286618,-2.2286618,0.29427604041
-0.7577562,-0.7577562,0.29427604041
-1.5060017,-1.5060017,0.29427604041
13.8585402,10.0,0.29427604041
12.1159658,10.0,0.29427604041
18.7036723,10.0,0.29427604041
-15.7525632,-10.0,0.29427604041
4.580713,4.580713,0.29427604041
-19.0831688,-10.0,0.29427604041
-16.2972991,-10.0,0.29427604041
4.7191634,4.7191634,0.29427604041
-13.7292537,-10.0,0.29427604041
-14.363074,-10.0,0.29427604041
-14.600045,-10.0,0.29427604041
-12.6979814,-10.0,0.29427604041
-16.1548679,-10.0,0.29427604041
0.9920472,0.9920472,0.29427604041
-15.9919912,-10.0,0.29427604041
-15.2177661,-10.0,0.29427604041
-16.087202,-10.0,0.29427604041
-14.6162964,-10.0,0.29427604041
-15.3645419,-10.0,0.29427604041
-13.8585402,-10.0,0.29427604041
-1.7425744,-1.7425744,0.29427604041
4.8451321,4.8451321,0.29427604041
-14.0099888,-10.0,0.29427604041
6.3232874,6.3232874,0.29427604041
-17.3405944,-10.0,0.29427604041
-14.5547247,-10.0,0.29427604041
6.4617378,6.4617378,0.29427604041
-11.9866793,-10.0,0.29427604041
-12.6204996,-10.0,0.29427604041
-12.8574706,-10.0,0.29427604041
-10.955407,-10.0,0.29427604041
-14.4122935,-10.0,0.29427604041
2.7346216,2.7346216,0.29427604041
-14.2494168,-10.0,0.29427604041
-13.4751917,-10.0,0.29427604041
-14.3446276,-10.0,0.29427604041
-12.873722,-10.0,0.29427604041
-13.6219675,-10.0,0.29427604041
-12.1159658,-10.0,0.29427604041
1.7425744,1.7425744,0.29427604041
6.5877065,6.5877065,0.29427604041
-20.5976953,-10.0,0.29427604041
-0.2644191,-0.2644191,0.29427604041
-23.9283009,-10.0,0.29427604041
-21.1424312,-10.0,0.29427604041
-0.1259687,-0.1259687,0.29427604041
-18.5743858,-10.0,0.29427604041
-19.2082061,-10.0,0.29427604041
-19.4451771,-10.0,0.29427604041
-17.5431135,-10.0,0.29427604041
-21.0,-10.0,0.29427604041
-3.8530849,-3.8530849,0.29427604041
-20.8371233,-10.0,0.29427604041
-20.0628982,-10.0,0.29427604041
-20.9323341,-10.0,0.29427604041
-19.4614285,-10.0,0.29427604041
-20.209674,-10.0,0.29427604041
-18.7036723,-10.0,0.29427604041
-4.8451321,-4.8451321,0.29427604041
-6.5877065,-6.5877065,0.29427604041
17.5197813,10.0,0.402791361748
0.2323608,0.2323608,0.402791361748
17.4018742,10.0,0.402791361748
15.5281616,10.0,0.402791361748
15.6669295,10.0,0.402791361748
16.9148038,10.0,0.402791361748
-3.4800521,-3.4800521,0.402791361748
17.5199472,10.0,0.402791361748
-2.4853927,-2.4853927,0.402791361748
-1.4868845,-1.4868845,0.402791361748
16.1124642,10.0,0.402791361748
16.5049049,10.0,0.402791361748
16.4982732,10.0,0.402791361748
16.3568119,10.0,0.402791361748
1.0437228,1.0437228,0.402791361748
0.4290889,0.4290889,0.402791361748
-2.4602233,-2.4602233,0.402791361748
17.5199479,10.0,0.402791361748
12.0673307,10.0,0.402791361748
-17.5197813,-10.0,0.402791361748
-17.2874205,-10.0,0.402791361748
-0.1179071,-0.1179071,0.402791361748
-1.9916197,-1.9916197,0.402791361748
-1.8528518,-1.8528518,0.402791361748
-0.6049775,-0.6049775,0.402791361748
-20.9998334,-10.0,0.402791361748
0.000165899999999,0.000165899999999,0.402791361748
-20.005174,-10.0,0.402791361748
-19.0066658,-10.0,0.402791361748
-1.4073171,-1.4073171,0.402791361748
-1.0148764,-1.0148764,0.402791361748
-1.0215081,-1.0215081,0.402791361748
-1.1629694,-1.1629694,0.402791361748
-16.4760585,-10.0,0.402791361748
-17.0906924,-10.0,0.402791361748
-19.9800046,-10.0,0.402791361748
0.0001666,0.0001666,0.402791361748
-5.4524506,-5.4524506,0.402791361748
-0.2323608,-0.2323608,0.402791361748
17.2874205,10.0,0.402791361748
17.1695134,10.0,0.402791361748
15.2958008,10.0,0.402791361748
15.4345687,10.0,0.402791361748
16.682443,10.0,0.402791361748
-3.7124129,-3.7124129,0.402791361748
17.2875864,10.0,0.402791361748
-2.7177535,-2.7177535,0.402791361748
-1.7192453,-1.7192453,0.402791361748
15.8801034,10.0,0.402791361748
16.2725441,10.0,0.402791361748
16.2659124,10.0,0.402791361748
16.1244511,10.0,0.402791361748
0.811362,0.811362,0.402791361748
0.1967281,0.1967281,0.402791361748
-2.6925841,-2.6925841,0.402791361748
17.2875871,10.0,0.402791361748
11.8349699,10.0,0.402791361748
-17.4018742,-10.0,0.402791361748
0.1179071,0.1179071,0.402791361748
-17.1695134,-10.0,0.402791361748
-1.8737126,-1.8737126,0.402791361748
-1.7349447,-1.7349447,0.402791361748
-0.4870704,-0.4870704,0.402791361748
-20.8819263,-10.0,0.402791361748
0.118073,0.118073,0.402791361748
-19.8872669,-10.0,0.402791361748
-18.8887587,-10.0,0.402791361748
-1.28941,-1.28941,0.402791361748
-0.8969693,-0.8969693,0.402791361748
-0.903601,-0.903601,0.402791361748
-1.0450623,-1.0450623,0.402791361748
-16.3581514,-10.0,0.402791361748
-16.9727853,-10.0,0.402791361748
-19.8620975,-10.0,0.402791361748
0.1180737,0.1180737,0.402791361748
-5.3345435,-5.3345435,0.402791361748
-15.5281616,-10.0,0.402791361748
1.9916197,1.9916197,0.402791361748
-15.2958008,-10.0,0.402791361748
1.8737126,1.8737126,0.402791361748
0.1387679,0.1387679,0.402791361748
1.3866422,1.3866422,0.402791361748
-19.0082137,-10.0,0.402791361748
1.9917856,1.9917856,0.402791361748
-18.0135543,-10.0,0.402791361748
-17.0150461,-10.0,0.402791361748
0.5843026,0.5843026,0.402791361748
0.9767433,0.9767433,0.402791361748
0.9701116,0.9701116,0.402791361748
0.8286503,0.8286503,0.402791361748
-14.4844388,-10.0,0.402791361748
-15.0990727,-10.0,0.402791361748
-17.9883849,-10.0,0.402791361748
1.9917863,1.9917863,0.402791361748
-3.4608309,-3.4608309,0.402791361748
-15.6669295,-10.0,0.402791361748
1.8528518,1.8528518,0.402791361748
-15.4345687,-10.0,0.402791361748
1.7349447,1.7349447,0.402791361748
-0.1387679,-0.1387679,0.402791361748
1.2478743,1.2478743,0.402791361748
-19.1469816,-10.0,0.402791361748
1.8530177,1.8530177,0.402791361748
-18.1523222,-10.0,0.402791361748
-17.153814,-10.0,0.402791361748
0.4455347,0.4455347,0.402791361748
0.8379754,0.8379754,0.402791361748
0.8313437,0.8313437,0.402791361748
0.6898824,0.6898824,0.402791361748
-14.6232067,-10.0,0.402791361748
-15.2378406,-10.0,0.402791361748
-18.1271528,-10.0,0.402791361748
1.8530184,1.8530184,0.402791361748
-3.5995988,-3.5995988,0.402791361748
-16.9148038,-10.0,0.402791361748
0.6049775,0.6049775,0.402791361748
-16.682443,-10.0,0.402791361748
0.4870704,0.4870704,0.402791361748
-1.3866422,-1.3866422,0.402791361748
-1.2478743,-1.2478743,0.402791361748
-20.3948559,-10.0,0.402791361748
0.6051434,0.6051434,0.402791361748
-19.4001965,-10.0,0.402791361748
-18.4016883,-10.0,0.402791361748
-0.8023396,-0.8023396,0.402791361748
-0.4098989,-0.4098989,0.402791361748
-0.4165306,-0.4165306,0.402791361748
-0.5579919,-0.5579919,0.402791361748
-15.871081,-10.0,0.402791361748
-16.4857149,-10.0,0.402791361748
-19.3750271,-10.0,0.402791361748
0.6051441,0.6051441,0.402791361748
-4.8474731,-4.8474731,0.402791361748
3.4800521,3.4800521,0.402791361748
20.9998334,10.0,0.402791361748
3.7124129,3.7124129,0.402791361748
20.8819263,10.0,0.402791361748
19.0082137,10.0,0.402791361748
19.1469816,10.0,0.402791361748
20.3948559,10.0,0.402791361748
20.9999993,10.0,0.402791361748
0.9946594,0.9946594,0.402791361748
1.9931676,1.9931676,0.402791361748
19.5925163,10.0,0.402791361748
19.984957,10.0,0.402791361748
19.9783253,10.0,0.402791361748
19.836864,10.0,0.402791361748
4.5237749,4.5237749,0.402791361748
3.909141,3.909141,0.402791361748
1.0198288,1.0198288,0.402791361748
21.0,10.0,0.402791361748
15.5473828,10.0,0.402791361748
-17.5199472,-10.0,0.402791361748
-0.000165899999999,-0.000165899999999,0.402791361748
-17.2875864,-10.0,0.402791361748
-0.118073,-0.118073,0.402791361748
-1.9917856,-1.9917856,0.402791361748
-1.8530177,-1.8530177,0.402791361748
-0.6051434,-0.6051434,0.402791361748
-20.9999993,-10.0,0.402791361748
-20.0053399,-10.0,0.402791361748
-19.0068317,-10.0,0.402791361748
-1.407483,-1.407483,0.402791361748
-1.0150423,-1.0150423,0.402791361748
-1.021674,-1.021674,0.402791361748
-1.1631353,-1.1631353,0.402791361748
-16.4762244,-10.0,0.402791361748
-17.0908583,-10.0,0.402791361748
-19.9801705,-10.0,0.402791361748
7.00000001075e-07,7.00000001075e-07,0.402791361748
-5.4526165,-5.4526165,0.402791361748
2.4853927,2.4853927,0.402791361748
20.005174,10.0,0.402791361748
2.7177535,2.7177535,0.402791361748
19.8872669,10.0,0.402791361748
18.0135543,10.0,0.402791361748
18.1523222,10.0,0.402791361748
19.4001965,10.0,0.402791361748
-0.9946594,-0.9946594,0.402791361748
20.0053399,10.0,0.402791361748
0.9985082,0.9985082,0.402791361748
18.5978569,10.0,0.402791361748
18.9902976,10.0,0.402791361748
18.9836659,10.0,0.402791361748
18.8422046,10.0,0.402791361748
3.5291155,3.5291155,0.402791361748
2.9144816,2.9144816,0.402791361748
0.0251694,0.0251694,0.402791361748
20.0053406,10.0,0.402791361748
14.5527234,10.0,0.402791361748
1.4868845,1.4868845,0.402791361748
19.0066658,10.0,0.402791361748
1.7192453,1.7192453,0.402791361748
18.8887587,10.0,0.402791361748
17.0150461,10.0,0.402791361748
17.153814,10.0,0.402791361748
18.4016883,10.0,0.402791361748
-1.9931676,-1.9931676,0.402791361748
19.0068317,10.0,0.402791361748
-0.9985082,-0.9985082,0.402791361748
17.5993487,10.0,0.402791361748
17.9917894,10.0,0.402791361748
17.9851577,10.0,0.402791361748
17.8436964,10.0,0.402791361748
2.5306073,2.5306073,0.402791361748
1.9159734,1.9159734,0.402791361748
-0.9733388,-0.9733388,0.402791361748
19.0068324,10.0,0.402791361748
13.5542152,10.0,0.402791361748
-16.1124642,-10.0,0.402791361748
1.4073171,1.4073171,0.402791361748
-15.8801034,-10.0,0.402791361748
1.28941,1.28941,0.402791361748
-0.5843026,-0.5843026,0.402791361748
-0.4455347,-0.4455347,0.402791361748
0.8023396,0.8023396,0.402791361748
-19.5925163,-10.0,0.402791361748
1.407483,1.407483,0.402791361748
-18.5978569,-10.0,0.402791361748
-17.5993487,-10.0,0.402791361748
0.3924407,0.3924407,0.402791361748
0.385809,0.385809,0.402791361748
0.2443477,0.2443477,0.402791361748
-15.0687414,-10.0,0.402791361748
-15.6833753,-10.0,0.402791361748
-18.5726875,-10.0,0.402791361748
1.4074837,1.4074837,0.402791361748
-4.0451335,-4.0451335,0.402791361748
-16.5049049,-10.0,0.402791361748
1.0148764,1.0148764,0.402791361748
-16.2725441,-10.0,0.402791361748
0.8969693,0.8969693,0.402791361748
-0.9767433,-0.9767433,0.402791361748
-0.8379754,-0.8379754,0.402791361748
0.4098989,0.4098989,0.402791361748
-19.984957,-10.0,0.402791361748
1.0150423,1.0150423,0.402791361748
-18.9902976,-10.0,0.402791361748
-17.9917894,-10.0,0.402791361748
-0.3924407,-0.3924407,0.402791361748
-0.0066317,-0.0066317,0.402791361748
-0.148093,-0.148093,0.402791361748
-15.4611821,-10.0,0.402791361748
-16.075816,-10.0,0.402791361748
-18.9651282,-10.0,0.402791361748
1.015043,1.015043,0.402791361748
-4.4375742,-4.4375742,0.402791361748
-16.4982732,-10.0,0.402791361748
1.0215081,1.0215081,0.402791361748
-16.2659124,-10.0,0.402791361748
0.903601,0.903601,0.402791361748
-0.9701116,-0.9701116,0.402791361748
-0.8313437,-0.8313437,0.402791361748
0.4165306,0.4165306,0.402791361748
-19.9783253,-10.0,0.402791361748
1.021674,1.021674,0.402791361748
-18.9836659,-10.0,0.402791361748
-17.9851577,-10.0,0.402791361748
-0.385809,-0.385809,0.402791361748
0.0066317,0.0066317,0.402791361748
-0.1414613,-0.1414613,0.402791361748
-15.4545504,-10.0,0.402791361748
-16.0691843,-10.0,0.402791361748
-18.9584965,-10.0,0.402791361748
1.0216747,1.0216747,0.402791361748
-4.4309425,-4.4309425,0.402791361748
-16.3568119,-10.0,0.402791361748
1.1629694,1.1629694,0.402791361748
-16.1244511,-10.0,0.402791361748
1.0450623,1.0450623,0.402791361748
-0.8286503,-0.8286503,0.402791361748
-0.6898824,-0.6898824,0.402791361748
0.5579919,0.5579919,0.402791361748
-19.836864,-10.0,0.402791361748
1.1631353,1.1631353,0.402791361748
-18.8422046,-10.0,0.402791361748
-17.8436964,-10.0,0.402791361748
-0.2443477,-0.2443477,0.402791361748
0.148093,0.148093,0.402791361748
0.1414613,0.1414613,0.402791361748
-15.3130891,-10.0,0.402791361748
-15.927723,-10.0,0.402791361748
-18.8170352,-10.0,0.402791361748
1.163136,1.163136,0.402791361748
-4.2894812,-4.2894812,0.402791361748
-1.0437228,-1.0437228,0.402791361748
16.4760585,10.0,0.402791361748
-0.811362,-0.811362,0.402791361748
16.3581514,10.0,0.402791361748
14.4844388,10.0,0.402791361748
14.6232067,10.0,0.402791361748
15.871081,10.0,0.402791361748
-4.5237749,-4.5237749,0.402791361748
16.4762244,10.0,0.402791361748
-3.5291155,-3.5291155,0.402791361748
-2.5306073,-2.5306073,0.402791361748
15.0687414,10.0,0.402791361748
15.4611821,10.0,0.402791361748
15.4545504,10.0,0.402791361748
15.3130891,10.0,0.402791361748
-0.6146339,-0.6146339,0.402791361748
-3.5039461,-3.5039461,0.402791361748
16.4762251,10.0,0.402791361748
11.0236079,10.0,0.402791361748
-0.4290889,-0.4290889,0.402791361748
17.0906924,10.0,0.402791361748
-0.1967281,-0.1967281,0.402791361748
16.9727853,10.0,0.402791361748
15.0990727,10.0,0.402791361748
15.2378406,10.0,0.402791361748
16.4857149,10.0,0.402791361748
-3.909141,-3.909141,0.402791361748
17.0908583,10.0,0.402791361748
-2.9144816,-2.9144816,0.402791361748
-1.9159734,-1.9159734,0.402791361748
15.6833753,10.0,0.402791361748
16.075816,10.0,0.402791361748
16.0691843,10.0,0.402791361748
15.927723,10.0,0.402791361748
0.6146339,0.6146339,0.402791361748
-2.8893122,-2.8893122,0.402791361748
17.090859,10.0,0.402791361748
11.6382418,10.0,0.402791361748
2.4602233,2.4602233,0.402791361748
19.9800046,10.0,0.402791361748
2.6925841,2.6925841,0.402791361748
19.8620975,10.0,0.402791361748
17.9883849,10.0,0.402791361748
18.1271528,10.0,0.402791361748
19.3750271,10.0,0.402791361748
-1.0198288,-1.0198288,0.402791361748
19.9801705,10.0,0.402791361748
-0.0251694,-0.0251694,0.402791361748
0.9733388,0.9733388,0.402791361748
18.5726875,10.0,0.402791361748
18.9651282,10.0,0.402791361748
18.9584965,10.0,0.402791361748
18.8170352,10.0,0.402791361748
3.5039461,3.5039461,0.402791361748
2.8893122,2.8893122,0.402791361748
19.9801712,10.0,0.402791361748
14.527554,10.0,0.402791361748
-17.5199479,-10.0,0.402791361748
-0.0001666,-0.0001666,0.402791361748
-17.2875871,-10.0,0.402791361748
-0.1180737,-0.1180737,0.402791361748
-1.9917863,-1.9917863,0.402791361748
-1.8530184,-1.8530184,0.402791361748
-0.6051441,-0.6051441,0.402791361748
-21.0,-10.0,0.402791361748
-7.00000001075e-07,-7.00000001075e-07,0.402791361748
-20.0053406,-10.0,0.402791361748
-19.0068324,-10.0,0.402791361748
-1.4074837,-1.4074837,0.402791361748
-1.015043,-1.015043,0.402791361748
-1.0216747,-1.0216747,0.402791361748
-1.163136,-1.163136,0.402791361748
-16.4762251,-10.0,0.402791361748
-17.090859,-10.0,0.402791361748
-19.9801712,-10.0,0.402791361748
-5.4526172,-5.4526172,0.402791361748
-12.0673307,-10.0,0.402791361748
5.4524506,5.4524506,0.402791361748
-11.8349699,-10.0,0.402791361748
5.3345435,5.3345435,0.402791361748
3.4608309,3.4608309,0.402791361748
3.5995988,3.5995988,0.402791361748
4.8474731,4.8474731,0.402791361748
-15.5473828,-10.0,0.402791361748
5.4526165,5.4526165,0.402791361748
-14.5527234,-10.0,0.402791361748
-13.5542152,-10.0,0.402791361748
4.0451335,4.0451335,0.402791361748
4.4375742,4.4375742,0.402791361748
4.4309425,4.4309425,0.402791361748
4.2894812,4.2894812,0.402791361748
-11.0236079,-10.0,0.402791361748
-11.6382418,-10.0,0.402791361748
-14.527554,-10.0,0.402791361748
5.4526172,5.4526172,0.402791361748
6.6153182,6.6153182,0.619004587926
-0.4591743,-0.4591743,0.619004587926
-0.1242015,-0.1242015,0.619004587926
19.9122538,10.0,0.619004587926
0.9533808,0.9533808,0.619004587926
1.9140972,1.9140972,0.619004587926
19.104871,10.0,0.619004587926
5.3622268,5.3622268,0.619004587926
3.8830365,3.8830365,0.619004587926
18.8591731,10.0,0.619004587926
0.8609036,0.8609036,0.619004587926
1.3049022,1.3049022,0.619004587926
1.766707,1.766707,0.619004587926
20.4972896,10.0,0.619004587926
1.2541868,1.2541868,0.619004587926
1.8896739,1.8896739,0.619004587926
2.612386,2.612386,0.619004587926
20.5408218,10.0,0.619004587926
18.1931586,10.0,0.619004587926
-6.6153182,-6.6153182,0.619004587926
-7.0744925,-7.0744925,0.619004587926
-6.7395197,-6.7395197,0.619004587926
13.2969356,10.0,0.619004587926
-5.6619374,-5.6619374,0.619004587926
-4.701221,-4.701221,0.619004587926
12.4895528,10.0,0.619004587926
-1.2530914,-1.2530914,0.619004587926
-2.7322817,-2.7322817,0.619004587926
12.2438549,10.0,0.619004587926
-5.7544146,-5.7544146,0.619004587926
-5.310416,-5.310416,0.619004587926
-4.8486112,-4.8486112,0.619004587926
13.8819714,10.0,0.619004587926
-5.3611314,-5.3611314,0.619004587926
-4.7256443,-4.7256443,0.619004587926
-4.0029322,-4.0029322,0.619004587926
13.9255036,10.0,0.619004587926
11.5778404,10.0,0.619004587926
0.4591743,0.4591743,0.619004587926
7.0744925,7.0744925,0.619004587926
0.3349728,0.3349728,0.619004587926
20.3714281,10.0,0.619004587926
1.4125551,1.4125551,0.619004587926
2.3732715,2.3732715,0.619004587926
19.5640453,10.0,0.619004587926
5.8214011,5.8214011,0.619004587926
4.3422108,4.3422108,0.619004587926
19.3183474,10.0,0.619004587926
1.3200779,1.3200779,0.619004587926
1.7640765,1.7640765,0.619004587926
2.2258813,2.2258813,0.619004587926
20.9564639,10.0,0.619004587926
1.7133611,1.7133611,0.619004587926
2.3488482,2.3488482,0.619004587926
3.0715603,3.0715603,0.619004587926
20.9999961,10.0,0.619004587926
18.6523329,10.0,0.619004587926
0.1242015,0.1242015,0.619004587926
6.7395197,6.7395197,0.619004587926
-0.3349728,-0.3349728,0.619004587926
20.0364553,10.0,0.619004587926
1.0775823,1.0775823,0.619004587926
2.0382987,2.0382987,0.619004587926
19.2290725,10.0,0.619004587926
5.4864283,5.4864283,0.619004587926
4.007238,4.007238,0.619004587926
18.9833746,10.0,0.619004587926
0.9851051,0.9851051,0.619004587926
1.4291037,1.4291037,0.619004587926
1.8909085,1.8909085,0.619004587926
20.6214911,10.0,0.619004587926
1.3783883,1.3783883,0.619004587926
2.0138754,2.0138754,0.619004587926
2.7365875,2.7365875,0.619004587926
20.6650233,10.0,0.619004587926
18.3173601,10.0,0.619004587926
-19.9122538,-10.0,0.619004587926
-13.2969356,-10.0,0.619004587926
-20.3714281,-10.0,0.619004587926
-20.0364553,-10.0,0.619004587926
-18.958873,-10.0,0.619004587926
-17.9981566,-10.0,0.619004587926
-0.8073828,-0.8073828,0.619004587926
-14.550027,-10.0,0.619004587926
-16.0292173,-10.0,0.619004587926
-1.0530807,-1.0530807,0.619004587926
-19.0513502,-10.0,0.619004587926
-18.6073516,-10.0,0.619004587926
-18.1455468,-10.0,0.619004587926
0.5850358,0.5850358,0.619004587926
-18.658067,-10.0,0.619004587926
-18.0225799,-10.0,0.619004587926
-17.2998678,-10.0,0.619004587926
0.628568,0.628568,0.619004587926
-1.7190952,-1.7190952,0.619004587926
-0.9533808,-0.9533808,0.619004587926
5.6619374,5.6619374,0.619004587926
-1.4125551,-1.4125551,0.619004587926
-1.0775823,-1.0775823,0.619004587926
18.958873,10.0,0.619004587926
0.9607164,0.9607164,0.619004587926
18.1514902,10.0,0.619004587926
4.408846,4.408846,0.619004587926
2.9296557,2.9296557,0.619004587926
17.9057923,10.0,0.619004587926
-0.0924772,-0.0924772,0.619004587926
0.3515214,0.3515214,0.619004587926
0.8133262,0.8133262,0.619004587926
19.5439088,10.0,0.619004587926
0.300806,0.300806,0.619004587926
0.9362931,0.9362931,0.619004587926
1.6590052,1.6590052,0.619004587926
19.587441,10.0,0.619004587926
17.2397778,10.0,0.619004587926
-1.9140972,-1.9140972,0.619004587926
4.701221,4.701221,0.619004587926
-2.3732715,-2.3732715,0.619004587926
-2.0382987,-2.0382987,0.619004587926
17.9981566,10.0,0.619004587926
-0.9607164,-0.9607164,0.619004587926
17.1907738,10.0,0.619004587926
3.4481296,3.4481296,0.619004587926
1.9689393,1.9689393,0.619004587926
16.9450759,10.0,0.619004587926
-1.0531936,-1.0531936,0.619004587926
-0.609195,-0.609195,0.619004587926
-0.1473902,-0.1473902,0.619004587926
18.5831924,10.0,0.619004587926
-0.6599104,-0.6599104,0.619004587926
-0.0244233,-0.0244233,0.619004587926
0.6982888,0.6982888,0.619004587926
18.6267246,10.0,0.619004587926
16.2790614,10.0,0.619004587926
-19.104871,-10.0,0.619004587926
-12.4895528,-10.0,0.619004587926
-19.5640453,-10.0,0.619004587926
-19.2290725,-10.0,0.619004587926
0.8073828,0.8073828,0.619004587926
-18.1514902,-10.0,0.619004587926
-17.1907738,-10.0,0.619004587926
-13.7426442,-10.0,0.619004587926
-15.2218345,-10.0,0.619004587926
-0.2456979,-0.2456979,0.619004587926
-18.2439674,-10.0,0.619004587926
-17.7999688,-10.0,0.619004587926
-17.338164,-10.0,0.619004587926
1.3924186,1.3924186,0.619004587926
-17.8506842,-10.0,0.619004587926
-17.2151971,-10.0,0.619004587926
-16.492485,-10.0,0.619004587926
1.4359508,1.4359508,0.619004587926
-0.9117124,-0.9117124,0.619004587926
-5.3622268,-5.3622268,0.619004587926
1.2530914,1.2530914,0.619004587926
-5.8214011,-5.8214011,0.619004587926
-5.4864283,-5.4864283,0.619004587926
14.550027,10.0,0.619004587926
-4.408846,-4.408846,0.619004587926
-3.4481296,-3.4481296,0.619004587926
13.7426442,10.0,0.619004587926
-1.4791903,-1.4791903,0.619004587926
13.4969463,10.0,0.619004587926
-4.5013232,-4.5013232,0.619004587926
-4.0573246,-4.0573246,0.619004587926
-3.5955198,-3.5955198,0.619004587926
15.1350628,10.0,0.619004587926
-4.10804,-4.10804,0.619004587926
-3.4725529,-3.4725529,0.619004587926
-2.7498408,-2.7498408,0.619004587926
15.178595,10.0,0.619004587926
12.8309318,10.0,0.619004587926
-3.8830365,-3.8830365,0.619004587926
2.7322817,2.7322817,0.619004587926
-4.3422108,-4.3422108,0.619004587926
-4.007238,-4.007238,0.619004587926
16.0292173,10.0,0.619004587926
-2.9296557,-2.9296557,0.619004587926
-1.9689393,-1.9689393,0.619004587926
15.2218345,10.0,0.619004587926
1.4791903,1.4791903,0.619004587926
14.9761366,10.0,0.619004587926
-3.0221329,-3.0221329,0.619004587926
-2.5781343,-2.5781343,0.619004587926
-2.1163295,-2.1163295,0.619004587926
16.6142531,10.0,0.619004587926
-2.6288497,-2.6288497,0.619004587926
-1.9933626,-1.9933626,0.619004587926
-1.2706505,-1.2706505,0.619004587926
16.6577853,10.0,0.619004587926
14.3101221,10.0,0.619004587926
-18.8591731,-10.0,0.619004587926
-12.2438549,-10.0,0.619004587926
-19.3183474,-10.0,0.619004587926
-18.9833746,-10.0,0.619004587926
1.0530807,1.0530807,0.619004587926
-17.9057923,-10.0,0.619004587926
-16.9450759,-10.0,0.619004587926
0.2456979,0.2456979,0.619004587926
-13.4969463,-10.0,0.619004587926
-14.9761366,-10.0,0.619004587926
-17.9982695,-10.0,0.619004587926
-17.5542709,-10.0,0.619004587926
-17.0924661,-10.0,0.619004587926
1.6381165,1.6381165,0.619004587926
-17.6049863,-10.0,0.619004587926
-16.9694992,-10.0,0.619004587926
-16.2467871,-10.0,0.619004587926
1.6816487,1.6816487,0.619004587926
-0.6660145,-0.6660145,0.619004587926
-0.8609036,-0.8609036,0.619004587926
5.7544146,5.7544146,0.619004587926
-1.3200779,-1.3200779,0.619004587926
-0.9851051,-0.9851051,0.619004587926
19.0513502,10.0,0.619004587926
0.0924772,0.0924772,0.619004587926
1.0531936,1.0531936,0.619004587926
18.2439674,10.0,0.619004587926
4.5013232,4.5013232,0.619004587926
3.0221329,3.0221329,0.619004587926
17.9982695,10.0,0.619004587926
0.4439986,0.4439986,0.619004587926
0.9058034,0.9058034,0.619004587926
19.636386,10.0,0.619004587926
0.3932832,0.3932832,0.619004587926
1.0287703,1.0287703,0.619004587926
1.7514824,1.7514824,0.619004587926
19.6799182,10.0,0.619004587926
17.332255,10.0,0.619004587926
-1.3049022,-1.3049022,0.619004587926
5.310416,5.310416,0.619004587926
-1.7640765,-1.7640765,0.619004587926
-1.4291037,-1.4291037,0.619004587926
18.6073516,10.0,0.619004587926
-0.3515214,-0.3515214,0.619004587926
0.609195,0.609195,0.619004587926
17.7999688,10.0,0.619004587926
4.0573246,4.0573246,0.619004587926
2.5781343,2.5781343,0.619004587926
17.5542709,10.0,0.619004587926
-0.4439986,-0.4439986,0.619004587926
0.4618048,0.4618048,0.619004587926
19.1923874,10.0,0.619004587926
-0.0507154,-0.0507154,0.619004587926
0.5847717,0.5847717,0.619004587926
1.3074838,1.3074838,0.619004587926
19.2359196,10.0,0.619004587926
16.8882564,10.0,0.619004587926
-1.766707,-1.766707,0.619004587926
4.8486112,4.8486112,0.619004587926
-2.2258813,-2.2258813,0.619004587926
-1.8909085,-1.8909085,0.619004587926
18.1455468,10.0,0.619004587926
-0.8133262,-0.8133262,0.619004587926
0.1473902,0.1473902,0.619004587926
17.338164,10.0,0.619004587926
3.5955198,3.5955198,0.619004587926
2.1163295,2.1163295,0.619004587926
17.0924661,10.0,0.619004587926
-0.9058034,-0.9058034,0.619004587926
-0.4618048,-0.4618048,0.619004587926
18.7305826,10.0,0.619004587926
-0.5125202,-0.5125202,0.619004587926
0.1229669,0.1229669,0.619004587926
0.845679,0.845679,0.619004587926
18.7741148,10.0,0.619004587926
16.4264516,10.0,0.619004587926
-20.4972896,-10.0,0.619004587926
-13.8819714,-10.0,0.619004587926
-20.9564639,-10.0,0.619004587926
-20.6214911,-10.0,0.619004587926
-0.5850358,-0.5850358,0.619004587926
-19.5439088,-10.0,0.619004587926
-18.5831924,-10.0,0.619004587926
-1.3924186,-1.3924186,0.619004587926
-15.1350628,-10.0,0.619004587926
-16.6142531,-10.0,0.619004587926
-1.6381165,-1.6381165,0.619004587926
-19.636386,-10.0,0.619004587926
-19.1923874,-10.0,0.619004587926
-18.7305826,-10.0,0.619004587926
-19.2431028,-10.0,0.619004587926
-18.6076157,-10.0,0.619004587926
-17.8849036,-10.0,0.619004587926
0.0435322,0.0435322,0.619004587926
-2.304131,-2.304131,0.619004587926
-1.2541868,-1.2541868,0.619004587926
5.3611314,5.3611314,0.619004587926
-1.7133611,-1.7133611,0.619004587926
-1.3783883,-1.3783883,0.619004587926
18.658067,10.0,0.619004587926
-0.300806,-0.300806,0.619004587926
0.6599104,0.6599104,0.619004587926
17.8506842,10.0,0.619004587926
4.10804,4.10804,0.619004587926
2.6288497,2.6288497,0.619004587926
17.6049863,10.0,0.619004587926
-0.3932832,-0.3932832,0.619004587926
0.0507154,0.0507154,0.619004587926
0.5125202,0.5125202,0.619004587926
19.2431028,10.0,0.619004587926
0.6354871,0.6354871,0.619004587926
1.3581992,1.3581992,0.619004587926
19.286635,10.0,0.619004587926
16.9389718,10.0,0.619004587926
-1.8896739,-1.8896739,0.619004587926
4.7256443,4.7256443,0.619004587926
-2.3488482,-2.3488482,0.619004587926
-2.0138754,-2.0138754,0.619004587926
18.0225799,10.0,0.619004587926
-0.9362931,-0.9362931,0.619004587926
0.0244233,0.0244233,0.619004587926
17.2151971,10.0,0.619004587926
3.4725529,3.4725529,0.619004587926
1.9933626,1.9933626,0.619004587926
16.9694992,10.0,0.619004587926
-1.0287703,-1.0287703,0.619004587926
-0.5847717,-0.5847717,0.619004587926
-0.1229669,-0.1229669,0.619004587926
18.6076157,10.0,0.619004587926
-0.6354871,-0.6354871,0.619004587926
0.7227121,0.7227121,0.619004587926
18.6511479,10.0,0.619004587926
16.3034847,10.0,0.619004587926
-2.612386,-2.612386,0.619004587926
4.0029322,4.0029322,0.619004587926
-3.0715603,-3.0715603,0.619004587926
-2.7365875,-2.7365875,0.619004587926
17.2998678,10.0,0.619004587926
-1.6590052,-1.6590052,0.619004587926
-0.6982888,-0.6982888,0.619004587926
16.492485,10.0,0.619004587926
2.7498408,2.7498408,0.619004587926
1.2706505,1.2706505,0.619004587926
16.2467871,10.0,0.619004587926
-1.7514824,-1.7514824,0.619004587926
-1.3074838,-1.3074838,0.619004587926
-0.845679,-0.845679,0.619004587926
17.8849036,10.0,0.619004587926
-1.3581992,-1.3581992,0.619004587926
-0.7227121,-0.7227121,0.619004587926
17.9284358,10.0,0.619004587926
15.5807726,10.0,0.619004587926
-20.5408218,-10.0,0.619004587926
-13.9255036,-10.0,0.619004587926
-20.9999961,-10.0,0.619004587926
-20.6650233,-10.0,0.619004587926
-0.628568,-0.628568,0.619004587926
-19.587441,-10.0,0.619004587926
-18.6267246,-10.0,0.619004587926
-1.4359508,-1.4359508,0.619004587926
-15.178595,-10.0,0.619004587926
-16.6577853,-10.0,0.619004587926
-1.6816487,-1.6816487,0.619004587926
-19.6799182,-10.0,0.619004587926
-19.2359196,-10.0,0.619004587926
-18.7741148,-10.0,0.619004587926
-0.0435322,-0.0435322,0.619004587926
-19.286635,-10.0,0.619004587926
-18.6511479,-10.0,0.619004587926
-17.9284358,-10.0,0.619004587926
-2.3476632,-2.3476632,0.619004587926
-18.1931586,-10.0,0.619004587926
-11.5778404,-10.0,0.619004587926
-18.6523329,-10.0,0.619004587926
-18.3173601,-10.0,0.619004587926
1.7190952,1.7190952,0.619004587926
-17.2397778,-10.0,0.619004587926
-16.2790614,-10.0,0.619004587926
0.9117124,0.9117124,0.619004587926
-12.8309318,-10.0,0.619004587926
-14.3101221,-10.0,0.619004587926
0.6660145,0.6660145,0.619004587926
-17.332255,-10.0,0.619004587926
-16.8882564,-10.0,0.619004587926
-16.4264516,-10.0,0.619004587926
2.304131,2.304131,0.619004587926
-16.9389718,-10.0,0.619004587926
-16.3034847,-10.0,0.619004587926
-15.5807726,-10.0,0.619004587926
2.3476632,2.3476632,0.619004587926
0.5368472,0.5368472,0.367684388303
-19.3813182,-10.0,0.367684388303
-20.4631478,-10.0,0.367684388303
-1.7912458,-1.7912458,0.367684388303
-15.4605458,-10.0,0.367684388303
-10.4910751,-10.0,0.367684388303
-16.6969797,-10.0,0.367684388303
-18.1790916,-10.0,0.367684388303
-0.4901602,-0.4901602,0.367684388303
-14.2574337,-10.0,0.367684388303
-18.1779406,-10.0,0.367684388303
0.3215017,0.3215017,0.367684388303
-18.6632837,-10.0,0.367684388303
-0.1323044,-0.1323044,0.367684388303
-17.8558704,-10.0,0.367684388303
0.3702457,0.3702457,0.367684388303
-15.3988688,-10.0,0.367684388303
0.4317929,0.4317929,0.367684388303
-1.0357636,-1.0357636,0.367684388303
-0.5368472,-0.5368472,0.367684388303
-19.9181654,-10.0,0.367684388303
-20.999995,-10.0,0.367684388303
-2.328093,-2.328093,0.367684388303
-15.997393,-10.0,0.367684388303
-11.0279223,-10.0,0.367684388303
-17.2338269,-10.0,0.367684388303
-18.7159388,-10.0,0.367684388303
-1.0270074,-1.0270074,0.367684388303
-14.7942809,-10.0,0.367684388303
-18.7147878,-10.0,0.367684388303
-0.2153455,-0.2153455,0.367684388303
-19.2001309,-10.0,0.367684388303
-0.6691516,-0.6691516,0.367684388303
-18.3927176,-10.0,0.367684388303
-0.1666015,-0.1666015,0.367684388303
-15.935716,-10.0,0.367684388303
-0.1050543,-0.1050543,0.367684388303
-1.5726108,-1.5726108,0.367684388303
19.3813182,10.0,0.367684388303
19.9181654,10.0,0.367684388303
-1.0818296,-1.0818296,0.367684388303
17.5900724,10.0,0.367684388303
3.9207724,3.9207724,0.367684388303
8.8902431,8.8902431,0.367684388303
2.6843385,2.6843385,0.367684388303
1.2022266,1.2022266,0.367684388303
18.891158,10.0,0.367684388303
5.1238845,5.1238845,0.367684388303
1.2033776,1.2033776,0.367684388303
19.7028199,10.0,0.367684388303
0.7180345,0.7180345,0.367684388303
19.2490138,10.0,0.367684388303
1.5254478,1.5254478,0.367684388303
19.7515639,10.0,0.367684388303
3.9824494,3.9824494,0.367684388303
19.8131111,10.0,0.367684388303
18.3455546,10.0,0.367684388303
20.4631478,10.0,0.367684388303
20.999995,10.0,0.367684388303
1.0818296,1.0818296,0.367684388303
18.671902,10.0,0.367684388303
5.002602,5.002602,0.367684388303
9.9720727,9.9720727,0.367684388303
3.7661681,3.7661681,0.367684388303
2.2840562,2.2840562,0.367684388303
19.9729876,10.0,0.367684388303
6.2057141,6.2057141,0.367684388303
2.2852072,2.2852072,0.367684388303
20.7846495,10.0,0.367684388303
1.7998641,1.7998641,0.367684388303
20.3308434,10.0,0.367684388303
2.6072774,2.6072774,0.367684388303
20.8333935,10.0,0.367684388303
5.064279,5.064279,0.367684388303
20.8949407,10.0,0.367684388303
19.4273842,10.0,0.367684388303
1.7912458,1.7912458,0.367684388303
2.328093,2.328093,0.367684388303
-17.5900724,-10.0,0.367684388303
-18.671902,-10.0,0.367684388303
-13.6693,-10.0,0.367684388303
-8.6998293,-8.6998293,0.367684388303
-14.9057339,-10.0,0.367684388303
-16.3878458,-10.0,0.367684388303
1.3010856,1.3010856,0.367684388303
-12.4661879,-10.0,0.367684388303
-16.3866948,-10.0,0.367684388303
2.1127475,2.1127475,0.367684388303
-16.8720379,-10.0,0.367684388303
1.6589414,1.6589414,0.367684388303
-16.0646246,-10.0,0.367684388303
2.1614915,2.1614915,0.367684388303
-13.607623,-10.0,0.367684388303
2.2230387,2.2230387,0.367684388303
0.7554822,0.7554822,0.367684388303
15.4605458,10.0,0.367684388303
15.997393,10.0,0.367684388303
-3.9207724,-3.9207724,0.367684388303
-5.002602,-5.002602,0.367684388303
13.6693,10.0,0.367684388303
4.9694707,4.9694707,0.367684388303
-1.2364339,-1.2364339,0.367684388303
-2.7185458,-2.7185458,0.367684388303
14.9703856,10.0,0.367684388303
1.2031121,1.2031121,0.367684388303
-2.7173948,-2.7173948,0.367684388303
15.7820475,10.0,0.367684388303
-3.2027379,-3.2027379,0.367684388303
15.3282414,10.0,0.367684388303
-2.3953246,-2.3953246,0.367684388303
15.8307915,10.0,0.367684388303
0.061677,0.061677,0.367684388303
15.8923387,10.0,0.367684388303
14.4247822,10.0,0.367684388303
10.4910751,10.0,0.367684388303
11.0279223,10.0,0.367684388303
-8.8902431,-8.8902431,0.367684388303
-9.9720727,-9.9720727,0.367684388303
8.6998293,8.6998293,0.367684388303
-4.9694707,-4.9694707,0.367684388303
-6.2059046,-6.2059046,0.367684388303
-7.6880165,-7.6880165,0.367684388303
10.0009149,10.0,0.367684388303
-3.7663586,-3.7663586,0.367684388303
-7.6868655,-7.6868655,0.367684388303
10.8125768,10.0,0.367684388303
-8.1722086,-8.1722086,0.367684388303
10.3587707,10.0,0.367684388303
-7.3647953,-7.3647953,0.367684388303
10.8613208,10.0,0.367684388303
-4.9077937,-4.9077937,0.367684388303
10.922868,10.0,0.367684388303
9.4553115,9.4553115,0.367684388303
16.6969797,10.0,0.367684388303
17.2338269,10.0,0.367684388303
-2.6843385,-2.6843385,0.367684388303
-3.7661681,-3.7661681,0.367684388303
14.9057339,10.0,0.367684388303
1.2364339,1.2364339,0.367684388303
6.2059046,6.2059046,0.367684388303
-1.4821119,-1.4821119,0.367684388303
16.2068195,10.0,0.367684388303
2.439546,2.439546,0.367684388303
-1.4809609,-1.4809609,0.367684388303
17.0184814,10.0,0.367684388303
-1.966304,-1.966304,0.367684388303
16.5646753,10.0,0.367684388303
-1.1588907,-1.1588907,0.367684388303
17.0672254,10.0,0.367684388303
1.2981109,1.2981109,0.367684388303
17.1287726,10.0,0.367684388303
15.6612161,10.0,0.367684388303
18.1790916,10.0,0.367684388303
18.7159388,10.0,0.367684388303
-1.2022266,-1.2022266,0.367684388303
-2.2840562,-2.2840562,0.367684388303
16.3878458,10.0,0.367684388303
2.7185458,2.7185458,0.367684388303
7.6880165,7.6880165,0.367684388303
1.4821119,1.4821119,0.367684388303
17.6889314,10.0,0.367684388303
3.9216579,3.9216579,0.367684388303
0.001151,0.001151,0.367684388303
18.5005933,10.0,0.367684388303
-0.4841921,-0.4841921,0.367684388303
18.0467872,10.0,0.367684388303
0.3232212,0.3232212,0.367684388303
18.5493373,10.0,0.367684388303
2.7802228,2.7802228,0.367684388303
18.6108845,10.0,0.367684388303
17.143328,10.0,0.367684388303
0.4901602,0.4901602,0.367684388303
1.0270074,1.0270074,0.367684388303
-18.891158,-10.0,0.367684388303
-19.9729876,-10.0,0.367684388303
-1.3010856,-1.3010856,0.367684388303
-14.9703856,-10.0,0.367684388303
-10.0009149,-10.0,0.367684388303
-16.2068195,-10.0,0.367684388303
-17.6889314,-10.0,0.367684388303
-13.7672735,-10.0,0.367684388303
-17.6877804,-10.0,0.367684388303
0.8116619,0.8116619,0.367684388303
-18.1731235,-10.0,0.367684388303
0.3578558,0.3578558,0.367684388303
-17.3657102,-10.0,0.367684388303
0.8604059,0.8604059,0.367684388303
-14.9087086,-10.0,0.367684388303
0.9219531,0.9219531,0.367684388303
-0.5456034,-0.5456034,0.367684388303
14.2574337,10.0,0.367684388303
14.7942809,10.0,0.367684388303
-5.1238845,-5.1238845,0.367684388303
-6.2057141,-6.2057141,0.367684388303
12.4661879,10.0,0.367684388303
-1.2031121,-1.2031121,0.367684388303
3.7663586,3.7663586,0.367684388303
-2.439546,-2.439546,0.367684388303
-3.9216579,-3.9216579,0.367684388303
13.7672735,10.0,0.367684388303
-3.9205069,-3.9205069,0.367684388303
14.5789354,10.0,0.367684388303
-4.40585,-4.40585,0.367684388303
14.1251293,10.0,0.367684388303
-3.5984367,-3.5984367,0.367684388303
14.6276794,10.0,0.367684388303
-1.1414351,-1.1414351,0.367684388303
14.6892266,10.0,0.367684388303
13.2216701,10.0,0.367684388303
18.1779406,10.0,0.367684388303
18.7147878,10.0,0.367684388303
-1.2033776,-1.2033776,0.367684388303
-2.2852072,-2.2852072,0.367684388303
16.3866948,10.0,0.367684388303
2.7173948,2.7173948,0.367684388303
7.6868655,7.6868655,0.367684388303
1.4809609,1.4809609,0.367684388303
-0.001151,-0.001151,0.367684388303
17.6877804,10.0,0.367684388303
3.9205069,3.9205069,0.367684388303
18.4994423,10.0,0.367684388303
-0.4853431,-0.4853431,0.367684388303
18.0456362,10.0,0.367684388303
0.3220702,0.3220702,0.367684388303
18.5481863,10.0,0.367684388303
2.7790718,2.7790718,0.367684388303
18.6097335,10.0,0.367684388303
17.142177,10.0,0.367684388303
-0.3215017,-0.3215017,0.367684388303
0.2153455,0.2153455,0.367684388303
-19.7028199,-10.0,0.367684388303
-20.7846495,-10.0,0.367684388303
-2.1127475,-2.1127475,0.367684388303
-15.7820475,-10.0,0.367684388303
-10.8125768,-10.0,0.367684388303
-17.0184814,-10.0,0.367684388303
-18.5005933,-10.0,0.367684388303
-0.8116619,-0.8116619,0.367684388303
-14.5789354,-10.0,0.367684388303
-18.4994423,-10.0,0.367684388303
-18.9847854,-10.0,0.367684388303
-0.4538061,-0.4538061,0.367684388303
-18.1773721,-10.0,0.367684388303
0.048744,0.048744,0.367684388303
-15.7203705,-10.0,0.367684388303
0.1102912,0.1102912,0.367684388303
-1.3572653,-1.3572653,0.367684388303
18.6632837,10.0,0.367684388303
19.2001309,10.0,0.367684388303
-0.7180345,-0.7180345,0.367684388303
-1.7998641,-1.7998641,0.367684388303
16.8720379,10.0,0.367684388303
3.2027379,3.2027379,0.367684388303
8.1722086,8.1722086,0.367684388303
1.966304,1.966304,0.367684388303
0.4841921,0.4841921,0.367684388303
18.1731235,10.0,0.367684388303
4.40585,4.40585,0.367684388303
0.4853431,0.4853431,0.367684388303
18.9847854,10.0,0.367684388303
18.5309793,10.0,0.367684388303
0.8074133,0.8074133,0.367684388303
19.0335294,10.0,0.367684388303
3.2644149,3.2644149,0.367684388303
19.0950766,10.0,0.367684388303
17.6275201,10.0,0.367684388303
0.1323044,0.1323044,0.367684388303
0.6691516,0.6691516,0.367684388303
-19.2490138,-10.0,0.367684388303
-20.3308434,-10.0,0.367684388303
-1.6589414,-1.6589414,0.367684388303
-15.3282414,-10.0,0.367684388303
-10.3587707,-10.0,0.367684388303
-16.5646753,-10.0,0.367684388303
-18.0467872,-10.0,0.367684388303
-0.3578558,-0.3578558,0.367684388303
-14.1251293,-10.0,0.367684388303
-18.0456362,-10.0,0.367684388303
0.4538061,0.4538061,0.367684388303
-18.5309793,-10.0,0.367684388303
-17.723566,-10.0,0.367684388303
0.5025501,0.5025501,0.367684388303
-15.2665644,-10.0,0.367684388303
0.5640973,0.5640973,0.367684388303
-0.9034592,-0.9034592,0.367684388303
17.8558704,10.0,0.367684388303
18.3927176,10.0,0.367684388303
-1.5254478,-1.5254478,0.367684388303
-2.6072774,-2.6072774,0.367684388303
16.0646246,10.0,0.367684388303
2.3953246,2.3953246,0.367684388303
7.3647953,7.3647953,0.367684388303
1.1588907,1.1588907,0.367684388303
-0.3232212,-0.3232212,0.367684388303
17.3657102,10.0,0.367684388303
3.5984367,3.5984367,0.367684388303
-0.3220702,-0.3220702,0.367684388303
18.1773721,10.0,0.367684388303
-0.8074133,-0.8074133,0.367684388303
17.723566,10.0,0.367684388303
18.2261161,10.0,0.367684388303
2.4570016,2.4570016,0.367684388303
18.2876633,10.0,0.367684388303
16.8201068,10.0,0.367684388303
-0.3702457,-0.3702457,0.367684388303
0.1666015,0.1666015,0.367684388303
-19.7515639,-10.0,0.367684388303
-20.8333935,-10.0,0.367684388303
-2.1614915,-2.1614915,0.367684388303
-15.8307915,-10.0,0.367684388303
-10.8613208,-10.0,0.367684388303
-17.0672254,-10.0,0.367684388303
-18.5493373,-10.0,0.367684388303
-0.8604059,-0.8604059,0.367684388303
-14.6276794,-10.0,0.367684388303
-18.5481863,-10.0,0.367684388303
-0.048744,-0.048744,0.367684388303
-19.0335294,-10.0,0.367684388303
-0.5025501,-0.5025501,0.367684388303
-18.2261161,-10.0,0.367684388303
-15.7691145,-10.0,0.367684388303
0.0615472,0.0615472,0.367684388303
-1.4060093,-1.4060093,0.367684388303
15.3988688,10.0,0.367684388303
15.935716,10.0,0.367684388303
-3.9824494,-3.9824494,0.367684388303
-5.064279,-5.064279,0.367684388303
13.607623,10.0,0.367684388303
-0.061677,-0.061677,0.367684388303
4.9077937,4.9077937,0.367684388303
-1.2981109,-1.2981109,0.367684388303
-2.7802228,-2.7802228,0.367684388303
14.9087086,10.0,0.367684388303
1.1414351,1.1414351,0.367684388303
-2.7790718,-2.7790718,0.367684388303
15.7203705,10.0,0.367684388303
-3.2644149,-3.2644149,0.367684388303
15.2665644,10.0,0.367684388303
-2.4570016,-2.4570016,0.367684388303
15.7691145,10.0,0.367684388303
15.8306617,10.0,0.367684388303
14.3631052,10.0,0.367684388303
-0.4317929,-0.4317929,0.367684388303
0.1050543,0.1050543,0.367684388303
-19.8131111,-10.0,0.367684388303
-20.8949407,-10.0,0.367684388303
-2.2230387,-2.2230387,0.367684388303
-15.8923387,-10.0,0.367684388303
-10.922868,-10.0,0.367684388303
-17.1287726,-10.0,0.367684388303
-18.6108845,-10.0,0.367684388303
-0.9219531,-0.9219531,0.367684388303
-14.6892266,-10.0,0.367684388303
-18.6097335,-10.0,0.367684388303
-0.1102912,-0.1102912,0.367684388303
-19.0950766,-10.0,0.367684388303
-0.5640973,-0.5640973,0.367684388303
-18.2876633,-10.0,0.367684388303
-0.0615472,-0.0615472,0.367684388303
-15.8306617,-10.0,0.367684388303
-1.4675565,-1.4675565,0.367684388303
1.0357636,1.0357636,0.367684388303
1.5726108,1.5726108,0.367684388303
-18.3455546,-10.0,0.367684388303
-19.4273842,-10.0,0.367684388303
-0.7554822,-0.7554822,0.367684388303
-14.4247822,-10.0,0.367684388303
-9.4553115,-9.4553115,0.367684388303
-15.6612161,-10.0,0.367684388303
-17.143328,-10.0,0.367684388303
0.5456034,0.5456034,0.367684388303
-13.2216701,-10.0,0.367684388303
-17.142177,-10.0,0.367684388303
1.3572653,1.3572653,0.367684388303
-17.6275201,-10.0,0.367684388303
0.9034592,0.9034592,0.367684388303
-16.8201068,-10.0,0.367684388303
1.4060093,1.4060093,0.367684388303
-14.3631052,-10.0,0.367684388303
1.4675565,1.4675565,0.367684388303
1.8692249,1.8692249,0.0980472211731
2.6015695,2.6015695,0.0980472211731
2.6156886,2.6156886,0.0980472211731
1.1320544,1.1320544,0.0980472211731
-14.462766,-10.0,0.0980472211731
2.3493384,2.3493384,0.0980472211731
1.7817364,1.7817364,0.0980472211731
0.5684863,0.5684863,0.0980472211731
2.6158114,2.6158114,0.0980472211731
2.3143181,2.3143181,0.0980472211731
0.9607199,0.9607199,0.0980472211731
2.615848,2.615848,0.0980472211731
2.3957336,2.3957336,0.0980472211731
-18.3841517,-10.0,0.0980472211731
-15.807865,-10.0,0.0980472211731
2.5424029,2.5424029,0.0980472211731
-0.5786712,-0.5786712,0.0980472211731
2.5900292,2.5900292,0.0980472211731
-3.8580738,-3.8580738,0.0980472211731
-1.8692249,-1.8692249,0.0980472211731
0.7323446,0.7323446,0.0980472211731
0.7464637,0.7464637,0.0980472211731
-0.7371705,-0.7371705,0.0980472211731
-16.3319909,-10.0,0.0980472211731
0.4801135,0.4801135,0.0980472211731
-0.0874885,-0.0874885,0.0980472211731
-1.3007386,-1.3007386,0.0980472211731
0.7465865,0.7465865,0.0980472211731
0.4450932,0.4450932,0.0980472211731
-0.908505,-0.908505,0.0980472211731
0.7466231,0.7466231,0.0980472211731
0.5265087,0.5265087,0.0980472211731
-20.2533766,-10.0,0.0980472211731
-17.6770899,-10.0,0.0980472211731
0.673178,0.673178,0.0980472211731
-2.4478961,-2.4478961,0.0980472211731
0.7208043,0.7208043,0.0980472211731
-5.7272987,-5.7272987,0.0980472211731
-2.6015695,-2.6015695,0.0980472211731
-0.7323446,-0.7323446,0.0980472211731
0.0141191,0.0141191,0.0980472211731
-1.4695151,-1.4695151,0.0980472211731
-17.0643355,-10.0,0.0980472211731
-0.2522311,-0.2522311,0.0980472211731
-0.8198331,-0.8198331,0.0980472211731
-2.0330832,-2.0330832,0.0980472211731
0.0142419,0.0142419,0.0980472211731
-0.2872514,-0.2872514,0.0980472211731
-1.6408496,-1.6408496,0.0980472211731
0.0142785,0.0142785,0.0980472211731
-0.2058359,-0.2058359,0.0980472211731
-20.9857212,-10.0,0.0980472211731
-18.4094345,-10.0,0.0980472211731
-0.0591666,-0.0591666,0.0980472211731
-3.1802407,-3.1802407,0.0980472211731
-0.0115403,-0.0115403,0.0980472211731
-6.4596433,-6.4596433,0.0980472211731
-2.6156886,-2.6156886,0.0980472211731
-0.7464637,-0.7464637,0.0980472211731
-0.0141191,-0.0141191,0.0980472211731
-1.4836342,-1.4836342,0.0980472211731
-17.0784546,-10.0,0.0980472211731
-0.2663502,-0.2663502,0.0980472211731
-0.8339522,-0.8339522,0.0980472211731
-2.0472023,-2.0472023,0.0980472211731
0.0001228,0.0001228,0.0980472211731
-0.3013705,-0.3013705,0.0980472211731
-1.6549687,-1.6549687,0.0980472211731
0.000159400000001,0.000159400000001,0.0980472211731
-0.219955,-0.219955,0.0980472211731
-20.9998403,-10.0,0.0980472211731
-18.4235536,-10.0,0.0980472211731
-0.0732857,-0.0732857,0.0980472211731
-3.1943598,-3.1943598,0.0980472211731
-0.0256594,-0.0256594,0.0980472211731
-6.4737624,-6.4737624,0.0980472211731
-1.1320544,-1.1320544,0.0980472211731
0.7371705,0.7371705,0.0980472211731
1.4695151,1.4695151,0.0980472211731
1.4836342,1.4836342,0.0980472211731
-15.5948204,-10.0,0.0980472211731
1.217284,1.217284,0.0980472211731
0.649682,0.649682,0.0980472211731
-0.5635681,-0.5635681,0.0980472211731
1.483757,1.483757,0.0980472211731
1.1822637,1.1822637,0.0980472211731
-0.1713345,-0.1713345,0.0980472211731
1.4837936,1.4837936,0.0980472211731
1.2636792,1.2636792,0.0980472211731
-19.5162061,-10.0,0.0980472211731
-16.9399194,-10.0,0.0980472211731
1.4103485,1.4103485,0.0980472211731
-1.7107256,-1.7107256,0.0980472211731
1.4579748,1.4579748,0.0980472211731
-4.9901282,-4.9901282,0.0980472211731
14.462766,10.0,0.0980472211731
16.3319909,10.0,0.0980472211731
17.0643355,10.0,0.0980472211731
17.0784546,10.0,0.0980472211731
15.5948204,10.0,0.0980472211731
16.8121044,10.0,0.0980472211731
16.2445024,10.0,0.0980472211731
15.0312523,10.0,0.0980472211731
17.0785774,10.0,0.0980472211731
16.7770841,10.0,0.0980472211731
15.4234859,10.0,0.0980472211731
17.078614,10.0,0.0980472211731
16.8584996,10.0,0.0980472211731
-3.9213857,-3.9213857,0.0980472211731
-1.345099,-1.345099,0.0980472211731
17.0051689,10.0,0.0980472211731
13.8840948,10.0,0.0980472211731
17.0527952,10.0,0.0980472211731
10.6046922,10.0,0.0980472211731
-2.3493384,-2.3493384,0.0980472211731
-0.4801135,-0.4801135,0.0980472211731
0.2522311,0.2522311,0.0980472211731
0.2663502,0.2663502,0.0980472211731
-1.217284,-1.217284,0.0980472211731
-16.8121044,-10.0,0.0980472211731
-0.567602,-0.567602,0.0980472211731
-1.7808521,-1.7808521,0.0980472211731
0.266473,0.266473,0.0980472211731
-0.0350203,-0.0350203,0.0980472211731
-1.3886185,-1.3886185,0.0980472211731
0.2665096,0.2665096,0.0980472211731
0.0463952,0.0463952,0.0980472211731
-20.7334901,-10.0,0.0980472211731
-18.1572034,-10.0,0.0980472211731
0.1930645,0.1930645,0.0980472211731
-2.9280096,-2.9280096,0.0980472211731
0.2406908,0.2406908,0.0980472211731
-6.2074122,-6.2074122,0.0980472211731
-1.7817364,-1.7817364,0.0980472211731
0.0874885,0.0874885,0.0980472211731
0.8198331,0.8198331,0.0980472211731
0.8339522,0.8339522,0.0980472211731
-0.649682,-0.649682,0.0980472211731
-16.2445024,-10.0,0.0980472211731
0.567602,0.567602,0.0980472211731
-1.2132501,-1.2132501,0.0980472211731
0.834075,0.834075,0.0980472211731
0.5325817,0.5325817,0.0980472211731
-0.8210165,-0.8210165,0.0980472211731
0.8341116,0.8341116,0.0980472211731
0.6139972,0.6139972,0.0980472211731
-20.1658881,-10.0,0.0980472211731
-17.5896014,-10.0,0.0980472211731
0.7606665,0.7606665,0.0980472211731
-2.3604076,-2.3604076,0.0980472211731
0.8082928,0.8082928,0.0980472211731
-5.6398102,-5.6398102,0.0980472211731
-0.5684863,-0.5684863,0.0980472211731
1.3007386,1.3007386,0.0980472211731
2.0330832,2.0330832,0.0980472211731
2.0472023,2.0472023,0.0980472211731
0.5635681,0.5635681,0.0980472211731
-15.0312523,-10.0,0.0980472211731
1.7808521,1.7808521,0.0980472211731
1.2132501,1.2132501,0.0980472211731
2.0473251,2.0473251,0.0980472211731
1.7458318,1.7458318,0.0980472211731
0.3922336,0.3922336,0.0980472211731
2.0473617,2.0473617,0.0980472211731
1.8272473,1.8272473,0.0980472211731
-18.952638,-10.0,0.0980472211731
-16.3763513,-10.0,0.0980472211731
1.9739166,1.9739166,0.0980472211731
-1.1471575,-1.1471575,0.0980472211731
2.0215429,2.0215429,0.0980472211731
-4.4265601,-4.4265601,0.0980472211731
-2.6158114,-2.6158114,0.0980472211731
-0.7465865,-0.7465865,0.0980472211731
-0.0142419,-0.0142419,0.0980472211731
-0.0001228,-0.0001228,0.0980472211731
-1.483757,-1.483757,0.0980472211731
-17.0785774,-10.0,0.0980472211731
-0.266473,-0.266473,0.0980472211731
-0.834075,-0.834075,0.0980472211731
-2.0473251,-2.0473251,0.0980472211731
-0.3014933,-0.3014933,0.0980472211731
-1.6550915,-1.6550915,0.0980472211731
3.66000000014e-05,3.66000000014e-05,0.0980472211731
-0.2200778,-0.2200778,0.0980472211731
-20.9999631,-10.0,0.0980472211731
-18.4236764,-10.0,0.0980472211731
-0.0734085,-0.0734085,0.0980472211731
-3.1944826,-3.1944826,0.0980472211731
-0.0257822,-0.0257822,0.0980472211731
-6.4738852,-6.4738852,0.0980472211731
-2.3143181,-2.3143181,0.0980472211731
-0.4450932,-0.4450932,0.0980472211731
0.2872514,0.2872514,0.0980472211731
0.3013705,0.3013705,0.0980472211731
-1.1822637,-1.1822637,0.0980472211731
-16.7770841,-10.0,0.0980472211731
0.0350203,0.0350203,0.0980472211731
-0.5325817,-0.5325817,0.0980472211731
-1.7458318,-1.7458318,0.0980472211731
0.3014933,0.3014933,0.0980472211731
-1.3535982,-1.3535982,0.0980472211731
0.3015299,0.3015299,0.0980472211731
0.0814155,0.0814155,0.0980472211731
-20.6984698,-10.0,0.0980472211731
-18.1221831,-10.0,0.0980472211731
0.2280848,0.2280848,0.0980472211731
-2.8929893,-2.8929893,0.0980472211731
0.2757111,0.2757111,0.0980472211731
-6.1723919,-6.1723919,0.0980472211731
-0.9607199,-0.9607199,0.0980472211731
0.908505,0.908505,0.0980472211731
1.6408496,1.6408496,0.0980472211731
1.6549687,1.6549687,0.0980472211731
0.1713345,0.1713345,0.0980472211731
-15.4234859,-10.0,0.0980472211731
1.3886185,1.3886185,0.0980472211731
0.8210165,0.8210165,0.0980472211731
-0.3922336,-0.3922336,0.0980472211731
1.6550915,1.6550915,0.0980472211731
1.3535982,1.3535982,0.0980472211731
1.6551281,1.6551281,0.0980472211731
1.4350137,1.4350137,0.0980472211731
-19.3448716,-10.0,0.0980472211731
-16.7685849,-10.0,0.0980472211731
1.581683,1.581683,0.0980472211731
-1.5393911,-1.5393911,0.0980472211731
1.6293093,1.6293093,0.0980472211731
-4.8187937,-4.8187937,0.0980472211731
-2.615848,-2.615848,0.0980472211731
-0.7466231,-0.7466231,0.0980472211731
-0.0142785,-0.0142785,0.0980472211731
-0.000159400000001,-0.000159400000001,0.0980472211731
-1.4837936,-1.4837936,0.0980472211731
-17.078614,-10.0,0.0980472211731
-0.2665096,-0.2665096,0.0980472211731
-0.8341116,-0.8341116,0.0980472211731
-2.0473617,-2.0473617,0.0980472211731
-3.66000000014e-05,-3.66000000014e-05,0.0980472211731
-0.3015299,-0.3015299,0.0980472211731
-1.6551281,-1.6551281,0.0980472211731
-0.2201144,-0.2201144,0.0980472211731
-20.9999997,-10.0,0.0980472211731
-18.423713,-10.0,0.0980472211731
-0.0734451,-0.0734451,0.0980472211731
-3.1945192,-3.1945192,0.0980472211731
-0.0258188,-0.0258188,0.0980472211731
-6.4739218,-6.4739218,0.0980472211731
-2.3957336,-2.3957336,0.0980472211731
-0.5265087,-0.5265087,0.0980472211731
0.2058359,0.2058359,0.0980472211731
0.219955,0.219955,0.0980472211731
-1.2636792,-1.2636792,0.0980472211731
-16.8584996,-10.0,0.0980472211731
-0.0463952,-0.0463952,0.0980472211731
-0.6139972,-0.6139972,0.0980472211731
-1.8272473,-1.8272473,0.0980472211731
0.2200778,0.2200778,0.0980472211731
-0.0814155,-0.0814155,0.0980472211731
-1.4350137,-1.4350137,0.0980472211731
0.2201144,0.2201144,0.0980472211731
-20.7798853,-10.0,0.0980472211731
-18.2035986,-10.0,0.0980472211731
0.1466693,0.1466693,0.0980472211731
-2.9744048,-2.9744048,0.0980472211731
0.1942956,0.1942956,0.0980472211731
-6.2538074,-6.2538074,0.0980472211731
18.3841517,10.0,0.0980472211731
20.2533766,10.0,0.0980472211731
20.9857212,10.0,0.0980472211731
20.9998403,10.0,0.0980472211731
19.5162061,10.0,0.0980472211731
3.9213857,3.9213857,0.0980472211731
20.7334901,10.0,0.0980472211731
20.1658881,10.0,0.0980472211731
18.952638,10.0,0.0980472211731
20.9999631,10.0,0.0980472211731
20.6984698,10.0,0.0980472211731
19.3448716,10.0,0.0980472211731
20.9999997,10.0,0.0980472211731
20.7798853,10.0,0.0980472211731
2.5762867,2.5762867,0.0980472211731
20.9265546,10.0,0.0980472211731
17.8054805,10.0,0.0980472211731
20.9741809,10.0,0.0980472211731
14.5260779,10.0,0.0980472211731
15.807865,10.0,0.0980472211731
17.6770899,10.0,0.0980472211731
18.4094345,10.0,0.0980472211731
18.4235536,10.0,0.0980472211731
16.9399194,10.0,0.0980472211731
1.345099,1.345099,0.0980472211731
18.1572034,10.0,0.0980472211731
17.5896014,10.0,0.0980472211731
16.3763513,10.0,0.0980472211731
18.4236764,10.0,0.0980472211731
18.1221831,10.0,0.0980472211731
16.7685849,10.0,0.0980472211731
18.423713,10.0,0.0980472211731
18.2035986,10.0,0.0980472211731
-2.5762867,-2.5762867,0.0980472211731
18.3502679,10.0,0.0980472211731
15.2291938,10.0,0.0980472211731
18.3978942,10.0,0.0980472211731
11.9497912,10.0,0.0980472211731
-2.5424029,-2.5424029,0.0980472211731
-0.673178,-0.673178,0.0980472211731
0.0591666,0.0591666,0.0980472211731
0.0732857,0.0732857,0.0980472211731
-1.4103485,-1.4103485,0.0980472211731
-17.0051689,-10.0,0.0980472211731
-0.1930645,-0.1930645,0.0980472211731
-0.7606665,-0.7606665,0.0980472211731
-1.9739166,-1.9739166,0.0980472211731
0.0734085,0.0734085,0.0980472211731
-0.2280848,-0.2280848,0.0980472211731
-1.581683,-1.581683,0.0980472211731
0.0734451,0.0734451,0.0980472211731
-0.1466693,-0.1466693,0.0980472211731
-20.9265546,-10.0,0.0980472211731
-18.3502679,-10.0,0.0980472211731
-3.1210741,-3.1210741,0.0980472211731
0.0476263,0.0476263,0.0980472211731
-6.4004767,-6.4004767,0.0980472211731
0.5786712,0.5786712,0.0980472211731
2.4478961,2.4478961,0.0980472211731
3.1802407,3.1802407,0.0980472211731
3.1943598,3.1943598,0.0980472211731
1.7107256,1.7107256,0.0980472211731
-13.8840948,-10.0,0.0980472211731
2.9280096,2.9280096,0.0980472211731
2.3604076,2.3604076,0.0980472211731
1.1471575,1.1471575,0.0980472211731
3.1944826,3.1944826,0.0980472211731
2.8929893,2.8929893,0.0980472211731
1.5393911,1.5393911,0.0980472211731
3.1945192,3.1945192,0.0980472211731
2.9744048,2.9744048,0.0980472211731
-17.8054805,-10.0,0.0980472211731
-15.2291938,-10.0,0.0980472211731
3.1210741,3.1210741,0.0980472211731
3.1687004,3.1687004,0.0980472211731
-3.2794026,-3.2794026,0.0980472211731
-2.5900292,-2.5900292,0.0980472211731
-0.7208043,-0.7208043,0.0980472211731
0.0115403,0.0115403,0.0980472211731
0.0256594,0.0256594,0.0980472211731
-1.4579748,-1.4579748,0.0980472211731
-17.0527952,-10.0,0.0980472211731
-0.2406908,-0.2406908,0.0980472211731
-0.8082928,-0.8082928,0.0980472211731
-2.0215429,-2.0215429,0.0980472211731
0.0257822,0.0257822,0.0980472211731
-0.2757111,-0.2757111,0.0980472211731
-1.6293093,-1.6293093,0.0980472211731
0.0258188,0.0258188,0.0980472211731
-0.1942956,-0.1942956,0.0980472211731
-20.9741809,-10.0,0.0980472211731
-18.3978942,-10.0,0.0980472211731
-0.0476263,-0.0476263,0.0980472211731
-3.1687004,-3.1687004,0.0980472211731
-6.448103,-6.448103,0.0980472211731
3.8580738,3.8580738,0.0980472211731
5.7272987,5.7272987,0.0980472211731
6.4596433,6.4596433,0.0980472211731
6.4737624,6.4737624,0.0980472211731
4.9901282,4.9901282,0.0980472211731
-10.6046922,-10.0,0.0980472211731
6.2074122,6.2074122,0.0980472211731
5.6398102,5.6398102,0.0980472211731
4.4265601,4.4265601,0.0980472211731
6.4738852,6.4738852,0.0980472211731
6.1723919,6.1723919,0.0980472211731
4.8187937,4.8187937,0.0980472211731
6.4739218,6.4739218,0.0980472211731
6.2538074,6.2538074,0.0980472211731
-14.5260779,-10.0,0.0980472211731
-11.9497912,-10.0,0.0980472211731
6.4004767,6.4004767,0.0980472211731
3.2794026,3.2794026,0.0980472211731
6.448103,6.448103,0.0980472211731
15.0810512,10.0,0.531651043595
-6.1494384,-6.1494384,0.531651043595
-5.1156257,-5.1156257,0.531651043595
2.1952023,2.1952023,0.531651043595
12.3986038,10.0,0.531651043595
-1.836478,-1.836478,0.531651043595
-5.3032061,-5.3032061,0.531651043595
-2.2194978,-2.2194978,0.531651043595
-5.918948,-5.918948,0.531651043595
-4.857299,-4.857299,0.531651043595
-2.9644491,-2.9644491,0.531651043595
-2.9356525,-2.9356525,0.531651043595
-3.5546928,-3.5546928,0.531651043595
-3.7338403,-3.7338403,0.531651043595
-3.5803267,-3.5803267,0.531651043595
-4.8825235,-4.8825235,0.531651043595
-4.8461169,-4.8461169,0.531651043595
9.8506607,9.8506607,0.531651043595
-2.3011137,-2.3011137,0.531651043595
-15.0810512,-10.0,0.531651043595
-21.2304896,-10.0,0.531651043595
-20.1966769,-10.0,0.531651043595
-12.8858489,-10.0,0.531651043595
-2.6824474,-2.6824474,0.531651043595
-16.9175292,-10.0,0.531651043595
-20.3842573,-10.0,0.531651043595
-17.300549,-10.0,0.531651043595
-20.9999992,-10.0,0.531651043595
-19.9383502,-10.0,0.531651043595
-18.0455003,-10.0,0.531651043595
-18.0167037,-10.0,0.531651043595
-18.635744,-10.0,0.531651043595
-18.8148915,-10.0,0.531651043595
-18.6613779,-10.0,0.531651043595
-19.9635747,-10.0,0.531651043595
-19.9271681,-10.0,0.531651043595
-5.2303905,-5.2303905,0.531651043595
-17.3821649,-10.0,0.531651043595
6.1494384,6.1494384,0.531651043595
21.2304896,10.0,0.531651043595
1.0338127,1.0338127,0.531651043595
8.3446407,8.3446407,0.531651043595
18.5480422,10.0,0.531651043595
4.3129604,4.3129604,0.531651043595
0.8462323,0.8462323,0.531651043595
3.9299406,3.9299406,0.531651043595
0.2304904,0.2304904,0.531651043595
1.2921394,1.2921394,0.531651043595
3.1849893,3.1849893,0.531651043595
3.2137859,3.2137859,0.531651043595
2.5947456,2.5947456,0.531651043595
2.4155981,2.4155981,0.531651043595
2.5691117,2.5691117,0.531651043595
1.2669149,1.2669149,0.531651043595
1.3033215,1.3033215,0.531651043595
16.0000991,10.0,0.531651043595
3.8483247,3.8483247,0.531651043595
5.1156257,5.1156257,0.531651043595
20.1966769,10.0,0.531651043595
-1.0338127,-1.0338127,0.531651043595
7.310828,7.310828,0.531651043595
17.5142295,10.0,0.531651043595
3.2791477,3.2791477,0.531651043595
-0.1875804,-0.1875804,0.531651043595
2.8961279,2.8961279,0.531651043595
-0.8033223,-0.8033223,0.531651043595
0.2583267,0.2583267,0.531651043595
2.1511766,2.1511766,0.531651043595
2.1799732,2.1799732,0.531651043595
1.5609329,1.5609329,0.531651043595
1.3817854,1.3817854,0.531651043595
1.535299,1.535299,0.531651043595
0.2331022,0.2331022,0.531651043595
0.2695088,0.2695088,0.531651043595
14.9662864,10.0,0.531651043595
2.814512,2.814512,0.531651043595
-2.1952023,-2.1952023,0.531651043595
12.8858489,10.0,0.531651043595
-8.3446407,-8.3446407,0.531651043595
-7.310828,-7.310828,0.531651043595
10.2034015,10.0,0.531651043595
-4.0316803,-4.0316803,0.531651043595
-7.4984084,-7.4984084,0.531651043595
-4.4147001,-4.4147001,0.531651043595
-8.1141503,-8.1141503,0.531651043595
-7.0525013,-7.0525013,0.531651043595
-5.1596514,-5.1596514,0.531651043595
-5.1308548,-5.1308548,0.531651043595
-5.7498951,-5.7498951,0.531651043595
-5.9290426,-5.9290426,0.531651043595
-5.775529,-5.775529,0.531651043595
-7.0777258,-7.0777258,0.531651043595
-7.0413192,-7.0413192,0.531651043595
7.6554584,7.6554584,0.531651043595
-4.496316,-4.496316,0.531651043595
-12.3986038,-10.0,0.531651043595
2.6824474,2.6824474,0.531651043595
-18.5480422,-10.0,0.531651043595
-17.5142295,-10.0,0.531651043595
-10.2034015,-10.0,0.531651043595
-14.2350818,-10.0,0.531651043595
-17.7018099,-10.0,0.531651043595
-14.6181016,-10.0,0.531651043595
-18.3175518,-10.0,0.531651043595
-17.2559028,-10.0,0.531651043595
-15.3630529,-10.0,0.531651043595
-15.3342563,-10.0,0.531651043595
-15.9532966,-10.0,0.531651043595
-16.1324441,-10.0,0.531651043595
-15.9789305,-10.0,0.531651043595
-17.2811273,-10.0,0.531651043595
-17.2447207,-10.0,0.531651043595
-2.5479431,-2.5479431,0.531651043595
-14.6997175,-10.0,0.531651043595
1.836478,1.836478,0.531651043595
16.9175292,10.0,0.531651043595
-4.3129604,-4.3129604,0.531651043595
-3.2791477,-3.2791477,0.531651043595
4.0316803,4.0316803,0.531651043595
14.2350818,10.0,0.531651043595
-3.4667281,-3.4667281,0.531651043595
-0.3830198,-0.3830198,0.531651043595
-4.08247,-4.08247,0.531651043595
-3.020821,-3.020821,0.531651043595
-1.1279711,-1.1279711,0.531651043595
-1.0991745,-1.0991745,0.531651043595
-1.7182148,-1.7182148,0.531651043595
-1.8973623,-1.8973623,0.531651043595
-1.7438487,-1.7438487,0.531651043595
-3.0460455,-3.0460455,0.531651043595
-3.0096389,-3.0096389,0.531651043595
11.6871387,10.0,0.531651043595
-0.4646357,-0.4646357,0.531651043595
5.3032061,5.3032061,0.531651043595
20.3842573,10.0,0.531651043595
-0.8462323,-0.8462323,0.531651043595
0.1875804,0.1875804,0.531651043595
7.4984084,7.4984084,0.531651043595
17.7018099,10.0,0.531651043595
3.4667281,3.4667281,0.531651043595
3.0837083,3.0837083,0.531651043595
-0.6157419,-0.6157419,0.531651043595
0.4459071,0.4459071,0.531651043595
2.338757,2.338757,0.531651043595
2.3675536,2.3675536,0.531651043595
1.7485133,1.7485133,0.531651043595
1.5693658,1.5693658,0.531651043595
1.7228794,1.7228794,0.531651043595
0.4206826,0.4206826,0.531651043595
0.4570892,0.4570892,0.531651043595
15.1538668,10.0,0.531651043595
3.0020924,3.0020924,0.531651043595
2.2194978,2.2194978,0.531651043595
17.300549,10.0,0.531651043595
-3.9299406,-3.9299406,0.531651043595
-2.8961279,-2.8961279,0.531651043595
4.4147001,4.4147001,0.531651043595
14.6181016,10.0,0.531651043595
0.3830198,0.3830198,0.531651043595
-3.0837083,-3.0837083,0.531651043595
-3.6994502,-3.6994502,0.531651043595
-2.6378012,-2.6378012,0.531651043595
-0.7449513,-0.7449513,0.531651043595
-0.7161547,-0.7161547,0.531651043595
-1.335195,-1.335195,0.531651043595
-1.5143425,-1.5143425,0.531651043595
-1.3608289,-1.3608289,0.531651043595
-2.6630257,-2.6630257,0.531651043595
-2.6266191,-2.6266191,0.531651043595
12.0701585,10.0,0.531651043595
-0.0816159,-0.0816159,0.531651043595
5.918948,5.918948,0.531651043595
20.9999992,10.0,0.531651043595
-0.2304904,-0.2304904,0.531651043595
0.8033223,0.8033223,0.531651043595
8.1141503,8.1141503,0.531651043595
18.3175518,10.0,0.531651043595
4.08247,4.08247,0.531651043595
0.6157419,0.6157419,0.531651043595
3.6994502,3.6994502,0.531651043595
1.061649,1.061649,0.531651043595
2.9544989,2.9544989,0.531651043595
2.9832955,2.9832955,0.531651043595
2.3642552,2.3642552,0.531651043595
2.1851077,2.1851077,0.531651043595
2.3386213,2.3386213,0.531651043595
1.0364245,1.0364245,0.531651043595
1.0728311,1.0728311,0.531651043595
15.7696087,10.0,0.531651043595
3.6178343,3.6178343,0.531651043595
4.857299,4.857299,0.531651043595
19.9383502,10.0,0.531651043595
-1.2921394,-1.2921394,0.531651043595
-0.2583267,-0.2583267,0.531651043595
7.0525013,7.0525013,0.531651043595
17.2559028,10.0,0.531651043595
3.020821,3.020821,0.531651043595
-0.4459071,-0.4459071,0.531651043595
2.6378012,2.6378012,0.531651043595
-1.061649,-1.061649,0.531651043595
1.8928499,1.8928499,0.531651043595
1.9216465,1.9216465,0.531651043595
1.3026062,1.3026062,0.531651043595
1.1234587,1.1234587,0.531651043595
1.2769723,1.2769723,0.531651043595
-0.0252245,-0.0252245,0.531651043595
0.0111821,0.0111821,0.531651043595
14.7079597,10.0,0.531651043595
2.5561853,2.5561853,0.531651043595
2.9644491,2.9644491,0.531651043595
18.0455003,10.0,0.531651043595
-3.1849893,-3.1849893,0.531651043595
-2.1511766,-2.1511766,0.531651043595
5.1596514,5.1596514,0.531651043595
15.3630529,10.0,0.531651043595
1.1279711,1.1279711,0.531651043595
-2.338757,-2.338757,0.531651043595
0.7449513,0.7449513,0.531651043595
-2.9544989,-2.9544989,0.531651043595
-1.8928499,-1.8928499,0.531651043595
0.0287966,0.0287966,0.531651043595
-0.5902437,-0.5902437,0.531651043595
-0.7693912,-0.7693912,0.531651043595
-0.6158776,-0.6158776,0.531651043595
-1.9180744,-1.9180744,0.531651043595
-1.8816678,-1.8816678,0.531651043595
12.8151098,10.0,0.531651043595
0.6633354,0.6633354,0.531651043595
2.9356525,2.9356525,0.531651043595
18.0167037,10.0,0.531651043595
-3.2137859,-3.2137859,0.531651043595
-2.1799732,-2.1799732,0.531651043595
5.1308548,5.1308548,0.531651043595
15.3342563,10.0,0.531651043595
1.0991745,1.0991745,0.531651043595
-2.3675536,-2.3675536,0.531651043595
0.7161547,0.7161547,0.531651043595
-2.9832955,-2.9832955,0.531651043595
-1.9216465,-1.9216465,0.531651043595
-0.0287966,-0.0287966,0.531651043595
-0.6190403,-0.6190403,0.531651043595
-0.7981878,-0.7981878,0.531651043595
-0.6446742,-0.6446742,0.531651043595
-1.946871,-1.946871,0.531651043595
-1.9104644,-1.9104644,0.531651043595
12.7863132,10.0,0.531651043595
0.6345388,0.6345388,0.531651043595
3.5546928,3.5546928,0.531651043595
18.635744,10.0,0.531651043595
-2.5947456,-2.5947456,0.531651043595
-1.5609329,-1.5609329,0.531651043595
5.7498951,5.7498951,0.531651043595
15.9532966,10.0,0.531651043595
1.7182148,1.7182148,0.531651043595
-1.7485133,-1.7485133,0.531651043595
1.335195,1.335195,0.531651043595
-2.3642552,-2.3642552,0.531651043595
-1.3026062,-1.3026062,0.531651043595
0.5902437,0.5902437,0.531651043595
0.6190403,0.6190403,0.531651043595
-0.1791475,-0.1791475,0.531651043595
-0.0256339,-0.0256339,0.531651043595
-1.3278307,-1.3278307,0.531651043595
-1.2914241,-1.2914241,0.531651043595
13.4053535,10.0,0.531651043595
1.2535791,1.2535791,0.531651043595
3.7338403,3.7338403,0.531651043595
18.8148915,10.0,0.531651043595
-2.4155981,-2.4155981,0.531651043595
-1.3817854,-1.3817854,0.531651043595
5.9290426,5.9290426,0.531651043595
16.1324441,10.0,0.531651043595
1.8973623,1.8973623,0.531651043595
-1.5693658,-1.5693658,0.531651043595
1.5143425,1.5143425,0.531651043595
-2.1851077,-2.1851077,0.531651043595
-1.1234587,-1.1234587,0.531651043595
0.7693912,0.7693912,0.531651043595
0.7981878,0.7981878,0.531651043595
0.1791475,0.1791475,0.531651043595
0.1535136,0.1535136,0.531651043595
-1.1486832,-1.1486832,0.531651043595
-1.1122766,-1.1122766,0.531651043595
13.584501,10.0,0.531651043595
1.4327266,1.4327266,0.531651043595
3.5803267,3.5803267,0.531651043595
18.6613779,10.0,0.531651043595
-2.5691117,-2.5691117,0.531651043595
-1.535299,-1.535299,0.531651043595
5.775529,5.775529,0.531651043595
15.9789305,10.0,0.531651043595
1.7438487,1.7438487,0.531651043595
-1.7228794,-1.7228794,0.531651043595
1.3608289,1.3608289,0.531651043595
-2.3386213,-2.3386213,0.531651043595
-1.2769723,-1.2769723,0.531651043595
0.6158776,0.6158776,0.531651043595
0.6446742,0.6446742,0.531651043595
0.0256339,0.0256339,0.531651043595
-0.1535136,-0.1535136,0.531651043595
-1.3021968,-1.3021968,0.531651043595
-1.2657902,-1.2657902,0.531651043595
13.4309874,10.0,0.531651043595
1.279213,1.279213,0.531651043595
4.8825235,4.8825235,0.531651043595
19.9635747,10.0,0.531651043595
-1.2669149,-1.2669149,0.531651043595
-0.2331022,-0.2331022,0.531651043595
7.0777258,7.0777258,0.531651043595
17.2811273,10.0,0.531651043595
3.0460455,3.0460455,0.531651043595
-0.4206826,-0.4206826,0.531651043595
2.6630257,2.6630257,0.531651043595
-1.0364245,-1.0364245,0.531651043595
0.0252245,0.0252245,0.531651043595
1.9180744,1.9180744,0.531651043595
1.946871,1.946871,0.531651043595
1.3278307,1.3278307,0.531651043595
1.1486832,1.1486832,0.531651043595
1.3021968,1.3021968,0.531651043595
0.0364066,0.0364066,0.531651043595
14.7331842,10.0,0.531651043595
2.5814098,2.5814098,0.531651043595
4.8461169,4.8461169,0.531651043595
19.9271681,10.0,0.531651043595
-1.3033215,-1.3033215,0.531651043595
-0.2695088,-0.2695088,0.531651043595
7.0413192,7.0413192,0.531651043595
17.2447207,10.0,0.531651043595
3.0096389,3.0096389,0.531651043595
-0.4570892,-0.4570892,0.531651043595
2.6266191,2.6266191,0.531651043595
-1.0728311,-1.0728311,0.531651043595
-0.0111821,-0.0111821,0.531651043595
1.8816678,1.8816678,0.531651043595
1.9104644,1.9104644,0.531651043595
1.2914241,1.2914241,0.531651043595
1.1122766,1.1122766,0.531651043595
1.2657902,1.2657902,0.531651043595
-0.0364066,-0.0364066,0.531651043595
14.6967776,10.0,0.531651043595
2.5450032,2.5450032,0.531651043595
-9.8506607,-9.8506607,0.531651043595
5.2303905,5.2303905,0.531651043595
-16.0000991,-10.0,0.531651043595
-14.9662864,-10.0,0.531651043595
-7.6554584,-7.6554584,0.531651043595
2.5479431,2.5479431,0.531651043595
-11.6871387,-10.0,0.531651043595
-15.1538668,-10.0,0.531651043595
-12.0701585,-10.0,0.531651043595
-15.7696087,-10.0,0.531651043595
-14.7079597,-10.0,0.531651043595
-12.8151098,-10.0,0.531651043595
-12.7863132,-10.0,0.531651043595
-13.4053535,-10.0,0.531651043595
-13.584501,-10.0,0.531651043595
-13.4309874,-10.0,0.531651043595
-14.7331842,-10.0,0.531651043595
-14.6967776,-10.0,0.531651043595
-12.1517744,-10.0,0.531651043595
2.3011137,2.3011137,0.531651043595
17.3821649,10.0,0.531651043595
-3.8483247,-3.8483247,0.531651043595
-2.814512,-2.814512,0.531651043595
4.496316,4.496316,0.531651043595
14.6997175,10.0,0.531651043595
0.4646357,0.4646357,0.531651043595
-3.0020924,-3.0020924,0.531651043595
0.0816159,0.0816159,0.531651043595
-3.6178343,-3.6178343,0.531651043595
-2.5561853,-2.5561853,0.531651043595
-0.6633354,-0.6633354,0.531651043595
-0.6345388,-0.6345388,0.531651043595
-1.2535791,-1.2535791,0.531651043595
-1.4327266,-1.4327266,0.531651043595
-1.279213,-1.279213,0.531651043595
-2.5814098,-2.5814098,0.531651043595
-2.5450032,-2.5450032,0.531651043595
12.1517744,10.0,0.531651043595
20.3207615,10.0,0.427215141219
20.6253627,10.0,0.427215141219
20.7559567,10.0,0.427215141219
2.3889357,2.3889357,0.427215141219
20.8799861,10.0,0.427215141219
17.8410586,10.0,0.427215141219
0.7780473,0.7780473,0.427215141219
18.353351,10.0,0.427215141219
1.2828395,1.2828395,0.427215141219
2.940829,2.940829,0.427215141219
20.6867439,10.0,0.427215141219
7.6714523,7.6714523,0.427215141219
20.8777608,10.0,0.427215141219
20.1745037,10.0,0.427215141219
3.0076199,3.0076199,0.427215141219
2.8645473,2.8645473,0.427215141219
-0.1200135,-0.1200135,0.427215141219
16.1565146,10.0,0.427215141219
20.581881,10.0,0.427215141219
-20.3207615,-10.0,0.427215141219
0.3046012,0.3046012,0.427215141219
0.4351952,0.4351952,0.427215141219
-17.9318258,-10.0,0.427215141219
0.5592246,0.5592246,0.427215141219
-2.4797029,-2.4797029,0.427215141219
-19.5427142,-10.0,0.427215141219
-1.9674105,-1.9674105,0.427215141219
-19.037922,-10.0,0.427215141219
-17.3799325,-10.0,0.427215141219
0.3659824,0.3659824,0.427215141219
-12.6493092,-10.0,0.427215141219
0.5569993,0.5569993,0.427215141219
-0.1462578,-0.1462578,0.427215141219
-17.3131416,-10.0,0.427215141219
-17.4562142,-10.0,0.427215141219
-20.440775,-10.0,0.427215141219
-4.1642469,-4.1642469,0.427215141219
0.2611195,0.2611195,0.427215141219
-20.6253627,-10.0,0.427215141219
-0.3046012,-0.3046012,0.427215141219
0.130594,0.130594,0.427215141219
-18.236427,-10.0,0.427215141219
0.2546234,0.2546234,0.427215141219
-2.7843041,-2.7843041,0.427215141219
-19.8473154,-10.0,0.427215141219
-2.2720117,-2.2720117,0.427215141219
-19.3425232,-10.0,0.427215141219
-17.6845337,-10.0,0.427215141219
0.0613812,0.0613812,0.427215141219
-12.9539104,-10.0,0.427215141219
0.2523981,0.2523981,0.427215141219
-0.450859,-0.450859,0.427215141219
-17.6177428,-10.0,0.427215141219
-17.7608154,-10.0,0.427215141219
-20.7453762,-10.0,0.427215141219
-4.4688481,-4.4688481,0.427215141219
-0.0434817,-0.0434817,0.427215141219
-20.7559567,-10.0,0.427215141219
-0.4351952,-0.4351952,0.427215141219
-0.130594,-0.130594,0.427215141219
-18.367021,-10.0,0.427215141219
0.1240294,0.1240294,0.427215141219
-2.9148981,-2.9148981,0.427215141219
-19.9779094,-10.0,0.427215141219
-2.4026057,-2.4026057,0.427215141219
-19.4731172,-10.0,0.427215141219
-17.8151277,-10.0,0.427215141219
-0.0692128,-0.0692128,0.427215141219
-13.0845044,-10.0,0.427215141219
0.1218041,0.1218041,0.427215141219
-0.581453,-0.581453,0.427215141219
-17.7483368,-10.0,0.427215141219
-17.8914094,-10.0,0.427215141219
-20.8759702,-10.0,0.427215141219
-4.5994421,-4.5994421,0.427215141219
-0.1740757,-0.1740757,0.427215141219
-2.3889357,-2.3889357,0.427215141219
17.9318258,10.0,0.427215141219
18.236427,10.0,0.427215141219
18.367021,10.0,0.427215141219
18.4910504,10.0,0.427215141219
15.4521229,10.0,0.427215141219
-1.6108884,-1.6108884,0.427215141219
15.9644153,10.0,0.427215141219
-1.1060962,-1.1060962,0.427215141219
0.5518933,0.5518933,0.427215141219
18.2978082,10.0,0.427215141219
5.2825166,5.2825166,0.427215141219
18.4888251,10.0,0.427215141219
17.785568,10.0,0.427215141219
0.6186842,0.6186842,0.427215141219
0.4756116,0.4756116,0.427215141219
-2.5089492,-2.5089492,0.427215141219
13.7675789,10.0,0.427215141219
18.1929453,10.0,0.427215141219
-20.8799861,-10.0,0.427215141219
-0.5592246,-0.5592246,0.427215141219
-0.2546234,-0.2546234,0.427215141219
-0.1240294,-0.1240294,0.427215141219
-18.4910504,-10.0,0.427215141219
-3.0389275,-3.0389275,0.427215141219
-20.1019388,-10.0,0.427215141219
-2.5266351,-2.5266351,0.427215141219
-19.5971466,-10.0,0.427215141219
-17.9391571,-10.0,0.427215141219
-0.1932422,-0.1932422,0.427215141219
-13.2085338,-10.0,0.427215141219
-0.0022253,-0.0022253,0.427215141219
-0.7054824,-0.7054824,0.427215141219
-17.8723662,-10.0,0.427215141219
-18.0154388,-10.0,0.427215141219
-20.9999996,-10.0,0.427215141219
-4.7234715,-4.7234715,0.427215141219
-0.2981051,-0.2981051,0.427215141219
-17.8410586,-10.0,0.427215141219
2.4797029,2.4797029,0.427215141219
2.7843041,2.7843041,0.427215141219
2.9148981,2.9148981,0.427215141219
-15.4521229,-10.0,0.427215141219
3.0389275,3.0389275,0.427215141219
-17.0630113,-10.0,0.427215141219
0.5122924,0.5122924,0.427215141219
-16.5582191,-10.0,0.427215141219
-14.9002296,-10.0,0.427215141219
2.8456853,2.8456853,0.427215141219
-10.1696063,-10.0,0.427215141219
3.0367022,3.0367022,0.427215141219
2.3334451,2.3334451,0.427215141219
-14.8334387,-10.0,0.427215141219
-14.9765113,-10.0,0.427215141219
-17.9610721,-10.0,0.427215141219
-1.684544,-1.684544,0.427215141219
2.7408224,2.7408224,0.427215141219
-0.7780473,-0.7780473,0.427215141219
19.5427142,10.0,0.427215141219
19.8473154,10.0,0.427215141219
19.9779094,10.0,0.427215141219
1.6108884,1.6108884,0.427215141219
20.1019388,10.0,0.427215141219
17.0630113,10.0,0.427215141219
17.5753037,10.0,0.427215141219
0.5047922,0.5047922,0.427215141219
2.1627817,2.1627817,0.427215141219
19.9086966,10.0,0.427215141219
6.893405,6.893405,0.427215141219
20.0997135,10.0,0.427215141219
19.3964564,10.0,0.427215141219
2.2295726,2.2295726,0.427215141219
2.0865,2.0865,0.427215141219
-0.8980608,-0.8980608,0.427215141219
15.3784673,10.0,0.427215141219
19.8038337,10.0,0.427215141219
-18.353351,-10.0,0.427215141219
1.9674105,1.9674105,0.427215141219
2.2720117,2.2720117,0.427215141219
2.4026057,2.4026057,0.427215141219
-15.9644153,-10.0,0.427215141219
2.5266351,2.5266351,0.427215141219
-0.5122924,-0.5122924,0.427215141219
-17.5753037,-10.0,0.427215141219
-17.0705115,-10.0,0.427215141219
-15.412522,-10.0,0.427215141219
2.3333929,2.3333929,0.427215141219
-10.6818987,-10.0,0.427215141219
2.5244098,2.5244098,0.427215141219
1.8211527,1.8211527,0.427215141219
-15.3457311,-10.0,0.427215141219
-15.4888037,-10.0,0.427215141219
-18.4733645,-10.0,0.427215141219
-2.1968364,-2.1968364,0.427215141219
2.22853,2.22853,0.427215141219
-1.2828395,-1.2828395,0.427215141219
19.037922,10.0,0.427215141219
19.3425232,10.0,0.427215141219
19.4731172,10.0,0.427215141219
1.1060962,1.1060962,0.427215141219
19.5971466,10.0,0.427215141219
16.5582191,10.0,0.427215141219
-0.5047922,-0.5047922,0.427215141219
17.0705115,10.0,0.427215141219
1.6579895,1.6579895,0.427215141219
19.4039044,10.0,0.427215141219
6.3886128,6.3886128,0.427215141219
19.5949213,10.0,0.427215141219
18.8916642,10.0,0.427215141219
1.7247804,1.7247804,0.427215141219
1.5817078,1.5817078,0.427215141219
-1.402853,-1.402853,0.427215141219
14.8736751,10.0,0.427215141219
19.2990415,10.0,0.427215141219
-2.940829,-2.940829,0.427215141219
17.3799325,10.0,0.427215141219
17.6845337,10.0,0.427215141219
17.8151277,10.0,0.427215141219
-0.5518933,-0.5518933,0.427215141219
17.9391571,10.0,0.427215141219
14.9002296,10.0,0.427215141219
-2.1627817,-2.1627817,0.427215141219
15.412522,10.0,0.427215141219
-1.6579895,-1.6579895,0.427215141219
17.7459149,10.0,0.427215141219
4.7306233,4.7306233,0.427215141219
17.9369318,10.0,0.427215141219
17.2336747,10.0,0.427215141219
0.0667909,0.0667909,0.427215141219
-0.0762817,-0.0762817,0.427215141219
-3.0608425,-3.0608425,0.427215141219
13.2156856,10.0,0.427215141219
17.641052,10.0,0.427215141219
-20.6867439,-10.0,0.427215141219
-0.3659824,-0.3659824,0.427215141219
-0.0613812,-0.0613812,0.427215141219
0.0692128,0.0692128,0.427215141219
-18.2978082,-10.0,0.427215141219
0.1932422,0.1932422,0.427215141219
-2.8456853,-2.8456853,0.427215141219
-19.9086966,-10.0,0.427215141219
-2.3333929,-2.3333929,0.427215141219
-19.4039044,-10.0,0.427215141219
-17.7459149,-10.0,0.427215141219
-13.0152916,-10.0,0.427215141219
0.1910169,0.1910169,0.427215141219
-0.5122402,-0.5122402,0.427215141219
-17.679124,-10.0,0.427215141219
-17.8221966,-10.0,0.427215141219
-20.8067574,-10.0,0.427215141219
-4.5302293,-4.5302293,0.427215141219
-0.1048629,-0.1048629,0.427215141219
-7.6714523,-7.6714523,0.427215141219
12.6493092,10.0,0.427215141219
12.9539104,10.0,0.427215141219
13.0845044,10.0,0.427215141219
-5.2825166,-5.2825166,0.427215141219
13.2085338,10.0,0.427215141219
10.1696063,10.0,0.427215141219
-6.893405,-6.893405,0.427215141219
10.6818987,10.0,0.427215141219
-6.3886128,-6.3886128,0.427215141219
-4.7306233,-4.7306233,0.427215141219
13.0152916,10.0,0.427215141219
13.2063085,10.0,0.427215141219
12.5030514,10.0,0.427215141219
-4.6638324,-4.6638324,0.427215141219
-4.806905,-4.806905,0.427215141219
-7.7914658,-7.7914658,0.427215141219
8.4850623,8.4850623,0.427215141219
12.9104287,10.0,0.427215141219
-20.8777608,-10.0,0.427215141219
-0.5569993,-0.5569993,0.427215141219
-0.2523981,-0.2523981,0.427215141219
-0.1218041,-0.1218041,0.427215141219
-18.4888251,-10.0,0.427215141219
0.0022253,0.0022253,0.427215141219
-3.0367022,-3.0367022,0.427215141219
-20.0997135,-10.0,0.427215141219
-2.5244098,-2.5244098,0.427215141219
-19.5949213,-10.0,0.427215141219
-17.9369318,-10.0,0.427215141219
-0.1910169,-0.1910169,0.427215141219
-13.2063085,-10.0,0.427215141219
-0.7032571,-0.7032571,0.427215141219
-17.8701409,-10.0,0.427215141219
-18.0132135,-10.0,0.427215141219
-20.9977743,-10.0,0.427215141219
-4.7212462,-4.7212462,0.427215141219
-0.2958798,-0.2958798,0.427215141219
-20.1745037,-10.0,0.427215141219
0.1462578,0.1462578,0.427215141219
0.450859,0.450859,0.427215141219
0.581453,0.581453,0.427215141219
-17.785568,-10.0,0.427215141219
0.7054824,0.7054824,0.427215141219
-2.3334451,-2.3334451,0.427215141219
-19.3964564,-10.0,0.427215141219
-1.8211527,-1.8211527,0.427215141219
-18.8916642,-10.0,0.427215141219
-17.2336747,-10.0,0.427215141219
0.5122402,0.5122402,0.427215141219
-12.5030514,-10.0,0.427215141219
0.7032571,0.7032571,0.427215141219
-17.1668838,-10.0,0.427215141219
-17.3099564,-10.0,0.427215141219
-20.2945172,-10.0,0.427215141219
-4.0179891,-4.0179891,0.427215141219
0.4073773,0.4073773,0.427215141219
-3.0076199,-3.0076199,0.427215141219
17.3131416,10.0,0.427215141219
17.6177428,10.0,0.427215141219
17.7483368,10.0,0.427215141219
-0.6186842,-0.6186842,0.427215141219
17.8723662,10.0,0.427215141219
14.8334387,10.0,0.427215141219
-2.2295726,-2.2295726,0.427215141219
15.3457311,10.0,0.427215141219
-1.7247804,-1.7247804,0.427215141219
-0.0667909,-0.0667909,0.427215141219
17.679124,10.0,0.427215141219
4.6638324,4.6638324,0.427215141219
17.8701409,10.0,0.427215141219
17.1668838,10.0,0.427215141219
-0.1430726,-0.1430726,0.427215141219
-3.1276334,-3.1276334,0.427215141219
13.1488947,10.0,0.427215141219
17.5742611,10.0,0.427215141219
-2.8645473,-2.8645473,0.427215141219
17.4562142,10.0,0.427215141219
17.7608154,10.0,0.427215141219
17.8914094,10.0,0.427215141219
-0.4756116,-0.4756116,0.427215141219
18.0154388,10.0,0.427215141219
14.9765113,10.0,0.427215141219
-2.0865,-2.0865,0.427215141219
15.4888037,10.0,0.427215141219
-1.5817078,-1.5817078,0.427215141219
0.0762817,0.0762817,0.427215141219
17.8221966,10.0,0.427215141219
4.806905,4.806905,0.427215141219
18.0132135,10.0,0.427215141219
17.3099564,10.0,0.427215141219
0.1430726,0.1430726,0.427215141219
-2.9845608,-2.9845608,0.427215141219
13.2919673,10.0,0.427215141219
17.7173337,10.0,0.427215141219
0.1200135,0.1200135,0.427215141219
20.440775,10.0,0.427215141219
20.7453762,10.0,0.427215141219
20.8759702,10.0,0.427215141219
2.5089492,2.5089492,0.427215141219
20.9999996,10.0,0.427215141219
17.9610721,10.0,0.427215141219
0.8980608,0.8980608,0.427215141219
18.4733645,10.0,0.427215141219
1.402853,1.402853,0.427215141219
3.0608425,3.0608425,0.427215141219
20.8067574,10.0,0.427215141219
7.7914658,7.7914658,0.427215141219
20.9977743,10.0,0.427215141219
20.2945172,10.0,0.427215141219
3.1276334,3.1276334,0.427215141219
2.9845608,2.9845608,0.427215141219
16.2765281,10.0,0.427215141219
20.7018945,10.0,0.427215141219
-16.1565146,-10.0,0.427215141219
4.1642469,4.1642469,0.427215141219
4.4688481,4.4688481,0.427215141219
4.5994421,4.5994421,0.427215141219
-13.7675789,-10.0,0.427215141219
4.7234715,4.7234715,0.427215141219
1.684544,1.684544,0.427215141219
-15.3784673,-10.0,0.427215141219
2.1968364,2.1968364,0.427215141219
-14.8736751,-10.0,0.427215141219
-13.2156856,-10.0,0.427215141219
4.5302293,4.5302293,0.427215141219
-8.4850623,-8.4850623,0.427215141219
4.7212462,4.7212462,0.427215141219
4.0179891,4.0179891,0.427215141219
-13.1488947,-10.0,0.427215141219
-13.2919673,-10.0,0.427215141219
-16.2765281,-10.0,0.427215141219
4.4253664,4.4253664,0.427215141219
-20.581881,-10.0,0.427215141219
-0.2611195,-0.2611195,0.427215141219
0.0434817,0.0434817,0.427215141219
0.1740757,0.1740757,0.427215141219
-18.1929453,-10.0,0.427215141219
0.2981051,0.2981051,0.427215141219
-2.7408224,-2.7408224,0.427215141219
-19.8038337,-10.0,0.427215141219
-2.22853,-2.22853,0.427215141219
-19.2990415,-10.0,0.427215141219
-17.641052,-10.0,0.427215141219
0.1048629,0.1048629,0.427215141219
-12.9104287,-10.0,0.427215141219
0.2958798,0.2958798,0.427215141219
-0.4073773,-0.4073773,0.427215141219
-17.5742611,-10.0,0.427215141219
-17.7173337,-10.0,0.427215141219
-20.7018945,-10.0,0.427215141219
-4.4253664,-4.4253664,0.427215141219
2.4873555,2.4873555,0.449228383738
1.888606,1.888606,0.449228383738
0.1811748,0.1811748,0.449228383738
-17.4170264,-10.0,0.449228383738
2.4876388,2.4876388,0.449228383738
-1.5539627,-1.5539627,0.449228383738
-18.5123604,-10.0,0.449228383738
0.3736392,0.3736392,0.449228383738
-18.1018918,-10.0,0.449228383738
-15.8844312,-10.0,0.449228383738
1.68354,1.68354,0.449228383738
1.1641013,1.1641013,0.449228383738
-0.8348544,-0.8348544,0.449228383738
2.487638,2.487638,0.449228383738
2.4781689,2.4781689,0.449228383738
2.4859629,2.4859629,0.449228383738
-16.9577225,-10.0,0.449228383738
-0.4592671,-0.4592671,0.449228383738
-1.1266721,-1.1266721,0.449228383738
-2.4873555,-2.4873555,0.449228383738
-0.5987495,-0.5987495,0.449228383738
-2.3061807,-2.3061807,0.449228383738
-19.9043819,-10.0,0.449228383738
0.0002833,0.0002833,0.449228383738
-4.0413182,-4.0413182,0.449228383738
-20.9997159,-10.0,0.449228383738
-2.1137163,-2.1137163,0.449228383738
-20.5892473,-10.0,0.449228383738
-18.3717867,-10.0,0.449228383738
-0.8038155,-0.8038155,0.449228383738
-1.3232542,-1.3232542,0.449228383738
-3.3222099,-3.3222099,0.449228383738
0.000282499999997,0.000282499999997,0.449228383738
-0.0091866,-0.0091866,0.449228383738
-0.0013926,-0.0013926,0.449228383738
-19.445078,-10.0,0.449228383738
-2.9466226,-2.9466226,0.449228383738
-3.6140276,-3.6140276,0.449228383738
-1.888606,-1.888606,0.449228383738
0.5987495,0.5987495,0.449228383738
-1.7074312,-1.7074312,0.449228383738
-19.3056324,-10.0,0.449228383738
0.5990328,0.5990328,0.449228383738
-3.4425687,-3.4425687,0.449228383738
-20.4009664,-10.0,0.449228383738
-1.5149668,-1.5149668,0.449228383738
-19.9904978,-10.0,0.449228383738
-17.7730372,-10.0,0.449228383738
-0.205066,-0.205066,0.449228383738
-0.7245047,-0.7245047,0.449228383738
-2.7234604,-2.7234604,0.449228383738
0.599032,0.599032,0.449228383738
0.5895629,0.5895629,0.449228383738
0.5973569,0.5973569,0.449228383738
-18.8463285,-10.0,0.449228383738
-2.3478731,-2.3478731,0.449228383738
-3.0152781,-3.0152781,0.449228383738
-0.1811748,-0.1811748,0.449228383738
2.3061807,2.3061807,0.449228383738
1.7074312,1.7074312,0.449228383738
-17.5982012,-10.0,0.449228383738
2.306464,2.306464,0.449228383738
-1.7351375,-1.7351375,0.449228383738
-18.6935352,-10.0,0.449228383738
0.1924644,0.1924644,0.449228383738
-18.2830666,-10.0,0.449228383738
-16.065606,-10.0,0.449228383738
1.5023652,1.5023652,0.449228383738
0.9829265,0.9829265,0.449228383738
-1.0160292,-1.0160292,0.449228383738
2.3064632,2.3064632,0.449228383738
2.2969941,2.2969941,0.449228383738
2.3047881,2.3047881,0.449228383738
-17.1388973,-10.0,0.449228383738
-0.6404419,-0.6404419,0.449228383738
-1.3078469,-1.3078469,0.449228383738
17.4170264,10.0,0.449228383738
19.9043819,10.0,0.449228383738
19.3056324,10.0,0.449228383738
17.5982012,10.0,0.449228383738
19.9046652,10.0,0.449228383738
15.8630637,10.0,0.449228383738
-1.095334,-1.095334,0.449228383738
17.7906656,10.0,0.449228383738
-0.6848654,-0.6848654,0.449228383738
1.5325952,1.5325952,0.449228383738
19.1005664,10.0,0.449228383738
18.5811277,10.0,0.449228383738
16.582172,10.0,0.449228383738
19.9046644,10.0,0.449228383738
19.8951953,10.0,0.449228383738
19.9029893,10.0,0.449228383738
0.4593039,0.4593039,0.449228383738
16.9577593,10.0,0.449228383738
16.2903543,10.0,0.449228383738
-2.4876388,-2.4876388,0.449228383738
-0.0002833,-0.0002833,0.449228383738
-0.5990328,-0.5990328,0.449228383738
-2.306464,-2.306464,0.449228383738
-19.9046652,-10.0,0.449228383738
-4.0416015,-4.0416015,0.449228383738
-20.9999992,-10.0,0.449228383738
-2.1139996,-2.1139996,0.449228383738
-20.5895306,-10.0,0.449228383738
-18.37207,-10.0,0.449228383738
-0.8040988,-0.8040988,0.449228383738
-1.3235375,-1.3235375,0.449228383738
-3.3224932,-3.3224932,0.449228383738
-8.00000002243e-07,-8.00000002243e-07,0.449228383738
-0.0094699,-0.0094699,0.449228383738
-0.0016759,-0.0016759,0.449228383738
-19.4453613,-10.0,0.449228383738
-2.9469059,-2.9469059,0.449228383738
-3.6143109,-3.6143109,0.449228383738
1.5539627,1.5539627,0.449228383738
4.0413182,4.0413182,0.449228383738
3.4425687,3.4425687,0.449228383738
1.7351375,1.7351375,0.449228383738
-15.8630637,-10.0,0.449228383738
4.0416015,4.0416015,0.449228383738
-16.9583977,-10.0,0.449228383738
1.9276019,1.9276019,0.449228383738
-16.5479291,-10.0,0.449228383738
-14.3304685,-10.0,0.449228383738
3.2375027,3.2375027,0.449228383738
2.718064,2.718064,0.449228383738
0.7191083,0.7191083,0.449228383738
4.0416007,4.0416007,0.449228383738
4.0321316,4.0321316,0.449228383738
4.0399256,4.0399256,0.449228383738
-15.4037598,-10.0,0.449228383738
1.0946956,1.0946956,0.449228383738
0.4272906,0.4272906,0.449228383738
18.5123604,10.0,0.449228383738
20.9997159,10.0,0.449228383738
20.4009664,10.0,0.449228383738
18.6935352,10.0,0.449228383738
1.095334,1.095334,0.449228383738
20.9999992,10.0,0.449228383738
16.9583977,10.0,0.449228383738
18.8859996,10.0,0.449228383738
0.4104686,0.4104686,0.449228383738
2.6279292,2.6279292,0.449228383738
20.1959004,10.0,0.449228383738
19.6764617,10.0,0.449228383738
17.677506,10.0,0.449228383738
20.9999984,10.0,0.449228383738
20.9905293,10.0,0.449228383738
20.9983233,10.0,0.449228383738
1.5546379,1.5546379,0.449228383738
18.0530933,10.0,0.449228383738
17.3856883,10.0,0.449228383738
-0.3736392,-0.3736392,0.449228383738
2.1137163,2.1137163,0.449228383738
1.5149668,1.5149668,0.449228383738
-0.1924644,-0.1924644,0.449228383738
-17.7906656,-10.0,0.449228383738
2.1139996,2.1139996,0.449228383738
-1.9276019,-1.9276019,0.449228383738
-18.8859996,-10.0,0.449228383738
-18.475531,-10.0,0.449228383738
-16.2580704,-10.0,0.449228383738
1.3099008,1.3099008,0.449228383738
0.7904621,0.7904621,0.449228383738
-1.2084936,-1.2084936,0.449228383738
2.1139988,2.1139988,0.449228383738
2.1045297,2.1045297,0.449228383738
2.1123237,2.1123237,0.449228383738
-17.3313617,-10.0,0.449228383738
-0.8329063,-0.8329063,0.449228383738
-1.5003113,-1.5003113,0.449228383738
18.1018918,10.0,0.449228383738
20.5892473,10.0,0.449228383738
19.9904978,10.0,0.449228383738
18.2830666,10.0,0.449228383738
0.6848654,0.6848654,0.449228383738
20.5895306,10.0,0.449228383738
16.5479291,10.0,0.449228383738
-0.4104686,-0.4104686,0.449228383738
18.475531,10.0,0.449228383738
2.2174606,2.2174606,0.449228383738
19.7854318,10.0,0.449228383738
19.2659931,10.0,0.449228383738
17.2670374,10.0,0.449228383738
20.5895298,10.0,0.449228383738
20.5800607,10.0,0.449228383738
20.5878547,10.0,0.449228383738
1.1441693,1.1441693,0.449228383738
17.6426247,10.0,0.449228383738
16.9752197,10.0,0.449228383738
15.8844312,10.0,0.449228383738
18.3717867,10.0,0.449228383738
17.7730372,10.0,0.449228383738
16.065606,10.0,0.449228383738
-1.5325952,-1.5325952,0.449228383738
18.37207,10.0,0.449228383738
14.3304685,10.0,0.449228383738
-2.6279292,-2.6279292,0.449228383738
16.2580704,10.0,0.449228383738
-2.2174606,-2.2174606,0.449228383738
17.5679712,10.0,0.449228383738
17.0485325,10.0,0.449228383738
15.0495768,10.0,0.449228383738
18.3720692,10.0,0.449228383738
18.3626001,10.0,0.449228383738
18.3703941,10.0,0.449228383738
-1.0732913,-1.0732913,0.449228383738
15.4251641,10.0,0.449228383738
14.7577591,10.0,0.449228383738
-1.68354,-1.68354,0.449228383738
0.8038155,0.8038155,0.449228383738
0.205066,0.205066,0.449228383738
-1.5023652,-1.5023652,0.449228383738
-19.1005664,-10.0,0.449228383738
0.8040988,0.8040988,0.449228383738
-3.2375027,-3.2375027,0.449228383738
-20.1959004,-10.0,0.449228383738
-1.3099008,-1.3099008,0.449228383738
-19.7854318,-10.0,0.449228383738
-17.5679712,-10.0,0.449228383738
-0.5194387,-0.5194387,0.449228383738
-2.5183944,-2.5183944,0.449228383738
0.804098,0.804098,0.449228383738
0.7946289,0.7946289,0.449228383738
0.8024229,0.8024229,0.449228383738
-18.6412625,-10.0,0.449228383738
-2.1428071,-2.1428071,0.449228383738
-2.8102121,-2.8102121,0.449228383738
-1.1641013,-1.1641013,0.449228383738
1.3232542,1.3232542,0.449228383738
0.7245047,0.7245047,0.449228383738
-0.9829265,-0.9829265,0.449228383738
-18.5811277,-10.0,0.449228383738
1.3235375,1.3235375,0.449228383738
-2.718064,-2.718064,0.449228383738
-19.6764617,-10.0,0.449228383738
-0.7904621,-0.7904621,0.449228383738
-19.2659931,-10.0,0.449228383738
-17.0485325,-10.0,0.449228383738
0.5194387,0.5194387,0.449228383738
-1.9989557,-1.9989557,0.449228383738
1.3235367,1.3235367,0.449228383738
1.3140676,1.3140676,0.449228383738
1.3218616,1.3218616,0.449228383738
-18.1218238,-10.0,0.449228383738
-1.6233684,-1.6233684,0.449228383738
-2.2907734,-2.2907734,0.449228383738
0.8348544,0.8348544,0.449228383738
3.3222099,3.3222099,0.449228383738
2.7234604,2.7234604,0.449228383738
1.0160292,1.0160292,0.449228383738
-16.582172,-10.0,0.449228383738
3.3224932,3.3224932,0.449228383738
-0.7191083,-0.7191083,0.449228383738
-17.677506,-10.0,0.449228383738
1.2084936,1.2084936,0.449228383738
-17.2670374,-10.0,0.449228383738
-15.0495768,-10.0,0.449228383738
2.5183944,2.5183944,0.449228383738
1.9989557,1.9989557,0.449228383738
3.3224924,3.3224924,0.449228383738
3.3130233,3.3130233,0.449228383738
3.3208173,3.3208173,0.449228383738
-16.1228681,-10.0,0.449228383738
0.3755873,0.3755873,0.449228383738
-0.2918177,-0.2918177,0.449228383738
-2.487638,-2.487638,0.449228383738
-0.000282499999997,-0.000282499999997,0.449228383738
-0.599032,-0.599032,0.449228383738
-2.3064632,-2.3064632,0.449228383738
-19.9046644,-10.0,0.449228383738
8.00000002243e-07,8.00000002243e-07,0.449228383738
-4.0416007,-4.0416007,0.449228383738
-20.9999984,-10.0,0.449228383738
-2.1139988,-2.1139988,0.449228383738
-20.5895298,-10.0,0.449228383738
-18.3720692,-10.0,0.449228383738
-0.804098,-0.804098,0.449228383738
-1.3235367,-1.3235367,0.449228383738
-3.3224924,-3.3224924,0.449228383738
-0.0094691,-0.0094691,0.449228383738
-0.0016751,-0.0016751,0.449228383738
-19.4453605,-10.0,0.449228383738
-2.9469051,-2.9469051,0.449228383738
-3.6143101,-3.6143101,0.449228383738
-2.4781689,-2.4781689,0.449228383738
0.0091866,0.0091866,0.449228383738
-0.5895629,-0.5895629,0.449228383738
-2.2969941,-2.2969941,0.449228383738
-19.8951953,-10.0,0.449228383738
0.0094699,0.0094699,0.449228383738
-4.0321316,-4.0321316,0.449228383738
-20.9905293,-10.0,0.449228383738
-2.1045297,-2.1045297,0.449228383738
-20.5800607,-10.0,0.449228383738
-18.3626001,-10.0,0.449228383738
-0.7946289,-0.7946289,0.449228383738
-1.3140676,-1.3140676,0.449228383738
-3.3130233,-3.3130233,0.449228383738
0.0094691,0.0094691,0.449228383738
0.007794,0.007794,0.449228383738
-19.4358914,-10.0,0.449228383738
-2.937436,-2.937436,0.449228383738
-3.604841,-3.604841,0.449228383738
-2.4859629,-2.4859629,0.449228383738
0.0013926,0.0013926,0.449228383738
-0.5973569,-0.5973569,0.449228383738
-2.3047881,-2.3047881,0.449228383738
-19.9029893,-10.0,0.449228383738
0.0016759,0.0016759,0.449228383738
-4.0399256,-4.0399256,0.449228383738
-20.9983233,-10.0,0.449228383738
-2.1123237,-2.1123237,0.449228383738
-20.5878547,-10.0,0.449228383738
-18.3703941,-10.0,0.449228383738
-0.8024229,-0.8024229,0.449228383738
-1.3218616,-1.3218616,0.449228383738
-3.3208173,-3.3208173,0.449228383738
0.0016751,0.0016751,0.449228383738
-0.007794,-0.007794,0.449228383738
-19.4436854,-10.0,0.449228383738
-2.94523,-2.94523,0.449228383738
-3.612635,-3.612635,0.449228383738
16.9577225,10.0,0.449228383738
19.445078,10.0,0.449228383738
18.8463285,10.0,0.449228383738
17.1388973,10.0,0.449228383738
-0.4593039,-0.4593039,0.449228383738
19.4453613,10.0,0.449228383738
15.4037598,10.0,0.449228383738
-1.5546379,-1.5546379,0.449228383738
17.3313617,10.0,0.449228383738
-1.1441693,-1.1441693,0.449228383738
1.0732913,1.0732913,0.449228383738
18.6412625,10.0,0.449228383738
18.1218238,10.0,0.449228383738
16.1228681,10.0,0.449228383738
19.4453605,10.0,0.449228383738
19.4358914,10.0,0.449228383738
19.4436854,10.0,0.449228383738
16.4984554,10.0,0.449228383738
15.8310504,10.0,0.449228383738
0.4592671,0.4592671,0.449228383738
2.9466226,2.9466226,0.449228383738
2.3478731,2.3478731,0.449228383738
0.6404419,0.6404419,0.449228383738
-16.9577593,-10.0,0.449228383738
2.9469059,2.9469059,0.449228383738
-1.0946956,-1.0946956,0.449228383738
-18.0530933,-10.0,0.449228383738
0.8329063,0.8329063,0.449228383738
-17.6426247,-10.0,0.449228383738
-15.4251641,-10.0,0.449228383738
2.1428071,2.1428071,0.449228383738
1.6233684,1.6233684,0.449228383738
-0.3755873,-0.3755873,0.449228383738
2.9469051,2.9469051,0.449228383738
2.937436,2.937436,0.449228383738
2.94523,2.94523,0.449228383738
-16.4984554,-10.0,0.449228383738
-0.667405,-0.667405,0.449228383738
1.1266721,1.1266721,0.449228383738
3.6140276,3.6140276,0.449228383738
3.0152781,3.0152781,0.449228383738
1.3078469,1.3078469,0.449228383738
-16.2903543,-10.0,0.449228383738
3.6143109,3.6143109,0.449228383738
-0.4272906,-0.4272906,0.449228383738
-17.3856883,-10.0,0.449228383738
1.5003113,1.5003113,0.449228383738
-16.9752197,-10.0,0.449228383738
-14.7577591,-10.0,0.449228383738
2.8102121,2.8102121,0.449228383738
2.2907734,2.2907734,0.449228383738
0.2918177,0.2918177,0.449228383738
3.6143101,3.6143101,0.449228383738
3.604841,3.604841,0.449228383738
3.612635,3.612635,0.449228383738
-15.8310504,-10.0,0.449228383738
0.667405,0.667405,0.449228383738
18.7237043,10.0,0.290029785028
18.7237747,10.0,0.290029785028
18.7237753,10.0,0.290029785028
5.8676927,5.8676927,0.290029785028
18.5729209,10.0,0.290029785028
15.6804936,10.0,0.290029785028
-1.3981726,-1.3981726,0.290029785028
16.8252778,10.0,0.290029785028
-0.3354887,-0.3354887,0.290029785028
14.5268913,10.0,0.290029785028
16.8472347,10.0,0.290029785028
17.4100456,10.0,0.290029785028
17.3214511,10.0,0.290029785028
17.1105548,10.0,0.290029785028
18.7130732,10.0,0.290029785028
18.3753784,10.0,0.290029785028
-2.2762245,-2.2762245,0.290029785028
15.5023692,10.0,0.290029785028
14.9181965,10.0,0.290029785028
-18.7237043,-10.0,0.290029785028
7.0400000002e-05,7.0400000002e-05,0.290029785028
7.10000000019e-05,7.10000000019e-05,0.290029785028
-12.8560116,-10.0,0.290029785028
-0.1507834,-0.1507834,0.290029785028
-3.0432107,-3.0432107,0.290029785028
-20.1218769,-10.0,0.290029785028
-1.8984265,-1.8984265,0.290029785028
-19.059193,-10.0,0.290029785028
-4.196813,-4.196813,0.290029785028
-1.8764696,-1.8764696,0.290029785028
-1.3136587,-1.3136587,0.290029785028
-1.4022532,-1.4022532,0.290029785028
-1.6131495,-1.6131495,0.290029785028
-0.0106311,-0.0106311,0.290029785028
-0.3483259,-0.3483259,0.290029785028
-20.9999288,-10.0,0.290029785028
-3.2213351,-3.2213351,0.290029785028
-3.8055078,-3.8055078,0.290029785028
-18.7237747,-10.0,0.290029785028
-7.0400000002e-05,-7.0400000002e-05,0.290029785028
5.99999999906e-07,5.99999999906e-07,0.290029785028
-12.856082,-10.0,0.290029785028
-0.1508538,-0.1508538,0.290029785028
-3.0432811,-3.0432811,0.290029785028
-20.1219473,-10.0,0.290029785028
-1.8984969,-1.8984969,0.290029785028
-19.0592634,-10.0,0.290029785028
-4.1968834,-4.1968834,0.290029785028
-1.87654,-1.87654,0.290029785028
-1.3137291,-1.3137291,0.290029785028
-1.4023236,-1.4023236,0.290029785028
-1.6132199,-1.6132199,0.290029785028
-0.0107015,-0.0107015,0.290029785028
-0.3483963,-0.3483963,0.290029785028
-20.9999992,-10.0,0.290029785028
-3.2214055,-3.2214055,0.290029785028
-3.8055782,-3.8055782,0.290029785028
-18.7237753,-10.0,0.290029785028
-7.10000000019e-05,-7.10000000019e-05,0.290029785028
-5.99999999906e-07,-5.99999999906e-07,0.290029785028
-12.8560826,-10.0,0.290029785028
-0.1508544,-0.1508544,0.290029785028
-3.0432817,-3.0432817,0.290029785028
-20.1219479,-10.0,0.290029785028
-1.8984975,-1.8984975,0.290029785028
-19.059264,-10.0,0.290029785028
-4.196884,-4.196884,0.290029785028
-1.8765406,-1.8765406,0.290029785028
-1.3137297,-1.3137297,0.290029785028
-1.4023242,-1.4023242,0.290029785028
-1.6132205,-1.6132205,0.290029785028
-0.0107021,-0.0107021,0.290029785028
-0.3483969,-0.3483969,0.290029785028
-20.9999998,-10.0,0.290029785028
-3.2214061,-3.2214061,0.290029785028
-3.8055788,-3.8055788,0.290029785028
-5.8676927,-5.8676927,0.290029785028
12.8560116,10.0,0.290029785028
12.856082,10.0,0.290029785028
12.8560826,10.0,0.290029785028
12.7052282,10.0,0.290029785028
9.8128009,9.8128009,0.290029785028
-7.2658653,-7.2658653,0.290029785028
10.9575851,10.0,0.290029785028
-6.2031814,-6.2031814,0.290029785028
8.6591986,8.6591986,0.290029785028
10.979542,10.0,0.290029785028
11.5423529,10.0,0.290029785028
11.4537584,10.0,0.290029785028
11.2428621,10.0,0.290029785028
12.8453805,10.0,0.290029785028
12.5076857,10.0,0.290029785028
-8.1439172,-8.1439172,0.290029785028
9.6346765,9.6346765,0.290029785028
9.0505038,9.0505038,0.290029785028
-18.5729209,-10.0,0.290029785028
0.1507834,0.1507834,0.290029785028
0.1508538,0.1508538,0.290029785028
0.1508544,0.1508544,0.290029785028
-12.7052282,-10.0,0.290029785028
-2.8924273,-2.8924273,0.290029785028
-19.9710935,-10.0,0.290029785028
-1.7476431,-1.7476431,0.290029785028
-18.9084096,-10.0,0.290029785028
-4.0460296,-4.0460296,0.290029785028
-1.7256862,-1.7256862,0.290029785028
-1.1628753,-1.1628753,0.290029785028
-1.2514698,-1.2514698,0.290029785028
-1.4623661,-1.4623661,0.290029785028
0.1401523,0.1401523,0.290029785028
-0.1975425,-0.1975425,0.290029785028
-20.8491454,-10.0,0.290029785028
-3.0705517,-3.0705517,0.290029785028
-3.6547244,-3.6547244,0.290029785028
-15.6804936,-10.0,0.290029785028
3.0432107,3.0432107,0.290029785028
3.0432811,3.0432811,0.290029785028
3.0432817,3.0432817,0.290029785028
-9.8128009,-9.8128009,0.290029785028
2.8924273,2.8924273,0.290029785028
-17.0786662,-10.0,0.290029785028
1.1447842,1.1447842,0.290029785028
-16.0159823,-10.0,0.290029785028
-1.1536023,-1.1536023,0.290029785028
1.1667411,1.1667411,0.290029785028
1.729552,1.729552,0.290029785028
1.6409575,1.6409575,0.290029785028
1.4300612,1.4300612,0.290029785028
3.0325796,3.0325796,0.290029785028
2.6948848,2.6948848,0.290029785028
-17.9567181,-10.0,0.290029785028
-0.1781244,-0.1781244,0.290029785028
-0.7622971,-0.7622971,0.290029785028
1.3981726,1.3981726,0.290029785028
20.1218769,10.0,0.290029785028
20.1219473,10.0,0.290029785028
20.1219479,10.0,0.290029785028
7.2658653,7.2658653,0.290029785028
19.9710935,10.0,0.290029785028
17.0786662,10.0,0.290029785028
18.2234504,10.0,0.290029785028
1.0626839,1.0626839,0.290029785028
15.9250639,10.0,0.290029785028
18.2454073,10.0,0.290029785028
18.8082182,10.0,0.290029785028
18.7196237,10.0,0.290029785028
18.5087274,10.0,0.290029785028
20.1112458,10.0,0.290029785028
19.773551,10.0,0.290029785028
-0.8780519,-0.8780519,0.290029785028
16.9005418,10.0,0.290029785028
16.3163691,10.0,0.290029785028
-16.8252778,-10.0,0.290029785028
1.8984265,1.8984265,0.290029785028
1.8984969,1.8984969,0.290029785028
1.8984975,1.8984975,0.290029785028
-10.9575851,-10.0,0.290029785028
1.7476431,1.7476431,0.290029785028
-1.1447842,-1.1447842,0.290029785028
-18.2234504,-10.0,0.290029785028
-17.1607665,-10.0,0.290029785028
-2.2983865,-2.2983865,0.290029785028
0.0219569,0.0219569,0.290029785028
0.5847678,0.5847678,0.290029785028
0.4961733,0.4961733,0.290029785028
0.285277,0.285277,0.290029785028
1.8877954,1.8877954,0.290029785028
1.5501006,1.5501006,0.290029785028
-19.1015023,-10.0,0.290029785028
-1.3229086,-1.3229086,0.290029785028
-1.9070813,-1.9070813,0.290029785028
0.3354887,0.3354887,0.290029785028
19.059193,10.0,0.290029785028
19.0592634,10.0,0.290029785028
19.059264,10.0,0.290029785028
6.2031814,6.2031814,0.290029785028
18.9084096,10.0,0.290029785028
16.0159823,10.0,0.290029785028
-1.0626839,-1.0626839,0.290029785028
17.1607665,10.0,0.290029785028
14.86238,10.0,0.290029785028
17.1827234,10.0,0.290029785028
17.7455343,10.0,0.290029785028
17.6569398,10.0,0.290029785028
17.4460435,10.0,0.290029785028
19.0485619,10.0,0.290029785028
18.7108671,10.0,0.290029785028
-1.9407358,-1.9407358,0.290029785028
15.8378579,10.0,0.290029785028
15.2536852,10.0,0.290029785028
-14.5268913,-10.0,0.290029785028
4.196813,4.196813,0.290029785028
4.1968834,4.1968834,0.290029785028
4.196884,4.196884,0.290029785028
-8.6591986,-8.6591986,0.290029785028
4.0460296,4.0460296,0.290029785028
1.1536023,1.1536023,0.290029785028
-15.9250639,-10.0,0.290029785028
2.2983865,2.2983865,0.290029785028
-14.86238,-10.0,0.290029785028
2.3203434,2.3203434,0.290029785028
2.8831543,2.8831543,0.290029785028
2.7945598,2.7945598,0.290029785028
2.5836635,2.5836635,0.290029785028
4.1861819,4.1861819,0.290029785028
3.8484871,3.8484871,0.290029785028
-16.8031158,-10.0,0.290029785028
0.9754779,0.9754779,0.290029785028
0.3913052,0.3913052,0.290029785028
-16.8472347,-10.0,0.290029785028
1.8764696,1.8764696,0.290029785028
1.87654,1.87654,0.290029785028
1.8765406,1.8765406,0.290029785028
-10.979542,-10.0,0.290029785028
1.7256862,1.7256862,0.290029785028
-1.1667411,-1.1667411,0.290029785028
-18.2454073,-10.0,0.290029785028
-0.0219569,-0.0219569,0.290029785028
-17.1827234,-10.0,0.290029785028
-2.3203434,-2.3203434,0.290029785028
0.5628109,0.5628109,0.290029785028
0.4742164,0.4742164,0.290029785028
0.2633201,0.2633201,0.290029785028
1.8658385,1.8658385,0.290029785028
1.5281437,1.5281437,0.290029785028
-19.1234592,-10.0,0.290029785028
-1.3448655,-1.3448655,0.290029785028
-1.9290382,-1.9290382,0.290029785028
-17.4100456,-10.0,0.290029785028
1.3136587,1.3136587,0.290029785028
1.3137291,1.3137291,0.290029785028
1.3137297,1.3137297,0.290029785028
-11.5423529,-10.0,0.290029785028
1.1628753,1.1628753,0.290029785028
-1.729552,-1.729552,0.290029785028
-18.8082182,-10.0,0.290029785028
-0.5847678,-0.5847678,0.290029785028
-17.7455343,-10.0,0.290029785028
-2.8831543,-2.8831543,0.290029785028
-0.5628109,-0.5628109,0.290029785028
-0.0885945,-0.0885945,0.290029785028
-0.2994908,-0.2994908,0.290029785028
1.3030276,1.3030276,0.290029785028
0.9653328,0.9653328,0.290029785028
-19.6862701,-10.0,0.290029785028
-1.9076764,-1.9076764,0.290029785028
-2.4918491,-2.4918491,0.290029785028
-17.3214511,-10.0,0.290029785028
1.4022532,1.4022532,0.290029785028
1.4023236,1.4023236,0.290029785028
1.4023242,1.4023242,0.290029785028
-11.4537584,-10.0,0.290029785028
1.2514698,1.2514698,0.290029785028
-1.6409575,-1.6409575,0.290029785028
-18.7196237,-10.0,0.290029785028
-0.4961733,-0.4961733,0.290029785028
-17.6569398,-10.0,0.290029785028
-2.7945598,-2.7945598,0.290029785028
-0.4742164,-0.4742164,0.290029785028
0.0885945,0.0885945,0.290029785028
-0.2108963,-0.2108963,0.290029785028
1.3916221,1.3916221,0.290029785028
1.0539273,1.0539273,0.290029785028
-19.5976756,-10.0,0.290029785028
-1.8190819,-1.8190819,0.290029785028
-2.4032546,-2.4032546,0.290029785028
-17.1105548,-10.0,0.290029785028
1.6131495,1.6131495,0.290029785028
1.6132199,1.6132199,0.290029785028
1.6132205,1.6132205,0.290029785028
-11.2428621,-10.0,0.290029785028
1.4623661,1.4623661,0.290029785028
-1.4300612,-1.4300612,0.290029785028
-18.5087274,-10.0,0.290029785028
-0.285277,-0.285277,0.290029785028
-17.4460435,-10.0,0.290029785028
-2.5836635,-2.5836635,0.290029785028
-0.2633201,-0.2633201,0.290029785028
0.2994908,0.2994908,0.290029785028
0.2108963,0.2108963,0.290029785028
1.6025184,1.6025184,0.290029785028
1.2648236,1.2648236,0.290029785028
-19.3867793,-10.0,0.290029785028
-1.6081856,-1.6081856,0.290029785028
-2.1923583,-2.1923583,0.290029785028
-18.7130732,-10.0,0.290029785028
0.0106311,0.0106311,0.290029785028
0.0107015,0.0107015,0.290029785028
0.0107021,0.0107021,0.290029785028
-12.8453805,-10.0,0.290029785028
-0.1401523,-0.1401523,0.290029785028
-3.0325796,-3.0325796,0.290029785028
-20.1112458,-10.0,0.290029785028
-1.8877954,-1.8877954,0.290029785028
-19.0485619,-10.0,0.290029785028
-4.1861819,-4.1861819,0.290029785028
-1.8658385,-1.8658385,0.290029785028
-1.3030276,-1.3030276,0.290029785028
-1.3916221,-1.3916221,0.290029785028
-1.6025184,-1.6025184,0.290029785028
-0.3376948,-0.3376948,0.290029785028
-20.9892977,-10.0,0.290029785028
-3.210704,-3.210704,0.290029785028
-3.7948767,-3.7948767,0.290029785028
-18.3753784,-10.0,0.290029785028
0.3483259,0.3483259,0.290029785028
0.3483963,0.3483963,0.290029785028
0.3483969,0.3483969,0.290029785028
-12.5076857,-10.0,0.290029785028
0.1975425,0.1975425,0.290029785028
-2.6948848,-2.6948848,0.290029785028
-19.773551,-10.0,0.290029785028
-1.5501006,-1.5501006,0.290029785028
-18.7108671,-10.0,0.290029785028
-3.8484871,-3.8484871,0.290029785028
-1.5281437,-1.5281437,0.290029785028
-0.9653328,-0.9653328,0.290029785028
-1.0539273,-1.0539273,0.290029785028
-1.2648236,-1.2648236,0.290029785028
0.3376948,0.3376948,0.290029785028
-20.6516029,-10.0,0.290029785028
-2.8730092,-2.8730092,0.290029785028
-3.4571819,-3.4571819,0.290029785028
2.2762245,2.2762245,0.290029785028
20.9999288,10.0,0.290029785028
20.9999992,10.0,0.290029785028
20.9999998,10.0,0.290029785028
8.1439172,8.1439172,0.290029785028
20.8491454,10.0,0.290029785028
17.9567181,10.0,0.290029785028
0.8780519,0.8780519,0.290029785028
19.1015023,10.0,0.290029785028
1.9407358,1.9407358,0.290029785028
16.8031158,10.0,0.290029785028
19.1234592,10.0,0.290029785028
19.6862701,10.0,0.290029785028
19.5976756,10.0,0.290029785028
19.3867793,10.0,0.290029785028
20.9892977,10.0,0.290029785028
20.6516029,10.0,0.290029785028
17.7785937,10.0,0.290029785028
17.194421,10.0,0.290029785028
-15.5023692,-10.0,0.290029785028
3.2213351,3.2213351,0.290029785028
3.2214055,3.2214055,0.290029785028
3.2214061,3.2214061,0.290029785028
-9.6346765,-9.6346765,0.290029785028
3.0705517,3.0705517,0.290029785028
0.1781244,0.1781244,0.290029785028
-16.9005418,-10.0,0.290029785028
1.3229086,1.3229086,0.290029785028
-15.8378579,-10.0,0.290029785028
-0.9754779,-0.9754779,0.290029785028
1.3448655,1.3448655,0.290029785028
1.9076764,1.9076764,0.290029785028
1.8190819,1.8190819,0.290029785028
1.6081856,1.6081856,0.290029785028
3.210704,3.210704,0.290029785028
2.8730092,2.8730092,0.290029785028
-17.7785937,-10.0,0.290029785028
-0.5841727,-0.5841727,0.290029785028
-14.9181965,-10.0,0.290029785028
3.8055078,3.8055078,0.290029785028
3.8055782,3.8055782,0.290029785028
3.8055788,3.8055788,0.290029785028
-9.0505038,-9.0505038,0.290029785028
3.6547244,3.6547244,0.290029785028
0.7622971,0.7622971,0.290029785028
-16.3163691,-10.0,0.290029785028
1.9070813,1.9070813,0.290029785028
-15.2536852,-10.0,0.290029785028
-0.3913052,-0.3913052,0.290029785028
1.9290382,1.9290382,0.290029785028
2.4918491,2.4918491,0.290029785028
2.4032546,2.4032546,0.290029785028
2.1923583,2.1923583,0.290029785028
3.7948767,3.7948767,0.290029785028
3.4571819,3.4571819,0.290029785028
-17.194421,-10.0,0.290029785028
0.5841727,0.5841727,0.290029785028
1.9286363,1.9286363,0.356001927627
-0.2726364,-0.2726364,0.356001927627
1.9556581,1.9556581,0.356001927627
-3.0268997,-3.0268997,0.356001927627
0.2726935,0.2726935,0.356001927627
1.9585648,1.9585648,0.356001927627
-19.0029009,-10.0,0.356001927627
1.6115649,1.6115649,0.356001927627
-19.0414342,-10.0,0.356001927627
-16.3141116,-10.0,0.356001927627
0.8234045,0.8234045,0.356001927627
1.9585651,1.9585651,0.356001927627
-0.6941722,-0.6941722,0.356001927627
0.8688834,0.8688834,0.356001927627
0.3102625,0.3102625,0.356001927627
-18.0630616,-10.0,0.356001927627
-19.5807253,-10.0,0.356001927627
-1.4546154,-1.4546154,0.356001927627
1.4540758,1.4540758,0.356001927627
-1.9286363,-1.9286363,0.356001927627
-2.2012727,-2.2012727,0.356001927627
0.0270218,0.0270218,0.356001927627
-4.955536,-4.955536,0.356001927627
-1.6559428,-1.6559428,0.356001927627
0.0299285,0.0299285,0.356001927627
-20.9315372,-10.0,0.356001927627
-0.3170714,-0.3170714,0.356001927627
-20.9700705,-10.0,0.356001927627
-18.2427479,-10.0,0.356001927627
-1.1052318,-1.1052318,0.356001927627
0.0299288,0.0299288,0.356001927627
-2.6228085,-2.6228085,0.356001927627
-1.0597529,-1.0597529,0.356001927627
-1.6183738,-1.6183738,0.356001927627
-19.9916979,-10.0,0.356001927627
-21.5093616,-10.0,0.356001927627
-3.3832517,-3.3832517,0.356001927627
-0.4745605,-0.4745605,0.356001927627
0.2726364,0.2726364,0.356001927627
2.2012727,2.2012727,0.356001927627
2.2282945,2.2282945,0.356001927627
-2.7542633,-2.7542633,0.356001927627
0.5453299,0.5453299,0.356001927627
2.2312012,2.2312012,0.356001927627
-18.7302645,-10.0,0.356001927627
1.8842013,1.8842013,0.356001927627
-18.7687978,-10.0,0.356001927627
-16.0414752,-10.0,0.356001927627
1.0960409,1.0960409,0.356001927627
2.2312015,2.2312015,0.356001927627
-0.4215358,-0.4215358,0.356001927627
1.1415198,1.1415198,0.356001927627
0.5828989,0.5828989,0.356001927627
-17.7904252,-10.0,0.356001927627
-19.3080889,-10.0,0.356001927627
-1.181979,-1.181979,0.356001927627
1.7267122,1.7267122,0.356001927627
-1.9556581,-1.9556581,0.356001927627
-0.0270218,-0.0270218,0.356001927627
-2.2282945,-2.2282945,0.356001927627
-4.9825578,-4.9825578,0.356001927627
-1.6829646,-1.6829646,0.356001927627
0.0029067,0.0029067,0.356001927627
-20.958559,-10.0,0.356001927627
-0.3440932,-0.3440932,0.356001927627
-20.9970923,-10.0,0.356001927627
-18.2697697,-10.0,0.356001927627
-1.1322536,-1.1322536,0.356001927627
0.002907,0.002907,0.356001927627
-2.6498303,-2.6498303,0.356001927627
-1.0867747,-1.0867747,0.356001927627
-1.6453956,-1.6453956,0.356001927627
-20.0187197,-10.0,0.356001927627
-21.5363834,-10.0,0.356001927627
-3.4102735,-3.4102735,0.356001927627
-0.5015823,-0.5015823,0.356001927627
3.0268997,3.0268997,0.356001927627
4.955536,4.955536,0.356001927627
2.7542633,2.7542633,0.356001927627
4.9825578,4.9825578,0.356001927627
3.2995932,3.2995932,0.356001927627
4.9854645,4.9854645,0.356001927627
-15.9760012,-10.0,0.356001927627
4.6384646,4.6384646,0.356001927627
-16.0145345,-10.0,0.356001927627
-13.2872119,-10.0,0.356001927627
3.8503042,3.8503042,0.356001927627
4.9854648,4.9854648,0.356001927627
2.3327275,2.3327275,0.356001927627
3.8957831,3.8957831,0.356001927627
3.3371622,3.3371622,0.356001927627
-15.0361619,-10.0,0.356001927627
-16.5538256,-10.0,0.356001927627
1.5722843,1.5722843,0.356001927627
4.4809755,4.4809755,0.356001927627
-0.2726935,-0.2726935,0.356001927627
1.6559428,1.6559428,0.356001927627
-0.5453299,-0.5453299,0.356001927627
1.6829646,1.6829646,0.356001927627
-3.2995932,-3.2995932,0.356001927627
1.6858713,1.6858713,0.356001927627
-19.2755944,-10.0,0.356001927627
1.3388714,1.3388714,0.356001927627
-19.3141277,-10.0,0.356001927627
-16.5868051,-10.0,0.356001927627
0.550711,0.550711,0.356001927627
1.6858716,1.6858716,0.356001927627
-0.9668657,-0.9668657,0.356001927627
0.5961899,0.5961899,0.356001927627
0.037569,0.037569,0.356001927627
-18.3357551,-10.0,0.356001927627
-19.8534188,-10.0,0.356001927627
-1.7273089,-1.7273089,0.356001927627
1.1813823,1.1813823,0.356001927627
-1.9585648,-1.9585648,0.356001927627
-0.0299285,-0.0299285,0.356001927627
-2.2312012,-2.2312012,0.356001927627
-0.0029067,-0.0029067,0.356001927627
-4.9854645,-4.9854645,0.356001927627
-1.6858713,-1.6858713,0.356001927627
-20.9614657,-10.0,0.356001927627
-0.3469999,-0.3469999,0.356001927627
-20.999999,-10.0,0.356001927627
-18.2726764,-10.0,0.356001927627
-1.1351603,-1.1351603,0.356001927627
2.99999999953e-07,2.99999999953e-07,0.356001927627
-2.652737,-2.652737,0.356001927627
-1.0896814,-1.0896814,0.356001927627
-1.6483023,-1.6483023,0.356001927627
-20.0216264,-10.0,0.356001927627
-21.5392901,-10.0,0.356001927627
-3.4131802,-3.4131802,0.356001927627
-0.504489,-0.504489,0.356001927627
19.0029009,10.0,0.356001927627
20.9315372,10.0,0.356001927627
18.7302645,10.0,0.356001927627
20.958559,10.0,0.356001927627
15.9760012,10.0,0.356001927627
19.2755944,10.0,0.356001927627
20.9614657,10.0,0.356001927627
20.6144658,10.0,0.356001927627
-0.0385333,-0.0385333,0.356001927627
2.6887893,2.6887893,0.356001927627
19.8263054,10.0,0.356001927627
20.961466,10.0,0.356001927627
18.3087287,10.0,0.356001927627
19.8717843,10.0,0.356001927627
19.3131634,10.0,0.356001927627
0.9398393,0.9398393,0.356001927627
-0.5778244,-0.5778244,0.356001927627
17.5482855,10.0,0.356001927627
20.4569767,10.0,0.356001927627
-1.6115649,-1.6115649,0.356001927627
0.3170714,0.3170714,0.356001927627
-1.8842013,-1.8842013,0.356001927627
0.3440932,0.3440932,0.356001927627
-4.6384646,-4.6384646,0.356001927627
-1.3388714,-1.3388714,0.356001927627
0.3469999,0.3469999,0.356001927627
-20.6144658,-10.0,0.356001927627
-20.6529991,-10.0,0.356001927627
-17.9256765,-10.0,0.356001927627
-0.7881604,-0.7881604,0.356001927627
0.3470002,0.3470002,0.356001927627
-2.3057371,-2.3057371,0.356001927627
-0.7426815,-0.7426815,0.356001927627
-1.3013024,-1.3013024,0.356001927627
-19.6746265,-10.0,0.356001927627
-21.1922902,-10.0,0.356001927627
-3.0661803,-3.0661803,0.356001927627
-0.1574891,-0.1574891,0.356001927627
19.0414342,10.0,0.356001927627
20.9700705,10.0,0.356001927627
18.7687978,10.0,0.356001927627
20.9970923,10.0,0.356001927627
16.0145345,10.0,0.356001927627
19.3141277,10.0,0.356001927627
20.999999,10.0,0.356001927627
0.0385333,0.0385333,0.356001927627
20.6529991,10.0,0.356001927627
2.7273226,2.7273226,0.356001927627
19.8648387,10.0,0.356001927627
20.9999993,10.0,0.356001927627
18.347262,10.0,0.356001927627
19.9103176,10.0,0.356001927627
19.3516967,10.0,0.356001927627
0.9783726,0.9783726,0.356001927627
-0.5392911,-0.5392911,0.356001927627
17.5868188,10.0,0.356001927627
20.49551,10.0,0.356001927627
16.3141116,10.0,0.356001927627
18.2427479,10.0,0.356001927627
16.0414752,10.0,0.356001927627
18.2697697,10.0,0.356001927627
13.2872119,10.0,0.356001927627
16.5868051,10.0,0.356001927627
18.2726764,10.0,0.356001927627
-2.6887893,-2.6887893,0.356001927627
17.9256765,10.0,0.356001927627
-2.7273226,-2.7273226,0.356001927627
17.1375161,10.0,0.356001927627
18.2726767,10.0,0.356001927627
15.6199394,10.0,0.356001927627
17.182995,10.0,0.356001927627
16.6243741,10.0,0.356001927627
-1.74895,-1.74895,0.356001927627
-3.2666137,-3.2666137,0.356001927627
14.8594962,10.0,0.356001927627
17.7681874,10.0,0.356001927627
-0.8234045,-0.8234045,0.356001927627
1.1052318,1.1052318,0.356001927627
-1.0960409,-1.0960409,0.356001927627
1.1322536,1.1322536,0.356001927627
-3.8503042,-3.8503042,0.356001927627
-0.550711,-0.550711,0.356001927627
1.1351603,1.1351603,0.356001927627
-19.8263054,-10.0,0.356001927627
0.7881604,0.7881604,0.356001927627
-19.8648387,-10.0,0.356001927627
-17.1375161,-10.0,0.356001927627
1.1351606,1.1351606,0.356001927627
-1.5175767,-1.5175767,0.356001927627
0.0454789,0.0454789,0.356001927627
-0.513142,-0.513142,0.356001927627
-18.8864661,-10.0,0.356001927627
-20.4041298,-10.0,0.356001927627
-2.2780199,-2.2780199,0.356001927627
0.6306713,0.6306713,0.356001927627
-1.9585651,-1.9585651,0.356001927627
-0.0299288,-0.0299288,0.356001927627
-2.2312015,-2.2312015,0.356001927627
-0.002907,-0.002907,0.356001927627
-4.9854648,-4.9854648,0.356001927627
-1.6858716,-1.6858716,0.356001927627
-2.99999999953e-07,-2.99999999953e-07,0.356001927627
-20.961466,-10.0,0.356001927627
-0.3470002,-0.3470002,0.356001927627
-20.9999993,-10.0,0.356001927627
-18.2726767,-10.0,0.356001927627
-1.1351606,-1.1351606,0.356001927627
-2.6527373,-2.6527373,0.356001927627
-1.0896817,-1.0896817,0.356001927627
-1.6483026,-1.6483026,0.356001927627
-20.0216267,-10.0,0.356001927627
-21.5392904,-10.0,0.356001927627
-3.4131805,-3.4131805,0.356001927627
-0.5044893,-0.5044893,0.356001927627
0.6941722,0.6941722,0.356001927627
2.6228085,2.6228085,0.356001927627
0.4215358,0.4215358,0.356001927627
2.6498303,2.6498303,0.356001927627
-2.3327275,-2.3327275,0.356001927627
0.9668657,0.9668657,0.356001927627
2.652737,2.652737,0.356001927627
-18.3087287,-10.0,0.356001927627
2.3057371,2.3057371,0.356001927627
-18.347262,-10.0,0.356001927627
-15.6199394,-10.0,0.356001927627
1.5175767,1.5175767,0.356001927627
2.6527373,2.6527373,0.356001927627
1.5630556,1.5630556,0.356001927627
1.0044347,1.0044347,0.356001927627
-17.3688894,-10.0,0.356001927627
-18.8865531,-10.0,0.356001927627
-0.7604432,-0.7604432,0.356001927627
2.148248,2.148248,0.356001927627
-0.8688834,-0.8688834,0.356001927627
1.0597529,1.0597529,0.356001927627
-1.1415198,-1.1415198,0.356001927627
1.0867747,1.0867747,0.356001927627
-3.8957831,-3.8957831,0.356001927627
-0.5961899,-0.5961899,0.356001927627
1.0896814,1.0896814,0.356001927627
-19.8717843,-10.0,0.356001927627
0.7426815,0.7426815,0.356001927627
-19.9103176,-10.0,0.356001927627
-17.182995,-10.0,0.356001927627
-0.0454789,-0.0454789,0.356001927627
1.0896817,1.0896817,0.356001927627
-1.5630556,-1.5630556,0.356001927627
-0.5586209,-0.5586209,0.356001927627
-18.931945,-10.0,0.356001927627
-20.4496087,-10.0,0.356001927627
-2.3234988,-2.3234988,0.356001927627
0.5851924,0.5851924,0.356001927627
-0.3102625,-0.3102625,0.356001927627
1.6183738,1.6183738,0.356001927627
-0.5828989,-0.5828989,0.356001927627
1.6453956,1.6453956,0.356001927627
-3.3371622,-3.3371622,0.356001927627
-0.037569,-0.037569,0.356001927627
1.6483023,1.6483023,0.356001927627
-19.3131634,-10.0,0.356001927627
1.3013024,1.3013024,0.356001927627
-19.3516967,-10.0,0.356001927627
-16.6243741,-10.0,0.356001927627
0.513142,0.513142,0.356001927627
1.6483026,1.6483026,0.356001927627
-1.0044347,-1.0044347,0.356001927627
0.5586209,0.5586209,0.356001927627
-18.3733241,-10.0,0.356001927627
-19.8909878,-10.0,0.356001927627
-1.7648779,-1.7648779,0.356001927627
1.1438133,1.1438133,0.356001927627
18.0630616,10.0,0.356001927627
19.9916979,10.0,0.356001927627
17.7904252,10.0,0.356001927627
20.0187197,10.0,0.356001927627
15.0361619,10.0,0.356001927627
18.3357551,10.0,0.356001927627
20.0216264,10.0,0.356001927627
-0.9398393,-0.9398393,0.356001927627
19.6746265,10.0,0.356001927627
-0.9783726,-0.9783726,0.356001927627
1.74895,1.74895,0.356001927627
18.8864661,10.0,0.356001927627
20.0216267,10.0,0.356001927627
17.3688894,10.0,0.356001927627
18.931945,10.0,0.356001927627
18.3733241,10.0,0.356001927627
-1.5176637,-1.5176637,0.356001927627
16.6084462,10.0,0.356001927627
19.5171374,10.0,0.356001927627
19.5807253,10.0,0.356001927627
21.5093616,10.0,0.356001927627
19.3080889,10.0,0.356001927627
21.5363834,10.0,0.356001927627
16.5538256,10.0,0.356001927627
19.8534188,10.0,0.356001927627
21.5392901,10.0,0.356001927627
0.5778244,0.5778244,0.356001927627
21.1922902,10.0,0.356001927627
0.5392911,0.5392911,0.356001927627
3.2666137,3.2666137,0.356001927627
20.4041298,10.0,0.356001927627
21.5392904,10.0,0.356001927627
18.8865531,10.0,0.356001927627
20.4496087,10.0,0.356001927627
19.8909878,10.0,0.356001927627
1.5176637,1.5176637,0.356001927627
18.1261099,10.0,0.356001927627
21.0348011,10.0,0.356001927627
1.4546154,1.4546154,0.356001927627
3.3832517,3.3832517,0.356001927627
1.181979,1.181979,0.356001927627
3.4102735,3.4102735,0.356001927627
-1.5722843,-1.5722843,0.356001927627
1.7273089,1.7273089,0.356001927627
3.4131802,3.4131802,0.356001927627
-17.5482855,-10.0,0.356001927627
3.0661803,3.0661803,0.356001927627
-17.5868188,-10.0,0.356001927627
-14.8594962,-10.0,0.356001927627
2.2780199,2.2780199,0.356001927627
3.4131805,3.4131805,0.356001927627
0.7604432,0.7604432,0.356001927627
2.3234988,2.3234988,0.356001927627
1.7648779,1.7648779,0.356001927627
-16.6084462,-10.0,0.356001927627
-18.1261099,-10.0,0.356001927627
2.9086912,2.9086912,0.356001927627
-1.4540758,-1.4540758,0.356001927627
0.4745605,0.4745605,0.356001927627
-1.7267122,-1.7267122,0.356001927627
0.5015823,0.5015823,0.356001927627
-4.4809755,-4.4809755,0.356001927627
-1.1813823,-1.1813823,0.356001927627
0.504489,0.504489,0.356001927627
-20.4569767,-10.0,0.356001927627
0.1574891,0.1574891,0.356001927627
-20.49551,-10.0,0.356001927627
-17.7681874,-10.0,0.356001927627
-0.6306713,-0.6306713,0.356001927627
0.5044893,0.5044893,0.356001927627
-2.148248,-2.148248,0.356001927627
-0.5851924,-0.5851924,0.356001927627
-1.1438133,-1.1438133,0.356001927627
-19.5171374,-10.0,0.356001927627
-21.0348011,-10.0,0.356001927627
-2.9086912,-2.9086912,0.356001927627
-0.3642628,-0.3642628,2.60126371936e-07
-20.9999986,-10.0,2.60126371936e-07
-0.000184000000001,-0.000184000000001,2.60126371936e-07
-3.3851592,-3.3851592,2.60126371936e-07
-0.0019332,-0.0019332,2.60126371936e-07
-0.0022615,-0.0022615,2.60126371936e-07
-1.00000000103e-06,-1.00000000103e-06,2.60126371936e-07
-7.00000001075e-07,-7.00000001075e-07,2.60126371936e-07
-3.0661518,-3.0661518,2.60126371936e-07
-6.9726096,-6.9726096,2.60126371936e-07
9.99999976159e-08,9.99999976159e-08,2.60126371936e-07
-4.4879108,-4.4879108,2.60126371936e-07
-0.2129294,-0.2129294,2.60126371936e-07
-0.9086255,-0.9086255,2.60126371936e-07
-3.2077144,-3.2077144,2.60126371936e-07
-0.0013749,-0.0013749,2.60126371936e-07
-3.2475916,-3.2475916,2.60126371936e-07
-1.6519518,-1.6519518,2.60126371936e-07
-0.0085769,-0.0085769,2.60126371936e-07
0.3642628,0.3642628,2.60126371936e-07
-20.6357358,-10.0,2.60126371936e-07
0.3640788,0.3640788,2.60126371936e-07
-3.0208964,-3.0208964,2.60126371936e-07
0.3623296,0.3623296,2.60126371936e-07
0.3620013,0.3620013,2.60126371936e-07
0.3642618,0.3642618,2.60126371936e-07
0.3642621,0.3642621,2.60126371936e-07
-2.701889,-2.701889,2.60126371936e-07
-6.6083468,-6.6083468,2.60126371936e-07
0.3642629,0.3642629,2.60126371936e-07
-4.123648,-4.123648,2.60126371936e-07
0.1513334,0.1513334,2.60126371936e-07
-0.5443627,-0.5443627,2.60126371936e-07
-2.8434516,-2.8434516,2.60126371936e-07
0.3628879,0.3628879,2.60126371936e-07
-2.8833288,-2.8833288,2.60126371936e-07
-1.287689,-1.287689,2.60126371936e-07
0.3556859,0.3556859,2.60126371936e-07
20.9999986,10.0,2.60126371936e-07
20.6357358,10.0,2.60126371936e-07
20.9998146,10.0,2.60126371936e-07
17.6148394,10.0,2.60126371936e-07
20.9980654,10.0,2.60126371936e-07
20.9977371,10.0,2.60126371936e-07
20.9999976,10.0,2.60126371936e-07
20.9999979,10.0,2.60126371936e-07
17.9338468,10.0,2.60126371936e-07
14.027389,10.0,2.60126371936e-07
20.9999987,10.0,2.60126371936e-07
16.5120878,10.0,2.60126371936e-07
20.7870692,10.0,2.60126371936e-07
20.0913731,10.0,2.60126371936e-07
17.7922842,10.0,2.60126371936e-07
20.9986237,10.0,2.60126371936e-07
17.752407,10.0,2.60126371936e-07
19.3480468,10.0,2.60126371936e-07
20.9914217,10.0,2.60126371936e-07
0.000184000000001,0.000184000000001,2.60126371936e-07
-0.3640788,-0.3640788,2.60126371936e-07
-20.9998146,-10.0,2.60126371936e-07
-3.3849752,-3.3849752,2.60126371936e-07
-0.0017492,-0.0017492,2.60126371936e-07
-0.0020775,-0.0020775,2.60126371936e-07
0.000183,0.000183,2.60126371936e-07
0.0001833,0.0001833,2.60126371936e-07
-3.0659678,-3.0659678,2.60126371936e-07
-6.9724256,-6.9724256,2.60126371936e-07
0.000184099999998,0.000184099999998,2.60126371936e-07
-4.4877268,-4.4877268,2.60126371936e-07
-0.2127454,-0.2127454,2.60126371936e-07
-0.9084415,-0.9084415,2.60126371936e-07
-3.2075304,-3.2075304,2.60126371936e-07
-0.0011909,-0.0011909,2.60126371936e-07
-3.2474076,-3.2474076,2.60126371936e-07
-1.6517678,-1.6517678,2.60126371936e-07
-0.0083929,-0.0083929,2.60126371936e-07
3.3851592,3.3851592,2.60126371936e-07
3.0208964,3.0208964,2.60126371936e-07
-17.6148394,-10.0,2.60126371936e-07
3.3849752,3.3849752,2.60126371936e-07
3.383226,3.383226,2.60126371936e-07
3.3828977,3.3828977,2.60126371936e-07
3.3851582,3.3851582,2.60126371936e-07
3.3851585,3.3851585,2.60126371936e-07
0.3190074,0.3190074,2.60126371936e-07
-3.5874504,-3.5874504,2.60126371936e-07
3.3851593,3.3851593,2.60126371936e-07
-1.1027516,-1.1027516,2.60126371936e-07
3.1722298,3.1722298,2.60126371936e-07
2.4765337,2.4765337,2.60126371936e-07
0.1774448,0.1774448,2.60126371936e-07
3.3837843,3.3837843,2.60126371936e-07
0.1375676,0.1375676,2.60126371936e-07
1.7332074,1.7332074,2.60126371936e-07
3.3765823,3.3765823,2.60126371936e-07
0.0019332,0.0019332,2.60126371936e-07
-0.3623296,-0.3623296,2.60126371936e-07
-20.9980654,-10.0,2.60126371936e-07
0.0017492,0.0017492,2.60126371936e-07
-3.383226,-3.383226,2.60126371936e-07
-0.000328300000003,-0.000328300000003,2.60126371936e-07
0.0019322,0.0019322,2.60126371936e-07
0.0019325,0.0019325,2.60126371936e-07
-3.0642186,-3.0642186,2.60126371936e-07
-6.9706764,-6.9706764,2.60126371936e-07
0.0019333,0.0019333,2.60126371936e-07
-4.4859776,-4.4859776,2.60126371936e-07
-0.2109962,-0.2109962,2.60126371936e-07
-0.9066923,-0.9066923,2.60126371936e-07
-3.2057812,-3.2057812,2.60126371936e-07
0.000558299999998,0.000558299999998,2.60126371936e-07
-3.2456584,-3.2456584,2.60126371936e-07
-1.6500186,-1.6500186,2.60126371936e-07
-0.0066437,-0.0066437,2.60126371936e-07
0.0022615,0.0022615,2.60126371936e-07
-0.3620013,-0.3620013,2.60126371936e-07
-20.9977371,-10.0,2.60126371936e-07
0.0020775,0.0020775,2.60126371936e-07
-3.3828977,-3.3828977,2.60126371936e-07
0.000328300000003,0.000328300000003,2.60126371936e-07
0.0022605,0.0022605,2.60126371936e-07
0.0022608,0.0022608,2.60126371936e-07
-3.0638903,-3.0638903,2.60126371936e-07
-6.9703481,-6.9703481,2.60126371936e-07
0.0022616,0.0022616,2.60126371936e-07
-4.4856493,-4.4856493,2.60126371936e-07
-0.2106679,-0.2106679,2.60126371936e-07
-0.906364,-0.906364,2.60126371936e-07
-3.2054529,-3.2054529,2.60126371936e-07
0.000886600000001,0.000886600000001,2.60126371936e-07
-3.2453301,-3.2453301,2.60126371936e-07
-1.6496903,-1.6496903,2.60126371936e-07
-0.0063154,-0.0063154,2.60126371936e-07
1.00000000103e-06,1.00000000103e-06,2.60126371936e-07
-0.3642618,-0.3642618,2.60126371936e-07
-20.9999976,-10.0,2.60126371936e-07
-0.000183,-0.000183,2.60126371936e-07
-3.3851582,-3.3851582,2.60126371936e-07
-0.0019322,-0.0019322,2.60126371936e-07
-0.0022605,-0.0022605,2.60126371936e-07
2.99999999953e-07,2.99999999953e-07,2.60126371936e-07
-3.0661508,-3.0661508,2.60126371936e-07
-6.9726086,-6.9726086,2.60126371936e-07
1.09999999864e-06,1.09999999864e-06,2.60126371936e-07
-4.4879098,-4.4879098,2.60126371936e-07
-0.2129284,-0.2129284,2.60126371936e-07
-0.9086245,-0.9086245,2.60126371936e-07
-3.2077134,-3.2077134,2.60126371936e-07
-0.0013739,-0.0013739,2.60126371936e-07
-3.2475906,-3.2475906,2.60126371936e-07
-1.6519508,-1.6519508,2.60126371936e-07
-0.0085759,-0.0085759,2.60126371936e-07
7.00000001075e-07,7.00000001075e-07,2.60126371936e-07
-0.3642621,-0.3642621,2.60126371936e-07
-20.9999979,-10.0,2.60126371936e-07
-0.0001833,-0.0001833,2.60126371936e-07
-3.3851585,-3.3851585,2.60126371936e-07
-0.0019325,-0.0019325,2.60126371936e-07
-0.0022608,-0.0022608,2.60126371936e-07
-2.99999999953e-07,-2.99999999953e-07,2.60126371936e-07
-3.0661511,-3.0661511,2.60126371936e-07
-6.9726089,-6.9726089,2.60126371936e-07
7.99999998691e-07,7.99999998691e-07,2.60126371936e-07
-4.4879101,-4.4879101,2.60126371936e-07
-0.2129287,-0.2129287,2.60126371936e-07
-0.9086248,-0.9086248,2.60126371936e-07
-3.2077137,-3.2077137,2.60126371936e-07
-0.0013742,-0.0013742,2.60126371936e-07
-3.2475909,-3.2475909,2.60126371936e-07
-1.6519511,-1.6519511,2.60126371936e-07
-0.0085762,-0.0085762,2.60126371936e-07
3.0661518,3.0661518,2.60126371936e-07
2.701889,2.701889,2.60126371936e-07
-17.9338468,-10.0,2.60126371936e-07
3.0659678,3.0659678,2.60126371936e-07
-0.3190074,-0.3190074,2.60126371936e-07
3.0642186,3.0642186,2.60126371936e-07
3.0638903,3.0638903,2.60126371936e-07
3.0661508,3.0661508,2.60126371936e-07
3.0661511,3.0661511,2.60126371936e-07
-3.9064578,-3.9064578,2.60126371936e-07
3.0661519,3.0661519,2.60126371936e-07
-1.421759,-1.421759,2.60126371936e-07
2.8532224,2.8532224,2.60126371936e-07
2.1575263,2.1575263,2.60126371936e-07
-0.1415626,-0.1415626,2.60126371936e-07
3.0647769,3.0647769,2.60126371936e-07
-0.1814398,-0.1814398,2.60126371936e-07
1.4142,1.4142,2.60126371936e-07
3.0575749,3.0575749,2.60126371936e-07
6.9726096,6.9726096,2.60126371936e-07
6.6083468,6.6083468,2.60126371936e-07
-14.027389,-10.0,2.60126371936e-07
6.9724256,6.9724256,2.60126371936e-07
3.5874504,3.5874504,2.60126371936e-07
6.9706764,6.9706764,2.60126371936e-07
6.9703481,6.9703481,2.60126371936e-07
6.9726086,6.9726086,2.60126371936e-07
6.9726089,6.9726089,2.60126371936e-07
3.9064578,3.9064578,2.60126371936e-07
6.9726097,6.9726097,2.60126371936e-07
2.4846988,2.4846988,2.60126371936e-07
6.7596802,6.7596802,2.60126371936e-07
6.0639841,6.0639841,2.60126371936e-07
3.7648952,3.7648952,2.60126371936e-07
6.9712347,6.9712347,2.60126371936e-07
3.725018,3.725018,2.60126371936e-07
5.3206578,5.3206578,2.60126371936e-07
6.9640327,6.9640327,2.60126371936e-07
-9.99999976159e-08,-9.99999976159e-08,2.60126371936e-07
-0.3642629,-0.3642629,2.60126371936e-07
-20.9999987,-10.0,2.60126371936e-07
-0.000184099999998,-0.000184099999998,2.60126371936e-07
-3.3851593,-3.3851593,2.60126371936e-07
-0.0019333,-0.0019333,2.60126371936e-07
-0.0022616,-0.0022616,2.60126371936e-07
-1.09999999864e-06,-1.09999999864e-06,2.60126371936e-07
-7.99999998691e-07,-7.99999998691e-07,2.60126371936e-07
-3.0661519,-3.0661519,2.60126371936e-07
-6.9726097,-6.9726097,2.60126371936e-07
-4.4879109,-4.4879109,2.60126371936e-07
-0.2129295,-0.2129295,2.60126371936e-07
-0.9086256,-0.9086256,2.60126371936e-07
-3.2077145,-3.2077145,2.60126371936e-07
-0.001375,-0.001375,2.60126371936e-07
-3.2475917,-3.2475917,2.60126371936e-07
-1.6519519,-1.6519519,2.60126371936e-07
-0.008577,-0.008577,2.60126371936e-07
4.4879108,4.4879108,2.60126371936e-07
4.123648,4.123648,2.60126371936e-07
-16.5120878,-10.0,2.60126371936e-07
4.4877268,4.4877268,2.60126371936e-07
1.1027516,1.1027516,2.60126371936e-07
4.4859776,4.4859776,2.60126371936e-07
4.4856493,4.4856493,2.60126371936e-07
4.4879098,4.4879098,2.60126371936e-07
4.4879101,4.4879101,2.60126371936e-07
1.421759,1.421759,2.60126371936e-07
-2.4846988,-2.4846988,2.60126371936e-07
4.4879109,4.4879109,2.60126371936e-07
4.2749814,4.2749814,2.60126371936e-07
3.5792853,3.5792853,2.60126371936e-07
1.2801964,1.2801964,2.60126371936e-07
4.4865359,4.4865359,2.60126371936e-07
1.2403192,1.2403192,2.60126371936e-07
2.835959,2.835959,2.60126371936e-07
4.4793339,4.4793339,2.60126371936e-07
0.2129294,0.2129294,2.60126371936e-07
-0.1513334,-0.1513334,2.60126371936e-07
-20.7870692,-10.0,2.60126371936e-07
0.2127454,0.2127454,2.60126371936e-07
-3.1722298,-3.1722298,2.60126371936e-07
0.2109962,0.2109962,2.60126371936e-07
0.2106679,0.2106679,2.60126371936e-07
0.2129284,0.2129284,2.60126371936e-07
0.2129287,0.2129287,2.60126371936e-07
-2.8532224,-2.8532224,2.60126371936e-07
-6.7596802,-6.7596802,2.60126371936e-07
0.2129295,0.2129295,2.60126371936e-07
-4.2749814,-4.2749814,2.60126371936e-07
-0.6956961,-0.6956961,2.60126371936e-07
-2.994785,-2.994785,2.60126371936e-07
0.2115545,0.2115545,2.60126371936e-07
-3.0346622,-3.0346622,2.60126371936e-07
-1.4390224,-1.4390224,2.60126371936e-07
0.2043525,0.2043525,2.60126371936e-07
0.9086255,0.9086255,2.60126371936e-07
0.5443627,0.5443627,2.60126371936e-07
-20.0913731,-10.0,2.60126371936e-07
0.9084415,0.9084415,2.60126371936e-07
-2.4765337,-2.4765337,2.60126371936e-07
0.9066923,0.9066923,2.60126371936e-07
0.906364,0.906364,2.60126371936e-07
0.9086245,0.9086245,2.60126371936e-07
0.9086248,0.9086248,2.60126371936e-07
-2.1575263,-2.1575263,2.60126371936e-07
-6.0639841,-6.0639841,2.60126371936e-07
0.9086256,0.9086256,2.60126371936e-07
-3.5792853,-3.5792853,2.60126371936e-07
0.6956961,0.6956961,2.60126371936e-07
-2.2990889,-2.2990889,2.60126371936e-07
0.9072506,0.9072506,2.60126371936e-07
-2.3389661,-2.3389661,2.60126371936e-07
-0.7433263,-0.7433263,2.60126371936e-07
0.9000486,0.9000486,2.60126371936e-07
3.2077144,3.2077144,2.60126371936e-07
2.8434516,2.8434516,2.60126371936e-07
-17.7922842,-10.0,2.60126371936e-07
3.2075304,3.2075304,2.60126371936e-07
-0.1774448,-0.1774448,2.60126371936e-07
3.2057812,3.2057812,2.60126371936e-07
3.2054529,3.2054529,2.60126371936e-07
3.2077134,3.2077134,2.60126371936e-07
3.2077137,3.2077137,2.60126371936e-07
0.1415626,0.1415626,2.60126371936e-07
-3.7648952,-3.7648952,2.60126371936e-07
3.2077145,3.2077145,2.60126371936e-07
-1.2801964,-1.2801964,2.60126371936e-07
2.994785,2.994785,2.60126371936e-07
2.2990889,2.2990889,2.60126371936e-07
3.2063395,3.2063395,2.60126371936e-07
-0.0398772,-0.0398772,2.60126371936e-07
1.5557626,1.5557626,2.60126371936e-07
3.1991375,3.1991375,2.60126371936e-07
0.0013749,0.0013749,2.60126371936e-07
-0.3628879,-0.3628879,2.60126371936e-07
-20.9986237,-10.0,2.60126371936e-07
0.0011909,0.0011909,2.60126371936e-07
-3.3837843,-3.3837843,2.60126371936e-07
-0.000558299999998,-0.000558299999998,2.60126371936e-07
-0.000886600000001,-0.000886600000001,2.60126371936e-07
0.0013739,0.0013739,2.60126371936e-07
0.0013742,0.0013742,2.60126371936e-07
-3.0647769,-3.0647769,2.60126371936e-07
-6.9712347,-6.9712347,2.60126371936e-07
0.001375,0.001375,2.60126371936e-07
-4.4865359,-4.4865359,2.60126371936e-07
-0.2115545,-0.2115545,2.60126371936e-07
-0.9072506,-0.9072506,2.60126371936e-07
-3.2063395,-3.2063395,2.60126371936e-07
-3.2462167,-3.2462167,2.60126371936e-07
-1.6505769,-1.6505769,2.60126371936e-07
-0.007202,-0.007202,2.60126371936e-07
3.2475916,3.2475916,2.60126371936e-07
2.8833288,2.8833288,2.60126371936e-07
-17.752407,-10.0,2.60126371936e-07
3.2474076,3.2474076,2.60126371936e-07
-0.1375676,-0.1375676,2.60126371936e-07
3.2456584,3.2456584,2.60126371936e-07
3.2453301,3.2453301,2.60126371936e-07
3.2475906,3.2475906,2.60126371936e-07
3.2475909,3.2475909,2.60126371936e-07
0.1814398,0.1814398,2.60126371936e-07
-3.725018,-3.725018,2.60126371936e-07
3.2475917,3.2475917,2.60126371936e-07
-1.2403192,-1.2403192,2.60126371936e-07
3.0346622,3.0346622,2.60126371936e-07
2.3389661,2.3389661,2.60126371936e-07
0.0398772,0.0398772,2.60126371936e-07
3.2462167,3.2462167,2.60126371936e-07
1.5956398,1.5956398,2.60126371936e-07
3.2390147,3.2390147,2.60126371936e-07
1.6519518,1.6519518,2.60126371936e-07
1.287689,1.287689,2.60126371936e-07
-19.3480468,-10.0,2.60126371936e-07
1.6517678,1.6517678,2.60126371936e-07
-1.7332074,-1.7332074,2.60126371936e-07
1.6500186,1.6500186,2.60126371936e-07
1.6496903,1.6496903,2.60126371936e-07
1.6519508,1.6519508,2.60126371936e-07
1.6519511,1.6519511,2.60126371936e-07
-1.4142,-1.4142,2.60126371936e-07
-5.3206578,-5.3206578,2.60126371936e-07
1.6519519,1.6519519,2.60126371936e-07
-2.835959,-2.835959,2.60126371936e-07
1.4390224,1.4390224,2.60126371936e-07
0.7433263,0.7433263,2.60126371936e-07
-1.5557626,-1.5557626,2.60126371936e-07
1.6505769,1.6505769,2.60126371936e-07
-1.5956398,-1.5956398,2.60126371936e-07
1.6433749,1.6433749,2.60126371936e-07
0.0085769,0.0085769,2.60126371936e-07
-0.3556859,-0.3556859,2.60126371936e-07
-20.9914217,-10.0,2.60126371936e-07
0.0083929,0.0083929,2.60126371936e-07
-3.3765823,-3.3765823,2.60126371936e-07
0.0066437,0.0066437,2.60126371936e-07
0.0063154,0.0063154,2.60126371936e-07
0.0085759,0.0085759,2.60126371936e-07
0.0085762,0.0085762,2.60126371936e-07
-3.0575749,-3.0575749,2.60126371936e-07
-6.9640327,-6.9640327,2.60126371936e-07
0.008577,0.008577,2.60126371936e-07
-4.4793339,-4.4793339,2.60126371936e-07
-0.2043525,-0.2043525,2.60126371936e-07
-0.9000486,-0.9000486,2.60126371936e-07
-3.1991375,-3.1991375,2.60126371936e-07
0.007202,0.007202,2.60126371936e-07
-3.2390147,-3.2390147,2.60126371936e-07
-1.6433749,-1.6433749,2.60126371936e-07
-0.51927,-0.51927,9.66068418101e-08
-0.3864404,-0.3864404,9.66068418101e-08
-0.6963203,-0.6963203,9.66068418101e-08
-0.1206812,-0.1206812,9.66068418101e-08
-3.0339816,-3.0339816,9.66068418101e-08
-0.0034252,-0.0034252,9.66068418101e-08
-0.6732532,-0.6732532,9.66068418101e-08
-0.0495836,-0.0495836,9.66068418101e-08
2.19999999729e-06,2.19999999729e-06,9.66068418101e-08
-1.0362036,-1.0362036,9.66068418101e-08
-3.2571422,-3.2571422,9.66068418101e-08
-20.9999931,-10.0,9.66068418101e-08
4.79999999925e-06,4.79999999925e-06,9.66068418101e-08
9.99999997475e-07,9.99999997475e-07,9.66068418101e-08
-1.26000000016e-05,-1.26000000016e-05,9.66068418101e-08
-0.7040329,-0.7040329,9.66068418101e-08
-7.9810956,-7.9810956,9.66068418101e-08
-3.3597932,-3.3597932,9.66068418101e-08
-0.0221916,-0.0221916,9.66068418101e-08
0.51927,0.51927,9.66068418101e-08
0.1328296,0.1328296,9.66068418101e-08
-0.1770503,-0.1770503,9.66068418101e-08
0.3985888,0.3985888,9.66068418101e-08
-2.5147116,-2.5147116,9.66068418101e-08
0.5158448,0.5158448,9.66068418101e-08
-0.1539832,-0.1539832,9.66068418101e-08
0.4696864,0.4696864,9.66068418101e-08
0.5192722,0.5192722,9.66068418101e-08
-0.5169336,-0.5169336,9.66068418101e-08
-2.7378722,-2.7378722,9.66068418101e-08
-20.4807231,-10.0,9.66068418101e-08
0.5192748,0.5192748,9.66068418101e-08
0.519271,0.519271,9.66068418101e-08
0.5192574,0.5192574,9.66068418101e-08
-0.1847629,-0.1847629,9.66068418101e-08
-7.4618256,-7.4618256,9.66068418101e-08
-2.8405232,-2.8405232,9.66068418101e-08
0.4970784,0.4970784,9.66068418101e-08
0.3864404,0.3864404,9.66068418101e-08
-0.1328296,-0.1328296,9.66068418101e-08
-0.3098799,-0.3098799,9.66068418101e-08
0.2657592,0.2657592,9.66068418101e-08
-2.6475412,-2.6475412,9.66068418101e-08
0.3830152,0.3830152,9.66068418101e-08
-0.2868128,-0.2868128,9.66068418101e-08
0.3368568,0.3368568,9.66068418101e-08
0.3864426,0.3864426,9.66068418101e-08
-0.6497632,-0.6497632,9.66068418101e-08
-2.8707018,-2.8707018,9.66068418101e-08
-20.6135527,-10.0,9.66068418101e-08
0.3864452,0.3864452,9.66068418101e-08
0.3864414,0.3864414,9.66068418101e-08
0.3864278,0.3864278,9.66068418101e-08
-0.3175925,-0.3175925,9.66068418101e-08
-7.5946552,-7.5946552,9.66068418101e-08
-2.9733528,-2.9733528,9.66068418101e-08
0.3642488,0.3642488,9.66068418101e-08
0.6963203,0.6963203,9.66068418101e-08
0.1770503,0.1770503,9.66068418101e-08
0.3098799,0.3098799,9.66068418101e-08
0.5756391,0.5756391,9.66068418101e-08
-2.3376613,-2.3376613,9.66068418101e-08
0.6928951,0.6928951,9.66068418101e-08
0.0230671,0.0230671,9.66068418101e-08
0.6467367,0.6467367,9.66068418101e-08
0.6963225,0.6963225,9.66068418101e-08
-0.3398833,-0.3398833,9.66068418101e-08
-2.5608219,-2.5608219,9.66068418101e-08
-20.3036728,-10.0,9.66068418101e-08
0.6963251,0.6963251,9.66068418101e-08
0.6963213,0.6963213,9.66068418101e-08
0.6963077,0.6963077,9.66068418101e-08
-0.0077126,-0.0077126,9.66068418101e-08
-7.2847753,-7.2847753,9.66068418101e-08
-2.6634729,-2.6634729,9.66068418101e-08
0.6741287,0.6741287,9.66068418101e-08
0.1206812,0.1206812,9.66068418101e-08
-0.3985888,-0.3985888,9.66068418101e-08
-0.2657592,-0.2657592,9.66068418101e-08
-0.5756391,-0.5756391,9.66068418101e-08
-2.9133004,-2.9133004,9.66068418101e-08
0.117256,0.117256,9.66068418101e-08
-0.552572,-0.552572,9.66068418101e-08
0.0710976,0.0710976,9.66068418101e-08
0.1206834,0.1206834,9.66068418101e-08
-0.9155224,-0.9155224,9.66068418101e-08
-3.136461,-3.136461,9.66068418101e-08
-20.8793119,-10.0,9.66068418101e-08
0.120686,0.120686,9.66068418101e-08
0.1206822,0.1206822,9.66068418101e-08
0.1206686,0.1206686,9.66068418101e-08
-0.5833517,-0.5833517,9.66068418101e-08
-7.8604144,-7.8604144,9.66068418101e-08
-3.239112,-3.239112,9.66068418101e-08
0.0984896,0.0984896,9.66068418101e-08
3.0339816,3.0339816,9.66068418101e-08
2.5147116,2.5147116,9.66068418101e-08
2.6475412,2.6475412,9.66068418101e-08
2.3376613,2.3376613,9.66068418101e-08
2.9133004,2.9133004,9.66068418101e-08
3.0305564,3.0305564,9.66068418101e-08
2.3607284,2.3607284,9.66068418101e-08
2.984398,2.984398,9.66068418101e-08
3.0339838,3.0339838,9.66068418101e-08
1.997778,1.997778,9.66068418101e-08
-0.2231606,-0.2231606,9.66068418101e-08
-17.9660115,-10.0,9.66068418101e-08
3.0339864,3.0339864,9.66068418101e-08
3.0339826,3.0339826,9.66068418101e-08
3.033969,3.033969,9.66068418101e-08
2.3299487,2.3299487,9.66068418101e-08
-4.947114,-4.947114,9.66068418101e-08
-0.3258116,-0.3258116,9.66068418101e-08
3.01179,3.01179,9.66068418101e-08
0.0034252,0.0034252,9.66068418101e-08
-0.5158448,-0.5158448,9.66068418101e-08
-0.3830152,-0.3830152,9.66068418101e-08
-0.6928951,-0.6928951,9.66068418101e-08
-0.117256,-0.117256,9.66068418101e-08
-3.0305564,-3.0305564,9.66068418101e-08
-0.669828,-0.669828,9.66068418101e-08
-0.0461584,-0.0461584,9.66068418101e-08
0.0034274,0.0034274,9.66068418101e-08
-1.0327784,-1.0327784,9.66068418101e-08
-3.253717,-3.253717,9.66068418101e-08
-20.9965679,-10.0,9.66068418101e-08
0.00343,0.00343,9.66068418101e-08
0.0034262,0.0034262,9.66068418101e-08
0.0034126,0.0034126,9.66068418101e-08
-0.7006077,-0.7006077,9.66068418101e-08
-7.9776704,-7.9776704,9.66068418101e-08
-3.356368,-3.356368,9.66068418101e-08
-0.0187664,-0.0187664,9.66068418101e-08
0.6732532,0.6732532,9.66068418101e-08
0.1539832,0.1539832,9.66068418101e-08
0.2868128,0.2868128,9.66068418101e-08
-0.0230671,-0.0230671,9.66068418101e-08
0.552572,0.552572,9.66068418101e-08
-2.3607284,-2.3607284,9.66068418101e-08
0.669828,0.669828,9.66068418101e-08
0.6236696,0.6236696,9.66068418101e-08
0.6732554,0.6732554,9.66068418101e-08
-0.3629504,-0.3629504,9.66068418101e-08
-2.583889,-2.583889,9.66068418101e-08
-20.3267399,-10.0,9.66068418101e-08
0.673258,0.673258,9.66068418101e-08
0.6732542,0.6732542,9.66068418101e-08
0.6732406,0.6732406,9.66068418101e-08
-0.0307797,-0.0307797,9.66068418101e-08
-7.3078424,-7.3078424,9.66068418101e-08
-2.68654,-2.68654,9.66068418101e-08
0.6510616,0.6510616,9.66068418101e-08
0.0495836,0.0495836,9.66068418101e-08
-0.4696864,-0.4696864,9.66068418101e-08
-0.3368568,-0.3368568,9.66068418101e-08
-0.6467367,-0.6467367,9.66068418101e-08
-0.0710976,-0.0710976,9.66068418101e-08
-2.984398,-2.984398,9.66068418101e-08
0.0461584,0.0461584,9.66068418101e-08
-0.6236696,-0.6236696,9.66068418101e-08
0.0495858,0.0495858,9.66068418101e-08
-0.98662,-0.98662,9.66068418101e-08
-3.2075586,-3.2075586,9.66068418101e-08
-20.9504095,-10.0,9.66068418101e-08
0.0495884,0.0495884,9.66068418101e-08
0.0495846,0.0495846,9.66068418101e-08
0.049571,0.049571,9.66068418101e-08
-0.6544493,-0.6544493,9.66068418101e-08
-7.931512,-7.931512,9.66068418101e-08
-3.3102096,-3.3102096,9.66068418101e-08
0.027392,0.027392,9.66068418101e-08
-2.19999999729e-06,-2.19999999729e-06,9.66068418101e-08
-0.5192722,-0.5192722,9.66068418101e-08
-0.3864426,-0.3864426,9.66068418101e-08
-0.6963225,-0.6963225,9.66068418101e-08
-0.1206834,-0.1206834,9.66068418101e-08
-3.0339838,-3.0339838,9.66068418101e-08
-0.0034274,-0.0034274,9.66068418101e-08
-0.6732554,-0.6732554,9.66068418101e-08
-0.0495858,-0.0495858,9.66068418101e-08
-1.0362058,-1.0362058,9.66068418101e-08
-3.2571444,-3.2571444,9.66068418101e-08
-20.9999953,-10.0,9.66068418101e-08
2.60000000196e-06,2.60000000196e-06,9.66068418101e-08
-1.19999999981e-06,-1.19999999981e-06,9.66068418101e-08
-1.47999999989e-05,-1.47999999989e-05,9.66068418101e-08
-0.7040351,-0.7040351,9.66068418101e-08
-7.9810978,-7.9810978,9.66068418101e-08
-3.3597954,-3.3597954,9.66068418101e-08
-0.0221938,-0.0221938,9.66068418101e-08
1.0362036,1.0362036,9.66068418101e-08
0.5169336,0.5169336,9.66068418101e-08
0.6497632,0.6497632,9.66068418101e-08
0.3398833,0.3398833,9.66068418101e-08
0.9155224,0.9155224,9.66068418101e-08
-1.997778,-1.997778,9.66068418101e-08
1.0327784,1.0327784,9.66068418101e-08
0.3629504,0.3629504,9.66068418101e-08
0.98662,0.98662,9.66068418101e-08
1.0362058,1.0362058,9.66068418101e-08
-2.2209386,-2.2209386,9.66068418101e-08
-19.9637895,-10.0,9.66068418101e-08
1.0362084,1.0362084,9.66068418101e-08
1.0362046,1.0362046,9.66068418101e-08
1.036191,1.036191,9.66068418101e-08
0.3321707,0.3321707,9.66068418101e-08
-6.944892,-6.944892,9.66068418101e-08
-2.3235896,-2.3235896,9.66068418101e-08
1.014012,1.014012,9.66068418101e-08
3.2571422,3.2571422,9.66068418101e-08
2.7378722,2.7378722,9.66068418101e-08
2.8707018,2.8707018,9.66068418101e-08
2.5608219,2.5608219,9.66068418101e-08
3.136461,3.136461,9.66068418101e-08
0.2231606,0.2231606,9.66068418101e-08
3.253717,3.253717,9.66068418101e-08
2.583889,2.583889,9.66068418101e-08
3.2075586,3.2075586,9.66068418101e-08
3.2571444,3.2571444,9.66068418101e-08
2.2209386,2.2209386,9.66068418101e-08
-17.7428509,-10.0,9.66068418101e-08
3.257147,3.257147,9.66068418101e-08
3.2571432,3.2571432,9.66068418101e-08
3.2571296,3.2571296,9.66068418101e-08
2.5531093,2.5531093,9.66068418101e-08
-4.7239534,-4.7239534,9.66068418101e-08
-0.102651,-0.102651,9.66068418101e-08
3.2349506,3.2349506,9.66068418101e-08
20.9999931,10.0,9.66068418101e-08
20.4807231,10.0,9.66068418101e-08
20.6135527,10.0,9.66068418101e-08
20.3036728,10.0,9.66068418101e-08
20.8793119,10.0,9.66068418101e-08
17.9660115,10.0,9.66068418101e-08
20.9965679,10.0,9.66068418101e-08
20.3267399,10.0,9.66068418101e-08
20.9504095,10.0,9.66068418101e-08
20.9999953,10.0,9.66068418101e-08
19.9637895,10.0,9.66068418101e-08
17.7428509,10.0,9.66068418101e-08
20.9999979,10.0,9.66068418101e-08
20.9999941,10.0,9.66068418101e-08
20.9999805,10.0,9.66068418101e-08
20.2959602,10.0,9.66068418101e-08
13.0188975,10.0,9.66068418101e-08
17.6401999,10.0,9.66068418101e-08
20.9778015,10.0,9.66068418101e-08
-4.79999999925e-06,-4.79999999925e-06,9.66068418101e-08
-0.5192748,-0.5192748,9.66068418101e-08
-0.3864452,-0.3864452,9.66068418101e-08
-0.6963251,-0.6963251,9.66068418101e-08
-0.120686,-0.120686,9.66068418101e-08
-3.0339864,-3.0339864,9.66068418101e-08
-0.00343,-0.00343,9.66068418101e-08
-0.673258,-0.673258,9.66068418101e-08
-0.0495884,-0.0495884,9.66068418101e-08
-2.60000000196e-06,-2.60000000196e-06,9.66068418101e-08
-1.0362084,-1.0362084,9.66068418101e-08
-3.257147,-3.257147,9.66068418101e-08
-20.9999979,-10.0,9.66068418101e-08
-3.80000000177e-06,-3.80000000177e-06,9.66068418101e-08
-1.74000000008e-05,-1.74000000008e-05,9.66068418101e-08
-0.7040377,-0.7040377,9.66068418101e-08
-7.9811004,-7.9811004,9.66068418101e-08
-3.359798,-3.359798,9.66068418101e-08
-0.0221964,-0.0221964,9.66068418101e-08
-9.99999997475e-07,-9.99999997475e-07,9.66068418101e-08
-0.519271,-0.519271,9.66068418101e-08
-0.3864414,-0.3864414,9.66068418101e-08
-0.6963213,-0.6963213,9.66068418101e-08
-0.1206822,-0.1206822,9.66068418101e-08
-3.0339826,-3.0339826,9.66068418101e-08
-0.0034262,-0.0034262,9.66068418101e-08
-0.6732542,-0.6732542,9.66068418101e-08
-0.0495846,-0.0495846,9.66068418101e-08
1.19999999981e-06,1.19999999981e-06,9.66068418101e-08
-1.0362046,-1.0362046,9.66068418101e-08
-3.2571432,-3.2571432,9.66068418101e-08
-20.9999941,-10.0,9.66068418101e-08
3.80000000177e-06,3.80000000177e-06,9.66068418101e-08
-1.35999999991e-05,-1.35999999991e-05,9.66068418101e-08
-0.7040339,-0.7040339,9.66068418101e-08
-7.9810966,-7.9810966,9.66068418101e-08
-3.3597942,-3.3597942,9.66068418101e-08
-0.0221926,-0.0221926,9.66068418101e-08
1.26000000016e-05,1.26000000016e-05,9.66068418101e-08
-0.5192574,-0.5192574,9.66068418101e-08
-0.3864278,-0.3864278,9.66068418101e-08
-0.6963077,-0.6963077,9.66068418101e-08
-0.1206686,-0.1206686,9.66068418101e-08
-3.033969,-3.033969,9.66068418101e-08
-0.0034126,-0.0034126,9.66068418101e-08
-0.6732406,-0.6732406,9.66068418101e-08
-0.049571,-0.049571,9.66068418101e-08
1.47999999989e-05,1.47999999989e-05,9.66068418101e-08
-1.036191,-1.036191,9.66068418101e-08
-3.2571296,-3.2571296,9.66068418101e-08
-20.9999805,-10.0,9.66068418101e-08
1.74000000008e-05,1.74000000008e-05,9.66068418101e-08
1.35999999991e-05,1.35999999991e-05,9.66068418101e-08
-0.7040203,-0.7040203,9.66068418101e-08
-7.981083,-7.981083,9.66068418101e-08
-3.3597806,-3.3597806,9.66068418101e-08
-0.022179,-0.022179,9.66068418101e-08
0.7040329,0.7040329,9.66068418101e-08
0.1847629,0.1847629,9.66068418101e-08
0.3175925,0.3175925,9.66068418101e-08
0.0077126,0.0077126,9.66068418101e-08
0.5833517,0.5833517,9.66068418101e-08
-2.3299487,-2.3299487,9.66068418101e-08
0.7006077,0.7006077,9.66068418101e-08
0.0307797,0.0307797,9.66068418101e-08
0.6544493,0.6544493,9.66068418101e-08
0.7040351,0.7040351,9.66068418101e-08
-0.3321707,-0.3321707,9.66068418101e-08
-2.5531093,-2.5531093,9.66068418101e-08
-20.2959602,-10.0,9.66068418101e-08
0.7040377,0.7040377,9.66068418101e-08
0.7040339,0.7040339,9.66068418101e-08
0.7040203,0.7040203,9.66068418101e-08
-7.2770627,-7.2770627,9.66068418101e-08
-2.6557603,-2.6557603,9.66068418101e-08
0.6818413,0.6818413,9.66068418101e-08
7.9810956,7.9810956,9.66068418101e-08
7.4618256,7.4618256,9.66068418101e-08
7.5946552,7.5946552,9.66068418101e-08
7.2847753,7.2847753,9.66068418101e-08
7.8604144,7.8604144,9.66068418101e-08
4.947114,4.947114,9.66068418101e-08
7.9776704,7.9776704,9.66068418101e-08
7.3078424,7.3078424,9.66068418101e-08
7.931512,7.931512,9.66068418101e-08
7.9810978,7.9810978,9.66068418101e-08
6.944892,6.944892,9.66068418101e-08
4.7239534,4.7239534,9.66068418101e-08
-13.0188975,-10.0,9.66068418101e-08
7.9811004,7.9811004,9.66068418101e-08
7.9810966,7.9810966,9.66068418101e-08
7.981083,7.981083,9.66068418101e-08
7.2770627,7.2770627,9.66068418101e-08
4.6213024,4.6213024,9.66068418101e-08
7.958904,7.958904,9.66068418101e-08
3.3597932,3.3597932,9.66068418101e-08
2.8405232,2.8405232,9.66068418101e-08
2.9733528,2.9733528,9.66068418101e-08
2.6634729,2.6634729,9.66068418101e-08
3.239112,3.239112,9.66068418101e-08
0.3258116,0.3258116,9.66068418101e-08
3.356368,3.356368,9.66068418101e-08
2.68654,2.68654,9.66068418101e-08
3.3102096,3.3102096,9.66068418101e-08
3.3597954,3.3597954,9.66068418101e-08
2.3235896,2.3235896,9.66068418101e-08
0.102651,0.102651,9.66068418101e-08
-17.6401999,-10.0,9.66068418101e-08
3.359798,3.359798,9.66068418101e-08
3.3597942,3.3597942,9.66068418101e-08
3.3597806,3.3597806,9.66068418101e-08
2.6557603,2.6557603,9.66068418101e-08
-4.6213024,-4.6213024,9.66068418101e-08
3.3376016,3.3376016,9.66068418101e-08
0.0221916,0.0221916,9.66068418101e-08
-0.4970784,-0.4970784,9.66068418101e-08
-0.3642488,-0.3642488,9.66068418101e-08
-0.6741287,-0.6741287,9.66068418101e-08
-0.0984896,-0.0984896,9.66068418101e-08
-3.01179,-3.01179,9.66068418101e-08
0.0187664,0.0187664,9.66068418101e-08
-0.6510616,-0.6510616,9.66068418101e-08
-0.027392,-0.027392,9.66068418101e-08
0.0221938,0.0221938,9.66068418101e-08
-1.014012,-1.014012,9.66068418101e-08
-3.2349506,-3.2349506,9.66068418101e-08
-20.9778015,-10.0,9.66068418101e-08
0.0221964,0.0221964,9.66068418101e-08
0.0221926,0.0221926,9.66068418101e-08
0.022179,0.022179,9.66068418101e-08
-0.6818413,-0.6818413,9.66068418101e-08
-7.958904,-7.958904,9.66068418101e-08
-3.3376016,-3.3376016,9.66068418101e-08
0.0468511,0.0468511,0.0558999778793
0.2761162,0.2761162,0.0558999778793
2.0551711,2.0551711,0.0558999778793
1.7267191,1.7267191,0.0558999778793
0.9842347,0.9842347,0.0558999778793
0.9848965,0.9848965,0.0558999778793
2.0552703,2.0552703,0.0558999778793
-0.2962416,-0.2962416,0.0558999778793
-18.94464,-10.0,0.0558999778793
-17.0474805,-10.0,0.0558999778793
2.0553593,2.0553593,0.0558999778793
2.0553596,2.0553596,0.0558999778793
1.1475383,1.1475383,0.0558999778793
1.8698955,1.8698955,0.0558999778793
1.0369434,1.0369434,0.0558999778793
0.0566008,0.0566008,0.0558999778793
-14.2718451,-10.0,0.0558999778793
1.9793638,1.9793638,0.0558999778793
-4.0495919,-4.0495919,0.0558999778793
-0.0468511,-0.0468511,0.0558999778793
0.2292651,0.2292651,0.0558999778793
2.00832,2.00832,0.0558999778793
1.679868,1.679868,0.0558999778793
0.9373836,0.9373836,0.0558999778793
0.9380454,0.9380454,0.0558999778793
2.0084192,2.0084192,0.0558999778793
-0.3430927,-0.3430927,0.0558999778793
-18.9914911,-10.0,0.0558999778793
-17.0943316,-10.0,0.0558999778793
2.0085082,2.0085082,0.0558999778793
2.0085085,2.0085085,0.0558999778793
1.1006872,1.1006872,0.0558999778793
1.8230444,1.8230444,0.0558999778793
0.9900923,0.9900923,0.0558999778793
0.0097497,0.0097497,0.0558999778793
-14.3186962,-10.0,0.0558999778793
1.9325127,1.9325127,0.0558999778793
-4.096443,-4.096443,0.0558999778793
-0.2761162,-0.2761162,0.0558999778793
-0.2292651,-0.2292651,0.0558999778793
1.7790549,1.7790549,0.0558999778793
1.4506029,1.4506029,0.0558999778793
0.7081185,0.7081185,0.0558999778793
0.7087803,0.7087803,0.0558999778793
1.7791541,1.7791541,0.0558999778793
-0.5723578,-0.5723578,0.0558999778793
-19.2207562,-10.0,0.0558999778793
-17.3235967,-10.0,0.0558999778793
1.7792431,1.7792431,0.0558999778793
1.7792434,1.7792434,0.0558999778793
0.8714221,0.8714221,0.0558999778793
1.5937793,1.5937793,0.0558999778793
0.7608272,0.7608272,0.0558999778793
-0.2195154,-0.2195154,0.0558999778793
-14.5479613,-10.0,0.0558999778793
1.7032476,1.7032476,0.0558999778793
-4.3257081,-4.3257081,0.0558999778793
-2.0551711,-2.0551711,0.0558999778793
-2.00832,-2.00832,0.0558999778793
-1.7790549,-1.7790549,0.0558999778793
-0.328452,-0.328452,0.0558999778793
-1.0709364,-1.0709364,0.0558999778793
-1.0702746,-1.0702746,0.0558999778793
9.92000000011e-05,9.92000000011e-05,0.0558999778793
-2.3514127,-2.3514127,0.0558999778793
-20.9998111,-10.0,0.0558999778793
-19.1026516,-10.0,0.0558999778793
0.0001882,0.0001882,0.0558999778793
0.0001885,0.0001885,0.0558999778793
-0.9076328,-0.9076328,0.0558999778793
-0.1852756,-0.1852756,0.0558999778793
-1.0182277,-1.0182277,0.0558999778793
-1.9985703,-1.9985703,0.0558999778793
-16.3270162,-10.0,0.0558999778793
-0.0758073,-0.0758073,0.0558999778793
-6.104763,-6.104763,0.0558999778793
-1.7267191,-1.7267191,0.0558999778793
-1.679868,-1.679868,0.0558999778793
-1.4506029,-1.4506029,0.0558999778793
0.328452,0.328452,0.0558999778793
-0.7424844,-0.7424844,0.0558999778793
-0.7418226,-0.7418226,0.0558999778793
0.3285512,0.3285512,0.0558999778793
-2.0229607,-2.0229607,0.0558999778793
-20.6713591,-10.0,0.0558999778793
-18.7741996,-10.0,0.0558999778793
0.3286402,0.3286402,0.0558999778793
0.3286405,0.3286405,0.0558999778793
-0.5791808,-0.5791808,0.0558999778793
0.1431764,0.1431764,0.0558999778793
-0.6897757,-0.6897757,0.0558999778793
-1.6701183,-1.6701183,0.0558999778793
-15.9985642,-10.0,0.0558999778793
0.2526447,0.2526447,0.0558999778793
-5.776311,-5.776311,0.0558999778793
-0.9842347,-0.9842347,0.0558999778793
-0.9373836,-0.9373836,0.0558999778793
-0.7081185,-0.7081185,0.0558999778793
1.0709364,1.0709364,0.0558999778793
0.7424844,0.7424844,0.0558999778793
0.0006618,0.0006618,0.0558999778793
1.0710356,1.0710356,0.0558999778793
-1.2804763,-1.2804763,0.0558999778793
-19.9288747,-10.0,0.0558999778793
-18.0317152,-10.0,0.0558999778793
1.0711246,1.0711246,0.0558999778793
1.0711249,1.0711249,0.0558999778793
0.1633036,0.1633036,0.0558999778793
0.8856608,0.8856608,0.0558999778793
0.0527087,0.0527087,0.0558999778793
-0.9276339,-0.9276339,0.0558999778793
-15.2560798,-10.0,0.0558999778793
0.9951291,0.9951291,0.0558999778793
-5.0338266,-5.0338266,0.0558999778793
-0.9848965,-0.9848965,0.0558999778793
-0.9380454,-0.9380454,0.0558999778793
-0.7087803,-0.7087803,0.0558999778793
1.0702746,1.0702746,0.0558999778793
0.7418226,0.7418226,0.0558999778793
-0.0006618,-0.0006618,0.0558999778793
1.0703738,1.0703738,0.0558999778793
-1.2811381,-1.2811381,0.0558999778793
-19.9295365,-10.0,0.0558999778793
-18.032377,-10.0,0.0558999778793
1.0704628,1.0704628,0.0558999778793
1.0704631,1.0704631,0.0558999778793
0.1626418,0.1626418,0.0558999778793
0.884999,0.884999,0.0558999778793
0.0520469,0.0520469,0.0558999778793
-0.9282957,-0.9282957,0.0558999778793
-15.2567416,-10.0,0.0558999778793
0.9944673,0.9944673,0.0558999778793
-5.0344884,-5.0344884,0.0558999778793
-2.0552703,-2.0552703,0.0558999778793
-2.0084192,-2.0084192,0.0558999778793
-1.7791541,-1.7791541,0.0558999778793
-9.92000000011e-05,-9.92000000011e-05,0.0558999778793
-0.3285512,-0.3285512,0.0558999778793
-1.0710356,-1.0710356,0.0558999778793
-1.0703738,-1.0703738,0.0558999778793
-2.3515119,-2.3515119,0.0558999778793
-20.9999103,-10.0,0.0558999778793
-19.1027508,-10.0,0.0558999778793
8.89999999991e-05,8.89999999991e-05,0.0558999778793
8.92999999991e-05,8.92999999991e-05,0.0558999778793
-0.907732,-0.907732,0.0558999778793
-0.1853748,-0.1853748,0.0558999778793
-1.0183269,-1.0183269,0.0558999778793
-1.9986695,-1.9986695,0.0558999778793
-16.3271154,-10.0,0.0558999778793
-0.0759065,-0.0759065,0.0558999778793
-6.1048622,-6.1048622,0.0558999778793
0.2962416,0.2962416,0.0558999778793
0.3430927,0.3430927,0.0558999778793
0.5723578,0.5723578,0.0558999778793
2.3514127,2.3514127,0.0558999778793
2.0229607,2.0229607,0.0558999778793
1.2804763,1.2804763,0.0558999778793
1.2811381,1.2811381,0.0558999778793
2.3515119,2.3515119,0.0558999778793
-18.6483984,-10.0,0.0558999778793
-16.7512389,-10.0,0.0558999778793
2.3516009,2.3516009,0.0558999778793
2.3516012,2.3516012,0.0558999778793
1.4437799,1.4437799,0.0558999778793
2.1661371,2.1661371,0.0558999778793
1.333185,1.333185,0.0558999778793
0.3528424,0.3528424,0.0558999778793
-13.9756035,-10.0,0.0558999778793
2.2756054,2.2756054,0.0558999778793
-3.7533503,-3.7533503,0.0558999778793
18.94464,10.0,0.0558999778793
18.9914911,10.0,0.0558999778793
19.2207562,10.0,0.0558999778793
20.9998111,10.0,0.0558999778793
20.6713591,10.0,0.0558999778793
19.9288747,10.0,0.0558999778793
19.9295365,10.0,0.0558999778793
20.9999103,10.0,0.0558999778793
18.6483984,10.0,0.0558999778793
1.8971595,1.8971595,0.0558999778793
20.9999993,10.0,0.0558999778793
20.9999996,10.0,0.0558999778793
20.0921783,10.0,0.0558999778793
20.8145355,10.0,0.0558999778793
19.9815834,10.0,0.0558999778793
19.0012408,10.0,0.0558999778793
4.6727949,4.6727949,0.0558999778793
20.9240038,10.0,0.0558999778793
14.8950481,10.0,0.0558999778793
17.0474805,10.0,0.0558999778793
17.0943316,10.0,0.0558999778793
17.3235967,10.0,0.0558999778793
19.1026516,10.0,0.0558999778793
18.7741996,10.0,0.0558999778793
18.0317152,10.0,0.0558999778793
18.032377,10.0,0.0558999778793
19.1027508,10.0,0.0558999778793
16.7512389,10.0,0.0558999778793
-1.8971595,-1.8971595,0.0558999778793
19.1028398,10.0,0.0558999778793
19.1028401,10.0,0.0558999778793
18.1950188,10.0,0.0558999778793
18.917376,10.0,0.0558999778793
18.0844239,10.0,0.0558999778793
17.1040813,10.0,0.0558999778793
2.7756354,2.7756354,0.0558999778793
19.0268443,10.0,0.0558999778793
12.9978886,10.0,0.0558999778793
-2.0553593,-2.0553593,0.0558999778793
-2.0085082,-2.0085082,0.0558999778793
-1.7792431,-1.7792431,0.0558999778793
-0.0001882,-0.0001882,0.0558999778793
-0.3286402,-0.3286402,0.0558999778793
-1.0711246,-1.0711246,0.0558999778793
-1.0704628,-1.0704628,0.0558999778793
-8.89999999991e-05,-8.89999999991e-05,0.0558999778793
-2.3516009,-2.3516009,0.0558999778793
-20.9999993,-10.0,0.0558999778793
-19.1028398,-10.0,0.0558999778793
2.99999999953e-07,2.99999999953e-07,0.0558999778793
-0.907821,-0.907821,0.0558999778793
-0.1854638,-0.1854638,0.0558999778793
-1.0184159,-1.0184159,0.0558999778793
-1.9987585,-1.9987585,0.0558999778793
-16.3272044,-10.0,0.0558999778793
-0.0759955,-0.0759955,0.0558999778793
-6.1049512,-6.1049512,0.0558999778793
-2.0553596,-2.0553596,0.0558999778793
-2.0085085,-2.0085085,0.0558999778793
-1.7792434,-1.7792434,0.0558999778793
-0.0001885,-0.0001885,0.0558999778793
-0.3286405,-0.3286405,0.0558999778793
-1.0711249,-1.0711249,0.0558999778793
-1.0704631,-1.0704631,0.0558999778793
-8.92999999991e-05,-8.92999999991e-05,0.0558999778793
-2.3516012,-2.3516012,0.0558999778793
-20.9999996,-10.0,0.0558999778793
-19.1028401,-10.0,0.0558999778793
-2.99999999953e-07,-2.99999999953e-07,0.0558999778793
-0.9078213,-0.9078213,0.0558999778793
-0.1854641,-0.1854641,0.0558999778793
-1.0184162,-1.0184162,0.0558999778793
-1.9987588,-1.9987588,0.0558999778793
-16.3272047,-10.0,0.0558999778793
-0.0759958,-0.0759958,0.0558999778793
-6.1049515,-6.1049515,0.0558999778793
-1.1475383,-1.1475383,0.0558999778793
-1.1006872,-1.1006872,0.0558999778793
-0.8714221,-0.8714221,0.0558999778793
0.9076328,0.9076328,0.0558999778793
0.5791808,0.5791808,0.0558999778793
-0.1633036,-0.1633036,0.0558999778793
-0.1626418,-0.1626418,0.0558999778793
0.907732,0.907732,0.0558999778793
-1.4437799,-1.4437799,0.0558999778793
-20.0921783,-10.0,0.0558999778793
-18.1950188,-10.0,0.0558999778793
0.907821,0.907821,0.0558999778793
0.9078213,0.9078213,0.0558999778793
0.7223572,0.7223572,0.0558999778793
-0.1105949,-0.1105949,0.0558999778793
-1.0909375,-1.0909375,0.0558999778793
-15.4193834,-10.0,0.0558999778793
0.8318255,0.8318255,0.0558999778793
-5.1971302,-5.1971302,0.0558999778793
-1.8698955,-1.8698955,0.0558999778793
-1.8230444,-1.8230444,0.0558999778793
-1.5937793,-1.5937793,0.0558999778793
0.1852756,0.1852756,0.0558999778793
-0.1431764,-0.1431764,0.0558999778793
-0.8856608,-0.8856608,0.0558999778793
-0.884999,-0.884999,0.0558999778793
0.1853748,0.1853748,0.0558999778793
-2.1661371,-2.1661371,0.0558999778793
-20.8145355,-10.0,0.0558999778793
-18.917376,-10.0,0.0558999778793
0.1854638,0.1854638,0.0558999778793
0.1854641,0.1854641,0.0558999778793
-0.7223572,-0.7223572,0.0558999778793
-0.8329521,-0.8329521,0.0558999778793
-1.8132947,-1.8132947,0.0558999778793
-16.1417406,-10.0,0.0558999778793
0.1094683,0.1094683,0.0558999778793
-5.9194874,-5.9194874,0.0558999778793
-1.0369434,-1.0369434,0.0558999778793
-0.9900923,-0.9900923,0.0558999778793
-0.7608272,-0.7608272,0.0558999778793
1.0182277,1.0182277,0.0558999778793
0.6897757,0.6897757,0.0558999778793
-0.0527087,-0.0527087,0.0558999778793
-0.0520469,-0.0520469,0.0558999778793
1.0183269,1.0183269,0.0558999778793
-1.333185,-1.333185,0.0558999778793
-19.9815834,-10.0,0.0558999778793
-18.0844239,-10.0,0.0558999778793
1.0184159,1.0184159,0.0558999778793
1.0184162,1.0184162,0.0558999778793
0.1105949,0.1105949,0.0558999778793
0.8329521,0.8329521,0.0558999778793
-0.9803426,-0.9803426,0.0558999778793
-15.3087885,-10.0,0.0558999778793
0.9424204,0.9424204,0.0558999778793
-5.0865353,-5.0865353,0.0558999778793
-0.0566008,-0.0566008,0.0558999778793
-0.0097497,-0.0097497,0.0558999778793
0.2195154,0.2195154,0.0558999778793
1.9985703,1.9985703,0.0558999778793
1.6701183,1.6701183,0.0558999778793
0.9276339,0.9276339,0.0558999778793
0.9282957,0.9282957,0.0558999778793
1.9986695,1.9986695,0.0558999778793
-0.3528424,-0.3528424,0.0558999778793
-19.0012408,-10.0,0.0558999778793
-17.1040813,-10.0,0.0558999778793
1.9987585,1.9987585,0.0558999778793
1.9987588,1.9987588,0.0558999778793
1.0909375,1.0909375,0.0558999778793
1.8132947,1.8132947,0.0558999778793
0.9803426,0.9803426,0.0558999778793
-14.3284459,-10.0,0.0558999778793
1.922763,1.922763,0.0558999778793
-4.1061927,-4.1061927,0.0558999778793
14.2718451,10.0,0.0558999778793
14.3186962,10.0,0.0558999778793
14.5479613,10.0,0.0558999778793
16.3270162,10.0,0.0558999778793
15.9985642,10.0,0.0558999778793
15.2560798,10.0,0.0558999778793
15.2567416,10.0,0.0558999778793
16.3271154,10.0,0.0558999778793
13.9756035,10.0,0.0558999778793
-4.6727949,-4.6727949,0.0558999778793
-2.7756354,-2.7756354,0.0558999778793
16.3272044,10.0,0.0558999778793
16.3272047,10.0,0.0558999778793
15.4193834,10.0,0.0558999778793
16.1417406,10.0,0.0558999778793
15.3087885,10.0,0.0558999778793
14.3284459,10.0,0.0558999778793
16.2512089,10.0,0.0558999778793
10.2222532,10.0,0.0558999778793
-1.9793638,-1.9793638,0.0558999778793
-1.9325127,-1.9325127,0.0558999778793
-1.7032476,-1.7032476,0.0558999778793
0.0758073,0.0758073,0.0558999778793
-0.2526447,-0.2526447,0.0558999778793
-0.9951291,-0.9951291,0.0558999778793
-0.9944673,-0.9944673,0.0558999778793
0.0759065,0.0759065,0.0558999778793
-2.2756054,-2.2756054,0.0558999778793
-20.9240038,-10.0,0.0558999778793
-19.0268443,-10.0,0.0558999778793
0.0759955,0.0759955,0.0558999778793
0.0759958,0.0759958,0.0558999778793
-0.8318255,-0.8318255,0.0558999778793
-0.1094683,-0.1094683,0.0558999778793
-0.9424204,-0.9424204,0.0558999778793
-1.922763,-1.922763,0.0558999778793
-16.2512089,-10.0,0.0558999778793
-6.0289557,-6.0289557,0.0558999778793
4.0495919,4.0495919,0.0558999778793
4.096443,4.096443,0.0558999778793
4.3257081,4.3257081,0.0558999778793
6.104763,6.104763,0.0558999778793
5.776311,5.776311,0.0558999778793
5.0338266,5.0338266,0.0558999778793
5.0344884,5.0344884,0.0558999778793
6.1048622,6.1048622,0.0558999778793
3.7533503,3.7533503,0.0558999778793
-14.8950481,-10.0,0.0558999778793
-12.9978886,-10.0,0.0558999778793
6.1049512,6.1049512,0.0558999778793
6.1049515,6.1049515,0.0558999778793
5.1971302,5.1971302,0.0558999778793
5.9194874,5.9194874,0.0558999778793
5.0865353,5.0865353,0.0558999778793
4.1061927,4.1061927,0.0558999778793
-10.2222532,-10.0,0.0558999778793
6.0289557,6.0289557,0.0558999778793
17.5901892,10.0,0.0396949577154
17.3327572,10.0,0.0396949577154
17.226337,10.0,0.0396949577154
15.1249296,10.0,0.0396949577154
-3.409806,-3.409806,0.0396949577154
17.5901861,10.0,0.0396949577154
16.3159764,10.0,0.0396949577154
15.0880456,10.0,0.0396949577154
17.5528289,10.0,0.0396949577154
14.8588462,10.0,0.0396949577154
13.5244466,10.0,0.0396949577154
17.5901566,10.0,0.0396949577154
11.6017124,10.0,0.0396949577154
17.5894989,10.0,0.0396949577154
17.5897501,10.0,0.0396949577154
17.5752605,10.0,0.0396949577154
17.5742093,10.0,0.0396949577154
16.5134411,10.0,0.0396949577154
17.5901934,10.0,0.0396949577154
-17.5901892,-10.0,0.0396949577154
-0.257432,-0.257432,0.0396949577154
-0.3638522,-0.3638522,0.0396949577154
-2.4652596,-2.4652596,0.0396949577154
-20.9999952,-10.0,0.0396949577154
-3.1000000007e-06,-3.1000000007e-06,0.0396949577154
-1.2742128,-1.2742128,0.0396949577154
-2.5021436,-2.5021436,0.0396949577154
-0.0373603,-0.0373603,0.0396949577154
-2.731343,-2.731343,0.0396949577154
-4.0657426,-4.0657426,0.0396949577154
-3.26000000008e-05,-3.26000000008e-05,0.0396949577154
-5.9884768,-5.9884768,0.0396949577154
-0.000690300000002,-0.000690300000002,0.0396949577154
-0.000439100000001,-0.000439100000001,0.0396949577154
-0.0149287,-0.0149287,0.0396949577154
-0.0159799,-0.0159799,0.0396949577154
-1.0767481,-1.0767481,0.0396949577154
4.19999999934e-06,4.19999999934e-06,0.0396949577154
-17.3327572,-10.0,0.0396949577154
0.257432,0.257432,0.0396949577154
-0.1064202,-0.1064202,0.0396949577154
-2.2078276,-2.2078276,0.0396949577154
-20.7425632,-10.0,0.0396949577154
0.2574289,0.2574289,0.0396949577154
-1.0167808,-1.0167808,0.0396949577154
-2.2447116,-2.2447116,0.0396949577154
0.2200717,0.2200717,0.0396949577154
-2.473911,-2.473911,0.0396949577154
-3.8083106,-3.8083106,0.0396949577154
0.2573994,0.2573994,0.0396949577154
-5.7310448,-5.7310448,0.0396949577154
0.2567417,0.2567417,0.0396949577154
0.2569929,0.2569929,0.0396949577154
0.2425033,0.2425033,0.0396949577154
0.2414521,0.2414521,0.0396949577154
-0.8193161,-0.8193161,0.0396949577154
0.2574362,0.2574362,0.0396949577154
-17.226337,-10.0,0.0396949577154
0.3638522,0.3638522,0.0396949577154
0.1064202,0.1064202,0.0396949577154
-2.1014074,-2.1014074,0.0396949577154
-20.636143,-10.0,0.0396949577154
0.3638491,0.3638491,0.0396949577154
-0.9103606,-0.9103606,0.0396949577154
-2.1382914,-2.1382914,0.0396949577154
0.3264919,0.3264919,0.0396949577154
-2.3674908,-2.3674908,0.0396949577154
-3.7018904,-3.7018904,0.0396949577154
0.3638196,0.3638196,0.0396949577154
-5.6246246,-5.6246246,0.0396949577154
0.3631619,0.3631619,0.0396949577154
0.3634131,0.3634131,0.0396949577154
0.3489235,0.3489235,0.0396949577154
0.3478723,0.3478723,0.0396949577154
-0.7128959,-0.7128959,0.0396949577154
0.3638564,0.3638564,0.0396949577154
-15.1249296,-10.0,0.0396949577154
2.4652596,2.4652596,0.0396949577154
2.2078276,2.2078276,0.0396949577154
2.1014074,2.1014074,0.0396949577154
-18.5347356,-10.0,0.0396949577154
2.4652565,2.4652565,0.0396949577154
1.1910468,1.1910468,0.0396949577154
-0.036884,-0.036884,0.0396949577154
2.4278993,2.4278993,0.0396949577154
-0.2660834,-0.2660834,0.0396949577154
-1.600483,-1.600483,0.0396949577154
2.465227,2.465227,0.0396949577154
-3.5232172,-3.5232172,0.0396949577154
2.4645693,2.4645693,0.0396949577154
2.4648205,2.4648205,0.0396949577154
2.4503309,2.4503309,0.0396949577154
2.4492797,2.4492797,0.0396949577154
1.3885115,1.3885115,0.0396949577154
2.4652638,2.4652638,0.0396949577154
3.409806,3.409806,0.0396949577154
20.9999952,10.0,0.0396949577154
20.7425632,10.0,0.0396949577154
20.636143,10.0,0.0396949577154
18.5347356,10.0,0.0396949577154
20.9999921,10.0,0.0396949577154
19.7257824,10.0,0.0396949577154
18.4978516,10.0,0.0396949577154
20.9626349,10.0,0.0396949577154
18.2686522,10.0,0.0396949577154
16.9342526,10.0,0.0396949577154
20.9999626,10.0,0.0396949577154
15.0115184,10.0,0.0396949577154
20.9993049,10.0,0.0396949577154
20.9995561,10.0,0.0396949577154
20.9850665,10.0,0.0396949577154
20.9840153,10.0,0.0396949577154
19.9232471,10.0,0.0396949577154
20.9999994,10.0,0.0396949577154
-17.5901861,-10.0,0.0396949577154
3.1000000007e-06,3.1000000007e-06,0.0396949577154
-0.2574289,-0.2574289,0.0396949577154
-0.3638491,-0.3638491,0.0396949577154
-2.4652565,-2.4652565,0.0396949577154
-20.9999921,-10.0,0.0396949577154
-1.2742097,-1.2742097,0.0396949577154
-2.5021405,-2.5021405,0.0396949577154
-0.0373572,-0.0373572,0.0396949577154
-2.7313399,-2.7313399,0.0396949577154
-4.0657395,-4.0657395,0.0396949577154
-2.95000000001e-05,-2.95000000001e-05,0.0396949577154
-5.9884737,-5.9884737,0.0396949577154
-0.000687200000002,-0.000687200000002,0.0396949577154
-0.000436000000001,-0.000436000000001,0.0396949577154
-0.0149256,-0.0149256,0.0396949577154
-0.0159768,-0.0159768,0.0396949577154
-1.076745,-1.076745,0.0396949577154
7.30000000004e-06,7.30000000004e-06,0.0396949577154
-16.3159764,-10.0,0.0396949577154
1.2742128,1.2742128,0.0396949577154
1.0167808,1.0167808,0.0396949577154
0.9103606,0.9103606,0.0396949577154
-1.1910468,-1.1910468,0.0396949577154
-19.7257824,-10.0,0.0396949577154
1.2742097,1.2742097,0.0396949577154
-1.2279308,-1.2279308,0.0396949577154
1.2368525,1.2368525,0.0396949577154
-1.4571302,-1.4571302,0.0396949577154
-2.7915298,-2.7915298,0.0396949577154
1.2741802,1.2741802,0.0396949577154
-4.714264,-4.714264,0.0396949577154
1.2735225,1.2735225,0.0396949577154
1.2737737,1.2737737,0.0396949577154
1.2592841,1.2592841,0.0396949577154
1.2582329,1.2582329,0.0396949577154
0.1974647,0.1974647,0.0396949577154
1.274217,1.274217,0.0396949577154
-15.0880456,-10.0,0.0396949577154
2.5021436,2.5021436,0.0396949577154
2.2447116,2.2447116,0.0396949577154
2.1382914,2.1382914,0.0396949577154
0.036884,0.036884,0.0396949577154
-18.4978516,-10.0,0.0396949577154
2.5021405,2.5021405,0.0396949577154
1.2279308,1.2279308,0.0396949577154
2.4647833,2.4647833,0.0396949577154
-0.2291994,-0.2291994,0.0396949577154
-1.563599,-1.563599,0.0396949577154
2.502111,2.502111,0.0396949577154
-3.4863332,-3.4863332,0.0396949577154
2.5014533,2.5014533,0.0396949577154
2.5017045,2.5017045,0.0396949577154
2.4872149,2.4872149,0.0396949577154
2.4861637,2.4861637,0.0396949577154
1.4253955,1.4253955,0.0396949577154
2.5021478,2.5021478,0.0396949577154
-17.5528289,-10.0,0.0396949577154
0.0373603,0.0373603,0.0396949577154
-0.2200717,-0.2200717,0.0396949577154
-0.3264919,-0.3264919,0.0396949577154
-2.4278993,-2.4278993,0.0396949577154
-20.9626349,-10.0,0.0396949577154
0.0373572,0.0373572,0.0396949577154
-1.2368525,-1.2368525,0.0396949577154
-2.4647833,-2.4647833,0.0396949577154
-2.6939827,-2.6939827,0.0396949577154
-4.0283823,-4.0283823,0.0396949577154
0.0373277,0.0373277,0.0396949577154
-5.9511165,-5.9511165,0.0396949577154
0.03667,0.03667,0.0396949577154
0.0369212,0.0369212,0.0396949577154
0.0224316,0.0224316,0.0396949577154
0.0213804,0.0213804,0.0396949577154
-1.0393878,-1.0393878,0.0396949577154
0.0373645,0.0373645,0.0396949577154
-14.8588462,-10.0,0.0396949577154
2.731343,2.731343,0.0396949577154
2.473911,2.473911,0.0396949577154
2.3674908,2.3674908,0.0396949577154
0.2660834,0.2660834,0.0396949577154
-18.2686522,-10.0,0.0396949577154
2.7313399,2.7313399,0.0396949577154
1.4571302,1.4571302,0.0396949577154
0.2291994,0.2291994,0.0396949577154
2.6939827,2.6939827,0.0396949577154
-1.3343996,-1.3343996,0.0396949577154
2.7313104,2.7313104,0.0396949577154
-3.2571338,-3.2571338,0.0396949577154
2.7306527,2.7306527,0.0396949577154
2.7309039,2.7309039,0.0396949577154
2.7164143,2.7164143,0.0396949577154
2.7153631,2.7153631,0.0396949577154
1.6545949,1.6545949,0.0396949577154
2.7313472,2.7313472,0.0396949577154
-13.5244466,-10.0,0.0396949577154
4.0657426,4.0657426,0.0396949577154
3.8083106,3.8083106,0.0396949577154
3.7018904,3.7018904,0.0396949577154
1.600483,1.600483,0.0396949577154
-16.9342526,-10.0,0.0396949577154
4.0657395,4.0657395,0.0396949577154
2.7915298,2.7915298,0.0396949577154
1.563599,1.563599,0.0396949577154
4.0283823,4.0283823,0.0396949577154
1.3343996,1.3343996,0.0396949577154
4.06571,4.06571,0.0396949577154
-1.9227342,-1.9227342,0.0396949577154
4.0650523,4.0650523,0.0396949577154
4.0653035,4.0653035,0.0396949577154
4.0508139,4.0508139,0.0396949577154
4.0497627,4.0497627,0.0396949577154
2.9889945,2.9889945,0.0396949577154
4.0657468,4.0657468,0.0396949577154
-17.5901566,-10.0,0.0396949577154
3.26000000008e-05,3.26000000008e-05,0.0396949577154
-0.2573994,-0.2573994,0.0396949577154
-0.3638196,-0.3638196,0.0396949577154
-2.465227,-2.465227,0.0396949577154
-20.9999626,-10.0,0.0396949577154
2.95000000001e-05,2.95000000001e-05,0.0396949577154
-1.2741802,-1.2741802,0.0396949577154
-2.502111,-2.502111,0.0396949577154
-0.0373277,-0.0373277,0.0396949577154
-2.7313104,-2.7313104,0.0396949577154
-4.06571,-4.06571,0.0396949577154
-5.9884442,-5.9884442,0.0396949577154
-0.000657700000001,-0.000657700000001,0.0396949577154
-0.0004065,-0.0004065,0.0396949577154
-0.0148961,-0.0148961,0.0396949577154
-0.0159473,-0.0159473,0.0396949577154
-1.0767155,-1.0767155,0.0396949577154
3.68000000002e-05,3.68000000002e-05,0.0396949577154
-11.6017124,-10.0,0.0396949577154
5.9884768,5.9884768,0.0396949577154
5.7310448,5.7310448,0.0396949577154
5.6246246,5.6246246,0.0396949577154
3.5232172,3.5232172,0.0396949577154
-15.0115184,-10.0,0.0396949577154
5.9884737,5.9884737,0.0396949577154
4.714264,4.714264,0.0396949577154
3.4863332,3.4863332,0.0396949577154
5.9511165,5.9511165,0.0396949577154
3.2571338,3.2571338,0.0396949577154
1.9227342,1.9227342,0.0396949577154
5.9884442,5.9884442,0.0396949577154
5.9877865,5.9877865,0.0396949577154
5.9880377,5.9880377,0.0396949577154
5.9735481,5.9735481,0.0396949577154
5.9724969,5.9724969,0.0396949577154
4.9117287,4.9117287,0.0396949577154
5.988481,5.988481,0.0396949577154
-17.5894989,-10.0,0.0396949577154
0.000690300000002,0.000690300000002,0.0396949577154
-0.2567417,-0.2567417,0.0396949577154
-0.3631619,-0.3631619,0.0396949577154
-2.4645693,-2.4645693,0.0396949577154
-20.9993049,-10.0,0.0396949577154
0.000687200000002,0.000687200000002,0.0396949577154
-1.2735225,-1.2735225,0.0396949577154
-2.5014533,-2.5014533,0.0396949577154
-0.03667,-0.03667,0.0396949577154
-2.7306527,-2.7306527,0.0396949577154
-4.0650523,-4.0650523,0.0396949577154
0.000657700000001,0.000657700000001,0.0396949577154
-5.9877865,-5.9877865,0.0396949577154
0.000251200000001,0.000251200000001,0.0396949577154
-0.0142384,-0.0142384,0.0396949577154
-0.0152896,-0.0152896,0.0396949577154
-1.0760578,-1.0760578,0.0396949577154
0.000694500000002,0.000694500000002,0.0396949577154
-17.5897501,-10.0,0.0396949577154
0.000439100000001,0.000439100000001,0.0396949577154
-0.2569929,-0.2569929,0.0396949577154
-0.3634131,-0.3634131,0.0396949577154
-2.4648205,-2.4648205,0.0396949577154
-20.9995561,-10.0,0.0396949577154
0.000436000000001,0.000436000000001,0.0396949577154
-1.2737737,-1.2737737,0.0396949577154
-2.5017045,-2.5017045,0.0396949577154
-0.0369212,-0.0369212,0.0396949577154
-2.7309039,-2.7309039,0.0396949577154
-4.0653035,-4.0653035,0.0396949577154
0.0004065,0.0004065,0.0396949577154
-5.9880377,-5.9880377,0.0396949577154
-0.000251200000001,-0.000251200000001,0.0396949577154
-0.0144896,-0.0144896,0.0396949577154
-0.0155408,-0.0155408,0.0396949577154
-1.076309,-1.076309,0.0396949577154
0.000443300000001,0.000443300000001,0.0396949577154
-17.5752605,-10.0,0.0396949577154
0.0149287,0.0149287,0.0396949577154
-0.2425033,-0.2425033,0.0396949577154
-0.3489235,-0.3489235,0.0396949577154
-2.4503309,-2.4503309,0.0396949577154
-20.9850665,-10.0,0.0396949577154
0.0149256,0.0149256,0.0396949577154
-1.2592841,-1.2592841,0.0396949577154
-2.4872149,-2.4872149,0.0396949577154
-0.0224316,-0.0224316,0.0396949577154
-2.7164143,-2.7164143,0.0396949577154
-4.0508139,-4.0508139,0.0396949577154
0.0148961,0.0148961,0.0396949577154
-5.9735481,-5.9735481,0.0396949577154
0.0142384,0.0142384,0.0396949577154
0.0144896,0.0144896,0.0396949577154
-0.0010512,-0.0010512,0.0396949577154
-1.0618194,-1.0618194,0.0396949577154
0.0149329,0.0149329,0.0396949577154
-17.5742093,-10.0,0.0396949577154
0.0159799,0.0159799,0.0396949577154
-0.2414521,-0.2414521,0.0396949577154
-0.3478723,-0.3478723,0.0396949577154
-2.4492797,-2.4492797,0.0396949577154
-20.9840153,-10.0,0.0396949577154
0.0159768,0.0159768,0.0396949577154
-1.2582329,-1.2582329,0.0396949577154
-2.4861637,-2.4861637,0.0396949577154
-0.0213804,-0.0213804,0.0396949577154
-2.7153631,-2.7153631,0.0396949577154
-4.0497627,-4.0497627,0.0396949577154
0.0159473,0.0159473,0.0396949577154
-5.9724969,-5.9724969,0.0396949577154
0.0152896,0.0152896,0.0396949577154
0.0155408,0.0155408,0.0396949577154
0.0010512,0.0010512,0.0396949577154
-1.0607682,-1.0607682,0.0396949577154
0.0159841,0.0159841,0.0396949577154
-16.5134411,-10.0,0.0396949577154
1.0767481,1.0767481,0.0396949577154
0.8193161,0.8193161,0.0396949577154
0.7128959,0.7128959,0.0396949577154
-1.3885115,-1.3885115,0.0396949577154
-19.9232471,-10.0,0.0396949577154
1.076745,1.076745,0.0396949577154
-0.1974647,-0.1974647,0.0396949577154
-1.4253955,-1.4253955,0.0396949577154
1.0393878,1.0393878,0.0396949577154
-1.6545949,-1.6545949,0.0396949577154
-2.9889945,-2.9889945,0.0396949577154
1.0767155,1.0767155,0.0396949577154
-4.9117287,-4.9117287,0.0396949577154
1.0760578,1.0760578,0.0396949577154
1.076309,1.076309,0.0396949577154
1.0618194,1.0618194,0.0396949577154
1.0607682,1.0607682,0.0396949577154
1.0767523,1.0767523,0.0396949577154
-17.5901934,-10.0,0.0396949577154
-4.19999999934e-06,-4.19999999934e-06,0.0396949577154
-0.2574362,-0.2574362,0.0396949577154
-0.3638564,-0.3638564,0.0396949577154
-2.4652638,-2.4652638,0.0396949577154
-20.9999994,-10.0,0.0396949577154
-7.30000000004e-06,-7.30000000004e-06,0.0396949577154
-1.274217,-1.274217,0.0396949577154
-2.5021478,-2.5021478,0.0396949577154
-0.0373645,-0.0373645,0.0396949577154
-2.7313472,-2.7313472,0.0396949577154
-4.0657468,-4.0657468,0.0396949577154
-3.68000000002e-05,-3.68000000002e-05,0.0396949577154
-5.988481,-5.988481,0.0396949577154
-0.000694500000002,-0.000694500000002,0.0396949577154
-0.000443300000001,-0.000443300000001,0.0396949577154
-0.0149329,-0.0149329,0.0396949577154
-0.0159841,-0.0159841,0.0396949577154
-1.0767523,-1.0767523,0.0396949577154
-0.1701439,-0.1701439,0.0448905394892
-0.0603905,-0.0603905,0.0448905394892
0.1451389,0.1451389,0.0448905394892
-20.2266835,-10.0,0.0448905394892
-20.8545513,-10.0,0.0448905394892
-0.1783147,-0.1783147,0.0448905394892
0.1084744,0.1084744,0.0448905394892
0.1454471,0.1454471,0.0448905394892
-0.4654434,-0.4654434,0.0448905394892
-4.5523964,-4.5523964,0.0448905394892
0.1454469,0.1454469,0.0448905394892
-3.0743377,-3.0743377,0.0448905394892
-0.9124555,-0.9124555,0.0448905394892
0.1392711,0.1392711,0.0448905394892
-15.8738981,-10.0,0.0448905394892
-0.1140898,-0.1140898,0.0448905394892
-17.304027,-10.0,0.0448905394892
0.1454473,0.1454473,0.0448905394892
-5.8944156,-5.8944156,0.0448905394892
0.1701439,0.1701439,0.0448905394892
0.1097534,0.1097534,0.0448905394892
0.3152828,0.3152828,0.0448905394892
-20.0565396,-10.0,0.0448905394892
-20.6844074,-10.0,0.0448905394892
-0.0081708,-0.0081708,0.0448905394892
0.2786183,0.2786183,0.0448905394892
0.315591,0.315591,0.0448905394892
-0.2952995,-0.2952995,0.0448905394892
-4.3822525,-4.3822525,0.0448905394892
0.3155908,0.3155908,0.0448905394892
-2.9041938,-2.9041938,0.0448905394892
-0.7423116,-0.7423116,0.0448905394892
0.309415,0.309415,0.0448905394892
-15.7037542,-10.0,0.0448905394892
0.0560541,0.0560541,0.0448905394892
-17.1338831,-10.0,0.0448905394892
0.3155912,0.3155912,0.0448905394892
-5.7242717,-5.7242717,0.0448905394892
0.0603905,0.0603905,0.0448905394892
-0.1097534,-0.1097534,0.0448905394892
0.2055294,0.2055294,0.0448905394892
-20.166293,-10.0,0.0448905394892
-20.7941608,-10.0,0.0448905394892
-0.1179242,-0.1179242,0.0448905394892
0.1688649,0.1688649,0.0448905394892
0.2058376,0.2058376,0.0448905394892
-0.4050529,-0.4050529,0.0448905394892
-4.4920059,-4.4920059,0.0448905394892
0.2058374,0.2058374,0.0448905394892
-3.0139472,-3.0139472,0.0448905394892
-0.852065,-0.852065,0.0448905394892
0.1996616,0.1996616,0.0448905394892
-15.8135076,-10.0,0.0448905394892
-0.0536993,-0.0536993,0.0448905394892
-17.2436365,-10.0,0.0448905394892
0.2058378,0.2058378,0.0448905394892
-5.8340251,-5.8340251,0.0448905394892
-0.1451389,-0.1451389,0.0448905394892
-0.3152828,-0.3152828,0.0448905394892
-0.2055294,-0.2055294,0.0448905394892
-20.3718224,-10.0,0.0448905394892
-20.9996902,-10.0,0.0448905394892
-0.3234536,-0.3234536,0.0448905394892
-0.0366645,-0.0366645,0.0448905394892
0.000308199999999,0.000308199999999,0.0448905394892
-0.6105823,-0.6105823,0.0448905394892
-4.6975353,-4.6975353,0.0448905394892
0.000308,0.000308,0.0448905394892
-3.2194766,-3.2194766,0.0448905394892
-1.0575944,-1.0575944,0.0448905394892
-0.0058678,-0.0058678,0.0448905394892
-16.019037,-10.0,0.0448905394892
-0.2592287,-0.2592287,0.0448905394892
-17.4491659,-10.0,0.0448905394892
0.000308400000002,0.000308400000002,0.0448905394892
-6.0395545,-6.0395545,0.0448905394892
20.2266835,10.0,0.0448905394892
20.0565396,10.0,0.0448905394892
20.166293,10.0,0.0448905394892
20.3718224,10.0,0.0448905394892
-0.6278678,-0.6278678,0.0448905394892
20.0483688,10.0,0.0448905394892
20.3351579,10.0,0.0448905394892
20.3721306,10.0,0.0448905394892
19.7612401,10.0,0.0448905394892
15.6742871,10.0,0.0448905394892
20.3721304,10.0,0.0448905394892
17.1523458,10.0,0.0448905394892
19.314228,10.0,0.0448905394892
20.3659546,10.0,0.0448905394892
4.3527854,4.3527854,0.0448905394892
20.1125937,10.0,0.0448905394892
2.9226565,2.9226565,0.0448905394892
20.3721308,10.0,0.0448905394892
14.3322679,10.0,0.0448905394892
20.8545513,10.0,0.0448905394892
20.6844074,10.0,0.0448905394892
20.7941608,10.0,0.0448905394892
20.9996902,10.0,0.0448905394892
0.6278678,0.6278678,0.0448905394892
20.6762366,10.0,0.0448905394892
20.9630257,10.0,0.0448905394892
20.9999984,10.0,0.0448905394892
20.3891079,10.0,0.0448905394892
16.3021549,10.0,0.0448905394892
20.9999982,10.0,0.0448905394892
17.7802136,10.0,0.0448905394892
19.9420958,10.0,0.0448905394892
20.9938224,10.0,0.0448905394892
4.9806532,4.9806532,0.0448905394892
20.7404615,10.0,0.0448905394892
3.5505243,3.5505243,0.0448905394892
20.9999986,10.0,0.0448905394892
14.9601357,10.0,0.0448905394892
0.1783147,0.1783147,0.0448905394892
0.0081708,0.0081708,0.0448905394892
0.1179242,0.1179242,0.0448905394892
0.3234536,0.3234536,0.0448905394892
-20.0483688,-10.0,0.0448905394892
-20.6762366,-10.0,0.0448905394892
0.2867891,0.2867891,0.0448905394892
0.3237618,0.3237618,0.0448905394892
-0.2871287,-0.2871287,0.0448905394892
-4.3740817,-4.3740817,0.0448905394892
0.3237616,0.3237616,0.0448905394892
-2.896023,-2.896023,0.0448905394892
-0.7341408,-0.7341408,0.0448905394892
0.3175858,0.3175858,0.0448905394892
-15.6955834,-10.0,0.0448905394892
0.0642249,0.0642249,0.0448905394892
-17.1257123,-10.0,0.0448905394892
0.323762,0.323762,0.0448905394892
-5.7161009,-5.7161009,0.0448905394892
-0.1084744,-0.1084744,0.0448905394892
-0.2786183,-0.2786183,0.0448905394892
-0.1688649,-0.1688649,0.0448905394892
0.0366645,0.0366645,0.0448905394892
-20.3351579,-10.0,0.0448905394892
-20.9630257,-10.0,0.0448905394892
-0.2867891,-0.2867891,0.0448905394892
0.0369727,0.0369727,0.0448905394892
-0.5739178,-0.5739178,0.0448905394892
-4.6608708,-4.6608708,0.0448905394892
0.0369725,0.0369725,0.0448905394892
-3.1828121,-3.1828121,0.0448905394892
-1.0209299,-1.0209299,0.0448905394892
0.0307967,0.0307967,0.0448905394892
-15.9823725,-10.0,0.0448905394892
-0.2225642,-0.2225642,0.0448905394892
-17.4125014,-10.0,0.0448905394892
0.0369729,0.0369729,0.0448905394892
-6.00289,-6.00289,0.0448905394892
-0.1454471,-0.1454471,0.0448905394892
-0.315591,-0.315591,0.0448905394892
-0.2058376,-0.2058376,0.0448905394892
-0.000308199999999,-0.000308199999999,0.0448905394892
-20.3721306,-10.0,0.0448905394892
-20.9999984,-10.0,0.0448905394892
-0.3237618,-0.3237618,0.0448905394892
-0.0369727,-0.0369727,0.0448905394892
-0.6108905,-0.6108905,0.0448905394892
-4.6978435,-4.6978435,0.0448905394892
-1.99999998785e-07,-1.99999998785e-07,0.0448905394892
-3.2197848,-3.2197848,0.0448905394892
-1.0579026,-1.0579026,0.0448905394892
-0.006176,-0.006176,0.0448905394892
-16.0193452,-10.0,0.0448905394892
-0.2595369,-0.2595369,0.0448905394892
-17.4494741,-10.0,0.0448905394892
2.00000002337e-07,2.00000002337e-07,0.0448905394892
-6.0398627,-6.0398627,0.0448905394892
0.4654434,0.4654434,0.0448905394892
0.2952995,0.2952995,0.0448905394892
0.4050529,0.4050529,0.0448905394892
0.6105823,0.6105823,0.0448905394892
-19.7612401,-10.0,0.0448905394892
-20.3891079,-10.0,0.0448905394892
0.2871287,0.2871287,0.0448905394892
0.5739178,0.5739178,0.0448905394892
0.6108905,0.6108905,0.0448905394892
-4.086953,-4.086953,0.0448905394892
0.6108903,0.6108903,0.0448905394892
-2.6088943,-2.6088943,0.0448905394892
-0.4470121,-0.4470121,0.0448905394892
0.6047145,0.6047145,0.0448905394892
-15.4084547,-10.0,0.0448905394892
0.3513536,0.3513536,0.0448905394892
-16.8385836,-10.0,0.0448905394892
0.6108907,0.6108907,0.0448905394892
-5.4289722,-5.4289722,0.0448905394892
4.5523964,4.5523964,0.0448905394892
4.3822525,4.3822525,0.0448905394892
4.4920059,4.4920059,0.0448905394892
4.6975353,4.6975353,0.0448905394892
-15.6742871,-10.0,0.0448905394892
-16.3021549,-10.0,0.0448905394892
4.3740817,4.3740817,0.0448905394892
4.6608708,4.6608708,0.0448905394892
4.6978435,4.6978435,0.0448905394892
4.086953,4.086953,0.0448905394892
4.6978433,4.6978433,0.0448905394892
1.4780587,1.4780587,0.0448905394892
3.6399409,3.6399409,0.0448905394892
4.6916675,4.6916675,0.0448905394892
-11.3215017,-10.0,0.0448905394892
4.4383066,4.4383066,0.0448905394892
-12.7516306,-10.0,0.0448905394892
4.6978437,4.6978437,0.0448905394892
-1.3420192,-1.3420192,0.0448905394892
-0.1454469,-0.1454469,0.0448905394892
-0.3155908,-0.3155908,0.0448905394892
-0.2058374,-0.2058374,0.0448905394892
-0.000308,-0.000308,0.0448905394892
-20.3721304,-10.0,0.0448905394892
-20.9999982,-10.0,0.0448905394892
-0.3237616,-0.3237616,0.0448905394892
-0.0369725,-0.0369725,0.0448905394892
1.99999998785e-07,1.99999998785e-07,0.0448905394892
-0.6108903,-0.6108903,0.0448905394892
-4.6978433,-4.6978433,0.0448905394892
-3.2197846,-3.2197846,0.0448905394892
-1.0579024,-1.0579024,0.0448905394892
-0.0061758,-0.0061758,0.0448905394892
-16.019345,-10.0,0.0448905394892
-0.2595367,-0.2595367,0.0448905394892
-17.4494739,-10.0,0.0448905394892
4.00000001122e-07,4.00000001122e-07,0.0448905394892
-6.0398625,-6.0398625,0.0448905394892
3.0743377,3.0743377,0.0448905394892
2.9041938,2.9041938,0.0448905394892
3.0139472,3.0139472,0.0448905394892
3.2194766,3.2194766,0.0448905394892
-17.1523458,-10.0,0.0448905394892
-17.7802136,-10.0,0.0448905394892
2.896023,2.896023,0.0448905394892
3.1828121,3.1828121,0.0448905394892
3.2197848,3.2197848,0.0448905394892
2.6088943,2.6088943,0.0448905394892
-1.4780587,-1.4780587,0.0448905394892
3.2197846,3.2197846,0.0448905394892
2.1618822,2.1618822,0.0448905394892
3.2136088,3.2136088,0.0448905394892
-12.7995604,-10.0,0.0448905394892
2.9602479,2.9602479,0.0448905394892
-14.2296893,-10.0,0.0448905394892
3.219785,3.219785,0.0448905394892
-2.8200779,-2.8200779,0.0448905394892
0.9124555,0.9124555,0.0448905394892
0.7423116,0.7423116,0.0448905394892
0.852065,0.852065,0.0448905394892
1.0575944,1.0575944,0.0448905394892
-19.314228,-10.0,0.0448905394892
-19.9420958,-10.0,0.0448905394892
0.7341408,0.7341408,0.0448905394892
1.0209299,1.0209299,0.0448905394892
1.0579026,1.0579026,0.0448905394892
0.4470121,0.4470121,0.0448905394892
-3.6399409,-3.6399409,0.0448905394892
1.0579024,1.0579024,0.0448905394892
-2.1618822,-2.1618822,0.0448905394892
1.0517266,1.0517266,0.0448905394892
-14.9614426,-10.0,0.0448905394892
0.7983657,0.7983657,0.0448905394892
-16.3915715,-10.0,0.0448905394892
1.0579028,1.0579028,0.0448905394892
-4.9819601,-4.9819601,0.0448905394892
-0.1392711,-0.1392711,0.0448905394892
-0.309415,-0.309415,0.0448905394892
-0.1996616,-0.1996616,0.0448905394892
0.0058678,0.0058678,0.0448905394892
-20.3659546,-10.0,0.0448905394892
-20.9938224,-10.0,0.0448905394892
-0.3175858,-0.3175858,0.0448905394892
-0.0307967,-0.0307967,0.0448905394892
0.006176,0.006176,0.0448905394892
-0.6047145,-0.6047145,0.0448905394892
-4.6916675,-4.6916675,0.0448905394892
0.0061758,0.0061758,0.0448905394892
-3.2136088,-3.2136088,0.0448905394892
-1.0517266,-1.0517266,0.0448905394892
-16.0131692,-10.0,0.0448905394892
-0.2533609,-0.2533609,0.0448905394892
-17.4432981,-10.0,0.0448905394892
0.0061762,0.0061762,0.0448905394892
-6.0336867,-6.0336867,0.0448905394892
15.8738981,10.0,0.0448905394892
15.7037542,10.0,0.0448905394892
15.8135076,10.0,0.0448905394892
16.019037,10.0,0.0448905394892
-4.3527854,-4.3527854,0.0448905394892
-4.9806532,-4.9806532,0.0448905394892
15.6955834,10.0,0.0448905394892
15.9823725,10.0,0.0448905394892
16.0193452,10.0,0.0448905394892
15.4084547,10.0,0.0448905394892
11.3215017,10.0,0.0448905394892
16.019345,10.0,0.0448905394892
12.7995604,10.0,0.0448905394892
14.9614426,10.0,0.0448905394892
16.0131692,10.0,0.0448905394892
15.7598083,10.0,0.0448905394892
-1.4301289,-1.4301289,0.0448905394892
16.0193454,10.0,0.0448905394892
9.9794825,9.9794825,0.0448905394892
0.1140898,0.1140898,0.0448905394892
-0.0560541,-0.0560541,0.0448905394892
0.0536993,0.0536993,0.0448905394892
0.2592287,0.2592287,0.0448905394892
-20.1125937,-10.0,0.0448905394892
-20.7404615,-10.0,0.0448905394892
-0.0642249,-0.0642249,0.0448905394892
0.2225642,0.2225642,0.0448905394892
0.2595369,0.2595369,0.0448905394892
-0.3513536,-0.3513536,0.0448905394892
-4.4383066,-4.4383066,0.0448905394892
0.2595367,0.2595367,0.0448905394892
-2.9602479,-2.9602479,0.0448905394892
-0.7983657,-0.7983657,0.0448905394892
0.2533609,0.2533609,0.0448905394892
-15.7598083,-10.0,0.0448905394892
-17.1899372,-10.0,0.0448905394892
0.2595371,0.2595371,0.0448905394892
-5.7803258,-5.7803258,0.0448905394892
17.304027,10.0,0.0448905394892
17.1338831,10.0,0.0448905394892
17.2436365,10.0,0.0448905394892
17.4491659,10.0,0.0448905394892
-2.9226565,-2.9226565,0.0448905394892
-3.5505243,-3.5505243,0.0448905394892
17.1257123,10.0,0.0448905394892
17.4125014,10.0,0.0448905394892
17.4494741,10.0,0.0448905394892
16.8385836,10.0,0.0448905394892
12.7516306,10.0,0.0448905394892
17.4494739,10.0,0.0448905394892
14.2296893,10.0,0.0448905394892
16.3915715,10.0,0.0448905394892
17.4432981,10.0,0.0448905394892
1.4301289,1.4301289,0.0448905394892
17.1899372,10.0,0.0448905394892
17.4494743,10.0,0.0448905394892
11.4096114,10.0,0.0448905394892
-0.1454473,-0.1454473,0.0448905394892
-0.3155912,-0.3155912,0.0448905394892
-0.2058378,-0.2058378,0.0448905394892
-0.000308400000002,-0.000308400000002,0.0448905394892
-20.3721308,-10.0,0.0448905394892
-20.9999986,-10.0,0.0448905394892
-0.323762,-0.323762,0.0448905394892
-0.0369729,-0.0369729,0.0448905394892
-2.00000002337e-07,-2.00000002337e-07,0.0448905394892
-0.6108907,-0.6108907,0.0448905394892
-4.6978437,-4.6978437,0.0448905394892
-4.00000001122e-07,-4.00000001122e-07,0.0448905394892
-3.219785,-3.219785,0.0448905394892
-1.0579028,-1.0579028,0.0448905394892
-0.0061762,-0.0061762,0.0448905394892
-16.0193454,-10.0,0.0448905394892
-0.2595371,-0.2595371,0.0448905394892
-17.4494743,-10.0,0.0448905394892
-6.0398629,-6.0398629,0.0448905394892
5.8944156,5.8944156,0.0448905394892
5.7242717,5.7242717,0.0448905394892
5.8340251,5.8340251,0.0448905394892
6.0395545,6.0395545,0.0448905394892
-14.3322679,-10.0,0.0448905394892
-14.9601357,-10.0,0.0448905394892
5.7161009,5.7161009,0.0448905394892
6.00289,6.00289,0.0448905394892
6.0398627,6.0398627,0.0448905394892
5.4289722,5.4289722,0.0448905394892
1.3420192,1.3420192,0.0448905394892
6.0398625,6.0398625,0.0448905394892
2.8200779,2.8200779,0.0448905394892
4.9819601,4.9819601,0.0448905394892
6.0336867,6.0336867,0.0448905394892
-9.9794825,-9.9794825,0.0448905394892
5.7803258,5.7803258,0.0448905394892
-11.4096114,-10.0,0.0448905394892
6.0398629,6.0398629,0.0448905394892
0.668736,0.668736,0.0555083634069
-6.6485493,-6.6485493,0.0555083634069
-0.5672128,-0.5672128,0.0555083634069
0.4784099,0.4784099,0.0555083634069
-2.7739691,-2.7739691,0.0555083634069
-3.010988,-3.010988,0.0555083634069
0.651217,0.651217,0.0555083634069
0.6616878,0.6616878,0.0555083634069
0.6737884,0.6737884,0.0555083634069
-2.6939116,-2.6939116,0.0555083634069
0.6738072,0.6738072,0.0555083634069
0.6738069,0.6738069,0.0555083634069
0.162075,0.162075,0.0555083634069
-0.4383008,-0.4383008,0.0555083634069
-20.3261909,-10.0,0.0555083634069
-17.489132,-10.0,0.0555083634069
-8.0235885,-8.0235885,0.0555083634069
-0.0172107,-0.0172107,0.0555083634069
0.6738057,0.6738057,0.0555083634069
-0.668736,-0.668736,0.0555083634069
-7.3172853,-7.3172853,0.0555083634069
-1.2359488,-1.2359488,0.0555083634069
-0.1903261,-0.1903261,0.0555083634069
-3.4427051,-3.4427051,0.0555083634069
-3.679724,-3.679724,0.0555083634069
-0.017519,-0.017519,0.0555083634069
-0.0070482,-0.0070482,0.0555083634069
0.0050524,0.0050524,0.0555083634069
-3.3626476,-3.3626476,0.0555083634069
0.0050712,0.0050712,0.0555083634069
0.0050709,0.0050709,0.0555083634069
-0.506661,-0.506661,0.0555083634069
-1.1070368,-1.1070368,0.0555083634069
-20.9949269,-10.0,0.0555083634069
-18.157868,-10.0,0.0555083634069
-8.6923245,-8.6923245,0.0555083634069
-0.6859467,-0.6859467,0.0555083634069
0.0050697,0.0050697,0.0555083634069
6.6485493,6.6485493,0.0555083634069
7.3172853,7.3172853,0.0555083634069
6.0813365,6.0813365,0.0555083634069
7.1269592,7.1269592,0.0555083634069
3.8745802,3.8745802,0.0555083634069
3.6375613,3.6375613,0.0555083634069
7.2997663,7.2997663,0.0555083634069
7.3102371,7.3102371,0.0555083634069
7.3223377,7.3223377,0.0555083634069
3.9546377,3.9546377,0.0555083634069
7.3223565,7.3223565,0.0555083634069
7.3223562,7.3223562,0.0555083634069
6.8106243,6.8106243,0.0555083634069
6.2102485,6.2102485,0.0555083634069
-13.6776416,-10.0,0.0555083634069
-10.8405827,-10.0,0.0555083634069
-1.3750392,-1.3750392,0.0555083634069
6.6313386,6.6313386,0.0555083634069
7.322355,7.322355,0.0555083634069
0.5672128,0.5672128,0.0555083634069
1.2359488,1.2359488,0.0555083634069
-6.0813365,-6.0813365,0.0555083634069
1.0456227,1.0456227,0.0555083634069
-2.2067563,-2.2067563,0.0555083634069
-2.4437752,-2.4437752,0.0555083634069
1.2184298,1.2184298,0.0555083634069
1.2289006,1.2289006,0.0555083634069
1.2410012,1.2410012,0.0555083634069
-2.1266988,-2.1266988,0.0555083634069
1.24102,1.24102,0.0555083634069
1.2410197,1.2410197,0.0555083634069
0.7292878,0.7292878,0.0555083634069
0.128912,0.128912,0.0555083634069
-19.7589781,-10.0,0.0555083634069
-16.9219192,-10.0,0.0555083634069
-7.4563757,-7.4563757,0.0555083634069
0.5500021,0.5500021,0.0555083634069
1.2410185,1.2410185,0.0555083634069
-0.4784099,-0.4784099,0.0555083634069
0.1903261,0.1903261,0.0555083634069
-7.1269592,-7.1269592,0.0555083634069
-1.0456227,-1.0456227,0.0555083634069
-3.252379,-3.252379,0.0555083634069
-3.4893979,-3.4893979,0.0555083634069
0.1728071,0.1728071,0.0555083634069
0.1832779,0.1832779,0.0555083634069
0.1953785,0.1953785,0.0555083634069
-3.1723215,-3.1723215,0.0555083634069
0.1953973,0.1953973,0.0555083634069
0.195397,0.195397,0.0555083634069
-0.3163349,-0.3163349,0.0555083634069
-0.9167107,-0.9167107,0.0555083634069
-20.8046008,-10.0,0.0555083634069
-17.9675419,-10.0,0.0555083634069
-8.5019984,-8.5019984,0.0555083634069
-0.4956206,-0.4956206,0.0555083634069
0.1953958,0.1953958,0.0555083634069
2.7739691,2.7739691,0.0555083634069
3.4427051,3.4427051,0.0555083634069
-3.8745802,-3.8745802,0.0555083634069
2.2067563,2.2067563,0.0555083634069
3.252379,3.252379,0.0555083634069
-0.2370189,-0.2370189,0.0555083634069
3.4251861,3.4251861,0.0555083634069
3.4356569,3.4356569,0.0555083634069
3.4477575,3.4477575,0.0555083634069
0.0800575,0.0800575,0.0555083634069
3.4477763,3.4477763,0.0555083634069
3.447776,3.447776,0.0555083634069
2.9360441,2.9360441,0.0555083634069
2.3356683,2.3356683,0.0555083634069
-17.5522218,-10.0,0.0555083634069
-14.7151629,-10.0,0.0555083634069
-5.2496194,-5.2496194,0.0555083634069
2.7567584,2.7567584,0.0555083634069
3.4477748,3.4477748,0.0555083634069
3.010988,3.010988,0.0555083634069
3.679724,3.679724,0.0555083634069
-3.6375613,-3.6375613,0.0555083634069
2.4437752,2.4437752,0.0555083634069
3.4893979,3.4893979,0.0555083634069
0.2370189,0.2370189,0.0555083634069
3.662205,3.662205,0.0555083634069
3.6726758,3.6726758,0.0555083634069
3.6847764,3.6847764,0.0555083634069
0.3170764,0.3170764,0.0555083634069
3.6847952,3.6847952,0.0555083634069
3.6847949,3.6847949,0.0555083634069
3.173063,3.173063,0.0555083634069
2.5726872,2.5726872,0.0555083634069
-17.3152029,-10.0,0.0555083634069
-14.478144,-10.0,0.0555083634069
-5.0126005,-5.0126005,0.0555083634069
2.9937773,2.9937773,0.0555083634069
3.6847937,3.6847937,0.0555083634069
-0.651217,-0.651217,0.0555083634069
0.017519,0.017519,0.0555083634069
-7.2997663,-7.2997663,0.0555083634069
-1.2184298,-1.2184298,0.0555083634069
-0.1728071,-0.1728071,0.0555083634069
-3.4251861,-3.4251861,0.0555083634069
-3.662205,-3.662205,0.0555083634069
0.0104708,0.0104708,0.0555083634069
0.0225714,0.0225714,0.0555083634069
-3.3451286,-3.3451286,0.0555083634069
0.0225902,0.0225902,0.0555083634069
0.0225899,0.0225899,0.0555083634069
-0.489142,-0.489142,0.0555083634069
-1.0895178,-1.0895178,0.0555083634069
-20.9774079,-10.0,0.0555083634069
-18.140349,-10.0,0.0555083634069
-8.6748055,-8.6748055,0.0555083634069
-0.6684277,-0.6684277,0.0555083634069
0.0225887,0.0225887,0.0555083634069
-0.6616878,-0.6616878,0.0555083634069
0.0070482,0.0070482,0.0555083634069
-7.3102371,-7.3102371,0.0555083634069
-1.2289006,-1.2289006,0.0555083634069
-0.1832779,-0.1832779,0.0555083634069
-3.4356569,-3.4356569,0.0555083634069
-3.6726758,-3.6726758,0.0555083634069
-0.0104708,-0.0104708,0.0555083634069
0.0121006,0.0121006,0.0555083634069
-3.3555994,-3.3555994,0.0555083634069
0.0121194,0.0121194,0.0555083634069
0.0121191,0.0121191,0.0555083634069
-0.4996128,-0.4996128,0.0555083634069
-1.0999886,-1.0999886,0.0555083634069
-20.9878787,-10.0,0.0555083634069
-18.1508198,-10.0,0.0555083634069
-8.6852763,-8.6852763,0.0555083634069
-0.6788985,-0.6788985,0.0555083634069
0.0121179,0.0121179,0.0555083634069
-0.6737884,-0.6737884,0.0555083634069
-0.0050524,-0.0050524,0.0555083634069
-7.3223377,-7.3223377,0.0555083634069
-1.2410012,-1.2410012,0.0555083634069
-0.1953785,-0.1953785,0.0555083634069
-3.4477575,-3.4477575,0.0555083634069
-3.6847764,-3.6847764,0.0555083634069
-0.0225714,-0.0225714,0.0555083634069
-0.0121006,-0.0121006,0.0555083634069
-3.3677,-3.3677,0.0555083634069
1.87999999994e-05,1.87999999994e-05,0.0555083634069
1.84999999995e-05,1.84999999995e-05,0.0555083634069
-0.5117134,-0.5117134,0.0555083634069
-1.1120892,-1.1120892,0.0555083634069
-20.9999793,-10.0,0.0555083634069
-18.1629204,-10.0,0.0555083634069
-8.6973769,-8.6973769,0.0555083634069
-0.6909991,-0.6909991,0.0555083634069
1.72999999997e-05,1.72999999997e-05,0.0555083634069
2.6939116,2.6939116,0.0555083634069
3.3626476,3.3626476,0.0555083634069
-3.9546377,-3.9546377,0.0555083634069
2.1266988,2.1266988,0.0555083634069
3.1723215,3.1723215,0.0555083634069
-0.0800575,-0.0800575,0.0555083634069
-0.3170764,-0.3170764,0.0555083634069
3.3451286,3.3451286,0.0555083634069
3.3555994,3.3555994,0.0555083634069
3.3677,3.3677,0.0555083634069
3.3677188,3.3677188,0.0555083634069
3.3677185,3.3677185,0.0555083634069
2.8559866,2.8559866,0.0555083634069
2.2556108,2.2556108,0.0555083634069
-17.6322793,-10.0,0.0555083634069
-14.7952204,-10.0,0.0555083634069
-5.3296769,-5.3296769,0.0555083634069
2.6767009,2.6767009,0.0555083634069
3.3677173,3.3677173,0.0555083634069
-0.6738072,-0.6738072,0.0555083634069
-0.0050712,-0.0050712,0.0555083634069
-7.3223565,-7.3223565,0.0555083634069
-1.24102,-1.24102,0.0555083634069
-0.1953973,-0.1953973,0.0555083634069
-3.4477763,-3.4477763,0.0555083634069
-3.6847952,-3.6847952,0.0555083634069
-0.0225902,-0.0225902,0.0555083634069
-0.0121194,-0.0121194,0.0555083634069
-1.87999999994e-05,-1.87999999994e-05,0.0555083634069
-3.3677188,-3.3677188,0.0555083634069
-2.99999999953e-07,-2.99999999953e-07,0.0555083634069
-0.5117322,-0.5117322,0.0555083634069
-1.112108,-1.112108,0.0555083634069
-20.9999981,-10.0,0.0555083634069
-18.1629392,-10.0,0.0555083634069
-8.6973957,-8.6973957,0.0555083634069
-0.6910179,-0.6910179,0.0555083634069
-1.49999999977e-06,-1.49999999977e-06,0.0555083634069
-0.6738069,-0.6738069,0.0555083634069
-0.0050709,-0.0050709,0.0555083634069
-7.3223562,-7.3223562,0.0555083634069
-1.2410197,-1.2410197,0.0555083634069
-0.195397,-0.195397,0.0555083634069
-3.447776,-3.447776,0.0555083634069
-3.6847949,-3.6847949,0.0555083634069
-0.0225899,-0.0225899,0.0555083634069
-0.0121191,-0.0121191,0.0555083634069
-1.84999999995e-05,-1.84999999995e-05,0.0555083634069
-3.3677185,-3.3677185,0.0555083634069
2.99999999953e-07,2.99999999953e-07,0.0555083634069
-0.5117319,-0.5117319,0.0555083634069
-1.1121077,-1.1121077,0.0555083634069
-20.9999978,-10.0,0.0555083634069
-18.1629389,-10.0,0.0555083634069
-8.6973954,-8.6973954,0.0555083634069
-0.6910176,-0.6910176,0.0555083634069
-1.19999999981e-06,-1.19999999981e-06,0.0555083634069
-0.162075,-0.162075,0.0555083634069
0.506661,0.506661,0.0555083634069
-6.8106243,-6.8106243,0.0555083634069
-0.7292878,-0.7292878,0.0555083634069
0.3163349,0.3163349,0.0555083634069
-2.9360441,-2.9360441,0.0555083634069
-3.173063,-3.173063,0.0555083634069
0.489142,0.489142,0.0555083634069
0.4996128,0.4996128,0.0555083634069
0.5117134,0.5117134,0.0555083634069
-2.8559866,-2.8559866,0.0555083634069
0.5117322,0.5117322,0.0555083634069
0.5117319,0.5117319,0.0555083634069
-0.6003758,-0.6003758,0.0555083634069
-20.4882659,-10.0,0.0555083634069
-17.651207,-10.0,0.0555083634069
-8.1856635,-8.1856635,0.0555083634069
-0.1792857,-0.1792857,0.0555083634069
0.5117307,0.5117307,0.0555083634069
0.4383008,0.4383008,0.0555083634069
1.1070368,1.1070368,0.0555083634069
-6.2102485,-6.2102485,0.0555083634069
-0.128912,-0.128912,0.0555083634069
0.9167107,0.9167107,0.0555083634069
-2.3356683,-2.3356683,0.0555083634069
-2.5726872,-2.5726872,0.0555083634069
1.0895178,1.0895178,0.0555083634069
1.0999886,1.0999886,0.0555083634069
1.1120892,1.1120892,0.0555083634069
-2.2556108,-2.2556108,0.0555083634069
1.112108,1.112108,0.0555083634069
1.1121077,1.1121077,0.0555083634069
0.6003758,0.6003758,0.0555083634069
-19.8878901,-10.0,0.0555083634069
-17.0508312,-10.0,0.0555083634069
-7.5852877,-7.5852877,0.0555083634069
0.4210901,0.4210901,0.0555083634069
1.1121065,1.1121065,0.0555083634069
20.3261909,10.0,0.0555083634069
20.9949269,10.0,0.0555083634069
13.6776416,10.0,0.0555083634069
19.7589781,10.0,0.0555083634069
20.8046008,10.0,0.0555083634069
17.5522218,10.0,0.0555083634069
17.3152029,10.0,0.0555083634069
20.9774079,10.0,0.0555083634069
20.9878787,10.0,0.0555083634069
20.9999793,10.0,0.0555083634069
17.6322793,10.0,0.0555083634069
20.9999981,10.0,0.0555083634069
20.9999978,10.0,0.0555083634069
20.4882659,10.0,0.0555083634069
19.8878901,10.0,0.0555083634069
2.8370589,2.8370589,0.0555083634069
12.3026024,10.0,0.0555083634069
20.3089802,10.0,0.0555083634069
20.9999966,10.0,0.0555083634069
17.489132,10.0,0.0555083634069
18.157868,10.0,0.0555083634069
10.8405827,10.0,0.0555083634069
16.9219192,10.0,0.0555083634069
17.9675419,10.0,0.0555083634069
14.7151629,10.0,0.0555083634069
14.478144,10.0,0.0555083634069
18.140349,10.0,0.0555083634069
18.1508198,10.0,0.0555083634069
18.1629204,10.0,0.0555083634069
14.7952204,10.0,0.0555083634069
18.1629392,10.0,0.0555083634069
18.1629389,10.0,0.0555083634069
17.651207,10.0,0.0555083634069
17.0508312,10.0,0.0555083634069
-2.8370589,-2.8370589,0.0555083634069
9.4655435,9.4655435,0.0555083634069
17.4719213,10.0,0.0555083634069
18.1629377,10.0,0.0555083634069
8.0235885,8.0235885,0.0555083634069
8.6923245,8.6923245,0.0555083634069
1.3750392,1.3750392,0.0555083634069
7.4563757,7.4563757,0.0555083634069
8.5019984,8.5019984,0.0555083634069
5.2496194,5.2496194,0.0555083634069
5.0126005,5.0126005,0.0555083634069
8.6748055,8.6748055,0.0555083634069
8.6852763,8.6852763,0.0555083634069
8.6973769,8.6973769,0.0555083634069
5.3296769,5.3296769,0.0555083634069
8.6973957,8.6973957,0.0555083634069
8.6973954,8.6973954,0.0555083634069
8.1856635,8.1856635,0.0555083634069
7.5852877,7.5852877,0.0555083634069
-12.3026024,-10.0,0.0555083634069
-9.4655435,-9.4655435,0.0555083634069
8.0063778,8.0063778,0.0555083634069
8.6973942,8.6973942,0.0555083634069
0.0172107,0.0172107,0.0555083634069
0.6859467,0.6859467,0.0555083634069
-6.6313386,-6.6313386,0.0555083634069
-0.5500021,-0.5500021,0.0555083634069
0.4956206,0.4956206,0.0555083634069
-2.7567584,-2.7567584,0.0555083634069
-2.9937773,-2.9937773,0.0555083634069
0.6684277,0.6684277,0.0555083634069
0.6788985,0.6788985,0.0555083634069
0.6909991,0.6909991,0.0555083634069
-2.6767009,-2.6767009,0.0555083634069
0.6910179,0.6910179,0.0555083634069
0.6910176,0.6910176,0.0555083634069
0.1792857,0.1792857,0.0555083634069
-0.4210901,-0.4210901,0.0555083634069
-20.3089802,-10.0,0.0555083634069
-17.4719213,-10.0,0.0555083634069
-8.0063778,-8.0063778,0.0555083634069
0.6910164,0.6910164,0.0555083634069
-0.6738057,-0.6738057,0.0555083634069
-0.0050697,-0.0050697,0.0555083634069
-7.322355,-7.322355,0.0555083634069
-1.2410185,-1.2410185,0.0555083634069
-0.1953958,-0.1953958,0.0555083634069
-3.4477748,-3.4477748,0.0555083634069
-3.6847937,-3.6847937,0.0555083634069
-0.0225887,-0.0225887,0.0555083634069
-0.0121179,-0.0121179,0.0555083634069
-1.72999999997e-05,-1.72999999997e-05,0.0555083634069
-3.3677173,-3.3677173,0.0555083634069
1.49999999977e-06,1.49999999977e-06,0.0555083634069
1.19999999981e-06,1.19999999981e-06,0.0555083634069
-0.5117307,-0.5117307,0.0555083634069
-1.1121065,-1.1121065,0.0555083634069
-20.9999966,-10.0,0.0555083634069
-18.1629377,-10.0,0.0555083634069
-8.6973942,-8.6973942,0.0555083634069
-0.6910164,-0.6910164,0.0555083634069
18.6798643,10.0,0.196743591906
20.3425673,10.0,0.196743591906
20.9999811,10.0,0.196743591906
7.778054,7.778054,0.196743591906
4.1095508,4.1095508,0.196743591906
17.6704423,10.0,0.196743591906
5.3591858,5.3591858,0.196743591906
14.7117717,10.0,0.196743591906
2.9972922,2.9972922,0.196743591906
3.584573,3.584573,0.196743591906
20.1537187,10.0,0.196743591906
7.8349113,7.8349113,0.196743591906
20.9999994,10.0,0.196743591906
20.9976609,10.0,0.196743591906
1.3875408,1.3875408,0.196743591906
19.9057603,10.0,0.196743591906
3.3022965,3.3022965,0.196743591906
20.4144336,10.0,0.196743591906
19.3958585,10.0,0.196743591906
-18.6798643,-10.0,0.196743591906
1.662703,1.662703,0.196743591906
2.3201168,2.3201168,0.196743591906
-10.9018103,-10.0,0.196743591906
-14.5703135,-10.0,0.196743591906
-1.009422,-1.009422,0.196743591906
-13.3206785,-10.0,0.196743591906
-3.9680926,-3.9680926,0.196743591906
-15.6825721,-10.0,0.196743591906
-15.0952913,-10.0,0.196743591906
1.4738544,1.4738544,0.196743591906
-10.844953,-10.0,0.196743591906
2.3201351,2.3201351,0.196743591906
2.3177966,2.3177966,0.196743591906
-17.2923235,-10.0,0.196743591906
1.225896,1.225896,0.196743591906
-15.3775678,-10.0,0.196743591906
1.7345693,1.7345693,0.196743591906
0.7159942,0.7159942,0.196743591906
-20.3425673,-10.0,0.196743591906
-1.662703,-1.662703,0.196743591906
0.6574138,0.6574138,0.196743591906
-12.5645133,-10.0,0.196743591906
-16.2330165,-10.0,0.196743591906
-2.672125,-2.672125,0.196743591906
-14.9833815,-10.0,0.196743591906
-5.6307956,-5.6307956,0.196743591906
-17.3452751,-10.0,0.196743591906
-16.7579943,-10.0,0.196743591906
-0.1888486,-0.1888486,0.196743591906
-12.507656,-10.0,0.196743591906
0.6574321,0.6574321,0.196743591906
0.6550936,0.6550936,0.196743591906
-18.9550265,-10.0,0.196743591906
-0.436807,-0.436807,0.196743591906
-17.0402708,-10.0,0.196743591906
0.0718663,0.0718663,0.196743591906
-0.9467088,-0.9467088,0.196743591906
-20.9999811,-10.0,0.196743591906
-2.3201168,-2.3201168,0.196743591906
-0.6574138,-0.6574138,0.196743591906
-13.2219271,-10.0,0.196743591906
-16.8904303,-10.0,0.196743591906
-3.3295388,-3.3295388,0.196743591906
-15.6407953,-10.0,0.196743591906
-6.2882094,-6.2882094,0.196743591906
-18.0026889,-10.0,0.196743591906
-17.4154081,-10.0,0.196743591906
-0.8462624,-0.8462624,0.196743591906
-13.1650698,-10.0,0.196743591906
1.83000000007e-05,1.83000000007e-05,0.196743591906
-0.0023202,-0.0023202,0.196743591906
-19.6124403,-10.0,0.196743591906
-1.0942208,-1.0942208,0.196743591906
-17.6976846,-10.0,0.196743591906
-0.5855475,-0.5855475,0.196743591906
-1.6041226,-1.6041226,0.196743591906
-7.778054,-7.778054,0.196743591906
10.9018103,10.0,0.196743591906
12.5645133,10.0,0.196743591906
13.2219271,10.0,0.196743591906
-3.6685032,-3.6685032,0.196743591906
9.8923883,9.8923883,0.196743591906
-2.4188682,-2.4188682,0.196743591906
6.9337177,6.9337177,0.196743591906
-4.7807618,-4.7807618,0.196743591906
-4.193481,-4.193481,0.196743591906
12.3756647,10.0,0.196743591906
0.0568573,0.0568573,0.196743591906
13.2219454,10.0,0.196743591906
13.2196069,10.0,0.196743591906
-6.3905132,-6.3905132,0.196743591906
12.1277063,10.0,0.196743591906
-4.4757575,-4.4757575,0.196743591906
12.6363796,10.0,0.196743591906
11.6178045,10.0,0.196743591906
-4.1095508,-4.1095508,0.196743591906
14.5703135,10.0,0.196743591906
16.2330165,10.0,0.196743591906
16.8904303,10.0,0.196743591906
3.6685032,3.6685032,0.196743591906
13.5608915,10.0,0.196743591906
1.249635,1.249635,0.196743591906
10.6022209,10.0,0.196743591906
-1.1122586,-1.1122586,0.196743591906
-0.5249778,-0.5249778,0.196743591906
16.0441679,10.0,0.196743591906
3.7253605,3.7253605,0.196743591906
16.8904486,10.0,0.196743591906
16.8881101,10.0,0.196743591906
-2.72201,-2.72201,0.196743591906
15.7962095,10.0,0.196743591906
-0.8072543,-0.8072543,0.196743591906
16.3048828,10.0,0.196743591906
15.2863077,10.0,0.196743591906
-17.6704423,-10.0,0.196743591906
1.009422,1.009422,0.196743591906
2.672125,2.672125,0.196743591906
3.3295388,3.3295388,0.196743591906
-9.8923883,-9.8923883,0.196743591906
-13.5608915,-10.0,0.196743591906
-12.3112565,-10.0,0.196743591906
-2.9586706,-2.9586706,0.196743591906
-14.6731501,-10.0,0.196743591906
-14.0858693,-10.0,0.196743591906
2.4832764,2.4832764,0.196743591906
-9.835531,-9.835531,0.196743591906
3.3295571,3.3295571,0.196743591906
3.3272186,3.3272186,0.196743591906
-16.2829015,-10.0,0.196743591906
2.235318,2.235318,0.196743591906
-14.3681458,-10.0,0.196743591906
2.7439913,2.7439913,0.196743591906
1.7254162,1.7254162,0.196743591906
-5.3591858,-5.3591858,0.196743591906
13.3206785,10.0,0.196743591906
14.9833815,10.0,0.196743591906
15.6407953,10.0,0.196743591906
2.4188682,2.4188682,0.196743591906
-1.249635,-1.249635,0.196743591906
12.3112565,10.0,0.196743591906
9.3525859,9.3525859,0.196743591906
-2.3618936,-2.3618936,0.196743591906
-1.7746128,-1.7746128,0.196743591906
14.7945329,10.0,0.196743591906
2.4757255,2.4757255,0.196743591906
15.6408136,10.0,0.196743591906
15.6384751,10.0,0.196743591906
-3.971645,-3.971645,0.196743591906
14.5465745,10.0,0.196743591906
-2.0568893,-2.0568893,0.196743591906
15.0552478,10.0,0.196743591906
14.0366727,10.0,0.196743591906
-14.7117717,-10.0,0.196743591906
3.9680926,3.9680926,0.196743591906
5.6307956,5.6307956,0.196743591906
6.2882094,6.2882094,0.196743591906
-6.9337177,-6.9337177,0.196743591906
-10.6022209,-10.0,0.196743591906
2.9586706,2.9586706,0.196743591906
-9.3525859,-9.3525859,0.196743591906
-11.7144795,-10.0,0.196743591906
-11.1271987,-10.0,0.196743591906
5.441947,5.441947,0.196743591906
-6.8768604,-6.8768604,0.196743591906
6.2882277,6.2882277,0.196743591906
6.2858892,6.2858892,0.196743591906
-13.3242309,-10.0,0.196743591906
5.1939886,5.1939886,0.196743591906
-11.4094752,-10.0,0.196743591906
5.7026619,5.7026619,0.196743591906
4.6840868,4.6840868,0.196743591906
-2.9972922,-2.9972922,0.196743591906
15.6825721,10.0,0.196743591906
17.3452751,10.0,0.196743591906
18.0026889,10.0,0.196743591906
4.7807618,4.7807618,0.196743591906
1.1122586,1.1122586,0.196743591906
14.6731501,10.0,0.196743591906
2.3618936,2.3618936,0.196743591906
11.7144795,10.0,0.196743591906
0.5872808,0.5872808,0.196743591906
17.1564265,10.0,0.196743591906
4.8376191,4.8376191,0.196743591906
18.0027072,10.0,0.196743591906
18.0003687,10.0,0.196743591906
-1.6097514,-1.6097514,0.196743591906
16.9084681,10.0,0.196743591906
0.3050043,0.3050043,0.196743591906
17.4171414,10.0,0.196743591906
16.3985663,10.0,0.196743591906
-3.584573,-3.584573,0.196743591906
15.0952913,10.0,0.196743591906
16.7579943,10.0,0.196743591906
17.4154081,10.0,0.196743591906
4.193481,4.193481,0.196743591906
0.5249778,0.5249778,0.196743591906
14.0858693,10.0,0.196743591906
1.7746128,1.7746128,0.196743591906
11.1271987,10.0,0.196743591906
-0.5872808,-0.5872808,0.196743591906
16.5691457,10.0,0.196743591906
4.2503383,4.2503383,0.196743591906
17.4154264,10.0,0.196743591906
17.4130879,10.0,0.196743591906
-2.1970322,-2.1970322,0.196743591906
16.3211873,10.0,0.196743591906
-0.2822765,-0.2822765,0.196743591906
16.8298606,10.0,0.196743591906
15.8112855,10.0,0.196743591906
-20.1537187,-10.0,0.196743591906
-1.4738544,-1.4738544,0.196743591906
0.1888486,0.1888486,0.196743591906
0.8462624,0.8462624,0.196743591906
-12.3756647,-10.0,0.196743591906
-16.0441679,-10.0,0.196743591906
-2.4832764,-2.4832764,0.196743591906
-14.7945329,-10.0,0.196743591906
-5.441947,-5.441947,0.196743591906
-17.1564265,-10.0,0.196743591906
-16.5691457,-10.0,0.196743591906
-12.3188074,-10.0,0.196743591906
0.8462807,0.8462807,0.196743591906
0.8439422,0.8439422,0.196743591906
-18.7661779,-10.0,0.196743591906
-0.2479584,-0.2479584,0.196743591906
-16.8514222,-10.0,0.196743591906
0.2607149,0.2607149,0.196743591906
-0.7578602,-0.7578602,0.196743591906
-7.8349113,-7.8349113,0.196743591906
10.844953,10.0,0.196743591906
12.507656,10.0,0.196743591906
13.1650698,10.0,0.196743591906
-0.0568573,-0.0568573,0.196743591906
-3.7253605,-3.7253605,0.196743591906
9.835531,9.835531,0.196743591906
-2.4757255,-2.4757255,0.196743591906
6.8768604,6.8768604,0.196743591906
-4.8376191,-4.8376191,0.196743591906
-4.2503383,-4.2503383,0.196743591906
12.3188074,10.0,0.196743591906
13.1650881,10.0,0.196743591906
13.1627496,10.0,0.196743591906
-6.4473705,-6.4473705,0.196743591906
12.070849,10.0,0.196743591906
-4.5326148,-4.5326148,0.196743591906
12.5795223,10.0,0.196743591906
11.5609472,10.0,0.196743591906
-20.9999994,-10.0,0.196743591906
-2.3201351,-2.3201351,0.196743591906
-0.6574321,-0.6574321,0.196743591906
-1.83000000007e-05,-1.83000000007e-05,0.196743591906
-13.2219454,-10.0,0.196743591906
-16.8904486,-10.0,0.196743591906
-3.3295571,-3.3295571,0.196743591906
-15.6408136,-10.0,0.196743591906
-6.2882277,-6.2882277,0.196743591906
-18.0027072,-10.0,0.196743591906
-17.4154264,-10.0,0.196743591906
-0.8462807,-0.8462807,0.196743591906
-13.1650881,-10.0,0.196743591906
-0.0023385,-0.0023385,0.196743591906
-19.6124586,-10.0,0.196743591906
-1.0942391,-1.0942391,0.196743591906
-17.6977029,-10.0,0.196743591906
-0.5855658,-0.5855658,0.196743591906
-1.6041409,-1.6041409,0.196743591906
-20.9976609,-10.0,0.196743591906
-2.3177966,-2.3177966,0.196743591906
-0.6550936,-0.6550936,0.196743591906
0.0023202,0.0023202,0.196743591906
-13.2196069,-10.0,0.196743591906
-16.8881101,-10.0,0.196743591906
-3.3272186,-3.3272186,0.196743591906
-15.6384751,-10.0,0.196743591906
-6.2858892,-6.2858892,0.196743591906
-18.0003687,-10.0,0.196743591906
-17.4130879,-10.0,0.196743591906
-0.8439422,-0.8439422,0.196743591906
-13.1627496,-10.0,0.196743591906
0.0023385,0.0023385,0.196743591906
-19.6101201,-10.0,0.196743591906
-1.0919006,-1.0919006,0.196743591906
-17.6953644,-10.0,0.196743591906
-0.5832273,-0.5832273,0.196743591906
-1.6018024,-1.6018024,0.196743591906
-1.3875408,-1.3875408,0.196743591906
17.2923235,10.0,0.196743591906
18.9550265,10.0,0.196743591906
19.6124403,10.0,0.196743591906
6.3905132,6.3905132,0.196743591906
2.72201,2.72201,0.196743591906
16.2829015,10.0,0.196743591906
3.971645,3.971645,0.196743591906
13.3242309,10.0,0.196743591906
1.6097514,1.6097514,0.196743591906
2.1970322,2.1970322,0.196743591906
18.7661779,10.0,0.196743591906
6.4473705,6.4473705,0.196743591906
19.6124586,10.0,0.196743591906
19.6101201,10.0,0.196743591906
18.5182195,10.0,0.196743591906
1.9147557,1.9147557,0.196743591906
19.0268928,10.0,0.196743591906
18.0083177,10.0,0.196743591906
-19.9057603,-10.0,0.196743591906
-1.225896,-1.225896,0.196743591906
0.436807,0.436807,0.196743591906
1.0942208,1.0942208,0.196743591906
-12.1277063,-10.0,0.196743591906
-15.7962095,-10.0,0.196743591906
-2.235318,-2.235318,0.196743591906
-14.5465745,-10.0,0.196743591906
-5.1939886,-5.1939886,0.196743591906
-16.9084681,-10.0,0.196743591906
-16.3211873,-10.0,0.196743591906
0.2479584,0.2479584,0.196743591906
-12.070849,-10.0,0.196743591906
1.0942391,1.0942391,0.196743591906
1.0919006,1.0919006,0.196743591906
-18.5182195,-10.0,0.196743591906
-16.6034638,-10.0,0.196743591906
0.5086733,0.5086733,0.196743591906
-0.5099018,-0.5099018,0.196743591906
-3.3022965,-3.3022965,0.196743591906
15.3775678,10.0,0.196743591906
17.0402708,10.0,0.196743591906
17.6976846,10.0,0.196743591906
4.4757575,4.4757575,0.196743591906
0.8072543,0.8072543,0.196743591906
14.3681458,10.0,0.196743591906
2.0568893,2.0568893,0.196743591906
11.4094752,10.0,0.196743591906
-0.3050043,-0.3050043,0.196743591906
0.2822765,0.2822765,0.196743591906
16.8514222,10.0,0.196743591906
4.5326148,4.5326148,0.196743591906
17.6977029,10.0,0.196743591906
17.6953644,10.0,0.196743591906
-1.9147557,-1.9147557,0.196743591906
16.6034638,10.0,0.196743591906
17.1121371,10.0,0.196743591906
16.093562,10.0,0.196743591906
-20.4144336,-10.0,0.196743591906
-1.7345693,-1.7345693,0.196743591906
-0.0718663,-0.0718663,0.196743591906
0.5855475,0.5855475,0.196743591906
-12.6363796,-10.0,0.196743591906
-16.3048828,-10.0,0.196743591906
-2.7439913,-2.7439913,0.196743591906
-15.0552478,-10.0,0.196743591906
-5.7026619,-5.7026619,0.196743591906
-17.4171414,-10.0,0.196743591906
-16.8298606,-10.0,0.196743591906
-0.2607149,-0.2607149,0.196743591906
-12.5795223,-10.0,0.196743591906
0.5855658,0.5855658,0.196743591906
0.5832273,0.5832273,0.196743591906
-19.0268928,-10.0,0.196743591906
-0.5086733,-0.5086733,0.196743591906
-17.1121371,-10.0,0.196743591906
-1.0185751,-1.0185751,0.196743591906
-19.3958585,-10.0,0.196743591906
-0.7159942,-0.7159942,0.196743591906
0.9467088,0.9467088,0.196743591906
1.6041226,1.6041226,0.196743591906
-11.6178045,-10.0,0.196743591906
-15.2863077,-10.0,0.196743591906
-1.7254162,-1.7254162,0.196743591906
-14.0366727,-10.0,0.196743591906
-4.6840868,-4.6840868,0.196743591906
-16.3985663,-10.0,0.196743591906
-15.8112855,-10.0,0.196743591906
0.7578602,0.7578602,0.196743591906
-11.5609472,-10.0,0.196743591906
1.6041409,1.6041409,0.196743591906
1.6018024,1.6018024,0.196743591906
-18.0083177,-10.0,0.196743591906
0.5099018,0.5099018,0.196743591906
-16.093562,-10.0,0.196743591906
1.0185751,1.0185751,0.196743591906
0.9852919,0.9852919,0.42272073224
1.0223874,1.0223874,0.42272073224
18.9583739,10.0,0.42272073224
18.7697299,10.0,0.42272073224
3.2873956,3.2873956,0.42272073224
20.2733996,10.0,0.42272073224
-1.4313578,-1.4313578,0.42272073224
2.860725,2.860725,0.42272073224
1.0192356,1.0192356,0.42272073224
21.2267468,10.0,0.42272073224
1.7188705,1.7188705,0.42272073224
21.0915332,10.0,0.42272073224
18.6620903,10.0,0.42272073224
2.6159827,2.6159827,0.42272073224
0.2267471,0.2267471,0.42272073224
1.4219225,1.4219225,0.42272073224
-1.3115143,-1.3115143,0.42272073224
20.7058518,10.0,0.42272073224
18.9751246,10.0,0.42272073224
-0.9852919,-0.9852919,0.42272073224
0.0370955,0.0370955,0.42272073224
17.973082,10.0,0.42272073224
17.784438,10.0,0.42272073224
2.3021037,2.3021037,0.42272073224
19.2881077,10.0,0.42272073224
-2.4166497,-2.4166497,0.42272073224
1.8754331,1.8754331,0.42272073224
0.0339437,0.0339437,0.42272073224
20.2414549,10.0,0.42272073224
0.7335786,0.7335786,0.42272073224
20.1062413,10.0,0.42272073224
17.6767984,10.0,0.42272073224
1.6306908,1.6306908,0.42272073224
-0.7585448,-0.7585448,0.42272073224
0.4366306,0.4366306,0.42272073224
-2.2968062,-2.2968062,0.42272073224
19.7205599,10.0,0.42272073224
17.9898327,10.0,0.42272073224
-1.0223874,-1.0223874,0.42272073224
-0.0370955,-0.0370955,0.42272073224
17.9359865,10.0,0.42272073224
17.7473425,10.0,0.42272073224
2.2650082,2.2650082,0.42272073224
19.2510122,10.0,0.42272073224
-2.4537452,-2.4537452,0.42272073224
1.8383376,1.8383376,0.42272073224
-0.0031518,-0.0031518,0.42272073224
20.2043594,10.0,0.42272073224
0.6964831,0.6964831,0.42272073224
20.0691458,10.0,0.42272073224
17.6397029,10.0,0.42272073224
1.5935953,1.5935953,0.42272073224
-0.7956403,-0.7956403,0.42272073224
0.3995351,0.3995351,0.42272073224
-2.3339017,-2.3339017,0.42272073224
19.6834644,10.0,0.42272073224
17.9527372,10.0,0.42272073224
-18.9583739,-10.0,0.42272073224
-17.973082,-10.0,0.42272073224
-17.9359865,-10.0,0.42272073224
-0.188644,-0.188644,0.42272073224
-15.6709783,-10.0,0.42272073224
1.3150257,1.3150257,0.42272073224
-20.3897317,-10.0,0.42272073224
-16.0976489,-10.0,0.42272073224
-17.9391383,-10.0,0.42272073224
2.2683729,2.2683729,0.42272073224
-17.2395034,-10.0,0.42272073224
2.1331593,2.1331593,0.42272073224
-0.2962836,-0.2962836,0.42272073224
-16.3423912,-10.0,0.42272073224
-18.7316268,-10.0,0.42272073224
-17.5364514,-10.0,0.42272073224
-20.2698882,-10.0,0.42272073224
1.7474779,1.7474779,0.42272073224
0.0167507,0.0167507,0.42272073224
-18.7697299,-10.0,0.42272073224
-17.784438,-10.0,0.42272073224
-17.7473425,-10.0,0.42272073224
0.188644,0.188644,0.42272073224
-15.4823343,-10.0,0.42272073224
1.5036697,1.5036697,0.42272073224
-20.2010877,-10.0,0.42272073224
-15.9090049,-10.0,0.42272073224
-17.7504943,-10.0,0.42272073224
2.4570169,2.4570169,0.42272073224
-17.0508594,-10.0,0.42272073224
2.3218033,2.3218033,0.42272073224
-0.1076396,-0.1076396,0.42272073224
-16.1537472,-10.0,0.42272073224
-18.5429828,-10.0,0.42272073224
-17.3478074,-10.0,0.42272073224
-20.0812442,-10.0,0.42272073224
1.9361219,1.9361219,0.42272073224
0.2053947,0.2053947,0.42272073224
-3.2873956,-3.2873956,0.42272073224
-2.3021037,-2.3021037,0.42272073224
-2.2650082,-2.2650082,0.42272073224
15.6709783,10.0,0.42272073224
15.4823343,10.0,0.42272073224
16.986004,10.0,0.42272073224
-4.7187534,-4.7187534,0.42272073224
-0.4266706,-0.4266706,0.42272073224
-2.26816,-2.26816,0.42272073224
17.9393512,10.0,0.42272073224
-1.5685251,-1.5685251,0.42272073224
17.8041376,10.0,0.42272073224
15.3746947,10.0,0.42272073224
-0.6714129,-0.6714129,0.42272073224
-3.0606485,-3.0606485,0.42272073224
-1.8654731,-1.8654731,0.42272073224
-4.5989099,-4.5989099,0.42272073224
17.4184562,10.0,0.42272073224
15.687729,10.0,0.42272073224
-20.2733996,-10.0,0.42272073224
-19.2881077,-10.0,0.42272073224
-19.2510122,-10.0,0.42272073224
-1.3150257,-1.3150257,0.42272073224
-1.5036697,-1.5036697,0.42272073224
-16.986004,-10.0,0.42272073224
-21.7047574,-10.0,0.42272073224
-17.4126746,-10.0,0.42272073224
-19.254164,-10.0,0.42272073224
0.9533472,0.9533472,0.42272073224
-18.5545291,-10.0,0.42272073224
0.8181336,0.8181336,0.42272073224
-1.6113093,-1.6113093,0.42272073224
-17.6574169,-10.0,0.42272073224
-20.0466525,-10.0,0.42272073224
-18.8514771,-10.0,0.42272073224
-21.5849139,-10.0,0.42272073224
0.4324522,0.4324522,0.42272073224
-1.298275,-1.298275,0.42272073224
1.4313578,1.4313578,0.42272073224
2.4166497,2.4166497,0.42272073224
2.4537452,2.4537452,0.42272073224
20.3897317,10.0,0.42272073224
20.2010877,10.0,0.42272073224
4.7187534,4.7187534,0.42272073224
21.7047574,10.0,0.42272073224
4.2920828,4.2920828,0.42272073224
2.4505934,2.4505934,0.42272073224
22.6581046,10.0,0.42272073224
3.1502283,3.1502283,0.42272073224
22.522891,10.0,0.42272073224
20.0934481,10.0,0.42272073224
4.0473405,4.0473405,0.42272073224
1.6581049,1.6581049,0.42272073224
2.8532803,2.8532803,0.42272073224
0.1198435,0.1198435,0.42272073224
22.1372096,10.0,0.42272073224
20.4064824,10.0,0.42272073224
-2.860725,-2.860725,0.42272073224
-1.8754331,-1.8754331,0.42272073224
-1.8383376,-1.8383376,0.42272073224
16.0976489,10.0,0.42272073224
15.9090049,10.0,0.42272073224
0.4266706,0.4266706,0.42272073224
17.4126746,10.0,0.42272073224
-4.2920828,-4.2920828,0.42272073224
-1.8414894,-1.8414894,0.42272073224
18.3660218,10.0,0.42272073224
-1.1418545,-1.1418545,0.42272073224
18.2308082,10.0,0.42272073224
15.8013653,10.0,0.42272073224
-0.2447423,-0.2447423,0.42272073224
-2.6339779,-2.6339779,0.42272073224
-1.4388025,-1.4388025,0.42272073224
-4.1722393,-4.1722393,0.42272073224
17.8451268,10.0,0.42272073224
16.1143996,10.0,0.42272073224
-1.0192356,-1.0192356,0.42272073224
-0.0339437,-0.0339437,0.42272073224
0.0031518,0.0031518,0.42272073224
17.9391383,10.0,0.42272073224
17.7504943,10.0,0.42272073224
2.26816,2.26816,0.42272073224
19.254164,10.0,0.42272073224
-2.4505934,-2.4505934,0.42272073224
1.8414894,1.8414894,0.42272073224
20.2075112,10.0,0.42272073224
0.6996349,0.6996349,0.42272073224
20.0722976,10.0,0.42272073224
17.6428547,10.0,0.42272073224
1.5967471,1.5967471,0.42272073224
-0.7924885,-0.7924885,0.42272073224
0.4026869,0.4026869,0.42272073224
-2.3307499,-2.3307499,0.42272073224
19.6866162,10.0,0.42272073224
17.955889,10.0,0.42272073224
-21.2267468,-10.0,0.42272073224
-20.2414549,-10.0,0.42272073224
-20.2043594,-10.0,0.42272073224
-2.2683729,-2.2683729,0.42272073224
-2.4570169,-2.4570169,0.42272073224
-17.9393512,-10.0,0.42272073224
-0.9533472,-0.9533472,0.42272073224
-22.6581046,-10.0,0.42272073224
-18.3660218,-10.0,0.42272073224
-20.2075112,-10.0,0.42272073224
-19.5078763,-10.0,0.42272073224
-0.1352136,-0.1352136,0.42272073224
-2.5646565,-2.5646565,0.42272073224
-18.6107641,-10.0,0.42272073224
-20.9999997,-10.0,0.42272073224
-19.8048243,-10.0,0.42272073224
-22.5382611,-10.0,0.42272073224
-0.520895,-0.520895,0.42272073224
-2.2516222,-2.2516222,0.42272073224
-1.7188705,-1.7188705,0.42272073224
-0.7335786,-0.7335786,0.42272073224
-0.6964831,-0.6964831,0.42272073224
17.2395034,10.0,0.42272073224
17.0508594,10.0,0.42272073224
1.5685251,1.5685251,0.42272073224
18.5545291,10.0,0.42272073224
-3.1502283,-3.1502283,0.42272073224
1.1418545,1.1418545,0.42272073224
-0.6996349,-0.6996349,0.42272073224
19.5078763,10.0,0.42272073224
19.3726627,10.0,0.42272073224
16.9432198,10.0,0.42272073224
0.8971122,0.8971122,0.42272073224
-1.4921234,-1.4921234,0.42272073224
-0.296948,-0.296948,0.42272073224
-3.0303848,-3.0303848,0.42272073224
18.9869813,10.0,0.42272073224
17.2562541,10.0,0.42272073224
-21.0915332,-10.0,0.42272073224
-20.1062413,-10.0,0.42272073224
-20.0691458,-10.0,0.42272073224
-2.1331593,-2.1331593,0.42272073224
-2.3218033,-2.3218033,0.42272073224
-17.8041376,-10.0,0.42272073224
-0.8181336,-0.8181336,0.42272073224
-22.522891,-10.0,0.42272073224
-18.2308082,-10.0,0.42272073224
-20.0722976,-10.0,0.42272073224
0.1352136,0.1352136,0.42272073224
-19.3726627,-10.0,0.42272073224
-2.4294429,-2.4294429,0.42272073224
-18.4755505,-10.0,0.42272073224
-20.8647861,-10.0,0.42272073224
-19.6696107,-10.0,0.42272073224
-22.4030475,-10.0,0.42272073224
-0.3856814,-0.3856814,0.42272073224
-2.1164086,-2.1164086,0.42272073224
-18.6620903,-10.0,0.42272073224
-17.6767984,-10.0,0.42272073224
-17.6397029,-10.0,0.42272073224
0.2962836,0.2962836,0.42272073224
0.1076396,0.1076396,0.42272073224
-15.3746947,-10.0,0.42272073224
1.6113093,1.6113093,0.42272073224
-20.0934481,-10.0,0.42272073224
-15.8013653,-10.0,0.42272073224
-17.6428547,-10.0,0.42272073224
2.5646565,2.5646565,0.42272073224
-16.9432198,-10.0,0.42272073224
2.4294429,2.4294429,0.42272073224
-16.0461076,-10.0,0.42272073224
-18.4353432,-10.0,0.42272073224
-17.2401678,-10.0,0.42272073224
-19.9736046,-10.0,0.42272073224
2.0437615,2.0437615,0.42272073224
0.3130343,0.3130343,0.42272073224
-2.6159827,-2.6159827,0.42272073224
-1.6306908,-1.6306908,0.42272073224
-1.5935953,-1.5935953,0.42272073224
16.3423912,10.0,0.42272073224
16.1537472,10.0,0.42272073224
0.6714129,0.6714129,0.42272073224
17.6574169,10.0,0.42272073224
-4.0473405,-4.0473405,0.42272073224
0.2447423,0.2447423,0.42272073224
-1.5967471,-1.5967471,0.42272073224
18.6107641,10.0,0.42272073224
-0.8971122,-0.8971122,0.42272073224
18.4755505,10.0,0.42272073224
16.0461076,10.0,0.42272073224
-2.3892356,-2.3892356,0.42272073224
-1.1940602,-1.1940602,0.42272073224
-3.927497,-3.927497,0.42272073224
18.0898691,10.0,0.42272073224
16.3591419,10.0,0.42272073224
-0.2267471,-0.2267471,0.42272073224
0.7585448,0.7585448,0.42272073224
0.7956403,0.7956403,0.42272073224
18.7316268,10.0,0.42272073224
18.5429828,10.0,0.42272073224
3.0606485,3.0606485,0.42272073224
20.0466525,10.0,0.42272073224
-1.6581049,-1.6581049,0.42272073224
2.6339779,2.6339779,0.42272073224
0.7924885,0.7924885,0.42272073224
20.9999997,10.0,0.42272073224
1.4921234,1.4921234,0.42272073224
20.8647861,10.0,0.42272073224
18.4353432,10.0,0.42272073224
2.3892356,2.3892356,0.42272073224
1.1951754,1.1951754,0.42272073224
-1.5382614,-1.5382614,0.42272073224
20.4791047,10.0,0.42272073224
18.7483775,10.0,0.42272073224
-1.4219225,-1.4219225,0.42272073224
-0.4366306,-0.4366306,0.42272073224
-0.3995351,-0.3995351,0.42272073224
17.5364514,10.0,0.42272073224
17.3478074,10.0,0.42272073224
1.8654731,1.8654731,0.42272073224
18.8514771,10.0,0.42272073224
-2.8532803,-2.8532803,0.42272073224
1.4388025,1.4388025,0.42272073224
-0.4026869,-0.4026869,0.42272073224
19.8048243,10.0,0.42272073224
0.296948,0.296948,0.42272073224
19.6696107,10.0,0.42272073224
17.2401678,10.0,0.42272073224
1.1940602,1.1940602,0.42272073224
-1.1951754,-1.1951754,0.42272073224
-2.7334368,-2.7334368,0.42272073224
19.2839293,10.0,0.42272073224
17.5532021,10.0,0.42272073224
1.3115143,1.3115143,0.42272073224
2.2968062,2.2968062,0.42272073224
2.3339017,2.3339017,0.42272073224
20.2698882,10.0,0.42272073224
20.0812442,10.0,0.42272073224
4.5989099,4.5989099,0.42272073224
21.5849139,10.0,0.42272073224
-0.1198435,-0.1198435,0.42272073224
4.1722393,4.1722393,0.42272073224
2.3307499,2.3307499,0.42272073224
22.5382611,10.0,0.42272073224
3.0303848,3.0303848,0.42272073224
22.4030475,10.0,0.42272073224
19.9736046,10.0,0.42272073224
3.927497,3.927497,0.42272073224
1.5382614,1.5382614,0.42272073224
2.7334368,2.7334368,0.42272073224
22.0173661,10.0,0.42272073224
20.2866389,10.0,0.42272073224
-20.7058518,-10.0,0.42272073224
-19.7205599,-10.0,0.42272073224
-19.6834644,-10.0,0.42272073224
-1.7474779,-1.7474779,0.42272073224
-1.9361219,-1.9361219,0.42272073224
-17.4184562,-10.0,0.42272073224
-0.4324522,-0.4324522,0.42272073224
-22.1372096,-10.0,0.42272073224
-17.8451268,-10.0,0.42272073224
-19.6866162,-10.0,0.42272073224
0.520895,0.520895,0.42272073224
-18.9869813,-10.0,0.42272073224
0.3856814,0.3856814,0.42272073224
-2.0437615,-2.0437615,0.42272073224
-18.0898691,-10.0,0.42272073224
-20.4791047,-10.0,0.42272073224
-19.2839293,-10.0,0.42272073224
-22.0173661,-10.0,0.42272073224
-1.7307272,-1.7307272,0.42272073224
-18.9751246,-10.0,0.42272073224
-17.9898327,-10.0,0.42272073224
-17.9527372,-10.0,0.42272073224
-0.0167507,-0.0167507,0.42272073224
-0.2053947,-0.2053947,0.42272073224
-15.687729,-10.0,0.42272073224
1.298275,1.298275,0.42272073224
-20.4064824,-10.0,0.42272073224
-16.1143996,-10.0,0.42272073224
-17.955889,-10.0,0.42272073224
2.2516222,2.2516222,0.42272073224
-17.2562541,-10.0,0.42272073224
2.1164086,2.1164086,0.42272073224
-0.3130343,-0.3130343,0.42272073224
-16.3591419,-10.0,0.42272073224
-18.7483775,-10.0,0.42272073224
-17.5532021,-10.0,0.42272073224
-20.2866389,-10.0,0.42272073224
1.7307272,1.7307272,0.42272073224
17.0127716,10.0,0.198145418273
1.2998471,1.2998471,0.198145418273
2.8682194,2.8682194,0.198145418273
18.1828838,10.0,0.198145418273
8.7231635,8.7231635,0.198145418273
2.278462,2.278462,0.198145418273
7.1740689,7.1740689,0.198145418273
20.4773691,10.0,0.198145418273
2.2324832,2.2324832,0.198145418273
-0.5054451,-0.5054451,0.198145418273
20.9999998,10.0,0.198145418273
6.2400254,6.2400254,0.198145418273
18.3077626,10.0,0.198145418273
20.3858245,10.0,0.198145418273
3.9327034,3.9327034,0.198145418273
4.6862636,4.6862636,0.198145418273
3.6431692,3.6431692,0.198145418273
20.0967112,10.0,0.198145418273
3.9954427,3.9954427,0.198145418273
-17.0127716,-10.0,0.198145418273
-15.7129245,-10.0,0.198145418273
-14.1445522,-10.0,0.198145418273
1.1701122,1.1701122,0.198145418273
-8.2896081,-8.2896081,0.198145418273
-14.7343096,-10.0,0.198145418273
-9.8387027,-9.8387027,0.198145418273
3.4645975,3.4645975,0.198145418273
-14.7802884,-10.0,0.198145418273
-17.5182167,-10.0,0.198145418273
3.9872282,3.9872282,0.198145418273
-10.7727462,-10.0,0.198145418273
1.294991,1.294991,0.198145418273
3.3730529,3.3730529,0.198145418273
-13.0800682,-10.0,0.198145418273
-12.326508,-10.0,0.198145418273
-13.3696024,-10.0,0.198145418273
3.0839396,3.0839396,0.198145418273
-13.0173289,-10.0,0.198145418273
-1.2998471,-1.2998471,0.198145418273
15.7129245,10.0,0.198145418273
1.5683723,1.5683723,0.198145418273
16.8830367,10.0,0.198145418273
7.4233164,7.4233164,0.198145418273
0.9786149,0.9786149,0.198145418273
5.8742218,5.8742218,0.198145418273
19.177522,10.0,0.198145418273
0.9326361,0.9326361,0.198145418273
-1.8052922,-1.8052922,0.198145418273
19.7001527,10.0,0.198145418273
4.9401783,4.9401783,0.198145418273
17.0079155,10.0,0.198145418273
19.0859774,10.0,0.198145418273
2.6328563,2.6328563,0.198145418273
3.3864165,3.3864165,0.198145418273
2.3433221,2.3433221,0.198145418273
18.7968641,10.0,0.198145418273
2.6955956,2.6955956,0.198145418273
-2.8682194,-2.8682194,0.198145418273
14.1445522,10.0,0.198145418273
-1.5683723,-1.5683723,0.198145418273
15.3146644,10.0,0.198145418273
5.8549441,5.8549441,0.198145418273
-0.5897574,-0.5897574,0.198145418273
4.3058495,4.3058495,0.198145418273
17.6091497,10.0,0.198145418273
-0.6357362,-0.6357362,0.198145418273
-3.3736645,-3.3736645,0.198145418273
18.1317804,10.0,0.198145418273
3.371806,3.371806,0.198145418273
15.4395432,10.0,0.198145418273
17.5176051,10.0,0.198145418273
1.064484,1.064484,0.198145418273
1.8180442,1.8180442,0.198145418273
0.7749498,0.7749498,0.198145418273
17.2284918,10.0,0.198145418273
1.1272233,1.1272233,0.198145418273
-18.1828838,-10.0,0.198145418273
-1.1701122,-1.1701122,0.198145418273
-16.8830367,-10.0,0.198145418273
-15.3146644,-10.0,0.198145418273
-9.4597203,-9.4597203,0.198145418273
-15.9044218,-10.0,0.198145418273
-11.0088149,-10.0,0.198145418273
2.2944853,2.2944853,0.198145418273
-15.9504006,-10.0,0.198145418273
-18.6883289,-10.0,0.198145418273
2.817116,2.817116,0.198145418273
-11.9428584,-10.0,0.198145418273
0.1248788,0.1248788,0.198145418273
2.2029407,2.2029407,0.198145418273
-14.2501804,-10.0,0.198145418273
-13.4966202,-10.0,0.198145418273
-14.5397146,-10.0,0.198145418273
1.9138274,1.9138274,0.198145418273
-14.1874411,-10.0,0.198145418273
-8.7231635,-8.7231635,0.198145418273
8.2896081,8.2896081,0.198145418273
-7.4233164,-7.4233164,0.198145418273
-5.8549441,-5.8549441,0.198145418273
9.4597203,9.4597203,0.198145418273
-6.4447015,-6.4447015,0.198145418273
-1.5490946,-1.5490946,0.198145418273
11.7542056,10.0,0.198145418273
-6.4906803,-6.4906803,0.198145418273
-9.2286086,-9.2286086,0.198145418273
12.2768363,10.0,0.198145418273
-2.4831381,-2.4831381,0.198145418273
9.5845991,9.5845991,0.198145418273
11.662661,10.0,0.198145418273
-4.7904601,-4.7904601,0.198145418273
-4.0368999,-4.0368999,0.198145418273
-5.0799943,-5.0799943,0.198145418273
11.3735477,10.0,0.198145418273
-4.7277208,-4.7277208,0.198145418273
-2.278462,-2.278462,0.198145418273
14.7343096,10.0,0.198145418273
-0.9786149,-0.9786149,0.198145418273
0.5897574,0.5897574,0.198145418273
15.9044218,10.0,0.198145418273
6.4447015,6.4447015,0.198145418273
4.8956069,4.8956069,0.198145418273
18.1989071,10.0,0.198145418273
-0.0459788,-0.0459788,0.198145418273
-2.7839071,-2.7839071,0.198145418273
18.7215378,10.0,0.198145418273
3.9615634,3.9615634,0.198145418273
16.0293006,10.0,0.198145418273
18.1073625,10.0,0.198145418273
1.6542414,1.6542414,0.198145418273
2.4078016,2.4078016,0.198145418273
1.3647072,1.3647072,0.198145418273
17.8182492,10.0,0.198145418273
1.7169807,1.7169807,0.198145418273
-7.1740689,-7.1740689,0.198145418273
9.8387027,9.8387027,0.198145418273
-5.8742218,-5.8742218,0.198145418273
-4.3058495,-4.3058495,0.198145418273
11.0088149,10.0,0.198145418273
1.5490946,1.5490946,0.198145418273
-4.8956069,-4.8956069,0.198145418273
13.3033002,10.0,0.198145418273
-4.9415857,-4.9415857,0.198145418273
-7.679514,-7.679514,0.198145418273
13.8259309,10.0,0.198145418273
-0.9340435,-0.9340435,0.198145418273
11.1336937,10.0,0.198145418273
13.2117556,10.0,0.198145418273
-3.2413655,-3.2413655,0.198145418273
-2.4878053,-2.4878053,0.198145418273
-3.5308997,-3.5308997,0.198145418273
12.9226423,10.0,0.198145418273
-3.1786262,-3.1786262,0.198145418273
-20.4773691,-10.0,0.198145418273
-3.4645975,-3.4645975,0.198145418273
-19.177522,-10.0,0.198145418273
-17.6091497,-10.0,0.198145418273
-2.2944853,-2.2944853,0.198145418273
-11.7542056,-10.0,0.198145418273
-18.1989071,-10.0,0.198145418273
-13.3033002,-10.0,0.198145418273
-18.2448859,-10.0,0.198145418273
-20.9828142,-10.0,0.198145418273
0.5226307,0.5226307,0.198145418273
-14.2373437,-10.0,0.198145418273
-2.1696065,-2.1696065,0.198145418273
-0.0915446,-0.0915446,0.198145418273
-16.5446657,-10.0,0.198145418273
-15.7911055,-10.0,0.198145418273
-16.8341999,-10.0,0.198145418273
-0.3806579,-0.3806579,0.198145418273
-16.4819264,-10.0,0.198145418273
-2.2324832,-2.2324832,0.198145418273
14.7802884,10.0,0.198145418273
-0.9326361,-0.9326361,0.198145418273
0.6357362,0.6357362,0.198145418273
15.9504006,10.0,0.198145418273
6.4906803,6.4906803,0.198145418273
0.0459788,0.0459788,0.198145418273
4.9415857,4.9415857,0.198145418273
18.2448859,10.0,0.198145418273
-2.7379283,-2.7379283,0.198145418273
18.7675166,10.0,0.198145418273
4.0075422,4.0075422,0.198145418273
16.0752794,10.0,0.198145418273
18.1533413,10.0,0.198145418273
1.7002202,1.7002202,0.198145418273
2.4537804,2.4537804,0.198145418273
1.410686,1.410686,0.198145418273
17.864228,10.0,0.198145418273
1.7629595,1.7629595,0.198145418273
0.5054451,0.5054451,0.198145418273
17.5182167,10.0,0.198145418273
1.8052922,1.8052922,0.198145418273
3.3736645,3.3736645,0.198145418273
18.6883289,10.0,0.198145418273
9.2286086,9.2286086,0.198145418273
2.7839071,2.7839071,0.198145418273
7.679514,7.679514,0.198145418273
20.9828142,10.0,0.198145418273
2.7379283,2.7379283,0.198145418273
21.5054449,10.0,0.198145418273
6.7454705,6.7454705,0.198145418273
18.8132077,10.0,0.198145418273
20.8912696,10.0,0.198145418273
4.4381485,4.4381485,0.198145418273
5.1917087,5.1917087,0.198145418273
4.1486143,4.1486143,0.198145418273
20.6021563,10.0,0.198145418273
4.5008878,4.5008878,0.198145418273
-20.9999998,-10.0,0.198145418273
-3.9872282,-3.9872282,0.198145418273
-19.7001527,-10.0,0.198145418273
-18.1317804,-10.0,0.198145418273
-2.817116,-2.817116,0.198145418273
-12.2768363,-10.0,0.198145418273
-18.7215378,-10.0,0.198145418273
-13.8259309,-10.0,0.198145418273
-0.5226307,-0.5226307,0.198145418273
-18.7675166,-10.0,0.198145418273
-21.5054449,-10.0,0.198145418273
-14.7599744,-10.0,0.198145418273
-2.6922372,-2.6922372,0.198145418273
-0.6141753,-0.6141753,0.198145418273
-17.0672964,-10.0,0.198145418273
-16.3137362,-10.0,0.198145418273
-17.3568306,-10.0,0.198145418273
-0.9032886,-0.9032886,0.198145418273
-17.0045571,-10.0,0.198145418273
-6.2400254,-6.2400254,0.198145418273
10.7727462,10.0,0.198145418273
-4.9401783,-4.9401783,0.198145418273
-3.371806,-3.371806,0.198145418273
11.9428584,10.0,0.198145418273
2.4831381,2.4831381,0.198145418273
-3.9615634,-3.9615634,0.198145418273
0.9340435,0.9340435,0.198145418273
14.2373437,10.0,0.198145418273
-4.0075422,-4.0075422,0.198145418273
-6.7454705,-6.7454705,0.198145418273
14.7599744,10.0,0.198145418273
12.0677372,10.0,0.198145418273
14.1457991,10.0,0.198145418273
-2.307322,-2.307322,0.198145418273
-1.5537618,-1.5537618,0.198145418273
-2.5968562,-2.5968562,0.198145418273
13.8566858,10.0,0.198145418273
-2.2445827,-2.2445827,0.198145418273
-18.3077626,-10.0,0.198145418273
-1.294991,-1.294991,0.198145418273
-17.0079155,-10.0,0.198145418273
-15.4395432,-10.0,0.198145418273
-0.1248788,-0.1248788,0.198145418273
-9.5845991,-9.5845991,0.198145418273
-16.0293006,-10.0,0.198145418273
-11.1336937,-10.0,0.198145418273
2.1696065,2.1696065,0.198145418273
-16.0752794,-10.0,0.198145418273
-18.8132077,-10.0,0.198145418273
2.6922372,2.6922372,0.198145418273
-12.0677372,-10.0,0.198145418273
2.0780619,2.0780619,0.198145418273
-14.3750592,-10.0,0.198145418273
-13.621499,-10.0,0.198145418273
-14.6645934,-10.0,0.198145418273
1.7889486,1.7889486,0.198145418273
-14.3123199,-10.0,0.198145418273
-20.3858245,-10.0,0.198145418273
-3.3730529,-3.3730529,0.198145418273
-19.0859774,-10.0,0.198145418273
-17.5176051,-10.0,0.198145418273
-2.2029407,-2.2029407,0.198145418273
-11.662661,-10.0,0.198145418273
-18.1073625,-10.0,0.198145418273
-13.2117556,-10.0,0.198145418273
0.0915446,0.0915446,0.198145418273
-18.1533413,-10.0,0.198145418273
-20.8912696,-10.0,0.198145418273
0.6141753,0.6141753,0.198145418273
-14.1457991,-10.0,0.198145418273
-2.0780619,-2.0780619,0.198145418273
-16.4531211,-10.0,0.198145418273
-15.6995609,-10.0,0.198145418273
-16.7426553,-10.0,0.198145418273
-0.2891133,-0.2891133,0.198145418273
-16.3903818,-10.0,0.198145418273
-3.9327034,-3.9327034,0.198145418273
13.0800682,10.0,0.198145418273
-2.6328563,-2.6328563,0.198145418273
-1.064484,-1.064484,0.198145418273
14.2501804,10.0,0.198145418273
4.7904601,4.7904601,0.198145418273
-1.6542414,-1.6542414,0.198145418273
3.2413655,3.2413655,0.198145418273
16.5446657,10.0,0.198145418273
-1.7002202,-1.7002202,0.198145418273
-4.4381485,-4.4381485,0.198145418273
17.0672964,10.0,0.198145418273
2.307322,2.307322,0.198145418273
14.3750592,10.0,0.198145418273
16.4531211,10.0,0.198145418273
0.7535602,0.7535602,0.198145418273
-0.2895342,-0.2895342,0.198145418273
16.1640078,10.0,0.198145418273
0.0627393,0.0627393,0.198145418273
-4.6862636,-4.6862636,0.198145418273
12.326508,10.0,0.198145418273
-3.3864165,-3.3864165,0.198145418273
-1.8180442,-1.8180442,0.198145418273
13.4966202,10.0,0.198145418273
4.0368999,4.0368999,0.198145418273
-2.4078016,-2.4078016,0.198145418273
2.4878053,2.4878053,0.198145418273
15.7911055,10.0,0.198145418273
-2.4537804,-2.4537804,0.198145418273
-5.1917087,-5.1917087,0.198145418273
16.3137362,10.0,0.198145418273
1.5537618,1.5537618,0.198145418273
13.621499,10.0,0.198145418273
15.6995609,10.0,0.198145418273
-0.7535602,-0.7535602,0.198145418273
-1.0430944,-1.0430944,0.198145418273
15.4104476,10.0,0.198145418273
-0.6908209,-0.6908209,0.198145418273
-3.6431692,-3.6431692,0.198145418273
13.3696024,10.0,0.198145418273
-2.3433221,-2.3433221,0.198145418273
-0.7749498,-0.7749498,0.198145418273
14.5397146,10.0,0.198145418273
5.0799943,5.0799943,0.198145418273
-1.3647072,-1.3647072,0.198145418273
3.5308997,3.5308997,0.198145418273
16.8341999,10.0,0.198145418273
-1.410686,-1.410686,0.198145418273
-4.1486143,-4.1486143,0.198145418273
17.3568306,10.0,0.198145418273
2.5968562,2.5968562,0.198145418273
14.6645934,10.0,0.198145418273
16.7426553,10.0,0.198145418273
0.2895342,0.2895342,0.198145418273
1.0430944,1.0430944,0.198145418273
16.453542,10.0,0.198145418273
0.3522735,0.3522735,0.198145418273
-20.0967112,-10.0,0.198145418273
-3.0839396,-3.0839396,0.198145418273
-18.7968641,-10.0,0.198145418273
-17.2284918,-10.0,0.198145418273
-1.9138274,-1.9138274,0.198145418273
-11.3735477,-10.0,0.198145418273
-17.8182492,-10.0,0.198145418273
-12.9226423,-10.0,0.198145418273
0.3806579,0.3806579,0.198145418273
-17.864228,-10.0,0.198145418273
-20.6021563,-10.0,0.198145418273
0.9032886,0.9032886,0.198145418273
-13.8566858,-10.0,0.198145418273
-1.7889486,-1.7889486,0.198145418273
0.2891133,0.2891133,0.198145418273
-16.1640078,-10.0,0.198145418273
-15.4104476,-10.0,0.198145418273
-16.453542,-10.0,0.198145418273
-16.1012685,-10.0,0.198145418273
-3.9954427,-3.9954427,0.198145418273
13.0173289,10.0,0.198145418273
-2.6955956,-2.6955956,0.198145418273
-1.1272233,-1.1272233,0.198145418273
14.1874411,10.0,0.198145418273
4.7277208,4.7277208,0.198145418273
-1.7169807,-1.7169807,0.198145418273
3.1786262,3.1786262,0.198145418273
16.4819264,10.0,0.198145418273
-1.7629595,-1.7629595,0.198145418273
-4.5008878,-4.5008878,0.198145418273
17.0045571,10.0,0.198145418273
2.2445827,2.2445827,0.198145418273
14.3123199,10.0,0.198145418273
16.3903818,10.0,0.198145418273
-0.0627393,-0.0627393,0.198145418273
0.6908209,0.6908209,0.198145418273
-0.3522735,-0.3522735,0.198145418273
16.1012685,10.0,0.198145418273
20.9999915,10.0,0.197992902709
20.8928154,10.0,0.197992902709
20.9116354,10.0,0.197992902709
20.829142,10.0,0.197992902709
20.9999997,10.0,0.197992902709
19.3446931,10.0,0.197992902709
19.0023909,10.0,0.197992902709
20.8975993,10.0,0.197992902709
18.3872674,10.0,0.197992902709
19.4206843,10.0,0.197992902709
19.5217197,10.0,0.197992902709
20.8727485,10.0,0.197992902709
20.3690778,10.0,0.197992902709
19.7827366,10.0,0.197992902709
3.710384,3.710384,0.197992902709
0.4700291,0.4700291,0.197992902709
19.3360853,10.0,0.197992902709
20.9999988,10.0,0.197992902709
17.9234546,10.0,0.197992902709
-20.9999915,-10.0,0.197992902709
-0.1071761,-0.1071761,0.197992902709
-0.0883561,-0.0883561,0.197992902709
-0.1708495,-0.1708495,0.197992902709
8.1999999999e-06,8.1999999999e-06,0.197992902709
-1.6552984,-1.6552984,0.197992902709
-1.9976006,-1.9976006,0.197992902709
-0.1023922,-0.1023922,0.197992902709
-2.6127241,-2.6127241,0.197992902709
-1.5793072,-1.5793072,0.197992902709
-1.4782718,-1.4782718,0.197992902709
-0.127243,-0.127243,0.197992902709
-0.6309137,-0.6309137,0.197992902709
-1.2172549,-1.2172549,0.197992902709
-17.2896075,-10.0,0.197992902709
-20.5299624,-10.0,0.197992902709
-1.6639062,-1.6639062,0.197992902709
7.30000000004e-06,7.30000000004e-06,0.197992902709
-3.0765369,-3.0765369,0.197992902709
-20.8928154,-10.0,0.197992902709
0.1071761,0.1071761,0.197992902709
0.01882,0.01882,0.197992902709
-0.0636734,-0.0636734,0.197992902709
0.1071843,0.1071843,0.197992902709
-1.5481223,-1.5481223,0.197992902709
-1.8904245,-1.8904245,0.197992902709
0.0047839,0.0047839,0.197992902709
-2.505548,-2.505548,0.197992902709
-1.4721311,-1.4721311,0.197992902709
-1.3710957,-1.3710957,0.197992902709
-0.0200669,-0.0200669,0.197992902709
-0.5237376,-0.5237376,0.197992902709
-1.1100788,-1.1100788,0.197992902709
-17.1824314,-10.0,0.197992902709
-20.4227863,-10.0,0.197992902709
-1.5567301,-1.5567301,0.197992902709
0.1071834,0.1071834,0.197992902709
-2.9693608,-2.9693608,0.197992902709
-20.9116354,-10.0,0.197992902709
0.0883561,0.0883561,0.197992902709
-0.01882,-0.01882,0.197992902709
-0.0824934,-0.0824934,0.197992902709
0.0883643,0.0883643,0.197992902709
-1.5669423,-1.5669423,0.197992902709
-1.9092445,-1.9092445,0.197992902709
-0.0140361,-0.0140361,0.197992902709
-2.524368,-2.524368,0.197992902709
-1.4909511,-1.4909511,0.197992902709
-1.3899157,-1.3899157,0.197992902709
-0.0388869,-0.0388869,0.197992902709
-0.5425576,-0.5425576,0.197992902709
-1.1288988,-1.1288988,0.197992902709
-17.2012514,-10.0,0.197992902709
-20.4416063,-10.0,0.197992902709
-1.5755501,-1.5755501,0.197992902709
0.0883634,0.0883634,0.197992902709
-2.9881808,-2.9881808,0.197992902709
-20.829142,-10.0,0.197992902709
0.1708495,0.1708495,0.197992902709
0.0636734,0.0636734,0.197992902709
0.0824934,0.0824934,0.197992902709
0.1708577,0.1708577,0.197992902709
-1.4844489,-1.4844489,0.197992902709
-1.8267511,-1.8267511,0.197992902709
0.0684573,0.0684573,0.197992902709
-2.4418746,-2.4418746,0.197992902709
-1.4084577,-1.4084577,0.197992902709
-1.3074223,-1.3074223,0.197992902709
0.0436065,0.0436065,0.197992902709
-0.4600642,-0.4600642,0.197992902709
-1.0464054,-1.0464054,0.197992902709
-17.118758,-10.0,0.197992902709
-20.3591129,-10.0,0.197992902709
-1.4930567,-1.4930567,0.197992902709
0.1708568,0.1708568,0.197992902709
-2.9056874,-2.9056874,0.197992902709
-20.9999997,-10.0,0.197992902709
-8.1999999999e-06,-8.1999999999e-06,0.197992902709
-0.1071843,-0.1071843,0.197992902709
-0.0883643,-0.0883643,0.197992902709
-0.1708577,-0.1708577,0.197992902709
-1.6553066,-1.6553066,0.197992902709
-1.9976088,-1.9976088,0.197992902709
-0.1024004,-0.1024004,0.197992902709
-2.6127323,-2.6127323,0.197992902709
-1.5793154,-1.5793154,0.197992902709
-1.47828,-1.47828,0.197992902709
-0.1272512,-0.1272512,0.197992902709
-0.6309219,-0.6309219,0.197992902709
-1.2172631,-1.2172631,0.197992902709
-17.2896157,-10.0,0.197992902709
-20.5299706,-10.0,0.197992902709
-1.6639144,-1.6639144,0.197992902709
-8.99999999859e-07,-8.99999999859e-07,0.197992902709
-3.0765451,-3.0765451,0.197992902709
-19.3446931,-10.0,0.197992902709
1.6552984,1.6552984,0.197992902709
1.5481223,1.5481223,0.197992902709
1.5669423,1.5669423,0.197992902709
1.4844489,1.4844489,0.197992902709
1.6553066,1.6553066,0.197992902709
-0.3423022,-0.3423022,0.197992902709
1.5529062,1.5529062,0.197992902709
-0.9574257,-0.9574257,0.197992902709
0.0759912,0.0759912,0.197992902709
0.1770266,0.1770266,0.197992902709
1.5280554,1.5280554,0.197992902709
1.0243847,1.0243847,0.197992902709
0.4380435,0.4380435,0.197992902709
-15.6343091,-10.0,0.197992902709
-18.874664,-10.0,0.197992902709
-0.0086078,-0.0086078,0.197992902709
1.6553057,1.6553057,0.197992902709
-1.4212385,-1.4212385,0.197992902709
-19.0023909,-10.0,0.197992902709
1.9976006,1.9976006,0.197992902709
1.8904245,1.8904245,0.197992902709
1.9092445,1.9092445,0.197992902709
1.8267511,1.8267511,0.197992902709
1.9976088,1.9976088,0.197992902709
0.3423022,0.3423022,0.197992902709
1.8952084,1.8952084,0.197992902709
-0.6151235,-0.6151235,0.197992902709
0.4182934,0.4182934,0.197992902709
0.5193288,0.5193288,0.197992902709
1.8703576,1.8703576,0.197992902709
1.3666869,1.3666869,0.197992902709
0.7803457,0.7803457,0.197992902709
-15.2920069,-10.0,0.197992902709
-18.5323618,-10.0,0.197992902709
0.3336944,0.3336944,0.197992902709
1.9976079,1.9976079,0.197992902709
-1.0789363,-1.0789363,0.197992902709
-20.8975993,-10.0,0.197992902709
0.1023922,0.1023922,0.197992902709
-0.0047839,-0.0047839,0.197992902709
0.0140361,0.0140361,0.197992902709
-0.0684573,-0.0684573,0.197992902709
0.1024004,0.1024004,0.197992902709
-1.5529062,-1.5529062,0.197992902709
-1.8952084,-1.8952084,0.197992902709
-2.5103319,-2.5103319,0.197992902709
-1.476915,-1.476915,0.197992902709
-1.3758796,-1.3758796,0.197992902709
-0.0248508,-0.0248508,0.197992902709
-0.5285215,-0.5285215,0.197992902709
-1.1148627,-1.1148627,0.197992902709
-17.1872153,-10.0,0.197992902709
-20.4275702,-10.0,0.197992902709
-1.561514,-1.561514,0.197992902709
0.1023995,0.1023995,0.197992902709
-2.9741447,-2.9741447,0.197992902709
-18.3872674,-10.0,0.197992902709
2.6127241,2.6127241,0.197992902709
2.505548,2.505548,0.197992902709
2.524368,2.524368,0.197992902709
2.4418746,2.4418746,0.197992902709
2.6127323,2.6127323,0.197992902709
0.9574257,0.9574257,0.197992902709
0.6151235,0.6151235,0.197992902709
2.5103319,2.5103319,0.197992902709
1.0334169,1.0334169,0.197992902709
1.1344523,1.1344523,0.197992902709
2.4854811,2.4854811,0.197992902709
1.9818104,1.9818104,0.197992902709
1.3954692,1.3954692,0.197992902709
-14.6768834,-10.0,0.197992902709
-17.9172383,-10.0,0.197992902709
0.9488179,0.9488179,0.197992902709
2.6127314,2.6127314,0.197992902709
-0.4638128,-0.4638128,0.197992902709
-19.4206843,-10.0,0.197992902709
1.5793072,1.5793072,0.197992902709
1.4721311,1.4721311,0.197992902709
1.4909511,1.4909511,0.197992902709
1.4084577,1.4084577,0.197992902709
1.5793154,1.5793154,0.197992902709
-0.0759912,-0.0759912,0.197992902709
-0.4182934,-0.4182934,0.197992902709
1.476915,1.476915,0.197992902709
-1.0334169,-1.0334169,0.197992902709
0.1010354,0.1010354,0.197992902709
1.4520642,1.4520642,0.197992902709
0.9483935,0.9483935,0.197992902709
0.3620523,0.3620523,0.197992902709
-15.7103003,-10.0,0.197992902709
-18.9506552,-10.0,0.197992902709
-0.084599,-0.084599,0.197992902709
1.5793145,1.5793145,0.197992902709
-1.4972297,-1.4972297,0.197992902709
-19.5217197,-10.0,0.197992902709
1.4782718,1.4782718,0.197992902709
1.3710957,1.3710957,0.197992902709
1.3899157,1.3899157,0.197992902709
1.3074223,1.3074223,0.197992902709
1.47828,1.47828,0.197992902709
-0.1770266,-0.1770266,0.197992902709
-0.5193288,-0.5193288,0.197992902709
1.3758796,1.3758796,0.197992902709
-1.1344523,-1.1344523,0.197992902709
-0.1010354,-0.1010354,0.197992902709
1.3510288,1.3510288,0.197992902709
0.8473581,0.8473581,0.197992902709
0.2610169,0.2610169,0.197992902709
-15.8113357,-10.0,0.197992902709
-19.0516906,-10.0,0.197992902709
-0.1856344,-0.1856344,0.197992902709
1.4782791,1.4782791,0.197992902709
-1.5982651,-1.5982651,0.197992902709
-20.8727485,-10.0,0.197992902709
0.127243,0.127243,0.197992902709
0.0200669,0.0200669,0.197992902709
0.0388869,0.0388869,0.197992902709
-0.0436065,-0.0436065,0.197992902709
0.1272512,0.1272512,0.197992902709
-1.5280554,-1.5280554,0.197992902709
-1.8703576,-1.8703576,0.197992902709
0.0248508,0.0248508,0.197992902709
-2.4854811,-2.4854811,0.197992902709
-1.4520642,-1.4520642,0.197992902709
-1.3510288,-1.3510288,0.197992902709
-0.5036707,-0.5036707,0.197992902709
-1.0900119,-1.0900119,0.197992902709
-17.1623645,-10.0,0.197992902709
-20.4027194,-10.0,0.197992902709
-1.5366632,-1.5366632,0.197992902709
0.1272503,0.1272503,0.197992902709
-2.9492939,-2.9492939,0.197992902709
-20.3690778,-10.0,0.197992902709
0.6309137,0.6309137,0.197992902709
0.5237376,0.5237376,0.197992902709
0.5425576,0.5425576,0.197992902709
0.4600642,0.4600642,0.197992902709
0.6309219,0.6309219,0.197992902709
-1.0243847,-1.0243847,0.197992902709
-1.3666869,-1.3666869,0.197992902709
0.5285215,0.5285215,0.197992902709
-1.9818104,-1.9818104,0.197992902709
-0.9483935,-0.9483935,0.197992902709
-0.8473581,-0.8473581,0.197992902709
0.5036707,0.5036707,0.197992902709
-0.5863412,-0.5863412,0.197992902709
-16.6586938,-10.0,0.197992902709
-19.8990487,-10.0,0.197992902709
-1.0329925,-1.0329925,0.197992902709
0.630921,0.630921,0.197992902709
-2.4456232,-2.4456232,0.197992902709
-19.7827366,-10.0,0.197992902709
1.2172549,1.2172549,0.197992902709
1.1100788,1.1100788,0.197992902709
1.1288988,1.1288988,0.197992902709
1.0464054,1.0464054,0.197992902709
1.2172631,1.2172631,0.197992902709
-0.4380435,-0.4380435,0.197992902709
-0.7803457,-0.7803457,0.197992902709
1.1148627,1.1148627,0.197992902709
-1.3954692,-1.3954692,0.197992902709
-0.3620523,-0.3620523,0.197992902709
-0.2610169,-0.2610169,0.197992902709
1.0900119,1.0900119,0.197992902709
0.5863412,0.5863412,0.197992902709
-16.0723526,-10.0,0.197992902709
-19.3127075,-10.0,0.197992902709
-0.4466513,-0.4466513,0.197992902709
1.2172622,1.2172622,0.197992902709
-1.859282,-1.859282,0.197992902709
-3.710384,-3.710384,0.197992902709
17.2896075,10.0,0.197992902709
17.1824314,10.0,0.197992902709
17.2012514,10.0,0.197992902709
17.118758,10.0,0.197992902709
17.2896157,10.0,0.197992902709
15.6343091,10.0,0.197992902709
15.2920069,10.0,0.197992902709
17.1872153,10.0,0.197992902709
14.6768834,10.0,0.197992902709
15.7103003,10.0,0.197992902709
15.8113357,10.0,0.197992902709
17.1623645,10.0,0.197992902709
16.6586938,10.0,0.197992902709
16.0723526,10.0,0.197992902709
-3.2403549,-3.2403549,0.197992902709
15.6257013,10.0,0.197992902709
17.2896148,10.0,0.197992902709
14.2130706,10.0,0.197992902709
-0.4700291,-0.4700291,0.197992902709
20.5299624,10.0,0.197992902709
20.4227863,10.0,0.197992902709
20.4416063,10.0,0.197992902709
20.3591129,10.0,0.197992902709
20.5299706,10.0,0.197992902709
18.874664,10.0,0.197992902709
18.5323618,10.0,0.197992902709
20.4275702,10.0,0.197992902709
17.9172383,10.0,0.197992902709
18.9506552,10.0,0.197992902709
19.0516906,10.0,0.197992902709
20.4027194,10.0,0.197992902709
19.8990487,10.0,0.197992902709
19.3127075,10.0,0.197992902709
3.2403549,3.2403549,0.197992902709
18.8660562,10.0,0.197992902709
20.5299697,10.0,0.197992902709
17.4534255,10.0,0.197992902709
-19.3360853,-10.0,0.197992902709
1.6639062,1.6639062,0.197992902709
1.5567301,1.5567301,0.197992902709
1.5755501,1.5755501,0.197992902709
1.4930567,1.4930567,0.197992902709
1.6639144,1.6639144,0.197992902709
0.0086078,0.0086078,0.197992902709
-0.3336944,-0.3336944,0.197992902709
1.561514,1.561514,0.197992902709
-0.9488179,-0.9488179,0.197992902709
0.084599,0.084599,0.197992902709
0.1856344,0.1856344,0.197992902709
1.5366632,1.5366632,0.197992902709
1.0329925,1.0329925,0.197992902709
0.4466513,0.4466513,0.197992902709
-15.6257013,-10.0,0.197992902709
-18.8660562,-10.0,0.197992902709
1.6639135,1.6639135,0.197992902709
-1.4126307,-1.4126307,0.197992902709
-20.9999988,-10.0,0.197992902709
-7.30000000004e-06,-7.30000000004e-06,0.197992902709
-0.1071834,-0.1071834,0.197992902709
-0.0883634,-0.0883634,0.197992902709
-0.1708568,-0.1708568,0.197992902709
8.99999999859e-07,8.99999999859e-07,0.197992902709
-1.6553057,-1.6553057,0.197992902709
-1.9976079,-1.9976079,0.197992902709
-0.1023995,-0.1023995,0.197992902709
-2.6127314,-2.6127314,0.197992902709
-1.5793145,-1.5793145,0.197992902709
-1.4782791,-1.4782791,0.197992902709
-0.1272503,-0.1272503,0.197992902709
-0.630921,-0.630921,0.197992902709
-1.2172622,-1.2172622,0.197992902709
-17.2896148,-10.0,0.197992902709
-20.5299697,-10.0,0.197992902709
-1.6639135,-1.6639135,0.197992902709
-3.0765442,-3.0765442,0.197992902709
-17.9234546,-10.0,0.197992902709
3.0765369,3.0765369,0.197992902709
2.9693608,2.9693608,0.197992902709
2.9881808,2.9881808,0.197992902709
2.9056874,2.9056874,0.197992902709
3.0765451,3.0765451,0.197992902709
1.4212385,1.4212385,0.197992902709
1.0789363,1.0789363,0.197992902709
2.9741447,2.9741447,0.197992902709
0.4638128,0.4638128,0.197992902709
1.4972297,1.4972297,0.197992902709
1.5982651,1.5982651,0.197992902709
2.9492939,2.9492939,0.197992902709
2.4456232,2.4456232,0.197992902709
1.859282,1.859282,0.197992902709
-14.2130706,-10.0,0.197992902709
-17.4534255,-10.0,0.197992902709
1.4126307,1.4126307,0.197992902709
3.0765442,3.0765442,0.197992902709
1.6846261,1.6846261,0.263476993316
3.4107776,3.4107776,0.263476993316
3.0884755,3.0884755,0.263476993316
-12.5175779,-10.0,0.263476993316
0.9715751,0.9715751,0.263476993316
3.3809268,3.3809268,0.263476993316
-17.5853825,-10.0,0.263476993316
3.3671403,3.3671403,0.263476993316
-15.6559892,-10.0,0.263476993316
-0.9294039,-0.9294039,0.263476993316
3.414617,3.414617,0.263476993316
2.6552336,2.6552336,0.263476993316
3.345603,3.345603,0.263476993316
2.9980408,2.9980408,0.263476993316
3.4146171,3.4146171,0.263476993316
1.780018,1.780018,0.263476993316
-16.4588681,-10.0,0.263476993316
-0.5191753,-0.5191753,0.263476993316
-0.8146441,-0.8146441,0.263476993316
-1.6846261,-1.6846261,0.263476993316
1.7261515,1.7261515,0.263476993316
1.4038494,1.4038494,0.263476993316
-14.202204,-10.0,0.263476993316
-0.713051,-0.713051,0.263476993316
1.6963007,1.6963007,0.263476993316
-19.2700086,-10.0,0.263476993316
1.6825142,1.6825142,0.263476993316
-17.3406153,-10.0,0.263476993316
-2.61403,-2.61403,0.263476993316
1.7299909,1.7299909,0.263476993316
0.9706075,0.9706075,0.263476993316
1.6609769,1.6609769,0.263476993316
1.3134147,1.3134147,0.263476993316
1.729991,1.729991,0.263476993316
0.0953919,0.0953919,0.263476993316
-18.1434942,-10.0,0.263476993316
-2.2038014,-2.2038014,0.263476993316
-2.4992702,-2.4992702,0.263476993316
-3.4107776,-3.4107776,0.263476993316
-1.7261515,-1.7261515,0.263476993316
-0.3223021,-0.3223021,0.263476993316
-15.9283555,-10.0,0.263476993316
-2.4392025,-2.4392025,0.263476993316
-0.0298508,-0.0298508,0.263476993316
-20.9961601,-10.0,0.263476993316
-0.0436373,-0.0436373,0.263476993316
-19.0667668,-10.0,0.263476993316
-4.3401815,-4.3401815,0.263476993316
0.0038394,0.0038394,0.263476993316
-0.755544,-0.755544,0.263476993316
-0.0651746,-0.0651746,0.263476993316
-0.4127368,-0.4127368,0.263476993316
0.0038395,0.0038395,0.263476993316
-1.6307596,-1.6307596,0.263476993316
-19.8696457,-10.0,0.263476993316
-3.9299529,-3.9299529,0.263476993316
-4.2254217,-4.2254217,0.263476993316
-3.0884755,-3.0884755,0.263476993316
-1.4038494,-1.4038494,0.263476993316
0.3223021,0.3223021,0.263476993316
-15.6060534,-10.0,0.263476993316
-2.1169004,-2.1169004,0.263476993316
0.2924513,0.2924513,0.263476993316
-20.673858,-10.0,0.263476993316
0.2786648,0.2786648,0.263476993316
-18.7444647,-10.0,0.263476993316
-4.0178794,-4.0178794,0.263476993316
0.3261415,0.3261415,0.263476993316
-0.4332419,-0.4332419,0.263476993316
0.2571275,0.2571275,0.263476993316
-0.0904347,-0.0904347,0.263476993316
0.3261416,0.3261416,0.263476993316
-1.3084575,-1.3084575,0.263476993316
-19.5473436,-10.0,0.263476993316
-3.6076508,-3.6076508,0.263476993316
-3.9031196,-3.9031196,0.263476993316
12.5175779,10.0,0.263476993316
14.202204,10.0,0.263476993316
15.9283555,10.0,0.263476993316
15.6060534,10.0,0.263476993316
13.489153,10.0,0.263476993316
15.8985047,10.0,0.263476993316
-5.0678046,-5.0678046,0.263476993316
15.8847182,10.0,0.263476993316
-3.1384113,-3.1384113,0.263476993316
11.588174,10.0,0.263476993316
15.9321949,10.0,0.263476993316
15.1728115,10.0,0.263476993316
15.8631809,10.0,0.263476993316
15.5156187,10.0,0.263476993316
15.932195,10.0,0.263476993316
14.2975959,10.0,0.263476993316
-3.9412902,-3.9412902,0.263476993316
11.9984026,10.0,0.263476993316
11.7029338,10.0,0.263476993316
-0.9715751,-0.9715751,0.263476993316
0.713051,0.713051,0.263476993316
2.4392025,2.4392025,0.263476993316
2.1169004,2.1169004,0.263476993316
-13.489153,-10.0,0.263476993316
2.4093517,2.4093517,0.263476993316
-18.5569576,-10.0,0.263476993316
2.3955652,2.3955652,0.263476993316
-16.6275643,-10.0,0.263476993316
-1.900979,-1.900979,0.263476993316
2.4430419,2.4430419,0.263476993316
1.6836585,1.6836585,0.263476993316
2.3740279,2.3740279,0.263476993316
2.0264657,2.0264657,0.263476993316
2.443042,2.443042,0.263476993316
0.8084429,0.8084429,0.263476993316
-17.4304432,-10.0,0.263476993316
-1.4907504,-1.4907504,0.263476993316
-1.7862192,-1.7862192,0.263476993316
-3.3809268,-3.3809268,0.263476993316
-1.6963007,-1.6963007,0.263476993316
0.0298508,0.0298508,0.263476993316
-0.2924513,-0.2924513,0.263476993316
-15.8985047,-10.0,0.263476993316
-2.4093517,-2.4093517,0.263476993316
-20.9663093,-10.0,0.263476993316
-0.0137865,-0.0137865,0.263476993316
-19.036916,-10.0,0.263476993316
-4.3103307,-4.3103307,0.263476993316
0.0336902,0.0336902,0.263476993316
-0.7256932,-0.7256932,0.263476993316
-0.0353238,-0.0353238,0.263476993316
-0.382886,-0.382886,0.263476993316
0.0336903,0.0336903,0.263476993316
-1.6009088,-1.6009088,0.263476993316
-19.8397949,-10.0,0.263476993316
-3.9001021,-3.9001021,0.263476993316
-4.1955709,-4.1955709,0.263476993316
17.5853825,10.0,0.263476993316
19.2700086,10.0,0.263476993316
20.9961601,10.0,0.263476993316
20.673858,10.0,0.263476993316
5.0678046,5.0678046,0.263476993316
18.5569576,10.0,0.263476993316
20.9663093,10.0,0.263476993316
20.9525228,10.0,0.263476993316
1.9293933,1.9293933,0.263476993316
16.6559786,10.0,0.263476993316
20.9999995,10.0,0.263476993316
20.2406161,10.0,0.263476993316
20.9309855,10.0,0.263476993316
20.5834233,10.0,0.263476993316
20.9999996,10.0,0.263476993316
19.3654005,10.0,0.263476993316
1.1265144,1.1265144,0.263476993316
17.0662072,10.0,0.263476993316
16.7707384,10.0,0.263476993316
-3.3671403,-3.3671403,0.263476993316
-1.6825142,-1.6825142,0.263476993316
0.0436373,0.0436373,0.263476993316
-0.2786648,-0.2786648,0.263476993316
-15.8847182,-10.0,0.263476993316
-2.3955652,-2.3955652,0.263476993316
0.0137865,0.0137865,0.263476993316
-20.9525228,-10.0,0.263476993316
-19.0231295,-10.0,0.263476993316
-4.2965442,-4.2965442,0.263476993316
0.0474767,0.0474767,0.263476993316
-0.7119067,-0.7119067,0.263476993316
-0.0215373,-0.0215373,0.263476993316
-0.3690995,-0.3690995,0.263476993316
0.0474768,0.0474768,0.263476993316
-1.5871223,-1.5871223,0.263476993316
-19.8260084,-10.0,0.263476993316
-3.8863156,-3.8863156,0.263476993316
-4.1817844,-4.1817844,0.263476993316
15.6559892,10.0,0.263476993316
17.3406153,10.0,0.263476993316
19.0667668,10.0,0.263476993316
18.7444647,10.0,0.263476993316
3.1384113,3.1384113,0.263476993316
16.6275643,10.0,0.263476993316
19.036916,10.0,0.263476993316
-1.9293933,-1.9293933,0.263476993316
19.0231295,10.0,0.263476993316
14.7265853,10.0,0.263476993316
19.0706062,10.0,0.263476993316
18.3112228,10.0,0.263476993316
19.0015922,10.0,0.263476993316
18.65403,10.0,0.263476993316
19.0706063,10.0,0.263476993316
17.4360072,10.0,0.263476993316
-0.8028789,-0.8028789,0.263476993316
15.1368139,10.0,0.263476993316
14.8413451,10.0,0.263476993316
0.9294039,0.9294039,0.263476993316
2.61403,2.61403,0.263476993316
4.3401815,4.3401815,0.263476993316
4.0178794,4.0178794,0.263476993316
-11.588174,-10.0,0.263476993316
1.900979,1.900979,0.263476993316
4.3103307,4.3103307,0.263476993316
-16.6559786,-10.0,0.263476993316
4.2965442,4.2965442,0.263476993316
-14.7265853,-10.0,0.263476993316
4.3440209,4.3440209,0.263476993316
3.5846375,3.5846375,0.263476993316
4.2750069,4.2750069,0.263476993316
3.9274447,3.9274447,0.263476993316
4.344021,4.344021,0.263476993316
2.7094219,2.7094219,0.263476993316
-15.5294642,-10.0,0.263476993316
0.4102286,0.4102286,0.263476993316
0.1147598,0.1147598,0.263476993316
-3.414617,-3.414617,0.263476993316
-1.7299909,-1.7299909,0.263476993316
-0.0038394,-0.0038394,0.263476993316
-0.3261415,-0.3261415,0.263476993316
-15.9321949,-10.0,0.263476993316
-2.4430419,-2.4430419,0.263476993316
-0.0336902,-0.0336902,0.263476993316
-20.9999995,-10.0,0.263476993316
-0.0474767,-0.0474767,0.263476993316
-19.0706062,-10.0,0.263476993316
-4.3440209,-4.3440209,0.263476993316
-0.7593834,-0.7593834,0.263476993316
-0.069014,-0.069014,0.263476993316
-0.4165762,-0.4165762,0.263476993316
9.99999976159e-08,9.99999976159e-08,0.263476993316
-1.634599,-1.634599,0.263476993316
-19.8734851,-10.0,0.263476993316
-3.9337923,-3.9337923,0.263476993316
-4.2292611,-4.2292611,0.263476993316
-2.6552336,-2.6552336,0.263476993316
-0.9706075,-0.9706075,0.263476993316
0.755544,0.755544,0.263476993316
0.4332419,0.4332419,0.263476993316
-15.1728115,-10.0,0.263476993316
-1.6836585,-1.6836585,0.263476993316
0.7256932,0.7256932,0.263476993316
-20.2406161,-10.0,0.263476993316
0.7119067,0.7119067,0.263476993316
-18.3112228,-10.0,0.263476993316
-3.5846375,-3.5846375,0.263476993316
0.7593834,0.7593834,0.263476993316
0.6903694,0.6903694,0.263476993316
0.3428072,0.3428072,0.263476993316
0.7593835,0.7593835,0.263476993316
-0.8752156,-0.8752156,0.263476993316
-19.1141017,-10.0,0.263476993316
-3.1744089,-3.1744089,0.263476993316
-3.4698777,-3.4698777,0.263476993316
-3.345603,-3.345603,0.263476993316
-1.6609769,-1.6609769,0.263476993316
0.0651746,0.0651746,0.263476993316
-0.2571275,-0.2571275,0.263476993316
-15.8631809,-10.0,0.263476993316
-2.3740279,-2.3740279,0.263476993316
0.0353238,0.0353238,0.263476993316
-20.9309855,-10.0,0.263476993316
0.0215373,0.0215373,0.263476993316
-19.0015922,-10.0,0.263476993316
-4.2750069,-4.2750069,0.263476993316
0.069014,0.069014,0.263476993316
-0.6903694,-0.6903694,0.263476993316
-0.3475622,-0.3475622,0.263476993316
0.0690141,0.0690141,0.263476993316
-1.565585,-1.565585,0.263476993316
-19.8044711,-10.0,0.263476993316
-3.8647783,-3.8647783,0.263476993316
-4.1602471,-4.1602471,0.263476993316
-2.9980408,-2.9980408,0.263476993316
-1.3134147,-1.3134147,0.263476993316
0.4127368,0.4127368,0.263476993316
0.0904347,0.0904347,0.263476993316
-15.5156187,-10.0,0.263476993316
-2.0264657,-2.0264657,0.263476993316
0.382886,0.382886,0.263476993316
-20.5834233,-10.0,0.263476993316
0.3690995,0.3690995,0.263476993316
-18.65403,-10.0,0.263476993316
-3.9274447,-3.9274447,0.263476993316
0.4165762,0.4165762,0.263476993316
-0.3428072,-0.3428072,0.263476993316
0.3475622,0.3475622,0.263476993316
0.4165763,0.4165763,0.263476993316
-1.2180228,-1.2180228,0.263476993316
-19.4569089,-10.0,0.263476993316
-3.5172161,-3.5172161,0.263476993316
-3.8126849,-3.8126849,0.263476993316
-3.4146171,-3.4146171,0.263476993316
-1.729991,-1.729991,0.263476993316
-0.0038395,-0.0038395,0.263476993316
-0.3261416,-0.3261416,0.263476993316
-15.932195,-10.0,0.263476993316
-2.443042,-2.443042,0.263476993316
-0.0336903,-0.0336903,0.263476993316
-20.9999996,-10.0,0.263476993316
-0.0474768,-0.0474768,0.263476993316
-19.0706063,-10.0,0.263476993316
-4.344021,-4.344021,0.263476993316
-9.99999976159e-08,-9.99999976159e-08,0.263476993316
-0.7593835,-0.7593835,0.263476993316
-0.0690141,-0.0690141,0.263476993316
-0.4165763,-0.4165763,0.263476993316
-1.6345991,-1.6345991,0.263476993316
-19.8734852,-10.0,0.263476993316
-3.9337924,-3.9337924,0.263476993316
-4.2292612,-4.2292612,0.263476993316
-1.780018,-1.780018,0.263476993316
-0.0953919,-0.0953919,0.263476993316
1.6307596,1.6307596,0.263476993316
1.3084575,1.3084575,0.263476993316
-14.2975959,-10.0,0.263476993316
-0.8084429,-0.8084429,0.263476993316
1.6009088,1.6009088,0.263476993316
-19.3654005,-10.0,0.263476993316
1.5871223,1.5871223,0.263476993316
-17.4360072,-10.0,0.263476993316
-2.7094219,-2.7094219,0.263476993316
1.634599,1.634599,0.263476993316
0.8752156,0.8752156,0.263476993316
1.565585,1.565585,0.263476993316
1.2180228,1.2180228,0.263476993316
1.6345991,1.6345991,0.263476993316
-18.2388861,-10.0,0.263476993316
-2.2991933,-2.2991933,0.263476993316
-2.5946621,-2.5946621,0.263476993316
16.4588681,10.0,0.263476993316
18.1434942,10.0,0.263476993316
19.8696457,10.0,0.263476993316
19.5473436,10.0,0.263476993316
3.9412902,3.9412902,0.263476993316
17.4304432,10.0,0.263476993316
19.8397949,10.0,0.263476993316
-1.1265144,-1.1265144,0.263476993316
19.8260084,10.0,0.263476993316
0.8028789,0.8028789,0.263476993316
15.5294642,10.0,0.263476993316
19.8734851,10.0,0.263476993316
19.1141017,10.0,0.263476993316
19.8044711,10.0,0.263476993316
19.4569089,10.0,0.263476993316
19.8734852,10.0,0.263476993316
18.2388861,10.0,0.263476993316
15.9396928,10.0,0.263476993316
15.644224,10.0,0.263476993316
0.5191753,0.5191753,0.263476993316
2.2038014,2.2038014,0.263476993316
3.9299529,3.9299529,0.263476993316
3.6076508,3.6076508,0.263476993316
-11.9984026,-10.0,0.263476993316
1.4907504,1.4907504,0.263476993316
3.9001021,3.9001021,0.263476993316
-17.0662072,-10.0,0.263476993316
3.8863156,3.8863156,0.263476993316
-15.1368139,-10.0,0.263476993316
-0.4102286,-0.4102286,0.263476993316
3.9337923,3.9337923,0.263476993316
3.1744089,3.1744089,0.263476993316
3.8647783,3.8647783,0.263476993316
3.5172161,3.5172161,0.263476993316
3.9337924,3.9337924,0.263476993316
2.2991933,2.2991933,0.263476993316
-15.9396928,-10.0,0.263476993316
-0.2954688,-0.2954688,0.263476993316
0.8146441,0.8146441,0.263476993316
2.4992702,2.4992702,0.263476993316
4.2254217,4.2254217,0.263476993316
3.9031196,3.9031196,0.263476993316
-11.7029338,-10.0,0.263476993316
1.7862192,1.7862192,0.263476993316
4.1955709,4.1955709,0.263476993316
-16.7707384,-10.0,0.263476993316
4.1817844,4.1817844,0.263476993316
-14.8413451,-10.0,0.263476993316
-0.1147598,-0.1147598,0.263476993316
4.2292611,4.2292611,0.263476993316
3.4698777,3.4698777,0.263476993316
4.1602471,4.1602471,0.263476993316
3.8126849,3.8126849,0.263476993316
4.2292612,4.2292612,0.263476993316
2.5946621,2.5946621,0.263476993316
-15.644224,-10.0,0.263476993316
0.2954688,0.2954688,0.263476993316
13.9258171,10.0,0.422262885267
-2.8694259,-2.8694259,0.422262885267
-0.8492025,-0.8492025,0.422262885267
18.130574,10.0,0.422262885267
2.0163348,2.0163348,0.422262885267
1.6335842,1.6335842,0.422262885267
18.1266426,10.0,0.422262885267
-0.1511762,-0.1511762,0.422262885267
18.0333295,10.0,0.422262885267
12.6861991,10.0,0.422262885267
-0.4193631,-0.4193631,0.422262885267
12.8912239,10.0,0.422262885267
0.4074809,0.4074809,0.422262885267
0.3002765,0.3002765,0.422262885267
-0.8783024,-0.8783024,0.422262885267
-1.6907479,-1.6907479,0.422262885267
17.5168714,10.0,0.422262885267
16.2406838,10.0,0.422262885267
0.0868826,0.0868826,0.422262885267
-13.9258171,-10.0,0.422262885267
-16.795243,-10.0,0.422262885267
-14.7750196,-10.0,0.422262885267
4.2047569,4.2047569,0.422262885267
-11.9094823,-10.0,0.422262885267
-12.2922329,-10.0,0.422262885267
4.2008255,4.2008255,0.422262885267
-14.0769933,-10.0,0.422262885267
4.1075124,4.1075124,0.422262885267
-1.239618,-1.239618,0.422262885267
-14.3451802,-10.0,0.422262885267
-1.0345932,-1.0345932,0.422262885267
-13.5183362,-10.0,0.422262885267
-13.6255406,-10.0,0.422262885267
-14.8041195,-10.0,0.422262885267
-15.616565,-10.0,0.422262885267
3.5910543,3.5910543,0.422262885267
2.3148667,2.3148667,0.422262885267
-13.8389345,-10.0,0.422262885267
2.8694259,2.8694259,0.422262885267
16.795243,10.0,0.422262885267
2.0202234,2.0202234,0.422262885267
20.9999999,10.0,0.422262885267
4.8857607,4.8857607,0.422262885267
4.5030101,4.5030101,0.422262885267
20.9960685,10.0,0.422262885267
2.7182497,2.7182497,0.422262885267
20.9027554,10.0,0.422262885267
15.555625,10.0,0.422262885267
2.4500628,2.4500628,0.422262885267
15.7606498,10.0,0.422262885267
3.2769068,3.2769068,0.422262885267
3.1697024,3.1697024,0.422262885267
1.9911235,1.9911235,0.422262885267
1.178678,1.178678,0.422262885267
20.3862973,10.0,0.422262885267
19.1101097,10.0,0.422262885267
2.9563085,2.9563085,0.422262885267
0.8492025,0.8492025,0.422262885267
14.7750196,10.0,0.422262885267
-2.0202234,-2.0202234,0.422262885267
18.9797765,10.0,0.422262885267
2.8655373,2.8655373,0.422262885267
2.4827867,2.4827867,0.422262885267
18.9758451,10.0,0.422262885267
0.6980263,0.6980263,0.422262885267
18.882532,10.0,0.422262885267
13.5354016,10.0,0.422262885267
0.4298394,0.4298394,0.422262885267
13.7404264,10.0,0.422262885267
1.2566834,1.2566834,0.422262885267
1.149479,1.149479,0.422262885267
-0.0290999,-0.0290999,0.422262885267
-0.8415454,-0.8415454,0.422262885267
18.3660739,10.0,0.422262885267
17.0898863,10.0,0.422262885267
0.9360851,0.9360851,0.422262885267
-18.130574,-10.0,0.422262885267
-4.2047569,-4.2047569,0.422262885267
-20.9999999,-10.0,0.422262885267
-18.9797765,-10.0,0.422262885267
-16.1142392,-10.0,0.422262885267
-16.4969898,-10.0,0.422262885267
-0.0039314,-0.0039314,0.422262885267
-18.2817502,-10.0,0.422262885267
-0.0972445,-0.0972445,0.422262885267
-5.4443749,-5.4443749,0.422262885267
-18.5499371,-10.0,0.422262885267
-5.2393501,-5.2393501,0.422262885267
-17.7230931,-10.0,0.422262885267
-17.8302975,-10.0,0.422262885267
-19.0088764,-10.0,0.422262885267
-19.8213219,-10.0,0.422262885267
-0.6137026,-0.6137026,0.422262885267
-1.8898902,-1.8898902,0.422262885267
-18.0436914,-10.0,0.422262885267
-2.0163348,-2.0163348,0.422262885267
11.9094823,10.0,0.422262885267
-4.8857607,-4.8857607,0.422262885267
-2.8655373,-2.8655373,0.422262885267
16.1142392,10.0,0.422262885267
-0.3827506,-0.3827506,0.422262885267
16.1103078,10.0,0.422262885267
-2.167511,-2.167511,0.422262885267
16.0169947,10.0,0.422262885267
10.6698643,10.0,0.422262885267
-2.4356979,-2.4356979,0.422262885267
10.8748891,10.0,0.422262885267
-1.6088539,-1.6088539,0.422262885267
-1.7160583,-1.7160583,0.422262885267
-2.8946372,-2.8946372,0.422262885267
-3.7070827,-3.7070827,0.422262885267
15.5005366,10.0,0.422262885267
14.224349,10.0,0.422262885267
-1.9294522,-1.9294522,0.422262885267
-1.6335842,-1.6335842,0.422262885267
12.2922329,10.0,0.422262885267
-4.5030101,-4.5030101,0.422262885267
-2.4827867,-2.4827867,0.422262885267
16.4969898,10.0,0.422262885267
0.3827506,0.3827506,0.422262885267
16.4930584,10.0,0.422262885267
-1.7847604,-1.7847604,0.422262885267
16.3997453,10.0,0.422262885267
11.0526149,10.0,0.422262885267
-2.0529473,-2.0529473,0.422262885267
11.2576397,10.0,0.422262885267
-1.2261033,-1.2261033,0.422262885267
-1.3333077,-1.3333077,0.422262885267
-2.5118866,-2.5118866,0.422262885267
-3.3243321,-3.3243321,0.422262885267
15.8832872,10.0,0.422262885267
14.6070996,10.0,0.422262885267
-1.5467016,-1.5467016,0.422262885267
-18.1266426,-10.0,0.422262885267
-4.2008255,-4.2008255,0.422262885267
-20.9960685,-10.0,0.422262885267
-18.9758451,-10.0,0.422262885267
0.0039314,0.0039314,0.422262885267
-16.1103078,-10.0,0.422262885267
-16.4930584,-10.0,0.422262885267
-18.2778188,-10.0,0.422262885267
-0.0933131,-0.0933131,0.422262885267
-5.4404435,-5.4404435,0.422262885267
-18.5460057,-10.0,0.422262885267
-5.2354187,-5.2354187,0.422262885267
-17.7191617,-10.0,0.422262885267
-17.8263661,-10.0,0.422262885267
-19.004945,-10.0,0.422262885267
-19.8173905,-10.0,0.422262885267
-0.6097712,-0.6097712,0.422262885267
-1.8859588,-1.8859588,0.422262885267
-18.03976,-10.0,0.422262885267
0.1511762,0.1511762,0.422262885267
14.0769933,10.0,0.422262885267
-2.7182497,-2.7182497,0.422262885267
-0.6980263,-0.6980263,0.422262885267
18.2817502,10.0,0.422262885267
2.167511,2.167511,0.422262885267
1.7847604,1.7847604,0.422262885267
18.2778188,10.0,0.422262885267
18.1845057,10.0,0.422262885267
12.8373753,10.0,0.422262885267
-0.2681869,-0.2681869,0.422262885267
13.0424001,10.0,0.422262885267
0.5586571,0.5586571,0.422262885267
0.4514527,0.4514527,0.422262885267
-0.7271262,-0.7271262,0.422262885267
-1.5395717,-1.5395717,0.422262885267
17.6680476,10.0,0.422262885267
16.39186,10.0,0.422262885267
0.2380588,0.2380588,0.422262885267
-18.0333295,-10.0,0.422262885267
-4.1075124,-4.1075124,0.422262885267
-20.9027554,-10.0,0.422262885267
-18.882532,-10.0,0.422262885267
0.0972445,0.0972445,0.422262885267
-16.0169947,-10.0,0.422262885267
-16.3997453,-10.0,0.422262885267
0.0933131,0.0933131,0.422262885267
-18.1845057,-10.0,0.422262885267
-5.3471304,-5.3471304,0.422262885267
-18.4526926,-10.0,0.422262885267
-5.1421056,-5.1421056,0.422262885267
-17.6258486,-10.0,0.422262885267
-17.733053,-10.0,0.422262885267
-18.9116319,-10.0,0.422262885267
-19.7240774,-10.0,0.422262885267
-0.5164581,-0.5164581,0.422262885267
-1.7926457,-1.7926457,0.422262885267
-17.9464469,-10.0,0.422262885267
-12.6861991,-10.0,0.422262885267
1.239618,1.239618,0.422262885267
-15.555625,-10.0,0.422262885267
-13.5354016,-10.0,0.422262885267
5.4443749,5.4443749,0.422262885267
-10.6698643,-10.0,0.422262885267
-11.0526149,-10.0,0.422262885267
5.4404435,5.4404435,0.422262885267
-12.8373753,-10.0,0.422262885267
5.3471304,5.3471304,0.422262885267
-13.1055622,-10.0,0.422262885267
0.2050248,0.2050248,0.422262885267
-12.2787182,-10.0,0.422262885267
-12.3859226,-10.0,0.422262885267
-13.5645015,-10.0,0.422262885267
-14.376947,-10.0,0.422262885267
4.8306723,4.8306723,0.422262885267
3.5544847,3.5544847,0.422262885267
-12.5993165,-10.0,0.422262885267
0.4193631,0.4193631,0.422262885267
14.3451802,10.0,0.422262885267
-2.4500628,-2.4500628,0.422262885267
-0.4298394,-0.4298394,0.422262885267
18.5499371,10.0,0.422262885267
2.4356979,2.4356979,0.422262885267
2.0529473,2.0529473,0.422262885267
18.5460057,10.0,0.422262885267
0.2681869,0.2681869,0.422262885267
18.4526926,10.0,0.422262885267
13.1055622,10.0,0.422262885267
13.310587,10.0,0.422262885267
0.826844,0.826844,0.422262885267
0.7196396,0.7196396,0.422262885267
-0.4589393,-0.4589393,0.422262885267
-1.2713848,-1.2713848,0.422262885267
17.9362345,10.0,0.422262885267
16.6600469,10.0,0.422262885267
0.5062457,0.5062457,0.422262885267
-12.8912239,-10.0,0.422262885267
1.0345932,1.0345932,0.422262885267
-15.7606498,-10.0,0.422262885267
-13.7404264,-10.0,0.422262885267
5.2393501,5.2393501,0.422262885267
-10.8748891,-10.0,0.422262885267
-11.2576397,-10.0,0.422262885267
5.2354187,5.2354187,0.422262885267
-13.0424001,-10.0,0.422262885267
5.1421056,5.1421056,0.422262885267
-0.2050248,-0.2050248,0.422262885267
-13.310587,-10.0,0.422262885267
-12.483743,-10.0,0.422262885267
-12.5909474,-10.0,0.422262885267
-13.7695263,-10.0,0.422262885267
-14.5819718,-10.0,0.422262885267
4.6256475,4.6256475,0.422262885267
3.3494599,3.3494599,0.422262885267
-12.8043413,-10.0,0.422262885267
-0.4074809,-0.4074809,0.422262885267
13.5183362,10.0,0.422262885267
-3.2769068,-3.2769068,0.422262885267
-1.2566834,-1.2566834,0.422262885267
17.7230931,10.0,0.422262885267
1.6088539,1.6088539,0.422262885267
1.2261033,1.2261033,0.422262885267
17.7191617,10.0,0.422262885267
-0.5586571,-0.5586571,0.422262885267
17.6258486,10.0,0.422262885267
12.2787182,10.0,0.422262885267
-0.826844,-0.826844,0.422262885267
12.483743,10.0,0.422262885267
-0.1072044,-0.1072044,0.422262885267
-1.2857833,-1.2857833,0.422262885267
-2.0982288,-2.0982288,0.422262885267
17.1093905,10.0,0.422262885267
15.8332029,10.0,0.422262885267
-0.3205983,-0.3205983,0.422262885267
-0.3002765,-0.3002765,0.422262885267
13.6255406,10.0,0.422262885267
-3.1697024,-3.1697024,0.422262885267
-1.149479,-1.149479,0.422262885267
17.8302975,10.0,0.422262885267
1.7160583,1.7160583,0.422262885267
1.3333077,1.3333077,0.422262885267
17.8263661,10.0,0.422262885267
-0.4514527,-0.4514527,0.422262885267
17.733053,10.0,0.422262885267
12.3859226,10.0,0.422262885267
-0.7196396,-0.7196396,0.422262885267
12.5909474,10.0,0.422262885267
0.1072044,0.1072044,0.422262885267
-1.1785789,-1.1785789,0.422262885267
-1.9910244,-1.9910244,0.422262885267
17.2165949,10.0,0.422262885267
15.9404073,10.0,0.422262885267
-0.2133939,-0.2133939,0.422262885267
0.8783024,0.8783024,0.422262885267
14.8041195,10.0,0.422262885267
-1.9911235,-1.9911235,0.422262885267
0.0290999,0.0290999,0.422262885267
19.0088764,10.0,0.422262885267
2.8946372,2.8946372,0.422262885267
2.5118866,2.5118866,0.422262885267
19.004945,10.0,0.422262885267
0.7271262,0.7271262,0.422262885267
18.9116319,10.0,0.422262885267
13.5645015,10.0,0.422262885267
0.4589393,0.4589393,0.422262885267
13.7695263,10.0,0.422262885267
1.2857833,1.2857833,0.422262885267
1.1785789,1.1785789,0.422262885267
-0.8124455,-0.8124455,0.422262885267
18.3951738,10.0,0.422262885267
17.1189862,10.0,0.422262885267
0.965185,0.965185,0.422262885267
1.6907479,1.6907479,0.422262885267
15.616565,10.0,0.422262885267
-1.178678,-1.178678,0.422262885267
0.8415454,0.8415454,0.422262885267
19.8213219,10.0,0.422262885267
3.7070827,3.7070827,0.422262885267
3.3243321,3.3243321,0.422262885267
19.8173905,10.0,0.422262885267
1.5395717,1.5395717,0.422262885267
19.7240774,10.0,0.422262885267
14.376947,10.0,0.422262885267
1.2713848,1.2713848,0.422262885267
14.5819718,10.0,0.422262885267
2.0982288,2.0982288,0.422262885267
1.9910244,1.9910244,0.422262885267
0.8124455,0.8124455,0.422262885267
19.2076193,10.0,0.422262885267
17.9314317,10.0,0.422262885267
1.7776305,1.7776305,0.422262885267
-17.5168714,-10.0,0.422262885267
-3.5910543,-3.5910543,0.422262885267
-20.3862973,-10.0,0.422262885267
-18.3660739,-10.0,0.422262885267
0.6137026,0.6137026,0.422262885267
-15.5005366,-10.0,0.422262885267
-15.8832872,-10.0,0.422262885267
0.6097712,0.6097712,0.422262885267
-17.6680476,-10.0,0.422262885267
0.5164581,0.5164581,0.422262885267
-4.8306723,-4.8306723,0.422262885267
-17.9362345,-10.0,0.422262885267
-4.6256475,-4.6256475,0.422262885267
-17.1093905,-10.0,0.422262885267
-17.2165949,-10.0,0.422262885267
-18.3951738,-10.0,0.422262885267
-19.2076193,-10.0,0.422262885267
-1.2761876,-1.2761876,0.422262885267
-17.4299888,-10.0,0.422262885267
-16.2406838,-10.0,0.422262885267
-2.3148667,-2.3148667,0.422262885267
-19.1101097,-10.0,0.422262885267
-17.0898863,-10.0,0.422262885267
1.8898902,1.8898902,0.422262885267
-14.224349,-10.0,0.422262885267
-14.6070996,-10.0,0.422262885267
1.8859588,1.8859588,0.422262885267
-16.39186,-10.0,0.422262885267
1.7926457,1.7926457,0.422262885267
-3.5544847,-3.5544847,0.422262885267
-16.6600469,-10.0,0.422262885267
-3.3494599,-3.3494599,0.422262885267
-15.8332029,-10.0,0.422262885267
-15.9404073,-10.0,0.422262885267
-17.1189862,-10.0,0.422262885267
-17.9314317,-10.0,0.422262885267
1.2761876,1.2761876,0.422262885267
-16.1538012,-10.0,0.422262885267
-0.0868826,-0.0868826,0.422262885267
13.8389345,10.0,0.422262885267
-2.9563085,-2.9563085,0.422262885267
-0.9360851,-0.9360851,0.422262885267
18.0436914,10.0,0.422262885267
1.9294522,1.9294522,0.422262885267
1.5467016,1.5467016,0.422262885267
18.03976,10.0,0.422262885267
-0.2380588,-0.2380588,0.422262885267
17.9464469,10.0,0.422262885267
12.5993165,10.0,0.422262885267
-0.5062457,-0.5062457,0.422262885267
12.8043413,10.0,0.422262885267
0.3205983,0.3205983,0.422262885267
0.2133939,0.2133939,0.422262885267
-0.965185,-0.965185,0.422262885267
-1.7776305,-1.7776305,0.422262885267
17.4299888,10.0,0.422262885267
16.1538012,10.0,0.422262885267
0.8075591,0.8075591,0.499399151725
17.9849958,10.0,0.499399151725
2.0844757,2.0844757,0.499399151725
0.5593922,0.5593922,0.499399151725
1.3157361,1.3157361,0.499399151725
18.8736672,10.0,0.499399151725
0.193566,0.193566,0.499399151725
2.6404471,2.6404471,0.499399151725
-1.2855893,-1.2855893,0.499399151725
-1.1008135,-1.1008135,0.499399151725
1.3354973,1.3354973,0.499399151725
20.9999996,10.0,0.499399151725
2.7178961,2.7178961,0.499399151725
-1.8739595,-1.8739595,0.499399151725
0.1002099,0.1002099,0.499399151725
2.7296066,2.7296066,0.499399151725
0.0512597,0.0512597,0.499399151725
15.0285228,10.0,0.499399151725
0.895782,0.895782,0.499399151725
-0.8075591,-0.8075591,0.499399151725
17.1774367,10.0,0.499399151725
1.2769166,1.2769166,0.499399151725
-0.2481669,-0.2481669,0.499399151725
0.508177,0.508177,0.499399151725
18.0661081,10.0,0.499399151725
-0.6139931,-0.6139931,0.499399151725
1.832888,1.832888,0.499399151725
-2.0931484,-2.0931484,0.499399151725
-1.9083726,-1.9083726,0.499399151725
0.5279382,0.5279382,0.499399151725
20.1924405,10.0,0.499399151725
1.910337,1.910337,0.499399151725
-2.6815186,-2.6815186,0.499399151725
-0.7073492,-0.7073492,0.499399151725
1.9220475,1.9220475,0.499399151725
-0.7562994,-0.7562994,0.499399151725
14.2209637,10.0,0.499399151725
0.0882229,0.0882229,0.499399151725
-17.9849958,-10.0,0.499399151725
-17.1774367,-10.0,0.499399151725
-15.9005201,-10.0,0.499399151725
-17.4256036,-10.0,0.499399151725
-16.6692597,-10.0,0.499399151725
0.8886714,0.8886714,0.499399151725
-17.7914298,-10.0,0.499399151725
-15.3445487,-10.0,0.499399151725
-19.2705851,-10.0,0.499399151725
-19.0858093,-10.0,0.499399151725
-16.6494985,-10.0,0.499399151725
3.0150038,3.0150038,0.499399151725
-15.2670997,-10.0,0.499399151725
-19.8589553,-10.0,0.499399151725
-17.8847859,-10.0,0.499399151725
-15.2553892,-10.0,0.499399151725
-17.9337361,-10.0,0.499399151725
-2.956473,-2.956473,0.499399151725
-17.0892138,-10.0,0.499399151725
-2.0844757,-2.0844757,0.499399151725
-1.2769166,-1.2769166,0.499399151725
15.9005201,10.0,0.499399151725
-1.5250835,-1.5250835,0.499399151725
-0.7687396,-0.7687396,0.499399151725
16.7891915,10.0,0.499399151725
-1.8909097,-1.8909097,0.499399151725
0.5559714,0.5559714,0.499399151725
-3.370065,-3.370065,0.499399151725
-3.1852892,-3.1852892,0.499399151725
-0.7489784,-0.7489784,0.499399151725
18.9155239,10.0,0.499399151725
0.6334204,0.6334204,0.499399151725
-3.9584352,-3.9584352,0.499399151725
-1.9842658,-1.9842658,0.499399151725
0.6451309,0.6451309,0.499399151725
-2.033216,-2.033216,0.499399151725
12.9440471,10.0,0.499399151725
-1.1886937,-1.1886937,0.499399151725
-0.5593922,-0.5593922,0.499399151725
0.2481669,0.2481669,0.499399151725
17.4256036,10.0,0.499399151725
1.5250835,1.5250835,0.499399151725
0.7563439,0.7563439,0.499399151725
18.314275,10.0,0.499399151725
-0.3658262,-0.3658262,0.499399151725
2.0810549,2.0810549,0.499399151725
-1.8449815,-1.8449815,0.499399151725
-1.6602057,-1.6602057,0.499399151725
0.7761051,0.7761051,0.499399151725
20.4406074,10.0,0.499399151725
2.1585039,2.1585039,0.499399151725
-2.4333517,-2.4333517,0.499399151725
-0.4591823,-0.4591823,0.499399151725
2.1702144,2.1702144,0.499399151725
-0.5081325,-0.5081325,0.499399151725
14.4691306,10.0,0.499399151725
0.3363898,0.3363898,0.499399151725
-1.3157361,-1.3157361,0.499399151725
-0.508177,-0.508177,0.499399151725
16.6692597,10.0,0.499399151725
0.7687396,0.7687396,0.499399151725
-0.7563439,-0.7563439,0.499399151725
17.5579311,10.0,0.499399151725
-1.1221701,-1.1221701,0.499399151725
1.324711,1.324711,0.499399151725
-2.6013254,-2.6013254,0.499399151725
-2.4165496,-2.4165496,0.499399151725
0.0197612,0.0197612,0.499399151725
19.6842635,10.0,0.499399151725
1.40216,1.40216,0.499399151725
-3.1896956,-3.1896956,0.499399151725
-1.2155262,-1.2155262,0.499399151725
1.4138705,1.4138705,0.499399151725
-1.2644764,-1.2644764,0.499399151725
13.7127867,10.0,0.499399151725
-0.4199541,-0.4199541,0.499399151725
-18.8736672,-10.0,0.499399151725
-18.0661081,-10.0,0.499399151725
-0.8886714,-0.8886714,0.499399151725
-16.7891915,-10.0,0.499399151725
-18.314275,-10.0,0.499399151725
-17.5579311,-10.0,0.499399151725
-18.6801012,-10.0,0.499399151725
-16.2332201,-10.0,0.499399151725
-20.1592565,-10.0,0.499399151725
-19.9744807,-10.0,0.499399151725
-17.5381699,-10.0,0.499399151725
2.1263324,2.1263324,0.499399151725
-16.1557711,-10.0,0.499399151725
-20.7476267,-10.0,0.499399151725
-18.7734573,-10.0,0.499399151725
-16.1440606,-10.0,0.499399151725
-18.8224075,-10.0,0.499399151725
-3.8451444,-3.8451444,0.499399151725
-17.9778852,-10.0,0.499399151725
-0.193566,-0.193566,0.499399151725
0.6139931,0.6139931,0.499399151725
17.7914298,10.0,0.499399151725
1.8909097,1.8909097,0.499399151725
0.3658262,0.3658262,0.499399151725
1.1221701,1.1221701,0.499399151725
18.6801012,10.0,0.499399151725
2.4468811,2.4468811,0.499399151725
-1.4791553,-1.4791553,0.499399151725
-1.2943795,-1.2943795,0.499399151725
1.1419313,1.1419313,0.499399151725
20.8064336,10.0,0.499399151725
2.5243301,2.5243301,0.499399151725
-2.0675255,-2.0675255,0.499399151725
-0.0933561,-0.0933561,0.499399151725
2.5360406,2.5360406,0.499399151725
-0.1423063,-0.1423063,0.499399151725
14.8349568,10.0,0.499399151725
0.702216,0.702216,0.499399151725
-2.6404471,-2.6404471,0.499399151725
-1.832888,-1.832888,0.499399151725
15.3445487,10.0,0.499399151725
-0.5559714,-0.5559714,0.499399151725
-2.0810549,-2.0810549,0.499399151725
-1.324711,-1.324711,0.499399151725
16.2332201,10.0,0.499399151725
-2.4468811,-2.4468811,0.499399151725
-3.9260364,-3.9260364,0.499399151725
-3.7412606,-3.7412606,0.499399151725
-1.3049498,-1.3049498,0.499399151725
18.3595525,10.0,0.499399151725
0.077449,0.077449,0.499399151725
-4.5144066,-4.5144066,0.499399151725
-2.5402372,-2.5402372,0.499399151725
0.0891595,0.0891595,0.499399151725
-2.5891874,-2.5891874,0.499399151725
12.3880757,10.0,0.499399151725
-1.7446651,-1.7446651,0.499399151725
1.2855893,1.2855893,0.499399151725
2.0931484,2.0931484,0.499399151725
19.2705851,10.0,0.499399151725
3.370065,3.370065,0.499399151725
1.8449815,1.8449815,0.499399151725
2.6013254,2.6013254,0.499399151725
20.1592565,10.0,0.499399151725
1.4791553,1.4791553,0.499399151725
3.9260364,3.9260364,0.499399151725
0.1847758,0.1847758,0.499399151725
2.6210866,2.6210866,0.499399151725
22.2855889,10.0,0.499399151725
4.0034854,4.0034854,0.499399151725
-0.5883702,-0.5883702,0.499399151725
1.3857992,1.3857992,0.499399151725
4.0151959,4.0151959,0.499399151725
1.336849,1.336849,0.499399151725
16.3141121,10.0,0.499399151725
2.1813713,2.1813713,0.499399151725
1.1008135,1.1008135,0.499399151725
1.9083726,1.9083726,0.499399151725
19.0858093,10.0,0.499399151725
3.1852892,3.1852892,0.499399151725
1.6602057,1.6602057,0.499399151725
2.4165496,2.4165496,0.499399151725
19.9744807,10.0,0.499399151725
1.2943795,1.2943795,0.499399151725
3.7412606,3.7412606,0.499399151725
-0.1847758,-0.1847758,0.499399151725
2.4363108,2.4363108,0.499399151725
22.1008131,10.0,0.499399151725
3.8187096,3.8187096,0.499399151725
-0.773146,-0.773146,0.499399151725
1.2010234,1.2010234,0.499399151725
3.8304201,3.8304201,0.499399151725
1.1520732,1.1520732,0.499399151725
16.1293363,10.0,0.499399151725
1.9965955,1.9965955,0.499399151725
-1.3354973,-1.3354973,0.499399151725
-0.5279382,-0.5279382,0.499399151725
16.6494985,10.0,0.499399151725
0.7489784,0.7489784,0.499399151725
-0.7761051,-0.7761051,0.499399151725
-0.0197612,-0.0197612,0.499399151725
17.5381699,10.0,0.499399151725
-1.1419313,-1.1419313,0.499399151725
1.3049498,1.3049498,0.499399151725
-2.6210866,-2.6210866,0.499399151725
-2.4363108,-2.4363108,0.499399151725
19.6645023,10.0,0.499399151725
1.3823988,1.3823988,0.499399151725
-3.2094568,-3.2094568,0.499399151725
-1.2352874,-1.2352874,0.499399151725
1.3941093,1.3941093,0.499399151725
-1.2842376,-1.2842376,0.499399151725
13.6930255,10.0,0.499399151725
-0.4397153,-0.4397153,0.499399151725
-20.9999996,-10.0,0.499399151725
-20.1924405,-10.0,0.499399151725
-3.0150038,-3.0150038,0.499399151725
-18.9155239,-10.0,0.499399151725
-20.4406074,-10.0,0.499399151725
-19.6842635,-10.0,0.499399151725
-2.1263324,-2.1263324,0.499399151725
-20.8064336,-10.0,0.499399151725
-18.3595525,-10.0,0.499399151725
-22.2855889,-10.0,0.499399151725
-22.1008131,-10.0,0.499399151725
-19.6645023,-10.0,0.499399151725
-18.2821035,-10.0,0.499399151725
-22.8739591,-10.0,0.499399151725
-20.8997897,-10.0,0.499399151725
-18.270393,-10.0,0.499399151725
-20.9487399,-10.0,0.499399151725
-5.9714768,-5.9714768,0.499399151725
-20.1042176,-10.0,0.499399151725
-2.7178961,-2.7178961,0.499399151725
-1.910337,-1.910337,0.499399151725
15.2670997,10.0,0.499399151725
-0.6334204,-0.6334204,0.499399151725
-2.1585039,-2.1585039,0.499399151725
-1.40216,-1.40216,0.499399151725
16.1557711,10.0,0.499399151725
-2.5243301,-2.5243301,0.499399151725
-0.077449,-0.077449,0.499399151725
-4.0034854,-4.0034854,0.499399151725
-3.8187096,-3.8187096,0.499399151725
-1.3823988,-1.3823988,0.499399151725
18.2821035,10.0,0.499399151725
-4.5918556,-4.5918556,0.499399151725
-2.6176862,-2.6176862,0.499399151725
0.0117105,0.0117105,0.499399151725
-2.6666364,-2.6666364,0.499399151725
12.3106267,10.0,0.499399151725
-1.8221141,-1.8221141,0.499399151725
1.8739595,1.8739595,0.499399151725
2.6815186,2.6815186,0.499399151725
19.8589553,10.0,0.499399151725
3.9584352,3.9584352,0.499399151725
2.4333517,2.4333517,0.499399151725
3.1896956,3.1896956,0.499399151725
20.7476267,10.0,0.499399151725
2.0675255,2.0675255,0.499399151725
4.5144066,4.5144066,0.499399151725
0.5883702,0.5883702,0.499399151725
0.773146,0.773146,0.499399151725
3.2094568,3.2094568,0.499399151725
22.8739591,10.0,0.499399151725
4.5918556,4.5918556,0.499399151725
1.9741694,1.9741694,0.499399151725
4.6035661,4.6035661,0.499399151725
1.9252192,1.9252192,0.499399151725
16.9024823,10.0,0.499399151725
2.7697415,2.7697415,0.499399151725
-0.1002099,-0.1002099,0.499399151725
0.7073492,0.7073492,0.499399151725
17.8847859,10.0,0.499399151725
1.9842658,1.9842658,0.499399151725
0.4591823,0.4591823,0.499399151725
1.2155262,1.2155262,0.499399151725
18.7734573,10.0,0.499399151725
0.0933561,0.0933561,0.499399151725
2.5402372,2.5402372,0.499399151725
-1.3857992,-1.3857992,0.499399151725
-1.2010234,-1.2010234,0.499399151725
1.2352874,1.2352874,0.499399151725
20.8997897,10.0,0.499399151725
2.6176862,2.6176862,0.499399151725
-1.9741694,-1.9741694,0.499399151725
2.6293967,2.6293967,0.499399151725
-0.0489502,-0.0489502,0.499399151725
14.9283129,10.0,0.499399151725
0.7955721,0.7955721,0.499399151725
-2.7296066,-2.7296066,0.499399151725
-1.9220475,-1.9220475,0.499399151725
15.2553892,10.0,0.499399151725
-0.6451309,-0.6451309,0.499399151725
-2.1702144,-2.1702144,0.499399151725
-1.4138705,-1.4138705,0.499399151725
16.1440606,10.0,0.499399151725
-2.5360406,-2.5360406,0.499399151725
-0.0891595,-0.0891595,0.499399151725
-4.0151959,-4.0151959,0.499399151725
-3.8304201,-3.8304201,0.499399151725
-1.3941093,-1.3941093,0.499399151725
18.270393,10.0,0.499399151725
-0.0117105,-0.0117105,0.499399151725
-4.6035661,-4.6035661,0.499399151725
-2.6293967,-2.6293967,0.499399151725
-2.6783469,-2.6783469,0.499399151725
12.2989162,10.0,0.499399151725
-1.8338246,-1.8338246,0.499399151725
-0.0512597,-0.0512597,0.499399151725
0.7562994,0.7562994,0.499399151725
17.9337361,10.0,0.499399151725
2.033216,2.033216,0.499399151725
0.5081325,0.5081325,0.499399151725
1.2644764,1.2644764,0.499399151725
18.8224075,10.0,0.499399151725
0.1423063,0.1423063,0.499399151725
2.5891874,2.5891874,0.499399151725
-1.336849,-1.336849,0.499399151725
-1.1520732,-1.1520732,0.499399151725
1.2842376,1.2842376,0.499399151725
20.9487399,10.0,0.499399151725
2.6666364,2.6666364,0.499399151725
-1.9252192,-1.9252192,0.499399151725
0.0489502,0.0489502,0.499399151725
2.6783469,2.6783469,0.499399151725
14.9772631,10.0,0.499399151725
0.8445223,0.8445223,0.499399151725
-15.0285228,-10.0,0.499399151725
-14.2209637,-10.0,0.499399151725
2.956473,2.956473,0.499399151725
-12.9440471,-10.0,0.499399151725
-14.4691306,-10.0,0.499399151725
-13.7127867,-10.0,0.499399151725
3.8451444,3.8451444,0.499399151725
-14.8349568,-10.0,0.499399151725
-12.3880757,-10.0,0.499399151725
-16.3141121,-10.0,0.499399151725
-16.1293363,-10.0,0.499399151725
-13.6930255,-10.0,0.499399151725
5.9714768,5.9714768,0.499399151725
-12.3106267,-10.0,0.499399151725
-16.9024823,-10.0,0.499399151725
-14.9283129,-10.0,0.499399151725
-12.2989162,-10.0,0.499399151725
-14.9772631,-10.0,0.499399151725
-14.1327408,-10.0,0.499399151725
-0.895782,-0.895782,0.499399151725
-0.0882229,-0.0882229,0.499399151725
17.0892138,10.0,0.499399151725
1.1886937,1.1886937,0.499399151725
-0.3363898,-0.3363898,0.499399151725
0.4199541,0.4199541,0.499399151725
17.9778852,10.0,0.499399151725
-0.702216,-0.702216,0.499399151725
1.7446651,1.7446651,0.499399151725
-2.1813713,-2.1813713,0.499399151725
-1.9965955,-1.9965955,0.499399151725
0.4397153,0.4397153,0.499399151725
20.1042176,10.0,0.499399151725
1.8221141,1.8221141,0.499399151725
-2.7697415,-2.7697415,0.499399151725
-0.7955721,-0.7955721,0.499399151725
1.8338246,1.8338246,0.499399151725
-0.8445223,-0.8445223,0.499399151725
14.1327408,10.0,0.499399151725
-0.9540844,-0.9540844,0.199414157598
0.9831607,0.9831607,0.199414157598
0.4381118,0.4381118,0.199414157598
1.8317009,1.8317009,0.199414157598
1.7659644,1.7659644,0.199414157598
0.3608735,0.3608735,0.199414157598
-16.936986,-10.0,0.199414157598
1.4751179,1.4751179,0.199414157598
-19.1681296,-10.0,0.199414157598
1.6921542,1.6921542,0.199414157598
1.1669911,1.1669911,0.199414157598
0.1546847,0.1546847,0.199414157598
1.8318672,1.8318672,0.199414157598
1.6698163,1.6698163,0.199414157598
1.8318685,1.8318685,0.199414157598
1.8310354,1.8310354,0.199414157598
-17.6059804,-10.0,0.199414157598
0.1350123,0.1350123,0.199414157598
-1.2748835,-1.2748835,0.199414157598
0.9540844,0.9540844,0.199414157598
1.9372451,1.9372451,0.199414157598
1.3921962,1.3921962,0.199414157598
2.7857853,2.7857853,0.199414157598
2.7200488,2.7200488,0.199414157598
1.3149579,1.3149579,0.199414157598
-15.9829016,-10.0,0.199414157598
2.4292023,2.4292023,0.199414157598
-18.2140452,-10.0,0.199414157598
2.6462386,2.6462386,0.199414157598
2.1210755,2.1210755,0.199414157598
1.1087691,1.1087691,0.199414157598
2.7859516,2.7859516,0.199414157598
2.6239007,2.6239007,0.199414157598
2.7859529,2.7859529,0.199414157598
2.7851198,2.7851198,0.199414157598
-16.651896,-10.0,0.199414157598
1.0890967,1.0890967,0.199414157598
-0.3207991,-0.3207991,0.199414157598
-0.9831607,-0.9831607,0.199414157598
-1.9372451,-1.9372451,0.199414157598
-0.5450489,-0.5450489,0.199414157598
0.8485402,0.8485402,0.199414157598
0.7828037,0.7828037,0.199414157598
-0.6222872,-0.6222872,0.199414157598
-17.9201467,-10.0,0.199414157598
0.4919572,0.4919572,0.199414157598
-20.1512903,-10.0,0.199414157598
0.7089935,0.7089935,0.199414157598
0.1838304,0.1838304,0.199414157598
-0.828476,-0.828476,0.199414157598
0.8487065,0.8487065,0.199414157598
0.6866556,0.6866556,0.199414157598
0.8487078,0.8487078,0.199414157598
0.8478747,0.8478747,0.199414157598
-18.5891411,-10.0,0.199414157598
-0.8481484,-0.8481484,0.199414157598
-2.2580442,-2.2580442,0.199414157598
-0.4381118,-0.4381118,0.199414157598
-1.3921962,-1.3921962,0.199414157598
0.5450489,0.5450489,0.199414157598
1.3935891,1.3935891,0.199414157598
1.3278526,1.3278526,0.199414157598
-0.0772383,-0.0772383,0.199414157598
-17.3750978,-10.0,0.199414157598
1.0370061,1.0370061,0.199414157598
-19.6062414,-10.0,0.199414157598
1.2540424,1.2540424,0.199414157598
0.7288793,0.7288793,0.199414157598
-0.2834271,-0.2834271,0.199414157598
1.3937554,1.3937554,0.199414157598
1.2317045,1.2317045,0.199414157598
1.3937567,1.3937567,0.199414157598
1.3929236,1.3929236,0.199414157598
-18.0440922,-10.0,0.199414157598
-0.3030995,-0.3030995,0.199414157598
-1.7129953,-1.7129953,0.199414157598
-1.8317009,-1.8317009,0.199414157598
-2.7857853,-2.7857853,0.199414157598
-0.8485402,-0.8485402,0.199414157598
-1.3935891,-1.3935891,0.199414157598
-0.0657365,-0.0657365,0.199414157598
-1.4708274,-1.4708274,0.199414157598
-18.7686869,-10.0,0.199414157598
-0.356583,-0.356583,0.199414157598
-20.9998305,-10.0,0.199414157598
-0.1395467,-0.1395467,0.199414157598
-0.6647098,-0.6647098,0.199414157598
-1.6770162,-1.6770162,0.199414157598
0.0001663,0.0001663,0.199414157598
-0.1618846,-0.1618846,0.199414157598
0.000167599999997,0.000167599999997,0.199414157598
-0.0006655,-0.0006655,0.199414157598
-19.4376813,-10.0,0.199414157598
-1.6966886,-1.6966886,0.199414157598
-3.1065844,-3.1065844,0.199414157598
-1.7659644,-1.7659644,0.199414157598
-2.7200488,-2.7200488,0.199414157598
-0.7828037,-0.7828037,0.199414157598
-1.3278526,-1.3278526,0.199414157598
0.0657365,0.0657365,0.199414157598
-1.4050909,-1.4050909,0.199414157598
-18.7029504,-10.0,0.199414157598
-0.2908465,-0.2908465,0.199414157598
-20.934094,-10.0,0.199414157598
-0.0738102,-0.0738102,0.199414157598
-0.5989733,-0.5989733,0.199414157598
-1.6112797,-1.6112797,0.199414157598
0.0659028,0.0659028,0.199414157598
-0.0961481,-0.0961481,0.199414157598
0.0659041,0.0659041,0.199414157598
0.065071,0.065071,0.199414157598
-19.3719448,-10.0,0.199414157598
-1.6309521,-1.6309521,0.199414157598
-3.0408479,-3.0408479,0.199414157598
-0.3608735,-0.3608735,0.199414157598
-1.3149579,-1.3149579,0.199414157598
0.6222872,0.6222872,0.199414157598
0.0772383,0.0772383,0.199414157598
1.4708274,1.4708274,0.199414157598
1.4050909,1.4050909,0.199414157598
-17.2978595,-10.0,0.199414157598
1.1142444,1.1142444,0.199414157598
-19.5290031,-10.0,0.199414157598
1.3312807,1.3312807,0.199414157598
0.8061176,0.8061176,0.199414157598
-0.2061888,-0.2061888,0.199414157598
1.4709937,1.4709937,0.199414157598
1.3089428,1.3089428,0.199414157598
1.470995,1.470995,0.199414157598
1.4701619,1.4701619,0.199414157598
-17.9668539,-10.0,0.199414157598
-0.2258612,-0.2258612,0.199414157598
-1.635757,-1.635757,0.199414157598
16.936986,10.0,0.199414157598
15.9829016,10.0,0.199414157598
17.9201467,10.0,0.199414157598
17.3750978,10.0,0.199414157598
18.7686869,10.0,0.199414157598
18.7029504,10.0,0.199414157598
17.2978595,10.0,0.199414157598
18.4121039,10.0,0.199414157598
-2.2311436,-2.2311436,0.199414157598
18.6291402,10.0,0.199414157598
18.1039771,10.0,0.199414157598
17.0916707,10.0,0.199414157598
18.7688532,10.0,0.199414157598
18.6068023,10.0,0.199414157598
18.7688545,10.0,0.199414157598
18.7680214,10.0,0.199414157598
-0.6689944,-0.6689944,0.199414157598
17.0719983,10.0,0.199414157598
15.6621025,10.0,0.199414157598
-1.4751179,-1.4751179,0.199414157598
-2.4292023,-2.4292023,0.199414157598
-0.4919572,-0.4919572,0.199414157598
-1.0370061,-1.0370061,0.199414157598
0.356583,0.356583,0.199414157598
0.2908465,0.2908465,0.199414157598
-1.1142444,-1.1142444,0.199414157598
-18.4121039,-10.0,0.199414157598
-20.6432475,-10.0,0.199414157598
0.2170363,0.2170363,0.199414157598
-0.3081268,-0.3081268,0.199414157598
-1.3204332,-1.3204332,0.199414157598
0.3567493,0.3567493,0.199414157598
0.1946984,0.1946984,0.199414157598
0.3567506,0.3567506,0.199414157598
0.3559175,0.3559175,0.199414157598
-19.0810983,-10.0,0.199414157598
-1.3401056,-1.3401056,0.199414157598
-2.7500014,-2.7500014,0.199414157598
19.1681296,10.0,0.199414157598
18.2140452,10.0,0.199414157598
20.1512903,10.0,0.199414157598
19.6062414,10.0,0.199414157598
20.9998305,10.0,0.199414157598
20.934094,10.0,0.199414157598
19.5290031,10.0,0.199414157598
2.2311436,2.2311436,0.199414157598
20.6432475,10.0,0.199414157598
20.8602838,10.0,0.199414157598
20.3351207,10.0,0.199414157598
19.3228143,10.0,0.199414157598
20.9999968,10.0,0.199414157598
20.8379459,10.0,0.199414157598
20.9999981,10.0,0.199414157598
20.999165,10.0,0.199414157598
1.5621492,1.5621492,0.199414157598
19.3031419,10.0,0.199414157598
17.8932461,10.0,0.199414157598
-1.6921542,-1.6921542,0.199414157598
-2.6462386,-2.6462386,0.199414157598
-0.7089935,-0.7089935,0.199414157598
-1.2540424,-1.2540424,0.199414157598
0.1395467,0.1395467,0.199414157598
0.0738102,0.0738102,0.199414157598
-1.3312807,-1.3312807,0.199414157598
-18.6291402,-10.0,0.199414157598
-0.2170363,-0.2170363,0.199414157598
-20.8602838,-10.0,0.199414157598
-0.5251631,-0.5251631,0.199414157598
-1.5374695,-1.5374695,0.199414157598
0.139713,0.139713,0.199414157598
-0.0223379,-0.0223379,0.199414157598
0.1397143,0.1397143,0.199414157598
0.1388812,0.1388812,0.199414157598
-19.2981346,-10.0,0.199414157598
-1.5571419,-1.5571419,0.199414157598
-2.9670377,-2.9670377,0.199414157598
-1.1669911,-1.1669911,0.199414157598
-2.1210755,-2.1210755,0.199414157598
-0.1838304,-0.1838304,0.199414157598
-0.7288793,-0.7288793,0.199414157598
0.6647098,0.6647098,0.199414157598
0.5989733,0.5989733,0.199414157598
-0.8061176,-0.8061176,0.199414157598
-18.1039771,-10.0,0.199414157598
0.3081268,0.3081268,0.199414157598
-20.3351207,-10.0,0.199414157598
0.5251631,0.5251631,0.199414157598
-1.0123064,-1.0123064,0.199414157598
0.6648761,0.6648761,0.199414157598
0.5028252,0.5028252,0.199414157598
0.6648774,0.6648774,0.199414157598
0.6640443,0.6640443,0.199414157598
-18.7729715,-10.0,0.199414157598
-1.0319788,-1.0319788,0.199414157598
-2.4418746,-2.4418746,0.199414157598
-0.1546847,-0.1546847,0.199414157598
-1.1087691,-1.1087691,0.199414157598
0.828476,0.828476,0.199414157598
0.2834271,0.2834271,0.199414157598
1.6770162,1.6770162,0.199414157598
1.6112797,1.6112797,0.199414157598
0.2061888,0.2061888,0.199414157598
-17.0916707,-10.0,0.199414157598
1.3204332,1.3204332,0.199414157598
-19.3228143,-10.0,0.199414157598
1.5374695,1.5374695,0.199414157598
1.0123064,1.0123064,0.199414157598
1.6771825,1.6771825,0.199414157598
1.5151316,1.5151316,0.199414157598
1.6771838,1.6771838,0.199414157598
1.6763507,1.6763507,0.199414157598
-17.7606651,-10.0,0.199414157598
-0.0196724,-0.0196724,0.199414157598
-1.4295682,-1.4295682,0.199414157598
-1.8318672,-1.8318672,0.199414157598
-2.7859516,-2.7859516,0.199414157598
-0.8487065,-0.8487065,0.199414157598
-1.3937554,-1.3937554,0.199414157598
-0.0001663,-0.0001663,0.199414157598
-0.0659028,-0.0659028,0.199414157598
-1.4709937,-1.4709937,0.199414157598
-18.7688532,-10.0,0.199414157598
-0.3567493,-0.3567493,0.199414157598
-20.9999968,-10.0,0.199414157598
-0.139713,-0.139713,0.199414157598
-0.6648761,-0.6648761,0.199414157598
-1.6771825,-1.6771825,0.199414157598
-0.1620509,-0.1620509,0.199414157598
1.29999999743e-06,1.29999999743e-06,0.199414157598
-0.0008318,-0.0008318,0.199414157598
-19.4378476,-10.0,0.199414157598
-1.6968549,-1.6968549,0.199414157598
-3.1067507,-3.1067507,0.199414157598
-1.6698163,-1.6698163,0.199414157598
-2.6239007,-2.6239007,0.199414157598
-0.6866556,-0.6866556,0.199414157598
-1.2317045,-1.2317045,0.199414157598
0.1618846,0.1618846,0.199414157598
0.0961481,0.0961481,0.199414157598
-1.3089428,-1.3089428,0.199414157598
-18.6068023,-10.0,0.199414157598
-0.1946984,-0.1946984,0.199414157598
-20.8379459,-10.0,0.199414157598
0.0223379,0.0223379,0.199414157598
-0.5028252,-0.5028252,0.199414157598
-1.5151316,-1.5151316,0.199414157598
0.1620509,0.1620509,0.199414157598
0.1620522,0.1620522,0.199414157598
0.1612191,0.1612191,0.199414157598
-19.2757967,-10.0,0.199414157598
-1.534804,-1.534804,0.199414157598
-2.9446998,-2.9446998,0.199414157598
-1.8318685,-1.8318685,0.199414157598
-2.7859529,-2.7859529,0.199414157598
-0.8487078,-0.8487078,0.199414157598
-1.3937567,-1.3937567,0.199414157598
-0.000167599999997,-0.000167599999997,0.199414157598
-0.0659041,-0.0659041,0.199414157598
-1.470995,-1.470995,0.199414157598
-18.7688545,-10.0,0.199414157598
-0.3567506,-0.3567506,0.199414157598
-20.9999981,-10.0,0.199414157598
-0.1397143,-0.1397143,0.199414157598
-0.6648774,-0.6648774,0.199414157598
-1.6771838,-1.6771838,0.199414157598
-1.29999999743e-06,-1.29999999743e-06,0.199414157598
-0.1620522,-0.1620522,0.199414157598
-0.000833099999998,-0.000833099999998,0.199414157598
-19.4378489,-10.0,0.199414157598
-1.6968562,-1.6968562,0.199414157598
-3.106752,-3.106752,0.199414157598
-1.8310354,-1.8310354,0.199414157598
-2.7851198,-2.7851198,0.199414157598
-0.8478747,-0.8478747,0.199414157598
-1.3929236,-1.3929236,0.199414157598
0.0006655,0.0006655,0.199414157598
-0.065071,-0.065071,0.199414157598
-1.4701619,-1.4701619,0.199414157598
-18.7680214,-10.0,0.199414157598
-0.3559175,-0.3559175,0.199414157598
-20.999165,-10.0,0.199414157598
-0.1388812,-0.1388812,0.199414157598
-0.6640443,-0.6640443,0.199414157598
-1.6763507,-1.6763507,0.199414157598
0.0008318,0.0008318,0.199414157598
-0.1612191,-0.1612191,0.199414157598
0.000833099999998,0.000833099999998,0.199414157598
-19.4370158,-10.0,0.199414157598
-1.6960231,-1.6960231,0.199414157598
-3.1059189,-3.1059189,0.199414157598
17.6059804,10.0,0.199414157598
16.651896,10.0,0.199414157598
18.5891411,10.0,0.199414157598
18.0440922,10.0,0.199414157598
19.4376813,10.0,0.199414157598
19.3719448,10.0,0.199414157598
17.9668539,10.0,0.199414157598
0.6689944,0.6689944,0.199414157598
19.0810983,10.0,0.199414157598
-1.5621492,-1.5621492,0.199414157598
19.2981346,10.0,0.199414157598
18.7729715,10.0,0.199414157598
17.7606651,10.0,0.199414157598
19.4378476,10.0,0.199414157598
19.2757967,10.0,0.199414157598
19.4378489,10.0,0.199414157598
19.4370158,10.0,0.199414157598
17.7409927,10.0,0.199414157598
16.3310969,10.0,0.199414157598
-0.1350123,-0.1350123,0.199414157598
-1.0890967,-1.0890967,0.199414157598
0.8481484,0.8481484,0.199414157598
0.3030995,0.3030995,0.199414157598
1.6966886,1.6966886,0.199414157598
1.6309521,1.6309521,0.199414157598
0.2258612,0.2258612,0.199414157598
-17.0719983,-10.0,0.199414157598
1.3401056,1.3401056,0.199414157598
-19.3031419,-10.0,0.199414157598
1.5571419,1.5571419,0.199414157598
1.0319788,1.0319788,0.199414157598
0.0196724,0.0196724,0.199414157598
1.6968549,1.6968549,0.199414157598
1.534804,1.534804,0.199414157598
1.6968562,1.6968562,0.199414157598
1.6960231,1.6960231,0.199414157598
-17.7409927,-10.0,0.199414157598
-1.4098958,-1.4098958,0.199414157598
1.2748835,1.2748835,0.199414157598
0.3207991,0.3207991,0.199414157598
2.2580442,2.2580442,0.199414157598
1.7129953,1.7129953,0.199414157598
3.1065844,3.1065844,0.199414157598
3.0408479,3.0408479,0.199414157598
1.635757,1.635757,0.199414157598
-15.6621025,-10.0,0.199414157598
2.7500014,2.7500014,0.199414157598
-17.8932461,-10.0,0.199414157598
2.9670377,2.9670377,0.199414157598
2.4418746,2.4418746,0.199414157598
1.4295682,1.4295682,0.199414157598
3.1067507,3.1067507,0.199414157598
2.9446998,2.9446998,0.199414157598
3.106752,3.106752,0.199414157598
3.1059189,3.1059189,0.199414157598
-16.3310969,-10.0,0.199414157598
1.4098958,1.4098958,0.199414157598
-0.5220682,-0.5220682,0.0158116761934
-0.7291788,-0.7291788,0.0158116761934
0.1021355,0.1021355,0.0158116761934
-3.8169651,-3.8169651,0.0158116761934
-9.981431,-9.981431,0.0158116761934
0.12525,0.12525,0.0158116761934
0.10088,0.10088,0.0158116761934
-20.8747473,-10.0,0.0158116761934
-3.2710761,-3.2710761,0.0158116761934
-1.0221552,-1.0221552,0.0158116761934
0.1252451,0.1252451,0.0158116761934
-0.1315903,-0.1315903,0.0158116761934
-12.6292616,-10.0,0.0158116761934
-16.4661396,-10.0,0.0158116761934
0.1252479,0.1252479,0.0158116761934
0.1252514,0.1252514,0.0158116761934
-1.6015558,-1.6015558,0.0158116761934
-0.647795,-0.647795,0.0158116761934
-3.1079481,-3.1079481,0.0158116761934
0.5220682,0.5220682,0.0158116761934
-0.2071106,-0.2071106,0.0158116761934
0.6242037,0.6242037,0.0158116761934
-3.2948969,-3.2948969,0.0158116761934
-9.4593628,-9.4593628,0.0158116761934
0.6473182,0.6473182,0.0158116761934
0.6229482,0.6229482,0.0158116761934
-20.3526791,-10.0,0.0158116761934
-2.7490079,-2.7490079,0.0158116761934
-0.500087,-0.500087,0.0158116761934
0.6473133,0.6473133,0.0158116761934
0.3904779,0.3904779,0.0158116761934
-12.1071934,-10.0,0.0158116761934
-15.9440714,-10.0,0.0158116761934
0.6473161,0.6473161,0.0158116761934
0.6473196,0.6473196,0.0158116761934
-1.0794876,-1.0794876,0.0158116761934
-0.1257268,-0.1257268,0.0158116761934
-2.5858799,-2.5858799,0.0158116761934
0.7291788,0.7291788,0.0158116761934
0.2071106,0.2071106,0.0158116761934
0.8313143,0.8313143,0.0158116761934
-3.0877863,-3.0877863,0.0158116761934
-9.2522522,-9.2522522,0.0158116761934
0.8544288,0.8544288,0.0158116761934
0.8300588,0.8300588,0.0158116761934
-20.1455685,-10.0,0.0158116761934
-2.5418973,-2.5418973,0.0158116761934
-0.2929764,-0.2929764,0.0158116761934
0.8544239,0.8544239,0.0158116761934
0.5975885,0.5975885,0.0158116761934
-11.9000828,-10.0,0.0158116761934
-15.7369608,-10.0,0.0158116761934
0.8544267,0.8544267,0.0158116761934
0.8544302,0.8544302,0.0158116761934
-0.872377,-0.872377,0.0158116761934
0.0813838,0.0813838,0.0158116761934
-2.3787693,-2.3787693,0.0158116761934
-0.1021355,-0.1021355,0.0158116761934
-0.6242037,-0.6242037,0.0158116761934
-0.8313143,-0.8313143,0.0158116761934
-3.9191006,-3.9191006,0.0158116761934
-10.0835665,-10.0,0.0158116761934
0.0231145,0.0231145,0.0158116761934
-0.0012555,-0.0012555,0.0158116761934
-20.9768828,-10.0,0.0158116761934
-3.3732116,-3.3732116,0.0158116761934
-1.1242907,-1.1242907,0.0158116761934
0.0231096,0.0231096,0.0158116761934
-0.2337258,-0.2337258,0.0158116761934
-12.7313971,-10.0,0.0158116761934
-16.5682751,-10.0,0.0158116761934
0.0231124,0.0231124,0.0158116761934
0.0231159,0.0231159,0.0158116761934
-1.7036913,-1.7036913,0.0158116761934
-0.7499305,-0.7499305,0.0158116761934
-3.2100836,-3.2100836,0.0158116761934
3.8169651,3.8169651,0.0158116761934
3.2948969,3.2948969,0.0158116761934
3.0877863,3.0877863,0.0158116761934
3.9191006,3.9191006,0.0158116761934
-6.1644659,-6.1644659,0.0158116761934
3.9422151,3.9422151,0.0158116761934
3.9178451,3.9178451,0.0158116761934
-17.0577822,-10.0,0.0158116761934
0.545889,0.545889,0.0158116761934
2.7948099,2.7948099,0.0158116761934
3.9422102,3.9422102,0.0158116761934
3.6853748,3.6853748,0.0158116761934
-8.8122965,-8.8122965,0.0158116761934
-12.6491745,-10.0,0.0158116761934
3.942213,3.942213,0.0158116761934
3.9422165,3.9422165,0.0158116761934
2.2154093,2.2154093,0.0158116761934
3.1691701,3.1691701,0.0158116761934
0.709017,0.709017,0.0158116761934
9.981431,9.981431,0.0158116761934
9.4593628,9.4593628,0.0158116761934
9.2522522,9.2522522,0.0158116761934
10.0835665,10.0,0.0158116761934
6.1644659,6.1644659,0.0158116761934
10.106681,10.0,0.0158116761934
10.082311,10.0,0.0158116761934
-10.8933163,-10.0,0.0158116761934
6.7103549,6.7103549,0.0158116761934
8.9592758,8.9592758,0.0158116761934
10.1066761,10.0,0.0158116761934
9.8498407,9.8498407,0.0158116761934
-2.6478306,-2.6478306,0.0158116761934
-6.4847086,-6.4847086,0.0158116761934
10.1066789,10.0,0.0158116761934
10.1066824,10.0,0.0158116761934
8.3798752,8.3798752,0.0158116761934
9.333636,9.333636,0.0158116761934
6.8734829,6.8734829,0.0158116761934
-0.12525,-0.12525,0.0158116761934
-0.6473182,-0.6473182,0.0158116761934
-0.8544288,-0.8544288,0.0158116761934
-0.0231145,-0.0231145,0.0158116761934
-3.9422151,-3.9422151,0.0158116761934
-10.106681,-10.0,0.0158116761934
-0.02437,-0.02437,0.0158116761934
-20.9999973,-10.0,0.0158116761934
-3.3963261,-3.3963261,0.0158116761934
-1.1474052,-1.1474052,0.0158116761934
-4.90000000042e-06,-4.90000000042e-06,0.0158116761934
-0.2568403,-0.2568403,0.0158116761934
-12.7545116,-10.0,0.0158116761934
-16.5913896,-10.0,0.0158116761934
-2.09999999967e-06,-2.09999999967e-06,0.0158116761934
1.3999999986e-06,1.3999999986e-06,0.0158116761934
-1.7268058,-1.7268058,0.0158116761934
-0.773045,-0.773045,0.0158116761934
-3.2331981,-3.2331981,0.0158116761934
-0.10088,-0.10088,0.0158116761934
-0.6229482,-0.6229482,0.0158116761934
-0.8300588,-0.8300588,0.0158116761934
0.0012555,0.0012555,0.0158116761934
-3.9178451,-3.9178451,0.0158116761934
-10.082311,-10.0,0.0158116761934
0.02437,0.02437,0.0158116761934
-20.9756273,-10.0,0.0158116761934
-3.3719561,-3.3719561,0.0158116761934
-1.1230352,-1.1230352,0.0158116761934
0.0243651,0.0243651,0.0158116761934
-0.2324703,-0.2324703,0.0158116761934
-12.7301416,-10.0,0.0158116761934
-16.5670196,-10.0,0.0158116761934
0.0243679,0.0243679,0.0158116761934
0.0243714,0.0243714,0.0158116761934
-1.7024358,-1.7024358,0.0158116761934
-0.748675,-0.748675,0.0158116761934
-3.2088281,-3.2088281,0.0158116761934
20.8747473,10.0,0.0158116761934
20.3526791,10.0,0.0158116761934
20.1455685,10.0,0.0158116761934
20.9768828,10.0,0.0158116761934
17.0577822,10.0,0.0158116761934
10.8933163,10.0,0.0158116761934
20.9999973,10.0,0.0158116761934
20.9756273,10.0,0.0158116761934
17.6036712,10.0,0.0158116761934
19.8525921,10.0,0.0158116761934
20.9999924,10.0,0.0158116761934
20.743157,10.0,0.0158116761934
8.2454857,8.2454857,0.0158116761934
4.4086077,4.4086077,0.0158116761934
20.9999952,10.0,0.0158116761934
20.9999987,10.0,0.0158116761934
19.2731915,10.0,0.0158116761934
20.2269523,10.0,0.0158116761934
17.7667992,10.0,0.0158116761934
3.2710761,3.2710761,0.0158116761934
2.7490079,2.7490079,0.0158116761934
2.5418973,2.5418973,0.0158116761934
3.3732116,3.3732116,0.0158116761934
-0.545889,-0.545889,0.0158116761934
-6.7103549,-6.7103549,0.0158116761934
3.3963261,3.3963261,0.0158116761934
3.3719561,3.3719561,0.0158116761934
-17.6036712,-10.0,0.0158116761934
2.2489209,2.2489209,0.0158116761934
3.3963212,3.3963212,0.0158116761934
3.1394858,3.1394858,0.0158116761934
-9.3581855,-9.3581855,0.0158116761934
-13.1950635,-10.0,0.0158116761934
3.396324,3.396324,0.0158116761934
3.3963275,3.3963275,0.0158116761934
1.6695203,1.6695203,0.0158116761934
2.6232811,2.6232811,0.0158116761934
0.163128,0.163128,0.0158116761934
1.0221552,1.0221552,0.0158116761934
0.500087,0.500087,0.0158116761934
0.2929764,0.2929764,0.0158116761934
1.1242907,1.1242907,0.0158116761934
-2.7948099,-2.7948099,0.0158116761934
-8.9592758,-8.9592758,0.0158116761934
1.1474052,1.1474052,0.0158116761934
1.1230352,1.1230352,0.0158116761934
-19.8525921,-10.0,0.0158116761934
-2.2489209,-2.2489209,0.0158116761934
1.1474003,1.1474003,0.0158116761934
0.8905649,0.8905649,0.0158116761934
-11.6071064,-10.0,0.0158116761934
-15.4439844,-10.0,0.0158116761934
1.1474031,1.1474031,0.0158116761934
1.1474066,1.1474066,0.0158116761934
-0.5794006,-0.5794006,0.0158116761934
0.3743602,0.3743602,0.0158116761934
-2.0857929,-2.0857929,0.0158116761934
-0.1252451,-0.1252451,0.0158116761934
-0.6473133,-0.6473133,0.0158116761934
-0.8544239,-0.8544239,0.0158116761934
-0.0231096,-0.0231096,0.0158116761934
-3.9422102,-3.9422102,0.0158116761934
-10.1066761,-10.0,0.0158116761934
4.90000000042e-06,4.90000000042e-06,0.0158116761934
-0.0243651,-0.0243651,0.0158116761934
-20.9999924,-10.0,0.0158116761934
-3.3963212,-3.3963212,0.0158116761934
-1.1474003,-1.1474003,0.0158116761934
-0.2568354,-0.2568354,0.0158116761934
-12.7545067,-10.0,0.0158116761934
-16.5913847,-10.0,0.0158116761934
2.80000000075e-06,2.80000000075e-06,0.0158116761934
6.29999999902e-06,6.29999999902e-06,0.0158116761934
-1.7268009,-1.7268009,0.0158116761934
-0.7730401,-0.7730401,0.0158116761934
-3.2331932,-3.2331932,0.0158116761934
0.1315903,0.1315903,0.0158116761934
-0.3904779,-0.3904779,0.0158116761934
-0.5975885,-0.5975885,0.0158116761934
0.2337258,0.2337258,0.0158116761934
-3.6853748,-3.6853748,0.0158116761934
-9.8498407,-9.8498407,0.0158116761934
0.2568403,0.2568403,0.0158116761934
0.2324703,0.2324703,0.0158116761934
-20.743157,-10.0,0.0158116761934
-3.1394858,-3.1394858,0.0158116761934
-0.8905649,-0.8905649,0.0158116761934
0.2568354,0.2568354,0.0158116761934
-12.4976713,-10.0,0.0158116761934
-16.3345493,-10.0,0.0158116761934
0.2568382,0.2568382,0.0158116761934
0.2568417,0.2568417,0.0158116761934
-1.4699655,-1.4699655,0.0158116761934
-0.5162047,-0.5162047,0.0158116761934
-2.9763578,-2.9763578,0.0158116761934
12.6292616,10.0,0.0158116761934
12.1071934,10.0,0.0158116761934
11.9000828,10.0,0.0158116761934
12.7313971,10.0,0.0158116761934
8.8122965,8.8122965,0.0158116761934
2.6478306,2.6478306,0.0158116761934
12.7545116,10.0,0.0158116761934
12.7301416,10.0,0.0158116761934
-8.2454857,-8.2454857,0.0158116761934
9.3581855,9.3581855,0.0158116761934
11.6071064,10.0,0.0158116761934
12.7545067,10.0,0.0158116761934
12.4976713,10.0,0.0158116761934
-3.836878,-3.836878,0.0158116761934
12.7545095,10.0,0.0158116761934
12.754513,10.0,0.0158116761934
11.0277058,10.0,0.0158116761934
11.9814666,10.0,0.0158116761934
9.5213135,9.5213135,0.0158116761934
16.4661396,10.0,0.0158116761934
15.9440714,10.0,0.0158116761934
15.7369608,10.0,0.0158116761934
16.5682751,10.0,0.0158116761934
12.6491745,10.0,0.0158116761934
6.4847086,6.4847086,0.0158116761934
16.5913896,10.0,0.0158116761934
16.5670196,10.0,0.0158116761934
-4.4086077,-4.4086077,0.0158116761934
13.1950635,10.0,0.0158116761934
15.4439844,10.0,0.0158116761934
16.5913847,10.0,0.0158116761934
16.3345493,10.0,0.0158116761934
3.836878,3.836878,0.0158116761934
16.5913875,10.0,0.0158116761934
16.591391,10.0,0.0158116761934
14.8645838,10.0,0.0158116761934
15.8183446,10.0,0.0158116761934
13.3581915,10.0,0.0158116761934
-0.1252479,-0.1252479,0.0158116761934
-0.6473161,-0.6473161,0.0158116761934
-0.8544267,-0.8544267,0.0158116761934
-0.0231124,-0.0231124,0.0158116761934
-3.942213,-3.942213,0.0158116761934
-10.1066789,-10.0,0.0158116761934
2.09999999967e-06,2.09999999967e-06,0.0158116761934
-0.0243679,-0.0243679,0.0158116761934
-20.9999952,-10.0,0.0158116761934
-3.396324,-3.396324,0.0158116761934
-1.1474031,-1.1474031,0.0158116761934
-2.80000000075e-06,-2.80000000075e-06,0.0158116761934
-0.2568382,-0.2568382,0.0158116761934
-12.7545095,-10.0,0.0158116761934
-16.5913875,-10.0,0.0158116761934
3.49999999827e-06,3.49999999827e-06,0.0158116761934
-1.7268037,-1.7268037,0.0158116761934
-0.7730429,-0.7730429,0.0158116761934
-3.233196,-3.233196,0.0158116761934
-0.1252514,-0.1252514,0.0158116761934
-0.6473196,-0.6473196,0.0158116761934
-0.8544302,-0.8544302,0.0158116761934
-0.0231159,-0.0231159,0.0158116761934
-3.9422165,-3.9422165,0.0158116761934
-10.1066824,-10.0,0.0158116761934
-1.3999999986e-06,-1.3999999986e-06,0.0158116761934
-0.0243714,-0.0243714,0.0158116761934
-20.9999987,-10.0,0.0158116761934
-3.3963275,-3.3963275,0.0158116761934
-1.1474066,-1.1474066,0.0158116761934
-6.29999999902e-06,-6.29999999902e-06,0.0158116761934
-0.2568417,-0.2568417,0.0158116761934
-12.754513,-10.0,0.0158116761934
-16.591391,-10.0,0.0158116761934
-3.49999999827e-06,-3.49999999827e-06,0.0158116761934
-1.7268072,-1.7268072,0.0158116761934
-0.7730464,-0.7730464,0.0158116761934
-3.2331995,-3.2331995,0.0158116761934
1.6015558,1.6015558,0.0158116761934
1.0794876,1.0794876,0.0158116761934
0.872377,0.872377,0.0158116761934
1.7036913,1.7036913,0.0158116761934
-2.2154093,-2.2154093,0.0158116761934
-8.3798752,-8.3798752,0.0158116761934
1.7268058,1.7268058,0.0158116761934
1.7024358,1.7024358,0.0158116761934
-19.2731915,-10.0,0.0158116761934
-1.6695203,-1.6695203,0.0158116761934
0.5794006,0.5794006,0.0158116761934
1.7268009,1.7268009,0.0158116761934
1.4699655,1.4699655,0.0158116761934
-11.0277058,-10.0,0.0158116761934
-14.8645838,-10.0,0.0158116761934
1.7268037,1.7268037,0.0158116761934
1.7268072,1.7268072,0.0158116761934
0.9537608,0.9537608,0.0158116761934
-1.5063923,-1.5063923,0.0158116761934
0.647795,0.647795,0.0158116761934
0.1257268,0.1257268,0.0158116761934
-0.0813838,-0.0813838,0.0158116761934
0.7499305,0.7499305,0.0158116761934
-3.1691701,-3.1691701,0.0158116761934
-9.333636,-9.333636,0.0158116761934
0.773045,0.773045,0.0158116761934
0.748675,0.748675,0.0158116761934
-20.2269523,-10.0,0.0158116761934
-2.6232811,-2.6232811,0.0158116761934
-0.3743602,-0.3743602,0.0158116761934
0.7730401,0.7730401,0.0158116761934
0.5162047,0.5162047,0.0158116761934
-11.9814666,-10.0,0.0158116761934
-15.8183446,-10.0,0.0158116761934
0.7730429,0.7730429,0.0158116761934
0.7730464,0.7730464,0.0158116761934
-0.9537608,-0.9537608,0.0158116761934
-2.4601531,-2.4601531,0.0158116761934
3.1079481,3.1079481,0.0158116761934
2.5858799,2.5858799,0.0158116761934
2.3787693,2.3787693,0.0158116761934
3.2100836,3.2100836,0.0158116761934
-0.709017,-0.709017,0.0158116761934
-6.8734829,-6.8734829,0.0158116761934
3.2331981,3.2331981,0.0158116761934
3.2088281,3.2088281,0.0158116761934
-17.7667992,-10.0,0.0158116761934
-0.163128,-0.163128,0.0158116761934
2.0857929,2.0857929,0.0158116761934
3.2331932,3.2331932,0.0158116761934
2.9763578,2.9763578,0.0158116761934
-9.5213135,-9.5213135,0.0158116761934
-13.3581915,-10.0,0.0158116761934
3.233196,3.233196,0.0158116761934
3.2331995,3.2331995,0.0158116761934
1.5063923,1.5063923,0.0158116761934
2.4601531,2.4601531,0.0158116761934
6.0842137,6.0842137,0.331917411682
4.8549952,4.8549952,0.331917411682
-0.0444753,-0.0444753,0.331917411682
20.6060836,10.0,0.331917411682
3.4721139,3.4721139,0.331917411682
3.9489653,3.9489653,0.331917411682
17.8028855,10.0,0.331917411682
-0.6400475,-0.6400475,0.331917411682
20.9665431,10.0,0.331917411682
19.0563532,10.0,0.331917411682
2.4775865,2.4775865,0.331917411682
19.685659,10.0,0.331917411682
0.5318009,0.5318009,0.331917411682
-0.0331833,-0.0331833,0.331917411682
2.398004,2.398004,0.331917411682
5.107063,5.107063,0.331917411682
20.9357974,10.0,0.331917411682
6.235279,6.235279,0.331917411682
20.4474004,10.0,0.331917411682
-6.0842137,-6.0842137,0.331917411682
-1.2292185,-1.2292185,0.331917411682
-6.128689,-6.128689,0.331917411682
14.5218699,10.0,0.331917411682
-2.6120998,-2.6120998,0.331917411682
-2.1352484,-2.1352484,0.331917411682
11.7186718,10.0,0.331917411682
-6.7242612,-6.7242612,0.331917411682
14.8823294,10.0,0.331917411682
12.9721395,10.0,0.331917411682
-3.6066272,-3.6066272,0.331917411682
13.6014453,10.0,0.331917411682
-5.5524128,-5.5524128,0.331917411682
-6.117397,-6.117397,0.331917411682
-3.6862097,-3.6862097,0.331917411682
-0.9771507,-0.9771507,0.331917411682
14.8515837,10.0,0.331917411682
0.1510653,0.1510653,0.331917411682
14.3631867,10.0,0.331917411682
-4.8549952,-4.8549952,0.331917411682
1.2292185,1.2292185,0.331917411682
-4.8994705,-4.8994705,0.331917411682
15.7510884,10.0,0.331917411682
-1.3828813,-1.3828813,0.331917411682
-0.9060299,-0.9060299,0.331917411682
12.9478903,10.0,0.331917411682
-5.4950427,-5.4950427,0.331917411682
16.1115479,10.0,0.331917411682
14.201358,10.0,0.331917411682
-2.3774087,-2.3774087,0.331917411682
14.8306638,10.0,0.331917411682
-4.3231943,-4.3231943,0.331917411682
-4.8881785,-4.8881785,0.331917411682
-2.4569912,-2.4569912,0.331917411682
0.2520678,0.2520678,0.331917411682
16.0808022,10.0,0.331917411682
1.3802838,1.3802838,0.331917411682
15.5924052,10.0,0.331917411682
0.0444753,0.0444753,0.331917411682
6.128689,6.128689,0.331917411682
4.8994705,4.8994705,0.331917411682
20.6505589,10.0,0.331917411682
3.5165892,3.5165892,0.331917411682
3.9934406,3.9934406,0.331917411682
17.8473608,10.0,0.331917411682
-0.5955722,-0.5955722,0.331917411682
21.0110184,10.0,0.331917411682
19.1008285,10.0,0.331917411682
2.5220618,2.5220618,0.331917411682
19.7301343,10.0,0.331917411682
0.5762762,0.5762762,0.331917411682
0.011292,0.011292,0.331917411682
2.4424793,2.4424793,0.331917411682
5.1515383,5.1515383,0.331917411682
20.9802727,10.0,0.331917411682
6.2797543,6.2797543,0.331917411682
20.4918757,10.0,0.331917411682
-20.6060836,-10.0,0.331917411682
-14.5218699,-10.0,0.331917411682
-15.7510884,-10.0,0.331917411682
-20.6505589,-10.0,0.331917411682
-17.1339697,-10.0,0.331917411682
-16.6571183,-10.0,0.331917411682
-2.8031981,-2.8031981,0.331917411682
-21.2461311,-10.0,0.331917411682
0.3604595,0.3604595,0.331917411682
-1.5497304,-1.5497304,0.331917411682
-18.1284971,-10.0,0.331917411682
-0.9204246,-0.9204246,0.331917411682
-20.0742827,-10.0,0.331917411682
-20.6392669,-10.0,0.331917411682
-18.2080796,-10.0,0.331917411682
-15.4990206,-10.0,0.331917411682
0.3297138,0.3297138,0.331917411682
-14.3708046,-10.0,0.331917411682
-0.1586832,-0.1586832,0.331917411682
-3.4721139,-3.4721139,0.331917411682
2.6120998,2.6120998,0.331917411682
1.3828813,1.3828813,0.331917411682
-3.5165892,-3.5165892,0.331917411682
17.1339697,10.0,0.331917411682
0.4768514,0.4768514,0.331917411682
14.3307716,10.0,0.331917411682
-4.1121614,-4.1121614,0.331917411682
17.4944292,10.0,0.331917411682
15.5842393,10.0,0.331917411682
-0.9945274,-0.9945274,0.331917411682
16.2135451,10.0,0.331917411682
-2.940313,-2.940313,0.331917411682
-3.5052972,-3.5052972,0.331917411682
-1.0741099,-1.0741099,0.331917411682
1.6349491,1.6349491,0.331917411682
17.4636835,10.0,0.331917411682
2.7631651,2.7631651,0.331917411682
16.9752865,10.0,0.331917411682
-3.9489653,-3.9489653,0.331917411682
2.1352484,2.1352484,0.331917411682
0.9060299,0.9060299,0.331917411682
-3.9934406,-3.9934406,0.331917411682
16.6571183,10.0,0.331917411682
-0.4768514,-0.4768514,0.331917411682
13.8539202,10.0,0.331917411682
-4.5890128,-4.5890128,0.331917411682
17.0175778,10.0,0.331917411682
15.1073879,10.0,0.331917411682
-1.4713788,-1.4713788,0.331917411682
15.7366937,10.0,0.331917411682
-3.4171644,-3.4171644,0.331917411682
-3.9821486,-3.9821486,0.331917411682
-1.5509613,-1.5509613,0.331917411682
1.1580977,1.1580977,0.331917411682
16.9868321,10.0,0.331917411682
2.2863137,2.2863137,0.331917411682
16.4984351,10.0,0.331917411682
-17.8028855,-10.0,0.331917411682
-11.7186718,-10.0,0.331917411682
-12.9478903,-10.0,0.331917411682
-17.8473608,-10.0,0.331917411682
2.8031981,2.8031981,0.331917411682
-14.3307716,-10.0,0.331917411682
-13.8539202,-10.0,0.331917411682
-18.442933,-10.0,0.331917411682
3.1636576,3.1636576,0.331917411682
1.2534677,1.2534677,0.331917411682
-15.325299,-10.0,0.331917411682
1.8827735,1.8827735,0.331917411682
-17.2710846,-10.0,0.331917411682
-17.8360688,-10.0,0.331917411682
-15.4048815,-10.0,0.331917411682
-12.6958225,-10.0,0.331917411682
3.1329119,3.1329119,0.331917411682
-11.5676065,-10.0,0.331917411682
2.6445149,2.6445149,0.331917411682
0.6400475,0.6400475,0.331917411682
6.7242612,6.7242612,0.331917411682
5.4950427,5.4950427,0.331917411682
0.5955722,0.5955722,0.331917411682
21.2461311,10.0,0.331917411682
4.1121614,4.1121614,0.331917411682
4.5890128,4.5890128,0.331917411682
18.442933,10.0,0.331917411682
21.6065906,10.0,0.331917411682
19.6964007,10.0,0.331917411682
3.117634,3.117634,0.331917411682
20.3257065,10.0,0.331917411682
1.1718484,1.1718484,0.331917411682
0.6068642,0.6068642,0.331917411682
3.0380515,3.0380515,0.331917411682
5.7471105,5.7471105,0.331917411682
21.5758449,10.0,0.331917411682
6.8753265,6.8753265,0.331917411682
21.0874479,10.0,0.331917411682
-20.9665431,-10.0,0.331917411682
-14.8823294,-10.0,0.331917411682
-16.1115479,-10.0,0.331917411682
-21.0110184,-10.0,0.331917411682
-0.3604595,-0.3604595,0.331917411682
-17.4944292,-10.0,0.331917411682
-17.0175778,-10.0,0.331917411682
-3.1636576,-3.1636576,0.331917411682
-21.6065906,-10.0,0.331917411682
-1.9101899,-1.9101899,0.331917411682
-18.4889566,-10.0,0.331917411682
-1.2808841,-1.2808841,0.331917411682
-20.4347422,-10.0,0.331917411682
-20.9997264,-10.0,0.331917411682
-18.5685391,-10.0,0.331917411682
-15.8594801,-10.0,0.331917411682
-0.0307457,-0.0307457,0.331917411682
-14.7312641,-10.0,0.331917411682
-0.5191427,-0.5191427,0.331917411682
-19.0563532,-10.0,0.331917411682
-12.9721395,-10.0,0.331917411682
-14.201358,-10.0,0.331917411682
-19.1008285,-10.0,0.331917411682
1.5497304,1.5497304,0.331917411682
-15.5842393,-10.0,0.331917411682
-15.1073879,-10.0,0.331917411682
-1.2534677,-1.2534677,0.331917411682
-19.6964007,-10.0,0.331917411682
1.9101899,1.9101899,0.331917411682
-16.5787667,-10.0,0.331917411682
0.6293058,0.6293058,0.331917411682
-18.5245523,-10.0,0.331917411682
-19.0895365,-10.0,0.331917411682
-16.6583492,-10.0,0.331917411682
-13.9492902,-10.0,0.331917411682
1.8794442,1.8794442,0.331917411682
-12.8210742,-10.0,0.331917411682
1.3910472,1.3910472,0.331917411682
-2.4775865,-2.4775865,0.331917411682
3.6066272,3.6066272,0.331917411682
2.3774087,2.3774087,0.331917411682
-2.5220618,-2.5220618,0.331917411682
18.1284971,10.0,0.331917411682
0.9945274,0.9945274,0.331917411682
1.4713788,1.4713788,0.331917411682
15.325299,10.0,0.331917411682
-3.117634,-3.117634,0.331917411682
18.4889566,10.0,0.331917411682
16.5787667,10.0,0.331917411682
17.2080725,10.0,0.331917411682
-1.9457856,-1.9457856,0.331917411682
-2.5107698,-2.5107698,0.331917411682
-0.0795825,-0.0795825,0.331917411682
2.6294765,2.6294765,0.331917411682
18.4582109,10.0,0.331917411682
3.7576925,3.7576925,0.331917411682
17.9698139,10.0,0.331917411682
-19.685659,-10.0,0.331917411682
-13.6014453,-10.0,0.331917411682
-14.8306638,-10.0,0.331917411682
-19.7301343,-10.0,0.331917411682
0.9204246,0.9204246,0.331917411682
-16.2135451,-10.0,0.331917411682
-15.7366937,-10.0,0.331917411682
-1.8827735,-1.8827735,0.331917411682
-20.3257065,-10.0,0.331917411682
1.2808841,1.2808841,0.331917411682
-0.6293058,-0.6293058,0.331917411682
-17.2080725,-10.0,0.331917411682
-19.1538581,-10.0,0.331917411682
-19.7188423,-10.0,0.331917411682
-17.287655,-10.0,0.331917411682
-14.578596,-10.0,0.331917411682
1.2501384,1.2501384,0.331917411682
-13.45038,-10.0,0.331917411682
0.7617414,0.7617414,0.331917411682
-0.5318009,-0.5318009,0.331917411682
5.5524128,5.5524128,0.331917411682
4.3231943,4.3231943,0.331917411682
-0.5762762,-0.5762762,0.331917411682
20.0742827,10.0,0.331917411682
2.940313,2.940313,0.331917411682
3.4171644,3.4171644,0.331917411682
17.2710846,10.0,0.331917411682
-1.1718484,-1.1718484,0.331917411682
20.4347422,10.0,0.331917411682
18.5245523,10.0,0.331917411682
1.9457856,1.9457856,0.331917411682
19.1538581,10.0,0.331917411682
-0.5649842,-0.5649842,0.331917411682
1.8662031,1.8662031,0.331917411682
4.5752621,4.5752621,0.331917411682
20.4039965,10.0,0.331917411682
5.7034781,5.7034781,0.331917411682
19.9155995,10.0,0.331917411682
0.0331833,0.0331833,0.331917411682
6.117397,6.117397,0.331917411682
4.8881785,4.8881785,0.331917411682
-0.011292,-0.011292,0.331917411682
20.6392669,10.0,0.331917411682
3.5052972,3.5052972,0.331917411682
3.9821486,3.9821486,0.331917411682
17.8360688,10.0,0.331917411682
-0.6068642,-0.6068642,0.331917411682
20.9997264,10.0,0.331917411682
19.0895365,10.0,0.331917411682
2.5107698,2.5107698,0.331917411682
19.7188423,10.0,0.331917411682
0.5649842,0.5649842,0.331917411682
2.4311873,2.4311873,0.331917411682
5.1402463,5.1402463,0.331917411682
20.9689807,10.0,0.331917411682
6.2684623,6.2684623,0.331917411682
20.4805837,10.0,0.331917411682
-2.398004,-2.398004,0.331917411682
3.6862097,3.6862097,0.331917411682
2.4569912,2.4569912,0.331917411682
-2.4424793,-2.4424793,0.331917411682
18.2080796,10.0,0.331917411682
1.0741099,1.0741099,0.331917411682
1.5509613,1.5509613,0.331917411682
15.4048815,10.0,0.331917411682
-3.0380515,-3.0380515,0.331917411682
18.5685391,10.0,0.331917411682
16.6583492,10.0,0.331917411682
0.0795825,0.0795825,0.331917411682
17.287655,10.0,0.331917411682
-1.8662031,-1.8662031,0.331917411682
-2.4311873,-2.4311873,0.331917411682
2.709059,2.709059,0.331917411682
18.5377934,10.0,0.331917411682
3.837275,3.837275,0.331917411682
18.0493964,10.0,0.331917411682
-5.107063,-5.107063,0.331917411682
0.9771507,0.9771507,0.331917411682
-0.2520678,-0.2520678,0.331917411682
-5.1515383,-5.1515383,0.331917411682
15.4990206,10.0,0.331917411682
-1.6349491,-1.6349491,0.331917411682
-1.1580977,-1.1580977,0.331917411682
12.6958225,10.0,0.331917411682
-5.7471105,-5.7471105,0.331917411682
15.8594801,10.0,0.331917411682
13.9492902,10.0,0.331917411682
-2.6294765,-2.6294765,0.331917411682
14.578596,10.0,0.331917411682
-4.5752621,-4.5752621,0.331917411682
-5.1402463,-5.1402463,0.331917411682
-2.709059,-2.709059,0.331917411682
15.8287344,10.0,0.331917411682
1.128216,1.128216,0.331917411682
15.3403374,10.0,0.331917411682
-20.9357974,-10.0,0.331917411682
-14.8515837,-10.0,0.331917411682
-16.0808022,-10.0,0.331917411682
-20.9802727,-10.0,0.331917411682
-0.3297138,-0.3297138,0.331917411682
-17.4636835,-10.0,0.331917411682
-16.9868321,-10.0,0.331917411682
-3.1329119,-3.1329119,0.331917411682
-21.5758449,-10.0,0.331917411682
0.0307457,0.0307457,0.331917411682
-1.8794442,-1.8794442,0.331917411682
-18.4582109,-10.0,0.331917411682
-1.2501384,-1.2501384,0.331917411682
-20.4039965,-10.0,0.331917411682
-20.9689807,-10.0,0.331917411682
-18.5377934,-10.0,0.331917411682
-15.8287344,-10.0,0.331917411682
-14.7005184,-10.0,0.331917411682
-0.488397,-0.488397,0.331917411682
-6.235279,-6.235279,0.331917411682
-0.1510653,-0.1510653,0.331917411682
-1.3802838,-1.3802838,0.331917411682
-6.2797543,-6.2797543,0.331917411682
14.3708046,10.0,0.331917411682
-2.7631651,-2.7631651,0.331917411682
-2.2863137,-2.2863137,0.331917411682
11.5676065,10.0,0.331917411682
-6.8753265,-6.8753265,0.331917411682
14.7312641,10.0,0.331917411682
12.8210742,10.0,0.331917411682
-3.7576925,-3.7576925,0.331917411682
13.45038,10.0,0.331917411682
-5.7034781,-5.7034781,0.331917411682
-6.2684623,-6.2684623,0.331917411682
-3.837275,-3.837275,0.331917411682
-1.128216,-1.128216,0.331917411682
14.7005184,10.0,0.331917411682
14.2121214,10.0,0.331917411682
-20.4474004,-10.0,0.331917411682
-14.3631867,-10.0,0.331917411682
-15.5924052,-10.0,0.331917411682
-20.4918757,-10.0,0.331917411682
0.1586832,0.1586832,0.331917411682
-16.9752865,-10.0,0.331917411682
-16.4984351,-10.0,0.331917411682
-2.6445149,-2.6445149,0.331917411682
-21.0874479,-10.0,0.331917411682
0.5191427,0.5191427,0.331917411682
-1.3910472,-1.3910472,0.331917411682
-17.9698139,-10.0,0.331917411682
-0.7617414,-0.7617414,0.331917411682
-19.9155995,-10.0,0.331917411682
-20.4805837,-10.0,0.331917411682
-18.0493964,-10.0,0.331917411682
-15.3403374,-10.0,0.331917411682
0.488397,0.488397,0.331917411682
-14.2121214,-10.0,0.331917411682
2.7177016,2.7177016,0.430079867084
15.8592271,10.0,0.430079867084
5.8930775,5.8930775,0.430079867084
15.4191163,10.0,0.430079867084
2.9467868,2.9467868,0.430079867084
0.0128547,0.0128547,0.430079867084
18.6572575,10.0,0.430079867084
0.6214683,0.6214683,0.430079867084
1.5210236,1.5210236,0.430079867084
2.1660672,2.1660672,0.430079867084
2.7805332,2.7805332,0.430079867084
20.4031092,10.0,0.430079867084
1.3911279,1.3911279,0.430079867084
-0.5968908,-0.5968908,0.430079867084
1.1081126,1.1081126,0.430079867084
2.332545,2.332545,0.430079867084
15.1038565,10.0,0.430079867084
0.8206395,0.8206395,0.430079867084
2.8625111,2.8625111,0.430079867084
-2.7177016,-2.7177016,0.430079867084
13.1415255,10.0,0.430079867084
3.1753759,3.1753759,0.430079867084
12.7014147,10.0,0.430079867084
0.2290852,0.2290852,0.430079867084
-2.7048469,-2.7048469,0.430079867084
15.9395559,10.0,0.430079867084
-2.0962333,-2.0962333,0.430079867084
-1.196678,-1.196678,0.430079867084
-0.5516344,-0.5516344,0.430079867084
0.0628316,0.0628316,0.430079867084
17.6854076,10.0,0.430079867084
-1.3265737,-1.3265737,0.430079867084
-3.3145924,-3.3145924,0.430079867084
-1.609589,-1.609589,0.430079867084
-0.3851566,-0.3851566,0.430079867084
12.3861549,10.0,0.430079867084
-1.8970621,-1.8970621,0.430079867084
0.1448095,0.1448095,0.430079867084
-15.8592271,-10.0,0.430079867084
-13.1415255,-10.0,0.430079867084
-9.9661496,-9.9661496,0.430079867084
-0.4401108,-0.4401108,0.430079867084
-12.9124403,-10.0,0.430079867084
-15.8463724,-10.0,0.430079867084
2.7980304,2.7980304,0.430079867084
-15.2377588,-10.0,0.430079867084
-14.3382035,-10.0,0.430079867084
-13.6931599,-10.0,0.430079867084
-13.0786939,-10.0,0.430079867084
4.5438821,4.5438821,0.430079867084
-14.4680992,-10.0,0.430079867084
-16.4561179,-10.0,0.430079867084
-14.7511145,-10.0,0.430079867084
-13.5266821,-10.0,0.430079867084
-0.7553706,-0.7553706,0.430079867084
-15.0385876,-10.0,0.430079867084
-12.996716,-10.0,0.430079867084
-5.8930775,-5.8930775,0.430079867084
-3.1753759,-3.1753759,0.430079867084
9.9661496,9.9661496,0.430079867084
9.5260388,9.5260388,0.430079867084
-2.9462907,-2.9462907,0.430079867084
-5.8802228,-5.8802228,0.430079867084
12.76418,10.0,0.430079867084
-5.2716092,-5.2716092,0.430079867084
-4.3720539,-4.3720539,0.430079867084
-3.7270103,-3.7270103,0.430079867084
-3.1125443,-3.1125443,0.430079867084
14.5100317,10.0,0.430079867084
-4.5019496,-4.5019496,0.430079867084
-6.4899683,-6.4899683,0.430079867084
-4.7849649,-4.7849649,0.430079867084
-3.5605325,-3.5605325,0.430079867084
9.210779,9.210779,0.430079867084
-5.072438,-5.072438,0.430079867084
-3.0305664,-3.0305664,0.430079867084
-15.4191163,-10.0,0.430079867084
-12.7014147,-10.0,0.430079867084
0.4401108,0.4401108,0.430079867084
-9.5260388,-9.5260388,0.430079867084
-12.4723295,-10.0,0.430079867084
-15.4062616,-10.0,0.430079867084
3.2381412,3.2381412,0.430079867084
-14.797648,-10.0,0.430079867084
-13.8980927,-10.0,0.430079867084
-13.2530491,-10.0,0.430079867084
-12.6385831,-10.0,0.430079867084
4.9839929,4.9839929,0.430079867084
-14.0279884,-10.0,0.430079867084
-16.0160071,-10.0,0.430079867084
-14.3110037,-10.0,0.430079867084
-13.0865713,-10.0,0.430079867084
-0.3152598,-0.3152598,0.430079867084
-14.5984768,-10.0,0.430079867084
-12.5566052,-10.0,0.430079867084
-2.9467868,-2.9467868,0.430079867084
-0.2290852,-0.2290852,0.430079867084
12.9124403,10.0,0.430079867084
2.9462907,2.9462907,0.430079867084
12.4723295,10.0,0.430079867084
-2.9339321,-2.9339321,0.430079867084
15.7104707,10.0,0.430079867084
-2.3253185,-2.3253185,0.430079867084
-1.4257632,-1.4257632,0.430079867084
-0.7807196,-0.7807196,0.430079867084
-0.1662536,-0.1662536,0.430079867084
17.4563224,10.0,0.430079867084
-1.5556589,-1.5556589,0.430079867084
-3.5436776,-3.5436776,0.430079867084
-1.8386742,-1.8386742,0.430079867084
-0.6142418,-0.6142418,0.430079867084
12.1570697,10.0,0.430079867084
-2.1261473,-2.1261473,0.430079867084
-0.0842757,-0.0842757,0.430079867084
-0.0128547,-0.0128547,0.430079867084
2.7048469,2.7048469,0.430079867084
15.8463724,10.0,0.430079867084
5.8802228,5.8802228,0.430079867084
15.4062616,10.0,0.430079867084
2.9339321,2.9339321,0.430079867084
18.6444028,10.0,0.430079867084
0.6086136,0.6086136,0.430079867084
1.5081689,1.5081689,0.430079867084
2.1532125,2.1532125,0.430079867084
2.7676785,2.7676785,0.430079867084
20.3902545,10.0,0.430079867084
1.3782732,1.3782732,0.430079867084
-0.6097455,-0.6097455,0.430079867084
1.0952579,1.0952579,0.430079867084
2.3196903,2.3196903,0.430079867084
15.0910018,10.0,0.430079867084
0.8077848,0.8077848,0.430079867084
2.8496564,2.8496564,0.430079867084
-18.6572575,-10.0,0.430079867084
-15.9395559,-10.0,0.430079867084
-2.7980304,-2.7980304,0.430079867084
-12.76418,-10.0,0.430079867084
-3.2381412,-3.2381412,0.430079867084
-15.7104707,-10.0,0.430079867084
-18.6444028,-10.0,0.430079867084
-18.0357892,-10.0,0.430079867084
-17.1362339,-10.0,0.430079867084
-16.4911903,-10.0,0.430079867084
-15.8767243,-10.0,0.430079867084
1.7458517,1.7458517,0.430079867084
-17.2661296,-10.0,0.430079867084
-19.2541483,-10.0,0.430079867084
-17.5491449,-10.0,0.430079867084
-16.3247125,-10.0,0.430079867084
-3.553401,-3.553401,0.430079867084
-17.836618,-10.0,0.430079867084
-15.7947464,-10.0,0.430079867084
-0.6214683,-0.6214683,0.430079867084
2.0962333,2.0962333,0.430079867084
15.2377588,10.0,0.430079867084
5.2716092,5.2716092,0.430079867084
14.797648,10.0,0.430079867084
2.3253185,2.3253185,0.430079867084
-0.6086136,-0.6086136,0.430079867084
18.0357892,10.0,0.430079867084
0.8995553,0.8995553,0.430079867084
1.5445989,1.5445989,0.430079867084
2.1590649,2.1590649,0.430079867084
19.7816409,10.0,0.430079867084
0.7696596,0.7696596,0.430079867084
-1.2183591,-1.2183591,0.430079867084
0.4866443,0.4866443,0.430079867084
1.7110767,1.7110767,0.430079867084
14.4823882,10.0,0.430079867084
0.1991712,0.1991712,0.430079867084
2.2410428,2.2410428,0.430079867084
-1.5210236,-1.5210236,0.430079867084
1.196678,1.196678,0.430079867084
14.3382035,10.0,0.430079867084
4.3720539,4.3720539,0.430079867084
13.8980927,10.0,0.430079867084
1.4257632,1.4257632,0.430079867084
-1.5081689,-1.5081689,0.430079867084
17.1362339,10.0,0.430079867084
-0.8995553,-0.8995553,0.430079867084
0.6450436,0.6450436,0.430079867084
1.2595096,1.2595096,0.430079867084
18.8820856,10.0,0.430079867084
-0.1298957,-0.1298957,0.430079867084
-2.1179144,-2.1179144,0.430079867084
-0.412911,-0.412911,0.430079867084
0.8115214,0.8115214,0.430079867084
13.5828329,10.0,0.430079867084
-0.7003841,-0.7003841,0.430079867084
1.3414875,1.3414875,0.430079867084
-2.1660672,-2.1660672,0.430079867084
0.5516344,0.5516344,0.430079867084
13.6931599,10.0,0.430079867084
3.7270103,3.7270103,0.430079867084
13.2530491,10.0,0.430079867084
0.7807196,0.7807196,0.430079867084
-2.1532125,-2.1532125,0.430079867084
16.4911903,10.0,0.430079867084
-1.5445989,-1.5445989,0.430079867084
-0.6450436,-0.6450436,0.430079867084
0.614466,0.614466,0.430079867084
18.237042,10.0,0.430079867084
-0.7749393,-0.7749393,0.430079867084
-2.762958,-2.762958,0.430079867084
-1.0579546,-1.0579546,0.430079867084
0.1664778,0.1664778,0.430079867084
12.9377893,10.0,0.430079867084
-1.3454277,-1.3454277,0.430079867084
0.6964439,0.6964439,0.430079867084
-2.7805332,-2.7805332,0.430079867084
-0.0628316,-0.0628316,0.430079867084
13.0786939,10.0,0.430079867084
3.1125443,3.1125443,0.430079867084
12.6385831,10.0,0.430079867084
0.1662536,0.1662536,0.430079867084
-2.7676785,-2.7676785,0.430079867084
15.8767243,10.0,0.430079867084
-2.1590649,-2.1590649,0.430079867084
-1.2595096,-1.2595096,0.430079867084
-0.614466,-0.614466,0.430079867084
17.622576,10.0,0.430079867084
-1.3894053,-1.3894053,0.430079867084
-3.377424,-3.377424,0.430079867084
-1.6724206,-1.6724206,0.430079867084
-0.4479882,-0.4479882,0.430079867084
12.3233233,10.0,0.430079867084
-1.9598937,-1.9598937,0.430079867084
0.0819779,0.0819779,0.430079867084
-20.4031092,-10.0,0.430079867084
-17.6854076,-10.0,0.430079867084
-4.5438821,-4.5438821,0.430079867084
-14.5100317,-10.0,0.430079867084
-4.9839929,-4.9839929,0.430079867084
-17.4563224,-10.0,0.430079867084
-20.3902545,-10.0,0.430079867084
-1.7458517,-1.7458517,0.430079867084
-19.7816409,-10.0,0.430079867084
-18.8820856,-10.0,0.430079867084
-18.237042,-10.0,0.430079867084
-17.622576,-10.0,0.430079867084
-19.0119813,-10.0,0.430079867084
-21.0,-10.0,0.430079867084
-19.2949966,-10.0,0.430079867084
-18.0705642,-10.0,0.430079867084
-5.2992527,-5.2992527,0.430079867084
-19.5824697,-10.0,0.430079867084
-17.5405981,-10.0,0.430079867084
-1.3911279,-1.3911279,0.430079867084
1.3265737,1.3265737,0.430079867084
14.4680992,10.0,0.430079867084
4.5019496,4.5019496,0.430079867084
14.0279884,10.0,0.430079867084
1.5556589,1.5556589,0.430079867084
-1.3782732,-1.3782732,0.430079867084
17.2661296,10.0,0.430079867084
-0.7696596,-0.7696596,0.430079867084
0.1298957,0.1298957,0.430079867084
0.7749393,0.7749393,0.430079867084
1.3894053,1.3894053,0.430079867084
19.0119813,10.0,0.430079867084
-1.9880187,-1.9880187,0.430079867084
-0.2830153,-0.2830153,0.430079867084
0.9414171,0.9414171,0.430079867084
13.7127286,10.0,0.430079867084
-0.5704884,-0.5704884,0.430079867084
1.4713832,1.4713832,0.430079867084
0.5968908,0.5968908,0.430079867084
3.3145924,3.3145924,0.430079867084
16.4561179,10.0,0.430079867084
6.4899683,6.4899683,0.430079867084
16.0160071,10.0,0.430079867084
3.5436776,3.5436776,0.430079867084
0.6097455,0.6097455,0.430079867084
19.2541483,10.0,0.430079867084
1.2183591,1.2183591,0.430079867084
2.1179144,2.1179144,0.430079867084
2.762958,2.762958,0.430079867084
3.377424,3.377424,0.430079867084
21.0,10.0,0.430079867084
1.9880187,1.9880187,0.430079867084
1.7050034,1.7050034,0.430079867084
2.9294358,2.9294358,0.430079867084
15.7007473,10.0,0.430079867084
1.4175303,1.4175303,0.430079867084
3.4594019,3.4594019,0.430079867084
-1.1081126,-1.1081126,0.430079867084
1.609589,1.609589,0.430079867084
14.7511145,10.0,0.430079867084
4.7849649,4.7849649,0.430079867084
14.3110037,10.0,0.430079867084
1.8386742,1.8386742,0.430079867084
-1.0952579,-1.0952579,0.430079867084
17.5491449,10.0,0.430079867084
-0.4866443,-0.4866443,0.430079867084
0.412911,0.412911,0.430079867084
1.0579546,1.0579546,0.430079867084
1.6724206,1.6724206,0.430079867084
19.2949966,10.0,0.430079867084
0.2830153,0.2830153,0.430079867084
-1.7050034,-1.7050034,0.430079867084
1.2244324,1.2244324,0.430079867084
13.9957439,10.0,0.430079867084
-0.2874731,-0.2874731,0.430079867084
1.7543985,1.7543985,0.430079867084
-2.332545,-2.332545,0.430079867084
0.3851566,0.3851566,0.430079867084
13.5266821,10.0,0.430079867084
3.5605325,3.5605325,0.430079867084
13.0865713,10.0,0.430079867084
0.6142418,0.6142418,0.430079867084
-2.3196903,-2.3196903,0.430079867084
16.3247125,10.0,0.430079867084
-1.7110767,-1.7110767,0.430079867084
-0.8115214,-0.8115214,0.430079867084
-0.1664778,-0.1664778,0.430079867084
0.4479882,0.4479882,0.430079867084
18.0705642,10.0,0.430079867084
-0.9414171,-0.9414171,0.430079867084
-2.9294358,-2.9294358,0.430079867084
-1.2244324,-1.2244324,0.430079867084
12.7713115,10.0,0.430079867084
-1.5119055,-1.5119055,0.430079867084
0.5299661,0.5299661,0.430079867084
-15.1038565,-10.0,0.430079867084
-12.3861549,-10.0,0.430079867084
0.7553706,0.7553706,0.430079867084
-9.210779,-9.210779,0.430079867084
0.3152598,0.3152598,0.430079867084
-12.1570697,-10.0,0.430079867084
-15.0910018,-10.0,0.430079867084
3.553401,3.553401,0.430079867084
-14.4823882,-10.0,0.430079867084
-13.5828329,-10.0,0.430079867084
-12.9377893,-10.0,0.430079867084
-12.3233233,-10.0,0.430079867084
5.2992527,5.2992527,0.430079867084
-13.7127286,-10.0,0.430079867084
-15.7007473,-10.0,0.430079867084
-13.9957439,-10.0,0.430079867084
-12.7713115,-10.0,0.430079867084
-14.283217,-10.0,0.430079867084
-12.2413454,-10.0,0.430079867084
-0.8206395,-0.8206395,0.430079867084
1.8970621,1.8970621,0.430079867084
15.0385876,10.0,0.430079867084
5.072438,5.072438,0.430079867084
14.5984768,10.0,0.430079867084
2.1261473,2.1261473,0.430079867084
-0.8077848,-0.8077848,0.430079867084
17.836618,10.0,0.430079867084
-0.1991712,-0.1991712,0.430079867084
0.7003841,0.7003841,0.430079867084
1.3454277,1.3454277,0.430079867084
1.9598937,1.9598937,0.430079867084
19.5824697,10.0,0.430079867084
0.5704884,0.5704884,0.430079867084
-1.4175303,-1.4175303,0.430079867084
0.2874731,0.2874731,0.430079867084
1.5119055,1.5119055,0.430079867084
14.283217,10.0,0.430079867084
2.0418716,2.0418716,0.430079867084
-2.8625111,-2.8625111,0.430079867084
-0.1448095,-0.1448095,0.430079867084
12.996716,10.0,0.430079867084
3.0305664,3.0305664,0.430079867084
12.5566052,10.0,0.430079867084
0.0842757,0.0842757,0.430079867084
-2.8496564,-2.8496564,0.430079867084
15.7947464,10.0,0.430079867084
-2.2410428,-2.2410428,0.430079867084
-1.3414875,-1.3414875,0.430079867084
-0.6964439,-0.6964439,0.430079867084
-0.0819779,-0.0819779,0.430079867084
17.5405981,10.0,0.430079867084
-1.4713832,-1.4713832,0.430079867084
-3.4594019,-3.4594019,0.430079867084
-1.7543985,-1.7543985,0.430079867084
-0.5299661,-0.5299661,0.430079867084
12.2413454,10.0,0.430079867084
-2.0418716,-2.0418716,0.430079867084
-0.4976451,-0.4976451,0.0928753546759
0.137223,0.137223,0.0928753546759
-1.1835094,-1.1835094,0.0928753546759
0.2052272,0.2052272,0.0928753546759
-20.7943553,-10.0,0.0928753546759
-17.4065063,-10.0,0.0928753546759
0.2056411,0.2056411,0.0928753546759
-3.091405,-3.091405,0.0928753546759
0.1461809,0.1461809,0.0928753546759
-0.0068321,-0.0068321,0.0928753546759
-0.7651528,-0.7651528,0.0928753546759
-1.5252562,-1.5252562,0.0928753546759
-19.5887703,-10.0,0.0928753546759
-17.5122514,-10.0,0.0928753546759
0.2056433,0.2056433,0.0928753546759
0.2056029,0.2056029,0.0928753546759
-0.1242261,-0.1242261,0.0928753546759
-1.5693399,-1.5693399,0.0928753546759
0.0964935,0.0964935,0.0928753546759
0.4976451,0.4976451,0.0928753546759
0.6348681,0.6348681,0.0928753546759
-0.6858643,-0.6858643,0.0928753546759
0.7028723,0.7028723,0.0928753546759
-20.2967102,-10.0,0.0928753546759
-16.9088612,-10.0,0.0928753546759
0.7032862,0.7032862,0.0928753546759
-2.5937599,-2.5937599,0.0928753546759
0.643826,0.643826,0.0928753546759
0.490813,0.490813,0.0928753546759
-0.2675077,-0.2675077,0.0928753546759
-1.0276111,-1.0276111,0.0928753546759
-19.0911252,-10.0,0.0928753546759
-17.0146063,-10.0,0.0928753546759
0.7032884,0.7032884,0.0928753546759
0.703248,0.703248,0.0928753546759
0.373419,0.373419,0.0928753546759
-1.0716948,-1.0716948,0.0928753546759
0.5941386,0.5941386,0.0928753546759
-0.137223,-0.137223,0.0928753546759
-0.6348681,-0.6348681,0.0928753546759
-1.3207324,-1.3207324,0.0928753546759
0.0680042,0.0680042,0.0928753546759
-20.9315783,-10.0,0.0928753546759
-17.5437293,-10.0,0.0928753546759
0.0684181,0.0684181,0.0928753546759
-3.228628,-3.228628,0.0928753546759
0.0089579,0.0089579,0.0928753546759
-0.1440551,-0.1440551,0.0928753546759
-0.9023758,-0.9023758,0.0928753546759
-1.6624792,-1.6624792,0.0928753546759
-19.7259933,-10.0,0.0928753546759
-17.6494744,-10.0,0.0928753546759
0.0684203,0.0684203,0.0928753546759
0.0683799,0.0683799,0.0928753546759
-0.2614491,-0.2614491,0.0928753546759
-1.7065629,-1.7065629,0.0928753546759
-0.0407295,-0.0407295,0.0928753546759
1.1835094,1.1835094,0.0928753546759
0.6858643,0.6858643,0.0928753546759
1.3207324,1.3207324,0.0928753546759
1.3887366,1.3887366,0.0928753546759
-19.6108459,-10.0,0.0928753546759
-16.2229969,-10.0,0.0928753546759
1.3891505,1.3891505,0.0928753546759
-1.9078956,-1.9078956,0.0928753546759
1.3296903,1.3296903,0.0928753546759
1.1766773,1.1766773,0.0928753546759
0.4183566,0.4183566,0.0928753546759
-0.3417468,-0.3417468,0.0928753546759
-18.4052609,-10.0,0.0928753546759
-16.328742,-10.0,0.0928753546759
1.3891527,1.3891527,0.0928753546759
1.3891123,1.3891123,0.0928753546759
1.0592833,1.0592833,0.0928753546759
-0.3858305,-0.3858305,0.0928753546759
1.2800029,1.2800029,0.0928753546759
-0.2052272,-0.2052272,0.0928753546759
-0.7028723,-0.7028723,0.0928753546759
-0.0680042,-0.0680042,0.0928753546759
-1.3887366,-1.3887366,0.0928753546759
-20.9995825,-10.0,0.0928753546759
-17.6117335,-10.0,0.0928753546759
0.000413900000002,0.000413900000002,0.0928753546759
-3.2966322,-3.2966322,0.0928753546759
-0.0590463,-0.0590463,0.0928753546759
-0.2120593,-0.2120593,0.0928753546759
-0.97038,-0.97038,0.0928753546759
-1.7304834,-1.7304834,0.0928753546759
-19.7939975,-10.0,0.0928753546759
-17.7174786,-10.0,0.0928753546759
0.000416100000002,0.000416100000002,0.0928753546759
0.000375699999999,0.000375699999999,0.0928753546759
-0.3294533,-0.3294533,0.0928753546759
-1.7745671,-1.7745671,0.0928753546759
-0.1087337,-0.1087337,0.0928753546759
20.7943553,10.0,0.0928753546759
20.2967102,10.0,0.0928753546759
20.9315783,10.0,0.0928753546759
19.6108459,10.0,0.0928753546759
20.9995825,10.0,0.0928753546759
3.387849,3.387849,0.0928753546759
20.9999964,10.0,0.0928753546759
17.7029503,10.0,0.0928753546759
20.9405362,10.0,0.0928753546759
20.7875232,10.0,0.0928753546759
20.0292025,10.0,0.0928753546759
19.2690991,10.0,0.0928753546759
1.205585,1.205585,0.0928753546759
3.2821039,3.2821039,0.0928753546759
20.9999986,10.0,0.0928753546759
20.9999582,10.0,0.0928753546759
20.6701292,10.0,0.0928753546759
19.2250154,10.0,0.0928753546759
20.8908488,10.0,0.0928753546759
17.4065063,10.0,0.0928753546759
16.9088612,10.0,0.0928753546759
17.5437293,10.0,0.0928753546759
16.2229969,10.0,0.0928753546759
17.6117335,10.0,0.0928753546759
-3.387849,-3.387849,0.0928753546759
17.6121474,10.0,0.0928753546759
14.3151013,10.0,0.0928753546759
17.5526872,10.0,0.0928753546759
17.3996742,10.0,0.0928753546759
16.6413535,10.0,0.0928753546759
15.8812501,10.0,0.0928753546759
-2.182264,-2.182264,0.0928753546759
-0.1057451,-0.1057451,0.0928753546759
17.6121496,10.0,0.0928753546759
17.6121092,10.0,0.0928753546759
17.2822802,10.0,0.0928753546759
15.8371664,10.0,0.0928753546759
17.5029998,10.0,0.0928753546759
-0.2056411,-0.2056411,0.0928753546759
-0.7032862,-0.7032862,0.0928753546759
-0.0684181,-0.0684181,0.0928753546759
-1.3891505,-1.3891505,0.0928753546759
-0.000413900000002,-0.000413900000002,0.0928753546759
-20.9999964,-10.0,0.0928753546759
-17.6121474,-10.0,0.0928753546759
-3.2970461,-3.2970461,0.0928753546759
-0.0594602,-0.0594602,0.0928753546759
-0.2124732,-0.2124732,0.0928753546759
-0.9707939,-0.9707939,0.0928753546759
-1.7308973,-1.7308973,0.0928753546759
-19.7944114,-10.0,0.0928753546759
-17.7178925,-10.0,0.0928753546759
2.20000000084e-06,2.20000000084e-06,0.0928753546759
-3.82000000023e-05,-3.82000000023e-05,0.0928753546759
-0.3298672,-0.3298672,0.0928753546759
-1.774981,-1.774981,0.0928753546759
-0.1091476,-0.1091476,0.0928753546759
3.091405,3.091405,0.0928753546759
2.5937599,2.5937599,0.0928753546759
3.228628,3.228628,0.0928753546759
1.9078956,1.9078956,0.0928753546759
3.2966322,3.2966322,0.0928753546759
-17.7029503,-10.0,0.0928753546759
-14.3151013,-10.0,0.0928753546759
3.2970461,3.2970461,0.0928753546759
3.2375859,3.2375859,0.0928753546759
3.0845729,3.0845729,0.0928753546759
2.3262522,2.3262522,0.0928753546759
1.5661488,1.5661488,0.0928753546759
-16.4973653,-10.0,0.0928753546759
-14.4208464,-10.0,0.0928753546759
3.2970483,3.2970483,0.0928753546759
3.2970079,3.2970079,0.0928753546759
2.9671789,2.9671789,0.0928753546759
1.5220651,1.5220651,0.0928753546759
3.1878985,3.1878985,0.0928753546759
-0.1461809,-0.1461809,0.0928753546759
-0.643826,-0.643826,0.0928753546759
-0.0089579,-0.0089579,0.0928753546759
-1.3296903,-1.3296903,0.0928753546759
0.0590463,0.0590463,0.0928753546759
-20.9405362,-10.0,0.0928753546759
-17.5526872,-10.0,0.0928753546759
0.0594602,0.0594602,0.0928753546759
-3.2375859,-3.2375859,0.0928753546759
-0.153013,-0.153013,0.0928753546759
-0.9113337,-0.9113337,0.0928753546759
-1.6714371,-1.6714371,0.0928753546759
-19.7349512,-10.0,0.0928753546759
-17.6584323,-10.0,0.0928753546759
0.0594624,0.0594624,0.0928753546759
0.059422,0.059422,0.0928753546759
-0.270407,-0.270407,0.0928753546759
-1.7155208,-1.7155208,0.0928753546759
-0.0496874,-0.0496874,0.0928753546759
0.0068321,0.0068321,0.0928753546759
-0.490813,-0.490813,0.0928753546759
0.1440551,0.1440551,0.0928753546759
-1.1766773,-1.1766773,0.0928753546759
0.2120593,0.2120593,0.0928753546759
-20.7875232,-10.0,0.0928753546759
-17.3996742,-10.0,0.0928753546759
0.2124732,0.2124732,0.0928753546759
-3.0845729,-3.0845729,0.0928753546759
0.153013,0.153013,0.0928753546759
-0.7583207,-0.7583207,0.0928753546759
-1.5184241,-1.5184241,0.0928753546759
-19.5819382,-10.0,0.0928753546759
-17.5054193,-10.0,0.0928753546759
0.2124754,0.2124754,0.0928753546759
0.212435,0.212435,0.0928753546759
-0.117394,-0.117394,0.0928753546759
-1.5625078,-1.5625078,0.0928753546759
0.1033256,0.1033256,0.0928753546759
0.7651528,0.7651528,0.0928753546759
0.2675077,0.2675077,0.0928753546759
0.9023758,0.9023758,0.0928753546759
-0.4183566,-0.4183566,0.0928753546759
0.97038,0.97038,0.0928753546759
-20.0292025,-10.0,0.0928753546759
-16.6413535,-10.0,0.0928753546759
0.9707939,0.9707939,0.0928753546759
-2.3262522,-2.3262522,0.0928753546759
0.9113337,0.9113337,0.0928753546759
0.7583207,0.7583207,0.0928753546759
-0.7601034,-0.7601034,0.0928753546759
-18.8236175,-10.0,0.0928753546759
-16.7470986,-10.0,0.0928753546759
0.9707961,0.9707961,0.0928753546759
0.9707557,0.9707557,0.0928753546759
0.6409267,0.6409267,0.0928753546759
-0.8041871,-0.8041871,0.0928753546759
0.8616463,0.8616463,0.0928753546759
1.5252562,1.5252562,0.0928753546759
1.0276111,1.0276111,0.0928753546759
1.6624792,1.6624792,0.0928753546759
0.3417468,0.3417468,0.0928753546759
1.7304834,1.7304834,0.0928753546759
-19.2690991,-10.0,0.0928753546759
-15.8812501,-10.0,0.0928753546759
1.7308973,1.7308973,0.0928753546759
-1.5661488,-1.5661488,0.0928753546759
1.6714371,1.6714371,0.0928753546759
1.5184241,1.5184241,0.0928753546759
0.7601034,0.7601034,0.0928753546759
-18.0635141,-10.0,0.0928753546759
-15.9869952,-10.0,0.0928753546759
1.7308995,1.7308995,0.0928753546759
1.7308591,1.7308591,0.0928753546759
1.4010301,1.4010301,0.0928753546759
-0.0440837,-0.0440837,0.0928753546759
1.6217497,1.6217497,0.0928753546759
19.5887703,10.0,0.0928753546759
19.0911252,10.0,0.0928753546759
19.7259933,10.0,0.0928753546759
18.4052609,10.0,0.0928753546759
19.7939975,10.0,0.0928753546759
-1.205585,-1.205585,0.0928753546759
2.182264,2.182264,0.0928753546759
19.7944114,10.0,0.0928753546759
16.4973653,10.0,0.0928753546759
19.7349512,10.0,0.0928753546759
19.5819382,10.0,0.0928753546759
18.8236175,10.0,0.0928753546759
18.0635141,10.0,0.0928753546759
2.0765189,2.0765189,0.0928753546759
19.7944136,10.0,0.0928753546759
19.7943732,10.0,0.0928753546759
19.4645442,10.0,0.0928753546759
18.0194304,10.0,0.0928753546759
19.6852638,10.0,0.0928753546759
17.5122514,10.0,0.0928753546759
17.0146063,10.0,0.0928753546759
17.6494744,10.0,0.0928753546759
16.328742,10.0,0.0928753546759
17.7174786,10.0,0.0928753546759
-3.2821039,-3.2821039,0.0928753546759
0.1057451,0.1057451,0.0928753546759
17.7178925,10.0,0.0928753546759
14.4208464,10.0,0.0928753546759
17.6584323,10.0,0.0928753546759
17.5054193,10.0,0.0928753546759
16.7470986,10.0,0.0928753546759
15.9869952,10.0,0.0928753546759
-2.0765189,-2.0765189,0.0928753546759
17.7178947,10.0,0.0928753546759
17.7178543,10.0,0.0928753546759
17.3880253,10.0,0.0928753546759
15.9429115,10.0,0.0928753546759
17.6087449,10.0,0.0928753546759
-0.2056433,-0.2056433,0.0928753546759
-0.7032884,-0.7032884,0.0928753546759
-0.0684203,-0.0684203,0.0928753546759
-1.3891527,-1.3891527,0.0928753546759
-0.000416100000002,-0.000416100000002,0.0928753546759
-20.9999986,-10.0,0.0928753546759
-17.6121496,-10.0,0.0928753546759
-2.20000000084e-06,-2.20000000084e-06,0.0928753546759
-3.2970483,-3.2970483,0.0928753546759
-0.0594624,-0.0594624,0.0928753546759
-0.2124754,-0.2124754,0.0928753546759
-0.9707961,-0.9707961,0.0928753546759
-1.7308995,-1.7308995,0.0928753546759
-19.7944136,-10.0,0.0928753546759
-17.7178947,-10.0,0.0928753546759
-4.04000000032e-05,-4.04000000032e-05,0.0928753546759
-0.3298694,-0.3298694,0.0928753546759
-1.7749832,-1.7749832,0.0928753546759
-0.1091498,-0.1091498,0.0928753546759
-0.2056029,-0.2056029,0.0928753546759
-0.703248,-0.703248,0.0928753546759
-0.0683799,-0.0683799,0.0928753546759
-1.3891123,-1.3891123,0.0928753546759
-0.000375699999999,-0.000375699999999,0.0928753546759
-20.9999582,-10.0,0.0928753546759
-17.6121092,-10.0,0.0928753546759
3.82000000023e-05,3.82000000023e-05,0.0928753546759
-3.2970079,-3.2970079,0.0928753546759
-0.059422,-0.059422,0.0928753546759
-0.212435,-0.212435,0.0928753546759
-0.9707557,-0.9707557,0.0928753546759
-1.7308591,-1.7308591,0.0928753546759
-19.7943732,-10.0,0.0928753546759
-17.7178543,-10.0,0.0928753546759
4.04000000032e-05,4.04000000032e-05,0.0928753546759
-0.329829,-0.329829,0.0928753546759
-1.7749428,-1.7749428,0.0928753546759
-0.1091094,-0.1091094,0.0928753546759
0.1242261,0.1242261,0.0928753546759
-0.373419,-0.373419,0.0928753546759
0.2614491,0.2614491,0.0928753546759
-1.0592833,-1.0592833,0.0928753546759
0.3294533,0.3294533,0.0928753546759
-20.6701292,-10.0,0.0928753546759
-17.2822802,-10.0,0.0928753546759
0.3298672,0.3298672,0.0928753546759
-2.9671789,-2.9671789,0.0928753546759
0.270407,0.270407,0.0928753546759
0.117394,0.117394,0.0928753546759
-0.6409267,-0.6409267,0.0928753546759
-1.4010301,-1.4010301,0.0928753546759
-19.4645442,-10.0,0.0928753546759
-17.3880253,-10.0,0.0928753546759
0.3298694,0.3298694,0.0928753546759
0.329829,0.329829,0.0928753546759
-1.4451138,-1.4451138,0.0928753546759
0.2207196,0.2207196,0.0928753546759
1.5693399,1.5693399,0.0928753546759
1.0716948,1.0716948,0.0928753546759
1.7065629,1.7065629,0.0928753546759
0.3858305,0.3858305,0.0928753546759
1.7745671,1.7745671,0.0928753546759
-19.2250154,-10.0,0.0928753546759
-15.8371664,-10.0,0.0928753546759
1.774981,1.774981,0.0928753546759
-1.5220651,-1.5220651,0.0928753546759
1.7155208,1.7155208,0.0928753546759
1.5625078,1.5625078,0.0928753546759
0.8041871,0.8041871,0.0928753546759
0.0440837,0.0440837,0.0928753546759
-18.0194304,-10.0,0.0928753546759
-15.9429115,-10.0,0.0928753546759
1.7749832,1.7749832,0.0928753546759
1.7749428,1.7749428,0.0928753546759
1.4451138,1.4451138,0.0928753546759
1.6658334,1.6658334,0.0928753546759
-0.0964935,-0.0964935,0.0928753546759
-0.5941386,-0.5941386,0.0928753546759
0.0407295,0.0407295,0.0928753546759
-1.2800029,-1.2800029,0.0928753546759
0.1087337,0.1087337,0.0928753546759
-20.8908488,-10.0,0.0928753546759
-17.5029998,-10.0,0.0928753546759
0.1091476,0.1091476,0.0928753546759
-3.1878985,-3.1878985,0.0928753546759
0.0496874,0.0496874,0.0928753546759
-0.1033256,-0.1033256,0.0928753546759
-0.8616463,-0.8616463,0.0928753546759
-1.6217497,-1.6217497,0.0928753546759
-19.6852638,-10.0,0.0928753546759
-17.6087449,-10.0,0.0928753546759
0.1091498,0.1091498,0.0928753546759
0.1091094,0.1091094,0.0928753546759
-0.2207196,-0.2207196,0.0928753546759
-1.6658334,-1.6658334,0.0928753546759
-0.3053543,-0.3053543,0.272493454771
19.8819457,10.0,0.272493454771
19.6175329,10.0,0.272493454771
18.6843723,10.0,0.272493454771
1.7313587,1.7313587,0.272493454771
20.9999999,10.0,0.272493454771
20.8707954,10.0,0.272493454771
20.1646548,10.0,0.272493454771
19.8148384,10.0,0.272493454771
20.0643732,10.0,0.272493454771
19.5483356,10.0,0.272493454771
1.7481833,1.7481833,0.272493454771
19.9851198,10.0,0.272493454771
10.7594741,10.0,0.272493454771
3.6756089,3.6756089,0.272493454771
14.8689908,10.0,0.272493454771
0.9597641,0.9597641,0.272493454771
8.020469,8.020469,0.272493454771
17.1965144,10.0,0.272493454771
0.3053543,0.3053543,0.272493454771
20.1873,10.0,0.272493454771
19.9228872,10.0,0.272493454771
18.9897266,10.0,0.272493454771
2.036713,2.036713,0.272493454771
21.3053542,10.0,0.272493454771
21.1761497,10.0,0.272493454771
20.4700091,10.0,0.272493454771
20.1201927,10.0,0.272493454771
20.3697275,10.0,0.272493454771
19.8536899,10.0,0.272493454771
2.0535376,2.0535376,0.272493454771
20.2904741,10.0,0.272493454771
11.0648284,10.0,0.272493454771
3.9809632,3.9809632,0.272493454771
15.1743451,10.0,0.272493454771
1.2651184,1.2651184,0.272493454771
8.3258233,8.3258233,0.272493454771
17.5018687,10.0,0.272493454771
-19.8819457,-10.0,0.272493454771
-20.1873,-10.0,0.272493454771
-0.2644128,-0.2644128,0.272493454771
-1.1975734,-1.1975734,0.272493454771
-18.150587,-10.0,0.272493454771
1.1180542,1.1180542,0.272493454771
0.9888497,0.9888497,0.272493454771
0.2827091,0.2827091,0.272493454771
-0.0671073,-0.0671073,0.272493454771
0.1824275,0.1824275,0.272493454771
-0.3336101,-0.3336101,0.272493454771
-18.1337624,-10.0,0.272493454771
0.1031741,0.1031741,0.272493454771
-9.1224716,-9.1224716,0.272493454771
-16.2063368,-10.0,0.272493454771
-5.0129549,-5.0129549,0.272493454771
-18.9221816,-10.0,0.272493454771
-11.8614767,-10.0,0.272493454771
-2.6854313,-2.6854313,0.272493454771
-19.6175329,-10.0,0.272493454771
-19.9228872,-10.0,0.272493454771
0.2644128,0.2644128,0.272493454771
-0.9331606,-0.9331606,0.272493454771
-17.8861742,-10.0,0.272493454771
1.382467,1.382467,0.272493454771
1.2532625,1.2532625,0.272493454771
0.5471219,0.5471219,0.272493454771
0.1973055,0.1973055,0.272493454771
0.4468403,0.4468403,0.272493454771
-0.0691973,-0.0691973,0.272493454771
-17.8693496,-10.0,0.272493454771
0.3675869,0.3675869,0.272493454771
-8.8580588,-8.8580588,0.272493454771
-15.941924,-10.0,0.272493454771
-4.7485421,-4.7485421,0.272493454771
-18.6577688,-10.0,0.272493454771
-11.5970639,-10.0,0.272493454771
-2.4210185,-2.4210185,0.272493454771
-18.6843723,-10.0,0.272493454771
-18.9897266,-10.0,0.272493454771
1.1975734,1.1975734,0.272493454771
0.9331606,0.9331606,0.272493454771
-16.9530136,-10.0,0.272493454771
2.3156276,2.3156276,0.272493454771
2.1864231,2.1864231,0.272493454771
1.4802825,1.4802825,0.272493454771
1.1304661,1.1304661,0.272493454771
1.3800009,1.3800009,0.272493454771
0.8639633,0.8639633,0.272493454771
-16.936189,-10.0,0.272493454771
1.3007475,1.3007475,0.272493454771
-7.9248982,-7.9248982,0.272493454771
-15.0087634,-10.0,0.272493454771
-3.8153815,-3.8153815,0.272493454771
-17.7246082,-10.0,0.272493454771
-10.6639033,-10.0,0.272493454771
-1.4878579,-1.4878579,0.272493454771
-1.7313587,-1.7313587,0.272493454771
-2.036713,-2.036713,0.272493454771
18.150587,10.0,0.272493454771
17.8861742,10.0,0.272493454771
16.9530136,10.0,0.272493454771
19.2686412,10.0,0.272493454771
19.1394367,10.0,0.272493454771
18.4332961,10.0,0.272493454771
18.0834797,10.0,0.272493454771
18.3330145,10.0,0.272493454771
17.8169769,10.0,0.272493454771
0.0168246,0.0168246,0.272493454771
18.2537611,10.0,0.272493454771
9.0281154,9.0281154,0.272493454771
1.9442502,1.9442502,0.272493454771
13.1376321,10.0,0.272493454771
-0.7715946,-0.7715946,0.272493454771
6.2891103,6.2891103,0.272493454771
15.4651557,10.0,0.272493454771
-20.9999999,-10.0,0.272493454771
-21.3053542,-10.0,0.272493454771
-1.1180542,-1.1180542,0.272493454771
-1.382467,-1.382467,0.272493454771
-2.3156276,-2.3156276,0.272493454771
-19.2686412,-10.0,0.272493454771
-0.1292045,-0.1292045,0.272493454771
-0.8353451,-0.8353451,0.272493454771
-1.1851615,-1.1851615,0.272493454771
-0.9356267,-0.9356267,0.272493454771
-1.4516643,-1.4516643,0.272493454771
-19.2518166,-10.0,0.272493454771
-1.0148801,-1.0148801,0.272493454771
-10.2405258,-10.0,0.272493454771
-17.324391,-10.0,0.272493454771
-6.1310091,-6.1310091,0.272493454771
-20.0402358,-10.0,0.272493454771
-12.9795309,-10.0,0.272493454771
-3.8034855,-3.8034855,0.272493454771
-20.8707954,-10.0,0.272493454771
-21.1761497,-10.0,0.272493454771
-0.9888497,-0.9888497,0.272493454771
-1.2532625,-1.2532625,0.272493454771
-2.1864231,-2.1864231,0.272493454771
-19.1394367,-10.0,0.272493454771
0.1292045,0.1292045,0.272493454771
-0.7061406,-0.7061406,0.272493454771
-1.055957,-1.055957,0.272493454771
-0.8064222,-0.8064222,0.272493454771
-1.3224598,-1.3224598,0.272493454771
-19.1226121,-10.0,0.272493454771
-0.8856756,-0.8856756,0.272493454771
-10.1113213,-10.0,0.272493454771
-17.1951865,-10.0,0.272493454771
-6.0018046,-6.0018046,0.272493454771
-19.9110313,-10.0,0.272493454771
-12.8503264,-10.0,0.272493454771
-3.674281,-3.674281,0.272493454771
-20.1646548,-10.0,0.272493454771
-20.4700091,-10.0,0.272493454771
-0.2827091,-0.2827091,0.272493454771
-0.5471219,-0.5471219,0.272493454771
-1.4802825,-1.4802825,0.272493454771
-18.4332961,-10.0,0.272493454771
0.8353451,0.8353451,0.272493454771
0.7061406,0.7061406,0.272493454771
-0.3498164,-0.3498164,0.272493454771
-0.1002816,-0.1002816,0.272493454771
-0.6163192,-0.6163192,0.272493454771
-18.4164715,-10.0,0.272493454771
-0.179535,-0.179535,0.272493454771
-9.4051807,-9.4051807,0.272493454771
-16.4890459,-10.0,0.272493454771
-5.295664,-5.295664,0.272493454771
-19.2048907,-10.0,0.272493454771
-12.1441858,-10.0,0.272493454771
-2.9681404,-2.9681404,0.272493454771
-19.8148384,-10.0,0.272493454771
-20.1201927,-10.0,0.272493454771
0.0671073,0.0671073,0.272493454771
-0.1973055,-0.1973055,0.272493454771
-1.1304661,-1.1304661,0.272493454771
-18.0834797,-10.0,0.272493454771
1.1851615,1.1851615,0.272493454771
1.055957,1.055957,0.272493454771
0.3498164,0.3498164,0.272493454771
0.2495348,0.2495348,0.272493454771
-0.2665028,-0.2665028,0.272493454771
-18.0666551,-10.0,0.272493454771
0.1702814,0.1702814,0.272493454771
-9.0553643,-9.0553643,0.272493454771
-16.1392295,-10.0,0.272493454771
-4.9458476,-4.9458476,0.272493454771
-18.8550743,-10.0,0.272493454771
-11.7943694,-10.0,0.272493454771
-2.618324,-2.618324,0.272493454771
-20.0643732,-10.0,0.272493454771
-20.3697275,-10.0,0.272493454771
-0.1824275,-0.1824275,0.272493454771
-0.4468403,-0.4468403,0.272493454771
-1.3800009,-1.3800009,0.272493454771
-18.3330145,-10.0,0.272493454771
0.9356267,0.9356267,0.272493454771
0.8064222,0.8064222,0.272493454771
0.1002816,0.1002816,0.272493454771
-0.2495348,-0.2495348,0.272493454771
-0.5160376,-0.5160376,0.272493454771
-18.3161899,-10.0,0.272493454771
-0.0792534,-0.0792534,0.272493454771
-9.3048991,-9.3048991,0.272493454771
-16.3887643,-10.0,0.272493454771
-5.1953824,-5.1953824,0.272493454771
-19.1046091,-10.0,0.272493454771
-12.0439042,-10.0,0.272493454771
-2.8678588,-2.8678588,0.272493454771
-19.5483356,-10.0,0.272493454771
-19.8536899,-10.0,0.272493454771
0.3336101,0.3336101,0.272493454771
0.0691973,0.0691973,0.272493454771
-0.8639633,-0.8639633,0.272493454771
-17.8169769,-10.0,0.272493454771
1.4516643,1.4516643,0.272493454771
1.3224598,1.3224598,0.272493454771
0.6163192,0.6163192,0.272493454771
0.2665028,0.2665028,0.272493454771
0.5160376,0.5160376,0.272493454771
-17.8001523,-10.0,0.272493454771
0.4367842,0.4367842,0.272493454771
-8.7888615,-8.7888615,0.272493454771
-15.8727267,-10.0,0.272493454771
-4.6793448,-4.6793448,0.272493454771
-18.5885715,-10.0,0.272493454771
-11.5278666,-10.0,0.272493454771
-2.3518212,-2.3518212,0.272493454771
-1.7481833,-1.7481833,0.272493454771
-2.0535376,-2.0535376,0.272493454771
18.1337624,10.0,0.272493454771
17.8693496,10.0,0.272493454771
16.936189,10.0,0.272493454771
-0.0168246,-0.0168246,0.272493454771
19.2518166,10.0,0.272493454771
19.1226121,10.0,0.272493454771
18.4164715,10.0,0.272493454771
18.0666551,10.0,0.272493454771
18.3161899,10.0,0.272493454771
17.8001523,10.0,0.272493454771
18.2369365,10.0,0.272493454771
9.0112908,9.0112908,0.272493454771
1.9274256,1.9274256,0.272493454771
13.1208075,10.0,0.272493454771
-0.7884192,-0.7884192,0.272493454771
6.2722857,6.2722857,0.272493454771
15.4483311,10.0,0.272493454771
-19.9851198,-10.0,0.272493454771
-20.2904741,-10.0,0.272493454771
-0.1031741,-0.1031741,0.272493454771
-0.3675869,-0.3675869,0.272493454771
-1.3007475,-1.3007475,0.272493454771
-18.2537611,-10.0,0.272493454771
1.0148801,1.0148801,0.272493454771
0.8856756,0.8856756,0.272493454771
0.179535,0.179535,0.272493454771
-0.1702814,-0.1702814,0.272493454771
0.0792534,0.0792534,0.272493454771
-0.4367842,-0.4367842,0.272493454771
-18.2369365,-10.0,0.272493454771
-9.2256457,-9.2256457,0.272493454771
-16.3095109,-10.0,0.272493454771
-5.116129,-5.116129,0.272493454771
-19.0253557,-10.0,0.272493454771
-11.9646508,-10.0,0.272493454771
-2.7886054,-2.7886054,0.272493454771
-10.7594741,-10.0,0.272493454771
-11.0648284,-10.0,0.272493454771
9.1224716,9.1224716,0.272493454771
8.8580588,8.8580588,0.272493454771
7.9248982,7.9248982,0.272493454771
-9.0281154,-9.0281154,0.272493454771
10.2405258,10.0,0.272493454771
10.1113213,10.0,0.272493454771
9.4051807,9.4051807,0.272493454771
9.0553643,9.0553643,0.272493454771
9.3048991,9.3048991,0.272493454771
8.7888615,8.7888615,0.272493454771
-9.0112908,-9.0112908,0.272493454771
9.2256457,9.2256457,0.272493454771
-7.0838652,-7.0838652,0.272493454771
4.1095167,4.1095167,0.272493454771
-9.79971,-9.79971,0.272493454771
-2.7390051,-2.7390051,0.272493454771
6.4370403,6.4370403,0.272493454771
-3.6756089,-3.6756089,0.272493454771
-3.9809632,-3.9809632,0.272493454771
16.2063368,10.0,0.272493454771
15.941924,10.0,0.272493454771
15.0087634,10.0,0.272493454771
-1.9442502,-1.9442502,0.272493454771
17.324391,10.0,0.272493454771
17.1951865,10.0,0.272493454771
16.4890459,10.0,0.272493454771
16.1392295,10.0,0.272493454771
16.3887643,10.0,0.272493454771
15.8727267,10.0,0.272493454771
-1.9274256,-1.9274256,0.272493454771
16.3095109,10.0,0.272493454771
7.0838652,7.0838652,0.272493454771
11.1933819,10.0,0.272493454771
-2.7158448,-2.7158448,0.272493454771
4.3448601,4.3448601,0.272493454771
13.5209055,10.0,0.272493454771
-14.8689908,-10.0,0.272493454771
-15.1743451,-10.0,0.272493454771
5.0129549,5.0129549,0.272493454771
4.7485421,4.7485421,0.272493454771
3.8153815,3.8153815,0.272493454771
-13.1376321,-10.0,0.272493454771
6.1310091,6.1310091,0.272493454771
6.0018046,6.0018046,0.272493454771
5.295664,5.295664,0.272493454771
4.9458476,4.9458476,0.272493454771
5.1953824,5.1953824,0.272493454771
4.6793448,4.6793448,0.272493454771
-13.1208075,-10.0,0.272493454771
5.116129,5.116129,0.272493454771
-4.1095167,-4.1095167,0.272493454771
-11.1933819,-10.0,0.272493454771
-13.9092267,-10.0,0.272493454771
-6.8485218,-6.8485218,0.272493454771
2.3275236,2.3275236,0.272493454771
-0.9597641,-0.9597641,0.272493454771
-1.2651184,-1.2651184,0.272493454771
18.9221816,10.0,0.272493454771
18.6577688,10.0,0.272493454771
17.7246082,10.0,0.272493454771
0.7715946,0.7715946,0.272493454771
20.0402358,10.0,0.272493454771
19.9110313,10.0,0.272493454771
19.2048907,10.0,0.272493454771
18.8550743,10.0,0.272493454771
19.1046091,10.0,0.272493454771
18.5885715,10.0,0.272493454771
0.7884192,0.7884192,0.272493454771
19.0253557,10.0,0.272493454771
9.79971,9.79971,0.272493454771
2.7158448,2.7158448,0.272493454771
13.9092267,10.0,0.272493454771
7.0607049,7.0607049,0.272493454771
16.2367503,10.0,0.272493454771
-8.020469,-8.020469,0.272493454771
-8.3258233,-8.3258233,0.272493454771
11.8614767,10.0,0.272493454771
11.5970639,10.0,0.272493454771
10.6639033,10.0,0.272493454771
-6.2891103,-6.2891103,0.272493454771
12.9795309,10.0,0.272493454771
12.8503264,10.0,0.272493454771
12.1441858,10.0,0.272493454771
11.7943694,10.0,0.272493454771
12.0439042,10.0,0.272493454771
11.5278666,10.0,0.272493454771
-6.2722857,-6.2722857,0.272493454771
11.9646508,10.0,0.272493454771
2.7390051,2.7390051,0.272493454771
-4.3448601,-4.3448601,0.272493454771
6.8485218,6.8485218,0.272493454771
-7.0607049,-7.0607049,0.272493454771
9.1760454,9.1760454,0.272493454771
-17.1965144,-10.0,0.272493454771
-17.5018687,-10.0,0.272493454771
2.6854313,2.6854313,0.272493454771
2.4210185,2.4210185,0.272493454771
1.4878579,1.4878579,0.272493454771
-15.4651557,-10.0,0.272493454771
3.8034855,3.8034855,0.272493454771
3.674281,3.674281,0.272493454771
2.9681404,2.9681404,0.272493454771
2.618324,2.618324,0.272493454771
2.8678588,2.8678588,0.272493454771
2.3518212,2.3518212,0.272493454771
-15.4483311,-10.0,0.272493454771
2.7886054,2.7886054,0.272493454771
-6.4370403,-6.4370403,0.272493454771
-13.5209055,-10.0,0.272493454771
-2.3275236,-2.3275236,0.272493454771
-16.2367503,-10.0,0.272493454771
-9.1760454,-9.1760454,0.272493454771
3.8127318,3.8127318,0.555970087884
-0.1970662,-0.1970662,0.555970087884
0.7636907,0.7636907,0.555970087884
19.9431321,10.0,0.555970087884
-0.5438818,-0.5438818,0.555970087884
-0.6071337,-0.6071337,0.555970087884
1.7917322,1.7917322,0.555970087884
-2.9837423,-2.9837423,0.555970087884
1.3158042,1.3158042,0.555970087884
17.7422788,10.0,0.555970087884
0.1918135,0.1918135,0.555970087884
-0.3579687,-0.3579687,0.555970087884
-1.4098415,-1.4098415,0.555970087884
-2.5487269,-2.5487269,0.555970087884
-0.7636491,-0.7636491,0.555970087884
-2.011722,-2.011722,0.555970087884
-0.7047184,-0.7047184,0.555970087884
15.9709507,10.0,0.555970087884
16.3053807,10.0,0.555970087884
-3.8127318,-3.8127318,0.555970087884
-4.009798,-4.009798,0.555970087884
-3.0490411,-3.0490411,0.555970087884
16.1304003,10.0,0.555970087884
-4.3566136,-4.3566136,0.555970087884
-4.4198655,-4.4198655,0.555970087884
-2.0209996,-2.0209996,0.555970087884
-6.7964741,-6.7964741,0.555970087884
-2.4969276,-2.4969276,0.555970087884
13.929547,10.0,0.555970087884
-3.6209183,-3.6209183,0.555970087884
-4.1707005,-4.1707005,0.555970087884
-5.2225733,-5.2225733,0.555970087884
-6.3614587,-6.3614587,0.555970087884
-4.5763809,-4.5763809,0.555970087884
-5.8244538,-5.8244538,0.555970087884
-4.5174502,-4.5174502,0.555970087884
12.1582189,10.0,0.555970087884
12.4926489,10.0,0.555970087884
0.1970662,0.1970662,0.555970087884
4.009798,4.009798,0.555970087884
0.9607569,0.9607569,0.555970087884
20.1401983,10.0,0.555970087884
-0.3468156,-0.3468156,0.555970087884
-0.4100675,-0.4100675,0.555970087884
1.9887984,1.9887984,0.555970087884
-2.7866761,-2.7866761,0.555970087884
1.5128704,1.5128704,0.555970087884
17.939345,10.0,0.555970087884
0.3888797,0.3888797,0.555970087884
-0.1609025,-0.1609025,0.555970087884
-1.2127753,-1.2127753,0.555970087884
-2.3516607,-2.3516607,0.555970087884
-0.5665829,-0.5665829,0.555970087884
-1.8146558,-1.8146558,0.555970087884
-0.5076522,-0.5076522,0.555970087884
16.1680169,10.0,0.555970087884
16.5024469,10.0,0.555970087884
-0.7636907,-0.7636907,0.555970087884
3.0490411,3.0490411,0.555970087884
-0.9607569,-0.9607569,0.555970087884
19.1794414,10.0,0.555970087884
-1.3075725,-1.3075725,0.555970087884
-1.3708244,-1.3708244,0.555970087884
1.0280415,1.0280415,0.555970087884
-3.747433,-3.747433,0.555970087884
0.5521135,0.5521135,0.555970087884
16.9785881,10.0,0.555970087884
-0.5718772,-0.5718772,0.555970087884
-1.1216594,-1.1216594,0.555970087884
-2.1735322,-2.1735322,0.555970087884
-3.3124176,-3.3124176,0.555970087884
-1.5273398,-1.5273398,0.555970087884
-2.7754127,-2.7754127,0.555970087884
-1.4684091,-1.4684091,0.555970087884
15.20726,10.0,0.555970087884
15.54169,10.0,0.555970087884
-19.9431321,-10.0,0.555970087884
-16.1304003,-10.0,0.555970087884
-20.1401983,-10.0,0.555970087884
-19.1794414,-10.0,0.555970087884
-20.4870139,-10.0,0.555970087884
-20.5502658,-10.0,0.555970087884
-18.1513999,-10.0,0.555970087884
-22.9268744,-10.0,0.555970087884
-18.6273279,-10.0,0.555970087884
-2.2008533,-2.2008533,0.555970087884
-19.7513186,-10.0,0.555970087884
-20.3011008,-10.0,0.555970087884
-21.3529736,-10.0,0.555970087884
-22.491859,-10.0,0.555970087884
-20.7067812,-10.0,0.555970087884
-21.9548541,-10.0,0.555970087884
-20.6478505,-10.0,0.555970087884
-3.9721814,-3.9721814,0.555970087884
-3.6377514,-3.6377514,0.555970087884
0.5438818,0.5438818,0.555970087884
4.3566136,4.3566136,0.555970087884
0.3468156,0.3468156,0.555970087884
1.3075725,1.3075725,0.555970087884
20.4870139,10.0,0.555970087884
-0.0632519,-0.0632519,0.555970087884
2.335614,2.335614,0.555970087884
-2.4398605,-2.4398605,0.555970087884
1.859686,1.859686,0.555970087884
18.2861606,10.0,0.555970087884
0.7356953,0.7356953,0.555970087884
0.1859131,0.1859131,0.555970087884
-0.8659597,-0.8659597,0.555970087884
-2.0048451,-2.0048451,0.555970087884
-0.2197673,-0.2197673,0.555970087884
-1.4678402,-1.4678402,0.555970087884
-0.1608366,-0.1608366,0.555970087884
16.5148325,10.0,0.555970087884
16.8492625,10.0,0.555970087884
0.6071337,0.6071337,0.555970087884
4.4198655,4.4198655,0.555970087884
0.4100675,0.4100675,0.555970087884
1.3708244,1.3708244,0.555970087884
20.5502658,10.0,0.555970087884
0.0632519,0.0632519,0.555970087884
2.3988659,2.3988659,0.555970087884
-2.3766086,-2.3766086,0.555970087884
1.9229379,1.9229379,0.555970087884
18.3494125,10.0,0.555970087884
0.7989472,0.7989472,0.555970087884
0.249165,0.249165,0.555970087884
-0.8027078,-0.8027078,0.555970087884
-1.9415932,-1.9415932,0.555970087884
-0.1565154,-0.1565154,0.555970087884
-1.4045883,-1.4045883,0.555970087884
-0.0975847,-0.0975847,0.555970087884
16.5780844,10.0,0.555970087884
16.9125144,10.0,0.555970087884
-1.7917322,-1.7917322,0.555970087884
2.0209996,2.0209996,0.555970087884
-1.9887984,-1.9887984,0.555970087884
-1.0280415,-1.0280415,0.555970087884
18.1513999,10.0,0.555970087884
-2.335614,-2.335614,0.555970087884
-2.3988659,-2.3988659,0.555970087884
-4.7754745,-4.7754745,0.555970087884
-0.475928,-0.475928,0.555970087884
15.9505466,10.0,0.555970087884
-1.5999187,-1.5999187,0.555970087884
-2.1497009,-2.1497009,0.555970087884
-3.2015737,-3.2015737,0.555970087884
-4.3404591,-4.3404591,0.555970087884
-2.5553813,-2.5553813,0.555970087884
-3.8034542,-3.8034542,0.555970087884
-2.4964506,-2.4964506,0.555970087884
14.1792185,10.0,0.555970087884
14.5136485,10.0,0.555970087884
2.9837423,2.9837423,0.555970087884
6.7964741,6.7964741,0.555970087884
2.7866761,2.7866761,0.555970087884
3.747433,3.747433,0.555970087884
22.9268744,10.0,0.555970087884
2.4398605,2.4398605,0.555970087884
2.3766086,2.3766086,0.555970087884
4.7754745,4.7754745,0.555970087884
4.2995465,4.2995465,0.555970087884
20.7260211,10.0,0.555970087884
3.1755558,3.1755558,0.555970087884
2.6257736,2.6257736,0.555970087884
1.5739008,1.5739008,0.555970087884
0.4350154,0.4350154,0.555970087884
2.2200932,2.2200932,0.555970087884
0.9720203,0.9720203,0.555970087884
2.2790239,2.2790239,0.555970087884
18.954693,10.0,0.555970087884
19.289123,10.0,0.555970087884
-1.3158042,-1.3158042,0.555970087884
2.4969276,2.4969276,0.555970087884
-1.5128704,-1.5128704,0.555970087884
-0.5521135,-0.5521135,0.555970087884
18.6273279,10.0,0.555970087884
-1.859686,-1.859686,0.555970087884
-1.9229379,-1.9229379,0.555970087884
0.475928,0.475928,0.555970087884
-4.2995465,-4.2995465,0.555970087884
16.4264746,10.0,0.555970087884
-1.1239907,-1.1239907,0.555970087884
-1.6737729,-1.6737729,0.555970087884
-2.7256457,-2.7256457,0.555970087884
-3.8645311,-3.8645311,0.555970087884
-2.0794533,-2.0794533,0.555970087884
-3.3275262,-3.3275262,0.555970087884
-2.0205226,-2.0205226,0.555970087884
14.6551465,10.0,0.555970087884
14.9895765,10.0,0.555970087884
-17.7422788,-10.0,0.555970087884
-13.929547,-10.0,0.555970087884
-17.939345,-10.0,0.555970087884
-16.9785881,-10.0,0.555970087884
2.2008533,2.2008533,0.555970087884
-18.2861606,-10.0,0.555970087884
-18.3494125,-10.0,0.555970087884
-15.9505466,-10.0,0.555970087884
-20.7260211,-10.0,0.555970087884
-16.4264746,-10.0,0.555970087884
-17.5504653,-10.0,0.555970087884
-18.1002475,-10.0,0.555970087884
-19.1521203,-10.0,0.555970087884
-20.2910057,-10.0,0.555970087884
-18.5059279,-10.0,0.555970087884
-19.7540008,-10.0,0.555970087884
-18.4469972,-10.0,0.555970087884
-1.7713281,-1.7713281,0.555970087884
-1.4368981,-1.4368981,0.555970087884
-0.1918135,-0.1918135,0.555970087884
3.6209183,3.6209183,0.555970087884
-0.3888797,-0.3888797,0.555970087884
0.5718772,0.5718772,0.555970087884
19.7513186,10.0,0.555970087884
-0.7356953,-0.7356953,0.555970087884
-0.7989472,-0.7989472,0.555970087884
1.5999187,1.5999187,0.555970087884
-3.1755558,-3.1755558,0.555970087884
1.1239907,1.1239907,0.555970087884
17.5504653,10.0,0.555970087884
-0.5497822,-0.5497822,0.555970087884
-1.601655,-1.601655,0.555970087884
-2.7405404,-2.7405404,0.555970087884
-0.9554626,-0.9554626,0.555970087884
-2.2035355,-2.2035355,0.555970087884
-0.8965319,-0.8965319,0.555970087884
15.7791372,10.0,0.555970087884
16.1135672,10.0,0.555970087884
0.3579687,0.3579687,0.555970087884
4.1707005,4.1707005,0.555970087884
0.1609025,0.1609025,0.555970087884
1.1216594,1.1216594,0.555970087884
20.3011008,10.0,0.555970087884
-0.1859131,-0.1859131,0.555970087884
-0.249165,-0.249165,0.555970087884
2.1497009,2.1497009,0.555970087884
-2.6257736,-2.6257736,0.555970087884
1.6737729,1.6737729,0.555970087884
18.1002475,10.0,0.555970087884
0.5497822,0.5497822,0.555970087884
-1.0518728,-1.0518728,0.555970087884
-2.1907582,-2.1907582,0.555970087884
-0.4056804,-0.4056804,0.555970087884
-1.6537533,-1.6537533,0.555970087884
-0.3467497,-0.3467497,0.555970087884
16.3289194,10.0,0.555970087884
16.6633494,10.0,0.555970087884
1.4098415,1.4098415,0.555970087884
5.2225733,5.2225733,0.555970087884
1.2127753,1.2127753,0.555970087884
2.1735322,2.1735322,0.555970087884
21.3529736,10.0,0.555970087884
0.8659597,0.8659597,0.555970087884
0.8027078,0.8027078,0.555970087884
3.2015737,3.2015737,0.555970087884
-1.5739008,-1.5739008,0.555970087884
2.7256457,2.7256457,0.555970087884
19.1521203,10.0,0.555970087884
1.601655,1.601655,0.555970087884
1.0518728,1.0518728,0.555970087884
-1.1388854,-1.1388854,0.555970087884
0.6461924,0.6461924,0.555970087884
-0.6018805,-0.6018805,0.555970087884
0.7051231,0.7051231,0.555970087884
17.3807922,10.0,0.555970087884
17.7152222,10.0,0.555970087884
2.5487269,2.5487269,0.555970087884
6.3614587,6.3614587,0.555970087884
2.3516607,2.3516607,0.555970087884
3.3124176,3.3124176,0.555970087884
22.491859,10.0,0.555970087884
2.0048451,2.0048451,0.555970087884
1.9415932,1.9415932,0.555970087884
4.3404591,4.3404591,0.555970087884
-0.4350154,-0.4350154,0.555970087884
3.8645311,3.8645311,0.555970087884
20.2910057,10.0,0.555970087884
2.7405404,2.7405404,0.555970087884
2.1907582,2.1907582,0.555970087884
1.1388854,1.1388854,0.555970087884
1.7850778,1.7850778,0.555970087884
0.5370049,0.5370049,0.555970087884
1.8440085,1.8440085,0.555970087884
18.5196776,10.0,0.555970087884
18.8541076,10.0,0.555970087884
0.7636491,0.7636491,0.555970087884
4.5763809,4.5763809,0.555970087884
0.5665829,0.5665829,0.555970087884
1.5273398,1.5273398,0.555970087884
20.7067812,10.0,0.555970087884
0.2197673,0.2197673,0.555970087884
0.1565154,0.1565154,0.555970087884
2.5553813,2.5553813,0.555970087884
-2.2200932,-2.2200932,0.555970087884
2.0794533,2.0794533,0.555970087884
18.5059279,10.0,0.555970087884
0.9554626,0.9554626,0.555970087884
0.4056804,0.4056804,0.555970087884
-0.6461924,-0.6461924,0.555970087884
-1.7850778,-1.7850778,0.555970087884
-1.2480729,-1.2480729,0.555970087884
0.0589307,0.0589307,0.555970087884
16.7345998,10.0,0.555970087884
17.0690298,10.0,0.555970087884
2.011722,2.011722,0.555970087884
5.8244538,5.8244538,0.555970087884
1.8146558,1.8146558,0.555970087884
2.7754127,2.7754127,0.555970087884
21.9548541,10.0,0.555970087884
1.4678402,1.4678402,0.555970087884
1.4045883,1.4045883,0.555970087884
3.8034542,3.8034542,0.555970087884
-0.9720203,-0.9720203,0.555970087884
3.3275262,3.3275262,0.555970087884
19.7540008,10.0,0.555970087884
2.2035355,2.2035355,0.555970087884
1.6537533,1.6537533,0.555970087884
0.6018805,0.6018805,0.555970087884
-0.5370049,-0.5370049,0.555970087884
1.2480729,1.2480729,0.555970087884
1.3070036,1.3070036,0.555970087884
17.9826727,10.0,0.555970087884
18.3171027,10.0,0.555970087884
0.7047184,0.7047184,0.555970087884
4.5174502,4.5174502,0.555970087884
0.5076522,0.5076522,0.555970087884
1.4684091,1.4684091,0.555970087884
20.6478505,10.0,0.555970087884
0.1608366,0.1608366,0.555970087884
0.0975847,0.0975847,0.555970087884
2.4964506,2.4964506,0.555970087884
-2.2790239,-2.2790239,0.555970087884
2.0205226,2.0205226,0.555970087884
18.4469972,10.0,0.555970087884
0.8965319,0.8965319,0.555970087884
0.3467497,0.3467497,0.555970087884
-0.7051231,-0.7051231,0.555970087884
-1.8440085,-1.8440085,0.555970087884
-0.0589307,-0.0589307,0.555970087884
-1.3070036,-1.3070036,0.555970087884
16.6756691,10.0,0.555970087884
17.0100991,10.0,0.555970087884
-15.9709507,-10.0,0.555970087884
-12.1582189,-10.0,0.555970087884
-16.1680169,-10.0,0.555970087884
-15.20726,-10.0,0.555970087884
3.9721814,3.9721814,0.555970087884
-16.5148325,-10.0,0.555970087884
-16.5780844,-10.0,0.555970087884
-14.1792185,-10.0,0.555970087884
-18.954693,-10.0,0.555970087884
-14.6551465,-10.0,0.555970087884
1.7713281,1.7713281,0.555970087884
-15.7791372,-10.0,0.555970087884
-16.3289194,-10.0,0.555970087884
-17.3807922,-10.0,0.555970087884
-18.5196776,-10.0,0.555970087884
-16.7345998,-10.0,0.555970087884
-17.9826727,-10.0,0.555970087884
-16.6756691,-10.0,0.555970087884
0.33443,0.33443,0.555970087884
-16.3053807,-10.0,0.555970087884
-12.4926489,-10.0,0.555970087884
-16.5024469,-10.0,0.555970087884
-15.54169,-10.0,0.555970087884
3.6377514,3.6377514,0.555970087884
-16.8492625,-10.0,0.555970087884
-16.9125144,-10.0,0.555970087884
-14.5136485,-10.0,0.555970087884
-19.289123,-10.0,0.555970087884
-14.9895765,-10.0,0.555970087884
1.4368981,1.4368981,0.555970087884
-16.1135672,-10.0,0.555970087884
-16.6633494,-10.0,0.555970087884
-17.7152222,-10.0,0.555970087884
-18.8541076,-10.0,0.555970087884
-17.0690298,-10.0,0.555970087884
-18.3171027,-10.0,0.555970087884
-17.0100991,-10.0,0.555970087884
-0.33443,-0.33443,0.555970087884
5.5783628,5.5783628,0.437472815006
-1.9150755,-1.9150755,0.437472815006
-0.4670668,-0.4670668,0.437472815006
15.903988,10.0,0.437472815006
0.539324,0.539324,0.437472815006
-1.0057874,-1.0057874,0.437472815006
18.1612113,10.0,0.437472815006
-0.0778293,-0.0778293,0.437472815006
0.6146928,0.6146928,0.437472815006
17.4596488,10.0,0.437472815006
-2.4504162,-2.4504162,0.437472815006
19.0845832,10.0,0.437472815006
-1.4237315,-1.4237315,0.437472815006
-1.3264498,-1.3264498,0.437472815006
-2.5970283,-2.5970283,0.437472815006
0.3502738,0.3502738,0.437472815006
6.365071,6.365071,0.437472815006
17.9352531,10.0,0.437472815006
2.1962624,2.1962624,0.437472815006
-5.5783628,-5.5783628,0.437472815006
-7.4934383,-7.4934383,0.437472815006
-6.0454296,-6.0454296,0.437472815006
10.3256252,10.0,0.437472815006
-5.0390388,-5.0390388,0.437472815006
-6.5841502,-6.5841502,0.437472815006
12.5828485,10.0,0.437472815006
-5.6561921,-5.6561921,0.437472815006
-4.96367,-4.96367,0.437472815006
11.881286,10.0,0.437472815006
-8.028779,-8.028779,0.437472815006
13.5062204,10.0,0.437472815006
-7.0020943,-7.0020943,0.437472815006
-6.9048126,-6.9048126,0.437472815006
-8.1753911,-8.1753911,0.437472815006
-5.228089,-5.228089,0.437472815006
0.7867082,0.7867082,0.437472815006
12.3568903,10.0,0.437472815006
-3.3821004,-3.3821004,0.437472815006
1.9150755,1.9150755,0.437472815006
7.4934383,7.4934383,0.437472815006
1.4480087,1.4480087,0.437472815006
17.8190635,10.0,0.437472815006
2.4543995,2.4543995,0.437472815006
0.9092881,0.9092881,0.437472815006
20.0762868,10.0,0.437472815006
1.8372462,1.8372462,0.437472815006
2.5297683,2.5297683,0.437472815006
19.3747243,10.0,0.437472815006
-0.5353407,-0.5353407,0.437472815006
20.9996587,10.0,0.437472815006
0.491344,0.491344,0.437472815006
0.5886257,0.5886257,0.437472815006
-0.6819528,-0.6819528,0.437472815006
2.2653493,2.2653493,0.437472815006
8.2801465,8.2801465,0.437472815006
19.8503286,10.0,0.437472815006
4.1113379,4.1113379,0.437472815006
0.4670668,0.4670668,0.437472815006
6.0454296,6.0454296,0.437472815006
-1.4480087,-1.4480087,0.437472815006
16.3710548,10.0,0.437472815006
1.0063908,1.0063908,0.437472815006
-0.5387206,-0.5387206,0.437472815006
18.6282781,10.0,0.437472815006
0.3892375,0.3892375,0.437472815006
1.0817596,1.0817596,0.437472815006
17.9267156,10.0,0.437472815006
-1.9833494,-1.9833494,0.437472815006
19.55165,10.0,0.437472815006
-0.9566647,-0.9566647,0.437472815006
-0.859383,-0.859383,0.437472815006
-2.1299615,-2.1299615,0.437472815006
0.8173406,0.8173406,0.437472815006
6.8321378,6.8321378,0.437472815006
18.4023199,10.0,0.437472815006
2.6633292,2.6633292,0.437472815006
-15.903988,-10.0,0.437472815006
-10.3256252,-10.0,0.437472815006
-17.8190635,-10.0,0.437472815006
-16.3710548,-10.0,0.437472815006
-15.364664,-10.0,0.437472815006
-16.9097754,-10.0,0.437472815006
2.2572233,2.2572233,0.437472815006
-15.9818173,-10.0,0.437472815006
-15.2892952,-10.0,0.437472815006
1.5556608,1.5556608,0.437472815006
-18.3544042,-10.0,0.437472815006
3.1805952,3.1805952,0.437472815006
-17.3277195,-10.0,0.437472815006
-17.2304378,-10.0,0.437472815006
-18.5010163,-10.0,0.437472815006
-15.5537142,-10.0,0.437472815006
-9.538917,-9.538917,0.437472815006
2.0312651,2.0312651,0.437472815006
-13.7077256,-10.0,0.437472815006
-0.539324,-0.539324,0.437472815006
5.0390388,5.0390388,0.437472815006
-2.4543995,-2.4543995,0.437472815006
-1.0063908,-1.0063908,0.437472815006
15.364664,10.0,0.437472815006
-1.5451114,-1.5451114,0.437472815006
17.6218873,10.0,0.437472815006
-0.6171533,-0.6171533,0.437472815006
0.0753688,0.0753688,0.437472815006
16.9203248,10.0,0.437472815006
-2.9897402,-2.9897402,0.437472815006
18.5452592,10.0,0.437472815006
-1.9630555,-1.9630555,0.437472815006
-1.8657738,-1.8657738,0.437472815006
-3.1363523,-3.1363523,0.437472815006
-0.1890502,-0.1890502,0.437472815006
5.825747,5.825747,0.437472815006
17.3959291,10.0,0.437472815006
1.6569384,1.6569384,0.437472815006
1.0057874,1.0057874,0.437472815006
6.5841502,6.5841502,0.437472815006
-0.9092881,-0.9092881,0.437472815006
0.5387206,0.5387206,0.437472815006
16.9097754,10.0,0.437472815006
1.5451114,1.5451114,0.437472815006
19.1669987,10.0,0.437472815006
0.9279581,0.9279581,0.437472815006
1.6204802,1.6204802,0.437472815006
18.4654362,10.0,0.437472815006
-1.4446288,-1.4446288,0.437472815006
20.0903706,10.0,0.437472815006
-0.4179441,-0.4179441,0.437472815006
-0.3206624,-0.3206624,0.437472815006
-1.5912409,-1.5912409,0.437472815006
1.3560612,1.3560612,0.437472815006
7.3708584,7.3708584,0.437472815006
18.9410405,10.0,0.437472815006
3.2020498,3.2020498,0.437472815006
-18.1612113,-10.0,0.437472815006
-12.5828485,-10.0,0.437472815006
-20.0762868,-10.0,0.437472815006
-18.6282781,-10.0,0.437472815006
-2.2572233,-2.2572233,0.437472815006
-17.6218873,-10.0,0.437472815006
-19.1669987,-10.0,0.437472815006
-18.2390406,-10.0,0.437472815006
-17.5465185,-10.0,0.437472815006
-0.7015625,-0.7015625,0.437472815006
-20.6116275,-10.0,0.437472815006
0.9233719,0.9233719,0.437472815006
-19.5849428,-10.0,0.437472815006
-19.4876611,-10.0,0.437472815006
-20.7582396,-10.0,0.437472815006
-17.8109375,-10.0,0.437472815006
-11.7961403,-10.0,0.437472815006
-0.2259582,-0.2259582,0.437472815006
-15.9649489,-10.0,0.437472815006
0.0778293,0.0778293,0.437472815006
5.6561921,5.6561921,0.437472815006
-1.8372462,-1.8372462,0.437472815006
-0.3892375,-0.3892375,0.437472815006
15.9818173,10.0,0.437472815006
0.6171533,0.6171533,0.437472815006
-0.9279581,-0.9279581,0.437472815006
18.2390406,10.0,0.437472815006
0.6925221,0.6925221,0.437472815006
17.5374781,10.0,0.437472815006
-2.3725869,-2.3725869,0.437472815006
19.1624125,10.0,0.437472815006
-1.3459022,-1.3459022,0.437472815006
-1.2486205,-1.2486205,0.437472815006
-2.519199,-2.519199,0.437472815006
0.4281031,0.4281031,0.437472815006
6.4429003,6.4429003,0.437472815006
18.0130824,10.0,0.437472815006
2.2740917,2.2740917,0.437472815006
-0.6146928,-0.6146928,0.437472815006
4.96367,4.96367,0.437472815006
-2.5297683,-2.5297683,0.437472815006
-1.0817596,-1.0817596,0.437472815006
15.2892952,10.0,0.437472815006
-0.0753688,-0.0753688,0.437472815006
-1.6204802,-1.6204802,0.437472815006
17.5465185,10.0,0.437472815006
-0.6925221,-0.6925221,0.437472815006
16.844956,10.0,0.437472815006
-3.065109,-3.065109,0.437472815006
18.4698904,10.0,0.437472815006
-2.0384243,-2.0384243,0.437472815006
-1.9411426,-1.9411426,0.437472815006
-3.2117211,-3.2117211,0.437472815006
-0.264419,-0.264419,0.437472815006
5.7503782,5.7503782,0.437472815006
17.3205603,10.0,0.437472815006
1.5815696,1.5815696,0.437472815006
-17.4596488,-10.0,0.437472815006
-11.881286,-10.0,0.437472815006
-19.3747243,-10.0,0.437472815006
-17.9267156,-10.0,0.437472815006
-1.5556608,-1.5556608,0.437472815006
-16.9203248,-10.0,0.437472815006
-18.4654362,-10.0,0.437472815006
0.7015625,0.7015625,0.437472815006
-17.5374781,-10.0,0.437472815006
-16.844956,-10.0,0.437472815006
-19.910065,-10.0,0.437472815006
1.6249344,1.6249344,0.437472815006
-18.8833803,-10.0,0.437472815006
-18.7860986,-10.0,0.437472815006
-20.0566771,-10.0,0.437472815006
-17.109375,-10.0,0.437472815006
-11.0945778,-10.0,0.437472815006
0.4756043,0.4756043,0.437472815006
-15.2633864,-10.0,0.437472815006
2.4504162,2.4504162,0.437472815006
8.028779,8.028779,0.437472815006
0.5353407,0.5353407,0.437472815006
1.9833494,1.9833494,0.437472815006
18.3544042,10.0,0.437472815006
2.9897402,2.9897402,0.437472815006
1.4446288,1.4446288,0.437472815006
20.6116275,10.0,0.437472815006
2.3725869,2.3725869,0.437472815006
3.065109,3.065109,0.437472815006
19.910065,10.0,0.437472815006
21.5349994,10.0,0.437472815006
1.0266847,1.0266847,0.437472815006
1.1239664,1.1239664,0.437472815006
-0.1466121,-0.1466121,0.437472815006
2.80069,2.80069,0.437472815006
8.8154872,8.8154872,0.437472815006
20.3856693,10.0,0.437472815006
4.6466786,4.6466786,0.437472815006
-19.0845832,-10.0,0.437472815006
-13.5062204,-10.0,0.437472815006
-20.9996587,-10.0,0.437472815006
-19.55165,-10.0,0.437472815006
-3.1805952,-3.1805952,0.437472815006
-18.5452592,-10.0,0.437472815006
-20.0903706,-10.0,0.437472815006
-0.9233719,-0.9233719,0.437472815006
-19.1624125,-10.0,0.437472815006
-18.4698904,-10.0,0.437472815006
-1.6249344,-1.6249344,0.437472815006
-21.5349994,-10.0,0.437472815006
-20.5083147,-10.0,0.437472815006
-20.411033,-10.0,0.437472815006
-21.6816115,-10.0,0.437472815006
-18.7343094,-10.0,0.437472815006
-12.7195122,-10.0,0.437472815006
-1.1493301,-1.1493301,0.437472815006
-16.8883208,-10.0,0.437472815006
1.4237315,1.4237315,0.437472815006
7.0020943,7.0020943,0.437472815006
-0.491344,-0.491344,0.437472815006
0.9566647,0.9566647,0.437472815006
17.3277195,10.0,0.437472815006
1.9630555,1.9630555,0.437472815006
0.4179441,0.4179441,0.437472815006
19.5849428,10.0,0.437472815006
1.3459022,1.3459022,0.437472815006
2.0384243,2.0384243,0.437472815006
18.8833803,10.0,0.437472815006
-1.0266847,-1.0266847,0.437472815006
20.5083147,10.0,0.437472815006
0.0972817,0.0972817,0.437472815006
-1.1732968,-1.1732968,0.437472815006
1.7740053,1.7740053,0.437472815006
7.7888025,7.7888025,0.437472815006
19.3589846,10.0,0.437472815006
3.6199939,3.6199939,0.437472815006
1.3264498,1.3264498,0.437472815006
6.9048126,6.9048126,0.437472815006
-0.5886257,-0.5886257,0.437472815006
0.859383,0.859383,0.437472815006
17.2304378,10.0,0.437472815006
1.8657738,1.8657738,0.437472815006
0.3206624,0.3206624,0.437472815006
19.4876611,10.0,0.437472815006
1.2486205,1.2486205,0.437472815006
1.9411426,1.9411426,0.437472815006
18.7860986,10.0,0.437472815006
-1.1239664,-1.1239664,0.437472815006
20.411033,10.0,0.437472815006
-0.0972817,-0.0972817,0.437472815006
-1.2705785,-1.2705785,0.437472815006
1.6767236,1.6767236,0.437472815006
7.6915208,7.6915208,0.437472815006
19.2617029,10.0,0.437472815006
3.5227122,3.5227122,0.437472815006
2.5970283,2.5970283,0.437472815006
8.1753911,8.1753911,0.437472815006
0.6819528,0.6819528,0.437472815006
2.1299615,2.1299615,0.437472815006
18.5010163,10.0,0.437472815006
3.1363523,3.1363523,0.437472815006
1.5912409,1.5912409,0.437472815006
20.7582396,10.0,0.437472815006
2.519199,2.519199,0.437472815006
3.2117211,3.2117211,0.437472815006
20.0566771,10.0,0.437472815006
0.1466121,0.1466121,0.437472815006
21.6816115,10.0,0.437472815006
1.1732968,1.1732968,0.437472815006
1.2705785,1.2705785,0.437472815006
2.9473021,2.9473021,0.437472815006
8.9620993,8.9620993,0.437472815006
20.5322814,10.0,0.437472815006
4.7932907,4.7932907,0.437472815006
-0.3502738,-0.3502738,0.437472815006
5.228089,5.228089,0.437472815006
-2.2653493,-2.2653493,0.437472815006
-0.8173406,-0.8173406,0.437472815006
15.5537142,10.0,0.437472815006
0.1890502,0.1890502,0.437472815006
-1.3560612,-1.3560612,0.437472815006
17.8109375,10.0,0.437472815006
-0.4281031,-0.4281031,0.437472815006
0.264419,0.264419,0.437472815006
17.109375,10.0,0.437472815006
-2.80069,-2.80069,0.437472815006
18.7343094,10.0,0.437472815006
-1.7740053,-1.7740053,0.437472815006
-1.6767236,-1.6767236,0.437472815006
-2.9473021,-2.9473021,0.437472815006
6.0147972,6.0147972,0.437472815006
17.5849793,10.0,0.437472815006
1.8459886,1.8459886,0.437472815006
-6.365071,-6.365071,0.437472815006
-0.7867082,-0.7867082,0.437472815006
-8.2801465,-8.2801465,0.437472815006
-6.8321378,-6.8321378,0.437472815006
9.538917,9.538917,0.437472815006
-5.825747,-5.825747,0.437472815006
-7.3708584,-7.3708584,0.437472815006
11.7961403,10.0,0.437472815006
-6.4429003,-6.4429003,0.437472815006
-5.7503782,-5.7503782,0.437472815006
11.0945778,10.0,0.437472815006
-8.8154872,-8.8154872,0.437472815006
12.7195122,10.0,0.437472815006
-7.7888025,-7.7888025,0.437472815006
-7.6915208,-7.6915208,0.437472815006
-8.9620993,-8.9620993,0.437472815006
-6.0147972,-6.0147972,0.437472815006
11.5701821,10.0,0.437472815006
-4.1688086,-4.1688086,0.437472815006
-17.9352531,-10.0,0.437472815006
-12.3568903,-10.0,0.437472815006
-19.8503286,-10.0,0.437472815006
-18.4023199,-10.0,0.437472815006
-2.0312651,-2.0312651,0.437472815006
-17.3959291,-10.0,0.437472815006
-18.9410405,-10.0,0.437472815006
0.2259582,0.2259582,0.437472815006
-18.0130824,-10.0,0.437472815006
-17.3205603,-10.0,0.437472815006
-0.4756043,-0.4756043,0.437472815006
-20.3856693,-10.0,0.437472815006
1.1493301,1.1493301,0.437472815006
-19.3589846,-10.0,0.437472815006
-19.2617029,-10.0,0.437472815006
-20.5322814,-10.0,0.437472815006
-17.5849793,-10.0,0.437472815006
-11.5701821,-10.0,0.437472815006
-15.7389907,-10.0,0.437472815006
-2.1962624,-2.1962624,0.437472815006
3.3821004,3.3821004,0.437472815006
-4.1113379,-4.1113379,0.437472815006
-2.6633292,-2.6633292,0.437472815006
13.7077256,10.0,0.437472815006
-1.6569384,-1.6569384,0.437472815006
-3.2020498,-3.2020498,0.437472815006
15.9649489,10.0,0.437472815006
-2.2740917,-2.2740917,0.437472815006
-1.5815696,-1.5815696,0.437472815006
15.2633864,10.0,0.437472815006
-4.6466786,-4.6466786,0.437472815006
16.8883208,10.0,0.437472815006
-3.6199939,-3.6199939,0.437472815006
-3.5227122,-3.5227122,0.437472815006
-4.7932907,-4.7932907,0.437472815006
-1.8459886,-1.8459886,0.437472815006
4.1688086,4.1688086,0.437472815006
15.7389907,10.0,0.437472815006
-5.8805784,-5.8805784,0.307617833892
-2.4079845,-2.4079845,0.307617833892
-17.6311025,-10.0,0.307617833892
1.0114554,1.0114554,0.307617833892
-2.0475555,-2.0475555,0.307617833892
1.3989733,1.3989733,0.307617833892
-21.241524,-10.0,0.307617833892
-1.0807435,-1.0807435,0.307617833892
-19.6010254,-10.0,0.307617833892
-19.034578,-10.0,0.307617833892
-0.4514995,-0.4514995,0.307617833892
1.397041,1.397041,0.307617833892
1.3748345,1.3748345,0.307617833892
0.5544271,0.5544271,0.307617833892
0.4799128,0.4799128,0.307617833892
-16.6500504,-10.0,0.307617833892
-19.1956987,-10.0,0.307617833892
1.2992056,1.2992056,0.307617833892
-0.6270789,-0.6270789,0.307617833892
5.8805784,5.8805784,0.307617833892
3.4725939,3.4725939,0.307617833892
-11.7505241,-10.0,0.307617833892
6.8920338,6.8920338,0.307617833892
3.8330229,3.8330229,0.307617833892
7.2795517,7.2795517,0.307617833892
-15.3609456,-10.0,0.307617833892
4.7998349,4.7998349,0.307617833892
-13.720447,-10.0,0.307617833892
-13.1539996,-10.0,0.307617833892
5.4290789,5.4290789,0.307617833892
7.2776194,7.2776194,0.307617833892
7.2554129,7.2554129,0.307617833892
6.4350055,6.4350055,0.307617833892
6.3604912,6.3604912,0.307617833892
-10.769472,-10.0,0.307617833892
-13.3151203,-10.0,0.307617833892
7.179784,7.179784,0.307617833892
5.2534995,5.2534995,0.307617833892
2.4079845,2.4079845,0.307617833892
-3.4725939,-3.4725939,0.307617833892
-15.223118,-10.0,0.307617833892
3.4194399,3.4194399,0.307617833892
0.360429,0.360429,0.307617833892
3.8069578,3.8069578,0.307617833892
-18.8335395,-10.0,0.307617833892
1.327241,1.327241,0.307617833892
-17.1930409,-10.0,0.307617833892
-16.6265935,-10.0,0.307617833892
1.956485,1.956485,0.307617833892
3.8050255,3.8050255,0.307617833892
3.782819,3.782819,0.307617833892
2.9624116,2.9624116,0.307617833892
2.8878973,2.8878973,0.307617833892
-14.2420659,-10.0,0.307617833892
-16.7877142,-10.0,0.307617833892
3.7071901,3.7071901,0.307617833892
1.7809056,1.7809056,0.307617833892
17.6311025,10.0,0.307617833892
11.7505241,10.0,0.307617833892
15.223118,10.0,0.307617833892
18.6425579,10.0,0.307617833892
15.583547,10.0,0.307617833892
19.0300758,10.0,0.307617833892
-3.6104215,-3.6104215,0.307617833892
16.550359,10.0,0.307617833892
-1.9699229,-1.9699229,0.307617833892
-1.4034755,-1.4034755,0.307617833892
17.179603,10.0,0.307617833892
19.0281435,10.0,0.307617833892
19.005937,10.0,0.307617833892
18.1855296,10.0,0.307617833892
18.1110153,10.0,0.307617833892
0.9810521,0.9810521,0.307617833892
-1.5645962,-1.5645962,0.307617833892
18.9303081,10.0,0.307617833892
17.0040236,10.0,0.307617833892
-1.0114554,-1.0114554,0.307617833892
-6.8920338,-6.8920338,0.307617833892
-3.4194399,-3.4194399,0.307617833892
-18.6425579,-10.0,0.307617833892
-3.0590109,-3.0590109,0.307617833892
0.3875179,0.3875179,0.307617833892
-22.2529794,-10.0,0.307617833892
-2.0921989,-2.0921989,0.307617833892
-20.6124808,-10.0,0.307617833892
-20.0460334,-10.0,0.307617833892
-1.4629549,-1.4629549,0.307617833892
0.3855856,0.3855856,0.307617833892
0.3633791,0.3633791,0.307617833892
-0.4570283,-0.4570283,0.307617833892
-0.5315426,-0.5315426,0.307617833892
-17.6615058,-10.0,0.307617833892
-20.2071541,-10.0,0.307617833892
0.2877502,0.2877502,0.307617833892
-1.6385343,-1.6385343,0.307617833892
2.0475555,2.0475555,0.307617833892
-3.8330229,-3.8330229,0.307617833892
-0.360429,-0.360429,0.307617833892
-15.583547,-10.0,0.307617833892
3.0590109,3.0590109,0.307617833892
3.4465288,3.4465288,0.307617833892
-19.1939685,-10.0,0.307617833892
0.966812,0.966812,0.307617833892
-17.5534699,-10.0,0.307617833892
-16.9870225,-10.0,0.307617833892
1.596056,1.596056,0.307617833892
3.4445965,3.4445965,0.307617833892
3.42239,3.42239,0.307617833892
2.6019826,2.6019826,0.307617833892
2.5274683,2.5274683,0.307617833892
-14.6024949,-10.0,0.307617833892
-17.1481432,-10.0,0.307617833892
3.3467611,3.3467611,0.307617833892
1.4204766,1.4204766,0.307617833892
-1.3989733,-1.3989733,0.307617833892
-7.2795517,-7.2795517,0.307617833892
-3.8069578,-3.8069578,0.307617833892
-19.0300758,-10.0,0.307617833892
-0.3875179,-0.3875179,0.307617833892
-3.4465288,-3.4465288,0.307617833892
-22.6404973,-10.0,0.307617833892
-2.4797168,-2.4797168,0.307617833892
-20.9999987,-10.0,0.307617833892
-20.4335513,-10.0,0.307617833892
-1.8504728,-1.8504728,0.307617833892
-0.0019323,-0.0019323,0.307617833892
-0.0241388,-0.0241388,0.307617833892
-0.8445462,-0.8445462,0.307617833892
-0.9190605,-0.9190605,0.307617833892
-18.0490237,-10.0,0.307617833892
-20.594672,-10.0,0.307617833892
-0.0997677,-0.0997677,0.307617833892
-2.0260522,-2.0260522,0.307617833892
21.241524,10.0,0.307617833892
15.3609456,10.0,0.307617833892
18.8335395,10.0,0.307617833892
3.6104215,3.6104215,0.307617833892
22.2529794,10.0,0.307617833892
19.1939685,10.0,0.307617833892
22.6404973,10.0,0.307617833892
20.1607805,10.0,0.307617833892
1.6404986,1.6404986,0.307617833892
2.206946,2.206946,0.307617833892
20.7900245,10.0,0.307617833892
22.638565,10.0,0.307617833892
22.6163585,10.0,0.307617833892
21.7959511,10.0,0.307617833892
21.7214368,10.0,0.307617833892
4.5914736,4.5914736,0.307617833892
2.0458253,2.0458253,0.307617833892
22.5407296,10.0,0.307617833892
20.6144451,10.0,0.307617833892
1.0807435,1.0807435,0.307617833892
-4.7998349,-4.7998349,0.307617833892
-1.327241,-1.327241,0.307617833892
-16.550359,-10.0,0.307617833892
2.0921989,2.0921989,0.307617833892
-0.966812,-0.966812,0.307617833892
2.4797168,2.4797168,0.307617833892
-20.1607805,-10.0,0.307617833892
-18.5202819,-10.0,0.307617833892
-17.9538345,-10.0,0.307617833892
0.629244,0.629244,0.307617833892
2.4777845,2.4777845,0.307617833892
2.455578,2.455578,0.307617833892
1.6351706,1.6351706,0.307617833892
1.5606563,1.5606563,0.307617833892
-15.5693069,-10.0,0.307617833892
-18.1149552,-10.0,0.307617833892
2.3799491,2.3799491,0.307617833892
0.4536646,0.4536646,0.307617833892
19.6010254,10.0,0.307617833892
13.720447,10.0,0.307617833892
17.1930409,10.0,0.307617833892
1.9699229,1.9699229,0.307617833892
20.6124808,10.0,0.307617833892
17.5534699,10.0,0.307617833892
20.9999987,10.0,0.307617833892
-1.6404986,-1.6404986,0.307617833892
18.5202819,10.0,0.307617833892
0.5664474,0.5664474,0.307617833892
19.1495259,10.0,0.307617833892
20.9980664,10.0,0.307617833892
20.9758599,10.0,0.307617833892
20.1554525,10.0,0.307617833892
20.0809382,10.0,0.307617833892
2.950975,2.950975,0.307617833892
0.4053267,0.4053267,0.307617833892
20.900231,10.0,0.307617833892
18.9739465,10.0,0.307617833892
19.034578,10.0,0.307617833892
13.1539996,10.0,0.307617833892
16.6265935,10.0,0.307617833892
1.4034755,1.4034755,0.307617833892
20.0460334,10.0,0.307617833892
16.9870225,10.0,0.307617833892
20.4335513,10.0,0.307617833892
-2.206946,-2.206946,0.307617833892
17.9538345,10.0,0.307617833892
-0.5664474,-0.5664474,0.307617833892
18.5830785,10.0,0.307617833892
20.431619,10.0,0.307617833892
20.4094125,10.0,0.307617833892
19.5890051,10.0,0.307617833892
19.5144908,10.0,0.307617833892
2.3845276,2.3845276,0.307617833892
-0.1611207,-0.1611207,0.307617833892
20.3337836,10.0,0.307617833892
18.4074991,10.0,0.307617833892
0.4514995,0.4514995,0.307617833892
-5.4290789,-5.4290789,0.307617833892
-1.956485,-1.956485,0.307617833892
-17.179603,-10.0,0.307617833892
1.4629549,1.4629549,0.307617833892
-1.596056,-1.596056,0.307617833892
1.8504728,1.8504728,0.307617833892
-20.7900245,-10.0,0.307617833892
-0.629244,-0.629244,0.307617833892
-19.1495259,-10.0,0.307617833892
-18.5830785,-10.0,0.307617833892
1.8485405,1.8485405,0.307617833892
1.826334,1.826334,0.307617833892
1.0059266,1.0059266,0.307617833892
0.9314123,0.9314123,0.307617833892
-16.1985509,-10.0,0.307617833892
-18.7441992,-10.0,0.307617833892
1.7507051,1.7507051,0.307617833892
-0.1755794,-0.1755794,0.307617833892
-1.397041,-1.397041,0.307617833892
-7.2776194,-7.2776194,0.307617833892
-3.8050255,-3.8050255,0.307617833892
-19.0281435,-10.0,0.307617833892
-0.3855856,-0.3855856,0.307617833892
-3.4445965,-3.4445965,0.307617833892
0.0019323,0.0019323,0.307617833892
-22.638565,-10.0,0.307617833892
-2.4777845,-2.4777845,0.307617833892
-20.9980664,-10.0,0.307617833892
-20.431619,-10.0,0.307617833892
-1.8485405,-1.8485405,0.307617833892
-0.0222065,-0.0222065,0.307617833892
-0.8426139,-0.8426139,0.307617833892
-0.9171282,-0.9171282,0.307617833892
-18.0470914,-10.0,0.307617833892
-20.5927397,-10.0,0.307617833892
-0.0978354,-0.0978354,0.307617833892
-2.0241199,-2.0241199,0.307617833892
-1.3748345,-1.3748345,0.307617833892
-7.2554129,-7.2554129,0.307617833892
-3.782819,-3.782819,0.307617833892
-19.005937,-10.0,0.307617833892
-0.3633791,-0.3633791,0.307617833892
-3.42239,-3.42239,0.307617833892
0.0241388,0.0241388,0.307617833892
-22.6163585,-10.0,0.307617833892
-2.455578,-2.455578,0.307617833892
-20.9758599,-10.0,0.307617833892
-20.4094125,-10.0,0.307617833892
-1.826334,-1.826334,0.307617833892
0.0222065,0.0222065,0.307617833892
-0.8204074,-0.8204074,0.307617833892
-0.8949217,-0.8949217,0.307617833892
-18.0248849,-10.0,0.307617833892
-20.5705332,-10.0,0.307617833892
-0.0756289,-0.0756289,0.307617833892
-2.0019134,-2.0019134,0.307617833892
-0.5544271,-0.5544271,0.307617833892
-6.4350055,-6.4350055,0.307617833892
-2.9624116,-2.9624116,0.307617833892
-18.1855296,-10.0,0.307617833892
0.4570283,0.4570283,0.307617833892
-2.6019826,-2.6019826,0.307617833892
0.8445462,0.8445462,0.307617833892
-21.7959511,-10.0,0.307617833892
-1.6351706,-1.6351706,0.307617833892
-20.1554525,-10.0,0.307617833892
-19.5890051,-10.0,0.307617833892
-1.0059266,-1.0059266,0.307617833892
0.8426139,0.8426139,0.307617833892
0.8204074,0.8204074,0.307617833892
-0.0745143,-0.0745143,0.307617833892
-17.2044775,-10.0,0.307617833892
-19.7501258,-10.0,0.307617833892
0.7447785,0.7447785,0.307617833892
-1.181506,-1.181506,0.307617833892
-0.4799128,-0.4799128,0.307617833892
-6.3604912,-6.3604912,0.307617833892
-2.8878973,-2.8878973,0.307617833892
-18.1110153,-10.0,0.307617833892
0.5315426,0.5315426,0.307617833892
-2.5274683,-2.5274683,0.307617833892
0.9190605,0.9190605,0.307617833892
-21.7214368,-10.0,0.307617833892
-1.5606563,-1.5606563,0.307617833892
-20.0809382,-10.0,0.307617833892
-19.5144908,-10.0,0.307617833892
-0.9314123,-0.9314123,0.307617833892
0.9171282,0.9171282,0.307617833892
0.8949217,0.8949217,0.307617833892
0.0745143,0.0745143,0.307617833892
-17.1299632,-10.0,0.307617833892
-19.6756115,-10.0,0.307617833892
0.8192928,0.8192928,0.307617833892
-1.1069917,-1.1069917,0.307617833892
16.6500504,10.0,0.307617833892
10.769472,10.0,0.307617833892
14.2420659,10.0,0.307617833892
-0.9810521,-0.9810521,0.307617833892
17.6615058,10.0,0.307617833892
14.6024949,10.0,0.307617833892
18.0490237,10.0,0.307617833892
-4.5914736,-4.5914736,0.307617833892
15.5693069,10.0,0.307617833892
-2.950975,-2.950975,0.307617833892
-2.3845276,-2.3845276,0.307617833892
16.1985509,10.0,0.307617833892
18.0470914,10.0,0.307617833892
18.0248849,10.0,0.307617833892
17.2044775,10.0,0.307617833892
17.1299632,10.0,0.307617833892
-2.5456483,-2.5456483,0.307617833892
17.949256,10.0,0.307617833892
16.0229715,10.0,0.307617833892
19.1956987,10.0,0.307617833892
13.3151203,10.0,0.307617833892
16.7877142,10.0,0.307617833892
1.5645962,1.5645962,0.307617833892
20.2071541,10.0,0.307617833892
17.1481432,10.0,0.307617833892
20.594672,10.0,0.307617833892
-2.0458253,-2.0458253,0.307617833892
18.1149552,10.0,0.307617833892
-0.4053267,-0.4053267,0.307617833892
0.1611207,0.1611207,0.307617833892
18.7441992,10.0,0.307617833892
20.5927397,10.0,0.307617833892
20.5705332,10.0,0.307617833892
19.7501258,10.0,0.307617833892
19.6756115,10.0,0.307617833892
2.5456483,2.5456483,0.307617833892
20.4949043,10.0,0.307617833892
18.5686198,10.0,0.307617833892
-1.2992056,-1.2992056,0.307617833892
-7.179784,-7.179784,0.307617833892
-3.7071901,-3.7071901,0.307617833892
-18.9303081,-10.0,0.307617833892
-0.2877502,-0.2877502,0.307617833892
-3.3467611,-3.3467611,0.307617833892
0.0997677,0.0997677,0.307617833892
-22.5407296,-10.0,0.307617833892
-2.3799491,-2.3799491,0.307617833892
-20.900231,-10.0,0.307617833892
-20.3337836,-10.0,0.307617833892
-1.7507051,-1.7507051,0.307617833892
0.0978354,0.0978354,0.307617833892
0.0756289,0.0756289,0.307617833892
-0.7447785,-0.7447785,0.307617833892
-0.8192928,-0.8192928,0.307617833892
-17.949256,-10.0,0.307617833892
-20.4949043,-10.0,0.307617833892
-1.9262845,-1.9262845,0.307617833892
0.6270789,0.6270789,0.307617833892
-5.2534995,-5.2534995,0.307617833892
-1.7809056,-1.7809056,0.307617833892
-17.0040236,-10.0,0.307617833892
1.6385343,1.6385343,0.307617833892
-1.4204766,-1.4204766,0.307617833892
2.0260522,2.0260522,0.307617833892
-20.6144451,-10.0,0.307617833892
-0.4536646,-0.4536646,0.307617833892
-18.9739465,-10.0,0.307617833892
-18.4074991,-10.0,0.307617833892
0.1755794,0.1755794,0.307617833892
2.0241199,2.0241199,0.307617833892
2.0019134,2.0019134,0.307617833892
1.181506,1.181506,0.307617833892
1.1069917,1.1069917,0.307617833892
-16.0229715,-10.0,0.307617833892
-18.5686198,-10.0,0.307617833892
1.9262845,1.9262845,0.307617833892
11.8902805,10.0,0.195613571502
7.7671413,7.7671413,0.195613571502
9.7459176,9.7459176,0.195613571502
11.0321949,10.0,0.195613571502
-5.0607021,-5.0607021,0.195613571502
-5.0522211,-5.0522211,0.195613571502
-3.9843268,-3.9843268,0.195613571502
-9.3019532,-9.3019532,0.195613571502
10.5296375,10.0,0.195613571502
-5.1194628,-5.1194628,0.195613571502
-4.4453896,-4.4453896,0.195613571502
9.935954,9.935954,0.195613571502
9.9377477,9.9377477,0.195613571502
-9.1097195,-9.1097195,0.195613571502
-6.0775906,-6.0775906,0.195613571502
-6.268891,-6.268891,0.195613571502
-6.902794,-6.902794,0.195613571502
11.77894,10.0,0.195613571502
7.1472595,7.1472595,0.195613571502
-11.8902805,-10.0,0.195613571502
-4.1231392,-4.1231392,0.195613571502
-2.1443629,-2.1443629,0.195613571502
-0.8580856,-0.8580856,0.195613571502
-16.9509826,-10.0,0.195613571502
-16.9425016,-10.0,0.195613571502
-15.8746073,-10.0,0.195613571502
-21.1922337,-10.0,0.195613571502
-1.360643,-1.360643,0.195613571502
-17.0097433,-10.0,0.195613571502
-16.3356701,-10.0,0.195613571502
-1.9543265,-1.9543265,0.195613571502
-1.9525328,-1.9525328,0.195613571502
-21.0,-10.0,0.195613571502
-17.9678711,-10.0,0.195613571502
-18.1591715,-10.0,0.195613571502
-18.7930745,-10.0,0.195613571502
-0.1113405,-0.1113405,0.195613571502
-4.743021,-4.743021,0.195613571502
-7.7671413,-7.7671413,0.195613571502
4.1231392,4.1231392,0.195613571502
1.9787763,1.9787763,0.195613571502
3.2650536,3.2650536,0.195613571502
-12.8278434,-10.0,0.195613571502
-12.8193624,-10.0,0.195613571502
-11.7514681,-10.0,0.195613571502
-17.0690945,-10.0,0.195613571502
2.7624962,2.7624962,0.195613571502
-12.8866041,-10.0,0.195613571502
-12.2125309,-10.0,0.195613571502
2.1688127,2.1688127,0.195613571502
2.1706064,2.1706064,0.195613571502
-16.8768608,-10.0,0.195613571502
-13.8447319,-10.0,0.195613571502
-14.0360323,-10.0,0.195613571502
-14.6699353,-10.0,0.195613571502
4.0117987,4.0117987,0.195613571502
-0.6198818,-0.6198818,0.195613571502
-9.7459176,-9.7459176,0.195613571502
2.1443629,2.1443629,0.195613571502
-1.9787763,-1.9787763,0.195613571502
1.2862773,1.2862773,0.195613571502
-14.8066197,-10.0,0.195613571502
-14.7981387,-10.0,0.195613571502
-13.7302444,-10.0,0.195613571502
-19.0478708,-10.0,0.195613571502
0.7837199,0.7837199,0.195613571502
-14.8653804,-10.0,0.195613571502
-14.1913072,-10.0,0.195613571502
0.1900364,0.1900364,0.195613571502
0.1918301,0.1918301,0.195613571502
-18.8556371,-10.0,0.195613571502
-15.8235082,-10.0,0.195613571502
-16.0148086,-10.0,0.195613571502
-16.6487116,-10.0,0.195613571502
2.0330224,2.0330224,0.195613571502
-2.5986581,-2.5986581,0.195613571502
-11.0321949,-10.0,0.195613571502
0.8580856,0.8580856,0.195613571502
-3.2650536,-3.2650536,0.195613571502
-1.2862773,-1.2862773,0.195613571502
-16.092897,-10.0,0.195613571502
-16.084416,-10.0,0.195613571502
-15.0165217,-10.0,0.195613571502
-20.3341481,-10.0,0.195613571502
-0.5025574,-0.5025574,0.195613571502
-16.1516577,-10.0,0.195613571502
-15.4775845,-10.0,0.195613571502
-1.0962409,-1.0962409,0.195613571502
-1.0944472,-1.0944472,0.195613571502
-20.1419144,-10.0,0.195613571502
-17.1097855,-10.0,0.195613571502
-17.3010859,-10.0,0.195613571502
-17.9349889,-10.0,0.195613571502
0.7467451,0.7467451,0.195613571502
-3.8849354,-3.8849354,0.195613571502
5.0607021,5.0607021,0.195613571502
16.9509826,10.0,0.195613571502
12.8278434,10.0,0.195613571502
14.8066197,10.0,0.195613571502
16.092897,10.0,0.195613571502
0.008481,0.008481,0.195613571502
1.0763753,1.0763753,0.195613571502
-4.2412511,-4.2412511,0.195613571502
15.5903396,10.0,0.195613571502
-0.0587607,-0.0587607,0.195613571502
0.6153125,0.6153125,0.195613571502
14.9966561,10.0,0.195613571502
14.9984498,10.0,0.195613571502
-4.0490174,-4.0490174,0.195613571502
-1.0168885,-1.0168885,0.195613571502
-1.2081889,-1.2081889,0.195613571502
-1.8420919,-1.8420919,0.195613571502
16.8396421,10.0,0.195613571502
12.2079616,10.0,0.195613571502
5.0522211,5.0522211,0.195613571502
16.9425016,10.0,0.195613571502
12.8193624,10.0,0.195613571502
14.7981387,10.0,0.195613571502
16.084416,10.0,0.195613571502
-0.008481,-0.008481,0.195613571502
1.0678943,1.0678943,0.195613571502
-4.2497321,-4.2497321,0.195613571502
15.5818586,10.0,0.195613571502
-0.0672417,-0.0672417,0.195613571502
0.6068315,0.6068315,0.195613571502
14.9881751,10.0,0.195613571502
14.9899688,10.0,0.195613571502
-4.0574984,-4.0574984,0.195613571502
-1.0253695,-1.0253695,0.195613571502
-1.2166699,-1.2166699,0.195613571502
-1.8505729,-1.8505729,0.195613571502
16.8311611,10.0,0.195613571502
12.1994806,10.0,0.195613571502
3.9843268,3.9843268,0.195613571502
15.8746073,10.0,0.195613571502
11.7514681,10.0,0.195613571502
13.7302444,10.0,0.195613571502
15.0165217,10.0,0.195613571502
-1.0763753,-1.0763753,0.195613571502
-1.0678943,-1.0678943,0.195613571502
-5.3176264,-5.3176264,0.195613571502
14.5139643,10.0,0.195613571502
-1.135136,-1.135136,0.195613571502
-0.4610628,-0.4610628,0.195613571502
13.9202808,10.0,0.195613571502
13.9220745,10.0,0.195613571502
-5.1253927,-5.1253927,0.195613571502
-2.0932638,-2.0932638,0.195613571502
-2.2845642,-2.2845642,0.195613571502
-2.9184672,-2.9184672,0.195613571502
15.7632668,10.0,0.195613571502
11.1315863,10.0,0.195613571502
9.3019532,9.3019532,0.195613571502
21.1922337,10.0,0.195613571502
17.0690945,10.0,0.195613571502
19.0478708,10.0,0.195613571502
20.3341481,10.0,0.195613571502
4.2412511,4.2412511,0.195613571502
4.2497321,4.2497321,0.195613571502
5.3176264,5.3176264,0.195613571502
19.8315907,10.0,0.195613571502
4.1824904,4.1824904,0.195613571502
4.8565636,4.8565636,0.195613571502
19.2379072,10.0,0.195613571502
19.2397009,10.0,0.195613571502
0.1922337,0.1922337,0.195613571502
3.2243626,3.2243626,0.195613571502
3.0330622,3.0330622,0.195613571502
2.3991592,2.3991592,0.195613571502
21.0808932,10.0,0.195613571502
16.4492127,10.0,0.195613571502
-10.5296375,-10.0,0.195613571502
1.360643,1.360643,0.195613571502
-2.7624962,-2.7624962,0.195613571502
-0.7837199,-0.7837199,0.195613571502
0.5025574,0.5025574,0.195613571502
-15.5903396,-10.0,0.195613571502
-15.5818586,-10.0,0.195613571502
-14.5139643,-10.0,0.195613571502
-19.8315907,-10.0,0.195613571502
-15.6491003,-10.0,0.195613571502
-14.9750271,-10.0,0.195613571502
-0.5936835,-0.5936835,0.195613571502
-0.5918898,-0.5918898,0.195613571502
-19.639357,-10.0,0.195613571502
-16.6072281,-10.0,0.195613571502
-16.7985285,-10.0,0.195613571502
-17.4324315,-10.0,0.195613571502
1.2493025,1.2493025,0.195613571502
-3.382378,-3.382378,0.195613571502
5.1194628,5.1194628,0.195613571502
17.0097433,10.0,0.195613571502
12.8866041,10.0,0.195613571502
14.8653804,10.0,0.195613571502
16.1516577,10.0,0.195613571502
0.0587607,0.0587607,0.195613571502
0.0672417,0.0672417,0.195613571502
1.135136,1.135136,0.195613571502
-4.1824904,-4.1824904,0.195613571502
15.6491003,10.0,0.195613571502
0.6740732,0.6740732,0.195613571502
15.0554168,10.0,0.195613571502
15.0572105,10.0,0.195613571502
-3.9902567,-3.9902567,0.195613571502
-0.9581278,-0.9581278,0.195613571502
-1.1494282,-1.1494282,0.195613571502
-1.7833312,-1.7833312,0.195613571502
16.8984028,10.0,0.195613571502
12.2667223,10.0,0.195613571502
4.4453896,4.4453896,0.195613571502
16.3356701,10.0,0.195613571502
12.2125309,10.0,0.195613571502
14.1913072,10.0,0.195613571502
15.4775845,10.0,0.195613571502
-0.6153125,-0.6153125,0.195613571502
-0.6068315,-0.6068315,0.195613571502
0.4610628,0.4610628,0.195613571502
-4.8565636,-4.8565636,0.195613571502
14.9750271,10.0,0.195613571502
-0.6740732,-0.6740732,0.195613571502
14.3813436,10.0,0.195613571502
14.3831373,10.0,0.195613571502
-4.6643299,-4.6643299,0.195613571502
-1.632201,-1.632201,0.195613571502
-1.8235014,-1.8235014,0.195613571502
-2.4574044,-2.4574044,0.195613571502
16.2243296,10.0,0.195613571502
11.5926491,10.0,0.195613571502
-9.935954,-9.935954,0.195613571502
1.9543265,1.9543265,0.195613571502
-2.1688127,-2.1688127,0.195613571502
-0.1900364,-0.1900364,0.195613571502
1.0962409,1.0962409,0.195613571502
-14.9966561,-10.0,0.195613571502
-14.9881751,-10.0,0.195613571502
-13.9202808,-10.0,0.195613571502
-19.2379072,-10.0,0.195613571502
0.5936835,0.5936835,0.195613571502
-15.0554168,-10.0,0.195613571502
-14.3813436,-10.0,0.195613571502
0.0017937,0.0017937,0.195613571502
-19.0456735,-10.0,0.195613571502
-16.0135446,-10.0,0.195613571502
-16.204845,-10.0,0.195613571502
-16.838748,-10.0,0.195613571502
1.842986,1.842986,0.195613571502
-2.7886945,-2.7886945,0.195613571502
-9.9377477,-9.9377477,0.195613571502
1.9525328,1.9525328,0.195613571502
-2.1706064,-2.1706064,0.195613571502
-0.1918301,-0.1918301,0.195613571502
1.0944472,1.0944472,0.195613571502
-14.9984498,-10.0,0.195613571502
-14.9899688,-10.0,0.195613571502
-13.9220745,-10.0,0.195613571502
-19.2397009,-10.0,0.195613571502
0.5918898,0.5918898,0.195613571502
-15.0572105,-10.0,0.195613571502
-14.3831373,-10.0,0.195613571502
-0.0017937,-0.0017937,0.195613571502
-19.0474672,-10.0,0.195613571502
-16.0153383,-10.0,0.195613571502
-16.2066387,-10.0,0.195613571502
-16.8405417,-10.0,0.195613571502
1.8411923,1.8411923,0.195613571502
-2.7904882,-2.7904882,0.195613571502
9.1097195,9.1097195,0.195613571502
21.0,10.0,0.195613571502
16.8768608,10.0,0.195613571502
18.8556371,10.0,0.195613571502
20.1419144,10.0,0.195613571502
4.0490174,4.0490174,0.195613571502
4.0574984,4.0574984,0.195613571502
5.1253927,5.1253927,0.195613571502
-0.1922337,-0.1922337,0.195613571502
19.639357,10.0,0.195613571502
3.9902567,3.9902567,0.195613571502
4.6643299,4.6643299,0.195613571502
19.0456735,10.0,0.195613571502
19.0474672,10.0,0.195613571502
3.0321289,3.0321289,0.195613571502
2.8408285,2.8408285,0.195613571502
2.2069255,2.2069255,0.195613571502
20.8886595,10.0,0.195613571502
16.256979,10.0,0.195613571502
6.0775906,6.0775906,0.195613571502
17.9678711,10.0,0.195613571502
13.8447319,10.0,0.195613571502
15.8235082,10.0,0.195613571502
17.1097855,10.0,0.195613571502
1.0168885,1.0168885,0.195613571502
1.0253695,1.0253695,0.195613571502
2.0932638,2.0932638,0.195613571502
-3.2243626,-3.2243626,0.195613571502
16.6072281,10.0,0.195613571502
0.9581278,0.9581278,0.195613571502
1.632201,1.632201,0.195613571502
16.0135446,10.0,0.195613571502
16.0153383,10.0,0.195613571502
-3.0321289,-3.0321289,0.195613571502
-0.1913004,-0.1913004,0.195613571502
-0.8252034,-0.8252034,0.195613571502
17.8565306,10.0,0.195613571502
13.2248501,10.0,0.195613571502
6.268891,6.268891,0.195613571502
18.1591715,10.0,0.195613571502
14.0360323,10.0,0.195613571502
16.0148086,10.0,0.195613571502
17.3010859,10.0,0.195613571502
1.2081889,1.2081889,0.195613571502
1.2166699,1.2166699,0.195613571502
2.2845642,2.2845642,0.195613571502
-3.0330622,-3.0330622,0.195613571502
16.7985285,10.0,0.195613571502
1.1494282,1.1494282,0.195613571502
1.8235014,1.8235014,0.195613571502
16.204845,10.0,0.195613571502
16.2066387,10.0,0.195613571502
-2.8408285,-2.8408285,0.195613571502
0.1913004,0.1913004,0.195613571502
-0.633903,-0.633903,0.195613571502
18.047831,10.0,0.195613571502
13.4161505,10.0,0.195613571502
6.902794,6.902794,0.195613571502
18.7930745,10.0,0.195613571502
14.6699353,10.0,0.195613571502
16.6487116,10.0,0.195613571502
17.9349889,10.0,0.195613571502
1.8420919,1.8420919,0.195613571502
1.8505729,1.8505729,0.195613571502
2.9184672,2.9184672,0.195613571502
-2.3991592,-2.3991592,0.195613571502
17.4324315,10.0,0.195613571502
1.7833312,1.7833312,0.195613571502
2.4574044,2.4574044,0.195613571502
16.838748,10.0,0.195613571502
16.8405417,10.0,0.195613571502
-2.2069255,-2.2069255,0.195613571502
0.8252034,0.8252034,0.195613571502
0.633903,0.633903,0.195613571502
18.681734,10.0,0.195613571502
14.0500535,10.0,0.195613571502
-11.77894,-10.0,0.195613571502
0.1113405,0.1113405,0.195613571502
-4.0117987,-4.0117987,0.195613571502
-2.0330224,-2.0330224,0.195613571502
-0.7467451,-0.7467451,0.195613571502
-16.8396421,-10.0,0.195613571502
-16.8311611,-10.0,0.195613571502
-15.7632668,-10.0,0.195613571502
-21.0808932,-10.0,0.195613571502
-1.2493025,-1.2493025,0.195613571502
-16.8984028,-10.0,0.195613571502
-16.2243296,-10.0,0.195613571502
-1.842986,-1.842986,0.195613571502
-1.8411923,-1.8411923,0.195613571502
-20.8886595,-10.0,0.195613571502
-17.8565306,-10.0,0.195613571502
-18.047831,-10.0,0.195613571502
-18.681734,-10.0,0.195613571502
-4.6316805,-4.6316805,0.195613571502
-7.1472595,-7.1472595,0.195613571502
4.743021,4.743021,0.195613571502
0.6198818,0.6198818,0.195613571502
2.5986581,2.5986581,0.195613571502
3.8849354,3.8849354,0.195613571502
-12.2079616,-10.0,0.195613571502
-12.1994806,-10.0,0.195613571502
-11.1315863,-10.0,0.195613571502
-16.4492127,-10.0,0.195613571502
3.382378,3.382378,0.195613571502
-12.2667223,-10.0,0.195613571502
-11.5926491,-10.0,0.195613571502
2.7886945,2.7886945,0.195613571502
2.7904882,2.7904882,0.195613571502
-16.256979,-10.0,0.195613571502
-13.2248501,-10.0,0.195613571502
-13.4161505,-10.0,0.195613571502
-14.0500535,-10.0,0.195613571502
4.6316805,4.6316805,0.195613571502
4.2251782,4.2251782,0.391903242403
3.5696107,3.5696107,0.391903242403
2.55274,2.55274,0.391903242403
-15.1713777,-10.0,0.391903242403
2.1972073,2.1972073,0.391903242403
3.7833317,3.7833317,0.391903242403
-15.2244789,-10.0,0.391903242403
4.2251771,4.2251771,0.391903242403
-16.7748211,-10.0,0.391903242403
-15.4394649,-10.0,0.391903242403
2.2901731,2.2901731,0.391903242403
3.3029611,3.3029611,0.391903242403
3.0512763,3.0512763,0.391903242403
4.2251783,4.2251783,0.391903242403
4.2212624,4.2212624,0.391903242403
2.6620837,2.6620837,0.391903242403
-14.7797917,-10.0,0.391903242403
1.6530762,1.6530762,0.391903242403
0.5171297,0.5171297,0.391903242403
-4.2251782,-4.2251782,0.391903242403
-0.6555675,-0.6555675,0.391903242403
-1.6724382,-1.6724382,0.391903242403
-19.3965559,-10.0,0.391903242403
-2.0279709,-2.0279709,0.391903242403
-0.4418465,-0.4418465,0.391903242403
-19.4496571,-10.0,0.391903242403
-1.09999999864e-06,-1.09999999864e-06,0.391903242403
-20.9999993,-10.0,0.391903242403
-19.6646431,-10.0,0.391903242403
-1.9350051,-1.9350051,0.391903242403
-0.9222171,-0.9222171,0.391903242403
-1.1739019,-1.1739019,0.391903242403
1.00000001169e-07,1.00000001169e-07,0.391903242403
-0.0039158,-0.0039158,0.391903242403
-1.5630945,-1.5630945,0.391903242403
-19.0049699,-10.0,0.391903242403
-2.572102,-2.572102,0.391903242403
-3.7080485,-3.7080485,0.391903242403
-3.5696107,-3.5696107,0.391903242403
0.6555675,0.6555675,0.391903242403
-1.0168707,-1.0168707,0.391903242403
-18.7409884,-10.0,0.391903242403
-1.3724034,-1.3724034,0.391903242403
0.213721,0.213721,0.391903242403
-18.7940896,-10.0,0.391903242403
0.6555664,0.6555664,0.391903242403
-20.3444318,-10.0,0.391903242403
-19.0090756,-10.0,0.391903242403
-1.2794376,-1.2794376,0.391903242403
-0.2666496,-0.2666496,0.391903242403
-0.5183344,-0.5183344,0.391903242403
0.6555676,0.6555676,0.391903242403
0.6516517,0.6516517,0.391903242403
-0.907527,-0.907527,0.391903242403
-18.3494024,-10.0,0.391903242403
-1.9165345,-1.9165345,0.391903242403
-3.052481,-3.052481,0.391903242403
-2.55274,-2.55274,0.391903242403
1.6724382,1.6724382,0.391903242403
1.0168707,1.0168707,0.391903242403
-17.7241177,-10.0,0.391903242403
-0.3555327,-0.3555327,0.391903242403
1.2305917,1.2305917,0.391903242403
-17.7772189,-10.0,0.391903242403
1.6724371,1.6724371,0.391903242403
-19.3275611,-10.0,0.391903242403
-17.9922049,-10.0,0.391903242403
-0.2625669,-0.2625669,0.391903242403
0.7502211,0.7502211,0.391903242403
0.4985363,0.4985363,0.391903242403
1.6724383,1.6724383,0.391903242403
1.6685224,1.6685224,0.391903242403
0.1093437,0.1093437,0.391903242403
-17.3325317,-10.0,0.391903242403
-0.8996638,-0.8996638,0.391903242403
-2.0356103,-2.0356103,0.391903242403
15.1713777,10.0,0.391903242403
19.3965559,10.0,0.391903242403
18.7409884,10.0,0.391903242403
17.7241177,10.0,0.391903242403
17.368585,10.0,0.391903242403
18.9547094,10.0,0.391903242403
-0.0531012,-0.0531012,0.391903242403
19.3965548,10.0,0.391903242403
-1.6034434,-1.6034434,0.391903242403
-0.2680872,-0.2680872,0.391903242403
17.4615508,10.0,0.391903242403
18.4743388,10.0,0.391903242403
18.222654,10.0,0.391903242403
19.396556,10.0,0.391903242403
19.3926401,10.0,0.391903242403
17.8334614,10.0,0.391903242403
0.391586,0.391586,0.391903242403
16.8244539,10.0,0.391903242403
15.6885074,10.0,0.391903242403
-2.1972073,-2.1972073,0.391903242403
2.0279709,2.0279709,0.391903242403
1.3724034,1.3724034,0.391903242403
0.3555327,0.3555327,0.391903242403
-17.368585,-10.0,0.391903242403
1.5861244,1.5861244,0.391903242403
-17.4216862,-10.0,0.391903242403
2.0279698,2.0279698,0.391903242403
-18.9720284,-10.0,0.391903242403
-17.6366722,-10.0,0.391903242403
0.0929658,0.0929658,0.391903242403
1.1057538,1.1057538,0.391903242403
0.854069,0.854069,0.391903242403
2.027971,2.027971,0.391903242403
2.0240551,2.0240551,0.391903242403
0.4648764,0.4648764,0.391903242403
-16.976999,-10.0,0.391903242403
-0.5441311,-0.5441311,0.391903242403
-1.6800776,-1.6800776,0.391903242403
-3.7833317,-3.7833317,0.391903242403
0.4418465,0.4418465,0.391903242403
-0.213721,-0.213721,0.391903242403
-1.2305917,-1.2305917,0.391903242403
-18.9547094,-10.0,0.391903242403
-1.5861244,-1.5861244,0.391903242403
-19.0078106,-10.0,0.391903242403
0.4418454,0.4418454,0.391903242403
-20.5581528,-10.0,0.391903242403
-19.2227966,-10.0,0.391903242403
-1.4931586,-1.4931586,0.391903242403
-0.4803706,-0.4803706,0.391903242403
-0.7320554,-0.7320554,0.391903242403
0.4418466,0.4418466,0.391903242403
0.4379307,0.4379307,0.391903242403
-1.121248,-1.121248,0.391903242403
-18.5631234,-10.0,0.391903242403
-2.1302555,-2.1302555,0.391903242403
-3.266202,-3.266202,0.391903242403
15.2244789,10.0,0.391903242403
19.4496571,10.0,0.391903242403
18.7940896,10.0,0.391903242403
17.7772189,10.0,0.391903242403
0.0531012,0.0531012,0.391903242403
17.4216862,10.0,0.391903242403
19.0078106,10.0,0.391903242403
19.449656,10.0,0.391903242403
-1.5503422,-1.5503422,0.391903242403
-0.214986,-0.214986,0.391903242403
17.514652,10.0,0.391903242403
18.52744,10.0,0.391903242403
18.2757552,10.0,0.391903242403
19.4496572,10.0,0.391903242403
19.4457413,10.0,0.391903242403
17.8865626,10.0,0.391903242403
0.4446872,0.4446872,0.391903242403
16.8775551,10.0,0.391903242403
15.7416086,10.0,0.391903242403
-4.2251771,-4.2251771,0.391903242403
1.09999999864e-06,1.09999999864e-06,0.391903242403
-0.6555664,-0.6555664,0.391903242403
-1.6724371,-1.6724371,0.391903242403
-19.3965548,-10.0,0.391903242403
-2.0279698,-2.0279698,0.391903242403
-0.4418454,-0.4418454,0.391903242403
-19.449656,-10.0,0.391903242403
-20.9999982,-10.0,0.391903242403
-19.664642,-10.0,0.391903242403
-1.935004,-1.935004,0.391903242403
-0.922216,-0.922216,0.391903242403
-1.1739008,-1.1739008,0.391903242403
1.19999999981e-06,1.19999999981e-06,0.391903242403
-0.0039147,-0.0039147,0.391903242403
-1.5630934,-1.5630934,0.391903242403
-19.0049688,-10.0,0.391903242403
-2.5721009,-2.5721009,0.391903242403
-3.7080474,-3.7080474,0.391903242403
16.7748211,10.0,0.391903242403
20.9999993,10.0,0.391903242403
20.3444318,10.0,0.391903242403
19.3275611,10.0,0.391903242403
1.6034434,1.6034434,0.391903242403
18.9720284,10.0,0.391903242403
20.5581528,10.0,0.391903242403
1.5503422,1.5503422,0.391903242403
20.9999982,10.0,0.391903242403
1.3353562,1.3353562,0.391903242403
19.0649942,10.0,0.391903242403
20.0777822,10.0,0.391903242403
19.8260974,10.0,0.391903242403
20.9999994,10.0,0.391903242403
20.9960835,10.0,0.391903242403
19.4369048,10.0,0.391903242403
1.9950294,1.9950294,0.391903242403
18.4278973,10.0,0.391903242403
17.2919508,10.0,0.391903242403
15.4394649,10.0,0.391903242403
19.6646431,10.0,0.391903242403
19.0090756,10.0,0.391903242403
17.9922049,10.0,0.391903242403
0.2680872,0.2680872,0.391903242403
17.6366722,10.0,0.391903242403
19.2227966,10.0,0.391903242403
0.214986,0.214986,0.391903242403
19.664642,10.0,0.391903242403
-1.3353562,-1.3353562,0.391903242403
17.729638,10.0,0.391903242403
18.742426,10.0,0.391903242403
18.4907412,10.0,0.391903242403
19.6646432,10.0,0.391903242403
19.6607273,10.0,0.391903242403
18.1015486,10.0,0.391903242403
0.6596732,0.6596732,0.391903242403
17.0925411,10.0,0.391903242403
15.9565946,10.0,0.391903242403
-2.2901731,-2.2901731,0.391903242403
1.9350051,1.9350051,0.391903242403
1.2794376,1.2794376,0.391903242403
0.2625669,0.2625669,0.391903242403
-17.4615508,-10.0,0.391903242403
-0.0929658,-0.0929658,0.391903242403
1.4931586,1.4931586,0.391903242403
-17.514652,-10.0,0.391903242403
1.935004,1.935004,0.391903242403
-19.0649942,-10.0,0.391903242403
-17.729638,-10.0,0.391903242403
1.012788,1.012788,0.391903242403
0.7611032,0.7611032,0.391903242403
1.9350052,1.9350052,0.391903242403
1.9310893,1.9310893,0.391903242403
0.3719106,0.3719106,0.391903242403
-17.0699648,-10.0,0.391903242403
-0.6370969,-0.6370969,0.391903242403
-1.7730434,-1.7730434,0.391903242403
-3.3029611,-3.3029611,0.391903242403
0.9222171,0.9222171,0.391903242403
0.2666496,0.2666496,0.391903242403
-0.7502211,-0.7502211,0.391903242403
-18.4743388,-10.0,0.391903242403
-1.1057538,-1.1057538,0.391903242403
0.4803706,0.4803706,0.391903242403
-18.52744,-10.0,0.391903242403
0.922216,0.922216,0.391903242403
-20.0777822,-10.0,0.391903242403
-18.742426,-10.0,0.391903242403
-1.012788,-1.012788,0.391903242403
-0.2516848,-0.2516848,0.391903242403
0.9222172,0.9222172,0.391903242403
0.9183013,0.9183013,0.391903242403
-0.6408774,-0.6408774,0.391903242403
-18.0827528,-10.0,0.391903242403
-1.6498849,-1.6498849,0.391903242403
-2.7858314,-2.7858314,0.391903242403
-3.0512763,-3.0512763,0.391903242403
1.1739019,1.1739019,0.391903242403
0.5183344,0.5183344,0.391903242403
-0.4985363,-0.4985363,0.391903242403
-18.222654,-10.0,0.391903242403
-0.854069,-0.854069,0.391903242403
0.7320554,0.7320554,0.391903242403
-18.2757552,-10.0,0.391903242403
1.1739008,1.1739008,0.391903242403
-19.8260974,-10.0,0.391903242403
-18.4907412,-10.0,0.391903242403
-0.7611032,-0.7611032,0.391903242403
0.2516848,0.2516848,0.391903242403
1.173902,1.173902,0.391903242403
1.1699861,1.1699861,0.391903242403
-0.3891926,-0.3891926,0.391903242403
-17.831068,-10.0,0.391903242403
-1.3982001,-1.3982001,0.391903242403
-2.5341466,-2.5341466,0.391903242403
-4.2251783,-4.2251783,0.391903242403
-1.00000001169e-07,-1.00000001169e-07,0.391903242403
-0.6555676,-0.6555676,0.391903242403
-1.6724383,-1.6724383,0.391903242403
-19.396556,-10.0,0.391903242403
-2.027971,-2.027971,0.391903242403
-0.4418466,-0.4418466,0.391903242403
-19.4496572,-10.0,0.391903242403
-1.19999999981e-06,-1.19999999981e-06,0.391903242403
-20.9999994,-10.0,0.391903242403
-19.6646432,-10.0,0.391903242403
-1.9350052,-1.9350052,0.391903242403
-0.9222172,-0.9222172,0.391903242403
-1.173902,-1.173902,0.391903242403
-0.0039159,-0.0039159,0.391903242403
-1.5630946,-1.5630946,0.391903242403
-19.00497,-10.0,0.391903242403
-2.5721021,-2.5721021,0.391903242403
-3.7080486,-3.7080486,0.391903242403
-4.2212624,-4.2212624,0.391903242403
0.0039158,0.0039158,0.391903242403
-0.6516517,-0.6516517,0.391903242403
-1.6685224,-1.6685224,0.391903242403
-19.3926401,-10.0,0.391903242403
-2.0240551,-2.0240551,0.391903242403
-0.4379307,-0.4379307,0.391903242403
-19.4457413,-10.0,0.391903242403
0.0039147,0.0039147,0.391903242403
-20.9960835,-10.0,0.391903242403
-19.6607273,-10.0,0.391903242403
-1.9310893,-1.9310893,0.391903242403
-0.9183013,-0.9183013,0.391903242403
-1.1699861,-1.1699861,0.391903242403
0.0039159,0.0039159,0.391903242403
-1.5591787,-1.5591787,0.391903242403
-19.0010541,-10.0,0.391903242403
-2.5681862,-2.5681862,0.391903242403
-3.7041327,-3.7041327,0.391903242403
-2.6620837,-2.6620837,0.391903242403
1.5630945,1.5630945,0.391903242403
0.907527,0.907527,0.391903242403
-0.1093437,-0.1093437,0.391903242403
-17.8334614,-10.0,0.391903242403
-0.4648764,-0.4648764,0.391903242403
1.121248,1.121248,0.391903242403
-17.8865626,-10.0,0.391903242403
1.5630934,1.5630934,0.391903242403
-19.4369048,-10.0,0.391903242403
-18.1015486,-10.0,0.391903242403
-0.3719106,-0.3719106,0.391903242403
0.6408774,0.6408774,0.391903242403
0.3891926,0.3891926,0.391903242403
1.5630946,1.5630946,0.391903242403
1.5591787,1.5591787,0.391903242403
-17.4418754,-10.0,0.391903242403
-1.0090075,-1.0090075,0.391903242403
-2.144954,-2.144954,0.391903242403
14.7797917,10.0,0.391903242403
19.0049699,10.0,0.391903242403
18.3494024,10.0,0.391903242403
17.3325317,10.0,0.391903242403
-0.391586,-0.391586,0.391903242403
16.976999,10.0,0.391903242403
18.5631234,10.0,0.391903242403
-0.4446872,-0.4446872,0.391903242403
19.0049688,10.0,0.391903242403
-1.9950294,-1.9950294,0.391903242403
-0.6596732,-0.6596732,0.391903242403
17.0699648,10.0,0.391903242403
18.0827528,10.0,0.391903242403
17.831068,10.0,0.391903242403
19.00497,10.0,0.391903242403
19.0010541,10.0,0.391903242403
17.4418754,10.0,0.391903242403
16.4328679,10.0,0.391903242403
15.2969214,10.0,0.391903242403
-1.6530762,-1.6530762,0.391903242403
2.572102,2.572102,0.391903242403
1.9165345,1.9165345,0.391903242403
0.8996638,0.8996638,0.391903242403
-16.8244539,-10.0,0.391903242403
0.5441311,0.5441311,0.391903242403
2.1302555,2.1302555,0.391903242403
-16.8775551,-10.0,0.391903242403
2.5721009,2.5721009,0.391903242403
-18.4278973,-10.0,0.391903242403
-17.0925411,-10.0,0.391903242403
0.6370969,0.6370969,0.391903242403
1.6498849,1.6498849,0.391903242403
1.3982001,1.3982001,0.391903242403
2.5721021,2.5721021,0.391903242403
2.5681862,2.5681862,0.391903242403
1.0090075,1.0090075,0.391903242403
-16.4328679,-10.0,0.391903242403
-1.1359465,-1.1359465,0.391903242403
-0.5171297,-0.5171297,0.391903242403
3.7080485,3.7080485,0.391903242403
3.052481,3.052481,0.391903242403
2.0356103,2.0356103,0.391903242403
-15.6885074,-10.0,0.391903242403
1.6800776,1.6800776,0.391903242403
3.266202,3.266202,0.391903242403
-15.7416086,-10.0,0.391903242403
3.7080474,3.7080474,0.391903242403
-17.2919508,-10.0,0.391903242403
-15.9565946,-10.0,0.391903242403
1.7730434,1.7730434,0.391903242403
2.7858314,2.7858314,0.391903242403
2.5341466,2.5341466,0.391903242403
3.7080486,3.7080486,0.391903242403
3.7041327,3.7041327,0.391903242403
2.144954,2.144954,0.391903242403
-15.2969214,-10.0,0.391903242403
1.1359465,1.1359465,0.391903242403
-1.7240427,-1.7240427,0.436081819319
19.8771555,10.0,0.436081819319
15.6835127,10.0,0.436081819319
0.3063009,0.3063009,0.436081819319
0.471239,0.471239,0.436081819319
14.7666882,10.0,0.436081819319
1.8970689,1.8970689,0.436081819319
7.8495853,7.8495853,0.436081819319
3.0288706,3.0288706,0.436081819319
1.318183,1.318183,0.436081819319
-0.4490127,-0.4490127,0.436081819319
19.4061807,10.0,0.436081819319
20.8150416,10.0,0.436081819319
20.4372581,10.0,0.436081819319
-0.1849579,-0.1849579,0.436081819319
1.1203463,1.1203463,0.436081819319
-0.7462824,-0.7462824,0.436081819319
20.1559022,10.0,0.436081819319
16.6913879,10.0,0.436081819319
1.7240427,1.7240427,0.436081819319
21.6011982,10.0,0.436081819319
17.4075554,10.0,0.436081819319
2.0303436,2.0303436,0.436081819319
2.1952817,2.1952817,0.436081819319
16.4907309,10.0,0.436081819319
3.6211116,3.6211116,0.436081819319
9.573628,9.573628,0.436081819319
4.7529133,4.7529133,0.436081819319
3.0422257,3.0422257,0.436081819319
1.27503,1.27503,0.436081819319
21.1302234,10.0,0.436081819319
22.5390843,10.0,0.436081819319
22.1613008,10.0,0.436081819319
1.5390848,1.5390848,0.436081819319
2.844389,2.844389,0.436081819319
0.9777603,0.9777603,0.436081819319
21.8799449,10.0,0.436081819319
18.4154306,10.0,0.436081819319
-19.8771555,-10.0,0.436081819319
-21.6011982,-10.0,0.436081819319
-4.1936428,-4.1936428,0.436081819319
-19.5708546,-10.0,0.436081819319
-19.4059165,-10.0,0.436081819319
-5.1104673,-5.1104673,0.436081819319
-17.9800866,-10.0,0.436081819319
-12.0275702,-10.0,0.436081819319
-16.8482849,-10.0,0.436081819319
-18.5589725,-10.0,0.436081819319
-20.3261682,-10.0,0.436081819319
-0.4709748,-0.4709748,0.436081819319
0.9378861,0.9378861,0.436081819319
0.5601026,0.5601026,0.436081819319
-20.0621134,-10.0,0.436081819319
-18.7568092,-10.0,0.436081819319
-20.6234379,-10.0,0.436081819319
0.2787467,0.2787467,0.436081819319
-3.1857676,-3.1857676,0.436081819319
-15.6835127,-10.0,0.436081819319
-17.4075554,-10.0,0.436081819319
4.1936428,4.1936428,0.436081819319
-15.3772118,-10.0,0.436081819319
-15.2122737,-10.0,0.436081819319
-0.9168245,-0.9168245,0.436081819319
-13.7864438,-10.0,0.436081819319
-7.8339274,-7.8339274,0.436081819319
-12.6546421,-10.0,0.436081819319
-14.3653297,-10.0,0.436081819319
-16.1325254,-10.0,0.436081819319
3.722668,3.722668,0.436081819319
5.1315289,5.1315289,0.436081819319
4.7537454,4.7537454,0.436081819319
-15.8684706,-10.0,0.436081819319
-14.5631664,-10.0,0.436081819319
-16.4297951,-10.0,0.436081819319
4.4723895,4.4723895,0.436081819319
1.0078752,1.0078752,0.436081819319
-0.3063009,-0.3063009,0.436081819319
-2.0303436,-2.0303436,0.436081819319
19.5708546,10.0,0.436081819319
15.3772118,10.0,0.436081819319
0.1649381,0.1649381,0.436081819319
14.4603873,10.0,0.436081819319
1.590768,1.590768,0.436081819319
7.5432844,7.5432844,0.436081819319
2.7225697,2.7225697,0.436081819319
1.0118821,1.0118821,0.436081819319
-0.7553136,-0.7553136,0.436081819319
19.0998798,10.0,0.436081819319
20.5087407,10.0,0.436081819319
20.1309572,10.0,0.436081819319
-0.4912588,-0.4912588,0.436081819319
0.8140454,0.8140454,0.436081819319
-1.0525833,-1.0525833,0.436081819319
19.8496013,10.0,0.436081819319
16.385087,10.0,0.436081819319
-0.471239,-0.471239,0.436081819319
-2.1952817,-2.1952817,0.436081819319
19.4059165,10.0,0.436081819319
15.2122737,10.0,0.436081819319
-0.1649381,-0.1649381,0.436081819319
14.2954492,10.0,0.436081819319
1.4258299,1.4258299,0.436081819319
7.3783463,7.3783463,0.436081819319
2.5576316,2.5576316,0.436081819319
0.846944,0.846944,0.436081819319
-0.9202517,-0.9202517,0.436081819319
18.9349417,10.0,0.436081819319
20.3438026,10.0,0.436081819319
19.9660191,10.0,0.436081819319
-0.6561969,-0.6561969,0.436081819319
0.6491073,0.6491073,0.436081819319
-1.2175214,-1.2175214,0.436081819319
19.6846632,10.0,0.436081819319
16.2201489,10.0,0.436081819319
-14.7666882,-10.0,0.436081819319
-16.4907309,-10.0,0.436081819319
5.1104673,5.1104673,0.436081819319
0.9168245,0.9168245,0.436081819319
-14.4603873,-10.0,0.436081819319
-14.2954492,-10.0,0.436081819319
-12.8696193,-10.0,0.436081819319
-6.9171029,-6.9171029,0.436081819319
-11.7378176,-10.0,0.436081819319
-13.4485052,-10.0,0.436081819319
-15.2157009,-10.0,0.436081819319
4.6394925,4.6394925,0.436081819319
6.0483534,6.0483534,0.436081819319
5.6705699,5.6705699,0.436081819319
-14.9516461,-10.0,0.436081819319
-13.6463419,-10.0,0.436081819319
-15.5129706,-10.0,0.436081819319
5.389214,5.389214,0.436081819319
1.9246997,1.9246997,0.436081819319
-1.8970689,-1.8970689,0.436081819319
-3.6211116,-3.6211116,0.436081819319
17.9800866,10.0,0.436081819319
13.7864438,10.0,0.436081819319
-1.590768,-1.590768,0.436081819319
-1.4258299,-1.4258299,0.436081819319
12.8696193,10.0,0.436081819319
5.9525164,5.9525164,0.436081819319
1.1318017,1.1318017,0.436081819319
-0.5788859,-0.5788859,0.436081819319
-2.3460816,-2.3460816,0.436081819319
17.5091118,10.0,0.436081819319
18.9179727,10.0,0.436081819319
18.5401892,10.0,0.436081819319
-2.0820268,-2.0820268,0.436081819319
-0.7767226,-0.7767226,0.436081819319
-2.6433513,-2.6433513,0.436081819319
18.2588333,10.0,0.436081819319
14.794319,10.0,0.436081819319
-7.8495853,-7.8495853,0.436081819319
-9.573628,-9.573628,0.436081819319
12.0275702,10.0,0.436081819319
7.8339274,7.8339274,0.436081819319
-7.5432844,-7.5432844,0.436081819319
-7.3783463,-7.3783463,0.436081819319
6.9171029,6.9171029,0.436081819319
-5.9525164,-5.9525164,0.436081819319
-4.8207147,-4.8207147,0.436081819319
-6.5314023,-6.5314023,0.436081819319
-8.298598,-8.298598,0.436081819319
11.5565954,10.0,0.436081819319
12.9654563,10.0,0.436081819319
12.5876728,10.0,0.436081819319
-8.0345432,-8.0345432,0.436081819319
-6.729239,-6.729239,0.436081819319
-8.5958677,-8.5958677,0.436081819319
12.3063169,10.0,0.436081819319
8.8418026,8.8418026,0.436081819319
-3.0288706,-3.0288706,0.436081819319
-4.7529133,-4.7529133,0.436081819319
16.8482849,10.0,0.436081819319
12.6546421,10.0,0.436081819319
-2.7225697,-2.7225697,0.436081819319
-2.5576316,-2.5576316,0.436081819319
11.7378176,10.0,0.436081819319
-1.1318017,-1.1318017,0.436081819319
4.8207147,4.8207147,0.436081819319
-1.7106876,-1.7106876,0.436081819319
-3.4778833,-3.4778833,0.436081819319
16.3773101,10.0,0.436081819319
17.786171,10.0,0.436081819319
17.4083875,10.0,0.436081819319
-3.2138285,-3.2138285,0.436081819319
-1.9085243,-1.9085243,0.436081819319
-3.775153,-3.775153,0.436081819319
17.1270316,10.0,0.436081819319
13.6625173,10.0,0.436081819319
-1.318183,-1.318183,0.436081819319
-3.0422257,-3.0422257,0.436081819319
18.5589725,10.0,0.436081819319
14.3653297,10.0,0.436081819319
-1.0118821,-1.0118821,0.436081819319
-0.846944,-0.846944,0.436081819319
13.4485052,10.0,0.436081819319
0.5788859,0.5788859,0.436081819319
6.5314023,6.5314023,0.436081819319
1.7106876,1.7106876,0.436081819319
-1.7671957,-1.7671957,0.436081819319
18.0879977,10.0,0.436081819319
19.4968586,10.0,0.436081819319
19.1190751,10.0,0.436081819319
-1.5031409,-1.5031409,0.436081819319
-0.1978367,-0.1978367,0.436081819319
-2.0644654,-2.0644654,0.436081819319
18.8377192,10.0,0.436081819319
15.3732049,10.0,0.436081819319
0.4490127,0.4490127,0.436081819319
-1.27503,-1.27503,0.436081819319
20.3261682,10.0,0.436081819319
16.1325254,10.0,0.436081819319
0.7553136,0.7553136,0.436081819319
0.9202517,0.9202517,0.436081819319
15.2157009,10.0,0.436081819319
2.3460816,2.3460816,0.436081819319
8.298598,8.298598,0.436081819319
3.4778833,3.4778833,0.436081819319
1.7671957,1.7671957,0.436081819319
19.8551934,10.0,0.436081819319
21.2640543,10.0,0.436081819319
20.8862708,10.0,0.436081819319
0.2640548,0.2640548,0.436081819319
1.569359,1.569359,0.436081819319
-0.2972697,-0.2972697,0.436081819319
20.6049149,10.0,0.436081819319
17.1404006,10.0,0.436081819319
-19.4061807,-10.0,0.436081819319
-21.1302234,-10.0,0.436081819319
0.4709748,0.4709748,0.436081819319
-3.722668,-3.722668,0.436081819319
-19.0998798,-10.0,0.436081819319
-18.9349417,-10.0,0.436081819319
-4.6394925,-4.6394925,0.436081819319
-17.5091118,-10.0,0.436081819319
-11.5565954,-10.0,0.436081819319
-16.3773101,-10.0,0.436081819319
-18.0879977,-10.0,0.436081819319
-19.8551934,-10.0,0.436081819319
1.4088609,1.4088609,0.436081819319
1.0310774,1.0310774,0.436081819319
-19.5911386,-10.0,0.436081819319
-18.2858344,-10.0,0.436081819319
-20.1524631,-10.0,0.436081819319
0.7497215,0.7497215,0.436081819319
-2.7147928,-2.7147928,0.436081819319
-20.8150416,-10.0,0.436081819319
-22.5390843,-10.0,0.436081819319
-0.9378861,-0.9378861,0.436081819319
-5.1315289,-5.1315289,0.436081819319
-20.5087407,-10.0,0.436081819319
-20.3438026,-10.0,0.436081819319
-6.0483534,-6.0483534,0.436081819319
-18.9179727,-10.0,0.436081819319
-12.9654563,-10.0,0.436081819319
-17.786171,-10.0,0.436081819319
-19.4968586,-10.0,0.436081819319
-21.2640543,-10.0,0.436081819319
-1.4088609,-1.4088609,0.436081819319
-0.3777835,-0.3777835,0.436081819319
-20.9999995,-10.0,0.436081819319
-19.6946953,-10.0,0.436081819319
-21.561324,-10.0,0.436081819319
-0.6591394,-0.6591394,0.436081819319
-4.1236537,-4.1236537,0.436081819319
-20.4372581,-10.0,0.436081819319
-22.1613008,-10.0,0.436081819319
-0.5601026,-0.5601026,0.436081819319
-4.7537454,-4.7537454,0.436081819319
-20.1309572,-10.0,0.436081819319
-19.9660191,-10.0,0.436081819319
-5.6705699,-5.6705699,0.436081819319
-18.5401892,-10.0,0.436081819319
-12.5876728,-10.0,0.436081819319
-17.4083875,-10.0,0.436081819319
-19.1190751,-10.0,0.436081819319
-20.8862708,-10.0,0.436081819319
-1.0310774,-1.0310774,0.436081819319
0.3777835,0.3777835,0.436081819319
-20.622216,-10.0,0.436081819319
-19.3169118,-10.0,0.436081819319
-21.1835405,-10.0,0.436081819319
-0.2813559,-0.2813559,0.436081819319
-3.7458702,-3.7458702,0.436081819319
0.1849579,0.1849579,0.436081819319
-1.5390848,-1.5390848,0.436081819319
20.0621134,10.0,0.436081819319
15.8684706,10.0,0.436081819319
0.4912588,0.4912588,0.436081819319
0.6561969,0.6561969,0.436081819319
14.9516461,10.0,0.436081819319
2.0820268,2.0820268,0.436081819319
8.0345432,8.0345432,0.436081819319
3.2138285,3.2138285,0.436081819319
1.5031409,1.5031409,0.436081819319
-0.2640548,-0.2640548,0.436081819319
19.5911386,10.0,0.436081819319
20.9999995,10.0,0.436081819319
20.622216,10.0,0.436081819319
1.3053042,1.3053042,0.436081819319
-0.5613245,-0.5613245,0.436081819319
20.3408601,10.0,0.436081819319
16.8763458,10.0,0.436081819319
-1.1203463,-1.1203463,0.436081819319
-2.844389,-2.844389,0.436081819319
18.7568092,10.0,0.436081819319
14.5631664,10.0,0.436081819319
-0.8140454,-0.8140454,0.436081819319
-0.6491073,-0.6491073,0.436081819319
13.6463419,10.0,0.436081819319
0.7767226,0.7767226,0.436081819319
6.729239,6.729239,0.436081819319
1.9085243,1.9085243,0.436081819319
0.1978367,0.1978367,0.436081819319
-1.569359,-1.569359,0.436081819319
18.2858344,10.0,0.436081819319
19.6946953,10.0,0.436081819319
19.3169118,10.0,0.436081819319
-1.3053042,-1.3053042,0.436081819319
-1.8666287,-1.8666287,0.436081819319
19.0355559,10.0,0.436081819319
15.5710416,10.0,0.436081819319
0.7462824,0.7462824,0.436081819319
-0.9777603,-0.9777603,0.436081819319
20.6234379,10.0,0.436081819319
16.4297951,10.0,0.436081819319
1.0525833,1.0525833,0.436081819319
1.2175214,1.2175214,0.436081819319
15.5129706,10.0,0.436081819319
2.6433513,2.6433513,0.436081819319
8.5958677,8.5958677,0.436081819319
3.775153,3.775153,0.436081819319
2.0644654,2.0644654,0.436081819319
0.2972697,0.2972697,0.436081819319
20.1524631,10.0,0.436081819319
21.561324,10.0,0.436081819319
21.1835405,10.0,0.436081819319
0.5613245,0.5613245,0.436081819319
1.8666287,1.8666287,0.436081819319
20.9021846,10.0,0.436081819319
17.4376703,10.0,0.436081819319
-20.1559022,-10.0,0.436081819319
-21.8799449,-10.0,0.436081819319
-0.2787467,-0.2787467,0.436081819319
-4.4723895,-4.4723895,0.436081819319
-19.8496013,-10.0,0.436081819319
-19.6846632,-10.0,0.436081819319
-5.389214,-5.389214,0.436081819319
-18.2588333,-10.0,0.436081819319
-12.3063169,-10.0,0.436081819319
-17.1270316,-10.0,0.436081819319
-18.8377192,-10.0,0.436081819319
-20.6049149,-10.0,0.436081819319
-0.7497215,-0.7497215,0.436081819319
0.6591394,0.6591394,0.436081819319
0.2813559,0.2813559,0.436081819319
-20.3408601,-10.0,0.436081819319
-19.0355559,-10.0,0.436081819319
-20.9021846,-10.0,0.436081819319
-3.4645143,-3.4645143,0.436081819319
-16.6913879,-10.0,0.436081819319
-18.4154306,-10.0,0.436081819319
3.1857676,3.1857676,0.436081819319
-1.0078752,-1.0078752,0.436081819319
-16.385087,-10.0,0.436081819319
-16.2201489,-10.0,0.436081819319
-1.9246997,-1.9246997,0.436081819319
-14.794319,-10.0,0.436081819319
-8.8418026,-8.8418026,0.436081819319
-13.6625173,-10.0,0.436081819319
-15.3732049,-10.0,0.436081819319
-17.1404006,-10.0,0.436081819319
2.7147928,2.7147928,0.436081819319
4.1236537,4.1236537,0.436081819319
3.7458702,3.7458702,0.436081819319
-16.8763458,-10.0,0.436081819319
-15.5710416,-10.0,0.436081819319
-17.4376703,-10.0,0.436081819319
3.4645143,3.4645143,0.436081819319
-1.5277904,-1.5277904,0.191543221742
2.0344267,2.0344267,0.191543221742
2.5063172,2.5063172,0.191543221742
1.3927663,1.3927663,0.191543221742
3.4786651,3.4786651,0.191543221742
2.9319796,2.9319796,0.191543221742
-15.855937,-10.0,0.191543221742
1.9788567,1.9788567,0.191543221742
-17.5213337,-10.0,0.191543221742
-13.6038531,-10.0,0.191543221742
0.4888193,0.4888193,0.191543221742
3.1351654,3.1351654,0.191543221742
3.4784145,3.4784145,0.191543221742
3.4786652,3.4786652,0.191543221742
3.4786656,3.4786656,0.191543221742
3.44811,3.44811,0.191543221742
-15.1592201,-10.0,0.191543221742
3.2904348,3.2904348,0.191543221742
-6.0477657,-6.0477657,0.191543221742
1.5277904,1.5277904,0.191543221742
3.5622171,3.5622171,0.191543221742
4.0341076,4.0341076,0.191543221742
2.9205567,2.9205567,0.191543221742
5.0064555,5.0064555,0.191543221742
4.45977,4.45977,0.191543221742
-14.3281466,-10.0,0.191543221742
3.5066471,3.5066471,0.191543221742
-15.9935433,-10.0,0.191543221742
-12.0760627,-10.0,0.191543221742
2.0166097,2.0166097,0.191543221742
4.6629558,4.6629558,0.191543221742
5.0062049,5.0062049,0.191543221742
5.0064556,5.0064556,0.191543221742
5.006456,5.006456,0.191543221742
4.9759004,4.9759004,0.191543221742
-13.6314297,-10.0,0.191543221742
4.8182252,4.8182252,0.191543221742
-4.5199753,-4.5199753,0.191543221742
-2.0344267,-2.0344267,0.191543221742
-3.5622171,-3.5622171,0.191543221742
0.4718905,0.4718905,0.191543221742
-0.6416604,-0.6416604,0.191543221742
1.4442384,1.4442384,0.191543221742
0.8975529,0.8975529,0.191543221742
-17.8903637,-10.0,0.191543221742
-0.05557,-0.05557,0.191543221742
-19.5557604,-10.0,0.191543221742
-15.6382798,-10.0,0.191543221742
-1.5456074,-1.5456074,0.191543221742
1.1007387,1.1007387,0.191543221742
1.4439878,1.4439878,0.191543221742
1.4442385,1.4442385,0.191543221742
1.4442389,1.4442389,0.191543221742
1.4136833,1.4136833,0.191543221742
-17.1936468,-10.0,0.191543221742
1.2560081,1.2560081,0.191543221742
-8.0821924,-8.0821924,0.191543221742
-2.5063172,-2.5063172,0.191543221742
-4.0341076,-4.0341076,0.191543221742
-0.4718905,-0.4718905,0.191543221742
-1.1135509,-1.1135509,0.191543221742
0.9723479,0.9723479,0.191543221742
0.4256624,0.4256624,0.191543221742
-18.3622542,-10.0,0.191543221742
-0.5274605,-0.5274605,0.191543221742
-20.0276509,-10.0,0.191543221742
-16.1101703,-10.0,0.191543221742
-2.0174979,-2.0174979,0.191543221742
0.6288482,0.6288482,0.191543221742
0.9720973,0.9720973,0.191543221742
0.972348,0.972348,0.191543221742
0.9723484,0.9723484,0.191543221742
0.9417928,0.9417928,0.191543221742
-17.6655373,-10.0,0.191543221742
0.7841176,0.7841176,0.191543221742
-8.5540829,-8.5540829,0.191543221742
-1.3927663,-1.3927663,0.191543221742
-2.9205567,-2.9205567,0.191543221742
0.6416604,0.6416604,0.191543221742
1.1135509,1.1135509,0.191543221742
2.0858988,2.0858988,0.191543221742
1.5392133,1.5392133,0.191543221742
-17.2487033,-10.0,0.191543221742
0.5860904,0.5860904,0.191543221742
-18.9141,-10.0,0.191543221742
-14.9966194,-10.0,0.191543221742
-0.903947,-0.903947,0.191543221742
1.7423991,1.7423991,0.191543221742
2.0856482,2.0856482,0.191543221742
2.0858989,2.0858989,0.191543221742
2.0858993,2.0858993,0.191543221742
2.0553437,2.0553437,0.191543221742
-16.5519864,-10.0,0.191543221742
1.8976685,1.8976685,0.191543221742
-7.440532,-7.440532,0.191543221742
-3.4786651,-3.4786651,0.191543221742
-5.0064555,-5.0064555,0.191543221742
-1.4442384,-1.4442384,0.191543221742
-0.9723479,-0.9723479,0.191543221742
-2.0858988,-2.0858988,0.191543221742
-0.5466855,-0.5466855,0.191543221742
-19.3346021,-10.0,0.191543221742
-1.4998084,-1.4998084,0.191543221742
-20.9999988,-10.0,0.191543221742
-17.0825182,-10.0,0.191543221742
-2.9898458,-2.9898458,0.191543221742
-0.3434997,-0.3434997,0.191543221742
-0.000250600000001,-0.000250600000001,0.191543221742
1.00000001169e-07,1.00000001169e-07,0.191543221742
4.99999998738e-07,4.99999998738e-07,0.191543221742
-0.0305551,-0.0305551,0.191543221742
-18.6378852,-10.0,0.191543221742
-0.1882303,-0.1882303,0.191543221742
-9.5264308,-9.5264308,0.191543221742
-2.9319796,-2.9319796,0.191543221742
-4.45977,-4.45977,0.191543221742
-0.8975529,-0.8975529,0.191543221742
-0.4256624,-0.4256624,0.191543221742
-1.5392133,-1.5392133,0.191543221742
0.5466855,0.5466855,0.191543221742
-18.7879166,-10.0,0.191543221742
-0.9531229,-0.9531229,0.191543221742
-20.4533133,-10.0,0.191543221742
-16.5358327,-10.0,0.191543221742
-2.4431603,-2.4431603,0.191543221742
0.2031858,0.2031858,0.191543221742
0.5464349,0.5464349,0.191543221742
0.5466856,0.5466856,0.191543221742
0.546686,0.546686,0.191543221742
0.5161304,0.5161304,0.191543221742
-18.0911997,-10.0,0.191543221742
0.3584552,0.3584552,0.191543221742
-8.9797453,-8.9797453,0.191543221742
15.855937,10.0,0.191543221742
14.3281466,10.0,0.191543221742
17.8903637,10.0,0.191543221742
18.3622542,10.0,0.191543221742
17.2487033,10.0,0.191543221742
19.3346021,10.0,0.191543221742
18.7879166,10.0,0.191543221742
17.8347937,10.0,0.191543221742
-1.6653967,-1.6653967,0.191543221742
2.2520839,2.2520839,0.191543221742
16.3447563,10.0,0.191543221742
18.9911024,10.0,0.191543221742
19.3343515,10.0,0.191543221742
19.3346022,10.0,0.191543221742
19.3346026,10.0,0.191543221742
19.304047,10.0,0.191543221742
0.6967169,0.6967169,0.191543221742
19.1463718,10.0,0.191543221742
9.8081713,9.8081713,0.191543221742
-1.9788567,-1.9788567,0.191543221742
-3.5066471,-3.5066471,0.191543221742
0.05557,0.05557,0.191543221742
0.5274605,0.5274605,0.191543221742
-0.5860904,-0.5860904,0.191543221742
1.4998084,1.4998084,0.191543221742
0.9531229,0.9531229,0.191543221742
-17.8347937,-10.0,0.191543221742
-19.5001904,-10.0,0.191543221742
-15.5827098,-10.0,0.191543221742
-1.4900374,-1.4900374,0.191543221742
1.1563087,1.1563087,0.191543221742
1.4995578,1.4995578,0.191543221742
1.4998085,1.4998085,0.191543221742
1.4998089,1.4998089,0.191543221742
1.4692533,1.4692533,0.191543221742
-17.1380768,-10.0,0.191543221742
1.3115781,1.3115781,0.191543221742
-8.0266224,-8.0266224,0.191543221742
17.5213337,10.0,0.191543221742
15.9935433,10.0,0.191543221742
19.5557604,10.0,0.191543221742
20.0276509,10.0,0.191543221742
18.9141,10.0,0.191543221742
20.9999988,10.0,0.191543221742
20.4533133,10.0,0.191543221742
1.6653967,1.6653967,0.191543221742
19.5001904,10.0,0.191543221742
3.9174806,3.9174806,0.191543221742
18.010153,10.0,0.191543221742
20.6564991,10.0,0.191543221742
20.9997482,10.0,0.191543221742
20.9999989,10.0,0.191543221742
20.9999993,10.0,0.191543221742
20.9694437,10.0,0.191543221742
2.3621136,2.3621136,0.191543221742
20.8117685,10.0,0.191543221742
11.473568,10.0,0.191543221742
13.6038531,10.0,0.191543221742
12.0760627,10.0,0.191543221742
15.6382798,10.0,0.191543221742
16.1101703,10.0,0.191543221742
14.9966194,10.0,0.191543221742
17.0825182,10.0,0.191543221742
16.5358327,10.0,0.191543221742
-2.2520839,-2.2520839,0.191543221742
15.5827098,10.0,0.191543221742
-3.9174806,-3.9174806,0.191543221742
14.0926724,10.0,0.191543221742
16.7390185,10.0,0.191543221742
17.0822676,10.0,0.191543221742
17.0825183,10.0,0.191543221742
17.0825187,10.0,0.191543221742
17.0519631,10.0,0.191543221742
-1.555367,-1.555367,0.191543221742
16.8942879,10.0,0.191543221742
7.5560874,7.5560874,0.191543221742
-0.4888193,-0.4888193,0.191543221742
-2.0166097,-2.0166097,0.191543221742
1.5456074,1.5456074,0.191543221742
2.0174979,2.0174979,0.191543221742
0.903947,0.903947,0.191543221742
2.9898458,2.9898458,0.191543221742
2.4431603,2.4431603,0.191543221742
-16.3447563,-10.0,0.191543221742
1.4900374,1.4900374,0.191543221742
-18.010153,-10.0,0.191543221742
-14.0926724,-10.0,0.191543221742
2.6463461,2.6463461,0.191543221742
2.9895952,2.9895952,0.191543221742
2.9898459,2.9898459,0.191543221742
2.9898463,2.9898463,0.191543221742
2.9592907,2.9592907,0.191543221742
-15.6480394,-10.0,0.191543221742
2.8016155,2.8016155,0.191543221742
-6.536585,-6.536585,0.191543221742
-3.1351654,-3.1351654,0.191543221742
-4.6629558,-4.6629558,0.191543221742
-1.1007387,-1.1007387,0.191543221742
-0.6288482,-0.6288482,0.191543221742
-1.7423991,-1.7423991,0.191543221742
0.3434997,0.3434997,0.191543221742
-0.2031858,-0.2031858,0.191543221742
-18.9911024,-10.0,0.191543221742
-1.1563087,-1.1563087,0.191543221742
-20.6564991,-10.0,0.191543221742
-16.7390185,-10.0,0.191543221742
-2.6463461,-2.6463461,0.191543221742
0.3432491,0.3432491,0.191543221742
0.3434998,0.3434998,0.191543221742
0.3435002,0.3435002,0.191543221742
0.3129446,0.3129446,0.191543221742
-18.2943855,-10.0,0.191543221742
0.1552694,0.1552694,0.191543221742
-9.1829311,-9.1829311,0.191543221742
-3.4784145,-3.4784145,0.191543221742
-5.0062049,-5.0062049,0.191543221742
-1.4439878,-1.4439878,0.191543221742
-0.9720973,-0.9720973,0.191543221742
-2.0856482,-2.0856482,0.191543221742
0.000250600000001,0.000250600000001,0.191543221742
-0.5464349,-0.5464349,0.191543221742
-19.3343515,-10.0,0.191543221742
-1.4995578,-1.4995578,0.191543221742
-20.9997482,-10.0,0.191543221742
-17.0822676,-10.0,0.191543221742
-2.9895952,-2.9895952,0.191543221742
-0.3432491,-0.3432491,0.191543221742
0.000250700000002,0.000250700000002,0.191543221742
0.0002511,0.0002511,0.191543221742
-0.0303045,-0.0303045,0.191543221742
-18.6376346,-10.0,0.191543221742
-0.1879797,-0.1879797,0.191543221742
-9.5261802,-9.5261802,0.191543221742
-3.4786652,-3.4786652,0.191543221742
-5.0064556,-5.0064556,0.191543221742
-1.4442385,-1.4442385,0.191543221742
-0.972348,-0.972348,0.191543221742
-2.0858989,-2.0858989,0.191543221742
-1.00000001169e-07,-1.00000001169e-07,0.191543221742
-0.5466856,-0.5466856,0.191543221742
-19.3346022,-10.0,0.191543221742
-1.4998085,-1.4998085,0.191543221742
-20.9999989,-10.0,0.191543221742
-17.0825183,-10.0,0.191543221742
-2.9898459,-2.9898459,0.191543221742
-0.3434998,-0.3434998,0.191543221742
-0.000250700000002,-0.000250700000002,0.191543221742
3.99999997569e-07,3.99999997569e-07,0.191543221742
-0.0305552,-0.0305552,0.191543221742
-18.6378853,-10.0,0.191543221742
-0.1882304,-0.1882304,0.191543221742
-9.5264309,-9.5264309,0.191543221742
-3.4786656,-3.4786656,0.191543221742
-5.006456,-5.006456,0.191543221742
-1.4442389,-1.4442389,0.191543221742
-0.9723484,-0.9723484,0.191543221742
-2.0858993,-2.0858993,0.191543221742
-4.99999998738e-07,-4.99999998738e-07,0.191543221742
-0.546686,-0.546686,0.191543221742
-19.3346026,-10.0,0.191543221742
-1.4998089,-1.4998089,0.191543221742
-20.9999993,-10.0,0.191543221742
-17.0825187,-10.0,0.191543221742
-2.9898463,-2.9898463,0.191543221742
-0.3435002,-0.3435002,0.191543221742
-0.0002511,-0.0002511,0.191543221742
-3.99999997569e-07,-3.99999997569e-07,0.191543221742
-0.0305556,-0.0305556,0.191543221742
-18.6378857,-10.0,0.191543221742
-0.1882308,-0.1882308,0.191543221742
-9.5264313,-9.5264313,0.191543221742
-3.44811,-3.44811,0.191543221742
-4.9759004,-4.9759004,0.191543221742
-1.4136833,-1.4136833,0.191543221742
-0.9417928,-0.9417928,0.191543221742
-2.0553437,-2.0553437,0.191543221742
0.0305551,0.0305551,0.191543221742
-0.5161304,-0.5161304,0.191543221742
-19.304047,-10.0,0.191543221742
-1.4692533,-1.4692533,0.191543221742
-20.9694437,-10.0,0.191543221742
-17.0519631,-10.0,0.191543221742
-2.9592907,-2.9592907,0.191543221742
-0.3129446,-0.3129446,0.191543221742
0.0303045,0.0303045,0.191543221742
0.0305552,0.0305552,0.191543221742
0.0305556,0.0305556,0.191543221742
-18.6073301,-10.0,0.191543221742
-0.1576752,-0.1576752,0.191543221742
-9.4958757,-9.4958757,0.191543221742
15.1592201,10.0,0.191543221742
13.6314297,10.0,0.191543221742
17.1936468,10.0,0.191543221742
17.6655373,10.0,0.191543221742
16.5519864,10.0,0.191543221742
18.6378852,10.0,0.191543221742
18.0911997,10.0,0.191543221742
-0.6967169,-0.6967169,0.191543221742
17.1380768,10.0,0.191543221742
-2.3621136,-2.3621136,0.191543221742
1.555367,1.555367,0.191543221742
15.6480394,10.0,0.191543221742
18.2943855,10.0,0.191543221742
18.6376346,10.0,0.191543221742
18.6378853,10.0,0.191543221742
18.6378857,10.0,0.191543221742
18.6073301,10.0,0.191543221742
18.4496549,10.0,0.191543221742
9.1114544,9.1114544,0.191543221742
-3.2904348,-3.2904348,0.191543221742
-4.8182252,-4.8182252,0.191543221742
-1.2560081,-1.2560081,0.191543221742
-0.7841176,-0.7841176,0.191543221742
-1.8976685,-1.8976685,0.191543221742
0.1882303,0.1882303,0.191543221742
-0.3584552,-0.3584552,0.191543221742
-19.1463718,-10.0,0.191543221742
-1.3115781,-1.3115781,0.191543221742
-20.8117685,-10.0,0.191543221742
-16.8942879,-10.0,0.191543221742
-2.8016155,-2.8016155,0.191543221742
-0.1552694,-0.1552694,0.191543221742
0.1879797,0.1879797,0.191543221742
0.1882304,0.1882304,0.191543221742
0.1882308,0.1882308,0.191543221742
0.1576752,0.1576752,0.191543221742
-18.4496549,-10.0,0.191543221742
-9.3382005,-9.3382005,0.191543221742
6.0477657,6.0477657,0.191543221742
4.5199753,4.5199753,0.191543221742
8.0821924,8.0821924,0.191543221742
8.5540829,8.5540829,0.191543221742
7.440532,7.440532,0.191543221742
9.5264308,9.5264308,0.191543221742
8.9797453,8.9797453,0.191543221742
-9.8081713,-9.8081713,0.191543221742
8.0266224,8.0266224,0.191543221742
-11.473568,-10.0,0.191543221742
-7.5560874,-7.5560874,0.191543221742
6.536585,6.536585,0.191543221742
9.1829311,9.1829311,0.191543221742
9.5261802,9.5261802,0.191543221742
9.5264309,9.5264309,0.191543221742
9.5264313,9.5264313,0.191543221742
9.4958757,9.4958757,0.191543221742
-9.1114544,-9.1114544,0.191543221742
9.3382005,9.3382005,0.191543221742
-2.7344144,-2.7344144,0.356153190151
-0.0971909,-0.0971909,0.356153190151
-3.7770366,-3.7770366,0.356153190151
-16.7227586,-10.0,0.356153190151
0.1892327,0.1892327,0.356153190151
-0.8550288,-0.8550288,0.356153190151
-19.9237612,-10.0,0.356153190151
0.2574028,0.2574028,0.356153190151
-20.7419227,-10.0,0.356153190151
-17.420514,-10.0,0.356153190151
-1.4652764,-1.4652764,0.356153190151
0.2375095,0.2375095,0.356153190151
0.258063,0.258063,0.356153190151
0.244512,0.244512,0.356153190151
0.2577183,0.2577183,0.356153190151
0.2580771,0.2580771,0.356153190151
-20.4435145,-10.0,0.356153190151
-6.0448484,-6.0448484,0.356153190151
-4.13557,-4.13557,0.356153190151
2.7344144,2.7344144,0.356153190151
2.6372235,2.6372235,0.356153190151
-1.0426222,-1.0426222,0.356153190151
-13.9883442,-10.0,0.356153190151
2.9236471,2.9236471,0.356153190151
1.8793856,1.8793856,0.356153190151
-17.1893468,-10.0,0.356153190151
2.9918172,2.9918172,0.356153190151
-18.0075083,-10.0,0.356153190151
-14.6860996,-10.0,0.356153190151
1.269138,1.269138,0.356153190151
2.9719239,2.9719239,0.356153190151
2.9924774,2.9924774,0.356153190151
2.9789264,2.9789264,0.356153190151
2.9921327,2.9921327,0.356153190151
2.9924915,2.9924915,0.356153190151
-17.7091001,-10.0,0.356153190151
-3.310434,-3.310434,0.356153190151
-1.4011556,-1.4011556,0.356153190151
0.0971909,0.0971909,0.356153190151
-2.6372235,-2.6372235,0.356153190151
-3.6798457,-3.6798457,0.356153190151
-16.6255677,-10.0,0.356153190151
0.2864236,0.2864236,0.356153190151
-0.7578379,-0.7578379,0.356153190151
-19.8265703,-10.0,0.356153190151
0.3545937,0.3545937,0.356153190151
-20.6447318,-10.0,0.356153190151
-17.3233231,-10.0,0.356153190151
-1.3680855,-1.3680855,0.356153190151
0.3347004,0.3347004,0.356153190151
0.3552539,0.3552539,0.356153190151
0.3417029,0.3417029,0.356153190151
0.3549092,0.3549092,0.356153190151
0.355268,0.355268,0.356153190151
-20.3463236,-10.0,0.356153190151
-5.9476575,-5.9476575,0.356153190151
-4.0383791,-4.0383791,0.356153190151
3.7770366,3.7770366,0.356153190151
1.0426222,1.0426222,0.356153190151
3.6798457,3.6798457,0.356153190151
-12.945722,-10.0,0.356153190151
3.9662693,3.9662693,0.356153190151
2.9220078,2.9220078,0.356153190151
-16.1467246,-10.0,0.356153190151
4.0344394,4.0344394,0.356153190151
-16.9648861,-10.0,0.356153190151
-13.6434774,-10.0,0.356153190151
2.3117602,2.3117602,0.356153190151
4.0145461,4.0145461,0.356153190151
4.0350996,4.0350996,0.356153190151
4.0215486,4.0215486,0.356153190151
4.0347549,4.0347549,0.356153190151
4.0351137,4.0351137,0.356153190151
-16.6664779,-10.0,0.356153190151
-2.2678118,-2.2678118,0.356153190151
-0.3585334,-0.3585334,0.356153190151
16.7227586,10.0,0.356153190151
13.9883442,10.0,0.356153190151
16.6255677,10.0,0.356153190151
12.945722,10.0,0.356153190151
16.9119913,10.0,0.356153190151
15.8677298,10.0,0.356153190151
-3.2010026,-3.2010026,0.356153190151
16.9801614,10.0,0.356153190151
-4.0191641,-4.0191641,0.356153190151
-0.6977554,-0.6977554,0.356153190151
15.2574822,10.0,0.356153190151
16.9602681,10.0,0.356153190151
16.9808216,10.0,0.356153190151
16.9672706,10.0,0.356153190151
16.9804769,10.0,0.356153190151
16.9808357,10.0,0.356153190151
-3.7207559,-3.7207559,0.356153190151
10.6779102,10.0,0.356153190151
12.5871886,10.0,0.356153190151
-0.1892327,-0.1892327,0.356153190151
-2.9236471,-2.9236471,0.356153190151
-0.2864236,-0.2864236,0.356153190151
-3.9662693,-3.9662693,0.356153190151
-16.9119913,-10.0,0.356153190151
-1.0442615,-1.0442615,0.356153190151
-20.1129939,-10.0,0.356153190151
0.0681701,0.0681701,0.356153190151
-20.9311554,-10.0,0.356153190151
-17.6097467,-10.0,0.356153190151
-1.6545091,-1.6545091,0.356153190151
0.0482768,0.0482768,0.356153190151
0.0688303,0.0688303,0.356153190151
0.0552793,0.0552793,0.356153190151
0.0684856,0.0684856,0.356153190151
0.0688444,0.0688444,0.356153190151
-20.6327472,-10.0,0.356153190151
-6.2340811,-6.2340811,0.356153190151
-4.3248027,-4.3248027,0.356153190151
0.8550288,0.8550288,0.356153190151
-1.8793856,-1.8793856,0.356153190151
0.7578379,0.7578379,0.356153190151
-2.9220078,-2.9220078,0.356153190151
-15.8677298,-10.0,0.356153190151
1.0442615,1.0442615,0.356153190151
-19.0687324,-10.0,0.356153190151
1.1124316,1.1124316,0.356153190151
-19.8868939,-10.0,0.356153190151
-16.5654852,-10.0,0.356153190151
-0.6102476,-0.6102476,0.356153190151
1.0925383,1.0925383,0.356153190151
1.1130918,1.1130918,0.356153190151
1.0995408,1.0995408,0.356153190151
1.1127471,1.1127471,0.356153190151
1.1131059,1.1131059,0.356153190151
-19.5884857,-10.0,0.356153190151
-5.1898196,-5.1898196,0.356153190151
-3.2805412,-3.2805412,0.356153190151
19.9237612,10.0,0.356153190151
17.1893468,10.0,0.356153190151
19.8265703,10.0,0.356153190151
16.1467246,10.0,0.356153190151
3.2010026,3.2010026,0.356153190151
20.1129939,10.0,0.356153190151
19.0687324,10.0,0.356153190151
20.181164,10.0,0.356153190151
-0.8181615,-0.8181615,0.356153190151
2.5032472,2.5032472,0.356153190151
18.4584848,10.0,0.356153190151
20.1612707,10.0,0.356153190151
20.1818242,10.0,0.356153190151
20.1682732,10.0,0.356153190151
20.1814795,10.0,0.356153190151
20.1818383,10.0,0.356153190151
-0.5197533,-0.5197533,0.356153190151
13.8789128,10.0,0.356153190151
15.7881912,10.0,0.356153190151
-0.2574028,-0.2574028,0.356153190151
-2.9918172,-2.9918172,0.356153190151
-0.3545937,-0.3545937,0.356153190151
-4.0344394,-4.0344394,0.356153190151
-16.9801614,-10.0,0.356153190151
-0.0681701,-0.0681701,0.356153190151
-1.1124316,-1.1124316,0.356153190151
-20.181164,-10.0,0.356153190151
-20.9993255,-10.0,0.356153190151
-17.6779168,-10.0,0.356153190151
-1.7226792,-1.7226792,0.356153190151
-0.0198933,-0.0198933,0.356153190151
0.000660199999999,0.000660199999999,0.356153190151
-0.0128908,-0.0128908,0.356153190151
0.000315499999999,0.000315499999999,0.356153190151
0.0006743,0.0006743,0.356153190151
-20.7009173,-10.0,0.356153190151
-6.3022512,-6.3022512,0.356153190151
-4.3929728,-4.3929728,0.356153190151
20.7419227,10.0,0.356153190151
18.0075083,10.0,0.356153190151
20.6447318,10.0,0.356153190151
16.9648861,10.0,0.356153190151
4.0191641,4.0191641,0.356153190151
20.9311554,10.0,0.356153190151
19.8868939,10.0,0.356153190151
0.8181615,0.8181615,0.356153190151
20.9993255,10.0,0.356153190151
3.3214087,3.3214087,0.356153190151
19.2766463,10.0,0.356153190151
20.9794322,10.0,0.356153190151
20.9999857,10.0,0.356153190151
20.9864347,10.0,0.356153190151
20.999641,10.0,0.356153190151
20.9999998,10.0,0.356153190151
0.2984082,0.2984082,0.356153190151
14.6970743,10.0,0.356153190151
16.6063527,10.0,0.356153190151
17.420514,10.0,0.356153190151
14.6860996,10.0,0.356153190151
17.3233231,10.0,0.356153190151
13.6434774,10.0,0.356153190151
0.6977554,0.6977554,0.356153190151
17.6097467,10.0,0.356153190151
16.5654852,10.0,0.356153190151
-2.5032472,-2.5032472,0.356153190151
17.6779168,10.0,0.356153190151
-3.3214087,-3.3214087,0.356153190151
15.9552376,10.0,0.356153190151
17.6580235,10.0,0.356153190151
17.678577,10.0,0.356153190151
17.665026,10.0,0.356153190151
17.6782323,10.0,0.356153190151
17.6785911,10.0,0.356153190151
-3.0230005,-3.0230005,0.356153190151
11.3756656,10.0,0.356153190151
13.284944,10.0,0.356153190151
1.4652764,1.4652764,0.356153190151
-1.269138,-1.269138,0.356153190151
1.3680855,1.3680855,0.356153190151
-2.3117602,-2.3117602,0.356153190151
-15.2574822,-10.0,0.356153190151
1.6545091,1.6545091,0.356153190151
0.6102476,0.6102476,0.356153190151
-18.4584848,-10.0,0.356153190151
1.7226792,1.7226792,0.356153190151
-19.2766463,-10.0,0.356153190151
-15.9552376,-10.0,0.356153190151
1.7027859,1.7027859,0.356153190151
1.7233394,1.7233394,0.356153190151
1.7097884,1.7097884,0.356153190151
1.7229947,1.7229947,0.356153190151
1.7233535,1.7233535,0.356153190151
-18.9782381,-10.0,0.356153190151
-4.579572,-4.579572,0.356153190151
-2.6702936,-2.6702936,0.356153190151
-0.2375095,-0.2375095,0.356153190151
-2.9719239,-2.9719239,0.356153190151
-0.3347004,-0.3347004,0.356153190151
-4.0145461,-4.0145461,0.356153190151
-16.9602681,-10.0,0.356153190151
-0.0482768,-0.0482768,0.356153190151
-1.0925383,-1.0925383,0.356153190151
-20.1612707,-10.0,0.356153190151
0.0198933,0.0198933,0.356153190151
-20.9794322,-10.0,0.356153190151
-17.6580235,-10.0,0.356153190151
-1.7027859,-1.7027859,0.356153190151
0.0205535,0.0205535,0.356153190151
0.0070025,0.0070025,0.356153190151
0.0202088,0.0202088,0.356153190151
0.0205676,0.0205676,0.356153190151
-20.681024,-10.0,0.356153190151
-6.2823579,-6.2823579,0.356153190151
-4.3730795,-4.3730795,0.356153190151
-0.258063,-0.258063,0.356153190151
-2.9924774,-2.9924774,0.356153190151
-0.3552539,-0.3552539,0.356153190151
-4.0350996,-4.0350996,0.356153190151
-16.9808216,-10.0,0.356153190151
-0.0688303,-0.0688303,0.356153190151
-1.1130918,-1.1130918,0.356153190151
-20.1818242,-10.0,0.356153190151
-0.000660199999999,-0.000660199999999,0.356153190151
-20.9999857,-10.0,0.356153190151
-17.678577,-10.0,0.356153190151
-1.7233394,-1.7233394,0.356153190151
-0.0205535,-0.0205535,0.356153190151
-0.013551,-0.013551,0.356153190151
-0.000344699999999,-0.000344699999999,0.356153190151
1.41000000013e-05,1.41000000013e-05,0.356153190151
-20.7015775,-10.0,0.356153190151
-6.3029114,-6.3029114,0.356153190151
-4.393633,-4.393633,0.356153190151
-0.244512,-0.244512,0.356153190151
-2.9789264,-2.9789264,0.356153190151
-0.3417029,-0.3417029,0.356153190151
-4.0215486,-4.0215486,0.356153190151
-16.9672706,-10.0,0.356153190151
-0.0552793,-0.0552793,0.356153190151
-1.0995408,-1.0995408,0.356153190151
-20.1682732,-10.0,0.356153190151
0.0128908,0.0128908,0.356153190151
-20.9864347,-10.0,0.356153190151
-17.665026,-10.0,0.356153190151
-1.7097884,-1.7097884,0.356153190151
-0.0070025,-0.0070025,0.356153190151
0.013551,0.013551,0.356153190151
0.0132063,0.0132063,0.356153190151
0.0135651,0.0135651,0.356153190151
-20.6880265,-10.0,0.356153190151
-6.2893604,-6.2893604,0.356153190151
-4.380082,-4.380082,0.356153190151
-0.2577183,-0.2577183,0.356153190151
-2.9921327,-2.9921327,0.356153190151
-0.3549092,-0.3549092,0.356153190151
-4.0347549,-4.0347549,0.356153190151
-16.9804769,-10.0,0.356153190151
-0.0684856,-0.0684856,0.356153190151
-1.1127471,-1.1127471,0.356153190151
-20.1814795,-10.0,0.356153190151
-0.000315499999999,-0.000315499999999,0.356153190151
-20.999641,-10.0,0.356153190151
-17.6782323,-10.0,0.356153190151
-1.7229947,-1.7229947,0.356153190151
-0.0202088,-0.0202088,0.356153190151
0.000344699999999,0.000344699999999,0.356153190151
-0.0132063,-0.0132063,0.356153190151
0.000358800000001,0.000358800000001,0.356153190151
-20.7012328,-10.0,0.356153190151
-6.3025667,-6.3025667,0.356153190151
-4.3932883,-4.3932883,0.356153190151
-0.2580771,-0.2580771,0.356153190151
-2.9924915,-2.9924915,0.356153190151
-0.355268,-0.355268,0.356153190151
-4.0351137,-4.0351137,0.356153190151
-16.9808357,-10.0,0.356153190151
-0.0688444,-0.0688444,0.356153190151
-1.1131059,-1.1131059,0.356153190151
-20.1818383,-10.0,0.356153190151
-0.0006743,-0.0006743,0.356153190151
-20.9999998,-10.0,0.356153190151
-17.6785911,-10.0,0.356153190151
-1.7233535,-1.7233535,0.356153190151
-0.0205676,-0.0205676,0.356153190151
-1.41000000013e-05,-1.41000000013e-05,0.356153190151
-0.0135651,-0.0135651,0.356153190151
-0.000358800000001,-0.000358800000001,0.356153190151
-20.7015916,-10.0,0.356153190151
-6.3029255,-6.3029255,0.356153190151
-4.3936471,-4.3936471,0.356153190151
20.4435145,10.0,0.356153190151
17.7091001,10.0,0.356153190151
20.3463236,10.0,0.356153190151
16.6664779,10.0,0.356153190151
3.7207559,3.7207559,0.356153190151
20.6327472,10.0,0.356153190151
19.5884857,10.0,0.356153190151
0.5197533,0.5197533,0.356153190151
20.7009173,10.0,0.356153190151
-0.2984082,-0.2984082,0.356153190151
3.0230005,3.0230005,0.356153190151
18.9782381,10.0,0.356153190151
20.681024,10.0,0.356153190151
20.7015775,10.0,0.356153190151
20.6880265,10.0,0.356153190151
20.7012328,10.0,0.356153190151
20.7015916,10.0,0.356153190151
14.3986661,10.0,0.356153190151
16.3079445,10.0,0.356153190151
6.0448484,6.0448484,0.356153190151
3.310434,3.310434,0.356153190151
5.9476575,5.9476575,0.356153190151
2.2678118,2.2678118,0.356153190151
-10.6779102,-10.0,0.356153190151
6.2340811,6.2340811,0.356153190151
5.1898196,5.1898196,0.356153190151
-13.8789128,-10.0,0.356153190151
6.3022512,6.3022512,0.356153190151
-14.6970743,-10.0,0.356153190151
-11.3756656,-10.0,0.356153190151
4.579572,4.579572,0.356153190151
6.2823579,6.2823579,0.356153190151
6.3029114,6.3029114,0.356153190151
6.2893604,6.2893604,0.356153190151
6.3025667,6.3025667,0.356153190151
6.3029255,6.3029255,0.356153190151
-14.3986661,-10.0,0.356153190151
1.9092784,1.9092784,0.356153190151
4.13557,4.13557,0.356153190151
1.4011556,1.4011556,0.356153190151
4.0383791,4.0383791,0.356153190151
0.3585334,0.3585334,0.356153190151
-12.5871886,-10.0,0.356153190151
4.3248027,4.3248027,0.356153190151
3.2805412,3.2805412,0.356153190151
-15.7881912,-10.0,0.356153190151
4.3929728,4.3929728,0.356153190151
-16.6063527,-10.0,0.356153190151
-13.284944,-10.0,0.356153190151
2.6702936,2.6702936,0.356153190151
4.3730795,4.3730795,0.356153190151
4.393633,4.393633,0.356153190151
4.380082,4.380082,0.356153190151
4.3932883,4.3932883,0.356153190151
4.3936471,4.3936471,0.356153190151
-16.3079445,-10.0,0.356153190151
-1.9092784,-1.9092784,0.356153190151
3.7328029,3.7328029,0.177156998973
20.9782693,10.0,0.177156998973
20.2938598,10.0,0.177156998973
19.3539725,10.0,0.177156998973
2.5267195,2.5267195,0.177156998973
19.3478509,10.0,0.177156998973
20.532954,10.0,0.177156998973
20.99898,10.0,0.177156998973
20.9999992,10.0,0.177156998973
20.7024804,10.0,0.177156998973
14.6120753,10.0,0.177156998973
20.9514284,10.0,0.177156998973
20.9999993,10.0,0.177156998973
20.9931962,10.0,0.177156998973
2.8827715,2.8827715,0.177156998973
5.6765335,5.6765335,0.177156998973
3.8597868,3.8597868,0.177156998973
18.0583807,10.0,0.177156998973
16.2723724,10.0,0.177156998973
-3.7328029,-3.7328029,0.177156998973
17.2454664,10.0,0.177156998973
16.5610569,10.0,0.177156998973
15.6211696,10.0,0.177156998973
-1.2060834,-1.2060834,0.177156998973
15.615048,10.0,0.177156998973
16.8001511,10.0,0.177156998973
17.2661771,10.0,0.177156998973
17.2671963,10.0,0.177156998973
16.9696775,10.0,0.177156998973
10.8792724,10.0,0.177156998973
17.2186255,10.0,0.177156998973
17.2671964,10.0,0.177156998973
17.2603933,10.0,0.177156998973
-0.8500314,-0.8500314,0.177156998973
1.9437306,1.9437306,0.177156998973
0.1269839,0.1269839,0.177156998973
14.3255778,10.0,0.177156998973
12.5395695,10.0,0.177156998973
-20.9782693,-10.0,0.177156998973
-17.2454664,-10.0,0.177156998973
-0.6844095,-0.6844095,0.177156998973
-1.6242968,-1.6242968,0.177156998973
-18.4515498,-10.0,0.177156998973
-1.6304184,-1.6304184,0.177156998973
-0.4453153,-0.4453153,0.177156998973
0.0207107,0.0207107,0.177156998973
0.0217299,0.0217299,0.177156998973
-0.2757889,-0.2757889,0.177156998973
-6.366194,-6.366194,0.177156998973
-0.0268409,-0.0268409,0.177156998973
0.02173,0.02173,0.177156998973
0.0149269,0.0149269,0.177156998973
-18.0954978,-10.0,0.177156998973
-15.3017358,-10.0,0.177156998973
-17.1184825,-10.0,0.177156998973
-2.9198886,-2.9198886,0.177156998973
-4.7058969,-4.7058969,0.177156998973
-20.2938598,-10.0,0.177156998973
-16.5610569,-10.0,0.177156998973
0.6844095,0.6844095,0.177156998973
-0.9398873,-0.9398873,0.177156998973
-17.7671403,-10.0,0.177156998973
-0.9460089,-0.9460089,0.177156998973
0.2390942,0.2390942,0.177156998973
0.7051202,0.7051202,0.177156998973
0.7061394,0.7061394,0.177156998973
0.4086206,0.4086206,0.177156998973
-5.6817845,-5.6817845,0.177156998973
0.6575686,0.6575686,0.177156998973
0.7061395,0.7061395,0.177156998973
0.6993364,0.6993364,0.177156998973
-17.4110883,-10.0,0.177156998973
-14.6173263,-10.0,0.177156998973
-16.434073,-10.0,0.177156998973
-2.2354791,-2.2354791,0.177156998973
-4.0214874,-4.0214874,0.177156998973
-19.3539725,-10.0,0.177156998973
-15.6211696,-10.0,0.177156998973
1.6242968,1.6242968,0.177156998973
0.9398873,0.9398873,0.177156998973
-16.827253,-10.0,0.177156998973
-0.0061216,-0.0061216,0.177156998973
1.1789815,1.1789815,0.177156998973
1.6450075,1.6450075,0.177156998973
1.6460267,1.6460267,0.177156998973
1.3485079,1.3485079,0.177156998973
-4.7418972,-4.7418972,0.177156998973
1.5974559,1.5974559,0.177156998973
1.6460268,1.6460268,0.177156998973
1.6392237,1.6392237,0.177156998973
-16.471201,-10.0,0.177156998973
-13.677439,-10.0,0.177156998973
-15.4941857,-10.0,0.177156998973
-1.2955918,-1.2955918,0.177156998973
-3.0816001,-3.0816001,0.177156998973
-2.5267195,-2.5267195,0.177156998973
1.2060834,1.2060834,0.177156998973
18.4515498,10.0,0.177156998973
17.7671403,10.0,0.177156998973
16.827253,10.0,0.177156998973
16.8211314,10.0,0.177156998973
18.0062345,10.0,0.177156998973
18.4722605,10.0,0.177156998973
18.4732797,10.0,0.177156998973
18.1757609,10.0,0.177156998973
12.0853558,10.0,0.177156998973
18.4247089,10.0,0.177156998973
18.4732798,10.0,0.177156998973
18.4664767,10.0,0.177156998973
0.356052,0.356052,0.177156998973
3.149814,3.149814,0.177156998973
1.3330673,1.3330673,0.177156998973
15.5316612,10.0,0.177156998973
13.7456529,10.0,0.177156998973
-19.3478509,-10.0,0.177156998973
-15.615048,-10.0,0.177156998973
1.6304184,1.6304184,0.177156998973
0.9460089,0.9460089,0.177156998973
0.0061216,0.0061216,0.177156998973
-16.8211314,-10.0,0.177156998973
1.1851031,1.1851031,0.177156998973
1.6511291,1.6511291,0.177156998973
1.6521483,1.6521483,0.177156998973
1.3546295,1.3546295,0.177156998973
-4.7357756,-4.7357756,0.177156998973
1.6035775,1.6035775,0.177156998973
1.6521484,1.6521484,0.177156998973
1.6453453,1.6453453,0.177156998973
-16.4650794,-10.0,0.177156998973
-13.6713174,-10.0,0.177156998973
-15.4880641,-10.0,0.177156998973
-1.2894702,-1.2894702,0.177156998973
-3.0754785,-3.0754785,0.177156998973
-20.532954,-10.0,0.177156998973
-16.8001511,-10.0,0.177156998973
0.4453153,0.4453153,0.177156998973
-0.2390942,-0.2390942,0.177156998973
-1.1789815,-1.1789815,0.177156998973
-18.0062345,-10.0,0.177156998973
-1.1851031,-1.1851031,0.177156998973
0.466026,0.466026,0.177156998973
0.4670452,0.4670452,0.177156998973
0.1695264,0.1695264,0.177156998973
-5.9208787,-5.9208787,0.177156998973
0.4184744,0.4184744,0.177156998973
0.4670453,0.4670453,0.177156998973
0.4602422,0.4602422,0.177156998973
-17.6501825,-10.0,0.177156998973
-14.8564205,-10.0,0.177156998973
-16.6731672,-10.0,0.177156998973
-2.4745733,-2.4745733,0.177156998973
-4.2605816,-4.2605816,0.177156998973
-20.99898,-10.0,0.177156998973
-17.2661771,-10.0,0.177156998973
-0.0207107,-0.0207107,0.177156998973
-0.7051202,-0.7051202,0.177156998973
-1.6450075,-1.6450075,0.177156998973
-18.4722605,-10.0,0.177156998973
-1.6511291,-1.6511291,0.177156998973
-0.466026,-0.466026,0.177156998973
0.0010192,0.0010192,0.177156998973
-0.2964996,-0.2964996,0.177156998973
-6.3869047,-6.3869047,0.177156998973
-0.0475516,-0.0475516,0.177156998973
0.0010193,0.0010193,0.177156998973
-0.0057838,-0.0057838,0.177156998973
-18.1162085,-10.0,0.177156998973
-15.3224465,-10.0,0.177156998973
-17.1391932,-10.0,0.177156998973
-2.9405993,-2.9405993,0.177156998973
-4.7266076,-4.7266076,0.177156998973
-20.9999992,-10.0,0.177156998973
-17.2671963,-10.0,0.177156998973
-0.0217299,-0.0217299,0.177156998973
-0.7061394,-0.7061394,0.177156998973
-1.6460267,-1.6460267,0.177156998973
-18.4732797,-10.0,0.177156998973
-1.6521483,-1.6521483,0.177156998973
-0.4670452,-0.4670452,0.177156998973
-0.0010192,-0.0010192,0.177156998973
-0.2975188,-0.2975188,0.177156998973
-6.3879239,-6.3879239,0.177156998973
-0.0485708,-0.0485708,0.177156998973
9.99999976159e-08,9.99999976159e-08,0.177156998973
-0.006803,-0.006803,0.177156998973
-18.1172277,-10.0,0.177156998973
-15.3234657,-10.0,0.177156998973
-17.1402124,-10.0,0.177156998973
-2.9416185,-2.9416185,0.177156998973
-4.7276268,-4.7276268,0.177156998973
-20.7024804,-10.0,0.177156998973
-16.9696775,-10.0,0.177156998973
0.2757889,0.2757889,0.177156998973
-0.4086206,-0.4086206,0.177156998973
-1.3485079,-1.3485079,0.177156998973
-18.1757609,-10.0,0.177156998973
-1.3546295,-1.3546295,0.177156998973
-0.1695264,-0.1695264,0.177156998973
0.2964996,0.2964996,0.177156998973
0.2975188,0.2975188,0.177156998973
-6.0904051,-6.0904051,0.177156998973
0.248948,0.248948,0.177156998973
0.2975189,0.2975189,0.177156998973
0.2907158,0.2907158,0.177156998973
-17.8197089,-10.0,0.177156998973
-15.0259469,-10.0,0.177156998973
-16.8426936,-10.0,0.177156998973
-2.6440997,-2.6440997,0.177156998973
-4.430108,-4.430108,0.177156998973
-14.6120753,-10.0,0.177156998973
-10.8792724,-10.0,0.177156998973
6.366194,6.366194,0.177156998973
5.6817845,5.6817845,0.177156998973
4.7418972,4.7418972,0.177156998973
-12.0853558,-10.0,0.177156998973
4.7357756,4.7357756,0.177156998973
5.9208787,5.9208787,0.177156998973
6.3869047,6.3869047,0.177156998973
6.3879239,6.3879239,0.177156998973
6.0904051,6.0904051,0.177156998973
6.3393531,6.3393531,0.177156998973
6.387924,6.387924,0.177156998973
6.3811209,6.3811209,0.177156998973
-11.7293038,-10.0,0.177156998973
-8.9355418,-8.9355418,0.177156998973
-10.7522885,-10.0,0.177156998973
3.4463054,3.4463054,0.177156998973
1.6602971,1.6602971,0.177156998973
-20.9514284,-10.0,0.177156998973
-17.2186255,-10.0,0.177156998973
0.0268409,0.0268409,0.177156998973
-0.6575686,-0.6575686,0.177156998973
-1.5974559,-1.5974559,0.177156998973
-18.4247089,-10.0,0.177156998973
-1.6035775,-1.6035775,0.177156998973
-0.4184744,-0.4184744,0.177156998973
0.0475516,0.0475516,0.177156998973
0.0485708,0.0485708,0.177156998973
-0.248948,-0.248948,0.177156998973
-6.3393531,-6.3393531,0.177156998973
0.0485709,0.0485709,0.177156998973
0.0417678,0.0417678,0.177156998973
-18.0686569,-10.0,0.177156998973
-15.2748949,-10.0,0.177156998973
-17.0916416,-10.0,0.177156998973
-2.8930477,-2.8930477,0.177156998973
-4.679056,-4.679056,0.177156998973
-20.9999993,-10.0,0.177156998973
-17.2671964,-10.0,0.177156998973
-0.02173,-0.02173,0.177156998973
-0.7061395,-0.7061395,0.177156998973
-1.6460268,-1.6460268,0.177156998973
-18.4732798,-10.0,0.177156998973
-1.6521484,-1.6521484,0.177156998973
-0.4670453,-0.4670453,0.177156998973
-0.0010193,-0.0010193,0.177156998973
-9.99999976159e-08,-9.99999976159e-08,0.177156998973
-0.2975189,-0.2975189,0.177156998973
-6.387924,-6.387924,0.177156998973
-0.0485709,-0.0485709,0.177156998973
-0.0068031,-0.0068031,0.177156998973
-18.1172278,-10.0,0.177156998973
-15.3234658,-10.0,0.177156998973
-17.1402125,-10.0,0.177156998973
-2.9416186,-2.9416186,0.177156998973
-4.7276269,-4.7276269,0.177156998973
-20.9931962,-10.0,0.177156998973
-17.2603933,-10.0,0.177156998973
-0.0149269,-0.0149269,0.177156998973
-0.6993364,-0.6993364,0.177156998973
-1.6392237,-1.6392237,0.177156998973
-18.4664767,-10.0,0.177156998973
-1.6453453,-1.6453453,0.177156998973
-0.4602422,-0.4602422,0.177156998973
0.0057838,0.0057838,0.177156998973
0.006803,0.006803,0.177156998973
-0.2907158,-0.2907158,0.177156998973
-6.3811209,-6.3811209,0.177156998973
-0.0417678,-0.0417678,0.177156998973
0.0068031,0.0068031,0.177156998973
-18.1104247,-10.0,0.177156998973
-15.3166627,-10.0,0.177156998973
-17.1334094,-10.0,0.177156998973
-2.9348155,-2.9348155,0.177156998973
-4.7208238,-4.7208238,0.177156998973
-2.8827715,-2.8827715,0.177156998973
0.8500314,0.8500314,0.177156998973
18.0954978,10.0,0.177156998973
17.4110883,10.0,0.177156998973
16.471201,10.0,0.177156998973
-0.356052,-0.356052,0.177156998973
16.4650794,10.0,0.177156998973
17.6501825,10.0,0.177156998973
18.1162085,10.0,0.177156998973
18.1172277,10.0,0.177156998973
17.8197089,10.0,0.177156998973
11.7293038,10.0,0.177156998973
18.0686569,10.0,0.177156998973
18.1172278,10.0,0.177156998973
18.1104247,10.0,0.177156998973
2.793762,2.793762,0.177156998973
0.9770153,0.9770153,0.177156998973
15.1756092,10.0,0.177156998973
13.3896009,10.0,0.177156998973
-5.6765335,-5.6765335,0.177156998973
-1.9437306,-1.9437306,0.177156998973
15.3017358,10.0,0.177156998973
14.6173263,10.0,0.177156998973
13.677439,10.0,0.177156998973
-3.149814,-3.149814,0.177156998973
13.6713174,10.0,0.177156998973
14.8564205,10.0,0.177156998973
15.3224465,10.0,0.177156998973
15.3234657,10.0,0.177156998973
15.0259469,10.0,0.177156998973
8.9355418,8.9355418,0.177156998973
15.2748949,10.0,0.177156998973
15.3234658,10.0,0.177156998973
15.3166627,10.0,0.177156998973
-2.793762,-2.793762,0.177156998973
-1.8167467,-1.8167467,0.177156998973
12.3818472,10.0,0.177156998973
10.5958389,10.0,0.177156998973
-3.8597868,-3.8597868,0.177156998973
-0.1269839,-0.1269839,0.177156998973
17.1184825,10.0,0.177156998973
16.434073,10.0,0.177156998973
15.4941857,10.0,0.177156998973
-1.3330673,-1.3330673,0.177156998973
15.4880641,10.0,0.177156998973
16.6731672,10.0,0.177156998973
17.1391932,10.0,0.177156998973
17.1402124,10.0,0.177156998973
16.8426936,10.0,0.177156998973
10.7522885,10.0,0.177156998973
17.0916416,10.0,0.177156998973
17.1402125,10.0,0.177156998973
17.1334094,10.0,0.177156998973
-0.9770153,-0.9770153,0.177156998973
1.8167467,1.8167467,0.177156998973
14.1985939,10.0,0.177156998973
12.4125856,10.0,0.177156998973
-18.0583807,-10.0,0.177156998973
-14.3255778,-10.0,0.177156998973
2.9198886,2.9198886,0.177156998973
2.2354791,2.2354791,0.177156998973
1.2955918,1.2955918,0.177156998973
-15.5316612,-10.0,0.177156998973
1.2894702,1.2894702,0.177156998973
2.4745733,2.4745733,0.177156998973
2.9405993,2.9405993,0.177156998973
2.9416185,2.9416185,0.177156998973
2.6440997,2.6440997,0.177156998973
-3.4463054,-3.4463054,0.177156998973
2.8930477,2.8930477,0.177156998973
2.9416186,2.9416186,0.177156998973
2.9348155,2.9348155,0.177156998973
-15.1756092,-10.0,0.177156998973
-12.3818472,-10.0,0.177156998973
-14.1985939,-10.0,0.177156998973
-1.7860083,-1.7860083,0.177156998973
-16.2723724,-10.0,0.177156998973
-12.5395695,-10.0,0.177156998973
4.7058969,4.7058969,0.177156998973
4.0214874,4.0214874,0.177156998973
3.0816001,3.0816001,0.177156998973
-13.7456529,-10.0,0.177156998973
3.0754785,3.0754785,0.177156998973
4.2605816,4.2605816,0.177156998973
4.7266076,4.7266076,0.177156998973
4.7276268,4.7276268,0.177156998973
4.430108,4.430108,0.177156998973
-1.6602971,-1.6602971,0.177156998973
4.679056,4.679056,0.177156998973
4.7276269,4.7276269,0.177156998973
4.7208238,4.7208238,0.177156998973
-13.3896009,-10.0,0.177156998973
-10.5958389,-10.0,0.177156998973
-12.4125856,-10.0,0.177156998973
1.7860083,1.7860083,0.177156998973
20.5447327,10.0,0.0883996630288
20.9999972,10.0,0.0883996630288
20.9999971,10.0,0.0883996630288
20.999997,10.0,0.0883996630288
4.7423406,4.7423406,0.0883996630288
20.1198041,10.0,0.0883996630288
20.7907866,10.0,0.0883996630288
18.8487711,10.0,0.0883996630288
20.9999996,10.0,0.0883996630288
19.6448124,10.0,0.0883996630288
12.2043277,10.0,0.0883996630288
20.9999986,10.0,0.0883996630288
18.9602886,10.0,0.0883996630288
20.8161692,10.0,0.0883996630288
3.5004889,3.5004889,0.0883996630288
5.5239085,5.5239085,0.0883996630288
3.9206285,3.9206285,0.0883996630288
19.2400432,10.0,0.0883996630288
16.4494539,10.0,0.0883996630288
-20.5447327,-10.0,0.0883996630288
0.4552645,0.4552645,0.0883996630288
0.4552644,0.4552644,0.0883996630288
0.4552643,0.4552643,0.0883996630288
-15.8023921,-10.0,0.0883996630288
-0.4249286,-0.4249286,0.0883996630288
0.2460539,0.2460539,0.0883996630288
-1.6959616,-1.6959616,0.0883996630288
0.4552669,0.4552669,0.0883996630288
-0.8999203,-0.8999203,0.0883996630288
-8.340405,-8.340405,0.0883996630288
0.4552659,0.4552659,0.0883996630288
-1.5844441,-1.5844441,0.0883996630288
0.2714365,0.2714365,0.0883996630288
-17.0442438,-10.0,0.0883996630288
-15.0208242,-10.0,0.0883996630288
-16.6241042,-10.0,0.0883996630288
-1.3046895,-1.3046895,0.0883996630288
-4.0952788,-4.0952788,0.0883996630288
-20.9999972,-10.0,0.0883996630288
-0.4552645,-0.4552645,0.0883996630288
-9.99999976159e-08,-9.99999976159e-08,0.0883996630288
-1.99999998785e-07,-1.99999998785e-07,0.0883996630288
-16.2576566,-10.0,0.0883996630288
-0.8801931,-0.8801931,0.0883996630288
-0.2092106,-0.2092106,0.0883996630288
-2.1512261,-2.1512261,0.0883996630288
2.39999999962e-06,2.39999999962e-06,0.0883996630288
-1.3551848,-1.3551848,0.0883996630288
-8.7956695,-8.7956695,0.0883996630288
1.40000000215e-06,1.40000000215e-06,0.0883996630288
-2.0397086,-2.0397086,0.0883996630288
-0.183828,-0.183828,0.0883996630288
-17.4995083,-10.0,0.0883996630288
-15.4760887,-10.0,0.0883996630288
-17.0793687,-10.0,0.0883996630288
-1.759954,-1.759954,0.0883996630288
-4.5505433,-4.5505433,0.0883996630288
-20.9999971,-10.0,0.0883996630288
-0.4552644,-0.4552644,0.0883996630288
9.99999976159e-08,9.99999976159e-08,0.0883996630288
-1.00000001169e-07,-1.00000001169e-07,0.0883996630288
-16.2576565,-10.0,0.0883996630288
-0.880193,-0.880193,0.0883996630288
-0.2092105,-0.2092105,0.0883996630288
-2.151226,-2.151226,0.0883996630288
2.49999999724e-06,2.49999999724e-06,0.0883996630288
-1.3551847,-1.3551847,0.0883996630288
-8.7956694,-8.7956694,0.0883996630288
1.49999999977e-06,1.49999999977e-06,0.0883996630288
-2.0397085,-2.0397085,0.0883996630288
-0.1838279,-0.1838279,0.0883996630288
-17.4995082,-10.0,0.0883996630288
-15.4760886,-10.0,0.0883996630288
-17.0793686,-10.0,0.0883996630288
-1.7599539,-1.7599539,0.0883996630288
-4.5505432,-4.5505432,0.0883996630288
-20.999997,-10.0,0.0883996630288
-0.4552643,-0.4552643,0.0883996630288
1.99999998785e-07,1.99999998785e-07,0.0883996630288
1.00000001169e-07,1.00000001169e-07,0.0883996630288
-16.2576564,-10.0,0.0883996630288
-0.8801929,-0.8801929,0.0883996630288
-0.2092104,-0.2092104,0.0883996630288
-2.1512259,-2.1512259,0.0883996630288
2.59999999841e-06,2.59999999841e-06,0.0883996630288
-1.3551846,-1.3551846,0.0883996630288
-8.7956693,-8.7956693,0.0883996630288
1.60000000093e-06,1.60000000093e-06,0.0883996630288
-2.0397084,-2.0397084,0.0883996630288
-0.1838278,-0.1838278,0.0883996630288
-17.4995081,-10.0,0.0883996630288
-15.4760885,-10.0,0.0883996630288
-17.0793685,-10.0,0.0883996630288
-1.7599538,-1.7599538,0.0883996630288
-4.5505431,-4.5505431,0.0883996630288
-4.7423406,-4.7423406,0.0883996630288
15.8023921,10.0,0.0883996630288
16.2576566,10.0,0.0883996630288
16.2576565,10.0,0.0883996630288
16.2576564,10.0,0.0883996630288
15.3774635,10.0,0.0883996630288
16.048446,10.0,0.0883996630288
14.1064305,10.0,0.0883996630288
16.257659,10.0,0.0883996630288
14.9024718,10.0,0.0883996630288
7.4619871,7.4619871,0.0883996630288
16.257658,10.0,0.0883996630288
14.217948,10.0,0.0883996630288
16.0738286,10.0,0.0883996630288
-1.2418517,-1.2418517,0.0883996630288
0.7815679,0.7815679,0.0883996630288
-0.8217121,-0.8217121,0.0883996630288
14.4977026,10.0,0.0883996630288
11.7071133,10.0,0.0883996630288
-20.1198041,-10.0,0.0883996630288
0.4249286,0.4249286,0.0883996630288
0.8801931,0.8801931,0.0883996630288
0.880193,0.880193,0.0883996630288
0.8801929,0.8801929,0.0883996630288
-15.3774635,-10.0,0.0883996630288
0.6709825,0.6709825,0.0883996630288
-1.271033,-1.271033,0.0883996630288
0.8801955,0.8801955,0.0883996630288
-0.4749917,-0.4749917,0.0883996630288
-7.9154764,-7.9154764,0.0883996630288
0.8801945,0.8801945,0.0883996630288
-1.1595155,-1.1595155,0.0883996630288
0.6963651,0.6963651,0.0883996630288
-16.6193152,-10.0,0.0883996630288
-14.5958956,-10.0,0.0883996630288
-16.1991756,-10.0,0.0883996630288
-0.8797609,-0.8797609,0.0883996630288
-3.6703502,-3.6703502,0.0883996630288
-20.7907866,-10.0,0.0883996630288
-0.2460539,-0.2460539,0.0883996630288
0.2092106,0.2092106,0.0883996630288
0.2092105,0.2092105,0.0883996630288
0.2092104,0.2092104,0.0883996630288
-16.048446,-10.0,0.0883996630288
-0.6709825,-0.6709825,0.0883996630288
-1.9420155,-1.9420155,0.0883996630288
0.209213,0.209213,0.0883996630288
-1.1459742,-1.1459742,0.0883996630288
-8.5864589,-8.5864589,0.0883996630288
0.209212,0.209212,0.0883996630288
-1.830498,-1.830498,0.0883996630288
0.0253826,0.0253826,0.0883996630288
-17.2902977,-10.0,0.0883996630288
-15.2668781,-10.0,0.0883996630288
-16.8701581,-10.0,0.0883996630288
-1.5507434,-1.5507434,0.0883996630288
-4.3413327,-4.3413327,0.0883996630288
-18.8487711,-10.0,0.0883996630288
1.6959616,1.6959616,0.0883996630288
2.1512261,2.1512261,0.0883996630288
2.151226,2.151226,0.0883996630288
2.1512259,2.1512259,0.0883996630288
-14.1064305,-10.0,0.0883996630288
1.271033,1.271033,0.0883996630288
1.9420155,1.9420155,0.0883996630288
2.1512285,2.1512285,0.0883996630288
0.7960413,0.7960413,0.0883996630288
-6.6444434,-6.6444434,0.0883996630288
2.1512275,2.1512275,0.0883996630288
0.1115175,0.1115175,0.0883996630288
1.9673981,1.9673981,0.0883996630288
-15.3482822,-10.0,0.0883996630288
-13.3248626,-10.0,0.0883996630288
-14.9281426,-10.0,0.0883996630288
0.3912721,0.3912721,0.0883996630288
-2.3993172,-2.3993172,0.0883996630288
-20.9999996,-10.0,0.0883996630288
-0.4552669,-0.4552669,0.0883996630288
-2.39999999962e-06,-2.39999999962e-06,0.0883996630288
-2.49999999724e-06,-2.49999999724e-06,0.0883996630288
-2.59999999841e-06,-2.59999999841e-06,0.0883996630288
-16.257659,-10.0,0.0883996630288
-0.8801955,-0.8801955,0.0883996630288
-0.209213,-0.209213,0.0883996630288
-2.1512285,-2.1512285,0.0883996630288
-1.3551872,-1.3551872,0.0883996630288
-8.7956719,-8.7956719,0.0883996630288
-9.99999997475e-07,-9.99999997475e-07,0.0883996630288
-2.039711,-2.039711,0.0883996630288
-0.1838304,-0.1838304,0.0883996630288
-17.4995107,-10.0,0.0883996630288
-15.4760911,-10.0,0.0883996630288
-17.0793711,-10.0,0.0883996630288
-1.7599564,-1.7599564,0.0883996630288
-4.5505457,-4.5505457,0.0883996630288
-19.6448124,-10.0,0.0883996630288
0.8999203,0.8999203,0.0883996630288
1.3551848,1.3551848,0.0883996630288
1.3551847,1.3551847,0.0883996630288
1.3551846,1.3551846,0.0883996630288
-14.9024718,-10.0,0.0883996630288
0.4749917,0.4749917,0.0883996630288
1.1459742,1.1459742,0.0883996630288
-0.7960413,-0.7960413,0.0883996630288
1.3551872,1.3551872,0.0883996630288
-7.4404847,-7.4404847,0.0883996630288
1.3551862,1.3551862,0.0883996630288
-0.6845238,-0.6845238,0.0883996630288
1.1713568,1.1713568,0.0883996630288
-16.1443235,-10.0,0.0883996630288
-14.1209039,-10.0,0.0883996630288
-15.7241839,-10.0,0.0883996630288
-0.4047692,-0.4047692,0.0883996630288
-3.1953585,-3.1953585,0.0883996630288
-12.2043277,-10.0,0.0883996630288
8.340405,8.340405,0.0883996630288
8.7956695,8.7956695,0.0883996630288
8.7956694,8.7956694,0.0883996630288
8.7956693,8.7956693,0.0883996630288
-7.4619871,-7.4619871,0.0883996630288
7.9154764,7.9154764,0.0883996630288
8.5864589,8.5864589,0.0883996630288
6.6444434,6.6444434,0.0883996630288
8.7956719,8.7956719,0.0883996630288
7.4404847,7.4404847,0.0883996630288
8.7956709,8.7956709,0.0883996630288
6.7559609,6.7559609,0.0883996630288
8.6118415,8.6118415,0.0883996630288
-8.7038388,-8.7038388,0.0883996630288
-6.6804192,-6.6804192,0.0883996630288
-8.2836992,-8.2836992,0.0883996630288
7.0357155,7.0357155,0.0883996630288
4.2451262,4.2451262,0.0883996630288
-20.9999986,-10.0,0.0883996630288
-0.4552659,-0.4552659,0.0883996630288
-1.40000000215e-06,-1.40000000215e-06,0.0883996630288
-1.49999999977e-06,-1.49999999977e-06,0.0883996630288
-1.60000000093e-06,-1.60000000093e-06,0.0883996630288
-16.257658,-10.0,0.0883996630288
-0.8801945,-0.8801945,0.0883996630288
-0.209212,-0.209212,0.0883996630288
-2.1512275,-2.1512275,0.0883996630288
9.99999997475e-07,9.99999997475e-07,0.0883996630288
-1.3551862,-1.3551862,0.0883996630288
-8.7956709,-8.7956709,0.0883996630288
-2.03971,-2.03971,0.0883996630288
-0.1838294,-0.1838294,0.0883996630288
-17.4995097,-10.0,0.0883996630288
-15.4760901,-10.0,0.0883996630288
-17.0793701,-10.0,0.0883996630288
-1.7599554,-1.7599554,0.0883996630288
-4.5505447,-4.5505447,0.0883996630288
-18.9602886,-10.0,0.0883996630288
1.5844441,1.5844441,0.0883996630288
2.0397086,2.0397086,0.0883996630288
2.0397085,2.0397085,0.0883996630288
2.0397084,2.0397084,0.0883996630288
-14.217948,-10.0,0.0883996630288
1.1595155,1.1595155,0.0883996630288
1.830498,1.830498,0.0883996630288
-0.1115175,-0.1115175,0.0883996630288
2.039711,2.039711,0.0883996630288
0.6845238,0.6845238,0.0883996630288
-6.7559609,-6.7559609,0.0883996630288
2.03971,2.03971,0.0883996630288
1.8558806,1.8558806,0.0883996630288
-15.4597997,-10.0,0.0883996630288
-13.4363801,-10.0,0.0883996630288
-15.0396601,-10.0,0.0883996630288
0.2797546,0.2797546,0.0883996630288
-2.5108347,-2.5108347,0.0883996630288
-20.8161692,-10.0,0.0883996630288
-0.2714365,-0.2714365,0.0883996630288
0.183828,0.183828,0.0883996630288
0.1838279,0.1838279,0.0883996630288
0.1838278,0.1838278,0.0883996630288
-16.0738286,-10.0,0.0883996630288
-0.6963651,-0.6963651,0.0883996630288
-0.0253826,-0.0253826,0.0883996630288
-1.9673981,-1.9673981,0.0883996630288
0.1838304,0.1838304,0.0883996630288
-1.1713568,-1.1713568,0.0883996630288
-8.6118415,-8.6118415,0.0883996630288
0.1838294,0.1838294,0.0883996630288
-1.8558806,-1.8558806,0.0883996630288
-17.3156803,-10.0,0.0883996630288
-15.2922607,-10.0,0.0883996630288
-16.8955407,-10.0,0.0883996630288
-1.576126,-1.576126,0.0883996630288
-4.3667153,-4.3667153,0.0883996630288
-3.5004889,-3.5004889,0.0883996630288
17.0442438,10.0,0.0883996630288
17.4995083,10.0,0.0883996630288
17.4995082,10.0,0.0883996630288
17.4995081,10.0,0.0883996630288
1.2418517,1.2418517,0.0883996630288
16.6193152,10.0,0.0883996630288
17.2902977,10.0,0.0883996630288
15.3482822,10.0,0.0883996630288
17.4995107,10.0,0.0883996630288
16.1443235,10.0,0.0883996630288
8.7038388,8.7038388,0.0883996630288
17.4995097,10.0,0.0883996630288
15.4597997,10.0,0.0883996630288
17.3156803,10.0,0.0883996630288
2.0234196,2.0234196,0.0883996630288
0.4201396,0.4201396,0.0883996630288
15.7395543,10.0,0.0883996630288
12.948965,10.0,0.0883996630288
-5.5239085,-5.5239085,0.0883996630288
15.0208242,10.0,0.0883996630288
15.4760887,10.0,0.0883996630288
15.4760886,10.0,0.0883996630288
15.4760885,10.0,0.0883996630288
-0.7815679,-0.7815679,0.0883996630288
14.5958956,10.0,0.0883996630288
15.2668781,10.0,0.0883996630288
13.3248626,10.0,0.0883996630288
15.4760911,10.0,0.0883996630288
14.1209039,10.0,0.0883996630288
6.6804192,6.6804192,0.0883996630288
15.4760901,10.0,0.0883996630288
13.4363801,10.0,0.0883996630288
15.2922607,10.0,0.0883996630288
-2.0234196,-2.0234196,0.0883996630288
-1.60328,-1.60328,0.0883996630288
13.7161347,10.0,0.0883996630288
10.9255454,10.0,0.0883996630288
-3.9206285,-3.9206285,0.0883996630288
16.6241042,10.0,0.0883996630288
17.0793687,10.0,0.0883996630288
17.0793686,10.0,0.0883996630288
17.0793685,10.0,0.0883996630288
0.8217121,0.8217121,0.0883996630288
16.1991756,10.0,0.0883996630288
16.8701581,10.0,0.0883996630288
14.9281426,10.0,0.0883996630288
17.0793711,10.0,0.0883996630288
15.7241839,10.0,0.0883996630288
8.2836992,8.2836992,0.0883996630288
17.0793701,10.0,0.0883996630288
15.0396601,10.0,0.0883996630288
16.8955407,10.0,0.0883996630288
-0.4201396,-0.4201396,0.0883996630288
1.60328,1.60328,0.0883996630288
15.3194147,10.0,0.0883996630288
12.5288254,10.0,0.0883996630288
-19.2400432,-10.0,0.0883996630288
1.3046895,1.3046895,0.0883996630288
1.759954,1.759954,0.0883996630288
1.7599539,1.7599539,0.0883996630288
1.7599538,1.7599538,0.0883996630288
-14.4977026,-10.0,0.0883996630288
0.8797609,0.8797609,0.0883996630288
1.5507434,1.5507434,0.0883996630288
-0.3912721,-0.3912721,0.0883996630288
1.7599564,1.7599564,0.0883996630288
0.4047692,0.4047692,0.0883996630288
-7.0357155,-7.0357155,0.0883996630288
1.7599554,1.7599554,0.0883996630288
-0.2797546,-0.2797546,0.0883996630288
1.576126,1.576126,0.0883996630288
-15.7395543,-10.0,0.0883996630288
-13.7161347,-10.0,0.0883996630288
-15.3194147,-10.0,0.0883996630288
-2.7905893,-2.7905893,0.0883996630288
-16.4494539,-10.0,0.0883996630288
4.0952788,4.0952788,0.0883996630288
4.5505433,4.5505433,0.0883996630288
4.5505432,4.5505432,0.0883996630288
4.5505431,4.5505431,0.0883996630288
-11.7071133,-10.0,0.0883996630288
3.6703502,3.6703502,0.0883996630288
4.3413327,4.3413327,0.0883996630288
2.3993172,2.3993172,0.0883996630288
4.5505457,4.5505457,0.0883996630288
3.1953585,3.1953585,0.0883996630288
-4.2451262,-4.2451262,0.0883996630288
4.5505447,4.5505447,0.0883996630288
2.5108347,2.5108347,0.0883996630288
4.3667153,4.3667153,0.0883996630288
-12.948965,-10.0,0.0883996630288
-10.9255454,-10.0,0.0883996630288
-12.5288254,-10.0,0.0883996630288
2.7905893,2.7905893,0.0883996630288
-0.4009411,-0.4009411,0.0163507785562
-3.3096638,-3.3096638,0.0163507785562
0.3558202,0.3558202,0.0163507785562
-0.0787334,-0.0787334,0.0163507785562
-4.7449891,-4.7449891,0.0163507785562
0.3454871,0.3454871,0.0163507785562
-0.1908899,-0.1908899,0.0163507785562
-0.1466702,-0.1466702,0.0163507785562
0.355817,0.355817,0.0163507785562
-1.7427131,-1.7427131,0.0163507785562
-3.748983,-3.748983,0.0163507785562
-20.6441796,-10.0,0.0163507785562
-16.3673702,-10.0,0.0163507785562
0.3181669,0.3181669,0.0163507785562
-14.9874056,-10.0,0.0163507785562
0.3558193,0.3558193,0.0163507785562
-6.2420169,-6.2420169,0.0163507785562
-3.299719,-3.299719,0.0163507785562
-0.2245913,-0.2245913,0.0163507785562
0.4009411,0.4009411,0.0163507785562
-2.9087227,-2.9087227,0.0163507785562
0.7567613,0.7567613,0.0163507785562
0.3222077,0.3222077,0.0163507785562
-4.344048,-4.344048,0.0163507785562
0.7464282,0.7464282,0.0163507785562
0.2100512,0.2100512,0.0163507785562
0.2542709,0.2542709,0.0163507785562
0.7567581,0.7567581,0.0163507785562
-1.341772,-1.341772,0.0163507785562
-3.3480419,-3.3480419,0.0163507785562
-20.2432385,-10.0,0.0163507785562
-15.9664291,-10.0,0.0163507785562
0.719108,0.719108,0.0163507785562
-14.5864645,-10.0,0.0163507785562
0.7567604,0.7567604,0.0163507785562
-5.8410758,-5.8410758,0.0163507785562
-2.8987779,-2.8987779,0.0163507785562
0.1763498,0.1763498,0.0163507785562
3.3096638,3.3096638,0.0163507785562
2.9087227,2.9087227,0.0163507785562
3.665484,3.665484,0.0163507785562
3.2309304,3.2309304,0.0163507785562
-1.4353253,-1.4353253,0.0163507785562
3.6551509,3.6551509,0.0163507785562
3.1187739,3.1187739,0.0163507785562
3.1629936,3.1629936,0.0163507785562
3.6654808,3.6654808,0.0163507785562
1.5669507,1.5669507,0.0163507785562
-0.4393192,-0.4393192,0.0163507785562
-17.3345158,-10.0,0.0163507785562
-13.0577064,-10.0,0.0163507785562
3.6278307,3.6278307,0.0163507785562
-11.6777418,-10.0,0.0163507785562
3.6654831,3.6654831,0.0163507785562
-2.9323531,-2.9323531,0.0163507785562
0.0099448,0.0099448,0.0163507785562
3.0850725,3.0850725,0.0163507785562
-0.3558202,-0.3558202,0.0163507785562
-0.7567613,-0.7567613,0.0163507785562
-3.665484,-3.665484,0.0163507785562
-0.4345536,-0.4345536,0.0163507785562
-5.1008093,-5.1008093,0.0163507785562
-0.0103331,-0.0103331,0.0163507785562
-0.5467101,-0.5467101,0.0163507785562
-0.5024904,-0.5024904,0.0163507785562
-3.20000000187e-06,-3.20000000187e-06,0.0163507785562
-2.0985333,-2.0985333,0.0163507785562
-4.1048032,-4.1048032,0.0163507785562
-20.9999998,-10.0,0.0163507785562
-16.7231904,-10.0,0.0163507785562
-0.0376533,-0.0376533,0.0163507785562
-15.3432258,-10.0,0.0163507785562
-8.99999999859e-07,-8.99999999859e-07,0.0163507785562
-6.5978371,-6.5978371,0.0163507785562
-3.6555392,-3.6555392,0.0163507785562
-0.5804115,-0.5804115,0.0163507785562
0.0787334,0.0787334,0.0163507785562
-0.3222077,-0.3222077,0.0163507785562
-3.2309304,-3.2309304,0.0163507785562
0.4345536,0.4345536,0.0163507785562
-4.6662557,-4.6662557,0.0163507785562
0.4242205,0.4242205,0.0163507785562
-0.1121565,-0.1121565,0.0163507785562
-0.0679368,-0.0679368,0.0163507785562
0.4345504,0.4345504,0.0163507785562
-1.6639797,-1.6639797,0.0163507785562
-3.6702496,-3.6702496,0.0163507785562
-20.5654462,-10.0,0.0163507785562
-16.2886368,-10.0,0.0163507785562
0.3969003,0.3969003,0.0163507785562
-14.9086722,-10.0,0.0163507785562
0.4345527,0.4345527,0.0163507785562
-6.1632835,-6.1632835,0.0163507785562
-3.2209856,-3.2209856,0.0163507785562
-0.1458579,-0.1458579,0.0163507785562
4.7449891,4.7449891,0.0163507785562
4.344048,4.344048,0.0163507785562
1.4353253,1.4353253,0.0163507785562
5.1008093,5.1008093,0.0163507785562
4.6662557,4.6662557,0.0163507785562
5.0904762,5.0904762,0.0163507785562
4.5540992,4.5540992,0.0163507785562
4.5983189,4.5983189,0.0163507785562
5.1008061,5.1008061,0.0163507785562
3.002276,3.002276,0.0163507785562
0.9960061,0.9960061,0.0163507785562
-15.8991905,-10.0,0.0163507785562
-11.6223811,-10.0,0.0163507785562
5.063156,5.063156,0.0163507785562
-10.2424165,-10.0,0.0163507785562
5.1008084,5.1008084,0.0163507785562
-1.4970278,-1.4970278,0.0163507785562
1.4452701,1.4452701,0.0163507785562
4.5203978,4.5203978,0.0163507785562
-0.3454871,-0.3454871,0.0163507785562
-0.7464282,-0.7464282,0.0163507785562
-3.6551509,-3.6551509,0.0163507785562
0.0103331,0.0103331,0.0163507785562
-0.4242205,-0.4242205,0.0163507785562
-5.0904762,-5.0904762,0.0163507785562
-0.536377,-0.536377,0.0163507785562
-0.4921573,-0.4921573,0.0163507785562
0.0103299,0.0103299,0.0163507785562
-2.0882002,-2.0882002,0.0163507785562
-4.0944701,-4.0944701,0.0163507785562
-20.9896667,-10.0,0.0163507785562
-16.7128573,-10.0,0.0163507785562
-0.0273202,-0.0273202,0.0163507785562
-15.3328927,-10.0,0.0163507785562
0.0103322,0.0103322,0.0163507785562
-6.587504,-6.587504,0.0163507785562
-3.6452061,-3.6452061,0.0163507785562
-0.5700784,-0.5700784,0.0163507785562
0.1908899,0.1908899,0.0163507785562
-0.2100512,-0.2100512,0.0163507785562
-3.1187739,-3.1187739,0.0163507785562
0.5467101,0.5467101,0.0163507785562
0.1121565,0.1121565,0.0163507785562
-4.5540992,-4.5540992,0.0163507785562
0.536377,0.536377,0.0163507785562
0.0442197,0.0442197,0.0163507785562
0.5467069,0.5467069,0.0163507785562
-1.5518232,-1.5518232,0.0163507785562
-3.5580931,-3.5580931,0.0163507785562
-20.4532897,-10.0,0.0163507785562
-16.1764803,-10.0,0.0163507785562
0.5090568,0.5090568,0.0163507785562
-14.7965157,-10.0,0.0163507785562
0.5467092,0.5467092,0.0163507785562
-6.051127,-6.051127,0.0163507785562
-3.1088291,-3.1088291,0.0163507785562
-0.0337014,-0.0337014,0.0163507785562
0.1466702,0.1466702,0.0163507785562
-0.2542709,-0.2542709,0.0163507785562
-3.1629936,-3.1629936,0.0163507785562
0.5024904,0.5024904,0.0163507785562
0.0679368,0.0679368,0.0163507785562
-4.5983189,-4.5983189,0.0163507785562
0.4921573,0.4921573,0.0163507785562
-0.0442197,-0.0442197,0.0163507785562
0.5024872,0.5024872,0.0163507785562
-1.5960429,-1.5960429,0.0163507785562
-3.6023128,-3.6023128,0.0163507785562
-20.4975094,-10.0,0.0163507785562
-16.2207,-10.0,0.0163507785562
0.4648371,0.4648371,0.0163507785562
-14.8407354,-10.0,0.0163507785562
0.5024895,0.5024895,0.0163507785562
-6.0953467,-6.0953467,0.0163507785562
-3.1530488,-3.1530488,0.0163507785562
-0.0779211,-0.0779211,0.0163507785562
-0.355817,-0.355817,0.0163507785562
-0.7567581,-0.7567581,0.0163507785562
-3.6654808,-3.6654808,0.0163507785562
3.20000000187e-06,3.20000000187e-06,0.0163507785562
-0.4345504,-0.4345504,0.0163507785562
-5.1008061,-5.1008061,0.0163507785562
-0.0103299,-0.0103299,0.0163507785562
-0.5467069,-0.5467069,0.0163507785562
-0.5024872,-0.5024872,0.0163507785562
-2.0985301,-2.0985301,0.0163507785562
-4.1048,-4.1048,0.0163507785562
-20.9999966,-10.0,0.0163507785562
-16.7231872,-10.0,0.0163507785562
-0.0376501,-0.0376501,0.0163507785562
-15.3432226,-10.0,0.0163507785562
2.30000000201e-06,2.30000000201e-06,0.0163507785562
-6.5978339,-6.5978339,0.0163507785562
-3.655536,-3.655536,0.0163507785562
-0.5804083,-0.5804083,0.0163507785562
1.7427131,1.7427131,0.0163507785562
1.341772,1.341772,0.0163507785562
-1.5669507,-1.5669507,0.0163507785562
2.0985333,2.0985333,0.0163507785562
1.6639797,1.6639797,0.0163507785562
-3.002276,-3.002276,0.0163507785562
2.0882002,2.0882002,0.0163507785562
1.5518232,1.5518232,0.0163507785562
1.5960429,1.5960429,0.0163507785562
2.0985301,2.0985301,0.0163507785562
-2.0062699,-2.0062699,0.0163507785562
-18.9014665,-10.0,0.0163507785562
-14.6246571,-10.0,0.0163507785562
2.06088,2.06088,0.0163507785562
-13.2446925,-10.0,0.0163507785562
2.0985324,2.0985324,0.0163507785562
-4.4993038,-4.4993038,0.0163507785562
-1.5570059,-1.5570059,0.0163507785562
1.5181218,1.5181218,0.0163507785562
3.748983,3.748983,0.0163507785562
3.3480419,3.3480419,0.0163507785562
0.4393192,0.4393192,0.0163507785562
4.1048032,4.1048032,0.0163507785562
3.6702496,3.6702496,0.0163507785562
-0.9960061,-0.9960061,0.0163507785562
4.0944701,4.0944701,0.0163507785562
3.5580931,3.5580931,0.0163507785562
3.6023128,3.6023128,0.0163507785562
4.1048,4.1048,0.0163507785562
2.0062699,2.0062699,0.0163507785562
-16.8951966,-10.0,0.0163507785562
-12.6183872,-10.0,0.0163507785562
4.0671499,4.0671499,0.0163507785562
-11.2384226,-10.0,0.0163507785562
4.1048023,4.1048023,0.0163507785562
-2.4930339,-2.4930339,0.0163507785562
0.449264,0.449264,0.0163507785562
3.5243917,3.5243917,0.0163507785562
20.6441796,10.0,0.0163507785562
20.2432385,10.0,0.0163507785562
17.3345158,10.0,0.0163507785562
20.9999998,10.0,0.0163507785562
20.5654462,10.0,0.0163507785562
15.8991905,10.0,0.0163507785562
20.9896667,10.0,0.0163507785562
20.4532897,10.0,0.0163507785562
20.4975094,10.0,0.0163507785562
20.9999966,10.0,0.0163507785562
18.9014665,10.0,0.0163507785562
16.8951966,10.0,0.0163507785562
4.2768094,4.2768094,0.0163507785562
20.9623465,10.0,0.0163507785562
5.656774,5.656774,0.0163507785562
20.9999989,10.0,0.0163507785562
14.4021627,10.0,0.0163507785562
17.3444606,10.0,0.0163507785562
20.4195883,10.0,0.0163507785562
16.3673702,10.0,0.0163507785562
15.9664291,10.0,0.0163507785562
13.0577064,10.0,0.0163507785562
16.7231904,10.0,0.0163507785562
16.2886368,10.0,0.0163507785562
11.6223811,10.0,0.0163507785562
16.7128573,10.0,0.0163507785562
16.1764803,10.0,0.0163507785562
16.2207,10.0,0.0163507785562
16.7231872,10.0,0.0163507785562
14.6246571,10.0,0.0163507785562
12.6183872,10.0,0.0163507785562
-4.2768094,-4.2768094,0.0163507785562
16.6855371,10.0,0.0163507785562
1.3799646,1.3799646,0.0163507785562
16.7231895,10.0,0.0163507785562
10.1253533,10.0,0.0163507785562
13.0676512,10.0,0.0163507785562
16.1427789,10.0,0.0163507785562
-0.3181669,-0.3181669,0.0163507785562
-0.719108,-0.719108,0.0163507785562
-3.6278307,-3.6278307,0.0163507785562
0.0376533,0.0376533,0.0163507785562
-0.3969003,-0.3969003,0.0163507785562
-5.063156,-5.063156,0.0163507785562
0.0273202,0.0273202,0.0163507785562
-0.5090568,-0.5090568,0.0163507785562
-0.4648371,-0.4648371,0.0163507785562
0.0376501,0.0376501,0.0163507785562
-2.06088,-2.06088,0.0163507785562
-4.0671499,-4.0671499,0.0163507785562
-20.9623465,-10.0,0.0163507785562
-16.6855371,-10.0,0.0163507785562
-15.3055725,-10.0,0.0163507785562
0.0376524,0.0376524,0.0163507785562
-6.5601838,-6.5601838,0.0163507785562
-3.6178859,-3.6178859,0.0163507785562
-0.5427582,-0.5427582,0.0163507785562
14.9874056,10.0,0.0163507785562
14.5864645,10.0,0.0163507785562
11.6777418,10.0,0.0163507785562
15.3432258,10.0,0.0163507785562
14.9086722,10.0,0.0163507785562
10.2424165,10.0,0.0163507785562
15.3328927,10.0,0.0163507785562
14.7965157,10.0,0.0163507785562
14.8407354,10.0,0.0163507785562
15.3432226,10.0,0.0163507785562
13.2446925,10.0,0.0163507785562
11.2384226,10.0,0.0163507785562
-5.656774,-5.656774,0.0163507785562
-1.3799646,-1.3799646,0.0163507785562
15.3055725,10.0,0.0163507785562
15.3432249,10.0,0.0163507785562
8.7453887,8.7453887,0.0163507785562
11.6876866,10.0,0.0163507785562
14.7628143,10.0,0.0163507785562
-0.3558193,-0.3558193,0.0163507785562
-0.7567604,-0.7567604,0.0163507785562
-3.6654831,-3.6654831,0.0163507785562
8.99999999859e-07,8.99999999859e-07,0.0163507785562
-0.4345527,-0.4345527,0.0163507785562
-5.1008084,-5.1008084,0.0163507785562
-0.0103322,-0.0103322,0.0163507785562
-0.5467092,-0.5467092,0.0163507785562
-0.5024895,-0.5024895,0.0163507785562
-2.30000000201e-06,-2.30000000201e-06,0.0163507785562
-2.0985324,-2.0985324,0.0163507785562
-4.1048023,-4.1048023,0.0163507785562
-20.9999989,-10.0,0.0163507785562
-16.7231895,-10.0,0.0163507785562
-0.0376524,-0.0376524,0.0163507785562
-15.3432249,-10.0,0.0163507785562
-6.5978362,-6.5978362,0.0163507785562
-3.6555383,-3.6555383,0.0163507785562
-0.5804106,-0.5804106,0.0163507785562
6.2420169,6.2420169,0.0163507785562
5.8410758,5.8410758,0.0163507785562
2.9323531,2.9323531,0.0163507785562
6.5978371,6.5978371,0.0163507785562
6.1632835,6.1632835,0.0163507785562
1.4970278,1.4970278,0.0163507785562
6.587504,6.587504,0.0163507785562
6.051127,6.051127,0.0163507785562
6.0953467,6.0953467,0.0163507785562
6.5978339,6.5978339,0.0163507785562
4.4993038,4.4993038,0.0163507785562
2.4930339,2.4930339,0.0163507785562
-14.4021627,-10.0,0.0163507785562
-10.1253533,-10.0,0.0163507785562
6.5601838,6.5601838,0.0163507785562
-8.7453887,-8.7453887,0.0163507785562
6.5978362,6.5978362,0.0163507785562
2.9422979,2.9422979,0.0163507785562
6.0174256,6.0174256,0.0163507785562
3.299719,3.299719,0.0163507785562
2.8987779,2.8987779,0.0163507785562
-0.0099448,-0.0099448,0.0163507785562
3.6555392,3.6555392,0.0163507785562
3.2209856,3.2209856,0.0163507785562
-1.4452701,-1.4452701,0.0163507785562
3.6452061,3.6452061,0.0163507785562
3.1088291,3.1088291,0.0163507785562
3.1530488,3.1530488,0.0163507785562
3.655536,3.655536,0.0163507785562
1.5570059,1.5570059,0.0163507785562
-0.449264,-0.449264,0.0163507785562
-17.3444606,-10.0,0.0163507785562
-13.0676512,-10.0,0.0163507785562
3.6178859,3.6178859,0.0163507785562
-11.6876866,-10.0,0.0163507785562
3.6555383,3.6555383,0.0163507785562
-2.9422979,-2.9422979,0.0163507785562
3.0751277,3.0751277,0.0163507785562
0.2245913,0.2245913,0.0163507785562
-0.1763498,-0.1763498,0.0163507785562
-3.0850725,-3.0850725,0.0163507785562
0.5804115,0.5804115,0.0163507785562
0.1458579,0.1458579,0.0163507785562
-4.5203978,-4.5203978,0.0163507785562
0.5700784,0.5700784,0.0163507785562
0.0337014,0.0337014,0.0163507785562
0.0779211,0.0779211,0.0163507785562
0.5804083,0.5804083,0.0163507785562
-1.5181218,-1.5181218,0.0163507785562
-3.5243917,-3.5243917,0.0163507785562
-20.4195883,-10.0,0.0163507785562
-16.1427789,-10.0,0.0163507785562
0.5427582,0.5427582,0.0163507785562
-14.7628143,-10.0,0.0163507785562
0.5804106,0.5804106,0.0163507785562
-6.0174256,-6.0174256,0.0163507785562
-3.0751277,-3.0751277,0.0163507785562
11.1146169,10.0,0.119492632414
-0.2905026,-0.2905026,0.119492632414
-4.0089242,-4.0089242,0.119492632414
14.4298735,10.0,0.119492632414
16.9910745,10.0,0.119492632414
16.6750841,10.0,0.119492632414
16.5699499,10.0,0.119492632414
15.7320772,10.0,0.119492632414
15.4616309,10.0,0.119492632414
16.9910751,10.0,0.119492632414
16.5881908,10.0,0.119492632414
-0.8228866,-0.8228866,0.119492632414
-0.5451988,-0.5451988,0.119492632414
15.198081,10.0,0.119492632414
16.2684284,10.0,0.119492632414
16.9487153,10.0,0.119492632414
16.9909086,10.0,0.119492632414
11.9879582,10.0,0.119492632414
16.3209745,10.0,0.119492632414
-11.1146169,-10.0,0.119492632414
-11.4051195,-10.0,0.119492632414
-15.1235411,-10.0,0.119492632414
3.3152566,3.3152566,0.119492632414
5.8764576,5.8764576,0.119492632414
5.5604672,5.5604672,0.119492632414
5.455333,5.455333,0.119492632414
4.6174603,4.6174603,0.119492632414
4.347014,4.347014,0.119492632414
5.8764582,5.8764582,0.119492632414
5.4735739,5.4735739,0.119492632414
-11.9375035,-10.0,0.119492632414
-11.6598157,-10.0,0.119492632414
4.0834641,4.0834641,0.119492632414
5.1538115,5.1538115,0.119492632414
5.8340984,5.8340984,0.119492632414
5.8762917,5.8762917,0.119492632414
0.8733413,0.8733413,0.119492632414
5.2063576,5.2063576,0.119492632414
0.2905026,0.2905026,0.119492632414
11.4051195,10.0,0.119492632414
-3.7184216,-3.7184216,0.119492632414
14.7203761,10.0,0.119492632414
17.2815771,10.0,0.119492632414
16.9655867,10.0,0.119492632414
16.8604525,10.0,0.119492632414
16.0225798,10.0,0.119492632414
15.7521335,10.0,0.119492632414
17.2815777,10.0,0.119492632414
16.8786934,10.0,0.119492632414
-0.532384,-0.532384,0.119492632414
-0.2546962,-0.2546962,0.119492632414
15.4885836,10.0,0.119492632414
16.558931,10.0,0.119492632414
17.2392179,10.0,0.119492632414
17.2814112,10.0,0.119492632414
12.2784608,10.0,0.119492632414
16.6114771,10.0,0.119492632414
4.0089242,4.0089242,0.119492632414
15.1235411,10.0,0.119492632414
3.7184216,3.7184216,0.119492632414
18.4387977,10.0,0.119492632414
20.9999987,10.0,0.119492632414
20.6840083,10.0,0.119492632414
20.5788741,10.0,0.119492632414
19.7410014,10.0,0.119492632414
19.4705551,10.0,0.119492632414
20.9999993,10.0,0.119492632414
20.597115,10.0,0.119492632414
3.1860376,3.1860376,0.119492632414
3.4637254,3.4637254,0.119492632414
19.2070052,10.0,0.119492632414
20.2773526,10.0,0.119492632414
20.9576395,10.0,0.119492632414
20.9998328,10.0,0.119492632414
15.9968824,10.0,0.119492632414
20.3298987,10.0,0.119492632414
-14.4298735,-10.0,0.119492632414
-3.3152566,-3.3152566,0.119492632414
-14.7203761,-10.0,0.119492632414
-18.4387977,-10.0,0.119492632414
2.561201,2.561201,0.119492632414
2.2452106,2.2452106,0.119492632414
2.1400764,2.1400764,0.119492632414
1.3022037,1.3022037,0.119492632414
1.0317574,1.0317574,0.119492632414
2.5612016,2.5612016,0.119492632414
2.1583173,2.1583173,0.119492632414
-15.2527601,-10.0,0.119492632414
-14.9750723,-10.0,0.119492632414
0.7682075,0.7682075,0.119492632414
1.8385549,1.8385549,0.119492632414
2.5188418,2.5188418,0.119492632414
2.5610351,2.5610351,0.119492632414
-2.4419153,-2.4419153,0.119492632414
1.891101,1.891101,0.119492632414
-16.9910745,-10.0,0.119492632414
-5.8764576,-5.8764576,0.119492632414
-17.2815771,-10.0,0.119492632414
-20.9999987,-10.0,0.119492632414
-2.561201,-2.561201,0.119492632414
-0.3159904,-0.3159904,0.119492632414
-0.4211246,-0.4211246,0.119492632414
-1.2589973,-1.2589973,0.119492632414
-1.5294436,-1.5294436,0.119492632414
5.99999999906e-07,5.99999999906e-07,0.119492632414
-0.4028837,-0.4028837,0.119492632414
-17.8139611,-10.0,0.119492632414
-17.5362733,-10.0,0.119492632414
-1.7929935,-1.7929935,0.119492632414
-0.7226461,-0.7226461,0.119492632414
-0.0423592,-0.0423592,0.119492632414
-0.000165899999999,-0.000165899999999,0.119492632414
-5.0031163,-5.0031163,0.119492632414
-0.6701,-0.6701,0.119492632414
-16.6750841,-10.0,0.119492632414
-5.5604672,-5.5604672,0.119492632414
-16.9655867,-10.0,0.119492632414
-20.6840083,-10.0,0.119492632414
-2.2452106,-2.2452106,0.119492632414
0.3159904,0.3159904,0.119492632414
-0.1051342,-0.1051342,0.119492632414
-0.9430069,-0.9430069,0.119492632414
-1.2134532,-1.2134532,0.119492632414
0.315991,0.315991,0.119492632414
-0.0868933,-0.0868933,0.119492632414
-17.4979707,-10.0,0.119492632414
-17.2202829,-10.0,0.119492632414
-1.4770031,-1.4770031,0.119492632414
-0.4066557,-0.4066557,0.119492632414
0.2736312,0.2736312,0.119492632414
0.3158245,0.3158245,0.119492632414
-4.6871259,-4.6871259,0.119492632414
-0.3541096,-0.3541096,0.119492632414
-16.5699499,-10.0,0.119492632414
-5.455333,-5.455333,0.119492632414
-16.8604525,-10.0,0.119492632414
-20.5788741,-10.0,0.119492632414
-2.1400764,-2.1400764,0.119492632414
0.4211246,0.4211246,0.119492632414
0.1051342,0.1051342,0.119492632414
-0.8378727,-0.8378727,0.119492632414
-1.108319,-1.108319,0.119492632414
0.4211252,0.4211252,0.119492632414
0.0182409,0.0182409,0.119492632414
-17.3928365,-10.0,0.119492632414
-17.1151487,-10.0,0.119492632414
-1.3718689,-1.3718689,0.119492632414
-0.3015215,-0.3015215,0.119492632414
0.3787654,0.3787654,0.119492632414
0.4209587,0.4209587,0.119492632414
-4.5819917,-4.5819917,0.119492632414
-0.2489754,-0.2489754,0.119492632414
-15.7320772,-10.0,0.119492632414
-4.6174603,-4.6174603,0.119492632414
-16.0225798,-10.0,0.119492632414
-19.7410014,-10.0,0.119492632414
-1.3022037,-1.3022037,0.119492632414
1.2589973,1.2589973,0.119492632414
0.9430069,0.9430069,0.119492632414
0.8378727,0.8378727,0.119492632414
-0.2704463,-0.2704463,0.119492632414
1.2589979,1.2589979,0.119492632414
0.8561136,0.8561136,0.119492632414
-16.5549638,-10.0,0.119492632414
-16.277276,-10.0,0.119492632414
-0.5339962,-0.5339962,0.119492632414
0.5363512,0.5363512,0.119492632414
1.2166381,1.2166381,0.119492632414
1.2588314,1.2588314,0.119492632414
-3.744119,-3.744119,0.119492632414
0.5888973,0.5888973,0.119492632414
-15.4616309,-10.0,0.119492632414
-4.347014,-4.347014,0.119492632414
-15.7521335,-10.0,0.119492632414
-19.4705551,-10.0,0.119492632414
-1.0317574,-1.0317574,0.119492632414
1.5294436,1.5294436,0.119492632414
1.2134532,1.2134532,0.119492632414
1.108319,1.108319,0.119492632414
0.2704463,0.2704463,0.119492632414
1.5294442,1.5294442,0.119492632414
1.1265599,1.1265599,0.119492632414
-16.2845175,-10.0,0.119492632414
-16.0068297,-10.0,0.119492632414
-0.2635499,-0.2635499,0.119492632414
0.8067975,0.8067975,0.119492632414
1.4870844,1.4870844,0.119492632414
1.5292777,1.5292777,0.119492632414
-3.4736727,-3.4736727,0.119492632414
0.8593436,0.8593436,0.119492632414
-16.9910751,-10.0,0.119492632414
-5.8764582,-5.8764582,0.119492632414
-17.2815777,-10.0,0.119492632414
-20.9999993,-10.0,0.119492632414
-2.5612016,-2.5612016,0.119492632414
-5.99999999906e-07,-5.99999999906e-07,0.119492632414
-0.315991,-0.315991,0.119492632414
-0.4211252,-0.4211252,0.119492632414
-1.2589979,-1.2589979,0.119492632414
-1.5294442,-1.5294442,0.119492632414
-0.4028843,-0.4028843,0.119492632414
-17.8139617,-10.0,0.119492632414
-17.5362739,-10.0,0.119492632414
-1.7929941,-1.7929941,0.119492632414
-0.7226467,-0.7226467,0.119492632414
-0.0423598,-0.0423598,0.119492632414
-0.000166499999999,-0.000166499999999,0.119492632414
-5.0031169,-5.0031169,0.119492632414
-0.6701006,-0.6701006,0.119492632414
-16.5881908,-10.0,0.119492632414
-5.4735739,-5.4735739,0.119492632414
-16.8786934,-10.0,0.119492632414
-20.597115,-10.0,0.119492632414
-2.1583173,-2.1583173,0.119492632414
0.4028837,0.4028837,0.119492632414
0.0868933,0.0868933,0.119492632414
-0.0182409,-0.0182409,0.119492632414
-0.8561136,-0.8561136,0.119492632414
-1.1265599,-1.1265599,0.119492632414
0.4028843,0.4028843,0.119492632414
-17.4110774,-10.0,0.119492632414
-17.1333896,-10.0,0.119492632414
-1.3901098,-1.3901098,0.119492632414
-0.3197624,-0.3197624,0.119492632414
0.3605245,0.3605245,0.119492632414
0.4027178,0.4027178,0.119492632414
-4.6002326,-4.6002326,0.119492632414
-0.2672163,-0.2672163,0.119492632414
0.8228866,0.8228866,0.119492632414
11.9375035,10.0,0.119492632414
0.532384,0.532384,0.119492632414
-3.1860376,-3.1860376,0.119492632414
15.2527601,10.0,0.119492632414
17.8139611,10.0,0.119492632414
17.4979707,10.0,0.119492632414
17.3928365,10.0,0.119492632414
16.5549638,10.0,0.119492632414
16.2845175,10.0,0.119492632414
17.8139617,10.0,0.119492632414
17.4110774,10.0,0.119492632414
0.2776878,0.2776878,0.119492632414
16.0209676,10.0,0.119492632414
17.091315,10.0,0.119492632414
17.7716019,10.0,0.119492632414
17.8137952,10.0,0.119492632414
12.8108448,10.0,0.119492632414
17.1438611,10.0,0.119492632414
0.5451988,0.5451988,0.119492632414
11.6598157,10.0,0.119492632414
0.2546962,0.2546962,0.119492632414
-3.4637254,-3.4637254,0.119492632414
14.9750723,10.0,0.119492632414
17.5362733,10.0,0.119492632414
17.2202829,10.0,0.119492632414
17.1151487,10.0,0.119492632414
16.277276,10.0,0.119492632414
16.0068297,10.0,0.119492632414
17.5362739,10.0,0.119492632414
17.1333896,10.0,0.119492632414
-0.2776878,-0.2776878,0.119492632414
15.7432798,10.0,0.119492632414
16.8136272,10.0,0.119492632414
17.4939141,10.0,0.119492632414
17.5361074,10.0,0.119492632414
12.533157,10.0,0.119492632414
16.8661733,10.0,0.119492632414
-15.198081,-10.0,0.119492632414
-4.0834641,-4.0834641,0.119492632414
-15.4885836,-10.0,0.119492632414
-19.2070052,-10.0,0.119492632414
-0.7682075,-0.7682075,0.119492632414
1.7929935,1.7929935,0.119492632414
1.4770031,1.4770031,0.119492632414
1.3718689,1.3718689,0.119492632414
0.5339962,0.5339962,0.119492632414
0.2635499,0.2635499,0.119492632414
1.7929941,1.7929941,0.119492632414
1.3901098,1.3901098,0.119492632414
-16.0209676,-10.0,0.119492632414
-15.7432798,-10.0,0.119492632414
1.0703474,1.0703474,0.119492632414
1.7506343,1.7506343,0.119492632414
1.7928276,1.7928276,0.119492632414
-3.2101228,-3.2101228,0.119492632414
1.1228935,1.1228935,0.119492632414
-16.2684284,-10.0,0.119492632414
-5.1538115,-5.1538115,0.119492632414
-16.558931,-10.0,0.119492632414
-20.2773526,-10.0,0.119492632414
-1.8385549,-1.8385549,0.119492632414
0.7226461,0.7226461,0.119492632414
0.4066557,0.4066557,0.119492632414
0.3015215,0.3015215,0.119492632414
-0.5363512,-0.5363512,0.119492632414
-0.8067975,-0.8067975,0.119492632414
0.7226467,0.7226467,0.119492632414
0.3197624,0.3197624,0.119492632414
-17.091315,-10.0,0.119492632414
-16.8136272,-10.0,0.119492632414
-1.0703474,-1.0703474,0.119492632414
0.6802869,0.6802869,0.119492632414
0.7224802,0.7224802,0.119492632414
-4.2804702,-4.2804702,0.119492632414
0.0525461,0.0525461,0.119492632414
-16.9487153,-10.0,0.119492632414
-5.8340984,-5.8340984,0.119492632414
-17.2392179,-10.0,0.119492632414
-20.9576395,-10.0,0.119492632414
-2.5188418,-2.5188418,0.119492632414
0.0423592,0.0423592,0.119492632414
-0.2736312,-0.2736312,0.119492632414
-0.3787654,-0.3787654,0.119492632414
-1.2166381,-1.2166381,0.119492632414
-1.4870844,-1.4870844,0.119492632414
0.0423598,0.0423598,0.119492632414
-0.3605245,-0.3605245,0.119492632414
-17.7716019,-10.0,0.119492632414
-17.4939141,-10.0,0.119492632414
-1.7506343,-1.7506343,0.119492632414
-0.6802869,-0.6802869,0.119492632414
0.0421933,0.0421933,0.119492632414
-4.9607571,-4.9607571,0.119492632414
-0.6277408,-0.6277408,0.119492632414
-16.9909086,-10.0,0.119492632414
-5.8762917,-5.8762917,0.119492632414
-17.2814112,-10.0,0.119492632414
-20.9998328,-10.0,0.119492632414
-2.5610351,-2.5610351,0.119492632414
0.000165899999999,0.000165899999999,0.119492632414
-0.3158245,-0.3158245,0.119492632414
-0.4209587,-0.4209587,0.119492632414
-1.2588314,-1.2588314,0.119492632414
-1.5292777,-1.5292777,0.119492632414
0.000166499999999,0.000166499999999,0.119492632414
-0.4027178,-0.4027178,0.119492632414
-17.8137952,-10.0,0.119492632414
-17.5361074,-10.0,0.119492632414
-1.7928276,-1.7928276,0.119492632414
-0.7224802,-0.7224802,0.119492632414
-0.0421933,-0.0421933,0.119492632414
-5.0029504,-5.0029504,0.119492632414
-0.6699341,-0.6699341,0.119492632414
-11.9879582,-10.0,0.119492632414
-0.8733413,-0.8733413,0.119492632414
-12.2784608,-10.0,0.119492632414
-15.9968824,-10.0,0.119492632414
2.4419153,2.4419153,0.119492632414
5.0031163,5.0031163,0.119492632414
4.6871259,4.6871259,0.119492632414
4.5819917,4.5819917,0.119492632414
3.744119,3.744119,0.119492632414
3.4736727,3.4736727,0.119492632414
5.0031169,5.0031169,0.119492632414
4.6002326,4.6002326,0.119492632414
-12.8108448,-10.0,0.119492632414
-12.533157,-10.0,0.119492632414
3.2101228,3.2101228,0.119492632414
4.2804702,4.2804702,0.119492632414
4.9607571,4.9607571,0.119492632414
5.0029504,5.0029504,0.119492632414
4.3330163,4.3330163,0.119492632414
-16.3209745,-10.0,0.119492632414
-5.2063576,-5.2063576,0.119492632414
-16.6114771,-10.0,0.119492632414
-20.3298987,-10.0,0.119492632414
-1.891101,-1.891101,0.119492632414
0.6701,0.6701,0.119492632414
0.3541096,0.3541096,0.119492632414
0.2489754,0.2489754,0.119492632414
-0.5888973,-0.5888973,0.119492632414
-0.8593436,-0.8593436,0.119492632414
0.6701006,0.6701006,0.119492632414
0.2672163,0.2672163,0.119492632414
-17.1438611,-10.0,0.119492632414
-16.8661733,-10.0,0.119492632414
-1.1228935,-1.1228935,0.119492632414
-0.0525461,-0.0525461,0.119492632414
0.6277408,0.6277408,0.119492632414
0.6699341,0.6699341,0.119492632414
-4.3330163,-4.3330163,0.119492632414
15.5134509,10.0,0.310183107884
16.3948218,10.0,0.310183107884
15.8836472,10.0,0.310183107884
15.2437579,10.0,0.310183107884
16.3251067,10.0,0.310183107884
16.5389085,10.0,0.310183107884
-4.0366196,-4.0366196,0.310183107884
14.3306405,10.0,0.310183107884
-3.237556,-3.237556,0.310183107884
16.2309952,10.0,0.310183107884
16.5389114,10.0,0.310183107884
2.5804191,2.5804191,0.310183107884
14.3086888,10.0,0.310183107884
14.6172872,10.0,0.310183107884
13.1927344,10.0,0.310183107884
16.4750445,10.0,0.310183107884
-4.4610876,-4.4610876,0.310183107884
16.4617761,10.0,0.310183107884
11.7244884,10.0,0.310183107884
-15.5134509,-10.0,0.310183107884
0.8813709,0.8813709,0.310183107884
0.3701963,0.3701963,0.310183107884
-0.269693,-0.269693,0.310183107884
0.8116558,0.8116558,0.310183107884
1.0254576,1.0254576,0.310183107884
-19.5500705,-10.0,0.310183107884
-1.1828104,-1.1828104,0.310183107884
-18.7510069,-10.0,0.310183107884
0.7175443,0.7175443,0.310183107884
1.0254605,1.0254605,0.310183107884
-12.9330318,-10.0,0.310183107884
-1.2047621,-1.2047621,0.310183107884
-0.8961637,-0.8961637,0.310183107884
-2.3207165,-2.3207165,0.310183107884
0.9615936,0.9615936,0.310183107884
-19.9745385,-10.0,0.310183107884
0.9483252,0.9483252,0.310183107884
-3.7889625,-3.7889625,0.310183107884
-16.3948218,-10.0,0.310183107884
-0.8813709,-0.8813709,0.310183107884
-0.5111746,-0.5111746,0.310183107884
-1.1510639,-1.1510639,0.310183107884
-0.0697151,-0.0697151,0.310183107884
0.1440867,0.1440867,0.310183107884
-20.4314414,-10.0,0.310183107884
-2.0641813,-2.0641813,0.310183107884
-19.6323778,-10.0,0.310183107884
-0.1638266,-0.1638266,0.310183107884
0.1440896,0.1440896,0.310183107884
-13.8144027,-10.0,0.310183107884
-2.086133,-2.086133,0.310183107884
-1.7775346,-1.7775346,0.310183107884
-3.2020874,-3.2020874,0.310183107884
0.0802227,0.0802227,0.310183107884
-20.8559094,-10.0,0.310183107884
0.0669543,0.0669543,0.310183107884
-4.6703334,-4.6703334,0.310183107884
-15.8836472,-10.0,0.310183107884
-0.3701963,-0.3701963,0.310183107884
0.5111746,0.5111746,0.310183107884
-0.6398893,-0.6398893,0.310183107884
0.4414595,0.4414595,0.310183107884
0.6552613,0.6552613,0.310183107884
-19.9202668,-10.0,0.310183107884
-1.5530067,-1.5530067,0.310183107884
-19.1212032,-10.0,0.310183107884
0.347348,0.347348,0.310183107884
0.6552642,0.6552642,0.310183107884
-13.3032281,-10.0,0.310183107884
-1.5749584,-1.5749584,0.310183107884
-1.26636,-1.26636,0.310183107884
-2.6909128,-2.6909128,0.310183107884
0.5913973,0.5913973,0.310183107884
-20.3447348,-10.0,0.310183107884
0.5781289,0.5781289,0.310183107884
-4.1591588,-4.1591588,0.310183107884
-15.2437579,-10.0,0.310183107884
0.269693,0.269693,0.310183107884
1.1510639,1.1510639,0.310183107884
0.6398893,0.6398893,0.310183107884
1.0813488,1.0813488,0.310183107884
1.2951506,1.2951506,0.310183107884
-19.2803775,-10.0,0.310183107884
-0.9131174,-0.9131174,0.310183107884
-18.4813139,-10.0,0.310183107884
0.9872373,0.9872373,0.310183107884
1.2951535,1.2951535,0.310183107884
-12.6633388,-10.0,0.310183107884
-0.9350691,-0.9350691,0.310183107884
-0.6264707,-0.6264707,0.310183107884
-2.0510235,-2.0510235,0.310183107884
1.2312866,1.2312866,0.310183107884
-19.7048455,-10.0,0.310183107884
1.2180182,1.2180182,0.310183107884
-3.5192695,-3.5192695,0.310183107884
-16.3251067,-10.0,0.310183107884
-0.8116558,-0.8116558,0.310183107884
0.0697151,0.0697151,0.310183107884
-0.4414595,-0.4414595,0.310183107884
-1.0813488,-1.0813488,0.310183107884
0.2138018,0.2138018,0.310183107884
-20.3617263,-10.0,0.310183107884
-1.9944662,-1.9944662,0.310183107884
-19.5626627,-10.0,0.310183107884
-0.0941115,-0.0941115,0.310183107884
0.2138047,0.2138047,0.310183107884
-13.7446876,-10.0,0.310183107884
-2.0164179,-2.0164179,0.310183107884
-1.7078195,-1.7078195,0.310183107884
-3.1323723,-3.1323723,0.310183107884
0.1499378,0.1499378,0.310183107884
-20.7861943,-10.0,0.310183107884
0.1366694,0.1366694,0.310183107884
-4.6006183,-4.6006183,0.310183107884
-16.5389085,-10.0,0.310183107884
-1.0254576,-1.0254576,0.310183107884
-0.1440867,-0.1440867,0.310183107884
-0.6552613,-0.6552613,0.310183107884
-1.2951506,-1.2951506,0.310183107884
-0.2138018,-0.2138018,0.310183107884
-20.5755281,-10.0,0.310183107884
-2.208268,-2.208268,0.310183107884
-19.7764645,-10.0,0.310183107884
-0.3079133,-0.3079133,0.310183107884
2.89999999836e-06,2.89999999836e-06,0.310183107884
-13.9584894,-10.0,0.310183107884
-2.2302197,-2.2302197,0.310183107884
-1.9216213,-1.9216213,0.310183107884
-3.3461741,-3.3461741,0.310183107884
-0.063864,-0.063864,0.310183107884
-20.9999961,-10.0,0.310183107884
-0.0771324,-0.0771324,0.310183107884
-4.8144201,-4.8144201,0.310183107884
4.0366196,4.0366196,0.310183107884
19.5500705,10.0,0.310183107884
20.4314414,10.0,0.310183107884
19.9202668,10.0,0.310183107884
19.2803775,10.0,0.310183107884
20.3617263,10.0,0.310183107884
20.5755281,10.0,0.310183107884
18.3672601,10.0,0.310183107884
0.7990636,0.7990636,0.310183107884
20.2676148,10.0,0.310183107884
20.575531,10.0,0.310183107884
6.6170387,6.6170387,0.310183107884
18.3453084,10.0,0.310183107884
18.6539068,10.0,0.310183107884
17.229354,10.0,0.310183107884
20.5116641,10.0,0.310183107884
-0.424468,-0.424468,0.310183107884
20.4983957,10.0,0.310183107884
15.761108,10.0,0.310183107884
-14.3306405,-10.0,0.310183107884
1.1828104,1.1828104,0.310183107884
2.0641813,2.0641813,0.310183107884
1.5530067,1.5530067,0.310183107884
0.9131174,0.9131174,0.310183107884
1.9944662,1.9944662,0.310183107884
2.208268,2.208268,0.310183107884
-18.3672601,-10.0,0.310183107884
-17.5681965,-10.0,0.310183107884
1.9003547,1.9003547,0.310183107884
2.2082709,2.2082709,0.310183107884
-11.7502214,-10.0,0.310183107884
-0.0219517,-0.0219517,0.310183107884
0.2866467,0.2866467,0.310183107884
-1.1379061,-1.1379061,0.310183107884
2.144404,2.144404,0.310183107884
-18.7917281,-10.0,0.310183107884
2.1311356,2.1311356,0.310183107884
-2.6061521,-2.6061521,0.310183107884
3.237556,3.237556,0.310183107884
18.7510069,10.0,0.310183107884
19.6323778,10.0,0.310183107884
19.1212032,10.0,0.310183107884
18.4813139,10.0,0.310183107884
19.5626627,10.0,0.310183107884
19.7764645,10.0,0.310183107884
-0.7990636,-0.7990636,0.310183107884
17.5681965,10.0,0.310183107884
19.4685512,10.0,0.310183107884
19.7764674,10.0,0.310183107884
5.8179751,5.8179751,0.310183107884
17.5462448,10.0,0.310183107884
17.8548432,10.0,0.310183107884
16.4302904,10.0,0.310183107884
19.7126005,10.0,0.310183107884
-1.2235316,-1.2235316,0.310183107884
19.6993321,10.0,0.310183107884
14.9620444,10.0,0.310183107884
-16.2309952,-10.0,0.310183107884
-0.7175443,-0.7175443,0.310183107884
0.1638266,0.1638266,0.310183107884
-0.347348,-0.347348,0.310183107884
-0.9872373,-0.9872373,0.310183107884
0.0941115,0.0941115,0.310183107884
0.3079133,0.3079133,0.310183107884
-20.2676148,-10.0,0.310183107884
-1.9003547,-1.9003547,0.310183107884
-19.4685512,-10.0,0.310183107884
0.3079162,0.3079162,0.310183107884
-13.6505761,-10.0,0.310183107884
-1.9223064,-1.9223064,0.310183107884
-1.613708,-1.613708,0.310183107884
-3.0382608,-3.0382608,0.310183107884
0.2440493,0.2440493,0.310183107884
-20.6920828,-10.0,0.310183107884
0.2307809,0.2307809,0.310183107884
-4.5065068,-4.5065068,0.310183107884
-16.5389114,-10.0,0.310183107884
-1.0254605,-1.0254605,0.310183107884
-0.1440896,-0.1440896,0.310183107884
-0.6552642,-0.6552642,0.310183107884
-1.2951535,-1.2951535,0.310183107884
-0.2138047,-0.2138047,0.310183107884
-2.89999999836e-06,-2.89999999836e-06,0.310183107884
-20.575531,-10.0,0.310183107884
-2.2082709,-2.2082709,0.310183107884
-19.7764674,-10.0,0.310183107884
-0.3079162,-0.3079162,0.310183107884
-13.9584923,-10.0,0.310183107884
-2.2302226,-2.2302226,0.310183107884
-1.9216242,-1.9216242,0.310183107884
-3.346177,-3.346177,0.310183107884
-0.0638669,-0.0638669,0.310183107884
-20.999999,-10.0,0.310183107884
-0.0771353,-0.0771353,0.310183107884
-4.814423,-4.814423,0.310183107884
-2.5804191,-2.5804191,0.310183107884
12.9330318,10.0,0.310183107884
13.8144027,10.0,0.310183107884
13.3032281,10.0,0.310183107884
12.6633388,10.0,0.310183107884
13.7446876,10.0,0.310183107884
13.9584894,10.0,0.310183107884
-6.6170387,-6.6170387,0.310183107884
11.7502214,10.0,0.310183107884
-5.8179751,-5.8179751,0.310183107884
13.6505761,10.0,0.310183107884
13.9584923,10.0,0.310183107884
11.7282697,10.0,0.310183107884
12.0368681,10.0,0.310183107884
10.6123153,10.0,0.310183107884
13.8946254,10.0,0.310183107884
-7.0415067,-7.0415067,0.310183107884
13.881357,10.0,0.310183107884
9.1440693,9.1440693,0.310183107884
-14.3086888,-10.0,0.310183107884
1.2047621,1.2047621,0.310183107884
2.086133,2.086133,0.310183107884
1.5749584,1.5749584,0.310183107884
0.9350691,0.9350691,0.310183107884
2.0164179,2.0164179,0.310183107884
2.2302197,2.2302197,0.310183107884
-18.3453084,-10.0,0.310183107884
0.0219517,0.0219517,0.310183107884
-17.5462448,-10.0,0.310183107884
1.9223064,1.9223064,0.310183107884
2.2302226,2.2302226,0.310183107884
-11.7282697,-10.0,0.310183107884
0.3085984,0.3085984,0.310183107884
-1.1159544,-1.1159544,0.310183107884
2.1663557,2.1663557,0.310183107884
-18.7697764,-10.0,0.310183107884
2.1530873,2.1530873,0.310183107884
-2.5842004,-2.5842004,0.310183107884
-14.6172872,-10.0,0.310183107884
0.8961637,0.8961637,0.310183107884
1.7775346,1.7775346,0.310183107884
1.26636,1.26636,0.310183107884
0.6264707,0.6264707,0.310183107884
1.7078195,1.7078195,0.310183107884
1.9216213,1.9216213,0.310183107884
-18.6539068,-10.0,0.310183107884
-0.2866467,-0.2866467,0.310183107884
-17.8548432,-10.0,0.310183107884
1.613708,1.613708,0.310183107884
1.9216242,1.9216242,0.310183107884
-12.0368681,-10.0,0.310183107884
-0.3085984,-0.3085984,0.310183107884
-1.4245528,-1.4245528,0.310183107884
1.8577573,1.8577573,0.310183107884
-19.0783748,-10.0,0.310183107884
1.8444889,1.8444889,0.310183107884
-2.8927988,-2.8927988,0.310183107884
-13.1927344,-10.0,0.310183107884
2.3207165,2.3207165,0.310183107884
3.2020874,3.2020874,0.310183107884
2.6909128,2.6909128,0.310183107884
2.0510235,2.0510235,0.310183107884
3.1323723,3.1323723,0.310183107884
3.3461741,3.3461741,0.310183107884
-17.229354,-10.0,0.310183107884
1.1379061,1.1379061,0.310183107884
-16.4302904,-10.0,0.310183107884
3.0382608,3.0382608,0.310183107884
3.346177,3.346177,0.310183107884
-10.6123153,-10.0,0.310183107884
1.1159544,1.1159544,0.310183107884
1.4245528,1.4245528,0.310183107884
3.2823101,3.2823101,0.310183107884
-17.653822,-10.0,0.310183107884
3.2690417,3.2690417,0.310183107884
-1.468246,-1.468246,0.310183107884
-16.4750445,-10.0,0.310183107884
-0.9615936,-0.9615936,0.310183107884
-0.0802227,-0.0802227,0.310183107884
-0.5913973,-0.5913973,0.310183107884
-1.2312866,-1.2312866,0.310183107884
-0.1499378,-0.1499378,0.310183107884
0.063864,0.063864,0.310183107884
-20.5116641,-10.0,0.310183107884
-2.144404,-2.144404,0.310183107884
-19.7126005,-10.0,0.310183107884
-0.2440493,-0.2440493,0.310183107884
0.0638669,0.0638669,0.310183107884
-13.8946254,-10.0,0.310183107884
-2.1663557,-2.1663557,0.310183107884
-1.8577573,-1.8577573,0.310183107884
-3.2823101,-3.2823101,0.310183107884
-20.9361321,-10.0,0.310183107884
-0.0132684,-0.0132684,0.310183107884
-4.7505561,-4.7505561,0.310183107884
4.4610876,4.4610876,0.310183107884
19.9745385,10.0,0.310183107884
20.8559094,10.0,0.310183107884
20.3447348,10.0,0.310183107884
19.7048455,10.0,0.310183107884
20.7861943,10.0,0.310183107884
20.9999961,10.0,0.310183107884
0.424468,0.424468,0.310183107884
18.7917281,10.0,0.310183107884
1.2235316,1.2235316,0.310183107884
20.6920828,10.0,0.310183107884
20.999999,10.0,0.310183107884
7.0415067,7.0415067,0.310183107884
18.7697764,10.0,0.310183107884
19.0783748,10.0,0.310183107884
17.653822,10.0,0.310183107884
20.9361321,10.0,0.310183107884
20.9228637,10.0,0.310183107884
16.185576,10.0,0.310183107884
-16.4617761,-10.0,0.310183107884
-0.9483252,-0.9483252,0.310183107884
-0.0669543,-0.0669543,0.310183107884
-0.5781289,-0.5781289,0.310183107884
-1.2180182,-1.2180182,0.310183107884
-0.1366694,-0.1366694,0.310183107884
0.0771324,0.0771324,0.310183107884
-20.4983957,-10.0,0.310183107884
-2.1311356,-2.1311356,0.310183107884
-19.6993321,-10.0,0.310183107884
-0.2307809,-0.2307809,0.310183107884
0.0771353,0.0771353,0.310183107884
-13.881357,-10.0,0.310183107884
-2.1530873,-2.1530873,0.310183107884
-1.8444889,-1.8444889,0.310183107884
-3.2690417,-3.2690417,0.310183107884
0.0132684,0.0132684,0.310183107884
-20.9228637,-10.0,0.310183107884
-4.7372877,-4.7372877,0.310183107884
-11.7244884,-10.0,0.310183107884
3.7889625,3.7889625,0.310183107884
4.6703334,4.6703334,0.310183107884
4.1591588,4.1591588,0.310183107884
3.5192695,3.5192695,0.310183107884
4.6006183,4.6006183,0.310183107884
4.8144201,4.8144201,0.310183107884
-15.761108,-10.0,0.310183107884
2.6061521,2.6061521,0.310183107884
-14.9620444,-10.0,0.310183107884
4.5065068,4.5065068,0.310183107884
4.814423,4.814423,0.310183107884
-9.1440693,-9.1440693,0.310183107884
2.5842004,2.5842004,0.310183107884
2.8927988,2.8927988,0.310183107884
1.468246,1.468246,0.310183107884
4.7505561,4.7505561,0.310183107884
-16.185576,-10.0,0.310183107884
4.7372877,4.7372877,0.310183107884
19.1478872,10.0,0.416904462621
0.5083168,0.5083168,0.416904462621
-1.0496191,-1.0496191,0.416904462621
19.3826837,10.0,0.416904462621
18.0862518,10.0,0.416904462621
1.5585017,1.5585017,0.416904462621
19.3983398,10.0,0.416904462621
-1.60166,-1.60166,0.416904462621
15.6267938,10.0,0.416904462621
19.1182783,10.0,0.416904462621
0.8466296,0.8466296,0.416904462621
18.1338953,10.0,0.416904462621
1.0885879,1.0885879,0.416904462621
1.6106131,1.6106131,0.416904462621
2.0059019,2.0059019,0.416904462621
2.7440079,2.7440079,0.416904462621
14.8040529,10.0,0.416904462621
18.9362367,10.0,0.416904462621
16.6927025,10.0,0.416904462621
-19.1478872,-10.0,0.416904462621
-18.6395704,-10.0,0.416904462621
-20.1975063,-10.0,0.416904462621
0.2347965,0.2347965,0.416904462621
-1.0616354,-1.0616354,0.416904462621
-17.5893855,-10.0,0.416904462621
0.2504526,0.2504526,0.416904462621
-20.7495472,-10.0,0.416904462621
-3.5210934,-3.5210934,0.416904462621
-0.0296089,-0.0296089,0.416904462621
-18.3012576,-10.0,0.416904462621
-1.0139919,-1.0139919,0.416904462621
-18.0592993,-10.0,0.416904462621
-17.5372741,-10.0,0.416904462621
-17.1419853,-10.0,0.416904462621
-16.4038793,-10.0,0.416904462621
-4.3438343,-4.3438343,0.416904462621
-0.2116505,-0.2116505,0.416904462621
-2.4551847,-2.4551847,0.416904462621
-0.5083168,-0.5083168,0.416904462621
18.6395704,10.0,0.416904462621
-1.5579359,-1.5579359,0.416904462621
18.8743669,10.0,0.416904462621
17.577935,10.0,0.416904462621
1.0501849,1.0501849,0.416904462621
18.890023,10.0,0.416904462621
-2.1099768,-2.1099768,0.416904462621
15.118477,10.0,0.416904462621
18.6099615,10.0,0.416904462621
0.3383128,0.3383128,0.416904462621
17.6255785,10.0,0.416904462621
0.5802711,0.5802711,0.416904462621
1.1022963,1.1022963,0.416904462621
1.4975851,1.4975851,0.416904462621
2.2356911,2.2356911,0.416904462621
14.2957361,10.0,0.416904462621
18.4279199,10.0,0.416904462621
16.1843857,10.0,0.416904462621
1.0496191,1.0496191,0.416904462621
20.1975063,10.0,0.416904462621
1.5579359,1.5579359,0.416904462621
20.4323028,10.0,0.416904462621
19.1358709,10.0,0.416904462621
2.6081208,2.6081208,0.416904462621
20.4479589,10.0,0.416904462621
-0.5520409,-0.5520409,0.416904462621
16.6764129,10.0,0.416904462621
20.1678974,10.0,0.416904462621
1.8962487,1.8962487,0.416904462621
19.1835144,10.0,0.416904462621
2.138207,2.138207,0.416904462621
2.6602322,2.6602322,0.416904462621
3.055521,3.055521,0.416904462621
3.793627,3.793627,0.416904462621
15.853672,10.0,0.416904462621
19.9858558,10.0,0.416904462621
17.7423216,10.0,0.416904462621
-19.3826837,-10.0,0.416904462621
-0.2347965,-0.2347965,0.416904462621
-18.8743669,-10.0,0.416904462621
-20.4323028,-10.0,0.416904462621
-1.2964319,-1.2964319,0.416904462621
-17.824182,-10.0,0.416904462621
0.0156561,0.0156561,0.416904462621
-20.9843437,-10.0,0.416904462621
-3.7558899,-3.7558899,0.416904462621
-0.2644054,-0.2644054,0.416904462621
-18.5360541,-10.0,0.416904462621
-1.2487884,-1.2487884,0.416904462621
-18.2940958,-10.0,0.416904462621
-17.7720706,-10.0,0.416904462621
-17.3767818,-10.0,0.416904462621
-16.6386758,-10.0,0.416904462621
-4.5786308,-4.5786308,0.416904462621
-0.446447,-0.446447,0.416904462621
-2.6899812,-2.6899812,0.416904462621
-18.0862518,-10.0,0.416904462621
1.0616354,1.0616354,0.416904462621
-17.577935,-10.0,0.416904462621
-19.1358709,-10.0,0.416904462621
1.2964319,1.2964319,0.416904462621
-16.5277501,-10.0,0.416904462621
1.312088,1.312088,0.416904462621
-19.6879118,-10.0,0.416904462621
-2.459458,-2.459458,0.416904462621
1.0320265,1.0320265,0.416904462621
-17.2396222,-10.0,0.416904462621
0.0476435,0.0476435,0.416904462621
-16.9976639,-10.0,0.416904462621
-16.4756387,-10.0,0.416904462621
-16.0803499,-10.0,0.416904462621
-15.3422439,-10.0,0.416904462621
-3.2821989,-3.2821989,0.416904462621
0.8499849,0.8499849,0.416904462621
-1.3935493,-1.3935493,0.416904462621
-1.5585017,-1.5585017,0.416904462621
17.5893855,10.0,0.416904462621
-1.0501849,-1.0501849,0.416904462621
-2.6081208,-2.6081208,0.416904462621
17.824182,10.0,0.416904462621
16.5277501,10.0,0.416904462621
17.8398381,10.0,0.416904462621
-3.1601617,-3.1601617,0.416904462621
14.0682921,10.0,0.416904462621
17.5597766,10.0,0.416904462621
-0.7118721,-0.7118721,0.416904462621
16.5753936,10.0,0.416904462621
-0.4699138,-0.4699138,0.416904462621
0.0521114,0.0521114,0.416904462621
0.4474002,0.4474002,0.416904462621
1.1855062,1.1855062,0.416904462621
13.2455512,10.0,0.416904462621
17.377735,10.0,0.416904462621
15.1342008,10.0,0.416904462621
-19.3983398,-10.0,0.416904462621
-0.2504526,-0.2504526,0.416904462621
-18.890023,-10.0,0.416904462621
-20.4479589,-10.0,0.416904462621
-0.0156561,-0.0156561,0.416904462621
-1.312088,-1.312088,0.416904462621
-17.8398381,-10.0,0.416904462621
-20.9999998,-10.0,0.416904462621
-3.771546,-3.771546,0.416904462621
-0.2800615,-0.2800615,0.416904462621
-18.5517102,-10.0,0.416904462621
-1.2644445,-1.2644445,0.416904462621
-18.3097519,-10.0,0.416904462621
-17.7877267,-10.0,0.416904462621
-17.3924379,-10.0,0.416904462621
-16.6543319,-10.0,0.416904462621
-4.5942869,-4.5942869,0.416904462621
-0.4621031,-0.4621031,0.416904462621
-2.7056373,-2.7056373,0.416904462621
1.60166,1.60166,0.416904462621
20.7495472,10.0,0.416904462621
2.1099768,2.1099768,0.416904462621
0.5520409,0.5520409,0.416904462621
20.9843437,10.0,0.416904462621
19.6879118,10.0,0.416904462621
3.1601617,3.1601617,0.416904462621
20.9999998,10.0,0.416904462621
17.2284538,10.0,0.416904462621
20.7199383,10.0,0.416904462621
2.4482896,2.4482896,0.416904462621
19.7355553,10.0,0.416904462621
2.6902479,2.6902479,0.416904462621
3.2122731,3.2122731,0.416904462621
3.6075619,3.6075619,0.416904462621
4.3456679,4.3456679,0.416904462621
16.4057129,10.0,0.416904462621
20.5378967,10.0,0.416904462621
18.2943625,10.0,0.416904462621
-15.6267938,-10.0,0.416904462621
3.5210934,3.5210934,0.416904462621
-15.118477,-10.0,0.416904462621
-16.6764129,-10.0,0.416904462621
3.7558899,3.7558899,0.416904462621
2.459458,2.459458,0.416904462621
-14.0682921,-10.0,0.416904462621
3.771546,3.771546,0.416904462621
-17.2284538,-10.0,0.416904462621
3.4914845,3.4914845,0.416904462621
-14.7801642,-10.0,0.416904462621
2.5071015,2.5071015,0.416904462621
-14.5382059,-10.0,0.416904462621
-14.0161807,-10.0,0.416904462621
-13.6208919,-10.0,0.416904462621
-12.8827859,-10.0,0.416904462621
-0.8227409,-0.8227409,0.416904462621
3.3094429,3.3094429,0.416904462621
1.0659087,1.0659087,0.416904462621
-19.1182783,-10.0,0.416904462621
0.0296089,0.0296089,0.416904462621
-18.6099615,-10.0,0.416904462621
-20.1678974,-10.0,0.416904462621
0.2644054,0.2644054,0.416904462621
-1.0320265,-1.0320265,0.416904462621
-17.5597766,-10.0,0.416904462621
0.2800615,0.2800615,0.416904462621
-20.7199383,-10.0,0.416904462621
-3.4914845,-3.4914845,0.416904462621
-18.2716487,-10.0,0.416904462621
-0.984383,-0.984383,0.416904462621
-18.0296904,-10.0,0.416904462621
-17.5076652,-10.0,0.416904462621
-17.1123764,-10.0,0.416904462621
-16.3742704,-10.0,0.416904462621
-4.3142254,-4.3142254,0.416904462621
-0.1820416,-0.1820416,0.416904462621
-2.4255758,-2.4255758,0.416904462621
-0.8466296,-0.8466296,0.416904462621
18.3012576,10.0,0.416904462621
-0.3383128,-0.3383128,0.416904462621
-1.8962487,-1.8962487,0.416904462621
18.5360541,10.0,0.416904462621
17.2396222,10.0,0.416904462621
0.7118721,0.7118721,0.416904462621
18.5517102,10.0,0.416904462621
-2.4482896,-2.4482896,0.416904462621
14.7801642,10.0,0.416904462621
18.2716487,10.0,0.416904462621
17.2872657,10.0,0.416904462621
0.2419583,0.2419583,0.416904462621
0.7639835,0.7639835,0.416904462621
1.1592723,1.1592723,0.416904462621
1.8973783,1.8973783,0.416904462621
13.9574233,10.0,0.416904462621
18.0896071,10.0,0.416904462621
15.8460729,10.0,0.416904462621
-18.1338953,-10.0,0.416904462621
1.0139919,1.0139919,0.416904462621
-17.6255785,-10.0,0.416904462621
-19.1835144,-10.0,0.416904462621
1.2487884,1.2487884,0.416904462621
-0.0476435,-0.0476435,0.416904462621
-16.5753936,-10.0,0.416904462621
1.2644445,1.2644445,0.416904462621
-19.7355553,-10.0,0.416904462621
-2.5071015,-2.5071015,0.416904462621
0.984383,0.984383,0.416904462621
-17.2872657,-10.0,0.416904462621
-17.0453074,-10.0,0.416904462621
-16.5232822,-10.0,0.416904462621
-16.1279934,-10.0,0.416904462621
-15.3898874,-10.0,0.416904462621
-3.3298424,-3.3298424,0.416904462621
0.8023414,0.8023414,0.416904462621
-1.4411928,-1.4411928,0.416904462621
-1.0885879,-1.0885879,0.416904462621
18.0592993,10.0,0.416904462621
-0.5802711,-0.5802711,0.416904462621
-2.138207,-2.138207,0.416904462621
18.2940958,10.0,0.416904462621
16.9976639,10.0,0.416904462621
0.4699138,0.4699138,0.416904462621
18.3097519,10.0,0.416904462621
-2.6902479,-2.6902479,0.416904462621
14.5382059,10.0,0.416904462621
18.0296904,10.0,0.416904462621
-0.2419583,-0.2419583,0.416904462621
17.0453074,10.0,0.416904462621
0.5220252,0.5220252,0.416904462621
0.917314,0.917314,0.416904462621
1.65542,1.65542,0.416904462621
13.715465,10.0,0.416904462621
17.8476488,10.0,0.416904462621
15.6041146,10.0,0.416904462621
-1.6106131,-1.6106131,0.416904462621
17.5372741,10.0,0.416904462621
-1.1022963,-1.1022963,0.416904462621
-2.6602322,-2.6602322,0.416904462621
17.7720706,10.0,0.416904462621
16.4756387,10.0,0.416904462621
-0.0521114,-0.0521114,0.416904462621
17.7877267,10.0,0.416904462621
-3.2122731,-3.2122731,0.416904462621
14.0161807,10.0,0.416904462621
17.5076652,10.0,0.416904462621
-0.7639835,-0.7639835,0.416904462621
16.5232822,10.0,0.416904462621
-0.5220252,-0.5220252,0.416904462621
0.3952888,0.3952888,0.416904462621
1.1333948,1.1333948,0.416904462621
13.1934398,10.0,0.416904462621
17.3256236,10.0,0.416904462621
15.0820894,10.0,0.416904462621
-2.0059019,-2.0059019,0.416904462621
17.1419853,10.0,0.416904462621
-1.4975851,-1.4975851,0.416904462621
-3.055521,-3.055521,0.416904462621
17.3767818,10.0,0.416904462621
16.0803499,10.0,0.416904462621
-0.4474002,-0.4474002,0.416904462621
17.3924379,10.0,0.416904462621
-3.6075619,-3.6075619,0.416904462621
13.6208919,10.0,0.416904462621
17.1123764,10.0,0.416904462621
-1.1592723,-1.1592723,0.416904462621
16.1279934,10.0,0.416904462621
-0.917314,-0.917314,0.416904462621
-0.3952888,-0.3952888,0.416904462621
0.738106,0.738106,0.416904462621
12.798151,10.0,0.416904462621
16.9303348,10.0,0.416904462621
14.6868006,10.0,0.416904462621
-2.7440079,-2.7440079,0.416904462621
16.4038793,10.0,0.416904462621
-2.2356911,-2.2356911,0.416904462621
-3.793627,-3.793627,0.416904462621
16.6386758,10.0,0.416904462621
15.3422439,10.0,0.416904462621
-1.1855062,-1.1855062,0.416904462621
16.6543319,10.0,0.416904462621
-4.3456679,-4.3456679,0.416904462621
12.8827859,10.0,0.416904462621
16.3742704,10.0,0.416904462621
-1.8973783,-1.8973783,0.416904462621
15.3898874,10.0,0.416904462621
-1.65542,-1.65542,0.416904462621
-1.1333948,-1.1333948,0.416904462621
-0.738106,-0.738106,0.416904462621
12.060045,10.0,0.416904462621
16.1922288,10.0,0.416904462621
13.9486946,10.0,0.416904462621
-14.8040529,-10.0,0.416904462621
4.3438343,4.3438343,0.416904462621
-14.2957361,-10.0,0.416904462621
-15.853672,-10.0,0.416904462621
4.5786308,4.5786308,0.416904462621
3.2821989,3.2821989,0.416904462621
-13.2455512,-10.0,0.416904462621
4.5942869,4.5942869,0.416904462621
-16.4057129,-10.0,0.416904462621
0.8227409,0.8227409,0.416904462621
4.3142254,4.3142254,0.416904462621
-13.9574233,-10.0,0.416904462621
3.3298424,3.3298424,0.416904462621
-13.715465,-10.0,0.416904462621
-13.1934398,-10.0,0.416904462621
-12.798151,-10.0,0.416904462621
-12.060045,-10.0,0.416904462621
4.1321838,4.1321838,0.416904462621
1.8886496,1.8886496,0.416904462621
-18.9362367,-10.0,0.416904462621
0.2116505,0.2116505,0.416904462621
-18.4279199,-10.0,0.416904462621
-19.9858558,-10.0,0.416904462621
0.446447,0.446447,0.416904462621
-0.8499849,-0.8499849,0.416904462621
-17.377735,-10.0,0.416904462621
0.4621031,0.4621031,0.416904462621
-20.5378967,-10.0,0.416904462621
-3.3094429,-3.3094429,0.416904462621
0.1820416,0.1820416,0.416904462621
-18.0896071,-10.0,0.416904462621
-0.8023414,-0.8023414,0.416904462621
-17.8476488,-10.0,0.416904462621
-17.3256236,-10.0,0.416904462621
-16.9303348,-10.0,0.416904462621
-16.1922288,-10.0,0.416904462621
-4.1321838,-4.1321838,0.416904462621
-2.2435342,-2.2435342,0.416904462621
-16.6927025,-10.0,0.416904462621
2.4551847,2.4551847,0.416904462621
-16.1843857,-10.0,0.416904462621
-17.7423216,-10.0,0.416904462621
2.6899812,2.6899812,0.416904462621
1.3935493,1.3935493,0.416904462621
-15.1342008,-10.0,0.416904462621
2.7056373,2.7056373,0.416904462621
-18.2943625,-10.0,0.416904462621
-1.0659087,-1.0659087,0.416904462621
2.4255758,2.4255758,0.416904462621
-15.8460729,-10.0,0.416904462621
1.4411928,1.4411928,0.416904462621
-15.6041146,-10.0,0.416904462621
-15.0820894,-10.0,0.416904462621
-14.6868006,-10.0,0.416904462621
-13.9486946,-10.0,0.416904462621
-1.8886496,-1.8886496,0.416904462621
2.2435342,2.2435342,0.416904462621
4.2866753,4.2866753,0.373035841317
18.9178912,10.0,0.373035841317
1.9092305,1.9092305,0.373035841317
3.5589329,3.5589329,0.373035841317
20.9999991,10.0,0.373035841317
3.0262885,3.0262885,0.373035841317
6.9578541,6.9578541,0.373035841317
2.1637016,2.1637016,0.373035841317
2.3421168,2.3421168,0.373035841317
3.3772278,3.3772278,0.373035841317
3.143874,3.143874,0.373035841317
20.7988556,10.0,0.373035841317
3.4594683,3.4594683,0.373035841317
2.2156254,2.2156254,0.373035841317
4.5301951,4.5301951,0.373035841317
2.8945824,2.8945824,0.373035841317
1.9758991,1.9758991,0.373035841317
8.1842656,8.1842656,0.373035841317
3.2332657,3.2332657,0.373035841317
-4.2866753,-4.2866753,0.373035841317
14.6312159,10.0,0.373035841317
-2.3774448,-2.3774448,0.373035841317
-0.7277424,-0.7277424,0.373035841317
16.7133238,10.0,0.373035841317
-1.2603868,-1.2603868,0.373035841317
2.6711788,2.6711788,0.373035841317
-2.1229737,-2.1229737,0.373035841317
-1.9445585,-1.9445585,0.373035841317
-0.9094475,-0.9094475,0.373035841317
-1.1428013,-1.1428013,0.373035841317
16.5121803,10.0,0.373035841317
-0.827207,-0.827207,0.373035841317
-2.0710499,-2.0710499,0.373035841317
0.2435198,0.2435198,0.373035841317
-1.3920929,-1.3920929,0.373035841317
-2.3107762,-2.3107762,0.373035841317
3.8975903,3.8975903,0.373035841317
-1.0534096,-1.0534096,0.373035841317
-18.9178912,-10.0,0.373035841317
-14.6312159,-10.0,0.373035841317
-17.0086607,-10.0,0.373035841317
-15.3589583,-10.0,0.373035841317
2.0821079,2.0821079,0.373035841317
-15.8916027,-10.0,0.373035841317
-11.9600371,-10.0,0.373035841317
-16.7541896,-10.0,0.373035841317
-16.5757744,-10.0,0.373035841317
-15.5406634,-10.0,0.373035841317
-15.7740172,-10.0,0.373035841317
1.8809644,1.8809644,0.373035841317
-15.4584229,-10.0,0.373035841317
-16.7022658,-10.0,0.373035841317
-14.3876961,-10.0,0.373035841317
-16.0233088,-10.0,0.373035841317
-16.9419921,-10.0,0.373035841317
-10.7336256,-10.0,0.373035841317
-15.6846255,-10.0,0.373035841317
-1.9092305,-1.9092305,0.373035841317
2.3774448,2.3774448,0.373035841317
17.0086607,10.0,0.373035841317
1.6497024,1.6497024,0.373035841317
19.0907686,10.0,0.373035841317
1.117058,1.117058,0.373035841317
5.0486236,5.0486236,0.373035841317
0.2544711,0.2544711,0.373035841317
0.4328863,0.4328863,0.373035841317
1.4679973,1.4679973,0.373035841317
1.2346435,1.2346435,0.373035841317
18.8896251,10.0,0.373035841317
1.5502378,1.5502378,0.373035841317
0.3063949,0.3063949,0.373035841317
2.6209646,2.6209646,0.373035841317
0.9853519,0.9853519,0.373035841317
0.0666686,0.0666686,0.373035841317
6.2750351,6.2750351,0.373035841317
1.3240352,1.3240352,0.373035841317
-3.5589329,-3.5589329,0.373035841317
0.7277424,0.7277424,0.373035841317
15.3589583,10.0,0.373035841317
-1.6497024,-1.6497024,0.373035841317
17.4410662,10.0,0.373035841317
-0.5326444,-0.5326444,0.373035841317
3.3989212,3.3989212,0.373035841317
-1.3952313,-1.3952313,0.373035841317
-1.2168161,-1.2168161,0.373035841317
-0.1817051,-0.1817051,0.373035841317
-0.4150589,-0.4150589,0.373035841317
17.2399227,10.0,0.373035841317
-0.0994646,-0.0994646,0.373035841317
-1.3433075,-1.3433075,0.373035841317
0.9712622,0.9712622,0.373035841317
-0.6643505,-0.6643505,0.373035841317
-1.5830338,-1.5830338,0.373035841317
4.6253327,4.6253327,0.373035841317
-0.3256672,-0.3256672,0.373035841317
-20.9999991,-10.0,0.373035841317
-16.7133238,-10.0,0.373035841317
-2.0821079,-2.0821079,0.373035841317
-19.0907686,-10.0,0.373035841317
-17.4410662,-10.0,0.373035841317
-17.9737106,-10.0,0.373035841317
-14.042145,-10.0,0.373035841317
-18.8362975,-10.0,0.373035841317
-18.6578823,-10.0,0.373035841317
-17.6227713,-10.0,0.373035841317
-17.8561251,-10.0,0.373035841317
-0.2011435,-0.2011435,0.373035841317
-17.5405308,-10.0,0.373035841317
-18.7843737,-10.0,0.373035841317
-16.469804,-10.0,0.373035841317
-18.1054167,-10.0,0.373035841317
-19.0241,-10.0,0.373035841317
-12.8157335,-10.0,0.373035841317
-17.7667334,-10.0,0.373035841317
-3.0262885,-3.0262885,0.373035841317
1.2603868,1.2603868,0.373035841317
15.8916027,10.0,0.373035841317
-1.117058,-1.117058,0.373035841317
0.5326444,0.5326444,0.373035841317
17.9737106,10.0,0.373035841317
3.9315656,3.9315656,0.373035841317
-0.8625869,-0.8625869,0.373035841317
-0.6841717,-0.6841717,0.373035841317
0.3509393,0.3509393,0.373035841317
0.1175855,0.1175855,0.373035841317
17.7725671,10.0,0.373035841317
0.4331798,0.4331798,0.373035841317
-0.8106631,-0.8106631,0.373035841317
1.5039066,1.5039066,0.373035841317
-0.1317061,-0.1317061,0.373035841317
-1.0503894,-1.0503894,0.373035841317
5.1579771,5.1579771,0.373035841317
0.2069772,0.2069772,0.373035841317
-6.9578541,-6.9578541,0.373035841317
-2.6711788,-2.6711788,0.373035841317
11.9600371,10.0,0.373035841317
-5.0486236,-5.0486236,0.373035841317
-3.3989212,-3.3989212,0.373035841317
14.042145,10.0,0.373035841317
-3.9315656,-3.9315656,0.373035841317
-4.7941525,-4.7941525,0.373035841317
-4.6157373,-4.6157373,0.373035841317
-3.5806263,-3.5806263,0.373035841317
-3.8139801,-3.8139801,0.373035841317
13.8410015,10.0,0.373035841317
-3.4983858,-3.4983858,0.373035841317
-4.7422287,-4.7422287,0.373035841317
-2.427659,-2.427659,0.373035841317
-4.0632717,-4.0632717,0.373035841317
-4.981955,-4.981955,0.373035841317
1.2264115,1.2264115,0.373035841317
-3.7245884,-3.7245884,0.373035841317
-2.1637016,-2.1637016,0.373035841317
2.1229737,2.1229737,0.373035841317
16.7541896,10.0,0.373035841317
-0.2544711,-0.2544711,0.373035841317
1.3952313,1.3952313,0.373035841317
18.8362975,10.0,0.373035841317
0.8625869,0.8625869,0.373035841317
4.7941525,4.7941525,0.373035841317
0.1784152,0.1784152,0.373035841317
1.2135262,1.2135262,0.373035841317
0.9801724,0.9801724,0.373035841317
18.635154,10.0,0.373035841317
1.2957667,1.2957667,0.373035841317
0.0519238,0.0519238,0.373035841317
2.3664935,2.3664935,0.373035841317
0.7308808,0.7308808,0.373035841317
-0.1878025,-0.1878025,0.373035841317
6.020564,6.020564,0.373035841317
1.0695641,1.0695641,0.373035841317
-2.3421168,-2.3421168,0.373035841317
1.9445585,1.9445585,0.373035841317
16.5757744,10.0,0.373035841317
-0.4328863,-0.4328863,0.373035841317
1.2168161,1.2168161,0.373035841317
18.6578823,10.0,0.373035841317
0.6841717,0.6841717,0.373035841317
4.6157373,4.6157373,0.373035841317
-0.1784152,-0.1784152,0.373035841317
1.035111,1.035111,0.373035841317
0.8017572,0.8017572,0.373035841317
18.4567388,10.0,0.373035841317
1.1173515,1.1173515,0.373035841317
-0.1264914,-0.1264914,0.373035841317
2.1880783,2.1880783,0.373035841317
0.5524656,0.5524656,0.373035841317
-0.3662177,-0.3662177,0.373035841317
5.8421488,5.8421488,0.373035841317
0.8911489,0.8911489,0.373035841317
-3.3772278,-3.3772278,0.373035841317
0.9094475,0.9094475,0.373035841317
15.5406634,10.0,0.373035841317
-1.4679973,-1.4679973,0.373035841317
0.1817051,0.1817051,0.373035841317
17.6227713,10.0,0.373035841317
-0.3509393,-0.3509393,0.373035841317
3.5806263,3.5806263,0.373035841317
-1.2135262,-1.2135262,0.373035841317
-1.035111,-1.035111,0.373035841317
-0.2333538,-0.2333538,0.373035841317
17.4216278,10.0,0.373035841317
0.0822405,0.0822405,0.373035841317
-1.1616024,-1.1616024,0.373035841317
1.1529673,1.1529673,0.373035841317
-0.4826454,-0.4826454,0.373035841317
-1.4013287,-1.4013287,0.373035841317
4.8070378,4.8070378,0.373035841317
-0.1439621,-0.1439621,0.373035841317
-3.143874,-3.143874,0.373035841317
1.1428013,1.1428013,0.373035841317
15.7740172,10.0,0.373035841317
-1.2346435,-1.2346435,0.373035841317
0.4150589,0.4150589,0.373035841317
17.8561251,10.0,0.373035841317
-0.1175855,-0.1175855,0.373035841317
3.8139801,3.8139801,0.373035841317
-0.9801724,-0.9801724,0.373035841317
-0.8017572,-0.8017572,0.373035841317
0.2333538,0.2333538,0.373035841317
17.6549816,10.0,0.373035841317
0.3155943,0.3155943,0.373035841317
-0.9282486,-0.9282486,0.373035841317
1.3863211,1.3863211,0.373035841317
-0.2492916,-0.2492916,0.373035841317
-1.1679749,-1.1679749,0.373035841317
5.0403916,5.0403916,0.373035841317
0.0893917,0.0893917,0.373035841317
-20.7988556,-10.0,0.373035841317
-16.5121803,-10.0,0.373035841317
-1.8809644,-1.8809644,0.373035841317
-18.8896251,-10.0,0.373035841317
-17.2399227,-10.0,0.373035841317
0.2011435,0.2011435,0.373035841317
-17.7725671,-10.0,0.373035841317
-13.8410015,-10.0,0.373035841317
-18.635154,-10.0,0.373035841317
-18.4567388,-10.0,0.373035841317
-17.4216278,-10.0,0.373035841317
-17.6549816,-10.0,0.373035841317
-17.3393873,-10.0,0.373035841317
-18.5832302,-10.0,0.373035841317
-16.2686605,-10.0,0.373035841317
-17.9042732,-10.0,0.373035841317
-18.8229565,-10.0,0.373035841317
-12.61459,-10.0,0.373035841317
-17.5655899,-10.0,0.373035841317
-3.4594683,-3.4594683,0.373035841317
0.827207,0.827207,0.373035841317
15.4584229,10.0,0.373035841317
-1.5502378,-1.5502378,0.373035841317
0.0994646,0.0994646,0.373035841317
17.5405308,10.0,0.373035841317
-0.4331798,-0.4331798,0.373035841317
3.4983858,3.4983858,0.373035841317
-1.2957667,-1.2957667,0.373035841317
-1.1173515,-1.1173515,0.373035841317
-0.0822405,-0.0822405,0.373035841317
-0.3155943,-0.3155943,0.373035841317
17.3393873,10.0,0.373035841317
-1.2438429,-1.2438429,0.373035841317
1.0707268,1.0707268,0.373035841317
-0.5648859,-0.5648859,0.373035841317
-1.4835692,-1.4835692,0.373035841317
4.7247973,4.7247973,0.373035841317
-0.2262026,-0.2262026,0.373035841317
-2.2156254,-2.2156254,0.373035841317
2.0710499,2.0710499,0.373035841317
16.7022658,10.0,0.373035841317
-0.3063949,-0.3063949,0.373035841317
1.3433075,1.3433075,0.373035841317
18.7843737,10.0,0.373035841317
0.8106631,0.8106631,0.373035841317
4.7422287,4.7422287,0.373035841317
-0.0519238,-0.0519238,0.373035841317
0.1264914,0.1264914,0.373035841317
1.1616024,1.1616024,0.373035841317
0.9282486,0.9282486,0.373035841317
18.5832302,10.0,0.373035841317
1.2438429,1.2438429,0.373035841317
2.3145697,2.3145697,0.373035841317
0.678957,0.678957,0.373035841317
-0.2397263,-0.2397263,0.373035841317
5.9686402,5.9686402,0.373035841317
1.0176403,1.0176403,0.373035841317
-4.5301951,-4.5301951,0.373035841317
-0.2435198,-0.2435198,0.373035841317
14.3876961,10.0,0.373035841317
-2.6209646,-2.6209646,0.373035841317
-0.9712622,-0.9712622,0.373035841317
16.469804,10.0,0.373035841317
-1.5039066,-1.5039066,0.373035841317
2.427659,2.427659,0.373035841317
-2.3664935,-2.3664935,0.373035841317
-2.1880783,-2.1880783,0.373035841317
-1.1529673,-1.1529673,0.373035841317
-1.3863211,-1.3863211,0.373035841317
16.2686605,10.0,0.373035841317
-1.0707268,-1.0707268,0.373035841317
-2.3145697,-2.3145697,0.373035841317
-1.6356127,-1.6356127,0.373035841317
-2.554296,-2.554296,0.373035841317
3.6540705,3.6540705,0.373035841317
-1.2969294,-1.2969294,0.373035841317
-2.8945824,-2.8945824,0.373035841317
1.3920929,1.3920929,0.373035841317
16.0233088,10.0,0.373035841317
-0.9853519,-0.9853519,0.373035841317
0.6643505,0.6643505,0.373035841317
18.1054167,10.0,0.373035841317
0.1317061,0.1317061,0.373035841317
4.0632717,4.0632717,0.373035841317
-0.7308808,-0.7308808,0.373035841317
-0.5524656,-0.5524656,0.373035841317
0.4826454,0.4826454,0.373035841317
0.2492916,0.2492916,0.373035841317
17.9042732,10.0,0.373035841317
0.5648859,0.5648859,0.373035841317
-0.678957,-0.678957,0.373035841317
1.6356127,1.6356127,0.373035841317
-0.9186833,-0.9186833,0.373035841317
5.2896832,5.2896832,0.373035841317
0.3386833,0.3386833,0.373035841317
-1.9758991,-1.9758991,0.373035841317
2.3107762,2.3107762,0.373035841317
16.9419921,10.0,0.373035841317
-0.0666686,-0.0666686,0.373035841317
1.5830338,1.5830338,0.373035841317
19.0241,10.0,0.373035841317
1.0503894,1.0503894,0.373035841317
4.981955,4.981955,0.373035841317
0.1878025,0.1878025,0.373035841317
0.3662177,0.3662177,0.373035841317
1.4013287,1.4013287,0.373035841317
1.1679749,1.1679749,0.373035841317
18.8229565,10.0,0.373035841317
1.4835692,1.4835692,0.373035841317
0.2397263,0.2397263,0.373035841317
2.554296,2.554296,0.373035841317
0.9186833,0.9186833,0.373035841317
6.2083665,6.2083665,0.373035841317
1.2573666,1.2573666,0.373035841317
-8.1842656,-8.1842656,0.373035841317
-3.8975903,-3.8975903,0.373035841317
10.7336256,10.0,0.373035841317
-6.2750351,-6.2750351,0.373035841317
-4.6253327,-4.6253327,0.373035841317
12.8157335,10.0,0.373035841317
-5.1579771,-5.1579771,0.373035841317
-1.2264115,-1.2264115,0.373035841317
-6.020564,-6.020564,0.373035841317
-5.8421488,-5.8421488,0.373035841317
-4.8070378,-4.8070378,0.373035841317
-5.0403916,-5.0403916,0.373035841317
12.61459,10.0,0.373035841317
-4.7247973,-4.7247973,0.373035841317
-5.9686402,-5.9686402,0.373035841317
-3.6540705,-3.6540705,0.373035841317
-5.2896832,-5.2896832,0.373035841317
-6.2083665,-6.2083665,0.373035841317
-4.9509999,-4.9509999,0.373035841317
-3.2332657,-3.2332657,0.373035841317
1.0534096,1.0534096,0.373035841317
15.6846255,10.0,0.373035841317
-1.3240352,-1.3240352,0.373035841317
0.3256672,0.3256672,0.373035841317
17.7667334,10.0,0.373035841317
-0.2069772,-0.2069772,0.373035841317
3.7245884,3.7245884,0.373035841317
-1.0695641,-1.0695641,0.373035841317
-0.8911489,-0.8911489,0.373035841317
0.1439621,0.1439621,0.373035841317
-0.0893917,-0.0893917,0.373035841317
17.5655899,10.0,0.373035841317
0.2262026,0.2262026,0.373035841317
-1.0176403,-1.0176403,0.373035841317
1.2969294,1.2969294,0.373035841317
-0.3386833,-0.3386833,0.373035841317
-1.2573666,-1.2573666,0.373035841317
4.9509999,4.9509999,0.373035841317
0.9102487,0.9102487,0.460611819992
-0.0111682,-0.0111682,0.460611819992
-0.1100841,-0.1100841,0.460611819992
-18.652306,-10.0,0.460611819992
0.6307469,0.6307469,0.460611819992
0.9167157,0.9167157,0.460611819992
-18.8221595,-10.0,0.460611819992
-1.9950024,-1.9950024,0.460611819992
-19.8691121,-10.0,0.460611819992
-18.2463292,-10.0,0.460611819992
0.4172853,0.4172853,0.460611819992
-1.4945755,-1.4945755,0.460611819992
-2.0399323,-2.0399323,0.460611819992
-0.0800029,-0.0800029,0.460611819992
0.9168334,0.9168334,0.460611819992
-2.7591811,-2.7591811,0.460611819992
-20.0831665,-10.0,0.460611819992
0.8823032,0.8823032,0.460611819992
-2.1341789,-2.1341789,0.460611819992
-0.9102487,-0.9102487,0.460611819992
-0.9214169,-0.9214169,0.460611819992
-1.0203328,-1.0203328,0.460611819992
-19.5625547,-10.0,0.460611819992
-0.2795018,-0.2795018,0.460611819992
0.006467,0.006467,0.460611819992
-19.7324082,-10.0,0.460611819992
-2.9052511,-2.9052511,0.460611819992
-20.7793608,-10.0,0.460611819992
-19.1565779,-10.0,0.460611819992
-0.4929634,-0.4929634,0.460611819992
-2.4048242,-2.4048242,0.460611819992
-2.950181,-2.950181,0.460611819992
-0.9902516,-0.9902516,0.460611819992
0.0065847,0.0065847,0.460611819992
-3.6694298,-3.6694298,0.460611819992
-20.9934152,-10.0,0.460611819992
-0.0279455,-0.0279455,0.460611819992
-3.0444276,-3.0444276,0.460611819992
0.0111682,0.0111682,0.460611819992
0.9214169,0.9214169,0.460611819992
-0.0989159,-0.0989159,0.460611819992
-18.6411378,-10.0,0.460611819992
0.6419151,0.6419151,0.460611819992
0.9278839,0.9278839,0.460611819992
-18.8109913,-10.0,0.460611819992
-1.9838342,-1.9838342,0.460611819992
-19.8579439,-10.0,0.460611819992
-18.235161,-10.0,0.460611819992
0.4284535,0.4284535,0.460611819992
-1.4834073,-1.4834073,0.460611819992
-2.0287641,-2.0287641,0.460611819992
-0.0688347,-0.0688347,0.460611819992
0.9280016,0.9280016,0.460611819992
-2.7480129,-2.7480129,0.460611819992
-20.0719983,-10.0,0.460611819992
0.8934714,0.8934714,0.460611819992
-2.1230107,-2.1230107,0.460611819992
0.1100841,0.1100841,0.460611819992
1.0203328,1.0203328,0.460611819992
0.0989159,0.0989159,0.460611819992
-18.5422219,-10.0,0.460611819992
0.740831,0.740831,0.460611819992
1.0267998,1.0267998,0.460611819992
-18.7120754,-10.0,0.460611819992
-1.8849183,-1.8849183,0.460611819992
-19.759028,-10.0,0.460611819992
-18.1362451,-10.0,0.460611819992
0.5273694,0.5273694,0.460611819992
-1.3844914,-1.3844914,0.460611819992
-1.9298482,-1.9298482,0.460611819992
0.0300812,0.0300812,0.460611819992
1.0269175,1.0269175,0.460611819992
-2.649097,-2.649097,0.460611819992
-19.9730824,-10.0,0.460611819992
0.9923873,0.9923873,0.460611819992
-2.0240948,-2.0240948,0.460611819992
18.652306,10.0,0.460611819992
19.5625547,10.0,0.460611819992
18.6411378,10.0,0.460611819992
18.5422219,10.0,0.460611819992
19.2830529,10.0,0.460611819992
19.5690217,10.0,0.460611819992
-0.1698535,-0.1698535,0.460611819992
16.6573036,10.0,0.460611819992
-1.2168061,-1.2168061,0.460611819992
0.4059768,0.4059768,0.460611819992
19.0695913,10.0,0.460611819992
17.1577305,10.0,0.460611819992
16.6123737,10.0,0.460611819992
18.5723031,10.0,0.460611819992
19.5691394,10.0,0.460611819992
15.8931249,10.0,0.460611819992
-1.4308605,-1.4308605,0.460611819992
19.5346092,10.0,0.460611819992
16.5181271,10.0,0.460611819992
-0.6307469,-0.6307469,0.460611819992
0.2795018,0.2795018,0.460611819992
-0.6419151,-0.6419151,0.460611819992
-0.740831,-0.740831,0.460611819992
-19.2830529,-10.0,0.460611819992
0.2859688,0.2859688,0.460611819992
-19.4529064,-10.0,0.460611819992
-2.6257493,-2.6257493,0.460611819992
-20.499859,-10.0,0.460611819992
-18.8770761,-10.0,0.460611819992
-0.2134616,-0.2134616,0.460611819992
-2.1253224,-2.1253224,0.460611819992
-2.6706792,-2.6706792,0.460611819992
-0.7107498,-0.7107498,0.460611819992
0.2860865,0.2860865,0.460611819992
-3.389928,-3.389928,0.460611819992
-20.7139134,-10.0,0.460611819992
0.2515563,0.2515563,0.460611819992
-2.7649258,-2.7649258,0.460611819992
-0.9167157,-0.9167157,0.460611819992
-0.006467,-0.006467,0.460611819992
-0.9278839,-0.9278839,0.460611819992
-1.0267998,-1.0267998,0.460611819992
-19.5690217,-10.0,0.460611819992
-0.2859688,-0.2859688,0.460611819992
-19.7388752,-10.0,0.460611819992
-2.9117181,-2.9117181,0.460611819992
-20.7858278,-10.0,0.460611819992
-19.1630449,-10.0,0.460611819992
-0.4994304,-0.4994304,0.460611819992
-2.4112912,-2.4112912,0.460611819992
-2.956648,-2.956648,0.460611819992
-0.9967186,-0.9967186,0.460611819992
0.000117700000001,0.000117700000001,0.460611819992
-3.6758968,-3.6758968,0.460611819992
-20.9998822,-10.0,0.460611819992
-0.0344125,-0.0344125,0.460611819992
-3.0508946,-3.0508946,0.460611819992
18.8221595,10.0,0.460611819992
19.7324082,10.0,0.460611819992
18.8109913,10.0,0.460611819992
18.7120754,10.0,0.460611819992
0.1698535,0.1698535,0.460611819992
19.4529064,10.0,0.460611819992
19.7388752,10.0,0.460611819992
16.8271571,10.0,0.460611819992
-1.0469526,-1.0469526,0.460611819992
0.5758303,0.5758303,0.460611819992
19.2394448,10.0,0.460611819992
17.327584,10.0,0.460611819992
16.7822272,10.0,0.460611819992
18.7421566,10.0,0.460611819992
19.7389929,10.0,0.460611819992
16.0629784,10.0,0.460611819992
-1.261007,-1.261007,0.460611819992
19.7044627,10.0,0.460611819992
16.6879806,10.0,0.460611819992
1.9950024,1.9950024,0.460611819992
2.9052511,2.9052511,0.460611819992
1.9838342,1.9838342,0.460611819992
1.8849183,1.8849183,0.460611819992
-16.6573036,-10.0,0.460611819992
2.6257493,2.6257493,0.460611819992
2.9117181,2.9117181,0.460611819992
-16.8271571,-10.0,0.460611819992
-17.8741097,-10.0,0.460611819992
-16.2513268,-10.0,0.460611819992
2.4122877,2.4122877,0.460611819992
0.5004269,0.5004269,0.460611819992
-0.0449299,-0.0449299,0.460611819992
1.9149995,1.9149995,0.460611819992
2.9118358,2.9118358,0.460611819992
-0.7641787,-0.7641787,0.460611819992
-18.0881641,-10.0,0.460611819992
2.8773056,2.8773056,0.460611819992
-0.1391765,-0.1391765,0.460611819992
19.8691121,10.0,0.460611819992
20.7793608,10.0,0.460611819992
19.8579439,10.0,0.460611819992
19.759028,10.0,0.460611819992
1.2168061,1.2168061,0.460611819992
20.499859,10.0,0.460611819992
20.7858278,10.0,0.460611819992
1.0469526,1.0469526,0.460611819992
17.8741097,10.0,0.460611819992
1.6227829,1.6227829,0.460611819992
20.2863974,10.0,0.460611819992
18.3745366,10.0,0.460611819992
17.8291798,10.0,0.460611819992
19.7891092,10.0,0.460611819992
20.7859455,10.0,0.460611819992
17.109931,10.0,0.460611819992
-0.2140544,-0.2140544,0.460611819992
20.7514153,10.0,0.460611819992
17.7349332,10.0,0.460611819992
18.2463292,10.0,0.460611819992
19.1565779,10.0,0.460611819992
18.235161,10.0,0.460611819992
18.1362451,10.0,0.460611819992
-0.4059768,-0.4059768,0.460611819992
18.8770761,10.0,0.460611819992
19.1630449,10.0,0.460611819992
-0.5758303,-0.5758303,0.460611819992
16.2513268,10.0,0.460611819992
-1.6227829,-1.6227829,0.460611819992
18.6636145,10.0,0.460611819992
16.7517537,10.0,0.460611819992
16.2063969,10.0,0.460611819992
18.1663263,10.0,0.460611819992
19.1631626,10.0,0.460611819992
15.4871481,10.0,0.460611819992
-1.8368373,-1.8368373,0.460611819992
19.1286324,10.0,0.460611819992
16.1121503,10.0,0.460611819992
-0.4172853,-0.4172853,0.460611819992
0.4929634,0.4929634,0.460611819992
-0.4284535,-0.4284535,0.460611819992
-0.5273694,-0.5273694,0.460611819992
-19.0695913,-10.0,0.460611819992
0.2134616,0.2134616,0.460611819992
0.4994304,0.4994304,0.460611819992
-19.2394448,-10.0,0.460611819992
-2.4122877,-2.4122877,0.460611819992
-20.2863974,-10.0,0.460611819992
-18.6636145,-10.0,0.460611819992
-1.9118608,-1.9118608,0.460611819992
-2.4572176,-2.4572176,0.460611819992
-0.4972882,-0.4972882,0.460611819992
0.4995481,0.4995481,0.460611819992
-3.1764664,-3.1764664,0.460611819992
-20.5004518,-10.0,0.460611819992
0.4650179,0.4650179,0.460611819992
-2.5514642,-2.5514642,0.460611819992
1.4945755,1.4945755,0.460611819992
2.4048242,2.4048242,0.460611819992
1.4834073,1.4834073,0.460611819992
1.3844914,1.3844914,0.460611819992
-17.1577305,-10.0,0.460611819992
2.1253224,2.1253224,0.460611819992
2.4112912,2.4112912,0.460611819992
-17.327584,-10.0,0.460611819992
-0.5004269,-0.5004269,0.460611819992
-18.3745366,-10.0,0.460611819992
-16.7517537,-10.0,0.460611819992
1.9118608,1.9118608,0.460611819992
-0.5453568,-0.5453568,0.460611819992
1.4145726,1.4145726,0.460611819992
2.4114089,2.4114089,0.460611819992
-1.2646056,-1.2646056,0.460611819992
-18.588591,-10.0,0.460611819992
2.3768787,2.3768787,0.460611819992
-0.6396034,-0.6396034,0.460611819992
2.0399323,2.0399323,0.460611819992
2.950181,2.950181,0.460611819992
2.0287641,2.0287641,0.460611819992
1.9298482,1.9298482,0.460611819992
-16.6123737,-10.0,0.460611819992
2.6706792,2.6706792,0.460611819992
2.956648,2.956648,0.460611819992
-16.7822272,-10.0,0.460611819992
0.0449299,0.0449299,0.460611819992
-17.8291798,-10.0,0.460611819992
-16.2063969,-10.0,0.460611819992
2.4572176,2.4572176,0.460611819992
0.5453568,0.5453568,0.460611819992
1.9599294,1.9599294,0.460611819992
2.9567657,2.9567657,0.460611819992
-0.7192488,-0.7192488,0.460611819992
-18.0432342,-10.0,0.460611819992
2.9222355,2.9222355,0.460611819992
-0.0942466,-0.0942466,0.460611819992
0.0800029,0.0800029,0.460611819992
0.9902516,0.9902516,0.460611819992
0.0688347,0.0688347,0.460611819992
-0.0300812,-0.0300812,0.460611819992
-18.5723031,-10.0,0.460611819992
0.7107498,0.7107498,0.460611819992
0.9967186,0.9967186,0.460611819992
-18.7421566,-10.0,0.460611819992
-1.9149995,-1.9149995,0.460611819992
-19.7891092,-10.0,0.460611819992
-18.1663263,-10.0,0.460611819992
0.4972882,0.4972882,0.460611819992
-1.4145726,-1.4145726,0.460611819992
-1.9599294,-1.9599294,0.460611819992
0.9968363,0.9968363,0.460611819992
-2.6791782,-2.6791782,0.460611819992
-20.0031636,-10.0,0.460611819992
0.9623061,0.9623061,0.460611819992
-2.054176,-2.054176,0.460611819992
-0.9168334,-0.9168334,0.460611819992
-0.0065847,-0.0065847,0.460611819992
-0.9280016,-0.9280016,0.460611819992
-1.0269175,-1.0269175,0.460611819992
-19.5691394,-10.0,0.460611819992
-0.2860865,-0.2860865,0.460611819992
-0.000117700000001,-0.000117700000001,0.460611819992
-19.7389929,-10.0,0.460611819992
-2.9118358,-2.9118358,0.460611819992
-20.7859455,-10.0,0.460611819992
-19.1631626,-10.0,0.460611819992
-0.4995481,-0.4995481,0.460611819992
-2.4114089,-2.4114089,0.460611819992
-2.9567657,-2.9567657,0.460611819992
-0.9968363,-0.9968363,0.460611819992
-3.6760145,-3.6760145,0.460611819992
-20.9999999,-10.0,0.460611819992
-0.0345302,-0.0345302,0.460611819992
-3.0510123,-3.0510123,0.460611819992
2.7591811,2.7591811,0.460611819992
3.6694298,3.6694298,0.460611819992
2.7480129,2.7480129,0.460611819992
2.649097,2.649097,0.460611819992
-15.8931249,-10.0,0.460611819992
3.389928,3.389928,0.460611819992
3.6758968,3.6758968,0.460611819992
-16.0629784,-10.0,0.460611819992
0.7641787,0.7641787,0.460611819992
-17.109931,-10.0,0.460611819992
-15.4871481,-10.0,0.460611819992
3.1764664,3.1764664,0.460611819992
1.2646056,1.2646056,0.460611819992
0.7192488,0.7192488,0.460611819992
2.6791782,2.6791782,0.460611819992
3.6760145,3.6760145,0.460611819992
-17.3239854,-10.0,0.460611819992
3.6414843,3.6414843,0.460611819992
0.6250022,0.6250022,0.460611819992
20.0831665,10.0,0.460611819992
20.9934152,10.0,0.460611819992
20.0719983,10.0,0.460611819992
19.9730824,10.0,0.460611819992
1.4308605,1.4308605,0.460611819992
20.7139134,10.0,0.460611819992
20.9998822,10.0,0.460611819992
1.261007,1.261007,0.460611819992
18.0881641,10.0,0.460611819992
0.2140544,0.2140544,0.460611819992
1.8368373,1.8368373,0.460611819992
20.5004518,10.0,0.460611819992
18.588591,10.0,0.460611819992
18.0432342,10.0,0.460611819992
20.0031636,10.0,0.460611819992
20.9999999,10.0,0.460611819992
17.3239854,10.0,0.460611819992
20.9654697,10.0,0.460611819992
17.9489876,10.0,0.460611819992
-0.8823032,-0.8823032,0.460611819992
0.0279455,0.0279455,0.460611819992
-0.8934714,-0.8934714,0.460611819992
-0.9923873,-0.9923873,0.460611819992
-19.5346092,-10.0,0.460611819992
-0.2515563,-0.2515563,0.460611819992
0.0344125,0.0344125,0.460611819992
-19.7044627,-10.0,0.460611819992
-2.8773056,-2.8773056,0.460611819992
-20.7514153,-10.0,0.460611819992
-19.1286324,-10.0,0.460611819992
-0.4650179,-0.4650179,0.460611819992
-2.3768787,-2.3768787,0.460611819992
-2.9222355,-2.9222355,0.460611819992
-0.9623061,-0.9623061,0.460611819992
0.0345302,0.0345302,0.460611819992
-3.6414843,-3.6414843,0.460611819992
-20.9654697,-10.0,0.460611819992
-3.0164821,-3.0164821,0.460611819992
2.1341789,2.1341789,0.460611819992
3.0444276,3.0444276,0.460611819992
2.1230107,2.1230107,0.460611819992
2.0240948,2.0240948,0.460611819992
-16.5181271,-10.0,0.460611819992
2.7649258,2.7649258,0.460611819992
3.0508946,3.0508946,0.460611819992
-16.6879806,-10.0,0.460611819992
0.1391765,0.1391765,0.460611819992
-17.7349332,-10.0,0.460611819992
-16.1121503,-10.0,0.460611819992
2.5514642,2.5514642,0.460611819992
0.6396034,0.6396034,0.460611819992
0.0942466,0.0942466,0.460611819992
2.054176,2.054176,0.460611819992
3.0510123,3.0510123,0.460611819992
-0.6250022,-0.6250022,0.460611819992
-17.9489876,-10.0,0.460611819992
3.0164821,3.0164821,0.460611819992
18.0998894,10.0,0.555562928411
2.5875985,2.5875985,0.555562928411
-0.8864017,-0.8864017,0.555562928411
4.4213021,4.4213021,0.555562928411
2.3777854,2.3777854,0.555562928411
0.2677255,0.2677255,0.555562928411
19.0846227,10.0,0.555562928411
-0.2731033,-0.2731033,0.555562928411
0.5646654,0.5646654,0.555562928411
17.2982822,10.0,0.555562928411
0.9937626,0.9937626,0.555562928411
18.4839283,10.0,0.555562928411
-1.9149914,-1.9149914,0.555562928411
0.0454206,0.0454206,0.555562928411
1.069718,1.069718,0.555562928411
-0.3688329,-0.3688329,0.555562928411
1.0856359,1.0856359,0.555562928411
18.4216375,10.0,0.555562928411
2.0174736,2.0174736,0.555562928411
-18.0998894,-10.0,0.555562928411
-15.5122909,-10.0,0.555562928411
-18.9862911,-10.0,0.555562928411
-13.6785873,-10.0,0.555562928411
-15.722104,-10.0,0.555562928411
-17.8321639,-10.0,0.555562928411
0.9847333,0.9847333,0.555562928411
-18.3729927,-10.0,0.555562928411
-17.535224,-10.0,0.555562928411
-0.8016072,-0.8016072,0.555562928411
-17.1061268,-10.0,0.555562928411
0.3840389,0.3840389,0.555562928411
-20.0148808,-10.0,0.555562928411
-18.0544688,-10.0,0.555562928411
-17.0301714,-10.0,0.555562928411
-18.4687223,-10.0,0.555562928411
-17.0142535,-10.0,0.555562928411
0.3217481,0.3217481,0.555562928411
-16.0824158,-10.0,0.555562928411
-2.5875985,-2.5875985,0.555562928411
15.5122909,10.0,0.555562928411
-3.4740002,-3.4740002,0.555562928411
1.8337036,1.8337036,0.555562928411
-0.2098131,-0.2098131,0.555562928411
-2.319873,-2.319873,0.555562928411
16.4970242,10.0,0.555562928411
-2.8607018,-2.8607018,0.555562928411
-2.0229331,-2.0229331,0.555562928411
14.7106837,10.0,0.555562928411
-1.5938359,-1.5938359,0.555562928411
15.8963298,10.0,0.555562928411
-4.5025899,-4.5025899,0.555562928411
-2.5421779,-2.5421779,0.555562928411
-1.5178805,-1.5178805,0.555562928411
-2.9564314,-2.9564314,0.555562928411
-1.5019626,-1.5019626,0.555562928411
15.834039,10.0,0.555562928411
-0.5701249,-0.5701249,0.555562928411
0.8864017,0.8864017,0.555562928411
18.9862911,10.0,0.555562928411
3.4740002,3.4740002,0.555562928411
5.3077038,5.3077038,0.555562928411
3.2641871,3.2641871,0.555562928411
1.1541272,1.1541272,0.555562928411
19.9710244,10.0,0.555562928411
0.6132984,0.6132984,0.555562928411
1.4510671,1.4510671,0.555562928411
18.1846839,10.0,0.555562928411
1.8801643,1.8801643,0.555562928411
19.37033,10.0,0.555562928411
-1.0285897,-1.0285897,0.555562928411
0.9318223,0.9318223,0.555562928411
1.9561197,1.9561197,0.555562928411
0.5175688,0.5175688,0.555562928411
1.9720376,1.9720376,0.555562928411
19.3080392,10.0,0.555562928411
2.9038753,2.9038753,0.555562928411
-4.4213021,-4.4213021,0.555562928411
13.6785873,10.0,0.555562928411
-1.8337036,-1.8337036,0.555562928411
-5.3077038,-5.3077038,0.555562928411
-2.0435167,-2.0435167,0.555562928411
-4.1535766,-4.1535766,0.555562928411
14.6633206,10.0,0.555562928411
-4.6944054,-4.6944054,0.555562928411
-3.8566367,-3.8566367,0.555562928411
12.8769801,10.0,0.555562928411
-3.4275395,-3.4275395,0.555562928411
14.0626262,10.0,0.555562928411
-6.3362935,-6.3362935,0.555562928411
-4.3758815,-4.3758815,0.555562928411
-3.3515841,-3.3515841,0.555562928411
-4.790135,-4.790135,0.555562928411
-3.3356662,-3.3356662,0.555562928411
14.0003354,10.0,0.555562928411
-2.4038285,-2.4038285,0.555562928411
-2.3777854,-2.3777854,0.555562928411
15.722104,10.0,0.555562928411
0.2098131,0.2098131,0.555562928411
-3.2641871,-3.2641871,0.555562928411
2.0435167,2.0435167,0.555562928411
-2.1100599,-2.1100599,0.555562928411
16.7068373,10.0,0.555562928411
-2.6508887,-2.6508887,0.555562928411
-1.81312,-1.81312,0.555562928411
14.9204968,10.0,0.555562928411
-1.3840228,-1.3840228,0.555562928411
16.1061429,10.0,0.555562928411
-4.2927768,-4.2927768,0.555562928411
-2.3323648,-2.3323648,0.555562928411
-1.3080674,-1.3080674,0.555562928411
-2.7466183,-2.7466183,0.555562928411
-1.2921495,-1.2921495,0.555562928411
16.0438521,10.0,0.555562928411
-0.3603118,-0.3603118,0.555562928411
-0.2677255,-0.2677255,0.555562928411
17.8321639,10.0,0.555562928411
2.319873,2.319873,0.555562928411
-1.1541272,-1.1541272,0.555562928411
4.1535766,4.1535766,0.555562928411
2.1100599,2.1100599,0.555562928411
18.8168972,10.0,0.555562928411
-0.5408288,-0.5408288,0.555562928411
0.2969399,0.2969399,0.555562928411
17.0305567,10.0,0.555562928411
0.7260371,0.7260371,0.555562928411
18.2162028,10.0,0.555562928411
-2.1827169,-2.1827169,0.555562928411
-0.2223049,-0.2223049,0.555562928411
0.8019925,0.8019925,0.555562928411
-0.6365584,-0.6365584,0.555562928411
0.8179104,0.8179104,0.555562928411
18.153912,10.0,0.555562928411
1.7497481,1.7497481,0.555562928411
-19.0846227,-10.0,0.555562928411
-0.9847333,-0.9847333,0.555562928411
-16.4970242,-10.0,0.555562928411
-19.9710244,-10.0,0.555562928411
-14.6633206,-10.0,0.555562928411
-16.7068373,-10.0,0.555562928411
-18.8168972,-10.0,0.555562928411
-19.357726,-10.0,0.555562928411
-18.5199573,-10.0,0.555562928411
-1.7863405,-1.7863405,0.555562928411
-18.0908601,-10.0,0.555562928411
-0.6006944,-0.6006944,0.555562928411
-20.9996141,-10.0,0.555562928411
-19.0392021,-10.0,0.555562928411
-18.0149047,-10.0,0.555562928411
-19.4534556,-10.0,0.555562928411
-17.9989868,-10.0,0.555562928411
-0.6629852,-0.6629852,0.555562928411
-17.0671491,-10.0,0.555562928411
0.2731033,0.2731033,0.555562928411
18.3729927,10.0,0.555562928411
2.8607018,2.8607018,0.555562928411
-0.6132984,-0.6132984,0.555562928411
4.6944054,4.6944054,0.555562928411
2.6508887,2.6508887,0.555562928411
0.5408288,0.5408288,0.555562928411
19.357726,10.0,0.555562928411
0.8377687,0.8377687,0.555562928411
17.5713855,10.0,0.555562928411
1.2668659,1.2668659,0.555562928411
18.7570316,10.0,0.555562928411
-1.6418881,-1.6418881,0.555562928411
0.3185239,0.3185239,0.555562928411
1.3428213,1.3428213,0.555562928411
-0.0957296,-0.0957296,0.555562928411
1.3587392,1.3587392,0.555562928411
18.6947408,10.0,0.555562928411
2.2905769,2.2905769,0.555562928411
-0.5646654,-0.5646654,0.555562928411
17.535224,10.0,0.555562928411
2.0229331,2.0229331,0.555562928411
-1.4510671,-1.4510671,0.555562928411
3.8566367,3.8566367,0.555562928411
1.81312,1.81312,0.555562928411
-0.2969399,-0.2969399,0.555562928411
18.5199573,10.0,0.555562928411
-0.8377687,-0.8377687,0.555562928411
16.7336168,10.0,0.555562928411
0.4290972,0.4290972,0.555562928411
17.9192629,10.0,0.555562928411
-2.4796568,-2.4796568,0.555562928411
-0.5192448,-0.5192448,0.555562928411
0.5050526,0.5050526,0.555562928411
-0.9334983,-0.9334983,0.555562928411
0.5209705,0.5209705,0.555562928411
17.8569721,10.0,0.555562928411
1.4528082,1.4528082,0.555562928411
-17.2982822,-10.0,0.555562928411
0.8016072,0.8016072,0.555562928411
-14.7106837,-10.0,0.555562928411
-18.1846839,-10.0,0.555562928411
-12.8769801,-10.0,0.555562928411
-14.9204968,-10.0,0.555562928411
-17.0305567,-10.0,0.555562928411
1.7863405,1.7863405,0.555562928411
-17.5713855,-10.0,0.555562928411
-16.7336168,-10.0,0.555562928411
-16.3045196,-10.0,0.555562928411
1.1856461,1.1856461,0.555562928411
-19.2132736,-10.0,0.555562928411
-17.2528616,-10.0,0.555562928411
-16.2285642,-10.0,0.555562928411
-17.6671151,-10.0,0.555562928411
-16.2126463,-10.0,0.555562928411
1.1233553,1.1233553,0.555562928411
-15.2808086,-10.0,0.555562928411
-0.9937626,-0.9937626,0.555562928411
17.1061268,10.0,0.555562928411
1.5938359,1.5938359,0.555562928411
-1.8801643,-1.8801643,0.555562928411
3.4275395,3.4275395,0.555562928411
1.3840228,1.3840228,0.555562928411
-0.7260371,-0.7260371,0.555562928411
18.0908601,10.0,0.555562928411
-1.2668659,-1.2668659,0.555562928411
-0.4290972,-0.4290972,0.555562928411
16.3045196,10.0,0.555562928411
17.4901657,10.0,0.555562928411
-2.908754,-2.908754,0.555562928411
-0.948342,-0.948342,0.555562928411
0.0759554,0.0759554,0.555562928411
-1.3625955,-1.3625955,0.555562928411
0.0918733,0.0918733,0.555562928411
17.4278749,10.0,0.555562928411
1.023711,1.023711,0.555562928411
-18.4839283,-10.0,0.555562928411
-0.3840389,-0.3840389,0.555562928411
-15.8963298,-10.0,0.555562928411
-19.37033,-10.0,0.555562928411
-14.0626262,-10.0,0.555562928411
-16.1061429,-10.0,0.555562928411
-18.2162028,-10.0,0.555562928411
0.6006944,0.6006944,0.555562928411
-18.7570316,-10.0,0.555562928411
-17.9192629,-10.0,0.555562928411
-1.1856461,-1.1856461,0.555562928411
-17.4901657,-10.0,0.555562928411
-20.3989197,-10.0,0.555562928411
-18.4385077,-10.0,0.555562928411
-17.4142103,-10.0,0.555562928411
-18.8527612,-10.0,0.555562928411
-17.3982924,-10.0,0.555562928411
-0.0622908,-0.0622908,0.555562928411
-16.4664547,-10.0,0.555562928411
1.9149914,1.9149914,0.555562928411
20.0148808,10.0,0.555562928411
4.5025899,4.5025899,0.555562928411
1.0285897,1.0285897,0.555562928411
6.3362935,6.3362935,0.555562928411
4.2927768,4.2927768,0.555562928411
2.1827169,2.1827169,0.555562928411
20.9996141,10.0,0.555562928411
1.6418881,1.6418881,0.555562928411
2.4796568,2.4796568,0.555562928411
19.2132736,10.0,0.555562928411
2.908754,2.908754,0.555562928411
20.3989197,10.0,0.555562928411
1.960412,1.960412,0.555562928411
2.9847094,2.9847094,0.555562928411
1.5461585,1.5461585,0.555562928411
3.0006273,3.0006273,0.555562928411
20.3366289,10.0,0.555562928411
3.932465,3.932465,0.555562928411
-0.0454206,-0.0454206,0.555562928411
18.0544688,10.0,0.555562928411
2.5421779,2.5421779,0.555562928411
-0.9318223,-0.9318223,0.555562928411
4.3758815,4.3758815,0.555562928411
2.3323648,2.3323648,0.555562928411
0.2223049,0.2223049,0.555562928411
19.0392021,10.0,0.555562928411
-0.3185239,-0.3185239,0.555562928411
0.5192448,0.5192448,0.555562928411
17.2528616,10.0,0.555562928411
0.948342,0.948342,0.555562928411
18.4385077,10.0,0.555562928411
-1.960412,-1.960412,0.555562928411
1.0242974,1.0242974,0.555562928411
-0.4142535,-0.4142535,0.555562928411
1.0402153,1.0402153,0.555562928411
18.3762169,10.0,0.555562928411
1.972053,1.972053,0.555562928411
-1.069718,-1.069718,0.555562928411
17.0301714,10.0,0.555562928411
1.5178805,1.5178805,0.555562928411
-1.9561197,-1.9561197,0.555562928411
3.3515841,3.3515841,0.555562928411
1.3080674,1.3080674,0.555562928411
-0.8019925,-0.8019925,0.555562928411
18.0149047,10.0,0.555562928411
-1.3428213,-1.3428213,0.555562928411
-0.5050526,-0.5050526,0.555562928411
16.2285642,10.0,0.555562928411
-0.0759554,-0.0759554,0.555562928411
17.4142103,10.0,0.555562928411
-2.9847094,-2.9847094,0.555562928411
-1.0242974,-1.0242974,0.555562928411
-1.4385509,-1.4385509,0.555562928411
0.0159179,0.0159179,0.555562928411
17.3519195,10.0,0.555562928411
0.9477556,0.9477556,0.555562928411
0.3688329,0.3688329,0.555562928411
18.4687223,10.0,0.555562928411
2.9564314,2.9564314,0.555562928411
-0.5175688,-0.5175688,0.555562928411
4.790135,4.790135,0.555562928411
2.7466183,2.7466183,0.555562928411
0.6365584,0.6365584,0.555562928411
19.4534556,10.0,0.555562928411
0.0957296,0.0957296,0.555562928411
0.9334983,0.9334983,0.555562928411
17.6671151,10.0,0.555562928411
1.3625955,1.3625955,0.555562928411
18.8527612,10.0,0.555562928411
-1.5461585,-1.5461585,0.555562928411
0.4142535,0.4142535,0.555562928411
1.4385509,1.4385509,0.555562928411
1.4544688,1.4544688,0.555562928411
18.7904704,10.0,0.555562928411
2.3863065,2.3863065,0.555562928411
-1.0856359,-1.0856359,0.555562928411
17.0142535,10.0,0.555562928411
1.5019626,1.5019626,0.555562928411
-1.9720376,-1.9720376,0.555562928411
3.3356662,3.3356662,0.555562928411
1.2921495,1.2921495,0.555562928411
-0.8179104,-0.8179104,0.555562928411
17.9989868,10.0,0.555562928411
-1.3587392,-1.3587392,0.555562928411
-0.5209705,-0.5209705,0.555562928411
16.2126463,10.0,0.555562928411
-0.0918733,-0.0918733,0.555562928411
17.3982924,10.0,0.555562928411
-3.0006273,-3.0006273,0.555562928411
-1.0402153,-1.0402153,0.555562928411
-0.0159179,-0.0159179,0.555562928411
-1.4544688,-1.4544688,0.555562928411
17.3360016,10.0,0.555562928411
0.9318377,0.9318377,0.555562928411
-18.4216375,-10.0,0.555562928411
-0.3217481,-0.3217481,0.555562928411
-15.834039,-10.0,0.555562928411
-19.3080392,-10.0,0.555562928411
-14.0003354,-10.0,0.555562928411
-16.0438521,-10.0,0.555562928411
-18.153912,-10.0,0.555562928411
0.6629852,0.6629852,0.555562928411
-18.6947408,-10.0,0.555562928411
-17.8569721,-10.0,0.555562928411
-1.1233553,-1.1233553,0.555562928411
-17.4278749,-10.0,0.555562928411
0.0622908,0.0622908,0.555562928411
-20.3366289,-10.0,0.555562928411
-18.3762169,-10.0,0.555562928411
-17.3519195,-10.0,0.555562928411
-18.7904704,-10.0,0.555562928411
-17.3360016,-10.0,0.555562928411
-16.4041639,-10.0,0.555562928411
-2.0174736,-2.0174736,0.555562928411
16.0824158,10.0,0.555562928411
0.5701249,0.5701249,0.555562928411
-2.9038753,-2.9038753,0.555562928411
2.4038285,2.4038285,0.555562928411
0.3603118,0.3603118,0.555562928411
-1.7497481,-1.7497481,0.555562928411
17.0671491,10.0,0.555562928411
-2.2905769,-2.2905769,0.555562928411
-1.4528082,-1.4528082,0.555562928411
15.2808086,10.0,0.555562928411
-1.023711,-1.023711,0.555562928411
16.4664547,10.0,0.555562928411
-3.932465,-3.932465,0.555562928411
-1.972053,-1.972053,0.555562928411
-0.9477556,-0.9477556,0.555562928411
-2.3863065,-2.3863065,0.555562928411
-0.9318377,-0.9318377,0.555562928411
16.4041639,10.0,0.555562928411
18.403495,10.0,0.556086081022
1.6349745,1.6349745,0.556086081022
-0.6088187,-0.6088187,0.556086081022
23.1657955,10.0,0.556086081022
1.5990416,1.5990416,0.556086081022
5.1465374,5.1465374,0.556086081022
2.3421545,2.3421545,0.556086081022
0.2436182,0.2436182,0.556086081022
3.3566893,3.3566893,0.556086081022
3.069957,3.069957,0.556086081022
1.8161113,1.8161113,0.556086081022
19.8640562,10.0,0.556086081022
1.4463498,1.4463498,0.556086081022
2.1657955,2.1657955,0.556086081022
1.4226958,1.4226958,0.556086081022
1.7903021,1.7903021,0.556086081022
18.1817273,10.0,0.556086081022
17.1708788,10.0,0.556086081022
23.1580274,10.0,0.556086081022
-18.403495,-10.0,0.556086081022
-16.7685205,-10.0,0.556086081022
-19.0123137,-10.0,0.556086081022
4.7623005,4.7623005,0.556086081022
-16.8044534,-10.0,0.556086081022
-13.2569576,-10.0,0.556086081022
-16.0613405,-10.0,0.556086081022
-18.1598768,-10.0,0.556086081022
-15.0468057,-10.0,0.556086081022
-15.333538,-10.0,0.556086081022
-16.5873837,-10.0,0.556086081022
1.4605612,1.4605612,0.556086081022
-16.9571452,-10.0,0.556086081022
-16.2376995,-10.0,0.556086081022
-16.9807992,-10.0,0.556086081022
-16.6131929,-10.0,0.556086081022
-0.2217677,-0.2217677,0.556086081022
-1.2326162,-1.2326162,0.556086081022
4.7545324,4.7545324,0.556086081022
-1.6349745,-1.6349745,0.556086081022
16.7685205,10.0,0.556086081022
-2.2437932,-2.2437932,0.556086081022
21.530821,10.0,0.556086081022
-0.0359329,-0.0359329,0.556086081022
3.5115629,3.5115629,0.556086081022
0.70718,0.70718,0.556086081022
-1.3913563,-1.3913563,0.556086081022
1.7217148,1.7217148,0.556086081022
1.4349825,1.4349825,0.556086081022
0.1811368,0.1811368,0.556086081022
18.2290817,10.0,0.556086081022
-0.1886247,-0.1886247,0.556086081022
0.530821,0.530821,0.556086081022
-0.2122787,-0.2122787,0.556086081022
0.1553276,0.1553276,0.556086081022
16.5467528,10.0,0.556086081022
15.5359043,10.0,0.556086081022
21.5230529,10.0,0.556086081022
0.6088187,0.6088187,0.556086081022
19.0123137,10.0,0.556086081022
2.2437932,2.2437932,0.556086081022
23.7746142,10.0,0.556086081022
2.2078603,2.2078603,0.556086081022
5.7553561,5.7553561,0.556086081022
2.9509732,2.9509732,0.556086081022
0.8524369,0.8524369,0.556086081022
3.965508,3.965508,0.556086081022
3.6787757,3.6787757,0.556086081022
2.42493,2.42493,0.556086081022
20.4728749,10.0,0.556086081022
2.0551685,2.0551685,0.556086081022
2.7746142,2.7746142,0.556086081022
2.0315145,2.0315145,0.556086081022
2.3991208,2.3991208,0.556086081022
18.790546,10.0,0.556086081022
17.7796975,10.0,0.556086081022
23.7668461,10.0,0.556086081022
-23.1657955,-10.0,0.556086081022
-4.7623005,-4.7623005,0.556086081022
-21.530821,-10.0,0.556086081022
-23.7746142,-10.0,0.556086081022
-21.5667539,-10.0,0.556086081022
-18.0192581,-10.0,0.556086081022
-20.823641,-10.0,0.556086081022
-22.9221773,-10.0,0.556086081022
-19.8091062,-10.0,0.556086081022
-20.0958385,-10.0,0.556086081022
-21.3496842,-10.0,0.556086081022
-3.3017393,-3.3017393,0.556086081022
-21.7194457,-10.0,0.556086081022
-21.0,-10.0,0.556086081022
-21.7430997,-10.0,0.556086081022
-21.3754934,-10.0,0.556086081022
-4.9840682,-4.9840682,0.556086081022
-5.9949167,-5.9949167,0.556086081022
-0.0077681,-0.0077681,0.556086081022
-1.5990416,-1.5990416,0.556086081022
16.8044534,10.0,0.556086081022
0.0359329,0.0359329,0.556086081022
-2.2078603,-2.2078603,0.556086081022
21.5667539,10.0,0.556086081022
3.5474958,3.5474958,0.556086081022
0.7431129,0.7431129,0.556086081022
-1.3554234,-1.3554234,0.556086081022
1.7576477,1.7576477,0.556086081022
1.4709154,1.4709154,0.556086081022
0.2170697,0.2170697,0.556086081022
18.2650146,10.0,0.556086081022
-0.1526918,-0.1526918,0.556086081022
0.5667539,0.5667539,0.556086081022
-0.1763458,-0.1763458,0.556086081022
0.1912605,0.1912605,0.556086081022
16.5826857,10.0,0.556086081022
15.5718372,10.0,0.556086081022
21.5589858,10.0,0.556086081022
-5.1465374,-5.1465374,0.556086081022
13.2569576,10.0,0.556086081022
-3.5115629,-3.5115629,0.556086081022
-5.7553561,-5.7553561,0.556086081022
18.0192581,10.0,0.556086081022
-3.5474958,-3.5474958,0.556086081022
-2.8043829,-2.8043829,0.556086081022
-4.9029192,-4.9029192,0.556086081022
-1.7898481,-1.7898481,0.556086081022
-2.0765804,-2.0765804,0.556086081022
-3.3304261,-3.3304261,0.556086081022
14.7175188,10.0,0.556086081022
-3.7001876,-3.7001876,0.556086081022
-2.9807419,-2.9807419,0.556086081022
-3.7238416,-3.7238416,0.556086081022
-3.3562353,-3.3562353,0.556086081022
13.0351899,10.0,0.556086081022
12.0243414,10.0,0.556086081022
18.01149,10.0,0.556086081022
-2.3421545,-2.3421545,0.556086081022
16.0613405,10.0,0.556086081022
-0.70718,-0.70718,0.556086081022
-2.9509732,-2.9509732,0.556086081022
20.823641,10.0,0.556086081022
-0.7431129,-0.7431129,0.556086081022
2.8043829,2.8043829,0.556086081022
-2.0985363,-2.0985363,0.556086081022
1.0145348,1.0145348,0.556086081022
0.7278025,0.7278025,0.556086081022
-0.5260432,-0.5260432,0.556086081022
17.5219017,10.0,0.556086081022
-0.8958047,-0.8958047,0.556086081022
-0.176359,-0.176359,0.556086081022
-0.9194587,-0.9194587,0.556086081022
-0.5518524,-0.5518524,0.556086081022
15.8395728,10.0,0.556086081022
14.8287243,10.0,0.556086081022
20.8158729,10.0,0.556086081022
-0.2436182,-0.2436182,0.556086081022
18.1598768,10.0,0.556086081022
1.3913563,1.3913563,0.556086081022
-0.8524369,-0.8524369,0.556086081022
22.9221773,10.0,0.556086081022
1.3554234,1.3554234,0.556086081022
4.9029192,4.9029192,0.556086081022
2.0985363,2.0985363,0.556086081022
3.1130711,3.1130711,0.556086081022
2.8263388,2.8263388,0.556086081022
1.5724931,1.5724931,0.556086081022
19.620438,10.0,0.556086081022
1.2027316,1.2027316,0.556086081022
1.9221773,1.9221773,0.556086081022
1.1790776,1.1790776,0.556086081022
1.5466839,1.5466839,0.556086081022
17.9381091,10.0,0.556086081022
16.9272606,10.0,0.556086081022
22.9144092,10.0,0.556086081022
-3.3566893,-3.3566893,0.556086081022
15.0468057,10.0,0.556086081022
-1.7217148,-1.7217148,0.556086081022
-3.965508,-3.965508,0.556086081022
19.8091062,10.0,0.556086081022
-1.7576477,-1.7576477,0.556086081022
1.7898481,1.7898481,0.556086081022
-1.0145348,-1.0145348,0.556086081022
-3.1130711,-3.1130711,0.556086081022
-0.2867323,-0.2867323,0.556086081022
-1.540578,-1.540578,0.556086081022
16.5073669,10.0,0.556086081022
-1.9103395,-1.9103395,0.556086081022
-1.1908938,-1.1908938,0.556086081022
-1.9339935,-1.9339935,0.556086081022
-1.5663872,-1.5663872,0.556086081022
14.825038,10.0,0.556086081022
13.8141895,10.0,0.556086081022
19.8013381,10.0,0.556086081022
-3.069957,-3.069957,0.556086081022
15.333538,10.0,0.556086081022
-1.4349825,-1.4349825,0.556086081022
-3.6787757,-3.6787757,0.556086081022
20.0958385,10.0,0.556086081022
-1.4709154,-1.4709154,0.556086081022
2.0765804,2.0765804,0.556086081022
-0.7278025,-0.7278025,0.556086081022
-2.8263388,-2.8263388,0.556086081022
0.2867323,0.2867323,0.556086081022
-1.2538457,-1.2538457,0.556086081022
16.7940992,10.0,0.556086081022
-1.6236072,-1.6236072,0.556086081022
-0.9041615,-0.9041615,0.556086081022
-1.6472612,-1.6472612,0.556086081022
-1.2796549,-1.2796549,0.556086081022
15.1117703,10.0,0.556086081022
14.1009218,10.0,0.556086081022
20.0880704,10.0,0.556086081022
-1.8161113,-1.8161113,0.556086081022
16.5873837,10.0,0.556086081022
-0.1811368,-0.1811368,0.556086081022
-2.42493,-2.42493,0.556086081022
21.3496842,10.0,0.556086081022
-0.2170697,-0.2170697,0.556086081022
3.3304261,3.3304261,0.556086081022
0.5260432,0.5260432,0.556086081022
-1.5724931,-1.5724931,0.556086081022
1.540578,1.540578,0.556086081022
1.2538457,1.2538457,0.556086081022
18.0479449,10.0,0.556086081022
-0.3697615,-0.3697615,0.556086081022
0.3496842,0.3496842,0.556086081022
-0.3934155,-0.3934155,0.556086081022
-0.0258092,-0.0258092,0.556086081022
16.365616,10.0,0.556086081022
15.3547675,10.0,0.556086081022
21.3419161,10.0,0.556086081022
-19.8640562,-10.0,0.556086081022
-1.4605612,-1.4605612,0.556086081022
-18.2290817,-10.0,0.556086081022
-20.4728749,-10.0,0.556086081022
3.3017393,3.3017393,0.556086081022
-18.2650146,-10.0,0.556086081022
-14.7175188,-10.0,0.556086081022
-17.5219017,-10.0,0.556086081022
-19.620438,-10.0,0.556086081022
-16.5073669,-10.0,0.556086081022
-16.7940992,-10.0,0.556086081022
-18.0479449,-10.0,0.556086081022
-18.4177064,-10.0,0.556086081022
-17.6982607,-10.0,0.556086081022
-18.4413604,-10.0,0.556086081022
-18.0737541,-10.0,0.556086081022
-1.6823289,-1.6823289,0.556086081022
-2.6931774,-2.6931774,0.556086081022
3.2939712,3.2939712,0.556086081022
-1.4463498,-1.4463498,0.556086081022
16.9571452,10.0,0.556086081022
0.1886247,0.1886247,0.556086081022
-2.0551685,-2.0551685,0.556086081022
21.7194457,10.0,0.556086081022
0.1526918,0.1526918,0.556086081022
3.7001876,3.7001876,0.556086081022
0.8958047,0.8958047,0.556086081022
-1.2027316,-1.2027316,0.556086081022
1.9103395,1.9103395,0.556086081022
1.6236072,1.6236072,0.556086081022
0.3697615,0.3697615,0.556086081022
18.4177064,10.0,0.556086081022
0.7194457,0.7194457,0.556086081022
-0.023654,-0.023654,0.556086081022
0.3439523,0.3439523,0.556086081022
16.7353775,10.0,0.556086081022
15.724529,10.0,0.556086081022
21.7116776,10.0,0.556086081022
-2.1657955,-2.1657955,0.556086081022
16.2376995,10.0,0.556086081022
-0.530821,-0.530821,0.556086081022
-2.7746142,-2.7746142,0.556086081022
21.0,10.0,0.556086081022
-0.5667539,-0.5667539,0.556086081022
2.9807419,2.9807419,0.556086081022
0.176359,0.176359,0.556086081022
-1.9221773,-1.9221773,0.556086081022
1.1908938,1.1908938,0.556086081022
0.9041615,0.9041615,0.556086081022
-0.3496842,-0.3496842,0.556086081022
17.6982607,10.0,0.556086081022
-0.7194457,-0.7194457,0.556086081022
-0.7430997,-0.7430997,0.556086081022
-0.3754934,-0.3754934,0.556086081022
16.0159318,10.0,0.556086081022
15.0050833,10.0,0.556086081022
20.9922319,10.0,0.556086081022
-1.4226958,-1.4226958,0.556086081022
16.9807992,10.0,0.556086081022
0.2122787,0.2122787,0.556086081022
-2.0315145,-2.0315145,0.556086081022
21.7430997,10.0,0.556086081022
0.1763458,0.1763458,0.556086081022
3.7238416,3.7238416,0.556086081022
0.9194587,0.9194587,0.556086081022
-1.1790776,-1.1790776,0.556086081022
1.9339935,1.9339935,0.556086081022
1.6472612,1.6472612,0.556086081022
0.3934155,0.3934155,0.556086081022
18.4413604,10.0,0.556086081022
0.023654,0.023654,0.556086081022
0.7430997,0.7430997,0.556086081022
0.3676063,0.3676063,0.556086081022
16.7590315,10.0,0.556086081022
15.748183,10.0,0.556086081022
21.7353316,10.0,0.556086081022
-1.7903021,-1.7903021,0.556086081022
16.6131929,10.0,0.556086081022
-0.1553276,-0.1553276,0.556086081022
-2.3991208,-2.3991208,0.556086081022
21.3754934,10.0,0.556086081022
-0.1912605,-0.1912605,0.556086081022
3.3562353,3.3562353,0.556086081022
0.5518524,0.5518524,0.556086081022
-1.5466839,-1.5466839,0.556086081022
1.5663872,1.5663872,0.556086081022
1.2796549,1.2796549,0.556086081022
0.0258092,0.0258092,0.556086081022
18.0737541,10.0,0.556086081022
-0.3439523,-0.3439523,0.556086081022
0.3754934,0.3754934,0.556086081022
-0.3676063,-0.3676063,0.556086081022
16.3914252,10.0,0.556086081022
15.3805767,10.0,0.556086081022
21.3677253,10.0,0.556086081022
-18.1817273,-10.0,0.556086081022
0.2217677,0.2217677,0.556086081022
-16.5467528,-10.0,0.556086081022
-18.790546,-10.0,0.556086081022
4.9840682,4.9840682,0.556086081022
-16.5826857,-10.0,0.556086081022
-13.0351899,-10.0,0.556086081022
-15.8395728,-10.0,0.556086081022
-17.9381091,-10.0,0.556086081022
-14.825038,-10.0,0.556086081022
-15.1117703,-10.0,0.556086081022
-16.365616,-10.0,0.556086081022
1.6823289,1.6823289,0.556086081022
-16.7353775,-10.0,0.556086081022
-16.0159318,-10.0,0.556086081022
-16.7590315,-10.0,0.556086081022
-16.3914252,-10.0,0.556086081022
-1.0108485,-1.0108485,0.556086081022
4.9763001,4.9763001,0.556086081022
-17.1708788,-10.0,0.556086081022
1.2326162,1.2326162,0.556086081022
-15.5359043,-10.0,0.556086081022
-17.7796975,-10.0,0.556086081022
5.9949167,5.9949167,0.556086081022
-15.5718372,-10.0,0.556086081022
-12.0243414,-10.0,0.556086081022
-14.8287243,-10.0,0.556086081022
-16.9272606,-10.0,0.556086081022
-13.8141895,-10.0,0.556086081022
-14.1009218,-10.0,0.556086081022
-15.3547675,-10.0,0.556086081022
2.6931774,2.6931774,0.556086081022
-15.724529,-10.0,0.556086081022
-15.0050833,-10.0,0.556086081022
-15.748183,-10.0,0.556086081022
-15.3805767,-10.0,0.556086081022
1.0108485,1.0108485,0.556086081022
5.9871486,5.9871486,0.556086081022
-23.1580274,-10.0,0.556086081022
-4.7545324,-4.7545324,0.556086081022
-21.5230529,-10.0,0.556086081022
-23.7668461,-10.0,0.556086081022
0.0077681,0.0077681,0.556086081022
-21.5589858,-10.0,0.556086081022
-18.01149,-10.0,0.556086081022
-20.8158729,-10.0,0.556086081022
-22.9144092,-10.0,0.556086081022
-19.8013381,-10.0,0.556086081022
-20.0880704,-10.0,0.556086081022
-21.3419161,-10.0,0.556086081022
-3.2939712,-3.2939712,0.556086081022
-21.7116776,-10.0,0.556086081022
-20.9922319,-10.0,0.556086081022
-21.7353316,-10.0,0.556086081022
-21.3677253,-10.0,0.556086081022
-4.9763001,-4.9763001,0.556086081022
-5.9871486,-5.9871486,0.556086081022
18.2534529,10.0,0.368473857343
1.9698558,1.9698558,0.368473857343
0.8348434,0.8348434,0.368473857343
1.460542,1.460542,0.368473857343
17.6200585,10.0,0.368473857343
18.0086301,10.0,0.368473857343
3.7496301,3.7496301,0.368473857343
0.9663469,0.9663469,0.368473857343
4.0410226,4.0410226,0.368473857343
21.0,10.0,0.368473857343
3.0568868,3.0568868,0.368473857343
19.033161,10.0,0.368473857343
19.8495176,10.0,0.368473857343
1.6508072,1.6508072,0.368473857343
3.7947899,3.7947899,0.368473857343
3.5033575,3.5033575,0.368473857343
2.9267263,2.9267263,0.368473857343
16.1692625,10.0,0.368473857343
0.7847779,0.7847779,0.368473857343
-18.2534529,-10.0,0.368473857343
-16.2835971,-10.0,0.368473857343
-17.4186095,-10.0,0.368473857343
-16.7929109,-10.0,0.368473857343
-0.6333944,-0.6333944,0.368473857343
-0.2448228,-0.2448228,0.368473857343
-14.5038228,-10.0,0.368473857343
-17.287106,-10.0,0.368473857343
-14.2124303,-10.0,0.368473857343
2.7465471,2.7465471,0.368473857343
-15.1965661,-10.0,0.368473857343
0.7797081,0.7797081,0.368473857343
1.5960647,1.5960647,0.368473857343
-16.6026457,-10.0,0.368473857343
-14.458663,-10.0,0.368473857343
-14.7500954,-10.0,0.368473857343
-15.3267266,-10.0,0.368473857343
-2.0841904,-2.0841904,0.368473857343
-17.468675,-10.0,0.368473857343
-1.9698558,-1.9698558,0.368473857343
16.2835971,10.0,0.368473857343
-1.1350124,-1.1350124,0.368473857343
-0.5093138,-0.5093138,0.368473857343
15.6502027,10.0,0.368473857343
16.0387743,10.0,0.368473857343
1.7797743,1.7797743,0.368473857343
-1.0035089,-1.0035089,0.368473857343
2.0711668,2.0711668,0.368473857343
19.0301442,10.0,0.368473857343
1.087031,1.087031,0.368473857343
17.0633052,10.0,0.368473857343
17.8796618,10.0,0.368473857343
-0.3190486,-0.3190486,0.368473857343
1.8249341,1.8249341,0.368473857343
1.5335017,1.5335017,0.368473857343
0.9568705,0.9568705,0.368473857343
14.1994067,10.0,0.368473857343
-1.1850779,-1.1850779,0.368473857343
-0.8348434,-0.8348434,0.368473857343
17.4186095,10.0,0.368473857343
1.1350124,1.1350124,0.368473857343
0.6256986,0.6256986,0.368473857343
16.7852151,10.0,0.368473857343
17.1737867,10.0,0.368473857343
2.9147867,2.9147867,0.368473857343
0.1315035,0.1315035,0.368473857343
3.2061792,3.2061792,0.368473857343
20.1651566,10.0,0.368473857343
2.2220434,2.2220434,0.368473857343
18.1983176,10.0,0.368473857343
19.0146742,10.0,0.368473857343
0.8159638,0.8159638,0.368473857343
2.9599465,2.9599465,0.368473857343
2.6685141,2.6685141,0.368473857343
2.0918829,2.0918829,0.368473857343
15.3344191,10.0,0.368473857343
-0.0500655,-0.0500655,0.368473857343
-1.460542,-1.460542,0.368473857343
16.7929109,10.0,0.368473857343
0.5093138,0.5093138,0.368473857343
-0.6256986,-0.6256986,0.368473857343
16.1595165,10.0,0.368473857343
16.5480881,10.0,0.368473857343
2.2890881,2.2890881,0.368473857343
-0.4941951,-0.4941951,0.368473857343
2.5804806,2.5804806,0.368473857343
19.539458,10.0,0.368473857343
1.5963448,1.5963448,0.368473857343
17.572619,10.0,0.368473857343
18.3889756,10.0,0.368473857343
0.1902652,0.1902652,0.368473857343
2.3342479,2.3342479,0.368473857343
2.0428155,2.0428155,0.368473857343
1.4661843,1.4661843,0.368473857343
14.7087205,10.0,0.368473857343
-0.6757641,-0.6757641,0.368473857343
-17.6200585,-10.0,0.368473857343
0.6333944,0.6333944,0.368473857343
-15.6502027,-10.0,0.368473857343
-16.7852151,-10.0,0.368473857343
-16.1595165,-10.0,0.368473857343
0.3885716,0.3885716,0.368473857343
-13.8704284,-10.0,0.368473857343
-16.6537116,-10.0,0.368473857343
-13.5790359,-10.0,0.368473857343
3.3799415,3.3799415,0.368473857343
-14.5631717,-10.0,0.368473857343
1.4131025,1.4131025,0.368473857343
2.2294591,2.2294591,0.368473857343
-15.9692513,-10.0,0.368473857343
-13.8252686,-10.0,0.368473857343
-14.116701,-10.0,0.368473857343
-14.6933322,-10.0,0.368473857343
-1.450796,-1.450796,0.368473857343
-16.8352806,-10.0,0.368473857343
-18.0086301,-10.0,0.368473857343
0.2448228,0.2448228,0.368473857343
-16.0387743,-10.0,0.368473857343
-17.1737867,-10.0,0.368473857343
-16.5480881,-10.0,0.368473857343
-0.3885716,-0.3885716,0.368473857343
-14.259,-10.0,0.368473857343
-17.0422832,-10.0,0.368473857343
-13.9676075,-10.0,0.368473857343
2.9913699,2.9913699,0.368473857343
-14.9517433,-10.0,0.368473857343
1.0245309,1.0245309,0.368473857343
1.8408875,1.8408875,0.368473857343
-16.3578229,-10.0,0.368473857343
-14.2138402,-10.0,0.368473857343
-14.5052726,-10.0,0.368473857343
-15.0819038,-10.0,0.368473857343
-1.8393676,-1.8393676,0.368473857343
-17.2238522,-10.0,0.368473857343
-3.7496301,-3.7496301,0.368473857343
14.5038228,10.0,0.368473857343
-1.7797743,-1.7797743,0.368473857343
-2.9147867,-2.9147867,0.368473857343
-2.2890881,-2.2890881,0.368473857343
13.8704284,10.0,0.368473857343
14.259,10.0,0.368473857343
-2.7832832,-2.7832832,0.368473857343
0.2913925,0.2913925,0.368473857343
17.2503699,10.0,0.368473857343
-0.6927433,-0.6927433,0.368473857343
15.2835309,10.0,0.368473857343
16.0998875,10.0,0.368473857343
-2.0988229,-2.0988229,0.368473857343
0.0451598,0.0451598,0.368473857343
-0.2462726,-0.2462726,0.368473857343
-0.8229038,-0.8229038,0.368473857343
12.4196324,10.0,0.368473857343
-2.9648522,-2.9648522,0.368473857343
-0.9663469,-0.9663469,0.368473857343
17.287106,10.0,0.368473857343
1.0035089,1.0035089,0.368473857343
-0.1315035,-0.1315035,0.368473857343
0.4941951,0.4941951,0.368473857343
16.6537116,10.0,0.368473857343
17.0422832,10.0,0.368473857343
2.7832832,2.7832832,0.368473857343
3.0746757,3.0746757,0.368473857343
20.0336531,10.0,0.368473857343
2.0905399,2.0905399,0.368473857343
18.0668141,10.0,0.368473857343
18.8831707,10.0,0.368473857343
0.6844603,0.6844603,0.368473857343
2.828443,2.828443,0.368473857343
2.5370106,2.5370106,0.368473857343
1.9603794,1.9603794,0.368473857343
15.2029156,10.0,0.368473857343
-0.181569,-0.181569,0.368473857343
-4.0410226,-4.0410226,0.368473857343
14.2124303,10.0,0.368473857343
-2.0711668,-2.0711668,0.368473857343
-3.2061792,-3.2061792,0.368473857343
-2.5804806,-2.5804806,0.368473857343
13.5790359,10.0,0.368473857343
13.9676075,10.0,0.368473857343
-0.2913925,-0.2913925,0.368473857343
-3.0746757,-3.0746757,0.368473857343
16.9589774,10.0,0.368473857343
-0.9841358,-0.9841358,0.368473857343
14.9921384,10.0,0.368473857343
15.808495,10.0,0.368473857343
-2.3902154,-2.3902154,0.368473857343
-0.2462327,-0.2462327,0.368473857343
-0.5376651,-0.5376651,0.368473857343
-1.1142963,-1.1142963,0.368473857343
12.1282399,10.0,0.368473857343
-3.2562447,-3.2562447,0.368473857343
-21.0,-10.0,0.368473857343
-2.7465471,-2.7465471,0.368473857343
-19.0301442,-10.0,0.368473857343
-20.1651566,-10.0,0.368473857343
-19.539458,-10.0,0.368473857343
-3.3799415,-3.3799415,0.368473857343
-2.9913699,-2.9913699,0.368473857343
-17.2503699,-10.0,0.368473857343
-20.0336531,-10.0,0.368473857343
-16.9589774,-10.0,0.368473857343
-17.9431132,-10.0,0.368473857343
-1.966839,-1.966839,0.368473857343
-1.1504824,-1.1504824,0.368473857343
-19.3491928,-10.0,0.368473857343
-17.2052101,-10.0,0.368473857343
-17.4966425,-10.0,0.368473857343
-18.0732737,-10.0,0.368473857343
-4.8307375,-4.8307375,0.368473857343
-20.2152221,-10.0,0.368473857343
-3.0568868,-3.0568868,0.368473857343
15.1965661,10.0,0.368473857343
-1.087031,-1.087031,0.368473857343
-2.2220434,-2.2220434,0.368473857343
-1.5963448,-1.5963448,0.368473857343
14.5631717,10.0,0.368473857343
14.9517433,10.0,0.368473857343
0.6927433,0.6927433,0.368473857343
-2.0905399,-2.0905399,0.368473857343
0.9841358,0.9841358,0.368473857343
17.9431132,10.0,0.368473857343
15.9762742,10.0,0.368473857343
16.7926308,10.0,0.368473857343
-1.4060796,-1.4060796,0.368473857343
0.7379031,0.7379031,0.368473857343
0.4464707,0.4464707,0.368473857343
-0.1301605,-0.1301605,0.368473857343
13.1123757,10.0,0.368473857343
-2.2721089,-2.2721089,0.368473857343
-19.033161,-10.0,0.368473857343
-0.7797081,-0.7797081,0.368473857343
-17.0633052,-10.0,0.368473857343
-18.1983176,-10.0,0.368473857343
-17.572619,-10.0,0.368473857343
-1.4131025,-1.4131025,0.368473857343
-1.0245309,-1.0245309,0.368473857343
-15.2835309,-10.0,0.368473857343
-18.0668141,-10.0,0.368473857343
-14.9921384,-10.0,0.368473857343
1.966839,1.966839,0.368473857343
-15.9762742,-10.0,0.368473857343
0.8163566,0.8163566,0.368473857343
-17.3823538,-10.0,0.368473857343
-15.2383711,-10.0,0.368473857343
-15.5298035,-10.0,0.368473857343
-16.1064347,-10.0,0.368473857343
-2.8638985,-2.8638985,0.368473857343
-18.2483831,-10.0,0.368473857343
-19.8495176,-10.0,0.368473857343
-1.5960647,-1.5960647,0.368473857343
-17.8796618,-10.0,0.368473857343
-19.0146742,-10.0,0.368473857343
-18.3889756,-10.0,0.368473857343
-2.2294591,-2.2294591,0.368473857343
-1.8408875,-1.8408875,0.368473857343
-16.0998875,-10.0,0.368473857343
-18.8831707,-10.0,0.368473857343
-15.808495,-10.0,0.368473857343
1.1504824,1.1504824,0.368473857343
-16.7926308,-10.0,0.368473857343
-0.8163566,-0.8163566,0.368473857343
-18.1987104,-10.0,0.368473857343
-16.0547277,-10.0,0.368473857343
-16.3461601,-10.0,0.368473857343
-16.9227913,-10.0,0.368473857343
-3.6802551,-3.6802551,0.368473857343
-19.0647397,-10.0,0.368473857343
-1.6508072,-1.6508072,0.368473857343
16.6026457,10.0,0.368473857343
0.3190486,0.3190486,0.368473857343
-0.8159638,-0.8159638,0.368473857343
-0.1902652,-0.1902652,0.368473857343
15.9692513,10.0,0.368473857343
16.3578229,10.0,0.368473857343
2.0988229,2.0988229,0.368473857343
-0.6844603,-0.6844603,0.368473857343
2.3902154,2.3902154,0.368473857343
19.3491928,10.0,0.368473857343
1.4060796,1.4060796,0.368473857343
17.3823538,10.0,0.368473857343
18.1987104,10.0,0.368473857343
2.1439827,2.1439827,0.368473857343
1.8525503,1.8525503,0.368473857343
1.2759191,1.2759191,0.368473857343
14.5184553,10.0,0.368473857343
-0.8660293,-0.8660293,0.368473857343
-3.7947899,-3.7947899,0.368473857343
14.458663,10.0,0.368473857343
-1.8249341,-1.8249341,0.368473857343
-2.9599465,-2.9599465,0.368473857343
-2.3342479,-2.3342479,0.368473857343
13.8252686,10.0,0.368473857343
14.2138402,10.0,0.368473857343
-0.0451598,-0.0451598,0.368473857343
-2.828443,-2.828443,0.368473857343
0.2462327,0.2462327,0.368473857343
17.2052101,10.0,0.368473857343
-0.7379031,-0.7379031,0.368473857343
15.2383711,10.0,0.368473857343
16.0547277,10.0,0.368473857343
-2.1439827,-2.1439827,0.368473857343
-0.2914324,-0.2914324,0.368473857343
-0.8680636,-0.8680636,0.368473857343
12.3744726,10.0,0.368473857343
-3.010012,-3.010012,0.368473857343
-3.5033575,-3.5033575,0.368473857343
14.7500954,10.0,0.368473857343
-1.5335017,-1.5335017,0.368473857343
-2.6685141,-2.6685141,0.368473857343
-2.0428155,-2.0428155,0.368473857343
14.116701,10.0,0.368473857343
14.5052726,10.0,0.368473857343
0.2462726,0.2462726,0.368473857343
-2.5370106,-2.5370106,0.368473857343
0.5376651,0.5376651,0.368473857343
17.4966425,10.0,0.368473857343
-0.4464707,-0.4464707,0.368473857343
15.5298035,10.0,0.368473857343
16.3461601,10.0,0.368473857343
-1.8525503,-1.8525503,0.368473857343
0.2914324,0.2914324,0.368473857343
-0.5766312,-0.5766312,0.368473857343
12.665905,10.0,0.368473857343
-2.7185796,-2.7185796,0.368473857343
-2.9267263,-2.9267263,0.368473857343
15.3267266,10.0,0.368473857343
-0.9568705,-0.9568705,0.368473857343
-2.0918829,-2.0918829,0.368473857343
-1.4661843,-1.4661843,0.368473857343
14.6933322,10.0,0.368473857343
15.0819038,10.0,0.368473857343
0.8229038,0.8229038,0.368473857343
-1.9603794,-1.9603794,0.368473857343
1.1142963,1.1142963,0.368473857343
18.0732737,10.0,0.368473857343
0.1301605,0.1301605,0.368473857343
16.1064347,10.0,0.368473857343
16.9227913,10.0,0.368473857343
-1.2759191,-1.2759191,0.368473857343
0.8680636,0.8680636,0.368473857343
0.5766312,0.5766312,0.368473857343
13.2425362,10.0,0.368473857343
-2.1419484,-2.1419484,0.368473857343
-16.1692625,-10.0,0.368473857343
2.0841904,2.0841904,0.368473857343
-14.1994067,-10.0,0.368473857343
-15.3344191,-10.0,0.368473857343
-14.7087205,-10.0,0.368473857343
1.450796,1.450796,0.368473857343
1.8393676,1.8393676,0.368473857343
-12.4196324,-10.0,0.368473857343
-15.2029156,-10.0,0.368473857343
-12.1282399,-10.0,0.368473857343
4.8307375,4.8307375,0.368473857343
-13.1123757,-10.0,0.368473857343
2.8638985,2.8638985,0.368473857343
3.6802551,3.6802551,0.368473857343
-14.5184553,-10.0,0.368473857343
-12.3744726,-10.0,0.368473857343
-12.665905,-10.0,0.368473857343
-13.2425362,-10.0,0.368473857343
-15.3844846,-10.0,0.368473857343
-0.7847779,-0.7847779,0.368473857343
17.468675,10.0,0.368473857343
1.1850779,1.1850779,0.368473857343
0.0500655,0.0500655,0.368473857343
0.6757641,0.6757641,0.368473857343
16.8352806,10.0,0.368473857343
17.2238522,10.0,0.368473857343
2.9648522,2.9648522,0.368473857343
0.181569,0.181569,0.368473857343
3.2562447,3.2562447,0.368473857343
20.2152221,10.0,0.368473857343
2.2721089,2.2721089,0.368473857343
18.2483831,10.0,0.368473857343
19.0647397,10.0,0.368473857343
0.8660293,0.8660293,0.368473857343
3.010012,3.010012,0.368473857343
2.7185796,2.7185796,0.368473857343
2.1419484,2.1419484,0.368473857343
15.3844846,10.0,0.368473857343
13.425406,10.0,0.119237142974
-3.7647173,-3.7647173,0.119237142974
4.9310137,4.9310137,0.119237142974
12.9614725,10.0,0.119237142974
-3.2245117,-3.2245117,0.119237142974
-6.7812779,-6.7812779,0.119237142974
6.3771365,6.3771365,0.119237142974
14.218722,10.0,0.119237142974
13.8735751,10.0,0.119237142974
8.1576679,8.1576679,0.119237142974
-1.7886525,-1.7886525,0.119237142974
14.1616214,10.0,0.119237142974
-2.3395277,-2.3395277,0.119237142974
9.2437253,9.2437253,0.119237142974
-4.7267867,-4.7267867,0.119237142974
6.6291891,6.6291891,0.119237142974
12.856358,10.0,0.119237142974
7.5031938,7.5031938,0.119237142974
-3.4160061,-3.4160061,0.119237142974
-13.425406,-10.0,0.119237142974
-17.1901233,-10.0,0.119237142974
-8.4943923,-8.4943923,0.119237142974
-0.4639335,-0.4639335,0.119237142974
-16.6499177,-10.0,0.119237142974
-20.2066839,-10.0,0.119237142974
-7.0482695,-7.0482695,0.119237142974
0.793316,0.793316,0.119237142974
0.4481691,0.4481691,0.119237142974
-5.2677381,-5.2677381,0.119237142974
-15.2140585,-10.0,0.119237142974
0.7362154,0.7362154,0.119237142974
-15.7649337,-10.0,0.119237142974
-4.1816807,-4.1816807,0.119237142974
-18.1521927,-10.0,0.119237142974
-6.7962169,-6.7962169,0.119237142974
-0.569048,-0.569048,0.119237142974
-5.9222122,-5.9222122,0.119237142974
-16.8414121,-10.0,0.119237142974
3.7647173,3.7647173,0.119237142974
17.1901233,10.0,0.119237142974
8.695731,8.695731,0.119237142974
16.7261898,10.0,0.119237142974
0.5402056,0.5402056,0.119237142974
-3.0165606,-3.0165606,0.119237142974
10.1418538,10.0,0.119237142974
17.9834393,10.0,0.119237142974
17.6382924,10.0,0.119237142974
11.9223852,10.0,0.119237142974
1.9760648,1.9760648,0.119237142974
17.9263387,10.0,0.119237142974
1.4251896,1.4251896,0.119237142974
13.0084426,10.0,0.119237142974
-0.9620694,-0.9620694,0.119237142974
10.3939064,10.0,0.119237142974
16.6210753,10.0,0.119237142974
11.2679111,10.0,0.119237142974
0.3487112,0.3487112,0.119237142974
-4.9310137,-4.9310137,0.119237142974
8.4943923,8.4943923,0.119237142974
-8.695731,-8.695731,0.119237142974
8.0304588,8.0304588,0.119237142974
-8.1555254,-8.1555254,0.119237142974
-11.7122916,-10.0,0.119237142974
1.4461228,1.4461228,0.119237142974
9.2877083,9.2877083,0.119237142974
8.9425614,8.9425614,0.119237142974
3.2266542,3.2266542,0.119237142974
-6.7196662,-6.7196662,0.119237142974
9.2306077,9.2306077,0.119237142974
-7.2705414,-7.2705414,0.119237142974
4.3127116,4.3127116,0.119237142974
-9.6578004,-9.6578004,0.119237142974
1.6981754,1.6981754,0.119237142974
7.9253443,7.9253443,0.119237142974
2.5721801,2.5721801,0.119237142974
-8.3470198,-8.3470198,0.119237142974
-12.9614725,-10.0,0.119237142974
0.4639335,0.4639335,0.119237142974
-16.7261898,-10.0,0.119237142974
-8.0304588,-8.0304588,0.119237142974
-16.1859842,-10.0,0.119237142974
-19.7427504,-10.0,0.119237142974
-6.584336,-6.584336,0.119237142974
1.2572495,1.2572495,0.119237142974
0.9121026,0.9121026,0.119237142974
-4.8038046,-4.8038046,0.119237142974
-14.750125,-10.0,0.119237142974
1.2001489,1.2001489,0.119237142974
-15.3010002,-10.0,0.119237142974
-3.7177472,-3.7177472,0.119237142974
-17.6882592,-10.0,0.119237142974
-6.3322834,-6.3322834,0.119237142974
-0.1051145,-0.1051145,0.119237142974
-5.4582787,-5.4582787,0.119237142974
-16.3774786,-10.0,0.119237142974
3.2245117,3.2245117,0.119237142974
16.6499177,10.0,0.119237142974
-0.5402056,-0.5402056,0.119237142974
8.1555254,8.1555254,0.119237142974
16.1859842,10.0,0.119237142974
-3.5567662,-3.5567662,0.119237142974
9.6016482,9.6016482,0.119237142974
17.4432337,10.0,0.119237142974
17.0980868,10.0,0.119237142974
11.3821796,10.0,0.119237142974
1.4358592,1.4358592,0.119237142974
17.3861331,10.0,0.119237142974
0.884984,0.884984,0.119237142974
12.468237,10.0,0.119237142974
-1.502275,-1.502275,0.119237142974
9.8537008,9.8537008,0.119237142974
16.0808697,10.0,0.119237142974
10.7277055,10.0,0.119237142974
-0.1914944,-0.1914944,0.119237142974
6.7812779,6.7812779,0.119237142974
20.2066839,10.0,0.119237142974
3.0165606,3.0165606,0.119237142974
11.7122916,10.0,0.119237142974
19.7427504,10.0,0.119237142974
3.5567662,3.5567662,0.119237142974
13.1584144,10.0,0.119237142974
20.9999999,10.0,0.119237142974
20.654853,10.0,0.119237142974
14.9389458,10.0,0.119237142974
4.9926254,4.9926254,0.119237142974
20.9428993,10.0,0.119237142974
4.4417502,4.4417502,0.119237142974
16.0250032,10.0,0.119237142974
2.0544912,2.0544912,0.119237142974
13.410467,10.0,0.119237142974
19.6376359,10.0,0.119237142974
14.2844717,10.0,0.119237142974
3.3652718,3.3652718,0.119237142974
-6.3771365,-6.3771365,0.119237142974
7.0482695,7.0482695,0.119237142974
-10.1418538,-10.0,0.119237142974
-1.4461228,-1.4461228,0.119237142974
6.584336,6.584336,0.119237142974
-9.6016482,-9.6016482,0.119237142974
-13.1584144,-10.0,0.119237142974
7.8415855,7.8415855,0.119237142974
7.4964386,7.4964386,0.119237142974
1.7805314,1.7805314,0.119237142974
-8.165789,-8.165789,0.119237142974
7.7844849,7.7844849,0.119237142974
-8.7166642,-8.7166642,0.119237142974
2.8665888,2.8665888,0.119237142974
-11.1039232,-10.0,0.119237142974
0.2520526,0.2520526,0.119237142974
6.4792215,6.4792215,0.119237142974
1.1260573,1.1260573,0.119237142974
-9.7931426,-9.7931426,0.119237142974
-14.218722,-10.0,0.119237142974
-0.793316,-0.793316,0.119237142974
-17.9834393,-10.0,0.119237142974
-9.2877083,-9.2877083,0.119237142974
-1.2572495,-1.2572495,0.119237142974
-17.4432337,-10.0,0.119237142974
-20.9999999,-10.0,0.119237142974
-7.8415855,-7.8415855,0.119237142974
-0.3451469,-0.3451469,0.119237142974
-6.0610541,-6.0610541,0.119237142974
-16.0073745,-10.0,0.119237142974
-0.0571006,-0.0571006,0.119237142974
-16.5582497,-10.0,0.119237142974
-4.9749967,-4.9749967,0.119237142974
-18.9455087,-10.0,0.119237142974
-7.5895329,-7.5895329,0.119237142974
-1.362364,-1.362364,0.119237142974
-6.7155282,-6.7155282,0.119237142974
-17.6347281,-10.0,0.119237142974
-13.8735751,-10.0,0.119237142974
-0.4481691,-0.4481691,0.119237142974
-17.6382924,-10.0,0.119237142974
-8.9425614,-8.9425614,0.119237142974
-0.9121026,-0.9121026,0.119237142974
-17.0980868,-10.0,0.119237142974
-20.654853,-10.0,0.119237142974
-7.4964386,-7.4964386,0.119237142974
0.3451469,0.3451469,0.119237142974
-5.7159072,-5.7159072,0.119237142974
-15.6622276,-10.0,0.119237142974
0.2880463,0.2880463,0.119237142974
-16.2131028,-10.0,0.119237142974
-4.6298498,-4.6298498,0.119237142974
-18.6003618,-10.0,0.119237142974
-7.244386,-7.244386,0.119237142974
-1.0172171,-1.0172171,0.119237142974
-6.3703813,-6.3703813,0.119237142974
-17.2895812,-10.0,0.119237142974
-8.1576679,-8.1576679,0.119237142974
5.2677381,5.2677381,0.119237142974
-11.9223852,-10.0,0.119237142974
-3.2266542,-3.2266542,0.119237142974
4.8038046,4.8038046,0.119237142974
-11.3821796,-10.0,0.119237142974
-14.9389458,-10.0,0.119237142974
-1.7805314,-1.7805314,0.119237142974
6.0610541,6.0610541,0.119237142974
5.7159072,5.7159072,0.119237142974
-9.9463204,-9.9463204,0.119237142974
6.0039535,6.0039535,0.119237142974
-10.4971956,-10.0,0.119237142974
1.0860574,1.0860574,0.119237142974
-12.8844546,-10.0,0.119237142974
-1.5284788,-1.5284788,0.119237142974
4.6986901,4.6986901,0.119237142974
-0.6544741,-0.6544741,0.119237142974
-11.573674,-10.0,0.119237142974
1.7886525,1.7886525,0.119237142974
15.2140585,10.0,0.119237142974
-1.9760648,-1.9760648,0.119237142974
6.7196662,6.7196662,0.119237142974
14.750125,10.0,0.119237142974
-1.4358592,-1.4358592,0.119237142974
-4.9926254,-4.9926254,0.119237142974
8.165789,8.165789,0.119237142974
16.0073745,10.0,0.119237142974
15.6622276,10.0,0.119237142974
9.9463204,9.9463204,0.119237142974
15.9502739,10.0,0.119237142974
-0.5508752,-0.5508752,0.119237142974
11.0323778,10.0,0.119237142974
-2.9381342,-2.9381342,0.119237142974
8.4178416,8.4178416,0.119237142974
14.6450105,10.0,0.119237142974
9.2918463,9.2918463,0.119237142974
-1.6273536,-1.6273536,0.119237142974
-14.1616214,-10.0,0.119237142974
-0.7362154,-0.7362154,0.119237142974
-17.9263387,-10.0,0.119237142974
-9.2306077,-9.2306077,0.119237142974
-1.2001489,-1.2001489,0.119237142974
-17.3861331,-10.0,0.119237142974
-20.9428993,-10.0,0.119237142974
-7.7844849,-7.7844849,0.119237142974
0.0571006,0.0571006,0.119237142974
-0.2880463,-0.2880463,0.119237142974
-6.0039535,-6.0039535,0.119237142974
-15.9502739,-10.0,0.119237142974
-16.5011491,-10.0,0.119237142974
-4.9178961,-4.9178961,0.119237142974
-18.8884081,-10.0,0.119237142974
-7.5324323,-7.5324323,0.119237142974
-1.3052634,-1.3052634,0.119237142974
-6.6584276,-6.6584276,0.119237142974
-17.5776275,-10.0,0.119237142974
2.3395277,2.3395277,0.119237142974
15.7649337,10.0,0.119237142974
-1.4251896,-1.4251896,0.119237142974
7.2705414,7.2705414,0.119237142974
15.3010002,10.0,0.119237142974
-0.884984,-0.884984,0.119237142974
-4.4417502,-4.4417502,0.119237142974
8.7166642,8.7166642,0.119237142974
16.5582497,10.0,0.119237142974
16.2131028,10.0,0.119237142974
10.4971956,10.0,0.119237142974
0.5508752,0.5508752,0.119237142974
16.5011491,10.0,0.119237142974
11.583253,10.0,0.119237142974
-2.387259,-2.387259,0.119237142974
8.9687168,8.9687168,0.119237142974
15.1958857,10.0,0.119237142974
9.8427215,9.8427215,0.119237142974
-1.0764784,-1.0764784,0.119237142974
-9.2437253,-9.2437253,0.119237142974
4.1816807,4.1816807,0.119237142974
-13.0084426,-10.0,0.119237142974
-4.3127116,-4.3127116,0.119237142974
3.7177472,3.7177472,0.119237142974
-12.468237,-10.0,0.119237142974
-16.0250032,-10.0,0.119237142974
-2.8665888,-2.8665888,0.119237142974
4.9749967,4.9749967,0.119237142974
4.6298498,4.6298498,0.119237142974
-1.0860574,-1.0860574,0.119237142974
-11.0323778,-10.0,0.119237142974
4.9178961,4.9178961,0.119237142974
-11.583253,-10.0,0.119237142974
-13.970512,-10.0,0.119237142974
-2.6145362,-2.6145362,0.119237142974
3.6126327,3.6126327,0.119237142974
-1.7405315,-1.7405315,0.119237142974
-12.6597314,-10.0,0.119237142974
4.7267867,4.7267867,0.119237142974
18.1521927,10.0,0.119237142974
0.9620694,0.9620694,0.119237142974
9.6578004,9.6578004,0.119237142974
17.6882592,10.0,0.119237142974
1.502275,1.502275,0.119237142974
-2.0544912,-2.0544912,0.119237142974
11.1039232,10.0,0.119237142974
18.9455087,10.0,0.119237142974
18.6003618,10.0,0.119237142974
12.8844546,10.0,0.119237142974
2.9381342,2.9381342,0.119237142974
18.8884081,10.0,0.119237142974
2.387259,2.387259,0.119237142974
13.970512,10.0,0.119237142974
11.3559758,10.0,0.119237142974
17.5831447,10.0,0.119237142974
12.2299805,10.0,0.119237142974
1.3107806,1.3107806,0.119237142974
-6.6291891,-6.6291891,0.119237142974
6.7962169,6.7962169,0.119237142974
-10.3939064,-10.0,0.119237142974
-1.6981754,-1.6981754,0.119237142974
6.3322834,6.3322834,0.119237142974
-9.8537008,-9.8537008,0.119237142974
-13.410467,-10.0,0.119237142974
-0.2520526,-0.2520526,0.119237142974
7.5895329,7.5895329,0.119237142974
7.244386,7.244386,0.119237142974
1.5284788,1.5284788,0.119237142974
-8.4178416,-8.4178416,0.119237142974
7.5324323,7.5324323,0.119237142974
-8.9687168,-8.9687168,0.119237142974
2.6145362,2.6145362,0.119237142974
-11.3559758,-10.0,0.119237142974
6.2271689,6.2271689,0.119237142974
0.8740047,0.8740047,0.119237142974
-10.0451952,-10.0,0.119237142974
-12.856358,-10.0,0.119237142974
0.569048,0.569048,0.119237142974
-16.6210753,-10.0,0.119237142974
-7.9253443,-7.9253443,0.119237142974
0.1051145,0.1051145,0.119237142974
-16.0808697,-10.0,0.119237142974
-19.6376359,-10.0,0.119237142974
-6.4792215,-6.4792215,0.119237142974
1.362364,1.362364,0.119237142974
1.0172171,1.0172171,0.119237142974
-4.6986901,-4.6986901,0.119237142974
-14.6450105,-10.0,0.119237142974
1.3052634,1.3052634,0.119237142974
-15.1958857,-10.0,0.119237142974
-3.6126327,-3.6126327,0.119237142974
-17.5831447,-10.0,0.119237142974
-6.2271689,-6.2271689,0.119237142974
-5.3531642,-5.3531642,0.119237142974
-16.2723641,-10.0,0.119237142974
-7.5031938,-7.5031938,0.119237142974
5.9222122,5.9222122,0.119237142974
-11.2679111,-10.0,0.119237142974
-2.5721801,-2.5721801,0.119237142974
5.4582787,5.4582787,0.119237142974
-10.7277055,-10.0,0.119237142974
-14.2844717,-10.0,0.119237142974
-1.1260573,-1.1260573,0.119237142974
6.7155282,6.7155282,0.119237142974
6.3703813,6.3703813,0.119237142974
0.6544741,0.6544741,0.119237142974
-9.2918463,-9.2918463,0.119237142974
6.6584276,6.6584276,0.119237142974
-9.8427215,-9.8427215,0.119237142974
1.7405315,1.7405315,0.119237142974
-12.2299805,-10.0,0.119237142974
-0.8740047,-0.8740047,0.119237142974
5.3531642,5.3531642,0.119237142974
-10.9191999,-10.0,0.119237142974
3.4160061,3.4160061,0.119237142974
16.8414121,10.0,0.119237142974
-0.3487112,-0.3487112,0.119237142974
8.3470198,8.3470198,0.119237142974
16.3774786,10.0,0.119237142974
0.1914944,0.1914944,0.119237142974
-3.3652718,-3.3652718,0.119237142974
9.7931426,9.7931426,0.119237142974
17.6347281,10.0,0.119237142974
17.2895812,10.0,0.119237142974
11.573674,10.0,0.119237142974
1.6273536,1.6273536,0.119237142974
17.5776275,10.0,0.119237142974
1.0764784,1.0764784,0.119237142974
12.6597314,10.0,0.119237142974
-1.3107806,-1.3107806,0.119237142974
10.0451952,10.0,0.119237142974
16.2723641,10.0,0.119237142974
10.9191999,10.0,0.119237142974
1.3450385,1.3450385,0.0671803177698
-15.7513513,-10.0,0.0671803177698
1.3529988,1.3529988,0.0671803177698
-0.0216447,-0.0216447,0.0671803177698
-15.101031,-10.0,0.0671803177698
1.3155176,1.3155176,0.0671803177698
1.3511343,1.3511343,0.0671803177698
1.3530008,1.3530008,0.0671803177698
1.1341119,1.1341119,0.0671803177698
0.7625507,0.7625507,0.0671803177698
-15.7859176,-10.0,0.0671803177698
-19.646999,-10.0,0.0671803177698
1.3312638,1.3312638,0.0671803177698
-15.730514,-10.0,0.0671803177698
-15.3957807,-10.0,0.0671803177698
1.3530005,1.3530005,0.0671803177698
1.0850941,1.0850941,0.0671803177698
0.4049289,0.4049289,0.0671803177698
0.348144,0.348144,0.0671803177698
-1.3450385,-1.3450385,0.0671803177698
-17.0963898,-10.0,0.0671803177698
0.0079603,0.0079603,0.0671803177698
-1.3666832,-1.3666832,0.0671803177698
-16.4460695,-10.0,0.0671803177698
-0.0295209,-0.0295209,0.0671803177698
0.0060958,0.0060958,0.0671803177698
0.0079623,0.0079623,0.0671803177698
-0.2109266,-0.2109266,0.0671803177698
-0.5824878,-0.5824878,0.0671803177698
-17.1309561,-10.0,0.0671803177698
-20.9920375,-10.0,0.0671803177698
-0.0137747,-0.0137747,0.0671803177698
-17.0755525,-10.0,0.0671803177698
-16.7408192,-10.0,0.0671803177698
0.007962,0.007962,0.0671803177698
-0.2599444,-0.2599444,0.0671803177698
-0.9401096,-0.9401096,0.0671803177698
-0.9968945,-0.9968945,0.0671803177698
15.7513513,10.0,0.0671803177698
17.0963898,10.0,0.0671803177698
17.1043501,10.0,0.0671803177698
15.7297066,10.0,0.0671803177698
0.6503203,0.6503203,0.0671803177698
17.0668689,10.0,0.0671803177698
17.1024856,10.0,0.0671803177698
17.1043521,10.0,0.0671803177698
16.8854632,10.0,0.0671803177698
16.513902,10.0,0.0671803177698
-0.0345663,-0.0345663,0.0671803177698
-3.8956477,-3.8956477,0.0671803177698
17.0826151,10.0,0.0671803177698
0.0208373,0.0208373,0.0671803177698
0.3555706,0.3555706,0.0671803177698
17.1043518,10.0,0.0671803177698
16.8364454,10.0,0.0671803177698
16.1562802,10.0,0.0671803177698
16.0994953,10.0,0.0671803177698
-1.3529988,-1.3529988,0.0671803177698
-0.0079603,-0.0079603,0.0671803177698
-17.1043501,-10.0,0.0671803177698
-1.3746435,-1.3746435,0.0671803177698
-16.4540298,-10.0,0.0671803177698
-0.0374812,-0.0374812,0.0671803177698
-0.0018645,-0.0018645,0.0671803177698
2.00000000206e-06,2.00000000206e-06,0.0671803177698
-0.2188869,-0.2188869,0.0671803177698
-0.5904481,-0.5904481,0.0671803177698
-17.1389164,-10.0,0.0671803177698
-20.9999978,-10.0,0.0671803177698
-0.021735,-0.021735,0.0671803177698
-17.0835128,-10.0,0.0671803177698
-16.7487795,-10.0,0.0671803177698
1.7000000021e-06,1.7000000021e-06,0.0671803177698
-0.2679047,-0.2679047,0.0671803177698
-0.9480699,-0.9480699,0.0671803177698
-1.0048548,-1.0048548,0.0671803177698
0.0216447,0.0216447,0.0671803177698
1.3666832,1.3666832,0.0671803177698
-15.7297066,-10.0,0.0671803177698
1.3746435,1.3746435,0.0671803177698
-15.0793863,-10.0,0.0671803177698
1.3371623,1.3371623,0.0671803177698
1.372779,1.372779,0.0671803177698
1.3746455,1.3746455,0.0671803177698
1.1557566,1.1557566,0.0671803177698
0.7841954,0.7841954,0.0671803177698
-15.7642729,-10.0,0.0671803177698
-19.6253543,-10.0,0.0671803177698
1.3529085,1.3529085,0.0671803177698
-15.7088693,-10.0,0.0671803177698
-15.374136,-10.0,0.0671803177698
1.3746452,1.3746452,0.0671803177698
1.1067388,1.1067388,0.0671803177698
0.4265736,0.4265736,0.0671803177698
0.3697887,0.3697887,0.0671803177698
15.101031,10.0,0.0671803177698
16.4460695,10.0,0.0671803177698
-0.6503203,-0.6503203,0.0671803177698
16.4540298,10.0,0.0671803177698
15.0793863,10.0,0.0671803177698
16.4165486,10.0,0.0671803177698
16.4521653,10.0,0.0671803177698
16.4540318,10.0,0.0671803177698
16.2351429,10.0,0.0671803177698
15.8635817,10.0,0.0671803177698
-0.6848866,-0.6848866,0.0671803177698
-4.545968,-4.545968,0.0671803177698
16.4322948,10.0,0.0671803177698
-0.629483,-0.629483,0.0671803177698
-0.2947497,-0.2947497,0.0671803177698
16.4540315,10.0,0.0671803177698
16.1861251,10.0,0.0671803177698
15.5059599,10.0,0.0671803177698
15.449175,10.0,0.0671803177698
-1.3155176,-1.3155176,0.0671803177698
0.0295209,0.0295209,0.0671803177698
-17.0668689,-10.0,0.0671803177698
0.0374812,0.0374812,0.0671803177698
-1.3371623,-1.3371623,0.0671803177698
-16.4165486,-10.0,0.0671803177698
0.0356167,0.0356167,0.0671803177698
0.0374832,0.0374832,0.0671803177698
-0.1814057,-0.1814057,0.0671803177698
-0.5529669,-0.5529669,0.0671803177698
-17.1014352,-10.0,0.0671803177698
-20.9625166,-10.0,0.0671803177698
0.0157462,0.0157462,0.0671803177698
-17.0460316,-10.0,0.0671803177698
-16.7112983,-10.0,0.0671803177698
0.0374829,0.0374829,0.0671803177698
-0.2304235,-0.2304235,0.0671803177698
-0.9105887,-0.9105887,0.0671803177698
-0.9673736,-0.9673736,0.0671803177698
-1.3511343,-1.3511343,0.0671803177698
-0.0060958,-0.0060958,0.0671803177698
-17.1024856,-10.0,0.0671803177698
0.0018645,0.0018645,0.0671803177698
-1.372779,-1.372779,0.0671803177698
-16.4521653,-10.0,0.0671803177698
-0.0356167,-0.0356167,0.0671803177698
0.0018665,0.0018665,0.0671803177698
-0.2170224,-0.2170224,0.0671803177698
-0.5885836,-0.5885836,0.0671803177698
-17.1370519,-10.0,0.0671803177698
-20.9981333,-10.0,0.0671803177698
-0.0198705,-0.0198705,0.0671803177698
-17.0816483,-10.0,0.0671803177698
-16.746915,-10.0,0.0671803177698
0.0018662,0.0018662,0.0671803177698
-0.2660402,-0.2660402,0.0671803177698
-0.9462054,-0.9462054,0.0671803177698
-1.0029903,-1.0029903,0.0671803177698
-1.3530008,-1.3530008,0.0671803177698
-0.0079623,-0.0079623,0.0671803177698
-17.1043521,-10.0,0.0671803177698
-2.00000000206e-06,-2.00000000206e-06,0.0671803177698
-1.3746455,-1.3746455,0.0671803177698
-16.4540318,-10.0,0.0671803177698
-0.0374832,-0.0374832,0.0671803177698
-0.0018665,-0.0018665,0.0671803177698
-0.2188889,-0.2188889,0.0671803177698
-0.5904501,-0.5904501,0.0671803177698
-17.1389184,-10.0,0.0671803177698
-20.9999998,-10.0,0.0671803177698
-0.021737,-0.021737,0.0671803177698
-17.0835148,-10.0,0.0671803177698
-16.7487815,-10.0,0.0671803177698
-2.99999999953e-07,-2.99999999953e-07,0.0671803177698
-0.2679067,-0.2679067,0.0671803177698
-0.9480719,-0.9480719,0.0671803177698
-1.0048568,-1.0048568,0.0671803177698
-1.1341119,-1.1341119,0.0671803177698
0.2109266,0.2109266,0.0671803177698
-16.8854632,-10.0,0.0671803177698
0.2188869,0.2188869,0.0671803177698
-1.1557566,-1.1557566,0.0671803177698
-16.2351429,-10.0,0.0671803177698
0.1814057,0.1814057,0.0671803177698
0.2170224,0.2170224,0.0671803177698
0.2188889,0.2188889,0.0671803177698
-0.3715612,-0.3715612,0.0671803177698
-16.9200295,-10.0,0.0671803177698
-20.7811109,-10.0,0.0671803177698
0.1971519,0.1971519,0.0671803177698
-16.8646259,-10.0,0.0671803177698
-16.5298926,-10.0,0.0671803177698
0.2188886,0.2188886,0.0671803177698
-0.0490178,-0.0490178,0.0671803177698
-0.729183,-0.729183,0.0671803177698
-0.7859679,-0.7859679,0.0671803177698
-0.7625507,-0.7625507,0.0671803177698
0.5824878,0.5824878,0.0671803177698
-16.513902,-10.0,0.0671803177698
0.5904481,0.5904481,0.0671803177698
-0.7841954,-0.7841954,0.0671803177698
-15.8635817,-10.0,0.0671803177698
0.5529669,0.5529669,0.0671803177698
0.5885836,0.5885836,0.0671803177698
0.5904501,0.5904501,0.0671803177698
0.3715612,0.3715612,0.0671803177698
-16.5484683,-10.0,0.0671803177698
-20.4095497,-10.0,0.0671803177698
0.5687131,0.5687131,0.0671803177698
-16.4930647,-10.0,0.0671803177698
-16.1583314,-10.0,0.0671803177698
0.5904498,0.5904498,0.0671803177698
0.3225434,0.3225434,0.0671803177698
-0.3576218,-0.3576218,0.0671803177698
-0.4144067,-0.4144067,0.0671803177698
15.7859176,10.0,0.0671803177698
17.1309561,10.0,0.0671803177698
0.0345663,0.0345663,0.0671803177698
17.1389164,10.0,0.0671803177698
15.7642729,10.0,0.0671803177698
0.6848866,0.6848866,0.0671803177698
17.1014352,10.0,0.0671803177698
17.1370519,10.0,0.0671803177698
17.1389184,10.0,0.0671803177698
16.9200295,10.0,0.0671803177698
16.5484683,10.0,0.0671803177698
-3.8610814,-3.8610814,0.0671803177698
17.1171814,10.0,0.0671803177698
0.0554036,0.0554036,0.0671803177698
0.3901369,0.3901369,0.0671803177698
17.1389181,10.0,0.0671803177698
16.8710117,10.0,0.0671803177698
16.1908465,10.0,0.0671803177698
16.1340616,10.0,0.0671803177698
19.646999,10.0,0.0671803177698
20.9920375,10.0,0.0671803177698
3.8956477,3.8956477,0.0671803177698
20.9999978,10.0,0.0671803177698
19.6253543,10.0,0.0671803177698
4.545968,4.545968,0.0671803177698
20.9625166,10.0,0.0671803177698
20.9981333,10.0,0.0671803177698
20.9999998,10.0,0.0671803177698
20.7811109,10.0,0.0671803177698
20.4095497,10.0,0.0671803177698
3.8610814,3.8610814,0.0671803177698
20.9782628,10.0,0.0671803177698
3.916485,3.916485,0.0671803177698
4.2512183,4.2512183,0.0671803177698
20.9999995,10.0,0.0671803177698
20.7320931,10.0,0.0671803177698
20.0519279,10.0,0.0671803177698
19.995143,10.0,0.0671803177698
-1.3312638,-1.3312638,0.0671803177698
0.0137747,0.0137747,0.0671803177698
-17.0826151,-10.0,0.0671803177698
0.021735,0.021735,0.0671803177698
-1.3529085,-1.3529085,0.0671803177698
-16.4322948,-10.0,0.0671803177698
-0.0157462,-0.0157462,0.0671803177698
0.0198705,0.0198705,0.0671803177698
0.021737,0.021737,0.0671803177698
-0.1971519,-0.1971519,0.0671803177698
-0.5687131,-0.5687131,0.0671803177698
-17.1171814,-10.0,0.0671803177698
-20.9782628,-10.0,0.0671803177698
-17.0617778,-10.0,0.0671803177698
-16.7270445,-10.0,0.0671803177698
0.0217367,0.0217367,0.0671803177698
-0.2461697,-0.2461697,0.0671803177698
-0.9263349,-0.9263349,0.0671803177698
-0.9831198,-0.9831198,0.0671803177698
15.730514,10.0,0.0671803177698
17.0755525,10.0,0.0671803177698
-0.0208373,-0.0208373,0.0671803177698
17.0835128,10.0,0.0671803177698
15.7088693,10.0,0.0671803177698
0.629483,0.629483,0.0671803177698
17.0460316,10.0,0.0671803177698
17.0816483,10.0,0.0671803177698
17.0835148,10.0,0.0671803177698
16.8646259,10.0,0.0671803177698
16.4930647,10.0,0.0671803177698
-0.0554036,-0.0554036,0.0671803177698
-3.916485,-3.916485,0.0671803177698
17.0617778,10.0,0.0671803177698
0.3347333,0.3347333,0.0671803177698
17.0835145,10.0,0.0671803177698
16.8156081,10.0,0.0671803177698
16.1354429,10.0,0.0671803177698
16.078658,10.0,0.0671803177698
15.3957807,10.0,0.0671803177698
16.7408192,10.0,0.0671803177698
-0.3555706,-0.3555706,0.0671803177698
16.7487795,10.0,0.0671803177698
15.374136,10.0,0.0671803177698
0.2947497,0.2947497,0.0671803177698
16.7112983,10.0,0.0671803177698
16.746915,10.0,0.0671803177698
16.7487815,10.0,0.0671803177698
16.5298926,10.0,0.0671803177698
16.1583314,10.0,0.0671803177698
-0.3901369,-0.3901369,0.0671803177698
-4.2512183,-4.2512183,0.0671803177698
16.7270445,10.0,0.0671803177698
-0.3347333,-0.3347333,0.0671803177698
16.7487812,10.0,0.0671803177698
16.4808748,10.0,0.0671803177698
15.8007096,10.0,0.0671803177698
15.7439247,10.0,0.0671803177698
-1.3530005,-1.3530005,0.0671803177698
-0.007962,-0.007962,0.0671803177698
-17.1043518,-10.0,0.0671803177698
-1.7000000021e-06,-1.7000000021e-06,0.0671803177698
-1.3746452,-1.3746452,0.0671803177698
-16.4540315,-10.0,0.0671803177698
-0.0374829,-0.0374829,0.0671803177698
-0.0018662,-0.0018662,0.0671803177698
2.99999999953e-07,2.99999999953e-07,0.0671803177698
-0.2188886,-0.2188886,0.0671803177698
-0.5904498,-0.5904498,0.0671803177698
-17.1389181,-10.0,0.0671803177698
-20.9999995,-10.0,0.0671803177698
-0.0217367,-0.0217367,0.0671803177698
-17.0835145,-10.0,0.0671803177698
-16.7487812,-10.0,0.0671803177698
-0.2679064,-0.2679064,0.0671803177698
-0.9480716,-0.9480716,0.0671803177698
-1.0048565,-1.0048565,0.0671803177698
-1.0850941,-1.0850941,0.0671803177698
0.2599444,0.2599444,0.0671803177698
-16.8364454,-10.0,0.0671803177698
0.2679047,0.2679047,0.0671803177698
-1.1067388,-1.1067388,0.0671803177698
-16.1861251,-10.0,0.0671803177698
0.2304235,0.2304235,0.0671803177698
0.2660402,0.2660402,0.0671803177698
0.2679067,0.2679067,0.0671803177698
0.0490178,0.0490178,0.0671803177698
-0.3225434,-0.3225434,0.0671803177698
-16.8710117,-10.0,0.0671803177698
-20.7320931,-10.0,0.0671803177698
0.2461697,0.2461697,0.0671803177698
-16.8156081,-10.0,0.0671803177698
-16.4808748,-10.0,0.0671803177698
0.2679064,0.2679064,0.0671803177698
-0.6801652,-0.6801652,0.0671803177698
-0.7369501,-0.7369501,0.0671803177698
-0.4049289,-0.4049289,0.0671803177698
0.9401096,0.9401096,0.0671803177698
-16.1562802,-10.0,0.0671803177698
0.9480699,0.9480699,0.0671803177698
-0.4265736,-0.4265736,0.0671803177698
-15.5059599,-10.0,0.0671803177698
0.9105887,0.9105887,0.0671803177698
0.9462054,0.9462054,0.0671803177698
0.9480719,0.9480719,0.0671803177698
0.729183,0.729183,0.0671803177698
0.3576218,0.3576218,0.0671803177698
-16.1908465,-10.0,0.0671803177698
-20.0519279,-10.0,0.0671803177698
0.9263349,0.9263349,0.0671803177698
-16.1354429,-10.0,0.0671803177698
-15.8007096,-10.0,0.0671803177698
0.9480716,0.9480716,0.0671803177698
0.6801652,0.6801652,0.0671803177698
-0.0567849,-0.0567849,0.0671803177698
-0.348144,-0.348144,0.0671803177698
0.9968945,0.9968945,0.0671803177698
-16.0994953,-10.0,0.0671803177698
1.0048548,1.0048548,0.0671803177698
-0.3697887,-0.3697887,0.0671803177698
-15.449175,-10.0,0.0671803177698
0.9673736,0.9673736,0.0671803177698
1.0029903,1.0029903,0.0671803177698
1.0048568,1.0048568,0.0671803177698
0.7859679,0.7859679,0.0671803177698
0.4144067,0.4144067,0.0671803177698
-16.1340616,-10.0,0.0671803177698
-19.995143,-10.0,0.0671803177698
0.9831198,0.9831198,0.0671803177698
-16.078658,-10.0,0.0671803177698
-15.7439247,-10.0,0.0671803177698
1.0048565,1.0048565,0.0671803177698
0.7369501,0.7369501,0.0671803177698
0.0567849,0.0567849,0.0671803177698
-3.50000000182e-06,-3.50000000182e-06,0.0836396761962
-20.9999994,-10.0,0.0836396761962
-17.9842335,-10.0,0.0836396761962
-1.9276845,-1.9276845,0.0836396761962
-4.00000001122e-07,-4.00000001122e-07,0.0836396761962
-0.242823,-0.242823,0.0836396761962
-0.0006907,-0.0006907,0.0836396761962
2.99999999953e-07,2.99999999953e-07,0.0836396761962
-5.1302308,-5.1302308,0.0836396761962
-6.0753652,-6.0753652,0.0836396761962
-16.2054967,-10.0,0.0836396761962
-3.2453312,-3.2453312,0.0836396761962
-1.2392944,-1.2392944,0.0836396761962
-3.1519062,-3.1519062,0.0836396761962
-1.0393967,-1.0393967,0.0836396761962
-1.359112,-1.359112,0.0836396761962
-0.0025491,-0.0025491,0.0836396761962
-0.0326494,-0.0326494,0.0836396761962
-0.7278453,-0.7278453,0.0836396761962
3.50000000182e-06,3.50000000182e-06,0.0836396761962
-20.9999959,-10.0,0.0836396761962
-17.98423,-10.0,0.0836396761962
-1.927681,-1.927681,0.0836396761962
3.1000000007e-06,3.1000000007e-06,0.0836396761962
-0.2428195,-0.2428195,0.0836396761962
-0.000687199999998,-0.000687199999998,0.0836396761962
3.80000000177e-06,3.80000000177e-06,0.0836396761962
-5.1302273,-5.1302273,0.0836396761962
-6.0753617,-6.0753617,0.0836396761962
-16.2054932,-10.0,0.0836396761962
-3.2453277,-3.2453277,0.0836396761962
-1.2392909,-1.2392909,0.0836396761962
-3.1519027,-3.1519027,0.0836396761962
-1.0393932,-1.0393932,0.0836396761962
-1.3591085,-1.3591085,0.0836396761962
-0.0025456,-0.0025456,0.0836396761962
-0.0326459,-0.0326459,0.0836396761962
-0.7278418,-0.7278418,0.0836396761962
20.9999994,10.0,0.0836396761962
20.9999959,10.0,0.0836396761962
3.0157659,3.0157659,0.0836396761962
19.0723149,10.0,0.0836396761962
20.999999,10.0,0.0836396761962
20.7571764,10.0,0.0836396761962
20.9993087,10.0,0.0836396761962
20.9999997,10.0,0.0836396761962
15.8697686,10.0,0.0836396761962
14.9246342,10.0,0.0836396761962
4.7945027,4.7945027,0.0836396761962
17.7546682,10.0,0.0836396761962
19.760705,10.0,0.0836396761962
17.8480932,10.0,0.0836396761962
19.9606027,10.0,0.0836396761962
19.6408874,10.0,0.0836396761962
20.9974503,10.0,0.0836396761962
20.96735,10.0,0.0836396761962
20.2721541,10.0,0.0836396761962
17.9842335,10.0,0.0836396761962
17.98423,10.0,0.0836396761962
-3.0157659,-3.0157659,0.0836396761962
16.056549,10.0,0.0836396761962
17.9842331,10.0,0.0836396761962
17.7414105,10.0,0.0836396761962
17.9835428,10.0,0.0836396761962
17.9842338,10.0,0.0836396761962
12.8540027,10.0,0.0836396761962
11.9088683,10.0,0.0836396761962
1.7787368,1.7787368,0.0836396761962
14.7389023,10.0,0.0836396761962
16.7449391,10.0,0.0836396761962
14.8323273,10.0,0.0836396761962
16.9448368,10.0,0.0836396761962
16.6251215,10.0,0.0836396761962
17.9816844,10.0,0.0836396761962
17.9515841,10.0,0.0836396761962
17.2563882,10.0,0.0836396761962
1.9276845,1.9276845,0.0836396761962
1.927681,1.927681,0.0836396761962
-19.0723149,-10.0,0.0836396761962
-16.056549,-10.0,0.0836396761962
1.9276841,1.9276841,0.0836396761962
1.6848615,1.6848615,0.0836396761962
1.9269938,1.9269938,0.0836396761962
1.9276848,1.9276848,0.0836396761962
-3.2025463,-3.2025463,0.0836396761962
-4.1476807,-4.1476807,0.0836396761962
-14.2778122,-10.0,0.0836396761962
-1.3176467,-1.3176467,0.0836396761962
0.6883901,0.6883901,0.0836396761962
-1.2242217,-1.2242217,0.0836396761962
0.8882878,0.8882878,0.0836396761962
0.5685725,0.5685725,0.0836396761962
1.9251354,1.9251354,0.0836396761962
1.8950351,1.8950351,0.0836396761962
1.1998392,1.1998392,0.0836396761962
4.00000001122e-07,4.00000001122e-07,0.0836396761962
-3.1000000007e-06,-3.1000000007e-06,0.0836396761962
-20.999999,-10.0,0.0836396761962
-17.9842331,-10.0,0.0836396761962
-1.9276841,-1.9276841,0.0836396761962
-0.2428226,-0.2428226,0.0836396761962
-0.000690299999999,-0.000690299999999,0.0836396761962
7.00000001075e-07,7.00000001075e-07,0.0836396761962
-5.1302304,-5.1302304,0.0836396761962
-6.0753648,-6.0753648,0.0836396761962
-16.2054963,-10.0,0.0836396761962
-3.2453308,-3.2453308,0.0836396761962
-1.239294,-1.239294,0.0836396761962
-3.1519058,-3.1519058,0.0836396761962
-1.0393963,-1.0393963,0.0836396761962
-1.3591116,-1.3591116,0.0836396761962
-0.0025487,-0.0025487,0.0836396761962
-0.032649,-0.032649,0.0836396761962
-0.7278449,-0.7278449,0.0836396761962
0.242823,0.242823,0.0836396761962
0.2428195,0.2428195,0.0836396761962
-20.7571764,-10.0,0.0836396761962
-17.7414105,-10.0,0.0836396761962
-1.6848615,-1.6848615,0.0836396761962
0.2428226,0.2428226,0.0836396761962
0.2421323,0.2421323,0.0836396761962
0.2428233,0.2428233,0.0836396761962
-4.8874078,-4.8874078,0.0836396761962
-5.8325422,-5.8325422,0.0836396761962
-15.9626737,-10.0,0.0836396761962
-3.0025082,-3.0025082,0.0836396761962
-0.9964714,-0.9964714,0.0836396761962
-2.9090832,-2.9090832,0.0836396761962
-0.7965737,-0.7965737,0.0836396761962
-1.116289,-1.116289,0.0836396761962
0.2402739,0.2402739,0.0836396761962
0.2101736,0.2101736,0.0836396761962
-0.4850223,-0.4850223,0.0836396761962
0.0006907,0.0006907,0.0836396761962
0.000687199999998,0.000687199999998,0.0836396761962
-20.9993087,-10.0,0.0836396761962
-17.9835428,-10.0,0.0836396761962
-1.9269938,-1.9269938,0.0836396761962
0.000690299999999,0.000690299999999,0.0836396761962
-0.2421323,-0.2421323,0.0836396761962
0.000691,0.000691,0.0836396761962
-5.1295401,-5.1295401,0.0836396761962
-6.0746745,-6.0746745,0.0836396761962
-16.204806,-10.0,0.0836396761962
-3.2446405,-3.2446405,0.0836396761962
-1.2386037,-1.2386037,0.0836396761962
-3.1512155,-3.1512155,0.0836396761962
-1.038706,-1.038706,0.0836396761962
-1.3584213,-1.3584213,0.0836396761962
-0.0018584,-0.0018584,0.0836396761962
-0.0319587,-0.0319587,0.0836396761962
-0.7271546,-0.7271546,0.0836396761962
-2.99999999953e-07,-2.99999999953e-07,0.0836396761962
-3.80000000177e-06,-3.80000000177e-06,0.0836396761962
-20.9999997,-10.0,0.0836396761962
-17.9842338,-10.0,0.0836396761962
-1.9276848,-1.9276848,0.0836396761962
-7.00000001075e-07,-7.00000001075e-07,0.0836396761962
-0.2428233,-0.2428233,0.0836396761962
-0.000691,-0.000691,0.0836396761962
-5.1302311,-5.1302311,0.0836396761962
-6.0753655,-6.0753655,0.0836396761962
-16.205497,-10.0,0.0836396761962
-3.2453315,-3.2453315,0.0836396761962
-1.2392947,-1.2392947,0.0836396761962
-3.1519065,-3.1519065,0.0836396761962
-1.039397,-1.039397,0.0836396761962
-1.3591123,-1.3591123,0.0836396761962
-0.0025494,-0.0025494,0.0836396761962
-0.0326497,-0.0326497,0.0836396761962
-0.7278456,-0.7278456,0.0836396761962
5.1302308,5.1302308,0.0836396761962
5.1302273,5.1302273,0.0836396761962
-15.8697686,-10.0,0.0836396761962
-12.8540027,-10.0,0.0836396761962
3.2025463,3.2025463,0.0836396761962
5.1302304,5.1302304,0.0836396761962
4.8874078,4.8874078,0.0836396761962
5.1295401,5.1295401,0.0836396761962
5.1302311,5.1302311,0.0836396761962
-0.9451344,-0.9451344,0.0836396761962
-11.0752659,-10.0,0.0836396761962
1.8848996,1.8848996,0.0836396761962
3.8909364,3.8909364,0.0836396761962
1.9783246,1.9783246,0.0836396761962
4.0908341,4.0908341,0.0836396761962
3.7711188,3.7711188,0.0836396761962
5.1276817,5.1276817,0.0836396761962
5.0975814,5.0975814,0.0836396761962
4.4023855,4.4023855,0.0836396761962
6.0753652,6.0753652,0.0836396761962
6.0753617,6.0753617,0.0836396761962
-14.9246342,-10.0,0.0836396761962
-11.9088683,-10.0,0.0836396761962
4.1476807,4.1476807,0.0836396761962
6.0753648,6.0753648,0.0836396761962
5.8325422,5.8325422,0.0836396761962
6.0746745,6.0746745,0.0836396761962
6.0753655,6.0753655,0.0836396761962
0.9451344,0.9451344,0.0836396761962
-10.1301315,-10.0,0.0836396761962
2.830034,2.830034,0.0836396761962
4.8360708,4.8360708,0.0836396761962
2.923459,2.923459,0.0836396761962
5.0359685,5.0359685,0.0836396761962
4.7162532,4.7162532,0.0836396761962
6.0728161,6.0728161,0.0836396761962
6.0427158,6.0427158,0.0836396761962
5.3475199,5.3475199,0.0836396761962
16.2054967,10.0,0.0836396761962
16.2054932,10.0,0.0836396761962
-4.7945027,-4.7945027,0.0836396761962
-1.7787368,-1.7787368,0.0836396761962
14.2778122,10.0,0.0836396761962
16.2054963,10.0,0.0836396761962
15.9626737,10.0,0.0836396761962
16.204806,10.0,0.0836396761962
16.205497,10.0,0.0836396761962
11.0752659,10.0,0.0836396761962
10.1301315,10.0,0.0836396761962
12.9601655,10.0,0.0836396761962
14.9662023,10.0,0.0836396761962
13.0535905,10.0,0.0836396761962
15.1661,10.0,0.0836396761962
14.8463847,10.0,0.0836396761962
16.2029476,10.0,0.0836396761962
16.1728473,10.0,0.0836396761962
15.4776514,10.0,0.0836396761962
3.2453312,3.2453312,0.0836396761962
3.2453277,3.2453277,0.0836396761962
-17.7546682,-10.0,0.0836396761962
-14.7389023,-10.0,0.0836396761962
1.3176467,1.3176467,0.0836396761962
3.2453308,3.2453308,0.0836396761962
3.0025082,3.0025082,0.0836396761962
3.2446405,3.2446405,0.0836396761962
3.2453315,3.2453315,0.0836396761962
-1.8848996,-1.8848996,0.0836396761962
-2.830034,-2.830034,0.0836396761962
-12.9601655,-10.0,0.0836396761962
2.0060368,2.0060368,0.0836396761962
0.093425,0.093425,0.0836396761962
2.2059345,2.2059345,0.0836396761962
1.8862192,1.8862192,0.0836396761962
3.2427821,3.2427821,0.0836396761962
3.2126818,3.2126818,0.0836396761962
2.5174859,2.5174859,0.0836396761962
1.2392944,1.2392944,0.0836396761962
1.2392909,1.2392909,0.0836396761962
-19.760705,-10.0,0.0836396761962
-16.7449391,-10.0,0.0836396761962
-0.6883901,-0.6883901,0.0836396761962
1.239294,1.239294,0.0836396761962
0.9964714,0.9964714,0.0836396761962
1.2386037,1.2386037,0.0836396761962
1.2392947,1.2392947,0.0836396761962
-3.8909364,-3.8909364,0.0836396761962
-4.8360708,-4.8360708,0.0836396761962
-14.9662023,-10.0,0.0836396761962
-2.0060368,-2.0060368,0.0836396761962
-1.9126118,-1.9126118,0.0836396761962
0.1998977,0.1998977,0.0836396761962
-0.1198176,-0.1198176,0.0836396761962
1.2367453,1.2367453,0.0836396761962
1.206645,1.206645,0.0836396761962
0.5114491,0.5114491,0.0836396761962
3.1519062,3.1519062,0.0836396761962
3.1519027,3.1519027,0.0836396761962
-17.8480932,-10.0,0.0836396761962
-14.8323273,-10.0,0.0836396761962
1.2242217,1.2242217,0.0836396761962
3.1519058,3.1519058,0.0836396761962
2.9090832,2.9090832,0.0836396761962
3.1512155,3.1512155,0.0836396761962
3.1519065,3.1519065,0.0836396761962
-1.9783246,-1.9783246,0.0836396761962
-2.923459,-2.923459,0.0836396761962
-13.0535905,-10.0,0.0836396761962
-0.093425,-0.093425,0.0836396761962
1.9126118,1.9126118,0.0836396761962
2.1125095,2.1125095,0.0836396761962
1.7927942,1.7927942,0.0836396761962
3.1493571,3.1493571,0.0836396761962
3.1192568,3.1192568,0.0836396761962
2.4240609,2.4240609,0.0836396761962
1.0393967,1.0393967,0.0836396761962
1.0393932,1.0393932,0.0836396761962
-19.9606027,-10.0,0.0836396761962
-16.9448368,-10.0,0.0836396761962
-0.8882878,-0.8882878,0.0836396761962
1.0393963,1.0393963,0.0836396761962
0.7965737,0.7965737,0.0836396761962
1.038706,1.038706,0.0836396761962
1.039397,1.039397,0.0836396761962
-4.0908341,-4.0908341,0.0836396761962
-5.0359685,-5.0359685,0.0836396761962
-15.1661,-10.0,0.0836396761962
-2.2059345,-2.2059345,0.0836396761962
-0.1998977,-0.1998977,0.0836396761962
-2.1125095,-2.1125095,0.0836396761962
-0.3197153,-0.3197153,0.0836396761962
1.0368476,1.0368476,0.0836396761962
1.0067473,1.0067473,0.0836396761962
0.3115514,0.3115514,0.0836396761962
1.359112,1.359112,0.0836396761962
1.3591085,1.3591085,0.0836396761962
-19.6408874,-10.0,0.0836396761962
-16.6251215,-10.0,0.0836396761962
-0.5685725,-0.5685725,0.0836396761962
1.3591116,1.3591116,0.0836396761962
1.116289,1.116289,0.0836396761962
1.3584213,1.3584213,0.0836396761962
1.3591123,1.3591123,0.0836396761962
-3.7711188,-3.7711188,0.0836396761962
-4.7162532,-4.7162532,0.0836396761962
-14.8463847,-10.0,0.0836396761962
-1.8862192,-1.8862192,0.0836396761962
0.1198176,0.1198176,0.0836396761962
-1.7927942,-1.7927942,0.0836396761962
0.3197153,0.3197153,0.0836396761962
1.3565629,1.3565629,0.0836396761962
1.3264626,1.3264626,0.0836396761962
0.6312667,0.6312667,0.0836396761962
0.0025491,0.0025491,0.0836396761962
0.0025456,0.0025456,0.0836396761962
-20.9974503,-10.0,0.0836396761962
-17.9816844,-10.0,0.0836396761962
-1.9251354,-1.9251354,0.0836396761962
0.0025487,0.0025487,0.0836396761962
-0.2402739,-0.2402739,0.0836396761962
0.0018584,0.0018584,0.0836396761962
0.0025494,0.0025494,0.0836396761962
-5.1276817,-5.1276817,0.0836396761962
-6.0728161,-6.0728161,0.0836396761962
-16.2029476,-10.0,0.0836396761962
-3.2427821,-3.2427821,0.0836396761962
-1.2367453,-1.2367453,0.0836396761962
-3.1493571,-3.1493571,0.0836396761962
-1.0368476,-1.0368476,0.0836396761962
-1.3565629,-1.3565629,0.0836396761962
-0.0301003,-0.0301003,0.0836396761962
-0.7252962,-0.7252962,0.0836396761962
0.0326494,0.0326494,0.0836396761962
0.0326459,0.0326459,0.0836396761962
-20.96735,-10.0,0.0836396761962
-17.9515841,-10.0,0.0836396761962
-1.8950351,-1.8950351,0.0836396761962
0.032649,0.032649,0.0836396761962
-0.2101736,-0.2101736,0.0836396761962
0.0319587,0.0319587,0.0836396761962
0.0326497,0.0326497,0.0836396761962
-5.0975814,-5.0975814,0.0836396761962
-6.0427158,-6.0427158,0.0836396761962
-16.1728473,-10.0,0.0836396761962
-3.2126818,-3.2126818,0.0836396761962
-1.206645,-1.206645,0.0836396761962
-3.1192568,-3.1192568,0.0836396761962
-1.0067473,-1.0067473,0.0836396761962
-1.3264626,-1.3264626,0.0836396761962
0.0301003,0.0301003,0.0836396761962
-0.6951959,-0.6951959,0.0836396761962
0.7278453,0.7278453,0.0836396761962
0.7278418,0.7278418,0.0836396761962
-20.2721541,-10.0,0.0836396761962
-17.2563882,-10.0,0.0836396761962
-1.1998392,-1.1998392,0.0836396761962
0.7278449,0.7278449,0.0836396761962
0.4850223,0.4850223,0.0836396761962
0.7271546,0.7271546,0.0836396761962
0.7278456,0.7278456,0.0836396761962
-4.4023855,-4.4023855,0.0836396761962
-5.3475199,-5.3475199,0.0836396761962
-15.4776514,-10.0,0.0836396761962
-2.5174859,-2.5174859,0.0836396761962
-0.5114491,-0.5114491,0.0836396761962
-2.4240609,-2.4240609,0.0836396761962
-0.3115514,-0.3115514,0.0836396761962
-0.6312667,-0.6312667,0.0836396761962
0.7252962,0.7252962,0.0836396761962
0.6951959,0.6951959,0.0836396761962
0.192354,0.192354,0.0317934696159
-0.1277178,-0.1277178,0.0317934696159
0.0336208,0.0336208,0.0317934696159
-1.0882891,-1.0882891,0.0317934696159
0.1923481,0.1923481,0.0317934696159
-0.6008102,-0.6008102,0.0317934696159
-17.5943593,-10.0,0.0317934696159
-0.3635636,-0.3635636,0.0317934696159
0.1923514,0.1923514,0.0317934696159
0.1923412,0.1923412,0.0317934696159
-0.0516403,-0.0516403,0.0317934696159
-2.4004321,-2.4004321,0.0317934696159
-3.0358106,-3.0358106,0.0317934696159
0.1838512,0.1838512,0.0317934696159
0.1923531,0.1923531,0.0317934696159
-2.3137492,-2.3137492,0.0317934696159
-20.8076447,-10.0,0.0317934696159
0.1490377,0.1490377,0.0317934696159
-7.109862,-7.109862,0.0317934696159
-0.192354,-0.192354,0.0317934696159
-0.3200718,-0.3200718,0.0317934696159
-0.1587332,-0.1587332,0.0317934696159
-1.2806431,-1.2806431,0.0317934696159
-5.89999999789e-06,-5.89999999789e-06,0.0317934696159
-0.7931642,-0.7931642,0.0317934696159
-17.7867133,-10.0,0.0317934696159
-0.5559176,-0.5559176,0.0317934696159
-2.59999999841e-06,-2.59999999841e-06,0.0317934696159
-1.28000000004e-05,-1.28000000004e-05,0.0317934696159
-0.2439943,-0.2439943,0.0317934696159
-2.5927861,-2.5927861,0.0317934696159
-3.2281646,-3.2281646,0.0317934696159
-0.0085028,-0.0085028,0.0317934696159
-8.99999999859e-07,-8.99999999859e-07,0.0317934696159
-2.5061032,-2.5061032,0.0317934696159
-20.9999987,-10.0,0.0317934696159
-0.0433163,-0.0433163,0.0317934696159
-7.302216,-7.302216,0.0317934696159
0.1277178,0.1277178,0.0317934696159
0.3200718,0.3200718,0.0317934696159
0.1613386,0.1613386,0.0317934696159
-0.9605713,-0.9605713,0.0317934696159
0.3200659,0.3200659,0.0317934696159
-0.4730924,-0.4730924,0.0317934696159
-17.4666415,-10.0,0.0317934696159
-0.2358458,-0.2358458,0.0317934696159
0.3200692,0.3200692,0.0317934696159
0.320059,0.320059,0.0317934696159
0.0760775,0.0760775,0.0317934696159
-2.2727143,-2.2727143,0.0317934696159
-2.9080928,-2.9080928,0.0317934696159
0.311569,0.311569,0.0317934696159
0.3200709,0.3200709,0.0317934696159
-2.1860314,-2.1860314,0.0317934696159
-20.6799269,-10.0,0.0317934696159
0.2767555,0.2767555,0.0317934696159
-6.9821442,-6.9821442,0.0317934696159
-0.0336208,-0.0336208,0.0317934696159
0.1587332,0.1587332,0.0317934696159
-0.1613386,-0.1613386,0.0317934696159
-1.1219099,-1.1219099,0.0317934696159
0.1587273,0.1587273,0.0317934696159
-0.634431,-0.634431,0.0317934696159
-17.6279801,-10.0,0.0317934696159
-0.3971844,-0.3971844,0.0317934696159
0.1587306,0.1587306,0.0317934696159
0.1587204,0.1587204,0.0317934696159
-0.0852611,-0.0852611,0.0317934696159
-2.4340529,-2.4340529,0.0317934696159
-3.0694314,-3.0694314,0.0317934696159
0.1502304,0.1502304,0.0317934696159
0.1587323,0.1587323,0.0317934696159
-2.34737,-2.34737,0.0317934696159
-20.8412655,-10.0,0.0317934696159
0.1154169,0.1154169,0.0317934696159
-7.1434828,-7.1434828,0.0317934696159
1.0882891,1.0882891,0.0317934696159
1.2806431,1.2806431,0.0317934696159
0.9605713,0.9605713,0.0317934696159
1.1219099,1.1219099,0.0317934696159
1.2806372,1.2806372,0.0317934696159
0.4874789,0.4874789,0.0317934696159
-16.5060702,-10.0,0.0317934696159
0.7247255,0.7247255,0.0317934696159
1.2806405,1.2806405,0.0317934696159
1.2806303,1.2806303,0.0317934696159
1.0366488,1.0366488,0.0317934696159
-1.312143,-1.312143,0.0317934696159
-1.9475215,-1.9475215,0.0317934696159
1.2721403,1.2721403,0.0317934696159
1.2806422,1.2806422,0.0317934696159
-1.2254601,-1.2254601,0.0317934696159
-19.7193556,-10.0,0.0317934696159
1.2373268,1.2373268,0.0317934696159
-6.0215729,-6.0215729,0.0317934696159
-0.1923481,-0.1923481,0.0317934696159
5.89999999789e-06,5.89999999789e-06,0.0317934696159
-0.3200659,-0.3200659,0.0317934696159
-0.1587273,-0.1587273,0.0317934696159
-1.2806372,-1.2806372,0.0317934696159
-0.7931583,-0.7931583,0.0317934696159
-17.7867074,-10.0,0.0317934696159
-0.5559117,-0.5559117,0.0317934696159
3.29999999948e-06,3.29999999948e-06,0.0317934696159
-6.90000000247e-06,-6.90000000247e-06,0.0317934696159
-0.2439884,-0.2439884,0.0317934696159
-2.5927802,-2.5927802,0.0317934696159
-3.2281587,-3.2281587,0.0317934696159
-0.0084969,-0.0084969,0.0317934696159
4.99999999803e-06,4.99999999803e-06,0.0317934696159
-2.5060973,-2.5060973,0.0317934696159
-20.9999928,-10.0,0.0317934696159
-0.0433104,-0.0433104,0.0317934696159
-7.3022101,-7.3022101,0.0317934696159
0.6008102,0.6008102,0.0317934696159
0.7931642,0.7931642,0.0317934696159
0.4730924,0.4730924,0.0317934696159
0.634431,0.634431,0.0317934696159
-0.4874789,-0.4874789,0.0317934696159
0.7931583,0.7931583,0.0317934696159
-16.9935491,-10.0,0.0317934696159
0.2372466,0.2372466,0.0317934696159
0.7931616,0.7931616,0.0317934696159
0.7931514,0.7931514,0.0317934696159
0.5491699,0.5491699,0.0317934696159
-1.7996219,-1.7996219,0.0317934696159
-2.4350004,-2.4350004,0.0317934696159
0.7846614,0.7846614,0.0317934696159
0.7931633,0.7931633,0.0317934696159
-1.712939,-1.712939,0.0317934696159
-20.2068345,-10.0,0.0317934696159
0.7498479,0.7498479,0.0317934696159
-6.5090518,-6.5090518,0.0317934696159
17.5943593,10.0,0.0317934696159
17.7867133,10.0,0.0317934696159
17.4666415,10.0,0.0317934696159
17.6279801,10.0,0.0317934696159
16.5060702,10.0,0.0317934696159
17.7867074,10.0,0.0317934696159
16.9935491,10.0,0.0317934696159
17.2307957,10.0,0.0317934696159
17.7867107,10.0,0.0317934696159
17.7867005,10.0,0.0317934696159
17.542719,10.0,0.0317934696159
15.1939272,10.0,0.0317934696159
14.5585487,10.0,0.0317934696159
17.7782105,10.0,0.0317934696159
17.7867124,10.0,0.0317934696159
15.2806101,10.0,0.0317934696159
-3.2132854,-3.2132854,0.0317934696159
17.743397,10.0,0.0317934696159
10.4844973,10.0,0.0317934696159
0.3635636,0.3635636,0.0317934696159
0.5559176,0.5559176,0.0317934696159
0.2358458,0.2358458,0.0317934696159
0.3971844,0.3971844,0.0317934696159
-0.7247255,-0.7247255,0.0317934696159
0.5559117,0.5559117,0.0317934696159
-0.2372466,-0.2372466,0.0317934696159
-17.2307957,-10.0,0.0317934696159
0.555915,0.555915,0.0317934696159
0.5559048,0.5559048,0.0317934696159
0.3119233,0.3119233,0.0317934696159
-2.0368685,-2.0368685,0.0317934696159
-2.672247,-2.672247,0.0317934696159
0.5474148,0.5474148,0.0317934696159
0.5559167,0.5559167,0.0317934696159
-1.9501856,-1.9501856,0.0317934696159
-20.4440811,-10.0,0.0317934696159
0.5126013,0.5126013,0.0317934696159
-6.7462984,-6.7462984,0.0317934696159
-0.1923514,-0.1923514,0.0317934696159
2.59999999841e-06,2.59999999841e-06,0.0317934696159
-0.3200692,-0.3200692,0.0317934696159
-0.1587306,-0.1587306,0.0317934696159
-1.2806405,-1.2806405,0.0317934696159
-3.29999999948e-06,-3.29999999948e-06,0.0317934696159
-0.7931616,-0.7931616,0.0317934696159
-17.7867107,-10.0,0.0317934696159
-0.555915,-0.555915,0.0317934696159
-1.0200000002e-05,-1.0200000002e-05,0.0317934696159
-0.2439917,-0.2439917,0.0317934696159
-2.5927835,-2.5927835,0.0317934696159
-3.228162,-3.228162,0.0317934696159
-0.0085002,-0.0085002,0.0317934696159
1.69999999855e-06,1.69999999855e-06,0.0317934696159
-2.5061006,-2.5061006,0.0317934696159
-20.9999961,-10.0,0.0317934696159
-0.0433137,-0.0433137,0.0317934696159
-7.3022134,-7.3022134,0.0317934696159
-0.1923412,-0.1923412,0.0317934696159
1.28000000004e-05,1.28000000004e-05,0.0317934696159
-0.320059,-0.320059,0.0317934696159
-0.1587204,-0.1587204,0.0317934696159
-1.2806303,-1.2806303,0.0317934696159
6.90000000247e-06,6.90000000247e-06,0.0317934696159
-0.7931514,-0.7931514,0.0317934696159
-17.7867005,-10.0,0.0317934696159
-0.5559048,-0.5559048,0.0317934696159
1.0200000002e-05,1.0200000002e-05,0.0317934696159
-0.2439815,-0.2439815,0.0317934696159
-2.5927733,-2.5927733,0.0317934696159
-3.2281518,-3.2281518,0.0317934696159
-0.00849,-0.00849,0.0317934696159
1.19000000005e-05,1.19000000005e-05,0.0317934696159
-2.5060904,-2.5060904,0.0317934696159
-20.9999859,-10.0,0.0317934696159
-0.0433035,-0.0433035,0.0317934696159
-7.3022032,-7.3022032,0.0317934696159
0.0516403,0.0516403,0.0317934696159
0.2439943,0.2439943,0.0317934696159
-0.0760775,-0.0760775,0.0317934696159
0.0852611,0.0852611,0.0317934696159
-1.0366488,-1.0366488,0.0317934696159
0.2439884,0.2439884,0.0317934696159
-0.5491699,-0.5491699,0.0317934696159
-17.542719,-10.0,0.0317934696159
-0.3119233,-0.3119233,0.0317934696159
0.2439917,0.2439917,0.0317934696159
0.2439815,0.2439815,0.0317934696159
-2.3487918,-2.3487918,0.0317934696159
-2.9841703,-2.9841703,0.0317934696159
0.2354915,0.2354915,0.0317934696159
0.2439934,0.2439934,0.0317934696159
-2.2621089,-2.2621089,0.0317934696159
-20.7560044,-10.0,0.0317934696159
0.200678,0.200678,0.0317934696159
-7.0582217,-7.0582217,0.0317934696159
2.4004321,2.4004321,0.0317934696159
2.5927861,2.5927861,0.0317934696159
2.2727143,2.2727143,0.0317934696159
2.4340529,2.4340529,0.0317934696159
1.312143,1.312143,0.0317934696159
2.5927802,2.5927802,0.0317934696159
1.7996219,1.7996219,0.0317934696159
-15.1939272,-10.0,0.0317934696159
2.0368685,2.0368685,0.0317934696159
2.5927835,2.5927835,0.0317934696159
2.5927733,2.5927733,0.0317934696159
2.3487918,2.3487918,0.0317934696159
-0.6353785,-0.6353785,0.0317934696159
2.5842833,2.5842833,0.0317934696159
2.5927852,2.5927852,0.0317934696159
0.0866829,0.0866829,0.0317934696159
-18.4072126,-10.0,0.0317934696159
2.5494698,2.5494698,0.0317934696159
-4.7094299,-4.7094299,0.0317934696159
3.0358106,3.0358106,0.0317934696159
3.2281646,3.2281646,0.0317934696159
2.9080928,2.9080928,0.0317934696159
3.0694314,3.0694314,0.0317934696159
1.9475215,1.9475215,0.0317934696159
3.2281587,3.2281587,0.0317934696159
2.4350004,2.4350004,0.0317934696159
-14.5585487,-10.0,0.0317934696159
2.672247,2.672247,0.0317934696159
3.228162,3.228162,0.0317934696159
3.2281518,3.2281518,0.0317934696159
2.9841703,2.9841703,0.0317934696159
0.6353785,0.6353785,0.0317934696159
3.2196618,3.2196618,0.0317934696159
3.2281637,3.2281637,0.0317934696159
0.7220614,0.7220614,0.0317934696159
-17.7718341,-10.0,0.0317934696159
3.1848483,3.1848483,0.0317934696159
-4.0740514,-4.0740514,0.0317934696159
-0.1838512,-0.1838512,0.0317934696159
0.0085028,0.0085028,0.0317934696159
-0.311569,-0.311569,0.0317934696159
-0.1502304,-0.1502304,0.0317934696159
-1.2721403,-1.2721403,0.0317934696159
0.0084969,0.0084969,0.0317934696159
-0.7846614,-0.7846614,0.0317934696159
-17.7782105,-10.0,0.0317934696159
-0.5474148,-0.5474148,0.0317934696159
0.0085002,0.0085002,0.0317934696159
0.00849,0.00849,0.0317934696159
-0.2354915,-0.2354915,0.0317934696159
-2.5842833,-2.5842833,0.0317934696159
-3.2196618,-3.2196618,0.0317934696159
0.0085019,0.0085019,0.0317934696159
-2.4976004,-2.4976004,0.0317934696159
-20.9914959,-10.0,0.0317934696159
-0.0348135,-0.0348135,0.0317934696159
-7.2937132,-7.2937132,0.0317934696159
-0.1923531,-0.1923531,0.0317934696159
8.99999999859e-07,8.99999999859e-07,0.0317934696159
-0.3200709,-0.3200709,0.0317934696159
-0.1587323,-0.1587323,0.0317934696159
-1.2806422,-1.2806422,0.0317934696159
-4.99999999803e-06,-4.99999999803e-06,0.0317934696159
-0.7931633,-0.7931633,0.0317934696159
-17.7867124,-10.0,0.0317934696159
-0.5559167,-0.5559167,0.0317934696159
-1.69999999855e-06,-1.69999999855e-06,0.0317934696159
-1.19000000005e-05,-1.19000000005e-05,0.0317934696159
-0.2439934,-0.2439934,0.0317934696159
-2.5927852,-2.5927852,0.0317934696159
-3.2281637,-3.2281637,0.0317934696159
-0.0085019,-0.0085019,0.0317934696159
-2.5061023,-2.5061023,0.0317934696159
-20.9999978,-10.0,0.0317934696159
-0.0433154,-0.0433154,0.0317934696159
-7.3022151,-7.3022151,0.0317934696159
2.3137492,2.3137492,0.0317934696159
2.5061032,2.5061032,0.0317934696159
2.1860314,2.1860314,0.0317934696159
2.34737,2.34737,0.0317934696159
1.2254601,1.2254601,0.0317934696159
2.5060973,2.5060973,0.0317934696159
1.712939,1.712939,0.0317934696159
-15.2806101,-10.0,0.0317934696159
1.9501856,1.9501856,0.0317934696159
2.5061006,2.5061006,0.0317934696159
2.5060904,2.5060904,0.0317934696159
2.2621089,2.2621089,0.0317934696159
-0.0866829,-0.0866829,0.0317934696159
-0.7220614,-0.7220614,0.0317934696159
2.4976004,2.4976004,0.0317934696159
2.5061023,2.5061023,0.0317934696159
-18.4938955,-10.0,0.0317934696159
2.4627869,2.4627869,0.0317934696159
-4.7961128,-4.7961128,0.0317934696159
20.8076447,10.0,0.0317934696159
20.9999987,10.0,0.0317934696159
20.6799269,10.0,0.0317934696159
20.8412655,10.0,0.0317934696159
19.7193556,10.0,0.0317934696159
20.9999928,10.0,0.0317934696159
20.2068345,10.0,0.0317934696159
3.2132854,3.2132854,0.0317934696159
20.4440811,10.0,0.0317934696159
20.9999961,10.0,0.0317934696159
20.9999859,10.0,0.0317934696159
20.7560044,10.0,0.0317934696159
18.4072126,10.0,0.0317934696159
17.7718341,10.0,0.0317934696159
20.9914959,10.0,0.0317934696159
20.9999978,10.0,0.0317934696159
18.4938955,10.0,0.0317934696159
20.9566824,10.0,0.0317934696159
13.6977827,10.0,0.0317934696159
-0.1490377,-0.1490377,0.0317934696159
0.0433163,0.0433163,0.0317934696159
-0.2767555,-0.2767555,0.0317934696159
-0.1154169,-0.1154169,0.0317934696159
-1.2373268,-1.2373268,0.0317934696159
0.0433104,0.0433104,0.0317934696159
-0.7498479,-0.7498479,0.0317934696159
-17.743397,-10.0,0.0317934696159
-0.5126013,-0.5126013,0.0317934696159
0.0433137,0.0433137,0.0317934696159
0.0433035,0.0433035,0.0317934696159
-0.200678,-0.200678,0.0317934696159
-2.5494698,-2.5494698,0.0317934696159
-3.1848483,-3.1848483,0.0317934696159
0.0348135,0.0348135,0.0317934696159
0.0433154,0.0433154,0.0317934696159
-2.4627869,-2.4627869,0.0317934696159
-20.9566824,-10.0,0.0317934696159
-7.2588997,-7.2588997,0.0317934696159
7.109862,7.109862,0.0317934696159
7.302216,7.302216,0.0317934696159
6.9821442,6.9821442,0.0317934696159
7.1434828,7.1434828,0.0317934696159
6.0215729,6.0215729,0.0317934696159
7.3022101,7.3022101,0.0317934696159
6.5090518,6.5090518,0.0317934696159
-10.4844973,-10.0,0.0317934696159
6.7462984,6.7462984,0.0317934696159
7.3022134,7.3022134,0.0317934696159
7.3022032,7.3022032,0.0317934696159
7.0582217,7.0582217,0.0317934696159
4.7094299,4.7094299,0.0317934696159
4.0740514,4.0740514,0.0317934696159
7.2937132,7.2937132,0.0317934696159
7.3022151,7.3022151,0.0317934696159
4.7961128,4.7961128,0.0317934696159
-13.6977827,-10.0,0.0317934696159
7.2588997,7.2588997,0.0317934696159
0.7978368,0.7978368,0.445637546761
-3.6190494,-3.6190494,0.445637546761
-2.8541881,-2.8541881,0.445637546761
17.9686213,10.0,0.445637546761
15.0359432,10.0,0.445637546761
-0.5851947,-0.5851947,0.445637546761
1.0941254,1.0941254,0.445637546761
-1.4185966,-1.4185966,0.445637546761
1.1704398,1.1704398,0.445637546761
12.6700269,10.0,0.445637546761
-0.0610992,-0.0610992,0.445637546761
-3.0313768,-3.0313768,0.445637546761
-1.6685428,-1.6685428,0.445637546761
-0.9952819,-0.9952819,0.445637546761
0.211823,0.211823,0.445637546761
-1.104512,-1.104512,0.445637546761
17.4563448,10.0,0.445637546761
16.7715678,10.0,0.445637546761
14.3924419,10.0,0.445637546761
-0.7978368,-0.7978368,0.445637546761
-4.4168862,-4.4168862,0.445637546761
-3.6520249,-3.6520249,0.445637546761
17.1707845,10.0,0.445637546761
14.2381064,10.0,0.445637546761
-1.3830315,-1.3830315,0.445637546761
0.2962886,0.2962886,0.445637546761
-2.2164334,-2.2164334,0.445637546761
0.372603,0.372603,0.445637546761
11.8721901,10.0,0.445637546761
-0.858936,-0.858936,0.445637546761
-3.8292136,-3.8292136,0.445637546761
-2.4663796,-2.4663796,0.445637546761
-1.7931187,-1.7931187,0.445637546761
-0.5860138,-0.5860138,0.445637546761
-1.9023488,-1.9023488,0.445637546761
16.658508,10.0,0.445637546761
15.973731,10.0,0.445637546761
13.5946051,10.0,0.445637546761
3.6190494,3.6190494,0.445637546761
4.4168862,4.4168862,0.445637546761
0.7648613,0.7648613,0.445637546761
21.5876707,10.0,0.445637546761
18.6549926,10.0,0.445637546761
3.0338547,3.0338547,0.445637546761
4.7131748,4.7131748,0.445637546761
2.2004528,2.2004528,0.445637546761
4.7894892,4.7894892,0.445637546761
16.2890763,10.0,0.445637546761
3.5579502,3.5579502,0.445637546761
0.5876726,0.5876726,0.445637546761
1.9505066,1.9505066,0.445637546761
2.6237675,2.6237675,0.445637546761
3.8308724,3.8308724,0.445637546761
2.5145374,2.5145374,0.445637546761
21.0753942,10.0,0.445637546761
20.3906172,10.0,0.445637546761
18.0114913,10.0,0.445637546761
2.8541881,2.8541881,0.445637546761
3.6520249,3.6520249,0.445637546761
-0.7648613,-0.7648613,0.445637546761
20.8228094,10.0,0.445637546761
17.8901313,10.0,0.445637546761
2.2689934,2.2689934,0.445637546761
3.9483135,3.9483135,0.445637546761
1.4355915,1.4355915,0.445637546761
4.0246279,4.0246279,0.445637546761
15.524215,10.0,0.445637546761
2.7930889,2.7930889,0.445637546761
-0.1771887,-0.1771887,0.445637546761
1.1856453,1.1856453,0.445637546761
1.8589062,1.8589062,0.445637546761
3.0660111,3.0660111,0.445637546761
1.7496761,1.7496761,0.445637546761
20.3105329,10.0,0.445637546761
19.6257559,10.0,0.445637546761
17.24663,10.0,0.445637546761
-17.9686213,-10.0,0.445637546761
-17.1707845,-10.0,0.445637546761
-21.5876707,-10.0,0.445637546761
-20.8228094,-10.0,0.445637546761
-2.9326781,-2.9326781,0.445637546761
-18.553816,-10.0,0.445637546761
-16.8744959,-10.0,0.445637546761
-19.3872179,-10.0,0.445637546761
-16.7981815,-10.0,0.445637546761
-5.2985944,-5.2985944,0.445637546761
-18.0297205,-10.0,0.445637546761
-20.9999981,-10.0,0.445637546761
-19.6371641,-10.0,0.445637546761
-18.9639032,-10.0,0.445637546761
-17.7567983,-10.0,0.445637546761
-19.0731333,-10.0,0.445637546761
-0.5122765,-0.5122765,0.445637546761
-1.1970535,-1.1970535,0.445637546761
-3.5761794,-3.5761794,0.445637546761
-15.0359432,-10.0,0.445637546761
-14.2381064,-10.0,0.445637546761
-18.6549926,-10.0,0.445637546761
-17.8901313,-10.0,0.445637546761
2.9326781,2.9326781,0.445637546761
-15.6211379,-10.0,0.445637546761
-13.9418178,-10.0,0.445637546761
-16.4545398,-10.0,0.445637546761
-13.8655034,-10.0,0.445637546761
-2.3659163,-2.3659163,0.445637546761
-15.0970424,-10.0,0.445637546761
-18.06732,-10.0,0.445637546761
-16.704486,-10.0,0.445637546761
-16.0312251,-10.0,0.445637546761
-14.8241202,-10.0,0.445637546761
-16.1404552,-10.0,0.445637546761
2.4204016,2.4204016,0.445637546761
1.7356246,1.7356246,0.445637546761
-0.6435013,-0.6435013,0.445637546761
0.5851947,0.5851947,0.445637546761
1.3830315,1.3830315,0.445637546761
-3.0338547,-3.0338547,0.445637546761
-2.2689934,-2.2689934,0.445637546761
18.553816,10.0,0.445637546761
15.6211379,10.0,0.445637546761
1.6793201,1.6793201,0.445637546761
-0.8334019,-0.8334019,0.445637546761
1.7556345,1.7556345,0.445637546761
13.2552216,10.0,0.445637546761
0.5240955,0.5240955,0.445637546761
-2.4461821,-2.4461821,0.445637546761
-1.0833481,-1.0833481,0.445637546761
-0.4100872,-0.4100872,0.445637546761
0.7970177,0.7970177,0.445637546761
-0.5193173,-0.5193173,0.445637546761
18.0415395,10.0,0.445637546761
17.3567625,10.0,0.445637546761
14.9776366,10.0,0.445637546761
-1.0941254,-1.0941254,0.445637546761
-0.2962886,-0.2962886,0.445637546761
-4.7131748,-4.7131748,0.445637546761
-3.9483135,-3.9483135,0.445637546761
16.8744959,10.0,0.445637546761
13.9418178,10.0,0.445637546761
-1.6793201,-1.6793201,0.445637546761
-2.512722,-2.512722,0.445637546761
0.0763144,0.0763144,0.445637546761
11.5759015,10.0,0.445637546761
-1.1552246,-1.1552246,0.445637546761
-4.1255022,-4.1255022,0.445637546761
-2.7626682,-2.7626682,0.445637546761
-2.0894073,-2.0894073,0.445637546761
-0.8823024,-0.8823024,0.445637546761
-2.1986374,-2.1986374,0.445637546761
16.3622194,10.0,0.445637546761
15.6774424,10.0,0.445637546761
13.2983165,10.0,0.445637546761
1.4185966,1.4185966,0.445637546761
2.2164334,2.2164334,0.445637546761
-2.2004528,-2.2004528,0.445637546761
-1.4355915,-1.4355915,0.445637546761
19.3872179,10.0,0.445637546761
16.4545398,10.0,0.445637546761
0.8334019,0.8334019,0.445637546761
2.512722,2.512722,0.445637546761
2.5890364,2.5890364,0.445637546761
14.0886235,10.0,0.445637546761
1.3574974,1.3574974,0.445637546761
-1.6127802,-1.6127802,0.445637546761
-0.2499462,-0.2499462,0.445637546761
0.4233147,0.4233147,0.445637546761
1.6304196,1.6304196,0.445637546761
0.3140846,0.3140846,0.445637546761
18.8749414,10.0,0.445637546761
18.1901644,10.0,0.445637546761
15.8110385,10.0,0.445637546761
-1.1704398,-1.1704398,0.445637546761
-0.372603,-0.372603,0.445637546761
-4.7894892,-4.7894892,0.445637546761
-4.0246279,-4.0246279,0.445637546761
16.7981815,10.0,0.445637546761
13.8655034,10.0,0.445637546761
-1.7556345,-1.7556345,0.445637546761
-0.0763144,-0.0763144,0.445637546761
-2.5890364,-2.5890364,0.445637546761
11.4995871,10.0,0.445637546761
-1.231539,-1.231539,0.445637546761
-4.2018166,-4.2018166,0.445637546761
-2.8389826,-2.8389826,0.445637546761
-2.1657217,-2.1657217,0.445637546761
-0.9586168,-0.9586168,0.445637546761
-2.2749518,-2.2749518,0.445637546761
16.285905,10.0,0.445637546761
15.601128,10.0,0.445637546761
13.2220021,10.0,0.445637546761
-12.6700269,-10.0,0.445637546761
-11.8721901,-10.0,0.445637546761
-16.2890763,-10.0,0.445637546761
-15.524215,-10.0,0.445637546761
5.2985944,5.2985944,0.445637546761
2.3659163,2.3659163,0.445637546761
-13.2552216,-10.0,0.445637546761
-11.5759015,-10.0,0.445637546761
-14.0886235,-10.0,0.445637546761
-11.4995871,-10.0,0.445637546761
-12.7311261,-10.0,0.445637546761
-15.7014037,-10.0,0.445637546761
-14.3385697,-10.0,0.445637546761
-13.6653088,-10.0,0.445637546761
-12.4582039,-10.0,0.445637546761
-13.7745389,-10.0,0.445637546761
4.7863179,4.7863179,0.445637546761
4.1015409,4.1015409,0.445637546761
1.722415,1.722415,0.445637546761
0.0610992,0.0610992,0.445637546761
0.858936,0.858936,0.445637546761
-3.5579502,-3.5579502,0.445637546761
-2.7930889,-2.7930889,0.445637546761
18.0297205,10.0,0.445637546761
15.0970424,10.0,0.445637546761
-0.5240955,-0.5240955,0.445637546761
1.1552246,1.1552246,0.445637546761
-1.3574974,-1.3574974,0.445637546761
1.231539,1.231539,0.445637546761
12.7311261,10.0,0.445637546761
-2.9702776,-2.9702776,0.445637546761
-1.6074436,-1.6074436,0.445637546761
-0.9341827,-0.9341827,0.445637546761
0.2729222,0.2729222,0.445637546761
-1.0434128,-1.0434128,0.445637546761
17.517444,10.0,0.445637546761
16.832667,10.0,0.445637546761
14.4535411,10.0,0.445637546761
3.0313768,3.0313768,0.445637546761
3.8292136,3.8292136,0.445637546761
-0.5876726,-0.5876726,0.445637546761
0.1771887,0.1771887,0.445637546761
20.9999981,10.0,0.445637546761
18.06732,10.0,0.445637546761
2.4461821,2.4461821,0.445637546761
4.1255022,4.1255022,0.445637546761
1.6127802,1.6127802,0.445637546761
4.2018166,4.2018166,0.445637546761
15.7014037,10.0,0.445637546761
2.9702776,2.9702776,0.445637546761
1.362834,1.362834,0.445637546761
2.0360949,2.0360949,0.445637546761
3.2431998,3.2431998,0.445637546761
1.9268648,1.9268648,0.445637546761
20.4877216,10.0,0.445637546761
19.8029446,10.0,0.445637546761
17.4238187,10.0,0.445637546761
1.6685428,1.6685428,0.445637546761
2.4663796,2.4663796,0.445637546761
-1.9505066,-1.9505066,0.445637546761
-1.1856453,-1.1856453,0.445637546761
19.6371641,10.0,0.445637546761
16.704486,10.0,0.445637546761
1.0833481,1.0833481,0.445637546761
2.7626682,2.7626682,0.445637546761
0.2499462,0.2499462,0.445637546761
2.8389826,2.8389826,0.445637546761
14.3385697,10.0,0.445637546761
1.6074436,1.6074436,0.445637546761
-1.362834,-1.362834,0.445637546761
0.6732609,0.6732609,0.445637546761
1.8803658,1.8803658,0.445637546761
0.5640308,0.5640308,0.445637546761
19.1248876,10.0,0.445637546761
18.4401106,10.0,0.445637546761
16.0609847,10.0,0.445637546761
0.9952819,0.9952819,0.445637546761
1.7931187,1.7931187,0.445637546761
-2.6237675,-2.6237675,0.445637546761
-1.8589062,-1.8589062,0.445637546761
18.9639032,10.0,0.445637546761
16.0312251,10.0,0.445637546761
0.4100872,0.4100872,0.445637546761
2.0894073,2.0894073,0.445637546761
-0.4233147,-0.4233147,0.445637546761
2.1657217,2.1657217,0.445637546761
13.6653088,10.0,0.445637546761
0.9341827,0.9341827,0.445637546761
-2.0360949,-2.0360949,0.445637546761
-0.6732609,-0.6732609,0.445637546761
1.2071049,1.2071049,0.445637546761
-0.1092301,-0.1092301,0.445637546761
18.4516267,10.0,0.445637546761
17.7668497,10.0,0.445637546761
15.3877238,10.0,0.445637546761
-0.211823,-0.211823,0.445637546761
0.5860138,0.5860138,0.445637546761
-3.8308724,-3.8308724,0.445637546761
-3.0660111,-3.0660111,0.445637546761
17.7567983,10.0,0.445637546761
14.8241202,10.0,0.445637546761
-0.7970177,-0.7970177,0.445637546761
0.8823024,0.8823024,0.445637546761
-1.6304196,-1.6304196,0.445637546761
0.9586168,0.9586168,0.445637546761
12.4582039,10.0,0.445637546761
-0.2729222,-0.2729222,0.445637546761
-3.2431998,-3.2431998,0.445637546761
-1.8803658,-1.8803658,0.445637546761
-1.2071049,-1.2071049,0.445637546761
-1.316335,-1.316335,0.445637546761
17.2445218,10.0,0.445637546761
16.5597448,10.0,0.445637546761
14.1806189,10.0,0.445637546761
1.104512,1.104512,0.445637546761
1.9023488,1.9023488,0.445637546761
-2.5145374,-2.5145374,0.445637546761
-1.7496761,-1.7496761,0.445637546761
19.0731333,10.0,0.445637546761
16.1404552,10.0,0.445637546761
0.5193173,0.5193173,0.445637546761
2.1986374,2.1986374,0.445637546761
-0.3140846,-0.3140846,0.445637546761
2.2749518,2.2749518,0.445637546761
13.7745389,10.0,0.445637546761
1.0434128,1.0434128,0.445637546761
-1.9268648,-1.9268648,0.445637546761
-0.5640308,-0.5640308,0.445637546761
0.1092301,0.1092301,0.445637546761
1.316335,1.316335,0.445637546761
18.5608568,10.0,0.445637546761
17.8760798,10.0,0.445637546761
15.4969539,10.0,0.445637546761
-17.4563448,-10.0,0.445637546761
-16.658508,-10.0,0.445637546761
-21.0753942,-10.0,0.445637546761
-20.3105329,-10.0,0.445637546761
0.5122765,0.5122765,0.445637546761
-2.4204016,-2.4204016,0.445637546761
-18.0415395,-10.0,0.445637546761
-16.3622194,-10.0,0.445637546761
-18.8749414,-10.0,0.445637546761
-16.285905,-10.0,0.445637546761
-4.7863179,-4.7863179,0.445637546761
-17.517444,-10.0,0.445637546761
-20.4877216,-10.0,0.445637546761
-19.1248876,-10.0,0.445637546761
-18.4516267,-10.0,0.445637546761
-17.2445218,-10.0,0.445637546761
-18.5608568,-10.0,0.445637546761
-0.684777,-0.684777,0.445637546761
-3.0639029,-3.0639029,0.445637546761
-16.7715678,-10.0,0.445637546761
-15.973731,-10.0,0.445637546761
-20.3906172,-10.0,0.445637546761
-19.6257559,-10.0,0.445637546761
1.1970535,1.1970535,0.445637546761
-1.7356246,-1.7356246,0.445637546761
-17.3567625,-10.0,0.445637546761
-15.6774424,-10.0,0.445637546761
-18.1901644,-10.0,0.445637546761
-15.601128,-10.0,0.445637546761
-4.1015409,-4.1015409,0.445637546761
-16.832667,-10.0,0.445637546761
-19.8029446,-10.0,0.445637546761
-18.4401106,-10.0,0.445637546761
-17.7668497,-10.0,0.445637546761
-16.5597448,-10.0,0.445637546761
-17.8760798,-10.0,0.445637546761
0.684777,0.684777,0.445637546761
-2.3791259,-2.3791259,0.445637546761
-14.3924419,-10.0,0.445637546761
-13.5946051,-10.0,0.445637546761
-18.0114913,-10.0,0.445637546761
-17.24663,-10.0,0.445637546761
3.5761794,3.5761794,0.445637546761
0.6435013,0.6435013,0.445637546761
-14.9776366,-10.0,0.445637546761
-13.2983165,-10.0,0.445637546761
-15.8110385,-10.0,0.445637546761
-13.2220021,-10.0,0.445637546761
-1.722415,-1.722415,0.445637546761
-14.4535411,-10.0,0.445637546761
-17.4238187,-10.0,0.445637546761
-16.0609847,-10.0,0.445637546761
-15.3877238,-10.0,0.445637546761
-14.1806189,-10.0,0.445637546761
-15.4969539,-10.0,0.445637546761
3.0639029,3.0639029,0.445637546761
2.3791259,2.3791259,0.445637546761
3.0282412,3.0282412,0.227168027467
0.6118433,0.6118433,0.227168027467
2.9945179,2.9945179,0.227168027467
-8.9858534,-8.9858534,0.227168027467
2.7292431,2.7292431,0.227168027467
3.0282402,3.0282402,0.227168027467
-17.9717585,-10.0,0.227168027467
-0.9357134,-0.9357134,0.227168027467
-15.6682393,-10.0,0.227168027467
-14.4477621,-10.0,0.227168027467
3.0282372,3.0282372,0.227168027467
0.4841246,0.4841246,0.227168027467
0.1377141,0.1377141,0.227168027467
1.0628104,1.0628104,0.227168027467
3.015903,3.015903,0.227168027467
3.0282412,3.0282412,0.227168027467
-15.9893373,-10.0,0.227168027467
-3.0430019,-3.0430019,0.227168027467
-1.1973338,-1.1973338,0.227168027467
-3.0282412,-3.0282412,0.227168027467
-2.4163979,-2.4163979,0.227168027467
-0.0337233,-0.0337233,0.227168027467
-12.0140946,-10.0,0.227168027467
-0.2989981,-0.2989981,0.227168027467
-1.00000000103e-06,-1.00000000103e-06,0.227168027467
-20.9999997,-10.0,0.227168027467
-3.9639546,-3.9639546,0.227168027467
-18.6964805,-10.0,0.227168027467
-17.4760033,-10.0,0.227168027467
-4.00000000056e-06,-4.00000000056e-06,0.227168027467
-2.5441166,-2.5441166,0.227168027467
-2.8905271,-2.8905271,0.227168027467
-1.9654308,-1.9654308,0.227168027467
-0.0123382,-0.0123382,0.227168027467
0.0,0.0,0.227168027467
-19.0175785,-10.0,0.227168027467
-6.0712431,-6.0712431,0.227168027467
-4.225575,-4.225575,0.227168027467
-0.6118433,-0.6118433,0.227168027467
2.4163979,2.4163979,0.227168027467
2.3826746,2.3826746,0.227168027467
-9.5976967,-9.5976967,0.227168027467
2.1173998,2.1173998,0.227168027467
2.4163969,2.4163969,0.227168027467
-18.5836018,-10.0,0.227168027467
-1.5475567,-1.5475567,0.227168027467
-16.2800826,-10.0,0.227168027467
-15.0596054,-10.0,0.227168027467
2.4163939,2.4163939,0.227168027467
-0.1277187,-0.1277187,0.227168027467
-0.4741292,-0.4741292,0.227168027467
0.4509671,0.4509671,0.227168027467
2.4040597,2.4040597,0.227168027467
2.4163979,2.4163979,0.227168027467
-16.6011806,-10.0,0.227168027467
-3.6548452,-3.6548452,0.227168027467
-1.8091771,-1.8091771,0.227168027467
-2.9945179,-2.9945179,0.227168027467
0.0337233,0.0337233,0.227168027467
-2.3826746,-2.3826746,0.227168027467
-11.9803713,-10.0,0.227168027467
-0.2652748,-0.2652748,0.227168027467
0.0337223,0.0337223,0.227168027467
-20.9662764,-10.0,0.227168027467
-3.9302313,-3.9302313,0.227168027467
-18.6627572,-10.0,0.227168027467
-17.44228,-10.0,0.227168027467
0.0337193,0.0337193,0.227168027467
-2.5103933,-2.5103933,0.227168027467
-2.8568038,-2.8568038,0.227168027467
-1.9317075,-1.9317075,0.227168027467
0.0213851,0.0213851,0.227168027467
0.0337233,0.0337233,0.227168027467
-18.9838552,-10.0,0.227168027467
-6.0375198,-6.0375198,0.227168027467
-4.1918517,-4.1918517,0.227168027467
8.9858534,8.9858534,0.227168027467
12.0140946,10.0,0.227168027467
9.5976967,9.5976967,0.227168027467
11.9803713,10.0,0.227168027467
11.7150965,10.0,0.227168027467
12.0140936,10.0,0.227168027467
-8.9859051,-8.9859051,0.227168027467
8.05014,8.05014,0.227168027467
-6.6823859,-6.6823859,0.227168027467
-5.4619087,-5.4619087,0.227168027467
12.0140906,10.0,0.227168027467
9.469978,9.469978,0.227168027467
9.1235675,9.1235675,0.227168027467
10.0486638,10.0,0.227168027467
12.0017564,10.0,0.227168027467
12.0140946,10.0,0.227168027467
-7.0034839,-7.0034839,0.227168027467
5.9428515,5.9428515,0.227168027467
7.7885196,7.7885196,0.227168027467
-2.7292431,-2.7292431,0.227168027467
0.2989981,0.2989981,0.227168027467
-2.1173998,-2.1173998,0.227168027467
0.2652748,0.2652748,0.227168027467
-11.7150965,-10.0,0.227168027467
0.2989971,0.2989971,0.227168027467
-20.7010016,-10.0,0.227168027467
-3.6649565,-3.6649565,0.227168027467
-18.3974824,-10.0,0.227168027467
-17.1770052,-10.0,0.227168027467
0.2989941,0.2989941,0.227168027467
-2.2451185,-2.2451185,0.227168027467
-2.591529,-2.591529,0.227168027467
-1.6664327,-1.6664327,0.227168027467
0.2866599,0.2866599,0.227168027467
0.2989981,0.2989981,0.227168027467
-18.7185804,-10.0,0.227168027467
-5.772245,-5.772245,0.227168027467
-3.9265769,-3.9265769,0.227168027467
-3.0282402,-3.0282402,0.227168027467
1.00000000103e-06,1.00000000103e-06,0.227168027467
-2.4163969,-2.4163969,0.227168027467
-0.0337223,-0.0337223,0.227168027467
-12.0140936,-10.0,0.227168027467
-0.2989971,-0.2989971,0.227168027467
-20.9999987,-10.0,0.227168027467
-3.9639536,-3.9639536,0.227168027467
-18.6964795,-10.0,0.227168027467
-17.4760023,-10.0,0.227168027467
-2.99999999953e-06,-2.99999999953e-06,0.227168027467
-2.5441156,-2.5441156,0.227168027467
-2.8905261,-2.8905261,0.227168027467
-1.9654298,-1.9654298,0.227168027467
-0.0123372,-0.0123372,0.227168027467
1.00000000103e-06,1.00000000103e-06,0.227168027467
-19.0175775,-10.0,0.227168027467
-6.0712421,-6.0712421,0.227168027467
-4.225574,-4.225574,0.227168027467
17.9717585,10.0,0.227168027467
20.9999997,10.0,0.227168027467
18.5836018,10.0,0.227168027467
20.9662764,10.0,0.227168027467
8.9859051,8.9859051,0.227168027467
20.7010016,10.0,0.227168027467
20.9999987,10.0,0.227168027467
17.0360451,10.0,0.227168027467
2.3035192,2.3035192,0.227168027467
3.5239964,3.5239964,0.227168027467
20.9999957,10.0,0.227168027467
18.4558831,10.0,0.227168027467
18.1094726,10.0,0.227168027467
19.0345689,10.0,0.227168027467
20.9876615,10.0,0.227168027467
20.9999997,10.0,0.227168027467
1.9824212,1.9824212,0.227168027467
14.9287566,10.0,0.227168027467
16.7744247,10.0,0.227168027467
0.9357134,0.9357134,0.227168027467
3.9639546,3.9639546,0.227168027467
1.5475567,1.5475567,0.227168027467
3.9302313,3.9302313,0.227168027467
-8.05014,-8.05014,0.227168027467
3.6649565,3.6649565,0.227168027467
3.9639536,3.9639536,0.227168027467
-17.0360451,-10.0,0.227168027467
-14.7325259,-10.0,0.227168027467
-13.5120487,-10.0,0.227168027467
3.9639506,3.9639506,0.227168027467
1.419838,1.419838,0.227168027467
1.0734275,1.0734275,0.227168027467
1.9985238,1.9985238,0.227168027467
3.9516164,3.9516164,0.227168027467
3.9639546,3.9639546,0.227168027467
-15.0536239,-10.0,0.227168027467
-2.1072885,-2.1072885,0.227168027467
-0.2616204,-0.2616204,0.227168027467
15.6682393,10.0,0.227168027467
18.6964805,10.0,0.227168027467
16.2800826,10.0,0.227168027467
18.6627572,10.0,0.227168027467
6.6823859,6.6823859,0.227168027467
18.3974824,10.0,0.227168027467
18.6964795,10.0,0.227168027467
-2.3035192,-2.3035192,0.227168027467
14.7325259,10.0,0.227168027467
1.2204772,1.2204772,0.227168027467
18.6964765,10.0,0.227168027467
16.1523639,10.0,0.227168027467
15.8059534,10.0,0.227168027467
16.7310497,10.0,0.227168027467
18.6841423,10.0,0.227168027467
18.6964805,10.0,0.227168027467
-0.321098,-0.321098,0.227168027467
12.6252374,10.0,0.227168027467
14.4709055,10.0,0.227168027467
14.4477621,10.0,0.227168027467
17.4760033,10.0,0.227168027467
15.0596054,10.0,0.227168027467
17.44228,10.0,0.227168027467
5.4619087,5.4619087,0.227168027467
17.1770052,10.0,0.227168027467
17.4760023,10.0,0.227168027467
-3.5239964,-3.5239964,0.227168027467
13.5120487,10.0,0.227168027467
-1.2204772,-1.2204772,0.227168027467
17.4759993,10.0,0.227168027467
14.9318867,10.0,0.227168027467
14.5854762,10.0,0.227168027467
15.5105725,10.0,0.227168027467
17.4636651,10.0,0.227168027467
17.4760033,10.0,0.227168027467
-1.5415752,-1.5415752,0.227168027467
11.4047602,10.0,0.227168027467
13.2504283,10.0,0.227168027467
-3.0282372,-3.0282372,0.227168027467
4.00000000056e-06,4.00000000056e-06,0.227168027467
-2.4163939,-2.4163939,0.227168027467
-0.0337193,-0.0337193,0.227168027467
-12.0140906,-10.0,0.227168027467
-0.2989941,-0.2989941,0.227168027467
2.99999999953e-06,2.99999999953e-06,0.227168027467
-20.9999957,-10.0,0.227168027467
-3.9639506,-3.9639506,0.227168027467
-18.6964765,-10.0,0.227168027467
-17.4759993,-10.0,0.227168027467
-2.5441126,-2.5441126,0.227168027467
-2.8905231,-2.8905231,0.227168027467
-1.9654268,-1.9654268,0.227168027467
-0.0123342,-0.0123342,0.227168027467
4.00000000056e-06,4.00000000056e-06,0.227168027467
-19.0175745,-10.0,0.227168027467
-6.0712391,-6.0712391,0.227168027467
-4.225571,-4.225571,0.227168027467
-0.4841246,-0.4841246,0.227168027467
2.5441166,2.5441166,0.227168027467
0.1277187,0.1277187,0.227168027467
2.5103933,2.5103933,0.227168027467
-9.469978,-9.469978,0.227168027467
2.2451185,2.2451185,0.227168027467
2.5441156,2.5441156,0.227168027467
-18.4558831,-10.0,0.227168027467
-1.419838,-1.419838,0.227168027467
-16.1523639,-10.0,0.227168027467
-14.9318867,-10.0,0.227168027467
2.5441126,2.5441126,0.227168027467
-0.3464105,-0.3464105,0.227168027467
0.5786858,0.5786858,0.227168027467
2.5317784,2.5317784,0.227168027467
2.5441166,2.5441166,0.227168027467
-16.4734619,-10.0,0.227168027467
-3.5271265,-3.5271265,0.227168027467
-1.6814584,-1.6814584,0.227168027467
-0.1377141,-0.1377141,0.227168027467
2.8905271,2.8905271,0.227168027467
0.4741292,0.4741292,0.227168027467
2.8568038,2.8568038,0.227168027467
-9.1235675,-9.1235675,0.227168027467
2.591529,2.591529,0.227168027467
2.8905261,2.8905261,0.227168027467
-18.1094726,-10.0,0.227168027467
-1.0734275,-1.0734275,0.227168027467
-15.8059534,-10.0,0.227168027467
-14.5854762,-10.0,0.227168027467
2.8905231,2.8905231,0.227168027467
0.3464105,0.3464105,0.227168027467
0.9250963,0.9250963,0.227168027467
2.8781889,2.8781889,0.227168027467
2.8905271,2.8905271,0.227168027467
-16.1270514,-10.0,0.227168027467
-3.180716,-3.180716,0.227168027467
-1.3350479,-1.3350479,0.227168027467
-1.0628104,-1.0628104,0.227168027467
1.9654308,1.9654308,0.227168027467
-0.4509671,-0.4509671,0.227168027467
1.9317075,1.9317075,0.227168027467
-10.0486638,-10.0,0.227168027467
1.6664327,1.6664327,0.227168027467
1.9654298,1.9654298,0.227168027467
-19.0345689,-10.0,0.227168027467
-1.9985238,-1.9985238,0.227168027467
-16.7310497,-10.0,0.227168027467
-15.5105725,-10.0,0.227168027467
1.9654268,1.9654268,0.227168027467
-0.5786858,-0.5786858,0.227168027467
-0.9250963,-0.9250963,0.227168027467
1.9530926,1.9530926,0.227168027467
1.9654308,1.9654308,0.227168027467
-17.0521477,-10.0,0.227168027467
-4.1058123,-4.1058123,0.227168027467
-2.2601442,-2.2601442,0.227168027467
-3.015903,-3.015903,0.227168027467
0.0123382,0.0123382,0.227168027467
-2.4040597,-2.4040597,0.227168027467
-0.0213851,-0.0213851,0.227168027467
-12.0017564,-10.0,0.227168027467
-0.2866599,-0.2866599,0.227168027467
0.0123372,0.0123372,0.227168027467
-20.9876615,-10.0,0.227168027467
-3.9516164,-3.9516164,0.227168027467
-18.6841423,-10.0,0.227168027467
-17.4636651,-10.0,0.227168027467
0.0123342,0.0123342,0.227168027467
-2.5317784,-2.5317784,0.227168027467
-2.8781889,-2.8781889,0.227168027467
-1.9530926,-1.9530926,0.227168027467
0.0123382,0.0123382,0.227168027467
-19.0052403,-10.0,0.227168027467
-6.0589049,-6.0589049,0.227168027467
-4.2132368,-4.2132368,0.227168027467
-3.0282412,-3.0282412,0.227168027467
0.0,0.0,0.227168027467
-2.4163979,-2.4163979,0.227168027467
-0.0337233,-0.0337233,0.227168027467
-12.0140946,-10.0,0.227168027467
-0.2989981,-0.2989981,0.227168027467
-1.00000000103e-06,-1.00000000103e-06,0.227168027467
-20.9999997,-10.0,0.227168027467
-3.9639546,-3.9639546,0.227168027467
-18.6964805,-10.0,0.227168027467
-17.4760033,-10.0,0.227168027467
-4.00000000056e-06,-4.00000000056e-06,0.227168027467
-2.5441166,-2.5441166,0.227168027467
-2.8905271,-2.8905271,0.227168027467
-1.9654308,-1.9654308,0.227168027467
-0.0123382,-0.0123382,0.227168027467
-19.0175785,-10.0,0.227168027467
-6.0712431,-6.0712431,0.227168027467
-4.225575,-4.225575,0.227168027467
15.9893373,10.0,0.227168027467
19.0175785,10.0,0.227168027467
16.6011806,10.0,0.227168027467
18.9838552,10.0,0.227168027467
7.0034839,7.0034839,0.227168027467
18.7185804,10.0,0.227168027467
19.0175775,10.0,0.227168027467
-1.9824212,-1.9824212,0.227168027467
15.0536239,10.0,0.227168027467
0.321098,0.321098,0.227168027467
1.5415752,1.5415752,0.227168027467
19.0175745,10.0,0.227168027467
16.4734619,10.0,0.227168027467
16.1270514,10.0,0.227168027467
17.0521477,10.0,0.227168027467
19.0052403,10.0,0.227168027467
19.0175785,10.0,0.227168027467
12.9463354,10.0,0.227168027467
14.7920035,10.0,0.227168027467
3.0430019,3.0430019,0.227168027467
6.0712431,6.0712431,0.227168027467
3.6548452,3.6548452,0.227168027467
6.0375198,6.0375198,0.227168027467
-5.9428515,-5.9428515,0.227168027467
5.772245,5.772245,0.227168027467
6.0712421,6.0712421,0.227168027467
-14.9287566,-10.0,0.227168027467
2.1072885,2.1072885,0.227168027467
-12.6252374,-10.0,0.227168027467
-11.4047602,-10.0,0.227168027467
6.0712391,6.0712391,0.227168027467
3.5271265,3.5271265,0.227168027467
3.180716,3.180716,0.227168027467
4.1058123,4.1058123,0.227168027467
6.0589049,6.0589049,0.227168027467
6.0712431,6.0712431,0.227168027467
-12.9463354,-10.0,0.227168027467
1.8456681,1.8456681,0.227168027467
1.1973338,1.1973338,0.227168027467
4.225575,4.225575,0.227168027467
1.8091771,1.8091771,0.227168027467
4.1918517,4.1918517,0.227168027467
-7.7885196,-7.7885196,0.227168027467
3.9265769,3.9265769,0.227168027467
4.225574,4.225574,0.227168027467
-16.7744247,-10.0,0.227168027467
0.2616204,0.2616204,0.227168027467
-14.4709055,-10.0,0.227168027467
-13.2504283,-10.0,0.227168027467
4.225571,4.225571,0.227168027467
1.6814584,1.6814584,0.227168027467
1.3350479,1.3350479,0.227168027467
2.2601442,2.2601442,0.227168027467
4.2132368,4.2132368,0.227168027467
4.225575,4.225575,0.227168027467
-14.7920035,-10.0,0.227168027467
-1.8456681,-1.8456681,0.227168027467
1.4796572,1.4796572,0.24577485187
1.6816621,1.6816621,0.24577485187
1.2622857,1.2622857,0.24577485187
-18.5907448,-10.0,0.24577485187
1.6816457,1.6816457,0.24577485187
-17.3480214,-10.0,0.24577485187
-16.3786045,-10.0,0.24577485187
-1.0722588,-1.0722588,0.24577485187
-16.4035866,-10.0,0.24577485187
1.427197,1.427197,0.24577485187
-0.5812312,-0.5812312,0.24577485187
1.5005083,1.5005083,0.24577485187
0.0061455,0.0061455,0.24577485187
-0.258238,-0.258238,0.24577485187
-0.3172058,-0.3172058,0.24577485187
-16.5206094,-10.0,0.24577485187
-19.3183378,-10.0,0.24577485187
-18.9842919,-10.0,0.24577485187
-18.8712593,-10.0,0.24577485187
-1.4796572,-1.4796572,0.24577485187
0.2020049,0.2020049,0.24577485187
-0.2173715,-0.2173715,0.24577485187
-20.070402,-10.0,0.24577485187
0.2019885,0.2019885,0.24577485187
-18.8276786,-10.0,0.24577485187
-17.8582617,-10.0,0.24577485187
-2.551916,-2.551916,0.24577485187
-17.8832438,-10.0,0.24577485187
-0.0524602,-0.0524602,0.24577485187
-2.0608884,-2.0608884,0.24577485187
0.0208511,0.0208511,0.24577485187
-1.4735117,-1.4735117,0.24577485187
-1.7378952,-1.7378952,0.24577485187
-1.796863,-1.796863,0.24577485187
-18.0002666,-10.0,0.24577485187
-20.797995,-10.0,0.24577485187
-20.4639491,-10.0,0.24577485187
-20.3509165,-10.0,0.24577485187
-1.6816621,-1.6816621,0.24577485187
-0.2020049,-0.2020049,0.24577485187
-0.4193764,-0.4193764,0.24577485187
-20.2724069,-10.0,0.24577485187
-1.63999999998e-05,-1.63999999998e-05,0.24577485187
-19.0296835,-10.0,0.24577485187
-18.0602666,-10.0,0.24577485187
-2.7539209,-2.7539209,0.24577485187
-18.0852487,-10.0,0.24577485187
-0.2544651,-0.2544651,0.24577485187
-2.2628933,-2.2628933,0.24577485187
-0.1811538,-0.1811538,0.24577485187
-1.6755166,-1.6755166,0.24577485187
-1.9399001,-1.9399001,0.24577485187
-1.9988679,-1.9988679,0.24577485187
-18.2022715,-10.0,0.24577485187
-20.9999999,-10.0,0.24577485187
-20.665954,-10.0,0.24577485187
-20.5529214,-10.0,0.24577485187
-1.2622857,-1.2622857,0.24577485187
0.2173715,0.2173715,0.24577485187
0.4193764,0.4193764,0.24577485187
-19.8530305,-10.0,0.24577485187
0.41936,0.41936,0.24577485187
-18.6103071,-10.0,0.24577485187
-17.6408902,-10.0,0.24577485187
-2.3345445,-2.3345445,0.24577485187
-17.6658723,-10.0,0.24577485187
0.1649113,0.1649113,0.24577485187
-1.8435169,-1.8435169,0.24577485187
0.2382226,0.2382226,0.24577485187
-1.2561402,-1.2561402,0.24577485187
-1.5205237,-1.5205237,0.24577485187
-1.5794915,-1.5794915,0.24577485187
-17.7828951,-10.0,0.24577485187
-20.5806235,-10.0,0.24577485187
-20.2465776,-10.0,0.24577485187
-20.133545,-10.0,0.24577485187
18.5907448,10.0,0.24577485187
20.070402,10.0,0.24577485187
20.2724069,10.0,0.24577485187
19.8530305,10.0,0.24577485187
20.2723905,10.0,0.24577485187
1.2427234,1.2427234,0.24577485187
2.2121403,2.2121403,0.24577485187
17.518486,10.0,0.24577485187
2.1871582,2.1871582,0.24577485187
20.0179418,10.0,0.24577485187
18.0095136,10.0,0.24577485187
20.0912531,10.0,0.24577485187
18.5968903,10.0,0.24577485187
18.3325068,10.0,0.24577485187
18.273539,10.0,0.24577485187
2.0701354,2.0701354,0.24577485187
-0.727593,-0.727593,0.24577485187
-0.3935471,-0.3935471,0.24577485187
-0.2805145,-0.2805145,0.24577485187
-1.6816457,-1.6816457,0.24577485187
-0.2019885,-0.2019885,0.24577485187
1.63999999998e-05,1.63999999998e-05,0.24577485187
-0.41936,-0.41936,0.24577485187
-20.2723905,-10.0,0.24577485187
-19.0296671,-10.0,0.24577485187
-18.0602502,-10.0,0.24577485187
-2.7539045,-2.7539045,0.24577485187
-18.0852323,-10.0,0.24577485187
-0.2544487,-0.2544487,0.24577485187
-2.2628769,-2.2628769,0.24577485187
-0.1811374,-0.1811374,0.24577485187
-1.6755002,-1.6755002,0.24577485187
-1.9398837,-1.9398837,0.24577485187
-1.9988515,-1.9988515,0.24577485187
-18.2022551,-10.0,0.24577485187
-20.9999835,-10.0,0.24577485187
-20.6659376,-10.0,0.24577485187
-20.552905,-10.0,0.24577485187
17.3480214,10.0,0.24577485187
18.8276786,10.0,0.24577485187
19.0296835,10.0,0.24577485187
18.6103071,10.0,0.24577485187
-1.2427234,-1.2427234,0.24577485187
19.0296671,10.0,0.24577485187
0.9694169,0.9694169,0.24577485187
16.2757626,10.0,0.24577485187
0.9444348,0.9444348,0.24577485187
18.7752184,10.0,0.24577485187
16.7667902,10.0,0.24577485187
18.8485297,10.0,0.24577485187
17.3541669,10.0,0.24577485187
17.0897834,10.0,0.24577485187
17.0308156,10.0,0.24577485187
0.827412,0.827412,0.24577485187
-1.9703164,-1.9703164,0.24577485187
-1.6362705,-1.6362705,0.24577485187
-1.5232379,-1.5232379,0.24577485187
16.3786045,10.0,0.24577485187
17.8582617,10.0,0.24577485187
18.0602666,10.0,0.24577485187
17.6408902,10.0,0.24577485187
-2.2121403,-2.2121403,0.24577485187
18.0602502,10.0,0.24577485187
-0.9694169,-0.9694169,0.24577485187
15.3063457,10.0,0.24577485187
-0.0249821,-0.0249821,0.24577485187
17.8058015,10.0,0.24577485187
15.7973733,10.0,0.24577485187
17.8791128,10.0,0.24577485187
16.38475,10.0,0.24577485187
16.1203665,10.0,0.24577485187
16.0613987,10.0,0.24577485187
-0.1420049,-0.1420049,0.24577485187
-2.9397333,-2.9397333,0.24577485187
-2.6056874,-2.6056874,0.24577485187
-2.4926548,-2.4926548,0.24577485187
1.0722588,1.0722588,0.24577485187
2.551916,2.551916,0.24577485187
2.7539209,2.7539209,0.24577485187
2.3345445,2.3345445,0.24577485187
-17.518486,-10.0,0.24577485187
2.7539045,2.7539045,0.24577485187
-16.2757626,-10.0,0.24577485187
-15.3063457,-10.0,0.24577485187
-15.3313278,-10.0,0.24577485187
2.4994558,2.4994558,0.24577485187
0.4910276,0.4910276,0.24577485187
2.5727671,2.5727671,0.24577485187
1.0784043,1.0784043,0.24577485187
0.8140208,0.8140208,0.24577485187
0.755053,0.755053,0.24577485187
-15.4483506,-10.0,0.24577485187
-18.246079,-10.0,0.24577485187
-17.9120331,-10.0,0.24577485187
-17.7990005,-10.0,0.24577485187
16.4035866,10.0,0.24577485187
17.8832438,10.0,0.24577485187
18.0852487,10.0,0.24577485187
17.6658723,10.0,0.24577485187
-2.1871582,-2.1871582,0.24577485187
18.0852323,10.0,0.24577485187
-0.9444348,-0.9444348,0.24577485187
0.0249821,0.0249821,0.24577485187
15.3313278,10.0,0.24577485187
17.8307836,10.0,0.24577485187
15.8223554,10.0,0.24577485187
17.9040949,10.0,0.24577485187
16.4097321,10.0,0.24577485187
16.1453486,10.0,0.24577485187
16.0863808,10.0,0.24577485187
-0.1170228,-0.1170228,0.24577485187
-2.9147512,-2.9147512,0.24577485187
-2.5807053,-2.5807053,0.24577485187
-2.4676727,-2.4676727,0.24577485187
-1.427197,-1.427197,0.24577485187
0.0524602,0.0524602,0.24577485187
0.2544651,0.2544651,0.24577485187
-0.1649113,-0.1649113,0.24577485187
-20.0179418,-10.0,0.24577485187
0.2544487,0.2544487,0.24577485187
-18.7752184,-10.0,0.24577485187
-17.8058015,-10.0,0.24577485187
-2.4994558,-2.4994558,0.24577485187
-17.8307836,-10.0,0.24577485187
-2.0084282,-2.0084282,0.24577485187
0.0733113,0.0733113,0.24577485187
-1.4210515,-1.4210515,0.24577485187
-1.685435,-1.685435,0.24577485187
-1.7444028,-1.7444028,0.24577485187
-17.9478064,-10.0,0.24577485187
-20.7455348,-10.0,0.24577485187
-20.4114889,-10.0,0.24577485187
-20.2984563,-10.0,0.24577485187
0.5812312,0.5812312,0.24577485187
2.0608884,2.0608884,0.24577485187
2.2628933,2.2628933,0.24577485187
1.8435169,1.8435169,0.24577485187
-18.0095136,-10.0,0.24577485187
2.2628769,2.2628769,0.24577485187
-16.7667902,-10.0,0.24577485187
-15.7973733,-10.0,0.24577485187
-0.4910276,-0.4910276,0.24577485187
-15.8223554,-10.0,0.24577485187
2.0084282,2.0084282,0.24577485187
2.0817395,2.0817395,0.24577485187
0.5873767,0.5873767,0.24577485187
0.3229932,0.3229932,0.24577485187
0.2640254,0.2640254,0.24577485187
-15.9393782,-10.0,0.24577485187
-18.7371066,-10.0,0.24577485187
-18.4030607,-10.0,0.24577485187
-18.2900281,-10.0,0.24577485187
-1.5005083,-1.5005083,0.24577485187
-0.0208511,-0.0208511,0.24577485187
0.1811538,0.1811538,0.24577485187
-0.2382226,-0.2382226,0.24577485187
-20.0912531,-10.0,0.24577485187
0.1811374,0.1811374,0.24577485187
-18.8485297,-10.0,0.24577485187
-17.8791128,-10.0,0.24577485187
-2.5727671,-2.5727671,0.24577485187
-17.9040949,-10.0,0.24577485187
-0.0733113,-0.0733113,0.24577485187
-2.0817395,-2.0817395,0.24577485187
-1.4943628,-1.4943628,0.24577485187
-1.7587463,-1.7587463,0.24577485187
-1.8177141,-1.8177141,0.24577485187
-18.0211177,-10.0,0.24577485187
-20.8188461,-10.0,0.24577485187
-20.4848002,-10.0,0.24577485187
-20.3717676,-10.0,0.24577485187
-0.0061455,-0.0061455,0.24577485187
1.4735117,1.4735117,0.24577485187
1.6755166,1.6755166,0.24577485187
1.2561402,1.2561402,0.24577485187
-18.5968903,-10.0,0.24577485187
1.6755002,1.6755002,0.24577485187
-17.3541669,-10.0,0.24577485187
-16.38475,-10.0,0.24577485187
-1.0784043,-1.0784043,0.24577485187
-16.4097321,-10.0,0.24577485187
1.4210515,1.4210515,0.24577485187
-0.5873767,-0.5873767,0.24577485187
1.4943628,1.4943628,0.24577485187
-0.2643835,-0.2643835,0.24577485187
-0.3233513,-0.3233513,0.24577485187
-16.5267549,-10.0,0.24577485187
-19.3244833,-10.0,0.24577485187
-18.9904374,-10.0,0.24577485187
-18.8774048,-10.0,0.24577485187
0.258238,0.258238,0.24577485187
1.7378952,1.7378952,0.24577485187
1.9399001,1.9399001,0.24577485187
1.5205237,1.5205237,0.24577485187
-18.3325068,-10.0,0.24577485187
1.9398837,1.9398837,0.24577485187
-17.0897834,-10.0,0.24577485187
-16.1203665,-10.0,0.24577485187
-0.8140208,-0.8140208,0.24577485187
-16.1453486,-10.0,0.24577485187
1.685435,1.685435,0.24577485187
-0.3229932,-0.3229932,0.24577485187
1.7587463,1.7587463,0.24577485187
0.2643835,0.2643835,0.24577485187
-0.0589678,-0.0589678,0.24577485187
-16.2623714,-10.0,0.24577485187
-19.0600998,-10.0,0.24577485187
-18.7260539,-10.0,0.24577485187
-18.6130213,-10.0,0.24577485187
0.3172058,0.3172058,0.24577485187
1.796863,1.796863,0.24577485187
1.9988679,1.9988679,0.24577485187
1.5794915,1.5794915,0.24577485187
-18.273539,-10.0,0.24577485187
1.9988515,1.9988515,0.24577485187
-17.0308156,-10.0,0.24577485187
-16.0613987,-10.0,0.24577485187
-0.755053,-0.755053,0.24577485187
-16.0863808,-10.0,0.24577485187
1.7444028,1.7444028,0.24577485187
-0.2640254,-0.2640254,0.24577485187
1.8177141,1.8177141,0.24577485187
0.3233513,0.3233513,0.24577485187
0.0589678,0.0589678,0.24577485187
-16.2034036,-10.0,0.24577485187
-19.001132,-10.0,0.24577485187
-18.6670861,-10.0,0.24577485187
-18.5540535,-10.0,0.24577485187
16.5206094,10.0,0.24577485187
18.0002666,10.0,0.24577485187
18.2022715,10.0,0.24577485187
17.7828951,10.0,0.24577485187
-2.0701354,-2.0701354,0.24577485187
18.2022551,10.0,0.24577485187
-0.827412,-0.827412,0.24577485187
0.1420049,0.1420049,0.24577485187
15.4483506,10.0,0.24577485187
0.1170228,0.1170228,0.24577485187
17.9478064,10.0,0.24577485187
15.9393782,10.0,0.24577485187
18.0211177,10.0,0.24577485187
16.5267549,10.0,0.24577485187
16.2623714,10.0,0.24577485187
16.2034036,10.0,0.24577485187
-2.7977284,-2.7977284,0.24577485187
-2.4636825,-2.4636825,0.24577485187
-2.3506499,-2.3506499,0.24577485187
19.3183378,10.0,0.24577485187
20.797995,10.0,0.24577485187
20.9999999,10.0,0.24577485187
20.5806235,10.0,0.24577485187
0.727593,0.727593,0.24577485187
20.9999835,10.0,0.24577485187
1.9703164,1.9703164,0.24577485187
2.9397333,2.9397333,0.24577485187
18.246079,10.0,0.24577485187
2.9147512,2.9147512,0.24577485187
20.7455348,10.0,0.24577485187
18.7371066,10.0,0.24577485187
20.8188461,10.0,0.24577485187
19.3244833,10.0,0.24577485187
19.0600998,10.0,0.24577485187
19.001132,10.0,0.24577485187
2.7977284,2.7977284,0.24577485187
0.3340459,0.3340459,0.24577485187
0.4470785,0.4470785,0.24577485187
18.9842919,10.0,0.24577485187
20.4639491,10.0,0.24577485187
20.665954,10.0,0.24577485187
20.2465776,10.0,0.24577485187
0.3935471,0.3935471,0.24577485187
20.6659376,10.0,0.24577485187
1.6362705,1.6362705,0.24577485187
2.6056874,2.6056874,0.24577485187
17.9120331,10.0,0.24577485187
2.5807053,2.5807053,0.24577485187
20.4114889,10.0,0.24577485187
18.4030607,10.0,0.24577485187
20.4848002,10.0,0.24577485187
18.9904374,10.0,0.24577485187
18.7260539,10.0,0.24577485187
18.6670861,10.0,0.24577485187
2.4636825,2.4636825,0.24577485187
-0.3340459,-0.3340459,0.24577485187
0.1130326,0.1130326,0.24577485187
18.8712593,10.0,0.24577485187
20.3509165,10.0,0.24577485187
20.5529214,10.0,0.24577485187
20.133545,10.0,0.24577485187
0.2805145,0.2805145,0.24577485187
20.552905,10.0,0.24577485187
1.5232379,1.5232379,0.24577485187
2.4926548,2.4926548,0.24577485187
17.7990005,10.0,0.24577485187
2.4676727,2.4676727,0.24577485187
20.2984563,10.0,0.24577485187
18.2900281,10.0,0.24577485187
20.3717676,10.0,0.24577485187
18.8774048,10.0,0.24577485187
18.6130213,10.0,0.24577485187
18.5540535,10.0,0.24577485187
2.3506499,2.3506499,0.24577485187
-0.4470785,-0.4470785,0.24577485187
-0.1130326,-0.1130326,0.24577485187
16.0317956,10.0,0.158351675925
15.2145917,10.0,0.158351675925
20.0046073,10.0,0.158351675925
19.9524842,10.0,0.158351675925
19.9463881,10.0,0.158351675925
19.9649927,10.0,0.158351675925
-0.5587075,-0.5587075,0.158351675925
16.8133816,10.0,0.158351675925
-0.9697589,-0.9697589,0.158351675925
17.4135071,10.0,0.158351675925
20.0302404,10.0,0.158351675925
18.3326896,10.0,0.158351675925
19.3311343,10.0,0.158351675925
17.6732012,10.0,0.158351675925
2.1420115,2.1420115,0.158351675925
-3.4623301,-3.4623301,0.158351675925
-1.4920673,-1.4920673,0.158351675925
17.1486862,10.0,0.158351675925
16.5268414,10.0,0.158351675925
-16.0317956,-10.0,0.158351675925
-0.8172039,-0.8172039,0.158351675925
3.9728117,3.9728117,0.158351675925
3.9206886,3.9206886,0.158351675925
3.9145925,3.9145925,0.158351675925
3.9331971,3.9331971,0.158351675925
-16.5905031,-10.0,0.158351675925
0.781586,0.781586,0.158351675925
-17.0015545,-10.0,0.158351675925
1.3817115,1.3817115,0.158351675925
3.9984448,3.9984448,0.158351675925
2.300894,2.300894,0.158351675925
3.2993387,3.2993387,0.158351675925
1.6414056,1.6414056,0.158351675925
-13.8897841,-10.0,0.158351675925
-19.4941257,-10.0,0.158351675925
-17.5238629,-10.0,0.158351675925
1.1168906,1.1168906,0.158351675925
0.4950458,0.4950458,0.158351675925
-15.2145917,-10.0,0.158351675925
0.8172039,0.8172039,0.158351675925
4.7900156,4.7900156,0.158351675925
4.7378925,4.7378925,0.158351675925
4.7317964,4.7317964,0.158351675925
4.750401,4.750401,0.158351675925
-15.7732992,-10.0,0.158351675925
1.5987899,1.5987899,0.158351675925
-16.1843506,-10.0,0.158351675925
2.1989154,2.1989154,0.158351675925
4.8156487,4.8156487,0.158351675925
3.1180979,3.1180979,0.158351675925
4.1165426,4.1165426,0.158351675925
2.4586095,2.4586095,0.158351675925
-13.0725802,-10.0,0.158351675925
-18.6769218,-10.0,0.158351675925
-16.706659,-10.0,0.158351675925
1.9340945,1.9340945,0.158351675925
1.3122497,1.3122497,0.158351675925
-20.0046073,-10.0,0.158351675925
-3.9728117,-3.9728117,0.158351675925
-4.7900156,-4.7900156,0.158351675925
-0.0521231,-0.0521231,0.158351675925
-0.0582192,-0.0582192,0.158351675925
-0.0396146,-0.0396146,0.158351675925
-20.5633148,-10.0,0.158351675925
-3.1912257,-3.1912257,0.158351675925
-20.9743662,-10.0,0.158351675925
-2.5911002,-2.5911002,0.158351675925
0.0256331,0.0256331,0.158351675925
-1.6719177,-1.6719177,0.158351675925
-0.673473,-0.673473,0.158351675925
-2.3314061,-2.3314061,0.158351675925
-17.8625958,-10.0,0.158351675925
-23.4669374,-10.0,0.158351675925
-21.4966746,-10.0,0.158351675925
-2.8559211,-2.8559211,0.158351675925
-3.4777659,-3.4777659,0.158351675925
-19.9524842,-10.0,0.158351675925
-3.9206886,-3.9206886,0.158351675925
-4.7378925,-4.7378925,0.158351675925
0.0521231,0.0521231,0.158351675925
-0.0060961,-0.0060961,0.158351675925
0.0125085,0.0125085,0.158351675925
-20.5111917,-10.0,0.158351675925
-3.1391026,-3.1391026,0.158351675925
-20.9222431,-10.0,0.158351675925
-2.5389771,-2.5389771,0.158351675925
0.0777562,0.0777562,0.158351675925
-1.6197946,-1.6197946,0.158351675925
-0.6213499,-0.6213499,0.158351675925
-2.279283,-2.279283,0.158351675925
-17.8104727,-10.0,0.158351675925
-23.4148143,-10.0,0.158351675925
-21.4445515,-10.0,0.158351675925
-2.803798,-2.803798,0.158351675925
-3.4256428,-3.4256428,0.158351675925
-19.9463881,-10.0,0.158351675925
-3.9145925,-3.9145925,0.158351675925
-4.7317964,-4.7317964,0.158351675925
0.0582192,0.0582192,0.158351675925
0.0060961,0.0060961,0.158351675925
0.0186046,0.0186046,0.158351675925
-20.5050956,-10.0,0.158351675925
-3.1330065,-3.1330065,0.158351675925
-20.916147,-10.0,0.158351675925
-2.532881,-2.532881,0.158351675925
0.0838523,0.0838523,0.158351675925
-1.6136985,-1.6136985,0.158351675925
-0.6152538,-0.6152538,0.158351675925
-2.2731869,-2.2731869,0.158351675925
-17.8043766,-10.0,0.158351675925
-23.4087182,-10.0,0.158351675925
-21.4384554,-10.0,0.158351675925
-2.7977019,-2.7977019,0.158351675925
-3.4195467,-3.4195467,0.158351675925
-19.9649927,-10.0,0.158351675925
-3.9331971,-3.9331971,0.158351675925
-4.750401,-4.750401,0.158351675925
0.0396146,0.0396146,0.158351675925
-0.0125085,-0.0125085,0.158351675925
-0.0186046,-0.0186046,0.158351675925
-20.5237002,-10.0,0.158351675925
-3.1516111,-3.1516111,0.158351675925
-20.9347516,-10.0,0.158351675925
-2.5514856,-2.5514856,0.158351675925
0.0652477,0.0652477,0.158351675925
-1.6323031,-1.6323031,0.158351675925
-0.6338584,-0.6338584,0.158351675925
-2.2917915,-2.2917915,0.158351675925
-17.8229812,-10.0,0.158351675925
-23.4273228,-10.0,0.158351675925
-21.45706,-10.0,0.158351675925
-2.8163065,-2.8163065,0.158351675925
-3.4381513,-3.4381513,0.158351675925
0.5587075,0.5587075,0.158351675925
16.5905031,10.0,0.158351675925
15.7732992,10.0,0.158351675925
20.5633148,10.0,0.158351675925
20.5111917,10.0,0.158351675925
20.5050956,10.0,0.158351675925
20.5237002,10.0,0.158351675925
17.3720891,10.0,0.158351675925
-0.4110514,-0.4110514,0.158351675925
17.9722146,10.0,0.158351675925
20.5889479,10.0,0.158351675925
18.8913971,10.0,0.158351675925
19.8898418,10.0,0.158351675925
18.2319087,10.0,0.158351675925
2.700719,2.700719,0.158351675925
-2.9036226,-2.9036226,0.158351675925
-0.9333598,-0.9333598,0.158351675925
17.7073937,10.0,0.158351675925
17.0855489,10.0,0.158351675925
-16.8133816,-10.0,0.158351675925
-0.781586,-0.781586,0.158351675925
-1.5987899,-1.5987899,0.158351675925
3.1912257,3.1912257,0.158351675925
3.1391026,3.1391026,0.158351675925
3.1330065,3.1330065,0.158351675925
3.1516111,3.1516111,0.158351675925
-17.3720891,-10.0,0.158351675925
-17.7831405,-10.0,0.158351675925
0.6001255,0.6001255,0.158351675925
3.2168588,3.2168588,0.158351675925
1.519308,1.519308,0.158351675925
2.5177527,2.5177527,0.158351675925
0.8598196,0.8598196,0.158351675925
-14.6713701,-10.0,0.158351675925
-20.2757117,-10.0,0.158351675925
-18.3054489,-10.0,0.158351675925
0.3353046,0.3353046,0.158351675925
-0.2865402,-0.2865402,0.158351675925
0.9697589,0.9697589,0.158351675925
17.0015545,10.0,0.158351675925
16.1843506,10.0,0.158351675925
20.9743662,10.0,0.158351675925
20.9222431,10.0,0.158351675925
20.916147,10.0,0.158351675925
20.9347516,10.0,0.158351675925
0.4110514,0.4110514,0.158351675925
17.7831405,10.0,0.158351675925
18.383266,10.0,0.158351675925
20.9999993,10.0,0.158351675925
19.3024485,10.0,0.158351675925
20.3008932,10.0,0.158351675925
18.6429601,10.0,0.158351675925
3.1117704,3.1117704,0.158351675925
-2.4925712,-2.4925712,0.158351675925
-0.5223084,-0.5223084,0.158351675925
18.1184451,10.0,0.158351675925
17.4966003,10.0,0.158351675925
-17.4135071,-10.0,0.158351675925
-1.3817115,-1.3817115,0.158351675925
-2.1989154,-2.1989154,0.158351675925
2.5911002,2.5911002,0.158351675925
2.5389771,2.5389771,0.158351675925
2.532881,2.532881,0.158351675925
2.5514856,2.5514856,0.158351675925
-17.9722146,-10.0,0.158351675925
-0.6001255,-0.6001255,0.158351675925
-18.383266,-10.0,0.158351675925
2.6167333,2.6167333,0.158351675925
0.9191825,0.9191825,0.158351675925
1.9176272,1.9176272,0.158351675925
0.2596941,0.2596941,0.158351675925
-15.2714956,-10.0,0.158351675925
-20.8758372,-10.0,0.158351675925
-18.9055744,-10.0,0.158351675925
-0.2648209,-0.2648209,0.158351675925
-0.8866657,-0.8866657,0.158351675925
-20.0302404,-10.0,0.158351675925
-3.9984448,-3.9984448,0.158351675925
-4.8156487,-4.8156487,0.158351675925
-0.0256331,-0.0256331,0.158351675925
-0.0777562,-0.0777562,0.158351675925
-0.0838523,-0.0838523,0.158351675925
-0.0652477,-0.0652477,0.158351675925
-20.5889479,-10.0,0.158351675925
-3.2168588,-3.2168588,0.158351675925
-20.9999993,-10.0,0.158351675925
-2.6167333,-2.6167333,0.158351675925
-1.6975508,-1.6975508,0.158351675925
-0.6991061,-0.6991061,0.158351675925
-2.3570392,-2.3570392,0.158351675925
-17.8882289,-10.0,0.158351675925
-23.4925705,-10.0,0.158351675925
-21.5223077,-10.0,0.158351675925
-2.8815542,-2.8815542,0.158351675925
-3.503399,-3.503399,0.158351675925
-18.3326896,-10.0,0.158351675925
-2.300894,-2.300894,0.158351675925
-3.1180979,-3.1180979,0.158351675925
1.6719177,1.6719177,0.158351675925
1.6197946,1.6197946,0.158351675925
1.6136985,1.6136985,0.158351675925
1.6323031,1.6323031,0.158351675925
-18.8913971,-10.0,0.158351675925
-1.519308,-1.519308,0.158351675925
-19.3024485,-10.0,0.158351675925
-0.9191825,-0.9191825,0.158351675925
1.6975508,1.6975508,0.158351675925
0.9984447,0.9984447,0.158351675925
-0.6594884,-0.6594884,0.158351675925
-16.1906781,-10.0,0.158351675925
-21.7950197,-10.0,0.158351675925
-19.8247569,-10.0,0.158351675925
-1.1840034,-1.1840034,0.158351675925
-1.8058482,-1.8058482,0.158351675925
-19.3311343,-10.0,0.158351675925
-3.2993387,-3.2993387,0.158351675925
-4.1165426,-4.1165426,0.158351675925
0.673473,0.673473,0.158351675925
0.6213499,0.6213499,0.158351675925
0.6152538,0.6152538,0.158351675925
0.6338584,0.6338584,0.158351675925
-19.8898418,-10.0,0.158351675925
-2.5177527,-2.5177527,0.158351675925
-20.3008932,-10.0,0.158351675925
-1.9176272,-1.9176272,0.158351675925
0.6991061,0.6991061,0.158351675925
-0.9984447,-0.9984447,0.158351675925
-1.6579331,-1.6579331,0.158351675925
-17.1891228,-10.0,0.158351675925
-22.7934644,-10.0,0.158351675925
-20.8232016,-10.0,0.158351675925
-2.1824481,-2.1824481,0.158351675925
-2.8042929,-2.8042929,0.158351675925
-17.6732012,-10.0,0.158351675925
-1.6414056,-1.6414056,0.158351675925
-2.4586095,-2.4586095,0.158351675925
2.3314061,2.3314061,0.158351675925
2.279283,2.279283,0.158351675925
2.2731869,2.2731869,0.158351675925
2.2917915,2.2917915,0.158351675925
-18.2319087,-10.0,0.158351675925
-0.8598196,-0.8598196,0.158351675925
-18.6429601,-10.0,0.158351675925
-0.2596941,-0.2596941,0.158351675925
2.3570392,2.3570392,0.158351675925
0.6594884,0.6594884,0.158351675925
1.6579331,1.6579331,0.158351675925
-15.5311897,-10.0,0.158351675925
-21.1355313,-10.0,0.158351675925
-19.1652685,-10.0,0.158351675925
-0.524515,-0.524515,0.158351675925
-1.1463598,-1.1463598,0.158351675925
-2.1420115,-2.1420115,0.158351675925
13.8897841,10.0,0.158351675925
13.0725802,10.0,0.158351675925
17.8625958,10.0,0.158351675925
17.8104727,10.0,0.158351675925
17.8043766,10.0,0.158351675925
17.8229812,10.0,0.158351675925
-2.700719,-2.700719,0.158351675925
14.6713701,10.0,0.158351675925
-3.1117704,-3.1117704,0.158351675925
15.2714956,10.0,0.158351675925
17.8882289,10.0,0.158351675925
16.1906781,10.0,0.158351675925
17.1891228,10.0,0.158351675925
15.5311897,10.0,0.158351675925
-5.6043416,-5.6043416,0.158351675925
-3.6340788,-3.6340788,0.158351675925
15.0066747,10.0,0.158351675925
14.3848299,10.0,0.158351675925
3.4623301,3.4623301,0.158351675925
19.4941257,10.0,0.158351675925
18.6769218,10.0,0.158351675925
23.4669374,10.0,0.158351675925
23.4148143,10.0,0.158351675925
23.4087182,10.0,0.158351675925
23.4273228,10.0,0.158351675925
2.9036226,2.9036226,0.158351675925
20.2757117,10.0,0.158351675925
2.4925712,2.4925712,0.158351675925
20.8758372,10.0,0.158351675925
23.4925705,10.0,0.158351675925
21.7950197,10.0,0.158351675925
22.7934644,10.0,0.158351675925
21.1355313,10.0,0.158351675925
5.6043416,5.6043416,0.158351675925
1.9702628,1.9702628,0.158351675925
20.6110163,10.0,0.158351675925
19.9891715,10.0,0.158351675925
1.4920673,1.4920673,0.158351675925
17.5238629,10.0,0.158351675925
16.706659,10.0,0.158351675925
21.4966746,10.0,0.158351675925
21.4445515,10.0,0.158351675925
21.4384554,10.0,0.158351675925
21.45706,10.0,0.158351675925
0.9333598,0.9333598,0.158351675925
18.3054489,10.0,0.158351675925
0.5223084,0.5223084,0.158351675925
18.9055744,10.0,0.158351675925
21.5223077,10.0,0.158351675925
19.8247569,10.0,0.158351675925
20.8232016,10.0,0.158351675925
19.1652685,10.0,0.158351675925
3.6340788,3.6340788,0.158351675925
-1.9702628,-1.9702628,0.158351675925
18.6407535,10.0,0.158351675925
18.0189087,10.0,0.158351675925
-17.1486862,-10.0,0.158351675925
-1.1168906,-1.1168906,0.158351675925
-1.9340945,-1.9340945,0.158351675925
2.8559211,2.8559211,0.158351675925
2.803798,2.803798,0.158351675925
2.7977019,2.7977019,0.158351675925
2.8163065,2.8163065,0.158351675925
-17.7073937,-10.0,0.158351675925
-0.3353046,-0.3353046,0.158351675925
-18.1184451,-10.0,0.158351675925
0.2648209,0.2648209,0.158351675925
2.8815542,2.8815542,0.158351675925
1.1840034,1.1840034,0.158351675925
2.1824481,2.1824481,0.158351675925
0.524515,0.524515,0.158351675925
-15.0066747,-10.0,0.158351675925
-20.6110163,-10.0,0.158351675925
-18.6407535,-10.0,0.158351675925
-0.6218448,-0.6218448,0.158351675925
-16.5268414,-10.0,0.158351675925
-0.4950458,-0.4950458,0.158351675925
-1.3122497,-1.3122497,0.158351675925
3.4777659,3.4777659,0.158351675925
3.4256428,3.4256428,0.158351675925
3.4195467,3.4195467,0.158351675925
3.4381513,3.4381513,0.158351675925
-17.0855489,-10.0,0.158351675925
0.2865402,0.2865402,0.158351675925
-17.4966003,-10.0,0.158351675925
0.8866657,0.8866657,0.158351675925
3.503399,3.503399,0.158351675925
1.8058482,1.8058482,0.158351675925
2.8042929,2.8042929,0.158351675925
1.1463598,1.1463598,0.158351675925
-14.3848299,-10.0,0.158351675925
-19.9891715,-10.0,0.158351675925
-18.0189087,-10.0,0.158351675925
0.6218448,0.6218448,0.158351675925
3.2591473,3.2591473,0.14438358916
20.5168289,10.0,0.14438358916
20.9999995,10.0,0.14438358916
20.2002419,10.0,0.14438358916
1.7531376,1.7531376,0.14438358916
13.0024141,10.0,0.14438358916
20.0910814,10.0,0.14438358916
20.4915925,10.0,0.14438358916
20.9999986,10.0,0.14438358916
19.9849049,10.0,0.14438358916
19.9533514,10.0,0.14438358916
20.9999911,10.0,0.14438358916
17.0271735,10.0,0.14438358916
20.7037548,10.0,0.14438358916
20.9939996,10.0,0.14438358916
20.9332375,10.0,0.14438358916
4.0869411,4.0869411,0.14438358916
20.9964603,10.0,0.14438358916
19.5905833,10.0,0.14438358916
-3.2591473,-3.2591473,0.14438358916
17.2576816,10.0,0.14438358916
17.7408522,10.0,0.14438358916
16.9410946,10.0,0.14438358916
-1.5060097,-1.5060097,0.14438358916
9.7432668,9.7432668,0.14438358916
16.8319341,10.0,0.14438358916
17.2324452,10.0,0.14438358916
17.7408513,10.0,0.14438358916
16.7257576,10.0,0.14438358916
16.6942041,10.0,0.14438358916
17.7408438,10.0,0.14438358916
13.7680262,10.0,0.14438358916
17.4446075,10.0,0.14438358916
17.7348523,10.0,0.14438358916
17.6740902,10.0,0.14438358916
0.8277938,0.8277938,0.14438358916
17.737313,10.0,0.14438358916
16.331436,10.0,0.14438358916
-20.5168289,-10.0,0.14438358916
-17.2576816,-10.0,0.14438358916
0.4831706,0.4831706,0.14438358916
-0.316587,-0.316587,0.14438358916
-18.7636913,-10.0,0.14438358916
-7.5144148,-7.5144148,0.14438358916
-0.4257475,-0.4257475,0.14438358916
-0.0252364,-0.0252364,0.14438358916
0.4831697,0.4831697,0.14438358916
-0.531924,-0.531924,0.14438358916
-0.5634775,-0.5634775,0.14438358916
0.4831622,0.4831622,0.14438358916
-3.4896554,-3.4896554,0.14438358916
0.1869259,0.1869259,0.14438358916
0.4771707,0.4771707,0.14438358916
0.4164086,0.4164086,0.14438358916
-16.4298878,-10.0,0.14438358916
0.4796314,0.4796314,0.14438358916
-0.9262456,-0.9262456,0.14438358916
-20.9999995,-10.0,0.14438358916
-17.7408522,-10.0,0.14438358916
-0.4831706,-0.4831706,0.14438358916
-0.7997576,-0.7997576,0.14438358916
-19.2468619,-10.0,0.14438358916
-7.9975854,-7.9975854,0.14438358916
-0.9089181,-0.9089181,0.14438358916
-0.508407,-0.508407,0.14438358916
-8.99999999859e-07,-8.99999999859e-07,0.14438358916
-1.0150946,-1.0150946,0.14438358916
-1.0466481,-1.0466481,0.14438358916
-8.40000000224e-06,-8.40000000224e-06,0.14438358916
-3.972826,-3.972826,0.14438358916
-0.2962447,-0.2962447,0.14438358916
-0.0059999,-0.0059999,0.14438358916
-0.066762,-0.066762,0.14438358916
-16.9130584,-10.0,0.14438358916
-0.0035392,-0.0035392,0.14438358916
-1.4094162,-1.4094162,0.14438358916
-20.2002419,-10.0,0.14438358916
-16.9410946,-10.0,0.14438358916
0.316587,0.316587,0.14438358916
0.7997576,0.7997576,0.14438358916
-18.4471043,-10.0,0.14438358916
-7.1978278,-7.1978278,0.14438358916
-0.1091605,-0.1091605,0.14438358916
0.2913506,0.2913506,0.14438358916
0.7997567,0.7997567,0.14438358916
-0.215337,-0.215337,0.14438358916
-0.2468905,-0.2468905,0.14438358916
0.7997492,0.7997492,0.14438358916
-3.1730684,-3.1730684,0.14438358916
0.5035129,0.5035129,0.14438358916
0.7937577,0.7937577,0.14438358916
0.7329956,0.7329956,0.14438358916
-16.1133008,-10.0,0.14438358916
0.7962184,0.7962184,0.14438358916
-0.6096586,-0.6096586,0.14438358916
-1.7531376,-1.7531376,0.14438358916
1.5060097,1.5060097,0.14438358916
18.7636913,10.0,0.14438358916
19.2468619,10.0,0.14438358916
18.4471043,10.0,0.14438358916
11.2492765,10.0,0.14438358916
18.3379438,10.0,0.14438358916
18.7384549,10.0,0.14438358916
19.246861,10.0,0.14438358916
18.2317673,10.0,0.14438358916
18.2002138,10.0,0.14438358916
19.2468535,10.0,0.14438358916
15.2740359,10.0,0.14438358916
18.9506172,10.0,0.14438358916
19.240862,10.0,0.14438358916
19.1800999,10.0,0.14438358916
2.3338035,2.3338035,0.14438358916
19.2433227,10.0,0.14438358916
17.8374457,10.0,0.14438358916
-13.0024141,-10.0,0.14438358916
-9.7432668,-9.7432668,0.14438358916
7.5144148,7.5144148,0.14438358916
7.9975854,7.9975854,0.14438358916
7.1978278,7.1978278,0.14438358916
-11.2492765,-10.0,0.14438358916
7.0886673,7.0886673,0.14438358916
7.4891784,7.4891784,0.14438358916
7.9975845,7.9975845,0.14438358916
6.9824908,6.9824908,0.14438358916
6.9509373,6.9509373,0.14438358916
7.997577,7.997577,0.14438358916
4.0247594,4.0247594,0.14438358916
7.7013407,7.7013407,0.14438358916
7.9915855,7.9915855,0.14438358916
7.9308234,7.9308234,0.14438358916
-8.915473,-8.915473,0.14438358916
7.9940462,7.9940462,0.14438358916
6.5881692,6.5881692,0.14438358916
-20.0910814,-10.0,0.14438358916
-16.8319341,-10.0,0.14438358916
0.4257475,0.4257475,0.14438358916
0.9089181,0.9089181,0.14438358916
0.1091605,0.1091605,0.14438358916
-18.3379438,-10.0,0.14438358916
-7.0886673,-7.0886673,0.14438358916
0.4005111,0.4005111,0.14438358916
0.9089172,0.9089172,0.14438358916
-0.1061765,-0.1061765,0.14438358916
-0.13773,-0.13773,0.14438358916
0.9089097,0.9089097,0.14438358916
-3.0639079,-3.0639079,0.14438358916
0.6126734,0.6126734,0.14438358916
0.9029182,0.9029182,0.14438358916
0.8421561,0.8421561,0.14438358916
-16.0041403,-10.0,0.14438358916
0.9053789,0.9053789,0.14438358916
-0.5004981,-0.5004981,0.14438358916
-20.4915925,-10.0,0.14438358916
-17.2324452,-10.0,0.14438358916
0.0252364,0.0252364,0.14438358916
0.508407,0.508407,0.14438358916
-0.2913506,-0.2913506,0.14438358916
-18.7384549,-10.0,0.14438358916
-7.4891784,-7.4891784,0.14438358916
-0.4005111,-0.4005111,0.14438358916
0.5084061,0.5084061,0.14438358916
-0.5066876,-0.5066876,0.14438358916
-0.5382411,-0.5382411,0.14438358916
0.5083986,0.5083986,0.14438358916
-3.464419,-3.464419,0.14438358916
0.2121623,0.2121623,0.14438358916
0.5024071,0.5024071,0.14438358916
0.441645,0.441645,0.14438358916
-16.4046514,-10.0,0.14438358916
0.5048678,0.5048678,0.14438358916
-0.9010092,-0.9010092,0.14438358916
-20.9999986,-10.0,0.14438358916
-17.7408513,-10.0,0.14438358916
-0.4831697,-0.4831697,0.14438358916
8.99999999859e-07,8.99999999859e-07,0.14438358916
-0.7997567,-0.7997567,0.14438358916
-19.246861,-10.0,0.14438358916
-7.9975845,-7.9975845,0.14438358916
-0.9089172,-0.9089172,0.14438358916
-0.5084061,-0.5084061,0.14438358916
-1.0150937,-1.0150937,0.14438358916
-1.0466472,-1.0466472,0.14438358916
-7.50000000238e-06,-7.50000000238e-06,0.14438358916
-3.9728251,-3.9728251,0.14438358916
-0.2962438,-0.2962438,0.14438358916
-0.005999,-0.005999,0.14438358916
-0.0667611,-0.0667611,0.14438358916
-16.9130575,-10.0,0.14438358916
-0.0035383,-0.0035383,0.14438358916
-1.4094153,-1.4094153,0.14438358916
-19.9849049,-10.0,0.14438358916
-16.7257576,-10.0,0.14438358916
0.531924,0.531924,0.14438358916
1.0150946,1.0150946,0.14438358916
0.215337,0.215337,0.14438358916
-18.2317673,-10.0,0.14438358916
-6.9824908,-6.9824908,0.14438358916
0.1061765,0.1061765,0.14438358916
0.5066876,0.5066876,0.14438358916
1.0150937,1.0150937,0.14438358916
-0.0315535,-0.0315535,0.14438358916
1.0150862,1.0150862,0.14438358916
-2.9577314,-2.9577314,0.14438358916
0.7188499,0.7188499,0.14438358916
1.0090947,1.0090947,0.14438358916
0.9483326,0.9483326,0.14438358916
-15.8979638,-10.0,0.14438358916
1.0115554,1.0115554,0.14438358916
-0.3943216,-0.3943216,0.14438358916
-19.9533514,-10.0,0.14438358916
-16.6942041,-10.0,0.14438358916
0.5634775,0.5634775,0.14438358916
1.0466481,1.0466481,0.14438358916
0.2468905,0.2468905,0.14438358916
-18.2002138,-10.0,0.14438358916
-6.9509373,-6.9509373,0.14438358916
0.13773,0.13773,0.14438358916
0.5382411,0.5382411,0.14438358916
1.0466472,1.0466472,0.14438358916
0.0315535,0.0315535,0.14438358916
1.0466397,1.0466397,0.14438358916
-2.9261779,-2.9261779,0.14438358916
0.7504034,0.7504034,0.14438358916
1.0406482,1.0406482,0.14438358916
0.9798861,0.9798861,0.14438358916
-15.8664103,-10.0,0.14438358916
1.0431089,1.0431089,0.14438358916
-0.3627681,-0.3627681,0.14438358916
-20.9999911,-10.0,0.14438358916
-17.7408438,-10.0,0.14438358916
-0.4831622,-0.4831622,0.14438358916
8.40000000224e-06,8.40000000224e-06,0.14438358916
-0.7997492,-0.7997492,0.14438358916
-19.2468535,-10.0,0.14438358916
-7.997577,-7.997577,0.14438358916
-0.9089097,-0.9089097,0.14438358916
-0.5083986,-0.5083986,0.14438358916
7.50000000238e-06,7.50000000238e-06,0.14438358916
-1.0150862,-1.0150862,0.14438358916
-1.0466397,-1.0466397,0.14438358916
-3.9728176,-3.9728176,0.14438358916
-0.2962363,-0.2962363,0.14438358916
-0.0059915,-0.0059915,0.14438358916
-0.0667536,-0.0667536,0.14438358916
-16.91305,-10.0,0.14438358916
-0.0035308,-0.0035308,0.14438358916
-1.4094078,-1.4094078,0.14438358916
-17.0271735,-10.0,0.14438358916
-13.7680262,-10.0,0.14438358916
3.4896554,3.4896554,0.14438358916
3.972826,3.972826,0.14438358916
3.1730684,3.1730684,0.14438358916
-15.2740359,-10.0,0.14438358916
-4.0247594,-4.0247594,0.14438358916
3.0639079,3.0639079,0.14438358916
3.464419,3.464419,0.14438358916
3.9728251,3.9728251,0.14438358916
2.9577314,2.9577314,0.14438358916
2.9261779,2.9261779,0.14438358916
3.9728176,3.9728176,0.14438358916
3.6765813,3.6765813,0.14438358916
3.9668261,3.9668261,0.14438358916
3.906064,3.906064,0.14438358916
-12.9402324,-10.0,0.14438358916
3.9692868,3.9692868,0.14438358916
2.5634098,2.5634098,0.14438358916
-20.7037548,-10.0,0.14438358916
-17.4446075,-10.0,0.14438358916
-0.1869259,-0.1869259,0.14438358916
0.2962447,0.2962447,0.14438358916
-0.5035129,-0.5035129,0.14438358916
-18.9506172,-10.0,0.14438358916
-7.7013407,-7.7013407,0.14438358916
-0.6126734,-0.6126734,0.14438358916
-0.2121623,-0.2121623,0.14438358916
0.2962438,0.2962438,0.14438358916
-0.7188499,-0.7188499,0.14438358916
-0.7504034,-0.7504034,0.14438358916
0.2962363,0.2962363,0.14438358916
-3.6765813,-3.6765813,0.14438358916
0.2902448,0.2902448,0.14438358916
0.2294827,0.2294827,0.14438358916
-16.6168137,-10.0,0.14438358916
0.2927055,0.2927055,0.14438358916
-1.1131715,-1.1131715,0.14438358916
-20.9939996,-10.0,0.14438358916
-17.7348523,-10.0,0.14438358916
-0.4771707,-0.4771707,0.14438358916
0.0059999,0.0059999,0.14438358916
-0.7937577,-0.7937577,0.14438358916
-19.240862,-10.0,0.14438358916
-7.9915855,-7.9915855,0.14438358916
-0.9029182,-0.9029182,0.14438358916
-0.5024071,-0.5024071,0.14438358916
0.005999,0.005999,0.14438358916
-1.0090947,-1.0090947,0.14438358916
-1.0406482,-1.0406482,0.14438358916
0.0059915,0.0059915,0.14438358916
-3.9668261,-3.9668261,0.14438358916
-0.2902448,-0.2902448,0.14438358916
-0.0607621,-0.0607621,0.14438358916
-16.9070585,-10.0,0.14438358916
0.0024607,0.0024607,0.14438358916
-1.4034163,-1.4034163,0.14438358916
-20.9332375,-10.0,0.14438358916
-17.6740902,-10.0,0.14438358916
-0.4164086,-0.4164086,0.14438358916
0.066762,0.066762,0.14438358916
-0.7329956,-0.7329956,0.14438358916
-19.1800999,-10.0,0.14438358916
-7.9308234,-7.9308234,0.14438358916
-0.8421561,-0.8421561,0.14438358916
-0.441645,-0.441645,0.14438358916
0.0667611,0.0667611,0.14438358916
-0.9483326,-0.9483326,0.14438358916
-0.9798861,-0.9798861,0.14438358916
0.0667536,0.0667536,0.14438358916
-3.906064,-3.906064,0.14438358916
-0.2294827,-0.2294827,0.14438358916
0.0607621,0.0607621,0.14438358916
-16.8462964,-10.0,0.14438358916
0.0632228,0.0632228,0.14438358916
-1.3426542,-1.3426542,0.14438358916
-4.0869411,-4.0869411,0.14438358916
-0.8277938,-0.8277938,0.14438358916
16.4298878,10.0,0.14438358916
16.9130584,10.0,0.14438358916
16.1133008,10.0,0.14438358916
-2.3338035,-2.3338035,0.14438358916
8.915473,8.915473,0.14438358916
16.0041403,10.0,0.14438358916
16.4046514,10.0,0.14438358916
16.9130575,10.0,0.14438358916
15.8979638,10.0,0.14438358916
15.8664103,10.0,0.14438358916
16.91305,10.0,0.14438358916
12.9402324,10.0,0.14438358916
16.6168137,10.0,0.14438358916
16.9070585,10.0,0.14438358916
16.8462964,10.0,0.14438358916
16.9095192,10.0,0.14438358916
15.5036422,10.0,0.14438358916
-20.9964603,-10.0,0.14438358916
-17.737313,-10.0,0.14438358916
-0.4796314,-0.4796314,0.14438358916
0.0035392,0.0035392,0.14438358916
-0.7962184,-0.7962184,0.14438358916
-19.2433227,-10.0,0.14438358916
-7.9940462,-7.9940462,0.14438358916
-0.9053789,-0.9053789,0.14438358916
-0.5048678,-0.5048678,0.14438358916
0.0035383,0.0035383,0.14438358916
-1.0115554,-1.0115554,0.14438358916
-1.0431089,-1.0431089,0.14438358916
0.0035308,0.0035308,0.14438358916
-3.9692868,-3.9692868,0.14438358916
-0.2927055,-0.2927055,0.14438358916
-0.0024607,-0.0024607,0.14438358916
-0.0632228,-0.0632228,0.14438358916
-16.9095192,-10.0,0.14438358916
-1.405877,-1.405877,0.14438358916
-19.5905833,-10.0,0.14438358916
-16.331436,-10.0,0.14438358916
0.9262456,0.9262456,0.14438358916
1.4094162,1.4094162,0.14438358916
0.6096586,0.6096586,0.14438358916
-17.8374457,-10.0,0.14438358916
-6.5881692,-6.5881692,0.14438358916
0.5004981,0.5004981,0.14438358916
0.9010092,0.9010092,0.14438358916
1.4094153,1.4094153,0.14438358916
0.3943216,0.3943216,0.14438358916
0.3627681,0.3627681,0.14438358916
1.4094078,1.4094078,0.14438358916
-2.5634098,-2.5634098,0.14438358916
1.1131715,1.1131715,0.14438358916
1.4034163,1.4034163,0.14438358916
1.3426542,1.3426542,0.14438358916
-15.5036422,-10.0,0.14438358916
1.405877,1.405877,0.14438358916
3.2036576,3.2036576,0.232241389544
20.9999993,10.0,0.232241389544
4.3231433,4.3231433,0.232241389544
17.6661029,10.0,0.232241389544
2.8821216,2.8821216,0.232241389544
16.730368,10.0,0.232241389544
14.889529,10.0,0.232241389544
3.0077056,3.0077056,0.232241389544
18.495369,10.0,0.232241389544
20.9999979,10.0,0.232241389544
20.4427888,10.0,0.232241389544
18.6692837,10.0,0.232241389544
17.6764768,10.0,0.232241389544
20.78937,10.0,0.232241389544
0.6709097,0.6709097,0.232241389544
3.8892705,3.8892705,0.232241389544
20.4869091,10.0,0.232241389544
9.0488459,9.0488459,0.232241389544
17.7193313,10.0,0.232241389544
-3.2036576,-3.2036576,0.232241389544
17.7963417,10.0,0.232241389544
1.1194857,1.1194857,0.232241389544
14.4624453,10.0,0.232241389544
-0.321536,-0.321536,0.232241389544
13.5267104,10.0,0.232241389544
11.6858714,10.0,0.232241389544
-0.195952,-0.195952,0.232241389544
15.2917114,10.0,0.232241389544
17.7963403,10.0,0.232241389544
17.2391312,10.0,0.232241389544
15.4656261,10.0,0.232241389544
14.4728192,10.0,0.232241389544
17.5857124,10.0,0.232241389544
-2.5327479,-2.5327479,0.232241389544
0.6856129,0.6856129,0.232241389544
17.2832515,10.0,0.232241389544
5.8451883,5.8451883,0.232241389544
14.5156737,10.0,0.232241389544
-20.9999993,-10.0,0.232241389544
-17.7963417,-10.0,0.232241389544
-16.676856,-10.0,0.232241389544
-3.3338964,-3.3338964,0.232241389544
-18.1178777,-10.0,0.232241389544
-4.2696313,-4.2696313,0.232241389544
-6.1104703,-6.1104703,0.232241389544
-17.9922937,-10.0,0.232241389544
-2.5046303,-2.5046303,0.232241389544
-1.3999999986e-06,-1.3999999986e-06,0.232241389544
-0.5572105,-0.5572105,0.232241389544
-2.3307156,-2.3307156,0.232241389544
-3.3235225,-3.3235225,0.232241389544
-0.2106293,-0.2106293,0.232241389544
-20.3290896,-10.0,0.232241389544
-17.1107288,-10.0,0.232241389544
-0.5130902,-0.5130902,0.232241389544
-11.9511534,-10.0,0.232241389544
-3.280668,-3.280668,0.232241389544
-4.3231433,-4.3231433,0.232241389544
-1.1194857,-1.1194857,0.232241389544
16.676856,10.0,0.232241389544
13.3429596,10.0,0.232241389544
-1.4410217,-1.4410217,0.232241389544
12.4072247,10.0,0.232241389544
10.5663857,10.0,0.232241389544
-1.3154377,-1.3154377,0.232241389544
14.1722257,10.0,0.232241389544
16.6768546,10.0,0.232241389544
16.1196455,10.0,0.232241389544
14.3461404,10.0,0.232241389544
13.3533335,10.0,0.232241389544
16.4662267,10.0,0.232241389544
-3.6522336,-3.6522336,0.232241389544
-0.4338728,-0.4338728,0.232241389544
16.1637658,10.0,0.232241389544
4.7257026,4.7257026,0.232241389544
13.396188,10.0,0.232241389544
-17.6661029,-10.0,0.232241389544
-14.4624453,-10.0,0.232241389544
3.3338964,3.3338964,0.232241389544
-13.3429596,-10.0,0.232241389544
-14.7839813,-10.0,0.232241389544
-0.9357349,-0.9357349,0.232241389544
-2.7765739,-2.7765739,0.232241389544
-14.6583973,-10.0,0.232241389544
0.8292661,0.8292661,0.232241389544
3.333895,3.333895,0.232241389544
2.7766859,2.7766859,0.232241389544
1.0031808,1.0031808,0.232241389544
0.0103739,0.0103739,0.232241389544
3.1232671,3.1232671,0.232241389544
-16.9951932,-10.0,0.232241389544
-13.7768324,-10.0,0.232241389544
2.8208062,2.8208062,0.232241389544
-8.617257,-8.617257,0.232241389544
0.0532284,0.0532284,0.232241389544
-2.8821216,-2.8821216,0.232241389544
0.321536,0.321536,0.232241389544
18.1178777,10.0,0.232241389544
1.4410217,1.4410217,0.232241389544
14.7839813,10.0,0.232241389544
13.8482464,10.0,0.232241389544
12.0074074,10.0,0.232241389544
0.125584,0.125584,0.232241389544
15.6132474,10.0,0.232241389544
18.1178763,10.0,0.232241389544
17.5606672,10.0,0.232241389544
15.7871621,10.0,0.232241389544
14.7943552,10.0,0.232241389544
17.9072484,10.0,0.232241389544
-2.2112119,-2.2112119,0.232241389544
1.0071489,1.0071489,0.232241389544
17.6047875,10.0,0.232241389544
6.1667243,6.1667243,0.232241389544
14.8372097,10.0,0.232241389544
-16.730368,-10.0,0.232241389544
-13.5267104,-10.0,0.232241389544
4.2696313,4.2696313,0.232241389544
-12.4072247,-10.0,0.232241389544
0.9357349,0.9357349,0.232241389544
-13.8482464,-10.0,0.232241389544
-1.840839,-1.840839,0.232241389544
-13.7226624,-10.0,0.232241389544
1.765001,1.765001,0.232241389544
4.2696299,4.2696299,0.232241389544
3.7124208,3.7124208,0.232241389544
1.9389157,1.9389157,0.232241389544
0.9461088,0.9461088,0.232241389544
4.059002,4.059002,0.232241389544
-16.0594583,-10.0,0.232241389544
-12.8410975,-10.0,0.232241389544
3.7565411,3.7565411,0.232241389544
-7.6815221,-7.6815221,0.232241389544
0.9889633,0.9889633,0.232241389544
-14.889529,-10.0,0.232241389544
-11.6858714,-10.0,0.232241389544
6.1104703,6.1104703,0.232241389544
-10.5663857,-10.0,0.232241389544
2.7765739,2.7765739,0.232241389544
-12.0074074,-10.0,0.232241389544
1.840839,1.840839,0.232241389544
-11.8818234,-10.0,0.232241389544
3.60584,3.60584,0.232241389544
6.1104689,6.1104689,0.232241389544
5.5532598,5.5532598,0.232241389544
3.7797547,3.7797547,0.232241389544
2.7869478,2.7869478,0.232241389544
5.899841,5.899841,0.232241389544
-14.2186193,-10.0,0.232241389544
-11.0002585,-10.0,0.232241389544
5.5973801,5.5973801,0.232241389544
-5.8406831,-5.8406831,0.232241389544
2.8298023,2.8298023,0.232241389544
-3.0077056,-3.0077056,0.232241389544
0.195952,0.195952,0.232241389544
17.9922937,10.0,0.232241389544
1.3154377,1.3154377,0.232241389544
14.6583973,10.0,0.232241389544
-0.125584,-0.125584,0.232241389544
13.7226624,10.0,0.232241389544
11.8818234,10.0,0.232241389544
15.4876634,10.0,0.232241389544
17.9922923,10.0,0.232241389544
17.4350832,10.0,0.232241389544
15.6615781,10.0,0.232241389544
14.6687712,10.0,0.232241389544
17.7816644,10.0,0.232241389544
-2.3367959,-2.3367959,0.232241389544
0.8815649,0.8815649,0.232241389544
17.4792035,10.0,0.232241389544
6.0411403,6.0411403,0.232241389544
14.7116257,10.0,0.232241389544
-18.495369,-10.0,0.232241389544
-15.2917114,-10.0,0.232241389544
2.5046303,2.5046303,0.232241389544
-14.1722257,-10.0,0.232241389544
-0.8292661,-0.8292661,0.232241389544
-15.6132474,-10.0,0.232241389544
-1.765001,-1.765001,0.232241389544
-3.60584,-3.60584,0.232241389544
-15.4876634,-10.0,0.232241389544
2.5046289,2.5046289,0.232241389544
1.9474198,1.9474198,0.232241389544
0.1739147,0.1739147,0.232241389544
-0.8188922,-0.8188922,0.232241389544
2.294001,2.294001,0.232241389544
-17.8244593,-10.0,0.232241389544
-14.6060985,-10.0,0.232241389544
1.9915401,1.9915401,0.232241389544
-9.4465231,-9.4465231,0.232241389544
-0.7760377,-0.7760377,0.232241389544
-20.9999979,-10.0,0.232241389544
-17.7963403,-10.0,0.232241389544
1.3999999986e-06,1.3999999986e-06,0.232241389544
-16.6768546,-10.0,0.232241389544
-3.333895,-3.333895,0.232241389544
-18.1178763,-10.0,0.232241389544
-4.2696299,-4.2696299,0.232241389544
-6.1104689,-6.1104689,0.232241389544
-17.9922923,-10.0,0.232241389544
-2.5046289,-2.5046289,0.232241389544
-0.5572091,-0.5572091,0.232241389544
-2.3307142,-2.3307142,0.232241389544
-3.3235211,-3.3235211,0.232241389544
-0.2106279,-0.2106279,0.232241389544
-20.3290882,-10.0,0.232241389544
-17.1107274,-10.0,0.232241389544
-0.5130888,-0.5130888,0.232241389544
-11.951152,-10.0,0.232241389544
-3.2806666,-3.2806666,0.232241389544
-20.4427888,-10.0,0.232241389544
-17.2391312,-10.0,0.232241389544
0.5572105,0.5572105,0.232241389544
-16.1196455,-10.0,0.232241389544
-2.7766859,-2.7766859,0.232241389544
-17.5606672,-10.0,0.232241389544
-3.7124208,-3.7124208,0.232241389544
-5.5532598,-5.5532598,0.232241389544
-17.4350832,-10.0,0.232241389544
-1.9474198,-1.9474198,0.232241389544
0.5572091,0.5572091,0.232241389544
-1.7735051,-1.7735051,0.232241389544
-2.766312,-2.766312,0.232241389544
0.3465812,0.3465812,0.232241389544
-19.7718791,-10.0,0.232241389544
-16.5535183,-10.0,0.232241389544
0.0441203,0.0441203,0.232241389544
-11.3939429,-10.0,0.232241389544
-2.7234575,-2.7234575,0.232241389544
-18.6692837,-10.0,0.232241389544
-15.4656261,-10.0,0.232241389544
2.3307156,2.3307156,0.232241389544
-14.3461404,-10.0,0.232241389544
-1.0031808,-1.0031808,0.232241389544
-15.7871621,-10.0,0.232241389544
-1.9389157,-1.9389157,0.232241389544
-3.7797547,-3.7797547,0.232241389544
-15.6615781,-10.0,0.232241389544
-0.1739147,-0.1739147,0.232241389544
2.3307142,2.3307142,0.232241389544
1.7735051,1.7735051,0.232241389544
-0.9928069,-0.9928069,0.232241389544
2.1200863,2.1200863,0.232241389544
-17.998374,-10.0,0.232241389544
-14.7800132,-10.0,0.232241389544
1.8176254,1.8176254,0.232241389544
-9.6204378,-9.6204378,0.232241389544
-0.9499524,-0.9499524,0.232241389544
-17.6764768,-10.0,0.232241389544
-14.4728192,-10.0,0.232241389544
3.3235225,3.3235225,0.232241389544
-13.3533335,-10.0,0.232241389544
-0.0103739,-0.0103739,0.232241389544
-14.7943552,-10.0,0.232241389544
-0.9461088,-0.9461088,0.232241389544
-2.7869478,-2.7869478,0.232241389544
-14.6687712,-10.0,0.232241389544
0.8188922,0.8188922,0.232241389544
3.3235211,3.3235211,0.232241389544
2.766312,2.766312,0.232241389544
0.9928069,0.9928069,0.232241389544
3.1128932,3.1128932,0.232241389544
-17.0055671,-10.0,0.232241389544
-13.7872063,-10.0,0.232241389544
2.8104323,2.8104323,0.232241389544
-8.6276309,-8.6276309,0.232241389544
0.0428545,0.0428545,0.232241389544
-20.78937,-10.0,0.232241389544
-17.5857124,-10.0,0.232241389544
0.2106293,0.2106293,0.232241389544
-16.4662267,-10.0,0.232241389544
-3.1232671,-3.1232671,0.232241389544
-17.9072484,-10.0,0.232241389544
-4.059002,-4.059002,0.232241389544
-5.899841,-5.899841,0.232241389544
-17.7816644,-10.0,0.232241389544
-2.294001,-2.294001,0.232241389544
0.2106279,0.2106279,0.232241389544
-0.3465812,-0.3465812,0.232241389544
-2.1200863,-2.1200863,0.232241389544
-3.1128932,-3.1128932,0.232241389544
-20.1184603,-10.0,0.232241389544
-16.9000995,-10.0,0.232241389544
-0.3024609,-0.3024609,0.232241389544
-11.7405241,-10.0,0.232241389544
-3.0700387,-3.0700387,0.232241389544
-0.6709097,-0.6709097,0.232241389544
2.5327479,2.5327479,0.232241389544
20.3290896,10.0,0.232241389544
3.6522336,3.6522336,0.232241389544
16.9951932,10.0,0.232241389544
2.2112119,2.2112119,0.232241389544
16.0594583,10.0,0.232241389544
14.2186193,10.0,0.232241389544
2.3367959,2.3367959,0.232241389544
17.8244593,10.0,0.232241389544
20.3290882,10.0,0.232241389544
19.7718791,10.0,0.232241389544
17.998374,10.0,0.232241389544
17.0055671,10.0,0.232241389544
20.1184603,10.0,0.232241389544
3.2183608,3.2183608,0.232241389544
19.8159994,10.0,0.232241389544
8.3779362,8.3779362,0.232241389544
17.0484216,10.0,0.232241389544
-3.8892705,-3.8892705,0.232241389544
-0.6856129,-0.6856129,0.232241389544
17.1107288,10.0,0.232241389544
0.4338728,0.4338728,0.232241389544
13.7768324,10.0,0.232241389544
-1.0071489,-1.0071489,0.232241389544
12.8410975,10.0,0.232241389544
11.0002585,10.0,0.232241389544
-0.8815649,-0.8815649,0.232241389544
14.6060985,10.0,0.232241389544
17.1107274,10.0,0.232241389544
16.5535183,10.0,0.232241389544
14.7800132,10.0,0.232241389544
13.7872063,10.0,0.232241389544
16.9000995,10.0,0.232241389544
-3.2183608,-3.2183608,0.232241389544
16.5976386,10.0,0.232241389544
5.1595754,5.1595754,0.232241389544
13.8300608,10.0,0.232241389544
-20.4869091,-10.0,0.232241389544
-17.2832515,-10.0,0.232241389544
0.5130902,0.5130902,0.232241389544
-16.1637658,-10.0,0.232241389544
-2.8208062,-2.8208062,0.232241389544
-17.6047875,-10.0,0.232241389544
-3.7565411,-3.7565411,0.232241389544
-5.5973801,-5.5973801,0.232241389544
-17.4792035,-10.0,0.232241389544
-1.9915401,-1.9915401,0.232241389544
0.5130888,0.5130888,0.232241389544
-0.0441203,-0.0441203,0.232241389544
-1.8176254,-1.8176254,0.232241389544
-2.8104323,-2.8104323,0.232241389544
0.3024609,0.3024609,0.232241389544
-19.8159994,-10.0,0.232241389544
-16.5976386,-10.0,0.232241389544
-11.4380632,-10.0,0.232241389544
-2.7675778,-2.7675778,0.232241389544
-9.0488459,-9.0488459,0.232241389544
-5.8451883,-5.8451883,0.232241389544
11.9511534,10.0,0.232241389544
-4.7257026,-4.7257026,0.232241389544
8.617257,8.617257,0.232241389544
-6.1667243,-6.1667243,0.232241389544
7.6815221,7.6815221,0.232241389544
5.8406831,5.8406831,0.232241389544
-6.0411403,-6.0411403,0.232241389544
9.4465231,9.4465231,0.232241389544
11.951152,10.0,0.232241389544
11.3939429,10.0,0.232241389544
9.6204378,9.6204378,0.232241389544
8.6276309,8.6276309,0.232241389544
11.7405241,10.0,0.232241389544
-8.3779362,-8.3779362,0.232241389544
-5.1595754,-5.1595754,0.232241389544
11.4380632,10.0,0.232241389544
8.6704854,8.6704854,0.232241389544
-17.7193313,-10.0,0.232241389544
-14.5156737,-10.0,0.232241389544
3.280668,3.280668,0.232241389544
-13.396188,-10.0,0.232241389544
-0.0532284,-0.0532284,0.232241389544
-14.8372097,-10.0,0.232241389544
-0.9889633,-0.9889633,0.232241389544
-2.8298023,-2.8298023,0.232241389544
-14.7116257,-10.0,0.232241389544
0.7760377,0.7760377,0.232241389544
3.2806666,3.2806666,0.232241389544
2.7234575,2.7234575,0.232241389544
0.9499524,0.9499524,0.232241389544
-0.0428545,-0.0428545,0.232241389544
3.0700387,3.0700387,0.232241389544
-17.0484216,-10.0,0.232241389544
-13.8300608,-10.0,0.232241389544
2.7675778,2.7675778,0.232241389544
-8.6704854,-8.6704854,0.232241389544
-4.9868904,-4.9868904,0.342490736802
-10.819442,-10.0,0.342490736802
-12.5948815,-10.0,0.342490736802
1.0666024,1.0666024,0.342490736802
2.4243657,2.4243657,0.342490736802
1.5618345,1.5618345,0.342490736802
-17.1490347,-10.0,0.342490736802
2.5588971,2.5588971,0.342490736802
-17.3115234,-10.0,0.342490736802
-14.6199917,-10.0,0.342490736802
1.8435322,1.8435322,0.342490736802
2.7928257,2.7928257,0.342490736802
3.688476,3.688476,0.342490736802
3.4734141,3.4734141,0.342490736802
3.6884753,3.6884753,0.342490736802
1.2464874,1.2464874,0.342490736802
-16.5417415,-10.0,0.342490736802
0.7649927,0.7649927,0.342490736802
-0.1249813,-0.1249813,0.342490736802
4.9868904,4.9868904,0.342490736802
-5.8325516,-5.8325516,0.342490736802
-7.6079911,-7.6079911,0.342490736802
6.0534928,6.0534928,0.342490736802
7.4112561,7.4112561,0.342490736802
6.5487249,6.5487249,0.342490736802
-12.1621443,-10.0,0.342490736802
7.5457875,7.5457875,0.342490736802
-12.324633,-10.0,0.342490736802
-9.6331013,-9.6331013,0.342490736802
6.8304226,6.8304226,0.342490736802
7.7797161,7.7797161,0.342490736802
8.6753664,8.6753664,0.342490736802
8.4603045,8.4603045,0.342490736802
8.6753657,8.6753657,0.342490736802
6.2333778,6.2333778,0.342490736802
-11.5548511,-10.0,0.342490736802
5.7518831,5.7518831,0.342490736802
4.8619091,4.8619091,0.342490736802
10.819442,10.0,0.342490736802
5.8325516,5.8325516,0.342490736802
-1.7754395,-1.7754395,0.342490736802
11.8860444,10.0,0.342490736802
13.2438077,10.0,0.342490736802
12.3812765,10.0,0.342490736802
-6.3295927,-6.3295927,0.342490736802
13.3783391,10.0,0.342490736802
-6.4920814,-6.4920814,0.342490736802
-3.8005497,-3.8005497,0.342490736802
12.6629742,10.0,0.342490736802
13.6122677,10.0,0.342490736802
14.507918,10.0,0.342490736802
14.2928561,10.0,0.342490736802
14.5079173,10.0,0.342490736802
12.0659294,10.0,0.342490736802
-5.7222995,-5.7222995,0.342490736802
11.5844347,10.0,0.342490736802
10.6944607,10.0,0.342490736802
12.5948815,10.0,0.342490736802
7.6079911,7.6079911,0.342490736802
1.7754395,1.7754395,0.342490736802
13.6614839,10.0,0.342490736802
15.0192472,10.0,0.342490736802
14.156716,10.0,0.342490736802
-4.5541532,-4.5541532,0.342490736802
15.1537786,10.0,0.342490736802
-4.7166419,-4.7166419,0.342490736802
-2.0251102,-2.0251102,0.342490736802
14.4384137,10.0,0.342490736802
15.3877072,10.0,0.342490736802
16.2833575,10.0,0.342490736802
16.0682956,10.0,0.342490736802
16.2833568,10.0,0.342490736802
13.8413689,10.0,0.342490736802
-3.94686,-3.94686,0.342490736802
13.3598742,10.0,0.342490736802
12.4699002,10.0,0.342490736802
-1.0666024,-1.0666024,0.342490736802
-6.0534928,-6.0534928,0.342490736802
-11.8860444,-10.0,0.342490736802
-13.6614839,-10.0,0.342490736802
1.3577633,1.3577633,0.342490736802
0.4952321,0.4952321,0.342490736802
-18.2156371,-10.0,0.342490736802
1.4922947,1.4922947,0.342490736802
-18.3781258,-10.0,0.342490736802
-15.6865941,-10.0,0.342490736802
0.7769298,0.7769298,0.342490736802
1.7262233,1.7262233,0.342490736802
2.6218736,2.6218736,0.342490736802
2.4068117,2.4068117,0.342490736802
2.6218729,2.6218729,0.342490736802
0.179885,0.179885,0.342490736802
-17.6083439,-10.0,0.342490736802
-0.3016097,-0.3016097,0.342490736802
-1.1915837,-1.1915837,0.342490736802
-2.4243657,-2.4243657,0.342490736802
-7.4112561,-7.4112561,0.342490736802
-13.2438077,-10.0,0.342490736802
-15.0192472,-10.0,0.342490736802
-1.3577633,-1.3577633,0.342490736802
-0.8625312,-0.8625312,0.342490736802
-19.5734004,-10.0,0.342490736802
0.1345314,0.1345314,0.342490736802
-19.7358891,-10.0,0.342490736802
-17.0443574,-10.0,0.342490736802
-0.5808335,-0.5808335,0.342490736802
0.36846,0.36846,0.342490736802
1.2641103,1.2641103,0.342490736802
1.0490484,1.0490484,0.342490736802
1.2641096,1.2641096,0.342490736802
-1.1778783,-1.1778783,0.342490736802
-18.9661072,-10.0,0.342490736802
-1.659373,-1.659373,0.342490736802
-2.549347,-2.549347,0.342490736802
-1.5618345,-1.5618345,0.342490736802
-6.5487249,-6.5487249,0.342490736802
-12.3812765,-10.0,0.342490736802
-14.156716,-10.0,0.342490736802
-0.4952321,-0.4952321,0.342490736802
0.8625312,0.8625312,0.342490736802
-18.7108692,-10.0,0.342490736802
0.9970626,0.9970626,0.342490736802
-18.8733579,-10.0,0.342490736802
-16.1818262,-10.0,0.342490736802
0.2816977,0.2816977,0.342490736802
1.2309912,1.2309912,0.342490736802
2.1266415,2.1266415,0.342490736802
1.9115796,1.9115796,0.342490736802
2.1266408,2.1266408,0.342490736802
-0.3153471,-0.3153471,0.342490736802
-18.103576,-10.0,0.342490736802
-0.7968418,-0.7968418,0.342490736802
-1.6868158,-1.6868158,0.342490736802
17.1490347,10.0,0.342490736802
12.1621443,10.0,0.342490736802
6.3295927,6.3295927,0.342490736802
4.5541532,4.5541532,0.342490736802
18.2156371,10.0,0.342490736802
19.5734004,10.0,0.342490736802
18.7108692,10.0,0.342490736802
19.7079318,10.0,0.342490736802
-0.1624887,-0.1624887,0.342490736802
2.529043,2.529043,0.342490736802
18.9925669,10.0,0.342490736802
19.9418604,10.0,0.342490736802
20.8375107,10.0,0.342490736802
20.6224488,10.0,0.342490736802
20.83751,10.0,0.342490736802
18.3955221,10.0,0.342490736802
0.6072932,0.6072932,0.342490736802
17.9140274,10.0,0.342490736802
17.0240534,10.0,0.342490736802
-2.5588971,-2.5588971,0.342490736802
-7.5457875,-7.5457875,0.342490736802
-13.3783391,-10.0,0.342490736802
-15.1537786,-10.0,0.342490736802
-1.4922947,-1.4922947,0.342490736802
-0.1345314,-0.1345314,0.342490736802
-0.9970626,-0.9970626,0.342490736802
-19.7079318,-10.0,0.342490736802
-19.8704205,-10.0,0.342490736802
-17.1788888,-10.0,0.342490736802
-0.7153649,-0.7153649,0.342490736802
0.2339286,0.2339286,0.342490736802
1.1295789,1.1295789,0.342490736802
0.914517,0.914517,0.342490736802
1.1295782,1.1295782,0.342490736802
-1.3124097,-1.3124097,0.342490736802
-19.1006386,-10.0,0.342490736802
-1.7939044,-1.7939044,0.342490736802
-2.6838784,-2.6838784,0.342490736802
17.3115234,10.0,0.342490736802
12.324633,10.0,0.342490736802
6.4920814,6.4920814,0.342490736802
4.7166419,4.7166419,0.342490736802
18.3781258,10.0,0.342490736802
19.7358891,10.0,0.342490736802
18.8733579,10.0,0.342490736802
0.1624887,0.1624887,0.342490736802
19.8704205,10.0,0.342490736802
2.6915317,2.6915317,0.342490736802
19.1550556,10.0,0.342490736802
20.1043491,10.0,0.342490736802
20.9999994,10.0,0.342490736802
20.7849375,10.0,0.342490736802
20.9999987,10.0,0.342490736802
18.5580108,10.0,0.342490736802
0.7697819,0.7697819,0.342490736802
18.0765161,10.0,0.342490736802
17.1865421,10.0,0.342490736802
14.6199917,10.0,0.342490736802
9.6331013,9.6331013,0.342490736802
3.8005497,3.8005497,0.342490736802
2.0251102,2.0251102,0.342490736802
15.6865941,10.0,0.342490736802
17.0443574,10.0,0.342490736802
16.1818262,10.0,0.342490736802
-2.529043,-2.529043,0.342490736802
17.1788888,10.0,0.342490736802
-2.6915317,-2.6915317,0.342490736802
16.4635239,10.0,0.342490736802
17.4128174,10.0,0.342490736802
18.3084677,10.0,0.342490736802
18.0934058,10.0,0.342490736802
18.308467,10.0,0.342490736802
15.8664791,10.0,0.342490736802
-1.9217498,-1.9217498,0.342490736802
15.3849844,10.0,0.342490736802
14.4950104,10.0,0.342490736802
-1.8435322,-1.8435322,0.342490736802
-6.8304226,-6.8304226,0.342490736802
-12.6629742,-10.0,0.342490736802
-14.4384137,-10.0,0.342490736802
-0.7769298,-0.7769298,0.342490736802
0.5808335,0.5808335,0.342490736802
-0.2816977,-0.2816977,0.342490736802
-18.9925669,-10.0,0.342490736802
0.7153649,0.7153649,0.342490736802
-19.1550556,-10.0,0.342490736802
-16.4635239,-10.0,0.342490736802
0.9492935,0.9492935,0.342490736802
1.8449438,1.8449438,0.342490736802
1.6298819,1.6298819,0.342490736802
1.8449431,1.8449431,0.342490736802
-0.5970448,-0.5970448,0.342490736802
-18.3852737,-10.0,0.342490736802
-1.0785395,-1.0785395,0.342490736802
-1.9685135,-1.9685135,0.342490736802
-2.7928257,-2.7928257,0.342490736802
-7.7797161,-7.7797161,0.342490736802
-13.6122677,-10.0,0.342490736802
-15.3877072,-10.0,0.342490736802
-1.7262233,-1.7262233,0.342490736802
-0.36846,-0.36846,0.342490736802
-1.2309912,-1.2309912,0.342490736802
-19.9418604,-10.0,0.342490736802
-0.2339286,-0.2339286,0.342490736802
-20.1043491,-10.0,0.342490736802
-17.4128174,-10.0,0.342490736802
-0.9492935,-0.9492935,0.342490736802
0.8956503,0.8956503,0.342490736802
0.6805884,0.6805884,0.342490736802
0.8956496,0.8956496,0.342490736802
-1.5463383,-1.5463383,0.342490736802
-19.3345672,-10.0,0.342490736802
-2.027833,-2.027833,0.342490736802
-2.917807,-2.917807,0.342490736802
-3.688476,-3.688476,0.342490736802
-8.6753664,-8.6753664,0.342490736802
-14.507918,-10.0,0.342490736802
-16.2833575,-10.0,0.342490736802
-2.6218736,-2.6218736,0.342490736802
-1.2641103,-1.2641103,0.342490736802
-2.1266415,-2.1266415,0.342490736802
-20.8375107,-10.0,0.342490736802
-1.1295789,-1.1295789,0.342490736802
-20.9999994,-10.0,0.342490736802
-18.3084677,-10.0,0.342490736802
-1.8449438,-1.8449438,0.342490736802
-0.8956503,-0.8956503,0.342490736802
-0.2150619,-0.2150619,0.342490736802
-7.00000001075e-07,-7.00000001075e-07,0.342490736802
-2.4419886,-2.4419886,0.342490736802
-20.2302175,-10.0,0.342490736802
-2.9234833,-2.9234833,0.342490736802
-3.8134573,-3.8134573,0.342490736802
-3.4734141,-3.4734141,0.342490736802
-8.4603045,-8.4603045,0.342490736802
-14.2928561,-10.0,0.342490736802
-16.0682956,-10.0,0.342490736802
-2.4068117,-2.4068117,0.342490736802
-1.0490484,-1.0490484,0.342490736802
-1.9115796,-1.9115796,0.342490736802
-20.6224488,-10.0,0.342490736802
-0.914517,-0.914517,0.342490736802
-20.7849375,-10.0,0.342490736802
-18.0934058,-10.0,0.342490736802
-1.6298819,-1.6298819,0.342490736802
-0.6805884,-0.6805884,0.342490736802
0.2150619,0.2150619,0.342490736802
0.2150612,0.2150612,0.342490736802
-2.2269267,-2.2269267,0.342490736802
-20.0151556,-10.0,0.342490736802
-2.7084214,-2.7084214,0.342490736802
-3.5983954,-3.5983954,0.342490736802
-3.6884753,-3.6884753,0.342490736802
-8.6753657,-8.6753657,0.342490736802
-14.5079173,-10.0,0.342490736802
-16.2833568,-10.0,0.342490736802
-2.6218729,-2.6218729,0.342490736802
-1.2641096,-1.2641096,0.342490736802
-2.1266408,-2.1266408,0.342490736802
-20.83751,-10.0,0.342490736802
-1.1295782,-1.1295782,0.342490736802
-20.9999987,-10.0,0.342490736802
-18.308467,-10.0,0.342490736802
-1.8449431,-1.8449431,0.342490736802
-0.8956496,-0.8956496,0.342490736802
7.00000001075e-07,7.00000001075e-07,0.342490736802
-0.2150612,-0.2150612,0.342490736802
-2.4419879,-2.4419879,0.342490736802
-20.2302168,-10.0,0.342490736802
-2.9234826,-2.9234826,0.342490736802
-3.8134566,-3.8134566,0.342490736802
-1.2464874,-1.2464874,0.342490736802
-6.2333778,-6.2333778,0.342490736802
-12.0659294,-10.0,0.342490736802
-13.8413689,-10.0,0.342490736802
-0.179885,-0.179885,0.342490736802
1.1778783,1.1778783,0.342490736802
0.3153471,0.3153471,0.342490736802
-18.3955221,-10.0,0.342490736802
1.3124097,1.3124097,0.342490736802
-18.5580108,-10.0,0.342490736802
-15.8664791,-10.0,0.342490736802
0.5970448,0.5970448,0.342490736802
1.5463383,1.5463383,0.342490736802
2.4419886,2.4419886,0.342490736802
2.2269267,2.2269267,0.342490736802
2.4419879,2.4419879,0.342490736802
-17.7882289,-10.0,0.342490736802
-0.4814947,-0.4814947,0.342490736802
-1.3714687,-1.3714687,0.342490736802
16.5417415,10.0,0.342490736802
11.5548511,10.0,0.342490736802
5.7222995,5.7222995,0.342490736802
3.94686,3.94686,0.342490736802
17.6083439,10.0,0.342490736802
18.9661072,10.0,0.342490736802
18.103576,10.0,0.342490736802
-0.6072932,-0.6072932,0.342490736802
19.1006386,10.0,0.342490736802
-0.7697819,-0.7697819,0.342490736802
1.9217498,1.9217498,0.342490736802
18.3852737,10.0,0.342490736802
19.3345672,10.0,0.342490736802
20.2302175,10.0,0.342490736802
20.0151556,10.0,0.342490736802
20.2302168,10.0,0.342490736802
17.7882289,10.0,0.342490736802
17.3067342,10.0,0.342490736802
16.4167602,10.0,0.342490736802
-0.7649927,-0.7649927,0.342490736802
-5.7518831,-5.7518831,0.342490736802
-11.5844347,-10.0,0.342490736802
-13.3598742,-10.0,0.342490736802
0.3016097,0.3016097,0.342490736802
1.659373,1.659373,0.342490736802
0.7968418,0.7968418,0.342490736802
-17.9140274,-10.0,0.342490736802
1.7939044,1.7939044,0.342490736802
-18.0765161,-10.0,0.342490736802
-15.3849844,-10.0,0.342490736802
1.0785395,1.0785395,0.342490736802
2.027833,2.027833,0.342490736802
2.9234833,2.9234833,0.342490736802
2.7084214,2.7084214,0.342490736802
2.9234826,2.9234826,0.342490736802
0.4814947,0.4814947,0.342490736802
-17.3067342,-10.0,0.342490736802
-0.889974,-0.889974,0.342490736802
0.1249813,0.1249813,0.342490736802
-4.8619091,-4.8619091,0.342490736802
-10.6944607,-10.0,0.342490736802
-12.4699002,-10.0,0.342490736802
1.1915837,1.1915837,0.342490736802
2.549347,2.549347,0.342490736802
1.6868158,1.6868158,0.342490736802
-17.0240534,-10.0,0.342490736802
2.6838784,2.6838784,0.342490736802
-17.1865421,-10.0,0.342490736802
-14.4950104,-10.0,0.342490736802
1.9685135,1.9685135,0.342490736802
2.917807,2.917807,0.342490736802
3.8134573,3.8134573,0.342490736802
3.5983954,3.5983954,0.342490736802
3.8134566,3.8134566,0.342490736802
1.3714687,1.3714687,0.342490736802
-16.4167602,-10.0,0.342490736802
0.889974,0.889974,0.342490736802
18.4722462,10.0,0.220073844344
-3.3686994,-3.3686994,0.220073844344
-1.5320874,-1.5320874,0.220073844344
17.7347092,10.0,0.220073844344
17.5172328,10.0,0.220073844344
1.2111524,1.2111524,0.220073844344
18.5825768,10.0,0.220073844344
14.6001996,10.0,0.220073844344
18.5725075,10.0,0.220073844344
15.1320897,10.0,0.220073844344
14.1088671,10.0,0.220073844344
1.0047175,1.0047175,0.220073844344
3.9949902,3.9949902,0.220073844344
-2.1124822,-2.1124822,0.220073844344
-2.4064719,-2.4064719,0.220073844344
18.5935275,10.0,0.220073844344
14.2450901,10.0,0.220073844344
17.951313,10.0,0.220073844344
18.5935277,10.0,0.220073844344
-18.4722462,-10.0,0.220073844344
-21.8409456,-10.0,0.220073844344
-20.0043336,-10.0,0.220073844344
-0.737537,-0.737537,0.220073844344
-0.9550134,-0.9550134,0.220073844344
-17.2610938,-10.0,0.220073844344
0.1103306,0.1103306,0.220073844344
-3.8720466,-3.8720466,0.220073844344
0.1002613,0.1002613,0.220073844344
-3.3401565,-3.3401565,0.220073844344
-4.3633791,-4.3633791,0.220073844344
-17.4675287,-10.0,0.220073844344
-14.477256,-10.0,0.220073844344
-20.5847284,-10.0,0.220073844344
-20.8787181,-10.0,0.220073844344
0.1212813,0.1212813,0.220073844344
-4.2271561,-4.2271561,0.220073844344
-0.5209332,-0.5209332,0.220073844344
0.1212815,0.1212815,0.220073844344
3.3686994,3.3686994,0.220073844344
21.8409456,10.0,0.220073844344
1.836612,1.836612,0.220073844344
21.1034086,10.0,0.220073844344
20.8859322,10.0,0.220073844344
4.5798518,4.5798518,0.220073844344
21.9512762,10.0,0.220073844344
17.968899,10.0,0.220073844344
21.9412069,10.0,0.220073844344
18.5007891,10.0,0.220073844344
17.4775665,10.0,0.220073844344
4.3734169,4.3734169,0.220073844344
7.3636896,7.3636896,0.220073844344
1.2562172,1.2562172,0.220073844344
0.9622275,0.9622275,0.220073844344
21.9622269,10.0,0.220073844344
17.6137895,10.0,0.220073844344
21.3200124,10.0,0.220073844344
21.9622271,10.0,0.220073844344
1.5320874,1.5320874,0.220073844344
20.0043336,10.0,0.220073844344
-1.836612,-1.836612,0.220073844344
19.2667966,10.0,0.220073844344
19.0493202,10.0,0.220073844344
2.7432398,2.7432398,0.220073844344
20.1146642,10.0,0.220073844344
16.132287,10.0,0.220073844344
20.1045949,10.0,0.220073844344
16.6641771,10.0,0.220073844344
15.6409545,10.0,0.220073844344
2.5368049,2.5368049,0.220073844344
5.5270776,5.5270776,0.220073844344
-0.5803948,-0.5803948,0.220073844344
-0.8743845,-0.8743845,0.220073844344
20.1256149,10.0,0.220073844344
15.7771775,10.0,0.220073844344
19.4834004,10.0,0.220073844344
20.1256151,10.0,0.220073844344
-17.7347092,-10.0,0.220073844344
0.737537,0.737537,0.220073844344
-21.1034086,-10.0,0.220073844344
-19.2667966,-10.0,0.220073844344
-0.2174764,-0.2174764,0.220073844344
-16.5235568,-10.0,0.220073844344
0.8478676,0.8478676,0.220073844344
-3.1345096,-3.1345096,0.220073844344
0.8377983,0.8377983,0.220073844344
-2.6026195,-2.6026195,0.220073844344
-3.6258421,-3.6258421,0.220073844344
-16.7299917,-10.0,0.220073844344
-13.739719,-10.0,0.220073844344
-19.8471914,-10.0,0.220073844344
-20.1411811,-10.0,0.220073844344
0.8588183,0.8588183,0.220073844344
-3.4896191,-3.4896191,0.220073844344
0.2166038,0.2166038,0.220073844344
0.8588185,0.8588185,0.220073844344
-17.5172328,-10.0,0.220073844344
0.9550134,0.9550134,0.220073844344
-20.8859322,-10.0,0.220073844344
-19.0493202,-10.0,0.220073844344
0.2174764,0.2174764,0.220073844344
-16.3060804,-10.0,0.220073844344
1.065344,1.065344,0.220073844344
-2.9170332,-2.9170332,0.220073844344
1.0552747,1.0552747,0.220073844344
-2.3851431,-2.3851431,0.220073844344
-3.4083657,-3.4083657,0.220073844344
-16.5125153,-10.0,0.220073844344
-13.5222426,-10.0,0.220073844344
-19.629715,-10.0,0.220073844344
-19.9237047,-10.0,0.220073844344
1.0762947,1.0762947,0.220073844344
-3.2721427,-3.2721427,0.220073844344
0.4340802,0.4340802,0.220073844344
1.0762949,1.0762949,0.220073844344
-1.2111524,-1.2111524,0.220073844344
17.2610938,10.0,0.220073844344
-4.5798518,-4.5798518,0.220073844344
-2.7432398,-2.7432398,0.220073844344
16.5235568,10.0,0.220073844344
16.3060804,10.0,0.220073844344
17.3714244,10.0,0.220073844344
13.3890472,10.0,0.220073844344
17.3613551,10.0,0.220073844344
13.9209373,10.0,0.220073844344
12.8977147,10.0,0.220073844344
-0.2064349,-0.2064349,0.220073844344
2.7838378,2.7838378,0.220073844344
-3.3236346,-3.3236346,0.220073844344
-3.6176243,-3.6176243,0.220073844344
17.3823751,10.0,0.220073844344
13.0339377,10.0,0.220073844344
16.7401606,10.0,0.220073844344
17.3823753,10.0,0.220073844344
-18.5825768,-10.0,0.220073844344
-0.1103306,-0.1103306,0.220073844344
-21.9512762,-10.0,0.220073844344
-20.1146642,-10.0,0.220073844344
-0.8478676,-0.8478676,0.220073844344
-1.065344,-1.065344,0.220073844344
-17.3714244,-10.0,0.220073844344
-3.9823772,-3.9823772,0.220073844344
-0.0100693,-0.0100693,0.220073844344
-3.4504871,-3.4504871,0.220073844344
-4.4737097,-4.4737097,0.220073844344
-17.5778593,-10.0,0.220073844344
-14.5875866,-10.0,0.220073844344
-20.695059,-10.0,0.220073844344
-20.9890487,-10.0,0.220073844344
0.0109507,0.0109507,0.220073844344
-4.3374867,-4.3374867,0.220073844344
-0.6312638,-0.6312638,0.220073844344
0.0109509,0.0109509,0.220073844344
-14.6001996,-10.0,0.220073844344
3.8720466,3.8720466,0.220073844344
-17.968899,-10.0,0.220073844344
-16.132287,-10.0,0.220073844344
3.1345096,3.1345096,0.220073844344
2.9170332,2.9170332,0.220073844344
-13.3890472,-10.0,0.220073844344
3.9823772,3.9823772,0.220073844344
3.9723079,3.9723079,0.220073844344
0.5318901,0.5318901,0.220073844344
-0.4913325,-0.4913325,0.220073844344
-13.5954821,-10.0,0.220073844344
-10.6052094,-10.0,0.220073844344
-16.7126818,-10.0,0.220073844344
-17.0066715,-10.0,0.220073844344
3.9933279,3.9933279,0.220073844344
-0.3551095,-0.3551095,0.220073844344
3.3511134,3.3511134,0.220073844344
3.9933281,3.9933281,0.220073844344
-18.5725075,-10.0,0.220073844344
-0.1002613,-0.1002613,0.220073844344
-21.9412069,-10.0,0.220073844344
-20.1045949,-10.0,0.220073844344
-0.8377983,-0.8377983,0.220073844344
-1.0552747,-1.0552747,0.220073844344
-17.3613551,-10.0,0.220073844344
0.0100693,0.0100693,0.220073844344
-3.9723079,-3.9723079,0.220073844344
-3.4404178,-3.4404178,0.220073844344
-4.4636404,-4.4636404,0.220073844344
-17.56779,-10.0,0.220073844344
-14.5775173,-10.0,0.220073844344
-20.6849897,-10.0,0.220073844344
-20.9789794,-10.0,0.220073844344
0.02102,0.02102,0.220073844344
-4.3274174,-4.3274174,0.220073844344
-0.6211945,-0.6211945,0.220073844344
0.0210202,0.0210202,0.220073844344
-15.1320897,-10.0,0.220073844344
3.3401565,3.3401565,0.220073844344
-18.5007891,-10.0,0.220073844344
-16.6641771,-10.0,0.220073844344
2.6026195,2.6026195,0.220073844344
2.3851431,2.3851431,0.220073844344
-13.9209373,-10.0,0.220073844344
3.4504871,3.4504871,0.220073844344
-0.5318901,-0.5318901,0.220073844344
3.4404178,3.4404178,0.220073844344
-1.0232226,-1.0232226,0.220073844344
-14.1273722,-10.0,0.220073844344
-11.1370995,-10.0,0.220073844344
-17.2445719,-10.0,0.220073844344
-17.5385616,-10.0,0.220073844344
3.4614378,3.4614378,0.220073844344
-0.8869996,-0.8869996,0.220073844344
2.8192233,2.8192233,0.220073844344
3.461438,3.461438,0.220073844344
-14.1088671,-10.0,0.220073844344
4.3633791,4.3633791,0.220073844344
-17.4775665,-10.0,0.220073844344
-15.6409545,-10.0,0.220073844344
3.6258421,3.6258421,0.220073844344
3.4083657,3.4083657,0.220073844344
-12.8977147,-10.0,0.220073844344
4.4737097,4.4737097,0.220073844344
0.4913325,0.4913325,0.220073844344
4.4636404,4.4636404,0.220073844344
1.0232226,1.0232226,0.220073844344
-13.1041496,-10.0,0.220073844344
-10.1138769,-10.0,0.220073844344
-16.2213493,-10.0,0.220073844344
-16.515339,-10.0,0.220073844344
4.4846604,4.4846604,0.220073844344
0.136223,0.136223,0.220073844344
3.8424459,3.8424459,0.220073844344
4.4846606,4.4846606,0.220073844344
-1.0047175,-1.0047175,0.220073844344
17.4675287,10.0,0.220073844344
-4.3734169,-4.3734169,0.220073844344
-2.5368049,-2.5368049,0.220073844344
16.7299917,10.0,0.220073844344
16.5125153,10.0,0.220073844344
0.2064349,0.2064349,0.220073844344
17.5778593,10.0,0.220073844344
13.5954821,10.0,0.220073844344
17.56779,10.0,0.220073844344
14.1273722,10.0,0.220073844344
13.1041496,10.0,0.220073844344
2.9902727,2.9902727,0.220073844344
-3.1171997,-3.1171997,0.220073844344
-3.4111894,-3.4111894,0.220073844344
17.58881,10.0,0.220073844344
13.2403726,10.0,0.220073844344
16.9465955,10.0,0.220073844344
17.5888102,10.0,0.220073844344
-3.9949902,-3.9949902,0.220073844344
14.477256,10.0,0.220073844344
-7.3636896,-7.3636896,0.220073844344
-5.5270776,-5.5270776,0.220073844344
13.739719,10.0,0.220073844344
13.5222426,10.0,0.220073844344
-2.7838378,-2.7838378,0.220073844344
14.5875866,10.0,0.220073844344
10.6052094,10.0,0.220073844344
14.5775173,10.0,0.220073844344
11.1370995,10.0,0.220073844344
10.1138769,10.0,0.220073844344
-2.9902727,-2.9902727,0.220073844344
-6.1074724,-6.1074724,0.220073844344
-6.4014621,-6.4014621,0.220073844344
14.5985373,10.0,0.220073844344
10.2500999,10.0,0.220073844344
13.9563228,10.0,0.220073844344
14.5985375,10.0,0.220073844344
2.1124822,2.1124822,0.220073844344
20.5847284,10.0,0.220073844344
-1.2562172,-1.2562172,0.220073844344
0.5803948,0.5803948,0.220073844344
19.8471914,10.0,0.220073844344
19.629715,10.0,0.220073844344
3.3236346,3.3236346,0.220073844344
20.695059,10.0,0.220073844344
16.7126818,10.0,0.220073844344
20.6849897,10.0,0.220073844344
17.2445719,10.0,0.220073844344
16.2213493,10.0,0.220073844344
3.1171997,3.1171997,0.220073844344
6.1074724,6.1074724,0.220073844344
-0.2939897,-0.2939897,0.220073844344
20.7060097,10.0,0.220073844344
16.3575723,10.0,0.220073844344
20.0637952,10.0,0.220073844344
20.7060099,10.0,0.220073844344
2.4064719,2.4064719,0.220073844344
20.8787181,10.0,0.220073844344
-0.9622275,-0.9622275,0.220073844344
0.8743845,0.8743845,0.220073844344
20.1411811,10.0,0.220073844344
19.9237047,10.0,0.220073844344
3.6176243,3.6176243,0.220073844344
20.9890487,10.0,0.220073844344
17.0066715,10.0,0.220073844344
20.9789794,10.0,0.220073844344
17.5385616,10.0,0.220073844344
16.515339,10.0,0.220073844344
3.4111894,3.4111894,0.220073844344
6.4014621,6.4014621,0.220073844344
0.2939897,0.2939897,0.220073844344
20.9999994,10.0,0.220073844344
16.651562,10.0,0.220073844344
20.3577849,10.0,0.220073844344
20.9999996,10.0,0.220073844344
-18.5935275,-10.0,0.220073844344
-0.1212813,-0.1212813,0.220073844344
-21.9622269,-10.0,0.220073844344
-20.1256149,-10.0,0.220073844344
-0.8588183,-0.8588183,0.220073844344
-1.0762947,-1.0762947,0.220073844344
-17.3823751,-10.0,0.220073844344
-0.0109507,-0.0109507,0.220073844344
-3.9933279,-3.9933279,0.220073844344
-0.02102,-0.02102,0.220073844344
-3.4614378,-3.4614378,0.220073844344
-4.4846604,-4.4846604,0.220073844344
-17.58881,-10.0,0.220073844344
-14.5985373,-10.0,0.220073844344
-20.7060097,-10.0,0.220073844344
-20.9999994,-10.0,0.220073844344
-4.3484374,-4.3484374,0.220073844344
-0.6422145,-0.6422145,0.220073844344
1.99999998785e-07,1.99999998785e-07,0.220073844344
-14.2450901,-10.0,0.220073844344
4.2271561,4.2271561,0.220073844344
-17.6137895,-10.0,0.220073844344
-15.7771775,-10.0,0.220073844344
3.4896191,3.4896191,0.220073844344
3.2721427,3.2721427,0.220073844344
-13.0339377,-10.0,0.220073844344
4.3374867,4.3374867,0.220073844344
0.3551095,0.3551095,0.220073844344
4.3274174,4.3274174,0.220073844344
0.8869996,0.8869996,0.220073844344
-0.136223,-0.136223,0.220073844344
-13.2403726,-10.0,0.220073844344
-10.2500999,-10.0,0.220073844344
-16.3575723,-10.0,0.220073844344
-16.651562,-10.0,0.220073844344
4.3484374,4.3484374,0.220073844344
3.7062229,3.7062229,0.220073844344
4.3484376,4.3484376,0.220073844344
-17.951313,-10.0,0.220073844344
0.5209332,0.5209332,0.220073844344
-21.3200124,-10.0,0.220073844344
-19.4834004,-10.0,0.220073844344
-0.2166038,-0.2166038,0.220073844344
-0.4340802,-0.4340802,0.220073844344
-16.7401606,-10.0,0.220073844344
0.6312638,0.6312638,0.220073844344
-3.3511134,-3.3511134,0.220073844344
0.6211945,0.6211945,0.220073844344
-2.8192233,-2.8192233,0.220073844344
-3.8424459,-3.8424459,0.220073844344
-16.9465955,-10.0,0.220073844344
-13.9563228,-10.0,0.220073844344
-20.0637952,-10.0,0.220073844344
-20.3577849,-10.0,0.220073844344
0.6422145,0.6422145,0.220073844344
-3.7062229,-3.7062229,0.220073844344
0.6422147,0.6422147,0.220073844344
-18.5935277,-10.0,0.220073844344
-0.1212815,-0.1212815,0.220073844344
-21.9622271,-10.0,0.220073844344
-20.1256151,-10.0,0.220073844344
-0.8588185,-0.8588185,0.220073844344
-1.0762949,-1.0762949,0.220073844344
-17.3823753,-10.0,0.220073844344
-0.0109509,-0.0109509,0.220073844344
-3.9933281,-3.9933281,0.220073844344
-0.0210202,-0.0210202,0.220073844344
-3.461438,-3.461438,0.220073844344
-4.4846606,-4.4846606,0.220073844344
-17.5888102,-10.0,0.220073844344
-14.5985375,-10.0,0.220073844344
-20.7060099,-10.0,0.220073844344
-20.9999996,-10.0,0.220073844344
-1.99999998785e-07,-1.99999998785e-07,0.220073844344
-4.3484376,-4.3484376,0.220073844344
-0.6422147,-0.6422147,0.220073844344
-1.9542532,-1.9542532,0.35811014805
17.3519667,10.0,0.35811014805
-2.4220494,-2.4220494,0.35811014805
17.3519669,10.0,0.35811014805
-3.7111066,-3.7111066,0.35811014805
-3.6480328,-3.6480328,0.35811014805
14.0037246,10.0,0.35811014805
-5.0587993,-5.0587993,0.35811014805
15.7266425,10.0,0.35811014805
16.6950626,10.0,0.35811014805
15.2890489,10.0,0.35811014805
17.22683,10.0,0.35811014805
-2.7196052,-2.7196052,0.35811014805
-3.8443165,-3.8443165,0.35811014805
15.0443985,10.0,0.35811014805
-3.1677234,-3.1677234,0.35811014805
11.9838839,10.0,0.35811014805
17.2102294,10.0,0.35811014805
-1.6404233,-1.6404233,0.35811014805
1.9542532,1.9542532,0.35811014805
19.3062199,10.0,0.35811014805
-0.4677962,-0.4677962,0.35811014805
19.3062201,10.0,0.35811014805
-1.7568534,-1.7568534,0.35811014805
-1.6937796,-1.6937796,0.35811014805
15.9579778,10.0,0.35811014805
-3.1045461,-3.1045461,0.35811014805
17.6808957,10.0,0.35811014805
18.6493158,10.0,0.35811014805
17.2433021,10.0,0.35811014805
19.1810832,10.0,0.35811014805
-0.765352,-0.765352,0.35811014805
-1.8900633,-1.8900633,0.35811014805
16.9986517,10.0,0.35811014805
-1.2134702,-1.2134702,0.35811014805
13.9381371,10.0,0.35811014805
19.1644826,10.0,0.35811014805
0.3138299,0.3138299,0.35811014805
-17.3519667,-10.0,0.35811014805
-19.3062199,-10.0,0.35811014805
-19.7740161,-10.0,0.35811014805
1.99999998785e-07,1.99999998785e-07,0.35811014805
-21.0630733,-10.0,0.35811014805
-20.9999995,-10.0,0.35811014805
-3.3482421,-3.3482421,0.35811014805
-22.410766,-10.0,0.35811014805
-1.6253242,-1.6253242,0.35811014805
-0.6569041,-0.6569041,0.35811014805
-2.0629178,-2.0629178,0.35811014805
-0.1251367,-0.1251367,0.35811014805
-20.0715719,-10.0,0.35811014805
-21.1962832,-10.0,0.35811014805
-2.3075682,-2.3075682,0.35811014805
-20.5196901,-10.0,0.35811014805
-5.3680828,-5.3680828,0.35811014805
-0.1417373,-0.1417373,0.35811014805
-18.99239,-10.0,0.35811014805
2.4220494,2.4220494,0.35811014805
0.4677962,0.4677962,0.35811014805
19.7740161,10.0,0.35811014805
19.7740163,10.0,0.35811014805
-1.2890572,-1.2890572,0.35811014805
-1.2259834,-1.2259834,0.35811014805
16.425774,10.0,0.35811014805
-2.6367499,-2.6367499,0.35811014805
18.1486919,10.0,0.35811014805
19.117112,10.0,0.35811014805
17.7110983,10.0,0.35811014805
19.6488794,10.0,0.35811014805
-0.2975558,-0.2975558,0.35811014805
-1.4222671,-1.4222671,0.35811014805
17.4664479,10.0,0.35811014805
-0.745674,-0.745674,0.35811014805
14.4059333,10.0,0.35811014805
19.6322788,10.0,0.35811014805
0.7816261,0.7816261,0.35811014805
-17.3519669,-10.0,0.35811014805
-19.3062201,-10.0,0.35811014805
-1.99999998785e-07,-1.99999998785e-07,0.35811014805
-19.7740163,-10.0,0.35811014805
-21.0630735,-10.0,0.35811014805
-20.9999997,-10.0,0.35811014805
-3.3482423,-3.3482423,0.35811014805
-22.4107662,-10.0,0.35811014805
-1.6253244,-1.6253244,0.35811014805
-0.6569043,-0.6569043,0.35811014805
-2.062918,-2.062918,0.35811014805
-0.1251369,-0.1251369,0.35811014805
-20.0715721,-10.0,0.35811014805
-21.1962834,-10.0,0.35811014805
-2.3075684,-2.3075684,0.35811014805
-20.5196903,-10.0,0.35811014805
-5.368083,-5.368083,0.35811014805
-0.1417375,-0.1417375,0.35811014805
-18.9923902,-10.0,0.35811014805
3.7111066,3.7111066,0.35811014805
1.7568534,1.7568534,0.35811014805
21.0630733,10.0,0.35811014805
1.2890572,1.2890572,0.35811014805
21.0630735,10.0,0.35811014805
0.0630738,0.0630738,0.35811014805
17.7148312,10.0,0.35811014805
-1.3476927,-1.3476927,0.35811014805
19.4377491,10.0,0.35811014805
20.4061692,10.0,0.35811014805
19.0001555,10.0,0.35811014805
20.9379366,10.0,0.35811014805
0.9915014,0.9915014,0.35811014805
-0.1332099,-0.1332099,0.35811014805
18.7555051,10.0,0.35811014805
0.5433832,0.5433832,0.35811014805
15.6949905,10.0,0.35811014805
20.921336,10.0,0.35811014805
2.0706833,2.0706833,0.35811014805
3.6480328,3.6480328,0.35811014805
1.6937796,1.6937796,0.35811014805
20.9999995,10.0,0.35811014805
1.2259834,1.2259834,0.35811014805
20.9999997,10.0,0.35811014805
-0.0630738,-0.0630738,0.35811014805
17.6517574,10.0,0.35811014805
-1.4107665,-1.4107665,0.35811014805
19.3746753,10.0,0.35811014805
20.3430954,10.0,0.35811014805
18.9370817,10.0,0.35811014805
20.8748628,10.0,0.35811014805
0.9284276,0.9284276,0.35811014805
-0.1962837,-0.1962837,0.35811014805
18.6924313,10.0,0.35811014805
0.4803094,0.4803094,0.35811014805
15.6319167,10.0,0.35811014805
20.8582622,10.0,0.35811014805
2.0076095,2.0076095,0.35811014805
-14.0037246,-10.0,0.35811014805
-15.9579778,-10.0,0.35811014805
3.3482421,3.3482421,0.35811014805
-16.425774,-10.0,0.35811014805
3.3482423,3.3482423,0.35811014805
-17.7148312,-10.0,0.35811014805
-17.6517574,-10.0,0.35811014805
-19.0625239,-10.0,0.35811014805
1.7229179,1.7229179,0.35811014805
2.691338,2.691338,0.35811014805
1.2853243,1.2853243,0.35811014805
3.2231054,3.2231054,0.35811014805
-16.7233298,-10.0,0.35811014805
-17.8480411,-10.0,0.35811014805
1.0406739,1.0406739,0.35811014805
-17.171448,-10.0,0.35811014805
-2.0198407,-2.0198407,0.35811014805
3.2065048,3.2065048,0.35811014805
-15.6441479,-10.0,0.35811014805
5.0587993,5.0587993,0.35811014805
3.1045461,3.1045461,0.35811014805
22.410766,10.0,0.35811014805
2.6367499,2.6367499,0.35811014805
22.4107662,10.0,0.35811014805
1.3476927,1.3476927,0.35811014805
1.4107665,1.4107665,0.35811014805
19.0625239,10.0,0.35811014805
20.7854418,10.0,0.35811014805
21.7538619,10.0,0.35811014805
20.3478482,10.0,0.35811014805
22.2856293,10.0,0.35811014805
2.3391941,2.3391941,0.35811014805
1.2144828,1.2144828,0.35811014805
20.1031978,10.0,0.35811014805
1.8910759,1.8910759,0.35811014805
17.0426832,10.0,0.35811014805
22.2690287,10.0,0.35811014805
3.418376,3.418376,0.35811014805
-15.7266425,-10.0,0.35811014805
-17.6808957,-10.0,0.35811014805
1.6253242,1.6253242,0.35811014805
-18.1486919,-10.0,0.35811014805
1.6253244,1.6253244,0.35811014805
-19.4377491,-10.0,0.35811014805
-19.3746753,-10.0,0.35811014805
-1.7229179,-1.7229179,0.35811014805
-20.7854418,-10.0,0.35811014805
0.9684201,0.9684201,0.35811014805
-0.4375936,-0.4375936,0.35811014805
1.5001875,1.5001875,0.35811014805
-18.4462477,-10.0,0.35811014805
-19.570959,-10.0,0.35811014805
-0.682244,-0.682244,0.35811014805
-18.8943659,-10.0,0.35811014805
-3.7427586,-3.7427586,0.35811014805
1.4835869,1.4835869,0.35811014805
-17.3670658,-10.0,0.35811014805
-16.6950626,-10.0,0.35811014805
-18.6493158,-10.0,0.35811014805
0.6569041,0.6569041,0.35811014805
-19.117112,-10.0,0.35811014805
0.6569043,0.6569043,0.35811014805
-20.4061692,-10.0,0.35811014805
-20.3430954,-10.0,0.35811014805
-2.691338,-2.691338,0.35811014805
-21.7538619,-10.0,0.35811014805
-0.9684201,-0.9684201,0.35811014805
-1.4060137,-1.4060137,0.35811014805
0.5317674,0.5317674,0.35811014805
-19.4146678,-10.0,0.35811014805
-20.5393791,-10.0,0.35811014805
-1.6506641,-1.6506641,0.35811014805
-19.862786,-10.0,0.35811014805
-4.7111787,-4.7111787,0.35811014805
0.5151668,0.5151668,0.35811014805
-18.3354859,-10.0,0.35811014805
-15.2890489,-10.0,0.35811014805
-17.2433021,-10.0,0.35811014805
2.0629178,2.0629178,0.35811014805
-17.7110983,-10.0,0.35811014805
2.062918,2.062918,0.35811014805
-19.0001555,-10.0,0.35811014805
-18.9370817,-10.0,0.35811014805
-1.2853243,-1.2853243,0.35811014805
-20.3478482,-10.0,0.35811014805
0.4375936,0.4375936,0.35811014805
1.4060137,1.4060137,0.35811014805
1.9377811,1.9377811,0.35811014805
-18.0086541,-10.0,0.35811014805
-19.1333654,-10.0,0.35811014805
-0.2446504,-0.2446504,0.35811014805
-18.4567723,-10.0,0.35811014805
-3.305165,-3.305165,0.35811014805
1.9211805,1.9211805,0.35811014805
-16.9294722,-10.0,0.35811014805
-17.22683,-10.0,0.35811014805
-19.1810832,-10.0,0.35811014805
0.1251367,0.1251367,0.35811014805
-19.6488794,-10.0,0.35811014805
0.1251369,0.1251369,0.35811014805
-20.9379366,-10.0,0.35811014805
-20.8748628,-10.0,0.35811014805
-3.2231054,-3.2231054,0.35811014805
-22.2856293,-10.0,0.35811014805
-1.5001875,-1.5001875,0.35811014805
-0.5317674,-0.5317674,0.35811014805
-1.9377811,-1.9377811,0.35811014805
-19.9464352,-10.0,0.35811014805
-21.0711465,-10.0,0.35811014805
-2.1824315,-2.1824315,0.35811014805
-20.3945534,-10.0,0.35811014805
-5.2429461,-5.2429461,0.35811014805
-0.0166006,-0.0166006,0.35811014805
-18.8672533,-10.0,0.35811014805
2.7196052,2.7196052,0.35811014805
0.765352,0.765352,0.35811014805
20.0715719,10.0,0.35811014805
0.2975558,0.2975558,0.35811014805
20.0715721,10.0,0.35811014805
-0.9915014,-0.9915014,0.35811014805
-0.9284276,-0.9284276,0.35811014805
16.7233298,10.0,0.35811014805
-2.3391941,-2.3391941,0.35811014805
18.4462477,10.0,0.35811014805
19.4146678,10.0,0.35811014805
18.0086541,10.0,0.35811014805
19.9464352,10.0,0.35811014805
-1.1247113,-1.1247113,0.35811014805
17.7640037,10.0,0.35811014805
-0.4481182,-0.4481182,0.35811014805
14.7034891,10.0,0.35811014805
19.9298346,10.0,0.35811014805
1.0791819,1.0791819,0.35811014805
3.8443165,3.8443165,0.35811014805
1.8900633,1.8900633,0.35811014805
21.1962832,10.0,0.35811014805
1.4222671,1.4222671,0.35811014805
21.1962834,10.0,0.35811014805
0.1332099,0.1332099,0.35811014805
0.1962837,0.1962837,0.35811014805
17.8480411,10.0,0.35811014805
-1.2144828,-1.2144828,0.35811014805
19.570959,10.0,0.35811014805
20.5393791,10.0,0.35811014805
19.1333654,10.0,0.35811014805
21.0711465,10.0,0.35811014805
1.1247113,1.1247113,0.35811014805
18.888715,10.0,0.35811014805
0.6765931,0.6765931,0.35811014805
15.8282004,10.0,0.35811014805
21.0545459,10.0,0.35811014805
2.2038932,2.2038932,0.35811014805
-15.0443985,-10.0,0.35811014805
-16.9986517,-10.0,0.35811014805
2.3075682,2.3075682,0.35811014805
-17.4664479,-10.0,0.35811014805
2.3075684,2.3075684,0.35811014805
-18.7555051,-10.0,0.35811014805
-18.6924313,-10.0,0.35811014805
-1.0406739,-1.0406739,0.35811014805
-20.1031978,-10.0,0.35811014805
0.682244,0.682244,0.35811014805
1.6506641,1.6506641,0.35811014805
0.2446504,0.2446504,0.35811014805
2.1824315,2.1824315,0.35811014805
-17.7640037,-10.0,0.35811014805
-18.888715,-10.0,0.35811014805
-18.2121219,-10.0,0.35811014805
-3.0605146,-3.0605146,0.35811014805
2.1658309,2.1658309,0.35811014805
-16.6848218,-10.0,0.35811014805
3.1677234,3.1677234,0.35811014805
1.2134702,1.2134702,0.35811014805
20.5196901,10.0,0.35811014805
0.745674,0.745674,0.35811014805
20.5196903,10.0,0.35811014805
-0.5433832,-0.5433832,0.35811014805
-0.4803094,-0.4803094,0.35811014805
17.171448,10.0,0.35811014805
-1.8910759,-1.8910759,0.35811014805
18.8943659,10.0,0.35811014805
19.862786,10.0,0.35811014805
18.4567723,10.0,0.35811014805
20.3945534,10.0,0.35811014805
0.4481182,0.4481182,0.35811014805
-0.6765931,-0.6765931,0.35811014805
18.2121219,10.0,0.35811014805
15.1516073,10.0,0.35811014805
20.3779528,10.0,0.35811014805
1.5273001,1.5273001,0.35811014805
-11.9838839,-10.0,0.35811014805
-13.9381371,-10.0,0.35811014805
5.3680828,5.3680828,0.35811014805
-14.4059333,-10.0,0.35811014805
5.368083,5.368083,0.35811014805
-15.6949905,-10.0,0.35811014805
-15.6319167,-10.0,0.35811014805
2.0198407,2.0198407,0.35811014805
-17.0426832,-10.0,0.35811014805
3.7427586,3.7427586,0.35811014805
4.7111787,4.7111787,0.35811014805
3.305165,3.305165,0.35811014805
5.2429461,5.2429461,0.35811014805
-14.7034891,-10.0,0.35811014805
-15.8282004,-10.0,0.35811014805
3.0605146,3.0605146,0.35811014805
-15.1516073,-10.0,0.35811014805
5.2263455,5.2263455,0.35811014805
-13.6243072,-10.0,0.35811014805
-17.2102294,-10.0,0.35811014805
-19.1644826,-10.0,0.35811014805
0.1417373,0.1417373,0.35811014805
-19.6322788,-10.0,0.35811014805
0.1417375,0.1417375,0.35811014805
-20.921336,-10.0,0.35811014805
-20.8582622,-10.0,0.35811014805
-3.2065048,-3.2065048,0.35811014805
-22.2690287,-10.0,0.35811014805
-1.4835869,-1.4835869,0.35811014805
-0.5151668,-0.5151668,0.35811014805
-1.9211805,-1.9211805,0.35811014805
0.0166006,0.0166006,0.35811014805
-19.9298346,-10.0,0.35811014805
-21.0545459,-10.0,0.35811014805
-2.1658309,-2.1658309,0.35811014805
-20.3779528,-10.0,0.35811014805
-5.2263455,-5.2263455,0.35811014805
-18.8506527,-10.0,0.35811014805
1.6404233,1.6404233,0.35811014805
-0.3138299,-0.3138299,0.35811014805
18.99239,10.0,0.35811014805
-0.7816261,-0.7816261,0.35811014805
18.9923902,10.0,0.35811014805
-2.0706833,-2.0706833,0.35811014805
-2.0076095,-2.0076095,0.35811014805
15.6441479,10.0,0.35811014805
-3.418376,-3.418376,0.35811014805
17.3670658,10.0,0.35811014805
18.3354859,10.0,0.35811014805
16.9294722,10.0,0.35811014805
18.8672533,10.0,0.35811014805
-1.0791819,-1.0791819,0.35811014805
-2.2038932,-2.2038932,0.35811014805
16.6848218,10.0,0.35811014805
-1.5273001,-1.5273001,0.35811014805
13.6243072,10.0,0.35811014805
18.8506527,10.0,0.35811014805
-1.7292006,-1.7292006,0.102621272834
-19.4072743,-10.0,0.102621272834
0.368816,0.368816,0.102621272834
0.2552675,0.2552675,0.102621272834
-0.7409346,-0.7409346,0.102621272834
0.3752011,0.3752011,0.102621272834
-1.3629223,-1.3629223,0.102621272834
0.1468675,0.1468675,0.102621272834
0.0446671,0.0446671,0.102621272834
0.2463996,0.2463996,0.102621272834
-20.6247985,-10.0,0.102621272834
0.3749906,0.3749906,0.102621272834
0.3704321,0.3704321,0.102621272834
0.3726656,0.3726656,0.102621272834
-1.3049614,-1.3049614,0.102621272834
-15.599812,-10.0,0.102621272834
-2.2246727,-2.2246727,0.102621272834
0.313496,0.313496,0.102621272834
0.3752011,0.3752011,0.102621272834
1.7292006,1.7292006,0.102621272834
-17.6780737,-10.0,0.102621272834
2.0980166,2.0980166,0.102621272834
1.9844681,1.9844681,0.102621272834
0.988266,0.988266,0.102621272834
2.1044017,2.1044017,0.102621272834
0.3662783,0.3662783,0.102621272834
1.8760681,1.8760681,0.102621272834
1.7738677,1.7738677,0.102621272834
1.9756002,1.9756002,0.102621272834
-18.8955979,-10.0,0.102621272834
2.1041912,2.1041912,0.102621272834
2.0996327,2.0996327,0.102621272834
2.1018662,2.1018662,0.102621272834
0.4242392,0.4242392,0.102621272834
-13.8706114,-10.0,0.102621272834
-0.4954721,-0.4954721,0.102621272834
2.0426966,2.0426966,0.102621272834
2.1044017,2.1044017,0.102621272834
19.4072743,10.0,0.102621272834
17.6780737,10.0,0.102621272834
19.7760903,10.0,0.102621272834
19.6625418,10.0,0.102621272834
18.6663397,10.0,0.102621272834
19.7824754,10.0,0.102621272834
18.044352,10.0,0.102621272834
19.5541418,10.0,0.102621272834
19.4519414,10.0,0.102621272834
19.6536739,10.0,0.102621272834
-1.2175242,-1.2175242,0.102621272834
19.7822649,10.0,0.102621272834
19.7777064,10.0,0.102621272834
19.7799399,10.0,0.102621272834
18.1023129,10.0,0.102621272834
3.8074623,3.8074623,0.102621272834
17.1826016,10.0,0.102621272834
19.7207703,10.0,0.102621272834
19.7824754,10.0,0.102621272834
-0.368816,-0.368816,0.102621272834
-2.0980166,-2.0980166,0.102621272834
-19.7760903,-10.0,0.102621272834
-0.1135485,-0.1135485,0.102621272834
-1.1097506,-1.1097506,0.102621272834
0.0063851,0.0063851,0.102621272834
-1.7317383,-1.7317383,0.102621272834
-0.2219485,-0.2219485,0.102621272834
-0.3241489,-0.3241489,0.102621272834
-0.1224164,-0.1224164,0.102621272834
-20.9936145,-10.0,0.102621272834
0.0061746,0.0061746,0.102621272834
0.0016161,0.0016161,0.102621272834
0.0038496,0.0038496,0.102621272834
-1.6737774,-1.6737774,0.102621272834
-15.968628,-10.0,0.102621272834
-2.5934887,-2.5934887,0.102621272834
-0.05532,-0.05532,0.102621272834
0.0063851,0.0063851,0.102621272834
-0.2552675,-0.2552675,0.102621272834
-1.9844681,-1.9844681,0.102621272834
-19.6625418,-10.0,0.102621272834
0.1135485,0.1135485,0.102621272834
-0.9962021,-0.9962021,0.102621272834
0.1199336,0.1199336,0.102621272834
-1.6181898,-1.6181898,0.102621272834
-0.1084,-0.1084,0.102621272834
-0.2106004,-0.2106004,0.102621272834
-0.0088679,-0.0088679,0.102621272834
-20.880066,-10.0,0.102621272834
0.1197231,0.1197231,0.102621272834
0.1151646,0.1151646,0.102621272834
0.1173981,0.1173981,0.102621272834
-1.5602289,-1.5602289,0.102621272834
-15.8550795,-10.0,0.102621272834
-2.4799402,-2.4799402,0.102621272834
0.0582285,0.0582285,0.102621272834
0.1199336,0.1199336,0.102621272834
0.7409346,0.7409346,0.102621272834
-0.988266,-0.988266,0.102621272834
-18.6663397,-10.0,0.102621272834
1.1097506,1.1097506,0.102621272834
0.9962021,0.9962021,0.102621272834
1.1161357,1.1161357,0.102621272834
-0.6219877,-0.6219877,0.102621272834
0.8878021,0.8878021,0.102621272834
0.7856017,0.7856017,0.102621272834
0.9873342,0.9873342,0.102621272834
-19.8838639,-10.0,0.102621272834
1.1159252,1.1159252,0.102621272834
1.1113667,1.1113667,0.102621272834
1.1136002,1.1136002,0.102621272834
-0.5640268,-0.5640268,0.102621272834
-14.8588774,-10.0,0.102621272834
-1.4837381,-1.4837381,0.102621272834
1.0544306,1.0544306,0.102621272834
1.1161357,1.1161357,0.102621272834
-0.3752011,-0.3752011,0.102621272834
-2.1044017,-2.1044017,0.102621272834
-19.7824754,-10.0,0.102621272834
-0.0063851,-0.0063851,0.102621272834
-0.1199336,-0.1199336,0.102621272834
-1.1161357,-1.1161357,0.102621272834
-1.7381234,-1.7381234,0.102621272834
-0.2283336,-0.2283336,0.102621272834
-0.330534,-0.330534,0.102621272834
-0.1288015,-0.1288015,0.102621272834
-20.9999996,-10.0,0.102621272834
-0.000210499999998,-0.000210499999998,0.102621272834
-0.004769,-0.004769,0.102621272834
-0.0025355,-0.0025355,0.102621272834
-1.6801625,-1.6801625,0.102621272834
-15.9750131,-10.0,0.102621272834
-2.5998738,-2.5998738,0.102621272834
-0.0617051,-0.0617051,0.102621272834
0.0,0.0,0.102621272834
1.3629223,1.3629223,0.102621272834
-0.3662783,-0.3662783,0.102621272834
-18.044352,-10.0,0.102621272834
1.7317383,1.7317383,0.102621272834
1.6181898,1.6181898,0.102621272834
0.6219877,0.6219877,0.102621272834
1.7381234,1.7381234,0.102621272834
1.5097898,1.5097898,0.102621272834
1.4075894,1.4075894,0.102621272834
1.6093219,1.6093219,0.102621272834
-19.2618762,-10.0,0.102621272834
1.7379129,1.7379129,0.102621272834
1.7333544,1.7333544,0.102621272834
1.7355879,1.7355879,0.102621272834
0.0579609,0.0579609,0.102621272834
-14.2368897,-10.0,0.102621272834
-0.8617504,-0.8617504,0.102621272834
1.6764183,1.6764183,0.102621272834
1.7381234,1.7381234,0.102621272834
-0.1468675,-0.1468675,0.102621272834
-1.8760681,-1.8760681,0.102621272834
-19.5541418,-10.0,0.102621272834
0.2219485,0.2219485,0.102621272834
0.1084,0.1084,0.102621272834
-0.8878021,-0.8878021,0.102621272834
0.2283336,0.2283336,0.102621272834
-1.5097898,-1.5097898,0.102621272834
-0.1022004,-0.1022004,0.102621272834
0.0995321,0.0995321,0.102621272834
-20.771666,-10.0,0.102621272834
0.2281231,0.2281231,0.102621272834
0.2235646,0.2235646,0.102621272834
0.2257981,0.2257981,0.102621272834
-1.4518289,-1.4518289,0.102621272834
-15.7466795,-10.0,0.102621272834
-2.3715402,-2.3715402,0.102621272834
0.1666285,0.1666285,0.102621272834
0.2283336,0.2283336,0.102621272834
-0.0446671,-0.0446671,0.102621272834
-1.7738677,-1.7738677,0.102621272834
-19.4519414,-10.0,0.102621272834
0.3241489,0.3241489,0.102621272834
0.2106004,0.2106004,0.102621272834
-0.7856017,-0.7856017,0.102621272834
0.330534,0.330534,0.102621272834
-1.4075894,-1.4075894,0.102621272834
0.1022004,0.1022004,0.102621272834
0.2017325,0.2017325,0.102621272834
-20.6694656,-10.0,0.102621272834
0.3303235,0.3303235,0.102621272834
0.325765,0.325765,0.102621272834
0.3279985,0.3279985,0.102621272834
-1.3496285,-1.3496285,0.102621272834
-15.6444791,-10.0,0.102621272834
-2.2693398,-2.2693398,0.102621272834
0.2688289,0.2688289,0.102621272834
0.330534,0.330534,0.102621272834
-0.2463996,-0.2463996,0.102621272834
-1.9756002,-1.9756002,0.102621272834
-19.6536739,-10.0,0.102621272834
0.1224164,0.1224164,0.102621272834
0.0088679,0.0088679,0.102621272834
-0.9873342,-0.9873342,0.102621272834
0.1288015,0.1288015,0.102621272834
-1.6093219,-1.6093219,0.102621272834
-0.0995321,-0.0995321,0.102621272834
-0.2017325,-0.2017325,0.102621272834
-20.8711981,-10.0,0.102621272834
0.128591,0.128591,0.102621272834
0.1240325,0.1240325,0.102621272834
0.126266,0.126266,0.102621272834
-1.551361,-1.551361,0.102621272834
-15.8462116,-10.0,0.102621272834
-2.4710723,-2.4710723,0.102621272834
0.0670964,0.0670964,0.102621272834
0.1288015,0.1288015,0.102621272834
20.6247985,10.0,0.102621272834
18.8955979,10.0,0.102621272834
1.2175242,1.2175242,0.102621272834
20.9936145,10.0,0.102621272834
20.880066,10.0,0.102621272834
19.8838639,10.0,0.102621272834
20.9999996,10.0,0.102621272834
19.2618762,10.0,0.102621272834
20.771666,10.0,0.102621272834
20.6694656,10.0,0.102621272834
20.8711981,10.0,0.102621272834
20.9997891,10.0,0.102621272834
20.9952306,10.0,0.102621272834
20.9974641,10.0,0.102621272834
19.3198371,10.0,0.102621272834
5.0249865,5.0249865,0.102621272834
18.4001258,10.0,0.102621272834
20.9382945,10.0,0.102621272834
20.9999996,10.0,0.102621272834
-0.3749906,-0.3749906,0.102621272834
-2.1041912,-2.1041912,0.102621272834
-19.7822649,-10.0,0.102621272834
-0.0061746,-0.0061746,0.102621272834
-0.1197231,-0.1197231,0.102621272834
-1.1159252,-1.1159252,0.102621272834
0.000210499999998,0.000210499999998,0.102621272834
-1.7379129,-1.7379129,0.102621272834
-0.2281231,-0.2281231,0.102621272834
-0.3303235,-0.3303235,0.102621272834
-0.128591,-0.128591,0.102621272834
-20.9997891,-10.0,0.102621272834
-0.0045585,-0.0045585,0.102621272834
-0.002325,-0.002325,0.102621272834
-1.679952,-1.679952,0.102621272834
-15.9748026,-10.0,0.102621272834
-2.5996633,-2.5996633,0.102621272834
-0.0614946,-0.0614946,0.102621272834
0.000210499999998,0.000210499999998,0.102621272834
-0.3704321,-0.3704321,0.102621272834
-2.0996327,-2.0996327,0.102621272834
-19.7777064,-10.0,0.102621272834
-0.0016161,-0.0016161,0.102621272834
-0.1151646,-0.1151646,0.102621272834
-1.1113667,-1.1113667,0.102621272834
0.004769,0.004769,0.102621272834
-1.7333544,-1.7333544,0.102621272834
-0.2235646,-0.2235646,0.102621272834
-0.325765,-0.325765,0.102621272834
-0.1240325,-0.1240325,0.102621272834
-20.9952306,-10.0,0.102621272834
0.0045585,0.0045585,0.102621272834
0.0022335,0.0022335,0.102621272834
-1.6753935,-1.6753935,0.102621272834
-15.9702441,-10.0,0.102621272834
-2.5951048,-2.5951048,0.102621272834
-0.0569361,-0.0569361,0.102621272834
0.004769,0.004769,0.102621272834
-0.3726656,-0.3726656,0.102621272834
-2.1018662,-2.1018662,0.102621272834
-19.7799399,-10.0,0.102621272834
-0.0038496,-0.0038496,0.102621272834
-0.1173981,-0.1173981,0.102621272834
-1.1136002,-1.1136002,0.102621272834
0.0025355,0.0025355,0.102621272834
-1.7355879,-1.7355879,0.102621272834
-0.2257981,-0.2257981,0.102621272834
-0.3279985,-0.3279985,0.102621272834
-0.126266,-0.126266,0.102621272834
-20.9974641,-10.0,0.102621272834
0.002325,0.002325,0.102621272834
-0.0022335,-0.0022335,0.102621272834
-1.677627,-1.677627,0.102621272834
-15.9724776,-10.0,0.102621272834
-2.5973383,-2.5973383,0.102621272834
-0.0591696,-0.0591696,0.102621272834
0.0025355,0.0025355,0.102621272834
1.3049614,1.3049614,0.102621272834
-0.4242392,-0.4242392,0.102621272834
-18.1023129,-10.0,0.102621272834
1.6737774,1.6737774,0.102621272834
1.5602289,1.5602289,0.102621272834
0.5640268,0.5640268,0.102621272834
1.6801625,1.6801625,0.102621272834
-0.0579609,-0.0579609,0.102621272834
1.4518289,1.4518289,0.102621272834
1.3496285,1.3496285,0.102621272834
1.551361,1.551361,0.102621272834
-19.3198371,-10.0,0.102621272834
1.679952,1.679952,0.102621272834
1.6753935,1.6753935,0.102621272834
1.677627,1.677627,0.102621272834
-14.2948506,-10.0,0.102621272834
-0.9197113,-0.9197113,0.102621272834
1.6184574,1.6184574,0.102621272834
1.6801625,1.6801625,0.102621272834
15.599812,10.0,0.102621272834
13.8706114,10.0,0.102621272834
-3.8074623,-3.8074623,0.102621272834
15.968628,10.0,0.102621272834
15.8550795,10.0,0.102621272834
14.8588774,10.0,0.102621272834
15.9750131,10.0,0.102621272834
14.2368897,10.0,0.102621272834
15.7466795,10.0,0.102621272834
15.6444791,10.0,0.102621272834
15.8462116,10.0,0.102621272834
-5.0249865,-5.0249865,0.102621272834
15.9748026,10.0,0.102621272834
15.9702441,10.0,0.102621272834
15.9724776,10.0,0.102621272834
14.2948506,10.0,0.102621272834
13.3751393,10.0,0.102621272834
15.913308,10.0,0.102621272834
15.9750131,10.0,0.102621272834
2.2246727,2.2246727,0.102621272834
0.4954721,0.4954721,0.102621272834
-17.1826016,-10.0,0.102621272834
2.5934887,2.5934887,0.102621272834
2.4799402,2.4799402,0.102621272834
1.4837381,1.4837381,0.102621272834
2.5998738,2.5998738,0.102621272834
0.8617504,0.8617504,0.102621272834
2.3715402,2.3715402,0.102621272834
2.2693398,2.2693398,0.102621272834
2.4710723,2.4710723,0.102621272834
-18.4001258,-10.0,0.102621272834
2.5996633,2.5996633,0.102621272834
2.5951048,2.5951048,0.102621272834
2.5973383,2.5973383,0.102621272834
0.9197113,0.9197113,0.102621272834
-13.3751393,-10.0,0.102621272834
2.5381687,2.5381687,0.102621272834
2.5998738,2.5998738,0.102621272834
-0.313496,-0.313496,0.102621272834
-2.0426966,-2.0426966,0.102621272834
-19.7207703,-10.0,0.102621272834
0.05532,0.05532,0.102621272834
-0.0582285,-0.0582285,0.102621272834
-1.0544306,-1.0544306,0.102621272834
0.0617051,0.0617051,0.102621272834
-1.6764183,-1.6764183,0.102621272834
-0.1666285,-0.1666285,0.102621272834
-0.2688289,-0.2688289,0.102621272834
-0.0670964,-0.0670964,0.102621272834
-20.9382945,-10.0,0.102621272834
0.0614946,0.0614946,0.102621272834
0.0569361,0.0569361,0.102621272834
0.0591696,0.0591696,0.102621272834
-1.6184574,-1.6184574,0.102621272834
-15.913308,-10.0,0.102621272834
-2.5381687,-2.5381687,0.102621272834
0.0617051,0.0617051,0.102621272834
-0.3752011,-0.3752011,0.102621272834
-2.1044017,-2.1044017,0.102621272834
-19.7824754,-10.0,0.102621272834
-0.0063851,-0.0063851,0.102621272834
-0.1199336,-0.1199336,0.102621272834
-1.1161357,-1.1161357,0.102621272834
0.0,0.0,0.102621272834
-1.7381234,-1.7381234,0.102621272834
-0.2283336,-0.2283336,0.102621272834
-0.330534,-0.330534,0.102621272834
-0.1288015,-0.1288015,0.102621272834
-20.9999996,-10.0,0.102621272834
-0.000210499999998,-0.000210499999998,0.102621272834
-0.004769,-0.004769,0.102621272834
-0.0025355,-0.0025355,0.102621272834
-1.6801625,-1.6801625,0.102621272834
-15.9750131,-10.0,0.102621272834
-2.5998738,-2.5998738,0.102621272834
-0.0617051,-0.0617051,0.102621272834
15.1484731,10.0,0.304595642697
-3.812628,-3.812628,0.304595642697
-4.2174634,-4.2174634,0.304595642697
13.3740463,10.0,0.304595642697
16.7825351,10.0,0.304595642697
16.3641313,10.0,0.304595642697
16.7601249,10.0,0.304595642697
-0.2819649,-0.2819649,0.304595642697
15.2352635,10.0,0.304595642697
15.7498007,10.0,0.304595642697
16.6026894,10.0,0.304595642697
16.6856114,10.0,0.304595642697
-0.6090548,-0.6090548,0.304595642697
15.45594,10.0,0.304595642697
16.7824532,10.0,0.304595642697
16.4388809,10.0,0.304595642697
15.4376391,10.0,0.304595642697
9.3987232,9.3987232,0.304595642697
16.6416044,10.0,0.304595642697
-15.1484731,-10.0,0.304595642697
-18.9611011,-10.0,0.304595642697
-19.3659365,-10.0,0.304595642697
-1.7744268,-1.7744268,0.304595642697
1.634062,1.634062,0.304595642697
1.2156582,1.2156582,0.304595642697
1.6116518,1.6116518,0.304595642697
-15.430438,-10.0,0.304595642697
0.0867904,0.0867904,0.304595642697
0.6013276,0.6013276,0.304595642697
1.4542163,1.4542163,0.304595642697
1.5371383,1.5371383,0.304595642697
-15.7575279,-10.0,0.304595642697
0.3074669,0.3074669,0.304595642697
1.6339801,1.6339801,0.304595642697
1.2904078,1.2904078,0.304595642697
0.289166,0.289166,0.304595642697
-5.7497499,-5.7497499,0.304595642697
1.4931313,1.4931313,0.304595642697
3.812628,3.812628,0.304595642697
18.9611011,10.0,0.304595642697
-0.4048354,-0.4048354,0.304595642697
17.1866743,10.0,0.304595642697
20.5951631,10.0,0.304595642697
20.1767593,10.0,0.304595642697
20.5727529,10.0,0.304595642697
3.5306631,3.5306631,0.304595642697
19.0478915,10.0,0.304595642697
19.5624287,10.0,0.304595642697
20.4153174,10.0,0.304595642697
20.4982394,10.0,0.304595642697
3.2035732,3.2035732,0.304595642697
19.268568,10.0,0.304595642697
20.5950812,10.0,0.304595642697
20.2515089,10.0,0.304595642697
19.2502671,10.0,0.304595642697
13.2113512,10.0,0.304595642697
20.4542324,10.0,0.304595642697
4.2174634,4.2174634,0.304595642697
19.3659365,10.0,0.304595642697
0.4048354,0.4048354,0.304595642697
17.5915097,10.0,0.304595642697
20.9999985,10.0,0.304595642697
20.5815947,10.0,0.304595642697
20.9775883,10.0,0.304595642697
3.9354985,3.9354985,0.304595642697
19.4527269,10.0,0.304595642697
19.9672641,10.0,0.304595642697
20.8201528,10.0,0.304595642697
20.9030748,10.0,0.304595642697
3.6084086,3.6084086,0.304595642697
19.6734034,10.0,0.304595642697
20.9999166,10.0,0.304595642697
20.6563443,10.0,0.304595642697
19.6551025,10.0,0.304595642697
13.6161866,10.0,0.304595642697
20.8590678,10.0,0.304595642697
-13.3740463,-10.0,0.304595642697
1.7744268,1.7744268,0.304595642697
-17.1866743,-10.0,0.304595642697
-17.5915097,-10.0,0.304595642697
3.4084888,3.4084888,0.304595642697
2.990085,2.990085,0.304595642697
3.3860786,3.3860786,0.304595642697
-13.6560112,-10.0,0.304595642697
1.8612172,1.8612172,0.304595642697
2.3757544,2.3757544,0.304595642697
3.2286431,3.2286431,0.304595642697
3.3115651,3.3115651,0.304595642697
-13.9831011,-10.0,0.304595642697
2.0818937,2.0818937,0.304595642697
3.4084069,3.4084069,0.304595642697
3.0648346,3.0648346,0.304595642697
2.0635928,2.0635928,0.304595642697
-3.9753231,-3.9753231,0.304595642697
3.2675581,3.2675581,0.304595642697
-16.7825351,-10.0,0.304595642697
-1.634062,-1.634062,0.304595642697
-20.5951631,-10.0,0.304595642697
-20.9999985,-10.0,0.304595642697
-3.4084888,-3.4084888,0.304595642697
-0.4184038,-0.4184038,0.304595642697
-0.0224102,-0.0224102,0.304595642697
-17.0645,-10.0,0.304595642697
-1.5472716,-1.5472716,0.304595642697
-1.0327344,-1.0327344,0.304595642697
-0.1798457,-0.1798457,0.304595642697
-0.0969237,-0.0969237,0.304595642697
-17.3915899,-10.0,0.304595642697
-1.3265951,-1.3265951,0.304595642697
-8.19000000014e-05,-8.19000000014e-05,0.304595642697
-0.3436542,-0.3436542,0.304595642697
-1.344896,-1.344896,0.304595642697
-7.3838119,-7.3838119,0.304595642697
-0.1409307,-0.1409307,0.304595642697
-16.3641313,-10.0,0.304595642697
-1.2156582,-1.2156582,0.304595642697
-20.1767593,-10.0,0.304595642697
-20.5815947,-10.0,0.304595642697
-2.990085,-2.990085,0.304595642697
0.4184038,0.4184038,0.304595642697
0.3959936,0.3959936,0.304595642697
-16.6460962,-10.0,0.304595642697
-1.1288678,-1.1288678,0.304595642697
-0.6143306,-0.6143306,0.304595642697
0.2385581,0.2385581,0.304595642697
0.3214801,0.3214801,0.304595642697
-16.9731861,-10.0,0.304595642697
-0.9081913,-0.9081913,0.304595642697
0.4183219,0.4183219,0.304595642697
0.0747496,0.0747496,0.304595642697
-0.9264922,-0.9264922,0.304595642697
-6.9654081,-6.9654081,0.304595642697
0.2774731,0.2774731,0.304595642697
-16.7601249,-10.0,0.304595642697
-1.6116518,-1.6116518,0.304595642697
-20.5727529,-10.0,0.304595642697
-20.9775883,-10.0,0.304595642697
-3.3860786,-3.3860786,0.304595642697
0.0224102,0.0224102,0.304595642697
-0.3959936,-0.3959936,0.304595642697
-17.0420898,-10.0,0.304595642697
-1.5248614,-1.5248614,0.304595642697
-1.0103242,-1.0103242,0.304595642697
-0.1574355,-0.1574355,0.304595642697
-0.0745135,-0.0745135,0.304595642697
-17.3691797,-10.0,0.304595642697
-1.3041849,-1.3041849,0.304595642697
0.0223283,0.0223283,0.304595642697
-0.321244,-0.321244,0.304595642697
-1.3224858,-1.3224858,0.304595642697
-7.3614017,-7.3614017,0.304595642697
-0.1185205,-0.1185205,0.304595642697
0.2819649,0.2819649,0.304595642697
15.430438,10.0,0.304595642697
-3.5306631,-3.5306631,0.304595642697
-3.9354985,-3.9354985,0.304595642697
13.6560112,10.0,0.304595642697
17.0645,10.0,0.304595642697
16.6460962,10.0,0.304595642697
17.0420898,10.0,0.304595642697
15.5172284,10.0,0.304595642697
16.0317656,10.0,0.304595642697
16.8846543,10.0,0.304595642697
16.9675763,10.0,0.304595642697
-0.3270899,-0.3270899,0.304595642697
15.7379049,10.0,0.304595642697
17.0644181,10.0,0.304595642697
16.7208458,10.0,0.304595642697
15.719604,10.0,0.304595642697
9.6806881,9.6806881,0.304595642697
16.9235693,10.0,0.304595642697
-15.2352635,-10.0,0.304595642697
-0.0867904,-0.0867904,0.304595642697
-19.0478915,-10.0,0.304595642697
-19.4527269,-10.0,0.304595642697
-1.8612172,-1.8612172,0.304595642697
1.5472716,1.5472716,0.304595642697
1.1288678,1.1288678,0.304595642697
1.5248614,1.5248614,0.304595642697
-15.5172284,-10.0,0.304595642697
0.5145372,0.5145372,0.304595642697
1.3674259,1.3674259,0.304595642697
1.4503479,1.4503479,0.304595642697
-15.8443183,-10.0,0.304595642697
0.2206765,0.2206765,0.304595642697
1.5471897,1.5471897,0.304595642697
1.2036174,1.2036174,0.304595642697
0.2023756,0.2023756,0.304595642697
-5.8365403,-5.8365403,0.304595642697
1.4063409,1.4063409,0.304595642697
-15.7498007,-10.0,0.304595642697
-0.6013276,-0.6013276,0.304595642697
-19.5624287,-10.0,0.304595642697
-19.9672641,-10.0,0.304595642697
-2.3757544,-2.3757544,0.304595642697
1.0327344,1.0327344,0.304595642697
0.6143306,0.6143306,0.304595642697
1.0103242,1.0103242,0.304595642697
-16.0317656,-10.0,0.304595642697
-0.5145372,-0.5145372,0.304595642697
0.8528887,0.8528887,0.304595642697
0.9358107,0.9358107,0.304595642697
-16.3588555,-10.0,0.304595642697
-0.2938607,-0.2938607,0.304595642697
1.0326525,1.0326525,0.304595642697
0.6890802,0.6890802,0.304595642697
-0.3121616,-0.3121616,0.304595642697
-6.3510775,-6.3510775,0.304595642697
0.8918037,0.8918037,0.304595642697
-16.6026894,-10.0,0.304595642697
-1.4542163,-1.4542163,0.304595642697
-20.4153174,-10.0,0.304595642697
-20.8201528,-10.0,0.304595642697
-3.2286431,-3.2286431,0.304595642697
0.1798457,0.1798457,0.304595642697
-0.2385581,-0.2385581,0.304595642697
0.1574355,0.1574355,0.304595642697
-16.8846543,-10.0,0.304595642697
-1.3674259,-1.3674259,0.304595642697
-0.8528887,-0.8528887,0.304595642697
0.082922,0.082922,0.304595642697
-17.2117442,-10.0,0.304595642697
-1.1467494,-1.1467494,0.304595642697
0.1797638,0.1797638,0.304595642697
-0.1638085,-0.1638085,0.304595642697
-1.1650503,-1.1650503,0.304595642697
-7.2039662,-7.2039662,0.304595642697
0.038915,0.038915,0.304595642697
-16.6856114,-10.0,0.304595642697
-1.5371383,-1.5371383,0.304595642697
-20.4982394,-10.0,0.304595642697
-20.9030748,-10.0,0.304595642697
-3.3115651,-3.3115651,0.304595642697
0.0969237,0.0969237,0.304595642697
-0.3214801,-0.3214801,0.304595642697
0.0745135,0.0745135,0.304595642697
-16.9675763,-10.0,0.304595642697
-1.4503479,-1.4503479,0.304595642697
-0.9358107,-0.9358107,0.304595642697
-0.082922,-0.082922,0.304595642697
-17.2946662,-10.0,0.304595642697
-1.2296714,-1.2296714,0.304595642697
0.0968418,0.0968418,0.304595642697
-0.2467305,-0.2467305,0.304595642697
-1.2479723,-1.2479723,0.304595642697
-7.2868882,-7.2868882,0.304595642697
-0.044007,-0.044007,0.304595642697
0.6090548,0.6090548,0.304595642697
15.7575279,10.0,0.304595642697
-3.2035732,-3.2035732,0.304595642697
-3.6084086,-3.6084086,0.304595642697
13.9831011,10.0,0.304595642697
17.3915899,10.0,0.304595642697
16.9731861,10.0,0.304595642697
17.3691797,10.0,0.304595642697
0.3270899,0.3270899,0.304595642697
15.8443183,10.0,0.304595642697
16.3588555,10.0,0.304595642697
17.2117442,10.0,0.304595642697
17.2946662,10.0,0.304595642697
16.0649948,10.0,0.304595642697
17.391508,10.0,0.304595642697
17.0479357,10.0,0.304595642697
16.0466939,10.0,0.304595642697
10.007778,10.0,0.304595642697
17.2506592,10.0,0.304595642697
-15.45594,-10.0,0.304595642697
-0.3074669,-0.3074669,0.304595642697
-19.268568,-10.0,0.304595642697
-19.6734034,-10.0,0.304595642697
-2.0818937,-2.0818937,0.304595642697
1.3265951,1.3265951,0.304595642697
0.9081913,0.9081913,0.304595642697
1.3041849,1.3041849,0.304595642697
-15.7379049,-10.0,0.304595642697
-0.2206765,-0.2206765,0.304595642697
0.2938607,0.2938607,0.304595642697
1.1467494,1.1467494,0.304595642697
1.2296714,1.2296714,0.304595642697
-16.0649948,-10.0,0.304595642697
1.3265132,1.3265132,0.304595642697
0.9829409,0.9829409,0.304595642697
-0.0183009,-0.0183009,0.304595642697
-6.0572168,-6.0572168,0.304595642697
1.1856644,1.1856644,0.304595642697
-16.7824532,-10.0,0.304595642697
-1.6339801,-1.6339801,0.304595642697
-20.5950812,-10.0,0.304595642697
-20.9999166,-10.0,0.304595642697
-3.4084069,-3.4084069,0.304595642697
8.19000000014e-05,8.19000000014e-05,0.304595642697
-0.4183219,-0.4183219,0.304595642697
-0.0223283,-0.0223283,0.304595642697
-17.0644181,-10.0,0.304595642697
-1.5471897,-1.5471897,0.304595642697
-1.0326525,-1.0326525,0.304595642697
-0.1797638,-0.1797638,0.304595642697
-0.0968418,-0.0968418,0.304595642697
-17.391508,-10.0,0.304595642697
-1.3265132,-1.3265132,0.304595642697
-0.3435723,-0.3435723,0.304595642697
-1.3448141,-1.3448141,0.304595642697
-7.38373,-7.38373,0.304595642697
-0.1408488,-0.1408488,0.304595642697
-16.4388809,-10.0,0.304595642697
-1.2904078,-1.2904078,0.304595642697
-20.2515089,-10.0,0.304595642697
-20.6563443,-10.0,0.304595642697
-3.0648346,-3.0648346,0.304595642697
0.3436542,0.3436542,0.304595642697
-0.0747496,-0.0747496,0.304595642697
0.321244,0.321244,0.304595642697
-16.7208458,-10.0,0.304595642697
-1.2036174,-1.2036174,0.304595642697
-0.6890802,-0.6890802,0.304595642697
0.1638085,0.1638085,0.304595642697
0.2467305,0.2467305,0.304595642697
-17.0479357,-10.0,0.304595642697
-0.9829409,-0.9829409,0.304595642697
0.3435723,0.3435723,0.304595642697
-1.0012418,-1.0012418,0.304595642697
-7.0401577,-7.0401577,0.304595642697
0.2027235,0.2027235,0.304595642697
-15.4376391,-10.0,0.304595642697
-0.289166,-0.289166,0.304595642697
-19.2502671,-10.0,0.304595642697
-19.6551025,-10.0,0.304595642697
-2.0635928,-2.0635928,0.304595642697
1.344896,1.344896,0.304595642697
0.9264922,0.9264922,0.304595642697
1.3224858,1.3224858,0.304595642697
-15.719604,-10.0,0.304595642697
-0.2023756,-0.2023756,0.304595642697
0.3121616,0.3121616,0.304595642697
1.1650503,1.1650503,0.304595642697
1.2479723,1.2479723,0.304595642697
-16.0466939,-10.0,0.304595642697
0.0183009,0.0183009,0.304595642697
1.3448141,1.3448141,0.304595642697
1.0012418,1.0012418,0.304595642697
-6.0389159,-6.0389159,0.304595642697
1.2039653,1.2039653,0.304595642697
-9.3987232,-9.3987232,0.304595642697
5.7497499,5.7497499,0.304595642697
-13.2113512,-10.0,0.304595642697
-13.6161866,-10.0,0.304595642697
3.9753231,3.9753231,0.304595642697
7.3838119,7.3838119,0.304595642697
6.9654081,6.9654081,0.304595642697
7.3614017,7.3614017,0.304595642697
-9.6806881,-9.6806881,0.304595642697
5.8365403,5.8365403,0.304595642697
6.3510775,6.3510775,0.304595642697
7.2039662,7.2039662,0.304595642697
7.2868882,7.2868882,0.304595642697
-10.007778,-10.0,0.304595642697
6.0572168,6.0572168,0.304595642697
7.38373,7.38373,0.304595642697
7.0401577,7.0401577,0.304595642697
6.0389159,6.0389159,0.304595642697
7.2428812,7.2428812,0.304595642697
-16.6416044,-10.0,0.304595642697
-1.4931313,-1.4931313,0.304595642697
-20.4542324,-10.0,0.304595642697
-20.8590678,-10.0,0.304595642697
-3.2675581,-3.2675581,0.304595642697
0.1409307,0.1409307,0.304595642697
-0.2774731,-0.2774731,0.304595642697
0.1185205,0.1185205,0.304595642697
-16.9235693,-10.0,0.304595642697
-1.4063409,-1.4063409,0.304595642697
-0.8918037,-0.8918037,0.304595642697
-0.038915,-0.038915,0.304595642697
0.044007,0.044007,0.304595642697
-17.2506592,-10.0,0.304595642697
-1.1856644,-1.1856644,0.304595642697
0.1408488,0.1408488,0.304595642697
-0.2027235,-0.2027235,0.304595642697
-1.2039653,-1.2039653,0.304595642697
-7.2428812,-7.2428812,0.304595642697
16.8089342,10.0,0.490643306416
-1.0145709,-1.0145709,0.490643306416
-0.0795663,-0.0795663,0.490643306416
7.2951113,7.2951113,0.490643306416
18.3538237,10.0,0.490643306416
-2.6461763,-2.6461763,0.490643306416
0.7343895,0.7343895,0.490643306416
-2.0105604,-2.0105604,0.490643306416
17.5664721,10.0,0.490643306416
13.5791647,10.0,0.490643306416
-1.7087401,-1.7087401,0.490643306416
14.4028101,10.0,0.490643306416
-0.9503476,-0.9503476,0.490643306416
1.2288681,1.2288681,0.490643306416
0.4529154,0.4529154,0.490643306416
18.3332844,10.0,0.490643306416
-0.085248,-0.085248,0.490643306416
17.0896763,10.0,0.490643306416
1.1679708,1.1679708,0.490643306416
-16.8089342,-10.0,0.490643306416
-17.8235051,-10.0,0.490643306416
-16.8885005,-10.0,0.490643306416
-9.5138229,-9.5138229,0.490643306416
1.5448895,1.5448895,0.490643306416
-19.4551105,-10.0,0.490643306416
-16.0745447,-10.0,0.490643306416
-18.8194946,-10.0,0.490643306416
0.7575379,0.7575379,0.490643306416
-3.2297695,-3.2297695,0.490643306416
-18.5176743,-10.0,0.490643306416
-2.4061241,-2.4061241,0.490643306416
-17.7592818,-10.0,0.490643306416
-15.5800661,-10.0,0.490643306416
-16.3560188,-10.0,0.490643306416
1.5243502,1.5243502,0.490643306416
-16.8941822,-10.0,0.490643306416
0.2807421,0.2807421,0.490643306416
-15.6409634,-10.0,0.490643306416
1.0145709,1.0145709,0.490643306416
17.8235051,10.0,0.490643306416
0.9350046,0.9350046,0.490643306416
8.3096822,8.3096822,0.490643306416
19.3683946,10.0,0.490643306416
-1.6316054,-1.6316054,0.490643306416
1.7489604,1.7489604,0.490643306416
-0.9959895,-0.9959895,0.490643306416
18.581043,10.0,0.490643306416
14.5937356,10.0,0.490643306416
-0.6941692,-0.6941692,0.490643306416
15.417381,10.0,0.490643306416
0.0642233,0.0642233,0.490643306416
2.243439,2.243439,0.490643306416
1.4674863,1.4674863,0.490643306416
19.3478553,10.0,0.490643306416
0.9293229,0.9293229,0.490643306416
18.1042472,10.0,0.490643306416
2.1825417,2.1825417,0.490643306416
0.0795663,0.0795663,0.490643306416
16.8885005,10.0,0.490643306416
-0.9350046,-0.9350046,0.490643306416
7.3746776,7.3746776,0.490643306416
18.43339,10.0,0.490643306416
-2.56661,-2.56661,0.490643306416
0.8139558,0.8139558,0.490643306416
-1.9309941,-1.9309941,0.490643306416
17.6460384,10.0,0.490643306416
13.658731,10.0,0.490643306416
-1.6291738,-1.6291738,0.490643306416
14.4823764,10.0,0.490643306416
-0.8707813,-0.8707813,0.490643306416
1.3084344,1.3084344,0.490643306416
0.5324817,0.5324817,0.490643306416
18.4128507,10.0,0.490643306416
-0.0056817,-0.0056817,0.490643306416
17.1692426,10.0,0.490643306416
1.2475371,1.2475371,0.490643306416
-7.2951113,-7.2951113,0.490643306416
9.5138229,9.5138229,0.490643306416
-8.3096822,-8.3096822,0.490643306416
-7.3746776,-7.3746776,0.490643306416
11.0587124,10.0,0.490643306416
-9.9412876,-9.9412876,0.490643306416
-6.5607218,-6.5607218,0.490643306416
-9.3056717,-9.3056717,0.490643306416
10.2713608,10.0,0.490643306416
6.2840534,6.2840534,0.490643306416
-9.0038514,-9.0038514,0.490643306416
7.1076988,7.1076988,0.490643306416
-8.2454589,-8.2454589,0.490643306416
-6.0662432,-6.0662432,0.490643306416
-6.8421959,-6.8421959,0.490643306416
11.0381731,10.0,0.490643306416
-7.3803593,-7.3803593,0.490643306416
9.794565,9.794565,0.490643306416
-6.1271405,-6.1271405,0.490643306416
-18.3538237,-10.0,0.490643306416
-1.5448895,-1.5448895,0.490643306416
-19.3683946,-10.0,0.490643306416
-18.43339,-10.0,0.490643306416
-11.0587124,-10.0,0.490643306416
-21.0,-10.0,0.490643306416
-17.6194342,-10.0,0.490643306416
-20.3643841,-10.0,0.490643306416
-0.7873516,-0.7873516,0.490643306416
-4.774659,-4.774659,0.490643306416
-20.0625638,-10.0,0.490643306416
-3.9510136,-3.9510136,0.490643306416
-19.3041713,-10.0,0.490643306416
-17.1249556,-10.0,0.490643306416
-17.9009083,-10.0,0.490643306416
-0.0205393,-0.0205393,0.490643306416
-18.4390717,-10.0,0.490643306416
-1.2641474,-1.2641474,0.490643306416
-17.1858529,-10.0,0.490643306416
2.6461763,2.6461763,0.490643306416
19.4551105,10.0,0.490643306416
1.6316054,1.6316054,0.490643306416
2.56661,2.56661,0.490643306416
9.9412876,9.9412876,0.490643306416
21.0,10.0,0.490643306416
3.3805658,3.3805658,0.490643306416
0.6356159,0.6356159,0.490643306416
20.2126484,10.0,0.490643306416
16.225341,10.0,0.490643306416
0.9374362,0.9374362,0.490643306416
17.0489864,10.0,0.490643306416
1.6958287,1.6958287,0.490643306416
3.8750444,3.8750444,0.490643306416
3.0990917,3.0990917,0.490643306416
20.9794607,10.0,0.490643306416
2.5609283,2.5609283,0.490643306416
19.7358526,10.0,0.490643306416
3.8141471,3.8141471,0.490643306416
-0.7343895,-0.7343895,0.490643306416
16.0745447,10.0,0.490643306416
-1.7489604,-1.7489604,0.490643306416
-0.8139558,-0.8139558,0.490643306416
6.5607218,6.5607218,0.490643306416
17.6194342,10.0,0.490643306416
-3.3805658,-3.3805658,0.490643306416
-2.7449499,-2.7449499,0.490643306416
16.8320826,10.0,0.490643306416
12.8447752,10.0,0.490643306416
-2.4431296,-2.4431296,0.490643306416
13.6684206,10.0,0.490643306416
-1.6847371,-1.6847371,0.490643306416
0.4944786,0.4944786,0.490643306416
-0.2814741,-0.2814741,0.490643306416
17.5988949,10.0,0.490643306416
-0.8196375,-0.8196375,0.490643306416
16.3552868,10.0,0.490643306416
0.4335813,0.4335813,0.490643306416
2.0105604,2.0105604,0.490643306416
18.8194946,10.0,0.490643306416
0.9959895,0.9959895,0.490643306416
1.9309941,1.9309941,0.490643306416
9.3056717,9.3056717,0.490643306416
20.3643841,10.0,0.490643306416
-0.6356159,-0.6356159,0.490643306416
2.7449499,2.7449499,0.490643306416
19.5770325,10.0,0.490643306416
15.5897251,10.0,0.490643306416
0.3018203,0.3018203,0.490643306416
16.4133705,10.0,0.490643306416
1.0602128,1.0602128,0.490643306416
3.2394285,3.2394285,0.490643306416
2.4634758,2.4634758,0.490643306416
20.3438448,10.0,0.490643306416
1.9253124,1.9253124,0.490643306416
19.1002367,10.0,0.490643306416
3.1785312,3.1785312,0.490643306416
-17.5664721,-10.0,0.490643306416
-0.7575379,-0.7575379,0.490643306416
-18.581043,-10.0,0.490643306416
-17.6460384,-10.0,0.490643306416
-10.2713608,-10.0,0.490643306416
0.7873516,0.7873516,0.490643306416
-20.2126484,-10.0,0.490643306416
-16.8320826,-10.0,0.490643306416
-19.5770325,-10.0,0.490643306416
-3.9873074,-3.9873074,0.490643306416
-19.2752122,-10.0,0.490643306416
-3.163662,-3.163662,0.490643306416
-18.5168197,-10.0,0.490643306416
-16.337604,-10.0,0.490643306416
-17.1135567,-10.0,0.490643306416
0.7668123,0.7668123,0.490643306416
-17.6517201,-10.0,0.490643306416
-0.4767958,-0.4767958,0.490643306416
-16.3985013,-10.0,0.490643306416
-13.5791647,-10.0,0.490643306416
3.2297695,3.2297695,0.490643306416
-14.5937356,-10.0,0.490643306416
-13.658731,-10.0,0.490643306416
-6.2840534,-6.2840534,0.490643306416
4.774659,4.774659,0.490643306416
-16.225341,-10.0,0.490643306416
-12.8447752,-10.0,0.490643306416
-15.5897251,-10.0,0.490643306416
3.9873074,3.9873074,0.490643306416
-15.2879048,-10.0,0.490643306416
0.8236454,0.8236454,0.490643306416
-14.5295123,-10.0,0.490643306416
-12.3502966,-10.0,0.490643306416
-13.1262493,-10.0,0.490643306416
4.7541197,4.7541197,0.490643306416
-13.6644127,-10.0,0.490643306416
3.5105116,3.5105116,0.490643306416
-12.4111939,-10.0,0.490643306416
1.7087401,1.7087401,0.490643306416
18.5176743,10.0,0.490643306416
0.6941692,0.6941692,0.490643306416
1.6291738,1.6291738,0.490643306416
9.0038514,9.0038514,0.490643306416
20.0625638,10.0,0.490643306416
-0.9374362,-0.9374362,0.490643306416
2.4431296,2.4431296,0.490643306416
-0.3018203,-0.3018203,0.490643306416
19.2752122,10.0,0.490643306416
15.2879048,10.0,0.490643306416
16.1115502,10.0,0.490643306416
0.7583925,0.7583925,0.490643306416
2.9376082,2.9376082,0.490643306416
2.1616555,2.1616555,0.490643306416
20.0420245,10.0,0.490643306416
1.6234921,1.6234921,0.490643306416
18.7984164,10.0,0.490643306416
2.8767109,2.8767109,0.490643306416
-14.4028101,-10.0,0.490643306416
2.4061241,2.4061241,0.490643306416
-15.417381,-10.0,0.490643306416
-14.4823764,-10.0,0.490643306416
-7.1076988,-7.1076988,0.490643306416
3.9510136,3.9510136,0.490643306416
-17.0489864,-10.0,0.490643306416
-13.6684206,-10.0,0.490643306416
-16.4133705,-10.0,0.490643306416
3.163662,3.163662,0.490643306416
-0.8236454,-0.8236454,0.490643306416
-16.1115502,-10.0,0.490643306416
-15.3531577,-10.0,0.490643306416
-13.173942,-10.0,0.490643306416
-13.9498947,-10.0,0.490643306416
3.9304743,3.9304743,0.490643306416
-14.4880581,-10.0,0.490643306416
2.6868662,2.6868662,0.490643306416
-13.2348393,-10.0,0.490643306416
0.9503476,0.9503476,0.490643306416
17.7592818,10.0,0.490643306416
-0.0642233,-0.0642233,0.490643306416
0.8707813,0.8707813,0.490643306416
8.2454589,8.2454589,0.490643306416
19.3041713,10.0,0.490643306416
-1.6958287,-1.6958287,0.490643306416
1.6847371,1.6847371,0.490643306416
-1.0602128,-1.0602128,0.490643306416
18.5168197,10.0,0.490643306416
14.5295123,10.0,0.490643306416
-0.7583925,-0.7583925,0.490643306416
15.3531577,10.0,0.490643306416
2.1792157,2.1792157,0.490643306416
1.403263,1.403263,0.490643306416
19.283632,10.0,0.490643306416
0.8650996,0.8650996,0.490643306416
18.0400239,10.0,0.490643306416
2.1183184,2.1183184,0.490643306416
-1.2288681,-1.2288681,0.490643306416
15.5800661,10.0,0.490643306416
-2.243439,-2.243439,0.490643306416
-1.3084344,-1.3084344,0.490643306416
6.0662432,6.0662432,0.490643306416
17.1249556,10.0,0.490643306416
-3.8750444,-3.8750444,0.490643306416
-0.4944786,-0.4944786,0.490643306416
-3.2394285,-3.2394285,0.490643306416
16.337604,10.0,0.490643306416
12.3502966,10.0,0.490643306416
-2.9376082,-2.9376082,0.490643306416
13.173942,10.0,0.490643306416
-2.1792157,-2.1792157,0.490643306416
-0.7759527,-0.7759527,0.490643306416
17.1044163,10.0,0.490643306416
-1.3141161,-1.3141161,0.490643306416
15.8608082,10.0,0.490643306416
-0.0608973,-0.0608973,0.490643306416
-0.4529154,-0.4529154,0.490643306416
16.3560188,10.0,0.490643306416
-1.4674863,-1.4674863,0.490643306416
-0.5324817,-0.5324817,0.490643306416
6.8421959,6.8421959,0.490643306416
17.9009083,10.0,0.490643306416
-3.0990917,-3.0990917,0.490643306416
0.2814741,0.2814741,0.490643306416
-2.4634758,-2.4634758,0.490643306416
17.1135567,10.0,0.490643306416
13.1262493,10.0,0.490643306416
-2.1616555,-2.1616555,0.490643306416
13.9498947,10.0,0.490643306416
-1.403263,-1.403263,0.490643306416
0.7759527,0.7759527,0.490643306416
17.880369,10.0,0.490643306416
-0.5381634,-0.5381634,0.490643306416
16.6367609,10.0,0.490643306416
0.7150554,0.7150554,0.490643306416
-18.3332844,-10.0,0.490643306416
-1.5243502,-1.5243502,0.490643306416
-19.3478553,-10.0,0.490643306416
-18.4128507,-10.0,0.490643306416
-11.0381731,-10.0,0.490643306416
0.0205393,0.0205393,0.490643306416
-20.9794607,-10.0,0.490643306416
-17.5988949,-10.0,0.490643306416
-20.3438448,-10.0,0.490643306416
-0.7668123,-0.7668123,0.490643306416
-4.7541197,-4.7541197,0.490643306416
-20.0420245,-10.0,0.490643306416
-3.9304743,-3.9304743,0.490643306416
-19.283632,-10.0,0.490643306416
-17.1044163,-10.0,0.490643306416
-17.880369,-10.0,0.490643306416
-18.4185324,-10.0,0.490643306416
-1.2436081,-1.2436081,0.490643306416
-17.1653136,-10.0,0.490643306416
0.085248,0.085248,0.490643306416
16.8941822,10.0,0.490643306416
-0.9293229,-0.9293229,0.490643306416
0.0056817,0.0056817,0.490643306416
7.3803593,7.3803593,0.490643306416
18.4390717,10.0,0.490643306416
-2.5609283,-2.5609283,0.490643306416
0.8196375,0.8196375,0.490643306416
-1.9253124,-1.9253124,0.490643306416
17.6517201,10.0,0.490643306416
13.6644127,10.0,0.490643306416
-1.6234921,-1.6234921,0.490643306416
14.4880581,10.0,0.490643306416
-0.8650996,-0.8650996,0.490643306416
1.3141161,1.3141161,0.490643306416
0.5381634,0.5381634,0.490643306416
18.4185324,10.0,0.490643306416
17.1749243,10.0,0.490643306416
1.2532188,1.2532188,0.490643306416
-17.0896763,-10.0,0.490643306416
-0.2807421,-0.2807421,0.490643306416
-18.1042472,-10.0,0.490643306416
-17.1692426,-10.0,0.490643306416
-9.794565,-9.794565,0.490643306416
1.2641474,1.2641474,0.490643306416
-19.7358526,-10.0,0.490643306416
-16.3552868,-10.0,0.490643306416
-19.1002367,-10.0,0.490643306416
0.4767958,0.4767958,0.490643306416
-3.5105116,-3.5105116,0.490643306416
-18.7984164,-10.0,0.490643306416
-2.6868662,-2.6868662,0.490643306416
-18.0400239,-10.0,0.490643306416
-15.8608082,-10.0,0.490643306416
-16.6367609,-10.0,0.490643306416
1.2436081,1.2436081,0.490643306416
-17.1749243,-10.0,0.490643306416
-15.9217055,-10.0,0.490643306416
-1.1679708,-1.1679708,0.490643306416
15.6409634,10.0,0.490643306416
-2.1825417,-2.1825417,0.490643306416
-1.2475371,-1.2475371,0.490643306416
6.1271405,6.1271405,0.490643306416
17.1858529,10.0,0.490643306416
-3.8141471,-3.8141471,0.490643306416
-0.4335813,-0.4335813,0.490643306416
-3.1785312,-3.1785312,0.490643306416
16.3985013,10.0,0.490643306416
12.4111939,10.0,0.490643306416
-2.8767109,-2.8767109,0.490643306416
13.2348393,10.0,0.490643306416
-2.1183184,-2.1183184,0.490643306416
0.0608973,0.0608973,0.490643306416
-0.7150554,-0.7150554,0.490643306416
17.1653136,10.0,0.490643306416
-1.2532188,-1.2532188,0.490643306416
15.9217055,10.0,0.490643306416
1.8403362,1.8403362,0.147504775932
19.2643771,10.0,0.147504775932
19.2838057,10.0,0.147504775932
17.1630415,10.0,0.147504775932
-1.7161929,-1.7161929,0.147504775932
14.7617157,10.0,0.147504775932
19.2831375,10.0,0.147504775932
18.6275453,10.0,0.147504775932
18.9514193,10.0,0.147504775932
19.2113238,10.0,0.147504775932
17.3835784,10.0,0.147504775932
18.042862,10.0,0.147504775932
17.5574675,10.0,0.147504775932
7.5301377,7.5301377,0.147504775932
2.71543,2.71543,0.147504775932
19.2386044,10.0,0.147504775932
18.971124,10.0,0.147504775932
5.1890099,5.1890099,0.147504775932
14.3654101,10.0,0.147504775932
-1.8403362,-1.8403362,0.147504775932
17.4240409,10.0,0.147504775932
17.4434695,10.0,0.147504775932
15.3227053,10.0,0.147504775932
-3.5565291,-3.5565291,0.147504775932
12.9213795,10.0,0.147504775932
17.4428013,10.0,0.147504775932
16.7872091,10.0,0.147504775932
17.1110831,10.0,0.147504775932
17.3709876,10.0,0.147504775932
15.5432422,10.0,0.147504775932
16.2025258,10.0,0.147504775932
15.7171313,10.0,0.147504775932
5.6898015,5.6898015,0.147504775932
0.8750938,0.8750938,0.147504775932
17.3982682,10.0,0.147504775932
17.1307878,10.0,0.147504775932
3.3486737,3.3486737,0.147504775932
12.5250739,10.0,0.147504775932
-19.2643771,-10.0,0.147504775932
-17.4240409,-10.0,0.147504775932
0.0194286,0.0194286,0.147504775932
-2.1013356,-2.1013356,0.147504775932
-20.98057,-10.0,0.147504775932
-4.5026614,-4.5026614,0.147504775932
0.0187604,0.0187604,0.147504775932
-0.6368318,-0.6368318,0.147504775932
-0.3129578,-0.3129578,0.147504775932
-0.0530533,-0.0530533,0.147504775932
-1.8807987,-1.8807987,0.147504775932
-1.2215151,-1.2215151,0.147504775932
-1.7069096,-1.7069096,0.147504775932
-11.7342394,-10.0,0.147504775932
-16.5489471,-10.0,0.147504775932
-0.0257727,-0.0257727,0.147504775932
-0.2932531,-0.2932531,0.147504775932
-14.0753672,-10.0,0.147504775932
-4.898967,-4.898967,0.147504775932
-19.2838057,-10.0,0.147504775932
-17.4434695,-10.0,0.147504775932
-0.0194286,-0.0194286,0.147504775932
-2.1207642,-2.1207642,0.147504775932
-20.9999986,-10.0,0.147504775932
-4.52209,-4.52209,0.147504775932
-0.0006682,-0.0006682,0.147504775932
-0.6562604,-0.6562604,0.147504775932
-0.3323864,-0.3323864,0.147504775932
-0.0724819,-0.0724819,0.147504775932
-1.9002273,-1.9002273,0.147504775932
-1.2409437,-1.2409437,0.147504775932
-1.7263382,-1.7263382,0.147504775932
-11.753668,-10.0,0.147504775932
-16.5683757,-10.0,0.147504775932
-0.0452013,-0.0452013,0.147504775932
-0.3126817,-0.3126817,0.147504775932
-14.0947958,-10.0,0.147504775932
-4.9183956,-4.9183956,0.147504775932
-17.1630415,-10.0,0.147504775932
-15.3227053,-10.0,0.147504775932
2.1013356,2.1013356,0.147504775932
2.1207642,2.1207642,0.147504775932
-18.8792344,-10.0,0.147504775932
-2.4013258,-2.4013258,0.147504775932
2.120096,2.120096,0.147504775932
1.4645038,1.4645038,0.147504775932
1.7883778,1.7883778,0.147504775932
2.0482823,2.0482823,0.147504775932
0.2205369,0.2205369,0.147504775932
0.8798205,0.8798205,0.147504775932
0.394426,0.394426,0.147504775932
-9.6329038,-9.6329038,0.147504775932
-14.4476115,-10.0,0.147504775932
2.0755629,2.0755629,0.147504775932
1.8080825,1.8080825,0.147504775932
-11.9740316,-10.0,0.147504775932
-2.7976314,-2.7976314,0.147504775932
1.7161929,1.7161929,0.147504775932
3.5565291,3.5565291,0.147504775932
20.98057,10.0,0.147504775932
20.9999986,10.0,0.147504775932
18.8792344,10.0,0.147504775932
16.4779086,10.0,0.147504775932
20.9993304,10.0,0.147504775932
20.3437382,10.0,0.147504775932
20.6676122,10.0,0.147504775932
20.9275167,10.0,0.147504775932
19.0997713,10.0,0.147504775932
19.7590549,10.0,0.147504775932
19.2736604,10.0,0.147504775932
9.2463306,9.2463306,0.147504775932
4.4316229,4.4316229,0.147504775932
20.9547973,10.0,0.147504775932
20.6873169,10.0,0.147504775932
6.9052028,6.9052028,0.147504775932
16.081603,10.0,0.147504775932
-14.7617157,-10.0,0.147504775932
-12.9213795,-10.0,0.147504775932
4.5026614,4.5026614,0.147504775932
4.52209,4.52209,0.147504775932
2.4013258,2.4013258,0.147504775932
-16.4779086,-10.0,0.147504775932
4.5214218,4.5214218,0.147504775932
3.8658296,3.8658296,0.147504775932
4.1897036,4.1897036,0.147504775932
4.4496081,4.4496081,0.147504775932
2.6218627,2.6218627,0.147504775932
3.2811463,3.2811463,0.147504775932
2.7957518,2.7957518,0.147504775932
-7.231578,-7.231578,0.147504775932
-12.0462857,-10.0,0.147504775932
4.4768887,4.4768887,0.147504775932
4.2094083,4.2094083,0.147504775932
-9.5727058,-9.5727058,0.147504775932
-0.3963056,-0.3963056,0.147504775932
-19.2831375,-10.0,0.147504775932
-17.4428013,-10.0,0.147504775932
-0.0187604,-0.0187604,0.147504775932
0.0006682,0.0006682,0.147504775932
-2.120096,-2.120096,0.147504775932
-20.9993304,-10.0,0.147504775932
-4.5214218,-4.5214218,0.147504775932
-0.6555922,-0.6555922,0.147504775932
-0.3317182,-0.3317182,0.147504775932
-0.0718137,-0.0718137,0.147504775932
-1.8995591,-1.8995591,0.147504775932
-1.2402755,-1.2402755,0.147504775932
-1.72567,-1.72567,0.147504775932
-11.7529998,-10.0,0.147504775932
-16.5677075,-10.0,0.147504775932
-0.0445331,-0.0445331,0.147504775932
-0.3120135,-0.3120135,0.147504775932
-14.0941276,-10.0,0.147504775932
-4.9177274,-4.9177274,0.147504775932
-18.6275453,-10.0,0.147504775932
-16.7872091,-10.0,0.147504775932
0.6368318,0.6368318,0.147504775932
0.6562604,0.6562604,0.147504775932
-1.4645038,-1.4645038,0.147504775932
-20.3437382,-10.0,0.147504775932
-3.8658296,-3.8658296,0.147504775932
0.6555922,0.6555922,0.147504775932
0.323874,0.323874,0.147504775932
0.5837785,0.5837785,0.147504775932
-1.2439669,-1.2439669,0.147504775932
-0.5846833,-0.5846833,0.147504775932
-1.0700778,-1.0700778,0.147504775932
-11.0974076,-10.0,0.147504775932
-15.9121153,-10.0,0.147504775932
0.6110591,0.6110591,0.147504775932
0.3435787,0.3435787,0.147504775932
-13.4385354,-10.0,0.147504775932
-4.2621352,-4.2621352,0.147504775932
-18.9514193,-10.0,0.147504775932
-17.1110831,-10.0,0.147504775932
0.3129578,0.3129578,0.147504775932
0.3323864,0.3323864,0.147504775932
-1.7883778,-1.7883778,0.147504775932
-20.6676122,-10.0,0.147504775932
-4.1897036,-4.1897036,0.147504775932
0.3317182,0.3317182,0.147504775932
-0.323874,-0.323874,0.147504775932
0.2599045,0.2599045,0.147504775932
-1.5678409,-1.5678409,0.147504775932
-0.9085573,-0.9085573,0.147504775932
-1.3939518,-1.3939518,0.147504775932
-11.4212816,-10.0,0.147504775932
-16.2359893,-10.0,0.147504775932
0.2871851,0.2871851,0.147504775932
0.0197047,0.0197047,0.147504775932
-13.7624094,-10.0,0.147504775932
-4.5860092,-4.5860092,0.147504775932
-19.2113238,-10.0,0.147504775932
-17.3709876,-10.0,0.147504775932
0.0530533,0.0530533,0.147504775932
0.0724819,0.0724819,0.147504775932
-2.0482823,-2.0482823,0.147504775932
-20.9275167,-10.0,0.147504775932
-4.4496081,-4.4496081,0.147504775932
0.0718137,0.0718137,0.147504775932
-0.5837785,-0.5837785,0.147504775932
-0.2599045,-0.2599045,0.147504775932
-1.8277454,-1.8277454,0.147504775932
-1.1684618,-1.1684618,0.147504775932
-1.6538563,-1.6538563,0.147504775932
-11.6811861,-10.0,0.147504775932
-16.4958938,-10.0,0.147504775932
0.0272806,0.0272806,0.147504775932
-0.2401998,-0.2401998,0.147504775932
-14.0223139,-10.0,0.147504775932
-4.8459137,-4.8459137,0.147504775932
-17.3835784,-10.0,0.147504775932
-15.5432422,-10.0,0.147504775932
1.8807987,1.8807987,0.147504775932
1.9002273,1.9002273,0.147504775932
-0.2205369,-0.2205369,0.147504775932
-19.0997713,-10.0,0.147504775932
-2.6218627,-2.6218627,0.147504775932
1.8995591,1.8995591,0.147504775932
1.2439669,1.2439669,0.147504775932
1.5678409,1.5678409,0.147504775932
1.8277454,1.8277454,0.147504775932
0.6592836,0.6592836,0.147504775932
0.1738891,0.1738891,0.147504775932
-9.8534407,-9.8534407,0.147504775932
-14.6681484,-10.0,0.147504775932
1.855026,1.855026,0.147504775932
1.5875456,1.5875456,0.147504775932
-12.1945685,-10.0,0.147504775932
-3.0181683,-3.0181683,0.147504775932
-18.042862,-10.0,0.147504775932
-16.2025258,-10.0,0.147504775932
1.2215151,1.2215151,0.147504775932
1.2409437,1.2409437,0.147504775932
-0.8798205,-0.8798205,0.147504775932
-19.7590549,-10.0,0.147504775932
-3.2811463,-3.2811463,0.147504775932
1.2402755,1.2402755,0.147504775932
0.5846833,0.5846833,0.147504775932
0.9085573,0.9085573,0.147504775932
1.1684618,1.1684618,0.147504775932
-0.6592836,-0.6592836,0.147504775932
-0.4853945,-0.4853945,0.147504775932
-10.5127243,-10.0,0.147504775932
-15.327432,-10.0,0.147504775932
1.1957424,1.1957424,0.147504775932
0.928262,0.928262,0.147504775932
-12.8538521,-10.0,0.147504775932
-3.6774519,-3.6774519,0.147504775932
-17.5574675,-10.0,0.147504775932
-15.7171313,-10.0,0.147504775932
1.7069096,1.7069096,0.147504775932
1.7263382,1.7263382,0.147504775932
-0.394426,-0.394426,0.147504775932
-19.2736604,-10.0,0.147504775932
-2.7957518,-2.7957518,0.147504775932
1.72567,1.72567,0.147504775932
1.0700778,1.0700778,0.147504775932
1.3939518,1.3939518,0.147504775932
1.6538563,1.6538563,0.147504775932
-0.1738891,-0.1738891,0.147504775932
0.4853945,0.4853945,0.147504775932
-10.0273298,-10.0,0.147504775932
-14.8420375,-10.0,0.147504775932
1.6811369,1.6811369,0.147504775932
1.4136565,1.4136565,0.147504775932
-12.3684576,-10.0,0.147504775932
-3.1920574,-3.1920574,0.147504775932
-7.5301377,-7.5301377,0.147504775932
-5.6898015,-5.6898015,0.147504775932
11.7342394,10.0,0.147504775932
11.753668,10.0,0.147504775932
9.6329038,9.6329038,0.147504775932
-9.2463306,-9.2463306,0.147504775932
7.231578,7.231578,0.147504775932
11.7529998,10.0,0.147504775932
11.0974076,10.0,0.147504775932
11.4212816,10.0,0.147504775932
11.6811861,10.0,0.147504775932
9.8534407,9.8534407,0.147504775932
10.5127243,10.0,0.147504775932
10.0273298,10.0,0.147504775932
-4.8147077,-4.8147077,0.147504775932
11.7084667,10.0,0.147504775932
11.4409863,10.0,0.147504775932
-2.3411278,-2.3411278,0.147504775932
6.8352724,6.8352724,0.147504775932
-2.71543,-2.71543,0.147504775932
-0.8750938,-0.8750938,0.147504775932
16.5489471,10.0,0.147504775932
16.5683757,10.0,0.147504775932
14.4476115,10.0,0.147504775932
-4.4316229,-4.4316229,0.147504775932
12.0462857,10.0,0.147504775932
16.5677075,10.0,0.147504775932
15.9121153,10.0,0.147504775932
16.2359893,10.0,0.147504775932
16.4958938,10.0,0.147504775932
14.6681484,10.0,0.147504775932
15.327432,10.0,0.147504775932
14.8420375,10.0,0.147504775932
4.8147077,4.8147077,0.147504775932
16.5231744,10.0,0.147504775932
16.255694,10.0,0.147504775932
2.4735799,2.4735799,0.147504775932
11.6499801,10.0,0.147504775932
-19.2386044,-10.0,0.147504775932
-17.3982682,-10.0,0.147504775932
0.0257727,0.0257727,0.147504775932
0.0452013,0.0452013,0.147504775932
-2.0755629,-2.0755629,0.147504775932
-20.9547973,-10.0,0.147504775932
-4.4768887,-4.4768887,0.147504775932
0.0445331,0.0445331,0.147504775932
-0.6110591,-0.6110591,0.147504775932
-0.2871851,-0.2871851,0.147504775932
-0.0272806,-0.0272806,0.147504775932
-1.855026,-1.855026,0.147504775932
-1.1957424,-1.1957424,0.147504775932
-1.6811369,-1.6811369,0.147504775932
-11.7084667,-10.0,0.147504775932
-16.5231744,-10.0,0.147504775932
-0.2674804,-0.2674804,0.147504775932
-14.0495945,-10.0,0.147504775932
-4.8731943,-4.8731943,0.147504775932
-18.971124,-10.0,0.147504775932
-17.1307878,-10.0,0.147504775932
0.2932531,0.2932531,0.147504775932
0.3126817,0.3126817,0.147504775932
-1.8080825,-1.8080825,0.147504775932
-20.6873169,-10.0,0.147504775932
-4.2094083,-4.2094083,0.147504775932
0.3120135,0.3120135,0.147504775932
-0.3435787,-0.3435787,0.147504775932
-0.0197047,-0.0197047,0.147504775932
0.2401998,0.2401998,0.147504775932
-1.5875456,-1.5875456,0.147504775932
-0.928262,-0.928262,0.147504775932
-1.4136565,-1.4136565,0.147504775932
-11.4409863,-10.0,0.147504775932
-16.255694,-10.0,0.147504775932
0.2674804,0.2674804,0.147504775932
-13.7821141,-10.0,0.147504775932
-4.6057139,-4.6057139,0.147504775932
-5.1890099,-5.1890099,0.147504775932
-3.3486737,-3.3486737,0.147504775932
14.0753672,10.0,0.147504775932
14.0947958,10.0,0.147504775932
11.9740316,10.0,0.147504775932
-6.9052028,-6.9052028,0.147504775932
9.5727058,9.5727058,0.147504775932
14.0941276,10.0,0.147504775932
13.4385354,10.0,0.147504775932
13.7624094,10.0,0.147504775932
14.0223139,10.0,0.147504775932
12.1945685,10.0,0.147504775932
12.8538521,10.0,0.147504775932
12.3684576,10.0,0.147504775932
2.3411278,2.3411278,0.147504775932
-2.4735799,-2.4735799,0.147504775932
14.0495945,10.0,0.147504775932
13.7821141,10.0,0.147504775932
9.1764002,9.1764002,0.147504775932
-14.3654101,-10.0,0.147504775932
-12.5250739,-10.0,0.147504775932
4.898967,4.898967,0.147504775932
4.9183956,4.9183956,0.147504775932
2.7976314,2.7976314,0.147504775932
-16.081603,-10.0,0.147504775932
0.3963056,0.3963056,0.147504775932
4.9177274,4.9177274,0.147504775932
4.2621352,4.2621352,0.147504775932
4.5860092,4.5860092,0.147504775932
4.8459137,4.8459137,0.147504775932
3.0181683,3.0181683,0.147504775932
3.6774519,3.6774519,0.147504775932
3.1920574,3.1920574,0.147504775932
-6.8352724,-6.8352724,0.147504775932
-11.6499801,-10.0,0.147504775932
4.8731943,4.8731943,0.147504775932
4.6057139,4.6057139,0.147504775932
-9.1764002,-9.1764002,0.147504775932
2.5621552,2.5621552,0.0336341376241
2.6175324,2.6175324,0.0336341376241
-2.4198803,-2.4198803,0.0336341376241
-14.8222311,-10.0,0.0336341376241
2.1479678,2.1479678,0.0336341376241
2.6175313,2.6175313,0.0336341376241
2.6175334,2.6175334,0.0336341376241
0.0928514,0.0928514,0.0336341376241
2.396807,2.396807,0.0336341376241
-0.7830956,-0.7830956,0.0336341376241
2.6002664,2.6002664,0.0336341376241
0.8871301,0.8871301,0.0336341376241
-3.2032699,-3.2032699,0.0336341376241
0.4285952,0.4285952,0.0336341376241
2.5630924,2.5630924,0.0336341376241
2.0568787,2.0568787,0.0336341376241
-0.1875254,-0.1875254,0.0336341376241
2.6175328,2.6175328,0.0336341376241
-18.3824663,-10.0,0.0336341376241
-2.5621552,-2.5621552,0.0336341376241
0.0553772,0.0553772,0.0336341376241
-4.9820355,-4.9820355,0.0336341376241
-17.3843863,-10.0,0.0336341376241
-0.4141874,-0.4141874,0.0336341376241
0.0553761,0.0553761,0.0336341376241
0.0553782,0.0553782,0.0336341376241
-2.4693038,-2.4693038,0.0336341376241
-0.1653482,-0.1653482,0.0336341376241
-3.3452508,-3.3452508,0.0336341376241
0.0381112,0.0381112,0.0336341376241
-1.6750251,-1.6750251,0.0336341376241
-5.7654251,-5.7654251,0.0336341376241
-2.13356,-2.13356,0.0336341376241
0.000937199999999,0.000937199999999,0.0336341376241
-0.5052765,-0.5052765,0.0336341376241
-2.7496806,-2.7496806,0.0336341376241
0.0553776,0.0553776,0.0336341376241
-20.9446215,-10.0,0.0336341376241
-2.6175324,-2.6175324,0.0336341376241
-0.0553772,-0.0553772,0.0336341376241
-5.0374127,-5.0374127,0.0336341376241
-17.4397635,-10.0,0.0336341376241
-0.4695646,-0.4695646,0.0336341376241
-1.09999999864e-06,-1.09999999864e-06,0.0336341376241
1.00000000103e-06,1.00000000103e-06,0.0336341376241
-2.524681,-2.524681,0.0336341376241
-0.2207254,-0.2207254,0.0336341376241
-3.400628,-3.400628,0.0336341376241
-0.017266,-0.017266,0.0336341376241
-1.7304023,-1.7304023,0.0336341376241
-5.8208023,-5.8208023,0.0336341376241
-2.1889372,-2.1889372,0.0336341376241
-0.05444,-0.05444,0.0336341376241
-0.5606537,-0.5606537,0.0336341376241
-2.8050578,-2.8050578,0.0336341376241
4.00000001122e-07,4.00000001122e-07,0.0336341376241
-20.9999987,-10.0,0.0336341376241
2.4198803,2.4198803,0.0336341376241
4.9820355,4.9820355,0.0336341376241
5.0374127,5.0374127,0.0336341376241
-12.4023508,-10.0,0.0336341376241
4.5678481,4.5678481,0.0336341376241
5.0374116,5.0374116,0.0336341376241
5.0374137,5.0374137,0.0336341376241
2.5127317,2.5127317,0.0336341376241
4.8166873,4.8166873,0.0336341376241
1.6367847,1.6367847,0.0336341376241
5.0201467,5.0201467,0.0336341376241
3.3070104,3.3070104,0.0336341376241
-0.7833896,-0.7833896,0.0336341376241
2.8484755,2.8484755,0.0336341376241
4.9829727,4.9829727,0.0336341376241
4.476759,4.476759,0.0336341376241
2.2323549,2.2323549,0.0336341376241
5.0374131,5.0374131,0.0336341376241
-15.962586,-10.0,0.0336341376241
14.8222311,10.0,0.0336341376241
17.3843863,10.0,0.0336341376241
17.4397635,10.0,0.0336341376241
12.4023508,10.0,0.0336341376241
16.9701989,10.0,0.0336341376241
17.4397624,10.0,0.0336341376241
17.4397645,10.0,0.0336341376241
14.9150825,10.0,0.0336341376241
17.2190381,10.0,0.0336341376241
14.0391355,10.0,0.0336341376241
17.4224975,10.0,0.0336341376241
15.7093612,10.0,0.0336341376241
11.6189612,10.0,0.0336341376241
15.2508263,10.0,0.0336341376241
17.3853235,10.0,0.0336341376241
16.8791098,10.0,0.0336341376241
14.6347057,10.0,0.0336341376241
17.4397639,10.0,0.0336341376241
-3.5602352,-3.5602352,0.0336341376241
-2.1479678,-2.1479678,0.0336341376241
0.4141874,0.4141874,0.0336341376241
0.4695646,0.4695646,0.0336341376241
-4.5678481,-4.5678481,0.0336341376241
-16.9701989,-10.0,0.0336341376241
0.4695635,0.4695635,0.0336341376241
0.4695656,0.4695656,0.0336341376241
-2.0551164,-2.0551164,0.0336341376241
0.2488392,0.2488392,0.0336341376241
-2.9310634,-2.9310634,0.0336341376241
0.4522986,0.4522986,0.0336341376241
-1.2608377,-1.2608377,0.0336341376241
-5.3512377,-5.3512377,0.0336341376241
-1.7193726,-1.7193726,0.0336341376241
0.4151246,0.4151246,0.0336341376241
-0.0910891,-0.0910891,0.0336341376241
-2.3354932,-2.3354932,0.0336341376241
0.469565,0.469565,0.0336341376241
-20.5304341,-10.0,0.0336341376241
-2.6175313,-2.6175313,0.0336341376241
-0.0553761,-0.0553761,0.0336341376241
1.09999999864e-06,1.09999999864e-06,0.0336341376241
-5.0374116,-5.0374116,0.0336341376241
-17.4397624,-10.0,0.0336341376241
-0.4695635,-0.4695635,0.0336341376241
2.09999999967e-06,2.09999999967e-06,0.0336341376241
-2.5246799,-2.5246799,0.0336341376241
-0.2207243,-0.2207243,0.0336341376241
-3.4006269,-3.4006269,0.0336341376241
-0.0172649,-0.0172649,0.0336341376241
-1.7304012,-1.7304012,0.0336341376241
-5.8208012,-5.8208012,0.0336341376241
-2.1889361,-2.1889361,0.0336341376241
-0.0544389,-0.0544389,0.0336341376241
-0.5606526,-0.5606526,0.0336341376241
-2.8050567,-2.8050567,0.0336341376241
1.49999999977e-06,1.49999999977e-06,0.0336341376241
-20.9999976,-10.0,0.0336341376241
-2.6175334,-2.6175334,0.0336341376241
-0.0553782,-0.0553782,0.0336341376241
-1.00000000103e-06,-1.00000000103e-06,0.0336341376241
-5.0374137,-5.0374137,0.0336341376241
-17.4397645,-10.0,0.0336341376241
-0.4695656,-0.4695656,0.0336341376241
-2.09999999967e-06,-2.09999999967e-06,0.0336341376241
-2.524682,-2.524682,0.0336341376241
-0.2207264,-0.2207264,0.0336341376241
-3.400629,-3.400629,0.0336341376241
-0.017267,-0.017267,0.0336341376241
-1.7304033,-1.7304033,0.0336341376241
-5.8208033,-5.8208033,0.0336341376241
-2.1889382,-2.1889382,0.0336341376241
-0.054441,-0.054441,0.0336341376241
-0.5606547,-0.5606547,0.0336341376241
-2.8050588,-2.8050588,0.0336341376241
-5.99999999906e-07,-5.99999999906e-07,0.0336341376241
-20.9999997,-10.0,0.0336341376241
-0.0928514,-0.0928514,0.0336341376241
2.4693038,2.4693038,0.0336341376241
2.524681,2.524681,0.0336341376241
-2.5127317,-2.5127317,0.0336341376241
-14.9150825,-10.0,0.0336341376241
2.0551164,2.0551164,0.0336341376241
2.5246799,2.5246799,0.0336341376241
2.524682,2.524682,0.0336341376241
2.3039556,2.3039556,0.0336341376241
-0.875947,-0.875947,0.0336341376241
2.507415,2.507415,0.0336341376241
0.7942787,0.7942787,0.0336341376241
-3.2961213,-3.2961213,0.0336341376241
0.3357438,0.3357438,0.0336341376241
2.470241,2.470241,0.0336341376241
1.9640273,1.9640273,0.0336341376241
-0.2803768,-0.2803768,0.0336341376241
2.5246814,2.5246814,0.0336341376241
-18.4753177,-10.0,0.0336341376241
-2.396807,-2.396807,0.0336341376241
0.1653482,0.1653482,0.0336341376241
0.2207254,0.2207254,0.0336341376241
-4.8166873,-4.8166873,0.0336341376241
-17.2190381,-10.0,0.0336341376241
-0.2488392,-0.2488392,0.0336341376241
0.2207243,0.2207243,0.0336341376241
0.2207264,0.2207264,0.0336341376241
-2.3039556,-2.3039556,0.0336341376241
-3.1799026,-3.1799026,0.0336341376241
0.2034594,0.2034594,0.0336341376241
-1.5096769,-1.5096769,0.0336341376241
-5.6000769,-5.6000769,0.0336341376241
-1.9682118,-1.9682118,0.0336341376241
0.1662854,0.1662854,0.0336341376241
-0.3399283,-0.3399283,0.0336341376241
-2.5843324,-2.5843324,0.0336341376241
0.2207258,0.2207258,0.0336341376241
-20.7792733,-10.0,0.0336341376241
0.7830956,0.7830956,0.0336341376241
3.3452508,3.3452508,0.0336341376241
3.400628,3.400628,0.0336341376241
-1.6367847,-1.6367847,0.0336341376241
-14.0391355,-10.0,0.0336341376241
2.9310634,2.9310634,0.0336341376241
3.4006269,3.4006269,0.0336341376241
3.400629,3.400629,0.0336341376241
0.875947,0.875947,0.0336341376241
3.1799026,3.1799026,0.0336341376241
3.383362,3.383362,0.0336341376241
1.6702257,1.6702257,0.0336341376241
-2.4201743,-2.4201743,0.0336341376241
1.2116908,1.2116908,0.0336341376241
3.346188,3.346188,0.0336341376241
2.8399743,2.8399743,0.0336341376241
0.5955702,0.5955702,0.0336341376241
3.4006284,3.4006284,0.0336341376241
-17.5993707,-10.0,0.0336341376241
-2.6002664,-2.6002664,0.0336341376241
-0.0381112,-0.0381112,0.0336341376241
0.017266,0.017266,0.0336341376241
-5.0201467,-5.0201467,0.0336341376241
-17.4224975,-10.0,0.0336341376241
-0.4522986,-0.4522986,0.0336341376241
0.0172649,0.0172649,0.0336341376241
0.017267,0.017267,0.0336341376241
-2.507415,-2.507415,0.0336341376241
-0.2034594,-0.2034594,0.0336341376241
-3.383362,-3.383362,0.0336341376241
-1.7131363,-1.7131363,0.0336341376241
-5.8035363,-5.8035363,0.0336341376241
-2.1716712,-2.1716712,0.0336341376241
-0.037174,-0.037174,0.0336341376241
-0.5433877,-0.5433877,0.0336341376241
-2.7877918,-2.7877918,0.0336341376241
0.0172664,0.0172664,0.0336341376241
-20.9827327,-10.0,0.0336341376241
-0.8871301,-0.8871301,0.0336341376241
1.6750251,1.6750251,0.0336341376241
1.7304023,1.7304023,0.0336341376241
-3.3070104,-3.3070104,0.0336341376241
-15.7093612,-10.0,0.0336341376241
1.2608377,1.2608377,0.0336341376241
1.7304012,1.7304012,0.0336341376241
1.7304033,1.7304033,0.0336341376241
-0.7942787,-0.7942787,0.0336341376241
1.5096769,1.5096769,0.0336341376241
-1.6702257,-1.6702257,0.0336341376241
1.7131363,1.7131363,0.0336341376241
-4.0904,-4.0904,0.0336341376241
-0.4585349,-0.4585349,0.0336341376241
1.6759623,1.6759623,0.0336341376241
1.1697486,1.1697486,0.0336341376241
-1.0746555,-1.0746555,0.0336341376241
1.7304027,1.7304027,0.0336341376241
-19.2695964,-10.0,0.0336341376241
3.2032699,3.2032699,0.0336341376241
5.7654251,5.7654251,0.0336341376241
5.8208023,5.8208023,0.0336341376241
0.7833896,0.7833896,0.0336341376241
-11.6189612,-10.0,0.0336341376241
5.3512377,5.3512377,0.0336341376241
5.8208012,5.8208012,0.0336341376241
5.8208033,5.8208033,0.0336341376241
3.2961213,3.2961213,0.0336341376241
5.6000769,5.6000769,0.0336341376241
2.4201743,2.4201743,0.0336341376241
5.8035363,5.8035363,0.0336341376241
4.0904,4.0904,0.0336341376241
3.6318651,3.6318651,0.0336341376241
5.7663623,5.7663623,0.0336341376241
5.2601486,5.2601486,0.0336341376241
3.0157445,3.0157445,0.0336341376241
5.8208027,5.8208027,0.0336341376241
-15.1791964,-10.0,0.0336341376241
-0.4285952,-0.4285952,0.0336341376241
2.13356,2.13356,0.0336341376241
2.1889372,2.1889372,0.0336341376241
-2.8484755,-2.8484755,0.0336341376241
-15.2508263,-10.0,0.0336341376241
1.7193726,1.7193726,0.0336341376241
2.1889361,2.1889361,0.0336341376241
2.1889382,2.1889382,0.0336341376241
-0.3357438,-0.3357438,0.0336341376241
1.9682118,1.9682118,0.0336341376241
-1.2116908,-1.2116908,0.0336341376241
2.1716712,2.1716712,0.0336341376241
0.4585349,0.4585349,0.0336341376241
-3.6318651,-3.6318651,0.0336341376241
2.1344972,2.1344972,0.0336341376241
1.6282835,1.6282835,0.0336341376241
-0.6161206,-0.6161206,0.0336341376241
2.1889376,2.1889376,0.0336341376241
-18.8110615,-10.0,0.0336341376241
-2.5630924,-2.5630924,0.0336341376241
-0.000937199999999,-0.000937199999999,0.0336341376241
0.05444,0.05444,0.0336341376241
-4.9829727,-4.9829727,0.0336341376241
-17.3853235,-10.0,0.0336341376241
-0.4151246,-0.4151246,0.0336341376241
0.0544389,0.0544389,0.0336341376241
0.054441,0.054441,0.0336341376241
-2.470241,-2.470241,0.0336341376241
-0.1662854,-0.1662854,0.0336341376241
-3.346188,-3.346188,0.0336341376241
0.037174,0.037174,0.0336341376241
-1.6759623,-1.6759623,0.0336341376241
-5.7663623,-5.7663623,0.0336341376241
-2.1344972,-2.1344972,0.0336341376241
-0.5062137,-0.5062137,0.0336341376241
-2.7506178,-2.7506178,0.0336341376241
0.0544404,0.0544404,0.0336341376241
-20.9455587,-10.0,0.0336341376241
-2.0568787,-2.0568787,0.0336341376241
0.5052765,0.5052765,0.0336341376241
0.5606537,0.5606537,0.0336341376241
-4.476759,-4.476759,0.0336341376241
-16.8791098,-10.0,0.0336341376241
0.0910891,0.0910891,0.0336341376241
0.5606526,0.5606526,0.0336341376241
0.5606547,0.5606547,0.0336341376241
-1.9640273,-1.9640273,0.0336341376241
0.3399283,0.3399283,0.0336341376241
-2.8399743,-2.8399743,0.0336341376241
0.5433877,0.5433877,0.0336341376241
-1.1697486,-1.1697486,0.0336341376241
-5.2601486,-5.2601486,0.0336341376241
-1.6282835,-1.6282835,0.0336341376241
0.5062137,0.5062137,0.0336341376241
-2.2444041,-2.2444041,0.0336341376241
0.5606541,0.5606541,0.0336341376241
-20.439345,-10.0,0.0336341376241
0.1875254,0.1875254,0.0336341376241
2.7496806,2.7496806,0.0336341376241
2.8050578,2.8050578,0.0336341376241
-2.2323549,-2.2323549,0.0336341376241
-14.6347057,-10.0,0.0336341376241
2.3354932,2.3354932,0.0336341376241
2.8050567,2.8050567,0.0336341376241
2.8050588,2.8050588,0.0336341376241
0.2803768,0.2803768,0.0336341376241
2.5843324,2.5843324,0.0336341376241
-0.5955702,-0.5955702,0.0336341376241
2.7877918,2.7877918,0.0336341376241
1.0746555,1.0746555,0.0336341376241
-3.0157445,-3.0157445,0.0336341376241
0.6161206,0.6161206,0.0336341376241
2.7506178,2.7506178,0.0336341376241
2.2444041,2.2444041,0.0336341376241
2.8050582,2.8050582,0.0336341376241
-18.1949409,-10.0,0.0336341376241
-2.6175328,-2.6175328,0.0336341376241
-0.0553776,-0.0553776,0.0336341376241
-4.00000001122e-07,-4.00000001122e-07,0.0336341376241
-5.0374131,-5.0374131,0.0336341376241
-17.4397639,-10.0,0.0336341376241
-0.469565,-0.469565,0.0336341376241
-1.49999999977e-06,-1.49999999977e-06,0.0336341376241
5.99999999906e-07,5.99999999906e-07,0.0336341376241
-2.5246814,-2.5246814,0.0336341376241
-0.2207258,-0.2207258,0.0336341376241
-3.4006284,-3.4006284,0.0336341376241
-0.0172664,-0.0172664,0.0336341376241
-1.7304027,-1.7304027,0.0336341376241
-5.8208027,-5.8208027,0.0336341376241
-2.1889376,-2.1889376,0.0336341376241
-0.0544404,-0.0544404,0.0336341376241
-0.5606541,-0.5606541,0.0336341376241
-2.8050582,-2.8050582,0.0336341376241
-20.9999991,-10.0,0.0336341376241
18.3824663,10.0,0.0336341376241
20.9446215,10.0,0.0336341376241
20.9999987,10.0,0.0336341376241
15.962586,10.0,0.0336341376241
3.5602352,3.5602352,0.0336341376241
20.5304341,10.0,0.0336341376241
20.9999976,10.0,0.0336341376241
20.9999997,10.0,0.0336341376241
18.4753177,10.0,0.0336341376241
20.7792733,10.0,0.0336341376241
17.5993707,10.0,0.0336341376241
20.9827327,10.0,0.0336341376241
19.2695964,10.0,0.0336341376241
15.1791964,10.0,0.0336341376241
18.8110615,10.0,0.0336341376241
20.9455587,10.0,0.0336341376241
20.439345,10.0,0.0336341376241
18.1949409,10.0,0.0336341376241
20.9999991,10.0,0.0336341376241
-2.8349347,-2.8349347,0.00549503795854
4.1734639,4.1734639,0.00549503795854
1.4326452,1.4326452,0.00549503795854
3.5947288,3.5947288,0.00549503795854
3.8031755,3.8031755,0.00549503795854
4.1734655,4.1734655,0.00549503795854
-16.8265337,-10.0,0.00549503795854
4.1731692,4.1731692,0.00549503795854
3.899625,3.899625,0.00549503795854
4.1693843,4.1693843,0.00549503795854
3.3742919,3.3742919,0.00549503795854
-1.6961539,-1.6961539,0.00549503795854
-2.6786912,-2.6786912,0.00549503795854
4.1734644,4.1734644,0.00549503795854
3.5711745,3.5711745,0.00549503795854
4.1734656,4.1734656,0.00549503795854
-11.1551602,-10.0,0.00549503795854
-0.8617767,-0.8617767,0.00549503795854
-3.9156324,-3.9156324,0.00549503795854
2.8349347,2.8349347,0.00549503795854
7.0083986,7.0083986,0.00549503795854
4.2675799,4.2675799,0.00549503795854
6.4296635,6.4296635,0.00549503795854
6.6381102,6.6381102,0.00549503795854
7.0084002,7.0084002,0.00549503795854
-13.991599,-10.0,0.00549503795854
7.0081039,7.0081039,0.00549503795854
6.7345597,6.7345597,0.00549503795854
7.004319,7.004319,0.00549503795854
6.2092266,6.2092266,0.00549503795854
1.1387808,1.1387808,0.00549503795854
0.1562435,0.1562435,0.00549503795854
7.0083991,7.0083991,0.00549503795854
6.4061092,6.4061092,0.00549503795854
7.0084003,7.0084003,0.00549503795854
-8.3202255,-8.3202255,0.00549503795854
1.973158,1.973158,0.00549503795854
-1.0806977,-1.0806977,0.00549503795854
-4.1734639,-4.1734639,0.00549503795854
-7.0083986,-7.0083986,0.00549503795854
-2.7408187,-2.7408187,0.00549503795854
-0.5787351,-0.5787351,0.00549503795854
-0.3702884,-0.3702884,0.00549503795854
1.60000000093e-06,1.60000000093e-06,0.00549503795854
-20.9999976,-10.0,0.00549503795854
-0.000294700000001,-0.000294700000001,0.00549503795854
-0.2738389,-0.2738389,0.00549503795854
-0.0040796,-0.0040796,0.00549503795854
-0.799172,-0.799172,0.00549503795854
-5.8696178,-5.8696178,0.00549503795854
-6.8521551,-6.8521551,0.00549503795854
4.99999998738e-07,4.99999998738e-07,0.00549503795854
-0.6022894,-0.6022894,0.00549503795854
1.69999999855e-06,1.69999999855e-06,0.00549503795854
-15.3286241,-10.0,0.00549503795854
-5.0352406,-5.0352406,0.00549503795854
-8.0890963,-8.0890963,0.00549503795854
-1.4326452,-1.4326452,0.00549503795854
-4.2675799,-4.2675799,0.00549503795854
2.7408187,2.7408187,0.00549503795854
2.1620836,2.1620836,0.00549503795854
2.3705303,2.3705303,0.00549503795854
2.7408203,2.7408203,0.00549503795854
-18.2591789,-10.0,0.00549503795854
2.740524,2.740524,0.00549503795854
2.4669798,2.4669798,0.00549503795854
2.7367391,2.7367391,0.00549503795854
1.9416467,1.9416467,0.00549503795854
-3.1287991,-3.1287991,0.00549503795854
-4.1113364,-4.1113364,0.00549503795854
2.7408192,2.7408192,0.00549503795854
2.1385293,2.1385293,0.00549503795854
2.7408204,2.7408204,0.00549503795854
-12.5878054,-10.0,0.00549503795854
-2.2944219,-2.2944219,0.00549503795854
-5.3482776,-5.3482776,0.00549503795854
-3.5947288,-3.5947288,0.00549503795854
-6.4296635,-6.4296635,0.00549503795854
0.5787351,0.5787351,0.00549503795854
-2.1620836,-2.1620836,0.00549503795854
0.2084467,0.2084467,0.00549503795854
0.5787367,0.5787367,0.00549503795854
-20.4212625,-10.0,0.00549503795854
0.5784404,0.5784404,0.00549503795854
0.3048962,0.3048962,0.00549503795854
0.5746555,0.5746555,0.00549503795854
-0.2204369,-0.2204369,0.00549503795854
-5.2908827,-5.2908827,0.00549503795854
-6.27342,-6.27342,0.00549503795854
0.5787356,0.5787356,0.00549503795854
-0.0235543,-0.0235543,0.00549503795854
0.5787368,0.5787368,0.00549503795854
-14.749889,-10.0,0.00549503795854
-4.4565055,-4.4565055,0.00549503795854
-7.5103612,-7.5103612,0.00549503795854
-3.8031755,-3.8031755,0.00549503795854
-6.6381102,-6.6381102,0.00549503795854
0.3702884,0.3702884,0.00549503795854
-2.3705303,-2.3705303,0.00549503795854
-0.2084467,-0.2084467,0.00549503795854
0.37029,0.37029,0.00549503795854
-20.6297092,-10.0,0.00549503795854
0.3699937,0.3699937,0.00549503795854
0.0964495,0.0964495,0.00549503795854
0.3662088,0.3662088,0.00549503795854
-0.4288836,-0.4288836,0.00549503795854
-5.4993294,-5.4993294,0.00549503795854
-6.4818667,-6.4818667,0.00549503795854
0.3702889,0.3702889,0.00549503795854
-0.232001,-0.232001,0.00549503795854
0.3702901,0.3702901,0.00549503795854
-14.9583357,-10.0,0.00549503795854
-4.6649522,-4.6649522,0.00549503795854
-7.7188079,-7.7188079,0.00549503795854
-4.1734655,-4.1734655,0.00549503795854
-7.0084002,-7.0084002,0.00549503795854
-1.60000000093e-06,-1.60000000093e-06,0.00549503795854
-2.7408203,-2.7408203,0.00549503795854
-0.5787367,-0.5787367,0.00549503795854
-0.37029,-0.37029,0.00549503795854
-20.9999992,-10.0,0.00549503795854
-0.000296300000002,-0.000296300000002,0.00549503795854
-0.2738405,-0.2738405,0.00549503795854
-0.0040812,-0.0040812,0.00549503795854
-0.7991736,-0.7991736,0.00549503795854
-5.8696194,-5.8696194,0.00549503795854
-6.8521567,-6.8521567,0.00549503795854
-1.1000000022e-06,-1.1000000022e-06,0.00549503795854
-0.602291,-0.602291,0.00549503795854
9.99999976159e-08,9.99999976159e-08,0.00549503795854
-15.3286257,-10.0,0.00549503795854
-5.0352422,-5.0352422,0.00549503795854
-8.0890979,-8.0890979,0.00549503795854
16.8265337,10.0,0.00549503795854
13.991599,10.0,0.00549503795854
20.9999976,10.0,0.00549503795854
18.2591789,10.0,0.00549503795854
20.4212625,10.0,0.00549503795854
20.6297092,10.0,0.00549503795854
20.9999992,10.0,0.00549503795854
20.9997029,10.0,0.00549503795854
20.7261587,10.0,0.00549503795854
20.995918,10.0,0.00549503795854
20.2008256,10.0,0.00549503795854
15.1303798,10.0,0.00549503795854
14.1478425,10.0,0.00549503795854
20.9999981,10.0,0.00549503795854
20.3977082,10.0,0.00549503795854
20.9999993,10.0,0.00549503795854
5.6713735,5.6713735,0.00549503795854
15.964757,10.0,0.00549503795854
12.9109013,10.0,0.00549503795854
-4.1731692,-4.1731692,0.00549503795854
-7.0081039,-7.0081039,0.00549503795854
0.000294700000001,0.000294700000001,0.00549503795854
-2.740524,-2.740524,0.00549503795854
-0.5784404,-0.5784404,0.00549503795854
-0.3699937,-0.3699937,0.00549503795854
0.000296300000002,0.000296300000002,0.00549503795854
-20.9997029,-10.0,0.00549503795854
-0.2735442,-0.2735442,0.00549503795854
-0.0037849,-0.0037849,0.00549503795854
-0.7988773,-0.7988773,0.00549503795854
-5.8693231,-5.8693231,0.00549503795854
-6.8518604,-6.8518604,0.00549503795854
0.0002952,0.0002952,0.00549503795854
-0.6019947,-0.6019947,0.00549503795854
0.0002964,0.0002964,0.00549503795854
-15.3283294,-10.0,0.00549503795854
-5.0349459,-5.0349459,0.00549503795854
-8.0888016,-8.0888016,0.00549503795854
-3.899625,-3.899625,0.00549503795854
-6.7345597,-6.7345597,0.00549503795854
0.2738389,0.2738389,0.00549503795854
-2.4669798,-2.4669798,0.00549503795854
-0.3048962,-0.3048962,0.00549503795854
-0.0964495,-0.0964495,0.00549503795854
0.2738405,0.2738405,0.00549503795854
-20.7261587,-10.0,0.00549503795854
0.2735442,0.2735442,0.00549503795854
0.2697593,0.2697593,0.00549503795854
-0.5253331,-0.5253331,0.00549503795854
-5.5957789,-5.5957789,0.00549503795854
-6.5783162,-6.5783162,0.00549503795854
0.2738394,0.2738394,0.00549503795854
-0.3284505,-0.3284505,0.00549503795854
0.2738406,0.2738406,0.00549503795854
-15.0547852,-10.0,0.00549503795854
-4.7614017,-4.7614017,0.00549503795854
-7.8152574,-7.8152574,0.00549503795854
-4.1693843,-4.1693843,0.00549503795854
-7.004319,-7.004319,0.00549503795854
0.0040796,0.0040796,0.00549503795854
-2.7367391,-2.7367391,0.00549503795854
-0.5746555,-0.5746555,0.00549503795854
-0.3662088,-0.3662088,0.00549503795854
0.0040812,0.0040812,0.00549503795854
-20.995918,-10.0,0.00549503795854
0.0037849,0.0037849,0.00549503795854
-0.2697593,-0.2697593,0.00549503795854
-0.7950924,-0.7950924,0.00549503795854
-5.8655382,-5.8655382,0.00549503795854
-6.8480755,-6.8480755,0.00549503795854
0.0040801,0.0040801,0.00549503795854
-0.5982098,-0.5982098,0.00549503795854
0.0040813,0.0040813,0.00549503795854
-15.3245445,-10.0,0.00549503795854
-5.031161,-5.031161,0.00549503795854
-8.0850167,-8.0850167,0.00549503795854
-3.3742919,-3.3742919,0.00549503795854
-6.2092266,-6.2092266,0.00549503795854
0.799172,0.799172,0.00549503795854
-1.9416467,-1.9416467,0.00549503795854
0.2204369,0.2204369,0.00549503795854
0.4288836,0.4288836,0.00549503795854
0.7991736,0.7991736,0.00549503795854
-20.2008256,-10.0,0.00549503795854
0.7988773,0.7988773,0.00549503795854
0.5253331,0.5253331,0.00549503795854
0.7950924,0.7950924,0.00549503795854
-5.0704458,-5.0704458,0.00549503795854
-6.0529831,-6.0529831,0.00549503795854
0.7991725,0.7991725,0.00549503795854
0.1968826,0.1968826,0.00549503795854
0.7991737,0.7991737,0.00549503795854
-14.5294521,-10.0,0.00549503795854
-4.2360686,-4.2360686,0.00549503795854
-7.2899243,-7.2899243,0.00549503795854
1.6961539,1.6961539,0.00549503795854
-1.1387808,-1.1387808,0.00549503795854
5.8696178,5.8696178,0.00549503795854
3.1287991,3.1287991,0.00549503795854
5.2908827,5.2908827,0.00549503795854
5.4993294,5.4993294,0.00549503795854
5.8696194,5.8696194,0.00549503795854
-15.1303798,-10.0,0.00549503795854
5.8693231,5.8693231,0.00549503795854
5.5957789,5.5957789,0.00549503795854
5.8655382,5.8655382,0.00549503795854
5.0704458,5.0704458,0.00549503795854
-0.9825373,-0.9825373,0.00549503795854
5.8696183,5.8696183,0.00549503795854
5.2673284,5.2673284,0.00549503795854
5.8696195,5.8696195,0.00549503795854
-9.4590063,-9.4590063,0.00549503795854
0.8343772,0.8343772,0.00549503795854
-2.2194785,-2.2194785,0.00549503795854
2.6786912,2.6786912,0.00549503795854
-0.1562435,-0.1562435,0.00549503795854
6.8521551,6.8521551,0.00549503795854
4.1113364,4.1113364,0.00549503795854
6.27342,6.27342,0.00549503795854
6.4818667,6.4818667,0.00549503795854
6.8521567,6.8521567,0.00549503795854
-14.1478425,-10.0,0.00549503795854
6.8518604,6.8518604,0.00549503795854
6.5783162,6.5783162,0.00549503795854
6.8480755,6.8480755,0.00549503795854
6.0529831,6.0529831,0.00549503795854
0.9825373,0.9825373,0.00549503795854
6.8521556,6.8521556,0.00549503795854
6.2498657,6.2498657,0.00549503795854
6.8521568,6.8521568,0.00549503795854
-8.476469,-8.476469,0.00549503795854
1.8169145,1.8169145,0.00549503795854
-1.2369412,-1.2369412,0.00549503795854
-4.1734644,-4.1734644,0.00549503795854
-7.0083991,-7.0083991,0.00549503795854
-4.99999998738e-07,-4.99999998738e-07,0.00549503795854
-2.7408192,-2.7408192,0.00549503795854
-0.5787356,-0.5787356,0.00549503795854
-0.3702889,-0.3702889,0.00549503795854
1.1000000022e-06,1.1000000022e-06,0.00549503795854
-20.9999981,-10.0,0.00549503795854
-0.0002952,-0.0002952,0.00549503795854
-0.2738394,-0.2738394,0.00549503795854
-0.0040801,-0.0040801,0.00549503795854
-0.7991725,-0.7991725,0.00549503795854
-5.8696183,-5.8696183,0.00549503795854
-6.8521556,-6.8521556,0.00549503795854
-0.6022899,-0.6022899,0.00549503795854
1.19999999981e-06,1.19999999981e-06,0.00549503795854
-15.3286246,-10.0,0.00549503795854
-5.0352411,-5.0352411,0.00549503795854
-8.0890968,-8.0890968,0.00549503795854
-3.5711745,-3.5711745,0.00549503795854
-6.4061092,-6.4061092,0.00549503795854
0.6022894,0.6022894,0.00549503795854
-2.1385293,-2.1385293,0.00549503795854
0.0235543,0.0235543,0.00549503795854
0.232001,0.232001,0.00549503795854
0.602291,0.602291,0.00549503795854
-20.3977082,-10.0,0.00549503795854
0.6019947,0.6019947,0.00549503795854
0.3284505,0.3284505,0.00549503795854
0.5982098,0.5982098,0.00549503795854
-0.1968826,-0.1968826,0.00549503795854
-5.2673284,-5.2673284,0.00549503795854
-6.2498657,-6.2498657,0.00549503795854
0.6022899,0.6022899,0.00549503795854
0.6022911,0.6022911,0.00549503795854
-14.7263347,-10.0,0.00549503795854
-4.4329512,-4.4329512,0.00549503795854
-7.4868069,-7.4868069,0.00549503795854
-4.1734656,-4.1734656,0.00549503795854
-7.0084003,-7.0084003,0.00549503795854
-1.69999999855e-06,-1.69999999855e-06,0.00549503795854
-2.7408204,-2.7408204,0.00549503795854
-0.5787368,-0.5787368,0.00549503795854
-0.3702901,-0.3702901,0.00549503795854
-9.99999976159e-08,-9.99999976159e-08,0.00549503795854
-20.9999993,-10.0,0.00549503795854
-0.0002964,-0.0002964,0.00549503795854
-0.2738406,-0.2738406,0.00549503795854
-0.0040813,-0.0040813,0.00549503795854
-0.7991737,-0.7991737,0.00549503795854
-5.8696195,-5.8696195,0.00549503795854
-6.8521568,-6.8521568,0.00549503795854
-1.19999999981e-06,-1.19999999981e-06,0.00549503795854
-0.6022911,-0.6022911,0.00549503795854
-15.3286258,-10.0,0.00549503795854
-5.0352423,-5.0352423,0.00549503795854
-8.089098,-8.089098,0.00549503795854
11.1551602,10.0,0.00549503795854
8.3202255,8.3202255,0.00549503795854
15.3286241,10.0,0.00549503795854
12.5878054,10.0,0.00549503795854
14.749889,10.0,0.00549503795854
14.9583357,10.0,0.00549503795854
15.3286257,10.0,0.00549503795854
-5.6713735,-5.6713735,0.00549503795854
15.3283294,10.0,0.00549503795854
15.0547852,10.0,0.00549503795854
15.3245445,10.0,0.00549503795854
14.5294521,10.0,0.00549503795854
9.4590063,9.4590063,0.00549503795854
8.476469,8.476469,0.00549503795854
15.3286246,10.0,0.00549503795854
14.7263347,10.0,0.00549503795854
15.3286258,10.0,0.00549503795854
10.2933835,10.0,0.00549503795854
7.2395278,7.2395278,0.00549503795854
0.8617767,0.8617767,0.00549503795854
-1.973158,-1.973158,0.00549503795854
5.0352406,5.0352406,0.00549503795854
2.2944219,2.2944219,0.00549503795854
4.4565055,4.4565055,0.00549503795854
4.6649522,4.6649522,0.00549503795854
5.0352422,5.0352422,0.00549503795854
-15.964757,-10.0,0.00549503795854
5.0349459,5.0349459,0.00549503795854
4.7614017,4.7614017,0.00549503795854
5.031161,5.031161,0.00549503795854
4.2360686,4.2360686,0.00549503795854
-0.8343772,-0.8343772,0.00549503795854
-1.8169145,-1.8169145,0.00549503795854
5.0352411,5.0352411,0.00549503795854
4.4329512,4.4329512,0.00549503795854
5.0352423,5.0352423,0.00549503795854
-10.2933835,-10.0,0.00549503795854
-3.0538557,-3.0538557,0.00549503795854
3.9156324,3.9156324,0.00549503795854
1.0806977,1.0806977,0.00549503795854
8.0890963,8.0890963,0.00549503795854
5.3482776,5.3482776,0.00549503795854
7.5103612,7.5103612,0.00549503795854
7.7188079,7.7188079,0.00549503795854
8.0890979,8.0890979,0.00549503795854
-12.9109013,-10.0,0.00549503795854
8.0888016,8.0888016,0.00549503795854
7.8152574,7.8152574,0.00549503795854
8.0850167,8.0850167,0.00549503795854
7.2899243,7.2899243,0.00549503795854
2.2194785,2.2194785,0.00549503795854
1.2369412,1.2369412,0.00549503795854
8.0890968,8.0890968,0.00549503795854
7.4868069,7.4868069,0.00549503795854
8.089098,8.089098,0.00549503795854
-7.2395278,-7.2395278,0.00549503795854
3.0538557,3.0538557,0.00549503795854
-18.9216473,-10.0,0.316217883729
1.2441791,1.2441791,0.316217883729
0.8939273,0.8939273,0.316217883729
-16.2107014,-10.0,0.316217883729
-12.8722156,-10.0,0.316217883729
-2.2723993,-2.2723993,0.316217883729
-17.7383068,-10.0,0.316217883729
0.6327141,0.6327141,0.316217883729
-17.8653938,-10.0,0.316217883729
-15.3686039,-10.0,0.316217883729
0.0304009,0.0304009,0.316217883729
0.7625223,0.7625223,0.316217883729
1.5289962,1.5289962,0.316217883729
-16.7973765,-10.0,0.316217883729
1.7134777,1.7134777,0.316217883729
-15.1729909,-10.0,0.316217883729
-19.2865202,-10.0,0.316217883729
-0.9806658,-0.9806658,0.316217883729
0.5849934,0.5849934,0.316217883729
18.9216473,10.0,0.316217883729
20.1658264,10.0,0.316217883729
19.8155746,10.0,0.316217883729
2.7109459,2.7109459,0.316217883729
6.0494317,6.0494317,0.316217883729
16.649248,10.0,0.316217883729
1.1833405,1.1833405,0.316217883729
19.5543614,10.0,0.316217883729
1.0562535,1.0562535,0.316217883729
3.5530434,3.5530434,0.316217883729
18.9520482,10.0,0.316217883729
19.6841696,10.0,0.316217883729
20.4506435,10.0,0.316217883729
2.1242708,2.1242708,0.316217883729
20.635125,10.0,0.316217883729
3.7486564,3.7486564,0.316217883729
-0.3648729,-0.3648729,0.316217883729
17.9409815,10.0,0.316217883729
19.5066407,10.0,0.316217883729
-1.2441791,-1.2441791,0.316217883729
-20.1658264,-10.0,0.316217883729
-0.3502518,-0.3502518,0.316217883729
-17.4548805,-10.0,0.316217883729
-14.1163947,-10.0,0.316217883729
-3.5165784,-3.5165784,0.316217883729
-18.9824859,-10.0,0.316217883729
-0.611465,-0.611465,0.316217883729
-19.1095729,-10.0,0.316217883729
-16.612783,-10.0,0.316217883729
-1.2137782,-1.2137782,0.316217883729
-0.4816568,-0.4816568,0.316217883729
0.2848171,0.2848171,0.316217883729
-18.0415556,-10.0,0.316217883729
0.4692986,0.4692986,0.316217883729
-16.41717,-10.0,0.316217883729
-20.5306993,-10.0,0.316217883729
-2.2248449,-2.2248449,0.316217883729
-0.6591857,-0.6591857,0.316217883729
-0.8939273,-0.8939273,0.316217883729
-19.8155746,-10.0,0.316217883729
0.3502518,0.3502518,0.316217883729
-17.1046287,-10.0,0.316217883729
-13.7661429,-10.0,0.316217883729
-3.1663266,-3.1663266,0.316217883729
-18.6322341,-10.0,0.316217883729
-0.2612132,-0.2612132,0.316217883729
-18.7593211,-10.0,0.316217883729
-16.2625312,-10.0,0.316217883729
-0.8635264,-0.8635264,0.316217883729
-0.131405,-0.131405,0.316217883729
0.6350689,0.6350689,0.316217883729
-17.6913038,-10.0,0.316217883729
0.8195504,0.8195504,0.316217883729
-16.0669182,-10.0,0.316217883729
-20.1804475,-10.0,0.316217883729
-1.8745931,-1.8745931,0.316217883729
-0.3089339,-0.3089339,0.316217883729
16.2107014,10.0,0.316217883729
-2.7109459,-2.7109459,0.316217883729
17.4548805,10.0,0.316217883729
17.1046287,10.0,0.316217883729
3.3384858,3.3384858,0.316217883729
13.9383021,10.0,0.316217883729
-1.5276054,-1.5276054,0.316217883729
16.8434155,10.0,0.316217883729
-1.6546924,-1.6546924,0.316217883729
0.8420975,0.8420975,0.316217883729
16.2411023,10.0,0.316217883729
16.9732237,10.0,0.316217883729
17.7396976,10.0,0.316217883729
-0.5866751,-0.5866751,0.316217883729
17.9241791,10.0,0.316217883729
1.0377105,1.0377105,0.316217883729
-3.0758188,-3.0758188,0.316217883729
15.2300356,10.0,0.316217883729
16.7956948,10.0,0.316217883729
12.8722156,10.0,0.316217883729
-6.0494317,-6.0494317,0.316217883729
14.1163947,10.0,0.316217883729
13.7661429,10.0,0.316217883729
-3.3384858,-3.3384858,0.316217883729
10.5998163,10.0,0.316217883729
-4.8660912,-4.8660912,0.316217883729
13.5049297,10.0,0.316217883729
-4.9931782,-4.9931782,0.316217883729
-2.4963883,-2.4963883,0.316217883729
12.9026165,10.0,0.316217883729
13.6347379,10.0,0.316217883729
14.4012118,10.0,0.316217883729
-3.9251609,-3.9251609,0.316217883729
14.5856933,10.0,0.316217883729
-2.3007753,-2.3007753,0.316217883729
-6.4143046,-6.4143046,0.316217883729
11.8915498,10.0,0.316217883729
13.457209,10.0,0.316217883729
2.2723993,2.2723993,0.316217883729
-16.649248,-10.0,0.316217883729
3.5165784,3.5165784,0.316217883729
3.1663266,3.1663266,0.316217883729
-13.9383021,-10.0,0.316217883729
-10.5998163,-10.0,0.316217883729
-15.4659075,-10.0,0.316217883729
2.9051134,2.9051134,0.316217883729
-15.5929945,-10.0,0.316217883729
-13.0962046,-10.0,0.316217883729
2.3028002,2.3028002,0.316217883729
3.0349216,3.0349216,0.316217883729
3.8013955,3.8013955,0.316217883729
-14.5249772,-10.0,0.316217883729
3.985877,3.985877,0.316217883729
-12.9005916,-10.0,0.316217883729
-17.0141209,-10.0,0.316217883729
1.2917335,1.2917335,0.316217883729
2.8573927,2.8573927,0.316217883729
17.7383068,10.0,0.316217883729
-1.1833405,-1.1833405,0.316217883729
18.9824859,10.0,0.316217883729
18.6322341,10.0,0.316217883729
1.5276054,1.5276054,0.316217883729
4.8660912,4.8660912,0.316217883729
15.4659075,10.0,0.316217883729
18.3710209,10.0,0.316217883729
-0.127087,-0.127087,0.316217883729
2.3697029,2.3697029,0.316217883729
17.7687077,10.0,0.316217883729
18.5008291,10.0,0.316217883729
19.267303,10.0,0.316217883729
0.9409303,0.9409303,0.316217883729
19.4517845,10.0,0.316217883729
2.5653159,2.5653159,0.316217883729
-1.5482134,-1.5482134,0.316217883729
16.757641,10.0,0.316217883729
18.3233002,10.0,0.316217883729
-0.6327141,-0.6327141,0.316217883729
-19.5543614,-10.0,0.316217883729
0.611465,0.611465,0.316217883729
0.2612132,0.2612132,0.316217883729
-16.8434155,-10.0,0.316217883729
-13.5049297,-10.0,0.316217883729
-2.9051134,-2.9051134,0.316217883729
-18.3710209,-10.0,0.316217883729
-18.4981079,-10.0,0.316217883729
-16.001318,-10.0,0.316217883729
-0.6023132,-0.6023132,0.316217883729
0.1298082,0.1298082,0.316217883729
0.8962821,0.8962821,0.316217883729
-17.4300906,-10.0,0.316217883729
1.0807636,1.0807636,0.316217883729
-15.805705,-10.0,0.316217883729
-19.9192343,-10.0,0.316217883729
-1.6133799,-1.6133799,0.316217883729
-0.0477207,-0.0477207,0.316217883729
17.8653938,10.0,0.316217883729
-1.0562535,-1.0562535,0.316217883729
19.1095729,10.0,0.316217883729
18.7593211,10.0,0.316217883729
1.6546924,1.6546924,0.316217883729
4.9931782,4.9931782,0.316217883729
15.5929945,10.0,0.316217883729
0.127087,0.127087,0.316217883729
18.4981079,10.0,0.316217883729
2.4967899,2.4967899,0.316217883729
17.8957947,10.0,0.316217883729
18.6279161,10.0,0.316217883729
19.39439,10.0,0.316217883729
1.0680173,1.0680173,0.316217883729
19.5788715,10.0,0.316217883729
2.6924029,2.6924029,0.316217883729
-1.4211264,-1.4211264,0.316217883729
16.884728,10.0,0.316217883729
18.4503872,10.0,0.316217883729
15.3686039,10.0,0.316217883729
-3.5530434,-3.5530434,0.316217883729
16.612783,10.0,0.316217883729
16.2625312,10.0,0.316217883729
-0.8420975,-0.8420975,0.316217883729
2.4963883,2.4963883,0.316217883729
13.0962046,10.0,0.316217883729
-2.3697029,-2.3697029,0.316217883729
16.001318,10.0,0.316217883729
-2.4967899,-2.4967899,0.316217883729
15.3990048,10.0,0.316217883729
16.1311262,10.0,0.316217883729
16.8976001,10.0,0.316217883729
-1.4287726,-1.4287726,0.316217883729
17.0820816,10.0,0.316217883729
0.195613,0.195613,0.316217883729
-3.9179163,-3.9179163,0.316217883729
14.3879381,10.0,0.316217883729
15.9535973,10.0,0.316217883729
-0.0304009,-0.0304009,0.316217883729
-18.9520482,-10.0,0.316217883729
1.2137782,1.2137782,0.316217883729
0.8635264,0.8635264,0.316217883729
-16.2411023,-10.0,0.316217883729
-12.9026165,-10.0,0.316217883729
-2.3028002,-2.3028002,0.316217883729
-17.7687077,-10.0,0.316217883729
0.6023132,0.6023132,0.316217883729
-17.8957947,-10.0,0.316217883729
-15.3990048,-10.0,0.316217883729
0.7321214,0.7321214,0.316217883729
1.4985953,1.4985953,0.316217883729
-16.8277774,-10.0,0.316217883729
1.6830768,1.6830768,0.316217883729
-15.2033918,-10.0,0.316217883729
-19.3169211,-10.0,0.316217883729
-1.0110667,-1.0110667,0.316217883729
0.5545925,0.5545925,0.316217883729
-0.7625223,-0.7625223,0.316217883729
-19.6841696,-10.0,0.316217883729
0.4816568,0.4816568,0.316217883729
0.131405,0.131405,0.316217883729
-16.9732237,-10.0,0.316217883729
-13.6347379,-10.0,0.316217883729
-3.0349216,-3.0349216,0.316217883729
-18.5008291,-10.0,0.316217883729
-0.1298082,-0.1298082,0.316217883729
-18.6279161,-10.0,0.316217883729
-16.1311262,-10.0,0.316217883729
-0.7321214,-0.7321214,0.316217883729
0.7664739,0.7664739,0.316217883729
-17.5598988,-10.0,0.316217883729
0.9509554,0.9509554,0.316217883729
-15.9355132,-10.0,0.316217883729
-20.0490425,-10.0,0.316217883729
-1.7431881,-1.7431881,0.316217883729
-0.1775289,-0.1775289,0.316217883729
-1.5289962,-1.5289962,0.316217883729
-20.4506435,-10.0,0.316217883729
-0.2848171,-0.2848171,0.316217883729
-0.6350689,-0.6350689,0.316217883729
-17.7396976,-10.0,0.316217883729
-14.4012118,-10.0,0.316217883729
-3.8013955,-3.8013955,0.316217883729
-19.267303,-10.0,0.316217883729
-0.8962821,-0.8962821,0.316217883729
-19.39439,-10.0,0.316217883729
-16.8976001,-10.0,0.316217883729
-1.4985953,-1.4985953,0.316217883729
-0.7664739,-0.7664739,0.316217883729
-18.3263727,-10.0,0.316217883729
0.1844815,0.1844815,0.316217883729
-16.7019871,-10.0,0.316217883729
-20.8155164,-10.0,0.316217883729
-2.509662,-2.509662,0.316217883729
-0.9440028,-0.9440028,0.316217883729
16.7973765,10.0,0.316217883729
-2.1242708,-2.1242708,0.316217883729
18.0415556,10.0,0.316217883729
17.6913038,10.0,0.316217883729
0.5866751,0.5866751,0.316217883729
3.9251609,3.9251609,0.316217883729
14.5249772,10.0,0.316217883729
-0.9409303,-0.9409303,0.316217883729
17.4300906,10.0,0.316217883729
-1.0680173,-1.0680173,0.316217883729
1.4287726,1.4287726,0.316217883729
16.8277774,10.0,0.316217883729
17.5598988,10.0,0.316217883729
18.3263727,10.0,0.316217883729
18.5108542,10.0,0.316217883729
1.6243856,1.6243856,0.316217883729
-2.4891437,-2.4891437,0.316217883729
15.8167107,10.0,0.316217883729
17.3823699,10.0,0.316217883729
-1.7134777,-1.7134777,0.316217883729
-20.635125,-10.0,0.316217883729
-0.4692986,-0.4692986,0.316217883729
-0.8195504,-0.8195504,0.316217883729
-17.9241791,-10.0,0.316217883729
-14.5856933,-10.0,0.316217883729
-3.985877,-3.985877,0.316217883729
-19.4517845,-10.0,0.316217883729
-1.0807636,-1.0807636,0.316217883729
-19.5788715,-10.0,0.316217883729
-17.0820816,-10.0,0.316217883729
-1.6830768,-1.6830768,0.316217883729
-0.9509554,-0.9509554,0.316217883729
-0.1844815,-0.1844815,0.316217883729
-18.5108542,-10.0,0.316217883729
-16.8864686,-10.0,0.316217883729
-20.9999979,-10.0,0.316217883729
-2.6941435,-2.6941435,0.316217883729
-1.1284843,-1.1284843,0.316217883729
15.1729909,10.0,0.316217883729
-3.7486564,-3.7486564,0.316217883729
16.41717,10.0,0.316217883729
16.0669182,10.0,0.316217883729
-1.0377105,-1.0377105,0.316217883729
2.3007753,2.3007753,0.316217883729
12.9005916,10.0,0.316217883729
-2.5653159,-2.5653159,0.316217883729
15.805705,10.0,0.316217883729
-2.6924029,-2.6924029,0.316217883729
-0.195613,-0.195613,0.316217883729
15.2033918,10.0,0.316217883729
15.9355132,10.0,0.316217883729
16.7019871,10.0,0.316217883729
-1.6243856,-1.6243856,0.316217883729
16.8864686,10.0,0.316217883729
-4.1135293,-4.1135293,0.316217883729
14.1923251,10.0,0.316217883729
15.7579843,10.0,0.316217883729
19.2865202,10.0,0.316217883729
0.3648729,0.3648729,0.316217883729
20.5306993,10.0,0.316217883729
20.1804475,10.0,0.316217883729
3.0758188,3.0758188,0.316217883729
6.4143046,6.4143046,0.316217883729
17.0141209,10.0,0.316217883729
1.5482134,1.5482134,0.316217883729
19.9192343,10.0,0.316217883729
1.4211264,1.4211264,0.316217883729
3.9179163,3.9179163,0.316217883729
19.3169211,10.0,0.316217883729
20.0490425,10.0,0.316217883729
20.8155164,10.0,0.316217883729
2.4891437,2.4891437,0.316217883729
20.9999979,10.0,0.316217883729
4.1135293,4.1135293,0.316217883729
18.3058544,10.0,0.316217883729
19.8715136,10.0,0.316217883729
0.9806658,0.9806658,0.316217883729
-17.9409815,-10.0,0.316217883729
2.2248449,2.2248449,0.316217883729
1.8745931,1.8745931,0.316217883729
-15.2300356,-10.0,0.316217883729
-11.8915498,-10.0,0.316217883729
-1.2917335,-1.2917335,0.316217883729
-16.757641,-10.0,0.316217883729
1.6133799,1.6133799,0.316217883729
-16.884728,-10.0,0.316217883729
-14.3879381,-10.0,0.316217883729
1.0110667,1.0110667,0.316217883729
1.7431881,1.7431881,0.316217883729
2.509662,2.509662,0.316217883729
-15.8167107,-10.0,0.316217883729
2.6941435,2.6941435,0.316217883729
-14.1923251,-10.0,0.316217883729
-18.3058544,-10.0,0.316217883729
1.5656592,1.5656592,0.316217883729
-0.5849934,-0.5849934,0.316217883729
-19.5066407,-10.0,0.316217883729
0.6591857,0.6591857,0.316217883729
0.3089339,0.3089339,0.316217883729
-16.7956948,-10.0,0.316217883729
-13.457209,-10.0,0.316217883729
-2.8573927,-2.8573927,0.316217883729
-18.3233002,-10.0,0.316217883729
0.0477207,0.0477207,0.316217883729
-18.4503872,-10.0,0.316217883729
-15.9535973,-10.0,0.316217883729
-0.5545925,-0.5545925,0.316217883729
0.1775289,0.1775289,0.316217883729
0.9440028,0.9440028,0.316217883729
-17.3823699,-10.0,0.316217883729
1.1284843,1.1284843,0.316217883729
-15.7579843,-10.0,0.316217883729
-19.8715136,-10.0,0.316217883729
-1.5656592,-1.5656592,0.316217883729
0.2448064,0.2448064,0.0296765236693
2.9670816,2.9670816,0.0296765236693
1.4340245,1.4340245,0.0296765236693
2.9701537,2.9701537,0.0296765236693
2.9701519,2.9701519,0.0296765236693
2.8137062,2.8137062,0.0296765236693
-13.5600043,-10.0,0.0296765236693
2.9427381,2.9427381,0.0296765236693
-18.0298444,-10.0,0.0296765236693
2.9592307,2.9592307,0.0296765236693
2.5450633,2.5450633,0.0296765236693
1.8326753,1.8326753,0.0296765236693
2.9180052,2.9180052,0.0296765236693
2.9701523,2.9701523,0.0296765236693
2.9701541,2.9701541,0.0296765236693
1.6211317,1.6211317,0.0296765236693
-13.3227277,-10.0,0.0296765236693
2.7730064,2.7730064,0.0296765236693
1.1288428,1.1288428,0.0296765236693
-0.2448064,-0.2448064,0.0296765236693
2.7222752,2.7222752,0.0296765236693
1.1892181,1.1892181,0.0296765236693
2.7253473,2.7253473,0.0296765236693
2.7253455,2.7253455,0.0296765236693
2.5688998,2.5688998,0.0296765236693
-13.8048107,-10.0,0.0296765236693
2.6979317,2.6979317,0.0296765236693
-18.2746508,-10.0,0.0296765236693
2.7144243,2.7144243,0.0296765236693
2.3002569,2.3002569,0.0296765236693
1.5878689,1.5878689,0.0296765236693
2.6731988,2.6731988,0.0296765236693
2.7253459,2.7253459,0.0296765236693
2.7253477,2.7253477,0.0296765236693
1.3763253,1.3763253,0.0296765236693
-13.5675341,-10.0,0.0296765236693
2.5282,2.5282,0.0296765236693
0.8840364,0.8840364,0.0296765236693
-2.9670816,-2.9670816,0.0296765236693
-2.7222752,-2.7222752,0.0296765236693
-1.5330571,-1.5330571,0.0296765236693
0.0030721,0.0030721,0.0296765236693
0.0030703,0.0030703,0.0296765236693
-0.1533754,-0.1533754,0.0296765236693
-16.5270859,-10.0,0.0296765236693
-0.0243435,-0.0243435,0.0296765236693
-20.996926,-10.0,0.0296765236693
-0.0078509,-0.0078509,0.0296765236693
-0.4220183,-0.4220183,0.0296765236693
-1.1344063,-1.1344063,0.0296765236693
-0.0490764,-0.0490764,0.0296765236693
0.0030707,0.0030707,0.0296765236693
0.0030725,0.0030725,0.0296765236693
-1.3459499,-1.3459499,0.0296765236693
-16.2898093,-10.0,0.0296765236693
-0.1940752,-0.1940752,0.0296765236693
-1.8382388,-1.8382388,0.0296765236693
-1.4340245,-1.4340245,0.0296765236693
-1.1892181,-1.1892181,0.0296765236693
1.5330571,1.5330571,0.0296765236693
1.5361292,1.5361292,0.0296765236693
1.5361274,1.5361274,0.0296765236693
1.3796817,1.3796817,0.0296765236693
-14.9940288,-10.0,0.0296765236693
1.5087136,1.5087136,0.0296765236693
-19.4638689,-10.0,0.0296765236693
1.5252062,1.5252062,0.0296765236693
1.1110388,1.1110388,0.0296765236693
0.3986508,0.3986508,0.0296765236693
1.4839807,1.4839807,0.0296765236693
1.5361278,1.5361278,0.0296765236693
1.5361296,1.5361296,0.0296765236693
0.1871072,0.1871072,0.0296765236693
-14.7567522,-10.0,0.0296765236693
1.3389819,1.3389819,0.0296765236693
-0.3051817,-0.3051817,0.0296765236693
-2.9701537,-2.9701537,0.0296765236693
-2.7253473,-2.7253473,0.0296765236693
-0.0030721,-0.0030721,0.0296765236693
-1.5361292,-1.5361292,0.0296765236693
-1.79999999972e-06,-1.79999999972e-06,0.0296765236693
-0.1564475,-0.1564475,0.0296765236693
-16.530158,-10.0,0.0296765236693
-0.0274156,-0.0274156,0.0296765236693
-20.9999981,-10.0,0.0296765236693
-0.010923,-0.010923,0.0296765236693
-0.4250904,-0.4250904,0.0296765236693
-1.1374784,-1.1374784,0.0296765236693
-0.0521485,-0.0521485,0.0296765236693
-1.3999999986e-06,-1.3999999986e-06,0.0296765236693
4.00000001122e-07,4.00000001122e-07,0.0296765236693
-1.349022,-1.349022,0.0296765236693
-16.2928814,-10.0,0.0296765236693
-0.1971473,-0.1971473,0.0296765236693
-1.8413109,-1.8413109,0.0296765236693
-2.9701519,-2.9701519,0.0296765236693
-2.7253455,-2.7253455,0.0296765236693
-0.0030703,-0.0030703,0.0296765236693
-1.5361274,-1.5361274,0.0296765236693
1.79999999972e-06,1.79999999972e-06,0.0296765236693
-0.1564457,-0.1564457,0.0296765236693
-16.5301562,-10.0,0.0296765236693
-0.0274138,-0.0274138,0.0296765236693
-20.9999963,-10.0,0.0296765236693
-0.0109212,-0.0109212,0.0296765236693
-0.4250886,-0.4250886,0.0296765236693
-1.1374766,-1.1374766,0.0296765236693
-0.0521467,-0.0521467,0.0296765236693
4.00000001122e-07,4.00000001122e-07,0.0296765236693
2.20000000084e-06,2.20000000084e-06,0.0296765236693
-1.3490202,-1.3490202,0.0296765236693
-16.2928796,-10.0,0.0296765236693
-0.1971455,-0.1971455,0.0296765236693
-1.8413091,-1.8413091,0.0296765236693
-2.8137062,-2.8137062,0.0296765236693
-2.5688998,-2.5688998,0.0296765236693
0.1533754,0.1533754,0.0296765236693
-1.3796817,-1.3796817,0.0296765236693
0.1564475,0.1564475,0.0296765236693
0.1564457,0.1564457,0.0296765236693
-16.3737105,-10.0,0.0296765236693
0.1290319,0.1290319,0.0296765236693
-20.8435506,-10.0,0.0296765236693
0.1455245,0.1455245,0.0296765236693
-0.2686429,-0.2686429,0.0296765236693
-0.9810309,-0.9810309,0.0296765236693
0.104299,0.104299,0.0296765236693
0.1564461,0.1564461,0.0296765236693
0.1564479,0.1564479,0.0296765236693
-1.1925745,-1.1925745,0.0296765236693
-16.1364339,-10.0,0.0296765236693
-0.0406998,-0.0406998,0.0296765236693
-1.6848634,-1.6848634,0.0296765236693
13.5600043,10.0,0.0296765236693
13.8048107,10.0,0.0296765236693
16.5270859,10.0,0.0296765236693
14.9940288,10.0,0.0296765236693
16.530158,10.0,0.0296765236693
16.5301562,10.0,0.0296765236693
16.3737105,10.0,0.0296765236693
16.5027424,10.0,0.0296765236693
-4.4698401,-4.4698401,0.0296765236693
16.519235,10.0,0.0296765236693
16.1050676,10.0,0.0296765236693
15.3926796,10.0,0.0296765236693
16.4780095,10.0,0.0296765236693
16.5301566,10.0,0.0296765236693
16.5301584,10.0,0.0296765236693
15.181136,10.0,0.0296765236693
0.2372766,0.2372766,0.0296765236693
16.3330107,10.0,0.0296765236693
14.6888471,10.0,0.0296765236693
-2.9427381,-2.9427381,0.0296765236693
-2.6979317,-2.6979317,0.0296765236693
0.0243435,0.0243435,0.0296765236693
-1.5087136,-1.5087136,0.0296765236693
0.0274156,0.0274156,0.0296765236693
0.0274138,0.0274138,0.0296765236693
-0.1290319,-0.1290319,0.0296765236693
-16.5027424,-10.0,0.0296765236693
-20.9725825,-10.0,0.0296765236693
0.0164926,0.0164926,0.0296765236693
-0.3976748,-0.3976748,0.0296765236693
-1.1100628,-1.1100628,0.0296765236693
-0.0247329,-0.0247329,0.0296765236693
0.0274142,0.0274142,0.0296765236693
0.027416,0.027416,0.0296765236693
-1.3216064,-1.3216064,0.0296765236693
-16.2654658,-10.0,0.0296765236693
-0.1697317,-0.1697317,0.0296765236693
-1.8138953,-1.8138953,0.0296765236693
18.0298444,10.0,0.0296765236693
18.2746508,10.0,0.0296765236693
20.996926,10.0,0.0296765236693
19.4638689,10.0,0.0296765236693
20.9999981,10.0,0.0296765236693
20.9999963,10.0,0.0296765236693
20.8435506,10.0,0.0296765236693
4.4698401,4.4698401,0.0296765236693
20.9725825,10.0,0.0296765236693
20.9890751,10.0,0.0296765236693
20.5749077,10.0,0.0296765236693
19.8625197,10.0,0.0296765236693
20.9478496,10.0,0.0296765236693
20.9999967,10.0,0.0296765236693
20.9999985,10.0,0.0296765236693
19.6509761,10.0,0.0296765236693
4.7071167,4.7071167,0.0296765236693
20.8028508,10.0,0.0296765236693
19.1586872,10.0,0.0296765236693
-2.9592307,-2.9592307,0.0296765236693
-2.7144243,-2.7144243,0.0296765236693
0.0078509,0.0078509,0.0296765236693
-1.5252062,-1.5252062,0.0296765236693
0.010923,0.010923,0.0296765236693
0.0109212,0.0109212,0.0296765236693
-0.1455245,-0.1455245,0.0296765236693
-16.519235,-10.0,0.0296765236693
-0.0164926,-0.0164926,0.0296765236693
-20.9890751,-10.0,0.0296765236693
-0.4141674,-0.4141674,0.0296765236693
-1.1265554,-1.1265554,0.0296765236693
-0.0412255,-0.0412255,0.0296765236693
0.0109216,0.0109216,0.0296765236693
0.0109234,0.0109234,0.0296765236693
-1.338099,-1.338099,0.0296765236693
-16.2819584,-10.0,0.0296765236693
-0.1862243,-0.1862243,0.0296765236693
-1.8303879,-1.8303879,0.0296765236693
-2.5450633,-2.5450633,0.0296765236693
-2.3002569,-2.3002569,0.0296765236693
0.4220183,0.4220183,0.0296765236693
-1.1110388,-1.1110388,0.0296765236693
0.4250904,0.4250904,0.0296765236693
0.4250886,0.4250886,0.0296765236693
0.2686429,0.2686429,0.0296765236693
-16.1050676,-10.0,0.0296765236693
0.3976748,0.3976748,0.0296765236693
-20.5749077,-10.0,0.0296765236693
0.4141674,0.4141674,0.0296765236693
-0.712388,-0.712388,0.0296765236693
0.3729419,0.3729419,0.0296765236693
0.425089,0.425089,0.0296765236693
0.4250908,0.4250908,0.0296765236693
-0.9239316,-0.9239316,0.0296765236693
-15.867791,-10.0,0.0296765236693
0.2279431,0.2279431,0.0296765236693
-1.4162205,-1.4162205,0.0296765236693
-1.8326753,-1.8326753,0.0296765236693
-1.5878689,-1.5878689,0.0296765236693
1.1344063,1.1344063,0.0296765236693
-0.3986508,-0.3986508,0.0296765236693
1.1374784,1.1374784,0.0296765236693
1.1374766,1.1374766,0.0296765236693
0.9810309,0.9810309,0.0296765236693
-15.3926796,-10.0,0.0296765236693
1.1100628,1.1100628,0.0296765236693
-19.8625197,-10.0,0.0296765236693
1.1265554,1.1265554,0.0296765236693
0.712388,0.712388,0.0296765236693
1.0853299,1.0853299,0.0296765236693
1.137477,1.137477,0.0296765236693
1.1374788,1.1374788,0.0296765236693
-0.2115436,-0.2115436,0.0296765236693
-15.155403,-10.0,0.0296765236693
0.9403311,0.9403311,0.0296765236693
-0.7038325,-0.7038325,0.0296765236693
-2.9180052,-2.9180052,0.0296765236693
-2.6731988,-2.6731988,0.0296765236693
0.0490764,0.0490764,0.0296765236693
-1.4839807,-1.4839807,0.0296765236693
0.0521485,0.0521485,0.0296765236693
0.0521467,0.0521467,0.0296765236693
-0.104299,-0.104299,0.0296765236693
-16.4780095,-10.0,0.0296765236693
0.0247329,0.0247329,0.0296765236693
-20.9478496,-10.0,0.0296765236693
0.0412255,0.0412255,0.0296765236693
-0.3729419,-0.3729419,0.0296765236693
-1.0853299,-1.0853299,0.0296765236693
0.0521471,0.0521471,0.0296765236693
0.0521489,0.0521489,0.0296765236693
-1.2968735,-1.2968735,0.0296765236693
-16.2407329,-10.0,0.0296765236693
-0.1449988,-0.1449988,0.0296765236693
-1.7891624,-1.7891624,0.0296765236693
-2.9701523,-2.9701523,0.0296765236693
-2.7253459,-2.7253459,0.0296765236693
-0.0030707,-0.0030707,0.0296765236693
-1.5361278,-1.5361278,0.0296765236693
1.3999999986e-06,1.3999999986e-06,0.0296765236693
-4.00000001122e-07,-4.00000001122e-07,0.0296765236693
-0.1564461,-0.1564461,0.0296765236693
-16.5301566,-10.0,0.0296765236693
-0.0274142,-0.0274142,0.0296765236693
-20.9999967,-10.0,0.0296765236693
-0.0109216,-0.0109216,0.0296765236693
-0.425089,-0.425089,0.0296765236693
-1.137477,-1.137477,0.0296765236693
-0.0521471,-0.0521471,0.0296765236693
1.79999999972e-06,1.79999999972e-06,0.0296765236693
-1.3490206,-1.3490206,0.0296765236693
-16.29288,-10.0,0.0296765236693
-0.1971459,-0.1971459,0.0296765236693
-1.8413095,-1.8413095,0.0296765236693
-2.9701541,-2.9701541,0.0296765236693
-2.7253477,-2.7253477,0.0296765236693
-0.0030725,-0.0030725,0.0296765236693
-1.5361296,-1.5361296,0.0296765236693
-4.00000001122e-07,-4.00000001122e-07,0.0296765236693
-2.20000000084e-06,-2.20000000084e-06,0.0296765236693
-0.1564479,-0.1564479,0.0296765236693
-16.5301584,-10.0,0.0296765236693
-0.027416,-0.027416,0.0296765236693
-20.9999985,-10.0,0.0296765236693
-0.0109234,-0.0109234,0.0296765236693
-0.4250908,-0.4250908,0.0296765236693
-1.1374788,-1.1374788,0.0296765236693
-0.0521489,-0.0521489,0.0296765236693
-1.79999999972e-06,-1.79999999972e-06,0.0296765236693
-1.3490224,-1.3490224,0.0296765236693
-16.2928818,-10.0,0.0296765236693
-0.1971477,-0.1971477,0.0296765236693
-1.8413113,-1.8413113,0.0296765236693
-1.6211317,-1.6211317,0.0296765236693
-1.3763253,-1.3763253,0.0296765236693
1.3459499,1.3459499,0.0296765236693
-0.1871072,-0.1871072,0.0296765236693
1.349022,1.349022,0.0296765236693
1.3490202,1.3490202,0.0296765236693
1.1925745,1.1925745,0.0296765236693
-15.181136,-10.0,0.0296765236693
1.3216064,1.3216064,0.0296765236693
-19.6509761,-10.0,0.0296765236693
1.338099,1.338099,0.0296765236693
0.9239316,0.9239316,0.0296765236693
0.2115436,0.2115436,0.0296765236693
1.2968735,1.2968735,0.0296765236693
1.3490206,1.3490206,0.0296765236693
1.3490224,1.3490224,0.0296765236693
-14.9438594,-10.0,0.0296765236693
1.1518747,1.1518747,0.0296765236693
-0.4922889,-0.4922889,0.0296765236693
13.3227277,10.0,0.0296765236693
13.5675341,10.0,0.0296765236693
16.2898093,10.0,0.0296765236693
14.7567522,10.0,0.0296765236693
16.2928814,10.0,0.0296765236693
16.2928796,10.0,0.0296765236693
16.1364339,10.0,0.0296765236693
-0.2372766,-0.2372766,0.0296765236693
16.2654658,10.0,0.0296765236693
-4.7071167,-4.7071167,0.0296765236693
16.2819584,10.0,0.0296765236693
15.867791,10.0,0.0296765236693
15.155403,10.0,0.0296765236693
16.2407329,10.0,0.0296765236693
16.29288,10.0,0.0296765236693
16.2928818,10.0,0.0296765236693
14.9438594,10.0,0.0296765236693
16.0957341,10.0,0.0296765236693
14.4515705,10.0,0.0296765236693
-2.7730064,-2.7730064,0.0296765236693
-2.5282,-2.5282,0.0296765236693
0.1940752,0.1940752,0.0296765236693
-1.3389819,-1.3389819,0.0296765236693
0.1971473,0.1971473,0.0296765236693
0.1971455,0.1971455,0.0296765236693
0.0406998,0.0406998,0.0296765236693
-16.3330107,-10.0,0.0296765236693
0.1697317,0.1697317,0.0296765236693
-20.8028508,-10.0,0.0296765236693
0.1862243,0.1862243,0.0296765236693
-0.2279431,-0.2279431,0.0296765236693
-0.9403311,-0.9403311,0.0296765236693
0.1449988,0.1449988,0.0296765236693
0.1971459,0.1971459,0.0296765236693
0.1971477,0.1971477,0.0296765236693
-1.1518747,-1.1518747,0.0296765236693
-16.0957341,-10.0,0.0296765236693
-1.6441636,-1.6441636,0.0296765236693
-1.1288428,-1.1288428,0.0296765236693
-0.8840364,-0.8840364,0.0296765236693
1.8382388,1.8382388,0.0296765236693
0.3051817,0.3051817,0.0296765236693
1.8413109,1.8413109,0.0296765236693
1.8413091,1.8413091,0.0296765236693
1.6848634,1.6848634,0.0296765236693
-14.6888471,-10.0,0.0296765236693
1.8138953,1.8138953,0.0296765236693
-19.1586872,-10.0,0.0296765236693
1.8303879,1.8303879,0.0296765236693
1.4162205,1.4162205,0.0296765236693
0.7038325,0.7038325,0.0296765236693
1.7891624,1.7891624,0.0296765236693
1.8413095,1.8413095,0.0296765236693
1.8413113,1.8413113,0.0296765236693
0.4922889,0.4922889,0.0296765236693
-14.4515705,-10.0,0.0296765236693
1.6441636,1.6441636,0.0296765236693
17.7631939,10.0,0.0123876350093
20.9999802,10.0,0.0123876350093
20.6686545,10.0,0.0123876350093
20.7661439,10.0,0.0123876350093
20.2340787,10.0,0.0123876350093
20.9976698,10.0,0.0123876350093
20.9999984,10.0,0.0123876350093
20.8924479,10.0,0.0123876350093
20.253814,10.0,0.0123876350093
20.4059609,10.0,0.0123876350093
19.9970258,10.0,0.0123876350093
20.9999949,10.0,0.0123876350093
17.3872158,10.0,0.0123876350093
14.4189438,10.0,0.0123876350093
20.7689421,10.0,0.0123876350093
20.999998,10.0,0.0123876350093
4.8547125,4.8547125,0.0123876350093
20.6169944,10.0,0.0123876350093
18.2255867,10.0,0.0123876350093
-17.7631939,-10.0,0.0123876350093
3.2367863,3.2367863,0.0123876350093
2.9054606,2.9054606,0.0123876350093
3.00295,3.00295,0.0123876350093
2.4708848,2.4708848,0.0123876350093
3.2344759,3.2344759,0.0123876350093
3.2368045,3.2368045,0.0123876350093
3.129254,3.129254,0.0123876350093
2.4906201,2.4906201,0.0123876350093
2.642767,2.642767,0.0123876350093
2.2338319,2.2338319,0.0123876350093
3.236801,3.236801,0.0123876350093
-0.3759781,-0.3759781,0.0123876350093
-3.3442501,-3.3442501,0.0123876350093
3.0057482,3.0057482,0.0123876350093
3.2368041,3.2368041,0.0123876350093
-12.9084814,-10.0,0.0123876350093
2.8538005,2.8538005,0.0123876350093
0.4623928,0.4623928,0.0123876350093
-20.9999802,-10.0,0.0123876350093
-3.2367863,-3.2367863,0.0123876350093
-0.3313257,-0.3313257,0.0123876350093
-0.2338363,-0.2338363,0.0123876350093
-0.7659015,-0.7659015,0.0123876350093
-0.0023104,-0.0023104,0.0123876350093
1.81999999995e-05,1.81999999995e-05,0.0123876350093
-0.1075323,-0.1075323,0.0123876350093
-0.7461662,-0.7461662,0.0123876350093
-0.5940193,-0.5940193,0.0123876350093
-1.0029544,-1.0029544,0.0123876350093
1.47000000013e-05,1.47000000013e-05,0.0123876350093
-3.6127644,-3.6127644,0.0123876350093
-6.5810364,-6.5810364,0.0123876350093
-0.2310381,-0.2310381,0.0123876350093
1.7800000002e-05,1.7800000002e-05,0.0123876350093
-16.1452677,-10.0,0.0123876350093
-0.3829858,-0.3829858,0.0123876350093
-2.7743935,-2.7743935,0.0123876350093
-20.6686545,-10.0,0.0123876350093
-2.9054606,-2.9054606,0.0123876350093
0.3313257,0.3313257,0.0123876350093
0.0974894,0.0974894,0.0123876350093
-0.4345758,-0.4345758,0.0123876350093
0.3290153,0.3290153,0.0123876350093
0.3313439,0.3313439,0.0123876350093
0.2237934,0.2237934,0.0123876350093
-0.4148405,-0.4148405,0.0123876350093
-0.2626936,-0.2626936,0.0123876350093
-0.6716287,-0.6716287,0.0123876350093
0.3313404,0.3313404,0.0123876350093
-3.2814387,-3.2814387,0.0123876350093
-6.2497107,-6.2497107,0.0123876350093
0.1002876,0.1002876,0.0123876350093
0.3313435,0.3313435,0.0123876350093
-15.813942,-10.0,0.0123876350093
-0.0516601,-0.0516601,0.0123876350093
-2.4430678,-2.4430678,0.0123876350093
-20.7661439,-10.0,0.0123876350093
-3.00295,-3.00295,0.0123876350093
0.2338363,0.2338363,0.0123876350093
-0.0974894,-0.0974894,0.0123876350093
-0.5320652,-0.5320652,0.0123876350093
0.2315259,0.2315259,0.0123876350093
0.2338545,0.2338545,0.0123876350093
0.126304,0.126304,0.0123876350093
-0.5123299,-0.5123299,0.0123876350093
-0.360183,-0.360183,0.0123876350093
-0.7691181,-0.7691181,0.0123876350093
0.233851,0.233851,0.0123876350093
-3.3789281,-3.3789281,0.0123876350093
-6.3472001,-6.3472001,0.0123876350093
0.0027982,0.0027982,0.0123876350093
0.2338541,0.2338541,0.0123876350093
-15.9114314,-10.0,0.0123876350093
-0.1491495,-0.1491495,0.0123876350093
-2.5405572,-2.5405572,0.0123876350093
-20.2340787,-10.0,0.0123876350093
-2.4708848,-2.4708848,0.0123876350093
0.7659015,0.7659015,0.0123876350093
0.4345758,0.4345758,0.0123876350093
0.5320652,0.5320652,0.0123876350093
0.7635911,0.7635911,0.0123876350093
0.7659197,0.7659197,0.0123876350093
0.6583692,0.6583692,0.0123876350093
0.0197353,0.0197353,0.0123876350093
0.1718822,0.1718822,0.0123876350093
-0.2370529,-0.2370529,0.0123876350093
0.7659162,0.7659162,0.0123876350093
-2.8468629,-2.8468629,0.0123876350093
-5.8151349,-5.8151349,0.0123876350093
0.5348634,0.5348634,0.0123876350093
0.7659193,0.7659193,0.0123876350093
-15.3793662,-10.0,0.0123876350093
0.3829157,0.3829157,0.0123876350093
-2.008492,-2.008492,0.0123876350093
-20.9976698,-10.0,0.0123876350093
-3.2344759,-3.2344759,0.0123876350093
0.0023104,0.0023104,0.0123876350093
-0.3290153,-0.3290153,0.0123876350093
-0.2315259,-0.2315259,0.0123876350093
-0.7635911,-0.7635911,0.0123876350093
0.0023286,0.0023286,0.0123876350093
-0.1052219,-0.1052219,0.0123876350093
-0.7438558,-0.7438558,0.0123876350093
-0.5917089,-0.5917089,0.0123876350093
-1.000644,-1.000644,0.0123876350093
0.0023251,0.0023251,0.0123876350093
-3.610454,-3.610454,0.0123876350093
-6.578726,-6.578726,0.0123876350093
-0.2287277,-0.2287277,0.0123876350093
0.0023282,0.0023282,0.0123876350093
-16.1429573,-10.0,0.0123876350093
-0.3806754,-0.3806754,0.0123876350093
-2.7720831,-2.7720831,0.0123876350093
-20.9999984,-10.0,0.0123876350093
-3.2368045,-3.2368045,0.0123876350093
-1.81999999995e-05,-1.81999999995e-05,0.0123876350093
-0.3313439,-0.3313439,0.0123876350093
-0.2338545,-0.2338545,0.0123876350093
-0.7659197,-0.7659197,0.0123876350093
-0.0023286,-0.0023286,0.0123876350093
-0.1075505,-0.1075505,0.0123876350093
-0.7461844,-0.7461844,0.0123876350093
-0.5940375,-0.5940375,0.0123876350093
-1.0029726,-1.0029726,0.0123876350093
-3.49999999827e-06,-3.49999999827e-06,0.0123876350093
-3.6127826,-3.6127826,0.0123876350093
-6.5810546,-6.5810546,0.0123876350093
-0.2310563,-0.2310563,0.0123876350093
-3.99999997569e-07,-3.99999997569e-07,0.0123876350093
-16.1452859,-10.0,0.0123876350093
-0.383004,-0.383004,0.0123876350093
-2.7744117,-2.7744117,0.0123876350093
-20.8924479,-10.0,0.0123876350093
-3.129254,-3.129254,0.0123876350093
0.1075323,0.1075323,0.0123876350093
-0.2237934,-0.2237934,0.0123876350093
-0.126304,-0.126304,0.0123876350093
-0.6583692,-0.6583692,0.0123876350093
0.1052219,0.1052219,0.0123876350093
0.1075505,0.1075505,0.0123876350093
-0.6386339,-0.6386339,0.0123876350093
-0.486487,-0.486487,0.0123876350093
-0.8954221,-0.8954221,0.0123876350093
0.107547,0.107547,0.0123876350093
-3.5052321,-3.5052321,0.0123876350093
-6.4735041,-6.4735041,0.0123876350093
-0.1235058,-0.1235058,0.0123876350093
0.1075501,0.1075501,0.0123876350093
-16.0377354,-10.0,0.0123876350093
-0.2754535,-0.2754535,0.0123876350093
-2.6668612,-2.6668612,0.0123876350093
-20.253814,-10.0,0.0123876350093
-2.4906201,-2.4906201,0.0123876350093
0.7461662,0.7461662,0.0123876350093
0.4148405,0.4148405,0.0123876350093
0.5123299,0.5123299,0.0123876350093
-0.0197353,-0.0197353,0.0123876350093
0.7438558,0.7438558,0.0123876350093
0.7461844,0.7461844,0.0123876350093
0.6386339,0.6386339,0.0123876350093
0.1521469,0.1521469,0.0123876350093
-0.2567882,-0.2567882,0.0123876350093
0.7461809,0.7461809,0.0123876350093
-2.8665982,-2.8665982,0.0123876350093
-5.8348702,-5.8348702,0.0123876350093
0.5151281,0.5151281,0.0123876350093
0.746184,0.746184,0.0123876350093
-15.3991015,-10.0,0.0123876350093
0.3631804,0.3631804,0.0123876350093
-2.0282273,-2.0282273,0.0123876350093
-20.4059609,-10.0,0.0123876350093
-2.642767,-2.642767,0.0123876350093
0.5940193,0.5940193,0.0123876350093
0.2626936,0.2626936,0.0123876350093
0.360183,0.360183,0.0123876350093
-0.1718822,-0.1718822,0.0123876350093
0.5917089,0.5917089,0.0123876350093
0.5940375,0.5940375,0.0123876350093
0.486487,0.486487,0.0123876350093
-0.1521469,-0.1521469,0.0123876350093
-0.4089351,-0.4089351,0.0123876350093
0.594034,0.594034,0.0123876350093
-3.0187451,-3.0187451,0.0123876350093
-5.9870171,-5.9870171,0.0123876350093
0.3629812,0.3629812,0.0123876350093
0.5940371,0.5940371,0.0123876350093
-15.5512484,-10.0,0.0123876350093
0.2110335,0.2110335,0.0123876350093
-2.1803742,-2.1803742,0.0123876350093
-19.9970258,-10.0,0.0123876350093
-2.2338319,-2.2338319,0.0123876350093
1.0029544,1.0029544,0.0123876350093
0.6716287,0.6716287,0.0123876350093
0.7691181,0.7691181,0.0123876350093
0.2370529,0.2370529,0.0123876350093
1.000644,1.000644,0.0123876350093
1.0029726,1.0029726,0.0123876350093
0.8954221,0.8954221,0.0123876350093
0.2567882,0.2567882,0.0123876350093
0.4089351,0.4089351,0.0123876350093
1.0029691,1.0029691,0.0123876350093
-2.60981,-2.60981,0.0123876350093
-5.578082,-5.578082,0.0123876350093
0.7719163,0.7719163,0.0123876350093
1.0029722,1.0029722,0.0123876350093
-15.1423133,-10.0,0.0123876350093
0.6199686,0.6199686,0.0123876350093
-1.7714391,-1.7714391,0.0123876350093
-20.9999949,-10.0,0.0123876350093
-3.236801,-3.236801,0.0123876350093
-1.47000000013e-05,-1.47000000013e-05,0.0123876350093
-0.3313404,-0.3313404,0.0123876350093
-0.233851,-0.233851,0.0123876350093
-0.7659162,-0.7659162,0.0123876350093
-0.0023251,-0.0023251,0.0123876350093
3.49999999827e-06,3.49999999827e-06,0.0123876350093
-0.107547,-0.107547,0.0123876350093
-0.7461809,-0.7461809,0.0123876350093
-0.594034,-0.594034,0.0123876350093
-1.0029691,-1.0029691,0.0123876350093
-3.6127791,-3.6127791,0.0123876350093
-6.5810511,-6.5810511,0.0123876350093
-0.2310528,-0.2310528,0.0123876350093
3.1000000007e-06,3.1000000007e-06,0.0123876350093
-16.1452824,-10.0,0.0123876350093
-0.3830005,-0.3830005,0.0123876350093
-2.7744082,-2.7744082,0.0123876350093
-17.3872158,-10.0,0.0123876350093
0.3759781,0.3759781,0.0123876350093
3.6127644,3.6127644,0.0123876350093
3.2814387,3.2814387,0.0123876350093
3.3789281,3.3789281,0.0123876350093
2.8468629,2.8468629,0.0123876350093
3.610454,3.610454,0.0123876350093
3.6127826,3.6127826,0.0123876350093
3.5052321,3.5052321,0.0123876350093
2.8665982,2.8665982,0.0123876350093
3.0187451,3.0187451,0.0123876350093
2.60981,2.60981,0.0123876350093
3.6127791,3.6127791,0.0123876350093
-2.968272,-2.968272,0.0123876350093
3.3817263,3.3817263,0.0123876350093
3.6127822,3.6127822,0.0123876350093
-12.5325033,-10.0,0.0123876350093
3.2297786,3.2297786,0.0123876350093
0.8383709,0.8383709,0.0123876350093
-14.4189438,-10.0,0.0123876350093
3.3442501,3.3442501,0.0123876350093
6.5810364,6.5810364,0.0123876350093
6.2497107,6.2497107,0.0123876350093
6.3472001,6.3472001,0.0123876350093
5.8151349,5.8151349,0.0123876350093
6.578726,6.578726,0.0123876350093
6.5810546,6.5810546,0.0123876350093
6.4735041,6.4735041,0.0123876350093
5.8348702,5.8348702,0.0123876350093
5.9870171,5.9870171,0.0123876350093
5.578082,5.578082,0.0123876350093
6.5810511,6.5810511,0.0123876350093
2.968272,2.968272,0.0123876350093
6.3499983,6.3499983,0.0123876350093
6.5810542,6.5810542,0.0123876350093
-9.5642313,-9.5642313,0.0123876350093
6.1980506,6.1980506,0.0123876350093
3.8066429,3.8066429,0.0123876350093
-20.7689421,-10.0,0.0123876350093
-3.0057482,-3.0057482,0.0123876350093
0.2310381,0.2310381,0.0123876350093
-0.1002876,-0.1002876,0.0123876350093
-0.0027982,-0.0027982,0.0123876350093
-0.5348634,-0.5348634,0.0123876350093
0.2287277,0.2287277,0.0123876350093
0.2310563,0.2310563,0.0123876350093
0.1235058,0.1235058,0.0123876350093
-0.5151281,-0.5151281,0.0123876350093
-0.3629812,-0.3629812,0.0123876350093
-0.7719163,-0.7719163,0.0123876350093
0.2310528,0.2310528,0.0123876350093
-3.3817263,-3.3817263,0.0123876350093
-6.3499983,-6.3499983,0.0123876350093
0.2310559,0.2310559,0.0123876350093
-15.9142296,-10.0,0.0123876350093
-0.1519477,-0.1519477,0.0123876350093
-2.5433554,-2.5433554,0.0123876350093
-20.999998,-10.0,0.0123876350093
-3.2368041,-3.2368041,0.0123876350093
-1.7800000002e-05,-1.7800000002e-05,0.0123876350093
-0.3313435,-0.3313435,0.0123876350093
-0.2338541,-0.2338541,0.0123876350093
-0.7659193,-0.7659193,0.0123876350093
-0.0023282,-0.0023282,0.0123876350093
3.99999997569e-07,3.99999997569e-07,0.0123876350093
-0.1075501,-0.1075501,0.0123876350093
-0.746184,-0.746184,0.0123876350093
-0.5940371,-0.5940371,0.0123876350093
-1.0029722,-1.0029722,0.0123876350093
-3.1000000007e-06,-3.1000000007e-06,0.0123876350093
-3.6127822,-3.6127822,0.0123876350093
-6.5810542,-6.5810542,0.0123876350093
-0.2310559,-0.2310559,0.0123876350093
-16.1452855,-10.0,0.0123876350093
-0.3830036,-0.3830036,0.0123876350093
-2.7744113,-2.7744113,0.0123876350093
-4.8547125,-4.8547125,0.0123876350093
12.9084814,10.0,0.0123876350093
16.1452677,10.0,0.0123876350093
15.813942,10.0,0.0123876350093
15.9114314,10.0,0.0123876350093
15.3793662,10.0,0.0123876350093
16.1429573,10.0,0.0123876350093
16.1452859,10.0,0.0123876350093
16.0377354,10.0,0.0123876350093
15.3991015,10.0,0.0123876350093
15.5512484,10.0,0.0123876350093
15.1423133,10.0,0.0123876350093
16.1452824,10.0,0.0123876350093
12.5325033,10.0,0.0123876350093
9.5642313,9.5642313,0.0123876350093
15.9142296,10.0,0.0123876350093
16.1452855,10.0,0.0123876350093
15.7622819,10.0,0.0123876350093
13.3708742,10.0,0.0123876350093
-20.6169944,-10.0,0.0123876350093
-2.8538005,-2.8538005,0.0123876350093
0.3829858,0.3829858,0.0123876350093
0.0516601,0.0516601,0.0123876350093
0.1491495,0.1491495,0.0123876350093
-0.3829157,-0.3829157,0.0123876350093
0.3806754,0.3806754,0.0123876350093
0.383004,0.383004,0.0123876350093
0.2754535,0.2754535,0.0123876350093
-0.3631804,-0.3631804,0.0123876350093
-0.2110335,-0.2110335,0.0123876350093
-0.6199686,-0.6199686,0.0123876350093
0.3830005,0.3830005,0.0123876350093
-3.2297786,-3.2297786,0.0123876350093
-6.1980506,-6.1980506,0.0123876350093
0.1519477,0.1519477,0.0123876350093
0.3830036,0.3830036,0.0123876350093
-15.7622819,-10.0,0.0123876350093
-2.3914077,-2.3914077,0.0123876350093
-18.2255867,-10.0,0.0123876350093
-0.4623928,-0.4623928,0.0123876350093
2.7743935,2.7743935,0.0123876350093
2.4430678,2.4430678,0.0123876350093
2.5405572,2.5405572,0.0123876350093
2.008492,2.008492,0.0123876350093
2.7720831,2.7720831,0.0123876350093
2.7744117,2.7744117,0.0123876350093
2.6668612,2.6668612,0.0123876350093
2.0282273,2.0282273,0.0123876350093
2.1803742,2.1803742,0.0123876350093
1.7714391,1.7714391,0.0123876350093
2.7744082,2.7744082,0.0123876350093
-0.8383709,-0.8383709,0.0123876350093
-3.8066429,-3.8066429,0.0123876350093
2.5433554,2.5433554,0.0123876350093
2.7744113,2.7744113,0.0123876350093
-13.3708742,-10.0,0.0123876350093
2.3914077,2.3914077,0.0123876350093
0.096788,0.096788,0.0559310674547
-1.6930502,-1.6930502,0.0559310674547
-1.4236823,-1.4236823,0.0559310674547
-1.0447023,-1.0447023,0.0559310674547
-0.4173742,-0.4173742,0.0559310674547
0.2620812,0.2620812,0.0559310674547
0.0081783,0.0081783,0.0559310674547
-19.6615681,-10.0,0.0559310674547
0.2620798,0.2620798,0.0559310674547
-0.5309039,-0.5309039,0.0559310674547
-0.4053752,-0.4053752,0.0559310674547
0.2620815,0.2620815,0.0559310674547
-7.0867637,-7.0867637,0.0559310674547
-20.7379142,-10.0,0.0559310674547
0.2558168,0.2558168,0.0559310674547
0.2620844,0.2620844,0.0559310674547
-6.8099593,-6.8099593,0.0559310674547
-1.2730477,-1.2730477,0.0559310674547
-4.5204921,-4.5204921,0.0559310674547
-0.096788,-0.096788,0.0559310674547
-1.7898382,-1.7898382,0.0559310674547
-1.5204703,-1.5204703,0.0559310674547
-1.1414903,-1.1414903,0.0559310674547
-0.5141622,-0.5141622,0.0559310674547
0.1652932,0.1652932,0.0559310674547
-0.0886097,-0.0886097,0.0559310674547
-19.7583561,-10.0,0.0559310674547
0.1652918,0.1652918,0.0559310674547
-0.6276919,-0.6276919,0.0559310674547
-0.5021632,-0.5021632,0.0559310674547
0.1652935,0.1652935,0.0559310674547
-7.1835517,-7.1835517,0.0559310674547
-20.8347022,-10.0,0.0559310674547
0.1590288,0.1590288,0.0559310674547
0.1652964,0.1652964,0.0559310674547
-6.9067473,-6.9067473,0.0559310674547
-1.3698357,-1.3698357,0.0559310674547
-4.6172801,-4.6172801,0.0559310674547
1.6930502,1.6930502,0.0559310674547
1.7898382,1.7898382,0.0559310674547
0.2693679,0.2693679,0.0559310674547
0.6483479,0.6483479,0.0559310674547
1.275676,1.275676,0.0559310674547
1.9551314,1.9551314,0.0559310674547
1.7012285,1.7012285,0.0559310674547
-17.9685179,-10.0,0.0559310674547
1.95513,1.95513,0.0559310674547
1.1621463,1.1621463,0.0559310674547
1.287675,1.287675,0.0559310674547
1.9551317,1.9551317,0.0559310674547
-5.3937135,-5.3937135,0.0559310674547
-19.044864,-10.0,0.0559310674547
1.948867,1.948867,0.0559310674547
1.9551346,1.9551346,0.0559310674547
-5.1169091,-5.1169091,0.0559310674547
0.4200025,0.4200025,0.0559310674547
-2.8274419,-2.8274419,0.0559310674547
1.4236823,1.4236823,0.0559310674547
1.5204703,1.5204703,0.0559310674547
-0.2693679,-0.2693679,0.0559310674547
0.37898,0.37898,0.0559310674547
1.0063081,1.0063081,0.0559310674547
1.6857635,1.6857635,0.0559310674547
1.4318606,1.4318606,0.0559310674547
-18.2378858,-10.0,0.0559310674547
1.6857621,1.6857621,0.0559310674547
0.8927784,0.8927784,0.0559310674547
1.0183071,1.0183071,0.0559310674547
1.6857638,1.6857638,0.0559310674547
-5.6630814,-5.6630814,0.0559310674547
-19.3142319,-10.0,0.0559310674547
1.6794991,1.6794991,0.0559310674547
1.6857667,1.6857667,0.0559310674547
-5.386277,-5.386277,0.0559310674547
0.1506346,0.1506346,0.0559310674547
-3.0968098,-3.0968098,0.0559310674547
1.0447023,1.0447023,0.0559310674547
1.1414903,1.1414903,0.0559310674547
-0.6483479,-0.6483479,0.0559310674547
-0.37898,-0.37898,0.0559310674547
0.6273281,0.6273281,0.0559310674547
1.3067835,1.3067835,0.0559310674547
1.0528806,1.0528806,0.0559310674547
-18.6168658,-10.0,0.0559310674547
1.3067821,1.3067821,0.0559310674547
0.5137984,0.5137984,0.0559310674547
0.6393271,0.6393271,0.0559310674547
1.3067838,1.3067838,0.0559310674547
-6.0420614,-6.0420614,0.0559310674547
-19.6932119,-10.0,0.0559310674547
1.3005191,1.3005191,0.0559310674547
1.3067867,1.3067867,0.0559310674547
-5.765257,-5.765257,0.0559310674547
-0.2283454,-0.2283454,0.0559310674547
-3.4757898,-3.4757898,0.0559310674547
0.4173742,0.4173742,0.0559310674547
0.5141622,0.5141622,0.0559310674547
-1.275676,-1.275676,0.0559310674547
-1.0063081,-1.0063081,0.0559310674547
-0.6273281,-0.6273281,0.0559310674547
0.6794554,0.6794554,0.0559310674547
0.4255525,0.4255525,0.0559310674547
-19.2441939,-10.0,0.0559310674547
0.679454,0.679454,0.0559310674547
-0.1135297,-0.1135297,0.0559310674547
0.011999,0.011999,0.0559310674547
0.6794557,0.6794557,0.0559310674547
-6.6693895,-6.6693895,0.0559310674547
-20.32054,-10.0,0.0559310674547
0.673191,0.673191,0.0559310674547
0.6794586,0.6794586,0.0559310674547
-6.3925851,-6.3925851,0.0559310674547
-0.8556735,-0.8556735,0.0559310674547
-4.1031179,-4.1031179,0.0559310674547
-0.2620812,-0.2620812,0.0559310674547
-0.1652932,-0.1652932,0.0559310674547
-1.9551314,-1.9551314,0.0559310674547
-1.6857635,-1.6857635,0.0559310674547
-1.3067835,-1.3067835,0.0559310674547
-0.6794554,-0.6794554,0.0559310674547
-0.2539029,-0.2539029,0.0559310674547
-19.9236493,-10.0,0.0559310674547
-1.3999999986e-06,-1.3999999986e-06,0.0559310674547
-0.7929851,-0.7929851,0.0559310674547
-0.6674564,-0.6674564,0.0559310674547
2.99999999953e-07,2.99999999953e-07,0.0559310674547
-7.3488449,-7.3488449,0.0559310674547
-20.9999954,-10.0,0.0559310674547
-0.0062644,-0.0062644,0.0559310674547
3.20000000187e-06,3.20000000187e-06,0.0559310674547
-7.0720405,-7.0720405,0.0559310674547
-1.5351289,-1.5351289,0.0559310674547
-4.7825733,-4.7825733,0.0559310674547
-0.0081783,-0.0081783,0.0559310674547
0.0886097,0.0886097,0.0559310674547
-1.7012285,-1.7012285,0.0559310674547
-1.4318606,-1.4318606,0.0559310674547
-1.0528806,-1.0528806,0.0559310674547
-0.4255525,-0.4255525,0.0559310674547
0.2539029,0.2539029,0.0559310674547
-19.6697464,-10.0,0.0559310674547
0.2539015,0.2539015,0.0559310674547
-0.5390822,-0.5390822,0.0559310674547
-0.4135535,-0.4135535,0.0559310674547
0.2539032,0.2539032,0.0559310674547
-7.094942,-7.094942,0.0559310674547
-20.7460925,-10.0,0.0559310674547
0.2476385,0.2476385,0.0559310674547
0.2539061,0.2539061,0.0559310674547
-6.8181376,-6.8181376,0.0559310674547
-1.281226,-1.281226,0.0559310674547
-4.5286704,-4.5286704,0.0559310674547
19.6615681,10.0,0.0559310674547
19.7583561,10.0,0.0559310674547
17.9685179,10.0,0.0559310674547
18.2378858,10.0,0.0559310674547
18.6168658,10.0,0.0559310674547
19.2441939,10.0,0.0559310674547
19.9236493,10.0,0.0559310674547
19.6697464,10.0,0.0559310674547
19.9236479,10.0,0.0559310674547
19.1306642,10.0,0.0559310674547
19.2561929,10.0,0.0559310674547
19.9236496,10.0,0.0559310674547
12.5748044,10.0,0.0559310674547
-1.0763461,-1.0763461,0.0559310674547
19.9173849,10.0,0.0559310674547
19.9236525,10.0,0.0559310674547
12.8516088,10.0,0.0559310674547
18.3885204,10.0,0.0559310674547
15.141076,10.0,0.0559310674547
-0.2620798,-0.2620798,0.0559310674547
-0.1652918,-0.1652918,0.0559310674547
-1.95513,-1.95513,0.0559310674547
-1.6857621,-1.6857621,0.0559310674547
-1.3067821,-1.3067821,0.0559310674547
-0.679454,-0.679454,0.0559310674547
1.3999999986e-06,1.3999999986e-06,0.0559310674547
-0.2539015,-0.2539015,0.0559310674547
-19.9236479,-10.0,0.0559310674547
-0.7929837,-0.7929837,0.0559310674547
-0.667455,-0.667455,0.0559310674547
1.69999999855e-06,1.69999999855e-06,0.0559310674547
-7.3488435,-7.3488435,0.0559310674547
-20.999994,-10.0,0.0559310674547
-0.006263,-0.006263,0.0559310674547
4.60000000047e-06,4.60000000047e-06,0.0559310674547
-7.0720391,-7.0720391,0.0559310674547
-1.5351275,-1.5351275,0.0559310674547
-4.7825719,-4.7825719,0.0559310674547
0.5309039,0.5309039,0.0559310674547
0.6276919,0.6276919,0.0559310674547
-1.1621463,-1.1621463,0.0559310674547
-0.8927784,-0.8927784,0.0559310674547
-0.5137984,-0.5137984,0.0559310674547
0.1135297,0.1135297,0.0559310674547
0.7929851,0.7929851,0.0559310674547
0.5390822,0.5390822,0.0559310674547
-19.1306642,-10.0,0.0559310674547
0.7929837,0.7929837,0.0559310674547
0.1255287,0.1255287,0.0559310674547
0.7929854,0.7929854,0.0559310674547
-6.5558598,-6.5558598,0.0559310674547
-20.2070103,-10.0,0.0559310674547
0.7867207,0.7867207,0.0559310674547
0.7929883,0.7929883,0.0559310674547
-6.2790554,-6.2790554,0.0559310674547
-0.7421438,-0.7421438,0.0559310674547
-3.9895882,-3.9895882,0.0559310674547
0.4053752,0.4053752,0.0559310674547
0.5021632,0.5021632,0.0559310674547
-1.287675,-1.287675,0.0559310674547
-1.0183071,-1.0183071,0.0559310674547
-0.6393271,-0.6393271,0.0559310674547
-0.011999,-0.011999,0.0559310674547
0.6674564,0.6674564,0.0559310674547
0.4135535,0.4135535,0.0559310674547
-19.2561929,-10.0,0.0559310674547
0.667455,0.667455,0.0559310674547
-0.1255287,-0.1255287,0.0559310674547
0.6674567,0.6674567,0.0559310674547
-6.6813885,-6.6813885,0.0559310674547
-20.332539,-10.0,0.0559310674547
0.661192,0.661192,0.0559310674547
0.6674596,0.6674596,0.0559310674547
-6.4045841,-6.4045841,0.0559310674547
-0.8676725,-0.8676725,0.0559310674547
-4.1151169,-4.1151169,0.0559310674547
-0.2620815,-0.2620815,0.0559310674547
-0.1652935,-0.1652935,0.0559310674547
-1.9551317,-1.9551317,0.0559310674547
-1.6857638,-1.6857638,0.0559310674547
-1.3067838,-1.3067838,0.0559310674547
-0.6794557,-0.6794557,0.0559310674547
-2.99999999953e-07,-2.99999999953e-07,0.0559310674547
-0.2539032,-0.2539032,0.0559310674547
-19.9236496,-10.0,0.0559310674547
-1.69999999855e-06,-1.69999999855e-06,0.0559310674547
-0.7929854,-0.7929854,0.0559310674547
-0.6674567,-0.6674567,0.0559310674547
-7.3488452,-7.3488452,0.0559310674547
-20.9999957,-10.0,0.0559310674547
-0.0062647,-0.0062647,0.0559310674547
2.90000000192e-06,2.90000000192e-06,0.0559310674547
-7.0720408,-7.0720408,0.0559310674547
-1.5351292,-1.5351292,0.0559310674547
-4.7825736,-4.7825736,0.0559310674547
7.0867637,7.0867637,0.0559310674547
7.1835517,7.1835517,0.0559310674547
5.3937135,5.3937135,0.0559310674547
5.6630814,5.6630814,0.0559310674547
6.0420614,6.0420614,0.0559310674547
6.6693895,6.6693895,0.0559310674547
7.3488449,7.3488449,0.0559310674547
7.094942,7.094942,0.0559310674547
-12.5748044,-10.0,0.0559310674547
7.3488435,7.3488435,0.0559310674547
6.5558598,6.5558598,0.0559310674547
6.6813885,6.6813885,0.0559310674547
7.3488452,7.3488452,0.0559310674547
-13.6511505,-10.0,0.0559310674547
7.3425805,7.3425805,0.0559310674547
7.3488481,7.3488481,0.0559310674547
0.2768044,0.2768044,0.0559310674547
5.813716,5.813716,0.0559310674547
2.5662716,2.5662716,0.0559310674547
20.7379142,10.0,0.0559310674547
20.8347022,10.0,0.0559310674547
19.044864,10.0,0.0559310674547
19.3142319,10.0,0.0559310674547
19.6932119,10.0,0.0559310674547
20.32054,10.0,0.0559310674547
20.9999954,10.0,0.0559310674547
20.7460925,10.0,0.0559310674547
1.0763461,1.0763461,0.0559310674547
20.999994,10.0,0.0559310674547
20.2070103,10.0,0.0559310674547
20.332539,10.0,0.0559310674547
20.9999957,10.0,0.0559310674547
13.6511505,10.0,0.0559310674547
20.993731,10.0,0.0559310674547
20.9999986,10.0,0.0559310674547
13.9279549,10.0,0.0559310674547
19.4648665,10.0,0.0559310674547
16.2174221,10.0,0.0559310674547
-0.2558168,-0.2558168,0.0559310674547
-0.1590288,-0.1590288,0.0559310674547
-1.948867,-1.948867,0.0559310674547
-1.6794991,-1.6794991,0.0559310674547
-1.3005191,-1.3005191,0.0559310674547
-0.673191,-0.673191,0.0559310674547
0.0062644,0.0062644,0.0559310674547
-0.2476385,-0.2476385,0.0559310674547
-19.9173849,-10.0,0.0559310674547
0.006263,0.006263,0.0559310674547
-0.7867207,-0.7867207,0.0559310674547
-0.661192,-0.661192,0.0559310674547
0.0062647,0.0062647,0.0559310674547
-7.3425805,-7.3425805,0.0559310674547
-20.993731,-10.0,0.0559310674547
0.0062676,0.0062676,0.0559310674547
-7.0657761,-7.0657761,0.0559310674547
-1.5288645,-1.5288645,0.0559310674547
-4.7763089,-4.7763089,0.0559310674547
-0.2620844,-0.2620844,0.0559310674547
-0.1652964,-0.1652964,0.0559310674547
-1.9551346,-1.9551346,0.0559310674547
-1.6857667,-1.6857667,0.0559310674547
-1.3067867,-1.3067867,0.0559310674547
-0.6794586,-0.6794586,0.0559310674547
-3.20000000187e-06,-3.20000000187e-06,0.0559310674547
-0.2539061,-0.2539061,0.0559310674547
-19.9236525,-10.0,0.0559310674547
-4.60000000047e-06,-4.60000000047e-06,0.0559310674547
-0.7929883,-0.7929883,0.0559310674547
-0.6674596,-0.6674596,0.0559310674547
-2.90000000192e-06,-2.90000000192e-06,0.0559310674547
-7.3488481,-7.3488481,0.0559310674547
-20.9999986,-10.0,0.0559310674547
-0.0062676,-0.0062676,0.0559310674547
-7.0720437,-7.0720437,0.0559310674547
-1.5351321,-1.5351321,0.0559310674547
-4.7825765,-4.7825765,0.0559310674547
6.8099593,6.8099593,0.0559310674547
6.9067473,6.9067473,0.0559310674547
5.1169091,5.1169091,0.0559310674547
5.386277,5.386277,0.0559310674547
5.765257,5.765257,0.0559310674547
6.3925851,6.3925851,0.0559310674547
7.0720405,7.0720405,0.0559310674547
6.8181376,6.8181376,0.0559310674547
-12.8516088,-10.0,0.0559310674547
7.0720391,7.0720391,0.0559310674547
6.2790554,6.2790554,0.0559310674547
6.4045841,6.4045841,0.0559310674547
7.0720408,7.0720408,0.0559310674547
-0.2768044,-0.2768044,0.0559310674547
-13.9279549,-10.0,0.0559310674547
7.0657761,7.0657761,0.0559310674547
7.0720437,7.0720437,0.0559310674547
5.5369116,5.5369116,0.0559310674547
2.2894672,2.2894672,0.0559310674547
1.2730477,1.2730477,0.0559310674547
1.3698357,1.3698357,0.0559310674547
-0.4200025,-0.4200025,0.0559310674547
-0.1506346,-0.1506346,0.0559310674547
0.2283454,0.2283454,0.0559310674547
0.8556735,0.8556735,0.0559310674547
1.5351289,1.5351289,0.0559310674547
1.281226,1.281226,0.0559310674547
-18.3885204,-10.0,0.0559310674547
1.5351275,1.5351275,0.0559310674547
0.7421438,0.7421438,0.0559310674547
0.8676725,0.8676725,0.0559310674547
1.5351292,1.5351292,0.0559310674547
-5.813716,-5.813716,0.0559310674547
-19.4648665,-10.0,0.0559310674547
1.5288645,1.5288645,0.0559310674547
1.5351321,1.5351321,0.0559310674547
-5.5369116,-5.5369116,0.0559310674547
-3.2474444,-3.2474444,0.0559310674547
4.5204921,4.5204921,0.0559310674547
4.6172801,4.6172801,0.0559310674547
2.8274419,2.8274419,0.0559310674547
3.0968098,3.0968098,0.0559310674547
3.4757898,3.4757898,0.0559310674547
4.1031179,4.1031179,0.0559310674547
4.7825733,4.7825733,0.0559310674547
4.5286704,4.5286704,0.0559310674547
-15.141076,-10.0,0.0559310674547
4.7825719,4.7825719,0.0559310674547
3.9895882,3.9895882,0.0559310674547
4.1151169,4.1151169,0.0559310674547
4.7825736,4.7825736,0.0559310674547
-2.5662716,-2.5662716,0.0559310674547
-16.2174221,-10.0,0.0559310674547
4.7763089,4.7763089,0.0559310674547
4.7825765,4.7825765,0.0559310674547
-2.2894672,-2.2894672,0.0559310674547
3.2474444,3.2474444,0.0559310674547
-4.6065168,-4.6065168,0.280205767064
0.5504934,0.5504934,0.280205767064
0.7643966,0.7643966,0.280205767064
0.8172856,0.8172856,0.280205767064
0.5341199,0.5341199,0.280205767064
0.9422263,0.9422263,0.280205767064
-20.0577735,-10.0,0.280205767064
-1.2510288,-1.2510288,0.280205767064
-19.7092092,-10.0,0.280205767064
-17.7446832,-10.0,0.280205767064
0.9350937,0.9350937,0.280205767064
-1.1080164,-1.1080164,0.280205767064
-16.5011728,-10.0,0.280205767064
0.661547,0.661547,0.280205767064
0.942226,0.942226,0.280205767064
-15.9822964,-10.0,0.280205767064
-17.304236,-10.0,0.280205767064
-4.3237421,-4.3237421,0.280205767064
-5.2081962,-5.2081962,0.280205767064
4.6065168,4.6065168,0.280205767064
5.1570102,5.1570102,0.280205767064
5.3709134,5.3709134,0.280205767064
5.4238024,5.4238024,0.280205767064
5.1406367,5.1406367,0.280205767064
5.5487431,5.5487431,0.280205767064
-15.4512567,-10.0,0.280205767064
3.355488,3.355488,0.280205767064
-15.1026924,-10.0,0.280205767064
-13.1381664,-10.0,0.280205767064
5.5416105,5.5416105,0.280205767064
3.4985004,3.4985004,0.280205767064
-11.894656,-10.0,0.280205767064
5.2680638,5.2680638,0.280205767064
5.5487428,5.5487428,0.280205767064
-11.3757796,-10.0,0.280205767064
-12.6977192,-10.0,0.280205767064
0.2827747,0.2827747,0.280205767064
-0.6016794,-0.6016794,0.280205767064
-0.5504934,-0.5504934,0.280205767064
-5.1570102,-5.1570102,0.280205767064
0.2139032,0.2139032,0.280205767064
0.2667922,0.2667922,0.280205767064
-0.0163735,-0.0163735,0.280205767064
0.3917329,0.3917329,0.280205767064
-20.6082669,-10.0,0.280205767064
-1.8015222,-1.8015222,0.280205767064
-20.2597026,-10.0,0.280205767064
-18.2951766,-10.0,0.280205767064
0.3846003,0.3846003,0.280205767064
-1.6585098,-1.6585098,0.280205767064
-17.0516662,-10.0,0.280205767064
0.1110536,0.1110536,0.280205767064
0.3917326,0.3917326,0.280205767064
-16.5327898,-10.0,0.280205767064
-17.8547294,-10.0,0.280205767064
-4.8742355,-4.8742355,0.280205767064
-5.7586896,-5.7586896,0.280205767064
-0.7643966,-0.7643966,0.280205767064
-5.3709134,-5.3709134,0.280205767064
-0.2139032,-0.2139032,0.280205767064
0.052889,0.052889,0.280205767064
-0.2302767,-0.2302767,0.280205767064
0.1778297,0.1778297,0.280205767064
-20.8221701,-10.0,0.280205767064
-2.0154254,-2.0154254,0.280205767064
-20.4736058,-10.0,0.280205767064
-18.5090798,-10.0,0.280205767064
0.1706971,0.1706971,0.280205767064
-1.872413,-1.872413,0.280205767064
-17.2655694,-10.0,0.280205767064
-0.1028496,-0.1028496,0.280205767064
0.1778294,0.1778294,0.280205767064
-16.746693,-10.0,0.280205767064
-18.0686326,-10.0,0.280205767064
-5.0881387,-5.0881387,0.280205767064
-5.9725928,-5.9725928,0.280205767064
-0.8172856,-0.8172856,0.280205767064
-5.4238024,-5.4238024,0.280205767064
-0.2667922,-0.2667922,0.280205767064
-0.052889,-0.052889,0.280205767064
-0.2831657,-0.2831657,0.280205767064
0.1249407,0.1249407,0.280205767064
-20.8750591,-10.0,0.280205767064
-2.0683144,-2.0683144,0.280205767064
-20.5264948,-10.0,0.280205767064
-18.5619688,-10.0,0.280205767064
0.1178081,0.1178081,0.280205767064
-1.925302,-1.925302,0.280205767064
-17.3184584,-10.0,0.280205767064
-0.1557386,-0.1557386,0.280205767064
0.1249404,0.1249404,0.280205767064
-16.799582,-10.0,0.280205767064
-18.1215216,-10.0,0.280205767064
-5.1410277,-5.1410277,0.280205767064
-6.0254818,-6.0254818,0.280205767064
-0.5341199,-0.5341199,0.280205767064
-5.1406367,-5.1406367,0.280205767064
0.0163735,0.0163735,0.280205767064
0.2302767,0.2302767,0.280205767064
0.2831657,0.2831657,0.280205767064
0.4081064,0.4081064,0.280205767064
-20.5918934,-10.0,0.280205767064
-1.7851487,-1.7851487,0.280205767064
-20.2433291,-10.0,0.280205767064
-18.2788031,-10.0,0.280205767064
0.4009738,0.4009738,0.280205767064
-1.6421363,-1.6421363,0.280205767064
-17.0352927,-10.0,0.280205767064
0.1274271,0.1274271,0.280205767064
0.4081061,0.4081061,0.280205767064
-16.5164163,-10.0,0.280205767064
-17.8383559,-10.0,0.280205767064
-4.857862,-4.857862,0.280205767064
-5.7423161,-5.7423161,0.280205767064
-0.9422263,-0.9422263,0.280205767064
-5.5487431,-5.5487431,0.280205767064
-0.3917329,-0.3917329,0.280205767064
-0.1778297,-0.1778297,0.280205767064
-0.1249407,-0.1249407,0.280205767064
-0.4081064,-0.4081064,0.280205767064
-20.9999998,-10.0,0.280205767064
-2.1932551,-2.1932551,0.280205767064
-20.6514355,-10.0,0.280205767064
-18.6869095,-10.0,0.280205767064
-0.0071326,-0.0071326,0.280205767064
-2.0502427,-2.0502427,0.280205767064
-17.4433991,-10.0,0.280205767064
-0.2806793,-0.2806793,0.280205767064
-2.99999999953e-07,-2.99999999953e-07,0.280205767064
-16.9245227,-10.0,0.280205767064
-18.2464623,-10.0,0.280205767064
-5.2659684,-5.2659684,0.280205767064
-6.1504225,-6.1504225,0.280205767064
20.0577735,10.0,0.280205767064
15.4512567,10.0,0.280205767064
20.6082669,10.0,0.280205767064
20.8221701,10.0,0.280205767064
20.8750591,10.0,0.280205767064
20.5918934,10.0,0.280205767064
20.9999998,10.0,0.280205767064
18.8067447,10.0,0.280205767064
0.3485643,0.3485643,0.280205767064
2.3130903,2.3130903,0.280205767064
20.9928672,10.0,0.280205767064
18.9497571,10.0,0.280205767064
3.5566007,3.5566007,0.280205767064
20.7193205,10.0,0.280205767064
20.9999995,10.0,0.280205767064
4.0754771,4.0754771,0.280205767064
2.7535375,2.7535375,0.280205767064
15.7340314,10.0,0.280205767064
14.8495773,10.0,0.280205767064
1.2510288,1.2510288,0.280205767064
-3.355488,-3.355488,0.280205767064
1.8015222,1.8015222,0.280205767064
2.0154254,2.0154254,0.280205767064
2.0683144,2.0683144,0.280205767064
1.7851487,1.7851487,0.280205767064
2.1932551,2.1932551,0.280205767064
-18.8067447,-10.0,0.280205767064
-18.4581804,-10.0,0.280205767064
-16.4936544,-10.0,0.280205767064
2.1861225,2.1861225,0.280205767064
0.1430124,0.1430124,0.280205767064
-15.250144,-10.0,0.280205767064
1.9125758,1.9125758,0.280205767064
2.1932548,2.1932548,0.280205767064
-14.7312676,-10.0,0.280205767064
-16.0532072,-10.0,0.280205767064
-3.0727133,-3.0727133,0.280205767064
-3.9571674,-3.9571674,0.280205767064
19.7092092,10.0,0.280205767064
15.1026924,10.0,0.280205767064
20.2597026,10.0,0.280205767064
20.4736058,10.0,0.280205767064
20.5264948,10.0,0.280205767064
20.2433291,10.0,0.280205767064
20.6514355,10.0,0.280205767064
-0.3485643,-0.3485643,0.280205767064
18.4581804,10.0,0.280205767064
1.964526,1.964526,0.280205767064
20.6443029,10.0,0.280205767064
18.6011928,10.0,0.280205767064
3.2080364,3.2080364,0.280205767064
20.3707562,10.0,0.280205767064
20.6514352,10.0,0.280205767064
3.7269128,3.7269128,0.280205767064
2.4049732,2.4049732,0.280205767064
15.3854671,10.0,0.280205767064
14.501013,10.0,0.280205767064
17.7446832,10.0,0.280205767064
13.1381664,10.0,0.280205767064
18.2951766,10.0,0.280205767064
18.5090798,10.0,0.280205767064
18.5619688,10.0,0.280205767064
18.2788031,10.0,0.280205767064
18.6869095,10.0,0.280205767064
-2.3130903,-2.3130903,0.280205767064
16.4936544,10.0,0.280205767064
-1.964526,-1.964526,0.280205767064
18.6797769,10.0,0.280205767064
16.6366668,10.0,0.280205767064
1.2435104,1.2435104,0.280205767064
18.4062302,10.0,0.280205767064
18.6869092,10.0,0.280205767064
1.7623868,1.7623868,0.280205767064
0.4404472,0.4404472,0.280205767064
13.4209411,10.0,0.280205767064
12.536487,10.0,0.280205767064
-0.9350937,-0.9350937,0.280205767064
-5.5416105,-5.5416105,0.280205767064
-0.3846003,-0.3846003,0.280205767064
-0.1706971,-0.1706971,0.280205767064
-0.1178081,-0.1178081,0.280205767064
-0.4009738,-0.4009738,0.280205767064
0.0071326,0.0071326,0.280205767064
-20.9928672,-10.0,0.280205767064
-2.1861225,-2.1861225,0.280205767064
-20.6443029,-10.0,0.280205767064
-18.6797769,-10.0,0.280205767064
-2.0431101,-2.0431101,0.280205767064
-17.4362665,-10.0,0.280205767064
-0.2735467,-0.2735467,0.280205767064
0.0071323,0.0071323,0.280205767064
-16.9173901,-10.0,0.280205767064
-18.2393297,-10.0,0.280205767064
-5.2588358,-5.2588358,0.280205767064
-6.1432899,-6.1432899,0.280205767064
1.1080164,1.1080164,0.280205767064
-3.4985004,-3.4985004,0.280205767064
1.6585098,1.6585098,0.280205767064
1.872413,1.872413,0.280205767064
1.925302,1.925302,0.280205767064
1.6421363,1.6421363,0.280205767064
2.0502427,2.0502427,0.280205767064
-18.9497571,-10.0,0.280205767064
-0.1430124,-0.1430124,0.280205767064
-18.6011928,-10.0,0.280205767064
-16.6366668,-10.0,0.280205767064
2.0431101,2.0431101,0.280205767064
-15.3931564,-10.0,0.280205767064
1.7695634,1.7695634,0.280205767064
2.0502424,2.0502424,0.280205767064
-14.87428,-10.0,0.280205767064
-16.1962196,-10.0,0.280205767064
-3.2157257,-3.2157257,0.280205767064
-4.1001798,-4.1001798,0.280205767064
16.5011728,10.0,0.280205767064
11.894656,10.0,0.280205767064
17.0516662,10.0,0.280205767064
17.2655694,10.0,0.280205767064
17.3184584,10.0,0.280205767064
17.0352927,10.0,0.280205767064
17.4433991,10.0,0.280205767064
-3.5566007,-3.5566007,0.280205767064
15.250144,10.0,0.280205767064
-3.2080364,-3.2080364,0.280205767064
-1.2435104,-1.2435104,0.280205767064
17.4362665,10.0,0.280205767064
15.3931564,10.0,0.280205767064
17.1627198,10.0,0.280205767064
17.4433988,10.0,0.280205767064
0.5188764,0.5188764,0.280205767064
-0.8030632,-0.8030632,0.280205767064
12.1774307,10.0,0.280205767064
11.2929766,10.0,0.280205767064
-0.661547,-0.661547,0.280205767064
-5.2680638,-5.2680638,0.280205767064
-0.1110536,-0.1110536,0.280205767064
0.1028496,0.1028496,0.280205767064
0.1557386,0.1557386,0.280205767064
-0.1274271,-0.1274271,0.280205767064
0.2806793,0.2806793,0.280205767064
-20.7193205,-10.0,0.280205767064
-1.9125758,-1.9125758,0.280205767064
-20.3707562,-10.0,0.280205767064
-18.4062302,-10.0,0.280205767064
0.2735467,0.2735467,0.280205767064
-1.7695634,-1.7695634,0.280205767064
-17.1627198,-10.0,0.280205767064
0.280679,0.280679,0.280205767064
-16.6438434,-10.0,0.280205767064
-17.965783,-10.0,0.280205767064
-4.9852891,-4.9852891,0.280205767064
-5.8697432,-5.8697432,0.280205767064
-0.942226,-0.942226,0.280205767064
-5.5487428,-5.5487428,0.280205767064
-0.3917326,-0.3917326,0.280205767064
-0.1778294,-0.1778294,0.280205767064
-0.1249404,-0.1249404,0.280205767064
-0.4081061,-0.4081061,0.280205767064
2.99999999953e-07,2.99999999953e-07,0.280205767064
-20.9999995,-10.0,0.280205767064
-2.1932548,-2.1932548,0.280205767064
-20.6514352,-10.0,0.280205767064
-18.6869092,-10.0,0.280205767064
-0.0071323,-0.0071323,0.280205767064
-2.0502424,-2.0502424,0.280205767064
-17.4433988,-10.0,0.280205767064
-0.280679,-0.280679,0.280205767064
-16.9245224,-10.0,0.280205767064
-18.246462,-10.0,0.280205767064
-5.2659681,-5.2659681,0.280205767064
-6.1504222,-6.1504222,0.280205767064
15.9822964,10.0,0.280205767064
11.3757796,10.0,0.280205767064
16.5327898,10.0,0.280205767064
16.746693,10.0,0.280205767064
16.799582,10.0,0.280205767064
16.5164163,10.0,0.280205767064
16.9245227,10.0,0.280205767064
-4.0754771,-4.0754771,0.280205767064
14.7312676,10.0,0.280205767064
-3.7269128,-3.7269128,0.280205767064
-1.7623868,-1.7623868,0.280205767064
16.9173901,10.0,0.280205767064
14.87428,10.0,0.280205767064
-0.5188764,-0.5188764,0.280205767064
16.6438434,10.0,0.280205767064
16.9245224,10.0,0.280205767064
-1.3219396,-1.3219396,0.280205767064
11.6585543,10.0,0.280205767064
10.7741002,10.0,0.280205767064
17.304236,10.0,0.280205767064
12.6977192,10.0,0.280205767064
17.8547294,10.0,0.280205767064
18.0686326,10.0,0.280205767064
18.1215216,10.0,0.280205767064
17.8383559,10.0,0.280205767064
18.2464623,10.0,0.280205767064
-2.7535375,-2.7535375,0.280205767064
16.0532072,10.0,0.280205767064
-2.4049732,-2.4049732,0.280205767064
-0.4404472,-0.4404472,0.280205767064
18.2393297,10.0,0.280205767064
16.1962196,10.0,0.280205767064
0.8030632,0.8030632,0.280205767064
17.965783,10.0,0.280205767064
18.246462,10.0,0.280205767064
1.3219396,1.3219396,0.280205767064
12.9804939,10.0,0.280205767064
12.0960398,10.0,0.280205767064
4.3237421,4.3237421,0.280205767064
-0.2827747,-0.2827747,0.280205767064
4.8742355,4.8742355,0.280205767064
5.0881387,5.0881387,0.280205767064
5.1410277,5.1410277,0.280205767064
4.857862,4.857862,0.280205767064
5.2659684,5.2659684,0.280205767064
-15.7340314,-10.0,0.280205767064
3.0727133,3.0727133,0.280205767064
-15.3854671,-10.0,0.280205767064
-13.4209411,-10.0,0.280205767064
5.2588358,5.2588358,0.280205767064
3.2157257,3.2157257,0.280205767064
-12.1774307,-10.0,0.280205767064
4.9852891,4.9852891,0.280205767064
5.2659681,5.2659681,0.280205767064
-11.6585543,-10.0,0.280205767064
-12.9804939,-10.0,0.280205767064
-0.8844541,-0.8844541,0.280205767064
5.2081962,5.2081962,0.280205767064
0.6016794,0.6016794,0.280205767064
5.7586896,5.7586896,0.280205767064
5.9725928,5.9725928,0.280205767064
6.0254818,6.0254818,0.280205767064
5.7423161,5.7423161,0.280205767064
6.1504225,6.1504225,0.280205767064
-14.8495773,-10.0,0.280205767064
3.9571674,3.9571674,0.280205767064
-14.501013,-10.0,0.280205767064
-12.536487,-10.0,0.280205767064
6.1432899,6.1432899,0.280205767064
4.1001798,4.1001798,0.280205767064
-11.2929766,-10.0,0.280205767064
5.8697432,5.8697432,0.280205767064
6.1504222,6.1504222,0.280205767064
-10.7741002,-10.0,0.280205767064
-12.0960398,-10.0,0.280205767064
0.8844541,0.8844541,0.280205767064
-7.9886333,-7.9886333,0.11527560445
6.3264788,6.3264788,0.11527560445
4.4576934,4.4576934,0.11527560445
-12.6607698,-10.0,0.11527560445
8.3114244,8.3114244,0.11527560445
8.0083959,8.0083959,0.11527560445
8.3391832,8.3391832,0.11527560445
5.4700796,5.4700796,0.11527560445
8.3392282,8.3392282,0.11527560445
1.6688407,1.6688407,0.11527560445
7.6422117,7.6422117,0.11527560445
3.9751301,3.9751301,0.11527560445
2.7053735,2.7053735,0.11527560445
8.339229,8.339229,0.11527560445
8.3174182,8.3174182,0.11527560445
7.4014998,7.4014998,0.11527560445
6.4447872,6.4447872,0.11527560445
8.3392282,8.3392282,0.11527560445
-11.3352135,-10.0,0.11527560445
7.9886333,7.9886333,0.11527560445
14.3151121,10.0,0.11527560445
12.4463267,10.0,0.11527560445
-4.6721365,-4.6721365,0.11527560445
16.3000577,10.0,0.11527560445
15.9970292,10.0,0.11527560445
16.3278165,10.0,0.11527560445
13.4587129,10.0,0.11527560445
16.3278615,10.0,0.11527560445
9.657474,9.657474,0.11527560445
15.630845,10.0,0.11527560445
11.9637634,10.0,0.11527560445
10.6940068,10.0,0.11527560445
16.3278623,10.0,0.11527560445
16.3060515,10.0,0.11527560445
15.3901331,10.0,0.11527560445
14.4334205,10.0,0.11527560445
16.3278615,10.0,0.11527560445
-3.3465802,-3.3465802,0.11527560445
-6.3264788,-6.3264788,0.11527560445
-14.3151121,-10.0,0.11527560445
-1.8687854,-1.8687854,0.11527560445
-18.9872486,-10.0,0.11527560445
1.9849456,1.9849456,0.11527560445
1.6819171,1.6819171,0.11527560445
2.0127044,2.0127044,0.11527560445
-0.8563992,-0.8563992,0.11527560445
2.0127494,2.0127494,0.11527560445
-4.6576381,-4.6576381,0.11527560445
1.3157329,1.3157329,0.11527560445
-2.3513487,-2.3513487,0.11527560445
-3.6211053,-3.6211053,0.11527560445
2.0127502,2.0127502,0.11527560445
1.9909394,1.9909394,0.11527560445
1.075021,1.075021,0.11527560445
0.1183084,0.1183084,0.11527560445
2.0127494,2.0127494,0.11527560445
-17.6616923,-10.0,0.11527560445
-4.4576934,-4.4576934,0.11527560445
-12.4463267,-10.0,0.11527560445
1.8687854,1.8687854,0.11527560445
-17.1184632,-10.0,0.11527560445
3.853731,3.853731,0.11527560445
3.5507025,3.5507025,0.11527560445
3.8814898,3.8814898,0.11527560445
1.0123862,1.0123862,0.11527560445
3.8815348,3.8815348,0.11527560445
-2.7888527,-2.7888527,0.11527560445
3.1845183,3.1845183,0.11527560445
-0.4825633,-0.4825633,0.11527560445
-1.7523199,-1.7523199,0.11527560445
3.8815356,3.8815356,0.11527560445
3.8597248,3.8597248,0.11527560445
2.9438064,2.9438064,0.11527560445
1.9870938,1.9870938,0.11527560445
3.8815348,3.8815348,0.11527560445
-15.7929069,-10.0,0.11527560445
12.6607698,10.0,0.11527560445
4.6721365,4.6721365,0.11527560445
18.9872486,10.0,0.11527560445
17.1184632,10.0,0.11527560445
20.9721942,10.0,0.11527560445
20.6691657,10.0,0.11527560445
20.999953,10.0,0.11527560445
18.1308494,10.0,0.11527560445
20.999998,10.0,0.11527560445
14.3296105,10.0,0.11527560445
20.3029815,10.0,0.11527560445
16.6358999,10.0,0.11527560445
15.3661433,10.0,0.11527560445
20.9999988,10.0,0.11527560445
20.978188,10.0,0.11527560445
20.0622696,10.0,0.11527560445
19.105557,10.0,0.11527560445
20.999998,10.0,0.11527560445
1.3255563,1.3255563,0.11527560445
-8.3114244,-8.3114244,0.11527560445
-16.3000577,-10.0,0.11527560445
-1.9849456,-1.9849456,0.11527560445
-3.853731,-3.853731,0.11527560445
-20.9721942,-10.0,0.11527560445
-0.3030285,-0.3030285,0.11527560445
0.0277588,0.0277588,0.11527560445
-2.8413448,-2.8413448,0.11527560445
0.0278038,0.0278038,0.11527560445
-6.6425837,-6.6425837,0.11527560445
-0.6692127,-0.6692127,0.11527560445
-4.3362943,-4.3362943,0.11527560445
-5.6060509,-5.6060509,0.11527560445
0.0278046,0.0278046,0.11527560445
0.0059938,0.0059938,0.11527560445
-0.9099246,-0.9099246,0.11527560445
-1.8666372,-1.8666372,0.11527560445
0.0278038,0.0278038,0.11527560445
-19.6466379,-10.0,0.11527560445
-8.0083959,-8.0083959,0.11527560445
-15.9970292,-10.0,0.11527560445
-1.6819171,-1.6819171,0.11527560445
-3.5507025,-3.5507025,0.11527560445
-20.6691657,-10.0,0.11527560445
0.3030285,0.3030285,0.11527560445
0.3307873,0.3307873,0.11527560445
-2.5383163,-2.5383163,0.11527560445
0.3308323,0.3308323,0.11527560445
-6.3395552,-6.3395552,0.11527560445
-0.3661842,-0.3661842,0.11527560445
-4.0332658,-4.0332658,0.11527560445
-5.3030224,-5.3030224,0.11527560445
0.3308331,0.3308331,0.11527560445
0.3090223,0.3090223,0.11527560445
-0.6068961,-0.6068961,0.11527560445
-1.5636087,-1.5636087,0.11527560445
0.3308323,0.3308323,0.11527560445
-19.3436094,-10.0,0.11527560445
-8.3391832,-8.3391832,0.11527560445
-16.3278165,-10.0,0.11527560445
-2.0127044,-2.0127044,0.11527560445
-3.8814898,-3.8814898,0.11527560445
-20.999953,-10.0,0.11527560445
-0.0277588,-0.0277588,0.11527560445
-0.3307873,-0.3307873,0.11527560445
-2.8691036,-2.8691036,0.11527560445
4.50000000001e-05,4.50000000001e-05,0.11527560445
-6.6703425,-6.6703425,0.11527560445
-0.6969715,-0.6969715,0.11527560445
-4.3640531,-4.3640531,0.11527560445
-5.6338097,-5.6338097,0.11527560445
4.57999999988e-05,4.57999999988e-05,0.11527560445
-0.021765,-0.021765,0.11527560445
-0.9376834,-0.9376834,0.11527560445
-1.894396,-1.894396,0.11527560445
4.50000000001e-05,4.50000000001e-05,0.11527560445
-19.6743967,-10.0,0.11527560445
-5.4700796,-5.4700796,0.11527560445
-13.4587129,-10.0,0.11527560445
0.8563992,0.8563992,0.11527560445
-1.0123862,-1.0123862,0.11527560445
-18.1308494,-10.0,0.11527560445
2.8413448,2.8413448,0.11527560445
2.5383163,2.5383163,0.11527560445
2.8691036,2.8691036,0.11527560445
2.8691486,2.8691486,0.11527560445
-3.8012389,-3.8012389,0.11527560445
2.1721321,2.1721321,0.11527560445
-1.4949495,-1.4949495,0.11527560445
-2.7647061,-2.7647061,0.11527560445
2.8691494,2.8691494,0.11527560445
2.8473386,2.8473386,0.11527560445
1.9314202,1.9314202,0.11527560445
0.9747076,0.9747076,0.11527560445
2.8691486,2.8691486,0.11527560445
-16.8052931,-10.0,0.11527560445
-8.3392282,-8.3392282,0.11527560445
-16.3278615,-10.0,0.11527560445
-2.0127494,-2.0127494,0.11527560445
-3.8815348,-3.8815348,0.11527560445
-20.999998,-10.0,0.11527560445
-0.0278038,-0.0278038,0.11527560445
-0.3308323,-0.3308323,0.11527560445
-4.50000000001e-05,-4.50000000001e-05,0.11527560445
-2.8691486,-2.8691486,0.11527560445
-6.6703875,-6.6703875,0.11527560445
-0.6970165,-0.6970165,0.11527560445
-4.3640981,-4.3640981,0.11527560445
-5.6338547,-5.6338547,0.11527560445
7.99999998691e-07,7.99999998691e-07,0.11527560445
-0.02181,-0.02181,0.11527560445
-0.9377284,-0.9377284,0.11527560445
-1.894441,-1.894441,0.11527560445
0.0,0.0,0.11527560445
-19.6744417,-10.0,0.11527560445
-1.6688407,-1.6688407,0.11527560445
-9.657474,-9.657474,0.11527560445
4.6576381,4.6576381,0.11527560445
2.7888527,2.7888527,0.11527560445
-14.3296105,-10.0,0.11527560445
6.6425837,6.6425837,0.11527560445
6.3395552,6.3395552,0.11527560445
6.6703425,6.6703425,0.11527560445
3.8012389,3.8012389,0.11527560445
6.6703875,6.6703875,0.11527560445
5.973371,5.973371,0.11527560445
2.3062894,2.3062894,0.11527560445
1.0365328,1.0365328,0.11527560445
6.6703883,6.6703883,0.11527560445
6.6485775,6.6485775,0.11527560445
5.7326591,5.7326591,0.11527560445
4.7759465,4.7759465,0.11527560445
6.6703875,6.6703875,0.11527560445
-13.0040542,-10.0,0.11527560445
-7.6422117,-7.6422117,0.11527560445
-15.630845,-10.0,0.11527560445
-1.3157329,-1.3157329,0.11527560445
-3.1845183,-3.1845183,0.11527560445
-20.3029815,-10.0,0.11527560445
0.6692127,0.6692127,0.11527560445
0.3661842,0.3661842,0.11527560445
0.6969715,0.6969715,0.11527560445
-2.1721321,-2.1721321,0.11527560445
0.6970165,0.6970165,0.11527560445
-5.973371,-5.973371,0.11527560445
-3.6670816,-3.6670816,0.11527560445
-4.9368382,-4.9368382,0.11527560445
0.6970173,0.6970173,0.11527560445
0.6752065,0.6752065,0.11527560445
-0.2407119,-0.2407119,0.11527560445
-1.1974245,-1.1974245,0.11527560445
0.6970165,0.6970165,0.11527560445
-18.9774252,-10.0,0.11527560445
-3.9751301,-3.9751301,0.11527560445
-11.9637634,-10.0,0.11527560445
2.3513487,2.3513487,0.11527560445
0.4825633,0.4825633,0.11527560445
-16.6358999,-10.0,0.11527560445
4.3362943,4.3362943,0.11527560445
4.0332658,4.0332658,0.11527560445
4.3640531,4.3640531,0.11527560445
1.4949495,1.4949495,0.11527560445
4.3640981,4.3640981,0.11527560445
-2.3062894,-2.3062894,0.11527560445
3.6670816,3.6670816,0.11527560445
-1.2697566,-1.2697566,0.11527560445
4.3640989,4.3640989,0.11527560445
4.3422881,4.3422881,0.11527560445
3.4263697,3.4263697,0.11527560445
2.4696571,2.4696571,0.11527560445
4.3640981,4.3640981,0.11527560445
-15.3103436,-10.0,0.11527560445
-2.7053735,-2.7053735,0.11527560445
-10.6940068,-10.0,0.11527560445
3.6211053,3.6211053,0.11527560445
1.7523199,1.7523199,0.11527560445
-15.3661433,-10.0,0.11527560445
5.6060509,5.6060509,0.11527560445
5.3030224,5.3030224,0.11527560445
5.6338097,5.6338097,0.11527560445
2.7647061,2.7647061,0.11527560445
5.6338547,5.6338547,0.11527560445
-1.0365328,-1.0365328,0.11527560445
4.9368382,4.9368382,0.11527560445
1.2697566,1.2697566,0.11527560445
5.6338555,5.6338555,0.11527560445
5.6120447,5.6120447,0.11527560445
4.6961263,4.6961263,0.11527560445
3.7394137,3.7394137,0.11527560445
5.6338547,5.6338547,0.11527560445
-14.040587,-10.0,0.11527560445
-8.339229,-8.339229,0.11527560445
-16.3278623,-10.0,0.11527560445
-2.0127502,-2.0127502,0.11527560445
-3.8815356,-3.8815356,0.11527560445
-20.9999988,-10.0,0.11527560445
-0.0278046,-0.0278046,0.11527560445
-0.3308331,-0.3308331,0.11527560445
-4.57999999988e-05,-4.57999999988e-05,0.11527560445
-2.8691494,-2.8691494,0.11527560445
-7.99999998691e-07,-7.99999998691e-07,0.11527560445
-6.6703883,-6.6703883,0.11527560445
-0.6970173,-0.6970173,0.11527560445
-4.3640989,-4.3640989,0.11527560445
-5.6338555,-5.6338555,0.11527560445
-0.0218108,-0.0218108,0.11527560445
-0.9377292,-0.9377292,0.11527560445
-1.8944418,-1.8944418,0.11527560445
-7.99999998691e-07,-7.99999998691e-07,0.11527560445
-19.6744425,-10.0,0.11527560445
-8.3174182,-8.3174182,0.11527560445
-16.3060515,-10.0,0.11527560445
-1.9909394,-1.9909394,0.11527560445
-3.8597248,-3.8597248,0.11527560445
-20.978188,-10.0,0.11527560445
-0.0059938,-0.0059938,0.11527560445
-0.3090223,-0.3090223,0.11527560445
0.021765,0.021765,0.11527560445
-2.8473386,-2.8473386,0.11527560445
0.02181,0.02181,0.11527560445
-6.6485775,-6.6485775,0.11527560445
-0.6752065,-0.6752065,0.11527560445
-4.3422881,-4.3422881,0.11527560445
-5.6120447,-5.6120447,0.11527560445
0.0218108,0.0218108,0.11527560445
-0.9159184,-0.9159184,0.11527560445
-1.872631,-1.872631,0.11527560445
0.02181,0.02181,0.11527560445
-19.6526317,-10.0,0.11527560445
-7.4014998,-7.4014998,0.11527560445
-15.3901331,-10.0,0.11527560445
-1.075021,-1.075021,0.11527560445
-2.9438064,-2.9438064,0.11527560445
-20.0622696,-10.0,0.11527560445
0.9099246,0.9099246,0.11527560445
0.6068961,0.6068961,0.11527560445
0.9376834,0.9376834,0.11527560445
-1.9314202,-1.9314202,0.11527560445
0.9377284,0.9377284,0.11527560445
-5.7326591,-5.7326591,0.11527560445
0.2407119,0.2407119,0.11527560445
-3.4263697,-3.4263697,0.11527560445
-4.6961263,-4.6961263,0.11527560445
0.9377292,0.9377292,0.11527560445
0.9159184,0.9159184,0.11527560445
-0.9567126,-0.9567126,0.11527560445
0.9377284,0.9377284,0.11527560445
-18.7367133,-10.0,0.11527560445
-6.4447872,-6.4447872,0.11527560445
-14.4334205,-10.0,0.11527560445
-0.1183084,-0.1183084,0.11527560445
-1.9870938,-1.9870938,0.11527560445
-19.105557,-10.0,0.11527560445
1.8666372,1.8666372,0.11527560445
1.5636087,1.5636087,0.11527560445
1.894396,1.894396,0.11527560445
-0.9747076,-0.9747076,0.11527560445
1.894441,1.894441,0.11527560445
-4.7759465,-4.7759465,0.11527560445
1.1974245,1.1974245,0.11527560445
-2.4696571,-2.4696571,0.11527560445
-3.7394137,-3.7394137,0.11527560445
1.8944418,1.8944418,0.11527560445
1.872631,1.872631,0.11527560445
0.9567126,0.9567126,0.11527560445
1.894441,1.894441,0.11527560445
-17.7800007,-10.0,0.11527560445
-8.3392282,-8.3392282,0.11527560445
-16.3278615,-10.0,0.11527560445
-2.0127494,-2.0127494,0.11527560445
-3.8815348,-3.8815348,0.11527560445
-20.999998,-10.0,0.11527560445
-0.0278038,-0.0278038,0.11527560445
-0.3308323,-0.3308323,0.11527560445
-4.50000000001e-05,-4.50000000001e-05,0.11527560445
-2.8691486,-2.8691486,0.11527560445
0.0,0.0,0.11527560445
-6.6703875,-6.6703875,0.11527560445
-0.6970165,-0.6970165,0.11527560445
-4.3640981,-4.3640981,0.11527560445
-5.6338547,-5.6338547,0.11527560445
7.99999998691e-07,7.99999998691e-07,0.11527560445
-0.02181,-0.02181,0.11527560445
-0.9377284,-0.9377284,0.11527560445
-1.894441,-1.894441,0.11527560445
-19.6744417,-10.0,0.11527560445
11.3352135,10.0,0.11527560445
3.3465802,3.3465802,0.11527560445
17.6616923,10.0,0.11527560445
15.7929069,10.0,0.11527560445
-1.3255563,-1.3255563,0.11527560445
19.6466379,10.0,0.11527560445
19.3436094,10.0,0.11527560445
19.6743967,10.0,0.11527560445
16.8052931,10.0,0.11527560445
19.6744417,10.0,0.11527560445
13.0040542,10.0,0.11527560445
18.9774252,10.0,0.11527560445
15.3103436,10.0,0.11527560445
14.040587,10.0,0.11527560445
19.6744425,10.0,0.11527560445
19.6526317,10.0,0.11527560445
18.7367133,10.0,0.11527560445
17.7800007,10.0,0.11527560445
19.6744417,10.0,0.11527560445
0.2915693,0.2915693,0.0533013082948
0.1383166,0.1383166,0.0533013082948
-0.6518949,-0.6518949,0.0533013082948
-3.816306,-3.816306,0.0533013082948
-20.651335,-10.0,0.0533013082948
0.34866,0.34866,0.0533013082948
0.2987254,0.2987254,0.0533013082948
-0.3796617,-0.3796617,0.0533013082948
0.3385371,0.3385371,0.0533013082948
-0.2077037,-0.2077037,0.0533013082948
0.3170435,0.3170435,0.0533013082948
0.3486417,0.3486417,0.0533013082948
0.3486623,0.3486623,0.0533013082948
-17.1190911,-10.0,0.0533013082948
0.3463999,0.3463999,0.0533013082948
0.1676004,0.1676004,0.0533013082948
-0.0049618,-0.0049618,0.0533013082948
-0.0535099,-0.0535099,0.0533013082948
-3.0817225,-3.0817225,0.0533013082948
-0.2915693,-0.2915693,0.0533013082948
-0.1532527,-0.1532527,0.0533013082948
-0.9434642,-0.9434642,0.0533013082948
-4.1078753,-4.1078753,0.0533013082948
-20.9429043,-10.0,0.0533013082948
0.0570907,0.0570907,0.0533013082948
0.0071561,0.0071561,0.0533013082948
-0.671231,-0.671231,0.0533013082948
0.0469678,0.0469678,0.0533013082948
-0.499273,-0.499273,0.0533013082948
0.0254742,0.0254742,0.0533013082948
0.0570724,0.0570724,0.0533013082948
0.057093,0.057093,0.0533013082948
-17.4106604,-10.0,0.0533013082948
0.0548306,0.0548306,0.0533013082948
-0.1239689,-0.1239689,0.0533013082948
-0.2965311,-0.2965311,0.0533013082948
-0.3450792,-0.3450792,0.0533013082948
-3.3732918,-3.3732918,0.0533013082948
-0.1383166,-0.1383166,0.0533013082948
0.1532527,0.1532527,0.0533013082948
-0.7902115,-0.7902115,0.0533013082948
-3.9546226,-3.9546226,0.0533013082948
-20.7896516,-10.0,0.0533013082948
0.2103434,0.2103434,0.0533013082948
0.1604088,0.1604088,0.0533013082948
-0.5179783,-0.5179783,0.0533013082948
0.2002205,0.2002205,0.0533013082948
-0.3460203,-0.3460203,0.0533013082948
0.1787269,0.1787269,0.0533013082948
0.2103251,0.2103251,0.0533013082948
0.2103457,0.2103457,0.0533013082948
-17.2574077,-10.0,0.0533013082948
0.2080833,0.2080833,0.0533013082948
0.0292838,0.0292838,0.0533013082948
-0.1432784,-0.1432784,0.0533013082948
-0.1918265,-0.1918265,0.0533013082948
-3.2200391,-3.2200391,0.0533013082948
0.6518949,0.6518949,0.0533013082948
0.9434642,0.9434642,0.0533013082948
0.7902115,0.7902115,0.0533013082948
-3.1644111,-3.1644111,0.0533013082948
-19.9994401,-10.0,0.0533013082948
1.0005549,1.0005549,0.0533013082948
0.9506203,0.9506203,0.0533013082948
0.2722332,0.2722332,0.0533013082948
0.990432,0.990432,0.0533013082948
0.4441912,0.4441912,0.0533013082948
0.9689384,0.9689384,0.0533013082948
1.0005366,1.0005366,0.0533013082948
1.0005572,1.0005572,0.0533013082948
-16.4671962,-10.0,0.0533013082948
0.9982948,0.9982948,0.0533013082948
0.8194953,0.8194953,0.0533013082948
0.6469331,0.6469331,0.0533013082948
0.598385,0.598385,0.0533013082948
-2.4298276,-2.4298276,0.0533013082948
3.816306,3.816306,0.0533013082948
4.1078753,4.1078753,0.0533013082948
3.9546226,3.9546226,0.0533013082948
3.1644111,3.1644111,0.0533013082948
-16.835029,-10.0,0.0533013082948
4.164966,4.164966,0.0533013082948
4.1150314,4.1150314,0.0533013082948
3.4366443,3.4366443,0.0533013082948
4.1548431,4.1548431,0.0533013082948
3.6086023,3.6086023,0.0533013082948
4.1333495,4.1333495,0.0533013082948
4.1649477,4.1649477,0.0533013082948
4.1649683,4.1649683,0.0533013082948
-13.3027851,-10.0,0.0533013082948
4.1627059,4.1627059,0.0533013082948
3.9839064,3.9839064,0.0533013082948
3.8113442,3.8113442,0.0533013082948
3.7627961,3.7627961,0.0533013082948
0.7345835,0.7345835,0.0533013082948
20.651335,10.0,0.0533013082948
20.9429043,10.0,0.0533013082948
20.7896516,10.0,0.0533013082948
19.9994401,10.0,0.0533013082948
16.835029,10.0,0.0533013082948
20.999995,10.0,0.0533013082948
20.9500604,10.0,0.0533013082948
20.2716733,10.0,0.0533013082948
20.9898721,10.0,0.0533013082948
20.4436313,10.0,0.0533013082948
20.9683785,10.0,0.0533013082948
20.9999767,10.0,0.0533013082948
20.9999973,10.0,0.0533013082948
3.5322439,3.5322439,0.0533013082948
20.9977349,10.0,0.0533013082948
20.8189354,10.0,0.0533013082948
20.6463732,10.0,0.0533013082948
20.5978251,10.0,0.0533013082948
17.5696125,10.0,0.0533013082948
-0.34866,-0.34866,0.0533013082948
-0.0570907,-0.0570907,0.0533013082948
-0.2103434,-0.2103434,0.0533013082948
-1.0005549,-1.0005549,0.0533013082948
-4.164966,-4.164966,0.0533013082948
-20.999995,-10.0,0.0533013082948
-0.0499346,-0.0499346,0.0533013082948
-0.7283217,-0.7283217,0.0533013082948
-0.0101229,-0.0101229,0.0533013082948
-0.5563637,-0.5563637,0.0533013082948
-0.0316165,-0.0316165,0.0533013082948
-1.82999999971e-05,-1.82999999971e-05,0.0533013082948
2.30000000201e-06,2.30000000201e-06,0.0533013082948
-17.4677511,-10.0,0.0533013082948
-0.0022601,-0.0022601,0.0533013082948
-0.1810596,-0.1810596,0.0533013082948
-0.3536218,-0.3536218,0.0533013082948
-0.4021699,-0.4021699,0.0533013082948
-3.4303825,-3.4303825,0.0533013082948
-0.2987254,-0.2987254,0.0533013082948
-0.0071561,-0.0071561,0.0533013082948
-0.1604088,-0.1604088,0.0533013082948
-0.9506203,-0.9506203,0.0533013082948
-4.1150314,-4.1150314,0.0533013082948
-20.9500604,-10.0,0.0533013082948
0.0499346,0.0499346,0.0533013082948
-0.6783871,-0.6783871,0.0533013082948
0.0398117,0.0398117,0.0533013082948
-0.5064291,-0.5064291,0.0533013082948
0.0183181,0.0183181,0.0533013082948
0.0499163,0.0499163,0.0533013082948
0.0499369,0.0499369,0.0533013082948
-17.4178165,-10.0,0.0533013082948
0.0476745,0.0476745,0.0533013082948
-0.131125,-0.131125,0.0533013082948
-0.3036872,-0.3036872,0.0533013082948
-0.3522353,-0.3522353,0.0533013082948
-3.3804479,-3.3804479,0.0533013082948
0.3796617,0.3796617,0.0533013082948
0.671231,0.671231,0.0533013082948
0.5179783,0.5179783,0.0533013082948
-0.2722332,-0.2722332,0.0533013082948
-3.4366443,-3.4366443,0.0533013082948
-20.2716733,-10.0,0.0533013082948
0.7283217,0.7283217,0.0533013082948
0.6783871,0.6783871,0.0533013082948
0.7181988,0.7181988,0.0533013082948
0.171958,0.171958,0.0533013082948
0.6967052,0.6967052,0.0533013082948
0.7283034,0.7283034,0.0533013082948
0.728324,0.728324,0.0533013082948
-16.7394294,-10.0,0.0533013082948
0.7260616,0.7260616,0.0533013082948
0.5472621,0.5472621,0.0533013082948
0.3746999,0.3746999,0.0533013082948
0.3261518,0.3261518,0.0533013082948
-2.7020608,-2.7020608,0.0533013082948
-0.3385371,-0.3385371,0.0533013082948
-0.0469678,-0.0469678,0.0533013082948
-0.2002205,-0.2002205,0.0533013082948
-0.990432,-0.990432,0.0533013082948
-4.1548431,-4.1548431,0.0533013082948
-20.9898721,-10.0,0.0533013082948
0.0101229,0.0101229,0.0533013082948
-0.0398117,-0.0398117,0.0533013082948
-0.7181988,-0.7181988,0.0533013082948
-0.5462408,-0.5462408,0.0533013082948
-0.0214936,-0.0214936,0.0533013082948
0.0101046,0.0101046,0.0533013082948
0.0101252,0.0101252,0.0533013082948
-17.4576282,-10.0,0.0533013082948
0.0078628,0.0078628,0.0533013082948
-0.1709367,-0.1709367,0.0533013082948
-0.3434989,-0.3434989,0.0533013082948
-0.392047,-0.392047,0.0533013082948
-3.4202596,-3.4202596,0.0533013082948
0.2077037,0.2077037,0.0533013082948
0.499273,0.499273,0.0533013082948
0.3460203,0.3460203,0.0533013082948
-0.4441912,-0.4441912,0.0533013082948
-3.6086023,-3.6086023,0.0533013082948
-20.4436313,-10.0,0.0533013082948
0.5563637,0.5563637,0.0533013082948
0.5064291,0.5064291,0.0533013082948
-0.171958,-0.171958,0.0533013082948
0.5462408,0.5462408,0.0533013082948
0.5247472,0.5247472,0.0533013082948
0.5563454,0.5563454,0.0533013082948
0.556366,0.556366,0.0533013082948
-16.9113874,-10.0,0.0533013082948
0.5541036,0.5541036,0.0533013082948
0.3753041,0.3753041,0.0533013082948
0.2027419,0.2027419,0.0533013082948
0.1541938,0.1541938,0.0533013082948
-2.8740188,-2.8740188,0.0533013082948
-0.3170435,-0.3170435,0.0533013082948
-0.0254742,-0.0254742,0.0533013082948
-0.1787269,-0.1787269,0.0533013082948
-0.9689384,-0.9689384,0.0533013082948
-4.1333495,-4.1333495,0.0533013082948
-20.9683785,-10.0,0.0533013082948
0.0316165,0.0316165,0.0533013082948
-0.0183181,-0.0183181,0.0533013082948
-0.6967052,-0.6967052,0.0533013082948
0.0214936,0.0214936,0.0533013082948
-0.5247472,-0.5247472,0.0533013082948
0.0315982,0.0315982,0.0533013082948
0.0316188,0.0316188,0.0533013082948
-17.4361346,-10.0,0.0533013082948
0.0293564,0.0293564,0.0533013082948
-0.1494431,-0.1494431,0.0533013082948
-0.3220053,-0.3220053,0.0533013082948
-0.3705534,-0.3705534,0.0533013082948
-3.398766,-3.398766,0.0533013082948
-0.3486417,-0.3486417,0.0533013082948
-0.0570724,-0.0570724,0.0533013082948
-0.2103251,-0.2103251,0.0533013082948
-1.0005366,-1.0005366,0.0533013082948
-4.1649477,-4.1649477,0.0533013082948
-20.9999767,-10.0,0.0533013082948
1.82999999971e-05,1.82999999971e-05,0.0533013082948
-0.0499163,-0.0499163,0.0533013082948
-0.7283034,-0.7283034,0.0533013082948
-0.0101046,-0.0101046,0.0533013082948
-0.5563454,-0.5563454,0.0533013082948
-0.0315982,-0.0315982,0.0533013082948
2.05999999991e-05,2.05999999991e-05,0.0533013082948
-17.4677328,-10.0,0.0533013082948
-0.0022418,-0.0022418,0.0533013082948
-0.1810413,-0.1810413,0.0533013082948
-0.3536035,-0.3536035,0.0533013082948
-0.4021516,-0.4021516,0.0533013082948
-3.4303642,-3.4303642,0.0533013082948
-0.3486623,-0.3486623,0.0533013082948
-0.057093,-0.057093,0.0533013082948
-0.2103457,-0.2103457,0.0533013082948
-1.0005572,-1.0005572,0.0533013082948
-4.1649683,-4.1649683,0.0533013082948
-20.9999973,-10.0,0.0533013082948
-2.30000000201e-06,-2.30000000201e-06,0.0533013082948
-0.0499369,-0.0499369,0.0533013082948
-0.728324,-0.728324,0.0533013082948
-0.0101252,-0.0101252,0.0533013082948
-0.556366,-0.556366,0.0533013082948
-0.0316188,-0.0316188,0.0533013082948
-2.05999999991e-05,-2.05999999991e-05,0.0533013082948
-17.4677534,-10.0,0.0533013082948
-0.0022624,-0.0022624,0.0533013082948
-0.1810619,-0.1810619,0.0533013082948
-0.3536241,-0.3536241,0.0533013082948
-0.4021722,-0.4021722,0.0533013082948
-3.4303848,-3.4303848,0.0533013082948
17.1190911,10.0,0.0533013082948
17.4106604,10.0,0.0533013082948
17.2574077,10.0,0.0533013082948
16.4671962,10.0,0.0533013082948
13.3027851,10.0,0.0533013082948
-3.5322439,-3.5322439,0.0533013082948
17.4677511,10.0,0.0533013082948
17.4178165,10.0,0.0533013082948
16.7394294,10.0,0.0533013082948
17.4576282,10.0,0.0533013082948
16.9113874,10.0,0.0533013082948
17.4361346,10.0,0.0533013082948
17.4677328,10.0,0.0533013082948
17.4677534,10.0,0.0533013082948
17.465491,10.0,0.0533013082948
17.2866915,10.0,0.0533013082948
17.1141293,10.0,0.0533013082948
17.0655812,10.0,0.0533013082948
14.0373686,10.0,0.0533013082948
-0.3463999,-0.3463999,0.0533013082948
-0.0548306,-0.0548306,0.0533013082948
-0.2080833,-0.2080833,0.0533013082948
-0.9982948,-0.9982948,0.0533013082948
-4.1627059,-4.1627059,0.0533013082948
-20.9977349,-10.0,0.0533013082948
0.0022601,0.0022601,0.0533013082948
-0.0476745,-0.0476745,0.0533013082948
-0.7260616,-0.7260616,0.0533013082948
-0.0078628,-0.0078628,0.0533013082948
-0.5541036,-0.5541036,0.0533013082948
-0.0293564,-0.0293564,0.0533013082948
0.0022418,0.0022418,0.0533013082948
0.0022624,0.0022624,0.0533013082948
-17.465491,-10.0,0.0533013082948
-0.1787995,-0.1787995,0.0533013082948
-0.3513617,-0.3513617,0.0533013082948
-0.3999098,-0.3999098,0.0533013082948
-3.4281224,-3.4281224,0.0533013082948
-0.1676004,-0.1676004,0.0533013082948
0.1239689,0.1239689,0.0533013082948
-0.0292838,-0.0292838,0.0533013082948
-0.8194953,-0.8194953,0.0533013082948
-3.9839064,-3.9839064,0.0533013082948
-20.8189354,-10.0,0.0533013082948
0.1810596,0.1810596,0.0533013082948
0.131125,0.131125,0.0533013082948
-0.5472621,-0.5472621,0.0533013082948
0.1709367,0.1709367,0.0533013082948
-0.3753041,-0.3753041,0.0533013082948
0.1494431,0.1494431,0.0533013082948
0.1810413,0.1810413,0.0533013082948
0.1810619,0.1810619,0.0533013082948
-17.2866915,-10.0,0.0533013082948
0.1787995,0.1787995,0.0533013082948
-0.1725622,-0.1725622,0.0533013082948
-0.2211103,-0.2211103,0.0533013082948
-3.2493229,-3.2493229,0.0533013082948
0.0049618,0.0049618,0.0533013082948
0.2965311,0.2965311,0.0533013082948
0.1432784,0.1432784,0.0533013082948
-0.6469331,-0.6469331,0.0533013082948
-3.8113442,-3.8113442,0.0533013082948
-20.6463732,-10.0,0.0533013082948
0.3536218,0.3536218,0.0533013082948
0.3036872,0.3036872,0.0533013082948
-0.3746999,-0.3746999,0.0533013082948
0.3434989,0.3434989,0.0533013082948
-0.2027419,-0.2027419,0.0533013082948
0.3220053,0.3220053,0.0533013082948
0.3536035,0.3536035,0.0533013082948
0.3536241,0.3536241,0.0533013082948
-17.1141293,-10.0,0.0533013082948
0.3513617,0.3513617,0.0533013082948
0.1725622,0.1725622,0.0533013082948
-0.0485481,-0.0485481,0.0533013082948
-3.0767607,-3.0767607,0.0533013082948
0.0535099,0.0535099,0.0533013082948
0.3450792,0.3450792,0.0533013082948
0.1918265,0.1918265,0.0533013082948
-0.598385,-0.598385,0.0533013082948
-3.7627961,-3.7627961,0.0533013082948
-20.5978251,-10.0,0.0533013082948
0.4021699,0.4021699,0.0533013082948
0.3522353,0.3522353,0.0533013082948
-0.3261518,-0.3261518,0.0533013082948
0.392047,0.392047,0.0533013082948
-0.1541938,-0.1541938,0.0533013082948
0.3705534,0.3705534,0.0533013082948
0.4021516,0.4021516,0.0533013082948
0.4021722,0.4021722,0.0533013082948
-17.0655812,-10.0,0.0533013082948
0.3999098,0.3999098,0.0533013082948
0.2211103,0.2211103,0.0533013082948
0.0485481,0.0485481,0.0533013082948
-3.0282126,-3.0282126,0.0533013082948
3.0817225,3.0817225,0.0533013082948
3.3732918,3.3732918,0.0533013082948
3.2200391,3.2200391,0.0533013082948
2.4298276,2.4298276,0.0533013082948
-0.7345835,-0.7345835,0.0533013082948
-17.5696125,-10.0,0.0533013082948
3.4303825,3.4303825,0.0533013082948
3.3804479,3.3804479,0.0533013082948
2.7020608,2.7020608,0.0533013082948
3.4202596,3.4202596,0.0533013082948
2.8740188,2.8740188,0.0533013082948
3.398766,3.398766,0.0533013082948
3.4303642,3.4303642,0.0533013082948
3.4303848,3.4303848,0.0533013082948
-14.0373686,-10.0,0.0533013082948
3.4281224,3.4281224,0.0533013082948
3.2493229,3.2493229,0.0533013082948
3.0767607,3.0767607,0.0533013082948
3.0282126,3.0282126,0.0533013082948
0.4572284,0.4572284,0.0258833844994
1.8880212,1.8880212,0.0258833844994
1.1554502,1.1554502,0.0258833844994
0.709613,0.709613,0.0258833844994
1.2436717,1.2436717,0.0258833844994
0.2021402,0.2021402,0.0258833844994
1.8880212,1.8880212,0.0258833844994
1.8880195,1.8880195,0.0258833844994
-0.9087264,-0.9087264,0.0258833844994
0.7641305,0.7641305,0.0258833844994
1.7580169,1.7580169,0.0258833844994
1.8505153,1.8505153,0.0258833844994
-0.2865641,-0.2865641,0.0258833844994
1.8880173,1.8880173,0.0258833844994
-14.6541223,-10.0,0.0258833844994
-19.1119771,-10.0,0.0258833844994
-5.2008235,-5.2008235,0.0258833844994
1.6175992,1.6175992,0.0258833844994
1.6507595,1.6507595,0.0258833844994
-0.4572284,-0.4572284,0.0258833844994
1.4307928,1.4307928,0.0258833844994
0.6982218,0.6982218,0.0258833844994
0.2523846,0.2523846,0.0258833844994
0.7864433,0.7864433,0.0258833844994
-0.2550882,-0.2550882,0.0258833844994
1.4307928,1.4307928,0.0258833844994
1.4307911,1.4307911,0.0258833844994
-1.3659548,-1.3659548,0.0258833844994
0.3069021,0.3069021,0.0258833844994
1.3007885,1.3007885,0.0258833844994
1.3932869,1.3932869,0.0258833844994
-0.7437925,-0.7437925,0.0258833844994
1.4307889,1.4307889,0.0258833844994
-15.1113507,-10.0,0.0258833844994
-19.5692055,-10.0,0.0258833844994
-5.6580519,-5.6580519,0.0258833844994
1.1603708,1.1603708,0.0258833844994
1.1935311,1.1935311,0.0258833844994
-1.8880212,-1.8880212,0.0258833844994
-1.4307928,-1.4307928,0.0258833844994
-0.732571,-0.732571,0.0258833844994
-1.1784082,-1.1784082,0.0258833844994
-0.6443495,-0.6443495,0.0258833844994
-1.685881,-1.685881,0.0258833844994
0.0,0.0,0.0258833844994
-1.7000000021e-06,-1.7000000021e-06,0.0258833844994
-2.7967476,-2.7967476,0.0258833844994
-1.1238907,-1.1238907,0.0258833844994
-0.1300043,-0.1300043,0.0258833844994
-0.0375059,-0.0375059,0.0258833844994
-2.1745853,-2.1745853,0.0258833844994
-3.90000000294e-06,-3.90000000294e-06,0.0258833844994
-16.5421435,-10.0,0.0258833844994
-20.9999983,-10.0,0.0258833844994
-7.0888447,-7.0888447,0.0258833844994
-0.270422,-0.270422,0.0258833844994
-0.2372617,-0.2372617,0.0258833844994
-1.1554502,-1.1554502,0.0258833844994
-0.6982218,-0.6982218,0.0258833844994
0.732571,0.732571,0.0258833844994
-0.4458372,-0.4458372,0.0258833844994
0.0882215,0.0882215,0.0258833844994
-0.95331,-0.95331,0.0258833844994
0.732571,0.732571,0.0258833844994
0.7325693,0.7325693,0.0258833844994
-2.0641766,-2.0641766,0.0258833844994
-0.3913197,-0.3913197,0.0258833844994
0.6025667,0.6025667,0.0258833844994
0.6950651,0.6950651,0.0258833844994
-1.4420143,-1.4420143,0.0258833844994
0.7325671,0.7325671,0.0258833844994
-15.8095725,-10.0,0.0258833844994
-20.2674273,-10.0,0.0258833844994
-6.3562737,-6.3562737,0.0258833844994
0.462149,0.462149,0.0258833844994
0.4953093,0.4953093,0.0258833844994
-0.709613,-0.709613,0.0258833844994
-0.2523846,-0.2523846,0.0258833844994
1.1784082,1.1784082,0.0258833844994
0.4458372,0.4458372,0.0258833844994
0.5340587,0.5340587,0.0258833844994
-0.5074728,-0.5074728,0.0258833844994
1.1784082,1.1784082,0.0258833844994
1.1784065,1.1784065,0.0258833844994
-1.6183394,-1.6183394,0.0258833844994
0.0545175,0.0545175,0.0258833844994
1.0484039,1.0484039,0.0258833844994
1.1409023,1.1409023,0.0258833844994
-0.9961771,-0.9961771,0.0258833844994
1.1784043,1.1784043,0.0258833844994
-15.3637353,-10.0,0.0258833844994
-19.8215901,-10.0,0.0258833844994
-5.9104365,-5.9104365,0.0258833844994
0.9079862,0.9079862,0.0258833844994
0.9411465,0.9411465,0.0258833844994
-1.2436717,-1.2436717,0.0258833844994
-0.7864433,-0.7864433,0.0258833844994
0.6443495,0.6443495,0.0258833844994
-0.0882215,-0.0882215,0.0258833844994
-0.5340587,-0.5340587,0.0258833844994
-1.0415315,-1.0415315,0.0258833844994
0.6443495,0.6443495,0.0258833844994
0.6443478,0.6443478,0.0258833844994
-2.1523981,-2.1523981,0.0258833844994
-0.4795412,-0.4795412,0.0258833844994
0.5143452,0.5143452,0.0258833844994
0.6068436,0.6068436,0.0258833844994
-1.5302358,-1.5302358,0.0258833844994
0.6443456,0.6443456,0.0258833844994
-15.897794,-10.0,0.0258833844994
-20.3556488,-10.0,0.0258833844994
-6.4444952,-6.4444952,0.0258833844994
0.3739275,0.3739275,0.0258833844994
0.4070878,0.4070878,0.0258833844994
-0.2021402,-0.2021402,0.0258833844994
0.2550882,0.2550882,0.0258833844994
1.685881,1.685881,0.0258833844994
0.95331,0.95331,0.0258833844994
0.5074728,0.5074728,0.0258833844994
1.0415315,1.0415315,0.0258833844994
1.685881,1.685881,0.0258833844994
1.6858793,1.6858793,0.0258833844994
-1.1108666,-1.1108666,0.0258833844994
0.5619903,0.5619903,0.0258833844994
1.5558767,1.5558767,0.0258833844994
1.6483751,1.6483751,0.0258833844994
-0.4887043,-0.4887043,0.0258833844994
1.6858771,1.6858771,0.0258833844994
-14.8562625,-10.0,0.0258833844994
-19.3141173,-10.0,0.0258833844994
-5.4029637,-5.4029637,0.0258833844994
1.415459,1.415459,0.0258833844994
1.4486193,1.4486193,0.0258833844994
-1.8880212,-1.8880212,0.0258833844994
-1.4307928,-1.4307928,0.0258833844994
0.0,0.0,0.0258833844994
-0.732571,-0.732571,0.0258833844994
-1.1784082,-1.1784082,0.0258833844994
-0.6443495,-0.6443495,0.0258833844994
-1.685881,-1.685881,0.0258833844994
-1.7000000021e-06,-1.7000000021e-06,0.0258833844994
-2.7967476,-2.7967476,0.0258833844994
-1.1238907,-1.1238907,0.0258833844994
-0.1300043,-0.1300043,0.0258833844994
-0.0375059,-0.0375059,0.0258833844994
-2.1745853,-2.1745853,0.0258833844994
-3.90000000294e-06,-3.90000000294e-06,0.0258833844994
-16.5421435,-10.0,0.0258833844994
-20.9999983,-10.0,0.0258833844994
-7.0888447,-7.0888447,0.0258833844994
-0.270422,-0.270422,0.0258833844994
-0.2372617,-0.2372617,0.0258833844994
-1.8880195,-1.8880195,0.0258833844994
-1.4307911,-1.4307911,0.0258833844994
1.7000000021e-06,1.7000000021e-06,0.0258833844994
-0.7325693,-0.7325693,0.0258833844994
-1.1784065,-1.1784065,0.0258833844994
-0.6443478,-0.6443478,0.0258833844994
-1.6858793,-1.6858793,0.0258833844994
1.7000000021e-06,1.7000000021e-06,0.0258833844994
-2.7967459,-2.7967459,0.0258833844994
-1.123889,-1.123889,0.0258833844994
-0.1300026,-0.1300026,0.0258833844994
-0.0375042,-0.0375042,0.0258833844994
-2.1745836,-2.1745836,0.0258833844994
-2.20000000084e-06,-2.20000000084e-06,0.0258833844994
-16.5421418,-10.0,0.0258833844994
-20.9999966,-10.0,0.0258833844994
-7.088843,-7.088843,0.0258833844994
-0.2704203,-0.2704203,0.0258833844994
-0.23726,-0.23726,0.0258833844994
0.9087264,0.9087264,0.0258833844994
1.3659548,1.3659548,0.0258833844994
2.7967476,2.7967476,0.0258833844994
2.0641766,2.0641766,0.0258833844994
1.6183394,1.6183394,0.0258833844994
2.1523981,2.1523981,0.0258833844994
1.1108666,1.1108666,0.0258833844994
2.7967476,2.7967476,0.0258833844994
2.7967459,2.7967459,0.0258833844994
1.6728569,1.6728569,0.0258833844994
2.6667433,2.6667433,0.0258833844994
2.7592417,2.7592417,0.0258833844994
0.6221623,0.6221623,0.0258833844994
2.7967437,2.7967437,0.0258833844994
-13.7453959,-10.0,0.0258833844994
-18.2032507,-10.0,0.0258833844994
-4.2920971,-4.2920971,0.0258833844994
2.5263256,2.5263256,0.0258833844994
2.5594859,2.5594859,0.0258833844994
-0.7641305,-0.7641305,0.0258833844994
-0.3069021,-0.3069021,0.0258833844994
1.1238907,1.1238907,0.0258833844994
0.3913197,0.3913197,0.0258833844994
-0.0545175,-0.0545175,0.0258833844994
0.4795412,0.4795412,0.0258833844994
-0.5619903,-0.5619903,0.0258833844994
1.1238907,1.1238907,0.0258833844994
1.123889,1.123889,0.0258833844994
-1.6728569,-1.6728569,0.0258833844994
0.9938864,0.9938864,0.0258833844994
1.0863848,1.0863848,0.0258833844994
-1.0506946,-1.0506946,0.0258833844994
1.1238868,1.1238868,0.0258833844994
-15.4182528,-10.0,0.0258833844994
-19.8761076,-10.0,0.0258833844994
-5.964954,-5.964954,0.0258833844994
0.8534687,0.8534687,0.0258833844994
0.886629,0.886629,0.0258833844994
-1.7580169,-1.7580169,0.0258833844994
-1.3007885,-1.3007885,0.0258833844994
0.1300043,0.1300043,0.0258833844994
-0.6025667,-0.6025667,0.0258833844994
-1.0484039,-1.0484039,0.0258833844994
-0.5143452,-0.5143452,0.0258833844994
-1.5558767,-1.5558767,0.0258833844994
0.1300043,0.1300043,0.0258833844994
0.1300026,0.1300026,0.0258833844994
-2.6667433,-2.6667433,0.0258833844994
-0.9938864,-0.9938864,0.0258833844994
0.0924984,0.0924984,0.0258833844994
-2.044581,-2.044581,0.0258833844994
0.1300004,0.1300004,0.0258833844994
-16.4121392,-10.0,0.0258833844994
-20.869994,-10.0,0.0258833844994
-6.9588404,-6.9588404,0.0258833844994
-0.1404177,-0.1404177,0.0258833844994
-0.1072574,-0.1072574,0.0258833844994
-1.8505153,-1.8505153,0.0258833844994
-1.3932869,-1.3932869,0.0258833844994
0.0375059,0.0375059,0.0258833844994
-0.6950651,-0.6950651,0.0258833844994
-1.1409023,-1.1409023,0.0258833844994
-0.6068436,-0.6068436,0.0258833844994
-1.6483751,-1.6483751,0.0258833844994
0.0375059,0.0375059,0.0258833844994
0.0375042,0.0375042,0.0258833844994
-2.7592417,-2.7592417,0.0258833844994
-1.0863848,-1.0863848,0.0258833844994
-0.0924984,-0.0924984,0.0258833844994
-2.1370794,-2.1370794,0.0258833844994
0.037502,0.037502,0.0258833844994
-16.5046376,-10.0,0.0258833844994
-20.9624924,-10.0,0.0258833844994
-7.0513388,-7.0513388,0.0258833844994
-0.2329161,-0.2329161,0.0258833844994
-0.1997558,-0.1997558,0.0258833844994
0.2865641,0.2865641,0.0258833844994
0.7437925,0.7437925,0.0258833844994
2.1745853,2.1745853,0.0258833844994
1.4420143,1.4420143,0.0258833844994
0.9961771,0.9961771,0.0258833844994
1.5302358,1.5302358,0.0258833844994
0.4887043,0.4887043,0.0258833844994
2.1745853,2.1745853,0.0258833844994
2.1745836,2.1745836,0.0258833844994
-0.6221623,-0.6221623,0.0258833844994
1.0506946,1.0506946,0.0258833844994
2.044581,2.044581,0.0258833844994
2.1370794,2.1370794,0.0258833844994
2.1745814,2.1745814,0.0258833844994
-14.3675582,-10.0,0.0258833844994
-18.825413,-10.0,0.0258833844994
-4.9142594,-4.9142594,0.0258833844994
1.9041633,1.9041633,0.0258833844994
1.9373236,1.9373236,0.0258833844994
-1.8880173,-1.8880173,0.0258833844994
-1.4307889,-1.4307889,0.0258833844994
3.90000000294e-06,3.90000000294e-06,0.0258833844994
-0.7325671,-0.7325671,0.0258833844994
-1.1784043,-1.1784043,0.0258833844994
-0.6443456,-0.6443456,0.0258833844994
-1.6858771,-1.6858771,0.0258833844994
3.90000000294e-06,3.90000000294e-06,0.0258833844994
2.20000000084e-06,2.20000000084e-06,0.0258833844994
-2.7967437,-2.7967437,0.0258833844994
-1.1238868,-1.1238868,0.0258833844994
-0.1300004,-0.1300004,0.0258833844994
-0.037502,-0.037502,0.0258833844994
-2.1745814,-2.1745814,0.0258833844994
-16.5421396,-10.0,0.0258833844994
-20.9999944,-10.0,0.0258833844994
-7.0888408,-7.0888408,0.0258833844994
-0.2704181,-0.2704181,0.0258833844994
-0.2372578,-0.2372578,0.0258833844994
14.6541223,10.0,0.0258833844994
15.1113507,10.0,0.0258833844994
16.5421435,10.0,0.0258833844994
15.8095725,10.0,0.0258833844994
15.3637353,10.0,0.0258833844994
15.897794,10.0,0.0258833844994
14.8562625,10.0,0.0258833844994
16.5421435,10.0,0.0258833844994
16.5421418,10.0,0.0258833844994
13.7453959,10.0,0.0258833844994
15.4182528,10.0,0.0258833844994
16.4121392,10.0,0.0258833844994
16.5046376,10.0,0.0258833844994
14.3675582,10.0,0.0258833844994
16.5421396,10.0,0.0258833844994
-4.4578548,-4.4578548,0.0258833844994
9.4532988,9.4532988,0.0258833844994
16.2717215,10.0,0.0258833844994
16.3048818,10.0,0.0258833844994
19.1119771,10.0,0.0258833844994
19.5692055,10.0,0.0258833844994
20.9999983,10.0,0.0258833844994
20.2674273,10.0,0.0258833844994
19.8215901,10.0,0.0258833844994
20.3556488,10.0,0.0258833844994
19.3141173,10.0,0.0258833844994
20.9999983,10.0,0.0258833844994
20.9999966,10.0,0.0258833844994
18.2032507,10.0,0.0258833844994
19.8761076,10.0,0.0258833844994
20.869994,10.0,0.0258833844994
20.9624924,10.0,0.0258833844994
18.825413,10.0,0.0258833844994
20.9999944,10.0,0.0258833844994
4.4578548,4.4578548,0.0258833844994
13.9111536,10.0,0.0258833844994
20.7295763,10.0,0.0258833844994
20.7627366,10.0,0.0258833844994
5.2008235,5.2008235,0.0258833844994
5.6580519,5.6580519,0.0258833844994
7.0888447,7.0888447,0.0258833844994
6.3562737,6.3562737,0.0258833844994
5.9104365,5.9104365,0.0258833844994
6.4444952,6.4444952,0.0258833844994
5.4029637,5.4029637,0.0258833844994
7.0888447,7.0888447,0.0258833844994
7.088843,7.088843,0.0258833844994
4.2920971,4.2920971,0.0258833844994
5.964954,5.964954,0.0258833844994
6.9588404,6.9588404,0.0258833844994
7.0513388,7.0513388,0.0258833844994
4.9142594,4.9142594,0.0258833844994
7.0888408,7.0888408,0.0258833844994
-9.4532988,-9.4532988,0.0258833844994
-13.9111536,-10.0,0.0258833844994
6.8184227,6.8184227,0.0258833844994
6.851583,6.851583,0.0258833844994
-1.6175992,-1.6175992,0.0258833844994
-1.1603708,-1.1603708,0.0258833844994
0.270422,0.270422,0.0258833844994
-0.462149,-0.462149,0.0258833844994
-0.9079862,-0.9079862,0.0258833844994
-0.3739275,-0.3739275,0.0258833844994
-1.415459,-1.415459,0.0258833844994
0.270422,0.270422,0.0258833844994
0.2704203,0.2704203,0.0258833844994
-2.5263256,-2.5263256,0.0258833844994
-0.8534687,-0.8534687,0.0258833844994
0.1404177,0.1404177,0.0258833844994
0.2329161,0.2329161,0.0258833844994
-1.9041633,-1.9041633,0.0258833844994
0.2704181,0.2704181,0.0258833844994
-16.2717215,-10.0,0.0258833844994
-20.7295763,-10.0,0.0258833844994
-6.8184227,-6.8184227,0.0258833844994
0.0331603,0.0331603,0.0258833844994
-1.6507595,-1.6507595,0.0258833844994
-1.1935311,-1.1935311,0.0258833844994
0.2372617,0.2372617,0.0258833844994
-0.4953093,-0.4953093,0.0258833844994
-0.9411465,-0.9411465,0.0258833844994
-0.4070878,-0.4070878,0.0258833844994
-1.4486193,-1.4486193,0.0258833844994
0.2372617,0.2372617,0.0258833844994
0.23726,0.23726,0.0258833844994
-2.5594859,-2.5594859,0.0258833844994
-0.886629,-0.886629,0.0258833844994
0.1072574,0.1072574,0.0258833844994
0.1997558,0.1997558,0.0258833844994
-1.9373236,-1.9373236,0.0258833844994
0.2372578,0.2372578,0.0258833844994
-16.3048818,-10.0,0.0258833844994
-20.7627366,-10.0,0.0258833844994
-6.851583,-6.851583,0.0258833844994
-0.0331603,-0.0331603,0.0258833844994