realcoeff,binnedcoeff
-0.0462198,-0.0462198
6.0662762,6.0662762
-0.1429065,-0.1429065
-2.7426378,-2.7426378
12.690233,-10.0
-0.7646132,-0.7646132
-3.2249126,-3.2249126
1.9812954,1.9812954
-3.0272445,-3.0272445
-3.422437,-3.422437
7.0996234,7.0996234
1.9698078,1.9698078
0.1625636,0.1625636
2.2223933,2.2223933
14.3699246,-10.0
-1.5331886,-1.5331886
-1.5129529,-1.5129529
-1.1515929,-1.1515929
-1.1223808,-1.1223808
0.0462198,0.0462198
6.112496,6.112496
-0.0966867,-0.0966867
-2.696418,-2.696418
12.7364528,-10.0
-0.7183934,-0.7183934
-3.1786928,-3.1786928
2.0275152,2.0275152
-2.9810247,-2.9810247
-3.3762172,-3.3762172
7.1458432,7.1458432
2.0160276,2.0160276
0.2087834,0.2087834
2.2686131,2.2686131
14.4161444,-10.0
-1.4869688,-1.4869688
-1.4667331,-1.4667331
-1.1053731,-1.1053731
-1.076161,-1.076161
-6.0662762,-6.0662762
-6.112496,-6.112496
-6.2091827,-6.2091827
-8.808914,-8.808914
6.6239568,6.6239568
-6.8308894,-6.8308894
-9.2911888,-9.2911888
-4.0849808,-4.0849808
-9.0935207,-9.0935207
-9.4887132,-9.4887132
1.0333472,1.0333472
-4.0964684,-4.0964684
-5.9037126,-5.9037126
-3.8438829,-3.8438829
8.3036484,8.3036484
-7.5994648,-7.5994648
-7.5792291,-7.5792291
-7.2178691,-7.2178691
-7.188657,-7.188657
0.1429065,0.1429065
0.0966867,0.0966867
6.2091827,6.2091827
-2.5997313,-2.5997313
12.8331395,-10.0
-0.6217067,-0.6217067
-3.0820061,-3.0820061
2.1242019,2.1242019
-2.884338,-2.884338
-3.2795305,-3.2795305
7.2425299,7.2425299
2.1127143,2.1127143
0.3054701,0.3054701
2.3652998,2.3652998
14.5128311,-10.0
-1.3902821,-1.3902821
-1.3700464,-1.3700464
-1.0086864,-1.0086864
-0.9794743,-0.9794743
2.7426378,2.7426378
2.696418,2.696418
8.808914,8.808914
2.5997313,2.5997313
15.4328708,-10.0
1.9780246,1.9780246
-0.4822748,-0.4822748
4.7239332,4.7239332
-0.2846067,-0.2846067
-0.6797992,-0.6797992
9.8422612,9.8422612
4.7124456,4.7124456
2.9052014,2.9052014
4.9650311,4.9650311
17.1125624,-10.0
1.2094492,1.2094492
1.2296849,1.2296849
1.5910449,1.5910449
1.620257,1.620257
-12.690233,-10.0
-12.7364528,-10.0
-6.6239568,-6.6239568
-12.8331395,-10.0
-15.4328708,-10.0
-13.4548462,-10.0
-15.9151456,-10.0
-10.7089376,-10.0
-15.7174775,-10.0
-16.11267,-10.0
-5.5906096,-5.5906096
-10.7204252,-10.0
-12.5276694,-10.0
-10.4678397,-10.0
1.6796916,1.6796916
-14.2234216,-10.0
-14.2031859,-10.0
-13.8418259,-10.0
-13.8126138,-10.0
0.7646132,0.7646132
0.7183934,0.7183934
6.8308894,6.8308894
0.6217067,0.6217067
-1.9780246,-1.9780246
13.4548462,-10.0
-2.4602994,-2.4602994
2.7459086,2.7459086
-2.2626313,-2.2626313
-2.6578238,-2.6578238
7.8642366,7.8642366
2.734421,2.734421
0.9271768,0.9271768
2.9870065,2.9870065
15.1345378,-10.0
-0.7685754,-0.7685754
-0.7483397,-0.7483397
-0.3869797,-0.3869797
-0.3577676,-0.3577676
3.2249126,3.2249126
3.1786928,3.1786928
9.2911888,9.2911888
3.0820061,3.0820061
0.4822748,0.4822748
15.9151456,-10.0
2.4602994,2.4602994
5.206208,5.206208
0.1976681,0.1976681
-0.1975244,-0.1975244
10.324536,-10.0
5.1947204,5.1947204
3.3874762,3.3874762
5.4473059,5.4473059
17.5948372,-10.0
1.691724,1.691724
1.7119597,1.7119597
2.0733197,2.0733197
2.1025318,2.1025318
-1.9812954,-1.9812954
-2.0275152,-2.0275152
4.0849808,4.0849808
-2.1242019,-2.1242019
-4.7239332,-4.7239332
10.7089376,-10.0
-2.7459086,-2.7459086
-5.206208,-5.206208
-5.0085399,-5.0085399
-5.4037324,-5.4037324
5.118328,5.118328
-0.0114876,-0.0114876
-1.8187318,-1.8187318
0.2410979,0.2410979
12.3886292,-10.0
-3.514484,-3.514484
-3.4942483,-3.4942483
-3.1328883,-3.1328883
-3.1036762,-3.1036762
3.0272445,3.0272445
2.9810247,2.9810247
9.0935207,9.0935207
2.884338,2.884338
0.2846067,0.2846067
15.7174775,-10.0
2.2626313,2.2626313
-0.1976681,-0.1976681
5.0085399,5.0085399
-0.3951925,-0.3951925
10.1268679,-10.0
4.9970523,4.9970523
3.1898081,3.1898081
5.2496378,5.2496378
17.3971691,-10.0
1.4940559,1.4940559
1.5142916,1.5142916
1.8756516,1.8756516
1.9048637,1.9048637
3.422437,3.422437
3.3762172,3.3762172
9.4887132,9.4887132
3.2795305,3.2795305
0.6797992,0.6797992
16.11267,-10.0
2.6578238,2.6578238
0.1975244,0.1975244
5.4037324,5.4037324
0.3951925,0.3951925
10.5220604,-10.0
5.3922448,5.3922448
3.5850006,3.5850006
5.6448303,5.6448303
17.7923616,-10.0
1.8892484,1.8892484
1.9094841,1.9094841
2.2708441,2.2708441
2.3000562,2.3000562
-7.0996234,-7.0996234
-7.1458432,-7.1458432
-1.0333472,-1.0333472
-7.2425299,-7.2425299
-9.8422612,-9.8422612
5.5906096,5.5906096
-7.8642366,-7.8642366
-10.324536,-10.0
-5.118328,-5.118328
-10.1268679,-10.0
-10.5220604,-10.0
-5.1298156,-5.1298156
-6.9370598,-6.9370598
-4.8772301,-4.8772301
7.2703012,7.2703012
-8.632812,-8.632812
-8.6125763,-8.6125763
-8.2512163,-8.2512163
-8.2220042,-8.2220042
-1.9698078,-1.9698078
-2.0160276,-2.0160276
4.0964684,4.0964684
-2.1127143,-2.1127143
-4.7124456,-4.7124456
10.7204252,-10.0
-2.734421,-2.734421
-5.1947204,-5.1947204
0.0114876,0.0114876
-4.9970523,-4.9970523
-5.3922448,-5.3922448
5.1298156,5.1298156
-1.8072442,-1.8072442
0.2525855,0.2525855
12.4001168,-10.0
-3.5029964,-3.5029964
-3.4827607,-3.4827607
-3.1214007,-3.1214007
-3.0921886,-3.0921886
-0.1625636,-0.1625636
-0.2087834,-0.2087834
5.9037126,5.9037126
-0.3054701,-0.3054701
-2.9052014,-2.9052014
12.5276694,-10.0
-0.9271768,-0.9271768
-3.3874762,-3.3874762
1.8187318,1.8187318
-3.1898081,-3.1898081
-3.5850006,-3.5850006
6.9370598,6.9370598
1.8072442,1.8072442
2.0598297,2.0598297
14.207361,-10.0
-1.6957522,-1.6957522
-1.6755165,-1.6755165
-1.3141565,-1.3141565
-1.2849444,-1.2849444
-2.2223933,-2.2223933
-2.2686131,-2.2686131
3.8438829,3.8438829
-2.3652998,-2.3652998
-4.9650311,-4.9650311
10.4678397,-10.0
-2.9870065,-2.9870065
-5.4473059,-5.4473059
-0.2410979,-0.2410979
-5.2496378,-5.2496378
-5.6448303,-5.6448303
4.8772301,4.8772301
-0.2525855,-0.2525855
-2.0598297,-2.0598297
12.1475313,-10.0
-3.7555819,-3.7555819
-3.7353462,-3.7353462
-3.3739862,-3.3739862
-3.3447741,-3.3447741
-14.3699246,-10.0
-14.4161444,-10.0
-8.3036484,-8.3036484
-14.5128311,-10.0
-17.1125624,-10.0
-1.6796916,-1.6796916
-15.1345378,-10.0
-17.5948372,-10.0
-12.3886292,-10.0
-17.3971691,-10.0
-17.7923616,-10.0
-7.2703012,-7.2703012
-12.4001168,-10.0
-14.207361,-10.0
-12.1475313,-10.0
-15.9031132,-10.0
-15.8828775,-10.0
-15.5215175,-10.0
-15.4923054,-10.0
1.5331886,1.5331886
1.4869688,1.4869688
7.5994648,7.5994648
1.3902821,1.3902821
-1.2094492,-1.2094492
14.2234216,-10.0
0.7685754,0.7685754
-1.691724,-1.691724
3.514484,3.514484
-1.4940559,-1.4940559
-1.8892484,-1.8892484
8.632812,8.632812
3.5029964,3.5029964
1.6957522,1.6957522
3.7555819,3.7555819
15.9031132,-10.0
0.0202357,0.0202357
0.3815957,0.3815957
0.4108078,0.4108078
1.5129529,1.5129529
1.4667331,1.4667331
7.5792291,7.5792291
1.3700464,1.3700464
-1.2296849,-1.2296849
14.2031859,-10.0
0.7483397,0.7483397
-1.7119597,-1.7119597
3.4942483,3.4942483
-1.5142916,-1.5142916
-1.9094841,-1.9094841
8.6125763,8.6125763
3.4827607,3.4827607
1.6755165,1.6755165
3.7353462,3.7353462
15.8828775,-10.0
-0.0202357,-0.0202357
0.36136,0.36136
0.3905721,0.3905721
1.1515929,1.1515929
1.1053731,1.1053731
7.2178691,7.2178691
1.0086864,1.0086864
-1.5910449,-1.5910449
13.8418259,-10.0
0.3869797,0.3869797
-2.0733197,-2.0733197
3.1328883,3.1328883
-1.8756516,-1.8756516
-2.2708441,-2.2708441
8.2512163,8.2512163
3.1214007,3.1214007
1.3141565,1.3141565
3.3739862,3.3739862
15.5215175,-10.0
-0.3815957,-0.3815957
-0.36136,-0.36136
0.0292121,0.0292121
1.1223808,1.1223808
1.076161,1.076161
7.188657,7.188657
0.9794743,0.9794743
-1.620257,-1.620257
13.8126138,-10.0
0.3577676,0.3577676
-2.1025318,-2.1025318
3.1036762,3.1036762
-1.9048637,-1.9048637
-2.3000562,-2.3000562
8.2220042,8.2220042
3.0921886,3.0921886
1.2849444,1.2849444
3.3447741,3.3447741
15.4923054,-10.0
-0.4108078,-0.4108078
-0.3905721,-0.3905721
-0.0292121,-0.0292121
16.770151,-10.0
15.8303454,-10.0
15.4940701,-10.0
-1.7489942,-1.7489942
4.5005971,4.5005971
0.6573267,0.6573267
-2.4333329,-2.4333329
-1.5317978,-1.5317978
0.035049,0.035049
-0.7492369,-0.7492369
19.4243484,-10.0
2.8751453,2.8751453
-0.1571098,-0.1571098
2.0152485,2.0152485
2.8647688,2.8647688
0.7324217,0.7324217
-1.5756513,-1.5756513
-0.4971794,-0.4971794
-3.1197727,-3.1197727
-16.770151,-10.0
-0.9398056,-0.9398056
-1.2760809,-1.2760809
-18.5191452,-10.0
-12.2695539,-10.0
-16.1128243,-10.0
-19.2034839,-10.0
-18.3019488,-10.0
-16.735102,-10.0
-17.5193879,-10.0
2.6541974,2.6541974
-13.8950057,-10.0
-16.9272608,-10.0
-14.7549025,-10.0
-13.9053822,-10.0
-16.0377293,-10.0
-18.3458023,-10.0
-17.2673304,-10.0
-19.8899237,-10.0
-15.8303454,-10.0
0.9398056,0.9398056
-0.3362753,-0.3362753
-17.5793396,-10.0
-11.3297483,-10.0
-15.1730187,-10.0
-18.2636783,-10.0
-17.3621432,-10.0
-15.7952964,-10.0
-16.5795823,-10.0
3.594003,3.594003
-12.9552001,-10.0
-15.9874552,-10.0
-13.8150969,-10.0
-12.9655766,-10.0
-15.0979237,-10.0
-17.4059967,-10.0
-16.3275248,-10.0
-18.9501181,-10.0
-15.4940701,-10.0
1.2760809,1.2760809
0.3362753,0.3362753
-17.2430643,-10.0
-10.993473,-10.0
-14.8367434,-10.0
-17.927403,-10.0
-17.0258679,-10.0
-15.4590211,-10.0
-16.243307,-10.0
3.9302783,3.9302783
-12.6189248,-10.0
-15.6511799,-10.0
-13.4788216,-10.0
-12.6293013,-10.0
-14.7616484,-10.0
-17.0697214,-10.0
-15.9912495,-10.0
-18.6138428,-10.0
1.7489942,1.7489942
18.5191452,-10.0
17.5793396,-10.0
17.2430643,-10.0
6.2495913,6.2495913
2.4063209,2.4063209
-0.6843387,-0.6843387
0.2171964,0.2171964
1.7840432,1.7840432
0.9997573,0.9997573
21.1733426,-10.0
4.6241395,4.6241395
1.5918844,1.5918844
3.7642427,3.7642427
4.613763,4.613763
2.4814159,2.4814159
0.1733429,0.1733429
1.2518148,1.2518148
-1.3707785,-1.3707785
-4.5005971,-4.5005971
12.2695539,-10.0
11.3297483,-10.0
10.993473,-10.0
-6.2495913,-6.2495913
-3.8432704,-3.8432704
-6.93393,-6.93393
-6.0323949,-6.0323949
-4.4655481,-4.4655481
-5.249834,-5.249834
14.9237513,-10.0
-1.6254518,-1.6254518
-4.6577069,-4.6577069
-2.4853486,-2.4853486
-1.6358283,-1.6358283
-3.7681754,-3.7681754
-6.0762484,-6.0762484
-4.9977765,-4.9977765
-7.6203698,-7.6203698
-0.6573267,-0.6573267
16.1128243,-10.0
15.1730187,-10.0
14.8367434,-10.0
-2.4063209,-2.4063209
3.8432704,3.8432704
-3.0906596,-3.0906596
-2.1891245,-2.1891245
-0.6222777,-0.6222777
-1.4065636,-1.4065636
18.7670217,-10.0
2.2178186,2.2178186
-0.8144365,-0.8144365
1.3579218,1.3579218
2.2074421,2.2074421
0.075095,0.075095
-2.232978,-2.232978
-1.1545061,-1.1545061
-3.7770994,-3.7770994
2.4333329,2.4333329
19.2034839,-10.0
18.2636783,-10.0
17.927403,-10.0
0.6843387,0.6843387
6.93393,6.93393
3.0906596,3.0906596
0.9015351,0.9015351
2.4683819,2.4683819
1.684096,1.684096
21.8576813,-10.0
5.3084782,5.3084782
2.2762231,2.2762231
4.4485814,4.4485814
5.2981017,5.2981017
3.1657546,3.1657546
0.8576816,0.8576816
1.9361535,1.9361535
-0.6864398,-0.6864398
1.5317978,1.5317978
18.3019488,-10.0
17.3621432,-10.0
17.0258679,-10.0
-0.2171964,-0.2171964
6.0323949,6.0323949
2.1891245,2.1891245
-0.9015351,-0.9015351
1.5668468,1.5668468
0.7825609,0.7825609
20.9561462,-10.0
4.4069431,4.4069431
1.374688,1.374688
3.5470463,3.5470463
4.3965666,4.3965666
2.2642195,2.2642195
-0.0438535,-0.0438535
1.0346184,1.0346184
-1.5879749,-1.5879749
-0.035049,-0.035049
16.735102,-10.0
15.7952964,-10.0
15.4590211,-10.0
-1.7840432,-1.7840432
4.4655481,4.4655481
0.6222777,0.6222777
-2.4683819,-2.4683819
-1.5668468,-1.5668468
-0.7842859,-0.7842859
19.3892994,-10.0
2.8400963,2.8400963
-0.1921588,-0.1921588
1.9801995,1.9801995
2.8297198,2.8297198
0.6973727,0.6973727
-1.6107003,-1.6107003
-0.5322284,-0.5322284
-3.1548217,-3.1548217
0.7492369,0.7492369
17.5193879,-10.0
16.5795823,-10.0
16.243307,-10.0
-0.9997573,-0.9997573
5.249834,5.249834
1.4065636,1.4065636
-1.684096,-1.684096
-0.7825609,-0.7825609
0.7842859,0.7842859
20.1735853,-10.0
3.6243822,3.6243822
0.5921271,0.5921271
2.7644854,2.7644854
3.6140057,3.6140057
1.4816586,1.4816586
-0.8264144,-0.8264144
0.2520575,0.2520575
-2.3705358,-2.3705358
-19.4243484,-10.0
-2.6541974,-2.6541974
-3.594003,-3.594003
-3.9302783,-3.9302783
-21.1733426,-10.0
-14.9237513,-10.0
-18.7670217,-10.0
-21.8576813,-10.0
-20.9561462,-10.0
-19.3892994,-10.0
-20.1735853,-10.0
-16.5492031,-10.0
-19.5814582,-10.0
-17.4090999,-10.0
-16.5595796,-10.0
-18.6919267,-10.0
-20.9999997,-10.0
-19.9215278,-10.0
-22.5441211,-10.0
-2.8751453,-2.8751453
13.8950057,-10.0
12.9552001,-10.0
12.6189248,-10.0
-4.6241395,-4.6241395
1.6254518,1.6254518
-2.2178186,-2.2178186
-5.3084782,-5.3084782
-4.4069431,-4.4069431
-2.8400963,-2.8400963
-3.6243822,-3.6243822
16.5492031,-10.0
-3.0322551,-3.0322551
-0.8598968,-0.8598968
-0.0103765,-0.0103765
-2.1427236,-2.1427236
-4.4507966,-4.4507966
-3.3723247,-3.3723247
-5.994918,-5.994918
0.1571098,0.1571098
16.9272608,-10.0
15.9874552,-10.0
15.6511799,-10.0
-1.5918844,-1.5918844
4.6577069,4.6577069
0.8144365,0.8144365
-2.2762231,-2.2762231
-1.374688,-1.374688
0.1921588,0.1921588
-0.5921271,-0.5921271
19.5814582,-10.0
3.0322551,3.0322551
2.1723583,2.1723583
3.0218786,3.0218786
0.8895315,0.8895315
-1.4185415,-1.4185415
-0.3400696,-0.3400696
-2.9626629,-2.9626629
-2.0152485,-2.0152485
14.7549025,-10.0
13.8150969,-10.0
13.4788216,-10.0
-3.7642427,-3.7642427
2.4853486,2.4853486
-1.3579218,-1.3579218
-4.4485814,-4.4485814
-3.5470463,-3.5470463
-1.9801995,-1.9801995
-2.7644854,-2.7644854
17.4090999,-10.0
0.8598968,0.8598968
-2.1723583,-2.1723583
0.8495203,0.8495203
-1.2828268,-1.2828268
-3.5908998,-3.5908998
-2.5124279,-2.5124279
-5.1350212,-5.1350212
-2.8647688,-2.8647688
13.9053822,-10.0
12.9655766,-10.0
12.6293013,-10.0
-4.613763,-4.613763
1.6358283,1.6358283
-2.2074421,-2.2074421
-5.2981017,-5.2981017
-4.3965666,-4.3965666
-2.8297198,-2.8297198
-3.6140057,-3.6140057
16.5595796,-10.0
0.0103765,0.0103765
-3.0218786,-3.0218786
-0.8495203,-0.8495203
-2.1323471,-2.1323471
-4.4404201,-4.4404201
-3.3619482,-3.3619482
-5.9845415,-5.9845415
-0.7324217,-0.7324217
16.0377293,-10.0
15.0979237,-10.0
14.7616484,-10.0
-2.4814159,-2.4814159
3.7681754,3.7681754
-0.075095,-0.075095
-3.1657546,-3.1657546
-2.2642195,-2.2642195
-0.6973727,-0.6973727
-1.4816586,-1.4816586
18.6919267,-10.0
2.1427236,2.1427236
-0.8895315,-0.8895315
1.2828268,1.2828268
2.1323471,2.1323471
-2.308073,-2.308073
-1.2296011,-1.2296011
-3.8521944,-3.8521944
1.5756513,1.5756513
18.3458023,-10.0
17.4059967,-10.0
17.0697214,-10.0
-0.1733429,-0.1733429
6.0762484,6.0762484
2.232978,2.232978
-0.8576816,-0.8576816
0.0438535,0.0438535
1.6107003,1.6107003
0.8264144,0.8264144
20.9999997,-10.0
4.4507966,4.4507966
1.4185415,1.4185415
3.5908998,3.5908998
4.4404201,4.4404201
2.308073,2.308073
1.0784719,1.0784719
-1.5441214,-1.5441214
0.4971794,0.4971794
17.2673304,-10.0
16.3275248,-10.0
15.9912495,-10.0
-1.2518148,-1.2518148
4.9977765,4.9977765
1.1545061,1.1545061
-1.9361535,-1.9361535
-1.0346184,-1.0346184
0.5322284,0.5322284
-0.2520575,-0.2520575
19.9215278,-10.0
3.3723247,3.3723247
0.3400696,0.3400696
2.5124279,2.5124279
3.3619482,3.3619482
1.2296011,1.2296011
-1.0784719,-1.0784719
-2.6225933,-2.6225933
3.1197727,3.1197727
19.8899237,-10.0
18.9501181,-10.0
18.6138428,-10.0
1.3707785,1.3707785
7.6203698,7.6203698
3.7770994,3.7770994
0.6864398,0.6864398
1.5879749,1.5879749
3.1548217,3.1548217
2.3705358,2.3705358
22.5441211,-10.0
5.994918,5.994918
2.9626629,2.9626629
5.1350212,5.1350212
5.9845415,5.9845415
3.8521944,3.8521944
1.5441214,1.5441214
2.6225933,2.6225933
10.7161538,-10.0
0.2747535,0.2747535
-1.7164999,-1.7164999
8.1408069,8.1408069
1.4828498,1.4828498
0.4785778,0.4785778
-0.3654341,-0.3654341
-1.2017927,-1.2017927
-0.4870931,-0.4870931
-1.0994631,-1.0994631
-0.468207,-0.468207
3.4360592,3.4360592
-0.9166106,-0.9166106
0.374072,0.374072
0.0774561,0.0774561
-0.1912347,-0.1912347
1.4396243,1.4396243
4.9329538,4.9329538
15.4819273,-10.0
-10.7161538,-10.0
-10.4414003,-10.0
-12.4326537,-10.0
-2.5753469,-2.5753469
-9.233304,-9.233304
-10.237576,-10.0
-11.0815879,-10.0
-11.9179465,-10.0
-11.2032469,-10.0
-11.8156169,-10.0
-11.1843608,-10.0
-7.2800946,-7.2800946
-11.6327644,-10.0
-10.3420818,-10.0
-10.6386977,-10.0
-10.9073885,-10.0
-9.2765295,-9.2765295
-5.7832,-5.7832
4.7657735,4.7657735
-0.2747535,-0.2747535
10.4414003,-10.0
-1.9912534,-1.9912534
7.8660534,7.8660534
1.2080963,1.2080963
0.2038243,0.2038243
-0.6401876,-0.6401876
-1.4765462,-1.4765462
-0.7618466,-0.7618466
-1.3742166,-1.3742166
-0.7429605,-0.7429605
3.1613057,3.1613057
-1.1913641,-1.1913641
0.0993185,0.0993185
-0.1972974,-0.1972974
-0.4659882,-0.4659882
1.1648708,1.1648708
4.6582003,4.6582003
15.2071738,-10.0
1.7164999,1.7164999
12.4326537,-10.0
1.9912534,1.9912534
9.8573068,9.8573068
3.1993497,3.1993497
2.1950777,2.1950777
1.3510658,1.3510658
0.5147072,0.5147072
1.2294068,1.2294068
0.6170368,0.6170368
1.2482929,1.2482929
5.1525591,5.1525591
0.7998893,0.7998893
2.0905719,2.0905719
1.793956,1.793956
1.5252652,1.5252652
3.1561242,3.1561242
6.6494537,6.6494537
17.1984272,-10.0
-8.1408069,-8.1408069
2.5753469,2.5753469
-7.8660534,-7.8660534
-9.8573068,-9.8573068
-6.6579571,-6.6579571
-7.6622291,-7.6622291
-8.506241,-8.506241
-9.3425996,-9.3425996
-8.6279,-8.6279
-9.24027,-9.24027
-8.6090139,-8.6090139
-4.7047477,-4.7047477
-9.0574175,-9.0574175
-7.7667349,-7.7667349
-8.0633508,-8.0633508
-8.3320416,-8.3320416
-6.7011826,-6.7011826
-3.2078531,-3.2078531
7.3411204,7.3411204
-1.4828498,-1.4828498
9.233304,9.233304
-1.2080963,-1.2080963
-3.1993497,-3.1993497
6.6579571,6.6579571
-1.004272,-1.004272
-1.8482839,-1.8482839
-2.6846425,-2.6846425
-1.9699429,-1.9699429
-2.5823129,-2.5823129
-1.9510568,-1.9510568
1.9532094,1.9532094
-2.3994604,-2.3994604
-1.1087778,-1.1087778
-1.4053937,-1.4053937
-1.6740845,-1.6740845
-0.0432255,-0.0432255
3.450104,3.450104
13.9990775,-10.0
-0.4785778,-0.4785778
10.237576,-10.0
-0.2038243,-0.2038243
-2.1950777,-2.1950777
7.6622291,7.6622291
1.004272,1.004272
-0.8440119,-0.8440119
-1.6803705,-1.6803705
-0.9656709,-0.9656709
-1.5780409,-1.5780409
-0.9467848,-0.9467848
2.9574814,2.9574814
-1.3951884,-1.3951884
-0.1045058,-0.1045058
-0.4011217,-0.4011217
-0.6698125,-0.6698125
0.9610465,0.9610465
4.454376,4.454376
15.0033495,-10.0
0.3654341,0.3654341
11.0815879,-10.0
0.6401876,0.6401876
-1.3510658,-1.3510658
8.506241,8.506241
1.8482839,1.8482839
0.8440119,0.8440119
-0.8363586,-0.8363586
-0.121659,-0.121659
-0.734029,-0.734029
-0.1027729,-0.1027729
3.8014933,3.8014933
-0.5511765,-0.5511765
0.7395061,0.7395061
0.4428902,0.4428902
0.1741994,0.1741994
1.8050584,1.8050584
5.2983879,5.2983879
15.8473614,-10.0
1.2017927,1.2017927
11.9179465,-10.0
1.4765462,1.4765462
-0.5147072,-0.5147072
9.3425996,9.3425996
2.6846425,2.6846425
1.6803705,1.6803705
0.8363586,0.8363586
0.7146996,0.7146996
0.1023296,0.1023296
0.7335857,0.7335857
4.6378519,4.6378519
0.2851821,0.2851821
1.5758647,1.5758647
1.2792488,1.2792488
1.010558,1.010558
2.641417,2.641417
6.1347465,6.1347465
16.68372,-10.0
0.4870931,0.4870931
11.2032469,-10.0
0.7618466,0.7618466
-1.2294068,-1.2294068
8.6279,8.6279
1.9699429,1.9699429
0.9656709,0.9656709
0.121659,0.121659
-0.7146996,-0.7146996
-0.61237,-0.61237
0.0188861,0.0188861
3.9231523,3.9231523
-0.4295175,-0.4295175
0.8611651,0.8611651
0.5645492,0.5645492
0.2958584,0.2958584
1.9267174,1.9267174
5.4200469,5.4200469
15.9690204,-10.0
1.0994631,1.0994631
11.8156169,-10.0
1.3742166,1.3742166
-0.6170368,-0.6170368
9.24027,9.24027
2.5823129,2.5823129
1.5780409,1.5780409
0.734029,0.734029
-0.1023296,-0.1023296
0.61237,0.61237
0.6312561,0.6312561
4.5355223,4.5355223
0.1828525,0.1828525
1.4735351,1.4735351
1.1769192,1.1769192
0.9082284,0.9082284
2.5390874,2.5390874
6.0324169,6.0324169
16.5813904,-10.0
0.468207,0.468207
11.1843608,-10.0
0.7429605,0.7429605
-1.2482929,-1.2482929
8.6090139,8.6090139
1.9510568,1.9510568
0.9467848,0.9467848
0.1027729,0.1027729
-0.7335857,-0.7335857
-0.0188861,-0.0188861
-0.6312561,-0.6312561
3.9042662,3.9042662
-0.4484036,-0.4484036
0.842279,0.842279
0.5456631,0.5456631
0.2769723,0.2769723
1.9078313,1.9078313
5.4011608,5.4011608
15.9501343,-10.0
-3.4360592,-3.4360592
7.2800946,7.2800946
-3.1613057,-3.1613057
-5.1525591,-5.1525591
4.7047477,4.7047477
-1.9532094,-1.9532094
-2.9574814,-2.9574814
-3.8014933,-3.8014933
-4.6378519,-4.6378519
-3.9231523,-3.9231523
-4.5355223,-4.5355223
-3.9042662,-3.9042662
-4.3526698,-4.3526698
-3.0619872,-3.0619872
-3.3586031,-3.3586031
-3.6272939,-3.6272939
-1.9964349,-1.9964349
1.4968946,1.4968946
12.0458681,-10.0
0.9166106,0.9166106
11.6327644,-10.0
1.1913641,1.1913641
-0.7998893,-0.7998893
9.0574175,9.0574175
2.3994604,2.3994604
1.3951884,1.3951884
0.5511765,0.5511765
-0.2851821,-0.2851821
0.4295175,0.4295175
-0.1828525,-0.1828525
0.4484036,0.4484036
4.3526698,4.3526698
1.2906826,1.2906826
0.9940667,0.9940667
0.7253759,0.7253759
2.3562349,2.3562349
5.8495644,5.8495644
16.3985379,-10.0
-0.374072,-0.374072
10.3420818,-10.0
-0.0993185,-0.0993185
-2.0905719,-2.0905719
7.7667349,7.7667349
1.1087778,1.1087778
0.1045058,0.1045058
-0.7395061,-0.7395061
-1.5758647,-1.5758647
-0.8611651,-0.8611651
-1.4735351,-1.4735351
-0.842279,-0.842279
3.0619872,3.0619872
-1.2906826,-1.2906826
-0.2966159,-0.2966159
-0.5653067,-0.5653067
1.0655523,1.0655523
4.5588818,4.5588818
15.1078553,-10.0
-0.0774561,-0.0774561
10.6386977,-10.0
0.1972974,0.1972974
-1.793956,-1.793956
8.0633508,8.0633508
1.4053937,1.4053937
0.4011217,0.4011217
-0.4428902,-0.4428902
-1.2792488,-1.2792488
-0.5645492,-0.5645492
-1.1769192,-1.1769192
-0.5456631,-0.5456631
3.3586031,3.3586031
-0.9940667,-0.9940667
0.2966159,0.2966159
-0.2686908,-0.2686908
1.3621682,1.3621682
4.8554977,4.8554977
15.4044712,-10.0
0.1912347,0.1912347
10.9073885,-10.0
0.4659882,0.4659882
-1.5252652,-1.5252652
8.3320416,8.3320416
1.6740845,1.6740845
0.6698125,0.6698125
-0.1741994,-0.1741994
-1.010558,-1.010558
-0.2958584,-0.2958584
-0.9082284,-0.9082284
-0.2769723,-0.2769723
3.6272939,3.6272939
-0.7253759,-0.7253759
0.5653067,0.5653067
0.2686908,0.2686908
1.630859,1.630859
5.1241885,5.1241885
15.673162,-10.0
-1.4396243,-1.4396243
9.2765295,9.2765295
-1.1648708,-1.1648708
-3.1561242,-3.1561242
6.7011826,6.7011826
0.0432255,0.0432255
-0.9610465,-0.9610465
-1.8050584,-1.8050584
-2.641417,-2.641417
-1.9267174,-1.9267174
-2.5390874,-2.5390874
-1.9078313,-1.9078313
1.9964349,1.9964349
-2.3562349,-2.3562349
-1.0655523,-1.0655523
-1.3621682,-1.3621682
-1.630859,-1.630859
3.4933295,3.4933295
14.042303,-10.0
-4.9329538,-4.9329538
5.7832,5.7832
-4.6582003,-4.6582003
-6.6494537,-6.6494537
3.2078531,3.2078531
-3.450104,-3.450104
-4.454376,-4.454376
-5.2983879,-5.2983879
-6.1347465,-6.1347465
-5.4200469,-5.4200469
-6.0324169,-6.0324169
-5.4011608,-5.4011608
-1.4968946,-1.4968946
-5.8495644,-5.8495644
-4.5588818,-4.5588818
-4.8554977,-4.8554977
-5.1241885,-5.1241885
-3.4933295,-3.4933295
10.5489735,-10.0
-15.4819273,-10.0
-4.7657735,-4.7657735
-15.2071738,-10.0
-17.1984272,-10.0
-7.3411204,-7.3411204
-13.9990775,-10.0
-15.0033495,-10.0
-15.8473614,-10.0
-16.68372,-10.0
-15.9690204,-10.0
-16.5813904,-10.0
-15.9501343,-10.0
-12.0458681,-10.0
-16.3985379,-10.0
-15.1078553,-10.0
-15.4044712,-10.0
-15.673162,-10.0
-14.042303,-10.0
-10.5489735,-10.0
0.5874432,0.5874432
-0.2206058,-0.2206058
-1.2524334,-1.2524334
0.6962593,0.6962593
1.5363417,1.5363417
-0.1011673,-0.1011673
1.0756255,1.0756255
-1.1654624,-1.1654624
1.5707559,1.5707559
-0.6594323,-0.6594323
-0.3018422,-0.3018422
1.9561735,1.9561735
-0.7018552,-0.7018552
-0.0898029,-0.0898029
-0.3632926,-0.3632926
0.0132306,0.0132306
2.6035073,2.6035073
16.659251,-10.0
-1.026955,-1.026955
-0.5874432,-0.5874432
-0.808049,-0.808049
-1.8398766,-1.8398766
0.1088161,0.1088161
0.9488985,0.9488985
-0.6886105,-0.6886105
0.4881823,0.4881823
-1.7529056,-1.7529056
0.9833127,0.9833127
-1.2468755,-1.2468755
-0.8892854,-0.8892854
1.3687303,1.3687303
-1.2892984,-1.2892984
-0.6772461,-0.6772461
-0.9507358,-0.9507358
-0.5742126,-0.5742126
2.0160641,2.0160641
16.0718078,-10.0
-1.6143982,-1.6143982
0.2206058,0.2206058
0.808049,0.808049
-1.0318276,-1.0318276
0.9168651,0.9168651
1.7569475,1.7569475
0.1194385,0.1194385
1.2962313,1.2962313
-0.9448566,-0.9448566
1.7913617,1.7913617
-0.4388265,-0.4388265
-0.0812364,-0.0812364
2.1767793,2.1767793
-0.4812494,-0.4812494
0.1308029,0.1308029
-0.1426868,-0.1426868
0.2338364,0.2338364
2.8241131,2.8241131
16.8798568,-10.0
-0.8063492,-0.8063492
1.2524334,1.2524334
1.8398766,1.8398766
1.0318276,1.0318276
1.9486927,1.9486927
2.7887751,2.7887751
1.1512661,1.1512661
2.3280589,2.3280589
0.086971,0.086971
2.8231893,2.8231893
0.5930011,0.5930011
0.9505912,0.9505912
3.2086069,3.2086069
0.5505782,0.5505782
1.1626305,1.1626305
0.8891408,0.8891408
1.265664,1.265664
3.8559407,3.8559407
17.9116844,-10.0
0.2254784,0.2254784
-0.6962593,-0.6962593
-0.1088161,-0.1088161
-0.9168651,-0.9168651
-1.9486927,-1.9486927
0.8400824,0.8400824
-0.7974266,-0.7974266
0.3793662,0.3793662
-1.8617217,-1.8617217
0.8744966,0.8744966
-1.3556916,-1.3556916
-0.9981015,-0.9981015
1.2599142,1.2599142
-1.3981145,-1.3981145
-0.7860622,-0.7860622
-1.0595519,-1.0595519
-0.6830287,-0.6830287
1.907248,1.907248
15.9629917,-10.0
-1.7232143,-1.7232143
-1.5363417,-1.5363417
-0.9488985,-0.9488985
-1.7569475,-1.7569475
-2.7887751,-2.7887751
-0.8400824,-0.8400824
-1.637509,-1.637509
-0.4607162,-0.4607162
-2.7018041,-2.7018041
0.0344142,0.0344142
-2.195774,-2.195774
-1.8381839,-1.8381839
0.4198318,0.4198318
-2.2381969,-2.2381969
-1.6261446,-1.6261446
-1.8996343,-1.8996343
-1.5231111,-1.5231111
1.0671656,1.0671656
15.1229093,-10.0
-2.5632967,-2.5632967
0.1011673,0.1011673
0.6886105,0.6886105
-0.1194385,-0.1194385
-1.1512661,-1.1512661
0.7974266,0.7974266
1.637509,1.637509
1.1767928,1.1767928
-1.0642951,-1.0642951
1.6719232,1.6719232
-0.558265,-0.558265
-0.2006749,-0.2006749
2.0573408,2.0573408
-0.6006879,-0.6006879
0.0113644,0.0113644
-0.2621253,-0.2621253
0.1143979,0.1143979
2.7046746,2.7046746
16.7604183,-10.0
-0.9257877,-0.9257877
-1.0756255,-1.0756255
-0.4881823,-0.4881823
-1.2962313,-1.2962313
-2.3280589,-2.3280589
-0.3793662,-0.3793662
0.4607162,0.4607162
-1.1767928,-1.1767928
-2.2410879,-2.2410879
0.4951304,0.4951304
-1.7350578,-1.7350578
-1.3774677,-1.3774677
0.880548,0.880548
-1.7774807,-1.7774807
-1.1654284,-1.1654284
-1.4389181,-1.4389181
-1.0623949,-1.0623949
1.5278818,1.5278818
15.5836255,-10.0
-2.1025805,-2.1025805
1.1654624,1.1654624
1.7529056,1.7529056
0.9448566,0.9448566
-0.086971,-0.086971
1.8617217,1.8617217
2.7018041,2.7018041
1.0642951,1.0642951
2.2410879,2.2410879
2.7362183,2.7362183
0.5060301,0.5060301
0.8636202,0.8636202
3.1216359,3.1216359
0.4636072,0.4636072
1.0756595,1.0756595
0.8021698,0.8021698
1.178693,1.178693
3.7689697,3.7689697
17.8247134,-10.0
0.1385074,0.1385074
-1.5707559,-1.5707559
-0.9833127,-0.9833127
-1.7913617,-1.7913617
-2.8231893,-2.8231893
-0.8744966,-0.8744966
-0.0344142,-0.0344142
-1.6719232,-1.6719232
-0.4951304,-0.4951304
-2.7362183,-2.7362183
-2.2301882,-2.2301882
-1.8725981,-1.8725981
0.3854176,0.3854176
-2.2726111,-2.2726111
-1.6605588,-1.6605588
-1.9340485,-1.9340485
-1.5575253,-1.5575253
1.0327514,1.0327514
15.0884951,-10.0
-2.5977109,-2.5977109
0.6594323,0.6594323
1.2468755,1.2468755
0.4388265,0.4388265
-0.5930011,-0.5930011
1.3556916,1.3556916
2.195774,2.195774
0.558265,0.558265
1.7350578,1.7350578
-0.5060301,-0.5060301
2.2301882,2.2301882
0.3575901,0.3575901
2.6156058,2.6156058
-0.0424229,-0.0424229
0.5696294,0.5696294
0.2961397,0.2961397
0.6726629,0.6726629
3.2629396,3.2629396
17.3186833,-10.0
-0.3675227,-0.3675227
0.3018422,0.3018422
0.8892854,0.8892854
0.0812364,0.0812364
-0.9505912,-0.9505912
0.9981015,0.9981015
1.8381839,1.8381839
0.2006749,0.2006749
1.3774677,1.3774677
-0.8636202,-0.8636202
1.8725981,1.8725981
-0.3575901,-0.3575901
2.2580157,2.2580157
-0.400013,-0.400013
0.2120393,0.2120393
-0.0614504,-0.0614504
0.3150728,0.3150728
2.9053495,2.9053495
16.9610932,-10.0
-0.7251128,-0.7251128
-1.9561735,-1.9561735
-1.3687303,-1.3687303
-2.1767793,-2.1767793
-3.2086069,-3.2086069
-1.2599142,-1.2599142
-0.4198318,-0.4198318
-2.0573408,-2.0573408
-0.880548,-0.880548
-3.1216359,-3.1216359
-0.3854176,-0.3854176
-2.6156058,-2.6156058
-2.2580157,-2.2580157
-2.6580287,-2.6580287
-2.0459764,-2.0459764
-2.3194661,-2.3194661
-1.9429429,-1.9429429
0.6473338,0.6473338
14.7030775,-10.0
-2.9831285,-2.9831285
0.7018552,0.7018552
1.2892984,1.2892984
0.4812494,0.4812494
-0.5505782,-0.5505782
1.3981145,1.3981145
2.2381969,2.2381969
0.6006879,0.6006879
1.7774807,1.7774807
-0.4636072,-0.4636072
2.2726111,2.2726111
0.0424229,0.0424229
0.400013,0.400013
2.6580287,2.6580287
0.6120523,0.6120523
0.3385626,0.3385626
0.7150858,0.7150858
3.3053625,3.3053625
17.3611062,-10.0
-0.3250998,-0.3250998
0.0898029,0.0898029
0.6772461,0.6772461
-0.1308029,-0.1308029
-1.1626305,-1.1626305
0.7860622,0.7860622
1.6261446,1.6261446
-0.0113644,-0.0113644
1.1654284,1.1654284
-1.0756595,-1.0756595
1.6605588,1.6605588
-0.5696294,-0.5696294
-0.2120393,-0.2120393
2.0459764,2.0459764
-0.6120523,-0.6120523
-0.2734897,-0.2734897
0.1030335,0.1030335
2.6933102,2.6933102
16.7490539,-10.0
-0.9371521,-0.9371521
0.3632926,0.3632926
0.9507358,0.9507358
0.1426868,0.1426868
-0.8891408,-0.8891408
1.0595519,1.0595519
1.8996343,1.8996343
0.2621253,0.2621253
1.4389181,1.4389181
-0.8021698,-0.8021698
1.9340485,1.9340485
-0.2961397,-0.2961397
0.0614504,0.0614504
2.3194661,2.3194661
-0.3385626,-0.3385626
0.2734897,0.2734897
0.3765232,0.3765232
2.9667999,2.9667999
17.0225436,-10.0
-0.6636624,-0.6636624
-0.0132306,-0.0132306
0.5742126,0.5742126
-0.2338364,-0.2338364
-1.265664,-1.265664
0.6830287,0.6830287
1.5231111,1.5231111
-0.1143979,-0.1143979
1.0623949,1.0623949
-1.178693,-1.178693
1.5575253,1.5575253
-0.6726629,-0.6726629
-0.3150728,-0.3150728
1.9429429,1.9429429
-0.7150858,-0.7150858
-0.1030335,-0.1030335
-0.3765232,-0.3765232
2.5902767,2.5902767
16.6460204,-10.0
-1.0401856,-1.0401856
-2.6035073,-2.6035073
-2.0160641,-2.0160641
-2.8241131,-2.8241131
-3.8559407,-3.8559407
-1.907248,-1.907248
-1.0671656,-1.0671656
-2.7046746,-2.7046746
-1.5278818,-1.5278818
-3.7689697,-3.7689697
-1.0327514,-1.0327514
-3.2629396,-3.2629396
-2.9053495,-2.9053495
-0.6473338,-0.6473338
-3.3053625,-3.3053625
-2.6933102,-2.6933102
-2.9667999,-2.9667999
-2.5902767,-2.5902767
14.0557437,-10.0
-3.6304623,-3.6304623
-16.659251,-10.0
-16.0718078,-10.0
-16.8798568,-10.0
-17.9116844,-10.0
-15.9629917,-10.0
-15.1229093,-10.0
-16.7604183,-10.0
-15.5836255,-10.0
-17.8247134,-10.0
-15.0884951,-10.0
-17.3186833,-10.0
-16.9610932,-10.0
-14.7030775,-10.0
-17.3611062,-10.0
-16.7490539,-10.0
-17.0225436,-10.0
-16.6460204,-10.0
-14.0557437,-10.0
-17.686206,-10.0
1.026955,1.026955
1.6143982,1.6143982
0.8063492,0.8063492
-0.2254784,-0.2254784
1.7232143,1.7232143
2.5632967,2.5632967
0.9257877,0.9257877
2.1025805,2.1025805
-0.1385074,-0.1385074
2.5977109,2.5977109
0.3675227,0.3675227
0.7251128,0.7251128
2.9831285,2.9831285
0.3250998,0.3250998
0.9371521,0.9371521
0.6636624,0.6636624
1.0401856,1.0401856
3.6304623,3.6304623
17.686206,-10.0
-1.0600063,-1.0600063
-0.2496308,-0.2496308
-2.4638835,-2.4638835
-3.5093274,-3.5093274
0.9826847,0.9826847
-3.0186186,-3.0186186
-2.0719789,-2.0719789
-0.979351,-0.979351
-2.6417534,-2.6417534
-1.3962785,-1.3962785
-3.7724033,-3.7724033
7.3730617,7.3730617
-1.2259742,-1.2259742
0.1048443,0.1048443
0.7565376,0.7565376
-0.7228298,-0.7228298
-1.9023909,-1.9023909
-3.1063049,-3.1063049
-4.4295513,-4.4295513
1.0600063,1.0600063
0.8103755,0.8103755
-1.4038772,-1.4038772
-2.4493211,-2.4493211
2.042691,2.042691
-1.9586123,-1.9586123
-1.0119726,-1.0119726
0.0806553,0.0806553
-1.5817471,-1.5817471
-0.3362722,-0.3362722
-2.712397,-2.712397
8.433068,8.433068
-0.1659679,-0.1659679
1.1648506,1.1648506
1.8165439,1.8165439
0.3371765,0.3371765
-0.8423846,-0.8423846
-2.0462986,-2.0462986
-3.369545,-3.369545
0.2496308,0.2496308
-0.8103755,-0.8103755
-2.2142527,-2.2142527
-3.2596966,-3.2596966
1.2323155,1.2323155
-2.7689878,-2.7689878
-1.8223481,-1.8223481
-0.7297202,-0.7297202
-2.3921226,-2.3921226
-1.1466477,-1.1466477
-3.5227725,-3.5227725
7.6226925,7.6226925
-0.9763434,-0.9763434
0.3544751,0.3544751
1.0061684,1.0061684
-0.473199,-0.473199
-1.6527601,-1.6527601
-2.8566741,-2.8566741
-4.1799205,-4.1799205
2.4638835,2.4638835
1.4038772,1.4038772
2.2142527,2.2142527
-1.0454439,-1.0454439
3.4465682,3.4465682
-0.5547351,-0.5547351
0.3919046,0.3919046
1.4845325,1.4845325
-0.1778699,-0.1778699
1.067605,1.067605
-1.3085198,-1.3085198
9.8369452,9.8369452
1.2379093,1.2379093
2.5687278,2.5687278
3.2204211,3.2204211
1.7410537,1.7410537
0.5614926,0.5614926
-0.6424214,-0.6424214
-1.9656678,-1.9656678
3.5093274,3.5093274
2.4493211,2.4493211
3.2596966,3.2596966
1.0454439,1.0454439
4.4920121,4.4920121
0.4907088,0.4907088
1.4373485,1.4373485
2.5299764,2.5299764
0.867574,0.867574
2.1130489,2.1130489
-0.2630759,-0.2630759
10.8823891,-10.0
2.2833532,2.2833532
3.6141717,3.6141717
4.265865,4.265865
2.7864976,2.7864976
1.6069365,1.6069365
0.4030225,0.4030225
-0.9202239,-0.9202239
-0.9826847,-0.9826847
-2.042691,-2.042691
-1.2323155,-1.2323155
-3.4465682,-3.4465682
-4.4920121,-4.4920121
-4.0013033,-4.0013033
-3.0546636,-3.0546636
-1.9620357,-1.9620357
-3.6244381,-3.6244381
-2.3789632,-2.3789632
-4.755088,-4.755088
6.390377,6.390377
-2.2086589,-2.2086589
-0.8778404,-0.8778404
-0.2261471,-0.2261471
-1.7055145,-1.7055145
-2.8850756,-2.8850756
-4.0889896,-4.0889896
-5.412236,-5.412236
3.0186186,3.0186186
1.9586123,1.9586123
2.7689878,2.7689878
0.5547351,0.5547351
-0.4907088,-0.4907088
4.0013033,4.0013033
0.9466397,0.9466397
2.0392676,2.0392676
0.3768652,0.3768652
1.6223401,1.6223401
-0.7537847,-0.7537847
10.3916803,-10.0
1.7926444,1.7926444
3.1234629,3.1234629
3.7751562,3.7751562
2.2957888,2.2957888
1.1162277,1.1162277
-0.0876863,-0.0876863
-1.4109327,-1.4109327
2.0719789,2.0719789
1.0119726,1.0119726
1.8223481,1.8223481
-0.3919046,-0.3919046
-1.4373485,-1.4373485
3.0546636,3.0546636
-0.9466397,-0.9466397
1.0926279,1.0926279
-0.5697745,-0.5697745
0.6757004,0.6757004
-1.7004244,-1.7004244
9.4450406,9.4450406
0.8460047,0.8460047
2.1768232,2.1768232
2.8285165,2.8285165
1.3491491,1.3491491
0.169588,0.169588
-1.034326,-1.034326
-2.3575724,-2.3575724
0.979351,0.979351
-0.0806553,-0.0806553
0.7297202,0.7297202
-1.4845325,-1.4845325
-2.5299764,-2.5299764
1.9620357,1.9620357
-2.0392676,-2.0392676
-1.0926279,-1.0926279
-1.6624024,-1.6624024
-0.4169275,-0.4169275
-2.7930523,-2.7930523
8.3524127,8.3524127
-0.2466232,-0.2466232
1.0841953,1.0841953
1.7358886,1.7358886
0.2565212,0.2565212
-0.9230399,-0.9230399
-2.1269539,-2.1269539
-3.4502003,-3.4502003
2.6417534,2.6417534
1.5817471,1.5817471
2.3921226,2.3921226
0.1778699,0.1778699
-0.867574,-0.867574
3.6244381,3.6244381
-0.3768652,-0.3768652
0.5697745,0.5697745
1.6624024,1.6624024
1.2454749,1.2454749
-1.1306499,-1.1306499
10.0148151,-10.0
1.4157792,1.4157792
2.7465977,2.7465977
3.398291,3.398291
1.9189236,1.9189236
0.7393625,0.7393625
-0.4645515,-0.4645515
-1.7877979,-1.7877979
1.3962785,1.3962785
0.3362722,0.3362722
1.1466477,1.1466477
-1.067605,-1.067605
-2.1130489,-2.1130489
2.3789632,2.3789632
-1.6223401,-1.6223401
-0.6757004,-0.6757004
0.4169275,0.4169275
-1.2454749,-1.2454749
-2.3761248,-2.3761248
8.7693402,8.7693402
0.1703043,0.1703043
1.5011228,1.5011228
2.1528161,2.1528161
0.6734487,0.6734487
-0.5061124,-0.5061124
-1.7100264,-1.7100264
-3.0332728,-3.0332728
3.7724033,3.7724033
2.712397,2.712397
3.5227725,3.5227725
1.3085198,1.3085198
0.2630759,0.2630759
4.755088,4.755088
0.7537847,0.7537847
1.7004244,1.7004244
2.7930523,2.7930523
1.1306499,1.1306499
2.3761248,2.3761248
11.145465,-10.0
2.5464291,2.5464291
3.8772476,3.8772476
4.5289409,4.5289409
3.0495735,3.0495735
1.8700124,1.8700124
0.6660984,0.6660984
-0.657148,-0.657148
-7.3730617,-7.3730617
-8.433068,-8.433068
-7.6226925,-7.6226925
-9.8369452,-9.8369452
-10.8823891,-10.0
-6.390377,-6.390377
-10.3916803,-10.0
-9.4450406,-9.4450406
-8.3524127,-8.3524127
-10.0148151,-10.0
-8.7693402,-8.7693402
-11.145465,-10.0
-8.5990359,-8.5990359
-7.2682174,-7.2682174
-6.6165241,-6.6165241
-8.0958915,-8.0958915
-9.2754526,-9.2754526
-10.4793666,-10.0
-11.802613,-10.0
1.2259742,1.2259742
0.1659679,0.1659679
0.9763434,0.9763434
-1.2379093,-1.2379093
-2.2833532,-2.2833532
2.2086589,2.2086589
-1.7926444,-1.7926444
-0.8460047,-0.8460047
0.2466232,0.2466232
-1.4157792,-1.4157792
-0.1703043,-0.1703043
-2.5464291,-2.5464291
8.5990359,8.5990359
1.3308185,1.3308185
1.9825118,1.9825118
0.5031444,0.5031444
-0.6764167,-0.6764167
-1.8803307,-1.8803307
-3.2035771,-3.2035771
-0.1048443,-0.1048443
-1.1648506,-1.1648506
-0.3544751,-0.3544751
-2.5687278,-2.5687278
-3.6141717,-3.6141717
0.8778404,0.8778404
-3.1234629,-3.1234629
-2.1768232,-2.1768232
-1.0841953,-1.0841953
-2.7465977,-2.7465977
-1.5011228,-1.5011228
-3.8772476,-3.8772476
7.2682174,7.2682174
-1.3308185,-1.3308185
0.6516933,0.6516933
-0.8276741,-0.8276741
-2.0072352,-2.0072352
-3.2111492,-3.2111492
-4.5343956,-4.5343956
-0.7565376,-0.7565376
-1.8165439,-1.8165439
-1.0061684,-1.0061684
-3.2204211,-3.2204211
-4.265865,-4.265865
0.2261471,0.2261471
-3.7751562,-3.7751562
-2.8285165,-2.8285165
-1.7358886,-1.7358886
-3.398291,-3.398291
-2.1528161,-2.1528161
-4.5289409,-4.5289409
6.6165241,6.6165241
-1.9825118,-1.9825118
-0.6516933,-0.6516933
-1.4793674,-1.4793674
-2.6589285,-2.6589285
-3.8628425,-3.8628425
-5.1860889,-5.1860889
0.7228298,0.7228298
-0.3371765,-0.3371765
0.473199,0.473199
-1.7410537,-1.7410537
-2.7864976,-2.7864976
1.7055145,1.7055145
-2.2957888,-2.2957888
-1.3491491,-1.3491491
-0.2565212,-0.2565212
-1.9189236,-1.9189236
-0.6734487,-0.6734487
-3.0495735,-3.0495735
8.0958915,8.0958915
-0.5031444,-0.5031444
0.8276741,0.8276741
1.4793674,1.4793674
-1.1795611,-1.1795611
-2.3834751,-2.3834751
-3.7067215,-3.7067215
1.9023909,1.9023909
0.8423846,0.8423846
1.6527601,1.6527601
-0.5614926,-0.5614926
-1.6069365,-1.6069365
2.8850756,2.8850756
-1.1162277,-1.1162277
-0.169588,-0.169588
0.9230399,0.9230399
-0.7393625,-0.7393625
0.5061124,0.5061124
-1.8700124,-1.8700124
9.2754526,9.2754526
0.6764167,0.6764167
2.0072352,2.0072352
2.6589285,2.6589285
1.1795611,1.1795611
-1.203914,-1.203914
-2.5271604,-2.5271604
3.1063049,3.1063049
2.0462986,2.0462986
2.8566741,2.8566741
0.6424214,0.6424214
-0.4030225,-0.4030225
4.0889896,4.0889896
0.0876863,0.0876863
1.034326,1.034326
2.1269539,2.1269539
0.4645515,0.4645515
1.7100264,1.7100264
-0.6660984,-0.6660984
10.4793666,-10.0
1.8803307,1.8803307
3.2111492,3.2111492
3.8628425,3.8628425
2.3834751,2.3834751
1.203914,1.203914
-1.3232464,-1.3232464
4.4295513,4.4295513
3.369545,3.369545
4.1799205,4.1799205
1.9656678,1.9656678
0.9202239,0.9202239
5.412236,5.412236
1.4109327,1.4109327
2.3575724,2.3575724
3.4502003,3.4502003
1.7877979,1.7877979
3.0332728,3.0332728
0.657148,0.657148
11.802613,-10.0
3.2035771,3.2035771
4.5343956,4.5343956
5.1860889,5.1860889
3.7067215,3.7067215
2.5271604,2.5271604
1.3232464,1.3232464
17.6507564,-10.0
1.3435794,1.3435794
-0.6206372,-0.6206372
7.5657187,7.5657187
-0.3673742,-0.3673742
-1.5067225,-1.5067225
-1.5624514,-1.5624514
-2.0283912,-2.0283912
-1.3104607,-1.3104607
-1.657927,-1.657927
0.7592187,0.7592187
18.0025478,-10.0
-1.4356065,-1.4356065
-0.0318506,-0.0318506
0.1970461,0.1970461
1.2904232,1.2904232
0.9107762,0.9107762
17.7751887,-10.0
-1.5488749,-1.5488749
-17.6507564,-10.0
-16.307177,-10.0
-18.2713936,-10.0
-10.0850377,-10.0
-18.0181306,-10.0
-19.1574789,-10.0
-19.2132078,-10.0
-19.6791476,-10.0
-18.9612171,-10.0
-19.3086834,-10.0
-16.8915377,-10.0
0.3517914,0.3517914
-19.0863629,-10.0
-17.682607,-10.0
-17.4537103,-10.0
-16.3603332,-10.0
-16.7399802,-10.0
0.1244323,0.1244323
-19.1996313,-10.0
-1.3435794,-1.3435794
16.307177,-10.0
-1.9642166,-1.9642166
6.2221393,6.2221393
-1.7109536,-1.7109536
-2.8503019,-2.8503019
-2.9060308,-2.9060308
-3.3719706,-3.3719706
-2.6540401,-2.6540401
-3.0015064,-3.0015064
-0.5843607,-0.5843607
16.6589684,-10.0
-2.7791859,-2.7791859
-1.37543,-1.37543
-1.1465333,-1.1465333
-0.0531562,-0.0531562
-0.4328032,-0.4328032
16.4316093,-10.0
-2.8924543,-2.8924543
0.6206372,0.6206372
18.2713936,-10.0
1.9642166,1.9642166
8.1863559,8.1863559
0.253263,0.253263
-0.8860853,-0.8860853
-0.9418142,-0.9418142
-1.407754,-1.407754
-0.6898235,-0.6898235
-1.0372898,-1.0372898
1.3798559,1.3798559
18.623185,-10.0
-0.8149693,-0.8149693
0.5887866,0.5887866
0.8176833,0.8176833
1.9110604,1.9110604
1.5314134,1.5314134
18.3958259,-10.0
-0.9282377,-0.9282377
-7.5657187,-7.5657187
10.0850377,-10.0
-6.2221393,-6.2221393
-8.1863559,-8.1863559
-7.9330929,-7.9330929
-9.0724412,-9.0724412
-9.1281701,-9.1281701
-9.5941099,-9.5941099
-8.8761794,-8.8761794
-9.2236457,-9.2236457
-6.8065,-6.8065
10.4368291,-10.0
-9.0013252,-9.0013252
-7.5975693,-7.5975693
-7.3686726,-7.3686726
-6.2752955,-6.2752955
-6.6549425,-6.6549425
10.20947,-10.0
-9.1145936,-9.1145936
0.3673742,0.3673742
18.0181306,-10.0
1.7109536,1.7109536
-0.253263,-0.253263
7.9330929,7.9330929
-1.1393483,-1.1393483
-1.1950772,-1.1950772
-1.661017,-1.661017
-0.9430865,-0.9430865
-1.2905528,-1.2905528
1.1265929,1.1265929
18.369922,-10.0
-1.0682323,-1.0682323
0.3355236,0.3355236
0.5644203,0.5644203
1.6577974,1.6577974
1.2781504,1.2781504
18.1425629,-10.0
-1.1815007,-1.1815007
1.5067225,1.5067225
19.1574789,-10.0
2.8503019,2.8503019
0.8860853,0.8860853
9.0724412,9.0724412
1.1393483,1.1393483
-0.0557289,-0.0557289
-0.5216687,-0.5216687
0.1962618,0.1962618
-0.1512045,-0.1512045
2.2659412,2.2659412
19.5092703,-10.0
0.071116,0.071116
1.4748719,1.4748719
1.7037686,1.7037686
2.7971457,2.7971457
2.4174987,2.4174987
19.2819112,-10.0
-0.0421524,-0.0421524
1.5624514,1.5624514
19.2132078,-10.0
2.9060308,2.9060308
0.9418142,0.9418142
9.1281701,9.1281701
1.1950772,1.1950772
0.0557289,0.0557289
-0.4659398,-0.4659398
0.2519907,0.2519907
-0.0954756,-0.0954756
2.3216701,2.3216701
19.5649992,-10.0
0.1268449,0.1268449
1.5306008,1.5306008
1.7594975,1.7594975
2.8528746,2.8528746
2.4732276,2.4732276
19.3376401,-10.0
0.0135765,0.0135765
2.0283912,2.0283912
19.6791476,-10.0
3.3719706,3.3719706
1.407754,1.407754
9.5941099,9.5941099
1.661017,1.661017
0.5216687,0.5216687
0.4659398,0.4659398
0.7179305,0.7179305
0.3704642,0.3704642
2.7876099,2.7876099
20.030939,-10.0
0.5927847,0.5927847
1.9965406,1.9965406
2.2254373,2.2254373
3.3188144,3.3188144
2.9391674,2.9391674
19.8035799,-10.0
0.4795163,0.4795163
1.3104607,1.3104607
18.9612171,-10.0
2.6540401,2.6540401
0.6898235,0.6898235
8.8761794,8.8761794
0.9430865,0.9430865
-0.1962618,-0.1962618
-0.2519907,-0.2519907
-0.7179305,-0.7179305
-0.3474663,-0.3474663
2.0696794,2.0696794
19.3130085,-10.0
-0.1251458,-0.1251458
1.2786101,1.2786101
1.5075068,1.5075068
2.6008839,2.6008839
2.2212369,2.2212369
19.0856494,-10.0
-0.2384142,-0.2384142
1.657927,1.657927
19.3086834,-10.0
3.0015064,3.0015064
1.0372898,1.0372898
9.2236457,9.2236457
1.2905528,1.2905528
0.1512045,0.1512045
0.0954756,0.0954756
-0.3704642,-0.3704642
0.3474663,0.3474663
2.4171457,2.4171457
19.6604748,-10.0
0.2223205,0.2223205
1.6260764,1.6260764
1.8549731,1.8549731
2.9483502,2.9483502
2.5687032,2.5687032
19.4331157,-10.0
0.1090521,0.1090521
-0.7592187,-0.7592187
16.8915377,-10.0
0.5843607,0.5843607
-1.3798559,-1.3798559
6.8065,6.8065
-1.1265929,-1.1265929
-2.2659412,-2.2659412
-2.3216701,-2.3216701
-2.7876099,-2.7876099
-2.0696794,-2.0696794
-2.4171457,-2.4171457
17.2433291,-10.0
-2.1948252,-2.1948252
-0.7910693,-0.7910693
-0.5621726,-0.5621726
0.5312045,0.5312045
0.1515575,0.1515575
17.01597,-10.0
-2.3080936,-2.3080936
-18.0025478,-10.0
-0.3517914,-0.3517914
-16.6589684,-10.0
-18.623185,-10.0
-10.4368291,-10.0
-18.369922,-10.0
-19.5092703,-10.0
-19.5649992,-10.0
-20.030939,-10.0
-19.3130085,-10.0
-19.6604748,-10.0
-17.2433291,-10.0
-19.4381543,-10.0
-18.0343984,-10.0
-17.8055017,-10.0
-16.7121246,-10.0
-17.0917716,-10.0
-0.2273591,-0.2273591
-19.5514227,-10.0
1.4356065,1.4356065
19.0863629,-10.0
2.7791859,2.7791859
0.8149693,0.8149693
9.0013252,9.0013252
1.0682323,1.0682323
-0.071116,-0.071116
-0.1268449,-0.1268449
-0.5927847,-0.5927847
0.1251458,0.1251458
-0.2223205,-0.2223205
2.1948252,2.1948252
19.4381543,-10.0
1.4037559,1.4037559
1.6326526,1.6326526
2.7260297,2.7260297
2.3463827,2.3463827
19.2107952,-10.0
-0.1132684,-0.1132684
0.0318506,0.0318506
17.682607,-10.0
1.37543,1.37543
-0.5887866,-0.5887866
7.5975693,7.5975693
-0.3355236,-0.3355236
-1.4748719,-1.4748719
-1.5306008,-1.5306008
-1.9965406,-1.9965406
-1.2786101,-1.2786101
-1.6260764,-1.6260764
0.7910693,0.7910693
18.0343984,-10.0
-1.4037559,-1.4037559
0.2288967,0.2288967
1.3222738,1.3222738
0.9426268,0.9426268
17.8070393,-10.0
-1.5170243,-1.5170243
-0.1970461,-0.1970461
17.4537103,-10.0
1.1465333,1.1465333
-0.8176833,-0.8176833
7.3686726,7.3686726
-0.5644203,-0.5644203
-1.7037686,-1.7037686
-1.7594975,-1.7594975
-2.2254373,-2.2254373
-1.5075068,-1.5075068
-1.8549731,-1.8549731
0.5621726,0.5621726
17.8055017,-10.0
-1.6326526,-1.6326526
-0.2288967,-0.2288967
1.0933771,1.0933771
0.7137301,0.7137301
17.5781426,-10.0
-1.745921,-1.745921
-1.2904232,-1.2904232
16.3603332,-10.0
0.0531562,0.0531562
-1.9110604,-1.9110604
6.2752955,6.2752955
-1.6577974,-1.6577974
-2.7971457,-2.7971457
-2.8528746,-2.8528746
-3.3188144,-3.3188144
-2.6008839,-2.6008839
-2.9483502,-2.9483502
-0.5312045,-0.5312045
16.7121246,-10.0
-2.7260297,-2.7260297
-1.3222738,-1.3222738
-1.0933771,-1.0933771
-0.379647,-0.379647
16.4847655,-10.0
-2.8392981,-2.8392981
-0.9107762,-0.9107762
16.7399802,-10.0
0.4328032,0.4328032
-1.5314134,-1.5314134
6.6549425,6.6549425
-1.2781504,-1.2781504
-2.4174987,-2.4174987
-2.4732276,-2.4732276
-2.9391674,-2.9391674
-2.2212369,-2.2212369
-2.5687032,-2.5687032
-0.1515575,-0.1515575
17.0917716,-10.0
-2.3463827,-2.3463827
-0.9426268,-0.9426268
-0.7137301,-0.7137301
0.379647,0.379647
16.8644125,-10.0
-2.4596511,-2.4596511
-17.7751887,-10.0
-0.1244323,-0.1244323
-16.4316093,-10.0
-18.3958259,-10.0
-10.20947,-10.0
-18.1425629,-10.0
-19.2819112,-10.0
-19.3376401,-10.0
-19.8035799,-10.0
-19.0856494,-10.0
-19.4331157,-10.0
-17.01597,-10.0
0.2273591,0.2273591
-19.2107952,-10.0
-17.8070393,-10.0
-17.5781426,-10.0
-16.4847655,-10.0
-16.8644125,-10.0
-19.3240636,-10.0
1.5488749,1.5488749
19.1996313,-10.0
2.8924543,2.8924543
0.9282377,0.9282377
9.1145936,9.1145936
1.1815007,1.1815007
0.0421524,0.0421524
-0.0135765,-0.0135765
-0.4795163,-0.4795163
0.2384142,0.2384142
-0.1090521,-0.1090521
2.3080936,2.3080936
19.5514227,-10.0
0.1132684,0.1132684
1.5170243,1.5170243
1.745921,1.745921
2.8392981,2.8392981
2.4596511,2.4596511
19.3240636,-10.0
17.8381516,-10.0
-1.854431,-1.854431
-0.4417356,-0.4417356
19.5386906,-10.0
-0.6715219,-0.6715219
0.5292338,0.5292338
-0.1419179,-0.1419179
-2.1700217,-2.1700217
0.4483683,0.4483683
19.0000251,-10.0
-1.016313,-1.016313
-1.3445271,-1.3445271
-1.7999051,-1.7999051
-1.4613084,-1.4613084
0.5831215,0.5831215
1.2388202,1.2388202
-0.1481918,-0.1481918
18.4218688,-10.0
17.5075192,-10.0
-17.8381516,-10.0
-19.6925826,-10.0
-18.2798872,-10.0
1.700539,1.700539
-18.5096735,-10.0
-17.3089178,-10.0
-17.9800695,-10.0
-20.0081733,-10.0
-17.3897833,-10.0
1.1618735,1.1618735
-18.8544646,-10.0
-19.1826787,-10.0
-19.6380567,-10.0
-19.29946,-10.0
-17.2550301,-10.0
-16.5993314,-10.0
-17.9863434,-10.0
0.5837172,0.5837172
-0.3306324,-0.3306324
1.854431,1.854431
19.6925826,-10.0
1.4126954,1.4126954
21.3931216,-10.0
1.1829091,1.1829091
2.3836648,2.3836648
1.7125131,1.7125131
-0.3155907,-0.3155907
2.3027993,2.3027993
20.8544561,-10.0
0.838118,0.838118
0.5099039,0.5099039
0.0545259,0.0545259
0.3931226,0.3931226
2.4375525,2.4375525
3.0932512,3.0932512
1.7062392,1.7062392
20.2762998,-10.0
19.3619502,-10.0
0.4417356,0.4417356
18.2798872,-10.0
-1.4126954,-1.4126954
19.9804262,-10.0
-0.2297863,-0.2297863
0.9709694,0.9709694
0.2998177,0.2998177
-1.7282861,-1.7282861
0.8901039,0.8901039
19.4417607,-10.0
-0.5745774,-0.5745774
-0.9027915,-0.9027915
-1.3581695,-1.3581695
-1.0195728,-1.0195728
1.0248571,1.0248571
1.6805558,1.6805558
0.2935438,0.2935438
18.8636044,-10.0
17.9492548,-10.0
-19.5386906,-10.0
-1.700539,-1.700539
-21.3931216,-10.0
-19.9804262,-10.0
-20.2102125,-10.0
-19.0094568,-10.0
-19.6806085,-10.0
-21.7087123,-10.0
-19.0903223,-10.0
-0.5386655,-0.5386655
-20.5550036,-10.0
-20.8832177,-10.0
-21.3385957,-10.0
-20.999999,-10.0
-18.9555691,-10.0
-18.2998704,-10.0
-19.6868824,-10.0
-1.1168218,-1.1168218
-2.0311714,-2.0311714
0.6715219,0.6715219
18.5096735,-10.0
-1.1829091,-1.1829091
0.2297863,0.2297863
20.2102125,-10.0
1.2007557,1.2007557
0.529604,0.529604
-1.4984998,-1.4984998
1.1198902,1.1198902
19.671547,-10.0
-0.3447911,-0.3447911
-0.6730052,-0.6730052
-1.1283832,-1.1283832
-0.7897865,-0.7897865
1.2546434,1.2546434
1.9103421,1.9103421
0.5233301,0.5233301
19.0933907,-10.0
18.1790411,-10.0
-0.5292338,-0.5292338
17.3089178,-10.0
-2.3836648,-2.3836648
-0.9709694,-0.9709694
19.0094568,-10.0
-1.2007557,-1.2007557
-0.6711517,-0.6711517
-2.6992555,-2.6992555
-0.0808655,-0.0808655
18.4707913,-10.0
-1.5455468,-1.5455468
-1.8737609,-1.8737609
-2.3291389,-2.3291389
-1.9905422,-1.9905422
0.0538877,0.0538877
0.7095864,0.7095864
-0.6774256,-0.6774256
17.892635,-10.0
16.9782854,-10.0
0.1419179,0.1419179
17.9800695,-10.0
-1.7125131,-1.7125131
-0.2998177,-0.2998177
19.6806085,-10.0
-0.529604,-0.529604
0.6711517,0.6711517
-2.0281038,-2.0281038
0.5902862,0.5902862
19.141943,-10.0
-0.8743951,-0.8743951
-1.2026092,-1.2026092
-1.6579872,-1.6579872
-1.3193905,-1.3193905
0.7250394,0.7250394
1.3807381,1.3807381
-0.0062739,-0.0062739
18.5637867,-10.0
17.6494371,-10.0
2.1700217,2.1700217
20.0081733,-10.0
0.3155907,0.3155907
1.7282861,1.7282861
21.7087123,-10.0
1.4984998,1.4984998
2.6992555,2.6992555
2.0281038,2.0281038
2.61839,2.61839
21.1700468,-10.0
1.1537087,1.1537087
0.8254946,0.8254946
0.3701166,0.3701166
0.7087133,0.7087133
2.7531432,2.7531432
3.4088419,3.4088419
2.0218299,2.0218299
20.5918905,-10.0
19.6775409,-10.0
-0.4483683,-0.4483683
17.3897833,-10.0
-2.3027993,-2.3027993
-0.8901039,-0.8901039
19.0903223,-10.0
-1.1198902,-1.1198902
0.0808655,0.0808655
-0.5902862,-0.5902862
-2.61839,-2.61839
18.5516568,-10.0
-1.4646813,-1.4646813
-1.7928954,-1.7928954
-2.2482734,-2.2482734
-1.9096767,-1.9096767
0.1347532,0.1347532
0.7904519,0.7904519
-0.5965601,-0.5965601
17.9735005,-10.0
17.0591509,-10.0
-19.0000251,-10.0
-1.1618735,-1.1618735
-20.8544561,-10.0
-19.4417607,-10.0
0.5386655,0.5386655
-19.671547,-10.0
-18.4707913,-10.0
-19.141943,-10.0
-21.1700468,-10.0
-18.5516568,-10.0
-20.0163381,-10.0
-20.3445522,-10.0
-20.7999302,-10.0
-20.4613335,-10.0
-18.4169036,-10.0
-17.7612049,-10.0
-19.1482169,-10.0
-0.5781563,-0.5781563
-1.4925059,-1.4925059
1.016313,1.016313
18.8544646,-10.0
-0.838118,-0.838118
0.5745774,0.5745774
20.5550036,-10.0
0.3447911,0.3447911
1.5455468,1.5455468
0.8743951,0.8743951
-1.1537087,-1.1537087
1.4646813,1.4646813
20.0163381,-10.0
-0.3282141,-0.3282141
-0.7835921,-0.7835921
-0.4449954,-0.4449954
1.5994345,1.5994345
2.2551332,2.2551332
0.8681212,0.8681212
19.4381818,-10.0
18.5238322,-10.0
1.3445271,1.3445271
19.1826787,-10.0
-0.5099039,-0.5099039
0.9027915,0.9027915
20.8832177,-10.0
0.6730052,0.6730052
1.8737609,1.8737609
1.2026092,1.2026092
-0.8254946,-0.8254946
1.7928954,1.7928954
20.3445522,-10.0
0.3282141,0.3282141
-0.455378,-0.455378
-0.1167813,-0.1167813
1.9276486,1.9276486
2.5833473,2.5833473
1.1963353,1.1963353
19.7663959,-10.0
18.8520463,-10.0
1.7999051,1.7999051
19.6380567,-10.0
-0.0545259,-0.0545259
1.3581695,1.3581695
21.3385957,-10.0
1.1283832,1.1283832
2.3291389,2.3291389
1.6579872,1.6579872
-0.3701166,-0.3701166
2.2482734,2.2482734
20.7999302,-10.0
0.7835921,0.7835921
0.455378,0.455378
0.3385967,0.3385967
2.3830266,2.3830266
3.0387253,3.0387253
1.6517133,1.6517133
20.2217739,-10.0
19.3074243,-10.0
1.4613084,1.4613084
19.29946,-10.0
-0.3931226,-0.3931226
1.0195728,1.0195728
20.999999,-10.0
0.7897865,0.7897865
1.9905422,1.9905422
1.3193905,1.3193905
-0.7087133,-0.7087133
1.9096767,1.9096767
20.4613335,-10.0
0.4449954,0.4449954
0.1167813,0.1167813
-0.3385967,-0.3385967
2.0444299,2.0444299
2.7001286,2.7001286
1.3131166,1.3131166
19.8831772,-10.0
18.9688276,-10.0
-0.5831215,-0.5831215
17.2550301,-10.0
-2.4375525,-2.4375525
-1.0248571,-1.0248571
18.9555691,-10.0
-1.2546434,-1.2546434
-0.0538877,-0.0538877
-0.7250394,-0.7250394
-2.7531432,-2.7531432
-0.1347532,-0.1347532
18.4169036,-10.0
-1.5994345,-1.5994345
-1.9276486,-1.9276486
-2.3830266,-2.3830266
-2.0444299,-2.0444299
0.6556987,0.6556987
-0.7313133,-0.7313133
17.8387473,-10.0
16.9243977,-10.0
-1.2388202,-1.2388202
16.5993314,-10.0
-3.0932512,-3.0932512
-1.6805558,-1.6805558
18.2998704,-10.0
-1.9103421,-1.9103421
-0.7095864,-0.7095864
-1.3807381,-1.3807381
-3.4088419,-3.4088419
-0.7904519,-0.7904519
17.7612049,-10.0
-2.2551332,-2.2551332
-2.5833473,-2.5833473
-3.0387253,-3.0387253
-2.7001286,-2.7001286
-0.6556987,-0.6556987
-1.387012,-1.387012
17.1830486,-10.0
16.268699,-10.0
0.1481918,0.1481918
17.9863434,-10.0
-1.7062392,-1.7062392
-0.2935438,-0.2935438
19.6868824,-10.0
-0.5233301,-0.5233301
0.6774256,0.6774256
0.0062739,0.0062739
-2.0218299,-2.0218299
0.5965601,0.5965601
19.1482169,-10.0
-0.8681212,-0.8681212
-1.1963353,-1.1963353
-1.6517133,-1.6517133
-1.3131166,-1.3131166
0.7313133,0.7313133
1.387012,1.387012
18.5700606,-10.0
17.655711,-10.0
-18.4218688,-10.0
-0.5837172,-0.5837172
-20.2762998,-10.0
-18.8636044,-10.0
1.1168218,1.1168218
-19.0933907,-10.0
-17.892635,-10.0
-18.5637867,-10.0
-20.5918905,-10.0
-17.9735005,-10.0
0.5781563,0.5781563
-19.4381818,-10.0
-19.7663959,-10.0
-20.2217739,-10.0
-19.8831772,-10.0
-17.8387473,-10.0
-17.1830486,-10.0
-18.5700606,-10.0
-0.9143496,-0.9143496
-17.5075192,-10.0
0.3306324,0.3306324
-19.3619502,-10.0
-17.9492548,-10.0
2.0311714,2.0311714
-18.1790411,-10.0
-16.9782854,-10.0
-17.6494371,-10.0
-19.6775409,-10.0
-17.0591509,-10.0
1.4925059,1.4925059
-18.5238322,-10.0
-18.8520463,-10.0
-19.3074243,-10.0
-18.9688276,-10.0
-16.9243977,-10.0
-16.268699,-10.0
-17.655711,-10.0
0.9143496,0.9143496
13.9169462,-10.0
-1.8177607,-1.8177607
-1.7458767,-1.7458767
-1.380383,-1.380383
1.0809066,1.0809066
-0.9563533,-0.9563533
-0.9161461,-0.9161461
-2.8252883,-2.8252883
-2.6615222,-2.6615222
-3.1913438,-3.1913438
0.017286,0.017286
1.0431446,1.0431446
-1.1502573,-1.1502573
-0.1169463,-0.1169463
-0.301359,-0.301359
-1.5045384,-1.5045384
0.3028767,0.3028767
-2.1054284,-2.1054284
-1.0799218,-1.0799218
-13.9169462,-10.0
-15.7347069,-10.0
-15.6628229,-10.0
-15.2973292,-10.0
-12.8360396,-10.0
-14.8732995,-10.0
-14.8330923,-10.0
-16.7422345,-10.0
-16.5784684,-10.0
-17.10829,-10.0
-13.8996602,-10.0
-12.8738016,-10.0
-15.0672035,-10.0
-14.0338925,-10.0
-14.2183052,-10.0
-15.4214846,-10.0
-13.6140695,-10.0
-16.0223746,-10.0
-14.996868,-10.0
1.8177607,1.8177607
15.7347069,-10.0
0.071884,0.071884
0.4373777,0.4373777
2.8986673,2.8986673
0.8614074,0.8614074
0.9016146,0.9016146
-1.0075276,-1.0075276
-0.8437615,-0.8437615
-1.3735831,-1.3735831
1.8350467,1.8350467
2.8609053,2.8609053
0.6675034,0.6675034
1.7008144,1.7008144
1.5164017,1.5164017
0.3132223,0.3132223
2.1206374,2.1206374
-0.2876677,-0.2876677
0.7378389,0.7378389
1.7458767,1.7458767
15.6628229,-10.0
-0.071884,-0.071884
0.3654937,0.3654937
2.8267833,2.8267833
0.7895234,0.7895234
0.8297306,0.8297306
-1.0794116,-1.0794116
-0.9156455,-0.9156455
-1.4454671,-1.4454671
1.7631627,1.7631627
2.7890213,2.7890213
0.5956194,0.5956194
1.6289304,1.6289304
1.4445177,1.4445177
0.2413383,0.2413383
2.0487534,2.0487534
-0.3595517,-0.3595517
0.6659549,0.6659549
1.380383,1.380383
15.2973292,-10.0
-0.4373777,-0.4373777
-0.3654937,-0.3654937
2.4612896,2.4612896
0.4240297,0.4240297
0.4642369,0.4642369
-1.4449053,-1.4449053
-1.2811392,-1.2811392
-1.8109608,-1.8109608
1.397669,1.397669
2.4235276,2.4235276
0.2301257,0.2301257
1.2634367,1.2634367
1.079024,1.079024
-0.1241554,-0.1241554
1.6832597,1.6832597
-0.7250454,-0.7250454
0.3004612,0.3004612
-1.0809066,-1.0809066
12.8360396,-10.0
-2.8986673,-2.8986673
-2.8267833,-2.8267833
-2.4612896,-2.4612896
-2.0372599,-2.0372599
-1.9970527,-1.9970527
-3.9061949,-3.9061949
-3.7424288,-3.7424288
-4.2722504,-4.2722504
-1.0636206,-1.0636206
-0.037762,-0.037762
-2.2311639,-2.2311639
-1.1978529,-1.1978529
-1.3822656,-1.3822656
-2.585445,-2.585445
-0.7780299,-0.7780299
-3.186335,-3.186335
-2.1608284,-2.1608284
0.9563533,0.9563533
14.8732995,-10.0
-0.8614074,-0.8614074
-0.7895234,-0.7895234
-0.4240297,-0.4240297
2.0372599,2.0372599
0.0402072,0.0402072
-1.868935,-1.868935
-1.7051689,-1.7051689
-2.2349905,-2.2349905
0.9736393,0.9736393
1.9994979,1.9994979
-0.193904,-0.193904
0.839407,0.839407
0.6549943,0.6549943
-0.5481851,-0.5481851
1.25923,1.25923
-1.1490751,-1.1490751
-0.1235685,-0.1235685
0.9161461,0.9161461
14.8330923,-10.0
-0.9016146,-0.9016146
-0.8297306,-0.8297306
-0.4642369,-0.4642369
1.9970527,1.9970527
-0.0402072,-0.0402072
-1.9091422,-1.9091422
-1.7453761,-1.7453761
-2.2751977,-2.2751977
0.9334321,0.9334321
1.9592907,1.9592907
-0.2341112,-0.2341112
0.7991998,0.7991998
0.6147871,0.6147871
-0.5883923,-0.5883923
1.2190228,1.2190228
-1.1892823,-1.1892823
-0.1637757,-0.1637757
2.8252883,2.8252883
16.7422345,-10.0
1.0075276,1.0075276
1.0794116,1.0794116
1.4449053,1.4449053
3.9061949,3.9061949
1.868935,1.868935
1.9091422,1.9091422
0.1637661,0.1637661
-0.3660555,-0.3660555
2.8425743,2.8425743
3.8684329,3.8684329
1.675031,1.675031
2.708342,2.708342
2.5239293,2.5239293
1.3207499,1.3207499
3.128165,3.128165
0.7198599,0.7198599
1.7453665,1.7453665
2.6615222,2.6615222
16.5784684,-10.0
0.8437615,0.8437615
0.9156455,0.9156455
1.2811392,1.2811392
3.7424288,3.7424288
1.7051689,1.7051689
1.7453761,1.7453761
-0.1637661,-0.1637661
-0.5298216,-0.5298216
2.6788082,2.6788082
3.7046668,3.7046668
1.5112649,1.5112649
2.5445759,2.5445759
2.3601632,2.3601632
1.1569838,1.1569838
2.9643989,2.9643989
0.5560938,0.5560938
1.5816004,1.5816004
3.1913438,3.1913438
17.10829,-10.0
1.3735831,1.3735831
1.4454671,1.4454671
1.8109608,1.8109608
4.2722504,4.2722504
2.2349905,2.2349905
2.2751977,2.2751977
0.3660555,0.3660555
0.5298216,0.5298216
3.2086298,3.2086298
4.2344884,4.2344884
2.0410865,2.0410865
3.0743975,3.0743975
2.8899848,2.8899848
1.6868054,1.6868054
3.4942205,3.4942205
1.0859154,1.0859154
2.111422,2.111422
-0.017286,-0.017286
13.8996602,-10.0
-1.8350467,-1.8350467
-1.7631627,-1.7631627
-1.397669,-1.397669
1.0636206,1.0636206
-0.9736393,-0.9736393
-0.9334321,-0.9334321
-2.8425743,-2.8425743
-2.6788082,-2.6788082
-3.2086298,-3.2086298
1.0258586,1.0258586
-1.1675433,-1.1675433
-0.1342323,-0.1342323
-0.318645,-0.318645
-1.5218244,-1.5218244
0.2855907,0.2855907
-2.1227144,-2.1227144
-1.0972078,-1.0972078
-1.0431446,-1.0431446
12.8738016,-10.0
-2.8609053,-2.8609053
-2.7890213,-2.7890213
-2.4235276,-2.4235276
0.037762,0.037762
-1.9994979,-1.9994979
-1.9592907,-1.9592907
-3.8684329,-3.8684329
-3.7046668,-3.7046668
-4.2344884,-4.2344884
-1.0258586,-1.0258586
-2.1934019,-2.1934019
-1.1600909,-1.1600909
-1.3445036,-1.3445036
-2.547683,-2.547683
-0.7402679,-0.7402679
-3.148573,-3.148573
-2.1230664,-2.1230664
1.1502573,1.1502573
15.0672035,-10.0
-0.6675034,-0.6675034
-0.5956194,-0.5956194
-0.2301257,-0.2301257
2.2311639,2.2311639
0.193904,0.193904
0.2341112,0.2341112
-1.675031,-1.675031
-1.5112649,-1.5112649
-2.0410865,-2.0410865
1.1675433,1.1675433
2.1934019,2.1934019
1.033311,1.033311
0.8488983,0.8488983
-0.3542811,-0.3542811
1.453134,1.453134
-0.9551711,-0.9551711
0.0703355,0.0703355
0.1169463,0.1169463
14.0338925,-10.0
-1.7008144,-1.7008144
-1.6289304,-1.6289304
-1.2634367,-1.2634367
1.1978529,1.1978529
-0.839407,-0.839407
-0.7991998,-0.7991998
-2.708342,-2.708342
-2.5445759,-2.5445759
-3.0743975,-3.0743975
0.1342323,0.1342323
1.1600909,1.1600909
-1.033311,-1.033311
-0.1844127,-0.1844127
-1.3875921,-1.3875921
0.419823,0.419823
-1.9884821,-1.9884821
-0.9629755,-0.9629755
0.301359,0.301359
14.2183052,-10.0
-1.5164017,-1.5164017
-1.4445177,-1.4445177
-1.079024,-1.079024
1.3822656,1.3822656
-0.6549943,-0.6549943
-0.6147871,-0.6147871
-2.5239293,-2.5239293
-2.3601632,-2.3601632
-2.8899848,-2.8899848
0.318645,0.318645
1.3445036,1.3445036
-0.8488983,-0.8488983
0.1844127,0.1844127
-1.2031794,-1.2031794
0.6042357,0.6042357
-1.8040694,-1.8040694
-0.7785628,-0.7785628
1.5045384,1.5045384
15.4214846,-10.0
-0.3132223,-0.3132223
-0.2413383,-0.2413383
0.1241554,0.1241554
2.585445,2.585445
0.5481851,0.5481851
0.5883923,0.5883923
-1.3207499,-1.3207499
-1.1569838,-1.1569838
-1.6868054,-1.6868054
1.5218244,1.5218244
2.547683,2.547683
0.3542811,0.3542811
1.3875921,1.3875921
1.2031794,1.2031794
1.8074151,1.8074151
-0.60089,-0.60089
0.4246166,0.4246166
-0.3028767,-0.3028767
13.6140695,-10.0
-2.1206374,-2.1206374
-2.0487534,-2.0487534
-1.6832597,-1.6832597
0.7780299,0.7780299
-1.25923,-1.25923
-1.2190228,-1.2190228
-3.128165,-3.128165
-2.9643989,-2.9643989
-3.4942205,-3.4942205
-0.2855907,-0.2855907
0.7402679,0.7402679
-1.453134,-1.453134
-0.419823,-0.419823
-0.6042357,-0.6042357
-1.8074151,-1.8074151
-2.4083051,-2.4083051
-1.3827985,-1.3827985
2.1054284,2.1054284
16.0223746,-10.0
0.2876677,0.2876677
0.3595517,0.3595517
0.7250454,0.7250454
3.186335,3.186335
1.1490751,1.1490751
1.1892823,1.1892823
-0.7198599,-0.7198599
-0.5560938,-0.5560938
-1.0859154,-1.0859154
2.1227144,2.1227144
3.148573,3.148573
0.9551711,0.9551711
1.9884821,1.9884821
1.8040694,1.8040694
0.60089,0.60089
2.4083051,2.4083051
1.0255066,1.0255066
1.0799218,1.0799218
14.996868,-10.0
-0.7378389,-0.7378389
-0.6659549,-0.6659549
-0.3004612,-0.3004612
2.1608284,2.1608284
0.1235685,0.1235685
0.1637757,0.1637757
-1.7453665,-1.7453665
-1.5816004,-1.5816004
-2.111422,-2.111422
1.0972078,1.0972078
2.1230664,2.1230664
-0.0703355,-0.0703355
0.9629755,0.9629755
0.7785628,0.7785628
-0.4246166,-0.4246166
1.3827985,1.3827985
-1.0255066,-1.0255066
7.5619012,7.5619012
3.4052141,3.4052141
15.8824752,-10.0
0.8320942,0.8320942
17.4209982,-10.0
2.7912463,2.7912463
-2.7385814,-2.7385814
17.269783,-10.0
-1.8856995,-1.8856995
0.6255901,0.6255901
7.5346336,7.5346336
16.1737888,-10.0
16.7875343,-10.0
2.1993319,2.1993319
15.2849215,-10.0
18.3404005,-10.0
-2.6595992,-2.6595992
13.6397986,-10.0
-2.4713771,-2.4713771
-7.5619012,-7.5619012
-4.1566871,-4.1566871
8.320574,8.320574
-6.729807,-6.729807
9.859097,9.859097
-4.7706549,-4.7706549
-10.3004826,-10.0
9.7078818,9.7078818
-9.4476007,-9.4476007
-6.9363111,-6.9363111
-0.0272676,-0.0272676
8.6118876,8.6118876
9.2256331,9.2256331
-5.3625693,-5.3625693
7.7230203,7.7230203
10.7784993,-10.0
-10.2215004,-10.0
6.0778974,6.0778974
-10.0332783,-10.0
-3.4052141,-3.4052141
4.1566871,4.1566871
12.4772611,-10.0
-2.5731199,-2.5731199
14.0157841,-10.0
-0.6139678,-0.6139678
-6.1437955,-6.1437955
13.8645689,-10.0
-5.2909136,-5.2909136
-2.779624,-2.779624
4.1294195,4.1294195
12.7685747,-10.0
13.3823202,-10.0
-1.2058822,-1.2058822
11.8797074,-10.0
14.9351864,-10.0
-6.0648133,-6.0648133
10.2345845,-10.0
-5.8765912,-5.8765912
-15.8824752,-10.0
-8.320574,-8.320574
-12.4772611,-10.0
-15.050381,-10.0
1.538523,1.538523
-13.0912289,-10.0
-18.6210566,-10.0
1.3873078,1.3873078
-17.7681747,-10.0
-15.2568851,-10.0
-8.3478416,-8.3478416
0.2913136,0.2913136
0.9050591,0.9050591
-13.6831433,-10.0
-0.5975537,-0.5975537
2.4579253,2.4579253
-18.5420744,-10.0
-2.2426766,-2.2426766
-18.3538523,-10.0
-0.8320942,-0.8320942
6.729807,6.729807
2.5731199,2.5731199
15.050381,-10.0
16.588904,-10.0
1.9591521,1.9591521
-3.5706756,-3.5706756
16.4376888,-10.0
-2.7177937,-2.7177937
-0.2065041,-0.2065041
6.7025394,6.7025394
15.3416946,-10.0
15.9554401,-10.0
1.3672377,1.3672377
14.4528273,-10.0
17.5083063,-10.0
-3.4916934,-3.4916934
12.8077044,-10.0
-3.3034713,-3.3034713
-17.4209982,-10.0
-9.859097,-9.859097
-14.0157841,-10.0
-1.538523,-1.538523
-16.588904,-10.0
-14.6297519,-10.0
-20.1595796,-10.0
-0.1512152,-0.1512152
-19.3066977,-10.0
-16.7954081,-10.0
-9.8863646,-9.8863646
-1.2472094,-1.2472094
-0.6334639,-0.6334639
-15.2216663,-10.0
-2.1360767,-2.1360767
0.9194023,0.9194023
-20.0805974,-10.0
-3.7811996,-3.7811996
-19.8923753,-10.0
-2.7912463,-2.7912463
4.7706549,4.7706549
0.6139678,0.6139678
13.0912289,-10.0
-1.9591521,-1.9591521
14.6297519,-10.0
-5.5298277,-5.5298277
14.4785367,-10.0
-4.6769458,-4.6769458
-2.1656562,-2.1656562
4.7433873,4.7433873
13.3825425,-10.0
13.996288,-10.0
-0.5919144,-0.5919144
12.4936752,-10.0
15.5491542,-10.0
-5.4508455,-5.4508455
10.8485523,-10.0
-5.2626234,-5.2626234
2.7385814,2.7385814
10.3004826,-10.0
6.1437955,6.1437955
18.6210566,-10.0
3.5706756,3.5706756
20.1595796,-10.0
5.5298277,5.5298277
20.0083644,-10.0
0.8528819,0.8528819
3.3641715,3.3641715
10.273215,-10.0
18.9123702,-10.0
19.5261157,-10.0
4.9379133,4.9379133
18.0235029,-10.0
21.0789819,-10.0
0.0789822,0.0789822
16.37838,-10.0
0.2672043,0.2672043
-17.269783,-10.0
-9.7078818,-9.7078818
-13.8645689,-10.0
-1.3873078,-1.3873078
-16.4376888,-10.0
0.1512152,0.1512152
-14.4785367,-10.0
-20.0083644,-10.0
-19.1554825,-10.0
-16.6441929,-10.0
-9.7351494,-9.7351494
-1.0959942,-1.0959942
-0.4822487,-0.4822487
-15.0704511,-10.0
-1.9848615,-1.9848615
1.0706175,1.0706175
-19.9293822,-10.0
-3.6299844,-3.6299844
-19.7411601,-10.0
1.8856995,1.8856995
9.4476007,9.4476007
5.2909136,5.2909136
17.7681747,-10.0
2.7177937,2.7177937
19.3066977,-10.0
4.6769458,4.6769458
-0.8528819,-0.8528819
19.1554825,-10.0
2.5112896,2.5112896
9.4203331,9.4203331
18.0594883,-10.0
18.6732338,-10.0
4.0850314,4.0850314
17.170621,-10.0
20.2261,-10.0
-0.7738997,-0.7738997
15.5254981,-10.0
-0.5856776,-0.5856776
-0.6255901,-0.6255901
6.9363111,6.9363111
2.779624,2.779624
15.2568851,-10.0
0.2065041,0.2065041
16.7954081,-10.0
2.1656562,2.1656562
-3.3641715,-3.3641715
16.6441929,-10.0
-2.5112896,-2.5112896
6.9090435,6.9090435
15.5481987,-10.0
16.1619442,-10.0
1.5737418,1.5737418
14.6593314,-10.0
17.7148104,-10.0
-3.2851893,-3.2851893
13.0142085,-10.0
-3.0969672,-3.0969672
-7.5346336,-7.5346336
0.0272676,0.0272676
-4.1294195,-4.1294195
8.3478416,8.3478416
-6.7025394,-6.7025394
9.8863646,9.8863646
-4.7433873,-4.7433873
-10.273215,-10.0
9.7351494,9.7351494
-9.4203331,-9.4203331
-6.9090435,-6.9090435
8.6391552,8.6391552
9.2529007,9.2529007
-5.3353017,-5.3353017
7.7502879,7.7502879
10.8057669,-10.0
-10.1942328,-10.0
6.105165,6.105165
-10.0060107,-10.0
-16.1737888,-10.0
-8.6118876,-8.6118876
-12.7685747,-10.0
-0.2913136,-0.2913136
-15.3416946,-10.0
1.2472094,1.2472094
-13.3825425,-10.0
-18.9123702,-10.0
1.0959942,1.0959942
-18.0594883,-10.0
-15.5481987,-10.0
-8.6391552,-8.6391552
0.6137455,0.6137455
-13.9744569,-10.0
-0.8888673,-0.8888673
2.1666117,2.1666117
-18.833388,-10.0
-2.5339902,-2.5339902
-18.6451659,-10.0
-16.7875343,-10.0
-9.2256331,-9.2256331
-13.3823202,-10.0
-0.9050591,-0.9050591
-15.9554401,-10.0
0.6334639,0.6334639
-13.996288,-10.0
-19.5261157,-10.0
0.4822487,0.4822487
-18.6732338,-10.0
-16.1619442,-10.0
-9.2529007,-9.2529007
-0.6137455,-0.6137455
-14.5882024,-10.0
-1.5026128,-1.5026128
1.5528662,1.5528662
-19.4471335,-10.0
-3.1477357,-3.1477357
-19.2589114,-10.0
-2.1993319,-2.1993319
5.3625693,5.3625693
1.2058822,1.2058822
13.6831433,-10.0
-1.3672377,-1.3672377
15.2216663,-10.0
0.5919144,0.5919144
-4.9379133,-4.9379133
15.0704511,-10.0
-4.0850314,-4.0850314
-1.5737418,-1.5737418
5.3353017,5.3353017
13.9744569,-10.0
14.5882024,-10.0
13.0855896,-10.0
16.1410686,-10.0
-4.8589311,-4.8589311
11.4404667,-10.0
-4.670709,-4.670709
-15.2849215,-10.0
-7.7230203,-7.7230203
-11.8797074,-10.0
0.5975537,0.5975537
-14.4528273,-10.0
2.1360767,2.1360767
-12.4936752,-10.0
-18.0235029,-10.0
1.9848615,1.9848615
-17.170621,-10.0
-14.6593314,-10.0
-7.7502879,-7.7502879
0.8888673,0.8888673
1.5026128,1.5026128
-13.0855896,-10.0
3.055479,3.055479
-17.9445207,-10.0
-1.6451229,-1.6451229
-17.7562986,-10.0
-18.3404005,-10.0
-10.7784993,-10.0
-14.9351864,-10.0
-2.4579253,-2.4579253
-17.5083063,-10.0
-0.9194023,-0.9194023
-15.5491542,-10.0
-21.0789819,-10.0
-1.0706175,-1.0706175
-20.2261,-10.0
-17.7148104,-10.0
-10.8057669,-10.0
-2.1666117,-2.1666117
-1.5528662,-1.5528662
-16.1410686,-10.0
-3.055479,-3.055479
-20.9999997,-10.0
-4.7006019,-4.7006019
-20.8117776,-10.0
2.6595992,2.6595992
10.2215004,-10.0
6.0648133,6.0648133
18.5420744,-10.0
3.4916934,3.4916934
20.0805974,-10.0
5.4508455,5.4508455
-0.0789822,-0.0789822
19.9293822,-10.0
0.7738997,0.7738997
3.2851893,3.2851893
10.1942328,-10.0
18.833388,-10.0
19.4471335,-10.0
4.8589311,4.8589311
17.9445207,-10.0
20.9999997,-10.0
16.2993978,-10.0
0.1882221,0.1882221
-13.6397986,-10.0
-6.0778974,-6.0778974
-10.2345845,-10.0
2.2426766,2.2426766
-12.8077044,-10.0
3.7811996,3.7811996
-10.8485523,-10.0
-16.37838,-10.0
3.6299844,3.6299844
-15.5254981,-10.0
-13.0142085,-10.0
-6.105165,-6.105165
2.5339902,2.5339902
3.1477357,3.1477357
-11.4404667,-10.0
1.6451229,1.6451229
4.7006019,4.7006019
-16.2993978,-10.0
-16.1111757,-10.0
2.4713771,2.4713771
10.0332783,-10.0
5.8765912,5.8765912
18.3538523,-10.0
3.3034713,3.3034713
19.8923753,-10.0
5.2626234,5.2626234
-0.2672043,-0.2672043
19.7411601,-10.0
0.5856776,0.5856776
3.0969672,3.0969672
10.0060107,-10.0
18.6451659,-10.0
19.2589114,-10.0
4.670709,4.670709
17.7562986,-10.0
20.8117776,-10.0
-0.1882221,-0.1882221
16.1111757,-10.0
1.8793787,1.8793787
1.5236147,1.5236147
0.5031288,0.5031288
-2.0270169,-2.0270169
1.6735831,1.6735831
0.0553481,0.0553481
-1.6153234,-1.6153234
-1.6716094,-1.6716094
-0.5807421,-0.5807421
-1.0442773,-1.0442773
-0.2452722,-0.2452722
2.6301546,2.6301546
0.6607547,0.6607547
-0.9238697,-0.9238697
0.9782726,0.9782726
-0.0005196,-0.0005196
-1.2200019,-1.2200019
-2.1540881,-2.1540881
-2.1778901,-2.1778901
-1.8793787,-1.8793787
-0.355764,-0.355764
-1.3762499,-1.3762499
-3.9063956,-3.9063956
-0.2057956,-0.2057956
-1.8240306,-1.8240306
-3.4947021,-3.4947021
-3.5509881,-3.5509881
-2.4601208,-2.4601208
-2.923656,-2.923656
-2.1246509,-2.1246509
0.7507759,0.7507759
-1.218624,-1.218624
-2.8032484,-2.8032484
-0.9011061,-0.9011061
-1.8798983,-1.8798983
-3.0993806,-3.0993806
-4.0334668,-4.0334668
-4.0572688,-4.0572688
-1.5236147,-1.5236147
0.355764,0.355764
-1.0204859,-1.0204859
-3.5506316,-3.5506316
0.1499684,0.1499684
-1.4682666,-1.4682666
-3.1389381,-3.1389381
-3.1952241,-3.1952241
-2.1043568,-2.1043568
-2.567892,-2.567892
-1.7688869,-1.7688869
1.1065399,1.1065399
-0.86286,-0.86286
-2.4474844,-2.4474844
-0.5453421,-0.5453421
-1.5241343,-1.5241343
-2.7436166,-2.7436166
-3.6777028,-3.6777028
-3.7015048,-3.7015048
-0.5031288,-0.5031288
1.3762499,1.3762499
1.0204859,1.0204859
-2.5301457,-2.5301457
1.1704543,1.1704543
-0.4477807,-0.4477807
-2.1184522,-2.1184522
-2.1747382,-2.1747382
-1.0838709,-1.0838709
-1.5474061,-1.5474061
-0.748401,-0.748401
2.1270258,2.1270258
0.1576259,0.1576259
-1.4269985,-1.4269985
0.4751438,0.4751438
-0.5036484,-0.5036484
-1.7231307,-1.7231307
-2.6572169,-2.6572169
-2.6810189,-2.6810189
2.0270169,2.0270169
3.9063956,3.9063956
3.5506316,3.5506316
2.5301457,2.5301457
3.7006,3.7006
2.082365,2.082365
0.4116935,0.4116935
0.3554075,0.3554075
1.4462748,1.4462748
0.9827396,0.9827396
1.7817447,1.7817447
4.6571715,4.6571715
2.6877716,2.6877716
1.1031472,1.1031472
3.0052895,3.0052895
2.0264973,2.0264973
0.807015,0.807015
-0.1270712,-0.1270712
-0.1508732,-0.1508732
-1.6735831,-1.6735831
0.2057956,0.2057956
-0.1499684,-0.1499684
-1.1704543,-1.1704543
-3.7006,-3.7006
-1.618235,-1.618235
-3.2889065,-3.2889065
-3.3451925,-3.3451925
-2.2543252,-2.2543252
-2.7178604,-2.7178604
-1.9188553,-1.9188553
0.9565715,0.9565715
-1.0128284,-1.0128284
-2.5974528,-2.5974528
-0.6953105,-0.6953105
-1.6741027,-1.6741027
-2.893585,-2.893585
-3.8276712,-3.8276712
-3.8514732,-3.8514732
-0.0553481,-0.0553481
1.8240306,1.8240306
1.4682666,1.4682666
0.4477807,0.4477807
-2.082365,-2.082365
1.618235,1.618235
-1.6706715,-1.6706715
-1.7269575,-1.7269575
-0.6360902,-0.6360902
-1.0996254,-1.0996254
-0.3006203,-0.3006203
2.5748065,2.5748065
0.6054066,0.6054066
-0.9792178,-0.9792178
0.9229245,0.9229245
-0.0558677,-0.0558677
-1.27535,-1.27535
-2.2094362,-2.2094362
-2.2332382,-2.2332382
1.6153234,1.6153234
3.4947021,3.4947021
3.1389381,3.1389381
2.1184522,2.1184522
-0.4116935,-0.4116935
3.2889065,3.2889065
1.6706715,1.6706715
-0.056286,-0.056286
1.0345813,1.0345813
0.5710461,0.5710461
1.3700512,1.3700512
4.245478,4.245478
2.2760781,2.2760781
0.6914537,0.6914537
2.593596,2.593596
1.6148038,1.6148038
0.3953215,0.3953215
-0.5387647,-0.5387647
-0.5625667,-0.5625667
1.6716094,1.6716094
3.5509881,3.5509881
3.1952241,3.1952241
2.1747382,2.1747382
-0.3554075,-0.3554075
3.3451925,3.3451925
1.7269575,1.7269575
0.056286,0.056286
1.0908673,1.0908673
0.6273321,0.6273321
1.4263372,1.4263372
4.301764,4.301764
2.3323641,2.3323641
0.7477397,0.7477397
2.649882,2.649882
1.6710898,1.6710898
0.4516075,0.4516075
-0.4824787,-0.4824787
-0.5062807,-0.5062807
0.5807421,0.5807421
2.4601208,2.4601208
2.1043568,2.1043568
1.0838709,1.0838709
-1.4462748,-1.4462748
2.2543252,2.2543252
0.6360902,0.6360902
-1.0345813,-1.0345813
-1.0908673,-1.0908673
-0.4635352,-0.4635352
0.3354699,0.3354699
3.2108967,3.2108967
1.2414968,1.2414968
-0.3431276,-0.3431276
1.5590147,1.5590147
0.5802225,0.5802225
-0.6392598,-0.6392598
-1.573346,-1.573346
-1.597148,-1.597148
1.0442773,1.0442773
2.923656,2.923656
2.567892,2.567892
1.5474061,1.5474061
-0.9827396,-0.9827396
2.7178604,2.7178604
1.0996254,1.0996254
-0.5710461,-0.5710461
-0.6273321,-0.6273321
0.4635352,0.4635352
0.7990051,0.7990051
3.6744319,3.6744319
1.705032,1.705032
0.1204076,0.1204076
2.0225499,2.0225499
1.0437577,1.0437577
-0.1757246,-0.1757246
-1.1098108,-1.1098108
-1.1336128,-1.1336128
0.2452722,0.2452722
2.1246509,2.1246509
1.7688869,1.7688869
0.748401,0.748401
-1.7817447,-1.7817447
1.9188553,1.9188553
0.3006203,0.3006203
-1.3700512,-1.3700512
-1.4263372,-1.4263372
-0.3354699,-0.3354699
-0.7990051,-0.7990051
2.8754268,2.8754268
0.9060269,0.9060269
-0.6785975,-0.6785975
1.2235448,1.2235448
0.2447526,0.2447526
-0.9747297,-0.9747297
-1.9088159,-1.9088159
-1.9326179,-1.9326179
-2.6301546,-2.6301546
-0.7507759,-0.7507759
-1.1065399,-1.1065399
-2.1270258,-2.1270258
-4.6571715,-4.6571715
-0.9565715,-0.9565715
-2.5748065,-2.5748065
-4.245478,-4.245478
-4.301764,-4.301764
-3.2108967,-3.2108967
-3.6744319,-3.6744319
-2.8754268,-2.8754268
-1.9693999,-1.9693999
-3.5540243,-3.5540243
-1.651882,-1.651882
-2.6306742,-2.6306742
-3.8501565,-3.8501565
-4.7842427,-4.7842427
-4.8080447,-4.8080447
-0.6607547,-0.6607547
1.218624,1.218624
0.86286,0.86286
-0.1576259,-0.1576259
-2.6877716,-2.6877716
1.0128284,1.0128284
-0.6054066,-0.6054066
-2.2760781,-2.2760781
-2.3323641,-2.3323641
-1.2414968,-1.2414968
-1.705032,-1.705032
-0.9060269,-0.9060269
1.9693999,1.9693999
-1.5846244,-1.5846244
0.3175179,0.3175179
-0.6612743,-0.6612743
-1.8807566,-1.8807566
-2.8148428,-2.8148428
-2.8386448,-2.8386448
0.9238697,0.9238697
2.8032484,2.8032484
2.4474844,2.4474844
1.4269985,1.4269985
-1.1031472,-1.1031472
2.5974528,2.5974528
0.9792178,0.9792178
-0.6914537,-0.6914537
-0.7477397,-0.7477397
0.3431276,0.3431276
-0.1204076,-0.1204076
0.6785975,0.6785975
3.5540243,3.5540243
1.5846244,1.5846244
1.9021423,1.9021423
0.9233501,0.9233501
-0.2961322,-0.2961322
-1.2302184,-1.2302184
-1.2540204,-1.2540204
-0.9782726,-0.9782726
0.9011061,0.9011061
0.5453421,0.5453421
-0.4751438,-0.4751438
-3.0052895,-3.0052895
0.6953105,0.6953105
-0.9229245,-0.9229245
-2.593596,-2.593596
-2.649882,-2.649882
-1.5590147,-1.5590147
-2.0225499,-2.0225499
-1.2235448,-1.2235448
1.651882,1.651882
-0.3175179,-0.3175179
-1.9021423,-1.9021423
-0.9787922,-0.9787922
-2.1982745,-2.1982745
-3.1323607,-3.1323607
-3.1561627,-3.1561627
0.0005196,0.0005196
1.8798983,1.8798983
1.5241343,1.5241343
0.5036484,0.5036484
-2.0264973,-2.0264973
1.6741027,1.6741027
0.0558677,0.0558677
-1.6148038,-1.6148038
-1.6710898,-1.6710898
-0.5802225,-0.5802225
-1.0437577,-1.0437577
-0.2447526,-0.2447526
2.6306742,2.6306742
0.6612743,0.6612743
-0.9233501,-0.9233501
0.9787922,0.9787922
-1.2194823,-1.2194823
-2.1535685,-2.1535685
-2.1773705,-2.1773705
1.2200019,1.2200019
3.0993806,3.0993806
2.7436166,2.7436166
1.7231307,1.7231307
-0.807015,-0.807015
2.893585,2.893585
1.27535,1.27535
-0.3953215,-0.3953215
-0.4516075,-0.4516075
0.6392598,0.6392598
0.1757246,0.1757246
0.9747297,0.9747297
3.8501565,3.8501565
1.8807566,1.8807566
0.2961322,0.2961322
2.1982745,2.1982745
1.2194823,1.2194823
-0.9340862,-0.9340862
-0.9578882,-0.9578882
2.1540881,2.1540881
4.0334668,4.0334668
3.6777028,3.6777028
2.6572169,2.6572169
0.1270712,0.1270712
3.8276712,3.8276712
2.2094362,2.2094362
0.5387647,0.5387647
0.4824787,0.4824787
1.573346,1.573346
1.1098108,1.1098108
1.9088159,1.9088159
4.7842427,4.7842427
2.8148428,2.8148428
1.2302184,1.2302184
3.1323607,3.1323607
2.1535685,2.1535685
0.9340862,0.9340862
-0.023802,-0.023802
2.1778901,2.1778901
4.0572688,4.0572688
3.7015048,3.7015048
2.6810189,2.6810189
0.1508732,0.1508732
3.8514732,3.8514732
2.2332382,2.2332382
0.5625667,0.5625667
0.5062807,0.5062807
1.597148,1.597148
1.1336128,1.1336128
1.9326179,1.9326179
4.8080447,4.8080447
2.8386448,2.8386448
1.2540204,1.2540204
3.1561627,3.1561627
2.1773705,2.1773705
0.9578882,0.9578882
0.023802,0.023802
7.2310584,7.2310584
3.308173,3.308173
3.3176231,3.3176231
-1.7632209,-1.7632209
0.5842027,0.5842027
0.0066231,0.0066231
2.6848989,2.6848989
-1.3700464,-1.3700464
5.7354188,5.7354188
17.0991419,-10.0
-0.3169833,-0.3169833
16.1774114,-10.0
0.2306199,0.2306199
-0.0737578,-0.0737578
-0.5989115,-0.5989115
1.3722973,1.3722973
6.4803789,6.4803789
2.1847425,2.1847425
-0.2922923,-0.2922923
-7.2310584,-7.2310584
-3.9228854,-3.9228854
-3.9134353,-3.9134353
-8.9942793,-8.9942793
-6.6468557,-6.6468557
-7.2244353,-7.2244353
-4.5461595,-4.5461595
-8.6011048,-8.6011048
-1.4956396,-1.4956396
9.8680835,9.8680835
-7.5480417,-7.5480417
8.946353,8.946353
-7.0004385,-7.0004385
-7.3048162,-7.3048162
-7.8299699,-7.8299699
-5.8587611,-5.8587611
-0.7506795,-0.7506795
-5.0463159,-5.0463159
-7.5233507,-7.5233507
-3.308173,-3.308173
3.9228854,3.9228854
0.0094501,0.0094501
-5.0713939,-5.0713939
-2.7239703,-2.7239703
-3.3015499,-3.3015499
-0.6232741,-0.6232741
-4.6782194,-4.6782194
2.4272458,2.4272458
13.7909689,-10.0
-3.6251563,-3.6251563
12.8692384,-10.0
-3.0775531,-3.0775531
-3.3819308,-3.3819308
-3.9070845,-3.9070845
-1.9358757,-1.9358757
3.1722059,3.1722059
-1.1234305,-1.1234305
-3.6004653,-3.6004653
-3.3176231,-3.3176231
3.9134353,3.9134353
-0.0094501,-0.0094501
-5.080844,-5.080844
-2.7334204,-2.7334204
-3.311,-3.311
-0.6327242,-0.6327242
-4.6876695,-4.6876695
2.4177957,2.4177957
13.7815188,-10.0
-3.6346064,-3.6346064
12.8597883,-10.0
-3.0870032,-3.0870032
-3.3913809,-3.3913809
-3.9165346,-3.9165346
-1.9453258,-1.9453258
3.1627558,3.1627558
-1.1328806,-1.1328806
-3.6099154,-3.6099154
1.7632209,1.7632209
8.9942793,8.9942793
5.0713939,5.0713939
5.080844,5.080844
2.3474236,2.3474236
1.769844,1.769844
4.4481198,4.4481198
0.3931745,0.3931745
7.4986397,7.4986397
18.8623628,-10.0
1.4462376,1.4462376
17.9406323,-10.0
1.9938408,1.9938408
1.6894631,1.6894631
1.1643094,1.1643094
3.1355182,3.1355182
8.2435998,8.2435998
3.9479634,3.9479634
1.4709286,1.4709286
-0.5842027,-0.5842027
6.6468557,6.6468557
2.7239703,2.7239703
2.7334204,2.7334204
-2.3474236,-2.3474236
-0.5775796,-0.5775796
2.1006962,2.1006962
-1.9542491,-1.9542491
5.1512161,5.1512161
16.5149392,-10.0
-0.901186,-0.901186
15.5932087,-10.0
-0.3535828,-0.3535828
-0.6579605,-0.6579605
-1.1831142,-1.1831142
0.7880946,0.7880946
5.8961762,5.8961762
1.6005398,1.6005398
-0.876495,-0.876495
-0.0066231,-0.0066231
7.2244353,7.2244353
3.3015499,3.3015499
3.311,3.311
-1.769844,-1.769844
0.5775796,0.5775796
2.6782758,2.6782758
-1.3766695,-1.3766695
5.7287957,5.7287957
17.0925188,-10.0
-0.3236064,-0.3236064
16.1707883,-10.0
0.2239968,0.2239968
-0.0803809,-0.0803809
-0.6055346,-0.6055346
1.3656742,1.3656742
6.4737558,6.4737558
2.1781194,2.1781194
-0.2989154,-0.2989154
-2.6848989,-2.6848989
4.5461595,4.5461595
0.6232741,0.6232741
0.6327242,0.6327242
-4.4481198,-4.4481198
-2.1006962,-2.1006962
-2.6782758,-2.6782758
-4.0549453,-4.0549453
3.0505199,3.0505199
14.414243,-10.0
-3.0018822,-3.0018822
13.4925125,-10.0
-2.454279,-2.454279
-2.7586567,-2.7586567
-3.2838104,-3.2838104
-1.3126016,-1.3126016
3.79548,3.79548
-0.5001564,-0.5001564
-2.9771912,-2.9771912
1.3700464,1.3700464
8.6011048,8.6011048
4.6782194,4.6782194
4.6876695,4.6876695
-0.3931745,-0.3931745
1.9542491,1.9542491
1.3766695,1.3766695
4.0549453,4.0549453
7.1054652,7.1054652
18.4691883,-10.0
1.0530631,1.0530631
17.5474578,-10.0
1.6006663,1.6006663
1.2962886,1.2962886
0.7711349,0.7711349
2.7423437,2.7423437
7.8504253,7.8504253
3.5547889,3.5547889
1.0777541,1.0777541
-5.7354188,-5.7354188
1.4956396,1.4956396
-2.4272458,-2.4272458
-2.4177957,-2.4177957
-7.4986397,-7.4986397
-5.1512161,-5.1512161
-5.7287957,-5.7287957
-3.0505199,-3.0505199
-7.1054652,-7.1054652
11.3637231,-10.0
-6.0524021,-6.0524021
10.4419926,-10.0
-5.5047989,-5.5047989
-5.8091766,-5.8091766
-6.3343303,-6.3343303
-4.3631215,-4.3631215
0.7449601,0.7449601
-3.5506763,-3.5506763
-6.0277111,-6.0277111
-17.0991419,-10.0
-9.8680835,-9.8680835
-13.7909689,-10.0
-13.7815188,-10.0
-18.8623628,-10.0
-16.5149392,-10.0
-17.0925188,-10.0
-14.414243,-10.0
-18.4691883,-10.0
-11.3637231,-10.0
-17.4161252,-10.0
-0.9217305,-0.9217305
-16.868522,-10.0
-17.1728997,-10.0
-17.6980534,-10.0
-15.7268446,-10.0
-10.618763,-10.0
-14.9143994,-10.0
-17.3914342,-10.0
0.3169833,0.3169833
7.5480417,7.5480417
3.6251563,3.6251563
3.6346064,3.6346064
-1.4462376,-1.4462376
0.901186,0.901186
0.3236064,0.3236064
3.0018822,3.0018822
-1.0530631,-1.0530631
6.0524021,6.0524021
17.4161252,-10.0
16.4943947,-10.0
0.5476032,0.5476032
0.2432255,0.2432255
-0.2819282,-0.2819282
1.6892806,1.6892806
6.7973622,6.7973622
2.5017258,2.5017258
0.024691,0.024691
-16.1774114,-10.0
-8.946353,-8.946353
-12.8692384,-10.0
-12.8597883,-10.0
-17.9406323,-10.0
-15.5932087,-10.0
-16.1707883,-10.0
-13.4925125,-10.0
-17.5474578,-10.0
-10.4419926,-10.0
0.9217305,0.9217305
-16.4943947,-10.0
-15.9467915,-10.0
-16.2511692,-10.0
-16.7763229,-10.0
-14.8051141,-10.0
-9.6970325,-9.6970325
-13.9926689,-10.0
-16.4697037,-10.0
-0.2306199,-0.2306199
7.0004385,7.0004385
3.0775531,3.0775531
3.0870032,3.0870032
-1.9938408,-1.9938408
0.3535828,0.3535828
-0.2239968,-0.2239968
2.454279,2.454279
-1.6006663,-1.6006663
5.5047989,5.5047989
16.868522,-10.0
-0.5476032,-0.5476032
15.9467915,-10.0
-0.3043777,-0.3043777
-0.8295314,-0.8295314
1.1416774,1.1416774
6.249759,6.249759
1.9541226,1.9541226
-0.5229122,-0.5229122
0.0737578,0.0737578
7.3048162,7.3048162
3.3819308,3.3819308
3.3913809,3.3913809
-1.6894631,-1.6894631
0.6579605,0.6579605
0.0803809,0.0803809
2.7586567,2.7586567
-1.2962886,-1.2962886
5.8091766,5.8091766
17.1728997,-10.0
-0.2432255,-0.2432255
16.2511692,-10.0
0.3043777,0.3043777
-0.5251537,-0.5251537
1.4460551,1.4460551
6.5541367,6.5541367
2.2585003,2.2585003
-0.2185345,-0.2185345
0.5989115,0.5989115
7.8299699,7.8299699
3.9070845,3.9070845
3.9165346,3.9165346
-1.1643094,-1.1643094
1.1831142,1.1831142
0.6055346,0.6055346
3.2838104,3.2838104
-0.7711349,-0.7711349
6.3343303,6.3343303
17.6980534,-10.0
0.2819282,0.2819282
16.7763229,-10.0
0.8295314,0.8295314
0.5251537,0.5251537
1.9712088,1.9712088
7.0792904,7.0792904
2.783654,2.783654
0.3066192,0.3066192
-1.3722973,-1.3722973
5.8587611,5.8587611
1.9358757,1.9358757
1.9453258,1.9453258
-3.1355182,-3.1355182
-0.7880946,-0.7880946
-1.3656742,-1.3656742
1.3126016,1.3126016
-2.7423437,-2.7423437
4.3631215,4.3631215
15.7268446,-10.0
-1.6892806,-1.6892806
14.8051141,-10.0
-1.1416774,-1.1416774
-1.4460551,-1.4460551
-1.9712088,-1.9712088
5.1080816,5.1080816
0.8124452,0.8124452
-1.6645896,-1.6645896
-6.4803789,-6.4803789
0.7506795,0.7506795
-3.1722059,-3.1722059
-3.1627558,-3.1627558
-8.2435998,-8.2435998
-5.8961762,-5.8961762
-6.4737558,-6.4737558
-3.79548,-3.79548
-7.8504253,-7.8504253
-0.7449601,-0.7449601
10.618763,-10.0
-6.7973622,-6.7973622
9.6970325,9.6970325
-6.249759,-6.249759
-6.5541367,-6.5541367
-7.0792904,-7.0792904
-5.1080816,-5.1080816
-4.2956364,-4.2956364
-6.7726712,-6.7726712
-2.1847425,-2.1847425
5.0463159,5.0463159
1.1234305,1.1234305
1.1328806,1.1328806
-3.9479634,-3.9479634
-1.6005398,-1.6005398
-2.1781194,-2.1781194
0.5001564,0.5001564
-3.5547889,-3.5547889
3.5506763,3.5506763
14.9143994,-10.0
-2.5017258,-2.5017258
13.9926689,-10.0
-1.9541226,-1.9541226
-2.2585003,-2.2585003
-2.783654,-2.783654
-0.8124452,-0.8124452
4.2956364,4.2956364
-2.4770348,-2.4770348
0.2922923,0.2922923
7.5233507,7.5233507
3.6004653,3.6004653
3.6099154,3.6099154
-1.4709286,-1.4709286
0.876495,0.876495
0.2989154,0.2989154
2.9771912,2.9771912
-1.0777541,-1.0777541
6.0277111,6.0277111
17.3914342,-10.0
-0.024691,-0.024691
16.4697037,-10.0
0.5229122,0.5229122
0.2185345,0.2185345
-0.3066192,-0.3066192
1.6645896,1.6645896
6.7726712,6.7726712
2.4770348,2.4770348
12.5683249,-10.0
3.2230346,3.2230346
0.6217444,0.6217444
-2.4237887,-2.4237887
6.7488588,6.7488588
0.7187727,0.7187727
-2.8022273,-2.8022273
0.3133747,0.3133747
-0.7867308,-0.7867308
-1.6126504,-1.6126504
3.7626295,3.7626295
5.0180366,5.0180366
6.7159146,6.7159146
2.7515406,2.7515406
9.7476088,9.7476088
-0.0652782,-0.0652782
-1.6200202,-1.6200202
0.1556394,0.1556394
-2.4016572,-2.4016572
-12.5683249,-10.0
-9.3452903,-9.3452903
-11.9465805,-10.0
-14.9921136,-10.0
-5.8194661,-5.8194661
-11.8495522,-10.0
-15.3705522,-10.0
-12.2549502,-10.0
-13.3550557,-10.0
-14.1809753,-10.0
-8.8056954,-8.8056954
-7.5502883,-7.5502883
-5.8524103,-5.8524103
-9.8167843,-9.8167843
-2.8207161,-2.8207161
-12.6336031,-10.0
-14.1883451,-10.0
-12.4126855,-10.0
-14.9699821,-10.0
-3.2230346,-3.2230346
9.3452903,9.3452903
-2.6012902,-2.6012902
-5.6468233,-5.6468233
3.5258242,3.5258242
-2.5042619,-2.5042619
-6.0252619,-6.0252619
-2.9096599,-2.9096599
-4.0097654,-4.0097654
-4.835685,-4.835685
0.5395949,0.5395949
1.795002,1.795002
3.49288,3.49288
-0.471494,-0.471494
6.5245742,6.5245742
-3.2883128,-3.2883128
-4.8430548,-4.8430548
-3.0673952,-3.0673952
-5.6246918,-5.6246918
-0.6217444,-0.6217444
11.9465805,-10.0
2.6012902,2.6012902
-3.0455331,-3.0455331
6.1271144,6.1271144
0.0970283,0.0970283
-3.4239717,-3.4239717
-0.3083697,-0.3083697
-1.4084752,-1.4084752
-2.2343948,-2.2343948
3.1408851,3.1408851
4.3962922,4.3962922
6.0941702,6.0941702
2.1297962,2.1297962
9.1258644,9.1258644
-0.6870226,-0.6870226
-2.2417646,-2.2417646
-0.466105,-0.466105
-3.0234016,-3.0234016
2.4237887,2.4237887
14.9921136,-10.0
5.6468233,5.6468233
3.0455331,3.0455331
9.1726475,9.1726475
3.1425614,3.1425614
-0.3784386,-0.3784386
2.7371634,2.7371634
1.6370579,1.6370579
0.8111383,0.8111383
6.1864182,6.1864182
7.4418253,7.4418253
9.1397033,9.1397033
5.1753293,5.1753293
12.1713975,-10.0
2.3585105,2.3585105
0.8037685,0.8037685
2.5794281,2.5794281
0.0221315,0.0221315
-6.7488588,-6.7488588
5.8194661,5.8194661
-3.5258242,-3.5258242
-6.1271144,-6.1271144
-9.1726475,-9.1726475
-6.0300861,-6.0300861
-9.5510861,-9.5510861
-6.4354841,-6.4354841
-7.5355896,-7.5355896
-8.3615092,-8.3615092
-2.9862293,-2.9862293
-1.7308222,-1.7308222
-0.0329442,-0.0329442
-3.9973182,-3.9973182
2.99875,2.99875
-6.814137,-6.814137
-8.368879,-8.368879
-6.5932194,-6.5932194
-9.150516,-9.150516
-0.7187727,-0.7187727
11.8495522,-10.0
2.5042619,2.5042619
-0.0970283,-0.0970283
-3.1425614,-3.1425614
6.0300861,6.0300861
-3.521,-3.521
-0.405398,-0.405398
-1.5055035,-1.5055035
-2.3314231,-2.3314231
3.0438568,3.0438568
4.2992639,4.2992639
5.9971419,5.9971419
2.0327679,2.0327679
9.0288361,9.0288361
-0.7840509,-0.7840509
-2.3387929,-2.3387929
-0.5631333,-0.5631333
-3.1204299,-3.1204299
2.8022273,2.8022273
15.3705522,-10.0
6.0252619,6.0252619
3.4239717,3.4239717
0.3784386,0.3784386
9.5510861,9.5510861
3.521,3.521
3.115602,3.115602
2.0154965,2.0154965
1.1895769,1.1895769
6.5648568,6.5648568
7.8202639,7.8202639
9.5181419,9.5181419
5.5537679,5.5537679
12.5498361,-10.0
2.7369491,2.7369491
1.1822071,1.1822071
2.9578667,2.9578667
0.4005701,0.4005701
-0.3133747,-0.3133747
12.2549502,-10.0
2.9096599,2.9096599
0.3083697,0.3083697
-2.7371634,-2.7371634
6.4354841,6.4354841
0.405398,0.405398
-3.115602,-3.115602
-1.1001055,-1.1001055
-1.9260251,-1.9260251
3.4492548,3.4492548
4.7046619,4.7046619
6.4025399,6.4025399
2.4381659,2.4381659
9.4342341,9.4342341
-0.3786529,-0.3786529
-1.9333949,-1.9333949
-0.1577353,-0.1577353
-2.7150319,-2.7150319
0.7867308,0.7867308
13.3550557,-10.0
4.0097654,4.0097654
1.4084752,1.4084752
-1.6370579,-1.6370579
7.5355896,7.5355896
1.5055035,1.5055035
-2.0154965,-2.0154965
1.1001055,1.1001055
-0.8259196,-0.8259196
4.5493603,4.5493603
5.8047674,5.8047674
7.5026454,7.5026454
3.5382714,3.5382714
10.5343396,-10.0
0.7214526,0.7214526
-0.8332894,-0.8332894
0.9423702,0.9423702
-1.6149264,-1.6149264
1.6126504,1.6126504
14.1809753,-10.0
4.835685,4.835685
2.2343948,2.2343948
-0.8111383,-0.8111383
8.3615092,8.3615092
2.3314231,2.3314231
-1.1895769,-1.1895769
1.9260251,1.9260251
0.8259196,0.8259196
5.3752799,5.3752799
6.630687,6.630687
8.328565,8.328565
4.364191,4.364191
11.3602592,-10.0
1.5473722,1.5473722
-0.0073698,-0.0073698
1.7682898,1.7682898
-0.7890068,-0.7890068
-3.7626295,-3.7626295
8.8056954,8.8056954
-0.5395949,-0.5395949
-3.1408851,-3.1408851
-6.1864182,-6.1864182
2.9862293,2.9862293
-3.0438568,-3.0438568
-6.5648568,-6.5648568
-3.4492548,-3.4492548
-4.5493603,-4.5493603
-5.3752799,-5.3752799
1.2554071,1.2554071
2.9532851,2.9532851
-1.0110889,-1.0110889
5.9849793,5.9849793
-3.8279077,-3.8279077
-5.3826497,-5.3826497
-3.6069901,-3.6069901
-6.1642867,-6.1642867
-5.0180366,-5.0180366
7.5502883,7.5502883
-1.795002,-1.795002
-4.3962922,-4.3962922
-7.4418253,-7.4418253
1.7308222,1.7308222
-4.2992639,-4.2992639
-7.8202639,-7.8202639
-4.7046619,-4.7046619
-5.8047674,-5.8047674
-6.630687,-6.630687
-1.2554071,-1.2554071
1.697878,1.697878
-2.266496,-2.266496
4.7295722,4.7295722
-5.0833148,-5.0833148
-6.6380568,-6.6380568
-4.8623972,-4.8623972
-7.4196938,-7.4196938
-6.7159146,-6.7159146
5.8524103,5.8524103
-3.49288,-3.49288
-6.0941702,-6.0941702
-9.1397033,-9.1397033
0.0329442,0.0329442
-5.9971419,-5.9971419
-9.5181419,-9.5181419
-6.4025399,-6.4025399
-7.5026454,-7.5026454
-8.328565,-8.328565
-2.9532851,-2.9532851
-1.697878,-1.697878
-3.964374,-3.964374
3.0316942,3.0316942
-6.7811928,-6.7811928
-8.3359348,-8.3359348
-6.5602752,-6.5602752
-9.1175718,-9.1175718
-2.7515406,-2.7515406
9.8167843,9.8167843
0.471494,0.471494
-2.1297962,-2.1297962
-5.1753293,-5.1753293
3.9973182,3.9973182
-2.0327679,-2.0327679
-5.5537679,-5.5537679
-2.4381659,-2.4381659
-3.5382714,-3.5382714
-4.364191,-4.364191
1.0110889,1.0110889
2.266496,2.266496
3.964374,3.964374
6.9960682,6.9960682
-2.8168188,-2.8168188
-4.3715608,-4.3715608
-2.5959012,-2.5959012
-5.1531978,-5.1531978
-9.7476088,-9.7476088
2.8207161,2.8207161
-6.5245742,-6.5245742
-9.1258644,-9.1258644
-12.1713975,-10.0
-2.99875,-2.99875
-9.0288361,-9.0288361
-12.5498361,-10.0
-9.4342341,-9.4342341
-10.5343396,-10.0
-11.3602592,-10.0
-5.9849793,-5.9849793
-4.7295722,-4.7295722
-3.0316942,-3.0316942
-6.9960682,-6.9960682
-9.812887,-9.812887
-11.367629,-10.0
-9.5919694,-9.5919694
-12.149266,-10.0
0.0652782,0.0652782
12.6336031,-10.0
3.2883128,3.2883128
0.6870226,0.6870226
-2.3585105,-2.3585105
6.814137,6.814137
0.7840509,0.7840509
-2.7369491,-2.7369491
0.3786529,0.3786529
-0.7214526,-0.7214526
-1.5473722,-1.5473722
3.8279077,3.8279077
5.0833148,5.0833148
6.7811928,6.7811928
2.8168188,2.8168188
9.812887,9.812887
-1.554742,-1.554742
0.2209176,0.2209176
-2.336379,-2.336379
1.6200202,1.6200202
14.1883451,-10.0
4.8430548,4.8430548
2.2417646,2.2417646
-0.8037685,-0.8037685
8.368879,8.368879
2.3387929,2.3387929
-1.1822071,-1.1822071
1.9333949,1.9333949
0.8332894,0.8332894
0.0073698,0.0073698
5.3826497,5.3826497
6.6380568,6.6380568
8.3359348,8.3359348
4.3715608,4.3715608
11.367629,-10.0
1.554742,1.554742
1.7756596,1.7756596
-0.781637,-0.781637
-0.1556394,-0.1556394
12.4126855,-10.0
3.0673952,3.0673952
0.466105,0.466105
-2.5794281,-2.5794281
6.5932194,6.5932194
0.5631333,0.5631333
-2.9578667,-2.9578667
0.1577353,0.1577353
-0.9423702,-0.9423702
-1.7682898,-1.7682898
3.6069901,3.6069901
4.8623972,4.8623972
6.5602752,6.5602752
2.5959012,2.5959012
9.5919694,9.5919694
-0.2209176,-0.2209176
-1.7756596,-1.7756596
-2.5572966,-2.5572966
2.4016572,2.4016572
14.9699821,-10.0
5.6246918,5.6246918
3.0234016,3.0234016
-0.0221315,-0.0221315
9.150516,9.150516
3.1204299,3.1204299
-0.4005701,-0.4005701
2.7150319,2.7150319
1.6149264,1.6149264
0.7890068,0.7890068
6.1642867,6.1642867
7.4196938,7.4196938
9.1175718,9.1175718
5.1531978,5.1531978
12.149266,-10.0
2.336379,2.336379
0.781637,0.781637
2.5572966,2.5572966
-1.9662426,-1.9662426
6.1325032,6.1325032
6.7578388,6.7578388
2.9429131,2.9429131
18.4261009,-10.0
15.718688,-10.0
1.2183953,1.2183953
17.383413,-10.0
2.1389169,2.1389169
1.8097529,1.8097529
19.0337573,-10.0
1.6834202,1.6834202
17.2204506,-10.0
18.4399385,-10.0
3.8211756,3.8211756
18.8407132,-10.0
1.0637047,1.0637047
3.4000984,3.4000984
0.409665,0.409665
1.9662426,1.9662426
8.0987458,8.0987458
8.7240814,8.7240814
4.9091557,4.9091557
20.3923435,-10.0
17.6849306,-10.0
3.1846379,3.1846379
19.3496556,-10.0
4.1051595,4.1051595
3.7759955,3.7759955
20.9999999,-10.0
3.6496628,3.6496628
19.1866932,-10.0
20.4061811,-10.0
5.7874182,5.7874182
20.8069558,-10.0
3.0299473,3.0299473
5.366341,5.366341
2.3759076,2.3759076
-6.1325032,-6.1325032
-8.0987458,-8.0987458
0.6253356,0.6253356
-3.1895901,-3.1895901
12.2935977,-10.0
9.5861848,9.5861848
-4.9141079,-4.9141079
11.2509098,-10.0
-3.9935863,-3.9935863
-4.3227503,-4.3227503
12.9012541,-10.0
-4.449083,-4.449083
11.0879474,-10.0
12.3074353,-10.0
-2.3113276,-2.3113276
12.70821,-10.0
-5.0687985,-5.0687985
-2.7324048,-2.7324048
-5.7228382,-5.7228382
-6.7578388,-6.7578388
-8.7240814,-8.7240814
-0.6253356,-0.6253356
-3.8149257,-3.8149257
11.6682621,-10.0
8.9608492,8.9608492
-5.5394435,-5.5394435
10.6255742,-10.0
-4.6189219,-4.6189219
-4.9480859,-4.9480859
12.2759185,-10.0
-5.0744186,-5.0744186
10.4626118,-10.0
11.6820997,-10.0
-2.9366632,-2.9366632
12.0828744,-10.0
-5.6941341,-5.6941341
-3.3577404,-3.3577404
-6.3481738,-6.3481738
-2.9429131,-2.9429131
-4.9091557,-4.9091557
3.1895901,3.1895901
3.8149257,3.8149257
15.4831878,-10.0
12.7757749,-10.0
-1.7245178,-1.7245178
14.4404999,-10.0
-0.8039962,-0.8039962
-1.1331602,-1.1331602
16.0908442,-10.0
-1.2594929,-1.2594929
14.2775375,-10.0
15.4970254,-10.0
0.8782625,0.8782625
15.8978001,-10.0
-1.8792084,-1.8792084
0.4571853,0.4571853
-2.5332481,-2.5332481
-18.4261009,-10.0
-20.3923435,-10.0
-12.2935977,-10.0
-11.6682621,-10.0
-15.4831878,-10.0
-2.7074129,-2.7074129
-17.2077056,-10.0
-1.0426879,-1.0426879
-16.287184,-10.0
-16.616348,-10.0
0.6076564,0.6076564
-16.7426807,-10.0
-1.2056503,-1.2056503
0.0138376,0.0138376
-14.6049253,-10.0
0.4146123,0.4146123
-17.3623962,-10.0
-15.0260025,-10.0
-18.0164359,-10.0
-15.718688,-10.0
-17.6849306,-10.0
-9.5861848,-9.5861848
-8.9608492,-8.9608492
-12.7757749,-10.0
2.7074129,2.7074129
-14.5002927,-10.0
1.664725,1.664725
-13.5797711,-10.0
-13.9089351,-10.0
3.3150693,3.3150693
-14.0352678,-10.0
1.5017626,1.5017626
2.7212505,2.7212505
-11.8975124,-10.0
3.1220252,3.1220252
-14.6549833,-10.0
-12.3185896,-10.0
-15.309023,-10.0
-1.2183953,-1.2183953
-3.1846379,-3.1846379
4.9141079,4.9141079
5.5394435,5.5394435
1.7245178,1.7245178
17.2077056,-10.0
14.5002927,-10.0
16.1650177,-10.0
0.9205216,0.9205216
0.5913576,0.5913576
17.815362,-10.0
0.4650249,0.4650249
16.0020553,-10.0
17.2215432,-10.0
2.6027803,2.6027803
17.6223179,-10.0
-0.1546906,-0.1546906
2.1817031,2.1817031
-0.8087303,-0.8087303
-17.383413,-10.0
-19.3496556,-10.0
-11.2509098,-10.0
-10.6255742,-10.0
-14.4404999,-10.0
1.0426879,1.0426879
-1.664725,-1.664725
-16.1650177,-10.0
-15.2444961,-10.0
-15.5736601,-10.0
1.6503443,1.6503443
-15.6999928,-10.0
-0.1629624,-0.1629624
1.0565255,1.0565255
-13.5622374,-10.0
1.4573002,1.4573002
-16.3197083,-10.0
-13.9833146,-10.0
-16.973748,-10.0
-2.1389169,-2.1389169
-4.1051595,-4.1051595
3.9935863,3.9935863
4.6189219,4.6189219
0.8039962,0.8039962
16.287184,-10.0
13.5797711,-10.0
-0.9205216,-0.9205216
15.2444961,-10.0
-0.329164,-0.329164
16.8948404,-10.0
-0.4554967,-0.4554967
15.0815337,-10.0
16.3010216,-10.0
1.6822587,1.6822587
16.7017963,-10.0
-1.0752122,-1.0752122
1.2611815,1.2611815
-1.7292519,-1.7292519
-1.8097529,-1.8097529
-3.7759955,-3.7759955
4.3227503,4.3227503
4.9480859,4.9480859
1.1331602,1.1331602
16.616348,-10.0
13.9089351,-10.0
-0.5913576,-0.5913576
15.5736601,-10.0
0.329164,0.329164
17.2240044,-10.0
-0.1263327,-0.1263327
15.4106977,-10.0
16.6301856,-10.0
2.0114227,2.0114227
17.0309603,-10.0
-0.7460482,-0.7460482
1.5903455,1.5903455
-1.4000879,-1.4000879
-19.0337573,-10.0
-20.9999999,-10.0
-12.9012541,-10.0
-12.2759185,-10.0
-16.0908442,-10.0
-0.6076564,-0.6076564
-3.3150693,-3.3150693
-17.815362,-10.0
-1.6503443,-1.6503443
-16.8948404,-10.0
-17.2240044,-10.0
-17.3503371,-10.0
-1.8133067,-1.8133067
-0.5938188,-0.5938188
-15.2125817,-10.0
-0.1930441,-0.1930441
-17.9700526,-10.0
-15.6336589,-10.0
-18.6240923,-10.0
-1.6834202,-1.6834202
-3.6496628,-3.6496628
4.449083,4.449083
5.0744186,5.0744186
1.2594929,1.2594929
16.7426807,-10.0
14.0352678,-10.0
-0.4650249,-0.4650249
15.6999928,-10.0
0.4554967,0.4554967
0.1263327,0.1263327
17.3503371,-10.0
15.5370304,-10.0
16.7565183,-10.0
2.1377554,2.1377554
17.157293,-10.0
-0.6197155,-0.6197155
1.7166782,1.7166782
-1.2737552,-1.2737552
-17.2204506,-10.0
-19.1866932,-10.0
-11.0879474,-10.0
-10.4626118,-10.0
-14.2775375,-10.0
1.2056503,1.2056503
-1.5017626,-1.5017626
-16.0020553,-10.0
0.1629624,0.1629624
-15.0815337,-10.0
-15.4106977,-10.0
1.8133067,1.8133067
-15.5370304,-10.0
1.2194879,1.2194879
-13.399275,-10.0
1.6202626,1.6202626
-16.1567459,-10.0
-13.8203522,-10.0
-16.8107856,-10.0
-18.4399385,-10.0
-20.4061811,-10.0
-12.3074353,-10.0
-11.6820997,-10.0
-15.4970254,-10.0
-0.0138376,-0.0138376
-2.7212505,-2.7212505
-17.2215432,-10.0
-1.0565255,-1.0565255
-16.3010216,-10.0
-16.6301856,-10.0
0.5938188,0.5938188
-16.7565183,-10.0
-1.2194879,-1.2194879
-14.6187629,-10.0
0.4007747,0.4007747
-17.3762338,-10.0
-15.0398401,-10.0
-18.0302735,-10.0
-3.8211756,-3.8211756
-5.7874182,-5.7874182
2.3113276,2.3113276
2.9366632,2.9366632
-0.8782625,-0.8782625
14.6049253,-10.0
11.8975124,-10.0
-2.6027803,-2.6027803
13.5622374,-10.0
-1.6822587,-1.6822587
-2.0114227,-2.0114227
15.2125817,-10.0
-2.1377554,-2.1377554
13.399275,-10.0
14.6187629,-10.0
15.0195376,-10.0
-2.7574709,-2.7574709
-0.4210772,-0.4210772
-3.4115106,-3.4115106
-18.8407132,-10.0
-20.8069558,-10.0
-12.70821,-10.0
-12.0828744,-10.0
-15.8978001,-10.0
-0.4146123,-0.4146123
-3.1220252,-3.1220252
-17.6223179,-10.0
-1.4573002,-1.4573002
-16.7017963,-10.0
-17.0309603,-10.0
0.1930441,0.1930441
-17.157293,-10.0
-1.6202626,-1.6202626
-0.4007747,-0.4007747
-15.0195376,-10.0
-17.7770085,-10.0
-15.4406148,-10.0
-18.4310482,-10.0
-1.0637047,-1.0637047
-3.0299473,-3.0299473
5.0687985,5.0687985
5.6941341,5.6941341
1.8792084,1.8792084
17.3623962,-10.0
14.6549833,-10.0
0.1546906,0.1546906
16.3197083,-10.0
1.0752122,1.0752122
0.7460482,0.7460482
17.9700526,-10.0
0.6197155,0.6197155
16.1567459,-10.0
17.3762338,-10.0
2.7574709,2.7574709
17.7770085,-10.0
2.3363937,2.3363937
-0.6540397,-0.6540397
-3.4000984,-3.4000984
-5.366341,-5.366341
2.7324048,2.7324048
3.3577404,3.3577404
-0.4571853,-0.4571853
15.0260025,-10.0
12.3185896,-10.0
-2.1817031,-2.1817031
13.9833146,-10.0
-1.2611815,-1.2611815
-1.5903455,-1.5903455
15.6336589,-10.0
-1.7166782,-1.7166782
13.8203522,-10.0
15.0398401,-10.0
0.4210772,0.4210772
15.4406148,-10.0
-2.3363937,-2.3363937
-2.9904334,-2.9904334
-0.409665,-0.409665
-2.3759076,-2.3759076
5.7228382,5.7228382
6.3481738,6.3481738
2.5332481,2.5332481
18.0164359,-10.0
15.309023,-10.0
0.8087303,0.8087303
16.973748,-10.0
1.7292519,1.7292519
1.4000879,1.4000879
18.6240923,-10.0
1.2737552,1.2737552
16.8107856,-10.0
18.0302735,-10.0
3.4115106,3.4115106
18.4310482,-10.0
0.6540397,0.6540397
2.9904334,2.9904334
0.2039359,0.2039359
0.309878,0.309878
0.5991804,0.5991804
-2.7484713,-2.7484713
0.2268901,0.2268901
-0.8549213,-0.8549213
11.8152085,-10.0
-3.3807098,-3.3807098
-1.6340899,-1.6340899
-2.5503803,-2.5503803
-1.7043062,-1.7043062
0.3596865,0.3596865
-1.0373688,-1.0373688
-1.8476114,-1.8476114
-0.7552006,-0.7552006
-0.2634781,-0.2634781
-0.4842008,-0.4842008
-1.2312021,-1.2312021
-4.8880143,-4.8880143
-0.2039359,-0.2039359
0.1059421,0.1059421
0.3952445,0.3952445
-2.9524072,-2.9524072
0.0229542,0.0229542
-1.0588572,-1.0588572
11.6112726,-10.0
-3.5846457,-3.5846457
-1.8380258,-1.8380258
-2.7543162,-2.7543162
-1.9082421,-1.9082421
0.1557506,0.1557506
-1.2413047,-1.2413047
-2.0515473,-2.0515473
-0.9591365,-0.9591365
-0.467414,-0.467414
-0.6881367,-0.6881367
-1.435138,-1.435138
-5.0919502,-5.0919502
-0.309878,-0.309878
-0.1059421,-0.1059421
0.2893024,0.2893024
-3.0583493,-3.0583493
-0.0829879,-0.0829879
-1.1647993,-1.1647993
11.5053305,-10.0
-3.6905878,-3.6905878
-1.9439679,-1.9439679
-2.8602583,-2.8602583
-2.0141842,-2.0141842
0.0498085,0.0498085
-1.3472468,-1.3472468
-2.1574894,-2.1574894
-1.0650786,-1.0650786
-0.5733561,-0.5733561
-0.7940788,-0.7940788
-1.5410801,-1.5410801
-5.1978923,-5.1978923
-0.5991804,-0.5991804
-0.3952445,-0.3952445
-0.2893024,-0.2893024
-3.3476517,-3.3476517
-0.3722903,-0.3722903
-1.4541017,-1.4541017
11.2160281,-10.0
-3.9798902,-3.9798902
-2.2332703,-2.2332703
-3.1495607,-3.1495607
-2.3034866,-2.3034866
-0.2394939,-0.2394939
-1.6365492,-1.6365492
-2.4467918,-2.4467918
-1.354381,-1.354381
-0.8626585,-0.8626585
-1.0833812,-1.0833812
-1.8303825,-1.8303825
-5.4871947,-5.4871947
2.7484713,2.7484713
2.9524072,2.9524072
3.0583493,3.0583493
3.3476517,3.3476517
2.9753614,2.9753614
1.89355,1.89355
14.5636798,-10.0
-0.6322385,-0.6322385
1.1143814,1.1143814
0.198091,0.198091
1.0441651,1.0441651
3.1081578,3.1081578
1.7111025,1.7111025
0.9008599,0.9008599
1.9932707,1.9932707
2.4849932,2.4849932
2.2642705,2.2642705
1.5172692,1.5172692
-2.139543,-2.139543
-0.2268901,-0.2268901
-0.0229542,-0.0229542
0.0829879,0.0829879
0.3722903,0.3722903
-2.9753614,-2.9753614
-1.0818114,-1.0818114
11.5883184,-10.0
-3.6075999,-3.6075999
-1.86098,-1.86098
-2.7772704,-2.7772704
-1.9311963,-1.9311963
0.1327964,0.1327964
-1.2642589,-1.2642589
-2.0745015,-2.0745015
-0.9820907,-0.9820907
-0.4903682,-0.4903682
-0.7110909,-0.7110909
-1.4580922,-1.4580922
-5.1149044,-5.1149044
0.8549213,0.8549213
1.0588572,1.0588572
1.1647993,1.1647993
1.4541017,1.4541017
-1.89355,-1.89355
1.0818114,1.0818114
12.6701298,-10.0
-2.5257885,-2.5257885
-0.7791686,-0.7791686
-1.695459,-1.695459
-0.8493849,-0.8493849
1.2146078,1.2146078
-0.1824475,-0.1824475
-0.9926901,-0.9926901
0.0997207,0.0997207
0.5914432,0.5914432
0.3707205,0.3707205
-0.3762808,-0.3762808
-4.033093,-4.033093
-11.8152085,-10.0
-11.6112726,-10.0
-11.5053305,-10.0
-11.2160281,-10.0
-14.5636798,-10.0
-11.5883184,-10.0
-12.6701298,-10.0
-15.1959183,-10.0
-13.4492984,-10.0
-14.3655888,-10.0
-13.5195147,-10.0
-11.455522,-10.0
-12.8525773,-10.0
-13.6628199,-10.0
-12.5704091,-10.0
-12.0786866,-10.0
-12.2994093,-10.0
-13.0464106,-10.0
-16.7032228,-10.0
3.3807098,3.3807098
3.5846457,3.5846457
3.6905878,3.6905878
3.9798902,3.9798902
0.6322385,0.6322385
3.6075999,3.6075999
2.5257885,2.5257885
15.1959183,-10.0
1.7466199,1.7466199
0.8303295,0.8303295
1.6764036,1.6764036
3.7403963,3.7403963
2.343341,2.343341
1.5330984,1.5330984
2.6255092,2.6255092
3.1172317,3.1172317
2.896509,2.896509
2.1495077,2.1495077
-1.5073045,-1.5073045
1.6340899,1.6340899
1.8380258,1.8380258
1.9439679,1.9439679
2.2332703,2.2332703
-1.1143814,-1.1143814
1.86098,1.86098
0.7791686,0.7791686
13.4492984,-10.0
-1.7466199,-1.7466199
-0.9162904,-0.9162904
-0.0702163,-0.0702163
1.9937764,1.9937764
0.5967211,0.5967211
-0.2135215,-0.2135215
0.8788893,0.8788893
1.3706118,1.3706118
1.1498891,1.1498891
0.4028878,0.4028878
-3.2539244,-3.2539244
2.5503803,2.5503803
2.7543162,2.7543162
2.8602583,2.8602583
3.1495607,3.1495607
-0.198091,-0.198091
2.7772704,2.7772704
1.695459,1.695459
14.3655888,-10.0
-0.8303295,-0.8303295
0.9162904,0.9162904
0.8460741,0.8460741
2.9100668,2.9100668
1.5130115,1.5130115
0.7027689,0.7027689
1.7951797,1.7951797
2.2869022,2.2869022
2.0661795,2.0661795
1.3191782,1.3191782
-2.337634,-2.337634
1.7043062,1.7043062
1.9082421,1.9082421
2.0141842,2.0141842
2.3034866,2.3034866
-1.0441651,-1.0441651
1.9311963,1.9311963
0.8493849,0.8493849
13.5195147,-10.0
-1.6764036,-1.6764036
0.0702163,0.0702163
-0.8460741,-0.8460741
2.0639927,2.0639927
0.6669374,0.6669374
-0.1433052,-0.1433052
0.9491056,0.9491056
1.4408281,1.4408281
1.2201054,1.2201054
0.4731041,0.4731041
-3.1837081,-3.1837081
-0.3596865,-0.3596865
-0.1557506,-0.1557506
-0.0498085,-0.0498085
0.2394939,0.2394939
-3.1081578,-3.1081578
-0.1327964,-0.1327964
-1.2146078,-1.2146078
11.455522,-10.0
-3.7403963,-3.7403963
-1.9937764,-1.9937764
-2.9100668,-2.9100668
-2.0639927,-2.0639927
-1.3970553,-1.3970553
-2.2072979,-2.2072979
-1.1148871,-1.1148871
-0.6231646,-0.6231646
-0.8438873,-0.8438873
-1.5908886,-1.5908886
-5.2477008,-5.2477008
1.0373688,1.0373688
1.2413047,1.2413047
1.3472468,1.3472468
1.6365492,1.6365492
-1.7111025,-1.7111025
1.2642589,1.2642589
0.1824475,0.1824475
12.8525773,-10.0
-2.343341,-2.343341
-0.5967211,-0.5967211
-1.5130115,-1.5130115
-0.6669374,-0.6669374
1.3970553,1.3970553
-0.8102426,-0.8102426
0.2821682,0.2821682
0.7738907,0.7738907
0.553168,0.553168
-0.1938333,-0.1938333
-3.8506455,-3.8506455
1.8476114,1.8476114
2.0515473,2.0515473
2.1574894,2.1574894
2.4467918,2.4467918
-0.9008599,-0.9008599
2.0745015,2.0745015
0.9926901,0.9926901
13.6628199,-10.0
-1.5330984,-1.5330984
0.2135215,0.2135215
-0.7027689,-0.7027689
0.1433052,0.1433052
2.2072979,2.2072979
0.8102426,0.8102426
1.0924108,1.0924108
1.5841333,1.5841333
1.3634106,1.3634106
0.6164093,0.6164093
-3.0404029,-3.0404029
0.7552006,0.7552006
0.9591365,0.9591365
1.0650786,1.0650786
1.354381,1.354381
-1.9932707,-1.9932707
0.9820907,0.9820907
-0.0997207,-0.0997207
12.5704091,-10.0
-2.6255092,-2.6255092
-0.8788893,-0.8788893
-1.7951797,-1.7951797
-0.9491056,-0.9491056
1.1148871,1.1148871
-0.2821682,-0.2821682
-1.0924108,-1.0924108
0.4917225,0.4917225
0.2709998,0.2709998
-0.4760015,-0.4760015
-4.1328137,-4.1328137
0.2634781,0.2634781
0.467414,0.467414
0.5733561,0.5733561
0.8626585,0.8626585
-2.4849932,-2.4849932
0.4903682,0.4903682
-0.5914432,-0.5914432
12.0786866,-10.0
-3.1172317,-3.1172317
-1.3706118,-1.3706118
-2.2869022,-2.2869022
-1.4408281,-1.4408281
0.6231646,0.6231646
-0.7738907,-0.7738907
-1.5841333,-1.5841333
-0.4917225,-0.4917225
-0.2207227,-0.2207227
-0.967724,-0.967724
-4.6245362,-4.6245362
0.4842008,0.4842008
0.6881367,0.6881367
0.7940788,0.7940788
1.0833812,1.0833812
-2.2642705,-2.2642705
0.7110909,0.7110909
-0.3707205,-0.3707205
12.2994093,-10.0
-2.896509,-2.896509
-1.1498891,-1.1498891
-2.0661795,-2.0661795
-1.2201054,-1.2201054
0.8438873,0.8438873
-0.553168,-0.553168
-1.3634106,-1.3634106
-0.2709998,-0.2709998
0.2207227,0.2207227
-0.7470013,-0.7470013
-4.4038135,-4.4038135
1.2312021,1.2312021
1.435138,1.435138
1.5410801,1.5410801
1.8303825,1.8303825
-1.5172692,-1.5172692
1.4580922,1.4580922
0.3762808,0.3762808
13.0464106,-10.0
-2.1495077,-2.1495077
-0.4028878,-0.4028878
-1.3191782,-1.3191782
-0.4731041,-0.4731041
1.5908886,1.5908886
0.1938333,0.1938333
-0.6164093,-0.6164093
0.4760015,0.4760015
0.967724,0.967724
0.7470013,0.7470013
-3.6568122,-3.6568122
4.8880143,4.8880143
5.0919502,5.0919502
5.1978923,5.1978923
5.4871947,5.4871947
2.139543,2.139543
5.1149044,5.1149044
4.033093,4.033093
16.7032228,-10.0
1.5073045,1.5073045
3.2539244,3.2539244
2.337634,2.337634
3.1837081,3.1837081
5.2477008,5.2477008
3.8506455,3.8506455
3.0404029,3.0404029
4.1328137,4.1328137
4.6245362,4.6245362
4.4038135,4.4038135
3.6568122,3.6568122
1.012236,1.012236
1.8351892,1.8351892
1.129545,1.129545
-0.0079527,-0.0079527
0.4011846,0.4011846
0.3404738,0.3404738
1.9828252,1.9828252
-1.5514708,-1.5514708
2.1952577,2.1952577
6.6690354,6.6690354
-1.1718794,-1.1718794
20.0884289,-10.0
0.2826586,0.2826586
-0.5381975,-0.5381975
-0.9014274,-0.9014274
-0.1955408,-0.1955408
16.8963401,-10.0
0.8005579,0.8005579
-0.8903116,-0.8903116
-1.012236,-1.012236
0.8229532,0.8229532
0.117309,0.117309
-1.0201887,-1.0201887
-0.6110514,-0.6110514
-0.6717622,-0.6717622
0.9705892,0.9705892
-2.5637068,-2.5637068
1.1830217,1.1830217
5.6567994,5.6567994
-2.1841154,-2.1841154
19.0761929,-10.0
-0.7295774,-0.7295774
-1.5504335,-1.5504335
-1.9136634,-1.9136634
-1.2077768,-1.2077768
15.8841041,-10.0
-0.2116781,-0.2116781
-1.9025476,-1.9025476
-1.8351892,-1.8351892
-0.8229532,-0.8229532
-0.7056442,-0.7056442
-1.8431419,-1.8431419
-1.4340046,-1.4340046
-1.4947154,-1.4947154
0.147636,0.147636
-3.38666,-3.38666
0.3600685,0.3600685
4.8338462,4.8338462
-3.0070686,-3.0070686
18.2532397,-10.0
-1.5525306,-1.5525306
-2.3733867,-2.3733867
-2.7366166,-2.7366166
-2.03073,-2.03073
15.0611509,-10.0
-1.0346313,-1.0346313
-2.7255008,-2.7255008
-1.129545,-1.129545
-0.117309,-0.117309
0.7056442,0.7056442
-1.1374977,-1.1374977
-0.7283604,-0.7283604
-0.7890712,-0.7890712
0.8532802,0.8532802
-2.6810158,-2.6810158
1.0657127,1.0657127
5.5394904,5.5394904
-2.3014244,-2.3014244
18.9588839,-10.0
-0.8468864,-0.8468864
-1.6677425,-1.6677425
-2.0309724,-2.0309724
-1.3250858,-1.3250858
15.7667951,-10.0
-0.3289871,-0.3289871
-2.0198566,-2.0198566
0.0079527,0.0079527
1.0201887,1.0201887
1.8431419,1.8431419
1.1374977,1.1374977
0.4091373,0.4091373
0.3484265,0.3484265
1.9907779,1.9907779
-1.5435181,-1.5435181
2.2032104,2.2032104
6.6769881,6.6769881
-1.1639267,-1.1639267
20.0963816,-10.0
0.2906113,0.2906113
-0.5302448,-0.5302448
-0.8934747,-0.8934747
-0.1875881,-0.1875881
16.9042928,-10.0
0.8085106,0.8085106
-0.8823589,-0.8823589
-0.4011846,-0.4011846
0.6110514,0.6110514
1.4340046,1.4340046
0.7283604,0.7283604
-0.4091373,-0.4091373
-0.0607108,-0.0607108
1.5816406,1.5816406
-1.9526554,-1.9526554
1.7940731,1.7940731
6.2678508,6.2678508
-1.573064,-1.573064
19.6872443,-10.0
-0.118526,-0.118526
-0.9393821,-0.9393821
-1.302612,-1.302612
-0.5967254,-0.5967254
16.4951555,-10.0
0.3993733,0.3993733
-1.2914962,-1.2914962
-0.3404738,-0.3404738
0.6717622,0.6717622
1.4947154,1.4947154
0.7890712,0.7890712
-0.3484265,-0.3484265
0.0607108,0.0607108
1.6423514,1.6423514
-1.8919446,-1.8919446
1.8547839,1.8547839
6.3285616,6.3285616
-1.5123532,-1.5123532
19.7479551,-10.0
-0.0578152,-0.0578152
-0.8786713,-0.8786713
-1.2419012,-1.2419012
-0.5360146,-0.5360146
16.5558663,-10.0
0.4600841,0.4600841
-1.2307854,-1.2307854
-1.9828252,-1.9828252
-0.9705892,-0.9705892
-0.147636,-0.147636
-0.8532802,-0.8532802
-1.9907779,-1.9907779
-1.5816406,-1.5816406
-1.6423514,-1.6423514
-3.534296,-3.534296
0.2124325,0.2124325
4.6862102,4.6862102
-3.1547046,-3.1547046
18.1056037,-10.0
-1.7001666,-1.7001666
-2.5210227,-2.5210227
-2.8842526,-2.8842526
-2.178366,-2.178366
14.9135149,-10.0
-1.1822673,-1.1822673
-2.8731368,-2.8731368
1.5514708,1.5514708
2.5637068,2.5637068
3.38666,3.38666
2.6810158,2.6810158
1.5435181,1.5435181
1.9526554,1.9526554
1.8919446,1.8919446
3.534296,3.534296
3.7467285,3.7467285
8.2205062,8.2205062
0.3795914,0.3795914
21.6398997,-10.0
1.8341294,1.8341294
1.0132733,1.0132733
0.6500434,0.6500434
1.35593,1.35593
18.4478109,-10.0
2.3520287,2.3520287
0.6611592,0.6611592
-2.1952577,-2.1952577
-1.1830217,-1.1830217
-0.3600685,-0.3600685
-1.0657127,-1.0657127
-2.2032104,-2.2032104
-1.7940731,-1.7940731
-1.8547839,-1.8547839
-0.2124325,-0.2124325
-3.7467285,-3.7467285
4.4737777,4.4737777
-3.3671371,-3.3671371
17.8931712,-10.0
-1.9125991,-1.9125991
-2.7334552,-2.7334552
-3.0966851,-3.0966851
-2.3907985,-2.3907985
14.7010824,-10.0
-1.3946998,-1.3946998
-3.0855693,-3.0855693
-6.6690354,-6.6690354
-5.6567994,-5.6567994
-4.8338462,-4.8338462
-5.5394904,-5.5394904
-6.6769881,-6.6769881
-6.2678508,-6.2678508
-6.3285616,-6.3285616
-4.6862102,-4.6862102
-8.2205062,-8.2205062
-4.4737777,-4.4737777
-7.8409148,-7.8409148
13.4193935,-10.0
-6.3863768,-6.3863768
-7.2072329,-7.2072329
-7.5704628,-7.5704628
-6.8645762,-6.8645762
10.2273047,-10.0
-5.8684775,-5.8684775
-7.559347,-7.559347
1.1718794,1.1718794
2.1841154,2.1841154
3.0070686,3.0070686
2.3014244,2.3014244
1.1639267,1.1639267
1.573064,1.573064
1.5123532,1.5123532
3.1547046,3.1547046
-0.3795914,-0.3795914
3.3671371,3.3671371
7.8409148,7.8409148
21.2603083,-10.0
1.454538,1.454538
0.6336819,0.6336819
0.270452,0.270452
0.9763386,0.9763386
18.0682195,-10.0
1.9724373,1.9724373
0.2815678,0.2815678
-20.0884289,-10.0
-19.0761929,-10.0
-18.2532397,-10.0
-18.9588839,-10.0
-20.0963816,-10.0
-19.6872443,-10.0
-19.7479551,-10.0
-18.1056037,-10.0
-21.6398997,-10.0
-17.8931712,-10.0
-13.4193935,-10.0
-21.2603083,-10.0
-19.8057703,-10.0
-20.6266264,-10.0
-20.9898563,-10.0
-20.2839697,-10.0
-3.1920888,-3.1920888
-19.287871,-10.0
-20.9787405,-10.0
-0.2826586,-0.2826586
0.7295774,0.7295774
1.5525306,1.5525306
0.8468864,0.8468864
-0.2906113,-0.2906113
0.118526,0.118526
0.0578152,0.0578152
1.7001666,1.7001666
-1.8341294,-1.8341294
1.9125991,1.9125991
6.3863768,6.3863768
-1.454538,-1.454538
19.8057703,-10.0
-0.8208561,-0.8208561
-1.184086,-1.184086
-0.4781994,-0.4781994
16.6136815,-10.0
0.5178993,0.5178993
-1.1729702,-1.1729702
0.5381975,0.5381975
1.5504335,1.5504335
2.3733867,2.3733867
1.6677425,1.6677425
0.5302448,0.5302448
0.9393821,0.9393821
0.8786713,0.8786713
2.5210227,2.5210227
-1.0132733,-1.0132733
2.7334552,2.7334552
7.2072329,7.2072329
-0.6336819,-0.6336819
20.6266264,-10.0
0.8208561,0.8208561
-0.3632299,-0.3632299
0.3426567,0.3426567
17.4345376,-10.0
1.3387554,1.3387554
-0.3521141,-0.3521141
0.9014274,0.9014274
1.9136634,1.9136634
2.7366166,2.7366166
2.0309724,2.0309724
0.8934747,0.8934747
1.302612,1.302612
1.2419012,1.2419012
2.8842526,2.8842526
-0.6500434,-0.6500434
3.0966851,3.0966851
7.5704628,7.5704628
-0.270452,-0.270452
20.9898563,-10.0
1.184086,1.184086
0.3632299,0.3632299
0.7058866,0.7058866
17.7977675,-10.0
1.7019853,1.7019853
0.0111158,0.0111158
0.1955408,0.1955408
1.2077768,1.2077768
2.03073,2.03073
1.3250858,1.3250858
0.1875881,0.1875881
0.5967254,0.5967254
0.5360146,0.5360146
2.178366,2.178366
-1.35593,-1.35593
2.3907985,2.3907985
6.8645762,6.8645762
-0.9763386,-0.9763386
20.2839697,-10.0
0.4781994,0.4781994
-0.3426567,-0.3426567
-0.7058866,-0.7058866
17.0918809,-10.0
0.9960987,0.9960987
-0.6947708,-0.6947708
-16.8963401,-10.0
-15.8841041,-10.0
-15.0611509,-10.0
-15.7667951,-10.0
-16.9042928,-10.0
-16.4951555,-10.0
-16.5558663,-10.0
-14.9135149,-10.0
-18.4478109,-10.0
-14.7010824,-10.0
-10.2273047,-10.0
-18.0682195,-10.0
3.1920888,3.1920888
-16.6136815,-10.0
-17.4345376,-10.0
-17.7977675,-10.0
-17.0918809,-10.0
-16.0957822,-10.0
-17.7866517,-10.0
-0.8005579,-0.8005579
0.2116781,0.2116781
1.0346313,1.0346313
0.3289871,0.3289871
-0.8085106,-0.8085106
-0.3993733,-0.3993733
-0.4600841,-0.4600841
1.1822673,1.1822673
-2.3520287,-2.3520287
1.3946998,1.3946998
5.8684775,5.8684775
-1.9724373,-1.9724373
19.287871,-10.0
-0.5178993,-0.5178993
-1.3387554,-1.3387554
-1.7019853,-1.7019853
-0.9960987,-0.9960987
16.0957822,-10.0
-1.6908695,-1.6908695
0.8903116,0.8903116
1.9025476,1.9025476
2.7255008,2.7255008
2.0198566,2.0198566
0.8823589,0.8823589
1.2914962,1.2914962
1.2307854,1.2307854
2.8731368,2.8731368
-0.6611592,-0.6611592
3.0855693,3.0855693
7.559347,7.559347
-0.2815678,-0.2815678
20.9787405,-10.0
1.1729702,1.1729702
0.3521141,0.3521141
-0.0111158,-0.0111158
0.6947708,0.6947708
17.7866517,-10.0
1.6908695,1.6908695
-9.8569591,-9.8569591
1.4502738,1.4502738
1.2623388,1.2623388
-12.7691298,-10.0
3.4216409,3.4216409
-11.2344768,-10.0
-12.8882347,-10.0
-13.1276444,-10.0
-11.8440691,-10.0
6.8640259,6.8640259
-5.0981851,-5.0981851
6.9024322,6.9024322
-10.0627894,-10.0
-10.2450428,-10.0
-9.5686999,-9.5686999
-10.6727155,-10.0
-0.1240779,-0.1240779
6.9090703,6.9090703
-14.0909278,-10.0
9.8569591,9.8569591
11.3072329,-10.0
11.1192979,-10.0
-2.9121707,-2.9121707
13.2786,-10.0
-1.3775177,-1.3775177
-3.0312756,-3.0312756
-3.2706853,-3.2706853
-1.98711,-1.98711
16.720985,-10.0
4.758774,4.758774
16.7593913,-10.0
-0.2058303,-0.2058303
-0.3880837,-0.3880837
0.2882592,0.2882592
-0.8157564,-0.8157564
9.7328812,9.7328812
16.7660294,-10.0
-4.2339687,-4.2339687
-1.4502738,-1.4502738
-11.3072329,-10.0
-0.187935,-0.187935
-14.2194036,-10.0
1.9713671,1.9713671
-12.6847506,-10.0
-14.3385085,-10.0
-14.5779182,-10.0
-13.2943429,-10.0
5.4137521,5.4137521
-6.5484589,-6.5484589
5.4521584,5.4521584
-11.5130632,-10.0
-11.6953166,-10.0
-11.0189737,-10.0
-12.1229893,-10.0
-1.5743517,-1.5743517
5.4587965,5.4587965
-15.5412016,-10.0
-1.2623388,-1.2623388
-11.1192979,-10.0
0.187935,0.187935
-14.0314686,-10.0
2.1593021,2.1593021
-12.4968156,-10.0
-14.1505735,-10.0
-14.3899832,-10.0
-13.1064079,-10.0
5.6016871,5.6016871
-6.3605239,-6.3605239
5.6400934,5.6400934
-11.3251282,-10.0
-11.5073816,-10.0
-10.8310387,-10.0
-11.9350543,-10.0
-1.3864167,-1.3864167
5.6467315,5.6467315
-15.3532666,-10.0
12.7691298,-10.0
2.9121707,2.9121707
14.2194036,-10.0
14.0314686,-10.0
16.1907707,-10.0
1.534653,1.534653
-0.1191049,-0.1191049
-0.3585146,-0.3585146
0.9250607,0.9250607
19.6331557,-10.0
7.6709447,7.6709447
19.671562,-10.0
2.7063404,2.7063404
2.524087,2.524087
3.2004299,3.2004299
2.0964143,2.0964143
12.6450519,-10.0
19.6782001,-10.0
-1.321798,-1.321798
-3.4216409,-3.4216409
-13.2786,-10.0
-1.9713671,-1.9713671
-2.1593021,-2.1593021
-16.1907707,-10.0
-14.6561177,-10.0
-16.3098756,-10.0
-16.5492853,-10.0
-15.26571,-10.0
3.442385,3.442385
-8.519826,-8.519826
3.4807913,3.4807913
-13.4844303,-10.0
-13.6666837,-10.0
-12.9903408,-10.0
-14.0943564,-10.0
-3.5457188,-3.5457188
3.4874294,3.4874294
-17.5125687,-10.0
11.2344768,-10.0
1.3775177,1.3775177
12.6847506,-10.0
12.4968156,-10.0
-1.534653,-1.534653
14.6561177,-10.0
-1.6537579,-1.6537579
-1.8931676,-1.8931676
-0.6095923,-0.6095923
18.0985027,-10.0
6.1362917,6.1362917
18.136909,-10.0
1.1716874,1.1716874
0.989434,0.989434
1.6657769,1.6657769
0.5617613,0.5617613
11.1103989,-10.0
18.1435471,-10.0
-2.856451,-2.856451
12.8882347,-10.0
3.0312756,3.0312756
14.3385085,-10.0
14.1505735,-10.0
0.1191049,0.1191049
16.3098756,-10.0
1.6537579,1.6537579
-0.2394097,-0.2394097
1.0441656,1.0441656
19.7522606,-10.0
7.7900496,7.7900496
19.7906669,-10.0
2.8254453,2.8254453
2.6431919,2.6431919
3.3195348,3.3195348
2.2155192,2.2155192
12.7641568,-10.0
19.797305,-10.0
-1.2026931,-1.2026931
13.1276444,-10.0
3.2706853,3.2706853
14.5779182,-10.0
14.3899832,-10.0
0.3585146,0.3585146
16.5492853,-10.0
1.8931676,1.8931676
0.2394097,0.2394097
1.2835753,1.2835753
19.9916703,-10.0
8.0294593,8.0294593
20.0300766,-10.0
3.064855,3.064855
2.8826016,2.8826016
3.5589445,3.5589445
2.4549289,2.4549289
13.0035665,-10.0
20.0367147,-10.0
-0.9632834,-0.9632834
11.8440691,-10.0
1.98711,1.98711
13.2943429,-10.0
13.1064079,-10.0
-0.9250607,-0.9250607
15.26571,-10.0
0.6095923,0.6095923
-1.0441656,-1.0441656
-1.2835753,-1.2835753
18.708095,-10.0
6.745884,6.745884
18.7465013,-10.0
1.7812797,1.7812797
1.5990263,1.5990263
2.2753692,2.2753692
1.1713536,1.1713536
11.7199912,-10.0
18.7531394,-10.0
-2.2468587,-2.2468587
-6.8640259,-6.8640259
-16.720985,-10.0
-5.4137521,-5.4137521
-5.6016871,-5.6016871
-19.6331557,-10.0
-3.442385,-3.442385
-18.0985027,-10.0
-19.7522606,-10.0
-19.9916703,-10.0
-18.708095,-10.0
-11.962211,-10.0
0.0384063,0.0384063
-16.9268153,-10.0
-17.1090687,-10.0
-16.4327258,-10.0
-17.5367414,-10.0
-6.9881038,-6.9881038
0.0450444,0.0450444
-20.9549537,-10.0
5.0981851,5.0981851
-4.758774,-4.758774
6.5484589,6.5484589
6.3605239,6.3605239
-7.6709447,-7.6709447
8.519826,8.519826
-6.1362917,-6.1362917
-7.7900496,-7.7900496
-8.0294593,-8.0294593
-6.745884,-6.745884
11.962211,-10.0
12.0006173,-10.0
-4.9646043,-4.9646043
-5.1468577,-5.1468577
-4.4705148,-4.4705148
-5.5745304,-5.5745304
4.9741072,4.9741072
12.0072554,-10.0
-8.9927427,-8.9927427
-6.9024322,-6.9024322
-16.7593913,-10.0
-5.4521584,-5.4521584
-5.6400934,-5.6400934
-19.671562,-10.0
-3.4807913,-3.4807913
-18.136909,-10.0
-19.7906669,-10.0
-20.0300766,-10.0
-18.7465013,-10.0
-0.0384063,-0.0384063
-12.0006173,-10.0
-16.9652216,-10.0
-17.147475,-10.0
-16.4711321,-10.0
-17.5751477,-10.0
-7.0265101,-7.0265101
0.0066381,0.0066381
-20.99336,-10.0
10.0627894,-10.0
0.2058303,0.2058303
11.5130632,-10.0
11.3251282,-10.0
-2.7063404,-2.7063404
13.4844303,-10.0
-1.1716874,-1.1716874
-2.8254453,-2.8254453
-3.064855,-3.064855
-1.7812797,-1.7812797
16.9268153,-10.0
4.9646043,4.9646043
16.9652216,-10.0
-0.1822534,-0.1822534
0.4940895,0.4940895
-0.6099261,-0.6099261
9.9387115,9.9387115
16.9718597,-10.0
-4.0281384,-4.0281384
10.2450428,-10.0
0.3880837,0.3880837
11.6953166,-10.0
11.5073816,-10.0
-2.524087,-2.524087
13.6666837,-10.0
-0.989434,-0.989434
-2.6431919,-2.6431919
-2.8826016,-2.8826016
-1.5990263,-1.5990263
17.1090687,-10.0
5.1468577,5.1468577
17.147475,-10.0
0.1822534,0.1822534
0.6763429,0.6763429
-0.4276727,-0.4276727
10.1209649,-10.0
17.1541131,-10.0
-3.845885,-3.845885
9.5686999,9.5686999
-0.2882592,-0.2882592
11.0189737,-10.0
10.8310387,-10.0
-3.2004299,-3.2004299
12.9903408,-10.0
-1.6657769,-1.6657769
-3.3195348,-3.3195348
-3.5589445,-3.5589445
-2.2753692,-2.2753692
16.4327258,-10.0
4.4705148,4.4705148
16.4711321,-10.0
-0.4940895,-0.4940895
-0.6763429,-0.6763429
-1.1040156,-1.1040156
9.444622,9.444622
16.4777702,-10.0
-4.5222279,-4.5222279
10.6727155,-10.0
0.8157564,0.8157564
12.1229893,-10.0
11.9350543,-10.0
-2.0964143,-2.0964143
14.0943564,-10.0
-0.5617613,-0.5617613
-2.2155192,-2.2155192
-2.4549289,-2.4549289
-1.1713536,-1.1713536
17.5367414,-10.0
5.5745304,5.5745304
17.5751477,-10.0
0.6099261,0.6099261
0.4276727,0.4276727
1.1040156,1.1040156
10.5486376,-10.0
17.5817858,-10.0
-3.4182123,-3.4182123
0.1240779,0.1240779
-9.7328812,-9.7328812
1.5743517,1.5743517
1.3864167,1.3864167
-12.6450519,-10.0
3.5457188,3.5457188
-11.1103989,-10.0
-12.7641568,-10.0
-13.0035665,-10.0
-11.7199912,-10.0
6.9881038,6.9881038
-4.9741072,-4.9741072
7.0265101,7.0265101
-9.9387115,-9.9387115
-10.1209649,-10.0
-9.444622,-9.444622
-10.5486376,-10.0
7.0331482,7.0331482
-13.9668499,-10.0
-6.9090703,-6.9090703
-16.7660294,-10.0
-5.4587965,-5.4587965
-5.6467315,-5.6467315
-19.6782001,-10.0
-3.4874294,-3.4874294
-18.1435471,-10.0
-19.797305,-10.0
-20.0367147,-10.0
-18.7531394,-10.0
-0.0450444,-0.0450444
-12.0072554,-10.0
-0.0066381,-0.0066381
-16.9718597,-10.0
-17.1541131,-10.0
-16.4777702,-10.0
-17.5817858,-10.0
-7.0331482,-7.0331482
-20.9999981,-10.0
14.0909278,-10.0
4.2339687,4.2339687
15.5412016,-10.0
15.3532666,-10.0
1.321798,1.321798
17.5125687,-10.0
2.856451,2.856451
1.2026931,1.2026931
0.9632834,0.9632834
2.2468587,2.2468587
20.9549537,-10.0
8.9927427,8.9927427
20.99336,-10.0
4.0281384,4.0281384
3.845885,3.845885
4.5222279,4.5222279
3.4182123,3.4182123
13.9668499,-10.0
20.9999981,-10.0
-0.9511335,-0.9511335
1.050249,1.050249
0.3719225,0.3719225
-0.747383,-0.747383
-0.0299541,-0.0299541
2.7499697,2.7499697
-1.3427758,-1.3427758
-1.8846404,-1.8846404
-1.8195544,-1.8195544
-2.126833,-2.126833
-0.9056473,-0.9056473
5.6659295,5.6659295
-1.3577564,-1.3577564
-0.1311157,-0.1311157
-0.7472863,-0.7472863
-3.2880665,-3.2880665
-1.4424467,-1.4424467
14.6765334,-10.0
3.6771049,3.6771049
0.9511335,0.9511335
2.0013825,2.0013825
1.323056,1.323056
0.2037505,0.2037505
0.9211794,0.9211794
3.7011032,3.7011032
-0.3916423,-0.3916423
-0.9335069,-0.9335069
-0.8684209,-0.8684209
-1.1756995,-1.1756995
0.0454862,0.0454862
6.617063,6.617063
-0.4066229,-0.4066229
0.8200178,0.8200178
0.2038472,0.2038472
-2.336933,-2.336933
-0.4913132,-0.4913132
15.6276669,-10.0
4.6282384,4.6282384
-1.050249,-1.050249
-2.0013825,-2.0013825
-0.6783265,-0.6783265
-1.797632,-1.797632
-1.0802031,-1.0802031
1.6997207,1.6997207
-2.3930248,-2.3930248
-2.9348894,-2.9348894
-2.8698034,-2.8698034
-3.177082,-3.177082
-1.9558963,-1.9558963
4.6156805,4.6156805
-2.4080054,-2.4080054
-1.1813647,-1.1813647
-1.7975353,-1.7975353
-4.3383155,-4.3383155
-2.4926957,-2.4926957
13.6262844,-10.0
2.6268559,2.6268559
-0.3719225,-0.3719225
-1.323056,-1.323056
0.6783265,0.6783265
-1.1193055,-1.1193055
-0.4018766,-0.4018766
2.3780472,2.3780472
-1.7146983,-1.7146983
-2.2565629,-2.2565629
-2.1914769,-2.1914769
-2.4987555,-2.4987555
-1.2775698,-1.2775698
5.294007,5.294007
-1.7296789,-1.7296789
-0.5030382,-0.5030382
-1.1192088,-1.1192088
-3.659989,-3.659989
-1.8143692,-1.8143692
14.3046109,-10.0
3.3051824,3.3051824
0.747383,0.747383
-0.2037505,-0.2037505
1.797632,1.797632
1.1193055,1.1193055
0.7174289,0.7174289
3.4973527,3.4973527
-0.5953928,-0.5953928
-1.1372574,-1.1372574
-1.0721714,-1.0721714
-1.37945,-1.37945
-0.1582643,-0.1582643
6.4133125,6.4133125
-0.6103734,-0.6103734
0.6162673,0.6162673
9.66999999998e-05,9.66999999998e-05
-2.5406835,-2.5406835
-0.6950637,-0.6950637
15.4239164,-10.0
4.4244879,4.4244879
0.0299541,0.0299541
-0.9211794,-0.9211794
1.0802031,1.0802031
0.4018766,0.4018766
-0.7174289,-0.7174289
2.7799238,2.7799238
-1.3128217,-1.3128217
-1.8546863,-1.8546863
-1.7896003,-1.7896003
-2.0968789,-2.0968789
-0.8756932,-0.8756932
5.6958836,5.6958836
-1.3278023,-1.3278023
-0.1011616,-0.1011616
-0.7173322,-0.7173322
-3.2581124,-3.2581124
-1.4124926,-1.4124926
14.7064875,-10.0
3.707059,3.707059
-2.7499697,-2.7499697
-3.7011032,-3.7011032
-1.6997207,-1.6997207
-2.3780472,-2.3780472
-3.4973527,-3.4973527
-2.7799238,-2.7799238
-4.0927455,-4.0927455
-4.6346101,-4.6346101
-4.5695241,-4.5695241
-4.8768027,-4.8768027
-3.655617,-3.655617
2.9159598,2.9159598
-4.1077261,-4.1077261
-2.8810854,-2.8810854
-3.497256,-3.497256
-6.0380362,-6.0380362
-4.1924164,-4.1924164
11.9265637,-10.0
0.9271352,0.9271352
1.3427758,1.3427758
0.3916423,0.3916423
2.3930248,2.3930248
1.7146983,1.7146983
0.5953928,0.5953928
1.3128217,1.3128217
4.0927455,4.0927455
-0.5418646,-0.5418646
-0.4767786,-0.4767786
-0.7840572,-0.7840572
0.4371285,0.4371285
7.0087053,7.0087053
-0.0149806,-0.0149806
1.2116601,1.2116601
0.5954895,0.5954895
-1.9452907,-1.9452907
-0.0996709,-0.0996709
16.0193092,-10.0
5.0198807,5.0198807
1.8846404,1.8846404
0.9335069,0.9335069
2.9348894,2.9348894
2.2565629,2.2565629
1.1372574,1.1372574
1.8546863,1.8546863
4.6346101,4.6346101
0.5418646,0.5418646
0.065086,0.065086
-0.2421926,-0.2421926
0.9789931,0.9789931
7.5505699,7.5505699
0.526884,0.526884
1.7535247,1.7535247
1.1373541,1.1373541
-1.4034261,-1.4034261
0.4421937,0.4421937
16.5611738,-10.0
5.5617453,5.5617453
1.8195544,1.8195544
0.8684209,0.8684209
2.8698034,2.8698034
2.1914769,2.1914769
1.0721714,1.0721714
1.7896003,1.7896003
4.5695241,4.5695241
0.4767786,0.4767786
-0.065086,-0.065086
-0.3072786,-0.3072786
0.9139071,0.9139071
7.4854839,7.4854839
0.461798,0.461798
1.6884387,1.6884387
1.0722681,1.0722681
-1.4685121,-1.4685121
0.3771077,0.3771077
16.4960878,-10.0
5.4966593,5.4966593
2.126833,2.126833
1.1756995,1.1756995
3.177082,3.177082
2.4987555,2.4987555
1.37945,1.37945
2.0968789,2.0968789
4.8768027,4.8768027
0.7840572,0.7840572
0.2421926,0.2421926
0.3072786,0.3072786
1.2211857,1.2211857
7.7927625,7.7927625
0.7690766,0.7690766
1.9957173,1.9957173
1.3795467,1.3795467
-1.1612335,-1.1612335
0.6843863,0.6843863
16.8033664,-10.0
5.8039379,5.8039379
0.9056473,0.9056473
-0.0454862,-0.0454862
1.9558963,1.9558963
1.2775698,1.2775698
0.1582643,0.1582643
0.8756932,0.8756932
3.655617,3.655617
-0.4371285,-0.4371285
-0.9789931,-0.9789931
-0.9139071,-0.9139071
-1.2211857,-1.2211857
6.5715768,6.5715768
-0.4521091,-0.4521091
0.7745316,0.7745316
0.158361,0.158361
-2.3824192,-2.3824192
-0.5367994,-0.5367994
15.5821807,-10.0
4.5827522,4.5827522
-5.6659295,-5.6659295
-6.617063,-6.617063
-4.6156805,-4.6156805
-5.294007,-5.294007
-6.4133125,-6.4133125
-5.6958836,-5.6958836
-2.9159598,-2.9159598
-7.0087053,-7.0087053
-7.5505699,-7.5505699
-7.4854839,-7.4854839
-7.7927625,-7.7927625
-6.5715768,-6.5715768
-7.0236859,-7.0236859
-5.7970452,-5.7970452
-6.4132158,-6.4132158
-8.953996,-8.953996
-7.1083762,-7.1083762
9.0106039,9.0106039
-1.9888246,-1.9888246
1.3577564,1.3577564
0.4066229,0.4066229
2.4080054,2.4080054
1.7296789,1.7296789
0.6103734,0.6103734
1.3278023,1.3278023
4.1077261,4.1077261
0.0149806,0.0149806
-0.526884,-0.526884
-0.461798,-0.461798
-0.7690766,-0.7690766
0.4521091,0.4521091
7.0236859,7.0236859
1.2266407,1.2266407
0.6104701,0.6104701
-1.9303101,-1.9303101
-0.0846903,-0.0846903
16.0342898,-10.0
5.0348613,5.0348613
0.1311157,0.1311157
-0.8200178,-0.8200178
1.1813647,1.1813647
0.5030382,0.5030382
-0.6162673,-0.6162673
0.1011616,0.1011616
2.8810854,2.8810854
-1.2116601,-1.2116601
-1.7535247,-1.7535247
-1.6884387,-1.6884387
-1.9957173,-1.9957173
-0.7745316,-0.7745316
5.7970452,5.7970452
-1.2266407,-1.2266407
-0.6161706,-0.6161706
-3.1569508,-3.1569508
-1.311331,-1.311331
14.8076491,-10.0
3.8082206,3.8082206
0.7472863,0.7472863
-0.2038472,-0.2038472
1.7975353,1.7975353
1.1192088,1.1192088
-9.66999999998e-05,-9.66999999998e-05
0.7173322,0.7173322
3.497256,3.497256
-0.5954895,-0.5954895
-1.1373541,-1.1373541
-1.0722681,-1.0722681
-1.3795467,-1.3795467
-0.158361,-0.158361
6.4132158,6.4132158
-0.6104701,-0.6104701
0.6161706,0.6161706
-2.5407802,-2.5407802
-0.6951604,-0.6951604
15.4238197,-10.0
4.4243912,4.4243912
3.2880665,3.2880665
2.336933,2.336933
4.3383155,4.3383155
3.659989,3.659989
2.5406835,2.5406835
3.2581124,3.2581124
6.0380362,6.0380362
1.9452907,1.9452907
1.4034261,1.4034261
1.4685121,1.4685121
1.1612335,1.1612335
2.3824192,2.3824192
8.953996,8.953996
1.9303101,1.9303101
3.1569508,3.1569508
2.5407802,2.5407802
1.8456198,1.8456198
17.9645999,-10.0
6.9651714,6.9651714
1.4424467,1.4424467
0.4913132,0.4913132
2.4926957,2.4926957
1.8143692,1.8143692
0.6950637,0.6950637
1.4124926,1.4124926
4.1924164,4.1924164
0.0996709,0.0996709
-0.4421937,-0.4421937
-0.3771077,-0.3771077
-0.6843863,-0.6843863
0.5367994,0.5367994
7.1083762,7.1083762
0.0846903,0.0846903
1.311331,1.311331
0.6951604,0.6951604
-1.8456198,-1.8456198
16.1189801,-10.0
5.1195516,5.1195516
-14.6765334,-10.0
-15.6276669,-10.0
-13.6262844,-10.0
-14.3046109,-10.0
-15.4239164,-10.0
-14.7064875,-10.0
-11.9265637,-10.0
-16.0193092,-10.0
-16.5611738,-10.0
-16.4960878,-10.0
-16.8033664,-10.0
-15.5821807,-10.0
-9.0106039,-9.0106039
-16.0342898,-10.0
-14.8076491,-10.0
-15.4238197,-10.0
-17.9645999,-10.0
-16.1189801,-10.0
-10.9994285,-10.0
-3.6771049,-3.6771049
-4.6282384,-4.6282384
-2.6268559,-2.6268559
-3.3051824,-3.3051824
-4.4244879,-4.4244879
-3.707059,-3.707059
-0.9271352,-0.9271352
-5.0198807,-5.0198807
-5.5617453,-5.5617453
-5.4966593,-5.4966593
-5.8039379,-5.8039379
-4.5827522,-4.5827522
1.9888246,1.9888246
-5.0348613,-5.0348613
-3.8082206,-3.8082206
-4.4243912,-4.4243912
-6.9651714,-6.9651714
-5.1195516,-5.1195516
10.9994285,-10.0
3.171284,3.171284
-0.2562997,-0.2562997
-0.7488301,-0.7488301
-0.0360976,-0.0360976
-1.4872143,-1.4872143
-0.5462998,-0.5462998
-2.3851516,-2.3851516
-1.4394899,-1.4394899
2.01501,2.01501
14.5808914,-10.0
-2.9455937,-2.9455937
-1.1983886,-1.1983886
-0.632555,-0.632555
-0.633419,-0.633419
-0.3647816,-0.3647816
-0.1786131,-0.1786131
0.652257,0.652257
16.2023195,-10.0
0.4152783,0.4152783
-3.171284,-3.171284
-3.4275837,-3.4275837
-3.9201141,-3.9201141
-3.2073816,-3.2073816
-4.6584983,-4.6584983
-3.7175838,-3.7175838
-5.5564356,-5.5564356
-4.6107739,-4.6107739
-1.156274,-1.156274
11.4096074,-10.0
-6.1168777,-6.1168777
-4.3696726,-4.3696726
-3.803839,-3.803839
-3.804703,-3.804703
-3.5360656,-3.5360656
-3.3498971,-3.3498971
-2.519027,-2.519027
13.0310355,-10.0
-2.7560057,-2.7560057
0.2562997,0.2562997
3.4275837,3.4275837
-0.4925304,-0.4925304
0.2202021,0.2202021
-1.2309146,-1.2309146
-0.2900001,-0.2900001
-2.1288519,-2.1288519
-1.1831902,-1.1831902
2.2713097,2.2713097
14.8371911,-10.0
-2.689294,-2.689294
-0.9420889,-0.9420889
-0.3762553,-0.3762553
-0.3771193,-0.3771193
-0.1084819,-0.1084819
0.0776866,0.0776866
0.9085567,0.9085567
16.4586192,-10.0
0.671578,0.671578
0.7488301,0.7488301
3.9201141,3.9201141
0.4925304,0.4925304
0.7127325,0.7127325
-0.7383842,-0.7383842
0.2025303,0.2025303
-1.6363215,-1.6363215
-0.6906598,-0.6906598
2.7638401,2.7638401
15.3297215,-10.0
-2.1967636,-2.1967636
-0.4495585,-0.4495585
0.1162751,0.1162751
0.1154111,0.1154111
0.3840485,0.3840485
0.570217,0.570217
1.4010871,1.4010871
16.9511496,-10.0
1.1641084,1.1641084
0.0360976,0.0360976
3.2073816,3.2073816
-0.2202021,-0.2202021
-0.7127325,-0.7127325
-1.4511167,-1.4511167
-0.5102022,-0.5102022
-2.349054,-2.349054
-1.4033923,-1.4033923
2.0511076,2.0511076
14.616989,-10.0
-2.9094961,-2.9094961
-1.162291,-1.162291
-0.5964574,-0.5964574
-0.5973214,-0.5973214
-0.328684,-0.328684
-0.1425155,-0.1425155
0.6883546,0.6883546
16.2384171,-10.0
0.4513759,0.4513759
1.4872143,1.4872143
4.6584983,4.6584983
1.2309146,1.2309146
0.7383842,0.7383842
1.4511167,1.4511167
0.9409145,0.9409145
-0.8979373,-0.8979373
0.0477244,0.0477244
3.5022243,3.5022243
16.0681057,-10.0
-1.4583794,-1.4583794
0.2888257,0.2888257
0.8546593,0.8546593
0.8537953,0.8537953
1.1224327,1.1224327
1.3086012,1.3086012
2.1394713,2.1394713
17.6895338,-10.0
1.9024926,1.9024926
0.5462998,0.5462998
3.7175838,3.7175838
0.2900001,0.2900001
-0.2025303,-0.2025303
0.5102022,0.5102022
-0.9409145,-0.9409145
-1.8388518,-1.8388518
-0.8931901,-0.8931901
2.5613098,2.5613098
15.1271912,-10.0
-2.3992939,-2.3992939
-0.6520888,-0.6520888
-0.0862552,-0.0862552
-0.0871192,-0.0871192
0.1815182,0.1815182
0.3676867,0.3676867
1.1985568,1.1985568
16.7486193,-10.0
0.9615781,0.9615781
2.3851516,2.3851516
5.5564356,5.5564356
2.1288519,2.1288519
1.6363215,1.6363215
2.349054,2.349054
0.8979373,0.8979373
1.8388518,1.8388518
0.9456617,0.9456617
4.4001616,4.4001616
16.966043,-10.0
-0.5604421,-0.5604421
1.186763,1.186763
1.7525966,1.7525966
1.7517326,1.7517326
2.02037,2.02037
2.2065385,2.2065385
3.0374086,3.0374086
18.5874711,-10.0
2.8004299,2.8004299
1.4394899,1.4394899
4.6107739,4.6107739
1.1831902,1.1831902
0.6906598,0.6906598
1.4033923,1.4033923
-0.0477244,-0.0477244
0.8931901,0.8931901
-0.9456617,-0.9456617
3.4544999,3.4544999
16.0203813,-10.0
-1.5061038,-1.5061038
0.2411013,0.2411013
0.8069349,0.8069349
0.8060709,0.8060709
1.0747083,1.0747083
1.2608768,1.2608768
2.0917469,2.0917469
17.6418094,-10.0
1.8547682,1.8547682
-2.01501,-2.01501
1.156274,1.156274
-2.2713097,-2.2713097
-2.7638401,-2.7638401
-2.0511076,-2.0511076
-3.5022243,-3.5022243
-2.5613098,-2.5613098
-4.4001616,-4.4001616
-3.4544999,-3.4544999
12.5658814,-10.0
-4.9606037,-4.9606037
-3.2133986,-3.2133986
-2.647565,-2.647565
-2.648429,-2.648429
-2.3797916,-2.3797916
-2.1936231,-2.1936231
-1.362753,-1.362753
14.1873095,-10.0
-1.5997317,-1.5997317
-14.5808914,-10.0
-11.4096074,-10.0
-14.8371911,-10.0
-15.3297215,-10.0
-14.616989,-10.0
-16.0681057,-10.0
-15.1271912,-10.0
-16.966043,-10.0
-16.0203813,-10.0
-12.5658814,-10.0
-17.5264851,-10.0
-15.77928,-10.0
-15.2134464,-10.0
-15.2143104,-10.0
-14.945673,-10.0
-14.7595045,-10.0
-13.9286344,-10.0
1.6214281,1.6214281
-14.1656131,-10.0
2.9455937,2.9455937
6.1168777,6.1168777
2.689294,2.689294
2.1967636,2.1967636
2.9094961,2.9094961
1.4583794,1.4583794
2.3992939,2.3992939
0.5604421,0.5604421
1.5061038,1.5061038
4.9606037,4.9606037
17.5264851,-10.0
1.7472051,1.7472051
2.3130387,2.3130387
2.3121747,2.3121747
2.5808121,2.5808121
2.7669806,2.7669806
3.5978507,3.5978507
19.1479132,-10.0
3.360872,3.360872
1.1983886,1.1983886
4.3696726,4.3696726
0.9420889,0.9420889
0.4495585,0.4495585
1.162291,1.162291
-0.2888257,-0.2888257
0.6520888,0.6520888
-1.186763,-1.186763
-0.2411013,-0.2411013
3.2133986,3.2133986
15.77928,-10.0
-1.7472051,-1.7472051
0.5658336,0.5658336
0.5649696,0.5649696
0.833607,0.833607
1.0197755,1.0197755
1.8506456,1.8506456
17.4007081,-10.0
1.6136669,1.6136669
0.632555,0.632555
3.803839,3.803839
0.3762553,0.3762553
-0.1162751,-0.1162751
0.5964574,0.5964574
-0.8546593,-0.8546593
0.0862552,0.0862552
-1.7525966,-1.7525966
-0.8069349,-0.8069349
2.647565,2.647565
15.2134464,-10.0
-2.3130387,-2.3130387
-0.5658336,-0.5658336
-0.000864,-0.000864
0.2677734,0.2677734
0.4539419,0.4539419
1.284812,1.284812
16.8348745,-10.0
1.0478333,1.0478333
0.633419,0.633419
3.804703,3.804703
0.3771193,0.3771193
-0.1154111,-0.1154111
0.5973214,0.5973214
-0.8537953,-0.8537953
0.0871192,0.0871192
-1.7517326,-1.7517326
-0.8060709,-0.8060709
2.648429,2.648429
15.2143104,-10.0
-2.3121747,-2.3121747
-0.5649696,-0.5649696
0.000864,0.000864
0.2686374,0.2686374
0.4548059,0.4548059
1.285676,1.285676
16.8357385,-10.0
1.0486973,1.0486973
0.3647816,0.3647816
3.5360656,3.5360656
0.1084819,0.1084819
-0.3840485,-0.3840485
0.328684,0.328684
-1.1224327,-1.1224327
-0.1815182,-0.1815182
-2.02037,-2.02037
-1.0747083,-1.0747083
2.3797916,2.3797916
14.945673,-10.0
-2.5808121,-2.5808121
-0.833607,-0.833607
-0.2677734,-0.2677734
-0.2686374,-0.2686374
0.1861685,0.1861685
1.0170386,1.0170386
16.5671011,-10.0
0.7800599,0.7800599
0.1786131,0.1786131
3.3498971,3.3498971
-0.0776866,-0.0776866
-0.570217,-0.570217
0.1425155,0.1425155
-1.3086012,-1.3086012
-0.3676867,-0.3676867
-2.2065385,-2.2065385
-1.2608768,-1.2608768
2.1936231,2.1936231
14.7595045,-10.0
-2.7669806,-2.7669806
-1.0197755,-1.0197755
-0.4539419,-0.4539419
-0.4548059,-0.4548059
-0.1861685,-0.1861685
0.8308701,0.8308701
16.3809326,-10.0
0.5938914,0.5938914
-0.652257,-0.652257
2.519027,2.519027
-0.9085567,-0.9085567
-1.4010871,-1.4010871
-0.6883546,-0.6883546
-2.1394713,-2.1394713
-1.1985568,-1.1985568
-3.0374086,-3.0374086
-2.0917469,-2.0917469
1.362753,1.362753
13.9286344,-10.0
-3.5978507,-3.5978507
-1.8506456,-1.8506456
-1.284812,-1.284812
-1.285676,-1.285676
-1.0170386,-1.0170386
-0.8308701,-0.8308701
15.5500625,-10.0
-0.2369787,-0.2369787
-16.2023195,-10.0
-13.0310355,-10.0
-16.4586192,-10.0
-16.9511496,-10.0
-16.2384171,-10.0
-17.6895338,-10.0
-16.7486193,-10.0
-18.5874711,-10.0
-17.6418094,-10.0
-14.1873095,-10.0
-1.6214281,-1.6214281
-19.1479132,-10.0
-17.4007081,-10.0
-16.8348745,-10.0
-16.8357385,-10.0
-16.5671011,-10.0
-16.3809326,-10.0
-15.5500625,-10.0
-15.7870412,-10.0
-0.4152783,-0.4152783
2.7560057,2.7560057
-0.671578,-0.671578
-1.1641084,-1.1641084
-0.4513759,-0.4513759
-1.9024926,-1.9024926
-0.9615781,-0.9615781
-2.8004299,-2.8004299
-1.8547682,-1.8547682
1.5997317,1.5997317
14.1656131,-10.0
-3.360872,-3.360872
-1.6136669,-1.6136669
-1.0478333,-1.0478333
-1.0486973,-1.0486973
-0.7800599,-0.7800599
-0.5938914,-0.5938914
0.2369787,0.2369787
15.7870412,-10.0
-0.7049113,-0.7049113
-3.3277448,-3.3277448
1.884908,1.884908
5.5639948,5.5639948
0.5499139,0.5499139
-0.7059072,-0.7059072
2.7445416,2.7445416
-2.7965764,-2.7965764
6.7635032,6.7635032
-0.6897428,-0.6897428
-2.1575438,-2.1575438
0.1265821,0.1265821
-1.9160732,-1.9160732
-1.2570579,-1.2570579
-1.7263981,-1.7263981
-0.6759528,-0.6759528
0.773929,0.773929
11.7950928,-10.0
-2.6454183,-2.6454183
0.7049113,0.7049113
-2.6228335,-2.6228335
2.5898193,2.5898193
6.2689061,6.2689061
1.2548252,1.2548252
-0.0009959,-0.0009959
3.4494529,3.4494529
-2.0916651,-2.0916651
7.4684145,7.4684145
0.0151685,0.0151685
-1.4526325,-1.4526325
0.8314934,0.8314934
-1.2111619,-1.2111619
-0.5521466,-0.5521466
-1.0214868,-1.0214868
0.0289585,0.0289585
1.4788403,1.4788403
12.5000041,-10.0
-1.940507,-1.940507
3.3277448,3.3277448
2.6228335,2.6228335
5.2126528,5.2126528
8.8917396,8.8917396
3.8776587,3.8776587
2.6218376,2.6218376
6.0722864,6.0722864
0.5311684,0.5311684
10.091248,-10.0
2.638002,2.638002
1.170201,1.170201
3.4543269,3.4543269
1.4116716,1.4116716
2.0706869,2.0706869
1.6013467,1.6013467
2.651792,2.651792
4.1016738,4.1016738
15.1228376,-10.0
0.6823265,0.6823265
-1.884908,-1.884908
-2.5898193,-2.5898193
-5.2126528,-5.2126528
3.6790868,3.6790868
-1.3349941,-1.3349941
-2.5908152,-2.5908152
0.8596336,0.8596336
-4.6814844,-4.6814844
4.8785952,4.8785952
-2.5746508,-2.5746508
-4.0424518,-4.0424518
-1.7583259,-1.7583259
-3.8009812,-3.8009812
-3.1419659,-3.1419659
-3.6113061,-3.6113061
-2.5608608,-2.5608608
-1.110979,-1.110979
9.9101848,9.9101848
-4.5303263,-4.5303263
-5.5639948,-5.5639948
-6.2689061,-6.2689061
-8.8917396,-8.8917396
-3.6790868,-3.6790868
-5.0140809,-5.0140809
-6.269902,-6.269902
-2.8194532,-2.8194532
-8.3605712,-8.3605712
1.1995084,1.1995084
-6.2537376,-6.2537376
-7.7215386,-7.7215386
-5.4374127,-5.4374127
-7.480068,-7.480068
-6.8210527,-6.8210527
-7.2903929,-7.2903929
-6.2399476,-6.2399476
-4.7900658,-4.7900658
6.231098,6.231098
-8.2094131,-8.2094131
-0.5499139,-0.5499139
-1.2548252,-1.2548252
-3.8776587,-3.8776587
1.3349941,1.3349941
5.0140809,5.0140809
-1.2558211,-1.2558211
2.1946277,2.1946277
-3.3464903,-3.3464903
6.2135893,6.2135893
-1.2396567,-1.2396567
-2.7074577,-2.7074577
-0.4233318,-0.4233318
-2.4659871,-2.4659871
-1.8069718,-1.8069718
-2.276312,-2.276312
-1.2258667,-1.2258667
0.2240151,0.2240151
11.2451789,-10.0
-3.1953322,-3.1953322
0.7059072,0.7059072
0.0009959,0.0009959
-2.6218376,-2.6218376
2.5908152,2.5908152
6.269902,6.269902
1.2558211,1.2558211
3.4504488,3.4504488
-2.0906692,-2.0906692
7.4694104,7.4694104
0.0161644,0.0161644
-1.4516366,-1.4516366
0.8324893,0.8324893
-1.210166,-1.210166
-0.5511507,-0.5511507
-1.0204909,-1.0204909
0.0299544,0.0299544
1.4798362,1.4798362
12.501,-10.0
-1.9395111,-1.9395111
-2.7445416,-2.7445416
-3.4494529,-3.4494529
-6.0722864,-6.0722864
-0.8596336,-0.8596336
2.8194532,2.8194532
-2.1946277,-2.1946277
-3.4504488,-3.4504488
-5.541118,-5.541118
4.0189616,4.0189616
-3.4342844,-3.4342844
-4.9020854,-4.9020854
-2.6179595,-2.6179595
-4.6606148,-4.6606148
-4.0015995,-4.0015995
-4.4709397,-4.4709397
-3.4204944,-3.4204944
-1.9706126,-1.9706126
9.0505512,9.0505512
-5.3899599,-5.3899599
2.7965764,2.7965764
2.0916651,2.0916651
-0.5311684,-0.5311684
4.6814844,4.6814844
8.3605712,8.3605712
3.3464903,3.3464903
2.0906692,2.0906692
5.541118,5.541118
9.5600796,9.5600796
2.1068336,2.1068336
0.6390326,0.6390326
2.9231585,2.9231585
0.8805032,0.8805032
1.5395185,1.5395185
1.0701783,1.0701783
2.1206236,2.1206236
3.5705054,3.5705054
14.5916692,-10.0
0.1511581,0.1511581
-6.7635032,-6.7635032
-7.4684145,-7.4684145
-10.091248,-10.0
-4.8785952,-4.8785952
-1.1995084,-1.1995084
-6.2135893,-6.2135893
-7.4694104,-7.4694104
-4.0189616,-4.0189616
-9.5600796,-9.5600796
-7.453246,-7.453246
-8.921047,-8.921047
-6.6369211,-6.6369211
-8.6795764,-8.6795764
-8.0205611,-8.0205611
-8.4899013,-8.4899013
-7.439456,-7.439456
-5.9895742,-5.9895742
5.0315896,5.0315896
-9.4089215,-9.4089215
0.6897428,0.6897428
-0.0151685,-0.0151685
-2.638002,-2.638002
2.5746508,2.5746508
6.2537376,6.2537376
1.2396567,1.2396567
-0.0161644,-0.0161644
3.4342844,3.4342844
-2.1068336,-2.1068336
7.453246,7.453246
-1.467801,-1.467801
0.8163249,0.8163249
-1.2263304,-1.2263304
-0.5673151,-0.5673151
-1.0366553,-1.0366553
0.01379,0.01379
1.4636718,1.4636718
12.4848356,-10.0
-1.9556755,-1.9556755
2.1575438,2.1575438
1.4526325,1.4526325
-1.170201,-1.170201
4.0424518,4.0424518
7.7215386,7.7215386
2.7074577,2.7074577
1.4516366,1.4516366
4.9020854,4.9020854
-0.6390326,-0.6390326
8.921047,8.921047
1.467801,1.467801
2.2841259,2.2841259
0.2414706,0.2414706
0.9004859,0.9004859
0.4311457,0.4311457
1.481591,1.481591
2.9314728,2.9314728
13.9526366,-10.0
-0.4878745,-0.4878745
-0.1265821,-0.1265821
-0.8314934,-0.8314934
-3.4543269,-3.4543269
1.7583259,1.7583259
5.4374127,5.4374127
0.4233318,0.4233318
-0.8324893,-0.8324893
2.6179595,2.6179595
-2.9231585,-2.9231585
6.6369211,6.6369211
-0.8163249,-0.8163249
-2.2841259,-2.2841259
-2.0426553,-2.0426553
-1.38364,-1.38364
-1.8529802,-1.8529802
-0.8025349,-0.8025349
0.6473469,0.6473469
11.6685107,-10.0
-2.7720004,-2.7720004
1.9160732,1.9160732
1.2111619,1.2111619
-1.4116716,-1.4116716
3.8009812,3.8009812
7.480068,7.480068
2.4659871,2.4659871
1.210166,1.210166
4.6606148,4.6606148
-0.8805032,-0.8805032
8.6795764,8.6795764
1.2263304,1.2263304
-0.2414706,-0.2414706
2.0426553,2.0426553
0.6590153,0.6590153
0.1896751,0.1896751
1.2401204,1.2401204
2.6900022,2.6900022
13.711166,-10.0
-0.7293451,-0.7293451
1.2570579,1.2570579
0.5521466,0.5521466
-2.0706869,-2.0706869
3.1419659,3.1419659
6.8210527,6.8210527
1.8069718,1.8069718
0.5511507,0.5511507
4.0015995,4.0015995
-1.5395185,-1.5395185
8.0205611,8.0205611
0.5673151,0.5673151
-0.9004859,-0.9004859
1.38364,1.38364
-0.6590153,-0.6590153
-0.4693402,-0.4693402
0.5811051,0.5811051
2.0309869,2.0309869
13.0521507,-10.0
-1.3883604,-1.3883604
1.7263981,1.7263981
1.0214868,1.0214868
-1.6013467,-1.6013467
3.6113061,3.6113061
7.2903929,7.2903929
2.276312,2.276312
1.0204909,1.0204909
4.4709397,4.4709397
-1.0701783,-1.0701783
8.4899013,8.4899013
1.0366553,1.0366553
-0.4311457,-0.4311457
1.8529802,1.8529802
-0.1896751,-0.1896751
0.4693402,0.4693402
1.0504453,1.0504453
2.5003271,2.5003271
13.5214909,-10.0
-0.9190202,-0.9190202
0.6759528,0.6759528
-0.0289585,-0.0289585
-2.651792,-2.651792
2.5608608,2.5608608
6.2399476,6.2399476
1.2258667,1.2258667
-0.0299544,-0.0299544
3.4204944,3.4204944
-2.1206236,-2.1206236
7.439456,7.439456
-0.01379,-0.01379
-1.481591,-1.481591
0.8025349,0.8025349
-1.2401204,-1.2401204
-0.5811051,-0.5811051
-1.0504453,-1.0504453
1.4498818,1.4498818
12.4710456,-10.0
-1.9694655,-1.9694655
-0.773929,-0.773929
-1.4788403,-1.4788403
-4.1016738,-4.1016738
1.110979,1.110979
4.7900658,4.7900658
-0.2240151,-0.2240151
-1.4798362,-1.4798362
1.9706126,1.9706126
-3.5705054,-3.5705054
5.9895742,5.9895742
-1.4636718,-1.4636718
-2.9314728,-2.9314728
-0.6473469,-0.6473469
-2.6900022,-2.6900022
-2.0309869,-2.0309869
-2.5003271,-2.5003271
-1.4498818,-1.4498818
11.0211638,-10.0
-3.4193473,-3.4193473
-11.7950928,-10.0
-12.5000041,-10.0
-15.1228376,-10.0
-9.9101848,-9.9101848
-6.231098,-6.231098
-11.2451789,-10.0
-12.501,-10.0
-9.0505512,-9.0505512
-14.5916692,-10.0
-5.0315896,-5.0315896
-12.4848356,-10.0
-13.9526366,-10.0
-11.6685107,-10.0
-13.711166,-10.0
-13.0521507,-10.0
-13.5214909,-10.0
-12.4710456,-10.0
-11.0211638,-10.0
-14.4405111,-10.0
2.6454183,2.6454183
1.940507,1.940507
-0.6823265,-0.6823265
4.5303263,4.5303263
8.2094131,8.2094131
3.1953322,3.1953322
1.9395111,1.9395111
5.3899599,5.3899599
-0.1511581,-0.1511581
9.4089215,9.4089215
1.9556755,1.9556755
0.4878745,0.4878745
2.7720004,2.7720004
0.7293451,0.7293451
1.3883604,1.3883604
0.9190202,0.9190202
1.9694655,1.9694655
3.4193473,3.4193473
14.4405111,-10.0
17.0543938,-10.0
-0.0577596,-0.0577596
-0.6603541,-0.6603541
0.0871116,0.0871116
-0.8310341,-0.8310341
-0.0978449,-0.0978449
17.1497932,-10.0
-1.1454272,-1.1454272
0.9206409,0.9206409
1.2637664,1.2637664
-0.9749719,-0.9749719
0.6702799,0.6702799
-0.1168728,-0.1168728
1.1478823,1.1478823
-0.0663911,-0.0663911
0.2296043,0.2296043
0.1316625,0.1316625
0.6964733,0.6964733
-0.2488428,-0.2488428
-17.0543938,-10.0
-17.1121534,-10.0
-17.7147479,-10.0
-16.9672822,-10.0
-17.8854279,-10.0
-17.1522387,-10.0
0.0953994,0.0953994
-18.199821,-10.0
-16.1337529,-10.0
-15.7906274,-10.0
-18.0293657,-10.0
-16.3841139,-10.0
-17.1712666,-10.0
-15.9065115,-10.0
-17.1207849,-10.0
-16.8247895,-10.0
-16.9227313,-10.0
-16.3579205,-10.0
-17.3032366,-10.0
0.0577596,0.0577596
17.1121534,-10.0
-0.6025945,-0.6025945
0.1448712,0.1448712
-0.7732745,-0.7732745
-0.0400853,-0.0400853
17.2075528,-10.0
-1.0876676,-1.0876676
0.9784005,0.9784005
1.321526,1.321526
-0.9172123,-0.9172123
0.7280395,0.7280395
-0.0591132,-0.0591132
1.2056419,1.2056419
-0.0086315,-0.0086315
0.2873639,0.2873639
0.1894221,0.1894221
0.7542329,0.7542329
-0.1910832,-0.1910832
0.6603541,0.6603541
17.7147479,-10.0
0.6025945,0.6025945
0.7474657,0.7474657
-0.17068,-0.17068
0.5625092,0.5625092
17.8101473,-10.0
-0.4850731,-0.4850731
1.580995,1.580995
1.9241205,1.9241205
-0.3146178,-0.3146178
1.330634,1.330634
0.5434813,0.5434813
1.8082364,1.8082364
0.593963,0.593963
0.8899584,0.8899584
0.7920166,0.7920166
1.3568274,1.3568274
0.4115113,0.4115113
-0.0871116,-0.0871116
16.9672822,-10.0
-0.1448712,-0.1448712
-0.7474657,-0.7474657
-0.9181457,-0.9181457
-0.1849565,-0.1849565
17.0626816,-10.0
-1.2325388,-1.2325388
0.8335293,0.8335293
1.1766548,1.1766548
-1.0620835,-1.0620835
0.5831683,0.5831683
-0.2039844,-0.2039844
1.0607707,1.0607707
-0.1535027,-0.1535027
0.1424927,0.1424927
0.0445509,0.0445509
0.6093617,0.6093617
-0.3359544,-0.3359544
0.8310341,0.8310341
17.8854279,-10.0
0.7732745,0.7732745
0.17068,0.17068
0.9181457,0.9181457
0.7331892,0.7331892
17.9808273,-10.0
-0.3143931,-0.3143931
1.751675,1.751675
2.0948005,2.0948005
-0.1439378,-0.1439378
1.501314,1.501314
0.7141613,0.7141613
1.9789164,1.9789164
0.764643,0.764643
1.0606384,1.0606384
0.9626966,0.9626966
1.5275074,1.5275074
0.5821913,0.5821913
0.0978449,0.0978449
17.1522387,-10.0
0.0400853,0.0400853
-0.5625092,-0.5625092
0.1849565,0.1849565
-0.7331892,-0.7331892
17.2476381,-10.0
-1.0475823,-1.0475823
1.0184858,1.0184858
1.3616113,1.3616113
-0.877127,-0.877127
0.7681248,0.7681248
-0.0190279,-0.0190279
1.2457272,1.2457272
0.0314538,0.0314538
0.3274492,0.3274492
0.2295074,0.2295074
0.7943182,0.7943182
-0.1509979,-0.1509979
-17.1497932,-10.0
-0.0953994,-0.0953994
-17.2075528,-10.0
-17.8101473,-10.0
-17.0626816,-10.0
-17.9808273,-10.0
-17.2476381,-10.0
-18.2952204,-10.0
-16.2291523,-10.0
-15.8860268,-10.0
-18.1247651,-10.0
-16.4795133,-10.0
-17.266666,-10.0
-16.0019109,-10.0
-17.2161843,-10.0
-16.9201889,-10.0
-17.0181307,-10.0
-16.4533199,-10.0
-17.398636,-10.0
1.1454272,1.1454272
18.199821,-10.0
1.0876676,1.0876676
0.4850731,0.4850731
1.2325388,1.2325388
0.3143931,0.3143931
1.0475823,1.0475823
18.2952204,-10.0
2.0660681,2.0660681
2.4091936,2.4091936
0.1704553,0.1704553
1.8157071,1.8157071
1.0285544,1.0285544
2.2933095,2.2933095
1.0790361,1.0790361
1.3750315,1.3750315
1.2770897,1.2770897
1.8419005,1.8419005
0.8965844,0.8965844
-0.9206409,-0.9206409
16.1337529,-10.0
-0.9784005,-0.9784005
-1.580995,-1.580995
-0.8335293,-0.8335293
-1.751675,-1.751675
-1.0184858,-1.0184858
16.2291523,-10.0
-2.0660681,-2.0660681
0.3431255,0.3431255
-1.8956128,-1.8956128
-0.250361,-0.250361
-1.0375137,-1.0375137
0.2272414,0.2272414
-0.987032,-0.987032
-0.6910366,-0.6910366
-0.7889784,-0.7889784
-0.2241676,-0.2241676
-1.1694837,-1.1694837
-1.2637664,-1.2637664
15.7906274,-10.0
-1.321526,-1.321526
-1.9241205,-1.9241205
-1.1766548,-1.1766548
-2.0948005,-2.0948005
-1.3616113,-1.3616113
15.8860268,-10.0
-2.4091936,-2.4091936
-0.3431255,-0.3431255
-2.2387383,-2.2387383
-0.5934865,-0.5934865
-1.3806392,-1.3806392
-0.1158841,-0.1158841
-1.3301575,-1.3301575
-1.0341621,-1.0341621
-1.1321039,-1.1321039
-0.5672931,-0.5672931
-1.5126092,-1.5126092
0.9749719,0.9749719
18.0293657,-10.0
0.9172123,0.9172123
0.3146178,0.3146178
1.0620835,1.0620835
0.1439378,0.1439378
0.877127,0.877127
18.1247651,-10.0
-0.1704553,-0.1704553
1.8956128,1.8956128
2.2387383,2.2387383
1.6452518,1.6452518
0.8580991,0.8580991
2.1228542,2.1228542
0.9085808,0.9085808
1.2045762,1.2045762
1.1066344,1.1066344
1.6714452,1.6714452
0.7261291,0.7261291
-0.6702799,-0.6702799
16.3841139,-10.0
-0.7280395,-0.7280395
-1.330634,-1.330634
-0.5831683,-0.5831683
-1.501314,-1.501314
-0.7681248,-0.7681248
16.4795133,-10.0
-1.8157071,-1.8157071
0.250361,0.250361
0.5934865,0.5934865
-1.6452518,-1.6452518
-0.7871527,-0.7871527
0.4776024,0.4776024
-0.736671,-0.736671
-0.4406756,-0.4406756
-0.5386174,-0.5386174
0.0261934,0.0261934
-0.9191227,-0.9191227
0.1168728,0.1168728
17.1712666,-10.0
0.0591132,0.0591132
-0.5434813,-0.5434813
0.2039844,0.2039844
-0.7141613,-0.7141613
0.0190279,0.0190279
17.266666,-10.0
-1.0285544,-1.0285544
1.0375137,1.0375137
1.3806392,1.3806392
-0.8580991,-0.8580991
0.7871527,0.7871527
1.2647551,1.2647551
0.0504817,0.0504817
0.3464771,0.3464771
0.2485353,0.2485353
0.8133461,0.8133461
-0.13197,-0.13197
-1.1478823,-1.1478823
15.9065115,-10.0
-1.2056419,-1.2056419
-1.8082364,-1.8082364
-1.0607707,-1.0607707
-1.9789164,-1.9789164
-1.2457272,-1.2457272
16.0019109,-10.0
-2.2933095,-2.2933095
-0.2272414,-0.2272414
0.1158841,0.1158841
-2.1228542,-2.1228542
-0.4776024,-0.4776024
-1.2647551,-1.2647551
-1.2142734,-1.2142734
-0.918278,-0.918278
-1.0162198,-1.0162198
-0.451409,-0.451409
-1.3967251,-1.3967251
0.0663911,0.0663911
17.1207849,-10.0
0.0086315,0.0086315
-0.593963,-0.593963
0.1535027,0.1535027
-0.764643,-0.764643
-0.0314538,-0.0314538
17.2161843,-10.0
-1.0790361,-1.0790361
0.987032,0.987032
1.3301575,1.3301575
-0.9085808,-0.9085808
0.736671,0.736671
-0.0504817,-0.0504817
1.2142734,1.2142734
0.2959954,0.2959954
0.1980536,0.1980536
0.7628644,0.7628644
-0.1824517,-0.1824517
-0.2296043,-0.2296043
16.8247895,-10.0
-0.2873639,-0.2873639
-0.8899584,-0.8899584
-0.1424927,-0.1424927
-1.0606384,-1.0606384
-0.3274492,-0.3274492
16.9201889,-10.0
-1.3750315,-1.3750315
0.6910366,0.6910366
1.0341621,1.0341621
-1.2045762,-1.2045762
0.4406756,0.4406756
-0.3464771,-0.3464771
0.918278,0.918278
-0.2959954,-0.2959954
-0.0979418,-0.0979418
0.466869,0.466869
-0.4784471,-0.4784471
-0.1316625,-0.1316625
16.9227313,-10.0
-0.1894221,-0.1894221
-0.7920166,-0.7920166
-0.0445509,-0.0445509
-0.9626966,-0.9626966
-0.2295074,-0.2295074
17.0181307,-10.0
-1.2770897,-1.2770897
0.7889784,0.7889784
1.1321039,1.1321039
-1.1066344,-1.1066344
0.5386174,0.5386174
-0.2485353,-0.2485353
1.0162198,1.0162198
-0.1980536,-0.1980536
0.0979418,0.0979418
0.5648108,0.5648108
-0.3805053,-0.3805053
-0.6964733,-0.6964733
16.3579205,-10.0
-0.7542329,-0.7542329
-1.3568274,-1.3568274
-0.6093617,-0.6093617
-1.5275074,-1.5275074
-0.7943182,-0.7943182
16.4533199,-10.0
-1.8419005,-1.8419005
0.2241676,0.2241676
0.5672931,0.5672931
-1.6714452,-1.6714452
-0.0261934,-0.0261934
-0.8133461,-0.8133461
0.451409,0.451409
-0.7628644,-0.7628644
-0.466869,-0.466869
-0.5648108,-0.5648108
-0.9453161,-0.9453161
0.2488428,0.2488428
17.3032366,-10.0
0.1910832,0.1910832
-0.4115113,-0.4115113
0.3359544,0.3359544
-0.5821913,-0.5821913
0.1509979,0.1509979
17.398636,-10.0
-0.8965844,-0.8965844
1.1694837,1.1694837
1.5126092,1.5126092
-0.7261291,-0.7261291
0.9191227,0.9191227
0.13197,0.13197
1.3967251,1.3967251
0.1824517,0.1824517
0.4784471,0.4784471
0.3805053,0.3805053
0.9453161,0.9453161
2.4034688,2.4034688
-0.3565862,-0.3565862
-1.3008941,-1.3008941
-0.796501,-0.796501
1.193398,1.193398
-1.2262208,-1.2262208
-0.7151669,-0.7151669
0.0496412,0.0496412
-0.515774,-0.515774
-0.9944503,-0.9944503
0.8740926,0.8740926
2.2181696,2.2181696
-1.3234968,-1.3234968
1.921167,1.921167
-0.1079801,-0.1079801
0.2639339,0.2639339
-0.3898132,-0.3898132
-1.320633,-1.320633
-0.2907712,-0.2907712
-2.4034688,-2.4034688
-2.760055,-2.760055
-3.7043629,-3.7043629
-3.1999698,-3.1999698
-1.2100708,-1.2100708
-3.6296896,-3.6296896
-3.1186357,-3.1186357
-2.3538276,-2.3538276
-2.9192428,-2.9192428
-3.3979191,-3.3979191
-1.5293762,-1.5293762
-0.1852992,-0.1852992
-3.7269656,-3.7269656
-0.4823018,-0.4823018
-2.5114489,-2.5114489
-2.1395349,-2.1395349
-2.793282,-2.793282
-3.7241018,-3.7241018
-2.69424,-2.69424
0.3565862,0.3565862
2.760055,2.760055
-0.9443079,-0.9443079
-0.4399148,-0.4399148
1.5499842,1.5499842
-0.8696346,-0.8696346
-0.3585807,-0.3585807
0.4062274,0.4062274
-0.1591878,-0.1591878
-0.6378641,-0.6378641
1.2306788,1.2306788
2.5747558,2.5747558
-0.9669106,-0.9669106
2.2777532,2.2777532
0.2486061,0.2486061
0.6205201,0.6205201
-0.033227,-0.033227
-0.9640468,-0.9640468
0.065815,0.065815
1.3008941,1.3008941
3.7043629,3.7043629
0.9443079,0.9443079
0.5043931,0.5043931
2.4942921,2.4942921
0.0746733,0.0746733
0.5857272,0.5857272
1.3505353,1.3505353
0.7851201,0.7851201
0.3064438,0.3064438
2.1749867,2.1749867
3.5190637,3.5190637
-0.0226027,-0.0226027
3.2220611,3.2220611
1.192914,1.192914
1.564828,1.564828
0.9110809,0.9110809
-0.0197389,-0.0197389
1.0101229,1.0101229
0.796501,0.796501
3.1999698,3.1999698
0.4399148,0.4399148
-0.5043931,-0.5043931
1.989899,1.989899
-0.4297198,-0.4297198
0.0813341,0.0813341
0.8461422,0.8461422
0.280727,0.280727
-0.1979493,-0.1979493
1.6705936,1.6705936
3.0146706,3.0146706
-0.5269958,-0.5269958
2.717668,2.717668
0.6885209,0.6885209
1.0604349,1.0604349
0.4066878,0.4066878
-0.524132,-0.524132
0.5057298,0.5057298
-1.193398,-1.193398
1.2100708,1.2100708
-1.5499842,-1.5499842
-2.4942921,-2.4942921
-1.989899,-1.989899
-2.4196188,-2.4196188
-1.9085649,-1.9085649
-1.1437568,-1.1437568
-1.709172,-1.709172
-2.1878483,-2.1878483
-0.3193054,-0.3193054
1.0247716,1.0247716
-2.5168948,-2.5168948
0.727769,0.727769
-1.3013781,-1.3013781
-0.9294641,-0.9294641
-1.5832112,-1.5832112
-2.514031,-2.514031
-1.4841692,-1.4841692
1.2262208,1.2262208
3.6296896,3.6296896
0.8696346,0.8696346
-0.0746733,-0.0746733
0.4297198,0.4297198
2.4196188,2.4196188
0.5110539,0.5110539
1.275862,1.275862
0.7104468,0.7104468
0.2317705,0.2317705
2.1003134,2.1003134
3.4443904,3.4443904
-0.097276,-0.097276
3.1473878,3.1473878
1.1182407,1.1182407
1.4901547,1.4901547
0.8364076,0.8364076
-0.0944122,-0.0944122
0.9354496,0.9354496
0.7151669,0.7151669
3.1186357,3.1186357
0.3585807,0.3585807
-0.5857272,-0.5857272
-0.0813341,-0.0813341
1.9085649,1.9085649
-0.5110539,-0.5110539
0.7648081,0.7648081
0.1993929,0.1993929
-0.2792834,-0.2792834
1.5892595,1.5892595
2.9333365,2.9333365
-0.6083299,-0.6083299
2.6363339,2.6363339
0.6071868,0.6071868
0.9791008,0.9791008
0.3253537,0.3253537
-0.6054661,-0.6054661
0.4243957,0.4243957
-0.0496412,-0.0496412
2.3538276,2.3538276
-0.4062274,-0.4062274
-1.3505353,-1.3505353
-0.8461422,-0.8461422
1.1437568,1.1437568
-1.275862,-1.275862
-0.7648081,-0.7648081
-0.5654152,-0.5654152
-1.0440915,-1.0440915
0.8244514,0.8244514
2.1685284,2.1685284
-1.373138,-1.373138
1.8715258,1.8715258
-0.1576213,-0.1576213
0.2142927,0.2142927
-0.4394544,-0.4394544
-1.3702742,-1.3702742
-0.3404124,-0.3404124
0.515774,0.515774
2.9192428,2.9192428
0.1591878,0.1591878
-0.7851201,-0.7851201
-0.280727,-0.280727
1.709172,1.709172
-0.7104468,-0.7104468
-0.1993929,-0.1993929
0.5654152,0.5654152
-0.4786763,-0.4786763
1.3898666,1.3898666
2.7339436,2.7339436
-0.8077228,-0.8077228
2.436941,2.436941
0.4077939,0.4077939
0.7797079,0.7797079
0.1259608,0.1259608
-0.804859,-0.804859
0.2250028,0.2250028
0.9944503,0.9944503
3.3979191,3.3979191
0.6378641,0.6378641
-0.3064438,-0.3064438
0.1979493,0.1979493
2.1878483,2.1878483
-0.2317705,-0.2317705
0.2792834,0.2792834
1.0440915,1.0440915
0.4786763,0.4786763
1.8685429,1.8685429
3.2126199,3.2126199
-0.3290465,-0.3290465
2.9156173,2.9156173
0.8864702,0.8864702
1.2583842,1.2583842
0.6046371,0.6046371
-0.3261827,-0.3261827
0.7036791,0.7036791
-0.8740926,-0.8740926
1.5293762,1.5293762
-1.2306788,-1.2306788
-2.1749867,-2.1749867
-1.6705936,-1.6705936
0.3193054,0.3193054
-2.1003134,-2.1003134
-1.5892595,-1.5892595
-0.8244514,-0.8244514
-1.3898666,-1.3898666
-1.8685429,-1.8685429
1.344077,1.344077
-2.1975894,-2.1975894
1.0470744,1.0470744
-0.9820727,-0.9820727
-0.6101587,-0.6101587
-1.2639058,-1.2639058
-2.1947256,-2.1947256
-1.1648638,-1.1648638
-2.2181696,-2.2181696
0.1852992,0.1852992
-2.5747558,-2.5747558
-3.5190637,-3.5190637
-3.0146706,-3.0146706
-1.0247716,-1.0247716
-3.4443904,-3.4443904
-2.9333365,-2.9333365
-2.1685284,-2.1685284
-2.7339436,-2.7339436
-3.2126199,-3.2126199
-1.344077,-1.344077
-3.5416664,-3.5416664
-0.2970026,-0.2970026
-2.3261497,-2.3261497
-1.9542357,-1.9542357
-2.6079828,-2.6079828
-3.5388026,-3.5388026
-2.5089408,-2.5089408
1.3234968,1.3234968
3.7269656,3.7269656
0.9669106,0.9669106
0.0226027,0.0226027
0.5269958,0.5269958
2.5168948,2.5168948
0.097276,0.097276
0.6083299,0.6083299
1.373138,1.373138
0.8077228,0.8077228
0.3290465,0.3290465
2.1975894,2.1975894
3.5416664,3.5416664
3.2446638,3.2446638
1.2155167,1.2155167
1.5874307,1.5874307
0.9336836,0.9336836
0.0028638,0.0028638
1.0327256,1.0327256
-1.921167,-1.921167
0.4823018,0.4823018
-2.2777532,-2.2777532
-3.2220611,-3.2220611
-2.717668,-2.717668
-0.727769,-0.727769
-3.1473878,-3.1473878
-2.6363339,-2.6363339
-1.8715258,-1.8715258
-2.436941,-2.436941
-2.9156173,-2.9156173
-1.0470744,-1.0470744
0.2970026,0.2970026
-3.2446638,-3.2446638
-2.0291471,-2.0291471
-1.6572331,-1.6572331
-2.3109802,-2.3109802
-3.2418,-3.2418
-2.2119382,-2.2119382
0.1079801,0.1079801
2.5114489,2.5114489
-0.2486061,-0.2486061
-1.192914,-1.192914
-0.6885209,-0.6885209
1.3013781,1.3013781
-1.1182407,-1.1182407
-0.6071868,-0.6071868
0.1576213,0.1576213
-0.4077939,-0.4077939
-0.8864702,-0.8864702
0.9820727,0.9820727
2.3261497,2.3261497
-1.2155167,-1.2155167
2.0291471,2.0291471
0.371914,0.371914
-0.2818331,-0.2818331
-1.2126529,-1.2126529
-0.1827911,-0.1827911
-0.2639339,-0.2639339
2.1395349,2.1395349
-0.6205201,-0.6205201
-1.564828,-1.564828
-1.0604349,-1.0604349
0.9294641,0.9294641
-1.4901547,-1.4901547
-0.9791008,-0.9791008
-0.2142927,-0.2142927
-0.7797079,-0.7797079
-1.2583842,-1.2583842
0.6101587,0.6101587
1.9542357,1.9542357
-1.5874307,-1.5874307
1.6572331,1.6572331
-0.371914,-0.371914
-0.6537471,-0.6537471
-1.5845669,-1.5845669
-0.5547051,-0.5547051
0.3898132,0.3898132
2.793282,2.793282
0.033227,0.033227
-0.9110809,-0.9110809
-0.4066878,-0.4066878
1.5832112,1.5832112
-0.8364076,-0.8364076
-0.3253537,-0.3253537
0.4394544,0.4394544
-0.1259608,-0.1259608
-0.6046371,-0.6046371
1.2639058,1.2639058
2.6079828,2.6079828
-0.9336836,-0.9336836
2.3109802,2.3109802
0.2818331,0.2818331
0.6537471,0.6537471
-0.9308198,-0.9308198
0.099042,0.099042
1.320633,1.320633
3.7241018,3.7241018
0.9640468,0.9640468
0.0197389,0.0197389
0.524132,0.524132
2.514031,2.514031
0.0944122,0.0944122
0.6054661,0.6054661
1.3702742,1.3702742
0.804859,0.804859
0.3261827,0.3261827
2.1947256,2.1947256
3.5388026,3.5388026
-0.0028638,-0.0028638
3.2418,3.2418
1.2126529,1.2126529
1.5845669,1.5845669
0.9308198,0.9308198
1.0298618,1.0298618
0.2907712,0.2907712
2.69424,2.69424
-0.065815,-0.065815
-1.0101229,-1.0101229
-0.5057298,-0.5057298
1.4841692,1.4841692
-0.9354496,-0.9354496
-0.4243957,-0.4243957
0.3404124,0.3404124
-0.2250028,-0.2250028
-0.7036791,-0.7036791
1.1648638,1.1648638
2.5089408,2.5089408
-1.0327256,-1.0327256
2.2119382,2.2119382
0.1827911,0.1827911
0.5547051,0.5547051
-0.099042,-0.099042
-1.0298618,-1.0298618
4.8270656,4.8270656
-1.5201315,-1.5201315
-1.4054209,-1.4054209
-0.9586716,-0.9586716
3.2138903,3.2138903
2.4063012,2.4063012
-1.9263711,-1.9263711
-1.2889583,-1.2889583
-0.9859624,-0.9859624
-1.3039381,-1.3039381
-1.6574286,-1.6574286
-0.0982654,-0.0982654
0.0182316,0.0182316
1.4023312,1.4023312
-0.9377907,-0.9377907
-1.3922669,-1.3922669
1.0872391,1.0872391
-1.534928,-1.534928
0.5101589,0.5101589
-4.8270656,-4.8270656
-6.3471971,-6.3471971
-6.2324865,-6.2324865
-5.7857372,-5.7857372
-1.6131753,-1.6131753
-2.4207644,-2.4207644
-6.7534367,-6.7534367
-6.1160239,-6.1160239
-5.813028,-5.813028
-6.1310037,-6.1310037
-6.4844942,-6.4844942
-4.925331,-4.925331
-4.808834,-4.808834
-3.4247344,-3.4247344
-5.7648563,-5.7648563
-6.2193325,-6.2193325
-3.7398265,-3.7398265
-6.3619936,-6.3619936
-4.3169067,-4.3169067
1.5201315,1.5201315
6.3471971,6.3471971
0.1147106,0.1147106
0.5614599,0.5614599
4.7340218,4.7340218
3.9264327,3.9264327
-0.4062396,-0.4062396
0.2311732,0.2311732
0.5341691,0.5341691
0.2161934,0.2161934
-0.1372971,-0.1372971
1.4218661,1.4218661
1.5383631,1.5383631
2.9224627,2.9224627
0.5823408,0.5823408
0.1278646,0.1278646
2.6073706,2.6073706
-0.0147965,-0.0147965
2.0302904,2.0302904
1.4054209,1.4054209
6.2324865,6.2324865
-0.1147106,-0.1147106
0.4467493,0.4467493
4.6193112,4.6193112
3.8117221,3.8117221
-0.5209502,-0.5209502
0.1164626,0.1164626
0.4194585,0.4194585
0.1014828,0.1014828
-0.2520077,-0.2520077
1.3071555,1.3071555
1.4236525,1.4236525
2.8077521,2.8077521
0.4676302,0.4676302
0.013154,0.013154
2.49266,2.49266
-0.1295071,-0.1295071
1.9155798,1.9155798
0.9586716,0.9586716
5.7857372,5.7857372
-0.5614599,-0.5614599
-0.4467493,-0.4467493
4.1725619,4.1725619
3.3649728,3.3649728
-0.9676995,-0.9676995
-0.3302867,-0.3302867
-0.0272908,-0.0272908
-0.3452665,-0.3452665
-0.698757,-0.698757
0.8604062,0.8604062
0.9769032,0.9769032
2.3610028,2.3610028
0.0208809,0.0208809
-0.4335953,-0.4335953
2.0459107,2.0459107
-0.5762564,-0.5762564
1.4688305,1.4688305
-3.2138903,-3.2138903
1.6131753,1.6131753
-4.7340218,-4.7340218
-4.6193112,-4.6193112
-4.1725619,-4.1725619
-0.8075891,-0.8075891
-5.1402614,-5.1402614
-4.5028486,-4.5028486
-4.1998527,-4.1998527
-4.5178284,-4.5178284
-4.8713189,-4.8713189
-3.3121557,-3.3121557
-3.1956587,-3.1956587
-1.8115591,-1.8115591
-4.151681,-4.151681
-4.6061572,-4.6061572
-2.1266512,-2.1266512
-4.7488183,-4.7488183
-2.7037314,-2.7037314
-2.4063012,-2.4063012
2.4207644,2.4207644
-3.9264327,-3.9264327
-3.8117221,-3.8117221
-3.3649728,-3.3649728
0.8075891,0.8075891
-4.3326723,-4.3326723
-3.6952595,-3.6952595
-3.3922636,-3.3922636
-3.7102393,-3.7102393
-4.0637298,-4.0637298
-2.5045666,-2.5045666
-2.3880696,-2.3880696
-1.00397,-1.00397
-3.3440919,-3.3440919
-3.7985681,-3.7985681
-1.3190621,-1.3190621
-3.9412292,-3.9412292
-1.8961423,-1.8961423
1.9263711,1.9263711
6.7534367,6.7534367
0.4062396,0.4062396
0.5209502,0.5209502
0.9676995,0.9676995
5.1402614,5.1402614
4.3326723,4.3326723
0.6374128,0.6374128
0.9404087,0.9404087
0.622433,0.622433
0.2689425,0.2689425
1.8281057,1.8281057
1.9446027,1.9446027
3.3287023,3.3287023
0.9885804,0.9885804
0.5341042,0.5341042
3.0136102,3.0136102
0.3914431,0.3914431
2.43653,2.43653
1.2889583,1.2889583
6.1160239,6.1160239
-0.2311732,-0.2311732
-0.1164626,-0.1164626
0.3302867,0.3302867
4.5028486,4.5028486
3.6952595,3.6952595
-0.6374128,-0.6374128
0.3029959,0.3029959
-0.0149798,-0.0149798
-0.3684703,-0.3684703
1.1906929,1.1906929
1.3071899,1.3071899
2.6912895,2.6912895
0.3511676,0.3511676
-0.1033086,-0.1033086
2.3761974,2.3761974
-0.2459697,-0.2459697
1.7991172,1.7991172
0.9859624,0.9859624
5.813028,5.813028
-0.5341691,-0.5341691
-0.4194585,-0.4194585
0.0272908,0.0272908
4.1998527,4.1998527
3.3922636,3.3922636
-0.9404087,-0.9404087
-0.3029959,-0.3029959
-0.3179757,-0.3179757
-0.6714662,-0.6714662
0.887697,0.887697
1.004194,1.004194
2.3882936,2.3882936
0.0481717,0.0481717
-0.4063045,-0.4063045
2.0732015,2.0732015
-0.5489656,-0.5489656
1.4961213,1.4961213
1.3039381,1.3039381
6.1310037,6.1310037
-0.2161934,-0.2161934
-0.1014828,-0.1014828
0.3452665,0.3452665
4.5178284,4.5178284
3.7102393,3.7102393
-0.622433,-0.622433
0.0149798,0.0149798
0.3179757,0.3179757
-0.3534905,-0.3534905
1.2056727,1.2056727
1.3221697,1.3221697
2.7062693,2.7062693
0.3661474,0.3661474
-0.0883288,-0.0883288
2.3911772,2.3911772
-0.2309899,-0.2309899
1.814097,1.814097
1.6574286,1.6574286
6.4844942,6.4844942
0.1372971,0.1372971
0.2520077,0.2520077
0.698757,0.698757
4.8713189,4.8713189
4.0637298,4.0637298
-0.2689425,-0.2689425
0.3684703,0.3684703
0.6714662,0.6714662
0.3534905,0.3534905
1.5591632,1.5591632
1.6756602,1.6756602
3.0597598,3.0597598
0.7196379,0.7196379
0.2651617,0.2651617
2.7446677,2.7446677
0.1225006,0.1225006
2.1675875,2.1675875
0.0982654,0.0982654
4.925331,4.925331
-1.4218661,-1.4218661
-1.3071555,-1.3071555
-0.8604062,-0.8604062
3.3121557,3.3121557
2.5045666,2.5045666
-1.8281057,-1.8281057
-1.1906929,-1.1906929
-0.887697,-0.887697
-1.2056727,-1.2056727
-1.5591632,-1.5591632
0.116497,0.116497
1.5005966,1.5005966
-0.8395253,-0.8395253
-1.2940015,-1.2940015
1.1855045,1.1855045
-1.4366626,-1.4366626
0.6084243,0.6084243
-0.0182316,-0.0182316
4.808834,4.808834
-1.5383631,-1.5383631
-1.4236525,-1.4236525
-0.9769032,-0.9769032
3.1956587,3.1956587
2.3880696,2.3880696
-1.9446027,-1.9446027
-1.3071899,-1.3071899
-1.004194,-1.004194
-1.3221697,-1.3221697
-1.6756602,-1.6756602
-0.116497,-0.116497
1.3840996,1.3840996
-0.9560223,-0.9560223
-1.4104985,-1.4104985
1.0690075,1.0690075
-1.5531596,-1.5531596
0.4919273,0.4919273
-1.4023312,-1.4023312
3.4247344,3.4247344
-2.9224627,-2.9224627
-2.8077521,-2.8077521
-2.3610028,-2.3610028
1.8115591,1.8115591
1.00397,1.00397
-3.3287023,-3.3287023
-2.6912895,-2.6912895
-2.3882936,-2.3882936
-2.7062693,-2.7062693
-3.0597598,-3.0597598
-1.5005966,-1.5005966
-1.3840996,-1.3840996
-2.3401219,-2.3401219
-2.7945981,-2.7945981
-0.3150921,-0.3150921
-2.9372592,-2.9372592
-0.8921723,-0.8921723
0.9377907,0.9377907
5.7648563,5.7648563
-0.5823408,-0.5823408
-0.4676302,-0.4676302
-0.0208809,-0.0208809
4.151681,4.151681
3.3440919,3.3440919
-0.9885804,-0.9885804
-0.3511676,-0.3511676
-0.0481717,-0.0481717
-0.3661474,-0.3661474
-0.7196379,-0.7196379
0.8395253,0.8395253
0.9560223,0.9560223
2.3401219,2.3401219
-0.4544762,-0.4544762
2.0250298,2.0250298
-0.5971373,-0.5971373
1.4479496,1.4479496
1.3922669,1.3922669
6.2193325,6.2193325
-0.1278646,-0.1278646
-0.013154,-0.013154
0.4335953,0.4335953
4.6061572,4.6061572
3.7985681,3.7985681
-0.5341042,-0.5341042
0.1033086,0.1033086
0.4063045,0.4063045
0.0883288,0.0883288
-0.2651617,-0.2651617
1.2940015,1.2940015
1.4104985,1.4104985
2.7945981,2.7945981
0.4544762,0.4544762
2.479506,2.479506
-0.1426611,-0.1426611
1.9024258,1.9024258
-1.0872391,-1.0872391
3.7398265,3.7398265
-2.6073706,-2.6073706
-2.49266,-2.49266
-2.0459107,-2.0459107
2.1266512,2.1266512
1.3190621,1.3190621
-3.0136102,-3.0136102
-2.3761974,-2.3761974
-2.0732015,-2.0732015
-2.3911772,-2.3911772
-2.7446677,-2.7446677
-1.1855045,-1.1855045
-1.0690075,-1.0690075
0.3150921,0.3150921
-2.0250298,-2.0250298
-2.479506,-2.479506
-2.6221671,-2.6221671
-0.5770802,-0.5770802
1.534928,1.534928
6.3619936,6.3619936
0.0147965,0.0147965
0.1295071,0.1295071
0.5762564,0.5762564
4.7488183,4.7488183
3.9412292,3.9412292
-0.3914431,-0.3914431
0.2459697,0.2459697
0.5489656,0.5489656
0.2309899,0.2309899
-0.1225006,-0.1225006
1.4366626,1.4366626
1.5531596,1.5531596
2.9372592,2.9372592
0.5971373,0.5971373
0.1426611,0.1426611
2.6221671,2.6221671
2.0450869,2.0450869
-0.5101589,-0.5101589
4.3169067,4.3169067
-2.0302904,-2.0302904
-1.9155798,-1.9155798
-1.4688305,-1.4688305
2.7037314,2.7037314
1.8961423,1.8961423
-2.43653,-2.43653
-1.7991172,-1.7991172
-1.4961213,-1.4961213
-1.814097,-1.814097
-2.1675875,-2.1675875
-0.6084243,-0.6084243
-0.4919273,-0.4919273
0.8921723,0.8921723
-1.4479496,-1.4479496
-1.9024258,-1.9024258
0.5770802,0.5770802
-2.0450869,-2.0450869
2.2522871,2.2522871
3.0846795,3.0846795
1.5041241,1.5041241
-0.4153623,-0.4153623
2.9539587,2.9539587
2.0429977,2.0429977
-0.7949286,-0.7949286
0.244929,0.244929
0.0500562,0.0500562
-1.9061362,-1.9061362
21.0,-10.0
3.5488585,3.5488585
0.3381266,0.3381266
3.3822616,3.3822616
2.5073014,2.5073014
3.765348,3.765348
1.4973492,1.4973492
9.8169645,9.8169645
1.2091408,1.2091408
-2.2522871,-2.2522871
0.8323924,0.8323924
-0.748163,-0.748163
-2.6676494,-2.6676494
0.7016716,0.7016716
-0.2092894,-0.2092894
-3.0472157,-3.0472157
-2.0073581,-2.0073581
-2.2022309,-2.2022309
-4.1584233,-4.1584233
18.7477129,-10.0
1.2965714,1.2965714
-1.9141605,-1.9141605
1.1299745,1.1299745
0.2550143,0.2550143
1.5130609,1.5130609
-0.7549379,-0.7549379
7.5646774,7.5646774
-1.0431463,-1.0431463
-3.0846795,-3.0846795
-0.8323924,-0.8323924
-1.5805554,-1.5805554
-3.5000418,-3.5000418
-0.1307208,-0.1307208
-1.0416818,-1.0416818
-3.8796081,-3.8796081
-2.8397505,-2.8397505
-3.0346233,-3.0346233
-4.9908157,-4.9908157
17.9153205,-10.0
0.464179,0.464179
-2.7465529,-2.7465529
0.2975821,0.2975821
-0.5773781,-0.5773781
0.6806685,0.6806685
-1.5873303,-1.5873303
6.732285,6.732285
-1.8755387,-1.8755387
-1.5041241,-1.5041241
0.748163,0.748163
1.5805554,1.5805554
-1.9194864,-1.9194864
1.4498346,1.4498346
0.5388736,0.5388736
-2.2990527,-2.2990527
-1.2591951,-1.2591951
-1.4540679,-1.4540679
-3.4102603,-3.4102603
19.4958759,-10.0
2.0447344,2.0447344
-1.1659975,-1.1659975
1.8781375,1.8781375
1.0031773,1.0031773
2.2612239,2.2612239
-0.0067749,-0.0067749
8.3128404,8.3128404
-0.2949833,-0.2949833
0.4153623,0.4153623
2.6676494,2.6676494
3.5000418,3.5000418
1.9194864,1.9194864
3.369321,3.369321
2.45836,2.45836
-0.3795663,-0.3795663
0.6602913,0.6602913
0.4654185,0.4654185
-1.4907739,-1.4907739
21.4153623,-10.0
3.9642208,3.9642208
0.7534889,0.7534889
3.7976239,3.7976239
2.9226637,2.9226637
4.1807103,4.1807103
1.9127115,1.9127115
10.2323268,-10.0
1.6245031,1.6245031
-2.9539587,-2.9539587
-0.7016716,-0.7016716
0.1307208,0.1307208
-1.4498346,-1.4498346
-3.369321,-3.369321
-0.910961,-0.910961
-3.7488873,-3.7488873
-2.7090297,-2.7090297
-2.9039025,-2.9039025
-4.8600949,-4.8600949
18.0460413,-10.0
0.5948998,0.5948998
-2.6158321,-2.6158321
0.4283029,0.4283029
-0.4466573,-0.4466573
0.8113893,0.8113893
-1.4566095,-1.4566095
6.8630058,6.8630058
-1.7448179,-1.7448179
-2.0429977,-2.0429977
0.2092894,0.2092894
1.0416818,1.0416818
-0.5388736,-0.5388736
-2.45836,-2.45836
0.910961,0.910961
-2.8379263,-2.8379263
-1.7980687,-1.7980687
-1.9929415,-1.9929415
-3.9491339,-3.9491339
18.9570023,-10.0
1.5058608,1.5058608
-1.7048711,-1.7048711
1.3392639,1.3392639
0.4643037,0.4643037
1.7223503,1.7223503
-0.5456485,-0.5456485
7.7739668,7.7739668
-0.8338569,-0.8338569
0.7949286,0.7949286
3.0472157,3.0472157
3.8796081,3.8796081
2.2990527,2.2990527
0.3795663,0.3795663
3.7488873,3.7488873
2.8379263,2.8379263
1.0398576,1.0398576
0.8449848,0.8449848
-1.1112076,-1.1112076
21.7949286,-10.0
4.3437871,4.3437871
1.1330552,1.1330552
4.1771902,4.1771902
3.30223,3.30223
4.5602766,4.5602766
2.2922778,2.2922778
10.6118931,-10.0
2.0040694,2.0040694
-0.244929,-0.244929
2.0073581,2.0073581
2.8397505,2.8397505
1.2591951,1.2591951
-0.6602913,-0.6602913
2.7090297,2.7090297
1.7980687,1.7980687
-1.0398576,-1.0398576
-0.1948728,-0.1948728
-2.1510652,-2.1510652
20.755071,-10.0
3.3039295,3.3039295
0.0931976,0.0931976
3.1373326,3.1373326
2.2623724,2.2623724
3.520419,3.520419
1.2524202,1.2524202
9.5720355,9.5720355
0.9642118,0.9642118
-0.0500562,-0.0500562
2.2022309,2.2022309
3.0346233,3.0346233
1.4540679,1.4540679
-0.4654185,-0.4654185
2.9039025,2.9039025
1.9929415,1.9929415
-0.8449848,-0.8449848
0.1948728,0.1948728
-1.9561924,-1.9561924
20.9499438,-10.0
3.4988023,3.4988023
0.2880704,0.2880704
3.3322054,3.3322054
2.4572452,2.4572452
3.7152918,3.7152918
1.447293,1.447293
9.7669083,9.7669083
1.1590846,1.1590846
1.9061362,1.9061362
4.1584233,4.1584233
4.9908157,4.9908157
3.4102603,3.4102603
1.4907739,1.4907739
4.8600949,4.8600949
3.9491339,3.9491339
1.1112076,1.1112076
2.1510652,2.1510652
1.9561924,1.9561924
22.9061362,-10.0
5.4549947,5.4549947
2.2442628,2.2442628
5.2883978,5.2883978
4.4134376,4.4134376
5.6714842,5.6714842
3.4034854,3.4034854
11.7231007,-10.0
3.115277,3.115277
-21.0,-10.0
-18.7477129,-10.0
-17.9153205,-10.0
-19.4958759,-10.0
-21.4153623,-10.0
-18.0460413,-10.0
-18.9570023,-10.0
-21.7949286,-10.0
-20.755071,-10.0
-20.9499438,-10.0
-22.9061362,-10.0
-17.4511415,-10.0
-20.6618734,-10.0
-17.6177384,-10.0
-18.4926986,-10.0
-17.234652,-10.0
-19.5026508,-10.0
-11.1830355,-10.0
-19.7908592,-10.0
-3.5488585,-3.5488585
-1.2965714,-1.2965714
-0.464179,-0.464179
-2.0447344,-2.0447344
-3.9642208,-3.9642208
-0.5948998,-0.5948998
-1.5058608,-1.5058608
-4.3437871,-4.3437871
-3.3039295,-3.3039295
-3.4988023,-3.4988023
-5.4549947,-5.4549947
17.4511415,-10.0
-3.2107319,-3.2107319
-0.1665969,-0.1665969
-1.0415571,-1.0415571
0.2164895,0.2164895
-2.0515093,-2.0515093
6.268106,6.268106
-2.3397177,-2.3397177
-0.3381266,-0.3381266
1.9141605,1.9141605
2.7465529,2.7465529
1.1659975,1.1659975
-0.7534889,-0.7534889
2.6158321,2.6158321
1.7048711,1.7048711
-1.1330552,-1.1330552
-0.0931976,-0.0931976
-0.2880704,-0.2880704
-2.2442628,-2.2442628
20.6618734,-10.0
3.2107319,3.2107319
3.044135,3.044135
2.1691748,2.1691748
3.4272214,3.4272214
1.1592226,1.1592226
9.4788379,9.4788379
0.8710142,0.8710142
-3.3822616,-3.3822616
-1.1299745,-1.1299745
-0.2975821,-0.2975821
-1.8781375,-1.8781375
-3.7976239,-3.7976239
-0.4283029,-0.4283029
-1.3392639,-1.3392639
-4.1771902,-4.1771902
-3.1373326,-3.1373326
-3.3322054,-3.3322054
-5.2883978,-5.2883978
17.6177384,-10.0
0.1665969,0.1665969
-3.044135,-3.044135
-0.8749602,-0.8749602
0.3830864,0.3830864
-1.8849124,-1.8849124
6.4347029,6.4347029
-2.1731208,-2.1731208
-2.5073014,-2.5073014
-0.2550143,-0.2550143
0.5773781,0.5773781
-1.0031773,-1.0031773
-2.9226637,-2.9226637
0.4466573,0.4466573
-0.4643037,-0.4643037
-3.30223,-3.30223
-2.2623724,-2.2623724
-2.4572452,-2.4572452
-4.4134376,-4.4134376
18.4926986,-10.0
1.0415571,1.0415571
-2.1691748,-2.1691748
0.8749602,0.8749602
1.2580466,1.2580466
-1.0099522,-1.0099522
7.3096631,7.3096631
-1.2981606,-1.2981606
-3.765348,-3.765348
-1.5130609,-1.5130609
-0.6806685,-0.6806685
-2.2612239,-2.2612239
-4.1807103,-4.1807103
-0.8113893,-0.8113893
-1.7223503,-1.7223503
-4.5602766,-4.5602766
-3.520419,-3.520419
-3.7152918,-3.7152918
-5.6714842,-5.6714842
17.234652,-10.0
-0.2164895,-0.2164895
-3.4272214,-3.4272214
-0.3830864,-0.3830864
-1.2580466,-1.2580466
-2.2679988,-2.2679988
6.0516165,6.0516165
-2.5562072,-2.5562072
-1.4973492,-1.4973492
0.7549379,0.7549379
1.5873303,1.5873303
0.0067749,0.0067749
-1.9127115,-1.9127115
1.4566095,1.4566095
0.5456485,0.5456485
-2.2922778,-2.2922778
-1.2524202,-1.2524202
-1.447293,-1.447293
-3.4034854,-3.4034854
19.5026508,-10.0
2.0515093,2.0515093
-1.1592226,-1.1592226
1.8849124,1.8849124
1.0099522,1.0099522
2.2679988,2.2679988
8.3196153,8.3196153
-0.2882084,-0.2882084
-9.8169645,-9.8169645
-7.5646774,-7.5646774
-6.732285,-6.732285
-8.3128404,-8.3128404
-10.2323268,-10.0
-6.8630058,-6.8630058
-7.7739668,-7.7739668
-10.6118931,-10.0
-9.5720355,-9.5720355
-9.7669083,-9.7669083
-11.7231007,-10.0
11.1830355,-10.0
-6.268106,-6.268106
-9.4788379,-9.4788379
-6.4347029,-6.4347029
-7.3096631,-7.3096631
-6.0516165,-6.0516165
-8.3196153,-8.3196153
-8.6078237,-8.6078237
-1.2091408,-1.2091408
1.0431463,1.0431463
1.8755387,1.8755387
0.2949833,0.2949833
-1.6245031,-1.6245031
1.7448179,1.7448179
0.8338569,0.8338569
-2.0040694,-2.0040694
-0.9642118,-0.9642118
-1.1590846,-1.1590846
-3.115277,-3.115277
19.7908592,-10.0
2.3397177,2.3397177
-0.8710142,-0.8710142
2.1731208,2.1731208
1.2981606,1.2981606
2.5562072,2.5562072
0.2882084,0.2882084
8.6078237,8.6078237
9.4319061,9.4319061
-5.5062119,-5.5062119
-7.0648192,-7.0648192
9.0010701,9.0010701
5.9748662,5.9748662
-4.5269213,-4.5269213
-4.1067179,-4.1067179
-2.5048835,-2.5048835
-3.9046857,-3.9046857
-7.4957673,-7.4957673
-5.2649371,-5.2649371
8.3821934,8.3821934
-4.539461,-4.539461
13.3750797,-10.0
-4.6957029,-4.6957029
-2.4582069,-2.4582069
-1.9857771,-1.9857771
5.6381116,5.6381116
-0.4355071,-0.4355071
-9.4319061,-9.4319061
-14.938118,-10.0
-16.4967253,-10.0
-0.430836,-0.430836
-3.4570399,-3.4570399
-13.9588274,-10.0
-13.538624,-10.0
-11.9367896,-10.0
-13.3365918,-10.0
-16.9276734,-10.0
-14.6968432,-10.0
-1.0497127,-1.0497127
-13.9713671,-10.0
3.9431736,3.9431736
-14.127609,-10.0
-11.890113,-10.0
-11.4176832,-10.0
-3.7937945,-3.7937945
-9.8674132,-9.8674132
5.5062119,5.5062119
14.938118,-10.0
-1.5586073,-1.5586073
14.507282,-10.0
11.4810781,-10.0
0.9792906,0.9792906
1.399494,1.399494
3.0013284,3.0013284
1.6015262,1.6015262
-1.9895554,-1.9895554
0.2412748,0.2412748
13.8884053,-10.0
0.9667509,0.9667509
18.8812916,-10.0
0.810509,0.810509
3.048005,3.048005
3.5204348,3.5204348
11.1443235,-10.0
5.0707048,5.0707048
7.0648192,7.0648192
16.4967253,-10.0
1.5586073,1.5586073
16.0658893,-10.0
13.0396854,-10.0
2.5378979,2.5378979
2.9581013,2.9581013
4.5599357,4.5599357
3.1601335,3.1601335
-0.4309481,-0.4309481
1.7998821,1.7998821
15.4470126,-10.0
2.5253582,2.5253582
20.4398989,-10.0
2.3691163,2.3691163
4.6066123,4.6066123
5.0790421,5.0790421
12.7029308,-10.0
6.6293121,6.6293121
-9.0010701,-9.0010701
0.430836,0.430836
-14.507282,-10.0
-16.0658893,-10.0
-3.0262039,-3.0262039
-13.5279914,-10.0
-13.107788,-10.0
-11.5059536,-10.0
-12.9057558,-10.0
-16.4968374,-10.0
-14.2660072,-10.0
-0.6188767,-0.6188767
-13.5405311,-10.0
4.3740096,4.3740096
-13.696773,-10.0
-11.459277,-10.0
-10.9868472,-10.0
-3.3629585,-3.3629585
-9.4365772,-9.4365772
-5.9748662,-5.9748662
3.4570399,3.4570399
-11.4810781,-10.0
-13.0396854,-10.0
3.0262039,3.0262039
-10.5017875,-10.0
-10.0815841,-10.0
-8.4797497,-8.4797497
-9.8795519,-9.8795519
-13.4706335,-10.0
-11.2398033,-10.0
2.4073272,2.4073272
-10.5143272,-10.0
7.4002135,7.4002135
-10.6705691,-10.0
-8.4330731,-8.4330731
-7.9606433,-7.9606433
-0.3367546,-0.3367546
-6.4103733,-6.4103733
4.5269213,4.5269213
13.9588274,-10.0
-0.9792906,-0.9792906
-2.5378979,-2.5378979
13.5279914,-10.0
10.5017875,-10.0
0.4202034,0.4202034
2.0220378,2.0220378
0.6222356,0.6222356
-2.968846,-2.968846
-0.7380158,-0.7380158
12.9091147,-10.0
-0.0125397,-0.0125397
17.902001,-10.0
-0.1687816,-0.1687816
2.0687144,2.0687144
2.5411442,2.5411442
10.1650329,-10.0
4.0914142,4.0914142
4.1067179,4.1067179
13.538624,-10.0
-1.399494,-1.399494
-2.9581013,-2.9581013
13.107788,-10.0
10.0815841,-10.0
-0.4202034,-0.4202034
1.6018344,1.6018344
0.2020322,0.2020322
-3.3890494,-3.3890494
-1.1582192,-1.1582192
12.4889113,-10.0
-0.4327431,-0.4327431
17.4817976,-10.0
-0.588985,-0.588985
1.648511,1.648511
2.1209408,2.1209408
9.7448295,9.7448295
3.6712108,3.6712108
2.5048835,2.5048835
11.9367896,-10.0
-3.0013284,-3.0013284
-4.5599357,-4.5599357
11.5059536,-10.0
8.4797497,8.4797497
-2.0220378,-2.0220378
-1.6018344,-1.6018344
-1.3998022,-1.3998022
-4.9908838,-4.9908838
-2.7600536,-2.7600536
10.8870769,-10.0
-2.0345775,-2.0345775
15.8799632,-10.0
-2.1908194,-2.1908194
0.0466766,0.0466766
0.5191064,0.5191064
8.1429951,8.1429951
2.0693764,2.0693764
3.9046857,3.9046857
13.3365918,-10.0
-1.6015262,-1.6015262
-3.1601335,-3.1601335
12.9057558,-10.0
9.8795519,9.8795519
-0.6222356,-0.6222356
-0.2020322,-0.2020322
1.3998022,1.3998022
-3.5910816,-3.5910816
-1.3602514,-1.3602514
12.2868791,-10.0
-0.6347753,-0.6347753
17.2797654,-10.0
-0.7910172,-0.7910172
1.4464788,1.4464788
1.9189086,1.9189086
9.5427973,9.5427973
3.4691786,3.4691786
7.4957673,7.4957673
16.9276734,-10.0
1.9895554,1.9895554
0.4309481,0.4309481
16.4968374,-10.0
13.4706335,-10.0
2.968846,2.968846
3.3890494,3.3890494
4.9908838,4.9908838
3.5910816,3.5910816
2.2308302,2.2308302
15.8779607,-10.0
2.9563063,2.9563063
20.870847,-10.0
2.8000644,2.8000644
5.0375604,5.0375604
5.5099902,5.5099902
13.1338789,-10.0
7.0602602,7.0602602
5.2649371,5.2649371
14.6968432,-10.0
-0.2412748,-0.2412748
-1.7998821,-1.7998821
14.2660072,-10.0
11.2398033,-10.0
0.7380158,0.7380158
1.1582192,1.1582192
2.7600536,2.7600536
1.3602514,1.3602514
-2.2308302,-2.2308302
13.6471305,-10.0
0.7254761,0.7254761
18.6400168,-10.0
0.5692342,0.5692342
2.8067302,2.8067302
3.27916,3.27916
10.9030487,-10.0
4.82943,4.82943
-8.3821934,-8.3821934
1.0497127,1.0497127
-13.8884053,-10.0
-15.4470126,-10.0
0.6188767,0.6188767
-2.4073272,-2.4073272
-12.9091147,-10.0
-12.4889113,-10.0
-10.8870769,-10.0
-12.2868791,-10.0
-15.8779607,-10.0
-13.6471305,-10.0
-12.9216544,-10.0
4.9928863,4.9928863
-13.0778963,-10.0
-10.8404003,-10.0
-10.3679705,-10.0
-2.7440818,-2.7440818
-8.8177005,-8.8177005
4.539461,4.539461
13.9713671,-10.0
-0.9667509,-0.9667509
-2.5253582,-2.5253582
13.5405311,-10.0
10.5143272,-10.0
0.0125397,0.0125397
0.4327431,0.4327431
2.0345775,2.0345775
0.6347753,0.6347753
-2.9563063,-2.9563063
-0.7254761,-0.7254761
12.9216544,-10.0
17.9145407,-10.0
-0.1562419,-0.1562419
2.0812541,2.0812541
2.5536839,2.5536839
10.1775726,-10.0
4.1039539,4.1039539
-13.3750797,-10.0
-3.9431736,-3.9431736
-18.8812916,-10.0
-20.4398989,-10.0
-4.3740096,-4.3740096
-7.4002135,-7.4002135
-17.902001,-10.0
-17.4817976,-10.0
-15.8799632,-10.0
-17.2797654,-10.0
-20.870847,-10.0
-18.6400168,-10.0
-4.9928863,-4.9928863
-17.9145407,-10.0
-18.0707826,-10.0
-15.8332866,-10.0
-15.3608568,-10.0
-7.7369681,-7.7369681
-13.8105868,-10.0
4.6957029,4.6957029
14.127609,-10.0
-0.810509,-0.810509
-2.3691163,-2.3691163
13.696773,-10.0
10.6705691,-10.0
0.1687816,0.1687816
0.588985,0.588985
2.1908194,2.1908194
0.7910172,0.7910172
-2.8000644,-2.8000644
-0.5692342,-0.5692342
13.0778963,-10.0
0.1562419,0.1562419
18.0707826,-10.0
2.237496,2.237496
2.7099258,2.7099258
10.3338145,-10.0
4.2601958,4.2601958
2.4582069,2.4582069
11.890113,-10.0
-3.048005,-3.048005
-4.6066123,-4.6066123
11.459277,-10.0
8.4330731,8.4330731
-2.0687144,-2.0687144
-1.648511,-1.648511
-0.0466766,-0.0466766
-1.4464788,-1.4464788
-5.0375604,-5.0375604
-2.8067302,-2.8067302
10.8404003,-10.0
-2.0812541,-2.0812541
15.8332866,-10.0
-2.237496,-2.237496
0.4724298,0.4724298
8.0963185,8.0963185
2.0226998,2.0226998
1.9857771,1.9857771
11.4176832,-10.0
-3.5204348,-3.5204348
-5.0790421,-5.0790421
10.9868472,-10.0
7.9606433,7.9606433
-2.5411442,-2.5411442
-2.1209408,-2.1209408
-0.5191064,-0.5191064
-1.9189086,-1.9189086
-5.5099902,-5.5099902
-3.27916,-3.27916
10.3679705,-10.0
-2.5536839,-2.5536839
15.3608568,-10.0
-2.7099258,-2.7099258
-0.4724298,-0.4724298
7.6238887,7.6238887
1.55027,1.55027
-5.6381116,-5.6381116
3.7937945,3.7937945
-11.1443235,-10.0
-12.7029308,-10.0
3.3629585,3.3629585
0.3367546,0.3367546
-10.1650329,-10.0
-9.7448295,-9.7448295
-8.1429951,-8.1429951
-9.5427973,-9.5427973
-13.1338789,-10.0
-10.9030487,-10.0
2.7440818,2.7440818
-10.1775726,-10.0
7.7369681,7.7369681
-10.3338145,-10.0
-8.0963185,-8.0963185
-7.6238887,-7.6238887
-6.0736187,-6.0736187
0.4355071,0.4355071
9.8674132,9.8674132
-5.0707048,-5.0707048
-6.6293121,-6.6293121
9.4365772,9.4365772
6.4103733,6.4103733
-4.0914142,-4.0914142
-3.6712108,-3.6712108
-2.0693764,-2.0693764
-3.4691786,-3.4691786
-7.0602602,-7.0602602
-4.82943,-4.82943
8.8177005,8.8177005
-4.1039539,-4.1039539
13.8105868,-10.0
-4.2601958,-4.2601958
-2.0226998,-2.0226998
-1.55027,-1.55027
6.0736187,6.0736187
-0.7168686,-0.7168686
-20.9667149,-10.0
-18.9069907,-10.0
-1.1010132,-1.1010132
-14.5058098,-10.0
0.0332843,0.0332843
-0.7466694,-0.7466694
-0.956114,-0.956114
0.0142829,0.0142829
-4.6097328,-4.6097328
0.0248827,0.0248827
-1.8421877,-1.8421877
-0.5744563,-0.5744563
0.0332845,0.0332845
0.0332756,0.0332756
-3.5110077,-3.5110077
0.0204074,0.0204074
-0.0263226,-0.0263226
-2.489322,-2.489322
0.7168686,0.7168686
-20.2498463,-10.0
-18.1901221,-10.0
-0.3841446,-0.3841446
-13.7889412,-10.0
0.7501529,0.7501529
-0.0298008,-0.0298008
-0.2392454,-0.2392454
0.7311515,0.7311515
-3.8928642,-3.8928642
0.7417513,0.7417513
-1.1253191,-1.1253191
0.1424123,0.1424123
0.7501531,0.7501531
0.7501442,0.7501442
-2.7941391,-2.7941391
0.737276,0.737276
0.690546,0.690546
-1.7724534,-1.7724534
20.9667149,-10.0
20.2498463,-10.0
2.0597242,2.0597242
19.8657017,-10.0
6.4609051,6.4609051
20.9999992,-10.0
20.2200455,-10.0
20.0106009,-10.0
20.9809978,-10.0
16.3569821,-10.0
20.9915976,-10.0
19.1245272,-10.0
20.3922586,-10.0
20.9999994,-10.0
20.9999905,-10.0
17.4557072,-10.0
20.9871223,-10.0
20.9403923,-10.0
18.4773929,-10.0
18.9069907,-10.0
18.1901221,-10.0
-2.0597242,-2.0597242
17.8059775,-10.0
4.4011809,4.4011809
18.940275,-10.0
18.1603213,-10.0
17.9508767,-10.0
18.9212736,-10.0
14.2972579,-10.0
18.9318734,-10.0
17.064803,-10.0
18.3325344,-10.0
18.9402752,-10.0
18.9402663,-10.0
15.395983,-10.0
18.9273981,-10.0
18.8806681,-10.0
16.4176687,-10.0
1.1010132,1.1010132
0.3841446,0.3841446
-19.8657017,-10.0
-17.8059775,-10.0
-13.4047966,-10.0
1.1342975,1.1342975
0.3543438,0.3543438
0.1448992,0.1448992
1.1152961,1.1152961
-3.5087196,-3.5087196
1.1258959,1.1258959
-0.7411745,-0.7411745
0.5265569,0.5265569
1.1342977,1.1342977
1.1342888,1.1342888
-2.4099945,-2.4099945
1.1214206,1.1214206
1.0746906,1.0746906
-1.3883088,-1.3883088
14.5058098,-10.0
13.7889412,-10.0
-6.4609051,-6.4609051
-4.4011809,-4.4011809
13.4047966,-10.0
14.5390941,-10.0
13.7591404,-10.0
13.5496958,-10.0
14.5200927,-10.0
9.896077,9.896077
14.5306925,-10.0
12.6636221,-10.0
13.9313535,-10.0
14.5390943,-10.0
14.5390854,-10.0
10.9948021,-10.0
14.5262172,-10.0
14.4794872,-10.0
12.0164878,-10.0
-0.0332843,-0.0332843
-0.7501529,-0.7501529
-20.9999992,-10.0
-18.940275,-10.0
-1.1342975,-1.1342975
-14.5390941,-10.0
-0.7799537,-0.7799537
-0.9893983,-0.9893983
-0.0190014,-0.0190014
-4.6430171,-4.6430171
-0.0084016,-0.0084016
-1.875472,-1.875472
-0.6077406,-0.6077406
1.99999998785e-07,1.99999998785e-07
-8.70000000219e-06,-8.70000000219e-06
-3.544292,-3.544292
-0.0128769,-0.0128769
-0.0596069,-0.0596069
-2.5226063,-2.5226063
0.7466694,0.7466694
0.0298008,0.0298008
-20.2200455,-10.0
-18.1603213,-10.0
-0.3543438,-0.3543438
-13.7591404,-10.0
0.7799537,0.7799537
-0.2094446,-0.2094446
0.7609523,0.7609523
-3.8630634,-3.8630634
0.7715521,0.7715521
-1.0955183,-1.0955183
0.1722131,0.1722131
0.7799539,0.7799539
0.779945,0.779945
-2.7643383,-2.7643383
0.7670768,0.7670768
0.7203468,0.7203468
-1.7426526,-1.7426526
0.956114,0.956114
0.2392454,0.2392454
-20.0106009,-10.0
-17.9508767,-10.0
-0.1448992,-0.1448992
-13.5496958,-10.0
0.9893983,0.9893983
0.2094446,0.2094446
0.9703969,0.9703969
-3.6536188,-3.6536188
0.9809967,0.9809967
-0.8860737,-0.8860737
0.3816577,0.3816577
0.9893985,0.9893985
0.9893896,0.9893896
-2.5548937,-2.5548937
0.9765214,0.9765214
0.9297914,0.9297914
-1.533208,-1.533208
-0.0142829,-0.0142829
-0.7311515,-0.7311515
-20.9809978,-10.0
-18.9212736,-10.0
-1.1152961,-1.1152961
-14.5200927,-10.0
0.0190014,0.0190014
-0.7609523,-0.7609523
-0.9703969,-0.9703969
-4.6240157,-4.6240157
0.0105998,0.0105998
-1.8564706,-1.8564706
-0.5887392,-0.5887392
0.0190016,0.0190016
0.0189927,0.0189927
-3.5252906,-3.5252906
0.0061245,0.0061245
-0.0406055,-0.0406055
-2.5036049,-2.5036049
4.6097328,4.6097328
3.8928642,3.8928642
-16.3569821,-10.0
-14.2972579,-10.0
3.5087196,3.5087196
-9.896077,-9.896077
4.6430171,4.6430171
3.8630634,3.8630634
3.6536188,3.6536188
4.6240157,4.6240157
4.6346155,4.6346155
2.7675451,2.7675451
4.0352765,4.0352765
4.6430173,4.6430173
4.6430084,4.6430084
1.0987251,1.0987251
4.6301402,4.6301402
4.5834102,4.5834102
2.1204108,2.1204108
-0.0248827,-0.0248827
-0.7417513,-0.7417513
-20.9915976,-10.0
-18.9318734,-10.0
-1.1258959,-1.1258959
-14.5306925,-10.0
0.0084016,0.0084016
-0.7715521,-0.7715521
-0.9809967,-0.9809967
-0.0105998,-0.0105998
-4.6346155,-4.6346155
-1.8670704,-1.8670704
-0.599339,-0.599339
0.0084018,0.0084018
0.0083929,0.0083929
-3.5358904,-3.5358904
-0.0044753,-0.0044753
-0.0512053,-0.0512053
-2.5142047,-2.5142047
1.8421877,1.8421877
1.1253191,1.1253191
-19.1245272,-10.0
-17.064803,-10.0
0.7411745,0.7411745
-12.6636221,-10.0
1.875472,1.875472
1.0955183,1.0955183
0.8860737,0.8860737
1.8564706,1.8564706
-2.7675451,-2.7675451
1.8670704,1.8670704
1.2677314,1.2677314
1.8754722,1.8754722
1.8754633,1.8754633
-1.66882,-1.66882
1.8625951,1.8625951
1.8158651,1.8158651
-0.6471343,-0.6471343
0.5744563,0.5744563
-0.1424123,-0.1424123
-20.3922586,-10.0
-18.3325344,-10.0
-0.5265569,-0.5265569
-13.9313535,-10.0
0.6077406,0.6077406
-0.1722131,-0.1722131
-0.3816577,-0.3816577
0.5887392,0.5887392
-4.0352765,-4.0352765
0.599339,0.599339
-1.2677314,-1.2677314
0.6077408,0.6077408
0.6077319,0.6077319
-2.9365514,-2.9365514
0.5948637,0.5948637
0.5481337,0.5481337
-1.9148657,-1.9148657
-0.0332845,-0.0332845
-0.7501531,-0.7501531
-20.9999994,-10.0
-18.9402752,-10.0
-1.1342977,-1.1342977
-14.5390943,-10.0
-1.99999998785e-07,-1.99999998785e-07
-0.7799539,-0.7799539
-0.9893985,-0.9893985
-0.0190016,-0.0190016
-4.6430173,-4.6430173
-0.0084018,-0.0084018
-1.8754722,-1.8754722
-0.6077408,-0.6077408
-8.90000000098e-06,-8.90000000098e-06
-3.5442922,-3.5442922
-0.0128771,-0.0128771
-0.0596071,-0.0596071
-2.5226065,-2.5226065
-0.0332756,-0.0332756
-0.7501442,-0.7501442
-20.9999905,-10.0
-18.9402663,-10.0
-1.1342888,-1.1342888
-14.5390854,-10.0
8.70000000219e-06,8.70000000219e-06
-0.779945,-0.779945
-0.9893896,-0.9893896
-0.0189927,-0.0189927
-4.6430084,-4.6430084
-0.0083929,-0.0083929
-1.8754633,-1.8754633
-0.6077319,-0.6077319
8.90000000098e-06,8.90000000098e-06
-3.5442833,-3.5442833
-0.0128682,-0.0128682
-0.0595982,-0.0595982
-2.5225976,-2.5225976
3.5110077,3.5110077
2.7941391,2.7941391
-17.4557072,-10.0
-15.395983,-10.0
2.4099945,2.4099945
-10.9948021,-10.0
3.544292,3.544292
2.7643383,2.7643383
2.5548937,2.5548937
3.5252906,3.5252906
-1.0987251,-1.0987251
3.5358904,3.5358904
1.66882,1.66882
2.9365514,2.9365514
3.5442922,3.5442922
3.5442833,3.5442833
3.5314151,3.5314151
3.4846851,3.4846851
1.0216857,1.0216857
-0.0204074,-0.0204074
-0.737276,-0.737276
-20.9871223,-10.0
-18.9273981,-10.0
-1.1214206,-1.1214206
-14.5262172,-10.0
0.0128769,0.0128769
-0.7670768,-0.7670768
-0.9765214,-0.9765214
-0.0061245,-0.0061245
-4.6301402,-4.6301402
0.0044753,0.0044753
-1.8625951,-1.8625951
-0.5948637,-0.5948637
0.0128771,0.0128771
0.0128682,0.0128682
-3.5314151,-3.5314151
-0.04673,-0.04673
-2.5097294,-2.5097294
0.0263226,0.0263226
-0.690546,-0.690546
-20.9403923,-10.0
-18.8806681,-10.0
-1.0746906,-1.0746906
-14.4794872,-10.0
0.0596069,0.0596069
-0.7203468,-0.7203468
-0.9297914,-0.9297914
0.0406055,0.0406055
-4.5834102,-4.5834102
0.0512053,0.0512053
-1.8158651,-1.8158651
-0.5481337,-0.5481337
0.0596071,0.0596071
0.0595982,0.0595982
-3.4846851,-3.4846851
0.04673,0.04673
-2.4629994,-2.4629994
2.489322,2.489322
1.7724534,1.7724534
-18.4773929,-10.0
-16.4176687,-10.0
1.3883088,1.3883088
-12.0164878,-10.0
2.5226063,2.5226063
1.7426526,1.7426526
1.533208,1.533208
2.5036049,2.5036049
-2.1204108,-2.1204108
2.5142047,2.5142047
0.6471343,0.6471343
1.9148657,1.9148657
2.5226065,2.5226065
2.5225976,2.5225976
-1.0216857,-1.0216857
2.5097294,2.5097294
2.4629994,2.4629994
-0.6212831,-0.6212831
19.0633298,-10.0
0.1032451,0.1032451
0.3594065,0.3594065
2.2941229,2.2941229
16.3169152,-10.0
-0.8617729,-0.8617729
17.1435549,-10.0
-1.9366702,-1.9366702
0.9235449,0.9235449
18.3490612,-10.0
18.5158993,-10.0
15.4403996,-10.0
16.5881385,-10.0
17.080342,-10.0
4.7104208,4.7104208
-0.8258383,-0.8258383
2.7596843,2.7596843
0.1584981,0.1584981
0.6212831,0.6212831
19.6846129,-10.0
0.7245282,0.7245282
0.9806896,0.9806896
2.915406,2.915406
16.9381983,-10.0
-0.2404898,-0.2404898
17.764838,-10.0
-1.3153871,-1.3153871
1.544828,1.544828
18.9703443,-10.0
19.1371824,-10.0
16.0616827,-10.0
17.2094216,-10.0
17.7016251,-10.0
5.3317039,5.3317039
-0.2045552,-0.2045552
3.3809674,3.3809674
0.7797812,0.7797812
-19.0633298,-10.0
-19.6846129,-10.0
-18.9600847,-10.0
-18.7039233,-10.0
-16.7692069,-10.0
-2.7464146,-2.7464146
-19.9251027,-10.0
-1.9197749,-1.9197749
-21.0,-10.0
-18.1397849,-10.0
-0.7142686,-0.7142686
-0.5474305,-0.5474305
-3.6229302,-3.6229302
-2.4751913,-2.4751913
-1.9829878,-1.9829878
-14.352909,-10.0
-19.8891681,-10.0
-16.3036455,-10.0
-18.9048317,-10.0
-0.1032451,-0.1032451
-0.7245282,-0.7245282
18.9600847,-10.0
0.2561614,0.2561614
2.1908778,2.1908778
16.2136701,-10.0
-0.965018,-0.965018
17.0403098,-10.0
-2.0399153,-2.0399153
0.8202998,0.8202998
18.2458161,-10.0
18.4126542,-10.0
15.3371545,-10.0
16.4848934,-10.0
16.9770969,-10.0
4.6071757,4.6071757
-0.9290834,-0.9290834
2.6564392,2.6564392
0.055253,0.055253
-0.3594065,-0.3594065
-0.9806896,-0.9806896
18.7039233,-10.0
-0.2561614,-0.2561614
1.9347164,1.9347164
15.9575087,-10.0
-1.2211794,-1.2211794
16.7841484,-10.0
-2.2960767,-2.2960767
0.5641384,0.5641384
17.9896547,-10.0
18.1564928,-10.0
15.0809931,-10.0
16.228732,-10.0
16.7209355,-10.0
4.3510143,4.3510143
-1.1852448,-1.1852448
2.4002778,2.4002778
-0.2009084,-0.2009084
-2.2941229,-2.2941229
-2.915406,-2.915406
16.7692069,-10.0
-2.1908778,-2.1908778
-1.9347164,-1.9347164
14.0227923,-10.0
-3.1558958,-3.1558958
14.849432,-10.0
-4.2307931,-4.2307931
-1.370578,-1.370578
16.0549383,-10.0
16.2217764,-10.0
13.1462767,-10.0
14.2940156,-10.0
14.7862191,-10.0
2.4162979,2.4162979
-3.1199612,-3.1199612
0.4655614,0.4655614
-2.1356248,-2.1356248
-16.3169152,-10.0
-16.9381983,-10.0
2.7464146,2.7464146
-16.2136701,-10.0
-15.9575087,-10.0
-14.0227923,-10.0
-17.1786881,-10.0
0.8266397,0.8266397
-18.2535854,-10.0
-15.3933703,-10.0
2.032146,2.032146
2.1989841,2.1989841
-0.8765156,-0.8765156
0.2712233,0.2712233
0.7634268,0.7634268
-11.6064944,-10.0
-17.1427535,-10.0
-13.5572309,-10.0
-16.1584171,-10.0
0.8617729,0.8617729
0.2404898,0.2404898
19.9251027,-10.0
0.965018,0.965018
1.2211794,1.2211794
3.1558958,3.1558958
17.1786881,-10.0
18.0053278,-10.0
-1.0748973,-1.0748973
1.7853178,1.7853178
19.2108341,-10.0
19.3776722,-10.0
16.3021725,-10.0
17.4499114,-10.0
17.9421149,-10.0
5.5721937,5.5721937
0.0359346,0.0359346
3.6214572,3.6214572
1.020271,1.020271
-17.1435549,-10.0
-17.764838,-10.0
1.9197749,1.9197749
-17.0403098,-10.0
-16.7841484,-10.0
-14.849432,-10.0
-0.8266397,-0.8266397
-18.0053278,-10.0
-19.0802251,-10.0
-16.22001,-10.0
1.2055063,1.2055063
1.3723444,1.3723444
-1.7031553,-1.7031553
-0.5554164,-0.5554164
-0.0632129,-0.0632129
-12.4331341,-10.0
-17.9693932,-10.0
-14.3838706,-10.0
-16.9850568,-10.0
1.9366702,1.9366702
1.3153871,1.3153871
21.0,-10.0
2.0399153,2.0399153
2.2960767,2.2960767
4.2307931,4.2307931
18.2535854,-10.0
1.0748973,1.0748973
19.0802251,-10.0
2.8602151,2.8602151
20.2857314,-10.0
20.4525695,-10.0
17.3770698,-10.0
18.5248087,-10.0
19.0170122,-10.0
6.647091,6.647091
1.1108319,1.1108319
4.6963545,4.6963545
2.0951683,2.0951683
-0.9235449,-0.9235449
-1.544828,-1.544828
18.1397849,-10.0
-0.8202998,-0.8202998
-0.5641384,-0.5641384
1.370578,1.370578
15.3933703,-10.0
-1.7853178,-1.7853178
16.22001,-10.0
-2.8602151,-2.8602151
17.4255163,-10.0
17.5923544,-10.0
14.5168547,-10.0
15.6645936,-10.0
16.1567971,-10.0
3.7868759,3.7868759
-1.7493832,-1.7493832
1.8361394,1.8361394
-0.7650468,-0.7650468
-18.3490612,-10.0
-18.9703443,-10.0
0.7142686,0.7142686
-18.2458161,-10.0
-17.9896547,-10.0
-16.0549383,-10.0
-2.032146,-2.032146
-19.2108341,-10.0
-1.2055063,-1.2055063
-20.2857314,-10.0
-17.4255163,-10.0
0.1668381,0.1668381
-2.9086616,-2.9086616
-1.7609227,-1.7609227
-1.2687192,-1.2687192
-13.6386404,-10.0
-19.1748995,-10.0
-15.5893769,-10.0
-18.1905631,-10.0
-18.5158993,-10.0
-19.1371824,-10.0
0.5474305,0.5474305
-18.4126542,-10.0
-18.1564928,-10.0
-16.2217764,-10.0
-2.1989841,-2.1989841
-19.3776722,-10.0
-1.3723444,-1.3723444
-20.4525695,-10.0
-17.5923544,-10.0
-0.1668381,-0.1668381
-3.0754997,-3.0754997
-1.9277608,-1.9277608
-1.4355573,-1.4355573
-13.8054785,-10.0
-19.3417376,-10.0
-15.756215,-10.0
-18.3574012,-10.0
-15.4403996,-10.0
-16.0616827,-10.0
3.6229302,3.6229302
-15.3371545,-10.0
-15.0809931,-10.0
-13.1462767,-10.0
0.8765156,0.8765156
-16.3021725,-10.0
1.7031553,1.7031553
-17.3770698,-10.0
-14.5168547,-10.0
2.9086616,2.9086616
3.0754997,3.0754997
1.1477389,1.1477389
1.6399424,1.6399424
-10.7299788,-10.0
-16.2662379,-10.0
-12.6807153,-10.0
-15.2819015,-10.0
-16.5881385,-10.0
-17.2094216,-10.0
2.4751913,2.4751913
-16.4848934,-10.0
-16.228732,-10.0
-14.2940156,-10.0
-0.2712233,-0.2712233
-17.4499114,-10.0
0.5554164,0.5554164
-18.5248087,-10.0
-15.6645936,-10.0
1.7609227,1.7609227
1.9277608,1.9277608
-1.1477389,-1.1477389
0.4922035,0.4922035
-11.8777177,-10.0
-17.4139768,-10.0
-13.8284542,-10.0
-16.4296404,-10.0
-17.080342,-10.0
-17.7016251,-10.0
1.9829878,1.9829878
-16.9770969,-10.0
-16.7209355,-10.0
-14.7862191,-10.0
-0.7634268,-0.7634268
-17.9421149,-10.0
0.0632129,0.0632129
-19.0170122,-10.0
-16.1567971,-10.0
1.2687192,1.2687192
1.4355573,1.4355573
-1.6399424,-1.6399424
-0.4922035,-0.4922035
-12.3699212,-10.0
-17.9061803,-10.0
-14.3206577,-10.0
-16.9218439,-10.0
-4.7104208,-4.7104208
-5.3317039,-5.3317039
14.352909,-10.0
-4.6071757,-4.6071757
-4.3510143,-4.3510143
-2.4162979,-2.4162979
11.6064944,-10.0
-5.5721937,-5.5721937
12.4331341,-10.0
-6.647091,-6.647091
-3.7868759,-3.7868759
13.6386404,-10.0
13.8054785,-10.0
10.7299788,-10.0
11.8777177,-10.0
12.3699212,-10.0
-5.5362591,-5.5362591
-1.9507365,-1.9507365
-4.5519227,-4.5519227
0.8258383,0.8258383
0.2045552,0.2045552
19.8891681,-10.0
0.9290834,0.9290834
1.1852448,1.1852448
3.1199612,3.1199612
17.1427535,-10.0
-0.0359346,-0.0359346
17.9693932,-10.0
-1.1108319,-1.1108319
1.7493832,1.7493832
19.1748995,-10.0
19.3417376,-10.0
16.2662379,-10.0
17.4139768,-10.0
17.9061803,-10.0
5.5362591,5.5362591
3.5855226,3.5855226
0.9843364,0.9843364
-2.7596843,-2.7596843
-3.3809674,-3.3809674
16.3036455,-10.0
-2.6564392,-2.6564392
-2.4002778,-2.4002778
-0.4655614,-0.4655614
13.5572309,-10.0
-3.6214572,-3.6214572
14.3838706,-10.0
-4.6963545,-4.6963545
-1.8361394,-1.8361394
15.5893769,-10.0
15.756215,-10.0
12.6807153,-10.0
13.8284542,-10.0
14.3206577,-10.0
1.9507365,1.9507365
-3.5855226,-3.5855226
-2.6011862,-2.6011862
-0.1584981,-0.1584981
-0.7797812,-0.7797812
18.9048317,-10.0
-0.055253,-0.055253
0.2009084,0.2009084
2.1356248,2.1356248
16.1584171,-10.0
-1.020271,-1.020271
16.9850568,-10.0
-2.0951683,-2.0951683
0.7650468,0.7650468
18.1905631,-10.0
18.3574012,-10.0
15.2819015,-10.0
16.4296404,-10.0
16.9218439,-10.0
4.5519227,4.5519227
-0.9843364,-0.9843364
2.6011862,2.6011862
-1.2658355,-1.2658355
16.8923185,-10.0
0.0390918,0.0390918
-1.5155677,-1.5155677
18.6404144,-10.0
18.6882208,-10.0
-3.5492676,-3.5492676
16.1498458,-10.0
-0.9377562,-0.9377562
-1.2926702,-1.2926702
11.3183089,-10.0
9.8776196,9.8776196
-0.6948361,-0.6948361
2.7836331,2.7836331
12.5155632,-10.0
-1.1332286,-1.1332286
-2.3117792,-2.3117792
2.201959,2.201959
-4.1984005,-4.1984005
1.2658355,1.2658355
18.158154,-10.0
1.3049273,1.3049273
-0.2497322,-0.2497322
19.9062499,-10.0
19.9540563,-10.0
-2.2834321,-2.2834321
17.4156813,-10.0
0.3280793,0.3280793
-0.0268347,-0.0268347
12.5841444,-10.0
11.1434551,-10.0
0.5709994,0.5709994
4.0494686,4.0494686
13.7813987,-10.0
0.1326069,0.1326069
-1.0459437,-1.0459437
3.4677945,3.4677945
-2.932565,-2.932565
-16.8923185,-10.0
-18.158154,-10.0
-16.8532267,-10.0
-18.4078862,-10.0
1.7480959,1.7480959
1.7959023,1.7959023
-20.4415861,-10.0
-0.7424727,-0.7424727
-17.8300747,-10.0
-18.1849887,-10.0
-5.5740096,-5.5740096
-7.0146989,-7.0146989
-17.5871546,-10.0
-14.1086854,-10.0
-4.3767553,-4.3767553
-18.0255471,-10.0
-19.2040977,-10.0
-14.6903595,-10.0
-21.090719,-10.0
-0.0390918,-0.0390918
-1.3049273,-1.3049273
16.8532267,-10.0
-1.5546595,-1.5546595
18.6013226,-10.0
18.649129,-10.0
-3.5883594,-3.5883594
16.110754,-10.0
-0.976848,-0.976848
-1.331762,-1.331762
11.2792171,-10.0
9.8385278,9.8385278
-0.7339279,-0.7339279
2.7445413,2.7445413
12.4764714,-10.0
-1.1723204,-1.1723204
-2.350871,-2.350871
2.1628672,2.1628672
-4.2374923,-4.2374923
1.5155677,1.5155677
0.2497322,0.2497322
18.4078862,-10.0
1.5546595,1.5546595
20.1559821,-10.0
20.2037885,-10.0
-2.0336999,-2.0336999
17.6654135,-10.0
0.5778115,0.5778115
0.2228975,0.2228975
12.8338766,-10.0
11.3931873,-10.0
0.8207316,0.8207316
4.2992008,4.2992008
14.0311309,-10.0
0.3823391,0.3823391
-0.7962115,-0.7962115
3.7175267,3.7175267
-2.6828328,-2.6828328
-18.6404144,-10.0
-19.9062499,-10.0
-1.7480959,-1.7480959
-18.6013226,-10.0
-20.1559821,-10.0
0.0478064,0.0478064
-22.189682,-10.0
-2.4905686,-2.4905686
-19.5781706,-10.0
-19.9330846,-10.0
-7.3221055,-7.3221055
-8.7627948,-8.7627948
-19.3352505,-10.0
-15.8567813,-10.0
-6.1248512,-6.1248512
-19.773643,-10.0
-20.9521936,-10.0
-16.4384554,-10.0
-22.8388149,-10.0
-18.6882208,-10.0
-19.9540563,-10.0
-1.7959023,-1.7959023
-18.649129,-10.0
-20.2037885,-10.0
-0.0478064,-0.0478064
-22.2374884,-10.0
-2.538375,-2.538375
-19.625977,-10.0
-19.980891,-10.0
-7.3699119,-7.3699119
-8.8106012,-8.8106012
-19.3830569,-10.0
-15.9045877,-10.0
-6.1726576,-6.1726576
-19.8214494,-10.0
-21.0,-10.0
-16.4862618,-10.0
-22.8866213,-10.0
3.5492676,3.5492676
2.2834321,2.2834321
20.4415861,-10.0
3.5883594,3.5883594
2.0336999,2.0336999
22.189682,-10.0
22.2374884,-10.0
19.6991134,-10.0
2.6115114,2.6115114
2.2565974,2.2565974
14.8675765,-10.0
13.4268872,-10.0
2.8544315,2.8544315
6.3329007,6.3329007
16.0648308,-10.0
2.416039,2.416039
1.2374884,1.2374884
5.7512266,5.7512266
-0.6491329,-0.6491329
-16.1498458,-10.0
-17.4156813,-10.0
0.7424727,0.7424727
-16.110754,-10.0
-17.6654135,-10.0
2.4905686,2.4905686
2.538375,2.538375
-19.6991134,-10.0
-17.087602,-10.0
-17.442516,-10.0
-4.8315369,-4.8315369
-6.2722262,-6.2722262
-16.8446819,-10.0
-13.3662127,-10.0
-3.6342826,-3.6342826
-17.2830744,-10.0
-18.461625,-10.0
-13.9478868,-10.0
-20.3482463,-10.0
0.9377562,0.9377562
-0.3280793,-0.3280793
17.8300747,-10.0
0.976848,0.976848
-0.5778115,-0.5778115
19.5781706,-10.0
19.625977,-10.0
-2.6115114,-2.6115114
17.087602,-10.0
-0.354914,-0.354914
12.2560651,-10.0
10.8153758,-10.0
0.2429201,0.2429201
3.7213893,3.7213893
13.4533194,-10.0
-0.1954724,-0.1954724
-1.374023,-1.374023
3.1397152,3.1397152
-3.2606443,-3.2606443
1.2926702,1.2926702
0.0268347,0.0268347
18.1849887,-10.0
1.331762,1.331762
-0.2228975,-0.2228975
19.9330846,-10.0
19.980891,-10.0
-2.2565974,-2.2565974
17.442516,-10.0
0.354914,0.354914
12.6109791,-10.0
11.1702898,-10.0
0.5978341,0.5978341
4.0763033,4.0763033
13.8082334,-10.0
0.1594416,0.1594416
-1.019109,-1.019109
3.4946292,3.4946292
-2.9057303,-2.9057303
-11.3183089,-10.0
-12.5841444,-10.0
5.5740096,5.5740096
-11.2792171,-10.0
-12.8338766,-10.0
7.3221055,7.3221055
7.3699119,7.3699119
-14.8675765,-10.0
4.8315369,4.8315369
-12.2560651,-10.0
-12.6109791,-10.0
-1.4406893,-1.4406893
-12.013145,-10.0
-8.5346758,-8.5346758
1.1972543,1.1972543
-12.4515375,-10.0
-13.6300881,-10.0
-9.1163499,-9.1163499
-15.5167094,-10.0
-9.8776196,-9.8776196
-11.1434551,-10.0
7.0146989,7.0146989
-9.8385278,-9.8385278
-11.3931873,-10.0
8.7627948,8.7627948
8.8106012,8.8106012
-13.4268872,-10.0
6.2722262,6.2722262
-10.8153758,-10.0
-11.1702898,-10.0
1.4406893,1.4406893
-10.5724557,-10.0
-7.0939865,-7.0939865
2.6379436,2.6379436
-11.0108482,-10.0
-12.1893988,-10.0
-7.6756606,-7.6756606
-14.0760201,-10.0
0.6948361,0.6948361
-0.5709994,-0.5709994
17.5871546,-10.0
0.7339279,0.7339279
-0.8207316,-0.8207316
19.3352505,-10.0
19.3830569,-10.0
-2.8544315,-2.8544315
16.8446819,-10.0
-0.2429201,-0.2429201
-0.5978341,-0.5978341
12.013145,-10.0
10.5724557,-10.0
3.4784692,3.4784692
13.2103993,-10.0
-0.4383925,-0.4383925
-1.6169431,-1.6169431
2.8967951,2.8967951
-3.5035644,-3.5035644
-2.7836331,-2.7836331
-4.0494686,-4.0494686
14.1086854,-10.0
-2.7445413,-2.7445413
-4.2992008,-4.2992008
15.8567813,-10.0
15.9045877,-10.0
-6.3329007,-6.3329007
13.3662127,-10.0
-3.7213893,-3.7213893
-4.0763033,-4.0763033
8.5346758,8.5346758
7.0939865,7.0939865
-3.4784692,-3.4784692
9.7319301,9.7319301
-3.9168617,-3.9168617
-5.0954123,-5.0954123
-0.5816741,-0.5816741
-6.9820336,-6.9820336
-12.5155632,-10.0
-13.7813987,-10.0
4.3767553,4.3767553
-12.4764714,-10.0
-14.0311309,-10.0
6.1248512,6.1248512
6.1726576,6.1726576
-16.0648308,-10.0
3.6342826,3.6342826
-13.4533194,-10.0
-13.8082334,-10.0
-1.1972543,-1.1972543
-2.6379436,-2.6379436
-13.2103993,-10.0
-9.7319301,-9.7319301
-13.6487918,-10.0
-14.8273424,-10.0
-10.3136042,-10.0
-16.7139637,-10.0
1.1332286,1.1332286
-0.1326069,-0.1326069
18.0255471,-10.0
1.1723204,1.1723204
-0.3823391,-0.3823391
19.773643,-10.0
19.8214494,-10.0
-2.416039,-2.416039
17.2830744,-10.0
0.1954724,0.1954724
-0.1594416,-0.1594416
12.4515375,-10.0
11.0108482,-10.0
0.4383925,0.4383925
3.9168617,3.9168617
13.6487918,-10.0
-1.1785506,-1.1785506
3.3351876,3.3351876
-3.0651719,-3.0651719
2.3117792,2.3117792
1.0459437,1.0459437
19.2040977,-10.0
2.350871,2.350871
0.7962115,0.7962115
20.9521936,-10.0
21.0,-10.0
-1.2374884,-1.2374884
18.461625,-10.0
1.374023,1.374023
1.019109,1.019109
13.6300881,-10.0
12.1893988,-10.0
1.6169431,1.6169431
5.0954123,5.0954123
14.8273424,-10.0
1.1785506,1.1785506
4.5137382,4.5137382
-1.8866213,-1.8866213
-2.201959,-2.201959
-3.4677945,-3.4677945
14.6903595,-10.0
-2.1628672,-2.1628672
-3.7175267,-3.7175267
16.4384554,-10.0
16.4862618,-10.0
-5.7512266,-5.7512266
13.9478868,-10.0
-3.1397152,-3.1397152
-3.4946292,-3.4946292
9.1163499,9.1163499
7.6756606,7.6756606
-2.8967951,-2.8967951
0.5816741,0.5816741
10.3136042,-10.0
-3.3351876,-3.3351876
-4.5137382,-4.5137382
-6.4003595,-6.4003595
4.1984005,4.1984005
2.932565,2.932565
21.090719,-10.0
4.2374923,4.2374923
2.6828328,2.6828328
22.8388149,-10.0
22.8866213,-10.0
0.6491329,0.6491329
20.3482463,-10.0
3.2606443,3.2606443
2.9057303,2.9057303
15.5167094,-10.0
14.0760201,-10.0
3.5035644,3.5035644
6.9820336,6.9820336
16.7139637,-10.0
3.0651719,3.0651719
1.8866213,1.8866213
6.4003595,6.4003595
0.4409055,0.4409055
15.8839617,-10.0
17.8872178,-10.0
17.8956405,-10.0
1.8114219,1.8114219
12.425544,-10.0
13.7549019,-10.0
17.490217,-10.0
15.928916,-10.0
16.0370303,-10.0
4.6722468,4.6722468
17.2268992,-10.0
11.0698967,-10.0
1.184205,1.184205
-3.1043576,-3.1043576
1.2574224,1.2574224
15.1943478,-10.0
16.75032,-10.0
16.1525819,-10.0
-0.4409055,-0.4409055
15.4430562,-10.0
17.4463123,-10.0
17.454735,-10.0
1.3705164,1.3705164
11.9846385,-10.0
13.3139964,-10.0
17.0493115,-10.0
15.4880105,-10.0
15.5961248,-10.0
4.2313413,4.2313413
16.7859937,-10.0
10.6289912,-10.0
0.7432995,0.7432995
-3.5452631,-3.5452631
0.8165169,0.8165169
14.7534423,-10.0
16.3094145,-10.0
15.7116764,-10.0
-15.8839617,-10.0
-15.4430562,-10.0
2.0032561,2.0032561
2.0116788,2.0116788
-14.0725398,-10.0
-3.4584177,-3.4584177
-2.1290598,-2.1290598
1.6062553,1.6062553
0.0449543,0.0449543
0.1530686,0.1530686
-11.2117149,-10.0
1.3429375,1.3429375
-4.814065,-4.814065
-14.6997567,-10.0
-18.9883193,-10.0
-14.6265393,-10.0
-0.6896139,-0.6896139
0.8663583,0.8663583
0.2686202,0.2686202
-17.8872178,-10.0
-17.4463123,-10.0
-2.0032561,-2.0032561
0.0084227,0.0084227
-16.0757959,-10.0
-5.4616738,-5.4616738
-4.1323159,-4.1323159
-0.3970008,-0.3970008
-1.9583018,-1.9583018
-1.8501875,-1.8501875
-13.214971,-10.0
-0.6603186,-0.6603186
-6.8173211,-6.8173211
-16.7030128,-10.0
-20.9915754,-10.0
-16.6297954,-10.0
-2.69287,-2.69287
-1.1368978,-1.1368978
-1.7346359,-1.7346359
-17.8956405,-10.0
-17.454735,-10.0
-2.0116788,-2.0116788
-0.0084227,-0.0084227
-16.0842186,-10.0
-5.4700965,-5.4700965
-4.1407386,-4.1407386
-0.4054235,-0.4054235
-1.9667245,-1.9667245
-1.8586102,-1.8586102
-13.2233937,-10.0
-0.6687413,-0.6687413
-6.8257438,-6.8257438
-16.7114355,-10.0
-20.9999981,-10.0
-16.6382181,-10.0
-2.7012927,-2.7012927
-1.1453205,-1.1453205
-1.7430586,-1.7430586
-1.8114219,-1.8114219
-1.3705164,-1.3705164
14.0725398,-10.0
16.0757959,-10.0
16.0842186,-10.0
10.6141221,-10.0
11.94348,-10.0
15.6787951,-10.0
14.1174941,-10.0
14.2256084,-10.0
2.8608249,2.8608249
15.4154773,-10.0
9.2584748,9.2584748
-0.6272169,-0.6272169
-4.9157795,-4.9157795
-0.5539995,-0.5539995
13.3829259,-10.0
14.9388981,-10.0
14.34116,-10.0
-12.425544,-10.0
-11.9846385,-10.0
3.4584177,3.4584177
5.4616738,5.4616738
5.4700965,5.4700965
-10.6141221,-10.0
1.3293579,1.3293579
5.064673,5.064673
3.503372,3.503372
3.6114863,3.6114863
-7.7532972,-7.7532972
4.8013552,4.8013552
-1.3556473,-1.3556473
-11.241339,-10.0
-15.5299016,-10.0
-11.1681216,-10.0
2.7688038,2.7688038
4.324776,4.324776
3.7270379,3.7270379
-13.7549019,-10.0
-13.3139964,-10.0
2.1290598,2.1290598
4.1323159,4.1323159
4.1407386,4.1407386
-11.94348,-10.0
-1.3293579,-1.3293579
3.7353151,3.7353151
2.1740141,2.1740141
2.2821284,2.2821284
-9.0826551,-9.0826551
3.4719973,3.4719973
-2.6850052,-2.6850052
-12.5706969,-10.0
-16.8592595,-10.0
-12.4974795,-10.0
1.4394459,1.4394459
2.9954181,2.9954181
2.39768,2.39768
-17.490217,-10.0
-17.0493115,-10.0
-1.6062553,-1.6062553
0.3970008,0.3970008
0.4054235,0.4054235
-15.6787951,-10.0
-5.064673,-5.064673
-3.7353151,-3.7353151
-1.561301,-1.561301
-1.4531867,-1.4531867
-12.8179702,-10.0
-0.2633178,-0.2633178
-6.4203203,-6.4203203
-16.306012,-10.0
-20.5945746,-10.0
-16.2327946,-10.0
-2.2958692,-2.2958692
-0.739897,-0.739897
-1.3376351,-1.3376351
-15.928916,-10.0
-15.4880105,-10.0
-0.0449543,-0.0449543
1.9583018,1.9583018
1.9667245,1.9667245
-14.1174941,-10.0
-3.503372,-3.503372
-2.1740141,-2.1740141
1.561301,1.561301
0.1081143,0.1081143
-11.2566692,-10.0
1.2979832,1.2979832
-4.8590193,-4.8590193
-14.744711,-10.0
-19.0332736,-10.0
-14.6714936,-10.0
-0.7345682,-0.7345682
0.821404,0.821404
0.2236659,0.2236659
-16.0370303,-10.0
-15.5961248,-10.0
-0.1530686,-0.1530686
1.8501875,1.8501875
1.8586102,1.8586102
-14.2256084,-10.0
-3.6114863,-3.6114863
-2.2821284,-2.2821284
1.4531867,1.4531867
-0.1081143,-0.1081143
-11.3647835,-10.0
1.1898689,1.1898689
-4.9671336,-4.9671336
-14.8528253,-10.0
-19.1413879,-10.0
-14.7796079,-10.0
-0.8426825,-0.8426825
0.7132897,0.7132897
0.1155516,0.1155516
-4.6722468,-4.6722468
-4.2313413,-4.2313413
11.2117149,-10.0
13.214971,-10.0
13.2233937,-10.0
-2.8608249,-2.8608249
7.7532972,7.7532972
9.0826551,9.0826551
12.8179702,-10.0
11.2566692,-10.0
11.3647835,-10.0
12.5546524,-10.0
6.3976499,6.3976499
-3.4880418,-3.4880418
-7.7766044,-7.7766044
-3.4148244,-3.4148244
10.522101,-10.0
12.0780732,-10.0
11.4803351,-10.0
-17.2268992,-10.0
-16.7859937,-10.0
-1.3429375,-1.3429375
0.6603186,0.6603186
0.6687413,0.6687413
-15.4154773,-10.0
-4.8013552,-4.8013552
-3.4719973,-3.4719973
0.2633178,0.2633178
-1.2979832,-1.2979832
-1.1898689,-1.1898689
-12.5546524,-10.0
-6.1570025,-6.1570025
-16.0426942,-10.0
-20.3312568,-10.0
-15.9694768,-10.0
-2.0325514,-2.0325514
-0.4765792,-0.4765792
-1.0743173,-1.0743173
-11.0698967,-10.0
-10.6289912,-10.0
4.814065,4.814065
6.8173211,6.8173211
6.8257438,6.8257438
-9.2584748,-9.2584748
1.3556473,1.3556473
2.6850052,2.6850052
6.4203203,6.4203203
4.8590193,4.8590193
4.9671336,4.9671336
-6.3976499,-6.3976499
6.1570025,6.1570025
-9.8856917,-9.8856917
-14.1742543,-10.0
-9.8124743,-9.8124743
4.1244511,4.1244511
5.6804233,5.6804233
5.0826852,5.0826852
-1.184205,-1.184205
-0.7432995,-0.7432995
14.6997567,-10.0
16.7030128,-10.0
16.7114355,-10.0
0.6272169,0.6272169
11.241339,-10.0
12.5706969,-10.0
16.306012,-10.0
14.744711,-10.0
14.8528253,-10.0
3.4880418,3.4880418
16.0426942,-10.0
9.8856917,9.8856917
-4.2885626,-4.2885626
0.0732174,0.0732174
14.0101428,-10.0
15.566115,-10.0
14.9683769,-10.0
3.1043576,3.1043576
3.5452631,3.5452631
18.9883193,-10.0
20.9915754,-10.0
20.9999981,-10.0
4.9157795,4.9157795
15.5299016,-10.0
16.8592595,-10.0
20.5945746,-10.0
19.0332736,-10.0
19.1413879,-10.0
7.7766044,7.7766044
20.3312568,-10.0
14.1742543,-10.0
4.2885626,4.2885626
4.36178,4.36178
18.2987054,-10.0
19.8546776,-10.0
19.2569395,-10.0
-1.2574224,-1.2574224
-0.8165169,-0.8165169
14.6265393,-10.0
16.6297954,-10.0
16.6382181,-10.0
0.5539995,0.5539995
11.1681216,-10.0
12.4974795,-10.0
16.2327946,-10.0
14.6714936,-10.0
14.7796079,-10.0
3.4148244,3.4148244
15.9694768,-10.0
9.8124743,9.8124743
-0.0732174,-0.0732174
-4.36178,-4.36178
13.9369254,-10.0
15.4928976,-10.0
14.8951595,-10.0
-15.1943478,-10.0
-14.7534423,-10.0
0.6896139,0.6896139
2.69287,2.69287
2.7012927,2.7012927
-13.3829259,-10.0
-2.7688038,-2.7688038
-1.4394459,-1.4394459
2.2958692,2.2958692
0.7345682,0.7345682
0.8426825,0.8426825
-10.522101,-10.0
2.0325514,2.0325514
-4.1244511,-4.1244511
-14.0101428,-10.0
-18.2987054,-10.0
-13.9369254,-10.0
1.5559722,1.5559722
0.9582341,0.9582341
-16.75032,-10.0
-16.3094145,-10.0
-0.8663583,-0.8663583
1.1368978,1.1368978
1.1453205,1.1453205
-14.9388981,-10.0
-4.324776,-4.324776
-2.9954181,-2.9954181
0.739897,0.739897
-0.821404,-0.821404
-0.7132897,-0.7132897
-12.0780732,-10.0
0.4765792,0.4765792
-5.6804233,-5.6804233
-15.566115,-10.0
-19.8546776,-10.0
-15.4928976,-10.0
-1.5559722,-1.5559722
-0.5977381,-0.5977381
-16.1525819,-10.0
-15.7116764,-10.0
-0.2686202,-0.2686202
1.7346359,1.7346359
1.7430586,1.7430586
-14.34116,-10.0
-3.7270379,-3.7270379
-2.39768,-2.39768
1.3376351,1.3376351
-0.2236659,-0.2236659
-0.1155516,-0.1155516
-11.4803351,-10.0
1.0743173,1.0743173
-5.0826852,-5.0826852
-14.9683769,-10.0
-19.2569395,-10.0
-14.8951595,-10.0
-0.9582341,-0.9582341
0.5977381,0.5977381
-0.5442662,-0.5442662
-2.588201,-2.588201
-3.856067,-3.856067
2.1477658,2.1477658
3.448395,3.448395
17.0037787,-10.0
-2.7928805,-2.7928805
0.1595893,0.1595893
17.1438856,-10.0
14.2999423,-10.0
1.4868341,1.4868341
16.8041426,-10.0
0.9396189,0.9396189
16.2151994,-10.0
-1.1202718,-1.1202718
-0.7475177,-0.7475177
-0.420584,-0.420584
12.7188489,-10.0
-0.5154213,-0.5154213
0.5442662,0.5442662
-2.0439348,-2.0439348
-3.3118008,-3.3118008
2.692032,2.692032
3.9926612,3.9926612
17.5480449,-10.0
-2.2486143,-2.2486143
0.7038555,0.7038555
17.6881518,-10.0
14.8442085,-10.0
2.0311003,2.0311003
17.3484088,-10.0
1.4838851,1.4838851
16.7594656,-10.0
-0.5760056,-0.5760056
-0.2032515,-0.2032515
0.1236822,0.1236822
13.2631151,-10.0
0.0288449,0.0288449
2.588201,2.588201
2.0439348,2.0439348
-1.267866,-1.267866
4.7359668,4.7359668
6.036596,6.036596
19.5919797,-10.0
-0.2046795,-0.2046795
2.7477903,2.7477903
19.7320866,-10.0
16.8881433,-10.0
4.0750351,4.0750351
19.3923436,-10.0
3.5278199,3.5278199
18.8034004,-10.0
1.4679292,1.4679292
1.8406833,1.8406833
2.167617,2.167617
15.3070499,-10.0
2.0727797,2.0727797
3.856067,3.856067
3.3118008,3.3118008
1.267866,1.267866
6.0038328,6.0038328
7.304462,7.304462
20.8598457,-10.0
1.0631865,1.0631865
4.0156563,4.0156563
20.9999526,-10.0
18.1560093,-10.0
5.3429011,5.3429011
20.6602096,-10.0
4.7956859,4.7956859
20.0712664,-10.0
2.7357952,2.7357952
3.1085493,3.1085493
3.435483,3.435483
16.5749159,-10.0
3.3406457,3.3406457
-2.1477658,-2.1477658
-2.692032,-2.692032
-4.7359668,-4.7359668
-6.0038328,-6.0038328
1.3006292,1.3006292
14.8560129,-10.0
-4.9406463,-4.9406463
-1.9881765,-1.9881765
14.9961198,-10.0
12.1521765,-10.0
-0.6609317,-0.6609317
14.6563768,-10.0
-1.2081469,-1.2081469
14.0674336,-10.0
-3.2680376,-3.2680376
-2.8952835,-2.8952835
-2.5683498,-2.5683498
10.5710831,-10.0
-2.6631871,-2.6631871
-3.448395,-3.448395
-3.9926612,-3.9926612
-6.036596,-6.036596
-7.304462,-7.304462
-1.3006292,-1.3006292
13.5553837,-10.0
-6.2412755,-6.2412755
-3.2888057,-3.2888057
13.6954906,-10.0
10.8515473,-10.0
-1.9615609,-1.9615609
13.3557476,-10.0
-2.5087761,-2.5087761
12.7668044,-10.0
-4.5686668,-4.5686668
-4.1959127,-4.1959127
-3.868979,-3.868979
9.2704539,9.2704539
-3.9638163,-3.9638163
-17.0037787,-10.0
-17.5480449,-10.0
-19.5919797,-10.0
-20.8598457,-10.0
-14.8560129,-10.0
-13.5553837,-10.0
-19.7966592,-10.0
-16.8441894,-10.0
0.1401069,0.1401069
-2.7038364,-2.7038364
-15.5169446,-10.0
-0.1996361,-0.1996361
-16.0641598,-10.0
-0.7885793,-0.7885793
-18.1240505,-10.0
-17.7512964,-10.0
-17.4243627,-10.0
-4.2849298,-4.2849298
-17.5192,-10.0
2.7928805,2.7928805
2.2486143,2.2486143
0.2046795,0.2046795
-1.0631865,-1.0631865
4.9406463,4.9406463
6.2412755,6.2412755
19.7966592,-10.0
2.9524698,2.9524698
19.9367661,-10.0
17.0928228,-10.0
4.2797146,4.2797146
19.5970231,-10.0
3.7324994,3.7324994
19.0080799,-10.0
1.6726087,1.6726087
2.0453628,2.0453628
2.3722965,2.3722965
15.5117294,-10.0
2.2774592,2.2774592
-0.1595893,-0.1595893
-0.7038555,-0.7038555
-2.7477903,-2.7477903
-4.0156563,-4.0156563
1.9881765,1.9881765
3.2888057,3.2888057
16.8441894,-10.0
-2.9524698,-2.9524698
16.9842963,-10.0
14.140353,-10.0
1.3272448,1.3272448
16.6445533,-10.0
0.7800296,0.7800296
16.0556101,-10.0
-1.2798611,-1.2798611
-0.907107,-0.907107
-0.5801733,-0.5801733
12.5592596,-10.0
-0.6750106,-0.6750106
-17.1438856,-10.0
-17.6881518,-10.0
-19.7320866,-10.0
-20.9999526,-10.0
-14.9961198,-10.0
-13.6954906,-10.0
-0.1401069,-0.1401069
-19.9367661,-10.0
-16.9842963,-10.0
-2.8439433,-2.8439433
-15.6570515,-10.0
-0.339743,-0.339743
-16.2042667,-10.0
-0.9286862,-0.9286862
-18.2641574,-10.0
-17.8914033,-10.0
-17.5644696,-10.0
-4.4250367,-4.4250367
-17.6593069,-10.0
-14.2999423,-10.0
-14.8442085,-10.0
-16.8881433,-10.0
-18.1560093,-10.0
-12.1521765,-10.0
-10.8515473,-10.0
2.7038364,2.7038364
-17.0928228,-10.0
-14.140353,-10.0
2.8439433,2.8439433
-12.8131082,-10.0
2.5042003,2.5042003
-13.3603234,-10.0
1.9152571,1.9152571
-15.4202141,-10.0
-15.04746,-10.0
-14.7205263,-10.0
-1.5810934,-1.5810934
-14.8153636,-10.0
-1.4868341,-1.4868341
-2.0311003,-2.0311003
-4.0750351,-4.0750351
-5.3429011,-5.3429011
0.6609317,0.6609317
1.9615609,1.9615609
15.5169446,-10.0
-4.2797146,-4.2797146
-1.3272448,-1.3272448
15.6570515,-10.0
12.8131082,-10.0
15.3173085,-10.0
-0.5472152,-0.5472152
14.7283653,-10.0
-2.6071059,-2.6071059
-2.2343518,-2.2343518
-1.9074181,-1.9074181
11.2320148,-10.0
-2.0022554,-2.0022554
-16.8041426,-10.0
-17.3484088,-10.0
-19.3923436,-10.0
-20.6602096,-10.0
-14.6563768,-10.0
-13.3557476,-10.0
0.1996361,0.1996361
-19.5970231,-10.0
-16.6445533,-10.0
0.339743,0.339743
-2.5042003,-2.5042003
-15.3173085,-10.0
-15.8645237,-10.0
-0.5889432,-0.5889432
-17.9244144,-10.0
-17.5516603,-10.0
-17.2247266,-10.0
-4.0852937,-4.0852937
-17.3195639,-10.0
-0.9396189,-0.9396189
-1.4838851,-1.4838851
-3.5278199,-3.5278199
-4.7956859,-4.7956859
1.2081469,1.2081469
2.5087761,2.5087761
16.0641598,-10.0
-3.7324994,-3.7324994
-0.7800296,-0.7800296
16.2042667,-10.0
13.3603234,-10.0
0.5472152,0.5472152
15.8645237,-10.0
15.2755805,-10.0
-2.0598907,-2.0598907
-1.6871366,-1.6871366
-1.3602029,-1.3602029
11.77923,-10.0
-1.4550402,-1.4550402
-16.2151994,-10.0
-16.7594656,-10.0
-18.8034004,-10.0
-20.0712664,-10.0
-14.0674336,-10.0
-12.7668044,-10.0
0.7885793,0.7885793
-19.0080799,-10.0
-16.0556101,-10.0
0.9286862,0.9286862
-1.9152571,-1.9152571
-14.7283653,-10.0
0.5889432,0.5889432
-15.2755805,-10.0
-17.3354712,-10.0
-16.9627171,-10.0
-16.6357834,-10.0
-3.4963505,-3.4963505
-16.7306207,-10.0
1.1202718,1.1202718
0.5760056,0.5760056
-1.4679292,-1.4679292
-2.7357952,-2.7357952
3.2680376,3.2680376
4.5686668,4.5686668
18.1240505,-10.0
-1.6726087,-1.6726087
1.2798611,1.2798611
18.2641574,-10.0
15.4202141,-10.0
2.6071059,2.6071059
17.9244144,-10.0
2.0598907,2.0598907
17.3354712,-10.0
0.3727541,0.3727541
0.6996878,0.6996878
13.8391207,-10.0
0.6048505,0.6048505
0.7475177,0.7475177
0.2032515,0.2032515
-1.8406833,-1.8406833
-3.1085493,-3.1085493
2.8952835,2.8952835
4.1959127,4.1959127
17.7512964,-10.0
-2.0453628,-2.0453628
0.907107,0.907107
17.8914033,-10.0
15.04746,-10.0
2.2343518,2.2343518
17.5516603,-10.0
1.6871366,1.6871366
16.9627171,-10.0
-0.3727541,-0.3727541
0.3269337,0.3269337
13.4663666,-10.0
0.2320964,0.2320964
0.420584,0.420584
-0.1236822,-0.1236822
-2.167617,-2.167617
-3.435483,-3.435483
2.5683498,2.5683498
3.868979,3.868979
17.4243627,-10.0
-2.3722965,-2.3722965
0.5801733,0.5801733
17.5644696,-10.0
14.7205263,-10.0
1.9074181,1.9074181
17.2247266,-10.0
1.3602029,1.3602029
16.6357834,-10.0
-0.6996878,-0.6996878
-0.3269337,-0.3269337
13.1394329,-10.0
-0.0948373,-0.0948373
-12.7188489,-10.0
-13.2631151,-10.0
-15.3070499,-10.0
-16.5749159,-10.0
-10.5710831,-10.0
-9.2704539,-9.2704539
4.2849298,4.2849298
-15.5117294,-10.0
-12.5592596,-10.0
4.4250367,4.4250367
1.5810934,1.5810934
-11.2320148,-10.0
4.0852937,4.0852937
-11.77923,-10.0
3.4963505,3.4963505
-13.8391207,-10.0
-13.4663666,-10.0
-13.1394329,-10.0
-13.2342702,-10.0
0.5154213,0.5154213
-0.0288449,-0.0288449
-2.0727797,-2.0727797
-3.3406457,-3.3406457
2.6631871,2.6631871
3.9638163,3.9638163
17.5192,-10.0
-2.2774592,-2.2774592
0.6750106,0.6750106
17.6593069,-10.0
14.8153636,-10.0
2.0022554,2.0022554
17.3195639,-10.0
1.4550402,1.4550402
16.7306207,-10.0
-0.6048505,-0.6048505
-0.2320964,-0.2320964
0.0948373,0.0948373
13.2342702,-10.0
0.4986337,0.4986337
18.1190284,-10.0
20.4338901,-10.0
20.4331361,-10.0
-0.5661084,-0.5661084
17.0548259,-10.0
-0.5421641,-0.5421641
14.593003,-10.0
1.2287596,1.2287596
16.9138128,-10.0
15.9677914,-10.0
18.552673,-10.0
17.1670249,-10.0
17.8693188,-10.0
1.9108615,1.9108615
-1.0041564,-1.0041564
-0.3685135,-0.3685135
14.0174502,-10.0
16.0203766,-10.0
-0.4986337,-0.4986337
17.6203947,-10.0
19.9352564,-10.0
19.9345024,-10.0
-1.0647421,-1.0647421
16.5561922,-10.0
-1.0407978,-1.0407978
14.0943693,-10.0
0.7301259,0.7301259
16.4151791,-10.0
15.4691577,-10.0
18.0540393,-10.0
16.6683912,-10.0
17.3706851,-10.0
1.4122278,1.4122278
-1.5027901,-1.5027901
-0.8671472,-0.8671472
13.5188165,-10.0
15.5217429,-10.0
-18.1190284,-10.0
-17.6203947,-10.0
2.3148617,2.3148617
2.3141077,2.3141077
-18.6851368,-10.0
-1.0642025,-1.0642025
-18.6611925,-10.0
-3.5260254,-3.5260254
-16.8902688,-10.0
-1.2052156,-1.2052156
-2.151237,-2.151237
0.4336446,0.4336446
-0.9520035,-0.9520035
-0.2497096,-0.2497096
-16.2081669,-10.0
-19.1231848,-10.0
-18.4875419,-10.0
-4.1015782,-4.1015782
-2.0986518,-2.0986518
-20.4338901,-10.0
-19.9352564,-10.0
-2.3148617,-2.3148617
-0.000754000000001,-0.000754000000001
-20.9999985,-10.0
-3.3790642,-3.3790642
-20.9760542,-10.0
-5.8408871,-5.8408871
-19.2051305,-10.0
-3.5200773,-3.5200773
-4.4660987,-4.4660987
-1.8812171,-1.8812171
-3.2668652,-3.2668652
-2.5645713,-2.5645713
-18.5230286,-10.0
-21.4380465,-10.0
-20.8024036,-10.0
-6.4164399,-6.4164399
-4.4135135,-4.4135135
-20.4331361,-10.0
-19.9345024,-10.0
-2.3141077,-2.3141077
0.000754000000001,0.000754000000001
-20.9992445,-10.0
-3.3783102,-3.3783102
-20.9753002,-10.0
-5.8401331,-5.8401331
-19.2043765,-10.0
-3.5193233,-3.5193233
-4.4653447,-4.4653447
-1.8804631,-1.8804631
-3.2661112,-3.2661112
-2.5638173,-2.5638173
-18.5222746,-10.0
-21.4372925,-10.0
-20.8016496,-10.0
-6.4156859,-6.4156859
-4.4127595,-4.4127595
0.5661084,0.5661084
1.0647421,1.0647421
18.6851368,-10.0
20.9999985,-10.0
20.9992445,-10.0
17.6209343,-10.0
0.0239443,0.0239443
15.1591114,-10.0
1.794868,1.794868
17.4799212,-10.0
16.5338998,-10.0
19.1187814,-10.0
17.7331333,-10.0
18.4354272,-10.0
2.4769699,2.4769699
-0.438048,-0.438048
0.1975949,0.1975949
14.5835586,-10.0
16.586485,-10.0
-17.0548259,-10.0
-16.5561922,-10.0
1.0642025,1.0642025
3.3790642,3.3790642
3.3783102,3.3783102
-17.6209343,-10.0
-17.59699,-10.0
-2.4618229,-2.4618229
-15.8260663,-10.0
-0.1410131,-0.1410131
-1.0870345,-1.0870345
1.4978471,1.4978471
0.112199,0.112199
0.8144929,0.8144929
-15.1439644,-10.0
-18.0589823,-10.0
-17.4233394,-10.0
-3.0373757,-3.0373757
-1.0344493,-1.0344493
0.5421641,0.5421641
1.0407978,1.0407978
18.6611925,-10.0
20.9760542,-10.0
20.9753002,-10.0
-0.0239443,-0.0239443
17.59699,-10.0
15.1351671,-10.0
1.7709237,1.7709237
17.4559769,-10.0
16.5099555,-10.0
19.0948371,-10.0
17.709189,-10.0
18.4114829,-10.0
2.4530256,2.4530256
-0.4619923,-0.4619923
0.1736506,0.1736506
14.5596143,-10.0
16.5625407,-10.0
-14.593003,-10.0
-14.0943693,-10.0
3.5260254,3.5260254
5.8408871,5.8408871
5.8401331,5.8401331
-15.1591114,-10.0
2.4618229,2.4618229
-15.1351671,-10.0
-13.3642434,-10.0
2.3208098,2.3208098
1.3747884,1.3747884
3.95967,3.95967
2.5740219,2.5740219
3.2763158,3.2763158
-12.6821415,-10.0
-15.5971594,-10.0
-14.9615165,-10.0
-0.5755528,-0.5755528
1.4273736,1.4273736
-1.2287596,-1.2287596
-0.7301259,-0.7301259
16.8902688,-10.0
19.2051305,-10.0
19.2043765,-10.0
-1.794868,-1.794868
15.8260663,-10.0
-1.7709237,-1.7709237
13.3642434,-10.0
15.6850532,-10.0
14.7390318,-10.0
17.3239134,-10.0
15.9382653,-10.0
16.6405592,-10.0
0.6821019,0.6821019
-2.232916,-2.232916
-1.5972731,-1.5972731
12.7886906,-10.0
14.791617,-10.0
-16.9138128,-10.0
-16.4151791,-10.0
1.2052156,1.2052156
3.5200773,3.5200773
3.5193233,3.5193233
-17.4799212,-10.0
0.1410131,0.1410131
-17.4559769,-10.0
-2.3208098,-2.3208098
-15.6850532,-10.0
-0.9460214,-0.9460214
1.6388602,1.6388602
0.2532121,0.2532121
0.955506,0.955506
-15.0029513,-10.0
-17.9179692,-10.0
-17.2823263,-10.0
-2.8963626,-2.8963626
-0.8934362,-0.8934362
-15.9677914,-10.0
-15.4691577,-10.0
2.151237,2.151237
4.4660987,4.4660987
4.4653447,4.4653447
-16.5338998,-10.0
1.0870345,1.0870345
-16.5099555,-10.0
-1.3747884,-1.3747884
-14.7390318,-10.0
0.9460214,0.9460214
2.5848816,2.5848816
1.1992335,1.1992335
1.9015274,1.9015274
-14.0569299,-10.0
-16.9719478,-10.0
-16.3363049,-10.0
-1.9503412,-1.9503412
0.0525852,0.0525852
-18.552673,-10.0
-18.0540393,-10.0
-0.4336446,-0.4336446
1.8812171,1.8812171
1.8804631,1.8804631
-19.1187814,-10.0
-1.4978471,-1.4978471
-19.0948371,-10.0
-3.95967,-3.95967
-17.3239134,-10.0
-1.6388602,-1.6388602
-2.5848816,-2.5848816
-1.3856481,-1.3856481
-0.6833542,-0.6833542
-16.6418115,-10.0
-19.5568294,-10.0
-18.9211865,-10.0
-4.5352228,-4.5352228
-2.5322964,-2.5322964
-17.1670249,-10.0
-16.6683912,-10.0
0.9520035,0.9520035
3.2668652,3.2668652
3.2661112,3.2661112
-17.7331333,-10.0
-0.112199,-0.112199
-17.709189,-10.0
-2.5740219,-2.5740219
-15.9382653,-10.0
-0.2532121,-0.2532121
-1.1992335,-1.1992335
1.3856481,1.3856481
0.7022939,0.7022939
-15.2561634,-10.0
-18.1711813,-10.0
-17.5355384,-10.0
-3.1495747,-3.1495747
-1.1466483,-1.1466483
-17.8693188,-10.0
-17.3706851,-10.0
0.2497096,0.2497096
2.5645713,2.5645713
2.5638173,2.5638173
-18.4354272,-10.0
-0.8144929,-0.8144929
-18.4114829,-10.0
-3.2763158,-3.2763158
-16.6405592,-10.0
-0.955506,-0.955506
-1.9015274,-1.9015274
0.6833542,0.6833542
-0.7022939,-0.7022939
-15.9584573,-10.0
-18.8734752,-10.0
-18.2378323,-10.0
-3.8518686,-3.8518686
-1.8489422,-1.8489422
-1.9108615,-1.9108615
-1.4122278,-1.4122278
16.2081669,-10.0
18.5230286,-10.0
18.5222746,-10.0
-2.4769699,-2.4769699
15.1439644,-10.0
-2.4530256,-2.4530256
12.6821415,-10.0
-0.6821019,-0.6821019
15.0029513,-10.0
14.0569299,-10.0
16.6418115,-10.0
15.2561634,-10.0
15.9584573,-10.0
-2.9150179,-2.9150179
-2.279375,-2.279375
12.1065887,-10.0
14.1095151,-10.0
1.0041564,1.0041564
1.5027901,1.5027901
19.1231848,-10.0
21.4380465,-10.0
21.4372925,-10.0
0.438048,0.438048
18.0589823,-10.0
0.4619923,0.4619923
15.5971594,-10.0
2.232916,2.232916
17.9179692,-10.0
16.9719478,-10.0
19.5568294,-10.0
18.1711813,-10.0
18.8734752,-10.0
2.9150179,2.9150179
0.6356429,0.6356429
15.0216066,-10.0
17.024533,-10.0
0.3685135,0.3685135
0.8671472,0.8671472
18.4875419,-10.0
20.8024036,-10.0
20.8016496,-10.0
-0.1975949,-0.1975949
17.4233394,-10.0
-0.1736506,-0.1736506
14.9615165,-10.0
1.5972731,1.5972731
17.2823263,-10.0
16.3363049,-10.0
18.9211865,-10.0
17.5355384,-10.0
18.2378323,-10.0
2.279375,2.279375
-0.6356429,-0.6356429
14.3859637,-10.0
16.3888901,-10.0
-14.0174502,-10.0
-13.5188165,-10.0
4.1015782,4.1015782
6.4164399,6.4164399
6.4156859,6.4156859
-14.5835586,-10.0
3.0373757,3.0373757
-14.5596143,-10.0
0.5755528,0.5755528
-12.7886906,-10.0
2.8963626,2.8963626
1.9503412,1.9503412
4.5352228,4.5352228
3.1495747,3.1495747
3.8518686,3.8518686
-12.1065887,-10.0
-15.0216066,-10.0
-14.3859637,-10.0
2.0029264,2.0029264
-16.0203766,-10.0
-15.5217429,-10.0
2.0986518,2.0986518
4.4135135,4.4135135
4.4127595,4.4127595
-16.586485,-10.0
1.0344493,1.0344493
-16.5625407,-10.0
-1.4273736,-1.4273736
-14.791617,-10.0
0.8934362,0.8934362
-0.0525852,-0.0525852
2.5322964,2.5322964
1.1466483,1.1466483
1.8489422,1.8489422
-14.1095151,-10.0
-17.024533,-10.0
-16.3888901,-10.0
-2.0029264,-2.0029264
-3.9465741,-3.9465741
-1.3325599,-1.3325599
-2.2825825,-2.2825825
-5.3081782,-5.3081782
0.5812208,0.5812208
1.1790537,1.1790537
-3.3668428,-3.3668428
11.6586947,-10.0
-3.7138741,-3.7138741
-5.4291779,-5.4291779
-5.3910063,-5.3910063
0.9450679,0.9450679
16.6104905,-10.0
-0.480129,-0.480129
-1.0259268,-1.0259268
-2.027504,-2.027504
-2.3784327,-2.3784327
-3.0726075,-3.0726075
-3.3823347,-3.3823347
3.9465741,3.9465741
2.6140142,2.6140142
1.6639916,1.6639916
-1.3616041,-1.3616041
4.5277949,4.5277949
5.1256278,5.1256278
0.5797313,0.5797313
15.6052688,-10.0
0.2327,0.2327
-1.4826038,-1.4826038
-1.4444322,-1.4444322
4.891642,4.891642
20.5570646,-10.0
3.4664451,3.4664451
2.9206473,2.9206473
1.9190701,1.9190701
1.5681414,1.5681414
0.8739666,0.8739666
0.5642394,0.5642394
1.3325599,1.3325599
-2.6140142,-2.6140142
-0.9500226,-0.9500226
-3.9756183,-3.9756183
1.9137807,1.9137807
2.5116136,2.5116136
-2.0342829,-2.0342829
12.9912546,-10.0
-2.3813142,-2.3813142
-4.096618,-4.096618
-4.0584464,-4.0584464
2.2776278,2.2776278
17.9430504,-10.0
0.8524309,0.8524309
0.3066331,0.3066331
-0.6949441,-0.6949441
-1.0458728,-1.0458728
-1.7400476,-1.7400476
-2.0497748,-2.0497748
2.2825825,2.2825825
-1.6639916,-1.6639916
0.9500226,0.9500226
-3.0255957,-3.0255957
2.8638033,2.8638033
3.4616362,3.4616362
-1.0842603,-1.0842603
13.9412772,-10.0
-1.4312916,-1.4312916
-3.1465954,-3.1465954
-3.1084238,-3.1084238
3.2276504,3.2276504
18.893073,-10.0
1.8024535,1.8024535
1.2566557,1.2566557
0.2550785,0.2550785
-0.0958502,-0.0958502
-0.790025,-0.790025
-1.0997522,-1.0997522
5.3081782,5.3081782
1.3616041,1.3616041
3.9756183,3.9756183
3.0255957,3.0255957
5.889399,5.889399
6.4872319,6.4872319
1.9413354,1.9413354
16.9668729,-10.0
1.5943041,1.5943041
-0.1209997,-0.1209997
-0.0828281,-0.0828281
6.2532461,6.2532461
21.9186687,-10.0
4.8280492,4.8280492
4.2822514,4.2822514
3.2806742,3.2806742
2.9297455,2.9297455
2.2355707,2.2355707
1.9258435,1.9258435
-0.5812208,-0.5812208
-4.5277949,-4.5277949
-1.9137807,-1.9137807
-2.8638033,-2.8638033
-5.889399,-5.889399
0.5978329,0.5978329
-3.9480636,-3.9480636
11.0774739,-10.0
-4.2950949,-4.2950949
-6.0103987,-6.0103987
-5.9722271,-5.9722271
0.3638471,0.3638471
16.0292697,-10.0
-1.0613498,-1.0613498
-1.6071476,-1.6071476
-2.6087248,-2.6087248
-2.9596535,-2.9596535
-3.6538283,-3.6538283
-3.9635555,-3.9635555
-1.1790537,-1.1790537
-5.1256278,-5.1256278
-2.5116136,-2.5116136
-3.4616362,-3.4616362
-6.4872319,-6.4872319
-0.5978329,-0.5978329
-4.5458965,-4.5458965
10.479641,-10.0
-4.8929278,-4.8929278
-6.6082316,-6.6082316
-6.57006,-6.57006
-0.2339858,-0.2339858
15.4314368,-10.0
-1.6591827,-1.6591827
-2.2049805,-2.2049805
-3.2065577,-3.2065577
-3.5574864,-3.5574864
-4.2516612,-4.2516612
-4.5613884,-4.5613884
3.3668428,3.3668428
-0.5797313,-0.5797313
2.0342829,2.0342829
1.0842603,1.0842603
-1.9413354,-1.9413354
3.9480636,3.9480636
4.5458965,4.5458965
15.0255375,-10.0
-0.3470313,-0.3470313
-2.0623351,-2.0623351
-2.0241635,-2.0241635
4.3119107,4.3119107
19.9773333,-10.0
2.8867138,2.8867138
2.340916,2.340916
1.3393388,1.3393388
0.9884101,0.9884101
0.2942353,0.2942353
-0.0154919,-0.0154919
-11.6586947,-10.0
-15.6052688,-10.0
-12.9912546,-10.0
-13.9412772,-10.0
-16.9668729,-10.0
-11.0774739,-10.0
-10.479641,-10.0
-15.0255375,-10.0
-15.3725688,-10.0
-17.0878726,-10.0
-17.049701,-10.0
-10.7136268,-10.0
4.9517958,4.9517958
-12.1388237,-10.0
-12.6846215,-10.0
-13.6861987,-10.0
-14.0371274,-10.0
-14.7313022,-10.0
-15.0410294,-10.0
3.7138741,3.7138741
-0.2327,-0.2327
2.3813142,2.3813142
1.4312916,1.4312916
-1.5943041,-1.5943041
4.2950949,4.2950949
4.8929278,4.8929278
0.3470313,0.3470313
15.3725688,-10.0
-1.7153038,-1.7153038
-1.6771322,-1.6771322
4.658942,4.658942
20.3243646,-10.0
3.2337451,3.2337451
2.6879473,2.6879473
1.6863701,1.6863701
1.3354414,1.3354414
0.6412666,0.6412666
0.3315394,0.3315394
5.4291779,5.4291779
1.4826038,1.4826038
4.096618,4.096618
3.1465954,3.1465954
0.1209997,0.1209997
6.0103987,6.0103987
6.6082316,6.6082316
2.0623351,2.0623351
17.0878726,-10.0
1.7153038,1.7153038
0.0381716,0.0381716
6.3742458,6.3742458
22.0396684,-10.0
4.9490489,4.9490489
4.4032511,4.4032511
3.4016739,3.4016739
3.0507452,3.0507452
2.3565704,2.3565704
2.0468432,2.0468432
5.3910063,5.3910063
1.4444322,1.4444322
4.0584464,4.0584464
3.1084238,3.1084238
0.0828281,0.0828281
5.9722271,5.9722271
6.57006,6.57006
2.0241635,2.0241635
17.049701,-10.0
1.6771322,1.6771322
-0.0381716,-0.0381716
6.3360742,6.3360742
22.0014968,-10.0
4.9108773,4.9108773
4.3650795,4.3650795
3.3635023,3.3635023
3.0125736,3.0125736
2.3183988,2.3183988
2.0086716,2.0086716
-0.9450679,-0.9450679
-4.891642,-4.891642
-2.2776278,-2.2776278
-3.2276504,-3.2276504
-6.2532461,-6.2532461
-0.3638471,-0.3638471
0.2339858,0.2339858
-4.3119107,-4.3119107
10.7136268,-10.0
-4.658942,-4.658942
-6.3742458,-6.3742458
-6.3360742,-6.3360742
15.6654226,-10.0
-1.4251969,-1.4251969
-1.9709947,-1.9709947
-2.9725719,-2.9725719
-3.3235006,-3.3235006
-4.0176754,-4.0176754
-4.3274026,-4.3274026
-16.6104905,-10.0
-20.5570646,-10.0
-17.9430504,-10.0
-18.893073,-10.0
-21.9186687,-10.0
-16.0292697,-10.0
-15.4314368,-10.0
-19.9773333,-10.0
-4.9517958,-4.9517958
-20.3243646,-10.0
-22.0396684,-10.0
-22.0014968,-10.0
-15.6654226,-10.0
-17.0906195,-10.0
-17.6364173,-10.0
-18.6379945,-10.0
-18.9889232,-10.0
-19.683098,-10.0
-19.9928252,-10.0
0.480129,0.480129
-3.4664451,-3.4664451
-0.8524309,-0.8524309
-1.8024535,-1.8024535
-4.8280492,-4.8280492
1.0613498,1.0613498
1.6591827,1.6591827
-2.8867138,-2.8867138
12.1388237,-10.0
-3.2337451,-3.2337451
-4.9490489,-4.9490489
-4.9108773,-4.9108773
1.4251969,1.4251969
17.0906195,-10.0
-0.5457978,-0.5457978
-1.547375,-1.547375
-1.8983037,-1.8983037
-2.5924785,-2.5924785
-2.9022057,-2.9022057
1.0259268,1.0259268
-2.9206473,-2.9206473
-0.3066331,-0.3066331
-1.2566557,-1.2566557
-4.2822514,-4.2822514
1.6071476,1.6071476
2.2049805,2.2049805
-2.340916,-2.340916
12.6846215,-10.0
-2.6879473,-2.6879473
-4.4032511,-4.4032511
-4.3650795,-4.3650795
1.9709947,1.9709947
17.6364173,-10.0
0.5457978,0.5457978
-1.0015772,-1.0015772
-1.3525059,-1.3525059
-2.0466807,-2.0466807
-2.3564079,-2.3564079
2.027504,2.027504
-1.9190701,-1.9190701
0.6949441,0.6949441
-0.2550785,-0.2550785
-3.2806742,-3.2806742
2.6087248,2.6087248
3.2065577,3.2065577
-1.3393388,-1.3393388
13.6861987,-10.0
-1.6863701,-1.6863701
-3.4016739,-3.4016739
-3.3635023,-3.3635023
2.9725719,2.9725719
18.6379945,-10.0
1.547375,1.547375
1.0015772,1.0015772
-0.3509287,-0.3509287
-1.0451035,-1.0451035
-1.3548307,-1.3548307
2.3784327,2.3784327
-1.5681414,-1.5681414
1.0458728,1.0458728
0.0958502,0.0958502
-2.9297455,-2.9297455
2.9596535,2.9596535
3.5574864,3.5574864
-0.9884101,-0.9884101
14.0371274,-10.0
-1.3354414,-1.3354414
-3.0507452,-3.0507452
-3.0125736,-3.0125736
3.3235006,3.3235006
18.9889232,-10.0
1.8983037,1.8983037
1.3525059,1.3525059
0.3509287,0.3509287
-0.6941748,-0.6941748
-1.003902,-1.003902
3.0726075,3.0726075
-0.8739666,-0.8739666
1.7400476,1.7400476
0.790025,0.790025
-2.2355707,-2.2355707
3.6538283,3.6538283
4.2516612,4.2516612
-0.2942353,-0.2942353
14.7313022,-10.0
-0.6412666,-0.6412666
-2.3565704,-2.3565704
-2.3183988,-2.3183988
4.0176754,4.0176754
19.683098,-10.0
2.5924785,2.5924785
2.0466807,2.0466807
1.0451035,1.0451035
0.6941748,0.6941748
-0.3097272,-0.3097272
3.3823347,3.3823347
-0.5642394,-0.5642394
2.0497748,2.0497748
1.0997522,1.0997522
-1.9258435,-1.9258435
3.9635555,3.9635555
4.5613884,4.5613884
0.0154919,0.0154919
15.0410294,-10.0
-0.3315394,-0.3315394
-2.0468432,-2.0468432
-2.0086716,-2.0086716
4.3274026,4.3274026
19.9928252,-10.0
2.9022057,2.9022057
2.3564079,2.3564079
1.3548307,1.3548307
1.003902,1.003902
0.3097272,0.3097272
1.6633644,1.6633644
14.9212575,-10.0
-0.2504715,-0.2504715
-0.1892984,-0.1892984
5.5451236,5.5451236
4.999931,4.999931
-1.4022276,-1.4022276
0.4832309,0.4832309
-0.321589,-0.321589
-0.4861841,-0.4861841
20.8960774,-10.0
6.4199696,6.4199696
1.5119789,1.5119789
2.7277895,2.7277895
1.9072843,1.9072843
2.0317009,2.0317009
-0.2422056,-0.2422056
16.9779623,-10.0
20.9999997,-10.0
-1.6633644,-1.6633644
13.2578931,-10.0
-1.9138359,-1.9138359
-1.8526628,-1.8526628
3.8817592,3.8817592
3.3365666,3.3365666
-3.065592,-3.065592
-1.1801335,-1.1801335
-1.9849534,-1.9849534
-2.1495485,-2.1495485
19.232713,-10.0
4.7566052,4.7566052
-0.1513855,-0.1513855
1.0644251,1.0644251
0.2439199,0.2439199
0.3683365,0.3683365
-1.90557,-1.90557
15.3145979,-10.0
19.3366353,-10.0
-14.9212575,-10.0
-13.2578931,-10.0
-15.171729,-10.0
-15.1105559,-10.0
-9.3761339,-9.3761339
-9.9213265,-9.9213265
-16.3234851,-10.0
-14.4380266,-10.0
-15.2428465,-10.0
-15.4074416,-10.0
5.9748199,5.9748199
-8.5012879,-8.5012879
-13.4092786,-10.0
-12.193468,-10.0
-13.0139732,-10.0
-12.8895566,-10.0
-15.1634631,-10.0
2.0567048,2.0567048
6.0787422,6.0787422
0.2504715,0.2504715
1.9138359,1.9138359
15.171729,-10.0
0.0611731,0.0611731
5.7955951,5.7955951
5.2504025,5.2504025
-1.1517561,-1.1517561
0.7337024,0.7337024
-0.0711175,-0.0711175
-0.2357126,-0.2357126
21.1465489,-10.0
6.6704411,6.6704411
1.7624504,1.7624504
2.978261,2.978261
2.1577558,2.1577558
2.2821724,2.2821724
0.0082659,0.0082659
17.2284338,-10.0
21.2504712,-10.0
0.1892984,0.1892984
1.8526628,1.8526628
15.1105559,-10.0
-0.0611731,-0.0611731
5.734422,5.734422
5.1892294,5.1892294
-1.2129292,-1.2129292
0.6725293,0.6725293
-0.1322906,-0.1322906
-0.2968857,-0.2968857
21.0853758,-10.0
6.609268,6.609268
1.7012773,1.7012773
2.9170879,2.9170879
2.0965827,2.0965827
2.2209993,2.2209993
-0.0529072,-0.0529072
17.1672607,-10.0
21.1892981,-10.0
-5.5451236,-5.5451236
-3.8817592,-3.8817592
9.3761339,9.3761339
-5.7955951,-5.7955951
-5.734422,-5.734422
-0.5451926,-0.5451926
-6.9473512,-6.9473512
-5.0618927,-5.0618927
-5.8667126,-5.8667126
-6.0313077,-6.0313077
15.3509538,-10.0
0.874846,0.874846
-4.0331447,-4.0331447
-2.8173341,-2.8173341
-3.6378393,-3.6378393
-3.5134227,-3.5134227
-5.7873292,-5.7873292
11.4328387,-10.0
15.4548761,-10.0
-4.999931,-4.999931
-3.3365666,-3.3365666
9.9213265,9.9213265
-5.2504025,-5.2504025
-5.1892294,-5.1892294
0.5451926,0.5451926
-6.4021586,-6.4021586
-4.5167001,-4.5167001
-5.32152,-5.32152
-5.4861151,-5.4861151
15.8961464,-10.0
1.4200386,1.4200386
-3.4879521,-3.4879521
-2.2721415,-2.2721415
-3.0926467,-3.0926467
-2.9682301,-2.9682301
-5.2421366,-5.2421366
11.9780313,-10.0
16.0000687,-10.0
1.4022276,1.4022276
3.065592,3.065592
16.3234851,-10.0
1.1517561,1.1517561
1.2129292,1.2129292
6.9473512,6.9473512
6.4021586,6.4021586
1.8854585,1.8854585
1.0806386,1.0806386
0.9160435,0.9160435
22.298305,-10.0
7.8221972,7.8221972
2.9142065,2.9142065
4.1300171,4.1300171
3.3095119,3.3095119
3.4339285,3.4339285
1.160022,1.160022
18.3801899,-10.0
22.4022273,-10.0
-0.4832309,-0.4832309
1.1801335,1.1801335
14.4380266,-10.0
-0.7337024,-0.7337024
-0.6725293,-0.6725293
5.0618927,5.0618927
4.5167001,4.5167001
-1.8854585,-1.8854585
-0.8048199,-0.8048199
-0.969415,-0.969415
20.4128465,-10.0
5.9367387,5.9367387
1.028748,1.028748
2.2445586,2.2445586
1.4240534,1.4240534
1.54847,1.54847
-0.7254365,-0.7254365
16.4947314,-10.0
20.5167688,-10.0
0.321589,0.321589
1.9849534,1.9849534
15.2428465,-10.0
0.0711175,0.0711175
0.1322906,0.1322906
5.8667126,5.8667126
5.32152,5.32152
-1.0806386,-1.0806386
0.8048199,0.8048199
-0.1645951,-0.1645951
21.2176664,-10.0
6.7415586,6.7415586
1.8335679,1.8335679
3.0493785,3.0493785
2.2288733,2.2288733
2.3532899,2.3532899
0.0793834,0.0793834
17.2995513,-10.0
21.3215887,-10.0
0.4861841,0.4861841
2.1495485,2.1495485
15.4074416,-10.0
0.2357126,0.2357126
0.2968857,0.2968857
6.0313077,6.0313077
5.4861151,5.4861151
-0.9160435,-0.9160435
0.969415,0.969415
0.1645951,0.1645951
21.3822615,-10.0
6.9061537,6.9061537
1.998163,1.998163
3.2139736,3.2139736
2.3934684,2.3934684
2.517885,2.517885
0.2439785,0.2439785
17.4641464,-10.0
21.4861838,-10.0
-20.8960774,-10.0
-19.232713,-10.0
-5.9748199,-5.9748199
-21.1465489,-10.0
-21.0853758,-10.0
-15.3509538,-10.0
-15.8961464,-10.0
-22.298305,-10.0
-20.4128465,-10.0
-21.2176664,-10.0
-21.3822615,-10.0
-14.4761078,-10.0
-19.3840985,-10.0
-18.1682879,-10.0
-18.9887931,-10.0
-18.8643765,-10.0
-21.138283,-10.0
-3.9181151,-3.9181151
0.1039223,0.1039223
-6.4199696,-6.4199696
-4.7566052,-4.7566052
8.5012879,8.5012879
-6.6704411,-6.6704411
-6.609268,-6.609268
-0.874846,-0.874846
-1.4200386,-1.4200386
-7.8221972,-7.8221972
-5.9367387,-5.9367387
-6.7415586,-6.7415586
-6.9061537,-6.9061537
14.4761078,-10.0
-4.9079907,-4.9079907
-3.6921801,-3.6921801
-4.5126853,-4.5126853
-4.3882687,-4.3882687
-6.6621752,-6.6621752
10.5579927,-10.0
14.5800301,-10.0
-1.5119789,-1.5119789
0.1513855,0.1513855
13.4092786,-10.0
-1.7624504,-1.7624504
-1.7012773,-1.7012773
4.0331447,4.0331447
3.4879521,3.4879521
-2.9142065,-2.9142065
-1.028748,-1.028748
-1.8335679,-1.8335679
-1.998163,-1.998163
19.3840985,-10.0
4.9079907,4.9079907
1.2158106,1.2158106
0.3953054,0.3953054
0.519722,0.519722
-1.7541845,-1.7541845
15.4659834,-10.0
19.4880208,-10.0
-2.7277895,-2.7277895
-1.0644251,-1.0644251
12.193468,-10.0
-2.978261,-2.978261
-2.9170879,-2.9170879
2.8173341,2.8173341
2.2721415,2.2721415
-4.1300171,-4.1300171
-2.2445586,-2.2445586
-3.0493785,-3.0493785
-3.2139736,-3.2139736
18.1682879,-10.0
3.6921801,3.6921801
-1.2158106,-1.2158106
-0.8205052,-0.8205052
-0.6960886,-0.6960886
-2.9699951,-2.9699951
14.2501728,-10.0
18.2722102,-10.0
-1.9072843,-1.9072843
-0.2439199,-0.2439199
13.0139732,-10.0
-2.1577558,-2.1577558
-2.0965827,-2.0965827
3.6378393,3.6378393
3.0926467,3.0926467
-3.3095119,-3.3095119
-1.4240534,-1.4240534
-2.2288733,-2.2288733
-2.3934684,-2.3934684
18.9887931,-10.0
4.5126853,4.5126853
-0.3953054,-0.3953054
0.8205052,0.8205052
0.1244166,0.1244166
-2.1494899,-2.1494899
15.070678,-10.0
19.0927154,-10.0
-2.0317009,-2.0317009
-0.3683365,-0.3683365
12.8895566,-10.0
-2.2821724,-2.2821724
-2.2209993,-2.2209993
3.5134227,3.5134227
2.9682301,2.9682301
-3.4339285,-3.4339285
-1.54847,-1.54847
-2.3532899,-2.3532899
-2.517885,-2.517885
18.8643765,-10.0
4.3882687,4.3882687
-0.519722,-0.519722
0.6960886,0.6960886
-0.1244166,-0.1244166
-2.2739065,-2.2739065
14.9462614,-10.0
18.9682988,-10.0
0.2422056,0.2422056
1.90557,1.90557
15.1634631,-10.0
-0.0082659,-0.0082659
0.0529072,0.0529072
5.7873292,5.7873292
5.2421366,5.2421366
-1.160022,-1.160022
0.7254365,0.7254365
-0.0793834,-0.0793834
-0.2439785,-0.2439785
21.138283,-10.0
6.6621752,6.6621752
1.7541845,1.7541845
2.9699951,2.9699951
2.1494899,2.1494899
2.2739065,2.2739065
17.2201679,-10.0
21.2422053,-10.0
-16.9779623,-10.0
-15.3145979,-10.0
-2.0567048,-2.0567048
-17.2284338,-10.0
-17.1672607,-10.0
-11.4328387,-10.0
-11.9780313,-10.0
-18.3801899,-10.0
-16.4947314,-10.0
-17.2995513,-10.0
-17.4641464,-10.0
3.9181151,3.9181151
-10.5579927,-10.0
-15.4659834,-10.0
-14.2501728,-10.0
-15.070678,-10.0
-14.9462614,-10.0
-17.2201679,-10.0
4.0220374,4.0220374
-20.9999997,-10.0
-19.3366353,-10.0
-6.0787422,-6.0787422
-21.2504712,-10.0
-21.1892981,-10.0
-15.4548761,-10.0
-16.0000687,-10.0
-22.4022273,-10.0
-20.5167688,-10.0
-21.3215887,-10.0
-21.4861838,-10.0
-0.1039223,-0.1039223
-14.5800301,-10.0
-19.4880208,-10.0
-18.2722102,-10.0
-19.0927154,-10.0
-18.9682988,-10.0
-21.2422053,-10.0
-4.0220374,-4.0220374
-1.8076313,-1.8076313
17.2517722,-10.0
-1.0060123,-1.0060123
16.2598935,-10.0
-0.7949955,-0.7949955
17.8874097,-10.0
0.2706252,0.2706252
-3.1125902,-3.1125902
15.772319,-10.0
17.8678144,-10.0
17.2004655,-10.0
16.518234,-10.0
0.9639475,0.9639475
-0.237247,-0.237247
-0.1507632,-0.1507632
0.1507929,0.1507929
1.5186044,1.5186044
13.7499477,-10.0
10.0047251,-10.0
1.8076313,1.8076313
19.0594035,-10.0
0.801619,0.801619
18.0675248,-10.0
1.0126358,1.0126358
19.695041,-10.0
2.0782565,2.0782565
-1.3049589,-1.3049589
17.5799503,-10.0
19.6754457,-10.0
19.0080968,-10.0
18.3258653,-10.0
2.7715788,2.7715788
1.5703843,1.5703843
1.6568681,1.6568681
1.9584242,1.9584242
3.3262357,3.3262357
15.557579,-10.0
11.8123564,-10.0
-17.2517722,-10.0
-19.0594035,-10.0
-18.2577845,-10.0
-0.9918787,-0.9918787
-18.0467677,-10.0
0.6356375,0.6356375
-16.981147,-10.0
-20.3643624,-10.0
-1.4794532,-1.4794532
0.6160422,0.6160422
-0.0513067,-0.0513067
-0.7335382,-0.7335382
-16.2878247,-10.0
-17.4890192,-10.0
-17.4025354,-10.0
-17.1009793,-10.0
-15.7331678,-10.0
-3.5018245,-3.5018245
-7.2470471,-7.2470471
1.0060123,1.0060123
-0.801619,-0.801619
18.2577845,-10.0
17.2659058,-10.0
0.2110168,0.2110168
18.893422,-10.0
1.2766375,1.2766375
-2.1065779,-2.1065779
16.7783313,-10.0
18.8738267,-10.0
18.2064778,-10.0
17.5242463,-10.0
1.9699598,1.9699598
0.7687653,0.7687653
0.8552491,0.8552491
1.1568052,1.1568052
2.5246167,2.5246167
14.75596,-10.0
11.0107374,-10.0
-16.2598935,-10.0
-18.0675248,-10.0
0.9918787,0.9918787
-17.2659058,-10.0
-17.054889,-10.0
1.6275162,1.6275162
-15.9892683,-10.0
-19.3724837,-10.0
-0.4875745,-0.4875745
1.6079209,1.6079209
0.940572,0.940572
0.2583405,0.2583405
-15.295946,-10.0
-16.4971405,-10.0
-16.4106567,-10.0
-16.1091006,-10.0
-14.7412891,-10.0
-2.5099458,-2.5099458
-6.2551684,-6.2551684
0.7949955,0.7949955
-1.0126358,-1.0126358
18.0467677,-10.0
-0.2110168,-0.2110168
17.054889,-10.0
18.6824052,-10.0
1.0656207,1.0656207
-2.3175947,-2.3175947
16.5673145,-10.0
18.6628099,-10.0
17.995461,-10.0
17.3132295,-10.0
1.758943,1.758943
0.5577485,0.5577485
0.6442323,0.6442323
0.9457884,0.9457884
2.3135999,2.3135999
14.5449432,-10.0
10.7997206,-10.0
-17.8874097,-10.0
-19.695041,-10.0
-0.6356375,-0.6356375
-18.893422,-10.0
-1.6275162,-1.6275162
-18.6824052,-10.0
-17.6167845,-10.0
-20.9999999,-10.0
-2.1150907,-2.1150907
-0.0195953,-0.0195953
-0.6869442,-0.6869442
-1.3691757,-1.3691757
-16.9234622,-10.0
-18.1246567,-10.0
-18.0381729,-10.0
-17.7366168,-10.0
-16.3688053,-10.0
-4.137462,-4.137462
-7.8826846,-7.8826846
-0.2706252,-0.2706252
-2.0782565,-2.0782565
16.981147,-10.0
-1.2766375,-1.2766375
15.9892683,-10.0
-1.0656207,-1.0656207
17.6167845,-10.0
-3.3832154,-3.3832154
15.5016938,-10.0
17.5971892,-10.0
16.9298403,-10.0
16.2476088,-10.0
0.6933223,0.6933223
-0.5078722,-0.5078722
-0.4213884,-0.4213884
-0.1198323,-0.1198323
1.2479792,1.2479792
13.4793225,-10.0
9.7340999,9.7340999
3.1125902,3.1125902
1.3049589,1.3049589
20.3643624,-10.0
2.1065779,2.1065779
19.3724837,-10.0
2.3175947,2.3175947
20.9999999,-10.0
3.3832154,3.3832154
18.8849092,-10.0
20.9804046,-10.0
20.3130557,-10.0
19.6308242,-10.0
4.0765377,4.0765377
2.8753432,2.8753432
2.961827,2.961827
3.2633831,3.2633831
4.6311946,4.6311946
16.8625379,-10.0
13.1173153,-10.0
-15.772319,-10.0
-17.5799503,-10.0
1.4794532,1.4794532
-16.7783313,-10.0
0.4875745,0.4875745
-16.5673145,-10.0
2.1150907,2.1150907
-15.5016938,-10.0
-18.8849092,-10.0
2.0954954,2.0954954
1.4281465,1.4281465
0.745915,0.745915
-14.8083715,-10.0
-16.009566,-10.0
-15.9230822,-10.0
-15.6215261,-10.0
-14.2537146,-10.0
-2.0223713,-2.0223713
-5.7675939,-5.7675939
-17.8678144,-10.0
-19.6754457,-10.0
-0.6160422,-0.6160422
-18.8738267,-10.0
-1.6079209,-1.6079209
-18.6628099,-10.0
0.0195953,0.0195953
-17.5971892,-10.0
-20.9804046,-10.0
-2.0954954,-2.0954954
-0.6673489,-0.6673489
-1.3495804,-1.3495804
-16.9038669,-10.0
-18.1050614,-10.0
-18.0185776,-10.0
-17.7170215,-10.0
-16.34921,-10.0
-4.1178667,-4.1178667
-7.8630893,-7.8630893
-17.2004655,-10.0
-19.0080968,-10.0
0.0513067,0.0513067
-18.2064778,-10.0
-0.940572,-0.940572
-17.995461,-10.0
0.6869442,0.6869442
-16.9298403,-10.0
-20.3130557,-10.0
-1.4281465,-1.4281465
0.6673489,0.6673489
-0.6822315,-0.6822315
-16.236518,-10.0
-17.4377125,-10.0
-17.3512287,-10.0
-17.0496726,-10.0
-15.6818611,-10.0
-3.4505178,-3.4505178
-7.1957404,-7.1957404
-16.518234,-10.0
-18.3258653,-10.0
0.7335382,0.7335382
-17.5242463,-10.0
-0.2583405,-0.2583405
-17.3132295,-10.0
1.3691757,1.3691757
-16.2476088,-10.0
-19.6308242,-10.0
-0.745915,-0.745915
1.3495804,1.3495804
0.6822315,0.6822315
-15.5542865,-10.0
-16.755481,-10.0
-16.6689972,-10.0
-16.3674411,-10.0
-14.9996296,-10.0
-2.7682863,-2.7682863
-6.5135089,-6.5135089
-0.9639475,-0.9639475
-2.7715788,-2.7715788
16.2878247,-10.0
-1.9699598,-1.9699598
15.295946,-10.0
-1.758943,-1.758943
16.9234622,-10.0
-0.6933223,-0.6933223
-4.0765377,-4.0765377
14.8083715,-10.0
16.9038669,-10.0
16.236518,-10.0
15.5542865,-10.0
-1.2011945,-1.2011945
-1.1147107,-1.1147107
-0.8131546,-0.8131546
0.5546569,0.5546569
12.7860002,-10.0
9.0407776,9.0407776
0.237247,0.237247
-1.5703843,-1.5703843
17.4890192,-10.0
-0.7687653,-0.7687653
16.4971405,-10.0
-0.5577485,-0.5577485
18.1246567,-10.0
0.5078722,0.5078722
-2.8753432,-2.8753432
16.009566,-10.0
18.1050614,-10.0
17.4377125,-10.0
16.755481,-10.0
1.2011945,1.2011945
0.0864838,0.0864838
0.3880399,0.3880399
1.7558514,1.7558514
13.9871947,-10.0
10.2419721,-10.0
0.1507632,0.1507632
-1.6568681,-1.6568681
17.4025354,-10.0
-0.8552491,-0.8552491
16.4106567,-10.0
-0.6442323,-0.6442323
18.0381729,-10.0
0.4213884,0.4213884
-2.961827,-2.961827
15.9230822,-10.0
18.0185776,-10.0
17.3512287,-10.0
16.6689972,-10.0
1.1147107,1.1147107
-0.0864838,-0.0864838
0.3015561,0.3015561
1.6693676,1.6693676
13.9007109,-10.0
10.1554883,-10.0
-0.1507929,-0.1507929
-1.9584242,-1.9584242
17.1009793,-10.0
-1.1568052,-1.1568052
16.1091006,-10.0
-0.9457884,-0.9457884
17.7366168,-10.0
0.1198323,0.1198323
-3.2633831,-3.2633831
15.6215261,-10.0
17.7170215,-10.0
17.0496726,-10.0
16.3674411,-10.0
0.8131546,0.8131546
-0.3880399,-0.3880399
-0.3015561,-0.3015561
1.3678115,1.3678115
13.5991548,-10.0
9.8539322,9.8539322
-1.5186044,-1.5186044
-3.3262357,-3.3262357
15.7331678,-10.0
-2.5246167,-2.5246167
14.7412891,-10.0
-2.3135999,-2.3135999
16.3688053,-10.0
-1.2479792,-1.2479792
-4.6311946,-4.6311946
14.2537146,-10.0
16.34921,-10.0
15.6818611,-10.0
14.9996296,-10.0
-0.5546569,-0.5546569
-1.7558514,-1.7558514
-1.6693676,-1.6693676
-1.3678115,-1.3678115
12.2313433,-10.0
8.4861207,8.4861207
-13.7499477,-10.0
-15.557579,-10.0
3.5018245,3.5018245
-14.75596,-10.0
2.5099458,2.5099458
-14.5449432,-10.0
4.137462,4.137462
-13.4793225,-10.0
-16.8625379,-10.0
2.0223713,2.0223713
4.1178667,4.1178667
3.4505178,3.4505178
2.7682863,2.7682863
-12.7860002,-10.0
-13.9871947,-10.0
-13.9007109,-10.0
-13.5991548,-10.0
-12.2313433,-10.0
-3.7452226,-3.7452226
-10.0047251,-10.0
-11.8123564,-10.0
7.2470471,7.2470471
-11.0107374,-10.0
6.2551684,6.2551684
-10.7997206,-10.0
7.8826846,7.8826846
-9.7340999,-9.7340999
-13.1173153,-10.0
5.7675939,5.7675939
7.8630893,7.8630893
7.1957404,7.1957404
6.5135089,6.5135089
-9.0407776,-9.0407776
-10.2419721,-10.0
-10.1554883,-10.0
-9.8539322,-9.8539322
-8.4861207,-8.4861207
3.7452226,3.7452226
2.2382448,2.2382448
17.2704363,-10.0
19.160353,-10.0
0.2763442,0.2763442
3.1267124,3.1267124
18.320717,-10.0
-0.3843181,-0.3843181
18.5337,-10.0
-0.8325121,-0.8325121
-0.3770169,-0.3770169
20.9999998,-10.0
19.1394059,-10.0
20.7272264,-10.0
16.5716915,-10.0
10.1887383,-10.0
2.870802,2.870802
0.1426494,0.1426494
1.3924562,1.3924562
20.5085278,-10.0
-2.2382448,-2.2382448
15.0321915,-10.0
16.9221082,-10.0
-1.9619006,-1.9619006
0.8884676,0.8884676
16.0824722,-10.0
-2.6225629,-2.6225629
16.2954552,-10.0
-3.0707569,-3.0707569
-2.6152617,-2.6152617
18.761755,-10.0
16.9011611,-10.0
18.4889816,-10.0
14.3334467,-10.0
7.9504935,7.9504935
0.6325572,0.6325572
-2.0955954,-2.0955954
-0.8457886,-0.8457886
18.270283,-10.0
-17.2704363,-10.0
-15.0321915,-10.0
1.8899167,1.8899167
-16.9940921,-10.0
-14.1437239,-10.0
1.0502807,1.0502807
-17.6547544,-10.0
1.2632637,1.2632637
-18.1029484,-10.0
-17.6474532,-10.0
3.7295635,3.7295635
1.8689696,1.8689696
3.4567901,3.4567901
-0.6987448,-0.6987448
-7.081698,-7.081698
-14.3996343,-10.0
-17.1277869,-10.0
-15.8779801,-10.0
3.2380915,3.2380915
-19.160353,-10.0
-16.9221082,-10.0
-1.8899167,-1.8899167
-18.8840088,-10.0
-16.0336406,-10.0
-0.839636,-0.839636
-19.5446711,-10.0
-0.626653,-0.626653
-19.9928651,-10.0
-19.5373699,-10.0
1.8396468,1.8396468
-0.0209471,-0.0209471
1.5668734,1.5668734
-2.5886615,-2.5886615
-8.9716147,-8.9716147
-16.289551,-10.0
-19.0177036,-10.0
-17.7678968,-10.0
1.3481748,1.3481748
-0.2763442,-0.2763442
1.9619006,1.9619006
16.9940921,-10.0
18.8840088,-10.0
2.8503682,2.8503682
18.0443728,-10.0
-0.6606623,-0.6606623
18.2573558,-10.0
-1.1088563,-1.1088563
-0.6533611,-0.6533611
20.7236556,-10.0
18.8630617,-10.0
20.4508822,-10.0
16.2953473,-10.0
9.9123941,9.9123941
2.5944578,2.5944578
-0.1336948,-0.1336948
1.116112,1.116112
20.2321836,-10.0
-3.1267124,-3.1267124
-0.8884676,-0.8884676
14.1437239,-10.0
16.0336406,-10.0
-2.8503682,-2.8503682
15.1940046,-10.0
-3.5110305,-3.5110305
15.4069876,-10.0
-3.9592245,-3.9592245
-3.5037293,-3.5037293
17.8732874,-10.0
16.0126935,-10.0
17.600514,-10.0
13.4449791,-10.0
7.0620259,7.0620259
-0.2559104,-0.2559104
-2.984063,-2.984063
-1.7342562,-1.7342562
17.3818154,-10.0
-18.320717,-10.0
-16.0824722,-10.0
-1.0502807,-1.0502807
0.839636,0.839636
-18.0443728,-10.0
-15.1940046,-10.0
-18.7050351,-10.0
0.212983,0.212983
-19.1532291,-10.0
-18.6977339,-10.0
2.6792828,2.6792828
0.8186889,0.8186889
2.4065094,2.4065094
-1.7490255,-1.7490255
-8.1319787,-8.1319787
-15.449915,-10.0
-18.1780676,-10.0
-16.9282608,-10.0
2.1878108,2.1878108
0.3843181,0.3843181
2.6225629,2.6225629
17.6547544,-10.0
19.5446711,-10.0
0.6606623,0.6606623
3.5110305,3.5110305
18.7050351,-10.0
18.9180181,-10.0
-0.448194,-0.448194
0.0073012,0.0073012
21.3843179,-10.0
19.523724,-10.0
21.1115445,-10.0
16.9560096,-10.0
10.5730564,-10.0
3.2551201,3.2551201
0.5269675,0.5269675
1.7767743,1.7767743
20.8928459,-10.0
-18.5337,-10.0
-16.2954552,-10.0
-1.2632637,-1.2632637
0.626653,0.626653
-18.2573558,-10.0
-15.4069876,-10.0
-0.212983,-0.212983
-18.9180181,-10.0
-19.3662121,-10.0
-18.9107169,-10.0
2.4662998,2.4662998
0.6057059,0.6057059
2.1935264,2.1935264
-1.9620085,-1.9620085
-8.3449617,-8.3449617
-15.662898,-10.0
-18.3910506,-10.0
-17.1412438,-10.0
1.9748278,1.9748278
0.8325121,0.8325121
3.0707569,3.0707569
18.1029484,-10.0
19.9928651,-10.0
1.1088563,1.1088563
3.9592245,3.9592245
19.1532291,-10.0
0.448194,0.448194
19.3662121,-10.0
0.4554952,0.4554952
21.8325119,-10.0
19.971918,-10.0
21.5597385,-10.0
17.4042036,-10.0
11.0212504,-10.0
3.7033141,3.7033141
0.9751615,0.9751615
2.2249683,2.2249683
21.3410399,-10.0
0.3770169,0.3770169
2.6152617,2.6152617
17.6474532,-10.0
19.5373699,-10.0
0.6533611,0.6533611
3.5037293,3.5037293
18.6977339,-10.0
-0.0073012,-0.0073012
18.9107169,-10.0
-0.4554952,-0.4554952
21.3770167,-10.0
19.5164228,-10.0
21.1042433,-10.0
16.9487084,-10.0
10.5657552,-10.0
3.2478189,3.2478189
0.5196663,0.5196663
1.7694731,1.7694731
20.8855447,-10.0
-20.9999998,-10.0
-18.761755,-10.0
-3.7295635,-3.7295635
-1.8396468,-1.8396468
-20.7236556,-10.0
-17.8732874,-10.0
-2.6792828,-2.6792828
-21.3843179,-10.0
-2.4662998,-2.4662998
-21.8325119,-10.0
-21.3770167,-10.0
-1.8605939,-1.8605939
-0.2727734,-0.2727734
-4.4283083,-4.4283083
-10.8112615,-10.0
-18.1291978,-10.0
-20.8573504,-10.0
-19.6075436,-10.0
-0.491472,-0.491472
-19.1394059,-10.0
-16.9011611,-10.0
-1.8689696,-1.8689696
0.0209471,0.0209471
-18.8630617,-10.0
-16.0126935,-10.0
-0.8186889,-0.8186889
-19.523724,-10.0
-0.6057059,-0.6057059
-19.971918,-10.0
-19.5164228,-10.0
1.8605939,1.8605939
1.5878205,1.5878205
-2.5677144,-2.5677144
-8.9506676,-8.9506676
-16.2686039,-10.0
-18.9967565,-10.0
-17.7469497,-10.0
1.3691219,1.3691219
-20.7272264,-10.0
-18.4889816,-10.0
-3.4567901,-3.4567901
-1.5668734,-1.5668734
-20.4508822,-10.0
-17.600514,-10.0
-2.4065094,-2.4065094
-21.1115445,-10.0
-2.1935264,-2.1935264
-21.5597385,-10.0
-21.1042433,-10.0
0.2727734,0.2727734
-1.5878205,-1.5878205
-4.1555349,-4.1555349
-10.5384881,-10.0
-17.8564244,-10.0
-20.584577,-10.0
-19.3347702,-10.0
-0.2186986,-0.2186986
-16.5716915,-10.0
-14.3334467,-10.0
0.6987448,0.6987448
2.5886615,2.5886615
-16.2953473,-10.0
-13.4449791,-10.0
1.7490255,1.7490255
-16.9560096,-10.0
1.9620085,1.9620085
-17.4042036,-10.0
-16.9487084,-10.0
4.4283083,4.4283083
2.5677144,2.5677144
4.1555349,4.1555349
-6.3829532,-6.3829532
-13.7008895,-10.0
-16.4290421,-10.0
-15.1792353,-10.0
3.9368363,3.9368363
-10.1887383,-10.0
-7.9504935,-7.9504935
7.081698,7.081698
8.9716147,8.9716147
-9.9123941,-9.9123941
-7.0620259,-7.0620259
8.1319787,8.1319787
-10.5730564,-10.0
8.3449617,8.3449617
-11.0212504,-10.0
-10.5657552,-10.0
10.8112615,-10.0
8.9506676,8.9506676
10.5384881,-10.0
6.3829532,6.3829532
-7.3179363,-7.3179363
-10.0460889,-10.0
-8.7962821,-8.7962821
10.3197895,-10.0
-2.870802,-2.870802
-0.6325572,-0.6325572
14.3996343,-10.0
16.289551,-10.0
-2.5944578,-2.5944578
0.2559104,0.2559104
15.449915,-10.0
-3.2551201,-3.2551201
15.662898,-10.0
-3.7033141,-3.7033141
-3.2478189,-3.2478189
18.1291978,-10.0
16.2686039,-10.0
17.8564244,-10.0
13.7008895,-10.0
7.3179363,7.3179363
-2.7281526,-2.7281526
-1.4783458,-1.4783458
17.6377258,-10.0
-0.1426494,-0.1426494
2.0955954,2.0955954
17.1277869,-10.0
19.0177036,-10.0
0.1336948,0.1336948
2.984063,2.984063
18.1780676,-10.0
-0.5269675,-0.5269675
18.3910506,-10.0
-0.9751615,-0.9751615
-0.5196663,-0.5196663
20.8573504,-10.0
18.9967565,-10.0
20.584577,-10.0
16.4290421,-10.0
10.0460889,-10.0
2.7281526,2.7281526
1.2498068,1.2498068
20.3658784,-10.0
-1.3924562,-1.3924562
0.8457886,0.8457886
15.8779801,-10.0
17.7678968,-10.0
-1.116112,-1.116112
1.7342562,1.7342562
16.9282608,-10.0
-1.7767743,-1.7767743
17.1412438,-10.0
-2.2249683,-2.2249683
-1.7694731,-1.7694731
19.6075436,-10.0
17.7469497,-10.0
19.3347702,-10.0
15.1792353,-10.0
8.7962821,8.7962821
1.4783458,1.4783458
-1.2498068,-1.2498068
19.1160716,-10.0
-20.5085278,-10.0
-18.270283,-10.0
-3.2380915,-3.2380915
-1.3481748,-1.3481748
-20.2321836,-10.0
-17.3818154,-10.0
-2.1878108,-2.1878108
-20.8928459,-10.0
-1.9748278,-1.9748278
-21.3410399,-10.0
-20.8855447,-10.0
0.491472,0.491472
-1.3691219,-1.3691219
0.2186986,0.2186986
-3.9368363,-3.9368363
-10.3197895,-10.0
-17.6377258,-10.0
-20.3658784,-10.0
-19.1160716,-10.0
-0.5906966,-0.5906966
15.6547416,-10.0
-2.0000272,-2.0000272
-3.6911682,-3.6911682
0.8304776,0.8304776
-2.8549227,-2.8549227
-2.0445995,-2.0445995
13.700917,-10.0
-2.4947701,-2.4947701
-2.3935202,-2.3935202
5.1008714,5.1008714
6.1829771,6.1829771
13.8180316,-10.0
10.669168,-10.0
0.6129316,0.6129316
-0.7988803,-0.7988803
-1.1686454,-1.1686454
-4.6308366,-4.6308366
-3.490442,-3.490442
0.5906966,0.5906966
16.2454382,-10.0
-1.4093306,-1.4093306
-3.1004716,-3.1004716
1.4211742,1.4211742
-2.2642261,-2.2642261
-1.4539029,-1.4539029
14.2916136,-10.0
-1.9040735,-1.9040735
-1.8028236,-1.8028236
5.691568,5.691568
6.7736737,6.7736737
14.4087282,-10.0
11.2598646,-10.0
1.2036282,1.2036282
-0.2081837,-0.2081837
-0.5779488,-0.5779488
-4.04014,-4.04014
-2.8997454,-2.8997454
-15.6547416,-10.0
-16.2454382,-10.0
-17.6547688,-10.0
-19.3459098,-10.0
-14.824264,-10.0
-18.5096643,-10.0
-17.6993411,-10.0
-1.9538246,-1.9538246
-18.1495117,-10.0
-18.0482618,-10.0
-10.5538702,-10.0
-9.4717645,-9.4717645
-1.83671,-1.83671
-4.9855736,-4.9855736
-15.04181,-10.0
-16.4536219,-10.0
-16.823387,-10.0
-20.2855782,-10.0
-19.1451836,-10.0
2.0000272,2.0000272
1.4093306,1.4093306
17.6547688,-10.0
-1.691141,-1.691141
2.8305048,2.8305048
-0.8548955,-0.8548955
-0.0445723,-0.0445723
15.7009442,-10.0
-0.4947429,-0.4947429
-0.393493,-0.393493
7.1008986,7.1008986
8.1830043,8.1830043
15.8180588,-10.0
12.6691952,-10.0
2.6129588,2.6129588
1.2011469,1.2011469
0.8313818,0.8313818
-2.6308094,-2.6308094
-1.4904148,-1.4904148
3.6911682,3.6911682
3.1004716,3.1004716
19.3459098,-10.0
1.691141,1.691141
4.5216458,4.5216458
0.8362455,0.8362455
1.6465687,1.6465687
17.3920852,-10.0
1.1963981,1.1963981
1.297648,1.297648
8.7920396,8.7920396
9.8741453,9.8741453
17.5091998,-10.0
14.3603362,-10.0
4.3040998,4.3040998
2.8922879,2.8922879
2.5225228,2.5225228
-0.9396684,-0.9396684
0.2007262,0.2007262
-0.8304776,-0.8304776
-1.4211742,-1.4211742
14.824264,-10.0
-2.8305048,-2.8305048
-4.5216458,-4.5216458
-3.6854003,-3.6854003
-2.8750771,-2.8750771
12.8704394,-10.0
-3.3252477,-3.3252477
-3.2239978,-3.2239978
4.2703938,4.2703938
5.3524995,5.3524995
12.987554,-10.0
9.8386904,9.8386904
-0.217546,-0.217546
-1.6293579,-1.6293579
-1.999123,-1.999123
-5.4613142,-5.4613142
-4.3209196,-4.3209196
2.8549227,2.8549227
2.2642261,2.2642261
18.5096643,-10.0
0.8548955,0.8548955
-0.8362455,-0.8362455
3.6854003,3.6854003
0.8103232,0.8103232
16.5558397,-10.0
0.3601526,0.3601526
0.4614025,0.4614025
7.9557941,7.9557941
9.0378998,9.0378998
16.6729543,-10.0
13.5240907,-10.0
3.4678543,3.4678543
2.0560424,2.0560424
1.6862773,1.6862773
-1.7759139,-1.7759139
-0.6355193,-0.6355193
2.0445995,2.0445995
1.4539029,1.4539029
17.6993411,-10.0
0.0445723,0.0445723
-1.6465687,-1.6465687
2.8750771,2.8750771
-0.8103232,-0.8103232
15.7455165,-10.0
-0.4501706,-0.4501706
-0.3489207,-0.3489207
7.1454709,7.1454709
8.2275766,8.2275766
15.8626311,-10.0
12.7137675,-10.0
2.6575311,2.6575311
1.2457192,1.2457192
0.8759541,0.8759541
-2.5862371,-2.5862371
-1.4458425,-1.4458425
-13.700917,-10.0
-14.2916136,-10.0
1.9538246,1.9538246
-15.7009442,-10.0
-17.3920852,-10.0
-12.8704394,-10.0
-16.5558397,-10.0
-15.7455165,-10.0
-16.1956871,-10.0
-16.0944372,-10.0
-8.6000456,-8.6000456
-7.5179399,-7.5179399
0.1171146,0.1171146
-3.031749,-3.031749
-13.0879854,-10.0
-14.4997973,-10.0
-14.8695624,-10.0
-18.3317536,-10.0
-17.191359,-10.0
2.4947701,2.4947701
1.9040735,1.9040735
18.1495117,-10.0
0.4947429,0.4947429
-1.1963981,-1.1963981
3.3252477,3.3252477
-0.3601526,-0.3601526
0.4501706,0.4501706
16.1956871,-10.0
0.1012499,0.1012499
7.5956415,7.5956415
8.6777472,8.6777472
16.3128017,-10.0
13.1639381,-10.0
3.1077017,3.1077017
1.6958898,1.6958898
1.3261247,1.3261247
-2.1360665,-2.1360665
-0.9956719,-0.9956719
2.3935202,2.3935202
1.8028236,1.8028236
18.0482618,-10.0
0.393493,0.393493
-1.297648,-1.297648
3.2239978,3.2239978
-0.4614025,-0.4614025
0.3489207,0.3489207
16.0944372,-10.0
-0.1012499,-0.1012499
7.4943916,7.4943916
8.5764973,8.5764973
16.2115518,-10.0
13.0626882,-10.0
3.0064518,3.0064518
1.5946399,1.5946399
1.2248748,1.2248748
-2.2373164,-2.2373164
-1.0969218,-1.0969218
-5.1008714,-5.1008714
-5.691568,-5.691568
10.5538702,-10.0
-7.1008986,-7.1008986
-8.7920396,-8.7920396
-4.2703938,-4.2703938
-7.9557941,-7.9557941
-7.1454709,-7.1454709
8.6000456,8.6000456
-7.5956415,-7.5956415
-7.4943916,-7.4943916
1.0821057,1.0821057
8.7171602,8.7171602
5.5682966,5.5682966
-4.4879398,-4.4879398
-5.8997517,-5.8997517
-6.2695168,-6.2695168
-9.731708,-9.731708
-8.5913134,-8.5913134
-6.1829771,-6.1829771
-6.7736737,-6.7736737
9.4717645,9.4717645
-8.1830043,-8.1830043
-9.8741453,-9.8741453
-5.3524995,-5.3524995
-9.0378998,-9.0378998
-8.2275766,-8.2275766
7.5179399,7.5179399
-8.6777472,-8.6777472
-8.5764973,-8.5764973
-1.0821057,-1.0821057
7.6350545,7.6350545
4.4861909,4.4861909
-5.5700455,-5.5700455
-6.9818574,-6.9818574
-7.3516225,-7.3516225
-10.8138137,-10.0
-9.6734191,-9.6734191
-13.8180316,-10.0
-14.4087282,-10.0
1.83671,1.83671
-15.8180588,-10.0
-17.5091998,-10.0
-12.987554,-10.0
-16.6729543,-10.0
-15.8626311,-10.0
-0.1171146,-0.1171146
-16.3128017,-10.0
-16.2115518,-10.0
-8.7171602,-8.7171602
-7.6350545,-7.6350545
-3.1488636,-3.1488636
-13.2051,-10.0
-14.6169119,-10.0
-14.986677,-10.0
-18.4488682,-10.0
-17.3084736,-10.0
-10.669168,-10.0
-11.2598646,-10.0
4.9855736,4.9855736
-12.6691952,-10.0
-14.3603362,-10.0
-9.8386904,-9.8386904
-13.5240907,-10.0
-12.7137675,-10.0
3.031749,3.031749
-13.1639381,-10.0
-13.0626882,-10.0
-5.5682966,-5.5682966
-4.4861909,-4.4861909
3.1488636,3.1488636
-10.0562364,-10.0
-11.4680483,-10.0
-11.8378134,-10.0
-15.3000046,-10.0
-14.15961,-10.0
-0.6129316,-0.6129316
-1.2036282,-1.2036282
15.04181,-10.0
-2.6129588,-2.6129588
-4.3040998,-4.3040998
0.217546,0.217546
-3.4678543,-3.4678543
-2.6575311,-2.6575311
13.0879854,-10.0
-3.1077017,-3.1077017
-3.0064518,-3.0064518
4.4879398,4.4879398
5.5700455,5.5700455
13.2051,-10.0
10.0562364,-10.0
-1.4118119,-1.4118119
-1.781577,-1.781577
-5.2437682,-5.2437682
-4.1033736,-4.1033736
0.7988803,0.7988803
0.2081837,0.2081837
16.4536219,-10.0
-1.2011469,-1.2011469
-2.8922879,-2.8922879
1.6293579,1.6293579
-2.0560424,-2.0560424
-1.2457192,-1.2457192
14.4997973,-10.0
-1.6958898,-1.6958898
-1.5946399,-1.5946399
5.8997517,5.8997517
6.9818574,6.9818574
14.6169119,-10.0
11.4680483,-10.0
1.4118119,1.4118119
-0.3697651,-0.3697651
-3.8319563,-3.8319563
-2.6915617,-2.6915617
1.1686454,1.1686454
0.5779488,0.5779488
16.823387,-10.0
-0.8313818,-0.8313818
-2.5225228,-2.5225228
1.999123,1.999123
-1.6862773,-1.6862773
-0.8759541,-0.8759541
14.8695624,-10.0
-1.3261247,-1.3261247
-1.2248748,-1.2248748
6.2695168,6.2695168
7.3516225,7.3516225
14.986677,-10.0
11.8378134,-10.0
1.781577,1.781577
0.3697651,0.3697651
-3.4621912,-3.4621912
-2.3217966,-2.3217966
4.6308366,4.6308366
4.04014,4.04014
20.2855782,-10.0
2.6308094,2.6308094
0.9396684,0.9396684
5.4613142,5.4613142
1.7759139,1.7759139
2.5862371,2.5862371
18.3317536,-10.0
2.1360665,2.1360665
2.2373164,2.2373164
9.731708,9.731708
10.8138137,-10.0
18.4488682,-10.0
15.3000046,-10.0
5.2437682,5.2437682
3.8319563,3.8319563
3.4621912,3.4621912
1.1403946,1.1403946
3.490442,3.490442
2.8997454,2.8997454
19.1451836,-10.0
1.4904148,1.4904148
-0.2007262,-0.2007262
4.3209196,4.3209196
0.6355193,0.6355193
1.4458425,1.4458425
17.191359,-10.0
0.9956719,0.9956719
1.0969218,1.0969218
8.5913134,8.5913134
9.6734191,9.6734191
17.3084736,-10.0
14.15961,-10.0
4.1033736,4.1033736
2.6915617,2.6915617
2.3217966,2.3217966
-1.1403946,-1.1403946
4.6495203,4.6495203
3.2500792,3.2500792
20.5161216,-10.0
20.9999994,-10.0
1.9006767,1.9006767
3.0217235,3.0217235
4.357572,4.357572
0.8427364,0.8427364
4.1606293,4.1606293
3.1739635,3.1739635
0.6446124,0.6446124
18.4216682,-10.0
3.8340923,3.8340923
3.8906293,3.8906293
1.3931596,1.3931596
2.071981,2.071981
5.2663109,5.2663109
20.8927688,-10.0
5.0010404,5.0010404
-4.6495203,-4.6495203
-1.3994411,-1.3994411
15.8666013,-10.0
16.3504791,-10.0
-2.7488436,-2.7488436
-1.6277968,-1.6277968
-0.2919483,-0.2919483
-3.8067839,-3.8067839
-0.488891,-0.488891
-1.4755568,-1.4755568
-4.0049079,-4.0049079
13.7721479,-10.0
-0.815428,-0.815428
-0.758891,-0.758891
-3.2563607,-3.2563607
-2.5775393,-2.5775393
0.6167906,0.6167906
16.2432485,-10.0
0.3515201,0.3515201
-3.2500792,-3.2500792
1.3994411,1.3994411
17.2660424,-10.0
17.7499202,-10.0
-1.3494025,-1.3494025
-0.2283557,-0.2283557
1.1074928,1.1074928
-2.4073428,-2.4073428
0.9105501,0.9105501
-0.0761157,-0.0761157
-2.6054668,-2.6054668
15.171589,-10.0
0.5840131,0.5840131
0.6405501,0.6405501
-1.8569196,-1.8569196
-1.1780982,-1.1780982
2.0162317,2.0162317
17.6426896,-10.0
1.7509612,1.7509612
-20.5161216,-10.0
-15.8666013,-10.0
-17.2660424,-10.0
0.4838778,0.4838778
-18.6154449,-10.0
-17.4943981,-10.0
-16.1585496,-10.0
-19.6733852,-10.0
-16.3554923,-10.0
-17.3421581,-10.0
-19.8715092,-10.0
-2.0944534,-2.0944534
-16.6820293,-10.0
-16.6254923,-10.0
-19.122962,-10.0
-18.4441406,-10.0
-15.2498107,-10.0
0.3766472,0.3766472
-15.5150812,-10.0
-20.9999994,-10.0
-16.3504791,-10.0
-17.7499202,-10.0
-0.4838778,-0.4838778
-19.0993227,-10.0
-17.9782759,-10.0
-16.6424274,-10.0
-20.157263,-10.0
-16.8393701,-10.0
-17.8260359,-10.0
-20.355387,-10.0
-2.5783312,-2.5783312
-17.1659071,-10.0
-17.1093701,-10.0
-19.6068398,-10.0
-18.9280184,-10.0
-15.7336885,-10.0
-0.1072306,-0.1072306
-15.998959,-10.0
-1.9006767,-1.9006767
2.7488436,2.7488436
1.3494025,1.3494025
18.6154449,-10.0
19.0993227,-10.0
1.1210468,1.1210468
2.4568953,2.4568953
-1.0579403,-1.0579403
2.2599526,2.2599526
1.2732868,1.2732868
-1.2560643,-1.2560643
16.5209915,-10.0
1.9334156,1.9334156
1.9899526,1.9899526
-0.5075171,-0.5075171
0.1713043,0.1713043
3.3656342,3.3656342
18.9920921,-10.0
3.1003637,3.1003637
-3.0217235,-3.0217235
1.6277968,1.6277968
0.2283557,0.2283557
17.4943981,-10.0
17.9782759,-10.0
-1.1210468,-1.1210468
1.3358485,1.3358485
-2.1789871,-2.1789871
1.1389058,1.1389058
0.15224,0.15224
-2.3771111,-2.3771111
15.3999447,-10.0
0.8123688,0.8123688
0.8689058,0.8689058
-1.6285639,-1.6285639
-0.9497425,-0.9497425
2.2445874,2.2445874
17.8710453,-10.0
1.9793169,1.9793169
-4.357572,-4.357572
0.2919483,0.2919483
-1.1074928,-1.1074928
16.1585496,-10.0
16.6424274,-10.0
-2.4568953,-2.4568953
-1.3358485,-1.3358485
-3.5148356,-3.5148356
-0.1969427,-0.1969427
-1.1836085,-1.1836085
-3.7129596,-3.7129596
14.0640962,-10.0
-0.5234797,-0.5234797
-0.4669427,-0.4669427
-2.9644124,-2.9644124
-2.285591,-2.285591
0.9087389,0.9087389
16.5351968,-10.0
0.6434684,0.6434684
-0.8427364,-0.8427364
3.8067839,3.8067839
2.4073428,2.4073428
19.6733852,-10.0
20.157263,-10.0
1.0579403,1.0579403
2.1789871,2.1789871
3.5148356,3.5148356
3.3178929,3.3178929
2.3312271,2.3312271
-0.198124,-0.198124
17.5789318,-10.0
2.9913559,2.9913559
3.0478929,3.0478929
0.5504232,0.5504232
1.2292446,1.2292446
4.4235745,4.4235745
20.0500324,-10.0
4.158304,4.158304
-4.1606293,-4.1606293
0.488891,0.488891
-0.9105501,-0.9105501
16.3554923,-10.0
16.8393701,-10.0
-2.2599526,-2.2599526
-1.1389058,-1.1389058
0.1969427,0.1969427
-3.3178929,-3.3178929
-0.9866658,-0.9866658
-3.5160169,-3.5160169
14.2610389,-10.0
-0.326537,-0.326537
-0.27,-0.27
-2.7674697,-2.7674697
-2.0886483,-2.0886483
1.1056816,1.1056816
16.7321395,-10.0
0.8404111,0.8404111
-3.1739635,-3.1739635
1.4755568,1.4755568
0.0761157,0.0761157
17.3421581,-10.0
17.8260359,-10.0
-1.2732868,-1.2732868
-0.15224,-0.15224
1.1836085,1.1836085
-2.3312271,-2.3312271
0.9866658,0.9866658
-2.5293511,-2.5293511
15.2477047,-10.0
0.6601288,0.6601288
0.7166658,0.7166658
-1.7808039,-1.7808039
-1.1019825,-1.1019825
2.0923474,2.0923474
17.7188053,-10.0
1.8270769,1.8270769
-0.6446124,-0.6446124
4.0049079,4.0049079
2.6054668,2.6054668
19.8715092,-10.0
20.355387,-10.0
1.2560643,1.2560643
2.3771111,2.3771111
3.7129596,3.7129596
0.198124,0.198124
3.5160169,3.5160169
2.5293511,2.5293511
17.7770558,-10.0
3.1894799,3.1894799
3.2460169,3.2460169
0.7485472,0.7485472
1.4273686,1.4273686
4.6216985,4.6216985
20.2481564,-10.0
4.356428,4.356428
-18.4216682,-10.0
-13.7721479,-10.0
-15.171589,-10.0
2.0944534,2.0944534
2.5783312,2.5783312
-16.5209915,-10.0
-15.3999447,-10.0
-14.0640962,-10.0
-17.5789318,-10.0
-14.2610389,-10.0
-15.2477047,-10.0
-17.7770558,-10.0
-14.5875759,-10.0
-14.5310389,-10.0
-17.0285086,-10.0
-16.3496872,-10.0
-13.1553573,-10.0
2.4711006,2.4711006
-13.4206278,-10.0
-3.8340923,-3.8340923
0.815428,0.815428
-0.5840131,-0.5840131
16.6820293,-10.0
17.1659071,-10.0
-1.9334156,-1.9334156
-0.8123688,-0.8123688
0.5234797,0.5234797
-2.9913559,-2.9913559
0.326537,0.326537
-0.6601288,-0.6601288
-3.1894799,-3.1894799
14.5875759,-10.0
0.056537,0.056537
-2.4409327,-2.4409327
-1.7621113,-1.7621113
1.4322186,1.4322186
17.0586765,-10.0
1.1669481,1.1669481
-3.8906293,-3.8906293
0.758891,0.758891
-0.6405501,-0.6405501
16.6254923,-10.0
17.1093701,-10.0
-1.9899526,-1.9899526
-0.8689058,-0.8689058
0.4669427,0.4669427
-3.0478929,-3.0478929
0.27,0.27
-0.7166658,-0.7166658
-3.2460169,-3.2460169
14.5310389,-10.0
-0.056537,-0.056537
-2.4974697,-2.4974697
-1.8186483,-1.8186483
1.3756816,1.3756816
17.0021395,-10.0
1.1104111,1.1104111
-1.3931596,-1.3931596
3.2563607,3.2563607
1.8569196,1.8569196
19.122962,-10.0
19.6068398,-10.0
0.5075171,0.5075171
1.6285639,1.6285639
2.9644124,2.9644124
-0.5504232,-0.5504232
2.7674697,2.7674697
1.7808039,1.7808039
-0.7485472,-0.7485472
17.0285086,-10.0
2.4409327,2.4409327
2.4974697,2.4974697
0.6788214,0.6788214
3.8731513,3.8731513
19.4996092,-10.0
3.6078808,3.6078808
-2.071981,-2.071981
2.5775393,2.5775393
1.1780982,1.1780982
18.4441406,-10.0
18.9280184,-10.0
-0.1713043,-0.1713043
0.9497425,0.9497425
2.285591,2.285591
-1.2292446,-1.2292446
2.0886483,2.0886483
1.1019825,1.1019825
-1.4273686,-1.4273686
16.3496872,-10.0
1.7621113,1.7621113
1.8186483,1.8186483
-0.6788214,-0.6788214
3.1943299,3.1943299
18.8207878,-10.0
2.9290594,2.9290594
-5.2663109,-5.2663109
-0.6167906,-0.6167906
-2.0162317,-2.0162317
15.2498107,-10.0
15.7336885,-10.0
-3.3656342,-3.3656342
-2.2445874,-2.2445874
-0.9087389,-0.9087389
-4.4235745,-4.4235745
-1.1056816,-1.1056816
-2.0923474,-2.0923474
-4.6216985,-4.6216985
13.1553573,-10.0
-1.4322186,-1.4322186
-1.3756816,-1.3756816
-3.8731513,-3.8731513
-3.1943299,-3.1943299
15.6264579,-10.0
-0.2652705,-0.2652705
-20.8927688,-10.0
-16.2432485,-10.0
-17.6426896,-10.0
-0.3766472,-0.3766472
0.1072306,0.1072306
-18.9920921,-10.0
-17.8710453,-10.0
-16.5351968,-10.0
-20.0500324,-10.0
-16.7321395,-10.0
-17.7188053,-10.0
-20.2481564,-10.0
-2.4711006,-2.4711006
-17.0586765,-10.0
-17.0021395,-10.0
-19.4996092,-10.0
-18.8207878,-10.0
-15.6264579,-10.0
-15.8917284,-10.0
-5.0010404,-5.0010404
-0.3515201,-0.3515201
-1.7509612,-1.7509612
15.5150812,-10.0
15.998959,-10.0
-3.1003637,-3.1003637
-1.9793169,-1.9793169
-0.6434684,-0.6434684
-4.158304,-4.158304
-0.8404111,-0.8404111
-1.8270769,-1.8270769
-4.356428,-4.356428
13.4206278,-10.0
-1.1669481,-1.1669481
-1.1104111,-1.1104111
-3.6078808,-3.6078808
-2.9290594,-2.9290594
0.2652705,0.2652705
15.8917284,-10.0
0.4549641,0.4549641
2.1509382,2.1509382
0.2377278,0.2377278
0.1733806,0.1733806
3.1248439,3.1248439
2.4508233,2.4508233
-1.6616731,-1.6616731
15.4933605,-10.0
0.1730722,0.1730722
0.3240863,0.3240863
1.8706163,1.8706163
3.0645202,3.0645202
2.2199967,2.2199967
2.5948493,2.5948493
1.5507144,1.5507144
1.4360251,1.4360251
-0.4710124,-0.4710124
-1.5790267,-1.5790267
-2.7833241,-2.7833241
-0.4549641,-0.4549641
1.6959741,1.6959741
-0.2172363,-0.2172363
-0.2815835,-0.2815835
2.6698798,2.6698798
1.9958592,1.9958592
-2.1166372,-2.1166372
15.0383964,-10.0
-0.2818919,-0.2818919
-0.1308778,-0.1308778
1.4156522,1.4156522
2.6095561,2.6095561
1.7650326,1.7650326
2.1398852,2.1398852
1.0957503,1.0957503
0.981061,0.981061
-0.9259765,-0.9259765
-2.0339908,-2.0339908
-3.2382882,-3.2382882
-2.1509382,-2.1509382
-1.6959741,-1.6959741
-1.9132104,-1.9132104
-1.9775576,-1.9775576
0.9739057,0.9739057
0.2998851,0.2998851
-3.8126113,-3.8126113
13.3424223,-10.0
-1.977866,-1.977866
-1.8268519,-1.8268519
-0.2803219,-0.2803219
0.913582,0.913582
0.0690585,0.0690585
0.4439111,0.4439111
-0.6002238,-0.6002238
-0.7149131,-0.7149131
-2.6219506,-2.6219506
-3.7299649,-3.7299649
-4.9342623,-4.9342623
-0.2377278,-0.2377278
0.2172363,0.2172363
1.9132104,1.9132104
-0.0643472,-0.0643472
2.8871161,2.8871161
2.2130955,2.2130955
-1.8994009,-1.8994009
15.2556327,-10.0
-0.0646556,-0.0646556
0.0863585,0.0863585
1.6328885,1.6328885
2.8267924,2.8267924
1.9822689,1.9822689
2.3571215,2.3571215
1.3129866,1.3129866
1.1982973,1.1982973
-0.7087402,-0.7087402
-1.8167545,-1.8167545
-3.0210519,-3.0210519
-0.1733806,-0.1733806
0.2815835,0.2815835
1.9775576,1.9775576
0.0643472,0.0643472
2.9514633,2.9514633
2.2774427,2.2774427
-1.8350537,-1.8350537
15.3199799,-10.0
-0.0003084,-0.0003084
0.1507057,0.1507057
1.6972357,1.6972357
2.8911396,2.8911396
2.0466161,2.0466161
2.4214687,2.4214687
1.3773338,1.3773338
1.2626445,1.2626445
-0.644393,-0.644393
-1.7524073,-1.7524073
-2.9567047,-2.9567047
-3.1248439,-3.1248439
-2.6698798,-2.6698798
-0.9739057,-0.9739057
-2.8871161,-2.8871161
-2.9514633,-2.9514633
-0.6740206,-0.6740206
-4.786517,-4.786517
12.3685166,-10.0
-2.9517717,-2.9517717
-2.8007576,-2.8007576
-1.2542276,-1.2542276
-0.0603237,-0.0603237
-0.9048472,-0.9048472
-0.5299946,-0.5299946
-1.5741295,-1.5741295
-1.6888188,-1.6888188
-3.5958563,-3.5958563
-4.7038706,-4.7038706
-5.908168,-5.908168
-2.4508233,-2.4508233
-1.9958592,-1.9958592
-0.2998851,-0.2998851
-2.2130955,-2.2130955
-2.2774427,-2.2774427
0.6740206,0.6740206
-4.1124964,-4.1124964
13.0425372,-10.0
-2.2777511,-2.2777511
-2.126737,-2.126737
-0.580207,-0.580207
0.6136969,0.6136969
-0.2308266,-0.2308266
0.144026,0.144026
-0.9001089,-0.9001089
-1.0147982,-1.0147982
-2.9218357,-2.9218357
-4.02985,-4.02985
-5.2341474,-5.2341474
1.6616731,1.6616731
2.1166372,2.1166372
3.8126113,3.8126113
1.8994009,1.8994009
1.8350537,1.8350537
4.786517,4.786517
4.1124964,4.1124964
17.1550336,-10.0
1.8347453,1.8347453
1.9857594,1.9857594
3.5322894,3.5322894
4.7261933,4.7261933
3.8816698,3.8816698
4.2565224,4.2565224
3.2123875,3.2123875
3.0976982,3.0976982
1.1906607,1.1906607
0.0826464,0.0826464
-1.121651,-1.121651
-15.4933605,-10.0
-15.0383964,-10.0
-13.3424223,-10.0
-15.2556327,-10.0
-15.3199799,-10.0
-12.3685166,-10.0
-13.0425372,-10.0
-17.1550336,-10.0
-15.3202883,-10.0
-15.1692742,-10.0
-13.6227442,-10.0
-12.4288403,-10.0
-13.2733638,-10.0
-12.8985112,-10.0
-13.9426461,-10.0
-14.0573354,-10.0
-15.9643729,-10.0
-17.0723872,-10.0
-18.2766846,-10.0
-0.1730722,-0.1730722
0.2818919,0.2818919
1.977866,1.977866
0.0646556,0.0646556
0.0003084,0.0003084
2.9517717,2.9517717
2.2777511,2.2777511
-1.8347453,-1.8347453
15.3202883,-10.0
0.1510141,0.1510141
1.6975441,1.6975441
2.891448,2.891448
2.0469245,2.0469245
2.4217771,2.4217771
1.3776422,1.3776422
1.2629529,1.2629529
-0.6440846,-0.6440846
-1.7520989,-1.7520989
-2.9563963,-2.9563963
-0.3240863,-0.3240863
0.1308778,0.1308778
1.8268519,1.8268519
-0.0863585,-0.0863585
-0.1507057,-0.1507057
2.8007576,2.8007576
2.126737,2.126737
-1.9857594,-1.9857594
15.1692742,-10.0
-0.1510141,-0.1510141
1.54653,1.54653
2.7404339,2.7404339
1.8959104,1.8959104
2.270763,2.270763
1.2266281,1.2266281
1.1119388,1.1119388
-0.7950987,-0.7950987
-1.903113,-1.903113
-3.1074104,-3.1074104
-1.8706163,-1.8706163
-1.4156522,-1.4156522
0.2803219,0.2803219
-1.6328885,-1.6328885
-1.6972357,-1.6972357
1.2542276,1.2542276
0.580207,0.580207
-3.5322894,-3.5322894
13.6227442,-10.0
-1.6975441,-1.6975441
-1.54653,-1.54653
1.1939039,1.1939039
0.3493804,0.3493804
0.724233,0.724233
-0.3199019,-0.3199019
-0.4345912,-0.4345912
-2.3416287,-2.3416287
-3.449643,-3.449643
-4.6539404,-4.6539404
-3.0645202,-3.0645202
-2.6095561,-2.6095561
-0.913582,-0.913582
-2.8267924,-2.8267924
-2.8911396,-2.8911396
0.0603237,0.0603237
-0.6136969,-0.6136969
-4.7261933,-4.7261933
12.4288403,-10.0
-2.891448,-2.891448
-2.7404339,-2.7404339
-1.1939039,-1.1939039
-0.8445235,-0.8445235
-0.4696709,-0.4696709
-1.5138058,-1.5138058
-1.6284951,-1.6284951
-3.5355326,-3.5355326
-4.6435469,-4.6435469
-5.8478443,-5.8478443
-2.2199967,-2.2199967
-1.7650326,-1.7650326
-0.0690585,-0.0690585
-1.9822689,-1.9822689
-2.0466161,-2.0466161
0.9048472,0.9048472
0.2308266,0.2308266
-3.8816698,-3.8816698
13.2733638,-10.0
-2.0469245,-2.0469245
-1.8959104,-1.8959104
-0.3493804,-0.3493804
0.8445235,0.8445235
0.3748526,0.3748526
-0.6692823,-0.6692823
-0.7839716,-0.7839716
-2.6910091,-2.6910091
-3.7990234,-3.7990234
-5.0033208,-5.0033208
-2.5948493,-2.5948493
-2.1398852,-2.1398852
-0.4439111,-0.4439111
-2.3571215,-2.3571215
-2.4214687,-2.4214687
0.5299946,0.5299946
-0.144026,-0.144026
-4.2565224,-4.2565224
12.8985112,-10.0
-2.4217771,-2.4217771
-2.270763,-2.270763
-0.724233,-0.724233
0.4696709,0.4696709
-0.3748526,-0.3748526
-1.0441349,-1.0441349
-1.1588242,-1.1588242
-3.0658617,-3.0658617
-4.173876,-4.173876
-5.3781734,-5.3781734
-1.5507144,-1.5507144
-1.0957503,-1.0957503
0.6002238,0.6002238
-1.3129866,-1.3129866
-1.3773338,-1.3773338
1.5741295,1.5741295
0.9001089,0.9001089
-3.2123875,-3.2123875
13.9426461,-10.0
-1.3776422,-1.3776422
-1.2266281,-1.2266281
0.3199019,0.3199019
1.5138058,1.5138058
0.6692823,0.6692823
1.0441349,1.0441349
-0.1146893,-0.1146893
-2.0217268,-2.0217268
-3.1297411,-3.1297411
-4.3340385,-4.3340385
-1.4360251,-1.4360251
-0.981061,-0.981061
0.7149131,0.7149131
-1.1982973,-1.1982973
-1.2626445,-1.2626445
1.6888188,1.6888188
1.0147982,1.0147982
-3.0976982,-3.0976982
14.0573354,-10.0
-1.2629529,-1.2629529
-1.1119388,-1.1119388
0.4345912,0.4345912
1.6284951,1.6284951
0.7839716,0.7839716
1.1588242,1.1588242
0.1146893,0.1146893
-1.9070375,-1.9070375
-3.0150518,-3.0150518
-4.2193492,-4.2193492
0.4710124,0.4710124
0.9259765,0.9259765
2.6219506,2.6219506
0.7087402,0.7087402
0.644393,0.644393
3.5958563,3.5958563
2.9218357,2.9218357
-1.1906607,-1.1906607
15.9643729,-10.0
0.6440846,0.6440846
0.7950987,0.7950987
2.3416287,2.3416287
3.5355326,3.5355326
2.6910091,2.6910091
3.0658617,3.0658617
2.0217268,2.0217268
1.9070375,1.9070375
-1.1080143,-1.1080143
-2.3123117,-2.3123117
1.5790267,1.5790267
2.0339908,2.0339908
3.7299649,3.7299649
1.8167545,1.8167545
1.7524073,1.7524073
4.7038706,4.7038706
4.02985,4.02985
-0.0826464,-0.0826464
17.0723872,-10.0
1.7520989,1.7520989
1.903113,1.903113
3.449643,3.449643
4.6435469,4.6435469
3.7990234,3.7990234
4.173876,4.173876
3.1297411,3.1297411
3.0150518,3.0150518
1.1080143,1.1080143
-1.2042974,-1.2042974
2.7833241,2.7833241
3.2382882,3.2382882
4.9342623,4.9342623
3.0210519,3.0210519
2.9567047,2.9567047
5.908168,5.908168
5.2341474,5.2341474
1.121651,1.121651
18.2766846,-10.0
2.9563963,2.9563963
3.1074104,3.1074104
4.6539404,4.6539404
5.8478443,5.8478443
5.0033208,5.0033208
5.3781734,5.3781734
4.3340385,4.3340385
4.2193492,4.2193492
2.3123117,2.3123117
1.2042974,1.2042974
1.0026169,1.0026169
-1.4545871,-1.4545871
-1.9417191,-1.9417191
0.2998475,0.2998475
0.6208474,0.6208474
-0.748649,-0.748649
0.7541384,0.7541384
-1.5054586,-1.5054586
13.3031885,-10.0
-2.2389407,-2.2389407
-0.7606435,-0.7606435
-0.7301784,-0.7301784
0.2182584,0.2182584
0.0850821,0.0850821
0.3117879,0.3117879
0.9556474,0.9556474
1.1178803,1.1178803
17.9705657,-10.0
16.6912996,-10.0
-1.0026169,-1.0026169
-2.457204,-2.457204
-2.944336,-2.944336
-0.7027694,-0.7027694
-0.3817695,-0.3817695
-1.7512659,-1.7512659
-0.2484785,-0.2484785
-2.5080755,-2.5080755
12.3005716,-10.0
-3.2415576,-3.2415576
-1.7632604,-1.7632604
-1.7327953,-1.7327953
-0.7843585,-0.7843585
-0.9175348,-0.9175348
-0.690829,-0.690829
-0.0469695,-0.0469695
0.1152634,0.1152634
16.9679488,-10.0
15.6886827,-10.0
1.4545871,1.4545871
2.457204,2.457204
-0.487132,-0.487132
1.7544346,1.7544346
2.0754345,2.0754345
0.7059381,0.7059381
2.2087255,2.2087255
-0.0508715,-0.0508715
14.7577756,-10.0
-0.7843536,-0.7843536
0.6939436,0.6939436
0.7244087,0.7244087
1.6728455,1.6728455
1.5396692,1.5396692
1.766375,1.766375
2.4102345,2.4102345
2.5724674,2.5724674
19.4251528,-10.0
18.1458867,-10.0
1.9417191,1.9417191
2.944336,2.944336
0.487132,0.487132
2.2415666,2.2415666
2.5625665,2.5625665
1.1930701,1.1930701
2.6958575,2.6958575
0.4362605,0.4362605
15.2449076,-10.0
-0.2972216,-0.2972216
1.1810756,1.1810756
1.2115407,1.2115407
2.1599775,2.1599775
2.0268012,2.0268012
2.253507,2.253507
2.8973665,2.8973665
3.0595994,3.0595994
19.9122848,-10.0
18.6330187,-10.0
-0.2998475,-0.2998475
0.7027694,0.7027694
-1.7544346,-1.7544346
-2.2415666,-2.2415666
0.3209999,0.3209999
-1.0484965,-1.0484965
0.4542909,0.4542909
-1.8053061,-1.8053061
13.003341,-10.0
-2.5387882,-2.5387882
-1.060491,-1.060491
-1.0300259,-1.0300259
-0.0815891,-0.0815891
-0.2147654,-0.2147654
0.0119404,0.0119404
0.6557999,0.6557999
0.8180328,0.8180328
17.6707182,-10.0
16.3914521,-10.0
-0.6208474,-0.6208474
0.3817695,0.3817695
-2.0754345,-2.0754345
-2.5625665,-2.5625665
-0.3209999,-0.3209999
-1.3694964,-1.3694964
0.133291,0.133291
-2.126306,-2.126306
12.6823411,-10.0
-2.8597881,-2.8597881
-1.3814909,-1.3814909
-1.3510258,-1.3510258
-0.402589,-0.402589
-0.5357653,-0.5357653
-0.3090595,-0.3090595
0.3348,0.3348
0.4970329,0.4970329
17.3497183,-10.0
16.0704522,-10.0
0.748649,0.748649
1.7512659,1.7512659
-0.7059381,-0.7059381
-1.1930701,-1.1930701
1.0484965,1.0484965
1.3694964,1.3694964
1.5027874,1.5027874
-0.7568096,-0.7568096
14.0518375,-10.0
-1.4902917,-1.4902917
-0.0119945,-0.0119945
0.0184706,0.0184706
0.9669074,0.9669074
0.8337311,0.8337311
1.0604369,1.0604369
1.7042964,1.7042964
1.8665293,1.8665293
18.7192147,-10.0
17.4399486,-10.0
-0.7541384,-0.7541384
0.2484785,0.2484785
-2.2087255,-2.2087255
-2.6958575,-2.6958575
-0.4542909,-0.4542909
-0.133291,-0.133291
-1.5027874,-1.5027874
-2.259597,-2.259597
12.5490501,-10.0
-2.9930791,-2.9930791
-1.5147819,-1.5147819
-1.4843168,-1.4843168
-0.53588,-0.53588
-0.6690563,-0.6690563
-0.4423505,-0.4423505
0.201509,0.201509
0.3637419,0.3637419
17.2164273,-10.0
15.9371612,-10.0
1.5054586,1.5054586
2.5080755,2.5080755
0.0508715,0.0508715
-0.4362605,-0.4362605
1.8053061,1.8053061
2.126306,2.126306
0.7568096,0.7568096
2.259597,2.259597
14.8086471,-10.0
-0.7334821,-0.7334821
0.7448151,0.7448151
0.7752802,0.7752802
1.723717,1.723717
1.5905407,1.5905407
1.8172465,1.8172465
2.461106,2.461106
2.6233389,2.6233389
19.4760243,-10.0
18.1967582,-10.0
-13.3031885,-10.0
-12.3005716,-10.0
-14.7577756,-10.0
-15.2449076,-10.0
-13.003341,-10.0
-12.6823411,-10.0
-14.0518375,-10.0
-12.5490501,-10.0
-14.8086471,-10.0
-15.5421292,-10.0
-14.063832,-10.0
-14.0333669,-10.0
-13.0849301,-10.0
-13.2181064,-10.0
-12.9914006,-10.0
-12.3475411,-10.0
-12.1853082,-10.0
4.6673772,4.6673772
3.3881111,3.3881111
2.2389407,2.2389407
3.2415576,3.2415576
0.7843536,0.7843536
0.2972216,0.2972216
2.5387882,2.5387882
2.8597881,2.8597881
1.4902917,1.4902917
2.9930791,2.9930791
0.7334821,0.7334821
15.5421292,-10.0
1.4782972,1.4782972
1.5087623,1.5087623
2.4571991,2.4571991
2.3240228,2.3240228
2.5507286,2.5507286
3.1945881,3.1945881
3.356821,3.356821
20.2095064,-10.0
18.9302403,-10.0
0.7606435,0.7606435
1.7632604,1.7632604
-0.6939436,-0.6939436
-1.1810756,-1.1810756
1.060491,1.060491
1.3814909,1.3814909
0.0119945,0.0119945
1.5147819,1.5147819
-0.7448151,-0.7448151
14.063832,-10.0
-1.4782972,-1.4782972
0.0304651,0.0304651
0.9789019,0.9789019
0.8457256,0.8457256
1.0724314,1.0724314
1.7162909,1.7162909
1.8785238,1.8785238
18.7312092,-10.0
17.4519431,-10.0
0.7301784,0.7301784
1.7327953,1.7327953
-0.7244087,-0.7244087
-1.2115407,-1.2115407
1.0300259,1.0300259
1.3510258,1.3510258
-0.0184706,-0.0184706
1.4843168,1.4843168
-0.7752802,-0.7752802
14.0333669,-10.0
-1.5087623,-1.5087623
-0.0304651,-0.0304651
0.9484368,0.9484368
0.8152605,0.8152605
1.0419663,1.0419663
1.6858258,1.6858258
1.8480587,1.8480587
18.7007441,-10.0
17.421478,-10.0
-0.2182584,-0.2182584
0.7843585,0.7843585
-1.6728455,-1.6728455
-2.1599775,-2.1599775
0.0815891,0.0815891
0.402589,0.402589
-0.9669074,-0.9669074
0.53588,0.53588
-1.723717,-1.723717
13.0849301,-10.0
-2.4571991,-2.4571991
-0.9789019,-0.9789019
-0.9484368,-0.9484368
-0.1331763,-0.1331763
0.0935295,0.0935295
0.737389,0.737389
0.8996219,0.8996219
17.7523073,-10.0
16.4730412,-10.0
-0.0850821,-0.0850821
0.9175348,0.9175348
-1.5396692,-1.5396692
-2.0268012,-2.0268012
0.2147654,0.2147654
0.5357653,0.5357653
-0.8337311,-0.8337311
0.6690563,0.6690563
-1.5905407,-1.5905407
13.2181064,-10.0
-2.3240228,-2.3240228
-0.8457256,-0.8457256
-0.8152605,-0.8152605
0.1331763,0.1331763
0.2267058,0.2267058
0.8705653,0.8705653
1.0327982,1.0327982
17.8854836,-10.0
16.6062175,-10.0
-0.3117879,-0.3117879
0.690829,0.690829
-1.766375,-1.766375
-2.253507,-2.253507
-0.0119404,-0.0119404
0.3090595,0.3090595
-1.0604369,-1.0604369
0.4423505,0.4423505
-1.8172465,-1.8172465
12.9914006,-10.0
-2.5507286,-2.5507286
-1.0724314,-1.0724314
-1.0419663,-1.0419663
-0.0935295,-0.0935295
-0.2267058,-0.2267058
0.6438595,0.6438595
0.8060924,0.8060924
17.6587778,-10.0
16.3795117,-10.0
-0.9556474,-0.9556474
0.0469695,0.0469695
-2.4102345,-2.4102345
-2.8973665,-2.8973665
-0.6557999,-0.6557999
-0.3348,-0.3348
-1.7042964,-1.7042964
-0.201509,-0.201509
-2.461106,-2.461106
12.3475411,-10.0
-3.1945881,-3.1945881
-1.7162909,-1.7162909
-1.6858258,-1.6858258
-0.737389,-0.737389
-0.8705653,-0.8705653
-0.6438595,-0.6438595
0.1622329,0.1622329
17.0149183,-10.0
15.7356522,-10.0
-1.1178803,-1.1178803
-0.1152634,-0.1152634
-2.5724674,-2.5724674
-3.0595994,-3.0595994
-0.8180328,-0.8180328
-0.4970329,-0.4970329
-1.8665293,-1.8665293
-0.3637419,-0.3637419
-2.6233389,-2.6233389
12.1853082,-10.0
-3.356821,-3.356821
-1.8785238,-1.8785238
-1.8480587,-1.8480587
-0.8996219,-0.8996219
-1.0327982,-1.0327982
-0.8060924,-0.8060924
-0.1622329,-0.1622329
16.8526854,-10.0
15.5734193,-10.0
-17.9705657,-10.0
-16.9679488,-10.0
-19.4251528,-10.0
-19.9122848,-10.0
-17.6707182,-10.0
-17.3497183,-10.0
-18.7192147,-10.0
-17.2164273,-10.0
-19.4760243,-10.0
-4.6673772,-4.6673772
-20.2095064,-10.0
-18.7312092,-10.0
-18.7007441,-10.0
-17.7523073,-10.0
-17.8854836,-10.0
-17.6587778,-10.0
-17.0149183,-10.0
-16.8526854,-10.0
-1.2792661,-1.2792661
-16.6912996,-10.0
-15.6886827,-10.0
-18.1458867,-10.0
-18.6330187,-10.0
-16.3914521,-10.0
-16.0704522,-10.0
-17.4399486,-10.0
-15.9371612,-10.0
-18.1967582,-10.0
-3.3881111,-3.3881111
-18.9302403,-10.0
-17.4519431,-10.0
-17.421478,-10.0
-16.4730412,-10.0
-16.6062175,-10.0
-16.3795117,-10.0
-15.7356522,-10.0
-15.5734193,-10.0
1.2792661,1.2792661
1.9676952,1.9676952
-3.2753124,-3.2753124
-2.643566,-2.643566
16.7205004,-10.0
2.0912986,2.0912986
-0.9042278,-0.9042278
-0.7966939,-0.7966939
-3.0751804,-3.0751804
17.2043709,-10.0
17.4215709,-10.0
-3.4049712,-3.4049712
0.4473546,0.4473546
-2.3190136,-2.3190136
-1.2127667,-1.2127667
-0.963538,-0.963538
-1.6165817,-1.6165817
16.5658539,-10.0
10.2312553,-10.0
15.097576,-10.0
-1.9676952,-1.9676952
-5.2430076,-5.2430076
-4.6112612,-4.6112612
14.7528052,-10.0
0.1236034,0.1236034
-2.871923,-2.871923
-2.7643891,-2.7643891
-5.0428756,-5.0428756
15.2366757,-10.0
15.4538757,-10.0
-5.3726664,-5.3726664
-1.5203406,-1.5203406
-4.2867088,-4.2867088
-3.1804619,-3.1804619
-2.9312332,-2.9312332
-3.5842769,-3.5842769
14.5981587,-10.0
8.2635601,8.2635601
13.1298808,-10.0
3.2753124,3.2753124
5.2430076,5.2430076
0.6317464,0.6317464
19.9958128,-10.0
5.366611,5.366611
2.3710846,2.3710846
2.4786185,2.4786185
0.200132,0.200132
20.4796833,-10.0
20.6968833,-10.0
-0.1296588,-0.1296588
3.722667,3.722667
0.9562988,0.9562988
2.0625457,2.0625457
2.3117744,2.3117744
1.6587307,1.6587307
19.8411663,-10.0
13.5065677,-10.0
18.3728884,-10.0
2.643566,2.643566
4.6112612,4.6112612
-0.6317464,-0.6317464
19.3640664,-10.0
4.7348646,4.7348646
1.7393382,1.7393382
1.8468721,1.8468721
-0.4316144,-0.4316144
19.8479369,-10.0
20.0651369,-10.0
-0.7614052,-0.7614052
3.0909206,3.0909206
0.3245524,0.3245524
1.4307993,1.4307993
1.680028,1.680028
1.0269843,1.0269843
19.2094199,-10.0
12.8748213,-10.0
17.741142,-10.0
-16.7205004,-10.0
-14.7528052,-10.0
-19.9958128,-10.0
-19.3640664,-10.0
-14.6292018,-10.0
-17.6247282,-10.0
-17.5171943,-10.0
-19.7956808,-10.0
0.4838705,0.4838705
0.7010705,0.7010705
-20.1254716,-10.0
-16.2731458,-10.0
-19.039514,-10.0
-17.9332671,-10.0
-17.6840384,-10.0
-18.3370821,-10.0
-0.1546465,-0.1546465
-6.4892451,-6.4892451
-1.6229244,-1.6229244
-2.0912986,-2.0912986
-0.1236034,-0.1236034
-5.366611,-5.366611
-4.7348646,-4.7348646
14.6292018,-10.0
-2.9955264,-2.9955264
-2.8879925,-2.8879925
-5.166479,-5.166479
15.1130723,-10.0
15.3302723,-10.0
-5.4962698,-5.4962698
-1.643944,-1.643944
-4.4103122,-4.4103122
-3.3040653,-3.3040653
-3.0548366,-3.0548366
-3.7078803,-3.7078803
14.4745553,-10.0
8.1399567,8.1399567
13.0062774,-10.0
0.9042278,0.9042278
2.871923,2.871923
-2.3710846,-2.3710846
-1.7393382,-1.7393382
17.6247282,-10.0
2.9955264,2.9955264
0.1075339,0.1075339
-2.1709526,-2.1709526
18.1085987,-10.0
18.3257987,-10.0
-2.5007434,-2.5007434
1.3515824,1.3515824
-1.4147858,-1.4147858
-0.3085389,-0.3085389
-0.0593102,-0.0593102
-0.7123539,-0.7123539
17.4700817,-10.0
11.1354831,-10.0
16.0018038,-10.0
0.7966939,0.7966939
2.7643891,2.7643891
-2.4786185,-2.4786185
-1.8468721,-1.8468721
17.5171943,-10.0
2.8879925,2.8879925
-0.1075339,-0.1075339
-2.2784865,-2.2784865
18.0010648,-10.0
18.2182648,-10.0
-2.6082773,-2.6082773
1.2440485,1.2440485
-1.5223197,-1.5223197
-0.4160728,-0.4160728
-0.1668441,-0.1668441
-0.8198878,-0.8198878
17.3625478,-10.0
11.0279492,-10.0
15.8942699,-10.0
3.0751804,3.0751804
5.0428756,5.0428756
-0.200132,-0.200132
0.4316144,0.4316144
19.7956808,-10.0
5.166479,5.166479
2.1709526,2.1709526
2.2784865,2.2784865
20.2795513,-10.0
20.4967513,-10.0
-0.3297908,-0.3297908
3.522535,3.522535
0.7561668,0.7561668
1.8624137,1.8624137
2.1116424,2.1116424
1.4585987,1.4585987
19.6410343,-10.0
13.3064357,-10.0
18.1727564,-10.0
-17.2043709,-10.0
-15.2366757,-10.0
-20.4796833,-10.0
-19.8479369,-10.0
-0.4838705,-0.4838705
-15.1130723,-10.0
-18.1085987,-10.0
-18.0010648,-10.0
-20.2795513,-10.0
0.2172,0.2172
-20.6093421,-10.0
-16.7570163,-10.0
-19.5233845,-10.0
-18.4171376,-10.0
-18.1679089,-10.0
-18.8209526,-10.0
-0.638517,-0.638517
-6.9731156,-6.9731156
-2.1067949,-2.1067949
-17.4215709,-10.0
-15.4538757,-10.0
-20.6968833,-10.0
-20.0651369,-10.0
-0.7010705,-0.7010705
-15.3302723,-10.0
-18.3257987,-10.0
-18.2182648,-10.0
-20.4967513,-10.0
-0.2172,-0.2172
-20.8265421,-10.0
-16.9742163,-10.0
-19.7405845,-10.0
-18.6343376,-10.0
-18.3851089,-10.0
-19.0381526,-10.0
-0.855717,-0.855717
-7.1903156,-7.1903156
-2.3239949,-2.3239949
3.4049712,3.4049712
5.3726664,5.3726664
0.1296588,0.1296588
0.7614052,0.7614052
20.1254716,-10.0
5.4962698,5.4962698
2.5007434,2.5007434
2.6082773,2.6082773
0.3297908,0.3297908
20.6093421,-10.0
20.8265421,-10.0
3.8523258,3.8523258
1.0859576,1.0859576
2.1922045,2.1922045
2.4414332,2.4414332
1.7883895,1.7883895
19.9708251,-10.0
13.6362265,-10.0
18.5025472,-10.0
-0.4473546,-0.4473546
1.5203406,1.5203406
-3.722667,-3.722667
-3.0909206,-3.0909206
16.2731458,-10.0
1.643944,1.643944
-1.3515824,-1.3515824
-1.2440485,-1.2440485
-3.522535,-3.522535
16.7570163,-10.0
16.9742163,-10.0
-3.8523258,-3.8523258
-2.7663682,-2.7663682
-1.6601213,-1.6601213
-1.4108926,-1.4108926
-2.0639363,-2.0639363
16.1184993,-10.0
9.7839007,9.7839007
14.6502214,-10.0
2.3190136,2.3190136
4.2867088,4.2867088
-0.9562988,-0.9562988
-0.3245524,-0.3245524
19.039514,-10.0
4.4103122,4.4103122
1.4147858,1.4147858
1.5223197,1.5223197
-0.7561668,-0.7561668
19.5233845,-10.0
19.7405845,-10.0
-1.0859576,-1.0859576
2.7663682,2.7663682
1.1062469,1.1062469
1.3554756,1.3554756
0.7024319,0.7024319
18.8848675,-10.0
12.5502689,-10.0
17.4165896,-10.0
1.2127667,1.2127667
3.1804619,3.1804619
-2.0625457,-2.0625457
-1.4307993,-1.4307993
17.9332671,-10.0
3.3040653,3.3040653
0.3085389,0.3085389
0.4160728,0.4160728
-1.8624137,-1.8624137
18.4171376,-10.0
18.6343376,-10.0
-2.1922045,-2.1922045
1.6601213,1.6601213
-1.1062469,-1.1062469
0.2492287,0.2492287
-0.403815,-0.403815
17.7786206,-10.0
11.444022,-10.0
16.3103427,-10.0
0.963538,0.963538
2.9312332,2.9312332
-2.3117744,-2.3117744
-1.680028,-1.680028
17.6840384,-10.0
3.0548366,3.0548366
0.0593102,0.0593102
0.1668441,0.1668441
-2.1116424,-2.1116424
18.1679089,-10.0
18.3851089,-10.0
-2.4414332,-2.4414332
1.4108926,1.4108926
-1.3554756,-1.3554756
-0.2492287,-0.2492287
-0.6530437,-0.6530437
17.5293919,-10.0
11.1947933,-10.0
16.061114,-10.0
1.6165817,1.6165817
3.5842769,3.5842769
-1.6587307,-1.6587307
-1.0269843,-1.0269843
18.3370821,-10.0
3.7078803,3.7078803
0.7123539,0.7123539
0.8198878,0.8198878
-1.4585987,-1.4585987
18.8209526,-10.0
19.0381526,-10.0
-1.7883895,-1.7883895
2.0639363,2.0639363
-0.7024319,-0.7024319
0.403815,0.403815
0.6530437,0.6530437
18.1824356,-10.0
11.847837,-10.0
16.7141577,-10.0
-16.5658539,-10.0
-14.5981587,-10.0
-19.8411663,-10.0
-19.2094199,-10.0
0.1546465,0.1546465
-14.4745553,-10.0
-17.4700817,-10.0
-17.3625478,-10.0
-19.6410343,-10.0
0.638517,0.638517
0.855717,0.855717
-19.9708251,-10.0
-16.1184993,-10.0
-18.8848675,-10.0
-17.7786206,-10.0
-17.5293919,-10.0
-18.1824356,-10.0
-6.3345986,-6.3345986
-1.4682779,-1.4682779
-10.2312553,-10.0
-8.2635601,-8.2635601
-13.5065677,-10.0
-12.8748213,-10.0
6.4892451,6.4892451
-8.1399567,-8.1399567
-11.1354831,-10.0
-11.0279492,-10.0
-13.3064357,-10.0
6.9731156,6.9731156
7.1903156,7.1903156
-13.6362265,-10.0
-9.7839007,-9.7839007
-12.5502689,-10.0
-11.444022,-10.0
-11.1947933,-10.0
-11.847837,-10.0
6.3345986,6.3345986
4.8663207,4.8663207
-15.097576,-10.0
-13.1298808,-10.0
-18.3728884,-10.0
-17.741142,-10.0
1.6229244,1.6229244
-13.0062774,-10.0
-16.0018038,-10.0
-15.8942699,-10.0
-18.1727564,-10.0
2.1067949,2.1067949
2.3239949,2.3239949
-18.5025472,-10.0
-14.6502214,-10.0
-17.4165896,-10.0
-16.3103427,-10.0
-16.061114,-10.0
-16.7141577,-10.0
1.4682779,1.4682779
-4.8663207,-4.8663207
14.2943526,-10.0
-1.5942775,-1.5942775
-1.2844883,-1.2844883
0.0820221,0.0820221
0.6152326,0.6152326
-0.9827348,-0.9827348
-2.3999154,-2.3999154
-4.3147375,-4.3147375
-0.539189,-0.539189
-1.5285399,-1.5285399
-1.4577605,-1.4577605
-0.965295,-0.965295
-2.8545571,-2.8545571
-2.5116041,-2.5116041
-0.2422266,-0.2422266
-0.9533258,-0.9533258
-0.6957694,-0.6957694
8.2951425,8.2951425
-1.1897254,-1.1897254
-14.2943526,-10.0
-15.8886301,-10.0
-15.5788409,-10.0
-14.2123305,-10.0
-13.67912,-10.0
-15.2770874,-10.0
-16.694268,-10.0
-18.6090901,-10.0
-14.8335416,-10.0
-15.8228925,-10.0
-15.7521131,-10.0
-15.2596476,-10.0
-17.1489097,-10.0
-16.8059567,-10.0
-14.5365792,-10.0
-15.2476784,-10.0
-14.990122,-10.0
-5.9992101,-5.9992101
-15.484078,-10.0
1.5942775,1.5942775
15.8886301,-10.0
0.3097892,0.3097892
1.6762996,1.6762996
2.2095101,2.2095101
0.6115427,0.6115427
-0.8056379,-0.8056379
-2.72046,-2.72046
1.0550885,1.0550885
0.0657376,0.0657376
0.136517,0.136517
0.6289825,0.6289825
-1.2602796,-1.2602796
-0.9173266,-0.9173266
1.3520509,1.3520509
0.6409517,0.6409517
0.8985081,0.8985081
9.88942,9.88942
0.4045521,0.4045521
1.2844883,1.2844883
15.5788409,-10.0
-0.3097892,-0.3097892
1.3665104,1.3665104
1.8997209,1.8997209
0.3017535,0.3017535
-1.1154271,-1.1154271
-3.0302492,-3.0302492
0.7452993,0.7452993
-0.2440516,-0.2440516
-0.1732722,-0.1732722
0.3191933,0.3191933
-1.5700688,-1.5700688
-1.2271158,-1.2271158
1.0422617,1.0422617
0.3311625,0.3311625
0.5887189,0.5887189
9.5796308,9.5796308
0.0947629,0.0947629
-0.0820221,-0.0820221
14.2123305,-10.0
-1.6762996,-1.6762996
-1.3665104,-1.3665104
0.5332105,0.5332105
-1.0647569,-1.0647569
-2.4819375,-2.4819375
-4.3967596,-4.3967596
-0.6212111,-0.6212111
-1.610562,-1.610562
-1.5397826,-1.5397826
-1.0473171,-1.0473171
-2.9365792,-2.9365792
-2.5936262,-2.5936262
-0.3242487,-0.3242487
-1.0353479,-1.0353479
-0.7777915,-0.7777915
8.2131204,8.2131204
-1.2717475,-1.2717475
-0.6152326,-0.6152326
13.67912,-10.0
-2.2095101,-2.2095101
-1.8997209,-1.8997209
-0.5332105,-0.5332105
-1.5979674,-1.5979674
-3.015148,-3.015148
-4.9299701,-4.9299701
-1.1544216,-1.1544216
-2.1437725,-2.1437725
-2.0729931,-2.0729931
-1.5805276,-1.5805276
-3.4697897,-3.4697897
-3.1268367,-3.1268367
-0.8574592,-0.8574592
-1.5685584,-1.5685584
-1.311002,-1.311002
7.6799099,7.6799099
-1.804958,-1.804958
0.9827348,0.9827348
15.2770874,-10.0
-0.6115427,-0.6115427
-0.3017535,-0.3017535
1.0647569,1.0647569
1.5979674,1.5979674
-1.4171806,-1.4171806
-3.3320027,-3.3320027
0.4435458,0.4435458
-0.5458051,-0.5458051
-0.4750257,-0.4750257
0.0174398,0.0174398
-1.8718223,-1.8718223
-1.5288693,-1.5288693
0.7405082,0.7405082
0.029409,0.029409
0.2869654,0.2869654
9.2778773,9.2778773
-0.2069906,-0.2069906
2.3999154,2.3999154
16.694268,-10.0
0.8056379,0.8056379
1.1154271,1.1154271
2.4819375,2.4819375
3.015148,3.015148
1.4171806,1.4171806
-1.9148221,-1.9148221
1.8607264,1.8607264
0.8713755,0.8713755
0.9421549,0.9421549
1.4346204,1.4346204
-0.4546417,-0.4546417
-0.1116887,-0.1116887
2.1576888,2.1576888
1.4465896,1.4465896
1.704146,1.704146
10.6950579,-10.0
1.21019,1.21019
4.3147375,4.3147375
18.6090901,-10.0
2.72046,2.72046
3.0302492,3.0302492
4.3967596,4.3967596
4.9299701,4.9299701
3.3320027,3.3320027
1.9148221,1.9148221
3.7755485,3.7755485
2.7861976,2.7861976
2.856977,2.856977
3.3494425,3.3494425
1.4601804,1.4601804
1.8031334,1.8031334
4.0725109,4.0725109
3.3614117,3.3614117
3.6189681,3.6189681
12.60988,-10.0
3.1250121,3.1250121
0.539189,0.539189
14.8335416,-10.0
-1.0550885,-1.0550885
-0.7452993,-0.7452993
0.6212111,0.6212111
1.1544216,1.1544216
-0.4435458,-0.4435458
-1.8607264,-1.8607264
-3.7755485,-3.7755485
-0.9893509,-0.9893509
-0.9185715,-0.9185715
-0.426106,-0.426106
-2.3153681,-2.3153681
-1.9724151,-1.9724151
0.2969624,0.2969624
-0.4141368,-0.4141368
-0.1565804,-0.1565804
8.8343315,8.8343315
-0.6505364,-0.6505364
1.5285399,1.5285399
15.8228925,-10.0
-0.0657376,-0.0657376
0.2440516,0.2440516
1.610562,1.610562
2.1437725,2.1437725
0.5458051,0.5458051
-0.8713755,-0.8713755
-2.7861976,-2.7861976
0.9893509,0.9893509
0.0707794,0.0707794
0.5632449,0.5632449
-1.3260172,-1.3260172
-0.9830642,-0.9830642
1.2863133,1.2863133
0.5752141,0.5752141
0.8327705,0.8327705
9.8236824,9.8236824
0.3388145,0.3388145
1.4577605,1.4577605
15.7521131,-10.0
-0.136517,-0.136517
0.1732722,0.1732722
1.5397826,1.5397826
2.0729931,2.0729931
0.4750257,0.4750257
-0.9421549,-0.9421549
-2.856977,-2.856977
0.9185715,0.9185715
-0.0707794,-0.0707794
0.4924655,0.4924655
-1.3967966,-1.3967966
-1.0538436,-1.0538436
1.2155339,1.2155339
0.5044347,0.5044347
0.7619911,0.7619911
9.752903,9.752903
0.2680351,0.2680351
0.965295,0.965295
15.2596476,-10.0
-0.6289825,-0.6289825
-0.3191933,-0.3191933
1.0473171,1.0473171
1.5805276,1.5805276
-0.0174398,-0.0174398
-1.4346204,-1.4346204
-3.3494425,-3.3494425
0.426106,0.426106
-0.5632449,-0.5632449
-0.4924655,-0.4924655
-1.8892621,-1.8892621
-1.5463091,-1.5463091
0.7230684,0.7230684
0.0119692,0.0119692
0.2695256,0.2695256
9.2604375,9.2604375
-0.2244304,-0.2244304
2.8545571,2.8545571
17.1489097,-10.0
1.2602796,1.2602796
1.5700688,1.5700688
2.9365792,2.9365792
3.4697897,3.4697897
1.8718223,1.8718223
0.4546417,0.4546417
-1.4601804,-1.4601804
2.3153681,2.3153681
1.3260172,1.3260172
1.3967966,1.3967966
1.8892621,1.8892621
0.342953,0.342953
2.6123305,2.6123305
1.9012313,1.9012313
2.1587877,2.1587877
11.1496996,-10.0
1.6648317,1.6648317
2.5116041,2.5116041
16.8059567,-10.0
0.9173266,0.9173266
1.2271158,1.2271158
2.5936262,2.5936262
3.1268367,3.1268367
1.5288693,1.5288693
0.1116887,0.1116887
-1.8031334,-1.8031334
1.9724151,1.9724151
0.9830642,0.9830642
1.0538436,1.0538436
1.5463091,1.5463091
-0.342953,-0.342953
2.2693775,2.2693775
1.5582783,1.5582783
1.8158347,1.8158347
10.8067466,-10.0
1.3218787,1.3218787
0.2422266,0.2422266
14.5365792,-10.0
-1.3520509,-1.3520509
-1.0422617,-1.0422617
0.3242487,0.3242487
0.8574592,0.8574592
-0.7405082,-0.7405082
-2.1576888,-2.1576888
-4.0725109,-4.0725109
-0.2969624,-0.2969624
-1.2863133,-1.2863133
-1.2155339,-1.2155339
-0.7230684,-0.7230684
-2.6123305,-2.6123305
-2.2693775,-2.2693775
-0.7110992,-0.7110992
-0.4535428,-0.4535428
8.5373691,8.5373691
-0.9474988,-0.9474988
0.9533258,0.9533258
15.2476784,-10.0
-0.6409517,-0.6409517
-0.3311625,-0.3311625
1.0353479,1.0353479
1.5685584,1.5685584
-0.029409,-0.029409
-1.4465896,-1.4465896
-3.3614117,-3.3614117
0.4141368,0.4141368
-0.5752141,-0.5752141
-0.5044347,-0.5044347
-0.0119692,-0.0119692
-1.9012313,-1.9012313
-1.5582783,-1.5582783
0.7110992,0.7110992
0.2575564,0.2575564
9.2484683,9.2484683
-0.2363996,-0.2363996
0.6957694,0.6957694
14.990122,-10.0
-0.8985081,-0.8985081
-0.5887189,-0.5887189
0.7777915,0.7777915
1.311002,1.311002
-0.2869654,-0.2869654
-1.704146,-1.704146
-3.6189681,-3.6189681
0.1565804,0.1565804
-0.8327705,-0.8327705
-0.7619911,-0.7619911
-0.2695256,-0.2695256
-2.1587877,-2.1587877
-1.8158347,-1.8158347
0.4535428,0.4535428
-0.2575564,-0.2575564
8.9909119,8.9909119
-0.493956,-0.493956
-8.2951425,-8.2951425
5.9992101,5.9992101
-9.88942,-9.88942
-9.5796308,-9.5796308
-8.2131204,-8.2131204
-7.6799099,-7.6799099
-9.2778773,-9.2778773
-10.6950579,-10.0
-12.60988,-10.0
-8.8343315,-8.8343315
-9.8236824,-9.8236824
-9.752903,-9.752903
-9.2604375,-9.2604375
-11.1496996,-10.0
-10.8067466,-10.0
-8.5373691,-8.5373691
-9.2484683,-9.2484683
-8.9909119,-8.9909119
-9.4848679,-9.4848679
1.1897254,1.1897254
15.484078,-10.0
-0.4045521,-0.4045521
-0.0947629,-0.0947629
1.2717475,1.2717475
1.804958,1.804958
0.2069906,0.2069906
-1.21019,-1.21019
-3.1250121,-3.1250121
0.6505364,0.6505364
-0.3388145,-0.3388145
-0.2680351,-0.2680351
0.2244304,0.2244304
-1.6648317,-1.6648317
-1.3218787,-1.3218787
0.9474988,0.9474988
0.2363996,0.2363996
0.493956,0.493956
9.4848679,9.4848679
6.000785,6.000785
-1.1172209,-1.1172209
-1.7808639,-1.7808639
1.8361339,1.8361339
-1.4071354,-1.4071354
0.3185655,0.3185655
-1.2642936,-1.2642936
-4.1116693,-4.1116693
0.9142038,0.9142038
1.5445903,1.5445903
-3.6776449,-3.6776449
0.9262801,0.9262801
13.9784851,-10.0
16.5175682,-10.0
-0.993615,-0.993615
9.4096021,9.4096021
-0.684058,-0.684058
15.0345261,-10.0
6.0950586,6.0950586
-6.000785,-6.000785
-7.1180059,-7.1180059
-7.7816489,-7.7816489
-4.1646511,-4.1646511
-7.4079204,-7.4079204
-5.6822195,-5.6822195
-7.2650786,-7.2650786
-10.1124543,-10.0
-5.0865812,-5.0865812
-4.4561947,-4.4561947
-9.6784299,-9.6784299
-5.0745049,-5.0745049
7.9777001,7.9777001
10.5167832,-10.0
-6.9944,-6.9944
3.4088171,3.4088171
-6.684843,-6.684843
9.0337411,9.0337411
0.0942736,0.0942736
1.1172209,1.1172209
7.1180059,7.1180059
-0.663643,-0.663643
2.9533548,2.9533548
-0.2899145,-0.2899145
1.4357864,1.4357864
-0.1470727,-0.1470727
-2.9944484,-2.9944484
2.0314247,2.0314247
2.6618112,2.6618112
-2.560424,-2.560424
2.043501,2.043501
15.095706,-10.0
17.6347891,-10.0
0.1236059,0.1236059
10.526823,-10.0
0.4331629,0.4331629
16.151747,-10.0
7.2122795,7.2122795
1.7808639,1.7808639
7.7816489,7.7816489
0.663643,0.663643
3.6169978,3.6169978
0.3737285,0.3737285
2.0994294,2.0994294
0.5165703,0.5165703
-2.3308054,-2.3308054
2.6950677,2.6950677
3.3254542,3.3254542
-1.896781,-1.896781
2.707144,2.707144
15.759349,-10.0
18.2984321,-10.0
0.7872489,0.7872489
11.190466,-10.0
1.0968059,1.0968059
16.81539,-10.0
7.8759225,7.8759225
-1.8361339,-1.8361339
4.1646511,4.1646511
-2.9533548,-2.9533548
-3.6169978,-3.6169978
-3.2432693,-3.2432693
-1.5175684,-1.5175684
-3.1004275,-3.1004275
-5.9478032,-5.9478032
-0.9219301,-0.9219301
-0.2915436,-0.2915436
-5.5137788,-5.5137788
-0.9098538,-0.9098538
12.1423512,-10.0
14.6814343,-10.0
-2.8297489,-2.8297489
7.5734682,7.5734682
-2.5201919,-2.5201919
13.1983922,-10.0
4.2589247,4.2589247
1.4071354,1.4071354
7.4079204,7.4079204
0.2899145,0.2899145
-0.3737285,-0.3737285
3.2432693,3.2432693
1.7257009,1.7257009
0.1428418,0.1428418
-2.7045339,-2.7045339
2.3213392,2.3213392
2.9517257,2.9517257
-2.2705095,-2.2705095
2.3334155,2.3334155
15.3856205,-10.0
17.9247036,-10.0
0.4135204,0.4135204
10.8167375,-10.0
0.7230774,0.7230774
16.4416615,-10.0
7.502194,7.502194
-0.3185655,-0.3185655
5.6822195,5.6822195
-1.4357864,-1.4357864
-2.0994294,-2.0994294
1.5175684,1.5175684
-1.7257009,-1.7257009
-1.5828591,-1.5828591
-4.4302348,-4.4302348
0.5956383,0.5956383
1.2260248,1.2260248
-3.9962104,-3.9962104
0.6077146,0.6077146
13.6599196,-10.0
16.1990027,-10.0
-1.3121805,-1.3121805
9.0910366,9.0910366
-1.0026235,-1.0026235
14.7159606,-10.0
5.7764931,5.7764931
1.2642936,1.2642936
7.2650786,7.2650786
0.1470727,0.1470727
-0.5165703,-0.5165703
3.1004275,3.1004275
-0.1428418,-0.1428418
1.5828591,1.5828591
-2.8473757,-2.8473757
2.1784974,2.1784974
2.8088839,2.8088839
-2.4133513,-2.4133513
2.1905737,2.1905737
15.2427787,-10.0
17.7818618,-10.0
0.2706786,0.2706786
10.6738957,-10.0
0.5802356,0.5802356
16.2988197,-10.0
7.3593522,7.3593522
4.1116693,4.1116693
10.1124543,-10.0
2.9944484,2.9944484
2.3308054,2.3308054
5.9478032,5.9478032
2.7045339,2.7045339
4.4302348,4.4302348
2.8473757,2.8473757
5.0258731,5.0258731
5.6562596,5.6562596
0.4340244,0.4340244
5.0379494,5.0379494
18.0901544,-10.0
20.6292375,-10.0
3.1180543,3.1180543
13.5212714,-10.0
3.4276113,3.4276113
19.1461954,-10.0
10.2067279,-10.0
-0.9142038,-0.9142038
5.0865812,5.0865812
-2.0314247,-2.0314247
-2.6950677,-2.6950677
0.9219301,0.9219301
-2.3213392,-2.3213392
-0.5956383,-0.5956383
-2.1784974,-2.1784974
-5.0258731,-5.0258731
0.6303865,0.6303865
-4.5918487,-4.5918487
0.0120763,0.0120763
13.0642813,-10.0
15.6033644,-10.0
-1.9078188,-1.9078188
8.4953983,8.4953983
-1.5982618,-1.5982618
14.1203223,-10.0
5.1808548,5.1808548
-1.5445903,-1.5445903
4.4561947,4.4561947
-2.6618112,-2.6618112
-3.3254542,-3.3254542
0.2915436,0.2915436
-2.9517257,-2.9517257
-1.2260248,-1.2260248
-2.8088839,-2.8088839
-5.6562596,-5.6562596
-0.6303865,-0.6303865
-5.2222352,-5.2222352
-0.6183102,-0.6183102
12.4338948,-10.0
14.9729779,-10.0
-2.5382053,-2.5382053
7.8650118,7.8650118
-2.2286483,-2.2286483
13.4899358,-10.0
4.5504683,4.5504683
3.6776449,3.6776449
9.6784299,9.6784299
2.560424,2.560424
1.896781,1.896781
5.5137788,5.5137788
2.2705095,2.2705095
3.9962104,3.9962104
2.4133513,2.4133513
-0.4340244,-0.4340244
4.5918487,4.5918487
5.2222352,5.2222352
4.603925,4.603925
17.65613,-10.0
20.1952131,-10.0
2.6840299,2.6840299
13.087247,-10.0
2.9935869,2.9935869
18.712171,-10.0
9.7727035,9.7727035
-0.9262801,-0.9262801
5.0745049,5.0745049
-2.043501,-2.043501
-2.707144,-2.707144
0.9098538,0.9098538
-2.3334155,-2.3334155
-0.6077146,-0.6077146
-2.1905737,-2.1905737
-5.0379494,-5.0379494
-0.0120763,-0.0120763
0.6183102,0.6183102
-4.603925,-4.603925
13.052205,-10.0
15.5912881,-10.0
-1.9198951,-1.9198951
8.483322,8.483322
-1.6103381,-1.6103381
14.108246,-10.0
5.1687785,5.1687785
-13.9784851,-10.0
-7.9777001,-7.9777001
-15.095706,-10.0
-15.759349,-10.0
-12.1423512,-10.0
-15.3856205,-10.0
-13.6599196,-10.0
-15.2427787,-10.0
-18.0901544,-10.0
-13.0642813,-10.0
-12.4338948,-10.0
-17.65613,-10.0
-13.052205,-10.0
2.5390831,2.5390831
-14.9721001,-10.0
-4.568883,-4.568883
-14.6625431,-10.0
1.056041,1.056041
-7.8834265,-7.8834265
-16.5175682,-10.0
-10.5167832,-10.0
-17.6347891,-10.0
-18.2984321,-10.0
-14.6814343,-10.0
-17.9247036,-10.0
-16.1990027,-10.0
-17.7818618,-10.0
-20.6292375,-10.0
-15.6033644,-10.0
-14.9729779,-10.0
-20.1952131,-10.0
-15.5912881,-10.0
-2.5390831,-2.5390831
-17.5111832,-10.0
-7.1079661,-7.1079661
-17.2016262,-10.0
-1.4830421,-1.4830421
-10.4225096,-10.0
0.993615,0.993615
6.9944,6.9944
-0.1236059,-0.1236059
-0.7872489,-0.7872489
2.8297489,2.8297489
-0.4135204,-0.4135204
1.3121805,1.3121805
-0.2706786,-0.2706786
-3.1180543,-3.1180543
1.9078188,1.9078188
2.5382053,2.5382053
-2.6840299,-2.6840299
1.9198951,1.9198951
14.9721001,-10.0
17.5111832,-10.0
10.4032171,-10.0
0.309557,0.309557
16.0281411,-10.0
7.0886736,7.0886736
-9.4096021,-9.4096021
-3.4088171,-3.4088171
-10.526823,-10.0
-11.190466,-10.0
-7.5734682,-7.5734682
-10.8167375,-10.0
-9.0910366,-9.0910366
-10.6738957,-10.0
-13.5212714,-10.0
-8.4953983,-8.4953983
-7.8650118,-7.8650118
-13.087247,-10.0
-8.483322,-8.483322
4.568883,4.568883
7.1079661,7.1079661
-10.4032171,-10.0
-10.0936601,-10.0
5.624924,5.624924
-3.3145435,-3.3145435
0.684058,0.684058
6.684843,6.684843
-0.4331629,-0.4331629
-1.0968059,-1.0968059
2.5201919,2.5201919
-0.7230774,-0.7230774
1.0026235,1.0026235
-0.5802356,-0.5802356
-3.4276113,-3.4276113
1.5982618,1.5982618
2.2286483,2.2286483
-2.9935869,-2.9935869
1.6103381,1.6103381
14.6625431,-10.0
17.2016262,-10.0
-0.309557,-0.309557
10.0936601,-10.0
15.7185841,-10.0
6.7791166,6.7791166
-15.0345261,-10.0
-9.0337411,-9.0337411
-16.151747,-10.0
-16.81539,-10.0
-13.1983922,-10.0
-16.4416615,-10.0
-14.7159606,-10.0
-16.2988197,-10.0
-19.1461954,-10.0
-14.1203223,-10.0
-13.4899358,-10.0
-18.712171,-10.0
-14.108246,-10.0
-1.056041,-1.056041
1.4830421,1.4830421
-16.0281411,-10.0
-5.624924,-5.624924
-15.7185841,-10.0
-8.9394675,-8.9394675
-6.0950586,-6.0950586
-0.0942736,-0.0942736
-7.2122795,-7.2122795
-7.8759225,-7.8759225
-4.2589247,-4.2589247
-7.502194,-7.502194
-5.7764931,-5.7764931
-7.3593522,-7.3593522
-10.2067279,-10.0
-5.1808548,-5.1808548
-4.5504683,-4.5504683
-9.7727035,-9.7727035
-5.1687785,-5.1687785
7.8834265,7.8834265
10.4225096,-10.0
-7.0886736,-7.0886736
3.3145435,3.3145435
-6.7791166,-6.7791166
8.9394675,8.9394675
15.277291,-10.0
17.8591737,-10.0
-0.0359465,-0.0359465
-1.3516768,-1.3516768
1.8874198,1.8874198
4.6532348,4.6532348
0.2561,0.2561
-1.4640885,-1.4640885
-0.6725235,-0.6725235
0.7700991,0.7700991
3.1856235,3.1856235
-1.2955425,-1.2955425
1.6336472,1.6336472
1.9419865,1.9419865
11.3587182,-10.0
0.549659,0.549659
0.0792556,0.0792556
16.8746407,-10.0
18.2449887,-10.0
-15.277291,-10.0
2.5818827,2.5818827
-15.3132375,-10.0
-16.6289678,-10.0
-13.3898712,-10.0
-10.6240562,-10.0
-15.021191,-10.0
-16.7413795,-10.0
-15.9498145,-10.0
-14.5071919,-10.0
-12.0916675,-10.0
-16.5728335,-10.0
-13.6436438,-10.0
-13.3353045,-10.0
-3.9185728,-3.9185728
-14.727632,-10.0
-15.1980354,-10.0
1.5973497,1.5973497
2.9676977,2.9676977
-17.8591737,-10.0
-2.5818827,-2.5818827
-17.8951202,-10.0
-19.2108505,-10.0
-15.9717539,-10.0
-13.2059389,-10.0
-17.6030737,-10.0
-19.3232622,-10.0
-18.5316972,-10.0
-17.0890746,-10.0
-14.6735502,-10.0
-19.1547162,-10.0
-16.2255265,-10.0
-15.9171872,-10.0
-6.5004555,-6.5004555
-17.3095147,-10.0
-17.7799181,-10.0
-0.984533,-0.984533
0.385815,0.385815
0.0359465,0.0359465
15.3132375,-10.0
17.8951202,-10.0
-1.3157303,-1.3157303
1.9233663,1.9233663
4.6891813,4.6891813
0.2920465,0.2920465
-1.428142,-1.428142
-0.636577,-0.636577
0.8060456,0.8060456
3.22157,3.22157
-1.259596,-1.259596
1.6695937,1.6695937
1.977933,1.977933
11.3946647,-10.0
0.5856055,0.5856055
0.1152021,0.1152021
16.9105872,-10.0
18.2809352,-10.0
1.3516768,1.3516768
16.6289678,-10.0
19.2108505,-10.0
1.3157303,1.3157303
3.2390966,3.2390966
6.0049116,6.0049116
1.6077768,1.6077768
-0.1124117,-0.1124117
0.6791533,0.6791533
2.1217759,2.1217759
4.5373003,4.5373003
0.0561343,0.0561343
2.985324,2.985324
3.2936633,3.2936633
12.710395,-10.0
1.9013358,1.9013358
1.4309324,1.4309324
18.2263175,-10.0
19.5966655,-10.0
-1.8874198,-1.8874198
13.3898712,-10.0
15.9717539,-10.0
-1.9233663,-1.9233663
-3.2390966,-3.2390966
2.765815,2.765815
-1.6313198,-1.6313198
-3.3515083,-3.3515083
-2.5599433,-2.5599433
-1.1173207,-1.1173207
1.2982037,1.2982037
-3.1829623,-3.1829623
-0.2537726,-0.2537726
0.0545667,0.0545667
9.4712984,9.4712984
-1.3377608,-1.3377608
-1.8081642,-1.8081642
14.9872209,-10.0
16.3575689,-10.0
-4.6532348,-4.6532348
10.6240562,-10.0
13.2059389,-10.0
-4.6891813,-4.6891813
-6.0049116,-6.0049116
-2.765815,-2.765815
-4.3971348,-4.3971348
-6.1173233,-6.1173233
-5.3257583,-5.3257583
-3.8831357,-3.8831357
-1.4676113,-1.4676113
-5.9487773,-5.9487773
-3.0195876,-3.0195876
-2.7112483,-2.7112483
6.7054834,6.7054834
-4.1035758,-4.1035758
-4.5739792,-4.5739792
12.2214059,-10.0
13.5917539,-10.0
-0.2561,-0.2561
15.021191,-10.0
17.6030737,-10.0
-0.2920465,-0.2920465
-1.6077768,-1.6077768
1.6313198,1.6313198
4.3971348,4.3971348
-1.7201885,-1.7201885
-0.9286235,-0.9286235
0.5139991,0.5139991
2.9295235,2.9295235
-1.5516425,-1.5516425
1.3775472,1.3775472
1.6858865,1.6858865
11.1026182,-10.0
0.293559,0.293559
-0.1768444,-0.1768444
16.6185407,-10.0
17.9888887,-10.0
1.4640885,1.4640885
16.7413795,-10.0
19.3232622,-10.0
1.428142,1.428142
0.1124117,0.1124117
3.3515083,3.3515083
6.1173233,6.1173233
1.7201885,1.7201885
0.791565,0.791565
2.2341876,2.2341876
4.649712,4.649712
0.168546,0.168546
3.0977357,3.0977357
3.406075,3.406075
12.8228067,-10.0
2.0137475,2.0137475
1.5433441,1.5433441
18.3387292,-10.0
19.7090772,-10.0
0.6725235,0.6725235
15.9498145,-10.0
18.5316972,-10.0
0.636577,0.636577
-0.6791533,-0.6791533
2.5599433,2.5599433
5.3257583,5.3257583
0.9286235,0.9286235
-0.791565,-0.791565
1.4426226,1.4426226
3.858147,3.858147
-0.623019,-0.623019
2.3061707,2.3061707
2.61451,2.61451
12.0312417,-10.0
1.2221825,1.2221825
0.7517791,0.7517791
17.5471642,-10.0
18.9175122,-10.0
-0.7700991,-0.7700991
14.5071919,-10.0
17.0890746,-10.0
-0.8060456,-0.8060456
-2.1217759,-2.1217759
1.1173207,1.1173207
3.8831357,3.8831357
-0.5139991,-0.5139991
-2.2341876,-2.2341876
-1.4426226,-1.4426226
2.4155244,2.4155244
-2.0656416,-2.0656416
0.8635481,0.8635481
1.1718874,1.1718874
10.5886191,-10.0
-0.2204401,-0.2204401
-0.6908435,-0.6908435
16.1045416,-10.0
17.4748896,-10.0
-3.1856235,-3.1856235
12.0916675,-10.0
14.6735502,-10.0
-3.22157,-3.22157
-4.5373003,-4.5373003
-1.2982037,-1.2982037
1.4676113,1.4676113
-2.9295235,-2.9295235
-4.649712,-4.649712
-3.858147,-3.858147
-2.4155244,-2.4155244
-4.481166,-4.481166
-1.5519763,-1.5519763
-1.243637,-1.243637
8.1730947,8.1730947
-2.6359645,-2.6359645
-3.1063679,-3.1063679
13.6890172,-10.0
15.0593652,-10.0
1.2955425,1.2955425
16.5728335,-10.0
19.1547162,-10.0
1.259596,1.259596
-0.0561343,-0.0561343
3.1829623,3.1829623
5.9487773,5.9487773
1.5516425,1.5516425
-0.168546,-0.168546
0.623019,0.623019
2.0656416,2.0656416
4.481166,4.481166
2.9291897,2.9291897
3.237529,3.237529
12.6542607,-10.0
1.8452015,1.8452015
1.3747981,1.3747981
18.1701832,-10.0
19.5405312,-10.0
-1.6336472,-1.6336472
13.6436438,-10.0
16.2255265,-10.0
-1.6695937,-1.6695937
-2.985324,-2.985324
0.2537726,0.2537726
3.0195876,3.0195876
-1.3775472,-1.3775472
-3.0977357,-3.0977357
-2.3061707,-2.3061707
-0.8635481,-0.8635481
1.5519763,1.5519763
-2.9291897,-2.9291897
0.3083393,0.3083393
9.725071,9.725071
-1.0839882,-1.0839882
-1.5543916,-1.5543916
15.2409935,-10.0
16.6113415,-10.0
-1.9419865,-1.9419865
13.3353045,-10.0
15.9171872,-10.0
-1.977933,-1.977933
-3.2936633,-3.2936633
-0.0545667,-0.0545667
2.7112483,2.7112483
-1.6858865,-1.6858865
-3.406075,-3.406075
-2.61451,-2.61451
-1.1718874,-1.1718874
1.243637,1.243637
-3.237529,-3.237529
-0.3083393,-0.3083393
9.4167317,9.4167317
-1.3923275,-1.3923275
-1.8627309,-1.8627309
14.9326542,-10.0
16.3030022,-10.0
-11.3587182,-10.0
3.9185728,3.9185728
6.5004555,6.5004555
-11.3946647,-10.0
-12.710395,-10.0
-9.4712984,-9.4712984
-6.7054834,-6.7054834
-11.1026182,-10.0
-12.8228067,-10.0
-12.0312417,-10.0
-10.5886191,-10.0
-8.1730947,-8.1730947
-12.6542607,-10.0
-9.725071,-9.725071
-9.4167317,-9.4167317
-10.8090592,-10.0
-11.2794626,-10.0
5.5159225,5.5159225
6.8862705,6.8862705
-0.549659,-0.549659
14.727632,-10.0
17.3095147,-10.0
-0.5856055,-0.5856055
-1.9013358,-1.9013358
1.3377608,1.3377608
4.1035758,4.1035758
-0.293559,-0.293559
-2.0137475,-2.0137475
-1.2221825,-1.2221825
0.2204401,0.2204401
2.6359645,2.6359645
-1.8452015,-1.8452015
1.0839882,1.0839882
1.3923275,1.3923275
10.8090592,-10.0
-0.4704034,-0.4704034
16.3249817,-10.0
17.6953297,-10.0
-0.0792556,-0.0792556
15.1980354,-10.0
17.7799181,-10.0
-0.1152021,-0.1152021
-1.4309324,-1.4309324
1.8081642,1.8081642
4.5739792,4.5739792
0.1768444,0.1768444
-1.5433441,-1.5433441
-0.7517791,-0.7517791
0.6908435,0.6908435
3.1063679,3.1063679
-1.3747981,-1.3747981
1.5543916,1.5543916
1.8627309,1.8627309
11.2794626,-10.0
0.4704034,0.4704034
16.7953851,-10.0
18.1657331,-10.0
-16.8746407,-10.0
-1.5973497,-1.5973497
0.984533,0.984533
-16.9105872,-10.0
-18.2263175,-10.0
-14.9872209,-10.0
-12.2214059,-10.0
-16.6185407,-10.0
-18.3387292,-10.0
-17.5471642,-10.0
-16.1045416,-10.0
-13.6890172,-10.0
-18.1701832,-10.0
-15.2409935,-10.0
-14.9326542,-10.0
-5.5159225,-5.5159225
-16.3249817,-10.0
-16.7953851,-10.0
1.370348,1.370348
-18.2449887,-10.0
-2.9676977,-2.9676977
-0.385815,-0.385815
-18.2809352,-10.0
-19.5966655,-10.0
-16.3575689,-10.0
-13.5917539,-10.0
-17.9888887,-10.0
-19.7090772,-10.0
-18.9175122,-10.0
-17.4748896,-10.0
-15.0593652,-10.0
-19.5405312,-10.0
-16.6113415,-10.0
-16.3030022,-10.0
-6.8862705,-6.8862705
-17.6953297,-10.0
-18.1657331,-10.0
-1.370348,-1.370348
19.0670496,-10.0
-0.5316089,-0.5316089
-1.451079,-1.451079
2.53187,2.53187
0.1625049,0.1625049
0.9301374,0.9301374
-2.0194777,-2.0194777
-2.3617203,-2.3617203
-1.4211838,-1.4211838
12.7738207,-10.0
-0.8067282,-0.8067282
1.3378273,1.3378273
-0.115668,-0.115668
-1.0556438,-1.0556438
-1.7845119,-1.7845119
-1.6801918,-1.6801918
-0.077081,-0.077081
-1.1835217,-1.1835217
-1.6754255,-1.6754255
-19.0670496,-10.0
-19.5986585,-10.0
-20.5181286,-10.0
-16.5351796,-10.0
-18.9045447,-10.0
-18.1369122,-10.0
-21.0865273,-10.0
-21.4287699,-10.0
-20.4882334,-10.0
-6.2932289,-6.2932289
-19.8737778,-10.0
-17.7292223,-10.0
-19.1827176,-10.0
-20.1226934,-10.0
-20.8515615,-10.0
-20.7472414,-10.0
-19.1441306,-10.0
-20.2505713,-10.0
-20.7424751,-10.0
0.5316089,0.5316089
19.5986585,-10.0
-0.9194701,-0.9194701
3.0634789,3.0634789
0.6941138,0.6941138
1.4617463,1.4617463
-1.4878688,-1.4878688
-1.8301114,-1.8301114
-0.8895749,-0.8895749
13.3054296,-10.0
-0.2751193,-0.2751193
1.8694362,1.8694362
0.4159409,0.4159409
-0.5240349,-0.5240349
-1.252903,-1.252903
-1.1485829,-1.1485829
0.4545279,0.4545279
-0.6519128,-0.6519128
-1.1438166,-1.1438166
1.451079,1.451079
20.5181286,-10.0
0.9194701,0.9194701
3.982949,3.982949
1.6135839,1.6135839
2.3812164,2.3812164
-0.5683987,-0.5683987
-0.9106413,-0.9106413
0.0298952,0.0298952
14.2248997,-10.0
0.6443508,0.6443508
2.7889063,2.7889063
1.335411,1.335411
0.3954352,0.3954352
-0.3334329,-0.3334329
-0.2291128,-0.2291128
1.373998,1.373998
0.2675573,0.2675573
-0.2243465,-0.2243465
-2.53187,-2.53187
16.5351796,-10.0
-3.0634789,-3.0634789
-3.982949,-3.982949
-2.3693651,-2.3693651
-1.6017326,-1.6017326
-4.5513477,-4.5513477
-4.8935903,-4.8935903
-3.9530538,-3.9530538
10.2419507,-10.0
-3.3385982,-3.3385982
-1.1940427,-1.1940427
-2.647538,-2.647538
-3.5875138,-3.5875138
-4.3163819,-4.3163819
-4.2120618,-4.2120618
-2.608951,-2.608951
-3.7153917,-3.7153917
-4.2072955,-4.2072955
-0.1625049,-0.1625049
18.9045447,-10.0
-0.6941138,-0.6941138
-1.6135839,-1.6135839
2.3693651,2.3693651
0.7676325,0.7676325
-2.1819826,-2.1819826
-2.5242252,-2.5242252
-1.5836887,-1.5836887
12.6113158,-10.0
-0.9692331,-0.9692331
1.1753224,1.1753224
-0.2781729,-0.2781729
-1.2181487,-1.2181487
-1.9470168,-1.9470168
-1.8426967,-1.8426967
-0.2395859,-0.2395859
-1.3460266,-1.3460266
-1.8379304,-1.8379304
-0.9301374,-0.9301374
18.1369122,-10.0
-1.4617463,-1.4617463
-2.3812164,-2.3812164
1.6017326,1.6017326
-0.7676325,-0.7676325
-2.9496151,-2.9496151
-3.2918577,-3.2918577
-2.3513212,-2.3513212
11.8436833,-10.0
-1.7368656,-1.7368656
0.4076899,0.4076899
-1.0458054,-1.0458054
-1.9857812,-1.9857812
-2.7146493,-2.7146493
-2.6103292,-2.6103292
-1.0072184,-1.0072184
-2.1136591,-2.1136591
-2.6055629,-2.6055629
2.0194777,2.0194777
21.0865273,-10.0
1.4878688,1.4878688
0.5683987,0.5683987
4.5513477,4.5513477
2.1819826,2.1819826
2.9496151,2.9496151
-0.3422426,-0.3422426
0.5982939,0.5982939
14.7932984,-10.0
1.2127495,1.2127495
3.357305,3.357305
1.9038097,1.9038097
0.9638339,0.9638339
0.2349658,0.2349658
0.3392859,0.3392859
1.9423967,1.9423967
0.835956,0.835956
0.3440522,0.3440522
2.3617203,2.3617203
21.4287699,-10.0
1.8301114,1.8301114
0.9106413,0.9106413
4.8935903,4.8935903
2.5242252,2.5242252
3.2918577,3.2918577
0.3422426,0.3422426
0.9405365,0.9405365
15.135541,-10.0
1.5549921,1.5549921
3.6995476,3.6995476
2.2460523,2.2460523
1.3060765,1.3060765
0.5772084,0.5772084
0.6815285,0.6815285
2.2846393,2.2846393
1.1781986,1.1781986
0.6862948,0.6862948
1.4211838,1.4211838
20.4882334,-10.0
0.8895749,0.8895749
-0.0298952,-0.0298952
3.9530538,3.9530538
1.5836887,1.5836887
2.3513212,2.3513212
-0.5982939,-0.5982939
-0.9405365,-0.9405365
14.1950045,-10.0
0.6144556,0.6144556
2.7590111,2.7590111
1.3055158,1.3055158
0.36554,0.36554
-0.3633281,-0.3633281
-0.259008,-0.259008
1.3441028,1.3441028
0.2376621,0.2376621
-0.2542417,-0.2542417
-12.7738207,-10.0
6.2932289,6.2932289
-13.3054296,-10.0
-14.2248997,-10.0
-10.2419507,-10.0
-12.6113158,-10.0
-11.8436833,-10.0
-14.7932984,-10.0
-15.135541,-10.0
-14.1950045,-10.0
-13.5805489,-10.0
-11.4359934,-10.0
-12.8894887,-10.0
-13.8294645,-10.0
-14.5583326,-10.0
-14.4540125,-10.0
-12.8509017,-10.0
-13.9573424,-10.0
-14.4492462,-10.0
0.8067282,0.8067282
19.8737778,-10.0
0.2751193,0.2751193
-0.6443508,-0.6443508
3.3385982,3.3385982
0.9692331,0.9692331
1.7368656,1.7368656
-1.2127495,-1.2127495
-1.5549921,-1.5549921
-0.6144556,-0.6144556
13.5805489,-10.0
2.1445555,2.1445555
0.6910602,0.6910602
-0.2489156,-0.2489156
-0.9777837,-0.9777837
-0.8734636,-0.8734636
0.7296472,0.7296472
-0.3767935,-0.3767935
-0.8686973,-0.8686973
-1.3378273,-1.3378273
17.7292223,-10.0
-1.8694362,-1.8694362
-2.7889063,-2.7889063
1.1940427,1.1940427
-1.1753224,-1.1753224
-0.4076899,-0.4076899
-3.357305,-3.357305
-3.6995476,-3.6995476
-2.7590111,-2.7590111
11.4359934,-10.0
-2.1445555,-2.1445555
-1.4534953,-1.4534953
-2.3934711,-2.3934711
-3.1223392,-3.1223392
-3.0180191,-3.0180191
-1.4149083,-1.4149083
-2.521349,-2.521349
-3.0132528,-3.0132528
0.115668,0.115668
19.1827176,-10.0
-0.4159409,-0.4159409
-1.335411,-1.335411
2.647538,2.647538
0.2781729,0.2781729
1.0458054,1.0458054
-1.9038097,-1.9038097
-2.2460523,-2.2460523
-1.3055158,-1.3055158
12.8894887,-10.0
-0.6910602,-0.6910602
1.4534953,1.4534953
-0.9399758,-0.9399758
-1.6688439,-1.6688439
-1.5645238,-1.5645238
0.038587,0.038587
-1.0678537,-1.0678537
-1.5597575,-1.5597575
1.0556438,1.0556438
20.1226934,-10.0
0.5240349,0.5240349
-0.3954352,-0.3954352
3.5875138,3.5875138
1.2181487,1.2181487
1.9857812,1.9857812
-0.9638339,-0.9638339
-1.3060765,-1.3060765
-0.36554,-0.36554
13.8294645,-10.0
0.2489156,0.2489156
2.3934711,2.3934711
0.9399758,0.9399758
-0.7288681,-0.7288681
-0.624548,-0.624548
0.9785628,0.9785628
-0.1278779,-0.1278779
-0.6197817,-0.6197817
1.7845119,1.7845119
20.8515615,-10.0
1.252903,1.252903
0.3334329,0.3334329
4.3163819,4.3163819
1.9470168,1.9470168
2.7146493,2.7146493
-0.2349658,-0.2349658
-0.5772084,-0.5772084
0.3633281,0.3633281
14.5583326,-10.0
0.9777837,0.9777837
3.1223392,3.1223392
1.6688439,1.6688439
0.7288681,0.7288681
0.1043201,0.1043201
1.7074309,1.7074309
0.6009902,0.6009902
0.1090864,0.1090864
1.6801918,1.6801918
20.7472414,-10.0
1.1485829,1.1485829
0.2291128,0.2291128
4.2120618,4.2120618
1.8426967,1.8426967
2.6103292,2.6103292
-0.3392859,-0.3392859
-0.6815285,-0.6815285
0.259008,0.259008
14.4540125,-10.0
0.8734636,0.8734636
3.0180191,3.0180191
1.5645238,1.5645238
0.624548,0.624548
-0.1043201,-0.1043201
1.6031108,1.6031108
0.4966701,0.4966701
0.0047663,0.0047663
0.077081,0.077081
19.1441306,-10.0
-0.4545279,-0.4545279
-1.373998,-1.373998
2.608951,2.608951
0.2395859,0.2395859
1.0072184,1.0072184
-1.9423967,-1.9423967
-2.2846393,-2.2846393
-1.3441028,-1.3441028
12.8509017,-10.0
-0.7296472,-0.7296472
1.4149083,1.4149083
-0.038587,-0.038587
-0.9785628,-0.9785628
-1.7074309,-1.7074309
-1.6031108,-1.6031108
-1.1064407,-1.1064407
-1.5983445,-1.5983445
1.1835217,1.1835217
20.2505713,-10.0
0.6519128,0.6519128
-0.2675573,-0.2675573
3.7153917,3.7153917
1.3460266,1.3460266
2.1136591,2.1136591
-0.835956,-0.835956
-1.1781986,-1.1781986
-0.2376621,-0.2376621
13.9573424,-10.0
0.3767935,0.3767935
2.521349,2.521349
1.0678537,1.0678537
0.1278779,0.1278779
-0.6009902,-0.6009902
-0.4966701,-0.4966701
1.1064407,1.1064407
-0.4919038,-0.4919038
1.6754255,1.6754255
20.7424751,-10.0
1.1438166,1.1438166
0.2243465,0.2243465
4.2072955,4.2072955
1.8379304,1.8379304
2.6055629,2.6055629
-0.3440522,-0.3440522
-0.6862948,-0.6862948
0.2542417,0.2542417
14.4492462,-10.0
0.8686973,0.8686973
3.0132528,3.0132528
1.5597575,1.5597575
0.6197817,0.6197817
-0.1090864,-0.1090864
-0.0047663,-0.0047663
1.5983445,1.5983445
0.4919038,0.4919038
2.1602039,2.1602039
17.1086167,-10.0
15.0909284,-10.0
17.7829417,-10.0
0.7692788,0.7692788
20.7751205,-10.0
19.683865,-10.0
21.7692782,-10.0
19.7924776,-10.0
15.1193783,-10.0
1.6801822,1.6801822
2.0825738,2.0825738
21.7692788,-10.0
2.412572,2.412572
0.1136526,0.1136526
-1.0793536,-1.0793536
2.3629138,2.3629138
21.7672943,-10.0
10.9214692,-10.0
-2.1602039,-2.1602039
14.9484128,-10.0
12.9307245,-10.0
15.6227378,-10.0
-1.3909251,-1.3909251
18.6149166,-10.0
17.5236611,-10.0
19.6090743,-10.0
17.6322737,-10.0
12.9591744,-10.0
-0.4800217,-0.4800217
-0.0776301,-0.0776301
19.6090749,-10.0
0.2523681,0.2523681
-2.0465513,-2.0465513
-3.2395575,-3.2395575
0.2027099,0.2027099
19.6070904,-10.0
8.7612653,8.7612653
-17.1086167,-10.0
-14.9484128,-10.0
-2.0176883,-2.0176883
0.674325,0.674325
-16.3393379,-10.0
3.6665038,3.6665038
2.5752483,2.5752483
4.6606615,4.6606615
2.6838609,2.6838609
-1.9892384,-1.9892384
-15.4284345,-10.0
-15.0260429,-10.0
4.6606621,4.6606621
-14.6960447,-10.0
-16.9949641,-10.0
-18.1879703,-10.0
-14.7457029,-10.0
4.6586776,4.6586776
-6.1871475,-6.1871475
-15.0909284,-10.0
-12.9307245,-10.0
2.0176883,2.0176883
2.6920133,2.6920133
-14.3216496,-10.0
5.6841921,5.6841921
4.5929366,4.5929366
6.6783498,6.6783498
4.7015492,4.7015492
0.0284499,0.0284499
-13.4107462,-10.0
-13.0083546,-10.0
6.6783504,6.6783504
-12.6783564,-10.0
-14.9772758,-10.0
-16.170282,-10.0
-12.7280146,-10.0
6.6763659,6.6763659
-4.1694592,-4.1694592
-17.7829417,-10.0
-15.6227378,-10.0
-0.674325,-0.674325
-2.6920133,-2.6920133
-17.0136629,-10.0
2.9921788,2.9921788
1.9009233,1.9009233
3.9863365,3.9863365
2.0095359,2.0095359
-2.6635634,-2.6635634
-16.1027595,-10.0
-15.7003679,-10.0
3.9863371,3.9863371
-15.3703697,-10.0
-17.6692891,-10.0
-18.8622953,-10.0
-15.4200279,-10.0
3.9843526,3.9843526
-6.8614725,-6.8614725
-0.7692788,-0.7692788
1.3909251,1.3909251
16.3393379,-10.0
14.3216496,-10.0
17.0136629,-10.0
20.0058417,-10.0
18.9145862,-10.0
20.9999994,-10.0
19.0231988,-10.0
14.3500995,-10.0
0.9109034,0.9109034
1.313295,1.313295
21.0,-10.0
1.6432932,1.6432932
-0.6556262,-0.6556262
-1.8486324,-1.8486324
1.593635,1.593635
20.9980155,-10.0
10.1521904,-10.0
-20.7751205,-10.0
-18.6149166,-10.0
-3.6665038,-3.6665038
-5.6841921,-5.6841921
-2.9921788,-2.9921788
-20.0058417,-10.0
-1.0912555,-1.0912555
0.9941577,0.9941577
-0.9826429,-0.9826429
-5.6557422,-5.6557422
-19.0949383,-10.0
-18.6925467,-10.0
0.9941583,0.9941583
-18.3625485,-10.0
-20.6614679,-10.0
-21.8544741,-10.0
-18.4122067,-10.0
0.9921738,0.9921738
-9.8536513,-9.8536513
-19.683865,-10.0
-17.5236611,-10.0
-2.5752483,-2.5752483
-4.5929366,-4.5929366
-1.9009233,-1.9009233
-18.9145862,-10.0
1.0912555,1.0912555
2.0854132,2.0854132
0.1086126,0.1086126
-4.5644867,-4.5644867
-18.0036828,-10.0
-17.6012912,-10.0
2.0854138,2.0854138
-17.271293,-10.0
-19.5702124,-10.0
-20.7632186,-10.0
-17.3209512,-10.0
2.0834293,2.0834293
-8.7623958,-8.7623958
-21.7692782,-10.0
-19.6090743,-10.0
-4.6606615,-4.6606615
-6.6783498,-6.6783498
-3.9863365,-3.9863365
-20.9999994,-10.0
-0.9941577,-0.9941577
-2.0854132,-2.0854132
-1.9768006,-1.9768006
-6.6498999,-6.6498999
-20.089096,-10.0
-19.6867044,-10.0
5.99999999906e-07,5.99999999906e-07
-19.3567062,-10.0
-21.6556256,-10.0
-22.8486318,-10.0
-19.4063644,-10.0
-0.0019839,-0.0019839
-10.847809,-10.0
-19.7924776,-10.0
-17.6322737,-10.0
-2.6838609,-2.6838609
-4.7015492,-4.7015492
-2.0095359,-2.0095359
-19.0231988,-10.0
0.9826429,0.9826429
-0.1086126,-0.1086126
1.9768006,1.9768006
-4.6730993,-4.6730993
-18.1122954,-10.0
-17.7099038,-10.0
1.9768012,1.9768012
-17.3799056,-10.0
-19.678825,-10.0
-20.8718312,-10.0
-17.4295638,-10.0
1.9748167,1.9748167
-8.8710084,-8.8710084
-15.1193783,-10.0
-12.9591744,-10.0
1.9892384,1.9892384
-0.0284499,-0.0284499
2.6635634,2.6635634
-14.3500995,-10.0
5.6557422,5.6557422
4.5644867,4.5644867
6.6498999,6.6498999
4.6730993,4.6730993
-13.4391961,-10.0
-13.0368045,-10.0
6.6499005,6.6499005
-12.7068063,-10.0
-15.0057257,-10.0
-16.1987319,-10.0
-12.7564645,-10.0
6.647916,6.647916
-4.1979091,-4.1979091
-1.6801822,-1.6801822
0.4800217,0.4800217
15.4284345,-10.0
13.4107462,-10.0
16.1027595,-10.0
-0.9109034,-0.9109034
19.0949383,-10.0
18.0036828,-10.0
20.089096,-10.0
18.1122954,-10.0
13.4391961,-10.0
0.4023916,0.4023916
20.0890966,-10.0
0.7323898,0.7323898
-1.5665296,-1.5665296
-2.7595358,-2.7595358
0.6827316,0.6827316
20.0871121,-10.0
9.241287,9.241287
-2.0825738,-2.0825738
0.0776301,0.0776301
15.0260429,-10.0
13.0083546,-10.0
15.7003679,-10.0
-1.313295,-1.313295
18.6925467,-10.0
17.6012912,-10.0
19.6867044,-10.0
17.7099038,-10.0
13.0368045,-10.0
-0.4023916,-0.4023916
19.686705,-10.0
0.3299982,0.3299982
-1.9689212,-1.9689212
-3.1619274,-3.1619274
0.28034,0.28034
19.6847205,-10.0
8.8388954,8.8388954
-21.7692788,-10.0
-19.6090749,-10.0
-4.6606621,-4.6606621
-6.6783504,-6.6783504
-3.9863371,-3.9863371
-21.0,-10.0
-0.9941583,-0.9941583
-2.0854138,-2.0854138
-5.99999999906e-07,-5.99999999906e-07
-1.9768012,-1.9768012
-6.6499005,-6.6499005
-20.0890966,-10.0
-19.686705,-10.0
-19.3567068,-10.0
-21.6556262,-10.0
-22.8486324,-10.0
-19.406365,-10.0
-0.0019845,-0.0019845
-10.8478096,-10.0
-2.412572,-2.412572
-0.2523681,-0.2523681
14.6960447,-10.0
12.6783564,-10.0
15.3703697,-10.0
-1.6432932,-1.6432932
18.3625485,-10.0
17.271293,-10.0
19.3567062,-10.0
17.3799056,-10.0
12.7068063,-10.0
-0.7323898,-0.7323898
-0.3299982,-0.3299982
19.3567068,-10.0
-2.2989194,-2.2989194
-3.4919256,-3.4919256
-0.0496582,-0.0496582
19.3547223,-10.0
8.5088972,8.5088972
-0.1136526,-0.1136526
2.0465513,2.0465513
16.9949641,-10.0
14.9772758,-10.0
17.6692891,-10.0
0.6556262,0.6556262
20.6614679,-10.0
19.5702124,-10.0
21.6556256,-10.0
19.678825,-10.0
15.0057257,-10.0
1.5665296,1.5665296
1.9689212,1.9689212
21.6556262,-10.0
2.2989194,2.2989194
-1.1930062,-1.1930062
2.2492612,2.2492612
21.6536417,-10.0
10.8078166,-10.0
1.0793536,1.0793536
3.2395575,3.2395575
18.1879703,-10.0
16.170282,-10.0
18.8622953,-10.0
1.8486324,1.8486324
21.8544741,-10.0
20.7632186,-10.0
22.8486318,-10.0
20.8718312,-10.0
16.1987319,-10.0
2.7595358,2.7595358
3.1619274,3.1619274
22.8486324,-10.0
3.4919256,3.4919256
1.1930062,1.1930062
3.4422674,3.4422674
22.8466479,-10.0
12.0008228,-10.0
-2.3629138,-2.3629138
-0.2027099,-0.2027099
14.7457029,-10.0
12.7280146,-10.0
15.4200279,-10.0
-1.593635,-1.593635
18.4122067,-10.0
17.3209512,-10.0
19.4063644,-10.0
17.4295638,-10.0
12.7564645,-10.0
-0.6827316,-0.6827316
-0.28034,-0.28034
19.406365,-10.0
0.0496582,0.0496582
-2.2492612,-2.2492612
-3.4422674,-3.4422674
19.4043805,-10.0
8.5585554,8.5585554
-21.7672943,-10.0
-19.6070904,-10.0
-4.6586776,-4.6586776
-6.6763659,-6.6763659
-3.9843526,-3.9843526
-20.9980155,-10.0
-0.9921738,-0.9921738
-2.0834293,-2.0834293
0.0019839,0.0019839
-1.9748167,-1.9748167
-6.647916,-6.647916
-20.0871121,-10.0
-19.6847205,-10.0
0.0019845,0.0019845
-19.3547223,-10.0
-21.6536417,-10.0
-22.8466479,-10.0
-19.4043805,-10.0
-10.8458251,-10.0
-10.9214692,-10.0
-8.7612653,-8.7612653
6.1871475,6.1871475
4.1694592,4.1694592
6.8614725,6.8614725
-10.1521904,-10.0
9.8536513,9.8536513
8.7623958,8.7623958
10.847809,-10.0
8.8710084,8.8710084
4.1979091,4.1979091
-9.241287,-9.241287
-8.8388954,-8.8388954
10.8478096,-10.0
-8.5088972,-8.5088972
-10.8078166,-10.0
-12.0008228,-10.0
-8.5585554,-8.5585554
10.8458251,-10.0
-11.8273565,-10.0
1.2095568,1.2095568
2.9847206,2.9847206
-16.8211768,-10.0
3.6258093,3.6258093
-12.5541757,-10.0
1.7188666,1.7188666
-4.6704304,-4.6704304
-9.4413438,-9.4413438
3.6254958,3.6254958
3.6258096,3.6258096
3.0400412,3.0400412
2.8198565,2.8198565
2.56754,2.56754
0.850616,0.850616
0.6907112,0.6907112
3.417846,3.417846
-16.3069747,-10.0
-17.3741904,-10.0
11.8273565,-10.0
13.0369133,-10.0
14.8120771,-10.0
-4.9938203,-4.9938203
15.4531658,-10.0
-0.7268192,-0.7268192
13.5462231,-10.0
7.1569261,7.1569261
2.3860127,2.3860127
15.4528523,-10.0
15.4531661,-10.0
14.8673977,-10.0
14.647213,-10.0
14.3948965,-10.0
12.6779725,-10.0
12.5180677,-10.0
15.2452025,-10.0
-4.4796182,-4.4796182
-5.5468339,-5.5468339
-1.2095568,-1.2095568
-13.0369133,-10.0
1.7751638,1.7751638
-18.0307336,-10.0
2.4162525,2.4162525
-13.7637325,-10.0
0.5093098,0.5093098
-5.8799872,-5.8799872
-10.6509006,-10.0
2.415939,2.415939
2.4162528,2.4162528
1.8304844,1.8304844
1.6102997,1.6102997
1.3579832,1.3579832
-0.3589408,-0.3589408
-0.5188456,-0.5188456
2.2082892,2.2082892
-17.5165315,-10.0
-18.5837472,-10.0
-2.9847206,-2.9847206
-14.8120771,-10.0
-1.7751638,-1.7751638
-19.8058974,-10.0
0.6410887,0.6410887
-15.5388963,-10.0
-1.265854,-1.265854
-7.655151,-7.655151
-12.4260644,-10.0
0.6407752,0.6407752
0.641089,0.641089
0.0553206,0.0553206
-0.1648641,-0.1648641
-0.4171806,-0.4171806
-2.1341046,-2.1341046
-2.2940094,-2.2940094
0.4331254,0.4331254
-19.2916953,-10.0
-20.358911,-10.0
16.8211768,-10.0
4.9938203,4.9938203
18.0307336,-10.0
19.8058974,-10.0
20.4469861,-10.0
4.2670011,4.2670011
18.5400434,-10.0
12.1507464,-10.0
7.379833,7.379833
20.4466726,-10.0
20.4469864,-10.0
19.861218,-10.0
19.6410333,-10.0
19.3887168,-10.0
17.6717928,-10.0
17.511888,-10.0
20.2390228,-10.0
0.5142021,0.5142021
-0.5530136,-0.5530136
-3.6258093,-3.6258093
-15.4531658,-10.0
-2.4162525,-2.4162525
-0.6410887,-0.6410887
-20.4469861,-10.0
-16.179985,-10.0
-1.9069427,-1.9069427
-8.2962397,-8.2962397
-13.0671531,-10.0
-0.000313500000001,-0.000313500000001
2.99999999953e-07,2.99999999953e-07
-0.5857681,-0.5857681
-0.8059528,-0.8059528
-1.0582693,-1.0582693
-2.7751933,-2.7751933
-2.9350981,-2.9350981
-0.2079633,-0.2079633
-19.932784,-10.0
-20.9999997,-10.0
12.5541757,-10.0
0.7268192,0.7268192
13.7637325,-10.0
15.5388963,-10.0
-4.2670011,-4.2670011
16.179985,-10.0
14.2730423,-10.0
7.8837453,7.8837453
3.1128319,3.1128319
16.1796715,-10.0
16.1799853,-10.0
15.5942169,-10.0
15.3740322,-10.0
15.1217157,-10.0
13.4047917,-10.0
13.2448869,-10.0
15.9720217,-10.0
-3.752799,-3.752799
-4.8200147,-4.8200147
-1.7188666,-1.7188666
-13.5462231,-10.0
-0.5093098,-0.5093098
1.265854,1.265854
-18.5400434,-10.0
1.9069427,1.9069427
-14.2730423,-10.0
-6.389297,-6.389297
-11.1602104,-10.0
1.9066292,1.9066292
1.906943,1.906943
1.3211746,1.3211746
1.1009899,1.1009899
0.8486734,0.8486734
-0.8682506,-0.8682506
-1.0281554,-1.0281554
1.6989794,1.6989794
-18.0258413,-10.0
-19.093057,-10.0
4.6704304,4.6704304
-7.1569261,-7.1569261
5.8799872,5.8799872
7.655151,7.655151
-12.1507464,-10.0
8.2962397,8.2962397
-7.8837453,-7.8837453
6.389297,6.389297
-4.7709134,-4.7709134
8.2959262,8.2959262
8.29624,8.29624
7.7104716,7.7104716
7.4902869,7.4902869
7.2379704,7.2379704
5.5210464,5.5210464
5.3611416,5.3611416
8.0882764,8.0882764
-11.6365443,-10.0
-12.70376,-10.0
9.4413438,9.4413438
-2.3860127,-2.3860127
10.6509006,-10.0
12.4260644,-10.0
-7.379833,-7.379833
13.0671531,-10.0
-3.1128319,-3.1128319
11.1602104,-10.0
4.7709134,4.7709134
13.0668396,-10.0
13.0671534,-10.0
12.481385,-10.0
12.2612003,-10.0
12.0088838,-10.0
10.2919598,-10.0
10.132055,-10.0
12.8591898,-10.0
-6.8656309,-6.8656309
-7.9328466,-7.9328466
-3.6254958,-3.6254958
-15.4528523,-10.0
-2.415939,-2.415939
-0.6407752,-0.6407752
-20.4466726,-10.0
0.000313500000001,0.000313500000001
-16.1796715,-10.0
-1.9066292,-1.9066292
-8.2959262,-8.2959262
-13.0668396,-10.0
0.000313800000001,0.000313800000001
-0.5854546,-0.5854546
-0.8056393,-0.8056393
-1.0579558,-1.0579558
-2.7748798,-2.7748798
-2.9347846,-2.9347846
-0.2076498,-0.2076498
-19.9324705,-10.0
-20.9996862,-10.0
-3.6258096,-3.6258096
-15.4531661,-10.0
-2.4162528,-2.4162528
-0.641089,-0.641089
-20.4469864,-10.0
-2.99999999953e-07,-2.99999999953e-07
-16.1799853,-10.0
-1.906943,-1.906943
-8.29624,-8.29624
-13.0671534,-10.0
-0.000313800000001,-0.000313800000001
-0.5857684,-0.5857684
-0.8059531,-0.8059531
-1.0582696,-1.0582696
-2.7751936,-2.7751936
-2.9350984,-2.9350984
-0.2079636,-0.2079636
-19.9327843,-10.0
-21.0,-10.0
-3.0400412,-3.0400412
-14.8673977,-10.0
-1.8304844,-1.8304844
-0.0553206,-0.0553206
-19.861218,-10.0
0.5857681,0.5857681
-15.5942169,-10.0
-1.3211746,-1.3211746
-7.7104716,-7.7104716
-12.481385,-10.0
0.5854546,0.5854546
0.5857684,0.5857684
-0.2201847,-0.2201847
-0.4725012,-0.4725012
-2.1894252,-2.1894252
-2.34933,-2.34933
0.3778048,0.3778048
-19.3470159,-10.0
-20.4142316,-10.0
-2.8198565,-2.8198565
-14.647213,-10.0
-1.6102997,-1.6102997
0.1648641,0.1648641
-19.6410333,-10.0
0.8059528,0.8059528
-15.3740322,-10.0
-1.1009899,-1.1009899
-7.4902869,-7.4902869
-12.2612003,-10.0
0.8056393,0.8056393
0.8059531,0.8059531
0.2201847,0.2201847
-0.2523165,-0.2523165
-1.9692405,-1.9692405
-2.1291453,-2.1291453
0.5979895,0.5979895
-19.1268312,-10.0
-20.1940469,-10.0
-2.56754,-2.56754
-14.3948965,-10.0
-1.3579832,-1.3579832
0.4171806,0.4171806
-19.3887168,-10.0
1.0582693,1.0582693
-15.1217157,-10.0
-0.8486734,-0.8486734
-7.2379704,-7.2379704
-12.0088838,-10.0
1.0579558,1.0579558
1.0582696,1.0582696
0.4725012,0.4725012
0.2523165,0.2523165
-1.716924,-1.716924
-1.8768288,-1.8768288
0.850306,0.850306
-18.8745147,-10.0
-19.9417304,-10.0
-0.850616,-0.850616
-12.6779725,-10.0
0.3589408,0.3589408
2.1341046,2.1341046
-17.6717928,-10.0
2.7751933,2.7751933
-13.4047917,-10.0
0.8682506,0.8682506
-5.5210464,-5.5210464
-10.2919598,-10.0
2.7748798,2.7748798
2.7751936,2.7751936
2.1894252,2.1894252
1.9692405,1.9692405
1.716924,1.716924
-0.1599048,-0.1599048
2.56723,2.56723
-17.1575907,-10.0
-18.2248064,-10.0
-0.6907112,-0.6907112
-12.5180677,-10.0
0.5188456,0.5188456
2.2940094,2.2940094
-17.511888,-10.0
2.9350981,2.9350981
-13.2448869,-10.0
1.0281554,1.0281554
-5.3611416,-5.3611416
-10.132055,-10.0
2.9347846,2.9347846
2.9350984,2.9350984
2.34933,2.34933
2.1291453,2.1291453
1.8768288,1.8768288
0.1599048,0.1599048
2.7271348,2.7271348
-16.9976859,-10.0
-18.0649016,-10.0
-3.417846,-3.417846
-15.2452025,-10.0
-2.2082892,-2.2082892
-0.4331254,-0.4331254
-20.2390228,-10.0
0.2079633,0.2079633
-15.9720217,-10.0
-1.6989794,-1.6989794
-8.0882764,-8.0882764
-12.8591898,-10.0
0.2076498,0.2076498
0.2079636,0.2079636
-0.3778048,-0.3778048
-0.5979895,-0.5979895
-0.850306,-0.850306
-2.56723,-2.56723
-2.7271348,-2.7271348
-19.7248207,-10.0
-20.7920364,-10.0
16.3069747,-10.0
4.4796182,4.4796182
17.5165315,-10.0
19.2916953,-10.0
-0.5142021,-0.5142021
19.932784,-10.0
3.752799,3.752799
18.0258413,-10.0
11.6365443,-10.0
6.8656309,6.8656309
19.9324705,-10.0
19.9327843,-10.0
19.3470159,-10.0
19.1268312,-10.0
18.8745147,-10.0
17.1575907,-10.0
16.9976859,-10.0
19.7248207,-10.0
-1.0672157,-1.0672157
17.3741904,-10.0
5.5468339,5.5468339
18.5837472,-10.0
20.358911,-10.0
0.5530136,0.5530136
20.9999997,-10.0
4.8200147,4.8200147
19.093057,-10.0
12.70376,-10.0
7.9328466,7.9328466
20.9996862,-10.0
21.0,-10.0
20.4142316,-10.0
20.1940469,-10.0
19.9417304,-10.0
18.2248064,-10.0
18.0649016,-10.0
20.7920364,-10.0
1.0672157,1.0672157
18.8682791,-10.0
19.9750608,-10.0
20.3282185,-10.0
0.632445,0.632445
4.070793,4.070793
11.1437856,-10.0
-0.3276859,-0.3276859
9.8831138,9.8831138
-0.4560646,-0.4560646
3.9718965,3.9718965
10.4584033,-10.0
4.1427424,4.1427424
16.4713617,-10.0
20.5439352,-10.0
3.9222022,3.9222022
2.4625531,2.4625531
2.1043209,2.1043209
6.3574155,6.3574155
14.0920414,-10.0
-18.8682791,-10.0
1.1067817,1.1067817
1.4599394,1.4599394
-18.2358341,-10.0
-14.7974861,-10.0
-7.7244935,-7.7244935
-19.195965,-10.0
-8.9851653,-8.9851653
-19.3243437,-10.0
-14.8963826,-10.0
-8.4098758,-8.4098758
-14.7255367,-10.0
-2.3969174,-2.3969174
1.6756561,1.6756561
-14.9460769,-10.0
-16.405726,-10.0
-16.7639582,-10.0
-12.5108636,-10.0
-4.7762377,-4.7762377
-19.9750608,-10.0
-1.1067817,-1.1067817
0.3531577,0.3531577
-19.3426158,-10.0
-15.9042678,-10.0
-8.8312752,-8.8312752
-20.3027467,-10.0
-10.091947,-10.0
-20.4311254,-10.0
-16.0031643,-10.0
-9.5166575,-9.5166575
-15.8323184,-10.0
-3.5036991,-3.5036991
0.5688744,0.5688744
-16.0528586,-10.0
-17.5125077,-10.0
-17.8707399,-10.0
-13.6176453,-10.0
-5.8830194,-5.8830194
-20.3282185,-10.0
-1.4599394,-1.4599394
-0.3531577,-0.3531577
-19.6957735,-10.0
-16.2574255,-10.0
-9.1844329,-9.1844329
-20.6559044,-10.0
-10.4451047,-10.0
-20.7842831,-10.0
-16.356322,-10.0
-9.8698152,-9.8698152
-16.1854761,-10.0
-3.8568568,-3.8568568
0.2157167,0.2157167
-16.4060163,-10.0
-17.8656654,-10.0
-18.2238976,-10.0
-13.970803,-10.0
-6.2361771,-6.2361771
-0.632445,-0.632445
18.2358341,-10.0
19.3426158,-10.0
19.6957735,-10.0
3.438348,3.438348
10.5113406,-10.0
-0.9601309,-0.9601309
9.2506688,9.2506688
-1.0885096,-1.0885096
3.3394515,3.3394515
9.8259583,9.8259583
3.5102974,3.5102974
15.8389167,-10.0
19.9114902,-10.0
3.2897572,3.2897572
1.8301081,1.8301081
1.4718759,1.4718759
5.7249705,5.7249705
13.4595964,-10.0
-4.070793,-4.070793
14.7974861,-10.0
15.9042678,-10.0
16.2574255,-10.0
-3.438348,-3.438348
7.0729926,7.0729926
-4.3984789,-4.3984789
5.8123208,5.8123208
-4.5268576,-4.5268576
-0.0988965,-0.0988965
6.3876103,6.3876103
0.0719494,0.0719494
12.4005687,-10.0
16.4731422,-10.0
-0.1485908,-0.1485908
-1.6082399,-1.6082399
-1.9664721,-1.9664721
2.2866225,2.2866225
10.0212484,-10.0
-11.1437856,-10.0
7.7244935,7.7244935
8.8312752,8.8312752
9.1844329,9.1844329
-10.5113406,-10.0
-7.0729926,-7.0729926
-11.4714715,-10.0
-1.2606718,-1.2606718
-11.5998502,-10.0
-7.1718891,-7.1718891
-0.6853823,-0.6853823
-7.0010432,-7.0010432
5.3275761,5.3275761
9.4001496,9.4001496
-7.2215834,-7.2215834
-8.6812325,-8.6812325
-9.0394647,-9.0394647
-4.7863701,-4.7863701
2.9482558,2.9482558
0.3276859,0.3276859
19.195965,-10.0
20.3027467,-10.0
20.6559044,-10.0
0.9601309,0.9601309
4.3984789,4.3984789
11.4714715,-10.0
10.2107997,-10.0
-0.1283787,-0.1283787
4.2995824,4.2995824
10.7860892,-10.0
4.4704283,4.4704283
16.7990476,-10.0
20.8716211,-10.0
4.2498881,4.2498881
2.790239,2.790239
2.4320068,2.4320068
6.6851014,6.6851014
14.4197273,-10.0
-9.8831138,-9.8831138
8.9851653,8.9851653
10.091947,-10.0
10.4451047,-10.0
-9.2506688,-9.2506688
-5.8123208,-5.8123208
1.2606718,1.2606718
-10.2107997,-10.0
-10.3391784,-10.0
-5.9112173,-5.9112173
0.5752895,0.5752895
-5.7403714,-5.7403714
6.5882479,6.5882479
10.6608214,-10.0
-5.9609116,-5.9609116
-7.4205607,-7.4205607
-7.7787929,-7.7787929
-3.5256983,-3.5256983
4.2089276,4.2089276
0.4560646,0.4560646
19.3243437,-10.0
20.4311254,-10.0
20.7842831,-10.0
1.0885096,1.0885096
4.5268576,4.5268576
11.5998502,-10.0
0.1283787,0.1283787
10.3391784,-10.0
4.4279611,4.4279611
10.9144679,-10.0
4.598807,4.598807
16.9274263,-10.0
20.9999998,-10.0
4.3782668,4.3782668
2.9186177,2.9186177
2.5603855,2.5603855
6.8134801,6.8134801
14.548106,-10.0
-3.9718965,-3.9718965
14.8963826,-10.0
16.0031643,-10.0
16.356322,-10.0
-3.3394515,-3.3394515
0.0988965,0.0988965
7.1718891,7.1718891
-4.2995824,-4.2995824
5.9112173,5.9112173
-4.4279611,-4.4279611
6.4865068,6.4865068
0.1708459,0.1708459
12.4994652,-10.0
16.5720387,-10.0
-0.0496943,-0.0496943
-1.5093434,-1.5093434
-1.8675756,-1.8675756
2.385519,2.385519
10.1201449,-10.0
-10.4584033,-10.0
8.4098758,8.4098758
9.5166575,9.5166575
9.8698152,9.8698152
-9.8259583,-9.8259583
-6.3876103,-6.3876103
0.6853823,0.6853823
-10.7860892,-10.0
-0.5752895,-0.5752895
-10.9144679,-10.0
-6.4865068,-6.4865068
-6.3156609,-6.3156609
6.0129584,6.0129584
10.0855319,-10.0
-6.5362011,-6.5362011
-7.9958502,-7.9958502
-8.3540824,-8.3540824
-4.1009878,-4.1009878
3.6336381,3.6336381
-4.1427424,-4.1427424
14.7255367,-10.0
15.8323184,-10.0
16.1854761,-10.0
-3.5102974,-3.5102974
-0.0719494,-0.0719494
7.0010432,7.0010432
-4.4704283,-4.4704283
5.7403714,5.7403714
-4.598807,-4.598807
-0.1708459,-0.1708459
6.3156609,6.3156609
12.3286193,-10.0
16.4011928,-10.0
-0.2205402,-0.2205402
-1.6801893,-1.6801893
-2.0384215,-2.0384215
2.2146731,2.2146731
9.949299,9.949299
-16.4713617,-10.0
2.3969174,2.3969174
3.5036991,3.5036991
3.8568568,3.8568568
-15.8389167,-10.0
-12.4005687,-10.0
-5.3275761,-5.3275761
-16.7990476,-10.0
-6.5882479,-6.5882479
-16.9274263,-10.0
-12.4994652,-10.0
-6.0129584,-6.0129584
-12.3286193,-10.0
4.0725735,4.0725735
-12.5491595,-10.0
-14.0088086,-10.0
-14.3670408,-10.0
-10.1139462,-10.0
-2.3793203,-2.3793203
-20.5439352,-10.0
-1.6756561,-1.6756561
-0.5688744,-0.5688744
-0.2157167,-0.2157167
-19.9114902,-10.0
-16.4731422,-10.0
-9.4001496,-9.4001496
-20.8716211,-10.0
-10.6608214,-10.0
-20.9999998,-10.0
-16.5720387,-10.0
-10.0855319,-10.0
-16.4011928,-10.0
-4.0725735,-4.0725735
-16.621733,-10.0
-18.0813821,-10.0
-18.4396143,-10.0
-14.1865197,-10.0
-6.4518938,-6.4518938
-3.9222022,-3.9222022
14.9460769,-10.0
16.0528586,-10.0
16.4060163,-10.0
-3.2897572,-3.2897572
0.1485908,0.1485908
7.2215834,7.2215834
-4.2498881,-4.2498881
5.9609116,5.9609116
-4.3782668,-4.3782668
0.0496943,0.0496943
6.5362011,6.5362011
0.2205402,0.2205402
12.5491595,-10.0
16.621733,-10.0
-1.4596491,-1.4596491
-1.8178813,-1.8178813
2.4352133,2.4352133
10.1698392,-10.0
-2.4625531,-2.4625531
16.405726,-10.0
17.5125077,-10.0
17.8656654,-10.0
-1.8301081,-1.8301081
1.6082399,1.6082399
8.6812325,8.6812325
-2.790239,-2.790239
7.4205607,7.4205607
-2.9186177,-2.9186177
1.5093434,1.5093434
7.9958502,7.9958502
1.6801893,1.6801893
14.0088086,-10.0
18.0813821,-10.0
1.4596491,1.4596491
-0.3582322,-0.3582322
3.8948624,3.8948624
11.6294883,-10.0
-2.1043209,-2.1043209
16.7639582,-10.0
17.8707399,-10.0
18.2238976,-10.0
-1.4718759,-1.4718759
1.9664721,1.9664721
9.0394647,9.0394647
-2.4320068,-2.4320068
7.7787929,7.7787929
-2.5603855,-2.5603855
1.8675756,1.8675756
8.3540824,8.3540824
2.0384215,2.0384215
14.3670408,-10.0
18.4396143,-10.0
1.8178813,1.8178813
0.3582322,0.3582322
4.2530946,4.2530946
11.9877205,-10.0
-6.3574155,-6.3574155
12.5108636,-10.0
13.6176453,-10.0
13.970803,-10.0
-5.7249705,-5.7249705
-2.2866225,-2.2866225
4.7863701,4.7863701
-6.6851014,-6.6851014
3.5256983,3.5256983
-6.8134801,-6.8134801
-2.385519,-2.385519
4.1009878,4.1009878
-2.2146731,-2.2146731
10.1139462,-10.0
14.1865197,-10.0
-2.4352133,-2.4352133
-3.8948624,-3.8948624
-4.2530946,-4.2530946
7.7346259,7.7346259
-14.0920414,-10.0
4.7762377,4.7762377
5.8830194,5.8830194
6.2361771,6.2361771
-13.4595964,-10.0
-10.0212484,-10.0
-2.9482558,-2.9482558
-14.4197273,-10.0
-4.2089276,-4.2089276
-14.548106,-10.0
-10.1201449,-10.0
-3.6336381,-3.6336381
-9.949299,-9.949299
2.3793203,2.3793203
6.4518938,6.4518938
-10.1698392,-10.0
-11.6294883,-10.0
-11.9877205,-10.0
-7.7346259,-7.7346259
2.471307,2.471307
4.0167963,4.0167963
-0.1526938,-0.1526938
-3.2715532,-3.2715532
2.87168,2.87168
-1.3465692,-1.3465692
-2.2890097,-2.2890097
-2.6403865,-2.6403865
-0.1366076,-0.1366076
-1.6969288,-1.6969288
-0.9919602,-0.9919602
14.9029555,-10.0
-0.0285942,-0.0285942
0.7964763,0.7964763
-0.4242472,-0.4242472
-1.4102117,-1.4102117
-0.8593225,-0.8593225
-0.6984393,-0.6984393
-4.3886408,-4.3886408
-2.471307,-2.471307
1.5454893,1.5454893
-2.6240008,-2.6240008
-5.7428602,-5.7428602
0.400373,0.400373
-3.8178762,-3.8178762
-4.7603167,-4.7603167
-5.1116935,-5.1116935
-2.6079146,-2.6079146
-4.1682358,-4.1682358
-3.4632672,-3.4632672
12.4316485,-10.0
-2.4999012,-2.4999012
-1.6748307,-1.6748307
-2.8955542,-2.8955542
-3.8815187,-3.8815187
-3.3306295,-3.3306295
-3.1697463,-3.1697463
-6.8599478,-6.8599478
-4.0167963,-4.0167963
-1.5454893,-1.5454893
-4.1694901,-4.1694901
-7.2883495,-7.2883495
-1.1451163,-1.1451163
-5.3633655,-5.3633655
-6.305806,-6.305806
-6.6571828,-6.6571828
-4.1534039,-4.1534039
-5.7137251,-5.7137251
-5.0087565,-5.0087565
10.8861592,-10.0
-4.0453905,-4.0453905
-3.22032,-3.22032
-4.4410435,-4.4410435
-5.427008,-5.427008
-4.8761188,-4.8761188
-4.7152356,-4.7152356
-8.4054371,-8.4054371
0.1526938,0.1526938
2.6240008,2.6240008
4.1694901,4.1694901
-3.1188594,-3.1188594
3.0243738,3.0243738
-1.1938754,-1.1938754
-2.1363159,-2.1363159
-2.4876927,-2.4876927
0.0160862,0.0160862
-1.544235,-1.544235
-0.8392664,-0.8392664
15.0556493,-10.0
0.1240996,0.1240996
0.9491701,0.9491701
-0.2715534,-0.2715534
-1.2575179,-1.2575179
-0.7066287,-0.7066287
-0.5457455,-0.5457455
-4.235947,-4.235947
3.2715532,3.2715532
5.7428602,5.7428602
7.2883495,7.2883495
3.1188594,3.1188594
6.1432332,6.1432332
1.924984,1.924984
0.9825435,0.9825435
0.6311667,0.6311667
3.1349456,3.1349456
1.5746244,1.5746244
2.279593,2.279593
18.1745087,-10.0
3.242959,3.242959
4.0680295,4.0680295
2.847306,2.847306
1.8613415,1.8613415
2.4122307,2.4122307
2.5731139,2.5731139
-1.1170876,-1.1170876
-2.87168,-2.87168
-0.400373,-0.400373
1.1451163,1.1451163
-3.0243738,-3.0243738
-6.1432332,-6.1432332
-4.2182492,-4.2182492
-5.1606897,-5.1606897
-5.5120665,-5.5120665
-3.0082876,-3.0082876
-4.5686088,-4.5686088
-3.8636402,-3.8636402
12.0312755,-10.0
-2.9002742,-2.9002742
-2.0752037,-2.0752037
-3.2959272,-3.2959272
-4.2818917,-4.2818917
-3.7310025,-3.7310025
-3.5701193,-3.5701193
-7.2603208,-7.2603208
1.3465692,1.3465692
3.8178762,3.8178762
5.3633655,5.3633655
1.1938754,1.1938754
-1.924984,-1.924984
4.2182492,4.2182492
-0.9424405,-0.9424405
-1.2938173,-1.2938173
1.2099616,1.2099616
-0.3503596,-0.3503596
0.354609,0.354609
16.2495247,-10.0
1.317975,1.317975
2.1430455,2.1430455
0.922322,0.922322
-0.0636425,-0.0636425
0.4872467,0.4872467
0.6481299,0.6481299
-3.0420716,-3.0420716
2.2890097,2.2890097
4.7603167,4.7603167
6.305806,6.305806
2.1363159,2.1363159
-0.9825435,-0.9825435
5.1606897,5.1606897
0.9424405,0.9424405
-0.3513768,-0.3513768
2.1524021,2.1524021
0.5920809,0.5920809
1.2970495,1.2970495
17.1919652,-10.0
2.2604155,2.2604155
3.085486,3.085486
1.8647625,1.8647625
0.878798,0.878798
1.4296872,1.4296872
1.5905704,1.5905704
-2.0996311,-2.0996311
2.6403865,2.6403865
5.1116935,5.1116935
6.6571828,6.6571828
2.4876927,2.4876927
-0.6311667,-0.6311667
5.5120665,5.5120665
1.2938173,1.2938173
0.3513768,0.3513768
2.5037789,2.5037789
0.9434577,0.9434577
1.6484263,1.6484263
17.543342,-10.0
2.6117923,2.6117923
3.4368628,3.4368628
2.2161393,2.2161393
1.2301748,1.2301748
1.781064,1.781064
1.9419472,1.9419472
-1.7482543,-1.7482543
0.1366076,0.1366076
2.6079146,2.6079146
4.1534039,4.1534039
-0.0160862,-0.0160862
-3.1349456,-3.1349456
3.0082876,3.0082876
-1.2099616,-1.2099616
-2.1524021,-2.1524021
-2.5037789,-2.5037789
-1.5603212,-1.5603212
-0.8553526,-0.8553526
15.0395631,-10.0
0.1080134,0.1080134
0.9330839,0.9330839
-0.2876396,-0.2876396
-1.2736041,-1.2736041
-0.7227149,-0.7227149
-0.5618317,-0.5618317
-4.2520332,-4.2520332
1.6969288,1.6969288
4.1682358,4.1682358
5.7137251,5.7137251
1.544235,1.544235
-1.5746244,-1.5746244
4.5686088,4.5686088
0.3503596,0.3503596
-0.5920809,-0.5920809
-0.9434577,-0.9434577
1.5603212,1.5603212
0.7049686,0.7049686
16.5998843,-10.0
1.6683346,1.6683346
2.4934051,2.4934051
1.2726816,1.2726816
0.2867171,0.2867171
0.8376063,0.8376063
0.9984895,0.9984895
-2.691712,-2.691712
0.9919602,0.9919602
3.4632672,3.4632672
5.0087565,5.0087565
0.8392664,0.8392664
-2.279593,-2.279593
3.8636402,3.8636402
-0.354609,-0.354609
-1.2970495,-1.2970495
-1.6484263,-1.6484263
0.8553526,0.8553526
-0.7049686,-0.7049686
15.8949157,-10.0
0.963366,0.963366
1.7884365,1.7884365
0.567713,0.567713
-0.4182515,-0.4182515
0.1326377,0.1326377
0.2935209,0.2935209
-3.3966806,-3.3966806
-14.9029555,-10.0
-12.4316485,-10.0
-10.8861592,-10.0
-15.0556493,-10.0
-18.1745087,-10.0
-12.0312755,-10.0
-16.2495247,-10.0
-17.1919652,-10.0
-17.543342,-10.0
-15.0395631,-10.0
-16.5998843,-10.0
-15.8949157,-10.0
-14.9315497,-10.0
-14.1064792,-10.0
-15.3272027,-10.0
-16.3131672,-10.0
-15.762278,-10.0
-15.6013948,-10.0
-19.2915963,-10.0
0.0285942,0.0285942
2.4999012,2.4999012
4.0453905,4.0453905
-0.1240996,-0.1240996
-3.242959,-3.242959
2.9002742,2.9002742
-1.317975,-1.317975
-2.2604155,-2.2604155
-2.6117923,-2.6117923
-0.1080134,-0.1080134
-1.6683346,-1.6683346
-0.963366,-0.963366
14.9315497,-10.0
0.8250705,0.8250705
-0.395653,-0.395653
-1.3816175,-1.3816175
-0.8307283,-0.8307283
-0.6698451,-0.6698451
-4.3600466,-4.3600466
-0.7964763,-0.7964763
1.6748307,1.6748307
3.22032,3.22032
-0.9491701,-0.9491701
-4.0680295,-4.0680295
2.0752037,2.0752037
-2.1430455,-2.1430455
-3.085486,-3.085486
-3.4368628,-3.4368628
-0.9330839,-0.9330839
-2.4934051,-2.4934051
-1.7884365,-1.7884365
14.1064792,-10.0
-0.8250705,-0.8250705
-1.2207235,-1.2207235
-2.206688,-2.206688
-1.6557988,-1.6557988
-1.4949156,-1.4949156
-5.1851171,-5.1851171
0.4242472,0.4242472
2.8955542,2.8955542
4.4410435,4.4410435
0.2715534,0.2715534
-2.847306,-2.847306
3.2959272,3.2959272
-0.922322,-0.922322
-1.8647625,-1.8647625
-2.2161393,-2.2161393
0.2876396,0.2876396
-1.2726816,-1.2726816
-0.567713,-0.567713
15.3272027,-10.0
0.395653,0.395653
1.2207235,1.2207235
-0.9859645,-0.9859645
-0.4350753,-0.4350753
-0.2741921,-0.2741921
-3.9643936,-3.9643936
1.4102117,1.4102117
3.8815187,3.8815187
5.427008,5.427008
1.2575179,1.2575179
-1.8613415,-1.8613415
4.2818917,4.2818917
0.0636425,0.0636425
-0.878798,-0.878798
-1.2301748,-1.2301748
1.2736041,1.2736041
-0.2867171,-0.2867171
0.4182515,0.4182515
16.3131672,-10.0
1.3816175,1.3816175
2.206688,2.206688
0.9859645,0.9859645
0.5508892,0.5508892
0.7117724,0.7117724
-2.9784291,-2.9784291
0.8593225,0.8593225
3.3306295,3.3306295
4.8761188,4.8761188
0.7066287,0.7066287
-2.4122307,-2.4122307
3.7310025,3.7310025
-0.4872467,-0.4872467
-1.4296872,-1.4296872
-1.781064,-1.781064
0.7227149,0.7227149
-0.8376063,-0.8376063
-0.1326377,-0.1326377
15.762278,-10.0
0.8307283,0.8307283
1.6557988,1.6557988
0.4350753,0.4350753
-0.5508892,-0.5508892
0.1608832,0.1608832
-3.5293183,-3.5293183
0.6984393,0.6984393
3.1697463,3.1697463
4.7152356,4.7152356
0.5457455,0.5457455
-2.5731139,-2.5731139
3.5701193,3.5701193
-0.6481299,-0.6481299
-1.5905704,-1.5905704
-1.9419472,-1.9419472
0.5618317,0.5618317
-0.9984895,-0.9984895
-0.2935209,-0.2935209
15.6013948,-10.0
0.6698451,0.6698451
1.4949156,1.4949156
0.2741921,0.2741921
-0.7117724,-0.7117724
-0.1608832,-0.1608832
-3.6902015,-3.6902015
4.3886408,4.3886408
6.8599478,6.8599478
8.4054371,8.4054371
4.235947,4.235947
1.1170876,1.1170876
7.2603208,7.2603208
3.0420716,3.0420716
2.0996311,2.0996311
1.7482543,1.7482543
4.2520332,4.2520332
2.691712,2.691712
3.3966806,3.3966806
19.2915963,-10.0
4.3600466,4.3600466
5.1851171,5.1851171
3.9643936,3.9643936
2.9784291,2.9784291
3.5293183,3.5293183
3.6902015,3.6902015
-0.3736796,-0.3736796
3.1537627,3.1537627
-0.2260537,-0.2260537
-1.6623849,-1.6623849
5.3214916,5.3214916
-1.247848,-1.247848
-1.2954202,-1.2954202
-4.1452424,-4.1452424
-0.0046747,-0.0046747
-2.111596,-2.111596
2.4056448,2.4056448
-1.0649262,-1.0649262
-1.9057572,-1.9057572
-1.6115798,-1.6115798
-0.6468042,-0.6468042
-3.1091551,-3.1091551
-0.1631745,-0.1631745
-3.1304276,-3.1304276
1.7943701,1.7943701
0.3736796,0.3736796
3.5274423,3.5274423
0.1476259,0.1476259
-1.2887053,-1.2887053
5.6951712,5.6951712
-0.8741684,-0.8741684
-0.9217406,-0.9217406
-3.7715628,-3.7715628
0.3690049,0.3690049
-1.7379164,-1.7379164
2.7793244,2.7793244
-0.6912466,-0.6912466
-1.5320776,-1.5320776
-1.2379002,-1.2379002
-0.2731246,-0.2731246
-2.7354755,-2.7354755
0.2105051,0.2105051
-2.756748,-2.756748
2.1680497,2.1680497
-3.1537627,-3.1537627
-3.5274423,-3.5274423
-3.3798164,-3.3798164
-4.8161476,-4.8161476
2.1677289,2.1677289
-4.4016107,-4.4016107
-4.4491829,-4.4491829
-7.2990051,-7.2990051
-3.1584374,-3.1584374
-5.2653587,-5.2653587
-0.7481179,-0.7481179
-4.2186889,-4.2186889
-5.0595199,-5.0595199
-4.7653425,-4.7653425
-3.8005669,-3.8005669
-6.2629178,-6.2629178
-3.3169372,-3.3169372
-6.2841903,-6.2841903
-1.3593926,-1.3593926
0.2260537,0.2260537
-0.1476259,-0.1476259
3.3798164,3.3798164
-1.4363312,-1.4363312
5.5475453,5.5475453
-1.0217943,-1.0217943
-1.0693665,-1.0693665
-3.9191887,-3.9191887
0.221379,0.221379
-1.8855423,-1.8855423
2.6316985,2.6316985
-0.8388725,-0.8388725
-1.6797035,-1.6797035
-1.3855261,-1.3855261
-0.4207505,-0.4207505
-2.8831014,-2.8831014
0.0628792,0.0628792
-2.9043739,-2.9043739
2.0204238,2.0204238
1.6623849,1.6623849
1.2887053,1.2887053
4.8161476,4.8161476
1.4363312,1.4363312
6.9838765,6.9838765
0.4145369,0.4145369
0.3669647,0.3669647
-2.4828575,-2.4828575
1.6577102,1.6577102
-0.4492111,-0.4492111
4.0680297,4.0680297
0.5974587,0.5974587
-0.2433723,-0.2433723
0.0508051,0.0508051
1.0155807,1.0155807
-1.4467702,-1.4467702
1.4992104,1.4992104
-1.4680427,-1.4680427
3.456755,3.456755
-5.3214916,-5.3214916
-5.6951712,-5.6951712
-2.1677289,-2.1677289
-5.5475453,-5.5475453
-6.9838765,-6.9838765
-6.5693396,-6.5693396
-6.6169118,-6.6169118
-9.466734,-9.466734
-5.3261663,-5.3261663
-7.4330876,-7.4330876
-2.9158468,-2.9158468
-6.3864178,-6.3864178
-7.2272488,-7.2272488
-6.9330714,-6.9330714
-5.9682958,-5.9682958
-8.4306467,-8.4306467
-5.4846661,-5.4846661
-8.4519192,-8.4519192
-3.5271215,-3.5271215
1.247848,1.247848
0.8741684,0.8741684
4.4016107,4.4016107
1.0217943,1.0217943
-0.4145369,-0.4145369
6.5693396,6.5693396
-0.0475722,-0.0475722
-2.8973944,-2.8973944
1.2431733,1.2431733
-0.863748,-0.863748
3.6534928,3.6534928
0.1829218,0.1829218
-0.6579092,-0.6579092
-0.3637318,-0.3637318
0.6010438,0.6010438
-1.8613071,-1.8613071
1.0846735,1.0846735
-1.8825796,-1.8825796
3.0422181,3.0422181
1.2954202,1.2954202
0.9217406,0.9217406
4.4491829,4.4491829
1.0693665,1.0693665
-0.3669647,-0.3669647
6.6169118,6.6169118
0.0475722,0.0475722
-2.8498222,-2.8498222
1.2907455,1.2907455
-0.8161758,-0.8161758
3.701065,3.701065
0.230494,0.230494
-0.610337,-0.610337
-0.3161596,-0.3161596
0.648616,0.648616
-1.8137349,-1.8137349
1.1322457,1.1322457
-1.8350074,-1.8350074
3.0897903,3.0897903
4.1452424,4.1452424
3.7715628,3.7715628
7.2990051,7.2990051
3.9191887,3.9191887
2.4828575,2.4828575
9.466734,9.466734
2.8973944,2.8973944
2.8498222,2.8498222
4.1405677,4.1405677
2.0336464,2.0336464
6.5508872,6.5508872
3.0803162,3.0803162
2.2394852,2.2394852
2.5336626,2.5336626
3.4984382,3.4984382
1.0360873,1.0360873
3.9820679,3.9820679
1.0148148,1.0148148
5.9396125,5.9396125
0.0046747,0.0046747
-0.3690049,-0.3690049
3.1584374,3.1584374
-0.221379,-0.221379
-1.6577102,-1.6577102
5.3261663,5.3261663
-1.2431733,-1.2431733
-1.2907455,-1.2907455
-4.1405677,-4.1405677
-2.1069213,-2.1069213
2.4103195,2.4103195
-1.0602515,-1.0602515
-1.9010825,-1.9010825
-1.6069051,-1.6069051
-0.6421295,-0.6421295
-3.1044804,-3.1044804
-0.1584998,-0.1584998
-3.1257529,-3.1257529
1.7990448,1.7990448
2.111596,2.111596
1.7379164,1.7379164
5.2653587,5.2653587
1.8855423,1.8855423
0.4492111,0.4492111
7.4330876,7.4330876
0.863748,0.863748
0.8161758,0.8161758
-2.0336464,-2.0336464
2.1069213,2.1069213
4.5172408,4.5172408
1.0466698,1.0466698
0.2058388,0.2058388
0.5000162,0.5000162
1.4647918,1.4647918
-0.9975591,-0.9975591
1.9484215,1.9484215
-1.0188316,-1.0188316
3.9059661,3.9059661
-2.4056448,-2.4056448
-2.7793244,-2.7793244
0.7481179,0.7481179
-2.6316985,-2.6316985
-4.0680297,-4.0680297
2.9158468,2.9158468
-3.6534928,-3.6534928
-3.701065,-3.701065
-6.5508872,-6.5508872
-2.4103195,-2.4103195
-4.5172408,-4.5172408
-3.470571,-3.470571
-4.311402,-4.311402
-4.0172246,-4.0172246
-3.052449,-3.052449
-5.5147999,-5.5147999
-2.5688193,-2.5688193
-5.5360724,-5.5360724
-0.6112747,-0.6112747
1.0649262,1.0649262
0.6912466,0.6912466
4.2186889,4.2186889
0.8388725,0.8388725
-0.5974587,-0.5974587
6.3864178,6.3864178
-0.1829218,-0.1829218
-0.230494,-0.230494
-3.0803162,-3.0803162
1.0602515,1.0602515
-1.0466698,-1.0466698
3.470571,3.470571
-0.840831,-0.840831
-0.5466536,-0.5466536
0.418122,0.418122
-2.0442289,-2.0442289
0.9017517,0.9017517
-2.0655014,-2.0655014
2.8592963,2.8592963
1.9057572,1.9057572
1.5320776,1.5320776
5.0595199,5.0595199
1.6797035,1.6797035
0.2433723,0.2433723
7.2272488,7.2272488
0.6579092,0.6579092
0.610337,0.610337
-2.2394852,-2.2394852
1.9010825,1.9010825
-0.2058388,-0.2058388
4.311402,4.311402
0.840831,0.840831
0.2941774,0.2941774
1.258953,1.258953
-1.2033979,-1.2033979
1.7425827,1.7425827
-1.2246704,-1.2246704
3.7001273,3.7001273
1.6115798,1.6115798
1.2379002,1.2379002
4.7653425,4.7653425
1.3855261,1.3855261
-0.0508051,-0.0508051
6.9330714,6.9330714
0.3637318,0.3637318
0.3161596,0.3161596
-2.5336626,-2.5336626
1.6069051,1.6069051
-0.5000162,-0.5000162
4.0172246,4.0172246
0.5466536,0.5466536
-0.2941774,-0.2941774
0.9647756,0.9647756
-1.4975753,-1.4975753
1.4484053,1.4484053
-1.5188478,-1.5188478
3.4059499,3.4059499
0.6468042,0.6468042
0.2731246,0.2731246
3.8005669,3.8005669
0.4207505,0.4207505
-1.0155807,-1.0155807
5.9682958,5.9682958
-0.6010438,-0.6010438
-0.648616,-0.648616
-3.4984382,-3.4984382
0.6421295,0.6421295
-1.4647918,-1.4647918
3.052449,3.052449
-0.418122,-0.418122
-1.258953,-1.258953
-0.9647756,-0.9647756
-2.4623509,-2.4623509
0.4836297,0.4836297
-2.4836234,-2.4836234
2.4411743,2.4411743
3.1091551,3.1091551
2.7354755,2.7354755
6.2629178,6.2629178
2.8831014,2.8831014
1.4467702,1.4467702
8.4306467,8.4306467
1.8613071,1.8613071
1.8137349,1.8137349
-1.0360873,-1.0360873
3.1044804,3.1044804
0.9975591,0.9975591
5.5147999,5.5147999
2.0442289,2.0442289
1.2033979,1.2033979
1.4975753,1.4975753
2.4623509,2.4623509
2.9459806,2.9459806
-0.0212725,-0.0212725
4.9035252,4.9035252
0.1631745,0.1631745
-0.2105051,-0.2105051
3.3169372,3.3169372
-0.0628792,-0.0628792
-1.4992104,-1.4992104
5.4846661,5.4846661
-1.0846735,-1.0846735
-1.1322457,-1.1322457
-3.9820679,-3.9820679
0.1584998,0.1584998
-1.9484215,-1.9484215
2.5688193,2.5688193
-0.9017517,-0.9017517
-1.7425827,-1.7425827
-1.4484053,-1.4484053
-0.4836297,-0.4836297
-2.9459806,-2.9459806
-2.9672531,-2.9672531
1.9575446,1.9575446
3.1304276,3.1304276
2.756748,2.756748
6.2841903,6.2841903
2.9043739,2.9043739
1.4680427,1.4680427
8.4519192,8.4519192
1.8825796,1.8825796
1.8350074,1.8350074
-1.0148148,-1.0148148
3.1257529,3.1257529
1.0188316,1.0188316
5.5360724,5.5360724
2.0655014,2.0655014
1.2246704,1.2246704
1.5188478,1.5188478
2.4836234,2.4836234
0.0212725,0.0212725
2.9672531,2.9672531
4.9247977,4.9247977
-1.7943701,-1.7943701
-2.1680497,-2.1680497
1.3593926,1.3593926
-2.0204238,-2.0204238
-3.456755,-3.456755
3.5271215,3.5271215
-3.0422181,-3.0422181
-3.0897903,-3.0897903
-5.9396125,-5.9396125
-1.7990448,-1.7990448
-3.9059661,-3.9059661
0.6112747,0.6112747
-2.8592963,-2.8592963
-3.7001273,-3.7001273
-3.4059499,-3.4059499
-2.4411743,-2.4411743
-4.9035252,-4.9035252
-1.9575446,-1.9575446
-4.9247977,-4.9247977
-2.8294882,-2.8294882
10.9603767,-10.0
14.2234599,-10.0
1.0950376,1.0950376
15.3755425,-10.0
16.2772607,-10.0
-4.7227393,-4.7227393
10.7271627,-10.0
-1.0085143,-1.0085143
-3.6411546,-3.6411546
16.0943966,-10.0
11.9639782,-10.0
13.5526507,-10.0
-1.7691225,-1.7691225
-0.1640381,-0.1640381
-1.8607321,-1.8607321
-2.7422622,-2.7422622
-4.1200647,-4.1200647
-5.0210595,-5.0210595
2.8294882,2.8294882
13.7898649,-10.0
17.0529481,-10.0
3.9245258,3.9245258
18.2050307,-10.0
19.1067489,-10.0
-1.8932511,-1.8932511
13.5566509,-10.0
1.8209739,1.8209739
-0.8116664,-0.8116664
18.9238848,-10.0
14.7934664,-10.0
16.3821389,-10.0
1.0603657,1.0603657
2.6654501,2.6654501
0.9687561,0.9687561
0.087226,0.087226
-1.2905765,-1.2905765
-2.1915713,-2.1915713
-10.9603767,-10.0
-13.7898649,-10.0
3.2630832,3.2630832
-9.8653391,-9.8653391
4.4151658,4.4151658
5.316884,5.316884
-15.683116,-10.0
-0.233214,-0.233214
-11.968891,-10.0
-14.6015313,-10.0
5.1340199,5.1340199
1.0036015,1.0036015
2.592274,2.592274
-12.7294992,-10.0
-11.1244148,-10.0
-12.8211088,-10.0
-13.7026389,-10.0
-15.0804414,-10.0
-15.9814362,-10.0
-14.2234599,-10.0
-17.0529481,-10.0
-3.2630832,-3.2630832
-13.1284223,-10.0
1.1520826,1.1520826
2.0538008,2.0538008
-18.9461992,-10.0
-3.4962972,-3.4962972
-15.2319742,-10.0
-17.8646145,-10.0
1.8709367,1.8709367
-2.2594817,-2.2594817
-0.6708092,-0.6708092
-15.9925824,-10.0
-14.387498,-10.0
-16.084192,-10.0
-16.9657221,-10.0
-18.3435246,-10.0
-19.2445194,-10.0
-1.0950376,-1.0950376
-3.9245258,-3.9245258
9.8653391,9.8653391
13.1284223,-10.0
14.2805049,-10.0
15.1822231,-10.0
-5.8177769,-5.8177769
9.6321251,9.6321251
-2.1035519,-2.1035519
-4.7361922,-4.7361922
14.999359,-10.0
10.8689406,-10.0
12.4576131,-10.0
-2.8641601,-2.8641601
-1.2590757,-1.2590757
-2.9557697,-2.9557697
-3.8372998,-3.8372998
-5.2151023,-5.2151023
-6.1160971,-6.1160971
-15.3755425,-10.0
-18.2050307,-10.0
-4.4151658,-4.4151658
-1.1520826,-1.1520826
-14.2805049,-10.0
0.9017182,0.9017182
-20.0982818,-10.0
-4.6483798,-4.6483798
-16.3840568,-10.0
-19.0166971,-10.0
0.7188541,0.7188541
-3.4115643,-3.4115643
-1.8228918,-1.8228918
-17.144665,-10.0
-15.5395806,-10.0
-17.2362746,-10.0
-18.1178047,-10.0
-19.4956072,-10.0
-20.396602,-10.0
-16.2772607,-10.0
-19.1067489,-10.0
-5.316884,-5.316884
-2.0538008,-2.0538008
-15.1822231,-10.0
-0.9017182,-0.9017182
-21.0,-10.0
-5.550098,-5.550098
-17.285775,-10.0
-19.9184153,-10.0
-0.1828641,-0.1828641
-4.3132825,-4.3132825
-2.72461,-2.72461
-18.0463832,-10.0
-16.4412988,-10.0
-18.1379928,-10.0
-19.0195229,-10.0
-20.3973254,-10.0
-21.2983202,-10.0
4.7227393,4.7227393
1.8932511,1.8932511
15.683116,-10.0
18.9461992,-10.0
5.8177769,5.8177769
20.0982818,-10.0
21.0,-10.0
15.449902,-10.0
3.714225,3.714225
1.0815847,1.0815847
20.8171359,-10.0
16.6867175,-10.0
18.27539,-10.0
2.9536168,2.9536168
4.5587012,4.5587012
2.8620072,2.8620072
1.9804771,1.9804771
0.6026746,0.6026746
-0.2983202,-0.2983202
-10.7271627,-10.0
-13.5566509,-10.0
0.233214,0.233214
3.4962972,3.4962972
-9.6321251,-9.6321251
4.6483798,4.6483798
5.550098,5.550098
-15.449902,-10.0
-11.735677,-10.0
-14.3683173,-10.0
5.3672339,5.3672339
1.2368155,1.2368155
2.825488,2.825488
-12.4962852,-10.0
-10.8912008,-10.0
-12.5878948,-10.0
-13.4694249,-10.0
-14.8472274,-10.0
-15.7482222,-10.0
1.0085143,1.0085143
-1.8209739,-1.8209739
11.968891,-10.0
15.2319742,-10.0
2.1035519,2.1035519
16.3840568,-10.0
17.285775,-10.0
-3.714225,-3.714225
11.735677,-10.0
-2.6326403,-2.6326403
17.1029109,-10.0
12.9724925,-10.0
14.561165,-10.0
-0.7606082,-0.7606082
0.8444762,0.8444762
-0.8522178,-0.8522178
-1.7337479,-1.7337479
-3.1115504,-3.1115504
-4.0125452,-4.0125452
3.6411546,3.6411546
0.8116664,0.8116664
14.6015313,-10.0
17.8646145,-10.0
4.7361922,4.7361922
19.0166971,-10.0
19.9184153,-10.0
-1.0815847,-1.0815847
14.3683173,-10.0
2.6326403,2.6326403
19.7355512,-10.0
15.6051328,-10.0
17.1938053,-10.0
1.8720321,1.8720321
3.4771165,3.4771165
1.7804225,1.7804225
0.8988924,0.8988924
-0.4789101,-0.4789101
-1.3799049,-1.3799049
-16.0943966,-10.0
-18.9238848,-10.0
-5.1340199,-5.1340199
-1.8709367,-1.8709367
-14.999359,-10.0
-0.7188541,-0.7188541
0.1828641,0.1828641
-20.8171359,-10.0
-5.3672339,-5.3672339
-17.1029109,-10.0
-19.7355512,-10.0
-4.1304184,-4.1304184
-2.5417459,-2.5417459
-17.8635191,-10.0
-16.2584347,-10.0
-17.9551287,-10.0
-18.8366588,-10.0
-20.2144613,-10.0
-21.1154561,-10.0
-11.9639782,-10.0
-14.7934664,-10.0
-1.0036015,-1.0036015
2.2594817,2.2594817
-10.8689406,-10.0
3.4115643,3.4115643
4.3132825,4.3132825
-16.6867175,-10.0
-1.2368155,-1.2368155
-12.9724925,-10.0
-15.6051328,-10.0
4.1304184,4.1304184
1.5886725,1.5886725
-13.7331007,-10.0
-12.1280163,-10.0
-13.8247103,-10.0
-14.7062404,-10.0
-16.0840429,-10.0
-16.9850377,-10.0
-13.5526507,-10.0
-16.3821389,-10.0
-2.592274,-2.592274
0.6708092,0.6708092
-12.4576131,-10.0
1.8228918,1.8228918
2.72461,2.72461
-18.27539,-10.0
-2.825488,-2.825488
-14.561165,-10.0
-17.1938053,-10.0
2.5417459,2.5417459
-1.5886725,-1.5886725
-15.3217732,-10.0
-13.7166888,-10.0
-15.4133828,-10.0
-16.2949129,-10.0
-17.6727154,-10.0
-18.5737102,-10.0
1.7691225,1.7691225
-1.0603657,-1.0603657
12.7294992,-10.0
15.9925824,-10.0
2.8641601,2.8641601
17.144665,-10.0
18.0463832,-10.0
-2.9536168,-2.9536168
12.4962852,-10.0
0.7606082,0.7606082
-1.8720321,-1.8720321
17.8635191,-10.0
13.7331007,-10.0
15.3217732,-10.0
1.6050844,1.6050844
-0.0916096,-0.0916096
-0.9731397,-0.9731397
-2.3509422,-2.3509422
-3.251937,-3.251937
0.1640381,0.1640381
-2.6654501,-2.6654501
11.1244148,-10.0
14.387498,-10.0
1.2590757,1.2590757
15.5395806,-10.0
16.4412988,-10.0
-4.5587012,-4.5587012
10.8912008,-10.0
-0.8444762,-0.8444762
-3.4771165,-3.4771165
16.2584347,-10.0
12.1280163,-10.0
13.7166888,-10.0
-1.6050844,-1.6050844
-1.696694,-1.696694
-2.5782241,-2.5782241
-3.9560266,-3.9560266
-4.8570214,-4.8570214
1.8607321,1.8607321
-0.9687561,-0.9687561
12.8211088,-10.0
16.084192,-10.0
2.9557697,2.9557697
17.2362746,-10.0
18.1379928,-10.0
-2.8620072,-2.8620072
12.5878948,-10.0
0.8522178,0.8522178
-1.7804225,-1.7804225
17.9551287,-10.0
13.8247103,-10.0
15.4133828,-10.0
0.0916096,0.0916096
1.696694,1.696694
-0.8815301,-0.8815301
-2.2593326,-2.2593326
-3.1603274,-3.1603274
2.7422622,2.7422622
-0.087226,-0.087226
13.7026389,-10.0
16.9657221,-10.0
3.8372998,3.8372998
18.1178047,-10.0
19.0195229,-10.0
-1.9804771,-1.9804771
13.4694249,-10.0
1.7337479,1.7337479
-0.8988924,-0.8988924
18.8366588,-10.0
14.7062404,-10.0
16.2949129,-10.0
0.9731397,0.9731397
2.5782241,2.5782241
0.8815301,0.8815301
-1.3778025,-1.3778025
-2.2787973,-2.2787973
4.1200647,4.1200647
1.2905765,1.2905765
15.0804414,-10.0
18.3435246,-10.0
5.2151023,5.2151023
19.4956072,-10.0
20.3973254,-10.0
-0.6026746,-0.6026746
14.8472274,-10.0
3.1115504,3.1115504
0.4789101,0.4789101
20.2144613,-10.0
16.0840429,-10.0
17.6727154,-10.0
2.3509422,2.3509422
3.9560266,3.9560266
2.2593326,2.2593326
1.3778025,1.3778025
-0.9009948,-0.9009948
5.0210595,5.0210595
2.1915713,2.1915713
15.9814362,-10.0
19.2445194,-10.0
6.1160971,6.1160971
20.396602,-10.0
21.2983202,-10.0
0.2983202,0.2983202
15.7482222,-10.0
4.0125452,4.0125452
1.3799049,1.3799049
21.1154561,-10.0
16.9850377,-10.0
18.5737102,-10.0
3.251937,3.251937
4.8570214,4.8570214
3.1603274,3.1603274
2.2787973,2.2787973
0.9009948,0.9009948
20.3887344,-10.0
20.2028632,-10.0
18.9568464,-10.0
18.5141167,-10.0
2.3432775,2.3432775
13.6640062,-10.0
-2.3318617,-2.3318617
18.7275537,-10.0
-0.0255035,-0.0255035
-1.1295811,-1.1295811
14.5243379,-10.0
20.9999979,-10.0
21.0,-10.0
20.2980364,-10.0
3.5053709,3.5053709
-0.2906406,-0.2906406
0.2074957,0.2074957
14.9116226,-10.0
12.7690181,-10.0
-20.3887344,-10.0
-0.1858712,-0.1858712
-1.431888,-1.431888
-1.8746177,-1.8746177
-18.0454569,-10.0
-6.7247282,-6.7247282
-22.7205961,-10.0
-1.6611807,-1.6611807
-20.4142379,-10.0
-21.5183155,-10.0
-5.8643965,-5.8643965
0.6112635,0.6112635
0.6112656,0.6112656
-0.090698,-0.090698
-16.8833635,-10.0
-20.679375,-10.0
-20.1812387,-10.0
-5.4771118,-5.4771118
-7.6197163,-7.6197163
-20.2028632,-10.0
0.1858712,0.1858712
-1.2460168,-1.2460168
-1.6887465,-1.6887465
-17.8595857,-10.0
-6.538857,-6.538857
-22.5347249,-10.0
-1.4753095,-1.4753095
-20.2283667,-10.0
-21.3324443,-10.0
-5.6785253,-5.6785253
0.7971347,0.7971347
0.7971368,0.7971368
0.0951732,0.0951732
-16.6974923,-10.0
-20.4935038,-10.0
-19.9953675,-10.0
-5.2912406,-5.2912406
-7.4338451,-7.4338451
-18.9568464,-10.0
1.431888,1.431888
1.2460168,1.2460168
-0.4427297,-0.4427297
-16.6135689,-10.0
-5.2928402,-5.2928402
-21.2887081,-10.0
-0.2292927,-0.2292927
-18.9823499,-10.0
-20.0864275,-10.0
-4.4325085,-4.4325085
2.0431515,2.0431515
2.0431536,2.0431536
1.34119,1.34119
-15.4514755,-10.0
-19.247487,-10.0
-18.7493507,-10.0
-4.0452238,-4.0452238
-6.1878283,-6.1878283
-18.5141167,-10.0
1.8746177,1.8746177
1.6887465,1.6887465
0.4427297,0.4427297
-16.1708392,-10.0
-4.8501105,-4.8501105
-20.8459784,-10.0
0.213437,0.213437
-18.5396202,-10.0
-19.6436978,-10.0
-3.9897788,-3.9897788
2.4858812,2.4858812
2.4858833,2.4858833
1.7839197,1.7839197
-15.0087458,-10.0
-18.8047573,-10.0
-18.306621,-10.0
-3.6024941,-3.6024941
-5.7450986,-5.7450986
-2.3432775,-2.3432775
18.0454569,-10.0
17.8595857,-10.0
16.6135689,-10.0
16.1708392,-10.0
11.3207287,-10.0
-4.6751392,-4.6751392
16.3842762,-10.0
-2.368781,-2.368781
-3.4728586,-3.4728586
12.1810604,-10.0
18.6567204,-10.0
18.6567225,-10.0
17.9547589,-10.0
1.1620934,1.1620934
-2.6339181,-2.6339181
-2.1357818,-2.1357818
12.5683451,-10.0
10.4257406,-10.0
-13.6640062,-10.0
6.7247282,6.7247282
6.538857,6.538857
5.2928402,5.2928402
4.8501105,4.8501105
-11.3207287,-10.0
-15.9958679,-10.0
5.0635475,5.0635475
-13.6895097,-10.0
-14.7935873,-10.0
0.8603317,0.8603317
7.3359917,7.3359917
7.3359938,7.3359938
6.6340302,6.6340302
-10.1586353,-10.0
-13.9546468,-10.0
-13.4565105,-10.0
1.2476164,1.2476164
-0.8949881,-0.8949881
2.3318617,2.3318617
22.7205961,-10.0
22.5347249,-10.0
21.2887081,-10.0
20.8459784,-10.0
4.6751392,4.6751392
15.9958679,-10.0
21.0594154,-10.0
2.3063582,2.3063582
1.2022806,1.2022806
16.8561996,-10.0
23.3318596,-10.0
23.3318617,-10.0
22.6298981,-10.0
5.8372326,5.8372326
2.0412211,2.0412211
2.5393574,2.5393574
17.2434843,-10.0
15.1008798,-10.0
-18.7275537,-10.0
1.6611807,1.6611807
1.4753095,1.4753095
0.2292927,0.2292927
-0.213437,-0.213437
-16.3842762,-10.0
-5.0635475,-5.0635475
-21.0594154,-10.0
-18.7530572,-10.0
-19.8571348,-10.0
-4.2032158,-4.2032158
2.2724442,2.2724442
2.2724463,2.2724463
1.5704827,1.5704827
-15.2221828,-10.0
-19.0181943,-10.0
-18.520058,-10.0
-3.8159311,-3.8159311
-5.9585356,-5.9585356
0.0255035,0.0255035
20.4142379,-10.0
20.2283667,-10.0
18.9823499,-10.0
18.5396202,-10.0
2.368781,2.368781
13.6895097,-10.0
-2.3063582,-2.3063582
18.7530572,-10.0
-1.1040776,-1.1040776
14.5498414,-10.0
21.0255014,-10.0
21.0255035,-10.0
20.3235399,-10.0
3.5308744,3.5308744
-0.2651371,-0.2651371
0.2329992,0.2329992
14.9371261,-10.0
12.7945216,-10.0
1.1295811,1.1295811
21.5183155,-10.0
21.3324443,-10.0
20.0864275,-10.0
19.6436978,-10.0
3.4728586,3.4728586
14.7935873,-10.0
-1.2022806,-1.2022806
19.8571348,-10.0
1.1040776,1.1040776
15.653919,-10.0
22.129579,-10.0
22.1295811,-10.0
21.4276175,-10.0
4.634952,4.634952
0.8389405,0.8389405
1.3370768,1.3370768
16.0412037,-10.0
13.8985992,-10.0
-14.5243379,-10.0
5.8643965,5.8643965
5.6785253,5.6785253
4.4325085,4.4325085
3.9897788,3.9897788
-12.1810604,-10.0
-0.8603317,-0.8603317
-16.8561996,-10.0
4.2032158,4.2032158
-14.5498414,-10.0
-15.653919,-10.0
6.47566,6.47566
6.4756621,6.4756621
5.7736985,5.7736985
-11.018967,-10.0
-14.8149785,-10.0
-14.3168422,-10.0
0.3872847,0.3872847
-1.7553198,-1.7553198
-20.9999979,-10.0
-0.6112635,-0.6112635
-0.7971347,-0.7971347
-2.0431515,-2.0431515
-2.4858812,-2.4858812
-18.6567204,-10.0
-7.3359917,-7.3359917
-23.3318596,-10.0
-2.2724442,-2.2724442
-21.0255014,-10.0
-22.129579,-10.0
-6.47566,-6.47566
2.09999999967e-06,2.09999999967e-06
-0.7019615,-0.7019615
-17.494627,-10.0
-21.2906385,-10.0
-20.7925022,-10.0
-6.0883753,-6.0883753
-8.2309798,-8.2309798
-21.0,-10.0
-0.6112656,-0.6112656
-0.7971368,-0.7971368
-2.0431536,-2.0431536
-2.4858833,-2.4858833
-18.6567225,-10.0
-7.3359938,-7.3359938
-23.3318617,-10.0
-2.2724463,-2.2724463
-21.0255035,-10.0
-22.1295811,-10.0
-6.4756621,-6.4756621
-2.09999999967e-06,-2.09999999967e-06
-0.7019636,-0.7019636
-17.4946291,-10.0
-21.2906406,-10.0
-20.7925043,-10.0
-6.0883774,-6.0883774
-8.2309819,-8.2309819
-20.2980364,-10.0
0.090698,0.090698
-0.0951732,-0.0951732
-1.34119,-1.34119
-1.7839197,-1.7839197
-17.9547589,-10.0
-6.6340302,-6.6340302
-22.6298981,-10.0
-1.5704827,-1.5704827
-20.3235399,-10.0
-21.4276175,-10.0
-5.7736985,-5.7736985
0.7019615,0.7019615
0.7019636,0.7019636
-16.7926655,-10.0
-20.588677,-10.0
-20.0905407,-10.0
-5.3864138,-5.3864138
-7.5290183,-7.5290183
-3.5053709,-3.5053709
16.8833635,-10.0
16.6974923,-10.0
15.4514755,-10.0
15.0087458,-10.0
-1.1620934,-1.1620934
10.1586353,-10.0
-5.8372326,-5.8372326
15.2221828,-10.0
-3.5308744,-3.5308744
-4.634952,-4.634952
11.018967,-10.0
17.494627,-10.0
17.4946291,-10.0
16.7926655,-10.0
-3.7960115,-3.7960115
-3.2978752,-3.2978752
11.4062517,-10.0
9.2636472,9.2636472
0.2906406,0.2906406
20.679375,-10.0
20.4935038,-10.0
19.247487,-10.0
18.8047573,-10.0
2.6339181,2.6339181
13.9546468,-10.0
-2.0412211,-2.0412211
19.0181943,-10.0
0.2651371,0.2651371
-0.8389405,-0.8389405
14.8149785,-10.0
21.2906385,-10.0
21.2906406,-10.0
20.588677,-10.0
3.7960115,3.7960115
0.4981363,0.4981363
15.2022632,-10.0
13.0596587,-10.0
-0.2074957,-0.2074957
20.1812387,-10.0
19.9953675,-10.0
18.7493507,-10.0
18.306621,-10.0
2.1357818,2.1357818
13.4565105,-10.0
-2.5393574,-2.5393574
18.520058,-10.0
-0.2329992,-0.2329992
-1.3370768,-1.3370768
14.3168422,-10.0
20.7925022,-10.0
20.7925043,-10.0
20.0905407,-10.0
3.2978752,3.2978752
-0.4981363,-0.4981363
14.7041269,-10.0
12.5615224,-10.0
-14.9116226,-10.0
5.4771118,5.4771118
5.2912406,5.2912406
4.0452238,4.0452238
3.6024941,3.6024941
-12.5683451,-10.0
-1.2476164,-1.2476164
-17.2434843,-10.0
3.8159311,3.8159311
-14.9371261,-10.0
-16.0412037,-10.0
-0.3872847,-0.3872847
6.0883753,6.0883753
6.0883774,6.0883774
5.3864138,5.3864138
-11.4062517,-10.0
-15.2022632,-10.0
-14.7041269,-10.0
-2.1426045,-2.1426045
-12.7690181,-10.0
7.6197163,7.6197163
7.4338451,7.4338451
6.1878283,6.1878283
5.7450986,5.7450986
-10.4257406,-10.0
0.8949881,0.8949881
-15.1008798,-10.0
5.9585356,5.9585356
-12.7945216,-10.0
-13.8985992,-10.0
1.7553198,1.7553198
8.2309798,8.2309798
8.2309819,8.2309819
7.5290183,7.5290183
-9.2636472,-9.2636472
-13.0596587,-10.0
-12.5615224,-10.0
2.1426045,2.1426045
19.1754015,-10.0
-0.5950201,-0.5950201
-0.8833599,-0.8833599
18.795411,-10.0
1.1164079,1.1164079
-1.8925573,-1.8925573
-2.3949868,-2.3949868
-2.3056108,-2.3056108
-0.7660775,-0.7660775
-1.9998895,-1.9998895
-0.1968375,-0.1968375
2.2038552,2.2038552
13.0926463,-10.0
-2.0496336,-2.0496336
-0.8933045,-0.8933045
-0.5678998,-0.5678998
-1.8176425,-1.8176425
-2.6192836,-2.6192836
-1.932481,-1.932481
-19.1754015,-10.0
-19.7704216,-10.0
-20.0587614,-10.0
-0.3799905,-0.3799905
-18.0589936,-10.0
-21.0679588,-10.0
-21.5703883,-10.0
-21.4810123,-10.0
-19.941479,-10.0
-21.175291,-10.0
-19.372239,-10.0
-16.9715463,-10.0
-6.0827552,-6.0827552
-21.2250351,-10.0
-20.068706,-10.0
-19.7433013,-10.0
-20.993044,-10.0
-21.7946851,-10.0
-21.1078825,-10.0
0.5950201,0.5950201
19.7704216,-10.0
-0.2883398,-0.2883398
19.3904311,-10.0
1.711428,1.711428
-1.2975372,-1.2975372
-1.7999667,-1.7999667
-1.7105907,-1.7105907
-0.1710574,-0.1710574
-1.4048694,-1.4048694
0.3981826,0.3981826
2.7988753,2.7988753
13.6876664,-10.0
-1.4546135,-1.4546135
-0.2982844,-0.2982844
0.0271203,0.0271203
-1.2226224,-1.2226224
-2.0242635,-2.0242635
-1.3374609,-1.3374609
0.8833599,0.8833599
20.0587614,-10.0
0.2883398,0.2883398
19.6787709,-10.0
1.9997678,1.9997678
-1.0091974,-1.0091974
-1.5116269,-1.5116269
-1.4222509,-1.4222509
0.1172824,0.1172824
-1.1165296,-1.1165296
0.6865224,0.6865224
3.0872151,3.0872151
13.9760062,-10.0
-1.1662737,-1.1662737
-0.0099446,-0.0099446
0.3154601,0.3154601
-0.9342826,-0.9342826
-1.7359237,-1.7359237
-1.0491211,-1.0491211
-18.795411,-10.0
0.3799905,0.3799905
-19.3904311,-10.0
-19.6787709,-10.0
-17.6790031,-10.0
-20.6879683,-10.0
-21.1903978,-10.0
-21.1010218,-10.0
-19.5614885,-10.0
-20.7953005,-10.0
-18.9922485,-10.0
-16.5915558,-10.0
-5.7027647,-5.7027647
-20.8450446,-10.0
-19.6887155,-10.0
-19.3633108,-10.0
-20.6130535,-10.0
-21.4146946,-10.0
-20.727892,-10.0
-1.1164079,-1.1164079
18.0589936,-10.0
-1.711428,-1.711428
-1.9997678,-1.9997678
17.6790031,-10.0
-3.0089652,-3.0089652
-3.5113947,-3.5113947
-3.4220187,-3.4220187
-1.8824854,-1.8824854
-3.1162974,-3.1162974
-1.3132454,-1.3132454
1.0874473,1.0874473
11.9762384,-10.0
-3.1660415,-3.1660415
-2.0097124,-2.0097124
-1.6843077,-1.6843077
-2.9340504,-2.9340504
-3.7356915,-3.7356915
-3.0488889,-3.0488889
1.8925573,1.8925573
21.0679588,-10.0
1.2975372,1.2975372
1.0091974,1.0091974
20.6879683,-10.0
3.0089652,3.0089652
-0.5024295,-0.5024295
-0.4130535,-0.4130535
1.1264798,1.1264798
-0.1073322,-0.1073322
1.6957198,1.6957198
4.0964125,4.0964125
14.9852036,-10.0
-0.1570763,-0.1570763
0.9992528,0.9992528
1.3246575,1.3246575
0.0749148,0.0749148
-0.7267263,-0.7267263
-0.0399237,-0.0399237
2.3949868,2.3949868
21.5703883,-10.0
1.7999667,1.7999667
1.5116269,1.5116269
21.1903978,-10.0
3.5113947,3.5113947
0.5024295,0.5024295
0.089376,0.089376
1.6289093,1.6289093
0.3950973,0.3950973
2.1981493,2.1981493
4.598842,4.598842
15.4876331,-10.0
0.3453532,0.3453532
1.5016823,1.5016823
1.827087,1.827087
0.5773443,0.5773443
-0.2242968,-0.2242968
0.4625058,0.4625058
2.3056108,2.3056108
21.4810123,-10.0
1.7105907,1.7105907
1.4222509,1.4222509
21.1010218,-10.0
3.4220187,3.4220187
0.4130535,0.4130535
-0.089376,-0.089376
1.5395333,1.5395333
0.3057213,0.3057213
2.1087733,2.1087733
4.509466,4.509466
15.3982571,-10.0
0.2559772,0.2559772
1.4123063,1.4123063
1.737711,1.737711
0.4879683,0.4879683
-0.3136728,-0.3136728
0.3731298,0.3731298
0.7660775,0.7660775
19.941479,-10.0
0.1710574,0.1710574
-0.1172824,-0.1172824
19.5614885,-10.0
1.8824854,1.8824854
-1.1264798,-1.1264798
-1.6289093,-1.6289093
-1.5395333,-1.5395333
-1.233812,-1.233812
0.56924,0.56924
2.9699327,2.9699327
13.8587238,-10.0
-1.2835561,-1.2835561
-0.127227,-0.127227
0.1981777,0.1981777
-1.051565,-1.051565
-1.8532061,-1.8532061
-1.1664035,-1.1664035
1.9998895,1.9998895
21.175291,-10.0
1.4048694,1.4048694
1.1165296,1.1165296
20.7953005,-10.0
3.1162974,3.1162974
0.1073322,0.1073322
-0.3950973,-0.3950973
-0.3057213,-0.3057213
1.233812,1.233812
1.803052,1.803052
4.2037447,4.2037447
15.0925358,-10.0
-0.0497441,-0.0497441
1.106585,1.106585
1.4319897,1.4319897
0.182247,0.182247
-0.6193941,-0.6193941
0.0674085,0.0674085
0.1968375,0.1968375
19.372239,-10.0
-0.3981826,-0.3981826
-0.6865224,-0.6865224
18.9922485,-10.0
1.3132454,1.3132454
-1.6957198,-1.6957198
-2.1981493,-2.1981493
-2.1087733,-2.1087733
-0.56924,-0.56924
-1.803052,-1.803052
2.4006927,2.4006927
13.2894838,-10.0
-1.8527961,-1.8527961
-0.696467,-0.696467
-0.3710623,-0.3710623
-1.620805,-1.620805
-2.4224461,-2.4224461
-1.7356435,-1.7356435
-2.2038552,-2.2038552
16.9715463,-10.0
-2.7988753,-2.7988753
-3.0872151,-3.0872151
16.5915558,-10.0
-1.0874473,-1.0874473
-4.0964125,-4.0964125
-4.598842,-4.598842
-4.509466,-4.509466
-2.9699327,-2.9699327
-4.2037447,-4.2037447
-2.4006927,-2.4006927
10.8887911,-10.0
-4.2534888,-4.2534888
-3.0971597,-3.0971597
-2.771755,-2.771755
-4.0214977,-4.0214977
-4.8231388,-4.8231388
-4.1363362,-4.1363362
-13.0926463,-10.0
6.0827552,6.0827552
-13.6876664,-10.0
-13.9760062,-10.0
5.7027647,5.7027647
-11.9762384,-10.0
-14.9852036,-10.0
-15.4876331,-10.0
-15.3982571,-10.0
-13.8587238,-10.0
-15.0925358,-10.0
-13.2894838,-10.0
-10.8887911,-10.0
-15.1422799,-10.0
-13.9859508,-10.0
-13.6605461,-10.0
-14.9102888,-10.0
-15.7119299,-10.0
-15.0251273,-10.0
2.0496336,2.0496336
21.2250351,-10.0
1.4546135,1.4546135
1.1662737,1.1662737
20.8450446,-10.0
3.1660415,3.1660415
0.1570763,0.1570763
-0.3453532,-0.3453532
-0.2559772,-0.2559772
1.2835561,1.2835561
0.0497441,0.0497441
1.8527961,1.8527961
4.2534888,4.2534888
15.1422799,-10.0
1.1563291,1.1563291
1.4817338,1.4817338
0.2319911,0.2319911
-0.56965,-0.56965
0.1171526,0.1171526
0.8933045,0.8933045
20.068706,-10.0
0.2982844,0.2982844
0.0099446,0.0099446
19.6887155,-10.0
2.0097124,2.0097124
-0.9992528,-0.9992528
-1.5016823,-1.5016823
-1.4123063,-1.4123063
0.127227,0.127227
-1.106585,-1.106585
0.696467,0.696467
3.0971597,3.0971597
13.9859508,-10.0
-1.1563291,-1.1563291
0.3254047,0.3254047
-0.924338,-0.924338
-1.7259791,-1.7259791
-1.0391765,-1.0391765
0.5678998,0.5678998
19.7433013,-10.0
-0.0271203,-0.0271203
-0.3154601,-0.3154601
19.3633108,-10.0
1.6843077,1.6843077
-1.3246575,-1.3246575
-1.827087,-1.827087
-1.737711,-1.737711
-0.1981777,-0.1981777
-1.4319897,-1.4319897
0.3710623,0.3710623
2.771755,2.771755
13.6605461,-10.0
-1.4817338,-1.4817338
-0.3254047,-0.3254047
-1.2497427,-1.2497427
-2.0513838,-2.0513838
-1.3645812,-1.3645812
1.8176425,1.8176425
20.993044,-10.0
1.2226224,1.2226224
0.9342826,0.9342826
20.6130535,-10.0
2.9340504,2.9340504
-0.0749148,-0.0749148
-0.5773443,-0.5773443
-0.4879683,-0.4879683
1.051565,1.051565
-0.182247,-0.182247
1.620805,1.620805
4.0214977,4.0214977
14.9102888,-10.0
-0.2319911,-0.2319911
0.924338,0.924338
1.2497427,1.2497427
-0.8016411,-0.8016411
-0.1148385,-0.1148385
2.6192836,2.6192836
21.7946851,-10.0
2.0242635,2.0242635
1.7359237,1.7359237
21.4146946,-10.0
3.7356915,3.7356915
0.7267263,0.7267263
0.2242968,0.2242968
0.3136728,0.3136728
1.8532061,1.8532061
0.6193941,0.6193941
2.4224461,2.4224461
4.8231388,4.8231388
15.7119299,-10.0
0.56965,0.56965
1.7259791,1.7259791
2.0513838,2.0513838
0.8016411,0.8016411
0.6868026,0.6868026
1.932481,1.932481
21.1078825,-10.0
1.3374609,1.3374609
1.0491211,1.0491211
20.727892,-10.0
3.0488889,3.0488889
0.0399237,0.0399237
-0.4625058,-0.4625058
-0.3731298,-0.3731298
1.1664035,1.1664035
-0.0674085,-0.0674085
1.7356435,1.7356435
4.1363362,4.1363362
15.0251273,-10.0
-0.1171526,-0.1171526
1.0391765,1.0391765
1.3645812,1.3645812
0.1148385,0.1148385
-0.6868026,-0.6868026
15.0494168,-10.0
14.3099252,-10.0
16.8223253,-10.0
-1.7851956,-1.7851956
-1.7089233,-1.7089233
-0.4479056,-0.4479056
18.5392444,-10.0
-1.2290583,-1.2290583
1.1776771,1.1776771
18.3661149,-10.0
-3.4354673,-3.4354673
1.9857247,1.9857247
-2.4607116,-2.4607116
-1.4391873,-1.4391873
0.0634401,0.0634401
17.4200601,-10.0
5.5115905,5.5115905
19.2910762,-10.0
13.2838638,-10.0
-15.0494168,-10.0
-0.7394916,-0.7394916
1.7729085,1.7729085
-16.8346124,-10.0
-16.7583401,-10.0
-15.4973224,-10.0
3.4898276,3.4898276
-16.2784751,-10.0
-13.8717397,-10.0
3.3166981,3.3166981
-18.4848841,-10.0
-13.0636921,-10.0
-17.5101284,-10.0
-16.4886041,-10.0
-14.9859767,-10.0
2.3706433,2.3706433
-9.5378263,-9.5378263
4.2416594,4.2416594
-1.765553,-1.765553
-14.3099252,-10.0
0.7394916,0.7394916
2.5124001,2.5124001
-16.0951208,-10.0
-16.0188485,-10.0
-14.7578308,-10.0
4.2293192,4.2293192
-15.5389835,-10.0
-13.1322481,-10.0
4.0561897,4.0561897
-17.7453925,-10.0
-12.3242005,-10.0
-16.7706368,-10.0
-15.7491125,-10.0
-14.2464851,-10.0
3.1101349,3.1101349
-8.7983347,-8.7983347
4.981151,4.981151
-1.0260614,-1.0260614
-16.8223253,-10.0
-1.7729085,-1.7729085
-2.5124001,-2.5124001
-18.6075209,-10.0
-18.5312486,-10.0
-17.2702309,-10.0
1.7169191,1.7169191
-18.0513836,-10.0
-15.6446482,-10.0
1.5437896,1.5437896
-20.2577926,-10.0
-14.8366006,-10.0
-19.2830369,-10.0
-18.2615126,-10.0
-16.7588852,-10.0
0.5977348,0.5977348
-11.3107348,-10.0
2.4687509,2.4687509
-3.5384615,-3.5384615
1.7851956,1.7851956
16.8346124,-10.0
16.0951208,-10.0
18.6075209,-10.0
0.0762723,0.0762723
1.33729,1.33729
20.32444,-10.0
0.5561373,0.5561373
2.9628727,2.9628727
20.1513105,-10.0
-1.6502717,-1.6502717
3.7709203,3.7709203
-0.675516,-0.675516
0.3460083,0.3460083
1.8486357,1.8486357
19.2052557,-10.0
7.2967861,7.2967861
21.0762718,-10.0
15.0690594,-10.0
1.7089233,1.7089233
16.7583401,-10.0
16.0188485,-10.0
18.5312486,-10.0
-0.0762723,-0.0762723
1.2610177,1.2610177
20.2481677,-10.0
0.479865,0.479865
2.8866004,2.8866004
20.0750382,-10.0
-1.726544,-1.726544
3.694648,3.694648
-0.7517883,-0.7517883
0.269736,0.269736
1.7723634,1.7723634
19.1289834,-10.0
7.2205138,7.2205138
20.9999995,-10.0
14.9927871,-10.0
0.4479056,0.4479056
15.4973224,-10.0
14.7578308,-10.0
17.2702309,-10.0
-1.33729,-1.33729
-1.2610177,-1.2610177
18.98715,-10.0
-0.7811527,-0.7811527
1.6255827,1.6255827
18.8140205,-10.0
-2.9875617,-2.9875617
2.4336303,2.4336303
-2.012806,-2.012806
-0.9912817,-0.9912817
0.5113457,0.5113457
17.8679657,-10.0
5.9594961,5.9594961
19.7389818,-10.0
13.7317694,-10.0
-18.5392444,-10.0
-3.4898276,-3.4898276
-4.2293192,-4.2293192
-1.7169191,-1.7169191
-20.32444,-10.0
-20.2481677,-10.0
-18.98715,-10.0
-19.7683027,-10.0
-17.3615673,-10.0
-0.1731295,-0.1731295
-21.9747117,-10.0
-16.5535197,-10.0
-20.999956,-10.0
-19.9784317,-10.0
-18.4758043,-10.0
-1.1191843,-1.1191843
-13.0276539,-10.0
0.7518318,0.7518318
-5.2553806,-5.2553806
1.2290583,1.2290583
16.2784751,-10.0
15.5389835,-10.0
18.0513836,-10.0
-0.5561373,-0.5561373
-0.479865,-0.479865
0.7811527,0.7811527
19.7683027,-10.0
2.4067354,2.4067354
19.5951732,-10.0
-2.206409,-2.206409
3.214783,3.214783
-1.2316533,-1.2316533
-0.210129,-0.210129
1.2924984,1.2924984
18.6491184,-10.0
6.7406488,6.7406488
20.5201345,-10.0
14.5129221,-10.0
-1.1776771,-1.1776771
13.8717397,-10.0
13.1322481,-10.0
15.6446482,-10.0
-2.9628727,-2.9628727
-2.8866004,-2.8866004
-1.6255827,-1.6255827
17.3615673,-10.0
-2.4067354,-2.4067354
17.1884378,-10.0
-4.6131444,-4.6131444
0.8080476,0.8080476
-3.6383887,-3.6383887
-2.6168644,-2.6168644
-1.114237,-1.114237
16.242383,-10.0
4.3339134,4.3339134
18.1133991,-10.0
12.1061867,-10.0
-18.3661149,-10.0
-3.3166981,-3.3166981
-4.0561897,-4.0561897
-1.5437896,-1.5437896
-20.1513105,-10.0
-20.0750382,-10.0
-18.8140205,-10.0
0.1731295,0.1731295
-19.5951732,-10.0
-17.1884378,-10.0
-21.8015822,-10.0
-16.3803902,-10.0
-20.8268265,-10.0
-19.8053022,-10.0
-18.3026748,-10.0
-0.9460548,-0.9460548
-12.8545244,-10.0
0.9249613,0.9249613
-5.0822511,-5.0822511
3.4354673,3.4354673
18.4848841,-10.0
17.7453925,-10.0
20.2577926,-10.0
1.6502717,1.6502717
1.726544,1.726544
2.9875617,2.9875617
21.9747117,-10.0
2.206409,2.206409
4.6131444,4.6131444
21.8015822,-10.0
5.421192,5.421192
0.9747557,0.9747557
1.99628,1.99628
3.4989074,3.4989074
20.8555274,-10.0
8.9470578,8.9470578
22.7265435,-10.0
16.7193311,-10.0
-1.9857247,-1.9857247
13.0636921,-10.0
12.3242005,-10.0
14.8366006,-10.0
-3.7709203,-3.7709203
-3.694648,-3.694648
-2.4336303,-2.4336303
16.5535197,-10.0
-3.214783,-3.214783
-0.8080476,-0.8080476
16.3803902,-10.0
-5.421192,-5.421192
-4.4464363,-4.4464363
-3.424912,-3.424912
-1.9222846,-1.9222846
15.4343354,-10.0
3.5258658,3.5258658
17.3053515,-10.0
11.2981391,-10.0
2.4607116,2.4607116
17.5101284,-10.0
16.7706368,-10.0
19.2830369,-10.0
0.675516,0.675516
0.7517883,0.7517883
2.012806,2.012806
20.999956,-10.0
1.2316533,1.2316533
3.6383887,3.6383887
20.8268265,-10.0
-0.9747557,-0.9747557
4.4464363,4.4464363
1.0215243,1.0215243
2.5241517,2.5241517
19.8807717,-10.0
7.9723021,7.9723021
21.7517878,-10.0
15.7445754,-10.0
1.4391873,1.4391873
16.4886041,-10.0
15.7491125,-10.0
18.2615126,-10.0
-0.3460083,-0.3460083
-0.269736,-0.269736
0.9912817,0.9912817
19.9784317,-10.0
0.210129,0.210129
2.6168644,2.6168644
19.8053022,-10.0
-1.99628,-1.99628
3.424912,3.424912
-1.0215243,-1.0215243
1.5026274,1.5026274
18.8592474,-10.0
6.9507778,6.9507778
20.7302635,-10.0
14.7230511,-10.0
-0.0634401,-0.0634401
14.9859767,-10.0
14.2464851,-10.0
16.7588852,-10.0
-1.8486357,-1.8486357
-1.7723634,-1.7723634
-0.5113457,-0.5113457
18.4758043,-10.0
-1.2924984,-1.2924984
1.114237,1.114237
18.3026748,-10.0
-3.4989074,-3.4989074
1.9222846,1.9222846
-2.5241517,-2.5241517
-1.5026274,-1.5026274
17.35662,-10.0
5.4481504,5.4481504
19.2276361,-10.0
13.2204237,-10.0
-17.4200601,-10.0
-2.3706433,-2.3706433
-3.1101349,-3.1101349
-0.5977348,-0.5977348
-19.2052557,-10.0
-19.1289834,-10.0
-17.8679657,-10.0
1.1191843,1.1191843
-18.6491184,-10.0
-16.242383,-10.0
0.9460548,0.9460548
-20.8555274,-10.0
-15.4343354,-10.0
-19.8807717,-10.0
-18.8592474,-10.0
-17.35662,-10.0
-11.9084696,-10.0
1.8710161,1.8710161
-4.1361963,-4.1361963
-5.5115905,-5.5115905
9.5378263,9.5378263
8.7983347,8.7983347
11.3107348,-10.0
-7.2967861,-7.2967861
-7.2205138,-7.2205138
-5.9594961,-5.9594961
13.0276539,-10.0
-6.7406488,-6.7406488
-4.3339134,-4.3339134
12.8545244,-10.0
-8.9470578,-8.9470578
-3.5258658,-3.5258658
-7.9723021,-7.9723021
-6.9507778,-6.9507778
-5.4481504,-5.4481504
11.9084696,-10.0
13.7794857,-10.0
7.7722733,7.7722733
-19.2910762,-10.0
-4.2416594,-4.2416594
-4.981151,-4.981151
-2.4687509,-2.4687509
-21.0762718,-10.0
-20.9999995,-10.0
-19.7389818,-10.0
-0.7518318,-0.7518318
-20.5201345,-10.0
-18.1133991,-10.0
-0.9249613,-0.9249613
-22.7265435,-10.0
-17.3053515,-10.0
-21.7517878,-10.0
-20.7302635,-10.0
-19.2276361,-10.0
-1.8710161,-1.8710161
-13.7794857,-10.0
-6.0072124,-6.0072124
-13.2838638,-10.0
1.765553,1.765553
1.0260614,1.0260614
3.5384615,3.5384615
-15.0690594,-10.0
-14.9927871,-10.0
-13.7317694,-10.0
5.2553806,5.2553806
-14.5129221,-10.0
-12.1061867,-10.0
5.0822511,5.0822511
-16.7193311,-10.0
-11.2981391,-10.0
-15.7445754,-10.0
-14.7230511,-10.0
-13.2204237,-10.0
4.1361963,4.1361963
-7.7722733,-7.7722733
6.0072124,6.0072124
1.1731768,1.1731768
0.8889204,0.8889204
-1.9633508,-1.9633508
19.0250487,-10.0
1.4742745,1.4742745
0.650551,0.650551
0.3720593,0.3720593
-1.8421566,-1.8421566
-0.7877661,-0.7877661
5.7580236,5.7580236
0.3065655,0.3065655
17.2216805,-10.0
-0.3539253,-0.3539253
1.0480922,1.0480922
0.3658422,0.3658422
-0.2169922,-0.2169922
-0.1586126,-0.1586126
17.6557614,-10.0
-0.4345688,-0.4345688
-1.1731768,-1.1731768
-0.2842564,-0.2842564
-3.1365276,-3.1365276
17.8518719,-10.0
0.3010977,0.3010977
-0.5226258,-0.5226258
-0.8011175,-0.8011175
-3.0153334,-3.0153334
-1.9609429,-1.9609429
4.5848468,4.5848468
-0.8666113,-0.8666113
16.0485037,-10.0
-1.5271021,-1.5271021
-0.1250846,-0.1250846
-0.8073346,-0.8073346
-1.390169,-1.390169
-1.3317894,-1.3317894
16.4825846,-10.0
-1.6077456,-1.6077456
-0.8889204,-0.8889204
0.2842564,0.2842564
-2.8522712,-2.8522712
18.1361283,-10.0
0.5853541,0.5853541
-0.2383694,-0.2383694
-0.5168611,-0.5168611
-2.731077,-2.731077
-1.6766865,-1.6766865
4.8691032,4.8691032
-0.5823549,-0.5823549
16.3327601,-10.0
-1.2428457,-1.2428457
0.1591718,0.1591718
-0.5230782,-0.5230782
-1.1059126,-1.1059126
-1.047533,-1.047533
16.766841,-10.0
-1.3234892,-1.3234892
1.9633508,1.9633508
3.1365276,3.1365276
2.8522712,2.8522712
20.9883995,-10.0
3.4376253,3.4376253
2.6139018,2.6139018
2.3354101,2.3354101
0.1211942,0.1211942
1.1755847,1.1755847
7.7213744,7.7213744
2.2699163,2.2699163
19.1850313,-10.0
1.6094255,1.6094255
3.011443,3.011443
2.329193,2.329193
1.7463586,1.7463586
1.8047382,1.8047382
19.6191122,-10.0
1.528782,1.528782
-19.0250487,-10.0
-17.8518719,-10.0
-18.1361283,-10.0
-20.9883995,-10.0
-17.5507742,-10.0
-18.3744977,-10.0
-18.6529894,-10.0
-20.8672053,-10.0
-19.8128148,-10.0
-13.2670251,-10.0
-18.7184832,-10.0
-1.8033682,-1.8033682
-19.378974,-10.0
-17.9769565,-10.0
-18.6592065,-10.0
-19.2420409,-10.0
-19.1836613,-10.0
-1.3692873,-1.3692873
-19.4596175,-10.0
-1.4742745,-1.4742745
-0.3010977,-0.3010977
-0.5853541,-0.5853541
-3.4376253,-3.4376253
17.5507742,-10.0
-0.8237235,-0.8237235
-1.1022152,-1.1022152
-3.3164311,-3.3164311
-2.2620406,-2.2620406
4.2837491,4.2837491
-1.167709,-1.167709
15.747406,-10.0
-1.8281998,-1.8281998
-0.4261823,-0.4261823
-1.1084323,-1.1084323
-1.6912667,-1.6912667
-1.6328871,-1.6328871
16.1814869,-10.0
-1.9088433,-1.9088433
-0.650551,-0.650551
0.5226258,0.5226258
0.2383694,0.2383694
-2.6139018,-2.6139018
18.3744977,-10.0
0.8237235,0.8237235
-0.2784917,-0.2784917
-2.4927076,-2.4927076
-1.4383171,-1.4383171
5.1074726,5.1074726
-0.3439855,-0.3439855
16.5711295,-10.0
-1.0044763,-1.0044763
0.3975412,0.3975412
-0.2847088,-0.2847088
-0.8675432,-0.8675432
-0.8091636,-0.8091636
17.0052104,-10.0
-1.0851198,-1.0851198
-0.3720593,-0.3720593
0.8011175,0.8011175
0.5168611,0.5168611
-2.3354101,-2.3354101
18.6529894,-10.0
1.1022152,1.1022152
0.2784917,0.2784917
-2.2142159,-2.2142159
-1.1598254,-1.1598254
5.3859643,5.3859643
-0.0654938,-0.0654938
16.8496212,-10.0
-0.7259846,-0.7259846
0.6760329,0.6760329
-0.0062171,-0.0062171
-0.5890515,-0.5890515
-0.5306719,-0.5306719
17.2837021,-10.0
-0.8066281,-0.8066281
1.8421566,1.8421566
3.0153334,3.0153334
2.731077,2.731077
-0.1211942,-0.1211942
20.8672053,-10.0
3.3164311,3.3164311
2.4927076,2.4927076
2.2142159,2.2142159
1.0543905,1.0543905
7.6001802,7.6001802
2.1487221,2.1487221
19.0638371,-10.0
1.4882313,1.4882313
2.8902488,2.8902488
2.2079988,2.2079988
1.6251644,1.6251644
1.683544,1.683544
19.497918,-10.0
1.4075878,1.4075878
0.7877661,0.7877661
1.9609429,1.9609429
1.6766865,1.6766865
-1.1755847,-1.1755847
19.8128148,-10.0
2.2620406,2.2620406
1.4383171,1.4383171
1.1598254,1.1598254
-1.0543905,-1.0543905
6.5457897,6.5457897
1.0943316,1.0943316
18.0094466,-10.0
0.4338408,0.4338408
1.8358583,1.8358583
1.1536083,1.1536083
0.5707739,0.5707739
0.6291535,0.6291535
18.4435275,-10.0
0.3531973,0.3531973
-5.7580236,-5.7580236
-4.5848468,-4.5848468
-4.8691032,-4.8691032
-7.7213744,-7.7213744
13.2670251,-10.0
-4.2837491,-4.2837491
-5.1074726,-5.1074726
-5.3859643,-5.3859643
-7.6001802,-7.6001802
-6.5457897,-6.5457897
-5.4514581,-5.4514581
11.4636569,-10.0
-6.1119489,-6.1119489
-4.7099314,-4.7099314
-5.3921814,-5.3921814
-5.9750158,-5.9750158
-5.9166362,-5.9166362
11.8977378,-10.0
-6.1925924,-6.1925924
-0.3065655,-0.3065655
0.8666113,0.8666113
0.5823549,0.5823549
-2.2699163,-2.2699163
18.7184832,-10.0
1.167709,1.167709
0.3439855,0.3439855
0.0654938,0.0654938
-2.1487221,-2.1487221
-1.0943316,-1.0943316
5.4514581,5.4514581
16.915115,-10.0
-0.6604908,-0.6604908
0.7415267,0.7415267
0.0592767,0.0592767
-0.5235577,-0.5235577
-0.4651781,-0.4651781
17.3491959,-10.0
-0.7411343,-0.7411343
-17.2216805,-10.0
-16.0485037,-10.0
-16.3327601,-10.0
-19.1850313,-10.0
1.8033682,1.8033682
-15.747406,-10.0
-16.5711295,-10.0
-16.8496212,-10.0
-19.0638371,-10.0
-18.0094466,-10.0
-11.4636569,-10.0
-16.915115,-10.0
-17.5756058,-10.0
-16.1735883,-10.0
-16.8558383,-10.0
-17.4386727,-10.0
-17.3802931,-10.0
0.4340809,0.4340809
-17.6562493,-10.0
0.3539253,0.3539253
1.5271021,1.5271021
1.2428457,1.2428457
-1.6094255,-1.6094255
19.378974,-10.0
1.8281998,1.8281998
1.0044763,1.0044763
0.7259846,0.7259846
-1.4882313,-1.4882313
-0.4338408,-0.4338408
6.1119489,6.1119489
0.6604908,0.6604908
17.5756058,-10.0
1.4020175,1.4020175
0.7197675,0.7197675
0.1369331,0.1369331
0.1953127,0.1953127
18.0096867,-10.0
-0.0806435,-0.0806435
-1.0480922,-1.0480922
0.1250846,0.1250846
-0.1591718,-0.1591718
-3.011443,-3.011443
17.9769565,-10.0
0.4261823,0.4261823
-0.3975412,-0.3975412
-0.6760329,-0.6760329
-2.8902488,-2.8902488
-1.8358583,-1.8358583
4.7099314,4.7099314
-0.7415267,-0.7415267
16.1735883,-10.0
-1.4020175,-1.4020175
-0.68225,-0.68225
-1.2650844,-1.2650844
-1.2067048,-1.2067048
16.6076692,-10.0
-1.482661,-1.482661
-0.3658422,-0.3658422
0.8073346,0.8073346
0.5230782,0.5230782
-2.329193,-2.329193
18.6592065,-10.0
1.1084323,1.1084323
0.2847088,0.2847088
0.0062171,0.0062171
-2.2079988,-2.2079988
-1.1536083,-1.1536083
5.3921814,5.3921814
-0.0592767,-0.0592767
16.8558383,-10.0
-0.7197675,-0.7197675
0.68225,0.68225
-0.5828344,-0.5828344
-0.5244548,-0.5244548
17.2899192,-10.0
-0.800411,-0.800411
0.2169922,0.2169922
1.390169,1.390169
1.1059126,1.1059126
-1.7463586,-1.7463586
19.2420409,-10.0
1.6912667,1.6912667
0.8675432,0.8675432
0.5890515,0.5890515
-1.6251644,-1.6251644
-0.5707739,-0.5707739
5.9750158,5.9750158
0.5235577,0.5235577
17.4386727,-10.0
-0.1369331,-0.1369331
1.2650844,1.2650844
0.5828344,0.5828344
0.0583796,0.0583796
17.8727536,-10.0
-0.2175766,-0.2175766
0.1586126,0.1586126
1.3317894,1.3317894
1.047533,1.047533
-1.8047382,-1.8047382
19.1836613,-10.0
1.6328871,1.6328871
0.8091636,0.8091636
0.5306719,0.5306719
-1.683544,-1.683544
-0.6291535,-0.6291535
5.9166362,5.9166362
0.4651781,0.4651781
17.3802931,-10.0
-0.1953127,-0.1953127
1.2067048,1.2067048
0.5244548,0.5244548
-0.0583796,-0.0583796
17.814374,-10.0
-0.2759562,-0.2759562
-17.6557614,-10.0
-16.4825846,-10.0
-16.766841,-10.0
-19.6191122,-10.0
1.3692873,1.3692873
-16.1814869,-10.0
-17.0052104,-10.0
-17.2837021,-10.0
-19.497918,-10.0
-18.4435275,-10.0
-11.8977378,-10.0
-17.3491959,-10.0
-0.4340809,-0.4340809
-18.0096867,-10.0
-16.6076692,-10.0
-17.2899192,-10.0
-17.8727536,-10.0
-17.814374,-10.0
-18.0903302,-10.0
0.4345688,0.4345688
1.6077456,1.6077456
1.3234892,1.3234892
-1.528782,-1.528782
19.4596175,-10.0
1.9088433,1.9088433
1.0851198,1.0851198
0.8066281,0.8066281
-1.4075878,-1.4075878
-0.3531973,-0.3531973
6.1925924,6.1925924
0.7411343,0.7411343
17.6562493,-10.0
0.0806435,0.0806435
1.482661,1.482661
0.800411,0.800411
0.2175766,0.2175766
0.2759562,0.2759562
18.0903302,-10.0
-1.7355973,-1.7355973
16.6164825,-10.0
3.2021825,3.2021825
-1.6550141,-1.6550141
2.4211675,2.4211675
0.9838036,0.9838036
-2.7061945,-2.7061945
0.7691155,0.7691155
0.1529774,0.1529774
-2.4610965,-2.4610965
-1.1447021,-1.1447021
7.0920555,7.0920555
20.9884003,-10.0
1.5746455,1.5746455
0.7938694,0.7938694
1.8210274,1.8210274
0.2701194,0.2701194
-0.368516,-0.368516
17.8739202,-10.0
1.7355973,1.7355973
18.3520798,-10.0
4.9377798,4.9377798
0.0805832,0.0805832
4.1567648,4.1567648
2.7194009,2.7194009
-0.9705972,-0.9705972
2.5047128,2.5047128
1.8885747,1.8885747
-0.7254992,-0.7254992
0.5908952,0.5908952
8.8276528,8.8276528
22.7239976,-10.0
3.3102428,3.3102428
2.5294667,2.5294667
3.5566247,3.5566247
2.0057167,2.0057167
1.3670813,1.3670813
19.6095175,-10.0
-16.6164825,-10.0
-18.3520798,-10.0
-13.4143,-10.0
-18.2714966,-10.0
-14.195315,-10.0
-15.6326789,-10.0
-19.322677,-10.0
-15.847367,-10.0
-16.4635051,-10.0
-19.077579,-10.0
-17.7611846,-10.0
-9.524427,-9.524427
4.3719178,4.3719178
-15.041837,-10.0
-15.8226131,-10.0
-14.7954551,-10.0
-16.3463631,-10.0
-16.9849985,-10.0
1.2574377,1.2574377
-3.2021825,-3.2021825
-4.9377798,-4.9377798
13.4143,-10.0
-4.8571966,-4.8571966
-0.781015,-0.781015
-2.2183789,-2.2183789
-5.908377,-5.908377
-2.433067,-2.433067
-3.0492051,-3.0492051
-5.663279,-5.663279
-4.3468846,-4.3468846
3.889873,3.889873
17.7862178,-10.0
-1.627537,-1.627537
-2.4083131,-2.4083131
-1.3811551,-1.3811551
-2.9320631,-2.9320631
-3.5706985,-3.5706985
14.6717377,-10.0
1.6550141,1.6550141
-0.0805832,-0.0805832
18.2714966,-10.0
4.8571966,4.8571966
4.0761816,4.0761816
2.6388177,2.6388177
-1.0511804,-1.0511804
2.4241296,2.4241296
1.8079915,1.8079915
-0.8060824,-0.8060824
0.510312,0.510312
8.7470696,8.7470696
22.6434144,-10.0
3.2296596,3.2296596
2.4488835,2.4488835
3.4760415,3.4760415
1.9251335,1.9251335
1.2864981,1.2864981
19.5289343,-10.0
-2.4211675,-2.4211675
-4.1567648,-4.1567648
14.195315,-10.0
0.781015,0.781015
-4.0761816,-4.0761816
-1.4373639,-1.4373639
-5.127362,-5.127362
-1.652052,-1.652052
-2.2681901,-2.2681901
-4.882264,-4.882264
-3.5658696,-3.5658696
4.670888,4.670888
18.5672328,-10.0
-0.846522,-0.846522
-1.6272981,-1.6272981
-0.6001401,-0.6001401
-2.1510481,-2.1510481
-2.7896835,-2.7896835
15.4527527,-10.0
-0.9838036,-0.9838036
-2.7194009,-2.7194009
15.6326789,-10.0
2.2183789,2.2183789
-2.6388177,-2.6388177
1.4373639,1.4373639
-3.6899981,-3.6899981
-0.2146881,-0.2146881
-0.8308262,-0.8308262
-3.4449001,-3.4449001
-2.1285057,-2.1285057
6.1082519,6.1082519
20.0045967,-10.0
0.5908419,0.5908419
-0.1899342,-0.1899342
0.8372238,0.8372238
-0.7136842,-0.7136842
-1.3523196,-1.3523196
16.8901166,-10.0
2.7061945,2.7061945
0.9705972,0.9705972
19.322677,-10.0
5.908377,5.908377
1.0511804,1.0511804
5.127362,5.127362
3.6899981,3.6899981
3.47531,3.47531
2.8591719,2.8591719
0.245098,0.245098
1.5614924,1.5614924
9.79825,9.79825
23.6945948,-10.0
4.28084,4.28084
3.5000639,3.5000639
4.5272219,4.5272219
2.9763139,2.9763139
2.3376785,2.3376785
20.5801147,-10.0
-0.7691155,-0.7691155
-2.5047128,-2.5047128
15.847367,-10.0
2.433067,2.433067
-2.4241296,-2.4241296
1.652052,1.652052
0.2146881,0.2146881
-3.47531,-3.47531
-0.6161381,-0.6161381
-3.230212,-3.230212
-1.9138176,-1.9138176
6.32294,6.32294
20.2192848,-10.0
0.80553,0.80553
0.0247539,0.0247539
1.0519119,1.0519119
-0.4989961,-0.4989961
-1.1376315,-1.1376315
17.1048047,-10.0
-0.1529774,-0.1529774
-1.8885747,-1.8885747
16.4635051,-10.0
3.0492051,3.0492051
-1.8079915,-1.8079915
2.2681901,2.2681901
0.8308262,0.8308262
-2.8591719,-2.8591719
0.6161381,0.6161381
-2.6140739,-2.6140739
-1.2976795,-1.2976795
6.9390781,6.9390781
20.8354229,-10.0
1.4216681,1.4216681
0.640892,0.640892
1.66805,1.66805
0.117142,0.117142
-0.5214934,-0.5214934
17.7209428,-10.0
2.4610965,2.4610965
0.7254992,0.7254992
19.077579,-10.0
5.663279,5.663279
0.8060824,0.8060824
4.882264,4.882264
3.4449001,3.4449001
-0.245098,-0.245098
3.230212,3.230212
2.6140739,2.6140739
1.3163944,1.3163944
9.553152,9.553152
23.4494968,-10.0
4.035742,4.035742
3.2549659,3.2549659
4.2821239,4.2821239
2.7312159,2.7312159
2.0925805,2.0925805
20.3350167,-10.0
1.1447021,1.1447021
-0.5908952,-0.5908952
17.7611846,-10.0
4.3468846,4.3468846
-0.510312,-0.510312
3.5658696,3.5658696
2.1285057,2.1285057
-1.5614924,-1.5614924
1.9138176,1.9138176
1.2976795,1.2976795
-1.3163944,-1.3163944
8.2367576,8.2367576
22.1331024,-10.0
2.7193476,2.7193476
1.9385715,1.9385715
2.9657295,2.9657295
1.4148215,1.4148215
0.7761861,0.7761861
19.0186223,-10.0
-7.0920555,-7.0920555
-8.8276528,-8.8276528
9.524427,9.524427
-3.889873,-3.889873
-8.7470696,-8.7470696
-4.670888,-4.670888
-6.1082519,-6.1082519
-9.79825,-9.79825
-6.32294,-6.32294
-6.9390781,-6.9390781
-9.553152,-9.553152
-8.2367576,-8.2367576
13.8963448,-10.0
-5.51741,-5.51741
-6.2981861,-6.2981861
-5.2710281,-5.2710281
-6.8219361,-6.8219361
-7.4605715,-7.4605715
10.7818647,-10.0
-20.9884003,-10.0
-22.7239976,-10.0
-4.3719178,-4.3719178
-17.7862178,-10.0
-22.6434144,-10.0
-18.5672328,-10.0
-20.0045967,-10.0
-23.6945948,-10.0
-20.2192848,-10.0
-20.8354229,-10.0
-23.4494968,-10.0
-22.1331024,-10.0
-13.8963448,-10.0
-19.4137548,-10.0
-20.1945309,-10.0
-19.1673729,-10.0
-20.7182809,-10.0
-21.3569163,-10.0
-3.1144801,-3.1144801
-1.5746455,-1.5746455
-3.3102428,-3.3102428
15.041837,-10.0
1.627537,1.627537
-3.2296596,-3.2296596
0.846522,0.846522
-0.5908419,-0.5908419
-4.28084,-4.28084
-0.80553,-0.80553
-1.4216681,-1.4216681
-4.035742,-4.035742
-2.7193476,-2.7193476
5.51741,5.51741
19.4137548,-10.0
-0.7807761,-0.7807761
0.2463819,0.2463819
-1.3045261,-1.3045261
-1.9431615,-1.9431615
16.2992747,-10.0
-0.7938694,-0.7938694
-2.5294667,-2.5294667
15.8226131,-10.0
2.4083131,2.4083131
-2.4488835,-2.4488835
1.6272981,1.6272981
0.1899342,0.1899342
-3.5000639,-3.5000639
-0.0247539,-0.0247539
-0.640892,-0.640892
-3.2549659,-3.2549659
-1.9385715,-1.9385715
6.2981861,6.2981861
20.1945309,-10.0
0.7807761,0.7807761
1.027158,1.027158
-0.52375,-0.52375
-1.1623854,-1.1623854
17.0800508,-10.0
-1.8210274,-1.8210274
-3.5566247,-3.5566247
14.7954551,-10.0
1.3811551,1.3811551
-3.4760415,-3.4760415
0.6001401,0.6001401
-0.8372238,-0.8372238
-4.5272219,-4.5272219
-1.0519119,-1.0519119
-1.66805,-1.66805
-4.2821239,-4.2821239
-2.9657295,-2.9657295
5.2710281,5.2710281
19.1673729,-10.0
-0.2463819,-0.2463819
-1.027158,-1.027158
-1.550908,-1.550908
-2.1895434,-2.1895434
16.0528928,-10.0
-0.2701194,-0.2701194
-2.0057167,-2.0057167
16.3463631,-10.0
2.9320631,2.9320631
-1.9251335,-1.9251335
2.1510481,2.1510481
0.7136842,0.7136842
-2.9763139,-2.9763139
0.4989961,0.4989961
-0.117142,-0.117142
-2.7312159,-2.7312159
-1.4148215,-1.4148215
6.8219361,6.8219361
20.7182809,-10.0
1.3045261,1.3045261
0.52375,0.52375
1.550908,1.550908
-0.6386354,-0.6386354
17.6038008,-10.0
0.368516,0.368516
-1.3670813,-1.3670813
16.9849985,-10.0
3.5706985,3.5706985
-1.2864981,-1.2864981
2.7896835,2.7896835
1.3523196,1.3523196
-2.3376785,-2.3376785
1.1376315,1.1376315
0.5214934,0.5214934
-2.0925805,-2.0925805
-0.7761861,-0.7761861
7.4605715,7.4605715
21.3569163,-10.0
1.9431615,1.9431615
1.1623854,1.1623854
2.1895434,2.1895434
0.6386354,0.6386354
18.2424362,-10.0
-17.8739202,-10.0
-19.6095175,-10.0
-1.2574377,-1.2574377
-14.6717377,-10.0
-19.5289343,-10.0
-15.4527527,-10.0
-16.8901166,-10.0
-20.5801147,-10.0
-17.1048047,-10.0
-17.7209428,-10.0
-20.3350167,-10.0
-19.0186223,-10.0
-10.7818647,-10.0
3.1144801,3.1144801
-16.2992747,-10.0
-17.0800508,-10.0
-16.0528928,-10.0
-17.6038008,-10.0
-18.2424362,-10.0
-1.9089969,-1.9089969
-0.0765464,-0.0765464
-17.6004273,-10.0
0.0013413,0.0013413
-14.9394163,-10.0
-18.1851681,-10.0
-18.8869109,-10.0
-20.9986584,-10.0
-17.7947062,-10.0
-17.6281721,-10.0
-18.0493316,-10.0
-0.0535981,-0.0535981
-19.3162769,-10.0
-17.0092492,-10.0
-0.5492426,-0.5492426
-15.022807,-10.0
-15.5282817,-10.0
-3.4597783,-3.4597783
-18.2032843,-10.0
1.9089969,1.9089969
1.8324505,1.8324505
-15.6914304,-10.0
1.9103382,1.9103382
-13.0304194,-10.0
-16.2761712,-10.0
-16.977914,-10.0
-19.0896615,-10.0
-15.8857093,-10.0
-15.7191752,-10.0
-16.1403347,-10.0
1.8553988,1.8553988
-17.40728,-10.0
-15.1002523,-10.0
1.3597543,1.3597543
-13.1138101,-10.0
-13.6192848,-10.0
-1.5507814,-1.5507814
-16.2942874,-10.0
0.0765464,0.0765464
-1.8324505,-1.8324505
-17.5238809,-10.0
0.0778877,0.0778877
-14.8628699,-10.0
-18.1086217,-10.0
-18.8103645,-10.0
-20.922112,-10.0
-17.7181598,-10.0
-17.5516257,-10.0
-17.9727852,-10.0
0.0229483,0.0229483
-19.2397305,-10.0
-16.9327028,-10.0
-0.4726962,-0.4726962
-14.9462606,-10.0
-15.4517353,-10.0
-3.3832319,-3.3832319
-18.1267379,-10.0
17.6004273,-10.0
15.6914304,-10.0
17.5238809,-10.0
17.6017686,-10.0
2.661011,2.661011
-0.5847408,-0.5847408
-1.2864836,-1.2864836
-3.3982311,-3.3982311
-0.1942789,-0.1942789
-0.0277448,-0.0277448
-0.4489043,-0.4489043
17.5468292,-10.0
-1.7158496,-1.7158496
0.5911781,0.5911781
17.0511847,-10.0
2.5776203,2.5776203
2.0721456,2.0721456
14.140649,-10.0
-0.602857,-0.602857
-0.0013413,-0.0013413
-1.9103382,-1.9103382
-0.0778877,-0.0778877
-17.6017686,-10.0
-14.9407576,-10.0
-18.1865094,-10.0
-18.8882522,-10.0
-20.9999997,-10.0
-17.7960475,-10.0
-17.6295134,-10.0
-18.0506729,-10.0
-0.0549394,-0.0549394
-19.3176182,-10.0
-17.0105905,-10.0
-0.5505839,-0.5505839
-15.0241483,-10.0
-15.529623,-10.0
-3.4611196,-3.4611196
-18.2046256,-10.0
14.9394163,-10.0
13.0304194,-10.0
14.8628699,-10.0
-2.661011,-2.661011
14.9407576,-10.0
-3.2457518,-3.2457518
-3.9474946,-3.9474946
-6.0592421,-6.0592421
-2.8552899,-2.8552899
-2.6887558,-2.6887558
-3.1099153,-3.1099153
14.8858182,-10.0
-4.3768606,-4.3768606
-2.0698329,-2.0698329
14.3901737,-10.0
-0.0833907,-0.0833907
-0.5888654,-0.5888654
11.479638,-10.0
-3.263868,-3.263868
18.1851681,-10.0
16.2761712,-10.0
18.1086217,-10.0
0.5847408,0.5847408
18.1865094,-10.0
3.2457518,3.2457518
-0.7017428,-0.7017428
-2.8134903,-2.8134903
0.3904619,0.3904619
0.556996,0.556996
0.1358365,0.1358365
18.13157,-10.0
-1.1311088,-1.1311088
1.1759189,1.1759189
17.6359255,-10.0
3.1623611,3.1623611
2.6568864,2.6568864
14.7253898,-10.0
-0.0181162,-0.0181162
18.8869109,-10.0
16.977914,-10.0
18.8103645,-10.0
1.2864836,1.2864836
18.8882522,-10.0
3.9474946,3.9474946
0.7017428,0.7017428
-2.1117475,-2.1117475
1.0922047,1.0922047
1.2587388,1.2587388
0.8375793,0.8375793
18.8333128,-10.0
-0.429366,-0.429366
1.8776617,1.8776617
18.3376683,-10.0
3.8641039,3.8641039
3.3586292,3.3586292
15.4271326,-10.0
0.6836266,0.6836266
20.9986584,-10.0
19.0896615,-10.0
20.922112,-10.0
3.3982311,3.3982311
20.9999997,-10.0
6.0592421,6.0592421
2.8134903,2.8134903
2.1117475,2.1117475
3.2039522,3.2039522
3.3704863,3.3704863
2.9493268,2.9493268
20.9450603,-10.0
1.6823815,1.6823815
3.9894092,3.9894092
20.4494158,-10.0
5.9758514,5.9758514
5.4703767,5.4703767
17.5388801,-10.0
2.7953741,2.7953741
17.7947062,-10.0
15.8857093,-10.0
17.7181598,-10.0
0.1942789,0.1942789
17.7960475,-10.0
2.8552899,2.8552899
-0.3904619,-0.3904619
-1.0922047,-1.0922047
-3.2039522,-3.2039522
0.1665341,0.1665341
-0.2546254,-0.2546254
17.7411081,-10.0
-1.5215707,-1.5215707
0.785457,0.785457
17.2454636,-10.0
2.7718992,2.7718992
2.2664245,2.2664245
14.3349279,-10.0
-0.4085781,-0.4085781
17.6281721,-10.0
15.7191752,-10.0
17.5516257,-10.0
0.0277448,0.0277448
17.6295134,-10.0
2.6887558,2.6887558
-0.556996,-0.556996
-1.2587388,-1.2587388
-3.3704863,-3.3704863
-0.1665341,-0.1665341
-0.4211595,-0.4211595
17.574574,-10.0
-1.6881048,-1.6881048
0.6189229,0.6189229
17.0789295,-10.0
2.6053651,2.6053651
2.0998904,2.0998904
14.1683938,-10.0
-0.5751122,-0.5751122
18.0493316,-10.0
16.1403347,-10.0
17.9727852,-10.0
0.4489043,0.4489043
18.0506729,-10.0
3.1099153,3.1099153
-0.1358365,-0.1358365
-0.8375793,-0.8375793
-2.9493268,-2.9493268
0.2546254,0.2546254
0.4211595,0.4211595
17.9957335,-10.0
-1.2669453,-1.2669453
1.0400824,1.0400824
17.500089,-10.0
3.0265246,3.0265246
2.5210499,2.5210499
14.5895533,-10.0
-0.1539527,-0.1539527
0.0535981,0.0535981
-1.8553988,-1.8553988
-0.0229483,-0.0229483
-17.5468292,-10.0
0.0549394,0.0549394
-14.8858182,-10.0
-18.13157,-10.0
-18.8333128,-10.0
-20.9450603,-10.0
-17.7411081,-10.0
-17.574574,-10.0
-17.9957335,-10.0
-19.2626788,-10.0
-16.9556511,-10.0
-0.4956445,-0.4956445
-14.9692089,-10.0
-15.4746836,-10.0
-3.4061802,-3.4061802
-18.1496862,-10.0
19.3162769,-10.0
17.40728,-10.0
19.2397305,-10.0
1.7158496,1.7158496
19.3176182,-10.0
4.3768606,4.3768606
1.1311088,1.1311088
0.429366,0.429366
-1.6823815,-1.6823815
1.5215707,1.5215707
1.6881048,1.6881048
1.2669453,1.2669453
19.2626788,-10.0
2.3070277,2.3070277
18.7670343,-10.0
4.2934699,4.2934699
3.7879952,3.7879952
15.8564986,-10.0
1.1129926,1.1129926
17.0092492,-10.0
15.1002523,-10.0
16.9327028,-10.0
-0.5911781,-0.5911781
17.0105905,-10.0
2.0698329,2.0698329
-1.1759189,-1.1759189
-1.8776617,-1.8776617
-3.9894092,-3.9894092
-0.785457,-0.785457
-0.6189229,-0.6189229
-1.0400824,-1.0400824
16.9556511,-10.0
-2.3070277,-2.3070277
16.4600066,-10.0
1.9864422,1.9864422
1.4809675,1.4809675
13.5494709,-10.0
-1.1940351,-1.1940351
0.5492426,0.5492426
-1.3597543,-1.3597543
0.4726962,0.4726962
-17.0511847,-10.0
0.5505839,0.5505839
-14.3901737,-10.0
-17.6359255,-10.0
-18.3376683,-10.0
-20.4494158,-10.0
-17.2454636,-10.0
-17.0789295,-10.0
-17.500089,-10.0
0.4956445,0.4956445
-18.7670343,-10.0
-16.4600066,-10.0
-14.4735644,-10.0
-14.9790391,-10.0
-2.9105357,-2.9105357
-17.6540417,-10.0
15.022807,-10.0
13.1138101,-10.0
14.9462606,-10.0
-2.5776203,-2.5776203
15.0241483,-10.0
0.0833907,0.0833907
-3.1623611,-3.1623611
-3.8641039,-3.8641039
-5.9758514,-5.9758514
-2.7718992,-2.7718992
-2.6053651,-2.6053651
-3.0265246,-3.0265246
14.9692089,-10.0
-4.2934699,-4.2934699
-1.9864422,-1.9864422
14.4735644,-10.0
-0.5054747,-0.5054747
11.5630287,-10.0
-3.1804773,-3.1804773
15.5282817,-10.0
13.6192848,-10.0
15.4517353,-10.0
-2.0721456,-2.0721456
15.529623,-10.0
0.5888654,0.5888654
-2.6568864,-2.6568864
-3.3586292,-3.3586292
-5.4703767,-5.4703767
-2.2664245,-2.2664245
-2.0998904,-2.0998904
-2.5210499,-2.5210499
15.4746836,-10.0
-3.7879952,-3.7879952
-1.4809675,-1.4809675
14.9790391,-10.0
0.5054747,0.5054747
12.0685034,-10.0
-2.6750026,-2.6750026
3.4597783,3.4597783
1.5507814,1.5507814
3.3832319,3.3832319
-14.140649,-10.0
3.4611196,3.4611196
-11.479638,-10.0
-14.7253898,-10.0
-15.4271326,-10.0
-17.5388801,-10.0
-14.3349279,-10.0
-14.1683938,-10.0
-14.5895533,-10.0
3.4061802,3.4061802
-15.8564986,-10.0
-13.5494709,-10.0
2.9105357,2.9105357
-11.5630287,-10.0
-12.0685034,-10.0
-14.743506,-10.0
18.2032843,-10.0
16.2942874,-10.0
18.1267379,-10.0
0.602857,0.602857
18.2046256,-10.0
3.263868,3.263868
0.0181162,0.0181162
-0.6836266,-0.6836266
-2.7953741,-2.7953741
0.4085781,0.4085781
0.5751122,0.5751122
0.1539527,0.1539527
18.1496862,-10.0
-1.1129926,-1.1129926
1.1940351,1.1940351
17.6540417,-10.0
3.1804773,3.1804773
2.6750026,2.6750026
14.743506,-10.0
15.946504,-10.0
-4.6628388,-4.6628388
-2.3379581,-2.3379581
14.7279022,-10.0
1.2892465,1.2892465
-1.6550416,-1.6550416
0.9766223,0.9766223
-3.578385,-3.578385
12.3996077,-10.0
-2.3827698,-2.3827698
-4.3290797,-4.3290797
16.3371612,-10.0
-1.7225973,-1.7225973
-3.1465981,-3.1465981
-2.0842115,-2.0842115
-2.9770046,-2.9770046
13.5769822,-10.0
10.5162709,-10.0
-2.4742786,-2.4742786
-15.946504,-10.0
-20.6093428,-10.0
-18.2844621,-10.0
-1.2186018,-1.2186018
-14.6572575,-10.0
-17.6015456,-10.0
-14.9698817,-10.0
-19.524889,-10.0
-3.5468963,-3.5468963
-18.3292738,-10.0
-20.2755837,-10.0
0.3906572,0.3906572
-17.6691013,-10.0
-19.0931021,-10.0
-18.0307155,-10.0
-18.9235086,-10.0
-2.3695218,-2.3695218
-5.4302331,-5.4302331
-18.4207826,-10.0
4.6628388,4.6628388
20.6093428,-10.0
2.3248807,2.3248807
19.390741,-10.0
5.9520853,5.9520853
3.0077972,3.0077972
5.6394611,5.6394611
1.0844538,1.0844538
17.0624465,-10.0
2.280069,2.280069
0.3337591,0.3337591
21.0,-10.0
2.9402415,2.9402415
1.5162407,1.5162407
2.5786273,2.5786273
1.6858342,1.6858342
18.239821,-10.0
15.1791097,-10.0
2.1885602,2.1885602
2.3379581,2.3379581
18.2844621,-10.0
-2.3248807,-2.3248807
17.0658603,-10.0
3.6272046,3.6272046
0.6829165,0.6829165
3.3145804,3.3145804
-1.2404269,-1.2404269
14.7375658,-10.0
-0.0448117,-0.0448117
-1.9911216,-1.9911216
18.6751193,-10.0
0.6153608,0.6153608
-0.80864,-0.80864
0.2537466,0.2537466
-0.6390465,-0.6390465
15.9149403,-10.0
12.854229,-10.0
-0.1363205,-0.1363205
-14.7279022,-10.0
1.2186018,1.2186018
-19.390741,-10.0
-17.0658603,-10.0
-13.4386557,-10.0
-16.3829438,-10.0
-13.7512799,-10.0
-18.3062872,-10.0
-2.3282945,-2.3282945
-17.110672,-10.0
-19.0569819,-10.0
1.609259,1.609259
-16.4504995,-10.0
-17.8745003,-10.0
-16.8121137,-10.0
-17.7049068,-10.0
-1.15092,-1.15092
-4.2116313,-4.2116313
-17.2021808,-10.0
-1.2892465,-1.2892465
14.6572575,-10.0
-5.9520853,-5.9520853
-3.6272046,-3.6272046
13.4386557,-10.0
-2.9442881,-2.9442881
-0.3126242,-0.3126242
-4.8676315,-4.8676315
11.1103612,-10.0
-3.6720163,-3.6720163
-5.6183262,-5.6183262
15.0479147,-10.0
-3.0118438,-3.0118438
-4.4358446,-4.4358446
-3.373458,-3.373458
-4.2662511,-4.2662511
12.2877357,-10.0
9.2270244,9.2270244
-3.7635251,-3.7635251
1.6550416,1.6550416
17.6015456,-10.0
-3.0077972,-3.0077972
-0.6829165,-0.6829165
16.3829438,-10.0
2.9442881,2.9442881
2.6316639,2.6316639
-1.9233434,-1.9233434
14.0546493,-10.0
-0.7277282,-0.7277282
-2.6740381,-2.6740381
17.9922028,-10.0
-0.0675557,-0.0675557
-1.4915565,-1.4915565
-0.4291699,-0.4291699
-1.321963,-1.321963
15.2320238,-10.0
12.1713125,-10.0
-0.819237,-0.819237
-0.9766223,-0.9766223
14.9698817,-10.0
-5.6394611,-5.6394611
-3.3145804,-3.3145804
13.7512799,-10.0
0.3126242,0.3126242
-2.6316639,-2.6316639
-4.5550073,-4.5550073
11.4229854,-10.0
-3.3593921,-3.3593921
-5.305702,-5.305702
15.3605389,-10.0
-2.6992196,-2.6992196
-4.1232204,-4.1232204
-3.0608338,-3.0608338
-3.9536269,-3.9536269
12.6003599,-10.0
9.5396486,9.5396486
-3.4509009,-3.4509009
3.578385,3.578385
19.524889,-10.0
-1.0844538,-1.0844538
1.2404269,1.2404269
18.3062872,-10.0
4.8676315,4.8676315
1.9233434,1.9233434
4.5550073,4.5550073
15.9779927,-10.0
1.1956152,1.1956152
-0.7506947,-0.7506947
19.9155462,-10.0
1.8557877,1.8557877
0.4317869,0.4317869
1.4941735,1.4941735
0.6013804,0.6013804
17.1553672,-10.0
14.0946559,-10.0
1.1041064,1.1041064
-12.3996077,-10.0
3.5468963,3.5468963
-17.0624465,-10.0
-14.7375658,-10.0
2.3282945,2.3282945
-11.1103612,-10.0
-14.0546493,-10.0
-11.4229854,-10.0
-15.9779927,-10.0
-14.7823775,-10.0
-16.7286874,-10.0
3.9375535,3.9375535
-14.122205,-10.0
-15.5462058,-10.0
-14.4838192,-10.0
-15.3766123,-10.0
1.1773745,1.1773745
-1.8833368,-1.8833368
-14.8738863,-10.0
2.3827698,2.3827698
18.3292738,-10.0
-2.280069,-2.280069
0.0448117,0.0448117
17.110672,-10.0
3.6720163,3.6720163
0.7277282,0.7277282
3.3593921,3.3593921
-1.1956152,-1.1956152
14.7823775,-10.0
-1.9463099,-1.9463099
18.719931,-10.0
0.6601725,0.6601725
-0.7638283,-0.7638283
0.2985583,0.2985583
-0.5942348,-0.5942348
15.959752,-10.0
12.8990407,-10.0
-0.0915088,-0.0915088
4.3290797,4.3290797
20.2755837,-10.0
-0.3337591,-0.3337591
1.9911216,1.9911216
19.0569819,-10.0
5.6183262,5.6183262
2.6740381,2.6740381
5.305702,5.305702
0.7506947,0.7506947
16.7286874,-10.0
1.9463099,1.9463099
20.6662409,-10.0
2.6064824,2.6064824
1.1824816,1.1824816
2.2448682,2.2448682
1.3520751,1.3520751
17.9060619,-10.0
14.8453506,-10.0
1.8548011,1.8548011
-16.3371612,-10.0
-0.3906572,-0.3906572
-21.0,-10.0
-18.6751193,-10.0
-1.609259,-1.609259
-15.0479147,-10.0
-17.9922028,-10.0
-15.3605389,-10.0
-19.9155462,-10.0
-3.9375535,-3.9375535
-18.719931,-10.0
-20.6662409,-10.0
-18.0597585,-10.0
-19.4837593,-10.0
-18.4213727,-10.0
-19.3141658,-10.0
-2.760179,-2.760179
-5.8208903,-5.8208903
-18.8114398,-10.0
1.7225973,1.7225973
17.6691013,-10.0
-2.9402415,-2.9402415
-0.6153608,-0.6153608
16.4504995,-10.0
3.0118438,3.0118438
0.0675557,0.0675557
2.6992196,2.6992196
-1.8557877,-1.8557877
14.122205,-10.0
-0.6601725,-0.6601725
-2.6064824,-2.6064824
18.0597585,-10.0
-1.4240008,-1.4240008
-0.3616142,-0.3616142
-1.2544073,-1.2544073
15.2995795,-10.0
12.2388682,-10.0
-0.7516813,-0.7516813
3.1465981,3.1465981
19.0931021,-10.0
-1.5162407,-1.5162407
0.80864,0.80864
17.8745003,-10.0
4.4358446,4.4358446
1.4915565,1.4915565
4.1232204,4.1232204
-0.4317869,-0.4317869
15.5462058,-10.0
0.7638283,0.7638283
-1.1824816,-1.1824816
19.4837593,-10.0
1.4240008,1.4240008
1.0623866,1.0623866
0.1695935,0.1695935
16.7235803,-10.0
13.662869,-10.0
0.6723195,0.6723195
2.0842115,2.0842115
18.0307155,-10.0
-2.5786273,-2.5786273
-0.2537466,-0.2537466
16.8121137,-10.0
3.373458,3.373458
0.4291699,0.4291699
3.0608338,3.0608338
-1.4941735,-1.4941735
14.4838192,-10.0
-0.2985583,-0.2985583
-2.2448682,-2.2448682
18.4213727,-10.0
0.3616142,0.3616142
-1.0623866,-1.0623866
-0.8927931,-0.8927931
15.6611937,-10.0
12.6004824,-10.0
-0.3900671,-0.3900671
2.9770046,2.9770046
18.9235086,-10.0
-1.6858342,-1.6858342
0.6390465,0.6390465
17.7049068,-10.0
4.2662511,4.2662511
1.321963,1.321963
3.9536269,3.9536269
-0.6013804,-0.6013804
15.3766123,-10.0
0.5942348,0.5942348
-1.3520751,-1.3520751
19.3141658,-10.0
1.2544073,1.2544073
-0.1695935,-0.1695935
0.8927931,0.8927931
16.5539868,-10.0
13.4932755,-10.0
0.502726,0.502726
-13.5769822,-10.0
2.3695218,2.3695218
-18.239821,-10.0
-15.9149403,-10.0
1.15092,1.15092
-12.2877357,-10.0
-15.2320238,-10.0
-12.6003599,-10.0
-17.1553672,-10.0
-1.1773745,-1.1773745
-15.959752,-10.0
-17.9060619,-10.0
2.760179,2.760179
-15.2995795,-10.0
-16.7235803,-10.0
-15.6611937,-10.0
-16.5539868,-10.0
-3.0607113,-3.0607113
-16.0512608,-10.0
-10.5162709,-10.0
5.4302331,5.4302331
-15.1791097,-10.0
-12.854229,-10.0
4.2116313,4.2116313
-9.2270244,-9.2270244
-12.1713125,-10.0
-9.5396486,-9.5396486
-14.0946559,-10.0
1.8833368,1.8833368
-12.8990407,-10.0
-14.8453506,-10.0
5.8208903,5.8208903
-12.2388682,-10.0
-13.662869,-10.0
-12.6004824,-10.0
-13.4932755,-10.0
3.0607113,3.0607113
-12.9905495,-10.0
2.4742786,2.4742786
18.4207826,-10.0
-2.1885602,-2.1885602
0.1363205,0.1363205
17.2021808,-10.0
3.7635251,3.7635251
0.819237,0.819237
3.4509009,3.4509009
-1.1041064,-1.1041064
14.8738863,-10.0
0.0915088,0.0915088
-1.8548011,-1.8548011
18.8114398,-10.0
0.7516813,0.7516813
-0.6723195,-0.6723195
0.3900671,0.3900671
-0.502726,-0.502726
16.0512608,-10.0
12.9905495,-10.0
3.6341268,3.6341268
2.3396248,2.3396248
-0.4015472,-0.4015472
0.5108064,0.5108064
2.2523152,2.2523152
-0.2647451,-0.2647451
3.2651201,3.2651201
1.7062804,1.7062804
2.7138557,2.7138557
0.1218515,0.1218515
3.353875,3.353875
7.0537817,7.0537817
0.5308157,0.5308157
1.9596082,1.9596082
1.7768209,1.7768209
2.3223388,2.3223388
4.3497143,4.3497143
13.9058023,-10.0
-1.335232,-1.335232
-3.6341268,-3.6341268
-1.294502,-1.294502
-4.035674,-4.035674
-3.1233204,-3.1233204
-1.3818116,-1.3818116
-3.8988719,-3.8988719
-0.3690067,-0.3690067
-1.9278464,-1.9278464
-0.9202711,-0.9202711
-3.5122753,-3.5122753
-0.2802518,-0.2802518
3.4196549,3.4196549
-3.1033111,-3.1033111
-1.6745186,-1.6745186
-1.8573059,-1.8573059
-1.311788,-1.311788
0.7155875,0.7155875
10.2716755,-10.0
-4.9693588,-4.9693588
-2.3396248,-2.3396248
1.294502,1.294502
-2.741172,-2.741172
-1.8288184,-1.8288184
-0.0873096,-0.0873096
-2.6043699,-2.6043699
0.9254953,0.9254953
-0.6333444,-0.6333444
0.3742309,0.3742309
-2.2177733,-2.2177733
1.0142502,1.0142502
4.7141569,4.7141569
-1.8088091,-1.8088091
-0.3800166,-0.3800166
-0.5628039,-0.5628039
-0.017286,-0.017286
2.0100895,2.0100895
11.5661775,-10.0
-3.6748568,-3.6748568
0.4015472,0.4015472
4.035674,4.035674
2.741172,2.741172
0.9123536,0.9123536
2.6538624,2.6538624
0.1368021,0.1368021
3.6666673,3.6666673
2.1078276,2.1078276
3.1154029,3.1154029
0.5233987,0.5233987
3.7554222,3.7554222
7.4553289,7.4553289
0.9323629,0.9323629
2.3611554,2.3611554
2.1783681,2.1783681
2.723886,2.723886
4.7512615,4.7512615
14.3073495,-10.0
-0.9336848,-0.9336848
-0.5108064,-0.5108064
3.1233204,3.1233204
1.8288184,1.8288184
-0.9123536,-0.9123536
1.7415088,1.7415088
-0.7755515,-0.7755515
2.7543137,2.7543137
1.195474,1.195474
2.2030493,2.2030493
-0.3889549,-0.3889549
2.8430686,2.8430686
6.5429753,6.5429753
0.0200093,0.0200093
1.4488018,1.4488018
1.2660145,1.2660145
1.8115324,1.8115324
3.8389079,3.8389079
13.3949959,-10.0
-1.8460384,-1.8460384
-2.2523152,-2.2523152
1.3818116,1.3818116
0.0873096,0.0873096
-2.6538624,-2.6538624
-1.7415088,-1.7415088
-2.5170603,-2.5170603
1.0128049,1.0128049
-0.5460348,-0.5460348
0.4615405,0.4615405
-2.1304637,-2.1304637
1.1015598,1.1015598
4.8014665,4.8014665
-1.7214995,-1.7214995
-0.292707,-0.292707
-0.4754943,-0.4754943
0.0700236,0.0700236
2.0973991,2.0973991
11.6534871,-10.0
-3.5875472,-3.5875472
0.2647451,0.2647451
3.8988719,3.8988719
2.6043699,2.6043699
-0.1368021,-0.1368021
0.7755515,0.7755515
2.5170603,2.5170603
3.5298652,3.5298652
1.9710255,1.9710255
2.9786008,2.9786008
0.3865966,0.3865966
3.6186201,3.6186201
7.3185268,7.3185268
0.7955608,0.7955608
2.2243533,2.2243533
2.041566,2.041566
2.5870839,2.5870839
4.6144594,4.6144594
14.1705474,-10.0
-1.0704869,-1.0704869
-3.2651201,-3.2651201
0.3690067,0.3690067
-0.9254953,-0.9254953
-3.6666673,-3.6666673
-2.7543137,-2.7543137
-1.0128049,-1.0128049
-3.5298652,-3.5298652
-1.5588397,-1.5588397
-0.5512644,-0.5512644
-3.1432686,-3.1432686
0.0887549,0.0887549
3.7886616,3.7886616
-2.7343044,-2.7343044
-1.3055119,-1.3055119
-1.4882992,-1.4882992
-0.9427813,-0.9427813
1.0845942,1.0845942
10.6406822,-10.0
-4.6003521,-4.6003521
-1.7062804,-1.7062804
1.9278464,1.9278464
0.6333444,0.6333444
-2.1078276,-2.1078276
-1.195474,-1.195474
0.5460348,0.5460348
-1.9710255,-1.9710255
1.5588397,1.5588397
1.0075753,1.0075753
-1.5844289,-1.5844289
1.6475946,1.6475946
5.3475013,5.3475013
-1.1754647,-1.1754647
0.2533278,0.2533278
0.0705405,0.0705405
0.6160584,0.6160584
2.6434339,2.6434339
12.1995219,-10.0
-3.0415124,-3.0415124
-2.7138557,-2.7138557
0.9202711,0.9202711
-0.3742309,-0.3742309
-3.1154029,-3.1154029
-2.2030493,-2.2030493
-0.4615405,-0.4615405
-2.9786008,-2.9786008
0.5512644,0.5512644
-1.0075753,-1.0075753
-2.5920042,-2.5920042
0.6400193,0.6400193
4.339926,4.339926
-2.18304,-2.18304
-0.7542475,-0.7542475
-0.9370348,-0.9370348
-0.3915169,-0.3915169
1.6358586,1.6358586
11.1919466,-10.0
-4.0490877,-4.0490877
-0.1218515,-0.1218515
3.5122753,3.5122753
2.2177733,2.2177733
-0.5233987,-0.5233987
0.3889549,0.3889549
2.1304637,2.1304637
-0.3865966,-0.3865966
3.1432686,3.1432686
1.5844289,1.5844289
2.5920042,2.5920042
3.2320235,3.2320235
6.9319302,6.9319302
0.4089642,0.4089642
1.8377567,1.8377567
1.6549694,1.6549694
2.2004873,2.2004873
4.2278628,4.2278628
13.7839508,-10.0
-1.4570835,-1.4570835
-3.353875,-3.353875
0.2802518,0.2802518
-1.0142502,-1.0142502
-3.7554222,-3.7554222
-2.8430686,-2.8430686
-1.1015598,-1.1015598
-3.6186201,-3.6186201
-0.0887549,-0.0887549
-1.6475946,-1.6475946
-0.6400193,-0.6400193
-3.2320235,-3.2320235
3.6999067,3.6999067
-2.8230593,-2.8230593
-1.3942668,-1.3942668
-1.5770541,-1.5770541
-1.0315362,-1.0315362
0.9958393,0.9958393
10.5519273,-10.0
-4.689107,-4.689107
-7.0537817,-7.0537817
-3.4196549,-3.4196549
-4.7141569,-4.7141569
-7.4553289,-7.4553289
-6.5429753,-6.5429753
-4.8014665,-4.8014665
-7.3185268,-7.3185268
-3.7886616,-3.7886616
-5.3475013,-5.3475013
-4.339926,-4.339926
-6.9319302,-6.9319302
-3.6999067,-3.6999067
-6.522966,-6.522966
-5.0941735,-5.0941735
-5.2769608,-5.2769608
-4.7314429,-4.7314429
-2.7040674,-2.7040674
6.8520206,6.8520206
-8.3890137,-8.3890137
-0.5308157,-0.5308157
3.1033111,3.1033111
1.8088091,1.8088091
-0.9323629,-0.9323629
-0.0200093,-0.0200093
1.7214995,1.7214995
-0.7955608,-0.7955608
2.7343044,2.7343044
1.1754647,1.1754647
2.18304,2.18304
-0.4089642,-0.4089642
2.8230593,2.8230593
6.522966,6.522966
1.4287925,1.4287925
1.2460052,1.2460052
1.7915231,1.7915231
3.8188986,3.8188986
13.3749866,-10.0
-1.8660477,-1.8660477
-1.9596082,-1.9596082
1.6745186,1.6745186
0.3800166,0.3800166
-2.3611554,-2.3611554
-1.4488018,-1.4488018
0.292707,0.292707
-2.2243533,-2.2243533
1.3055119,1.3055119
-0.2533278,-0.2533278
0.7542475,0.7542475
-1.8377567,-1.8377567
1.3942668,1.3942668
5.0941735,5.0941735
-1.4287925,-1.4287925
-0.1827873,-0.1827873
0.3627306,0.3627306
2.3901061,2.3901061
11.9461941,-10.0
-3.2948402,-3.2948402
-1.7768209,-1.7768209
1.8573059,1.8573059
0.5628039,0.5628039
-2.1783681,-2.1783681
-1.2660145,-1.2660145
0.4754943,0.4754943
-2.041566,-2.041566
1.4882992,1.4882992
-0.0705405,-0.0705405
0.9370348,0.9370348
-1.6549694,-1.6549694
1.5770541,1.5770541
5.2769608,5.2769608
-1.2460052,-1.2460052
0.1827873,0.1827873
0.5455179,0.5455179
2.5728934,2.5728934
12.1289814,-10.0
-3.1120529,-3.1120529
-2.3223388,-2.3223388
1.311788,1.311788
0.017286,0.017286
-2.723886,-2.723886
-1.8115324,-1.8115324
-0.0700236,-0.0700236
-2.5870839,-2.5870839
0.9427813,0.9427813
-0.6160584,-0.6160584
0.3915169,0.3915169
-2.2004873,-2.2004873
1.0315362,1.0315362
4.7314429,4.7314429
-1.7915231,-1.7915231
-0.3627306,-0.3627306
-0.5455179,-0.5455179
2.0273755,2.0273755
11.5834635,-10.0
-3.6575708,-3.6575708
-4.3497143,-4.3497143
-0.7155875,-0.7155875
-2.0100895,-2.0100895
-4.7512615,-4.7512615
-3.8389079,-3.8389079
-2.0973991,-2.0973991
-4.6144594,-4.6144594
-1.0845942,-1.0845942
-2.6434339,-2.6434339
-1.6358586,-1.6358586
-4.2278628,-4.2278628
-0.9958393,-0.9958393
2.7040674,2.7040674
-3.8188986,-3.8188986
-2.3901061,-2.3901061
-2.5728934,-2.5728934
-2.0273755,-2.0273755
9.556088,9.556088
-5.6849463,-5.6849463
-13.9058023,-10.0
-10.2716755,-10.0
-11.5661775,-10.0
-14.3073495,-10.0
-13.3949959,-10.0
-11.6534871,-10.0
-14.1705474,-10.0
-10.6406822,-10.0
-12.1995219,-10.0
-11.1919466,-10.0
-13.7839508,-10.0
-10.5519273,-10.0
-6.8520206,-6.8520206
-13.3749866,-10.0
-11.9461941,-10.0
-12.1289814,-10.0
-11.5834635,-10.0
-9.556088,-9.556088
-15.2410343,-10.0
1.335232,1.335232
4.9693588,4.9693588
3.6748568,3.6748568
0.9336848,0.9336848
1.8460384,1.8460384
3.5875472,3.5875472
1.0704869,1.0704869
4.6003521,4.6003521
3.0415124,3.0415124
4.0490877,4.0490877
1.4570835,1.4570835
4.689107,4.689107
8.3890137,8.3890137
1.8660477,1.8660477
3.2948402,3.2948402
3.1120529,3.1120529
3.6575708,3.6575708
5.6849463,5.6849463
15.2410343,-10.0
-1.2190136,-1.2190136
16.2385454,-10.0
9.3904189,9.3904189
-3.6209975,-3.6209975
16.933098,-10.0
-3.6612338,-3.6612338
-4.066902,-4.066902
-3.1245683,-3.1245683
-3.2698933,-3.2698933
-2.853852,-2.853852
2.3375622,2.3375622
7.7114103,7.7114103
15.9169021,-10.0
-0.2092014,-0.2092014
1.0088105,1.0088105
-1.1557776,-1.1557776
-1.4678475,-1.4678475
-1.0166805,-1.0166805
-4.8000055,-4.8000055
1.2190136,1.2190136
17.457559,-10.0
10.6094325,-10.0
-2.4019839,-2.4019839
18.1521116,-10.0
-2.4422202,-2.4422202
-2.8478884,-2.8478884
-1.9055547,-1.9055547
-2.0508797,-2.0508797
-1.6348384,-1.6348384
3.5565758,3.5565758
8.9304239,8.9304239
17.1359157,-10.0
1.0098122,1.0098122
2.2278241,2.2278241
0.063236,0.063236
-0.2488339,-0.2488339
0.2023331,0.2023331
-3.5809919,-3.5809919
-16.2385454,-10.0
-17.457559,-10.0
-6.8481265,-6.8481265
-19.8595429,-10.0
0.6945526,0.6945526
-19.8997792,-10.0
-20.3054474,-10.0
-19.3631137,-10.0
-19.5084387,-10.0
-19.0923974,-10.0
-13.9009832,-10.0
-8.5271351,-8.5271351
-0.3216433,-0.3216433
-16.4477468,-10.0
-15.2297349,-10.0
-17.394323,-10.0
-17.7063929,-10.0
-17.2552259,-10.0
-21.0385509,-10.0
-9.3904189,-9.3904189
-10.6094325,-10.0
6.8481265,6.8481265
-13.0114164,-10.0
7.5426791,7.5426791
-13.0516527,-10.0
-13.4573209,-10.0
-12.5149872,-10.0
-12.6603122,-10.0
-12.2442709,-10.0
-7.0528567,-7.0528567
-1.6790086,-1.6790086
6.5264832,6.5264832
-9.5996203,-9.5996203
-8.3816084,-8.3816084
-10.5461965,-10.0
-10.8582664,-10.0
-10.4070994,-10.0
-14.1904244,-10.0
3.6209975,3.6209975
2.4019839,2.4019839
19.8595429,-10.0
13.0114164,-10.0
20.5540955,-10.0
-0.0402363,-0.0402363
-0.4459045,-0.4459045
0.4964292,0.4964292
0.3511042,0.3511042
0.7671455,0.7671455
5.9585597,5.9585597
11.3324078,-10.0
19.5378996,-10.0
3.4117961,3.4117961
4.629808,4.629808
2.4652199,2.4652199
2.15315,2.15315
2.604317,2.604317
-1.179008,-1.179008
-16.933098,-10.0
-18.1521116,-10.0
-0.6945526,-0.6945526
-7.5426791,-7.5426791
-20.5540955,-10.0
-20.5943318,-10.0
-21.0,-10.0
-20.0576663,-10.0
-20.2029913,-10.0
-19.78695,-10.0
-14.5955358,-10.0
-9.2216877,-9.2216877
-1.0161959,-1.0161959
-17.1422994,-10.0
-15.9242875,-10.0
-18.0888756,-10.0
-18.4009455,-10.0
-17.9497785,-10.0
-21.7331035,-10.0
3.6612338,3.6612338
2.4422202,2.4422202
19.8997792,-10.0
13.0516527,-10.0
0.0402363,0.0402363
20.5943318,-10.0
-0.4056682,-0.4056682
0.5366655,0.5366655
0.3913405,0.3913405
0.8073818,0.8073818
5.998796,5.998796
11.3726441,-10.0
19.5781359,-10.0
3.4520324,3.4520324
4.6700443,4.6700443
2.5054562,2.5054562
2.1933863,2.1933863
2.6445533,2.6445533
-1.1387717,-1.1387717
4.066902,4.066902
2.8478884,2.8478884
20.3054474,-10.0
13.4573209,-10.0
0.4459045,0.4459045
21.0,-10.0
0.4056682,0.4056682
0.9423337,0.9423337
0.7970087,0.7970087
1.21305,1.21305
6.4044642,6.4044642
11.7783123,-10.0
19.9838041,-10.0
3.8577006,3.8577006
5.0757125,5.0757125
2.9111244,2.9111244
2.5990545,2.5990545
3.0502215,3.0502215
-0.7331035,-0.7331035
3.1245683,3.1245683
1.9055547,1.9055547
19.3631137,-10.0
12.5149872,-10.0
-0.4964292,-0.4964292
20.0576663,-10.0
-0.5366655,-0.5366655
-0.9423337,-0.9423337
-0.145325,-0.145325
0.2707163,0.2707163
5.4621305,5.4621305
10.8359786,-10.0
19.0414704,-10.0
2.9153669,2.9153669
4.1333788,4.1333788
1.9687907,1.9687907
1.6567208,1.6567208
2.1078878,2.1078878
-1.6754372,-1.6754372
3.2698933,3.2698933
2.0508797,2.0508797
19.5084387,-10.0
12.6603122,-10.0
-0.3511042,-0.3511042
20.2029913,-10.0
-0.3913405,-0.3913405
-0.7970087,-0.7970087
0.145325,0.145325
0.4160413,0.4160413
5.6074555,5.6074555
10.9813036,-10.0
19.1867954,-10.0
3.0606919,3.0606919
4.2787038,4.2787038
2.1141157,2.1141157
1.8020458,1.8020458
2.2532128,2.2532128
-1.5301122,-1.5301122
2.853852,2.853852
1.6348384,1.6348384
19.0923974,-10.0
12.2442709,-10.0
-0.7671455,-0.7671455
19.78695,-10.0
-0.8073818,-0.8073818
-1.21305,-1.21305
-0.2707163,-0.2707163
-0.4160413,-0.4160413
5.1914142,5.1914142
10.5652623,-10.0
18.7707541,-10.0
2.6446506,2.6446506
3.8626625,3.8626625
1.6980744,1.6980744
1.3860045,1.3860045
1.8371715,1.8371715
-1.9461535,-1.9461535
-2.3375622,-2.3375622
-3.5565758,-3.5565758
13.9009832,-10.0
7.0528567,7.0528567
-5.9585597,-5.9585597
14.5955358,-10.0
-5.998796,-5.998796
-6.4044642,-6.4044642
-5.4621305,-5.4621305
-5.6074555,-5.6074555
-5.1914142,-5.1914142
5.3738481,5.3738481
13.5793399,-10.0
-2.5467636,-2.5467636
-1.3287517,-1.3287517
-3.4933398,-3.4933398
-3.8054097,-3.8054097
-3.3542427,-3.3542427
-7.1375677,-7.1375677
-7.7114103,-7.7114103
-8.9304239,-8.9304239
8.5271351,8.5271351
1.6790086,1.6790086
-11.3324078,-10.0
9.2216877,9.2216877
-11.3726441,-10.0
-11.7783123,-10.0
-10.8359786,-10.0
-10.9813036,-10.0
-10.5652623,-10.0
-5.3738481,-5.3738481
8.2054918,8.2054918
-7.9206117,-7.9206117
-6.7025998,-6.7025998
-8.8671879,-8.8671879
-9.1792578,-9.1792578
-8.7280908,-8.7280908
-12.5114158,-10.0
-15.9169021,-10.0
-17.1359157,-10.0
0.3216433,0.3216433
-6.5264832,-6.5264832
-19.5378996,-10.0
1.0161959,1.0161959
-19.5781359,-10.0
-19.9838041,-10.0
-19.0414704,-10.0
-19.1867954,-10.0
-18.7707541,-10.0
-13.5793399,-10.0
-8.2054918,-8.2054918
-16.1261035,-10.0
-14.9080916,-10.0
-17.0726797,-10.0
-17.3847496,-10.0
-16.9335826,-10.0
-20.7169076,-10.0
0.2092014,0.2092014
-1.0098122,-1.0098122
16.4477468,-10.0
9.5996203,9.5996203
-3.4117961,-3.4117961
17.1422994,-10.0
-3.4520324,-3.4520324
-3.8577006,-3.8577006
-2.9153669,-2.9153669
-3.0606919,-3.0606919
-2.6446506,-2.6446506
2.5467636,2.5467636
7.9206117,7.9206117
16.1261035,-10.0
1.2180119,1.2180119
-0.9465762,-0.9465762
-1.2586461,-1.2586461
-0.8074791,-0.8074791
-4.5908041,-4.5908041
-1.0088105,-1.0088105
-2.2278241,-2.2278241
15.2297349,-10.0
8.3816084,8.3816084
-4.629808,-4.629808
15.9242875,-10.0
-4.6700443,-4.6700443
-5.0757125,-5.0757125
-4.1333788,-4.1333788
-4.2787038,-4.2787038
-3.8626625,-3.8626625
1.3287517,1.3287517
6.7025998,6.7025998
14.9080916,-10.0
-1.2180119,-1.2180119
-2.1645881,-2.1645881
-2.476658,-2.476658
-2.025491,-2.025491
-5.808816,-5.808816
1.1557776,1.1557776
-0.063236,-0.063236
17.394323,-10.0
10.5461965,-10.0
-2.4652199,-2.4652199
18.0888756,-10.0
-2.5054562,-2.5054562
-2.9111244,-2.9111244
-1.9687907,-1.9687907
-2.1141157,-2.1141157
-1.6980744,-1.6980744
3.4933398,3.4933398
8.8671879,8.8671879
17.0726797,-10.0
0.9465762,0.9465762
2.1645881,2.1645881
-0.3120699,-0.3120699
0.1390971,0.1390971
-3.6442279,-3.6442279
1.4678475,1.4678475
0.2488339,0.2488339
17.7063929,-10.0
10.8582664,-10.0
-2.15315,-2.15315
18.4009455,-10.0
-2.1933863,-2.1933863
-2.5990545,-2.5990545
-1.6567208,-1.6567208
-1.8020458,-1.8020458
-1.3860045,-1.3860045
3.8054097,3.8054097
9.1792578,9.1792578
17.3847496,-10.0
1.2586461,1.2586461
2.476658,2.476658
0.3120699,0.3120699
0.451167,0.451167
-3.332158,-3.332158
1.0166805,1.0166805
-0.2023331,-0.2023331
17.2552259,-10.0
10.4070994,-10.0
-2.604317,-2.604317
17.9497785,-10.0
-2.6445533,-2.6445533
-3.0502215,-3.0502215
-2.1078878,-2.1078878
-2.2532128,-2.2532128
-1.8371715,-1.8371715
3.3542427,3.3542427
8.7280908,8.7280908
16.9335826,-10.0
0.8074791,0.8074791
2.025491,2.025491
-0.1390971,-0.1390971
-0.451167,-0.451167
-3.783325,-3.783325
4.8000055,4.8000055
3.5809919,3.5809919
21.0385509,-10.0
14.1904244,-10.0
1.179008,1.179008
21.7331035,-10.0
1.1387717,1.1387717
0.7331035,0.7331035
1.6754372,1.6754372
1.5301122,1.5301122
1.9461535,1.9461535
7.1375677,7.1375677
12.5114158,-10.0
20.7169076,-10.0
4.5908041,4.5908041
5.808816,5.808816
3.6442279,3.6442279
3.332158,3.332158
3.783325,3.783325
17.1548272,-10.0
1.3425639,1.3425639
0.3580708,0.3580708
0.3929491,0.3929491
1.8479386,1.8479386
18.0866988,-10.0
0.5439496,0.5439496
-2.9132988,-2.9132988
0.338512,0.338512
-0.9183718,-0.9183718
-0.7988918,-0.7988918
17.5820313,-10.0
-0.3763961,-0.3763961
-1.676254,-1.676254
0.693099,0.693099
0.0750755,0.0750755
0.5571034,0.5571034
18.0165538,-10.0
0.470599,0.470599
-17.1548272,-10.0
-15.8122633,-10.0
-16.7967564,-10.0
-16.7618781,-10.0
-15.3068886,-10.0
0.9318716,0.9318716
-16.6108776,-10.0
-20.068126,-10.0
-16.8163152,-10.0
-18.073199,-10.0
-17.953719,-10.0
0.4272041,0.4272041
-17.5312233,-10.0
-18.8310812,-10.0
-16.4617282,-10.0
-17.0797517,-10.0
-16.5977238,-10.0
0.8617266,0.8617266
-16.6842282,-10.0
-1.3425639,-1.3425639
15.8122633,-10.0
-0.9844931,-0.9844931
-0.9496148,-0.9496148
0.5053747,0.5053747
16.7441349,-10.0
-0.7986143,-0.7986143
-4.2558627,-4.2558627
-1.0040519,-1.0040519
-2.2609357,-2.2609357
-2.1414557,-2.1414557
16.2394674,-10.0
-1.71896,-1.71896
-3.0188179,-3.0188179
-0.6494649,-0.6494649
-1.2674884,-1.2674884
-0.7854605,-0.7854605
16.6739899,-10.0
-0.8719649,-0.8719649
-0.3580708,-0.3580708
16.7967564,-10.0
0.9844931,0.9844931
0.0348783,0.0348783
1.4898678,1.4898678
17.728628,-10.0
0.1858788,0.1858788
-3.2713696,-3.2713696
-0.0195588,-0.0195588
-1.2764426,-1.2764426
-1.1569626,-1.1569626
17.2239605,-10.0
-0.7344669,-0.7344669
-2.0343248,-2.0343248
0.3350282,0.3350282
-0.2829953,-0.2829953
0.1990326,0.1990326
17.658483,-10.0
0.1125282,0.1125282
-0.3929491,-0.3929491
16.7618781,-10.0
0.9496148,0.9496148
-0.0348783,-0.0348783
1.4549895,1.4549895
17.6937497,-10.0
0.1510005,0.1510005
-3.3062479,-3.3062479
-0.0544371,-0.0544371
-1.3113209,-1.3113209
-1.1918409,-1.1918409
17.1890822,-10.0
-0.7693452,-0.7693452
-2.0692031,-2.0692031
0.3001499,0.3001499
-0.3178736,-0.3178736
0.1641543,0.1641543
17.6236047,-10.0
0.0776499,0.0776499
-1.8479386,-1.8479386
15.3068886,-10.0
-0.5053747,-0.5053747
-1.4898678,-1.4898678
-1.4549895,-1.4549895
16.2387602,-10.0
-1.303989,-1.303989
-4.7612374,-4.7612374
-1.5094266,-1.5094266
-2.7663104,-2.7663104
-2.6468304,-2.6468304
15.7340927,-10.0
-2.2243347,-2.2243347
-3.5241926,-3.5241926
-1.1548396,-1.1548396
-1.7728631,-1.7728631
-1.2908352,-1.2908352
16.1686152,-10.0
-1.3773396,-1.3773396
-18.0866988,-10.0
-0.9318716,-0.9318716
-16.7441349,-10.0
-17.728628,-10.0
-17.6937497,-10.0
-16.2387602,-10.0
-17.5427492,-10.0
-20.9999976,-10.0
-17.7481868,-10.0
-19.0050706,-10.0
-18.8855906,-10.0
-0.5046675,-0.5046675
-18.4630949,-10.0
-19.7629528,-10.0
-17.3935998,-10.0
-18.0116233,-10.0
-17.5295954,-10.0
-0.070145,-0.070145
-17.6160998,-10.0
-0.5439496,-0.5439496
16.6108776,-10.0
0.7986143,0.7986143
-0.1858788,-0.1858788
-0.1510005,-0.1510005
1.303989,1.303989
17.5427492,-10.0
-3.4572484,-3.4572484
-0.2054376,-0.2054376
-1.4623214,-1.4623214
-1.3428414,-1.3428414
17.0380817,-10.0
-0.9203457,-0.9203457
-2.2202036,-2.2202036
0.1491494,0.1491494
-0.4688741,-0.4688741
0.0131538,0.0131538
17.4726042,-10.0
-0.0733506,-0.0733506
2.9132988,2.9132988
20.068126,-10.0
4.2558627,4.2558627
3.2713696,3.2713696
3.3062479,3.3062479
4.7612374,4.7612374
20.9999976,-10.0
3.4572484,3.4572484
3.2518108,3.2518108
1.994927,1.994927
2.114407,2.114407
20.4953301,-10.0
2.5369027,2.5369027
1.2370448,1.2370448
3.6063978,3.6063978
2.9883743,2.9883743
3.4704022,3.4704022
20.9298526,-10.0
3.3838978,3.3838978
-0.338512,-0.338512
16.8163152,-10.0
1.0040519,1.0040519
0.0195588,0.0195588
0.0544371,0.0544371
1.5094266,1.5094266
17.7481868,-10.0
0.2054376,0.2054376
-3.2518108,-3.2518108
-1.2568838,-1.2568838
-1.1374038,-1.1374038
17.2435193,-10.0
-0.7149081,-0.7149081
-2.014766,-2.014766
0.354587,0.354587
-0.2634365,-0.2634365
0.2185914,0.2185914
17.6780418,-10.0
0.132087,0.132087
0.9183718,0.9183718
18.073199,-10.0
2.2609357,2.2609357
1.2764426,1.2764426
1.3113209,1.3113209
2.7663104,2.7663104
19.0050706,-10.0
1.4623214,1.4623214
-1.994927,-1.994927
1.2568838,1.2568838
0.11948,0.11948
18.5004031,-10.0
0.5419757,0.5419757
-0.7578822,-0.7578822
1.6114708,1.6114708
0.9934473,0.9934473
1.4754752,1.4754752
18.9349256,-10.0
1.3889708,1.3889708
0.7988918,0.7988918
17.953719,-10.0
2.1414557,2.1414557
1.1569626,1.1569626
1.1918409,1.1918409
2.6468304,2.6468304
18.8855906,-10.0
1.3428414,1.3428414
-2.114407,-2.114407
1.1374038,1.1374038
-0.11948,-0.11948
18.3809231,-10.0
0.4224957,0.4224957
-0.8773622,-0.8773622
1.4919908,1.4919908
0.8739673,0.8739673
1.3559952,1.3559952
18.8154456,-10.0
1.2694908,1.2694908
-17.5820313,-10.0
-0.4272041,-0.4272041
-16.2394674,-10.0
-17.2239605,-10.0
-17.1890822,-10.0
-15.7340927,-10.0
0.5046675,0.5046675
-17.0380817,-10.0
-20.4953301,-10.0
-17.2435193,-10.0
-18.5004031,-10.0
-18.3809231,-10.0
-17.9584274,-10.0
-19.2582853,-10.0
-16.8889323,-10.0
-17.5069558,-10.0
-17.0249279,-10.0
0.4345225,0.4345225
-17.1114323,-10.0
0.3763961,0.3763961
17.5312233,-10.0
1.71896,1.71896
0.7344669,0.7344669
0.7693452,0.7693452
2.2243347,2.2243347
18.4630949,-10.0
0.9203457,0.9203457
-2.5369027,-2.5369027
0.7149081,0.7149081
-0.5419757,-0.5419757
-0.4224957,-0.4224957
17.9584274,-10.0
-1.2998579,-1.2998579
1.0694951,1.0694951
0.4514716,0.4514716
0.9334995,0.9334995
18.3929499,-10.0
0.8469951,0.8469951
1.676254,1.676254
18.8310812,-10.0
3.0188179,3.0188179
2.0343248,2.0343248
2.0692031,2.0692031
3.5241926,3.5241926
19.7629528,-10.0
2.2202036,2.2202036
-1.2370448,-1.2370448
2.014766,2.014766
0.7578822,0.7578822
0.8773622,0.8773622
19.2582853,-10.0
1.2998579,1.2998579
2.369353,2.369353
1.7513295,1.7513295
2.2333574,2.2333574
19.6928078,-10.0
2.146853,2.146853
-0.693099,-0.693099
16.4617282,-10.0
0.6494649,0.6494649
-0.3350282,-0.3350282
-0.3001499,-0.3001499
1.1548396,1.1548396
17.3935998,-10.0
-0.1491494,-0.1491494
-3.6063978,-3.6063978
-0.354587,-0.354587
-1.6114708,-1.6114708
-1.4919908,-1.4919908
16.8889323,-10.0
-1.0694951,-1.0694951
-2.369353,-2.369353
-0.6180235,-0.6180235
-0.1359956,-0.1359956
17.3234548,-10.0
-0.2225,-0.2225
-0.0750755,-0.0750755
17.0797517,-10.0
1.2674884,1.2674884
0.2829953,0.2829953
0.3178736,0.3178736
1.7728631,1.7728631
18.0116233,-10.0
0.4688741,0.4688741
-2.9883743,-2.9883743
0.2634365,0.2634365
-0.9934473,-0.9934473
-0.8739673,-0.8739673
17.5069558,-10.0
-0.4514716,-0.4514716
-1.7513295,-1.7513295
0.6180235,0.6180235
0.4820279,0.4820279
17.9414783,-10.0
0.3955235,0.3955235
-0.5571034,-0.5571034
16.5977238,-10.0
0.7854605,0.7854605
-0.1990326,-0.1990326
-0.1641543,-0.1641543
1.2908352,1.2908352
17.5295954,-10.0
-0.0131538,-0.0131538
-3.4704022,-3.4704022
-0.2185914,-0.2185914
-1.4754752,-1.4754752
-1.3559952,-1.3559952
17.0249279,-10.0
-0.9334995,-0.9334995
-2.2333574,-2.2333574
0.1359956,0.1359956
-0.4820279,-0.4820279
17.4594504,-10.0
-0.0865044,-0.0865044
-18.0165538,-10.0
-0.8617266,-0.8617266
-16.6739899,-10.0
-17.658483,-10.0
-17.6236047,-10.0
-16.1686152,-10.0
0.070145,0.070145
-17.4726042,-10.0
-20.9298526,-10.0
-17.6780418,-10.0
-18.9349256,-10.0
-18.8154456,-10.0
-0.4345225,-0.4345225
-18.3929499,-10.0
-19.6928078,-10.0
-17.3234548,-10.0
-17.9414783,-10.0
-17.4594504,-10.0
-17.5459548,-10.0
-0.470599,-0.470599
16.6842282,-10.0
0.8719649,0.8719649
-0.1125282,-0.1125282
-0.0776499,-0.0776499
1.3773396,1.3773396
17.6160998,-10.0
0.0733506,0.0733506
-3.3838978,-3.3838978
-0.132087,-0.132087
-1.3889708,-1.3889708
-1.2694908,-1.2694908
17.1114323,-10.0
-0.8469951,-0.8469951
-2.146853,-2.146853
0.2225,0.2225
-0.3955235,-0.3955235
0.0865044,0.0865044
17.5459548,-10.0
2.676985,2.676985
-1.3072154,-1.3072154
-0.1290822,-0.1290822
7.6519769,7.6519769
2.5857893,2.5857893
0.9387466,0.9387466
17.0704344,-10.0
-3.8743867,-3.8743867
2.610162,2.610162
16.436699,-10.0
-1.3694426,-1.3694426
2.9742132,2.9742132
-1.2858338,-1.2858338
-0.1985642,-0.1985642
-0.7318318,-0.7318318
0.290756,0.290756
0.8800523,0.8800523
16.3811867,-10.0
-0.7037056,-0.7037056
-2.676985,-2.676985
-3.9842004,-3.9842004
-2.8060672,-2.8060672
4.9749919,4.9749919
-0.0911957,-0.0911957
-1.7382384,-1.7382384
14.3934494,-10.0
-6.5513717,-6.5513717
-0.066823,-0.066823
13.759714,-10.0
-4.0464276,-4.0464276
0.2972282,0.2972282
-3.9628188,-3.9628188
-2.8755492,-2.8755492
-3.4088168,-3.4088168
-2.386229,-2.386229
-1.7969327,-1.7969327
13.7042017,-10.0
-3.3806906,-3.3806906
1.3072154,1.3072154
3.9842004,3.9842004
1.1781332,1.1781332
8.9591923,8.9591923
3.8930047,3.8930047
2.245962,2.245962
18.3776498,-10.0
-2.5671713,-2.5671713
3.9173774,3.9173774
17.7439144,-10.0
-0.0622272,-0.0622272
4.2814286,4.2814286
0.0213816,0.0213816
1.1086512,1.1086512
0.5753836,0.5753836
1.5979714,1.5979714
2.1872677,2.1872677
17.6884021,-10.0
0.6035098,0.6035098
0.1290822,0.1290822
2.8060672,2.8060672
-1.1781332,-1.1781332
7.7810591,7.7810591
2.7148715,2.7148715
1.0678288,1.0678288
17.1995166,-10.0
-3.7453045,-3.7453045
2.7392442,2.7392442
16.5657812,-10.0
-1.2403604,-1.2403604
3.1032954,3.1032954
-1.1567516,-1.1567516
-0.069482,-0.069482
-0.6027496,-0.6027496
0.4198382,0.4198382
1.0091345,1.0091345
16.5102689,-10.0
-0.5746234,-0.5746234
-7.6519769,-7.6519769
-4.9749919,-4.9749919
-8.9591923,-8.9591923
-7.7810591,-7.7810591
-5.0661876,-5.0661876
-6.7132303,-6.7132303
9.4184575,9.4184575
-11.5263636,-10.0
-5.0418149,-5.0418149
8.7847221,8.7847221
-9.0214195,-9.0214195
-4.6777637,-4.6777637
-8.9378107,-8.9378107
-7.8505411,-7.8505411
-8.3838087,-8.3838087
-7.3612209,-7.3612209
-6.7719246,-6.7719246
8.7292098,8.7292098
-8.3556825,-8.3556825
-2.5857893,-2.5857893
0.0911957,0.0911957
-3.8930047,-3.8930047
-2.7148715,-2.7148715
5.0661876,5.0661876
-1.6470427,-1.6470427
14.4846451,-10.0
-6.460176,-6.460176
0.0243727,0.0243727
13.8509097,-10.0
-3.9552319,-3.9552319
0.3884239,0.3884239
-3.8716231,-3.8716231
-2.7843535,-2.7843535
-3.3176211,-3.3176211
-2.2950333,-2.2950333
-1.705737,-1.705737
13.7953974,-10.0
-3.2894949,-3.2894949
-0.9387466,-0.9387466
1.7382384,1.7382384
-2.245962,-2.245962
-1.0678288,-1.0678288
6.7132303,6.7132303
1.6470427,1.6470427
16.1316878,-10.0
-4.8131333,-4.8131333
1.6714154,1.6714154
15.4979524,-10.0
-2.3081892,-2.3081892
2.0354666,2.0354666
-2.2245804,-2.2245804
-1.1373108,-1.1373108
-1.6705784,-1.6705784
-0.6479906,-0.6479906
-0.0586943,-0.0586943
15.4424401,-10.0
-1.6424522,-1.6424522
-17.0704344,-10.0
-14.3934494,-10.0
-18.3776498,-10.0
-17.1995166,-10.0
-9.4184575,-9.4184575
-14.4846451,-10.0
-16.1316878,-10.0
-20.9448211,-10.0
-14.4602724,-10.0
-0.6337354,-0.6337354
-18.439877,-10.0
-14.0962212,-10.0
-18.3562682,-10.0
-17.2689986,-10.0
-17.8022662,-10.0
-16.7796784,-10.0
-16.1903821,-10.0
-0.6892477,-0.6892477
-17.77414,-10.0
3.8743867,3.8743867
6.5513717,6.5513717
2.5671713,2.5671713
3.7453045,3.7453045
11.5263636,-10.0
6.460176,6.460176
4.8131333,4.8131333
20.9448211,-10.0
6.4845487,6.4845487
20.3110857,-10.0
2.5049441,2.5049441
6.8485999,6.8485999
2.5885529,2.5885529
3.6758225,3.6758225
3.1425549,3.1425549
4.1651427,4.1651427
4.754439,4.754439
20.2555734,-10.0
3.1706811,3.1706811
-2.610162,-2.610162
0.066823,0.066823
-3.9173774,-3.9173774
-2.7392442,-2.7392442
5.0418149,5.0418149
-0.0243727,-0.0243727
-1.6714154,-1.6714154
14.4602724,-10.0
-6.4845487,-6.4845487
13.826537,-10.0
-3.9796046,-3.9796046
0.3640512,0.3640512
-3.8959958,-3.8959958
-2.8087262,-2.8087262
-3.3419938,-3.3419938
-2.319406,-2.319406
-1.7301097,-1.7301097
13.7710247,-10.0
-3.3138676,-3.3138676
-16.436699,-10.0
-13.759714,-10.0
-17.7439144,-10.0
-16.5657812,-10.0
-8.7847221,-8.7847221
-13.8509097,-10.0
-15.4979524,-10.0
0.6337354,0.6337354
-20.3110857,-10.0
-13.826537,-10.0
-17.8061416,-10.0
-13.4624858,-10.0
-17.7225328,-10.0
-16.6352632,-10.0
-17.1685308,-10.0
-16.145943,-10.0
-15.5566467,-10.0
-0.0555123,-0.0555123
-17.1404046,-10.0
1.3694426,1.3694426
4.0464276,4.0464276
0.0622272,0.0622272
1.2403604,1.2403604
9.0214195,9.0214195
3.9552319,3.9552319
2.3081892,2.3081892
18.439877,-10.0
-2.5049441,-2.5049441
3.9796046,3.9796046
17.8061416,-10.0
4.3436558,4.3436558
0.0836088,0.0836088
1.1708784,1.1708784
0.6376108,0.6376108
1.6601986,1.6601986
2.2494949,2.2494949
17.7506293,-10.0
0.665737,0.665737
-2.9742132,-2.9742132
-0.2972282,-0.2972282
-4.2814286,-4.2814286
-3.1032954,-3.1032954
4.6777637,4.6777637
-0.3884239,-0.3884239
-2.0354666,-2.0354666
14.0962212,-10.0
-6.8485999,-6.8485999
-0.3640512,-0.3640512
13.4624858,-10.0
-4.3436558,-4.3436558
-4.260047,-4.260047
-3.1727774,-3.1727774
-3.706045,-3.706045
-2.6834572,-2.6834572
-2.0941609,-2.0941609
13.4069735,-10.0
-3.6779188,-3.6779188
1.2858338,1.2858338
3.9628188,3.9628188
-0.0213816,-0.0213816
1.1567516,1.1567516
8.9378107,8.9378107
3.8716231,3.8716231
2.2245804,2.2245804
18.3562682,-10.0
-2.5885529,-2.5885529
3.8959958,3.8959958
17.7225328,-10.0
-0.0836088,-0.0836088
4.260047,4.260047
1.0872696,1.0872696
0.554002,0.554002
1.5765898,1.5765898
2.1658861,2.1658861
17.6670205,-10.0
0.5821282,0.5821282
0.1985642,0.1985642
2.8755492,2.8755492
-1.1086512,-1.1086512
0.069482,0.069482
7.8505411,7.8505411
2.7843535,2.7843535
1.1373108,1.1373108
17.2689986,-10.0
-3.6758225,-3.6758225
2.8087262,2.8087262
16.6352632,-10.0
-1.1708784,-1.1708784
3.1727774,3.1727774
-1.0872696,-1.0872696
-0.5332676,-0.5332676
0.4893202,0.4893202
1.0786165,1.0786165
16.5797509,-10.0
-0.5051414,-0.5051414
0.7318318,0.7318318
3.4088168,3.4088168
-0.5753836,-0.5753836
0.6027496,0.6027496
8.3838087,8.3838087
3.3176211,3.3176211
1.6705784,1.6705784
17.8022662,-10.0
-3.1425549,-3.1425549
3.3419938,3.3419938
17.1685308,-10.0
-0.6376108,-0.6376108
3.706045,3.706045
-0.554002,-0.554002
0.5332676,0.5332676
1.0225878,1.0225878
1.6118841,1.6118841
17.1130185,-10.0
0.0281262,0.0281262
-0.290756,-0.290756
2.386229,2.386229
-1.5979714,-1.5979714
-0.4198382,-0.4198382
7.3612209,7.3612209
2.2950333,2.2950333
0.6479906,0.6479906
16.7796784,-10.0
-4.1651427,-4.1651427
2.319406,2.319406
16.145943,-10.0
-1.6601986,-1.6601986
2.6834572,2.6834572
-1.5765898,-1.5765898
-0.4893202,-0.4893202
-1.0225878,-1.0225878
0.5892963,0.5892963
16.0904307,-10.0
-0.9944616,-0.9944616
-0.8800523,-0.8800523
1.7969327,1.7969327
-2.1872677,-2.1872677
-1.0091345,-1.0091345
6.7719246,6.7719246
1.705737,1.705737
0.0586943,0.0586943
16.1903821,-10.0
-4.754439,-4.754439
1.7301097,1.7301097
15.5566467,-10.0
-2.2494949,-2.2494949
2.0941609,2.0941609
-2.1658861,-2.1658861
-1.0786165,-1.0786165
-1.6118841,-1.6118841
-0.5892963,-0.5892963
15.5011344,-10.0
-1.5837579,-1.5837579
-16.3811867,-10.0
-13.7042017,-10.0
-17.6884021,-10.0
-16.5102689,-10.0
-8.7292098,-8.7292098
-13.7953974,-10.0
-15.4424401,-10.0
0.6892477,0.6892477
-20.2555734,-10.0
-13.7710247,-10.0
0.0555123,0.0555123
-17.7506293,-10.0
-13.4069735,-10.0
-17.6670205,-10.0
-16.5797509,-10.0
-17.1130185,-10.0
-16.0904307,-10.0
-15.5011344,-10.0
-17.0848923,-10.0
0.7037056,0.7037056
3.3806906,3.3806906
-0.6035098,-0.6035098
0.5746234,0.5746234
8.3556825,8.3556825
3.2894949,3.2894949
1.6424522,1.6424522
17.77414,-10.0
-3.1706811,-3.1706811
3.3138676,3.3138676
17.1404046,-10.0
-0.665737,-0.665737
3.6779188,3.6779188
-0.5821282,-0.5821282
0.5051414,0.5051414
-0.0281262,-0.0281262
0.9944616,0.9944616
1.5837579,1.5837579
17.0848923,-10.0
13.3343489,-10.0
-0.7316541,-0.7316541
-2.0261677,-2.0261677
-0.894559,-0.894559
2.2617666,2.2617666
-2.1336273,-2.1336273
-0.1770262,-0.1770262
-3.2790906,-3.2790906
-1.6226353,-1.6226353
-0.3271887,-0.3271887
-3.0114851,-3.0114851
5.3593736,5.3593736
-2.9918226,-2.9918226
-0.9915417,-0.9915417
-0.2796731,-0.2796731
-0.2236913,-0.2236913
8.0787075,8.0787075
14.2649755,-10.0
-1.3486362,-1.3486362
-13.3343489,-10.0
-14.066003,-10.0
-15.3605166,-10.0
-14.2289079,-10.0
-11.0725823,-10.0
-15.4679762,-10.0
-13.5113751,-10.0
-16.6134395,-10.0
-14.9569842,-10.0
-13.6615376,-10.0
-16.345834,-10.0
-7.9749753,-7.9749753
-16.3261715,-10.0
-14.3258906,-10.0
-13.614022,-10.0
-13.5580402,-10.0
-5.2556414,-5.2556414
0.9306266,0.9306266
-14.6829851,-10.0
0.7316541,0.7316541
14.066003,-10.0
-1.2945136,-1.2945136
-0.1629049,-0.1629049
2.9934207,2.9934207
-1.4019732,-1.4019732
0.5546279,0.5546279
-2.5474365,-2.5474365
-0.8909812,-0.8909812
0.4044654,0.4044654
-2.279831,-2.279831
6.0910277,6.0910277
-2.2601685,-2.2601685
-0.2598876,-0.2598876
0.451981,0.451981
0.5079628,0.5079628
8.8103616,8.8103616
14.9966296,-10.0
-0.6169821,-0.6169821
2.0261677,2.0261677
15.3605166,-10.0
1.2945136,1.2945136
1.1316087,1.1316087
4.2879343,4.2879343
-0.1074596,-0.1074596
1.8491415,1.8491415
-1.2529229,-1.2529229
0.4035324,0.4035324
1.698979,1.698979
-0.9853174,-0.9853174
7.3855413,7.3855413
-0.9656549,-0.9656549
1.034626,1.034626
1.7464946,1.7464946
1.8024764,1.8024764
10.1048752,-10.0
16.2911432,-10.0
0.6775315,0.6775315
0.894559,0.894559
14.2289079,-10.0
0.1629049,0.1629049
-1.1316087,-1.1316087
3.1563256,3.1563256
-1.2390683,-1.2390683
0.7175328,0.7175328
-2.3845316,-2.3845316
-0.7280763,-0.7280763
0.5673703,0.5673703
-2.1169261,-2.1169261
6.2539326,6.2539326
-2.0972636,-2.0972636
-0.0969827,-0.0969827
0.6148859,0.6148859
0.6708677,0.6708677
8.9732665,8.9732665
15.1595345,-10.0
-0.4540772,-0.4540772
-2.2617666,-2.2617666
11.0725823,-10.0
-2.9934207,-2.9934207
-4.2879343,-4.2879343
-3.1563256,-3.1563256
-4.3953939,-4.3953939
-2.4387928,-2.4387928
-5.5408572,-5.5408572
-3.8844019,-3.8844019
-2.5889553,-2.5889553
-5.2732517,-5.2732517
3.097607,3.097607
-5.2535892,-5.2535892
-3.2533083,-3.2533083
-2.5414397,-2.5414397
-2.4854579,-2.4854579
5.8169409,5.8169409
12.0032089,-10.0
-3.6104028,-3.6104028
2.1336273,2.1336273
15.4679762,-10.0
1.4019732,1.4019732
0.1074596,0.1074596
1.2390683,1.2390683
4.3953939,4.3953939
1.9566011,1.9566011
-1.1454633,-1.1454633
0.510992,0.510992
1.8064386,1.8064386
-0.8778578,-0.8778578
7.4930009,7.4930009
-0.8581953,-0.8581953
1.1420856,1.1420856
1.8539542,1.8539542
1.909936,1.909936
10.2123348,-10.0
16.3986028,-10.0
0.7849911,0.7849911
0.1770262,0.1770262
13.5113751,-10.0
-0.5546279,-0.5546279
-1.8491415,-1.8491415
-0.7175328,-0.7175328
2.4387928,2.4387928
-1.9566011,-1.9566011
-3.1020644,-3.1020644
-1.4456091,-1.4456091
-0.1501625,-0.1501625
-2.8344589,-2.8344589
5.5363998,5.5363998
-2.8147964,-2.8147964
-0.8145155,-0.8145155
-0.1026469,-0.1026469
-0.0466651,-0.0466651
8.2557337,8.2557337
14.4420017,-10.0
-1.17161,-1.17161
3.2790906,3.2790906
16.6134395,-10.0
2.5474365,2.5474365
1.2529229,1.2529229
2.3845316,2.3845316
5.5408572,5.5408572
1.1454633,1.1454633
3.1020644,3.1020644
1.6564553,1.6564553
2.9519019,2.9519019
0.2676055,0.2676055
8.6384642,8.6384642
0.287268,0.287268
2.2875489,2.2875489
2.9994175,2.9994175
3.0553993,3.0553993
11.3577981,-10.0
17.5440661,-10.0
1.9304544,1.9304544
1.6226353,1.6226353
14.9569842,-10.0
0.8909812,0.8909812
-0.4035324,-0.4035324
0.7280763,0.7280763
3.8844019,3.8844019
-0.510992,-0.510992
1.4456091,1.4456091
-1.6564553,-1.6564553
1.2954466,1.2954466
-1.3888498,-1.3888498
6.9820089,6.9820089
-1.3691873,-1.3691873
0.6310936,0.6310936
1.3429622,1.3429622
1.398944,1.398944
9.7013428,9.7013428
15.8876108,-10.0
0.2739991,0.2739991
0.3271887,0.3271887
13.6615376,-10.0
-0.4044654,-0.4044654
-1.698979,-1.698979
-0.5673703,-0.5673703
2.5889553,2.5889553
-1.8064386,-1.8064386
0.1501625,0.1501625
-2.9519019,-2.9519019
-1.2954466,-1.2954466
-2.6842964,-2.6842964
5.6865623,5.6865623
-2.6646339,-2.6646339
-0.664353,-0.664353
0.0475156,0.0475156
0.1034974,0.1034974
8.4058962,8.4058962
14.5921642,-10.0
-1.0214475,-1.0214475
3.0114851,3.0114851
16.345834,-10.0
2.279831,2.279831
0.9853174,0.9853174
2.1169261,2.1169261
5.2732517,5.2732517
0.8778578,0.8778578
2.8344589,2.8344589
-0.2676055,-0.2676055
1.3888498,1.3888498
2.6842964,2.6842964
8.3708587,8.3708587
0.0196625,0.0196625
2.0199434,2.0199434
2.731812,2.731812
2.7877938,2.7877938
11.0901926,-10.0
17.2764606,-10.0
1.6628489,1.6628489
-5.3593736,-5.3593736
7.9749753,7.9749753
-6.0910277,-6.0910277
-7.3855413,-7.3855413
-6.2539326,-6.2539326
-3.097607,-3.097607
-7.4930009,-7.4930009
-5.5363998,-5.5363998
-8.6384642,-8.6384642
-6.9820089,-6.9820089
-5.6865623,-5.6865623
-8.3708587,-8.3708587
-8.3511962,-8.3511962
-6.3509153,-6.3509153
-5.6390467,-5.6390467
-5.5830649,-5.5830649
2.7193339,2.7193339
8.9056019,8.9056019
-6.7080098,-6.7080098
2.9918226,2.9918226
16.3261715,-10.0
2.2601685,2.2601685
0.9656549,0.9656549
2.0972636,2.0972636
5.2535892,5.2535892
0.8581953,0.8581953
2.8147964,2.8147964
-0.287268,-0.287268
1.3691873,1.3691873
2.6646339,2.6646339
-0.0196625,-0.0196625
8.3511962,8.3511962
2.0002809,2.0002809
2.7121495,2.7121495
2.7681313,2.7681313
11.0705301,-10.0
17.2567981,-10.0
1.6431864,1.6431864
0.9915417,0.9915417
14.3258906,-10.0
0.2598876,0.2598876
-1.034626,-1.034626
0.0969827,0.0969827
3.2533083,3.2533083
-1.1420856,-1.1420856
0.8145155,0.8145155
-2.2875489,-2.2875489
-0.6310936,-0.6310936
0.664353,0.664353
-2.0199434,-2.0199434
6.3509153,6.3509153
-2.0002809,-2.0002809
0.7118686,0.7118686
0.7678504,0.7678504
9.0702492,9.0702492
15.2565172,-10.0
-0.3570945,-0.3570945
0.2796731,0.2796731
13.614022,-10.0
-0.451981,-0.451981
-1.7464946,-1.7464946
-0.6148859,-0.6148859
2.5414397,2.5414397
-1.8539542,-1.8539542
0.1026469,0.1026469
-2.9994175,-2.9994175
-1.3429622,-1.3429622
-0.0475156,-0.0475156
-2.731812,-2.731812
5.6390467,5.6390467
-2.7121495,-2.7121495
-0.7118686,-0.7118686
0.0559818,0.0559818
8.3583806,8.3583806
14.5446486,-10.0
-1.0689631,-1.0689631
0.2236913,0.2236913
13.5580402,-10.0
-0.5079628,-0.5079628
-1.8024764,-1.8024764
-0.6708677,-0.6708677
2.4854579,2.4854579
-1.909936,-1.909936
0.0466651,0.0466651
-3.0553993,-3.0553993
-1.398944,-1.398944
-0.1034974,-0.1034974
-2.7877938,-2.7877938
5.5830649,5.5830649
-2.7681313,-2.7681313
-0.7678504,-0.7678504
-0.0559818,-0.0559818
8.3023988,8.3023988
14.4886668,-10.0
-1.1249449,-1.1249449
-8.0787075,-8.0787075
5.2556414,5.2556414
-8.8103616,-8.8103616
-10.1048752,-10.0
-8.9732665,-8.9732665
-5.8169409,-5.8169409
-10.2123348,-10.0
-8.2557337,-8.2557337
-11.3577981,-10.0
-9.7013428,-9.7013428
-8.4058962,-8.4058962
-11.0901926,-10.0
-2.7193339,-2.7193339
-11.0705301,-10.0
-9.0702492,-9.0702492
-8.3583806,-8.3583806
-8.3023988,-8.3023988
6.186268,6.186268
-9.4273437,-9.4273437
-14.2649755,-10.0
-0.9306266,-0.9306266
-14.9966296,-10.0
-16.2911432,-10.0
-15.1595345,-10.0
-12.0032089,-10.0
-16.3986028,-10.0
-14.4420017,-10.0
-17.5440661,-10.0
-15.8876108,-10.0
-14.5921642,-10.0
-17.2764606,-10.0
-8.9056019,-8.9056019
-17.2567981,-10.0
-15.2565172,-10.0
-14.5446486,-10.0
-14.4886668,-10.0
-6.186268,-6.186268
-15.6136117,-10.0
1.3486362,1.3486362
14.6829851,-10.0
0.6169821,0.6169821
-0.6775315,-0.6775315
0.4540772,0.4540772
3.6104028,3.6104028
-0.7849911,-0.7849911
1.17161,1.17161
-1.9304544,-1.9304544
-0.2739991,-0.2739991
1.0214475,1.0214475
-1.6628489,-1.6628489
6.7080098,6.7080098
-1.6431864,-1.6431864
0.3570945,0.3570945
1.0689631,1.0689631
1.1249449,1.1249449
9.4273437,9.4273437
15.6136117,-10.0
19.1306802,-10.0
-2.1203802,-2.1203802
0.1134691,0.1134691
20.1107663,-10.0
1.2961962,1.2961962
6.0470029,6.0470029
14.9126507,-10.0
-1.7664226,-1.7664226
1.5256121,1.5256121
-1.0258459,-1.0258459
-1.2406545,-1.2406545
2.2089116,2.2089116
-0.7586906,-0.7586906
0.2096348,0.2096348
-0.8749205,-0.8749205
-0.5710414,-0.5710414
1.484663,1.484663
-1.3851851,-1.3851851
-0.4618456,-0.4618456
-19.1306802,-10.0
-21.2510604,-10.0
-19.0172111,-10.0
0.9800861,0.9800861
-17.834484,-10.0
-13.0836773,-10.0
-4.2180295,-4.2180295
-20.8971028,-10.0
-17.6050681,-10.0
-20.1565261,-10.0
-20.3713347,-10.0
-16.9217686,-10.0
-19.8893708,-10.0
-18.9210454,-10.0
-20.0056007,-10.0
-19.7017216,-10.0
-17.6460172,-10.0
-20.5158653,-10.0
-19.5925258,-10.0
2.1203802,2.1203802
21.2510604,-10.0
2.2338493,2.2338493
22.2311465,-10.0
3.4165764,3.4165764
8.1673831,8.1673831
17.0330309,-10.0
0.3539576,0.3539576
3.6459923,3.6459923
1.0945343,1.0945343
0.8797257,0.8797257
4.3292918,4.3292918
1.3616896,1.3616896
2.330015,2.330015
1.2454597,1.2454597
1.5493388,1.5493388
3.6050432,3.6050432
0.7351951,0.7351951
1.6585346,1.6585346
-0.1134691,-0.1134691
19.0172111,-10.0
-2.2338493,-2.2338493
19.9972972,-10.0
1.1827271,1.1827271
5.9335338,5.9335338
14.7991816,-10.0
-1.8798917,-1.8798917
1.412143,1.412143
-1.139315,-1.139315
-1.3541236,-1.3541236
2.0954425,2.0954425
-0.8721597,-0.8721597
0.0961657,0.0961657
-0.9883896,-0.9883896
-0.6845105,-0.6845105
1.3711939,1.3711939
-1.4986542,-1.4986542
-0.5753147,-0.5753147
-20.1107663,-10.0
-0.9800861,-0.9800861
-22.2311465,-10.0
-19.9972972,-10.0
-18.8145701,-10.0
-14.0637634,-10.0
-5.1981156,-5.1981156
-21.8771889,-10.0
-18.5851542,-10.0
-21.1366122,-10.0
-21.3514208,-10.0
-17.9018547,-10.0
-20.8694569,-10.0
-19.9011315,-10.0
-20.9856868,-10.0
-20.6818077,-10.0
-18.6261033,-10.0
-21.4959514,-10.0
-20.5726119,-10.0
-1.2961962,-1.2961962
17.834484,-10.0
-3.4165764,-3.4165764
-1.1827271,-1.1827271
18.8145701,-10.0
4.7508067,4.7508067
13.6164545,-10.0
-3.0626188,-3.0626188
0.2294159,0.2294159
-2.3220421,-2.3220421
-2.5368507,-2.5368507
0.9127154,0.9127154
-2.0548868,-2.0548868
-1.0865614,-1.0865614
-2.1711167,-2.1711167
-1.8672376,-1.8672376
0.1884668,0.1884668
-2.6813813,-2.6813813
-1.7580418,-1.7580418
-6.0470029,-6.0470029
13.0836773,-10.0
-8.1673831,-8.1673831
-5.9335338,-5.9335338
14.0637634,-10.0
-4.7508067,-4.7508067
8.8656478,8.8656478
-7.8134255,-7.8134255
-4.5213908,-4.5213908
-7.0728488,-7.0728488
-7.2876574,-7.2876574
-3.8380913,-3.8380913
-6.8056935,-6.8056935
-5.8373681,-5.8373681
-6.9219234,-6.9219234
-6.6180443,-6.6180443
-4.5623399,-4.5623399
-7.432188,-7.432188
-6.5088485,-6.5088485
-14.9126507,-10.0
4.2180295,4.2180295
-17.0330309,-10.0
-14.7991816,-10.0
5.1981156,5.1981156
-13.6164545,-10.0
-8.8656478,-8.8656478
-16.6790733,-10.0
-13.3870386,-10.0
-15.9384966,-10.0
-16.1533052,-10.0
-12.7037391,-10.0
-15.6713413,-10.0
-14.7030159,-10.0
-15.7875712,-10.0
-15.4836921,-10.0
-13.4279877,-10.0
-16.2978358,-10.0
-15.3744963,-10.0
1.7664226,1.7664226
20.8971028,-10.0
-0.3539576,-0.3539576
1.8798917,1.8798917
21.8771889,-10.0
3.0626188,3.0626188
7.8134255,7.8134255
16.6790733,-10.0
3.2920347,3.2920347
0.7405767,0.7405767
0.5257681,0.5257681
3.9753342,3.9753342
1.007732,1.007732
1.9760574,1.9760574
0.8915021,0.8915021
1.1953812,1.1953812
3.2510856,3.2510856
0.3812375,0.3812375
1.304577,1.304577
-1.5256121,-1.5256121
17.6050681,-10.0
-3.6459923,-3.6459923
-1.412143,-1.412143
18.5851542,-10.0
-0.2294159,-0.2294159
4.5213908,4.5213908
13.3870386,-10.0
-3.2920347,-3.2920347
-2.551458,-2.551458
-2.7662666,-2.7662666
0.6832995,0.6832995
-2.2843027,-2.2843027
-1.3159773,-1.3159773
-2.4005326,-2.4005326
-2.0966535,-2.0966535
-0.0409491,-0.0409491
-2.9107972,-2.9107972
-1.9874577,-1.9874577
1.0258459,1.0258459
20.1565261,-10.0
-1.0945343,-1.0945343
1.139315,1.139315
21.1366122,-10.0
2.3220421,2.3220421
7.0728488,7.0728488
15.9384966,-10.0
-0.7405767,-0.7405767
2.551458,2.551458
-0.2148086,-0.2148086
3.2347575,3.2347575
0.2671553,0.2671553
1.2354807,1.2354807
0.1509254,0.1509254
0.4548045,0.4548045
2.5105089,2.5105089
-0.3593392,-0.3593392
0.5640003,0.5640003
1.2406545,1.2406545
20.3713347,-10.0
-0.8797257,-0.8797257
1.3541236,1.3541236
21.3514208,-10.0
2.5368507,2.5368507
7.2876574,7.2876574
16.1533052,-10.0
-0.5257681,-0.5257681
2.7662666,2.7662666
0.2148086,0.2148086
3.4495661,3.4495661
0.4819639,0.4819639
1.4502893,1.4502893
0.365734,0.365734
0.6696131,0.6696131
2.7253175,2.7253175
-0.1445306,-0.1445306
0.7788089,0.7788089
-2.2089116,-2.2089116
16.9217686,-10.0
-4.3292918,-4.3292918
-2.0954425,-2.0954425
17.9018547,-10.0
-0.9127154,-0.9127154
3.8380913,3.8380913
12.7037391,-10.0
-3.9753342,-3.9753342
-0.6832995,-0.6832995
-3.2347575,-3.2347575
-3.4495661,-3.4495661
-2.9676022,-2.9676022
-1.9992768,-1.9992768
-3.0838321,-3.0838321
-2.779953,-2.779953
-0.7242486,-0.7242486
-3.5940967,-3.5940967
-2.6707572,-2.6707572
0.7586906,0.7586906
19.8893708,-10.0
-1.3616896,-1.3616896
0.8721597,0.8721597
20.8694569,-10.0
2.0548868,2.0548868
6.8056935,6.8056935
15.6713413,-10.0
-1.007732,-1.007732
2.2843027,2.2843027
-0.2671553,-0.2671553
-0.4819639,-0.4819639
2.9676022,2.9676022
0.9683254,0.9683254
-0.1162299,-0.1162299
0.1876492,0.1876492
2.2433536,2.2433536
-0.6264945,-0.6264945
0.296845,0.296845
-0.2096348,-0.2096348
18.9210454,-10.0
-2.330015,-2.330015
-0.0961657,-0.0961657
19.9011315,-10.0
1.0865614,1.0865614
5.8373681,5.8373681
14.7030159,-10.0
-1.9760574,-1.9760574
1.3159773,1.3159773
-1.2354807,-1.2354807
-1.4502893,-1.4502893
1.9992768,1.9992768
-0.9683254,-0.9683254
-1.0845553,-1.0845553
-0.7806762,-0.7806762
1.2750282,1.2750282
-1.5948199,-1.5948199
-0.6714804,-0.6714804
0.8749205,0.8749205
20.0056007,-10.0
-1.2454597,-1.2454597
0.9883896,0.9883896
20.9856868,-10.0
2.1711167,2.1711167
6.9219234,6.9219234
15.7875712,-10.0
-0.8915021,-0.8915021
2.4005326,2.4005326
-0.1509254,-0.1509254
-0.365734,-0.365734
3.0838321,3.0838321
0.1162299,0.1162299
1.0845553,1.0845553
0.3038791,0.3038791
2.3595835,2.3595835
-0.5102646,-0.5102646
0.4130749,0.4130749
0.5710414,0.5710414
19.7017216,-10.0
-1.5493388,-1.5493388
0.6845105,0.6845105
20.6818077,-10.0
1.8672376,1.8672376
6.6180443,6.6180443
15.4836921,-10.0
-1.1953812,-1.1953812
2.0966535,2.0966535
-0.4548045,-0.4548045
-0.6696131,-0.6696131
2.779953,2.779953
-0.1876492,-0.1876492
0.7806762,0.7806762
-0.3038791,-0.3038791
2.0557044,2.0557044
-0.8141437,-0.8141437
0.1091958,0.1091958
-1.484663,-1.484663
17.6460172,-10.0
-3.6050432,-3.6050432
-1.3711939,-1.3711939
18.6261033,-10.0
-0.1884668,-0.1884668
4.5623399,4.5623399
13.4279877,-10.0
-3.2510856,-3.2510856
0.0409491,0.0409491
-2.5105089,-2.5105089
-2.7253175,-2.7253175
0.7242486,0.7242486
-2.2433536,-2.2433536
-1.2750282,-1.2750282
-2.3595835,-2.3595835
-2.0557044,-2.0557044
-2.8698481,-2.8698481
-1.9465086,-1.9465086
1.3851851,1.3851851
20.5158653,-10.0
-0.7351951,-0.7351951
1.4986542,1.4986542
21.4959514,-10.0
2.6813813,2.6813813
7.432188,7.432188
16.2978358,-10.0
-0.3812375,-0.3812375
2.9107972,2.9107972
0.3593392,0.3593392
0.1445306,0.1445306
3.5940967,3.5940967
0.6264945,0.6264945
1.5948199,1.5948199
0.5102646,0.5102646
0.8141437,0.8141437
2.8698481,2.8698481
0.9233395,0.9233395
0.4618456,0.4618456
19.5925258,-10.0
-1.6585346,-1.6585346
0.5753147,0.5753147
20.5726119,-10.0
1.7580418,1.7580418
6.5088485,6.5088485
15.3744963,-10.0
-1.304577,-1.304577
1.9874577,1.9874577
-0.5640003,-0.5640003
-0.7788089,-0.7788089
2.6707572,2.6707572
-0.296845,-0.296845
0.6714804,0.6714804
-0.4130749,-0.4130749
-0.1091958,-0.1091958
1.9465086,1.9465086
-0.9233395,-0.9233395
0.890289,0.890289
-0.1945774,-0.1945774
-2.2342029,-2.2342029
-1.4502865,-1.4502865
1.05682,1.05682
-0.4182036,-0.4182036
-0.8735184,-0.8735184
-1.9373748,-1.9373748
-0.5210893,-0.5210893
-1.1969103,-1.1969103
18.0387394,-10.0
2.3899169,2.3899169
-1.0038168,-1.0038168
-0.1721788,-0.1721788
-0.3956571,-0.3956571
-1.140605,-1.140605
-0.3566091,-0.3566091
17.0917197,-10.0
-2.6624695,-2.6624695
-0.890289,-0.890289
-1.0848664,-1.0848664
-3.1244919,-3.1244919
-2.3405755,-2.3405755
0.166531,0.166531
-1.3084926,-1.3084926
-1.7638074,-1.7638074
-2.8276638,-2.8276638
-1.4113783,-1.4113783
-2.0871993,-2.0871993
17.1484504,-10.0
1.4996279,1.4996279
-1.8941058,-1.8941058
-1.0624678,-1.0624678
-1.2859461,-1.2859461
-2.030894,-2.030894
-1.2468981,-1.2468981
16.2014307,-10.0
-3.5527585,-3.5527585
0.1945774,0.1945774
1.0848664,1.0848664
-2.0396255,-2.0396255
-1.2557091,-1.2557091
1.2513974,1.2513974
-0.2236262,-0.2236262
-0.678941,-0.678941
-1.7427974,-1.7427974
-0.3265119,-0.3265119
-1.0023329,-1.0023329
18.2333168,-10.0
2.5844943,2.5844943
-0.8092394,-0.8092394
0.0223986,0.0223986
-0.2010797,-0.2010797
-0.9460276,-0.9460276
-0.1620317,-0.1620317
17.2862971,-10.0
-2.4678921,-2.4678921
2.2342029,2.2342029
3.1244919,3.1244919
2.0396255,2.0396255
0.7839164,0.7839164
3.2910229,3.2910229
1.8159993,1.8159993
1.3606845,1.3606845
0.2968281,0.2968281
1.7131136,1.7131136
1.0372926,1.0372926
20.2729423,-10.0
4.6241198,4.6241198
1.2303861,1.2303861
2.0620241,2.0620241
1.8385458,1.8385458
1.0935979,1.0935979
1.8775938,1.8775938
19.3259226,-10.0
-0.4282666,-0.4282666
1.4502865,1.4502865
2.3405755,2.3405755
1.2557091,1.2557091
-0.7839164,-0.7839164
2.5071065,2.5071065
1.0320829,1.0320829
0.5767681,0.5767681
-0.4870883,-0.4870883
0.9291972,0.9291972
0.2533762,0.2533762
19.4890259,-10.0
3.8402034,3.8402034
0.4464697,0.4464697
1.2781077,1.2781077
1.0546294,1.0546294
0.3096815,0.3096815
1.0936774,1.0936774
18.5420062,-10.0
-1.212183,-1.212183
-1.05682,-1.05682
-0.166531,-0.166531
-1.2513974,-1.2513974
-3.2910229,-3.2910229
-2.5071065,-2.5071065
-1.4750236,-1.4750236
-1.9303384,-1.9303384
-2.9941948,-2.9941948
-1.5779093,-1.5779093
-2.2537303,-2.2537303
16.9819194,-10.0
1.3330969,1.3330969
-2.0606368,-2.0606368
-1.2289988,-1.2289988
-1.4524771,-1.4524771
-2.197425,-2.197425
-1.4134291,-1.4134291
16.0348997,-10.0
-3.7192895,-3.7192895
0.4182036,0.4182036
1.3084926,1.3084926
0.2236262,0.2236262
-1.8159993,-1.8159993
-1.0320829,-1.0320829
1.4750236,1.4750236
-0.4553148,-0.4553148
-1.5191712,-1.5191712
-0.1028857,-0.1028857
-0.7787067,-0.7787067
18.456943,-10.0
2.8081205,2.8081205
-0.5856132,-0.5856132
0.2460248,0.2460248
0.0225465,0.0225465
-0.7224014,-0.7224014
0.0615945,0.0615945
17.5099233,-10.0
-2.2442659,-2.2442659
0.8735184,0.8735184
1.7638074,1.7638074
0.678941,0.678941
-1.3606845,-1.3606845
-0.5767681,-0.5767681
1.9303384,1.9303384
0.4553148,0.4553148
-1.0638564,-1.0638564
0.3524291,0.3524291
-0.3233919,-0.3233919
18.9122578,-10.0
3.2634353,3.2634353
-0.1302984,-0.1302984
0.7013396,0.7013396
0.4778613,0.4778613
-0.2670866,-0.2670866
0.5169093,0.5169093
17.9652381,-10.0
-1.7889511,-1.7889511
1.9373748,1.9373748
2.8276638,2.8276638
1.7427974,1.7427974
-0.2968281,-0.2968281
0.4870883,0.4870883
2.9941948,2.9941948
1.5191712,1.5191712
1.0638564,1.0638564
1.4162855,1.4162855
0.7404645,0.7404645
19.9761142,-10.0
4.3272917,4.3272917
0.933558,0.933558
1.765196,1.765196
1.5417177,1.5417177
0.7967698,0.7967698
1.5807657,1.5807657
19.0290945,-10.0
-0.7250947,-0.7250947
0.5210893,0.5210893
1.4113783,1.4113783
0.3265119,0.3265119
-1.7131136,-1.7131136
-0.9291972,-0.9291972
1.5779093,1.5779093
0.1028857,0.1028857
-0.3524291,-0.3524291
-1.4162855,-1.4162855
-0.675821,-0.675821
18.5598287,-10.0
2.9110062,2.9110062
-0.4827275,-0.4827275
0.3489105,0.3489105
0.1254322,0.1254322
-0.6195157,-0.6195157
0.1644802,0.1644802
17.612809,-10.0
-2.1413802,-2.1413802
1.1969103,1.1969103
2.0871993,2.0871993
1.0023329,1.0023329
-1.0372926,-1.0372926
-0.2533762,-0.2533762
2.2537303,2.2537303
0.7787067,0.7787067
0.3233919,0.3233919
-0.7404645,-0.7404645
0.675821,0.675821
19.2356497,-10.0
3.5868272,3.5868272
0.1930935,0.1930935
1.0247315,1.0247315
0.8012532,0.8012532
0.0563053,0.0563053
0.8403012,0.8403012
18.28863,-10.0
-1.4655592,-1.4655592
-18.0387394,-10.0
-17.1484504,-10.0
-18.2333168,-10.0
-20.2729423,-10.0
-19.4890259,-10.0
-16.9819194,-10.0
-18.456943,-10.0
-18.9122578,-10.0
-19.9761142,-10.0
-18.5598287,-10.0
-19.2356497,-10.0
-15.6488225,-10.0
-19.0425562,-10.0
-18.2109182,-10.0
-18.4343965,-10.0
-19.1793444,-10.0
-18.3953485,-10.0
-0.9470197,-0.9470197
-20.7012089,-10.0
-2.3899169,-2.3899169
-1.4996279,-1.4996279
-2.5844943,-2.5844943
-4.6241198,-4.6241198
-3.8402034,-3.8402034
-1.3330969,-1.3330969
-2.8081205,-2.8081205
-3.2634353,-3.2634353
-4.3272917,-4.3272917
-2.9110062,-2.9110062
-3.5868272,-3.5868272
15.6488225,-10.0
-3.3937337,-3.3937337
-2.5620957,-2.5620957
-2.785574,-2.785574
-3.5305219,-3.5305219
-2.746526,-2.746526
14.7018028,-10.0
-5.0523864,-5.0523864
1.0038168,1.0038168
1.8941058,1.8941058
0.8092394,0.8092394
-1.2303861,-1.2303861
-0.4464697,-0.4464697
2.0606368,2.0606368
0.5856132,0.5856132
0.1302984,0.1302984
-0.933558,-0.933558
0.4827275,0.4827275
-0.1930935,-0.1930935
19.0425562,-10.0
3.3937337,3.3937337
0.831638,0.831638
0.6081597,0.6081597
-0.1367882,-0.1367882
0.6472077,0.6472077
18.0955365,-10.0
-1.6586527,-1.6586527
0.1721788,0.1721788
1.0624678,1.0624678
-0.0223986,-0.0223986
-2.0620241,-2.0620241
-1.2781077,-1.2781077
1.2289988,1.2289988
-0.2460248,-0.2460248
-0.7013396,-0.7013396
-1.765196,-1.765196
-0.3489105,-0.3489105
-1.0247315,-1.0247315
18.2109182,-10.0
2.5620957,2.5620957
-0.831638,-0.831638
-0.2234783,-0.2234783
-0.9684262,-0.9684262
-0.1844303,-0.1844303
17.2638985,-10.0
-2.4902907,-2.4902907
0.3956571,0.3956571
1.2859461,1.2859461
0.2010797,0.2010797
-1.8385458,-1.8385458
-1.0546294,-1.0546294
1.4524771,1.4524771
-0.0225465,-0.0225465
-0.4778613,-0.4778613
-1.5417177,-1.5417177
-0.1254322,-0.1254322
-0.8012532,-0.8012532
18.4343965,-10.0
2.785574,2.785574
-0.6081597,-0.6081597
0.2234783,0.2234783
-0.7449479,-0.7449479
0.039048,0.039048
17.4873768,-10.0
-2.2668124,-2.2668124
1.140605,1.140605
2.030894,2.030894
0.9460276,0.9460276
-1.0935979,-1.0935979
-0.3096815,-0.3096815
2.197425,2.197425
0.7224014,0.7224014
0.2670866,0.2670866
-0.7967698,-0.7967698
0.6195157,0.6195157
-0.0563053,-0.0563053
19.1793444,-10.0
3.5305219,3.5305219
0.1367882,0.1367882
0.9684262,0.9684262
0.7449479,0.7449479
0.7839959,0.7839959
18.2323247,-10.0
-1.5218645,-1.5218645
0.3566091,0.3566091
1.2468981,1.2468981
0.1620317,0.1620317
-1.8775938,-1.8775938
-1.0936774,-1.0936774
1.4134291,1.4134291
-0.0615945,-0.0615945
-0.5169093,-0.5169093
-1.5807657,-1.5807657
-0.1644802,-0.1644802
-0.8403012,-0.8403012
18.3953485,-10.0
2.746526,2.746526
-0.6472077,-0.6472077
0.1844303,0.1844303
-0.039048,-0.039048
-0.7839959,-0.7839959
17.4483288,-10.0
-2.3058604,-2.3058604
-17.0917197,-10.0
-16.2014307,-10.0
-17.2862971,-10.0
-19.3259226,-10.0
-18.5420062,-10.0
-16.0348997,-10.0
-17.5099233,-10.0
-17.9652381,-10.0
-19.0290945,-10.0
-17.612809,-10.0
-18.28863,-10.0
0.9470197,0.9470197
-14.7018028,-10.0
-18.0955365,-10.0
-17.2638985,-10.0
-17.4873768,-10.0
-18.2323247,-10.0
-17.4483288,-10.0
-19.7541892,-10.0
2.6624695,2.6624695
3.5527585,3.5527585
2.4678921,2.4678921
0.4282666,0.4282666
1.212183,1.212183
3.7192895,3.7192895
2.2442659,2.2442659
1.7889511,1.7889511
0.7250947,0.7250947
2.1413802,2.1413802
1.4655592,1.4655592
20.7012089,-10.0
5.0523864,5.0523864
1.6586527,1.6586527
2.4902907,2.4902907
2.2668124,2.2668124
1.5218645,1.5218645
2.3058604,2.3058604
19.7541892,-10.0