0.0204343	0.0562532	0.000518601	0.0149525	0.000631172	0.00027064	0.0679273	0.0626314	0.00484839	0.000255477	0.000423104	0.00508	0.00803886	0.0125758	0.00584589	0.000996479	0.0277906	0.677646	0.0130377	0.0198424	
0.00415476	0.00243998	0.0374228	0.0342545	0.00667369	0.0221664	0.250461	0.00255674	0.127311	0.00119241	0.00360074	0.130449	0.000399794	0.0412251	0.0472313	0.143674	0.119047	0.00711401	0.000464156	0.0181626	
0.0132106	0.00441535	0.00281051	0.0043761	0.00425342	0.002961	0.0254188	0.0758369	0.0127183	0.001658	0.00224093	0.0498083	0.00259014	0.0352171	0.000396331	0.0183919	0.534735	0.198156	0.00866937	0.00213653	
0.0109582	0.00151108	0.000114028	0.00269569	0.00399271	7.15406e-05	0.000446846	0.354478	0.00367127	0.0594834	0.00428713	0.000694219	0.000413068	0.00161096	0.000145578	0.000642006	9.34853e-05	0.552864	0.000964893	0.000861505	
0.00850497	0.000347569	0.0152192	0.019956	0.164135	0.00651381	0.120081	0.0304517	0.110732	0.0336579	0.0010832	0.0544685	0.000313445	0.0403578	0.0677866	0.00907517	0.138422	0.0123229	0.012733	0.153839	
0.0317886	0.000168663	0.0949077	0.0251835	0.60992	0.0776903	0.00178899	0.0183696	0.0290865	0.0449022	0.0294143	0.00847092	0.000834183	0.0119765	0.00127731	0.000337184	0.0104872	0.000578171	0.00256805	0.000250174	
0.00957567	0.00275848	0.00416623	0.0835571	0.00020844	8.09329e-05	0.000158935	0.0877242	0.128113	0.0119847	0.0110036	0.0163672	3.50998e-05	0.0694854	0.0117334	0.117508	0.356573	0.0845372	5.94981e-05	0.00436955	
0.0100282	0.0234243	0.00250928	0.0291473	0.0386515	0.00257357	0.0102614	0.0381369	0.000432483	0.000508029	0.028248	0.0165607	0.000248827	0.638889	0.0131159	0.0389597	0.0746182	0.00965474	0.0110914	0.0129406	
0.117414	0.00229368	0.135035	0.259805	0.00142503	0.017101	0.00254899	0.0163222	0.0626971	0.00492262	0.00179749	0.0588892	0.0644972	0.0186653	0.00500645	0.110085	0.086065	0.0299654	0.000428577	0.0050346	
0.0779489	0.00485108	0.0311784	0.0398065	0.000801457	0.389978	0.0206969	0.000987781	0.12714	0.000890942	0.000996285	0.117365	0.00152898	0.0236365	0.0145727	0.130363	0.0131128	0.00292001	0.000399173	0.000826294	
0.117414	0.00229368	0.135035	0.259805	0.00142503	0.017101	0.00254899	0.0163222	0.0626971	0.00492262	0.00179749	0.0588892	0.0644972	0.0186653	0.00500645	0.110085	0.086065	0.0299654	0.000428577	0.0050346	
0.0111951	0.0576725	0.00296719	0.00162435	0.000271479	0.00050088	0.00516774	0.0232052	0.00604488	0.105801	0.000891386	0.0208337	0.000621207	0.00147417	0.00107839	0.000550932	0.133609	0.601637	0.00133287	0.023521	
0.00486874	0.00988981	0.000254152	0.20273	0.00376195	0.000887406	0.0818688	0.050152	0.141155	0.0118633	0.0219123	0.00682188	0.00170393	0.00957254	0.0311441	0.0249174	0.287862	0.0946215	0.000173259	0.0138402	
0.0060296	0.00670857	0.00025906	0.00176673	0.00409723	0.000114962	0.000971503	0.313391	0.00485377	0.0621104	0.00577864	0.000503584	0.00029902	0.000956615	0.000151698	0.000419425	0.000165465	0.58674	0.000924516	0.00375848	
0.0105599	0.0112521	0.118621	0.153625	0.0079041	0.00600421	0.0177637	0.00373463	0.0500567	0.00516601	0.0088763	0.136939	0.000693547	0.0287286	0.00677458	0.132434	0.272001	0.0192306	0.00172791	0.00790654	
0.0631387	0.000497726	0.000471367	0.00085097	0.00154853	0.653507	0.0338642	0.0384578	0.0457376	0.0138399	0.00332249	0.0202751	0.00181337	0.0320674	0.000270445	0.000671028	0.00361673	0.0568893	0.00078758	0.028373	
0.00866928	0.0135092	0.0802963	0.130446	0.03765	0.00474399	0.0171892	0.0347549	0.134538	0.0158715	0.00162898	0.0654445	0.00677488	0.0361856	0.0234186	0.157195	0.113998	0.0395425	0.000385684	0.077758	
0.00224291	0.00279151	0.000478858	0.00137329	0.0261014	0.000311613	0.000558355	0.558241	0.0014918	0.183799	0.000367817	0.000260062	0.000180065	0.00191388	0.000159512	0.000191605	0.00240244	0.175793	0.00337237	0.0379684	
0.0279338	0.00172608	0.00120563	0.010944	0.00461713	0.000544644	0.0295227	0.0322038	0.172402	0.172526	0.0111189	0.0375353	0.00449704	0.0101967	0.00675906	0.153558	0.293713	0.0189191	0.000218851	0.0098589	
0.00203165	0.00159793	0.00139621	0.000393109	0.0490523	0.66575	0.0386205	0.00724688	0.0174976	0.0820699	0.0132666	0.037729	0.00462918	0.0155673	0.000579385	0.00149811	0.0473582	0.00175882	0.000122739	0.0118347	
0.0345353	0.0330826	0.00719014	0.0186682	0.000304818	0.255266	0.00899675	0.00848178	0.0255367	0.569023	0.00830149	0.00538872	0.000119513	0.00036102	0.000106735	0.00137086	0.0180234	0.000985652	0.000643082	0.00361384	
0.111389	0.00146171	0.155894	0.102516	0.00430991	0.00756935	0.000786593	0.0118865	0.124222	0.00141828	0.00153715	0.0332266	0.112397	0.0229744	0.0070364	0.108665	0.177605	0.0118855	0.000291069	0.00292907	
0.0624285	0.00696859	0.0857692	0.114976	0.0353297	0.0102641	0.000459637	0.000273857	0.128967	0.00501533	0.000532166	0.205712	0.239767	0.0390504	0.0487372	0.0129899	0.000422658	0.00126668	0.000789838	0.000279549	
0.126461	0.000618194	0.0277448	0.00474618	0.0437755	0.581989	0.00300264	0.00995401	0.100174	0.0128298	0.0248898	0.00921163	0.000790525	0.0134207	0.0065616	0.00724675	0.0172201	0.000519233	0.000572193	0.00827207	
0.0163599	0.00251394	0.0373399	0.295696	0.0175859	0.000449355	0.00316323	0.000412863	0.154935	0.355114	0.000677192	0.0203587	0.0409361	0.0152763	0.0190378	0.00326523	0.00475407	0.00558964	0.000461236	0.00607443	
0.0602059	0.00126403	0.000379193	0.00427917	0.0257845	0.00219637	0.549298	0.0530904	0.00421169	0.00203573	0.0207165	0.000373293	0.000135964	0.00967611	0.120986	0.00459138	0.0463143	0.0854744	0.00602329	0.00296439	
0.00206229	0.00159294	0.0014001	0.000359715	0.0544235	0.65764	0.038316	0.00781339	0.0152805	0.0802907	0.0130888	0.0399914	0.00440188	0.0160939	0.000542978	0.00147349	0.0506843	0.00172224	0.000176965	0.0126448	
0.0295307	0.000146003	0.0781855	0.0231247	0.546146	0.071016	0.0164062	0.00720629	0.0250245	0.0192922	0.0101258	0.0331821	0.0570022	0.0263005	0.026665	0.000417978	0.0264332	0.00160902	0.00202743	0.000158886	
0.000422673	0.0676143	0.000438733	0.000502036	0.000765051	0.000168161	0.055984	0.473142	0.00410069	0.00628558	0.000234597	0.000477525	0.00231175	0.0105497	0.00264657	0.000426004	0.00159087	0.358293	0.00193376	0.0121126	
0.0880333	0.024382	0.000165145	0.0145333	0.00689424	0.128752	0.416882	0.0391384	0.013696	0.000322911	0.00931956	0.00019312	0.00011799	0.000135394	0.00018587	0.0362703	0.0919991	0.123361	0.0054884	0.000130773	
0.115589	0.0128552	0.0106676	0.494002	0.0151973	0.00378858	0.00111342	0.00304231	0.000572157	0.000728959	0.0119664	0.0150904	0.000326201	0.209668	0.00172986	0.0421743	0.014609	0.03295	0.00786525	0.00606429	
0.0926146	0.000121229	0.000241569	0.0287391	0.506403	0.0364429	0.00018114	0.000617745	0.0393681	0.0777998	0.00119486	0.000262157	0.000532878	0.00589125	0.00198789	0.00522472	0.0693524	0.000583357	0.00117189	0.13127	
0.00315293	0.0039225	0.000665448	0.0006704	0.0138662	0.669391	0.0511401	0.00821647	0.0210779	0.0866134	0.0122144	0.0287044	0.00552486	0.0174733	0.000288905	0.000670614	0.0661203	0.00339605	0.000156556	0.00673431	
0.00141995	0.0222513	0.531834	0.000208637	0.0868095	0.000239708	0.00021642	0.0156497	0.0162494	0.0755022	0.0212264	0.00836894	0.121715	0.0199975	0.0348379	0.0117841	0.0246874	0.000458173	0.00635134	0.000192558	
0.0340768	0.00380761	0.00107051	0.00519168	0.00736677	0.000285402	0.0160131	0.034165	0.136776	0.213107	0.0172836	0.0554336	0.00276071	0.00557363	0.0067557	0.114271	0.307989	0.0241362	0.000229117	0.0137079	
0.00297941	0.00117363	0.0304518	0.0353974	0.00472994	0.0611587	0.0547115	0.000855391	0.00156332	0.002957	0.00155936	0.00088294	0.000206342	0.0434953	0.000906635	0.134223	0.580193	0.0376595	0.00155232	0.00334384	
0.0112444	0.00720457	0.0213871	0.00093526	0.0239499	0.250607	0.00026521	0.000267129	0.0178249	0.10067	0.00840188	0.488986	0.0126356	0.0378434	0.00294146	0.00309485	0.000411389	0.00608521	0.00505794	0.000186309	
0.0167111	0.00207175	0.000267315	0.000800623	0.0444227	0.665066	0.036388	0.00787139	0.0154517	0.132781	0.0156407	0.0408075	0.000222302	0.0119059	9.60383e-05	0.00194471	0.00097787	0.000869535	0.000123501	0.0055799	
0.0681404	0.00388158	0.00244422	0.000933033	0.00448635	0.053616	0.019896	0.0655292	0.00484624	0.0781237	0.0959819	0.0104422	0.0024863	0.0636186	0.000240418	0.000495213	0.368844	0.136544	0.00605948	0.0133912	
0.0566672	0.000115922	0.269597	0.0268718	0.023041	0.000240774	0.0335218	0.000262459	0.0373684	0.0321982	0.0226333	0.000267797	0.00692707	0.0388145	6.97803e-05	0.385076	0.00601855	0.032973	0.0098215	0.0175148	
0.576194	0.00102374	0.000689679	0.00241225	0.00284246	0.000503812	0.0610643	0.000609414	0.00204306	0.0249131	0.0382555	0.000856982	0.000148239	0.0367915	0.000561337	0.0379287	0.200154	0.00360611	0.00579225	0.00360896	
0.0121766	0.0058825	0.000319609	0.00389828	0.00293235	0.64944	0.0356248	0.011953	0.0178766	0.194361	0.0155618	0.0293988	0.00166953	0.00828055	0.000143904	0.00105647	0.00644031	0.000946014	0.000148806	0.0018892	
0.205579	0.00299513	0.00486317	0.0996067	0.00126604	0.0224792	0.000469773	0.00402991	0.0132336	0.00717525	0.0181982	0.0365599	0.481557	0.000989763	0.00022548	0.0811298	0.0113869	0.0010363	0.00469308	0.00252587	
0.0308699	0.000134516	0.00183772	0.0192716	0.431388	0.125871	0.00158079	0.000224542	0.0169614	0.00166656	0.0118324	0.00166655	0.0333069	0.027531	0.15364	0.000206431	0.048161	0.00037966	0.00241072	0.0910586	
0.11276	0.0128654	0.0398901	0.0545448	0.309133	0.020696	0.0843818	0.00032562	0.0657082	0.0715464	0.000288341	0.0347827	0.00566344	0.0280982	0.000917611	0.0337399	0.0896738	0.00189974	0.00685462	0.0262308	
0.034694	0.00301682	0.00706833	0.00918097	0.00106459	0.520685	0.0248443	0.000437485	0.128031	0.00198848	0.000508504	0.143236	0.000879913	0.0233755	0.0176071	0.072839	0.00719558	0.00289778	0.000307959	0.000141917	
0.0124752	0.0213708	0.00251711	0.0117025	0.00158127	0.000254015	0.000772583	0.00164958	0.488497	0.0790387	0.06593	0.0261631	8.71741e-05	0.0386376	0.068715	0.0175033	0.0506093	0.109501	0.00196411	0.00103094	
0.0105599	0.0112521	0.118621	0.153625	0.0079041	0.00600421	0.0177637	0.00373463	0.0500567	0.00516601	0.0088763	0.136939	0.000693547	0.0287286	0.00677458	0.132434	0.272001	0.0192306	0.00172791	0.00790654	
0.0184158	0.00184507	0.0002543	0.000739743	0.0475194	0.658033	0.037528	0.00791162	0.0158771	0.12597	0.0162674	0.0445547	0.000196225	0.014681	9.12896e-05	0.00208546	0.000634037	0.00100997	0.000134917	0.00625109	
0.327354	0.00293159	0.0315858	0.00028206	0.00099562	0.375473	0.00692471	0.00397995	0.016164	0.000765356	0.0251104	0.00140671	0.085192	0.00186292	0.0042066	0.107491	0.00703115	0.000328075	0.000564539	0.000350417	
0.00071272	0.00311944	0.14236	0.0275018	0.0878496	0.000455007	0.000384322	0.00506833	0.00958049	0.00765562	0.0124436	0.0304365	0.600992	0.000554198	0.0265727	0.000265833	0.000432642	0.0171531	0.00162684	0.024835	
0.0105599	0.0112521	0.118621	0.153625	0.0079041	0.00600421	0.0177637	0.00373463	0.0500567	0.00516601	0.0088763	0.136939	0.000693547	0.0287286	0.00677458	0.132434	0.272001	0.0192306	0.00172791	0.00790654	
0.0875224	0.000659883	0.723978	0.00022596	0.00106881	8.11242e-05	0.00246887	0.0155679	0.0289223	0.000143202	0.0223737	0.00117047	4.33497e-05	0.03693	0.00935795	0.0673185	0.00110702	0.000176495	0.000202896	0.000681662	
0.117414	0.00229368	0.135035	0.259805	0.00142503	0.017101	0.00254899	0.0163222	0.0626971	0.00492262	0.00179749	0.0588892	0.0644972	0.0186653	0.00500645	0.110085	0.086065	0.0299654	0.000428577	0.0050346	
0.00622128	0.0347096	0.042781	0.22854	0.000810321	0.00135893	0.0151226	0.0619431	0.00120199	0.0102646	0.0129799	0.232068	0.00323561	0.00063541	0.00841993	0.00392062	0.031208	0.293012	0.0103769	0.00119037	
0.0407204	0.0033171	0.0562239	0.0102779	0.128413	0.000261032	0.00520572	0.000827291	0.00610351	0.00178227	0.000340209	0.00312836	0.000804057	0.00123086	0.664163	0.000209859	0.00209072	0.0419029	0.000132292	0.0328653	
0.181253	0.0388456	0.000910324	0.00062735	0.00107767	0.000273459	0.0207198	0.0815264	0.022257	0.0299692	0.00125078	0.0317922	0.0100683	0.00694492	0.0204233	0.00113355	0.00126333	0.51313	0.0121897	0.0243434	
0.0261575	0.018745	0.062815	0.0140798	0.00259779	0.217357	0.00408833	0.00324405	0.00289534	0.57885	0.0278852	0.0258512	0.000224856	0.00291352	0.000218284	0.00085582	0.00264626	0.000712547	0.000147596	0.00771472	
0.00100543	0.000856844	0.00218284	0.000674191	0.135475	0.647128	0.0187918	0.00401195	0.00457138	0.0316523	0.0220318	0.0511773	0.00862929	0.0214117	0.00699426	0.00103401	0.00773914	0.000969743	0.0008097	0.0328534	
0.00623346	0.00391601	0.00108207	0.0021701	0.0109653	0.000277776	0.00118416	0.452975	0.00143521	0.0510994	0.00161361	0.00064583	0.000430057	0.00223887	0.000161845	0.000576114	0.000280153	0.454657	0.00400639	0.00405245	
0.00486874	0.00988981	0.000254152	0.20273	0.00376195	0.000887406	0.0818688	0.050152	0.141155	0.0118633	0.0219123	0.00682188	0.00170393	0.00957254	0.0311441	0.0249174	0.287862	0.0946215	0.000173259	0.0138402	
0.616281	0.00665746	0.00044269	0.00202148	0.00675342	0.000167951	0.034806	0.000267207	0.00869644	0.00136423	0.000632482	0.00391101	0.000158012	0.0125468	0.00725347	0.0893543	0.149688	0.0454108	0.00488584	0.00870119	
0.0083144	0.000251455	0.189303	0.0175122	0.0333448	0.172909	0.00439804	0.0171504	0.149585	0.0347054	0.0223166	0.205079	0.0477759	0.0121917	0.000109186	0.018572	0.0628183	0.000263521	0.000198937	0.00320108	
0.154405	0.0124564	0.0771866	0.0993305	0.167197	0.0751737	0.0274431	0.000805992	0.0983464	0.0351999	0.00223067	0.0321372	0.0032618	0.0355689	0.00306628	0.127347	0.0269098	0.00313539	0.00521383	0.0135847	
0.017332	0.0392241	0.331935	0.060183	0.00972373	0.048079	0.00344252	0.000275381	0.00027541	0.0141268	0.0265579	0.190904	0.00131113	0.127795	0.00762214	0.0823404	0.0231458	0.00109375	0.00803217	0.00660011	
0.0344122	0.00381155	0.00506847	0.00804053	0.00143759	0.592841	0.0231426	0.000639599	0.102698	0.0021538	0.00443835	0.112925	0.000951052	0.0180797	0.0163004	0.0630497	0.00542607	0.00348865	0.000323721	0.000772128	
0.0136584	0.0180294	0.00640176	0.0348271	0.000844774	0.0003113	0.00385405	0.0679537	0.00580572	0.115488	0.00770031	0.0585039	0.0158413	0.00120131	0.0574762	0.010861	0.0297386	0.525452	0.00447436	0.0215768	
0.45723	0.00759469	0.000732302	0.000458057	0.00132568	0.00962636	0.0606305	0.0864297	0.00490074	0.00039937	0.000925504	0.0101962	0.00017411	0.0337204	0.0144269	0.0252414	0.198205	0.0770569	0.00243357	0.00829303	
0.00940378	0.0182037	0.0719483	0.117298	0.0447407	0.00376439	0.0186588	0.0429277	0.156566	0.01927	0.000233125	0.0583707	0.00851679	0.0384189	0.0243926	0.153431	0.0961339	0.0408262	0.00024761	0.0766482	
0.0149698	0.022744	0.000382536	0.0262961	0.12984	0.107325	0.0133895	0.261403	0.00354722	0.0241804	0.000355472	0.00127493	0.000356253	0.00387486	0.00503258	0.000333239	0.0585034	0.322127	0.000555443	0.00350909	
0.0237752	0.0123432	0.115159	0.13962	0.0448113	0.00762331	0.0185572	0.00301254	0.0555152	0.0127392	0.00744759	0.137227	0.00107338	0.0297021	0.00414151	0.116094	0.248066	0.0162787	0.00211156	0.00470169	
0.0244446	0.00208977	0.00495708	0.00605669	0.172546	0.00422837	0.00106604	0.475657	0.0154753	0.129363	0.0593911	0.00281155	0.000166798	0.000395996	0.000155688	0.000503629	0.00602576	0.0688934	0.0013669	0.0244048	
0.00957567	0.00275848	0.00416623	0.0835571	0.00020844	8.09329e-05	0.000158935	0.0877242	0.128113	0.0119847	0.0110036	0.0163672	3.50998e-05	0.0694854	0.0117334	0.117508	0.356573	0.0845372	5.94981e-05	0.00436955	
0.0447813	0.0073791	0.706986	0.000137254	0.0458774	0.000113608	0.000341783	0.0142099	0.0283393	0.0286267	0.0203627	0.000685217	0.00237057	0.0291552	0.0321013	0.0333508	0.0027446	0.000202942	0.00202718	0.000207216	
0.0502913	0.0183227	0.0323951	0.000570133	0.0187058	0.00457626	0.0145614	0.0114605	0.240613	0.00607344	0.000471345	0.133558	0.0232956	0.00311004	0.0532097	0.30234	0.0398956	0.00340246	0.0228101	0.0203385	
0.0067265	0.000730741	0.00849047	0.0230517	0.0331624	0.0429214	0.0488404	0.0616391	0.0238388	0.1436	0.100122	0.00980693	0.000150196	0.323492	0.000129371	0.00487487	0.000564535	0.127296	0.000922609	0.0396395	
0.00357473	0.0729876	0.00368563	0.00515142	0.000460146	0.00110196	0.0076804	0.61783	0.00209131	0.0680108	0.0838411	0.000638999	0.00132746	0.0041666	0.000556316	0.000713197	0.000857491	0.102998	0.00761182	0.0147157	
0.00755919	0.00189061	0.0155004	0.0136085	0.011052	0.000475115	0.00692711	0.000910777	0.224975	0.000297834	0.000369125	0.000525975	0.19318	0.101861	0.00640124	0.32198	0.0850375	0.00527317	0.000924698	0.00124966	
0.0360767	0.0332792	0.0219907	0.0194041	0.000621539	0.219831	0.00656497	0.00803889	0.0284529	0.571491	0.00368324	0.0095372	0.000182744	0.000578244	0.000199622	0.000961257	0.029943	0.00146849	0.000206396	0.00748938	
0.00940378	0.0182037	0.0719483	0.117298	0.0447407	0.00376439	0.0186588	0.0429277	0.156566	0.01927	0.000233125	0.0583707	0.00851679	0.0384189	0.0243926	0.153431	0.0961339	0.0408262	0.00024761	0.0766482	
0.0876199	0.000780899	0.0455042	0.122386	0.0163236	0.00246017	0.000558293	0.0220803	0.0904407	0.0010546	0.0162326	0.0109647	0.415485	0.0368356	0.00103487	0.0400133	0.031282	0.0408459	0.0111411	0.00695594	
0.000299529	0.0239772	0.0167625	0.0714391	0.0321599	0.000190437	0.332864	0.0114351	0.00243762	0.101239	0.0205373	0.15115	0.000108659	0.0554227	0.0719762	0.00573203	0.0414903	0.000322274	0.000360985	0.0600946	
0.0119898	0.00727968	0.00266065	0.0476657	0.0180434	0.0170822	0.00426153	0.000505698	0.00175257	0.0396212	0.0235369	0.0526951	0.00435864	0.0496902	0.000112029	0.6318	0.0563114	0.0215407	0.00743222	0.00166031	
0.00134167	0.0735978	0.00131644	0.00306114	0.000294702	0.00043483	0.0506991	0.560783	0.00365806	0.00466374	0.000145102	0.000380407	0.0032266	0.0131528	0.00345128	0.000263139	0.000403583	0.259026	0.00447075	0.0156301	
0.00588743	0.00437018	0.000821514	0.00348211	0.0188497	0.000508478	0.000690621	0.559167	0.00164878	0.198262	0.001771	0.000222322	0.000168715	0.00188113	0.000273907	0.000158937	0.00346728	0.14819	0.0022421	0.0479372	
0.0412564	0.00371408	0.0577652	0.0116208	0.122461	0.000218568	0.00845313	0.00078121	0.00549945	0.00178154	0.000342527	0.00398294	0.000732185	0.00121387	0.662179	0.000193475	0.00227157	0.0429807	0.000132871	0.032419	
0.262727	0.0198462	0.000729007	0.00118313	0.000964183	0.0205549	0.0793402	0.00161129	0.0100842	0.00412679	0.00968201	0.00191825	0.000195237	0.0438761	0.00133558	0.218915	0.320097	0.000542912	0.0014145	0.000856247	
0.011279	0.00688913	0.000658758	0.00157903	0.0279547	0.000366121	0.00451234	0.0999754	0.0088897	0.285885	0.123998	0.0010782	0.00117357	0.0054642	0.00112561	0.000875718	0.00107368	0.40603	0.00317274	0.00801911	
0.00152314	0.031422	0.000496716	0.00151271	0.000542225	0.00233828	0.0925868	0.0229438	0.0268298	0.000338771	0.000763107	0.0180648	0.0136411	0.0305171	0.047045	0.0206472	0.0562914	0.600078	0.0130068	0.0194116	
0.00440838	0.00723894	0.000339015	0.0013519	0.00419448	0.000130027	0.00131602	0.310962	0.00428311	0.0537078	0.00438297	0.000913498	0.000247924	0.000824573	0.000144671	0.000418364	0.000985685	0.598693	0.000918125	0.0045395	
0.551131	0.00154927	0.00978007	0.228245	0.00925906	0.00271507	0.0454757	0.0110944	0.00203606	0.00248563	0.00954851	0.00287787	0.00013189	0.0128913	0.000607807	0.0230102	0.0528444	0.0171197	0.00648968	0.0107074	
0.00470881	0.000371366	0.35531	0.000352271	0.0135275	0.212054	0.00331293	0.00176966	0.041894	0.218424	0.00305059	0.0943755	0.00184151	0.0220626	0.00856251	0.0107541	0.00125524	0.00171015	7.55746e-05	0.00458674	
0.0394484	0.000414232	0.00104332	0.22379	0.0212159	0.000134746	0.000184847	0.0391897	0.0367721	0.000181027	0.0341184	0.00135581	0.222579	0.096168	0.0742262	0.00727095	0.15484	0.0239187	0.000196869	0.0229531	
0.033424	0.0113373	0.0818701	0.016896	0.00694076	0.140913	0.000722959	0.00104782	0.016829	0.569516	0.0147583	0.0504465	0.000210404	0.00576343	0.000290922	0.00222414	0.0346323	0.00111393	0.00118414	0.00987878	
0.0457119	0.00204292	0.0350662	0.00413253	0.00271259	0.00042715	0.000417213	0.00959817	0.436267	0.141265	0.0120662	0.0104287	9.91316e-05	0.0458221	0.177106	0.00818766	0.0183757	0.0390794	0.000700766	0.010493	
0.00148855	0.000411635	0.00841339	0.000898206	0.0392469	0.571616	0.0179507	0.0144917	0.0263423	0.080429	0.0176185	0.138674	0.0121804	0.0298228	0.000827805	0.00822386	0.0163516	0.000682089	0.000462211	0.013868	
0.00109432	0.00729027	0.112265	0.0162201	0.0171421	0.394752	0.00317165	0.00756628	0.067808	0.0333072	0.0269352	0.0297687	0.0150259	0.0113616	0.00334442	0.00453803	0.231463	0.003836	0.00101441	0.0120957	
0.00948028	0.00492092	0.0337453	0.00361663	0.0169678	0.00284044	0.458622	0.00157933	0.0545143	0.000281718	0.00450973	0.271029	0.000193247	0.00488946	0.0131627	0.0628516	0.0383802	0.00852019	0.00801803	0.00187719	
0.0433575	0.00945446	0.0805468	0.489222	0.00886441	0.000127312	0.00138284	0.00225089	0.0461951	0.161316	0.00399043	0.0297121	0.0535909	0.0116351	0.0164729	0.0125194	0.00948338	0.00544064	0.00594681	0.00849057	
0.033435	0.00872421	0.0661227	0.0136595	0.0113425	0.0650961	0.00321952	0.000604853	0.00988384	0.566673	0.0234333	0.0686426	0.00119847	0.0841793	0.00103605	0.000608975	0.0251371	0.007192	0.000226851	0.00958363	
0.0628007	0.000864338	0.175605	0.00594957	0.000355132	0.122776	0.000372487	0.000420815	0.0818994	0.35941	0.000435146	0.131862	0.00517405	0.0135481	0.0123833	0.0153969	0.00297061	0.000892991	0.000243372	0.00664106	
0.00962998	0.00268646	0.00433372	0.0830095	0.000211932	9.55448e-05	0.00069843	0.08783	0.129118	0.0122294	0.0106545	0.0160316	4.79281e-05	0.0680295	0.0116108	0.116853	0.359347	0.0832085	5.89411e-05	0.00431536	
0.000496301	0.027177	0.0290995	0.0256753	0.0627986	0.156465	0.0464987	0.000487726	0.00128676	0.0520657	0.00166936	0.000775751	0.000174438	0.0443029	0.000840326	0.000240262	0.488089	0.0288024	0.00688164	0.0261739	
0.00105567	0.00222715	0.00106255	0.000453703	0.0359929	0.651281	0.0549736	0.00900842	0.0210932	0.027897	0.0161261	0.0338598	0.00868452	0.0243956	0.000469651	0.000852342	0.091921	0.00612249	0.00024828	0.012275	
0.0948112	0.00817256	0.000439084	0.0294733	0.0917329	0.120307	0.0648319	0.00260134	0.000397771	0.0145142	0.0222052	0.506638	0.000768921	0.0010059	0.000765088	0.0129738	0.00151983	0.0162319	0.0102855	0.000324393	
0.149004	0.000287595	0.00914581	0.0116945	0.0268739	0.000529032	0.0140963	0.000214644	0.0022176	0.0182606	0.00585831	0.00392201	0.000747089	0.0274554	0.0328692	0.627171	0.000697437	0.0304075	0.000995132	0.0375532	
0.325164	0.00312442	0.0310515	0.000294924	0.000807853	0.376651	0.00617105	0.00423952	0.0157884	0.000360248	0.0235514	0.0016484	0.0867468	0.00162762	0.00433331	0.110009	0.00717647	0.000344077	0.000602356	0.000307159	
0.0151505	0.0302679	0.00210852	0.00120796	0.000655144	0.000644123	0.000609387	0.064475	0.0196798	0.536643	0.000716583	0.00408129	0.105512	0.0134344	0.000449626	0.00948466	0.00214915	0.160525	0.00307597	0.0291299	
0.5278	0.00365497	0.000642853	0.000847106	0.0729548	0.106894	0.0319412	0.0195706	0.0187925	0.0353184	0.01911	0.0476081	0.0002236	0.0371874	0.0215041	0.00820733	0.0106953	0.00475071	0.00205669	0.030241	
0.0203527	0.3763	0.0248134	0.0181904	0.000125974	0.000161169	0.0388599	0.17276	0.0167762	0.0650604	0.0149974	0.0147026	0.00568843	0.0115655	0.000167221	0.000120667	0.0371799	0.181943	9.64781e-05	0.000138452	
0.0124229	0.00184883	0.00114908	0.000630621	0.0370656	0.655218	0.0335591	0.00907455	0.0169665	0.131971	0.0173059	0.0586433	0.000203727	0.0116872	0.000182824	0.00361372	0.000786042	0.000644266	0.000116134	0.00690999	
0.00369583	0.0441641	0.000490696	0.00414107	0.000265342	0.000520006	0.0896875	0.139827	0.0021381	0.000612949	0.000347639	0.000510814	0.00158533	0.02518	0.00176417	0.00193242	0.0129459	0.645329	0.0104385	0.0144238	
0.0130109	0.0351394	0.00702837	0.0308172	0.000379853	0.0053527	0.014455	0.719614	0.00479584	0.0149955	0.000416991	0.000568925	0.00155084	0.00506549	0.0121283	0.000519837	0.000638784	0.0910887	0.0161499	0.0262838	
0.0325716	0.00122788	0.000235956	0.000621272	0.0456872	0.671647	0.0439635	0.011825	0.0249512	0.0699261	0.0141182	0.0334547	0.000283858	0.0245062	0.000105795	0.00119296	0.000790419	0.0100972	0.000297715	0.0124963	
0.0040251	0.00209447	0.000584165	0.0023884	0.0223404	0.000550251	0.000636689	0.549521	0.00191188	0.209545	0.000410016	0.000224605	0.000205664	0.001812	0.000200627	0.000139252	0.00285877	0.146865	0.00175162	0.0519346	
