0.0644795	0.0616589	0.000214008	0.0104387	0.00111363	0.000138101	0.0345998	0.0578916	0.000595519	0.000340704	0.00133425	0.00144798	0.0079174	0.000936338	0.000436698	0.000128222	0.050019	0.676416	0.0108765	0.0190167	
0.00798867	0.00501115	0.0315393	0.0440926	0.00896724	0.0152639	0.0288653	0.00277425	0.347994	0.00143651	0.00124343	0.0709858	0.002947	0.056516	0.0274048	0.18659	0.0843202	0.0307695	0.0007495	0.0445406	
0.0102334	0.00442272	0.000375186	0.000984609	0.0056842	0.00015335	0.0189905	0.081574	0.00287558	0.000207295	0.00186518	0.0712532	0.000335354	0.0469849	0.0244222	0.0237957	0.429449	0.256978	0.0155016	0.00391423	
0.00624178	0.0592186	0.000286885	0.000711812	0.00097993	0.000177813	0.000443351	0.483891	0.00173966	0.104467	0.0155201	0.000636127	0.000143848	0.00209806	0.000141697	0.000206057	0.000330914	0.315513	0.00245861	0.00479355	
0.00857947	0.0172314	0.0432222	0.0438839	0.139624	0.00557819	0.110524	0.0451587	0.0235951	0.030418	0.00630806	0.0344533	0.00416986	0.0324614	0.0247346	0.0996894	0.12594	0.0315612	0.0201361	0.152731	
0.0349484	0.000233089	0.0236735	0.0293861	0.670749	0.145608	0.000268182	0.0261794	0.0215136	0.0315206	0.00311503	0.00363956	0.000146792	0.00337374	0.000259025	0.000270821	0.00315654	0.00110231	0.000701229	0.00015593	
0.014791	0.00151816	0.0130531	0.0814506	0.00619645	0.00472687	0.000553818	0.0383445	0.0855142	0.0172338	0.00571804	0.0166338	0.00134496	0.0553714	0.0142729	0.229582	0.262104	0.119912	0.000166884	0.0315118	
0.0158842	0.0170436	0.0986712	0.0276134	0.0155823	0.0163251	0.00409322	0.0134558	0.000280571	0.000328724	0.0250943	0.0189746	0.000128669	0.541655	0.00190375	0.0846874	0.100681	0.00825561	0.00581365	0.00352706	
0.149057	0.0141952	0.0918801	0.344201	0.000130177	0.0515464	0.0002901	0.0075017	0.033562	0.00554424	0.000124682	0.0339681	0.0389133	0.0556002	0.00200613	0.106664	0.041868	0.014582	0.000126103	0.00823947	
0.0632256	0.0207717	0.0654627	0.053217	0.00150013	0.0481649	0.0607419	0.0034903	0.174372	0.00937799	0.00030059	0.0927663	0.0230013	0.0388369	0.0236561	0.219918	0.0652328	0.0268862	0.00244012	0.00663742	
0.0836311	0.0392148	0.123475	0.220255	0.000389711	0.0280512	0.006341	0.0179124	0.0583988	0.0186459	0.000898467	0.00904332	0.154138	0.0276453	0.0152071	0.11826	0.0309229	0.0444607	1.01254e-05	0.00309983	
0.0119201	0.0567536	0.00136038	0.000883325	0.000259372	0.000329261	0.0164476	0.0122336	0.0266752	0.064575	0.000834124	0.0319169	0.00191764	0.0082983	0.00294921	0.00216312	0.212758	0.523876	0.00253733	0.0213115	
0.00549733	0.00105528	0.000839461	0.0582534	0.000829079	0.000341381	0.129621	0.0693887	0.193299	0.0227936	0.00480653	0.00125956	0.000264619	0.0195105	0.014692	0.0424097	0.355922	0.0735635	0.00356039	0.00209241	
0.00036667	0.00276954	0.00019061	0.000367867	0.00819957	8.80773e-05	0.00086458	0.361764	0.00730024	0.0309717	0.00468864	0.00590131	0.000234305	0.000807588	0.000145627	0.00032334	0.000400635	0.569913	0.00316518	0.0015374	
0.014791	0.00151816	0.0130531	0.0814506	0.00619645	0.00472687	0.000553818	0.0383445	0.0855142	0.0172338	0.00571804	0.0166338	0.00134496	0.0553714	0.0142729	0.229582	0.262104	0.119912	0.000166884	0.0315118	
0.0523956	0.000292085	0.000532703	0.000810041	0.00356004	0.524936	0.036423	0.00451728	0.033148	0.0127037	0.0118154	0.141353	0.00212851	0.0220532	0.00015317	0.00061394	0.0170322	0.0803986	0.0399239	0.0152103	
0.00222378	0.0024414	0.0271055	0.0527503	0.0103064	0.0109277	0.019585	0.00768412	0.316356	0.00256554	0.00214564	0.0610001	6.78722e-05	0.0588335	0.0255361	0.193692	0.106562	0.0488151	0.00045172	0.0509502	
0.00070801	0.0024064	0.0011015	0.000501168	0.0228253	0.00025601	0.0016798	0.472882	0.00114732	0.297458	0.00702741	0.0014956	0.000374853	0.00182488	0.000290601	0.000279182	0.000790277	0.177541	0.0068622	0.00254774	
0.0322666	0.00834797	0.0862758	0.0714951	0.00322379	0.0169068	0.0287943	0.0149049	0.110444	0.0111347	0.00697535	0.0904351	0.00992157	0.0388542	0.013766	0.210317	0.193277	0.0412177	0.000773473	0.0106694	
0.00123799	0.000234044	0.00437304	0.000119904	0.0637404	0.711764	0.00779009	0.0103493	0.0150185	0.0315727	0.0134629	0.094022	0.00495378	0.0155297	0.000370913	0.00108952	0.0195833	0.000538042	8.39289e-05	0.00416632	
0.00955424	0.00580504	0.00221272	0.0372941	0.00579361	0.0216033	0.0171303	0.00958702	0.00775637	0.583364	0.0240065	0.22895	0.000219661	0.000373444	0.000225708	0.0318692	0.0052528	0.00605768	0.00224812	0.000696275	
0.144853	0.000344154	0.186279	0.0167233	0.00156085	0.0152216	0.000879684	0.00710179	0.115593	0.00093775	0.00159452	0.0299532	0.0848219	0.0560968	0.0039654	0.0927502	0.235882	0.000823513	0.00409271	0.000525278	
0.0781157	0.000581501	0.0841084	0.108904	0.0200973	0.0145151	0.000500483	0.000138005	0.113185	0.000843691	0.000396042	0.141044	0.360527	0.0256549	0.0450988	0.00485185	0.000482645	0.000318394	0.000240301	0.000395388	
0.065922	0.000534828	0.00034068	0.000490963	0.0145982	0.710856	0.0438782	0.00190856	0.0242254	0.0291143	0.0321109	0.00490971	0.000382952	0.0335436	0.00121245	0.0125275	0.0113621	0.000970019	0.00081372	0.010298	
0.00758223	0.00521859	0.0691959	0.090975	0.0112104	0.0224803	0.011705	0.000655323	0.361634	0.30926	0.000537213	0.0200876	0.042139	0.0317037	0.00525967	0.000577922	0.00438208	0.00142907	0.000198009	0.00376917	
0.0480879	0.000844866	0.000388703	0.0120452	0.0146543	0.000442574	0.564822	0.0405831	0.00730875	0.000272257	0.00667203	0.000492437	0.000179717	0.00561981	0.0963325	0.00254937	0.0189037	0.17863	0.00092959	0.000241157	
0.00515514	0.000685359	0.00229123	0.000213638	0.0819754	0.691604	0.0172908	0.00725353	0.0153282	0.0359595	0.0151196	0.0774554	0.00196516	0.0169155	0.000405544	0.00084841	0.0180879	0.000436355	9.24931e-05	0.0109165	
0.0241145	0.000131629	0.0209805	0.0556045	0.660161	0.130653	0.002106	0.0166106	0.0190968	0.0221961	0.015298	0.00307529	0.0053248	0.0149404	0.00272407	0.000219148	0.00244961	0.00259585	0.0015753	0.000143137	
0.000352463	0.0026528	0.000191139	0.000350411	0.00831336	8.70057e-05	0.00087272	0.360644	0.00697759	0.0307703	0.00454381	0.00603286	0.000235406	0.000792567	0.000147004	0.000317775	0.000401825	0.572372	0.00315403	0.000791388	
0.167428	0.0181586	0.000216872	0.012153	0.00746968	0.0952973	0.422756	0.0199686	0.0126982	0.000291393	0.01024	0.000232209	0.000153519	0.000154324	0.000212553	0.0694456	0.0900771	0.0688799	0.00408524	8.1988e-05	
0.179084	0.000851246	0.00569533	0.406962	0.00182422	0.0101269	0.0010312	0.00103029	0.000862352	0.000321482	0.00265378	0.00478416	0.00835711	0.22136	0.000237316	0.0747689	0.0471595	0.0299645	0.00107889	0.0018466	
0.173019	0.00883009	0.0407482	0.000260684	0.00615586	0.000767481	0.0179149	0.000440063	0.272058	0.136084	0.0367447	0.000289885	0.000719705	0.000408657	0.0950964	0.0504329	0.0260599	0.00275832	0.00101962	0.130191	
0.00132665	0.000273116	0.00367741	0.000131926	0.0797395	0.708105	0.00941594	0.00885129	0.0161985	0.0304305	0.011276	0.075437	0.00412786	0.0159734	0.000373578	0.00095251	0.0268437	0.000548899	7.26199e-05	0.00624495	
0.000549292	0.021362	0.56675	0.000201147	0.0221397	0.000234654	0.000152976	0.0034915	0.00326571	0.0478669	0.0198372	0.0308441	0.230844	0.0164832	0.0205685	0.00528939	0.00497029	0.000341181	0.00463638	0.000172469	
0.0356372	0.00385121	0.000820606	0.000144912	0.000686627	9.26219e-05	0.00812949	0.0255102	0.00102522	0.089898	0.024645	0.435066	9.09387e-05	0.0144945	0.00777055	0.0214997	0.265258	0.0251035	0.000708082	0.0395684	
0.00705092	0.0015872	0.0310304	0.0407783	0.00988072	0.00429714	0.0461874	0.000557939	0.00100115	0.00618007	0.00186384	0.00120698	0.000166702	0.0993137	0.000547476	0.111216	0.597672	0.0318584	0.00222643	0.00537725	
0.0263933	0.0111409	0.0321843	0.00150959	0.0178342	0.347986	0.000184856	0.000238352	0.00956083	0.0820016	0.0199141	0.419781	0.00715131	0.00919041	0.00279812	0.00247356	0.000600334	0.00172245	0.00721598	0.000117917	
0.023018	0.00282528	0.000734492	0.000155308	0.0695063	0.690786	0.034727	0.00591517	0.0188757	0.0469738	0.0226643	0.0462721	0.000485016	0.0181779	0.00013834	0.00220878	0.00168849	0.000347217	0.000111315	0.0143894	
0.057409	0.0194219	0.00779381	0.0025902	0.0014118	0.152879	0.00947992	0.10093	0.000477192	0.0320053	0.108278	0.0186408	0.000238925	0.0317545	0.000420307	0.000273169	0.395379	0.0467071	0.00591828	0.00799154	
0.0291889	0.000492397	0.022002	0.0211821	0.000497973	0.00416431	0.0536561	0.00451732	0.0074723	0.00215229	0.0147484	0.0138444	0.000167879	0.0721388	0.00479269	0.710423	0.0308711	0.00621795	0.00113401	0.000335957	
0.594488	0.00730076	0.00139569	0.00119763	0.00804335	0.000605146	0.0482996	0.00153715	0.00282598	0.0174577	0.00297932	0.00289697	0.000147776	0.0424901	0.00194697	0.0128679	0.235682	0.000686536	0.0108466	0.00630426	
0.0145035	0.0188838	0.00105759	0.000547891	0.0253232	0.5852	0.035802	0.019909	0.0365434	0.0829204	0.0323515	0.0735745	0.00730362	0.0295896	0.000148144	0.00094855	0.0228834	0.000447401	0.000263399	0.0117991	
0.22973	0.00176969	0.0261948	0.121523	0.00178652	0.0265609	0.000673689	0.00944777	0.0228863	0.0250028	0.0157031	0.0337718	0.350068	0.000844935	0.000273069	0.122799	0.00621885	0.00128597	0.00154583	0.00191404	
0.0361201	0.000181461	0.00185216	0.0208788	0.459805	0.167352	0.000878042	0.000208686	0.0359293	0.00404823	0.0128168	0.00167337	0.0157049	0.0395115	0.013438	0.000335502	0.0786426	0.000369817	0.00297098	0.107283	
0.0727473	0.00126546	0.0267042	0.0569297	0.125853	8.60388e-05	0.338896	0.00056764	0.0273171	0.0485143	0.000636732	0.0366979	0.010684	0.0342959	0.000147586	0.0196964	0.115815	0.010505	0.00644053	0.0661996	
0.00492646	0.000644705	0.0264856	0.00482454	0.0193744	0.461875	0.0157672	0.00134154	0.100525	0.0812963	0.00322781	0.155566	0.0010117	0.00803722	0.0178393	0.077372	0.016689	0.000668708	0.000578135	0.00194919	
0.0104578	0.00395869	0.00191889	0.00674131	0.00259586	0.000545704	0.000287081	0.000143266	0.621056	0.0263556	0.0638039	0.0360746	0.000166274	0.0792199	0.0546507	0.00450711	0.0213264	0.0627229	0.00279028	0.000677822	
0.0220113	0.0116977	0.171415	0.0869731	0.0316697	0.00906209	0.0377693	0.0118029	0.0323393	0.0133835	0.0111199	0.128188	0.00442255	0.0253675	0.00987789	0.143663	0.198146	0.0156249	0.00469722	0.0307693	
0.0410466	0.000654238	0.00024245	0.000278503	0.0522164	0.723439	0.0432093	0.00164324	0.0199725	0.0327884	0.0257214	0.00831897	0.000220211	0.0253151	0.00034196	0.00514602	0.00339639	0.000518181	0.000211271	0.0153202	
0.396392	0.000130872	0.0202464	0.00151121	0.000238198	0.280916	0.0950874	0.0186311	0.0763751	0.000199698	0.0276235	0.0227326	0.00639174	0.00280367	0.0108158	0.0380471	0.00048357	0.000668923	0.000494423	0.000210917	
0.000685952	0.00235782	0.280032	0.0174494	0.0266344	0.00108554	0.000281932	0.0128208	0.0192339	0.00582662	0.00954127	0.0351575	0.533361	0.000599564	0.0335854	0.00038614	0.000430381	0.00566539	0.00384749	0.0110182	
0.0167073	0.0164544	0.294377	0.106436	0.00346033	0.0281212	0.0166663	0.00104559	0.0260722	0.0145261	0.00455833	0.150356	0.00168667	0.0401402	0.00548936	0.101588	0.160331	0.00578956	0.000364526	0.00583046	
0.107857	0.0070508	0.609561	0.0161628	0.00892645	0.000131619	0.0104637	0.033035	0.0091969	0.00278198	0.0326954	0.0016812	7.0557e-05	0.0139704	0.0206314	0.120915	0.000213752	0.000126528	0.00394199	0.000586909	
0.149057	0.0141952	0.0918801	0.344201	0.000130177	0.0515464	0.0002901	0.0075017	0.033562	0.00554424	0.000124682	0.0339681	0.0389133	0.0556002	0.00200613	0.106664	0.041868	0.014582	0.000126103	0.00823947	
0.00422521	0.0177929	0.0624856	0.270307	0.00125057	0.000148274	0.000612362	0.0808643	0.00263682	0.00391697	0.0294818	0.246216	0.00368833	0.000345638	0.00480143	0.0162181	0.0238032	0.217494	0.0132886	0.000422213	
0.0517912	0.000192718	0.00899874	0.0367562	0.0186865	0.00023044	0.00456056	0.0080022	0.00469178	0.000202503	0.00625792	0.0092849	8.16947e-05	0.000464072	0.73636	0.00056961	0.00557902	0.101851	0.000292806	0.00514588	
0.115893	0.0329858	0.000544294	0.000341725	0.0040862	0.000195564	0.00197284	0.0906376	0.00528423	0.135388	0.0355103	0.00470901	9.83898e-05	0.00117021	0.000534518	0.000263129	0.000337403	0.553528	0.00162126	0.0148988	
0.0380868	0.0292254	0.0628926	0.0253846	0.000911842	0.194112	0.00164081	0.000556273	0.0167061	0.455421	0.0513493	0.0898893	0.000250614	0.00102271	0.000356556	0.00133192	0.0166632	0.000611683	0.000257512	0.0133294	
0.000760166	0.000154337	0.00129376	0.000994797	0.115854	0.577396	0.0147105	0.0157226	0.0285853	0.0420407	0.0193777	0.056265	0.00563875	0.0272432	0.00312026	0.00054784	0.0644945	0.000466868	0.000387261	0.0249463	
0.000353044	0.00142134	0.000204757	0.000370763	0.00891088	9.38182e-05	0.000755446	0.373517	0.00668059	0.030069	0.00417941	0.00568646	0.000223977	0.000602519	0.000139912	0.000283211	0.000454307	0.562059	0.00321384	0.000781603	
0.0278149	0.000450726	0.0179146	0.0242971	0.000162414	0.000208184	0.00119014	0.0540403	0.0627269	0.102521	0.0166766	0.0333683	0.0218686	0.0157884	0.0197363	0.014308	0.155536	0.41159	0.00047616	0.0193258	
0.634682	0.0102859	0.00049223	0.00042554	0.000643015	0.00350014	0.0991787	0.00564812	0.00197147	0.000190917	0.00168688	0.00113585	6.56558e-05	0.0308399	0.000717024	0.0595321	0.0898552	0.0583574	0.000209343	0.000582912	
0.0289181	0.00028372	0.215141	0.0156152	0.00748555	0.296712	0.00130606	0.0156934	0.0507279	0.000839538	0.0259316	0.236239	0.0301545	0.00240972	0.000185259	0.025406	0.0448879	0.000265742	0.000710194	0.00108725	
0.149057	0.0141952	0.0918801	0.344201	0.000130177	0.0515464	0.0002901	0.0075017	0.033562	0.00554424	0.000124682	0.0339681	0.0389133	0.0556002	0.00200613	0.106664	0.041868	0.014582	0.000126103	0.00823947	
0.0105024	0.0134768	0.371306	0.0704885	0.00772656	0.0385544	0.00454937	0.000286379	0.00757742	0.00949861	0.0173279	0.103702	0.000379262	0.222561	0.00324882	0.0589684	0.0500884	0.000450504	0.000793061	0.00851445	
0.03535	0.0093358	0.00101287	0.000693118	0.00380058	0.663083	0.0345858	0.00178786	0.0232211	0.00644604	0.0277545	0.0175133	0.00399697	0.0431471	0.00836632	0.0818579	0.00661403	0.0108833	0.00120661	0.0193437	
0.0278149	0.000450726	0.0179146	0.0242971	0.000162414	0.000208184	0.00119014	0.0540403	0.0627269	0.102521	0.0166766	0.0333683	0.0218686	0.0157884	0.0197363	0.014308	0.155536	0.41159	0.00047616	0.0193258	
0.63453	0.0103246	0.000502003	0.000422415	0.000644022	0.00352081	0.098833	0.00587792	0.00196872	0.000190325	0.00171353	0.00113496	6.55451e-05	0.030882	0.000735336	0.0595128	0.0898674	0.0584452	0.000209348	0.00062017	
0.0632256	0.0207717	0.0654627	0.053217	0.00150013	0.0481649	0.0607419	0.0034903	0.174372	0.00937799	0.00030059	0.0927663	0.0230013	0.0388369	0.0236561	0.219918	0.0652328	0.0268862	0.00244012	0.00663742	
0.00840964	0.0311911	0.000347495	0.0142478	0.0952208	0.157257	0.0116586	0.183384	0.0186876	0.043988	0.00139988	0.00433525	0.00248903	0.0166659	0.0135468	0.000417208	0.0217491	0.373228	0.000336254	0.001441	
0.0231208	0.0133534	0.201292	0.0881526	0.00539528	0.0172528	0.0264287	0.00184731	0.0342345	0.00875636	0.0115032	0.151121	0.00310394	0.0206445	0.00373797	0.17861	0.187932	0.0125312	0.000650098	0.0103326	
0.0446669	0.000193215	0.000105227	0.000757895	0.119911	0.0186849	0.0059695	0.502098	0.0381188	0.100454	0.0272602	0.00151943	0.000115169	0.00377722	0.000168105	0.000111475	0.00884034	0.0831652	0.00185831	0.0422252	
0.014791	0.00151816	0.0130531	0.0814506	0.00619645	0.00472687	0.000553818	0.0383445	0.0855142	0.0172338	0.00571804	0.0166338	0.00134496	0.0553714	0.0142729	0.229582	0.262104	0.119912	0.000166884	0.0315118	
0.0239681	0.0140497	0.618012	0.00101676	0.0143196	0.000174945	0.00063661	0.0284343	0.0722382	0.024887	0.0269359	0.000412437	0.000261911	0.0399639	0.0269817	0.0991598	0.00124756	0.000211555	0.00679577	0.000292039	
0.0632256	0.0207717	0.0654627	0.053217	0.00150013	0.0481649	0.0607419	0.0034903	0.174372	0.00937799	0.00030059	0.0927663	0.0230013	0.0388369	0.0236561	0.219918	0.0652328	0.0268862	0.00244012	0.00663742	
0.0785079	0.00377553	0.000482939	0.00449775	0.0478759	0.00517536	0.0425471	0.0645039	0.0105395	0.10705	0.129483	0.00325683	0.00011949	0.209669	0.000150013	0.0194336	0.000539743	0.184454	0.012756	0.0751827	
0.00782906	0.0634505	0.000428641	0.00093489	0.000497569	0.000407809	0.000521411	0.508088	0.000839417	0.122673	0.0182056	0.000250826	0.000157349	0.0025692	0.000149635	0.000192122	0.000344483	0.264792	0.00266313	0.0050053	
0.0120851	0.000140981	0.012308	0.00674527	0.0185391	0.000155539	0.0188178	0.000202334	0.147404	0.00208849	0.0228338	0.000394208	0.155897	0.165948	0.007837	0.330628	0.0893913	0.000456066	0.00796003	0.000167143	
0.0303175	0.0279597	0.029777	0.0325341	0.00171273	0.0494348	0.00479479	0.0018914	0.0323786	0.600317	0.00201296	0.0688381	0.000406221	0.00120191	0.000592091	0.00170393	0.089283	0.00707631	0.000225572	0.0175421	
0.00857947	0.0172314	0.0432222	0.0438839	0.139624	0.00557819	0.110524	0.0451587	0.0235951	0.030418	0.00630806	0.0344533	0.00416986	0.0324614	0.0247346	0.0996894	0.12594	0.0315612	0.0201361	0.152731	
0.0471504	0.0167824	0.05805	0.124415	0.0162795	0.0032956	0.000366758	0.0195458	0.0692869	0.000462182	0.0895528	0.0285393	0.421	0.0324543	0.000264129	0.0339894	0.0163003	0.00414135	0.00579325	0.01233	
0.029574	0.0427547	0.0295453	0.0340027	0.0265591	0.000386155	0.255546	0.0196999	0.0199719	0.0976755	0.00433593	0.24451	7.51049e-05	0.0355384	0.0482269	0.00495672	0.00399374	0.000200382	0.000192453	0.102255	
0.0013481	0.000671369	0.0549827	0.0951289	0.000508427	0.0181355	0.0286058	0.00414562	0.0059817	0.00691798	0.00729899	0.06045	0.000141555	0.0666061	0.00397367	0.54168	0.060302	0.0420092	0.000288027	0.000824277	
0.00133186	0.0589087	0.00183621	0.00154744	0.000280999	0.000661045	0.0247535	0.685494	0.00137893	0.00591827	0.000275741	0.00034086	0.0103608	0.0228048	0.000557341	0.000357437	0.000291118	0.16088	0.00765335	0.0143678	
0.00730051	0.0634853	0.000380918	0.000875002	0.00057962	0.000237387	0.000505765	0.506809	0.000835061	0.123648	0.0178392	0.000258822	0.00015966	0.00246906	0.000150746	0.000186867	0.00034067	0.266346	0.00271489	0.00487783	
0.051864	0.000220344	0.00741903	0.0365502	0.0181554	0.00022578	0.00500038	0.00792993	0.00439017	0.000231445	0.00547302	0.00736314	8.8565e-05	0.000384588	0.741748	0.000582207	0.00511607	0.10277	0.000291822	0.00419551	
0.141265	0.0171575	0.00095973	0.00198721	0.000927628	0.00808667	0.0600799	0.00146216	0.00168756	0.00424916	0.00133157	0.00313188	0.000143352	0.0483907	0.000924837	0.343862	0.361436	0.000656783	0.00165835	0.000601777	
0.0998293	0.0295853	0.000824342	0.000497263	0.00499688	0.000236196	0.000746946	0.0953516	0.00211222	0.145524	0.0440991	0.00625368	0.000113495	0.000377594	0.000142729	0.000368994	0.000507638	0.553126	0.0010032	0.0143031	
0.000635361	0.0182733	0.000857698	0.000596878	0.000573923	0.000247916	0.109345	0.00538765	0.0240767	0.000227091	0.00816302	0.0348455	0.0118609	0.0270598	0.138185	0.0306405	0.0347964	0.535803	0.00791657	0.0105068	
0.000348287	0.00230782	0.000191071	0.000356359	0.0083916	8.85542e-05	0.000855331	0.361005	0.00698072	0.0306997	0.00444804	0.00596324	0.000232799	0.000795916	0.00014683	0.000321703	0.000401306	0.572486	0.00317996	0.000799349	
0.54597	0.00196442	0.0138332	0.203638	0.00606588	0.0513105	0.0063937	0.00962417	0.000529351	0.000989098	0.0240475	0.0023677	0.000329537	0.00865618	0.00022805	0.0305225	0.0396417	0.0467852	0.00430698	0.0027968	
0.0122445	0.000140314	0.378901	0.000802212	0.018052	0.257417	0.00034277	0.000495803	0.104391	0.0285045	0.0218345	0.0664318	0.000416548	0.0752909	0.00815329	0.0253331	0.000510748	0.000274112	1.84754e-05	0.000445222	
0.0451673	0.0724995	0.00511768	0.172764	0.0169344	0.000856161	0.000295695	0.00178161	0.016363	0.000191688	0.0226085	0.00208316	0.21815	0.146091	0.114523	0.00482251	0.0935077	0.0468419	0.00100089	0.0184012	
0.0498503	0.00163356	0.0168716	0.034165	0.0109362	0.103777	0.00281661	0.000429443	0.0456867	0.562311	0.00427056	0.0203812	0.00155317	0.00303145	0.00156406	0.000510407	0.104851	0.000892152	0.000394079	0.034075	
0.0671245	0.0131019	0.0626111	0.000463055	0.0336848	0.00235361	0.00107633	0.000368477	0.457306	0.186855	0.000525087	0.000198431	0.00205497	0.0498245	0.0753083	0.0064155	0.000507905	0.012472	0.00323249	0.0245157	
0.00106227	0.000192598	0.00658039	0.000213325	0.077857	0.715929	0.00172645	0.0126005	0.0188138	0.0414826	0.0157588	0.050503	0.00563726	0.0174721	0.000391363	0.00168197	0.0301911	0.000501791	0.000180491	0.00122392	
0.00679753	0.00765775	0.103667	0.00903636	0.00744606	0.523525	0.00368275	0.00683701	0.0297747	0.0260197	0.0352891	0.0337592	0.00604438	0.0304587	0.0111418	0.0061237	0.148115	0.00276256	0.000631967	0.00122992	
0.0950779	0.00625552	0.0374044	0.0171373	0.0208975	0.0362104	0.440817	0.000730368	0.0210287	0.00035451	0.0230235	0.194074	0.000370673	0.00511454	0.0432416	0.0170833	0.00712675	0.032247	0.00164398	0.000160618	
0.0979048	0.00145923	0.161341	0.381518	0.000293875	0.00068483	0.000149852	0.000548406	0.00397935	0.00971918	0.0180765	0.0766919	0.129278	0.0527513	0.000107714	0.0299714	0.0177119	0.0120748	0.00440191	0.00133639	
0.000272124	0.0232977	0.118179	0.401052	0.145865	0.000168674	0.000378076	0.00670865	0.000294326	0.0366977	0.0214236	0.00845996	0.00137491	0.0430664	0.00283306	0.089497	0.0821466	0.0120854	0.00565278	0.000546398	
0.105151	0.00796345	0.0392627	0.0153198	0.000571059	0.00347564	0.000444553	0.000270156	0.306374	0.390221	0.00183875	0.0144214	0.00550122	0.0133846	0.0434128	0.0109616	0.0140043	0.000409218	0.00113349	0.0258797	
0.00622107	0.000775182	0.000949402	0.0594379	0.000979887	0.000310567	0.119896	0.0717235	0.203669	0.0227298	0.00425785	0.00116076	0.000256495	0.0181426	0.0136773	0.0447038	0.357873	0.0677437	0.00357624	0.00191548	
0.000596471	0.0310021	0.0292269	0.0599311	0.0604161	0.0798353	0.0207461	0.00027317	0.000674216	0.115759	0.0029971	0.00126264	0.000156512	0.0441231	0.000500665	0.000294171	0.493022	0.0291914	0.00559729	0.0243951	
0.00105216	0.00023756	0.00301754	0.000178379	0.091968	0.689101	0.0128842	0.0115842	0.0187253	0.017665	0.00907505	0.0719758	0.00545015	0.0211597	0.000547367	0.000875626	0.035759	0.000957582	0.000122818	0.00766314	
0.0441511	0.0176022	0.000203145	0.01557	0.0159959	0.259457	0.0613272	0.000286379	0.00025018	0.00423239	0.0263737	0.505464	0.00172603	0.00193987	0.00169588	0.000376027	0.000390822	0.0330848	0.00972111	0.000152409	
0.572422	0.00909621	0.00151736	0.000631449	0.0134113	0.000377551	0.0682098	0.036275	0.0479919	0.00682735	0.0349988	0.0423306	0.000181657	0.0419964	0.0325951	0.0807879	0.000461258	0.000485122	0.0015916	0.00781207	
0.329056	8.78978e-05	0.0104903	0.00115122	0.013279	0.282949	0.0114364	0.00107054	0.167495	0.00288069	0.0118461	0.00110437	0.0830026	0.0107345	0.00328902	0.0578573	0.00564186	0.00030131	0.000261737	0.00606435	
0.0410331	0.000627086	0.00610314	0.0026225	0.000379052	0.00059812	0.000437675	0.185792	0.018771	0.362444	0.00127015	0.0076192	0.0767397	0.000879871	0.00012759	0.0293629	0.000274032	0.258599	0.00382729	0.00249254	
0.577292	0.052139	0.000599794	0.0020458	0.00143401	0.142351	0.00796876	0.00255614	0.0339512	0.0382208	0.0139504	0.0260904	0.000215118	0.0149438	0.0354527	0.0223368	0.0135678	0.00425715	0.00611662	0.00451089	
0.0236284	0.342926	0.0298866	0.0233052	0.000124113	0.00010883	0.0222815	0.181655	0.0122806	0.056293	0.0130333	0.0262493	0.00544102	0.0232211	0.00010236	9.93203e-05	0.0460209	0.193212	4.72472e-05	8.47739e-05	
0.0300452	0.00114377	0.000538573	0.000220799	0.061485	0.719284	0.0393674	0.00283176	0.0184406	0.0363674	0.0228726	0.0233264	0.00034845	0.0218426	0.000216071	0.00356643	0.00254715	0.000379048	0.000123888	0.0150531	
0.00141423	0.0347321	0.000976659	0.000829446	0.00055664	0.000276677	0.140301	0.127494	0.0113189	0.00019439	0.000530004	0.00333947	0.00780274	0.0360401	0.0225505	0.00325588	0.0522438	0.536343	0.00608458	0.013715	
0.00133186	0.0589087	0.00183621	0.00154744	0.000280999	0.000661045	0.0247535	0.685494	0.00137893	0.00591827	0.000275741	0.00034086	0.0103608	0.0228048	0.000557341	0.000357437	0.000291118	0.16088	0.00765335	0.0143678	
0.0529217	0.000877792	0.000253516	0.000318416	0.127491	0.581128	0.0397709	0.00938923	0.0227949	0.0262747	0.025281	0.0722236	0.000145325	0.022883	0.000200536	0.00141855	0.000909243	0.00197613	0.000644582	0.0130978	
0.000720918	0.00238916	0.00109271	0.000528177	0.0229715	0.000256531	0.00204019	0.470921	0.00121374	0.297491	0.00708652	0.00150999	0.000374193	0.00406254	0.000291279	0.000282983	0.000787059	0.176347	0.00690959	0.00272399	
