0.0139827	0.00555541	0.000209033	0.000219436	0.0123759	8.44523e-05	0.000481969	0.14005	0.000179362	0.0753172	0.46683	0.000267424	0.000128294	0.00127864	6.07891e-05	9.08226e-05	8.81418e-05	0.277516	0.000280517	0.00500393	
0.000118851	0.00115214	3.57594e-05	0.0452863	0.0270523	4.50149e-05	0.0108325	0.000441264	0.754996	7.70421e-05	0.00127303	0.0236102	4.16812e-05	0.0729492	0.0370974	0.017075	0.000352567	9.21777e-05	0.00294308	0.00452814	
0.44799	0.00160251	0.000150909	0.000169607	0.240552	0.032119	0.0141339	0.0194075	0.0292573	0.0966108	0.0324944	0.0233649	3.5631e-05	0.0217135	0.000694024	8.80093e-05	0.00013465	9.40429e-05	0.00557275	0.0338145	
0.000555951	0.000836746	0.000589997	0.000649006	0.000121641	0.00016143	0.0083356	0.330316	0.000716514	0.00553127	0.000231884	0.000506182	0.00283041	0.0195885	5.4441e-05	0.00983391	9.11988e-05	0.574407	0.0212205	0.0234218	
0.0605087	0.411902	0.340382	0.0158973	6.55342e-05	5.50167e-05	0.0155572	0.00997554	0.0158435	0.0326692	0.046201	0.00350778	0.00382311	0.019215	3.62639e-05	0.00272196	0.00216478	0.0193579	7.46018e-05	4.13231e-05	
0.000463792	0.0126205	0.000665892	0.000257016	0.0235519	0.00597721	0.0142243	0.0696034	0.00134628	0.0160775	0.0373234	0.00156861	0.00318218	0.0172137	0.000264693	0.000994821	0.0107041	0.764002	0.00730645	0.012652	
0.00159551	0.00443428	0.00459619	0.00176554	0.0290582	0.000869804	0.00105763	0.158733	0.000521185	0.530207	0.201829	0.00102915	0.00303905	0.000760743	0.000145235	0.000200194	0.0003993	0.0559571	0.00023952	0.00356269	
0.0440195	7.91462e-05	0.0220947	0.0404229	4.46135e-05	0.02385	0.000101837	0.00624289	0.405204	0.00332398	0.000277803	0.119502	0.00938661	0.100852	0.0651693	0.080101	0.0477636	0.0310729	0.000414434	7.80122e-05	
2.98496e-05	3.50685e-05	0.0126005	0.00475948	1.90503e-05	0.877418	0.000104563	0.000112803	0.000108291	2.00954e-05	0.000163588	0.000164222	0.0148984	0.0333197	0.00524489	0.0396678	0.00719847	0.00407595	3.98468e-05	1.94749e-05	
0.0295526	0.00254246	0.616684	0.102063	0.00676031	0.00570565	0.000159606	0.000590325	0.0125685	0.0236764	0.0212247	0.076963	0.0359894	0.000729127	0.00119662	0.0374728	0.0173286	0.000154513	0.00854041	9.81718e-05	
0.097229	0.000173066	0.107779	0.376543	0.000319216	0.137456	0.000439728	0.000184948	0.00055611	7.25876e-05	0.00187491	0.0286167	0.0181818	0.0294898	5.14124e-05	0.125922	0.048311	0.0263085	0.000299652	0.000190875	
0.0473618	0.000847336	0.173537	0.363002	0.00331931	0.0124037	0.0142099	0.0114466	0.0812794	0.00253669	0.0533801	0.0515722	0.0622701	0.039903	0.00230874	0.0271632	0.0302093	0.0210629	4.36653e-05	0.00214323	
0.0697999	0.0310096	0.00023719	0.0143474	0.000217928	0.000112684	0.0170165	0.0432718	0.00417467	0.000116826	0.000653436	0.00354274	0.0186856	0.0137613	0.00701266	0.000459663	0.0694864	0.662889	0.018517	0.0246875	
0.00828086	0.0109072	0.0477618	0.291941	0.00584234	0.000408031	0.015204	0.0172622	0.135036	0.00903606	0.0108318	0.057203	0.00121164	0.034486	0.00821691	0.0977884	0.200264	0.0294946	0.000377281	0.0184464	
0.0187101	0.0187585	9.29486e-05	7.77205e-05	0.0111885	0.000274601	0.00887877	0.129242	0.0595277	0.000136129	0.000380906	0.110933	0.000137822	0.0415783	0.00491019	0.025747	0.415121	0.141862	0.0123426	9.96906e-05	
0.00186636	0.0232458	0.000159071	0.0109467	0.00016017	0.0001306	0.00132426	0.397827	0.00541611	0.0693411	0.000970256	0.000866315	0.000280059	0.00579842	0.000455049	0.000664374	0.00074095	0.436621	0.0169706	0.0262155	
0.00479195	0.0300613	0.0302917	0.0141711	0.285841	0.00188547	0.160236	0.0224929	0.0351695	0.0227441	0.00653679	0.116196	0.0011715	0.0237075	0.00746643	0.0245476	0.0599015	0.00445961	0.0432105	0.105117	
0.0923096	6.7248e-05	0.0310776	0.0121106	0.674437	0.10274	0.00369388	0.0137014	0.0166464	0.014591	0.0235615	0.00146524	0.000483451	0.010723	0.000585008	4.56047e-05	0.00119623	6.66746e-05	0.000447056	5.08905e-05	
0.00828086	0.0109072	0.0477618	0.291941	0.00584234	0.000408031	0.015204	0.0172622	0.135036	0.00903606	0.0108318	0.057203	0.00121164	0.034486	0.00821691	0.0977884	0.200264	0.0294946	0.000377281	0.0184464	
0.00141572	0.00849471	0.0261616	0.0360788	0.0213808	0.000401019	0.0110775	0.0377135	0.00012553	0.000192705	0.0342085	0.00107414	5.65058e-05	0.715078	0.00392915	0.0535169	0.0366528	0.000930144	0.0107408	0.000771035	
0.0473618	0.000847336	0.173537	0.363002	0.00331931	0.0124037	0.0142099	0.0114466	0.0812794	0.00253669	0.0533801	0.0515722	0.0622701	0.039903	0.00230874	0.0271632	0.0302093	0.0210629	4.36653e-05	0.00214323	
0.0580434	0.0102523	0.0835047	0.0103284	0.00134638	0.0977597	0.0319611	0.00638726	0.237743	0.00271308	0.000289231	0.188057	0.0159952	0.027507	0.0116587	0.150937	0.0562423	0.00153481	0.000153456	0.00758642	
0.0473618	0.000847336	0.173537	0.363002	0.00331931	0.0124037	0.0142099	0.0114466	0.0812794	0.00253669	0.0533801	0.0515722	0.0622701	0.039903	0.00230874	0.0271632	0.0302093	0.0210629	4.36653e-05	0.00214323	
0.058377	0.0149757	0.126602	0.0297072	0.00345123	0.11387	0.0269501	0.00455535	0.193576	0.00290422	0.0011941	0.177667	0.0124457	0.0246439	0.00947835	0.134703	0.0573449	0.00156513	0.000100794	0.00588741	
0.0726065	0.0398379	0.253056	0.176905	0.0162595	0.0595066	0.0210756	9.25249e-05	0.087323	0.00800808	0.016406	0.108907	0.00036242	0.0277913	0.00287172	0.0610671	0.0368477	0.00546999	2.90013e-05	0.00557597	
0.0504422	0.0264012	0.0161285	0.000850906	0.0497636	0.0241209	9.5379e-05	0.1864	0.028784	0.0229434	0.0734682	0.0299614	0.39067	0.00458327	0.000683175	0.00784312	0.018732	0.0615482	0.00300056	0.00358006	
0.00607221	0.0220241	0.000191387	0.000370077	0.000199124	0.000124633	0.00387213	0.0235303	0.0106419	0.0403014	0.0181393	0.00800058	0.000131464	0.000915654	0.000215441	0.000966644	0.260071	0.573859	0.00312785	0.0272463	
0.000267976	0.0389406	0.00017182	0.0452755	0.0522732	0.00376817	0.137152	0.0188235	0.276974	0.00840615	0.0269451	0.0073497	0.000102756	0.0160556	0.0237744	0.0153267	0.2271	0.0529667	0.0035759	0.0447506	
0.000300004	0.00141144	0.000328692	0.00018383	0.0207225	0.000147378	0.0018933	0.393324	0.00834757	0.0413043	0.00887669	0.000198465	0.000100122	0.00105336	9.34372e-05	0.000141816	0.000186566	0.51415	0.00282883	0.00440802	
0.00828086	0.0109072	0.0477618	0.291941	0.00584234	0.000408031	0.015204	0.0172622	0.135036	0.00903606	0.0108318	0.057203	0.00121164	0.034486	0.00821691	0.0977884	0.200264	0.0294946	0.000377281	0.0184464	
0.0349156	0.000150035	0.000228544	0.000169711	0.00345096	0.40657	0.0250354	0.128016	0.0155019	0.00999925	0.00421191	0.0290418	0.000484184	0.032349	4.45819e-05	0.000207386	0.000963795	0.0589815	0.225765	0.0239133	
0.00828086	0.0109072	0.0477618	0.291941	0.00584234	0.000408031	0.015204	0.0172622	0.135036	0.00903606	0.0108318	0.057203	0.00121164	0.034486	0.00821691	0.0977884	0.200264	0.0294946	0.000377281	0.0184464	
0.000391741	0.00019429	0.000318434	0.00113302	0.0569355	0.000243039	0.000344492	0.524054	0.000594551	0.138936	0.0177902	0.000189999	0.000164416	0.0016477	8.98546e-05	7.75618e-05	0.000143744	0.193733	0.0432798	0.0197381	
0.00828086	0.0109072	0.0477618	0.291941	0.00584234	0.000408031	0.015204	0.0172622	0.135036	0.00903606	0.0108318	0.057203	0.00121164	0.034486	0.00821691	0.0977884	0.200264	0.0294946	0.000377281	0.0184464	
0.000516338	0.00117604	0.000548734	6.65582e-05	0.121196	0.690856	0.00962324	0.0195623	0.0159105	0.0418109	0.0239091	0.0197697	0.00520149	0.0234335	0.000251187	0.000372833	0.0120628	9.33546e-05	0.000130022	0.0135089	
0.0176842	0.0364898	0.0109727	0.0130595	0.0227552	0.000774503	0.0304927	0.02193	0.00197596	0.584296	0.0759526	0.163652	0.000107054	0.000375116	6.04096e-05	0.00290963	0.00140275	0.0134866	0.000388271	0.00123488	
0.0914546	0.000688416	0.181026	0.0300933	0.000837984	0.00800819	0.000253507	0.00605648	0.216048	0.000103719	0.000531553	0.0237188	0.0857616	0.0355411	0.00203662	0.052815	0.263846	0.000241133	0.000689155	0.000248236	
0.00896159	0.000143589	0.0920335	0.123859	0.0299977	0.000128088	0.0017633	5.11161e-05	0.192553	0.20464	9.76094e-05	0.249818	0.0302916	0.0376378	0.0214559	0.00181055	0.000126089	0.00446208	0.000108648	6.12863e-05	
0.185729	0.000139079	0.0154553	0.000169213	0.043295	0.670716	0.00359162	0.000182562	0.0168761	8.55613e-05	0.000284675	0.000192897	5.43396e-05	0.00470999	0.007785	0.0177512	0.0325819	0.000143333	0.000111311	0.000145856	
0.00896159	0.000143589	0.0920335	0.123859	0.0299977	0.000128088	0.0017633	5.11161e-05	0.192553	0.20464	9.76094e-05	0.249818	0.0302916	0.0376378	0.0214559	0.00181055	0.000126089	0.00446208	0.000108648	6.12863e-05	
0.0681978	0.000167274	0.00224011	0.004466	0.0201904	2.38189e-05	0.749948	0.000222483	6.28888e-05	5.49239e-05	0.000210313	0.00179892	2.78396e-05	0.00537457	0.086887	5.42241e-05	7.96321e-05	0.0413117	4.94327e-05	0.0186329	
0.000533812	0.00122351	0.000615473	7.08131e-05	0.122887	0.690239	0.00851302	0.0192763	0.016993	0.0421641	0.0220916	0.0201186	0.00510358	0.0231199	0.000236655	0.000388556	0.0127466	8.08075e-05	0.000146887	0.0134508	
0.0895151	6.83817e-05	0.030029	0.0117876	0.678246	0.109851	0.00340921	0.0129659	0.0165984	0.0132738	0.0192779	0.00259538	0.000410156	0.00851944	0.000450699	4.70091e-05	0.0021768	6.18483e-05	0.000669604	4.71349e-05	
0.000264997	0.000705953	0.000337738	0.000235354	0.00543569	9.84456e-05	0.00406047	0.365827	0.00018155	0.0112074	0.000157603	0.00132794	0.000415628	0.0025434	4.69512e-05	0.00399894	7.73065e-05	0.57943	0.0116479	0.0119999	
0.149356	0.0119219	0.0116477	0.565825	0.00780043	0.005474	3.70446e-05	0.0120002	7.27898e-05	4.45949e-05	0.00354191	0.00714064	0.00245028	0.16951	2.81196e-05	0.0136153	0.0200197	0.00597417	0.0094891	0.00405112	
0.0492316	0.000146318	0.000148927	0.0217477	0.526831	0.0278325	0.000118678	0.000175757	0.0354556	0.0246662	0.106886	0.000320436	0.000272645	0.0157559	0.000898752	0.00148108	0.0167878	0.000182548	0.0643482	0.106712	
0.000927734	0.00561686	0.000275382	0.000176722	0.0322955	0.669642	0.0181999	0.0304919	0.0247672	0.0602731	0.0323004	0.0482588	0.00915075	0.0327352	0.000150442	0.000250973	0.0231082	0.000113974	0.000198521	0.0110662	
0.00101526	0.0229598	0.900832	7.64291e-05	0.00359235	8.83371e-05	3.49979e-05	0.00221412	5.08917e-05	0.000137805	0.00071748	0.00601709	0.00836353	0.0358957	0.000370085	0.000138957	7.79101e-05	8.78895e-05	0.0172971	3.25187e-05	
0.0530086	0.000153265	0.000279782	9.65985e-05	0.00791006	4.18159e-05	0.00764037	0.0209974	0.0205327	0.0610165	0.0447767	0.415265	2.45632e-05	0.00727219	0.00274216	0.0125897	0.255531	0.0210267	0.000252018	0.0688432	
0.00892294	0.000271303	0.0193143	0.0212923	0.00313528	0.00472195	0.0267519	0.00900044	0.000418479	0.00237625	0.00110504	0.000297247	0.000118213	0.0518123	0.000107835	0.0992221	0.731302	0.00770383	0.00854354	0.00358227	
0.00952562	0.00700008	0.0462274	0.000377386	0.0310126	0.047273	0.000147856	0.000179052	0.00914878	0.0237274	0.0802395	0.564336	0.00911702	0.146492	0.000368151	0.00154749	0.000142975	0.00150729	0.0215491	8.16894e-05	
0.00113703	0.00086178	0.000194687	8.35455e-05	0.155453	0.641623	0.0110221	0.019447	0.0169952	0.0492552	0.0245132	0.0203568	0.00389096	0.0230758	0.000207622	0.000103002	0.0123808	6.54213e-05	0.000170456	0.0191636	
0.049476	0.0224685	0.00164841	0.000546099	0.00013634	0.00560398	0.000521088	0.0708947	0.00468829	0.0438707	0.334007	0.031119	9.82486e-05	0.029062	7.3248e-05	0.000132493	0.343755	0.059359	0.000715051	0.00182554	
0.0365353	0.000299724	0.000595067	0.00554803	0.000242713	0.000353687	0.0284729	0.00159027	0.0018219	0.000638331	0.00287803	0.00279896	6.04396e-05	0.0527947	0.000874362	0.822877	0.0402874	0.000520384	0.000554618	0.000256168	
0.480884	0.00456667	0.000249606	0.00026227	0.00292992	0.00013438	0.0179237	0.000892741	0.00158618	0.175492	0.0619347	0.00237196	4.95254e-05	0.0358779	0.000899909	0.0136137	0.183067	0.000184238	0.014252	0.00282797	
0.0143845	0.0142063	3.16853e-05	6.36272e-05	0.000250832	0.536882	0.0416127	0.00473107	0.00737791	0.0119531	0.030497	0.327518	2.39708e-05	0.00785832	1.26146e-05	0.00226216	0.000116423	4.72513e-05	7.61212e-05	9.36176e-05	
0.159497	0.00015379	0.0102873	0.17346	0.00507892	0.073097	0.000697773	0.000376108	0.00021533	0.025252	0.0314177	0.00032676	0.442133	0.000258638	5.26423e-05	0.0699301	0.00631842	9.18655e-05	0.000163657	0.00119167	
0.0787559	7.24885e-05	0.000346007	0.0182169	0.534434	0.119521	0.000330374	0.000141849	0.0291079	0.00218043	0.0288888	0.000417905	0.0313196	0.0372907	0.0076231	8.91258e-05	0.0257596	0.000162934	0.00699244	0.0783487	
0.00479195	0.0300613	0.0302917	0.0141711	0.285841	0.00188547	0.160236	0.0224929	0.0351695	0.0227441	0.00653679	0.116196	0.0011715	0.0237075	0.00746643	0.0245476	0.0599015	0.00445961	0.0432105	0.105117	
0.00572391	8.72193e-05	0.0245673	0.00861504	0.000320085	0.195857	0.410182	0.000174412	0.057052	0.00201035	0.00292702	0.234358	3.15796e-05	0.0123072	0.00485374	0.0344261	0.00613716	6.92692e-05	0.000245329	5.62455e-05	
0.000971886	0.0490489	0.000486071	0.00512788	0.0188955	0.000106516	0.00014224	9.10322e-05	0.596431	0.0128055	0.127323	0.0140631	0.000131908	0.0839772	0.0268795	0.00441332	0.0184165	0.0358144	0.00103744	0.00383667	
0.0473618	0.000847336	0.173537	0.363002	0.00331931	0.0124037	0.0142099	0.0114466	0.0812794	0.00253669	0.0533801	0.0515722	0.0622701	0.039903	0.00230874	0.0271632	0.0302093	0.0210629	4.36653e-05	0.00214323	
0.0159016	0.0112028	4.47394e-05	8.26956e-05	0.00366325	0.548833	0.0397814	0.00617666	0.010101	0.0150897	0.0305897	0.302576	4.00889e-05	0.0112747	1.7762e-05	0.0026317	9.77548e-05	0.00014085	9.2928e-05	0.0016614	
0.473119	0.000524169	0.0433055	0.000107671	0.0155903	0.268239	0.0187139	0.00783518	0.0335826	0.00590559	0.0464128	0.0381761	0.00392945	0.022608	0.00136361	0.0184039	0.000242792	0.0001401	0.00105766	0.000742645	
0.000298154	0.00370666	0.0339539	0.0233635	0.0543543	0.00179861	0.000364029	0.00289536	0.00940211	0.00823251	0.0328604	0.032742	0.715153	0.0153851	0.0219265	0.000149835	0.000220078	0.0062081	0.0125061	0.0244797	
0.0726065	0.0398379	0.253056	0.176905	0.0162595	0.0595066	0.0210756	9.25249e-05	0.087323	0.00800808	0.016406	0.108907	0.00036242	0.0277913	0.00287172	0.0610671	0.0368477	0.00546999	2.90013e-05	0.00557597	
0.0281592	0.219575	0.636151	0.010168	0.00784586	5.79239e-05	0.0101169	0.0162129	0.00381328	0.00955455	0.0410637	0.000121381	5.28494e-05	0.00245731	0.00193462	0.00375722	0.000216072	0.000120485	0.00855566	6.58022e-05	
0.0473618	0.000847336	0.173537	0.363002	0.00331931	0.0124037	0.0142099	0.0114466	0.0812794	0.00253669	0.0533801	0.0515722	0.0622701	0.039903	0.00230874	0.0271632	0.0302093	0.0210629	4.36653e-05	0.00214323	
0.00473412	0.0237489	0.049674	0.305059	0.00272158	5.06864e-05	0.00330201	0.0655684	0.00516839	0.00263987	0.0457818	0.285296	0.000238002	0.000112147	0.000904954	0.000672155	0.0450335	0.138664	0.0204178	0.000211904	
0.0521808	0.000105794	0.000341787	0.0212959	0.0256872	8.77814e-05	0.0294111	0.00281356	0.0230673	9.65097e-05	0.00149631	0.000487581	4.32945e-05	0.000179224	0.803813	0.000324272	0.000922731	0.0371744	0.000266844	0.000204877	
0.206836	0.00199606	0.00050272	0.000208962	0.0146161	0.000117011	0.0019417	0.0630647	0.0108599	0.0318359	0.000372294	0.00374941	0.000129749	0.00348223	0.0127949	0.00017078	0.000282833	0.527152	0.00174179	0.118145	
0.145757	0.0209959	0.0316563	0.0178134	0.000469925	0.104549	0.000250719	0.000186396	0.0160894	0.492229	0.0744304	0.0270484	5.93445e-05	0.000347983	8.18055e-05	0.00320986	0.0471938	0.000139756	0.00203679	0.0154557	
0.000361356	0.000628447	0.00214706	0.000107153	0.114336	0.734594	0.00816279	0.0176565	0.00851518	0.0267927	0.0124017	0.0162821	0.00637642	0.0252505	0.000779453	0.00211238	0.00974585	0.000302007	0.000125896	0.0133223	
0.000179207	0.000638128	0.000182671	0.000154114	0.0143409	6.61468e-05	0.00201655	0.393967	0.00187298	0.020664	0.00169796	0.000820735	0.000108026	0.00132933	6.56285e-05	6.41688e-05	0.000110843	0.550923	0.00073982	0.0100588	
0.0145674	2.28866e-05	0.0214267	0.247174	2.17567e-05	9.52143e-06	0.0101373	0.0637231	0.113008	0.0298106	0.0286774	0.092882	0.013272	0.0299564	0.0138254	0.0046958	0.116685	0.18708	0.000129671	0.0128943	
0.595965	0.00108678	0.000313622	0.000166045	0.0264708	0.000200575	0.0269612	0.00104857	0.00423871	0.000102694	0.000832918	0.00143409	6.95259e-05	0.0542166	0.00188908	0.0716918	0.146127	0.059072	0.00559986	0.00251401	
0.0208726	0.00585526	0.35298	0.0443029	0.00643894	0.261171	0.00213894	0.00247362	0.0430343	0.00376303	0.00106731	0.187486	0.00944734	0.00276635	0.000554474	0.0283781	0.0238829	0.000470181	0.00272848	0.0001885	
0.0730022	0.0350776	0.235365	0.212111	0.0149848	0.0431874	0.0216519	0.00145738	0.0915564	0.0077124	0.0224421	0.0948334	0.00800088	0.0312552	0.00277146	0.0561144	0.034558	0.0079777	3.06519e-05	0.00590968	
0.00249093	0.0342054	0.37791	0.0670804	0.00539949	0.0204061	0.0154363	0.000571034	0.000204335	0.000474187	0.0394773	0.280509	0.000111772	0.0677323	5.02351e-05	0.0566507	0.0233123	9.39236e-05	0.000588836	0.00729474	
0.0541034	0.0138444	0.000181862	0.000343205	0.000776267	0.645458	0.0135085	0.000819246	0.126286	0.00413119	0.0383712	0.0190303	0.00034733	0.0344477	0.00518728	0.0361404	0.000461779	0.00455219	0.000358614	0.00165065	
0.0145674	2.28866e-05	0.0214267	0.247174	2.17567e-05	9.52143e-06	0.0101373	0.0637231	0.113008	0.0298106	0.0286774	0.092882	0.013272	0.0299564	0.0138254	0.0046958	0.116685	0.18708	0.000129671	0.0128943	
0.564216	0.0111712	0.000328086	0.000163364	0.000739806	0.00715272	0.0121084	0.0614336	0.00366767	0.000144411	0.000585122	0.00110618	7.94999e-05	0.047501	0.000428407	0.0269942	0.137572	0.0623963	0.00610076	0.0561115	
0.0364212	0.00362718	0.134976	0.337924	0.00308777	0.00855425	0.0175687	0.0128759	0.107081	0.00449997	0.0407365	0.054108	0.0441514	0.0401991	0.00443925	0.0443309	0.0748683	0.0240767	0.00012159	0.00635209	
0.00760104	0.0345532	0.000193988	0.0162797	0.193529	0.10902	0.00069884	0.326246	0.000424817	0.0174482	0.000353174	0.00012462	7.09105e-05	0.00620359	0.00606406	8.61925e-05	0.0174447	0.235581	0.0019921	0.0260846	
0.066646	0.0392287	0.22543	0.169626	0.0442751	0.04253	0.0345045	0.0027446	0.0837998	0.0100805	0.0169426	0.10835	0.00036387	0.0286205	0.00336399	0.0566207	0.0398532	0.00594523	0.00514643	0.0159282	
0.0205243	0.00212795	0.00164553	0.000139419	0.0833303	0.0190506	0.00106192	0.42191	0.0547045	0.035532	0.169826	0.000665691	0.12483	0.00113988	0.000180593	0.0017625	0.0088751	0.037562	0.00221448	0.0129166	
0.00828086	0.0109072	0.0477618	0.291941	0.00584234	0.000408031	0.015204	0.0172622	0.135036	0.00903606	0.0108318	0.057203	0.00121164	0.034486	0.00821691	0.0977884	0.200264	0.0294946	0.000377281	0.0184464	
0.00125321	0.0193122	0.837465	6.48763e-05	0.0352238	7.72194e-05	4.23147e-05	0.00830325	0.006885	0.00687383	0.00773201	0.00371264	0.0144764	0.0301371	0.00275313	0.00438437	0.00523225	9.50627e-05	0.0159503	2.61664e-05	
0.0580434	0.0102523	0.0835047	0.0103284	0.00134638	0.0977597	0.0319611	0.00638726	0.237743	0.00271308	0.000289231	0.188057	0.0159952	0.027507	0.0116587	0.150937	0.0562423	0.00153481	0.000153456	0.00758642	
0.00923387	5.9107e-05	0.00292979	0.0010491	0.0173438	0.000585148	0.0540929	0.0800917	0.0160949	0.0588739	0.234981	0.00608598	3.20841e-05	0.328569	3.35004e-05	0.0119138	0.000382789	0.147707	0.00904186	0.0208979	
0.0244155	0.0245728	0.00178483	0.00614989	0.000118526	0.000833133	0.00172989	0.625998	0.000487341	0.0356479	0.158819	0.000245509	0.000268346	0.00503787	0.000157043	0.000255532	0.000180753	0.0758996	0.0148657	0.0225327	
0.0125811	0.000154458	0.0377936	0.00127514	0.000741866	0.000135442	0.00765214	0.000171084	0.172065	0.000285107	0.00236944	0.000109422	0.235657	0.0535227	0.00199962	0.286262	0.176014	0.00679436	0.00385586	0.000561072	
0.00579991	0.0342256	0.00426522	0.0187672	0.000191065	0.00230105	0.00028093	0.0260688	0.0191604	0.81583	0.00100004	0.00861453	0.00013131	0.000989451	0.000140774	0.00294486	0.00624123	0.017157	0.00554344	0.0303475	
0.00479195	0.0300613	0.0302917	0.0141711	0.285841	0.00188547	0.160236	0.0224929	0.0351695	0.0227441	0.00653679	0.116196	0.0011715	0.0237075	0.00746643	0.0245476	0.0599015	0.00445961	0.0432105	0.105117	
0.0473618	0.000847336	0.173537	0.363002	0.00331931	0.0124037	0.0142099	0.0114466	0.0812794	0.00253669	0.0533801	0.0515722	0.0622701	0.039903	0.00230874	0.0271632	0.0302093	0.0210629	4.36653e-05	0.00214323	
0.00479195	0.0300613	0.0302917	0.0141711	0.285841	0.00188547	0.160236	0.0224929	0.0351695	0.0227441	0.00653679	0.116196	0.0011715	0.0237075	0.00746643	0.0245476	0.0599015	0.00445961	0.0432105	0.105117	
0.000248046	0.0161036	0.0358538	0.0355913	0.000245546	0.010709	0.0293788	0.00279762	0.0010404	0.0023413	0.00237916	0.00870531	8.10465e-05	0.124457	0.000982966	0.629258	0.0567462	0.0426366	0.000214929	0.000229489	
0.0064926	0.0190265	0.00034326	0.000308965	8.74928e-05	0.000137109	0.00451488	0.730631	0.00034924	0.00271166	0.000169518	0.000125214	0.000312693	0.0312221	0.000134761	0.000149297	0.000126178	0.162594	0.0186931	0.0218706	
0.0102548	0.0267387	0.00149224	0.000797925	0.000133308	0.000523053	0.000613701	0.679831	0.000501682	0.0891715	0.0195052	0.000361716	0.000156591	0.00131482	0.000117237	0.000256909	0.00212692	0.134122	0.00326216	0.0287192	
0.0521808	0.000105794	0.000341787	0.0212959	0.0256872	8.77814e-05	0.0294111	0.00281356	0.0230673	9.65097e-05	0.00149631	0.000487581	4.32945e-05	0.000179224	0.803813	0.000324272	0.000922731	0.0371744	0.000266844	0.000204877	
0.270566	0.0314991	0.000900353	0.000433248	0.00032378	0.0201081	0.0331376	0.000889424	0.001053	0.000171368	0.018507	0.00149156	4.09492e-05	0.0478034	0.000349541	0.210849	0.361193	0.000365756	0.000116049	0.000201814	
0.0143582	0.000219481	0.000282679	0.000517794	0.0191612	0.000131787	0.000266369	0.145997	0.000219876	0.087455	0.447839	0.000133828	8.52396e-05	0.000875215	5.00371e-05	7.8188e-05	6.96069e-05	0.28135	0.000669047	0.000239362	
0.00033902	0.0269458	0.000332705	0.000448213	0.000119203	0.000182083	0.0285183	0.0122941	0.000932497	8.69504e-05	0.0550495	0.000348159	0.0206458	0.0433071	0.000621764	0.000523252	0.000273226	0.758686	0.0222349	0.0281111	
0.000150527	0.000687207	0.000171606	0.000119701	0.0133151	7.7622e-05	0.00260728	0.368348	0.00166218	0.0206003	0.00160485	0.000983153	0.000119219	0.000745217	6.00126e-05	7.44883e-05	0.000133977	0.580968	0.000704558	0.00686711	
0.293944	4.87479e-05	0.0253707	0.530044	6.4624e-05	0.00911883	0.00055935	0.000122922	0.000498363	0.00052354	0.00135783	9.76605e-05	0.000689745	0.0968852	2.84592e-05	0.0103794	0.0206071	0.00759389	0.00198803	7.75214e-05	
0.0575833	0.00152007	0.383243	0.00020477	7.52508e-05	0.154054	0.000241134	2.53979e-05	0.132919	0.0264538	0.110014	0.0488338	0.000180244	0.0689671	0.00286966	0.0121519	4.60207e-05	6.59035e-05	0.000102531	0.000449304	
0.0318035	0.0254982	0.000113271	0.404122	0.00299919	0.00011544	9.54739e-05	0.0356324	0.0336857	0.000109358	0.059389	0.000157971	0.0839181	0.148323	0.0388768	0.000225636	0.0775297	0.0222201	0.0139675	0.0212177	
0.102369	0.000677198	0.00973997	0.0234425	0.0412703	0.100702	0.00111448	0.000239963	0.0129192	0.558154	0.025759	0.0177589	0.000150239	0.000785067	0.00021673	0.000187674	0.0121642	0.000196861	0.000364785	0.0917883	
0.0646456	0.000113155	0.00565482	0.000222397	8.3086e-05	5.61667e-05	8.01743e-05	0.0108524	0.586904	0.0659768	0.000407909	0.00107456	3.24623e-05	0.0914885	0.129725	7.061e-05	0.000495596	0.0156391	0.000203165	0.0262749	
6.3468e-05	3.45981e-05	0.0117564	0.000128336	0.00946366	0.879789	0.00167852	0.0034432	0.0127526	0.0114968	0.0131348	0.00302716	0.00878604	0.0197739	0.000879669	0.0099125	0.0104405	0.00121844	0.000103711	0.0021162	
0.00492655	0.00566286	0.167915	0.0142859	8.15486e-05	0.372977	0.000196325	0.0248962	0.185123	6.72802e-05	0.00342916	0.09483	8.06513e-06	0.00248168	0.00297144	0.00194783	0.111324	0.00683894	2.40773e-05	1.22168e-05	
0.00572391	8.72193e-05	0.0245673	0.00861504	0.000320085	0.195857	0.410182	0.000174412	0.057052	0.00201035	0.00292702	0.234358	3.15796e-05	0.0123072	0.00485374	0.0344261	0.00613716	6.92692e-05	0.000245329	5.62455e-05	
0.023354	0.00387507	0.100266	0.623623	0.000544414	8.83957e-05	2.67461e-05	0.00043206	0.0357357	0.000766259	0.0017055	0.0616521	0.0377251	0.0291367	9.46864e-06	0.00222834	0.0020677	0.00610916	0.0144112	0.0562436	
0.000178094	0.0191774	0.19209	0.474183	0.0565291	3.63412e-05	0.0001281	0.00538792	0.000135519	0.125453	0.00171054	0.000333478	0.000157024	0.0357154	0.000108556	0.0296672	0.038892	0.00298733	0.0168305	0.000300084	
0.0851094	0.000212751	0.02429	0.0760494	0.000213248	0.000188799	0.000243669	0.000154589	0.214982	0.465419	0.00117374	0.000757337	0.0124755	0.0339444	0.0168637	0.0273329	0.0214554	0.000177571	0.00121441	0.0177422	
0.00734563	6.15366e-05	0.00548676	0.00107986	6.5251e-05	0.000549571	0.00422129	0.0343451	0.531881	0.00653088	0.000497304	0.000687627	2.24304e-05	0.00290693	0.00299413	0.0584568	0.337853	0.00489565	6.4882e-05	5.45845e-05	
9.75031e-05	0.000138107	0.00995618	0.000122109	0.0248839	0.838423	0.00330771	0.0106802	0.0160463	0.0135538	0.0201011	0.00543408	0.0103156	0.0218512	0.000583202	0.00621173	0.0137083	0.00160852	0.000119189	0.00285793	
0.0279906	0.0132742	1.71517e-05	0.0064651	0.00461415	0.389396	0.0535523	0.000282713	0.000171931	3.98071e-05	0.0315568	0.459941	9.20232e-06	2.31767e-05	9.44943e-06	0.0022232	0.000126538	0.00671622	0.00357092	1.9864e-05	
0.60939	0.00289858	0.000301359	0.000258538	0.00414419	0.000107651	0.0300348	0.0505362	0.0415876	0.00219452	0.0465461	0.0590025	7.51277e-05	0.0493012	0.0270496	0.0686232	0.000157063	0.000192114	0.00431678	0.00328264	
0.359492	0.000228367	0.047917	0.000226809	0.00532126	0.351267	0.000600991	0.00277753	0.0288437	0.0102041	0.0269443	0.000424637	0.0809367	0.019112	5.87219e-05	0.0574907	0.00740773	0.000136441	0.000304557	0.000306139	
0.0493169	0.00158672	0.000568053	0.000109151	0.00021882	0.000254264	9.49809e-05	0.218333	0.0278097	0.300381	0.000449698	0.0284224	0.075415	0.0189584	0.000103951	0.0183483	0.000168945	0.212801	0.0452112	0.00144844	
0.651534	0.070018	0.000351496	0.00023851	0.0115857	0.108523	0.0327086	0.00616001	0.00600001	0.00463876	0.00635163	0.0114378	0.000117021	0.045008	0.00489623	0.00967094	0.0158122	0.00258479	0.000611828	0.0117517	
0.0142007	0.0140256	3.18947e-05	6.20713e-05	0.000249364	0.535156	0.0418612	0.0046899	0.00754318	0.0121844	0.0304244	0.329194	2.832e-05	0.00772889	1.27308e-05	0.00228874	0.000103649	4.58344e-05	7.81481e-05	9.07467e-05	
0.000368702	0.0233179	0.000594538	0.0311911	0.000117726	0.000288434	0.0255346	0.206398	0.000406209	9.2273e-05	0.000328803	0.000113199	0.000185085	0.0320864	0.000279409	8.41335e-05	0.0194343	0.606907	0.0251148	0.0271576	
0.00648941	0.0189666	0.000340503	0.000308966	8.7478e-05	0.000136961	0.00449102	0.730679	0.000349241	0.00270833	0.000169648	0.000125214	0.000309342	0.031244	0.000134509	0.000149431	0.000126178	0.162613	0.0187	0.021871	
0.0403903	0.000258538	0.000191234	0.000186315	0.0507808	0.640516	0.029133	0.0175984	0.0369503	0.0197542	0.0399854	0.0413627	0.00012014	0.0500667	6.22409e-05	0.000180527	0.000206973	0.00453854	0.000730431	0.0269873	
0.000366909	0.000231983	0.000528737	0.000392631	0.0524691	0.000221978	0.000429231	0.5181	0.000303059	0.148662	0.0179654	0.000266727	0.000113272	0.000581347	9.10369e-05	8.85391e-05	0.000187335	0.169176	0.050685	0.03914	
