0.00168381	0.000821945	0.104714	0.0299484	0.0137111	0.000204885	0.000698384	0.00468109	0.0210655	0.00191409	0.00463399	0.0368141	0.0665476	0.014535	0.359368	0.186383	0.106099	0.0414297	0.000411312	0.00433567	
0.00597192	0.0199989	0.000591441	0.00137499	0.00088515	0.000283003	0.00141627	0.363497	0.000549887	0.0188902	0.0197455	0.000295552	0.0157559	0.00189176	0.000870035	0.00021255	0.0240991	0.495856	0.00943266	0.0183825	
0.129346	8.16702e-05	0.0507517	0.166901	0.000748494	0.00206262	0.0192876	0.0249982	0.0272422	0.0217401	0.000181229	0.0222778	0.268311	0.0354962	0.0185803	0.0583011	0.0367352	0.111713	0.000299007	0.00494631	
0.150568	0.00355831	0.166768	0.395878	0.00276301	0.00131734	0.00357111	0.00191005	0.0412347	0.0390851	0.00202278	0.0450897	0.00149831	0.0296549	0.0544013	0.0240143	0.0314017	0.00173312	0.00343684	9.31927e-05	
0.57458	0.0181799	0.00034932	0.000250805	0.011475	0.0144854	0.0132044	0.118841	0.0242228	0.132446	0.015676	0.0119434	8.79526e-05	0.0198254	0.00158445	0.00858732	0.000916757	0.0224117	0.00122027	0.00971248	
0.0137466	0.0313205	0.00493039	0.00120318	8.5457e-05	0.000756287	0.00299763	0.4175	0.00570149	0.399856	0.00137811	0.013102	0.000369454	0.00159368	0.000540714	0.000363276	0.00470003	0.081187	0.000140905	0.0185272	
0.158654	0.00252358	0.152577	0.402325	0.00184902	9.22283e-05	0.00293909	0.00201739	0.0320462	0.0574807	0.00536142	0.0372855	6.72984e-05	0.0319081	0.056482	0.0228475	0.0270861	0.00205761	0.00416491	0.000236184	
0.338413	0.000659304	0.342298	0.127396	0.000302349	0.000479226	0.0219256	0.011017	0.00321172	0.00833133	0.0326611	0.00229152	0.000116773	0.025795	0.0100526	0.0383797	0.0205222	0.000361117	0.00660476	0.00918216	
0.0206222	0.0116041	0.00238492	0.00465597	0.0865811	0.000963165	0.000502281	0.343229	0.00173312	0.469304	0.00784514	0.00212466	0.000142149	0.000563731	0.000167697	0.00270781	0.00133682	0.0276755	0.00166427	0.014192	
0.07907	0.00913978	0.00122933	0.00557282	0.0190491	0.0010873	0.00192965	0.00856883	0.156733	0.00336966	0.000209374	0.000146697	0.00242117	0.0173067	0.525162	0.0327849	0.000289874	0.114114	0.000301713	0.0215142	
0.230275	0.0040214	0.00120275	0.0865547	0.00392179	0.000507225	0.00244332	0.0172967	0.00795509	0.0313861	0.00139457	0.193844	7.79018e-05	0.187485	0.035262	0.0450562	0.0474383	0.000481342	0.000734515	0.102662	
0.0426341	0.0023695	6.03352e-05	0.152034	0.000528477	0.00670115	0.0363614	0.00261936	0.341609	0.0510206	0.00342389	0.0226101	5.9576e-05	0.0886612	0.230982	0.00383666	0.0115095	0.00209113	0.000412271	0.000476043	
0.0400064	0.00985326	0.00105802	0.00241112	0.0750675	0.377909	0.000731447	0.0324385	0.029422	0.0731699	0.0148305	0.0271975	0.254072	0.00551201	0.000236739	0.00675037	0.000311982	0.0329231	0.00638184	0.00971722	
0.0142215	0.0137017	0.00118055	0.00460788	0.0153634	0.000153161	0.0144525	0.14368	0.00611577	0.0157369	0.00193091	0.00321207	0.00136861	0.0183876	0.00399428	0.00100404	0.00913786	0.713956	0.00929669	0.00849858	
0.00439349	0.036986	0.00309532	0.00191103	0.000157277	0.000901405	0.00125611	0.617786	0.00131123	0.185153	0.0144997	0.000473047	0.000237438	0.00149746	0.000261303	0.000433437	0.000599625	0.114642	0.000955181	0.0134498	
0.000833742	0.142198	0.000569443	0.000907581	0.00175766	0.00108683	0.00474689	0.093576	0.0129903	0.38924	0.0145418	0.00849076	0.000642551	0.00569251	0.00150308	0.001276	0.00539592	0.296691	0.00108308	0.0167762	
0.0247534	0.0472706	0.0011269	0.000675584	0.000487459	0.000276578	0.00652104	0.0131876	0.00270527	0.112457	0.116464	0.0251872	0.000726119	0.00872988	0.000932672	0.0181317	0.0439585	0.554499	0.00195819	0.0199503	
0.000661225	0.0157487	0.646184	0.00351941	0.00389081	4.92082e-05	5.81384e-05	0.0209327	0.000768322	0.183473	0.061182	0.00259059	0.027664	0.00323658	0.00660639	0.00844149	0.0112612	0.00102768	0.00262746	7.71071e-05	
0.199803	0.00344408	0.0109425	0.00618159	0.00360558	0.0965646	0.000143874	0.00339638	0.000160623	0.00875796	0.0180596	0.617678	0.00654758	0.00879151	0.00783945	0.00111113	0.000281526	0.00359013	0.00300618	9.55098e-05	
0.035686	0.000482461	0.000307719	0.000942472	0.00468303	0.676889	0.0557079	0.00482264	0.0346938	0.00383066	0.0205718	0.0517224	0.00251898	0.0492229	0.000275965	0.000678834	0.00780748	0.0103875	0.000933865	0.0378344	
0.00631716	0.00316277	0.0236751	0.00406405	0.0373234	0.00116634	0.000340901	0.0941097	0.00366563	0.76308	0.0320225	0.00078725	9.91802e-05	0.00381523	0.000514096	0.000467839	0.000687508	0.0211051	0.000780885	0.00281571	
0.0529563	0.0299957	0.000252958	0.000203817	0.00253579	0.00228122	0.00474206	0.505088	0.00429211	0.0513392	0.00507153	0.00242137	0.000265092	0.00595043	0.000995321	0.00806073	0.015859	0.298957	0.000839917	0.00789268	
0.206963	0.139433	0.000392458	0.00391701	0.155247	0.00530656	0.000812165	0.18952	0.00158727	0.0801665	0.138694	0.000425486	0.000202468	0.00414044	0.000376153	0.000279429	0.000394462	0.0513562	0.00133548	0.0194515	
0.618443	0.00134536	0.00152255	0.00103101	0.000502101	0.000623131	0.00206939	0.00717474	0.041484	0.0238132	0.0296918	0.0363364	0.130386	0.00254356	0.000791035	0.0930031	0.000364313	0.00440882	0.00333727	0.00112872	
0.72919	0.0199864	0.000213263	0.000238323	0.000757979	0.0180578	0.0179081	0.0374847	0.0305959	0.0372456	0.00416782	0.0258326	7.73902e-05	0.0236288	0.00642139	0.0254305	0.00139631	0.0170982	0.00149477	0.00277366	
0.0710349	0.000100157	0.138318	0.358243	0.00167068	0.0339004	0.02705	0.000573265	0.00362849	0.00457471	0.00997658	0.0231057	0.000190831	0.0491146	0.000117008	0.173971	0.100318	0.00163665	0.000715731	0.00175958	
0.217519	0.0188892	0.00187034	0.0132488	0.312089	0.00366066	0.176921	0.000406209	0.0528783	0.0208585	0.016428	0.00668807	5.62185e-05	0.0143591	0.0168444	0.051965	0.0426902	0.00578724	0.000617494	0.026223	
0.0417028	0.0282954	0.000732408	0.000393892	8.28997e-05	0.000240746	0.00135007	0.342282	0.000603337	0.17782	0.0952794	0.00191875	0.00194454	0.00316258	0.00195177	0.000235797	0.00031067	0.276183	0.000203051	0.0253072	
0.00753831	0.00291222	0.0433742	0.0161517	0.00822029	0.00426194	0.0365642	0.0038033	0.0115611	0.00933746	0.00152741	0.0323811	0.000458244	0.020831	0.0350058	0.0332058	0.694182	0.0297908	0.00665353	0.00223969	
0.122636	0.000207781	0.0590128	0.140166	8.67127e-05	5.56837e-05	0.0173022	0.0187908	0.0121459	0.0151303	0.000185574	0.0181544	0.370373	0.0311843	0.0101477	0.0439756	0.0286099	0.110854	0.000843029	0.000138175	
0.107144	0.000245334	0.141601	0.557659	0.000140838	0.0262918	0.00120221	0.000229478	0.0326439	4.75823e-05	0.00146226	0.0112292	0.0256365	0.0400834	0.0234026	0.0204166	0.00757715	0.00283624	7.58764e-05	7.50194e-05	
0.38883	0.00238436	0.161032	0.00054511	0.000101515	0.000179953	0.0448053	0.0518106	0.0219678	0.0190339	0.0235903	0.0129422	0.000104805	0.17976	0.000883888	0.020339	0.0283532	0.0400575	0.0016919	0.0015861	
0.000366822	0.0423382	0.000699966	0.000184308	5.44652e-05	0.000134206	0.0216084	0.535121	0.00129924	0.0137144	0.212906	0.00434302	0.0014201	0.00605411	0.000471558	0.000366828	0.0014087	0.137576	0.000103383	0.0198289	
0.765805	0.000287561	0.000265641	0.000295166	0.00313098	0.0176327	0.00677981	0.00518675	0.00296992	0.0116596	0.0160713	0.0890811	0.00013945	0.0371134	0.0016288	0.0220207	0.0168246	0.000400993	0.000174653	0.00253175	
0.0619065	0.000468382	0.0571258	0.0136606	0.513961	0.000462434	0.000630857	0.0121129	0.0242746	0.13673	0.114526	0.00533931	0.000177716	0.00642605	0.0212948	0.000189992	0.00102761	0.000202901	0.0177148	0.0117675	
0.00110203	0.0223079	0.0910591	0.110151	0.000857645	0.0837418	0.00948694	0.00668185	0.000213878	0.0976634	0.527991	0.00364447	0.000229155	0.00538847	0.000163067	0.000518635	0.0267496	0.000511032	0.000942815	0.0105961	
0.355381	0.0282036	0.000272959	0.00095132	0.000701439	0.000203728	0.0153777	0.31837	0.0190487	0.0300682	0.00371564	0.0246628	0.000151305	0.0292434	0.00707468	0.000308075	0.0291356	0.103548	0.0174427	0.0161406	
0.000269669	0.000454114	0.010376	0.00130469	0.000828727	0.00243956	0.0218896	0.000142079	0.154526	0.000298868	0.0253556	0.00910813	4.58201e-05	0.000977192	0.608742	0.0083605	0.151672	0.00274495	0.000195224	0.0002691	
0.000386607	0.0137615	0.0281567	0.357839	0.0105051	0.00016502	0.184887	0.0318561	0.00707261	0.0320887	0.0205643	0.00748189	0.000787883	0.0120926	0.00138565	0.0192675	0.0432868	0.000289642	0.017826	0.210299	
0.114309	0.131353	0.00649086	0.00146448	0.000139851	0.486854	0.0396891	0.00216889	0.0256458	0.0515514	0.0320239	0.00165353	0.000252431	0.0519484	0.000130767	0.0116251	0.0417053	0.000769332	6.84433e-05	0.000156077	
0.0779992	0.0220694	0.0579103	0.0445158	0.00944077	0.000232364	0.00038613	0.00354185	0.00634317	0.000475632	0.0176551	0.00364102	0.000270199	0.00205049	0.44634	0.226365	0.0206616	0.0500834	0.000630748	0.00938768	
0.0391186	0.0305075	0.011398	0.0144374	0.000817311	0.00683806	0.000439772	0.270772	0.0062069	0.562637	0.00170499	0.0028505	0.00013154	0.00119362	0.00142106	0.00140379	0.00212812	0.0242529	0.0025793	0.0191622	
0.00847859	0.028567	0.000390139	0.00112459	0.000214395	0.000227904	0.00090147	0.633463	0.000522936	0.0112362	0.00048445	0.000303473	0.000474035	0.0364909	0.00108367	0.00031983	0.00196675	0.250967	0.0100608	0.0127219	
0.076415	0.0552704	0.00762582	0.00900649	0.00021732	0.00320924	0.0114617	0.0452464	0.00948586	0.599242	0.0557713	0.0228252	0.000740838	0.00440891	0.00187472	0.0171963	0.00532019	0.0547514	0.000176499	0.0197546	
0.212273	0.19676	0.0014533	0.01468	0.000154865	0.00517534	0.00864236	0.0097273	0.00970092	0.000737486	0.000461276	0.00011204	0.184495	0.0483948	5.67609e-05	0.064035	0.242246	0.000362799	0.000282187	0.000250212	
0.0332704	0.00512058	0.135841	0.045509	0.00753183	0.0338505	0.00152865	0.0700033	0.000634068	0.507793	0.147053	0.00263242	0.000205202	0.00104526	0.000343093	0.000176445	0.000565085	0.00175574	7.64856e-05	0.0050657	
0.0162272	0.0101985	0.00868903	0.0232961	0.00677439	0.00634408	0.0109475	0.000999829	0.000542995	0.074877	0.0024226	0.0161062	0.0486284	0.0196395	0.000414933	0.020641	0.603139	0.108932	0.0128046	0.00837454	
0.107144	0.000245334	0.141601	0.557659	0.000140838	0.0262918	0.00120221	0.000229478	0.0326439	4.75823e-05	0.00146226	0.0112292	0.0256365	0.0400834	0.0234026	0.0204166	0.00757715	0.00283624	7.58764e-05	7.50194e-05	
0.107144	0.000245334	0.141601	0.557659	0.000140838	0.0262918	0.00120221	0.000229478	0.0326439	4.75823e-05	0.00146226	0.0112292	0.0256365	0.0400834	0.0234026	0.0204166	0.00757715	0.00283624	7.58764e-05	7.50194e-05	
0.02435	0.0160574	0.00223877	0.00179039	0.0105856	0.000123244	0.122211	0.00581953	0.0996087	0.108856	0.0272165	0.0263175	0.000142806	0.0374357	0.415477	0.000432021	0.079362	0.0199784	0.000424338	0.0015732	
0.355495	0.0514089	0.000508857	0.000541695	0.00257117	0.00408946	0.00076166	0.0918611	0.00911617	0.124994	0.00068757	0.00897734	4.46735e-05	0.000706529	0.0586748	0.0347746	0.0483105	0.200491	8.65267e-05	0.00589744	
0.0712848	0.000104804	0.280762	0.10157	0.00842135	0.00495366	0.0119436	0.00229068	0.183383	0.00425297	0.000198646	0.0144071	0.000407798	0.159131	0.104276	0.0320272	0.0106832	0.000257252	0.00691815	0.00272726	
0.0712848	0.000104804	0.280762	0.10157	0.00842135	0.00495366	0.0119436	0.00229068	0.183383	0.00425297	0.000198646	0.0144071	0.000407798	0.159131	0.104276	0.0320272	0.0106832	0.000257252	0.00691815	0.00272726	
0.045738	0.022063	0.194355	0.0250328	0.00034211	0.038921	0.000208919	0.0170421	0.00843413	0.598457	0.011995	0.00901133	5.70801e-05	0.000825891	0.000171072	0.00200512	0.0121913	0.0010761	0.00179532	0.0102778	
0.0407299	0.000100823	0.279029	0.113006	0.00384449	0.149837	0.0249483	0.000127403	0.0332101	0.000541925	0.000880931	0.193458	8.93822e-05	0.101222	0.00519095	0.0239103	0.0258009	0.00015424	0.000267896	0.00365024	
0.0326484	0.0240359	0.213381	0.0282184	8.89015e-05	0.0196232	0.00281795	0.032527	0.00288094	0.606387	0.00373911	0.00307651	0.000349286	0.00136451	0.000510328	0.00033373	0.011851	0.001937	0.000781036	0.013449	
0.0255357	0.000506647	0.0783489	0.0456385	0.00180727	0.000147385	0.00392517	0.0029394	0.026072	0.00160924	0.00111941	0.0276609	0.715259	0.0100404	0.011171	0.0113441	0.00981251	0.00245889	0.0244484	0.000155487	
0.00920979	0.00062342	0.0481675	0.014722	0.00388122	0.0414878	0.00137123	0.00035405	0.00879857	0.247357	0.176555	0.00232195	0.119936	0.243987	0.00152981	0.0118556	0.042169	0.000242421	0.000209689	0.0252215	
0.00573099	0.0263046	0.0754008	0.00265629	0.161064	0.0033393	0.0162462	4.72017e-05	0.00109158	5.0382e-05	0.519379	0.013714	0.135985	0.00948358	7.27453e-05	0.00411193	0.000131439	0.00758681	0.00434632	0.0132584	
0.0540197	0.0153435	0.00026856	0.00482959	0.000414259	0.00040449	0.00965908	0.000790778	0.0124587	0.00153284	0.00059108	0.0239857	0.0123071	0.149807	0.135552	0.141548	0.0298265	0.377411	0.0119155	0.0173336	
0.0420547	0.00882488	0.0216252	0.07798	0.0105329	9.65701e-05	0.00318865	0.002925	0.0309953	0.000493421	0.00351481	0.00479211	0.0287538	0.125578	0.0733691	0.128899	0.426793	0.000136481	0.00439209	0.00505428	
0.333909	0.000205242	0.0139987	0.00432551	0.00322007	0.057954	0.00032722	0.00312677	0.000444616	0.00792998	0.0226235	0.535996	0.000115448	0.00434082	0.00783571	0.0021173	0.000260662	0.00010202	0.000970084	0.00019755	
0.00855089	9.48775e-05	0.00118929	0.00610478	0.641001	0.0128155	0.00250573	0.000153324	0.0167594	7.86997e-05	0.120393	0.0226834	0.0527916	0.022633	0.0229415	0.000301319	0.037729	0.00611378	0.0081385	0.0170215	
0.00586097	0.0116734	0.0118795	0.0062517	0.0421665	0.27464	0.0255912	0.000518804	0.000376684	0.0225766	0.000510025	0.000858633	0.000379145	0.0208798	0.000832786	0.000134341	0.446388	0.00474285	0.00381045	0.119928	
0.0216029	0.0191959	0.0018014	0.00361591	0.00464165	9.26574e-05	0.00357355	0.104057	0.00176834	0.0213098	0.00142104	0.0012487	0.000343303	0.00749526	0.000914708	0.000293576	0.00913979	0.781366	0.00730736	0.00881082	
0.00930653	0.00118709	0.0321739	0.0318611	0.000574624	0.013097	0.0575419	0.00613767	0.00590896	0.00106113	0.00621002	0.00793644	0.000206691	0.0499028	0.00442443	0.606267	0.131975	0.0326745	0.000920437	0.000632573	
0.00096025	0.02945	0.000487613	0.000621366	8.38225e-05	0.000238983	0.0895308	0.674032	0.000373232	0.00113821	0.000195769	0.000183376	0.00566629	0.0307605	0.000375793	0.000261265	0.00515444	0.14187	0.00881077	0.00980592	
0.000281911	0.0251691	0.137167	0.38567	0.00817559	0.000117409	0.00281767	0.0538209	0.000279542	0.115197	0.145826	0.000342065	0.00590846	0.000336694	0.0142359	0.0198115	0.0787318	0.000231226	0.00574523	0.000135118	
0.690708	0.0214891	0.000416681	0.000309406	0.00503557	0.00205739	0.0254567	0.0144264	0.0343045	0.0223672	0.0139331	0.0886623	0.000720045	0.0237369	0.0158175	0.00852804	0.000815713	0.01235	0.005313	0.0135528	
0.489745	0.00332548	0.000775866	0.000361225	0.00249685	0.0585105	0.0185069	0.027014	0.177922	0.00651589	0.0104181	0.0066725	0.000104501	0.0134435	0.120353	0.0386011	0.00217755	0.0151369	0.00107742	0.00684191	
0.000513101	0.0166692	0.0671898	0.403493	0.0160004	0.000201591	0.0503772	0.00116819	0.104264	0.000846094	0.00372988	0.0200624	0.000236134	0.0748945	0.0451101	0.011603	0.137583	0.0258333	0.00975397	0.0104711	
0.00334106	0.000154721	0.0133036	0.0276901	0.0198212	0.619019	0.0038734	0.0348681	0.00509193	0.0236502	0.0453649	0.10457	0.00292365	0.00670766	0.00285897	0.000322771	0.0785086	0.000265175	0.000266116	0.00739949	
0.00626935	0.0248569	0.00105358	0.000890155	0.00272095	0.000138587	0.0288135	0.0692659	0.0123464	0.00792476	0.000801487	0.0196806	0.00968805	0.0306613	0.013295	0.0220346	0.139222	0.583979	0.0100321	0.016325	
0.000788599	0.002715	0.0562136	0.0321185	0.00502822	0.00745055	0.0381705	0.000692496	0.00861664	0.0156912	0.00122314	0.00100046	0.000167992	0.0304165	0.000987751	0.115554	0.618455	0.0479406	0.0087184	0.00805088	
0.000565349	0.00964137	0.0296791	0.0446429	0.0982614	0.117797	0.0120676	0.000424896	0.000513667	0.0129549	0.000894473	0.000295708	0.00383738	0.00268909	0.000207825	8.30284e-05	0.536714	0.014773	0.00962475	0.104333	
0.000663007	0.0301789	0.000336203	0.000677998	7.69945e-05	0.000225064	0.0833722	0.670246	0.000386576	0.00161006	0.000194234	0.000172301	0.00518001	0.0323964	0.000376878	0.000228296	0.00471669	0.150965	0.00856905	0.00942793	
0.642467	0.0256962	0.000571458	0.000549664	0.0114551	0.000290361	0.0295378	0.0107986	0.0367983	0.018343	0.0234065	0.0956646	0.0018181	0.0314383	0.021257	0.0024778	0.000531858	0.0132433	0.00975045	0.023905	
0.217519	0.0188892	0.00187034	0.0132488	0.312089	0.00366066	0.176921	0.000406209	0.0528783	0.0208585	0.016428	0.00668807	5.62185e-05	0.0143591	0.0168444	0.051965	0.0426902	0.00578724	0.000617494	0.026223	
0.0012439	0.0247996	0.555864	0.0270552	0.0311413	0.000223304	0.00169472	0.02675	0.00308237	0.0487633	0.0679156	0.00079412	0.0110802	0.0563327	0.025322	0.0351223	0.0710691	0.000265346	0.00923494	0.00224583	
0.446202	0.0481479	0.000318903	0.000538213	0.00178523	0.00134535	0.0149253	0.0663848	0.0115113	0.100557	0.00629491	0.0035411	6.22269e-05	0.0200345	0.0296965	0.0592032	0.0268698	0.155067	0.00415323	0.00336095	
0.02421	0.0171035	0.00139732	0.00164905	0.0110978	0.0001195	0.123758	0.0054687	0.102051	0.108296	0.0264011	0.0286191	0.000145811	0.037201	0.403929	0.000456631	0.0864135	0.0198242	0.000410152	0.00144997	
0.00117279	0.0070867	0.0237466	0.0336577	0.0804079	0.154438	0.0159872	0.000402287	0.000336974	0.01497	0.00054115	0.000339481	0.00192179	0.0114648	0.000290601	7.60821e-05	0.523125	0.0121761	0.00743013	0.110429	
0.00880399	0.0285983	0.000391714	0.00110803	0.000211268	0.000215346	0.0009238	0.63396	0.000497898	0.0110455	0.000442228	0.000305921	0.000472075	0.0369995	0.0011264	0.000316794	0.00195916	0.249547	0.0102779	0.0127962	
0.124102	0.0109605	0.00880464	0.0221436	0.00382408	0.000894026	0.0105583	0.00126658	0.155088	0.0890629	0.000734762	0.000512857	0.000290403	0.264012	0.268342	0.0170789	0.00781246	0.00271439	0.00034489	0.0114533	
0.31037	0.0185835	0.000346365	0.0106571	0.000502437	0.000152425	0.0204656	0.00510464	0.122106	0.0110142	0.00415961	0.00529457	0.000143096	0.0195184	0.00346264	0.0299021	0.278296	0.143803	0.00514694	0.0109714	
0.59807	0.019691	0.00528913	0.00108313	8.96927e-05	0.00679557	0.000799621	0.0349015	0.0120053	0.245008	0.00207455	0.00905848	0.000135771	0.000472426	0.000162436	0.0140343	0.00397521	0.0356421	0.000292092	0.0104199	
0.0823162	0.0487925	0.000270914	0.00023539	0.00157071	0.00508512	0.00830278	0.432737	0.00650471	0.050536	0.00297519	0.00263986	0.000147765	0.00382638	0.000360874	0.019877	0.0230249	0.305367	0.000963908	0.00446592	
0.400546	0.000856839	0.209294	0.00857999	0.00262638	0.00147357	0.0388005	0.00062452	0.0239714	0.00211183	0.0287588	0.126871	0.000369258	0.0191506	0.0369761	0.0690613	0.00843674	0.000365132	0.0113055	0.00982078	
0.0385438	0.000225194	0.119373	0.0157052	0.000396308	0.030671	0.00476604	0.000309864	0.341668	0.0186329	0.0158097	0.0103074	0.303228	0.0161086	0.0318229	0.0113573	0.024761	0.0146036	0.000479209	0.00123205	
0.0407299	0.000100823	0.279029	0.113006	0.00384449	0.149837	0.0249483	0.000127403	0.0332101	0.000541925	0.000880931	0.193458	8.93822e-05	0.101222	0.00519095	0.0239103	0.0258009	0.00015424	0.000267896	0.00365024	
0.517423	0.0133446	0.000411182	0.00167467	0.000499742	0.00579164	0.00986833	0.0195692	0.076193	0.000841187	0.019186	0.0161	0.00014422	0.0200951	0.0104927	0.0814033	0.123092	0.0583161	0.0048412	0.0207133	
0.00739941	0.00264099	0.0240251	0.0257971	0.00457529	0.174043	0.000249189	0.00504577	0.263039	0.0157835	0.00334325	0.000197629	8.9787e-05	0.0817743	0.135633	0.047138	0.086656	0.118873	0.000361777	0.00333483	
0.235515	0.000290794	0.0008499	0.00329668	0.0101657	0.0166647	0.0106566	0.00134115	0.0172108	0.000279887	0.0030121	0.000733091	0.606018	0.00437949	0.0472806	0.0208813	0.0168072	0.00142216	0.000672563	0.00252263	
0.0710349	0.000100157	0.138318	0.358243	0.00167068	0.0339004	0.02705	0.000573265	0.00362849	0.00457471	0.00997658	0.0231057	0.000190831	0.0491146	0.000117008	0.173971	0.100318	0.00163665	0.000715731	0.00175958	
0.0127566	0.0148098	0.794823	0.0568768	0.000120962	0.000623158	0.0301945	5.81341e-05	9.27293e-05	0.0013938	0.000799954	0.00687675	5.73624e-05	0.0059312	0.00615924	0.0666353	0.000257734	0.00126814	0.000113588	0.000151088	
0.0218215	0.0120475	0.0024201	0.00531486	0.0868798	0.00125893	0.000510964	0.342995	0.0017367	0.46675	0.00759118	0.0021569	0.000143246	0.000552815	0.00016757	0.00273933	0.00137232	0.0273866	0.00166749	0.0144871	
0.185114	0.000936855	0.000523775	0.0135563	0.000407991	0.0276869	0.0543707	0.0521375	0.000309218	0.0169894	0.00954818	0.166103	0.0010474	0.0262201	0.0654705	0.027104	0.0201765	0.328818	0.00292156	0.000557941	
0.0648467	0.000885476	0.000589405	0.00078103	0.0176032	0.000333855	0.0231267	0.00588686	0.0131858	0.000324244	0.00353375	0.000835338	0.00157581	0.201892	0.350323	0.194815	0.0174434	0.100722	0.000738276	0.000557546	
0.00157572	0.0149376	0.000459392	0.00096175	0.00475226	0.000204693	0.0447007	0.392598	0.00368469	0.00315408	0.0227613	0.00144071	0.0190505	0.0342178	0.00355396	0.00160798	0.0129949	0.41293	0.0148589	0.0095556	
0.00604538	0.000105092	0.00126561	0.00500387	0.648515	0.00116913	0.00339883	0.000155583	0.0170843	7.89995e-05	0.122609	0.0210026	0.0544926	0.0248411	0.0246966	0.000305186	0.0375377	0.0068147	0.00827525	0.0166029	
0.000778098	0.031267	0.101704	0.011211	0.143879	0.0109561	0.000208389	0.0146321	0.0112842	0.000107673	0.264667	0.0202922	0.357525	0.0018005	0.000117293	0.00212839	0.000141318	0.0136241	0.00419455	0.00948187	
0.0163191	0.0156351	0.19895	0.00639166	0.00714837	0.00604007	0.000270626	0.0430806	0.00182123	0.664258	0.013371	0.00192851	8.71454e-05	0.00136226	0.000417635	0.000876007	0.00267899	0.00942027	0.000921455	0.00902201	
0.0267419	0.0296426	0.0191018	0.00544508	0.00643289	0.000363033	0.000702358	0.0159627	0.0446301	0.0024922	0.110466	0.00384152	0.000194826	0.0829688	0.554712	0.000524503	0.0257526	0.0517401	0.000206284	0.0180787	
0.78929	0.00284992	0.000185857	0.000289487	0.00141925	0.0147727	0.0112103	0.0141788	0.0181033	0.00511805	0.0162912	0.0489104	6.89022e-05	0.0334574	0.0105968	0.0216443	0.00516388	0.00250317	0.00124477	0.00270183	
0.0753266	0.000651803	0.00556514	0.000558721	0.0217401	0.000352847	0.0575052	0.00401482	0.152557	0.000232153	0.00457312	0.0944571	0.000121281	0.177724	0.324072	0.00101988	0.0295316	0.0482967	0.00128745	0.00041263	
0.0349148	0.000501926	0.070284	0.046732	0.0014947	5.53124e-05	0.00224151	0.000780302	0.0300648	0.00166497	0.000188414	0.0233122	0.718058	0.0118608	0.0121463	0.0128849	0.012437	0.00706461	0.0132667	4.64748e-05	
0.00568062	0.000139802	0.0137547	0.0282749	0.0221672	0.642395	0.000433267	0.0266643	0.00764801	0.000808795	0.0277041	0.131498	0.000582134	0.011753	0.00510994	0.000518978	0.0678903	0.000296824	0.000259732	0.00642088	
0.0220723	0.0295557	0.000882513	0.00140656	0.000482344	0.000248369	0.00443718	0.0248261	0.0289064	0.0208084	0.0011411	0.0335293	0.000610253	0.00616611	0.00149436	0.0089448	0.0195898	0.76836	0.0102461	0.0162927	
0.0353541	0.0214558	0.22127	0.0231638	0.000433681	0.0299581	0.000215343	0.0206876	0.00392316	0.603243	0.013436	0.00570682	5.86867e-05	0.0005952	0.000191764	0.000921485	0.0073063	0.0014498	0.000734954	0.00989452	
0.0607028	0.00536351	0.00472712	0.0953303	0.000185087	0.0398686	0.0182316	0.0123955	0.0842616	0.000253008	0.0165898	0.0017279	0.000133017	0.00209193	0.101231	0.0406895	0.141159	0.360745	0.000506947	0.0138068	
0.418664	0.000352494	0.000695396	0.000914472	0.00152146	0.0285821	0.000595152	0.0293885	0.00955202	0.0025873	0.0628434	0.0657808	0.0375725	0.0277771	0.195295	0.0301821	0.0688126	0.0163682	0.000665388	0.00185006	
0.0673529	0.0135879	0.000154727	0.000315977	0.0046819	0.088787	0.417659	0.163911	0.000712647	0.000146448	0.0334066	0.000216904	8.70656e-05	0.0530946	0.000122604	0.0515743	0.0450556	0.0515683	0.00743358	0.000130167	
0.466071	0.000467057	0.000474158	0.000515526	0.0215304	0.1975	0.0571234	0.011201	0.035075	0.0637289	0.0379957	0.011697	0.000154478	0.0382152	0.000170032	0.00698162	0.000400921	0.000430863	0.00155575	0.0487117	
0.223666	0.000802151	0.00189441	0.00482549	0.000438275	0.208035	0.0915383	0.00129625	0.00232616	0.000751602	0.00764727	0.00175019	0.000103192	0.0521973	0.00107326	0.229429	0.157656	0.0135279	0.000720041	0.000322906	
0.00650056	0.0181005	0.000630992	0.00153803	0.00141591	0.000182071	0.00138621	0.318193	0.000424999	0.0202302	0.017078	0.000276143	0.0101226	0.000759104	0.000946094	0.000160902	0.0188605	0.558514	0.00857548	0.016105	
0.000711829	0.0158094	0.647737	0.00364168	0.00370289	4.96413e-05	6.64282e-05	0.0214659	0.00117582	0.183823	0.06136	0.00256438	0.0272894	0.00228381	0.00603793	0.00765739	0.0110413	0.00102651	0.00246903	8.73706e-05	
0.00631716	0.00316277	0.0236751	0.00406405	0.0373234	0.00116634	0.000340901	0.0941097	0.00366563	0.76308	0.0320225	0.00078725	9.91802e-05	0.00381523	0.000514096	0.000467839	0.000687508	0.0211051	0.000780885	0.00281571	
0.45921	0.0432739	0.000560655	0.000650189	0.00113592	0.0192181	0.0171117	0.000823788	0.0131167	0.00548449	0.183653	0.00259685	0.0218242	0.0317625	0.000565169	0.0509111	0.0510306	0.0866907	0.00685719	0.00352319	
0.0870761	0.000996178	0.00442284	0.000253022	0.000292762	0.0152248	0.00599552	0.0171973	0.10596	0.0291638	0.0208501	0.0205894	0.00142641	0.0920982	0.404923	0.0230277	0.132388	0.0362875	0.00061143	0.00121621	
0.0368058	0.00464053	0.146797	0.0504366	0.00633782	0.0367759	0.00067936	0.0491981	0.000599676	0.535763	0.120554	0.00335409	0.000125072	0.000600312	0.000231535	0.000338941	0.000436237	0.0012842	0.000120955	0.00492054	
0.772942	0.00447126	0.000260393	0.00034622	0.00127585	0.0109332	0.0206357	0.0169375	0.0221956	0.00429201	0.0174153	0.0440065	6.5591e-05	0.0350088	0.0109969	0.0268592	0.00328852	0.00349682	0.0032534	0.00131908	
0.000576282	0.000199221	0.00048041	0.000487997	0.0123586	0.493372	0.0280951	0.0252773	0.0106741	0.0628555	0.073286	0.011742	0.0110918	0.0147785	6.95132e-05	0.000281832	0.127489	0.000154269	0.000314198	0.126416	
0.14339	0.063231	0.00679617	0.0226609	0.0383681	0.00145358	0.0522388	0.000961336	0.0239489	0.518533	0.0192694	0.00981947	0.000184096	0.000718344	0.0279877	0.00103514	0.0360228	0.00460146	0.000465466	0.0283144	
0.107054	0.000181491	0.0381591	0.172175	0.00412389	0.0140736	0.00229592	0.0256152	0.148586	0.0272215	0.000195321	0.0624762	0.0618112	0.030265	0.0756085	0.0589409	0.0637017	0.0432165	0.000126711	0.0641717	
0.00157645	0.0351042	0.107686	0.0168451	0.111503	0.00846875	0.000420154	0.017359	0.0136029	0.000128013	0.249432	0.0181375	0.38844	0.00142603	0.000339203	0.00372327	0.00026432	0.0131791	0.00279162	0.00957321	
0.547672	0.0367278	0.000918282	0.000679016	0.0249877	0.00329765	0.00814323	0.00411268	0.023963	0.000651338	0.00427961	0.0485584	0.000143597	0.050309	0.00312311	0.143987	0.0121286	0.0348541	0.000270897	0.0511929	
0.170843	0.00628303	0.000431712	0.000635336	0.00999171	0.497145	0.0500487	0.015943	0.0399064	0.00294022	0.037051	0.0155919	0.00197974	0.0432423	0.000398889	0.106026	0.000462798	0.000400076	0.00029339	0.000386383	
0.0240271	0.0195168	0.00158524	0.00287054	0.00349191	9.73181e-05	0.00406826	0.0924745	0.00217413	0.0206612	0.00115111	0.00149487	0.00051046	0.00691106	0.00103355	0.000412909	0.01346	0.787627	0.00624442	0.0101874	
0.059595	0.0283751	0.0615149	0.0647138	0.000127036	0.0531451	0.00308737	0.461146	0.00235138	0.238532	0.00065871	0.00261779	0.000282104	0.00106871	0.000540904	0.000416682	0.0013896	0.000677547	0.000511884	0.0192477	
0.0285782	0.375864	0.0416438	0.0144944	8.17393e-05	0.00014204	0.012801	0.154892	0.0162565	0.106844	0.0734887	0.017167	0.0211766	0.0169603	0.000168259	0.00213796	0.00904278	0.106807	7.34993e-05	0.00138068	
0.00408815	0.0377139	0.00209793	0.00118491	7.80745e-05	0.00065617	0.00036644	0.567503	0.00179071	0.243427	0.00847128	0.000901972	9.49538e-05	0.000938765	0.000185898	0.000419938	0.000841601	0.1145	0.000569991	0.0141686	
0.0169565	0.0327823	0.000601781	0.00523301	0.000521627	0.000510145	0.012882	0.0419367	0.000365906	0.19175	0.452387	0.00018902	7.8393e-05	0.0196454	0.00032788	9.10892e-05	0.142904	0.0611789	0.0108974	0.00876045	
0.208507	0.0240472	0.00244086	0.000442872	0.0142934	0.0433524	0.0163141	0.00035336	0.0928951	0.0106212	0.00287376	0.530572	0.00487381	0.00137759	0.000695318	0.00301579	0.00181805	0.0318094	0.0095125	0.000184451	
0.00244437	0.0225611	0.480329	0.159276	0.0137529	0.000241134	0.000340121	0.0187852	0.0139184	0.00759161	0.0323967	0.000708415	0.0788642	0.00292928	0.0822332	0.0545611	0.0123685	0.00793902	0.00854818	0.000212368	
0.000614765	0.0174917	0.639429	0.00391599	0.00484405	5.00436e-05	6.43087e-05	0.0173595	0.000714061	0.182294	0.0629817	0.00417333	0.0324599	0.0045694	0.00908212	0.00602645	0.00872362	0.00150683	0.00361487	8.4959e-05	
0.000595731	0.000157445	0.000468752	0.000401776	0.0121298	0.492278	0.0270103	0.0246824	0.0110323	0.0635241	0.074442	0.0105458	0.0116117	0.0143793	7.26484e-05	0.000277413	0.130268	0.000172112	0.000323231	0.125627	
0.000969451	0.000592096	0.0748906	0.0417887	0.00326525	0.000387288	0.0273095	0.00046443	0.00178972	0.0118081	0.00255318	0.00350519	0.000123023	0.0502412	0.00503696	0.242346	0.478425	0.0465569	0.00531128	0.00263632	
0.00428007	0.0268205	0.0616466	0.00150807	0.168309	0.000595032	0.0156519	5.07762e-05	0.00125342	4.12814e-05	0.523678	0.0137339	0.140363	0.00965224	8.03346e-05	0.00557027	0.000158578	0.00862245	0.004325	0.01366	
0.726714	0.0138318	0.000303302	0.000284661	0.00127801	0.00813664	0.0217735	0.0250848	0.0274806	0.0487826	0.00413967	0.0410854	8.95264e-05	0.0252753	0.00820479	0.022991	0.00362321	0.0144917	0.0024374	0.00399182	
0.0218229	0.000453796	0.00799708	0.00482433	0.0490586	0.00277206	0.0269442	0.00142565	0.118232	0.000361552	0.0167028	0.0205965	7.83903e-05	0.000797101	0.613071	0.00456813	0.0922527	0.0134274	0.00040283	0.00421081	
0.0310242	0.00110505	0.00169642	0.00966502	0.00494615	0.0783652	0.000420051	0.0106906	0.0082993	0.390054	0.212408	0.0263735	0.000228652	0.000886173	0.108014	0.000851188	0.0417616	0.04805	0.00557989	0.0195809	
0.026847	0.000467694	0.0751586	0.0447497	0.00177631	0.00013146	0.00359386	0.00137956	0.0263626	0.0016394	0.000331263	0.0260233	0.723408	0.0101424	0.0111348	0.0115306	0.0100921	0.00284459	0.0222882	9.88913e-05	
0.0155449	0.0171137	0.340437	0.276235	0.0197118	0.00537792	0.00033066	0.0362278	0.00376462	0.0024223	0.0372749	0.000509116	0.000285785	0.215998	0.000197187	0.001644	0.0153727	0.000213058	0.0109884	0.000350694	
0.152729	0.0303972	0.0034693	0.00586503	0.00022556	0.00262882	0.000345752	0.158896	0.00892072	0.539938	0.00840457	0.00456055	0.000124378	0.00109255	0.000462137	0.00691588	0.00374787	0.0542845	0.00126886	0.0157235	
0.0451939	0.0220726	0.00622033	0.209437	0.00206235	0.000265919	0.000774598	0.286109	0.0505772	0.0644494	0.0542643	0.000394312	0.000190308	0.0150598	0.0240192	0.00386745	0.022996	0.179676	0.00423718	0.00813278	
0.107054	0.000181491	0.0381591	0.172175	0.00412389	0.0140736	0.00229592	0.0256152	0.148586	0.0272215	0.000195321	0.0624762	0.0618112	0.030265	0.0756085	0.0589409	0.0637017	0.0432165	0.000126711	0.0641717	
0.0218608	0.00020298	0.000781968	0.0240687	0.571827	0.012261	0.000718969	0.00228754	0.0259699	0.0155094	0.0114268	0.00149919	0.00307599	0.033614	0.0062091	0.000252929	0.159849	0.0187229	0.0121545	0.0777072	
0.647308	0.0152934	0.000269037	0.00043629	0.000183284	0.0838645	0.00913139	0.000533116	0.0460309	0.000221366	0.00799373	0.00472661	0.000132476	0.0288979	0.0170519	0.0917329	0.00076062	0.0273663	0.000622115	0.017444	
0.19441	0.0344768	0.0335002	0.109202	0.0349278	0.00269836	0.000811482	0.00299486	0.1457	0.0197057	0.00044214	0.0186518	0.000265468	0.152328	0.193068	0.00562002	0.000741791	0.0492581	0.000738066	0.000458534	
0.0426341	0.0023695	6.03352e-05	0.152034	0.000528477	0.00670115	0.0363614	0.00261936	0.341609	0.0510206	0.00342389	0.0226101	5.9576e-05	0.0886612	0.230982	0.00383666	0.0115095	0.00209113	0.000412271	0.000476043	
0.0668683	0.000560339	0.000246397	0.0704574	0.03808	0.0444703	0.628255	0.00281717	0.00300197	0.00446532	0.0420106	0.0300666	0.000121821	0.00763413	0.00028807	0.00092833	0.0159921	0.00343493	0.0165292	0.0237723	
0.0172435	0.000192099	0.0966656	0.0119187	0.0222555	0.390613	0.00187528	0.00191311	0.0587139	0.000665882	0.0111803	0.202032	0.000180421	0.146622	0.0252892	0.00752927	0.00113246	0.000414959	0.000527654	0.00303575	
0.0302984	0.00348122	0.129706	0.0463228	0.0107989	0.0310565	0.000940929	0.0716727	0.000418684	0.524569	0.14268	0.00107022	0.000138025	0.000731491	0.000272489	0.00018161	0.000345613	0.00228183	7.60618e-05	0.00295748	
0.0385438	0.000225194	0.119373	0.0157052	0.000396308	0.030671	0.00476604	0.000309864	0.341668	0.0186329	0.0158097	0.0103074	0.303228	0.0161086	0.0318229	0.0113573	0.024761	0.0146036	0.000479209	0.00123205	
0.0330594	0.0241829	0.000617643	0.000572387	0.000173077	0.000261322	0.00146888	0.356066	0.000430847	0.175051	0.0821869	0.00107504	0.00167905	0.00752354	0.00275945	0.000270016	0.000359425	0.287867	0.000466188	0.0239287	
0.0310102	0.061766	0.000382202	0.000704676	0.000161626	0.344921	0.00254389	0.147549	0.00794275	0.147258	0.00107365	0.00214885	0.000297232	0.00884887	0.000668983	0.00044844	0.0307633	0.19102	0.00201662	0.018475	
0.0267227	0.0338221	0.00849148	0.0145124	0.000623634	0.000778907	0.0203464	0.0198496	0.000903574	0.00130297	0.00183819	0.024907	0.000158453	0.0526157	0.0132249	0.170896	0.601577	0.00540325	0.00115526	0.000870814	
0.000739596	0.0289981	0.00149962	0.000736175	0.000121229	0.00030616	0.0974944	0.673132	0.000468373	0.000652045	0.000240272	0.000317919	0.00353985	0.0326456	0.000317768	0.000327725	0.008143	0.128933	0.0100305	0.0113569	
0.492647	0.00248024	0.027045	0.194478	0.00252377	0.00476434	0.0477204	0.00927371	0.00452809	0.000794195	0.0196155	0.0425463	9.91298e-05	0.0309138	0.0374301	0.0665661	0.0128059	0.00262968	0.00026434	0.000874553	
0.00953393	0.0142499	0.802634	0.0603271	0.00257254	0.000685112	0.0207299	0.00170988	0.000222517	0.00156745	0.00600001	0.00547571	0.00198821	0.00943706	0.00554505	0.0525251	0.00231013	0.000354383	0.00188138	0.000250474	
0.00606539	0.00831329	0.223018	0.00737011	0.0137876	0.000928688	0.00019678	0.053687	0.00097446	0.624529	0.0396574	0.00184445	7.33818e-05	0.00160654	0.000697196	0.000603563	0.000899564	0.0111628	0.000729935	0.00385521	
0.0387832	0.0271522	0.000457225	0.000224256	0.000273546	8.31868e-05	0.0161914	0.561278	0.00180713	0.00965322	0.000979313	0.00238752	0.000249101	0.0867417	0.0234709	0.000180635	0.000851876	0.196558	0.0139974	0.0186803	
0.475758	0.00367511	0.0237742	0.186184	0.00264868	0.00470728	0.0614666	0.0120776	0.00510309	0.00103931	0.020494	0.0481928	9.43415e-05	0.0306297	0.0431824	0.0639154	0.0127637	0.00277189	0.00040533	0.00111586	
0.0445458	8.93213e-05	0.000161281	0.0169321	0.0126341	0.184627	0.0122688	0.00425139	0.0231653	0.000500381	0.0236377	0.000211574	0.00233782	0.00431697	0.00436919	0.000264597	0.165515	0.00305179	0.00678615	0.490333	
0.0591197	0.0199404	0.0212515	0.0153241	0.000639648	0.00232195	0.00417241	0.01276	0.0199505	0.0502374	0.00104747	0.0136803	0.000167327	0.0681543	0.688088	0.000959381	0.0030774	6.1701e-05	0.001387	0.0176597	
