0.00420039	0.00943595	0.00160908	0.11536	0.406651	0.000293636	0.018732	0.167732	0.0355225	0.157228	0.000376232	0.000392123	0.00616298	0.0307728	0.00903651	0.00249504	0.00474985	0.0287268	0.000320585	0.000202438	
0.0616205	0.00695043	0.253332	0.204626	0.00141562	0.000104304	0.0568446	0.000272606	0.0172466	0.00181122	0.00394806	0.0955184	0.00839365	0.0876079	3.79674e-05	0.111207	0.0557597	0.0170238	0.0161828	9.74281e-05	
0.000930857	0.0124116	0.0147189	0.000131646	0.000244141	6.16703e-05	0.00172005	6.78744e-05	0.0490732	4.04827e-05	0.138131	0.0236852	0.04264	0.0818668	0.355834	0.155339	0.122692	0.000131335	0.000103902	0.000176022	
0.0188028	0.00254826	8.31459e-05	8.4599e-05	0.00401793	4.03062e-05	0.000436959	0.579348	0.000323419	0.0197081	0.0640855	0.000127994	0.00104637	0.000665237	8.21104e-05	5.35137e-05	0.0399381	0.265567	0.000343976	0.00269631	
0.00619064	0.000509563	0.0258512	0.405998	0.00106437	0.00237476	0.0240869	0.00297429	0.0378013	0.0014873	0.000593087	0.00657008	0.42138	0.0354658	0.0110143	0.00602089	0.00618517	0.00114552	0.0019744	0.00131141	
0.067418	0.00249608	0.134641	0.27274	3.13732e-05	0.0020048	0.00616498	0.00328162	0.0387202	0.0110623	8.17328e-05	0.167776	9.34612e-06	0.229308	0.0346429	0.0137795	0.014741	3.46988e-05	6.45158e-05	0.0010019	
0.641042	0.0014527	0.000236545	0.000170097	0.00145681	0.0208401	0.0188249	0.091296	0.0233084	0.102819	0.0051327	0.0199109	3.47238e-05	0.030195	0.00134779	0.00813804	0.000879634	0.0241691	0.00183426	0.00691114	
0.00149355	0.0249379	0.000204819	0.000340205	5.79902e-05	0.000127007	0.000234629	0.630997	0.000486353	0.217838	0.000262177	0.000139422	5.62732e-05	0.000256987	8.95122e-05	0.000108245	0.000183941	0.104527	0.000158542	0.0175003	
0.333113	0.000356446	0.089284	0.421332	0.000839034	0.00162838	8.73512e-05	0.000199646	0.0454842	0.00575208	0.000809892	0.0264403	1.93626e-05	0.0340192	0.0100257	0.0141632	0.0136578	0.00225123	0.000436608	0.000100473	
0.23824	0.000358725	0.473867	0.206118	0.000397877	7.84005e-05	0.000396127	0.000434277	0.000252352	0.000385888	0.0133622	0.00020208	2.83541e-05	0.0174513	0.00503993	0.0219712	0.0111957	0.000127284	0.00145389	0.00863946	
0.148996	0.000380931	0.000445748	0.00294087	0.0683609	0.000368808	0.000445317	0.354262	0.000344984	0.173776	0.0931135	0.000103312	0.000125234	0.00252302	0.000195952	8.95807e-05	0.000149509	0.0473638	0.00359026	0.102424	
0.123391	0.0217415	0.0138877	0.00433324	0.00566977	9.49565e-05	0.00014696	0.00713704	0.323345	0.000360188	0.000217607	0.000161001	0.00010484	0.0813534	0.372555	0.0182443	0.000128307	0.022234	0.000100861	0.00479302	
0.067418	0.00249608	0.134641	0.27274	3.13732e-05	0.0020048	0.00616498	0.00328162	0.0387202	0.0110623	8.17328e-05	0.167776	9.34612e-06	0.229308	0.0346429	0.0137795	0.014741	3.46988e-05	6.45158e-05	0.0010019	
0.00560788	0.000984512	0.000912463	0.103159	0.0045682	0.0256146	0.0227295	0.000490545	0.445977	0.00873301	0.00249268	0.0447156	4.47495e-05	0.080265	0.236977	0.00130666	0.00708491	0.00672401	0.000228748	0.00138313	
0.0378712	0.0390187	0.000144335	0.000222783	0.112784	0.383331	0.0112175	0.0613323	0.0298588	0.087571	0.0114007	0.00377788	0.151819	0.0191912	6.70081e-05	0.0121202	0.000611785	0.0366304	0.000181037	0.000848803	
0.00535059	0.000560694	0.000235281	0.000158571	0.117467	0.000108396	0.0075681	0.168273	0.0178622	0.00787319	0.000286094	0.00221134	0.00110882	0.0187415	0.00511994	0.000153443	0.00122225	0.63161	0.00349963	0.0105906	
0.00222769	0.0290182	0.00150664	0.00283406	0.000167589	0.000502412	0.00160509	0.552014	0.000271914	0.141825	0.054097	0.000183014	0.000341494	0.00331257	0.000183472	0.000260693	0.000148325	0.176967	0.00395692	0.0285771	
0.000479507	0.0339132	0.000544335	0.000424884	0.000162344	0.000187104	0.000253111	0.0859807	0.00297933	0.352867	0.0408197	0.00116333	9.29041e-05	0.000778418	0.000141634	0.000726239	0.000921873	0.450928	0.00146707	0.0251692	
0.0228856	0.00140504	0.000403166	0.00056694	0.0065351	0.000233814	0.000212682	0.00607049	0.000275016	0.0792237	0.378303	0.000951965	7.9531e-05	0.00372725	4.05125e-05	0.00162667	0.0686567	0.426176	0.000469632	0.00215773	
0.000204513	0.0130401	0.676852	0.00830348	0.0310212	4.5635e-05	4.6295e-05	0.0346519	0.00411486	0.0802123	0.0291224	0.000623748	0.00441367	0.00408032	0.0171319	0.0230403	0.0634954	0.000111543	0.00944123	4.7156e-05	
0.013318	0.0181001	0.0116288	0.000750147	0.0126774	0.00221162	7.9538e-05	0.000125953	6.71265e-05	0.036575	0.15127	0.662277	0.016874	0.0402913	0.0171072	0.000154221	0.000294574	0.0040988	0.0120209	7.84162e-05	
0.0798057	0.000222312	0.000183142	0.000281052	0.0158715	0.614404	0.0393932	0.012838	0.0321437	0.00933508	0.0791699	0.0249598	0.000367342	0.0383576	9.24596e-05	0.000157658	0.00142726	0.00901014	0.000278727	0.0417018	
0.00084629	0.000486348	0.00684765	0.000366918	0.0914471	0.000431283	0.000232837	0.137776	0.000232366	0.568113	0.165768	0.000403168	5.158e-05	0.000206824	5.41232e-05	0.00010049	0.000168704	0.0120423	0.000243908	0.0141808	
0.0188028	0.00254826	8.31459e-05	8.4599e-05	0.00401793	4.03062e-05	0.000436959	0.579348	0.000323419	0.0197081	0.0640855	0.000127994	0.00104637	0.000665237	8.21104e-05	5.35137e-05	0.0399381	0.265567	0.000343976	0.00269631	
0.0165021	0.0619035	0.000933517	0.00149508	0.190036	0.0039986	0.00025592	0.158864	0.000178241	0.028188	0.461571	0.000117355	0.000158684	0.00267947	7.58284e-05	8.29352e-05	7.8427e-05	0.0408825	0.00119447	0.0308043	
0.607971	0.00244142	0.000323309	0.000246778	0.000810638	0.000117237	0.0121806	0.0196797	0.0352742	0.00510735	0.060579	0.0265092	0.150807	0.000838324	0.000252424	0.065531	0.000138806	0.00207008	0.00744622	0.00167645	
0.682037	0.0211969	9.49836e-05	0.000135311	0.000399203	0.0088833	0.0451081	0.00694299	0.0215913	0.00225903	0.115239	0.0132401	4.05896e-05	0.0357493	0.005077	0.0331471	0.000261169	0.0047088	0.0016442	0.00224397	
0.0102175	0.00673406	0.0992492	0.515375	0.00959722	0.00245998	0.0141212	0.00260567	0.000124973	0.000328412	0.051246	0.00494181	0.000114468	0.146918	0.000180683	0.0964387	0.027093	0.00495478	0.00720417	9.49642e-05	
0.0262755	0.0473238	0.020366	0.0584091	0.00906006	2.84305e-05	0.188184	0.000101311	0.212289	0.00140036	0.100452	0.0660892	0.00772977	0.0708314	0.0237599	0.0205663	0.0813886	0.000740855	0.0370729	0.0279314	
0.224338	0.0298453	0.000167174	0.000375027	0.0001276	7.94276e-05	0.00123564	0.134058	0.000219074	0.0806057	0.252825	0.000177729	5.12915e-05	0.00134452	0.000133357	6.62852e-05	0.020255	0.225792	0.00418152	0.0241226	
0.00379838	0.00178946	0.0245249	0.00255797	0.00711528	0.000616944	0.0257311	0.000259905	0.0122312	0.00977523	0.000525674	0.0327383	8.42997e-05	0.00443562	0.0223694	0.0154729	0.809931	0.0233098	0.00129931	0.00143354	
0.0957059	0.0226561	0.0376237	0.0956536	0.00913883	0.000910068	0.000347705	0.00239186	0.0517379	0.000168819	0.0163387	0.00599444	0.56549	0.000716054	0.00203762	0.00448824	0.0202042	0.0374004	0.0168756	0.0141201	
0.0726757	0.000256615	0.213722	0.454172	0.00162566	0.0189942	0.00281919	7.98856e-06	0.0453445	0.000803769	5.20543e-05	0.0174406	0.0825838	0.0488346	0.00452434	0.0184829	0.0137495	0.00276932	1.08627e-05	0.00113045	
0.192086	0.00443334	0.0850361	0.0132569	9.6796e-05	2.62142e-05	0.0118817	0.0104927	0.173658	0.018155	0.13615	0.00673479	1.76029e-05	0.237284	0.0616594	0.00998558	0.0270455	0.010311	0.00162553	6.43088e-05	
0.000623404	0.0282605	0.00085833	0.000324365	8.602e-05	0.000202247	0.00559403	0.3591	0.000165413	0.00304182	0.447608	0.000223875	0.000827749	0.0204708	0.00011111	0.000208121	0.000102388	0.096058	0.0114052	0.0247281	
0.372186	0.00154287	0.00025034	0.000137353	0.00227083	0.00861568	0.00909785	0.000172845	0.000244526	0.00471506	0.00295588	0.52336	2.85746e-05	0.0430432	6.59463e-05	0.00938754	0.0167701	0.000148282	0.00415487	0.000852022	
0.0299127	0.000425447	0.145281	0.0280922	0.580849	9.5278e-05	0.000165181	0.00512458	0.00430504	0.0476626	0.126636	2.98346e-05	4.28645e-05	0.00813978	0.00627086	3.43908e-05	2.59632e-05	3.30325e-05	0.0164067	0.000467394	
0.0119918	0.0180841	0.000339772	2.46771e-05	0.00523538	2.24209e-05	0.0122077	0.0129351	8.48254e-05	0.0186756	0.8791	0.000106967	1.07893e-05	0.00419594	4.68615e-05	0.00171333	0.016729	0.0030054	0.00228589	0.0132043	
0.422436	0.00455025	0.000171871	0.00015772	0.000343583	7.52627e-05	0.014676	0.36873	0.00055741	0.01444	0.0479163	0.00213718	4.7964e-05	0.0221882	0.000287237	0.0114259	0.0339644	0.051077	0.00154138	0.00327643	
0.000635474	0.0174543	0.00811801	0.00406402	0.00170513	0.000112504	0.000633337	0.000172424	0.357204	0.00716863	0.122405	0.00982706	0.000138189	0.00659332	0.286439	0.0118961	0.162827	0.00105977	8.7564e-05	0.00145797	
1.56127e-05	2.30382e-05	0.034719	0.175508	0.0983492	0.00252391	0.430825	3.14569e-05	0.00382159	0.00155394	0.00638052	0.0138492	9.74801e-07	0.000951464	0.0172696	0.00218263	9.55189e-06	3.21581e-05	2.42308e-05	0.211929	
0.143818	0.275188	0.000202829	0.000111129	0.00151118	0.288755	0.0406085	0.0292046	0.0275654	0.0698741	0.0385206	0.0152077	0.000173146	0.0392982	3.2252e-05	0.00270585	0.025623	0.000110616	0.000105936	0.00138369	
0.0256985	0.0454243	0.0632771	0.0420353	0.000431937	8.00487e-05	0.00049505	0.000322526	0.000475079	0.000367252	0.00196497	0.00046489	0.000146079	0.000739874	0.504901	0.257077	0.0175362	0.0377541	0.000313514	0.000495011	
0.0146909	0.0349704	0.0272356	0.00418805	0.000109345	0.00652285	0.00212927	0.478818	0.000864855	0.36945	0.0151518	0.00323685	0.000222296	0.00110409	0.000269538	0.000163492	0.00084055	0.012356	0.000181414	0.0274948	
0.00907061	0.0293517	0.000792281	0.000873202	8.63531e-05	0.000282801	0.0129633	0.594439	0.000443837	0.00698612	0.000190034	0.00022953	0.00178355	0.0211737	0.000299644	0.000170084	0.00274183	0.281441	0.01024	0.0264418	
0.0427015	0.0187032	0.000189044	9.83515e-05	0.000105682	4.48708e-05	0.000521268	0.0227616	0.00041737	0.575403	0.171202	0.00140016	2.48284e-05	0.00954527	0.000129716	0.003651	0.015551	0.12949	0.0012443	0.00681523	
0.197884	0.424037	0.000912844	0.000415566	0.000272523	0.00378621	0.000735041	0.00263852	0.000253214	0.000294421	0.000621069	0.000160595	0.161766	0.000722002	6.88266e-05	0.0403785	0.164141	0.000412864	0.000250906	0.000248201	
0.00452199	0.0364849	0.00535081	0.00350882	6.6534e-05	0.00170631	8.85538e-05	0.064505	0.000486309	0.21403	0.628798	0.000622149	1.55232e-05	0.000320532	4.36928e-05	0.000292532	0.00528334	0.00775701	0.000482316	0.0256361	
0.0261658	0.0206988	0.0100426	0.00275334	0.00344314	0.00103013	0.000553493	0.000241766	0.0147394	0.00771249	0.0436186	0.0298554	0.0262981	0.0507785	0.000120469	0.0128674	0.643274	0.0847631	0.0126557	0.00838757	
0.0400703	2.15464e-05	0.258964	0.112489	0.000126047	0.148684	0.0311953	2.49988e-05	0.0507695	2.41799e-05	0.0144787	0.191337	0.0153317	0.0749138	0.0316012	0.0153076	0.00994994	3.93175e-05	5.81752e-05	0.00461352	
0.0726757	0.000256615	0.213722	0.454172	0.00162566	0.0189942	0.00281919	7.98856e-06	0.0453445	0.000803769	5.20543e-05	0.0174406	0.0825838	0.0488346	0.00452434	0.0184829	0.0137495	0.00276932	1.08627e-05	0.00113045	
0.0652384	0.00473995	0.0119606	0.164018	0.000609086	0.00271191	0.0305687	0.00580154	0.195796	0.014976	0.0292376	0.0157387	5.7077e-06	0.225784	0.197478	0.00480976	0.0190356	0.00521466	0.00436966	0.00190617	
0.0479719	0.327927	0.00268343	0.00678898	0.00559297	0.00230629	0.000408878	0.225298	0.00423717	0.0862862	0.0621328	0.000728194	7.85108e-05	0.0199624	0.0149471	0.00283934	0.00221973	0.187496	4.01098e-05	5.54667e-05	
0.106553	8.52616e-05	0.488159	0.107908	0.000481397	0.00482354	0.0222229	6.97359e-05	0.0901784	0.000196454	0.00112023	0.107006	5.78456e-05	0.0339434	0.0195273	0.00900081	0.00366854	7.35292e-05	0.0014846	0.00343904	
0.0369577	0.000563937	0.0111303	0.0920631	0.0612648	0.00824502	0.0310995	0.0257464	0.105297	0.00276418	0.00611563	0.000462174	6.03839e-05	0.428779	0.117838	0.00324679	0.0483149	0.0012431	0.00148818	0.0173205	
0.03529	0.000744512	0.147121	0.121563	0.0155751	0.00773589	0.000101991	0.0156255	0.00838364	0.640749	0.000557205	0.00264629	4.94449e-05	0.000212951	0.00115629	0.000110619	0.00162211	7.74626e-05	0.000143838	0.000534617	
0.0400703	2.15464e-05	0.258964	0.112489	0.000126047	0.148684	0.0311953	2.49988e-05	0.0507695	2.41799e-05	0.0144787	0.191337	0.0153317	0.0749138	0.0316012	0.0153076	0.00994994	3.93175e-05	5.81752e-05	0.00461352	
0.111609	0.041817	0.0497056	0.042301	0.000668935	0.0648376	0.000311644	0.0639793	0.0115898	0.576474	0.000354081	0.00519381	4.47021e-05	0.000295005	0.000148604	0.000794524	0.00392988	0.000900894	0.000378972	0.024666	
0.00619064	0.000509563	0.0258512	0.405998	0.00106437	0.00237476	0.0240869	0.00297429	0.0378013	0.0014873	0.000593087	0.00657008	0.42138	0.0354658	0.0110143	0.00602089	0.00618517	0.00114552	0.0019744	0.00131141	
0.06137	0.0147024	0.0230162	0.00272648	0.00107301	0.00852454	0.000256861	6.22857e-05	0.000168428	0.0949143	0.430066	0.155395	0.0506348	0.13681	0.000907728	0.000202507	0.00262897	9.99555e-05	0.000113922	0.0163266	
0.0871638	0.017982	0.0199156	0.00693407	0.075084	0.0218804	0.0373688	3.09999e-05	6.66757e-05	3.60493e-05	0.615266	0.0579992	0.0102331	0.0242194	6.94537e-05	0.00881446	6.92588e-05	0.0027177	0.00657673	0.00757171	
0.0621685	0.0306944	0.000205213	0.0059454	0.000157569	7.98292e-05	0.0226007	0.000196742	0.00755454	0.00012223	0.00144474	0.0203123	0.0072517	0.081192	0.146283	0.0251965	0.0467536	0.495958	0.0206762	0.0252065	
0.0731245	0.000762605	0.141511	0.215677	0.000813573	5.38874e-05	0.0296992	0.000636441	0.050386	0.000275135	0.00270698	0.0316094	0.0207708	0.16438	0.0809449	0.0844382	0.0899334	0.00010717	0.00226778	0.00990173	
0.341442	0.0115162	0.00961395	0.0446522	0.0268152	0.0814522	8.31559e-05	7.54249e-05	0.0122814	0.0445012	0.0193797	0.367588	0.0065196	0.00132844	0.0126537	0.00197032	0.000120475	0.00363652	0.0143146	5.60623e-05	
0.00318546	5.16414e-05	0.00020476	0.00403549	0.668412	0.00271919	0.000428671	3.63262e-05	0.0102077	2.88334e-05	0.0718663	0.000164327	0.0043851	0.0231023	0.00596572	3.99034e-05	0.177022	0.00216673	0.00945022	0.016528	
0.00165414	0.0147001	0.0444427	0.0169548	0.231748	0.0179652	0.0146475	9.6434e-05	0.00017628	0.0120065	0.0068378	0.000111211	0.000376747	0.0226372	0.000109115	4.81567e-05	0.517616	0.00825822	0.0109755	0.0786385	
0.00226828	0.0172783	5.8465e-05	0.00424122	4.36101e-05	3.53986e-05	0.000419871	0.139949	0.000308569	0.0149897	0.0281987	0.000121129	1.27776e-05	0.00134104	0.00110315	7.10901e-05	0.0279765	0.708921	0.0355452	0.0171166	
0.00191578	9.038e-05	0.12966	0.0938021	0.00759199	0.000130819	0.0244684	0.000146317	0.0139949	0.0350811	0.0270386	8.44785e-05	0.000242645	0.0448986	3.22258e-05	0.480109	0.0835738	0.0364298	0.0148843	0.0058245	
0.000146386	0.0209322	0.000245847	0.00017091	3.91663e-05	7.48808e-05	0.079658	0.711113	7.02157e-05	3.5784e-05	7.91442e-05	4.03853e-05	0.00109608	0.0302434	5.2662e-05	4.84689e-05	0.00283762	0.125188	0.0141843	0.0137436	
0.000157501	0.0143925	0.120931	0.495391	0.0127453	4.91705e-05	0.000116159	0.0446657	9.48507e-05	0.165908	0.0250123	0.000311491	0.00465156	0.000131391	0.0107891	0.0437166	0.0488852	7.46979e-05	0.0118633	0.000112561	
0.678312	0.00208077	0.000130401	9.61797e-05	0.000115533	3.05471e-05	0.0391113	0.00421162	0.0256568	0.00131422	0.000671149	0.0020624	3.19905e-05	0.0098325	0.0429477	0.00104672	8.56914e-05	0.00905851	0.0103279	0.172877	
0.256753	0.00356473	0.0061616	0.000116466	0.00822408	0.0518894	0.106495	0.0104976	0.286702	0.00976678	0.000206845	3.87019e-05	0.000386283	0.000112934	0.225019	0.0127646	0.00317078	0.00943159	0.000351027	0.00834703	
0.0262755	0.0473238	0.020366	0.0584091	0.00906006	2.84305e-05	0.188184	0.000101311	0.212289	0.00140036	0.100452	0.0660892	0.00772977	0.0708314	0.0237599	0.0205663	0.0813886	0.000740855	0.0370729	0.0279314	
0.000426195	0.000186899	0.0745896	0.0212591	0.0197224	0.717397	0.00185239	0.00638681	0.0067417	0.0540181	0.051957	0.000557012	0.0209189	0.0057471	7.93613e-05	0.0100975	0.00646921	0.000252577	0.000311762	0.00102917	
0.00224816	0.0172603	6.04989e-05	0.00419484	4.36706e-05	3.60985e-05	0.000411313	0.140025	0.000269929	0.0149735	0.0282406	0.00012196	1.08751e-05	0.00130975	0.0011267	7.10269e-05	0.0279776	0.709372	0.0354547	0.0167918	
0.000256776	0.000592855	0.171471	0.0389603	0.00055728	0.00298401	0.0288878	0.000256659	0.00327866	0.0022542	0.000646087	0.000213691	6.04609e-05	0.0366377	0.000191841	0.0570075	0.615247	0.0388189	0.000860924	0.000816584	
0.000613585	0.0135016	0.0640004	0.019295	0.293339	0.0155844	0.00633852	8.43813e-05	0.000154371	0.0062302	0.00220146	8.4889e-05	0.000859128	0.0167387	9.89943e-05	3.23326e-05	0.491585	0.0113218	0.00972549	0.0482109	
0.000197461	0.0209512	0.000219082	0.000177251	3.9286e-05	7.50094e-05	0.0790889	0.710414	7.56828e-05	7.79664e-05	7.88803e-05	3.901e-05	0.0010962	0.0304058	5.49632e-05	4.83506e-05	0.00280447	0.126574	0.0136947	0.0138875	
0.680133	0.00731595	0.000122185	0.000114557	0.000206889	3.24499e-05	0.0386362	0.00393097	0.025029	0.00136315	0.0153496	0.00434178	3.12227e-05	0.0113323	0.0400868	0.000891453	8.89524e-05	0.00886224	0.010281	0.151851	
0.457671	0.00138688	0.00898214	0.101134	0.0659512	0.00374576	0.11794	0.00573597	0.0684746	0.0124077	0.000114477	3.75045e-05	4.34802e-05	0.0378617	0.0149724	0.0526463	0.0104224	0.00242772	0.00245933	0.0355853	
0.000117145	0.00910116	0.688073	0.0219686	0.0638139	2.57052e-05	5.69896e-05	0.0254041	0.000542417	0.0552741	0.0335397	5.13238e-05	0.00240872	0.00261394	0.0031745	0.0230653	0.0624937	5.1235e-05	0.00818039	4.38631e-05	
0.541563	0.127114	0.000562659	0.00154568	4.19218e-05	5.25044e-05	0.00111141	0.0617495	0.00146533	0.0252643	0.00117495	0.000234757	9.38519e-05	0.00772423	0.000120571	0.0237139	0.056836	0.139089	0.00196131	0.00858072	
0.0189611	0.0876173	0.000337826	0.000838587	0.00519507	0.000456962	0.136256	0.00146082	0.093499	0.0140682	0.0425768	0.0422189	7.32757e-16	0.0878733	0.184439	4.13848e-05	0.246809	0.0354473	0.00155661	0.000347485	
0.0394153	0.0204403	0.000203154	0.000254161	5.56996e-05	8.1741e-05	0.00289768	0.677029	0.00202662	0.0057245	0.000166187	0.000107582	0.000115433	0.0164129	0.00120095	8.5952e-05	0.00200191	0.206164	0.00450722	0.0211103	
0.149559	0.00690665	0.0689709	0.0188933	0.000124694	3.166e-05	0.0119922	0.00527704	0.228443	0.024142	0.0716084	0.00417324	2.57259e-05	0.279606	0.0913821	0.00930449	0.019847	0.00907797	0.000444917	0.000189612	
0.420407	0.0801671	0.010658	0.0210593	4.89623e-05	9.84371e-05	0.000199536	0.0220173	0.0129766	0.0279741	0.0142099	0.00175277	2.77225e-05	0.0175559	4.49263e-05	0.0125103	0.104286	0.248851	0.00105362	0.00410156	
0.554587	0.0504478	0.00117936	0.0014874	8.42613e-05	0.0069953	9.6205e-05	0.0307812	0.00832663	0.272976	0.000297857	0.00115061	3.20319e-05	0.000202594	3.91403e-05	0.0115133	0.011652	0.028296	0.00183188	0.0180236	
0.106992	0.0535757	0.000808543	0.000781422	0.000147396	0.00648478	0.00771858	0.448457	0.000200087	0.0169051	0.000365699	0.000154327	0.000115427	0.0174371	6.10591e-05	0.0237013	0.0204456	0.282906	0.00735897	0.00538335	
0.106553	8.52616e-05	0.488159	0.107908	0.000481397	0.00482354	0.0222229	6.97359e-05	0.0901784	0.000196454	0.00112023	0.107006	5.78456e-05	0.0339434	0.0195273	0.00900081	0.00366854	7.35292e-05	0.0014846	0.00343904	
0.0726757	0.000256615	0.213722	0.454172	0.00162566	0.0189942	0.00281919	7.98856e-06	0.0453445	0.000803769	5.20543e-05	0.0174406	0.0825838	0.0488346	0.00452434	0.0184829	0.0137495	0.00276932	1.08627e-05	0.00113045	
0.0400703	2.15464e-05	0.258964	0.112489	0.000126047	0.148684	0.0311953	2.49988e-05	0.0507695	2.41799e-05	0.0144787	0.191337	0.0153317	0.0749138	0.0316012	0.0153076	0.00994994	3.93175e-05	5.81752e-05	0.00461352	
0.582519	0.0818514	5.56646e-05	0.000588493	0.0352531	0.00418407	2.49751e-05	0.00755995	0.0546543	3.96096e-05	0.0228207	0.0127947	2.12263e-05	2.66357e-05	0.00182782	0.0801752	0.0470452	0.0360735	5.83866e-05	0.0324255	
0.0356629	0.0121264	0.00881657	0.0251682	3.5133e-05	0.0387744	0.0197221	0.00891882	0.47007	0.00114501	0.027891	0.0118013	1.33763e-05	0.0640077	0.071378	0.0355916	0.0876034	0.0709474	6.40416e-05	0.0102631	
0.171527	0.00692418	0.0234927	0.000256797	0.00700324	0.0139057	0.0266244	0.00290426	0.0420541	0.000252101	0.0724266	0.00338108	0.570747	0.00296642	0.0122519	0.0171706	0.00978825	0.0101632	0.0006687	0.00549216	
0.0726757	0.000256615	0.213722	0.454172	0.00162566	0.0189942	0.00281919	7.98856e-06	0.0453445	0.000803769	5.20543e-05	0.0174406	0.0825838	0.0488346	0.00452434	0.0184829	0.0137495	0.00276932	1.08627e-05	0.00113045	
0.00865266	3.46869e-06	0.865204	0.0407262	3.82959e-06	1.38032e-05	0.0161451	0.00703395	0.000147946	8.84408e-06	0.0383865	0.00915579	8.91703e-07	0.00282587	0.00373558	0.00790868	2.86231e-06	3.08459e-05	8.69458e-06	4.12459e-06	
0.00228698	0.000531593	0.00113885	0.00946858	0.198472	0.000852442	0.000992063	0.390836	0.000795298	0.348788	0.000382836	0.000140604	0.000447027	0.00380606	0.000280461	0.000151297	0.000183499	0.0373202	0.00256748	0.00055906	
0.186373	0.138725	0.000185863	0.00960395	0.000183838	0.0117586	0.0154464	0.0218619	0.000748489	0.007022	0.00976367	0.00737474	9.57595e-05	0.003168	0.0793883	0.0461642	0.0253274	0.431486	0.000358651	0.00496473	
0.000930857	0.0124116	0.0147189	0.000131646	0.000244141	6.16703e-05	0.00172005	6.78744e-05	0.0490732	4.04827e-05	0.138131	0.0236852	0.04264	0.0818668	0.355834	0.155339	0.122692	0.000131335	0.000103902	0.000176022	
0.00123446	0.00945201	0.000812839	0.00323405	0.00639065	0.000432634	0.0635848	0.416218	0.000583931	0.000101859	0.0518212	9.47917e-05	0.00654923	0.0444178	0.000554168	0.000130785	0.00217681	0.370532	0.0150345	0.006644	
0.00187222	4.88362e-05	0.000204996	0.00369164	0.670668	0.00090544	0.000431472	3.71749e-05	0.00948445	2.78467e-05	0.0741422	0.000143533	0.00420158	0.0223035	0.00617229	3.90166e-05	0.179155	0.00233822	0.00801089	0.0161215	
0.0121035	0.029445	0.0216872	0.00532296	9.14425e-05	0.00362911	0.00076813	0.143466	0.0022947	0.698141	0.0359497	0.00215132	0.000150902	0.000496505	0.00018887	0.000216446	0.00111367	0.0165792	0.000394475	0.0258107	
0.0330836	0.0433416	0.0183012	0.000777373	0.00020732	5.7657e-05	0.000106884	0.0788657	0.0535443	0.00216173	0.267218	0.00311227	7.86329e-05	0.0335466	0.270111	0.000106196	0.024927	0.170153	0.00010536	0.000194848	
0.502847	0.130586	0.000276591	0.000222337	0.0101608	0.00837955	0.0239141	0.0258696	0.0355978	0.0732502	0.0435933	0.0083949	4.17634e-05	0.035365	0.000195189	0.00192829	0.000146952	0.000127896	0.00683617	0.0922664	
0.00739765	0.00165875	0.014591	0.00619023	0.00520554	0.000104882	0.0683767	0.00046309	0.298663	0.00271189	0.0171427	0.0442606	4.21677e-05	0.261022	0.178214	0.000260791	0.00155625	0.0910789	0.000959938	0.000100661	
0.0726757	0.000256615	0.213722	0.454172	0.00162566	0.0189942	0.00281919	7.98856e-06	0.0453445	0.000803769	5.20543e-05	0.0174406	0.0825838	0.0488346	0.00452434	0.0184829	0.0137495	0.00276932	1.08627e-05	0.00113045	
0.0102965	0.000257029	0.0424868	0.0285871	0.020644	0.651643	0.00117718	0.000828894	0.040911	0.0131109	0.0236308	0.150073	0.000389145	0.0109556	0.00379279	0.000270636	0.000311642	9.69021e-05	0.000394914	0.000141999	
0.00211268	0.0380204	0.000243967	0.00049369	0.000153515	0.000106747	0.0053404	0.0167978	0.0136556	0.00742273	0.00094364	0.0173833	0.000731802	0.0122946	0.00110036	0.0212886	0.012574	0.805366	0.0163505	0.0276199	
0.0353897	0.000743795	0.147024	0.121229	0.0156016	0.00757312	9.69148e-05	0.0155961	0.00834905	0.641164	0.000559075	0.00264754	4.9439e-05	0.000212555	0.00116005	0.000114025	0.00173195	7.78942e-05	0.000145104	0.000534686	
0.0356629	0.0121264	0.00881657	0.0251682	3.5133e-05	0.0387744	0.0197221	0.00891882	0.47007	0.00114501	0.027891	0.0118013	1.33763e-05	0.0640077	0.071378	0.0355916	0.0876034	0.0709474	6.40416e-05	0.0102631	
0.465004	9.21397e-05	0.0324986	0.0157599	0.000780404	0.0220652	0.000112751	0.0124852	0.000274281	8.06429e-05	0.000598702	0.168311	0.0424672	0.00575263	0.130472	0.0244029	0.0634894	0.0124559	0.000193362	0.00270273	
0.114845	0.0276287	5.70122e-05	7.88329e-05	0.00336932	0.060908	0.371854	0.161835	0.000236231	4.76705e-05	0.0912815	3.80065e-05	1.37164e-05	0.0510698	4.40694e-05	0.026219	0.031557	0.0520306	0.00683534	5.12895e-05	
0.406303	0.00134501	0.000238117	0.000146276	0.0167968	0.112511	0.0285094	0.068338	0.0195152	0.140655	0.0773906	0.0134204	3.64002e-05	0.0167956	0.000148024	8.83063e-05	0.000126354	7.37668e-05	0.00116936	0.0963938	
0.322076	0.000242106	0.000705371	0.000375038	0.000155396	0.167782	0.0933426	0.000677734	0.000477121	0.000241807	0.00318736	0.000970133	3.50877e-05	0.0471304	0.00025942	0.175389	0.181105	0.00534999	0.000343715	0.000155692	
0.00225198	0.0172603	6.05028e-05	0.00420661	4.36113e-05	3.55467e-05	0.000411313	0.140033	0.000292581	0.014986	0.0282045	0.00012196	1.08716e-05	0.00130967	0.0011103	7.10091e-05	0.0279914	0.709367	0.035455	0.0167774	
0.000107843	0.00916584	0.710899	0.0189677	0.0463013	2.61915e-05	3.46025e-05	0.0290955	0.000421956	0.0623213	0.0300984	4.97586e-05	0.00190338	0.00176628	0.00387795	0.0200383	0.0572375	4.95828e-05	0.00759951	3.75459e-05	
0.00084629	0.000486348	0.00684765	0.000366918	0.0914471	0.000431283	0.000232837	0.137776	0.000232366	0.568113	0.165768	0.000403168	5.158e-05	0.000206824	5.41232e-05	0.00010049	0.000168704	0.0120423	0.000243908	0.0141808	
0.430018	0.124774	0.00111225	0.000321185	0.00213834	0.0126595	0.0262301	3.29792e-05	8.30567e-05	0.00276403	0.291144	0.0192983	0.00141122	0.00349955	4.43769e-05	0.0273253	0.0219058	0.0167752	0.00159263	0.0168701	
0.064873	0.00467503	0.0119433	0.162844	0.000765009	0.0027663	0.030617	0.00579844	0.194795	0.0148973	0.0290859	0.0155672	5.83151e-06	0.227982	0.197698	0.00480607	0.0193009	0.00521636	0.00432961	0.00203359	
0.114289	0.00952308	0.0777007	0.0269855	0.00652134	0.0799625	0.00196224	0.00827848	0.000109102	0.371452	0.290096	0.00143754	0.000213925	0.00104124	5.14973e-05	0.000173057	8.32523e-05	8.64622e-05	0.000155417	0.00987781	
0.684242	0.024922	0.000102291	0.000179006	0.000167953	0.00686517	0.0490396	0.00550099	0.0248375	0.00188234	0.114206	0.0105903	3.97636e-05	0.0370932	0.000774216	0.0352614	0.000218977	0.00292974	0.000883726	0.000263703	
0.000225099	0.000136234	0.000138544	0.00215956	0.0556475	0.466013	0.130715	0.0343538	0.0184107	0.0630553	0.0657353	0.0155289	0.00535122	0.0191897	2.41956e-05	0.000156536	0.0292448	9.26907e-05	0.000151474	0.0936707	
0.0619045	0.0833356	0.000983199	0.0105088	0.171908	0.000509971	0.0831783	0.000152882	0.0135587	0.426645	0.0180488	0.00230683	9.24989e-05	0.000498764	0.0239781	0.000193531	0.0174439	0.0134787	0.000519892	0.0707541	
0.0430774	4.34766e-05	0.031378	0.367177	0.00727949	0.00638719	2.08544e-05	0.0702234	0.177132	0.0157214	0.0134715	0.037268	0.0154493	0.0537779	0.0334906	0.00832539	0.0257449	0.0487725	0.000116957	0.0451425	
0.0185204	0.00223115	0.00906899	0.0800605	0.00697545	0.0603619	0.000153131	0.0158501	0.028791	0.000192719	0.0693629	0.00574245	0.6726	0.000984066	0.000382427	0.0109649	0.000451673	0.00437918	0.00726593	0.00566143	
0.582519	0.0818514	5.56646e-05	0.000588493	0.0352531	0.00418407	2.49751e-05	0.00755995	0.0546543	3.96096e-05	0.0228207	0.0127947	2.12263e-05	2.66357e-05	0.00182782	0.0801752	0.0470452	0.0360735	5.83866e-05	0.0324255	
0.126519	0.0087913	0.000161726	0.000356919	0.000357266	0.612691	0.0460773	0.00225747	0.0366875	0.0292744	0.0486936	0.00130836	0.000229636	0.0442592	6.07044e-05	0.0411615	0.000483077	0.000219501	0.000102974	0.000307301	
0.0615845	0.0347645	0.000409221	0.000242032	0.000124957	0.000140769	0.0168864	0.0489573	0.00234562	0.00935132	0.000265806	0.000220461	0.000184727	0.00475074	0.000192358	0.00301906	0.00794984	0.772486	0.0120379	0.0240863	
0.0883485	0.0265074	0.122789	0.0575075	0.000126623	0.0474923	0.000693406	0.47344	0.000777606	0.139062	0.000251265	0.000129092	0.000384736	0.00884036	0.000335888	0.000180949	0.000142492	0.000124474	0.0114852	0.0213817	
0.106983	0.513725	0.0265932	0.016696	5.18338e-05	0.000209466	0.0197254	0.0334936	0.0156551	0.0599853	0.0898306	0.00801163	0.00865636	0.0266605	5.2542e-05	0.001231	0.00749349	0.0647807	7.28407e-05	9.17751e-05	
0.00149176	0.0249337	0.000172469	0.000359499	5.79285e-05	0.000125921	0.000244372	0.630782	0.00050793	0.217633	0.000262194	0.000140169	5.53348e-05	0.000317179	8.94567e-05	0.000106157	0.000179337	0.104872	0.000158973	0.0175111	
0.0143295	0.029143	0.00305683	2.73986e-05	8.36471e-05	0.00032207	3.463e-05	0.0226077	7.11099e-05	0.0658939	0.678029	0.000987763	2.89556e-05	0.0626537	3.40138e-05	0.00018315	0.0652951	0.0339924	0.000424946	0.0228014	
0.0242873	0.0080163	0.0130913	0.00337742	0.00503933	0.114484	0.00836366	0.000134751	0.151072	0.0354625	0.00118754	0.610803	0.000228593	0.00474163	0.00336847	0.0018754	0.000134468	0.00179598	0.0124311	0.000105835	
0.0163123	9.47933e-05	0.396754	0.183659	6.90954e-05	0.000170051	0.000152896	0.0192482	0.0636014	7.63092e-05	0.00325232	0.00509081	0.277416	0.0049786	0.00372713	0.0115562	0.000140919	0.0132798	0.000312793	0.000107268	
0.000356398	0.0282008	0.739479	0.00098413	0.0193816	0.000114974	6.73378e-05	0.00131544	0.000180316	0.0555848	0.0515373	0.0182778	0.0140875	0.0312738	0.0195489	0.00082652	0.000827203	0.00024394	0.0176289	8.35042e-05	
0.000302827	0.000436628	0.116508	0.0537358	0.000697565	0.00205639	0.00877718	0.00029573	0.000192763	0.00207968	0.000496922	0.0214696	5.94793e-05	0.0379858	0.000221548	0.159453	0.550179	0.042908	0.00147659	0.000667353	
0.0899201	0.0182335	0.0167229	0.00630101	0.0788269	0.0201515	0.0395736	3.31776e-05	6.22445e-05	3.52089e-05	0.611876	0.0589656	0.00763285	0.0247069	7.09925e-05	0.00946571	6.61532e-05	0.00291291	0.00697733	0.00746564	
0.685059	0.0131894	0.000370565	0.000206944	0.00689313	0.000153203	0.0201609	0.00203132	0.0780511	0.00497672	0.0255201	0.00084546	5.54626e-05	0.112702	0.00123554	0.0154516	0.00975008	0.00156547	0.0142225	0.00755941	
0.0536312	0.000286222	0.000736116	0.000473944	0.0368744	0.00604138	0.0335145	0.000528281	0.0374462	0.000285197	0.0033522	0.00609383	0.000109614	0.000364156	0.774569	0.00509592	0.000385972	0.0390676	0.000481242	0.000662982	
0.0307504	0.000507031	0.000293082	0.00031701	0.00986698	0.0830735	0.000522445	0.00351499	0.000252758	0.237999	0.360228	0.00287887	7.51608e-05	0.000592318	0.0899724	0.0001054	0.00975685	0.0575077	0.000164783	0.111622	
0.0245521	0.00930485	0.141751	0.0227567	0.0259888	0.0119496	0.000199042	0.0223321	0.0204239	0.0001425	0.0367399	0.0344213	0.598445	0.0060698	0.00406703	0.00314077	0.0062015	0.00820834	0.00291344	0.0203929	
0.00150345	0.0102099	0.270468	0.275453	0.00907881	0.00115368	0.000128065	0.019101	0.00894981	0.00284485	0.0369166	0.000103328	0.000452695	0.189235	0.000725812	0.113109	0.0431617	9.13403e-05	0.0132931	0.00402072	
0.0209237	0.0399077	0.00162965	0.00210621	0.000228042	0.000664948	0.000322757	0.256198	0.00249248	0.555391	0.000772842	0.00103747	0.000147202	0.000507851	0.00013875	0.00063778	0.00717283	0.0866823	0.00302243	0.0200161	
0.0430774	4.34766e-05	0.031378	0.367177	0.00727949	0.00638719	2.08544e-05	0.0702234	0.177132	0.0157214	0.0134715	0.037268	0.0154493	0.0537779	0.0334906	0.00832539	0.0257449	0.0487725	0.000116957	0.0451425	
0.0430774	4.34766e-05	0.031378	0.367177	0.00727949	0.00638719	2.08544e-05	0.0702234	0.177132	0.0157214	0.0134715	0.037268	0.0154493	0.0537779	0.0334906	0.00832539	0.0257449	0.0487725	0.000116957	0.0451425	
0.0176126	9.81116e-05	0.000517013	0.0267483	0.72621	0.0116176	0.000410375	0.00552529	0.0362711	0.0066639	0.00342604	0.000599033	0.00496349	0.0394733	0.0105937	0.000104072	0.0138097	0.0117341	0.00437174	0.0792507	
0.545221	0.0503675	0.000338542	0.00011388	0.000783603	0.0465912	0.0605757	0.00336788	0.025401	0.00122954	0.117984	0.00901323	2.99574e-05	0.0486873	0.00186653	0.0704574	0.000222606	0.0143922	0.00108696	0.00226945	
0.0761619	0.00573466	0.00950017	0.194479	0.000479966	0.00230317	0.0288305	0.00585925	0.203816	0.0158067	0.0342791	0.0197228	3.74267e-06	0.196419	0.176726	0.00550779	0.0152385	0.00546381	0.003372	0.000296113	
0.0761619	0.00573466	0.00950017	0.194479	0.000479966	0.00230317	0.0288305	0.00585925	0.203816	0.0158067	0.0342791	0.0197228	3.74267e-06	0.196419	0.176726	0.00550779	0.0152385	0.00546381	0.003372	0.000296113	
0.0380057	0.000550712	5.01138e-05	0.00900359	0.163562	0.147836	0.470257	0.000462753	0.015834	0.00177358	0.0889031	0.0158585	4.10364e-05	0.00785772	2.58709e-05	0.000191149	0.000146192	0.00236826	0.00812872	0.0291445	
0.0400703	2.15464e-05	0.258964	0.112489	0.000126047	0.148684	0.0311953	2.49988e-05	0.0507695	2.41799e-05	0.0144787	0.191337	0.0153317	0.0749138	0.0316012	0.0153076	0.00994994	3.93175e-05	5.81752e-05	0.00461352	
0.00580312	0.000598271	0.00120452	0.00654663	0.0634458	0.00144644	9.49933e-05	0.131984	0.000561278	0.384469	0.329737	0.000177094	1.60045e-05	0.000262978	5.52166e-05	0.000129266	0.000212433	0.00782349	0.00311938	0.0623132	
0.0336123	0.000282462	0.000329393	9.90663e-05	8.50924e-05	0.0180673	0.0079424	0.000280944	0.527491	0.0173012	0.000187293	0.00495603	0.24065	0.0185685	0.0200496	0.0140149	0.0530864	0.0426234	0.000162627	0.000209885	
0.00405184	0.0571612	0.000663564	0.000150692	0.000806573	0.000245196	0.000128516	0.424066	7.50544e-05	0.0911352	0.154546	0.000361294	2.85058e-05	0.0268239	0.00814167	0.000414283	0.000102709	0.223344	4.7902e-05	0.00770638	
0.0190281	0.0909917	0.000322229	0.000157421	0.000128273	0.326773	0.000459737	0.184223	0.00142488	0.15757	0.000586131	0.000877901	9.97324e-05	0.000469001	0.000127463	0.000192787	0.00396395	0.198398	0.00032039	0.0138861	
0.042885	0.00517453	0.00386164	0.00693864	0.000893043	0.000450425	0.018953	0.000341358	0.000306875	0.00321222	0.000892597	0.00413034	7.90234e-05	0.0430546	0.00288053	0.184281	0.676726	0.00277761	0.00112623	0.00103557	
0.000139034	0.0209641	0.00029822	0.00016478	5.17026e-05	8.13527e-05	0.0764457	0.717093	7.56785e-05	4.01724e-05	0.000103248	4.48454e-05	0.000109019	0.030102	6.72742e-05	4.9043e-05	0.0036191	0.12282	0.0134203	0.0143122	
0.333113	0.000356446	0.089284	0.421332	0.000839034	0.00162838	8.73512e-05	0.000199646	0.0454842	0.00575208	0.000809892	0.0264403	1.93626e-05	0.0340192	0.0100257	0.0141632	0.0136578	0.00225123	0.000436608	0.000100473	
0.00865266	3.46869e-06	0.865204	0.0407262	3.82959e-06	1.38032e-05	0.0161451	0.00703395	0.000147946	8.84408e-06	0.0383865	0.00915579	8.91703e-07	0.00282587	0.00373558	0.00790868	2.86231e-06	3.08459e-05	8.69458e-06	4.12459e-06	
0.00470024	0.0308234	0.00527615	0.0106321	0.000117745	0.00192099	0.000340338	0.151055	0.00081313	0.663647	0.0836226	0.00119748	0.000138803	0.000513607	0.000141217	0.000272425	0.00048103	0.0152486	0.000241212	0.0288169	
0.050065	0.0204935	0.00013737	0.00014198	7.78635e-05	5.25404e-05	0.00381775	0.66814	0.00547108	0.00510484	0.000209787	0.000271609	8.77423e-05	0.0199481	0.00215274	9.7181e-05	0.00149838	0.196961	0.00435911	0.0209132	
0.0761619	0.00573466	0.00950017	0.194479	0.000479966	0.00230317	0.0288305	0.00585925	0.203816	0.0158067	0.0342791	0.0197228	3.74267e-06	0.196419	0.176726	0.00550779	0.0152385	0.00546381	0.003372	0.000296113	
0.0859446	0.000130392	3.53521e-05	0.0178043	0.031718	0.0877622	0.0166781	0.000692911	0.0265551	0.00215629	0.0431583	3.7473e-05	6.2959e-05	6.07499e-05	6.00151e-05	0.000126314	0.0812138	0.000884569	0.010919	0.594	
0.0761055	0.0070654	0.0615518	0.0298485	0.00449492	0.00014586	0.000160721	0.00423138	0.0624519	0.00976566	0.00555067	0.0402744	7.18863e-05	0.000461616	0.671942	0.00048614	0.00679088	0.00444465	0.00045893	0.0136967	
0.0761619	0.00573466	0.00950017	0.194479	0.000479966	0.00230317	0.0288305	0.00585925	0.203816	0.0158067	0.0342791	0.0197228	3.74267e-06	0.196419	0.176726	0.00550779	0.0152385	0.00546381	0.003372	0.000296113	
