0.0282704	0.00115367	0.00915534	0.0223271	0.0353519	0.00409943	0.00998884	0.00447634	0.0399844	0.61572	0.0098122	0.160136	0.00112888	0.00299963	0.00183138	0.00057188	0.0275871	0.0223355	0.00110694	0.00196347	
0.0347746	0.0160807	0.0133156	0.0289628	0.0035163	0.0101676	0.000448779	0.00380652	0.0452893	0.026747	0.00325131	0.0159838	0.723869	0.00757327	0.000252224	0.00228482	0.0140966	0.00280646	0.00509831	0.0416745	
0.113456	0.00249612	0.176658	0.13966	0.0114622	0.000252913	0.000402729	0.00236395	0.0523386	0.00409327	0.000432562	0.00308892	0.33898	0.0397997	0.000158531	0.0929068	0.0080004	0.00132353	0.00911993	0.00300584	
0.0548943	0.0118125	0.0524786	0.0317921	0.00033552	0.0277434	0.00131447	0.0118221	0.0170212	0.728606	0.00222366	0.0157336	0.00012661	0.000625731	0.00108509	0.00102117	0.00449284	0.00344582	0.00184049	0.0315849	
0.0239431	0.00208243	0.0656176	0.000956131	0.000654938	0.0488059	0.000134324	0.000643371	0.106474	0.0152563	0.00739137	0.122822	0.530766	0.0201269	7.32911e-05	0.0339101	0.0116942	0.000634572	0.00261088	0.00540252	
0.043903	6.50091e-05	6.67825e-05	0.0234678	0.0181625	0.0105257	0.00614675	0.00358902	0.0318636	0.000193085	0.0120411	0.000132832	0.00186918	0.00462282	0.0110976	0.000225782	0.0343887	0.00364042	0.151114	0.642884	
0.312944	0.000400641	0.138374	0.023321	0.00397014	0.095838	0.000246418	0.000236922	0.0526268	0.000174659	0.000667885	0.232274	0.056427	0.0255162	0.00011464	0.0319579	0.00952377	0.0110426	0.00394284	0.000399948	
0.0506734	0.000289196	0.000154968	0.000300868	0.122407	7.36394e-05	0.0335098	0.000121117	0.0755939	0.000545384	0.000590341	0.0639917	0.0522015	0.00126835	0.000151102	0.0138539	0.0606418	0.0309351	0.0311111	0.461586	
0.0254405	0.000508323	0.489516	0.0784519	0.033177	0.0524926	0.00011746	0.00153532	0.000423032	0.000940337	0.0251675	0.168094	0.0076001	0.0188249	0.000144634	0.0210084	0.066643	0.00293868	0.00637839	0.000598369	
0.743612	0.00277964	0.0187505	0.0123005	0.00414816	0.00081752	0.00727652	0.00781457	0.04834	0.00852571	0.0155889	0.0163235	0.000342756	0.0506744	0.0179979	0.0238047	0.00435162	0.00695009	0.00775937	0.00184171	
0.0618566	0.0173847	0.0581366	0.0352757	0.000359748	0.0322961	0.00687139	0.00345342	0.0282522	0.597906	0.00806046	0.101299	0.000311243	0.00180236	0.000571879	0.000858891	0.0239233	0.00109507	0.000873137	0.0194118	
0.00232663	0.00487743	0.00616681	0.66243	0.010306	0.0220555	0.00512259	0.0074323	0.000583231	0.00341317	0.0165126	0.0216903	0.0282613	0.00748593	0.00177315	0.147833	0.0287331	0.0133067	0.00278618	0.00690437	
0.000694583	0.00105219	0.104003	0.0362697	0.133542	0.00363876	0.000206931	0.0058618	0.0106287	0.000211813	0.0063523	0.0115412	0.547393	0.00129513	0.00637941	0.000492209	0.0127829	0.0253592	0.0528957	0.0393997	
0.0966043	8.48166e-05	0.000194736	0.0245931	0.0710317	0.00617025	0.338244	0.000299851	0.000286969	0.000116175	0.00981761	0.0382752	0.000297337	0.0003713	0.000231637	0.0605711	0.0579671	0.144221	0.00834633	0.142275	
0.00992141	0.000329521	0.00388595	0.0360499	0.130731	0.00339862	0.00610575	0.646947	0.00401142	0.0110132	0.0078265	0.000699587	0.00591729	0.0468777	0.00079128	0.002865	0.000587022	0.0633616	0.0175499	0.00113016	
0.00102497	0.0461211	0.709611	0.000383448	0.00277265	0.00488431	0.000152535	0.000445547	0.000221487	0.0249105	0.025593	0.0351208	0.0355203	0.0713465	0.000387821	0.037633	0.000561956	0.00078333	0.00240333	0.000122103	
0.576791	0.00937347	0.00101878	0.0420317	0.0082851	0.00635395	0.0225565	0.00107548	0.0567995	0.00122709	0.010601	0.00823112	0.000274774	0.00586226	0.0594073	0.0195665	0.0874308	0.0223862	0.00546344	0.0552643	
0.0465958	0.000254029	0.000566227	0.290882	0.000845569	0.000261442	0.000296152	0.00143543	0.0882118	0.118831	0.055717	0.000235304	0.0164292	0.207237	0.112051	0.00737216	0.0487934	0.000361899	0.000804819	0.00281873	
0.000506433	0.0100063	0.101482	0.0269011	0.00588311	0.0256702	0.0592237	0.0508935	0.000965886	0.00348043	0.000754485	0.000589903	0.000195813	0.0434362	0.000540477	0.000295142	0.489068	0.0191157	0.114134	0.0468574	
0.0135427	0.0123757	0.0630631	0.0095937	4.88296e-05	0.0100909	0.00813065	5.03411e-05	0.000430102	0.00815194	0.53148	0.320724	0.00443789	0.00689029	0.000203709	0.000124966	0.000398616	0.00193375	5.25422e-05	0.0082765	
0.00209327	0.0402376	0.000908996	0.192479	0.00553452	0.00295977	0.0241166	0.00164976	0.01992	0.000751973	0.0147849	0.011499	0.00056303	0.0290481	0.0157932	0.0874532	0.535251	0.00016592	0.00494165	0.00984798	
0.0341497	0.0254718	0.0166868	0.0298901	0.0466807	0.0140978	0.00106268	0.618451	0.00597208	0.151276	0.00082212	0.00070083	0.000557958	0.00554941	0.000573391	0.000548026	0.000708481	0.00696334	0.00954039	0.0302968	
0.158319	0.000633347	0.000293906	0.0174714	0.00315387	0.0486789	0.506742	0.0156315	0.0258534	0.00200921	0.0150198	0.000378454	0.000158881	0.00261504	0.000132884	0.010253	0.0756309	0.0220277	0.0312137	0.0637833	
0.00710612	0.000366842	0.130695	0.0473252	0.00064886	0.161168	0.0268221	0.00120553	0.00134816	0.0173232	0.000645957	0.00350754	9.40172e-05	0.0512958	0.00128113	0.239284	0.295214	0.00796791	0.00525772	0.00144233	
0.0665971	0.0131063	0.00700948	0.000540269	0.05757	0.0242144	0.00401497	0.000445851	0.630505	0.0350336	0.000614434	0.00723092	0.0264904	0.000470067	0.0710623	0.000721825	0.000314134	0.0448807	0.0040013	0.00517674	
0.13244	0.00334566	0.000282741	0.0048283	0.00965713	0.0618818	0.530287	0.0150113	0.010937	0.000532803	0.0138473	0.000423219	0.000102068	0.00844623	0.000112288	0.00801085	0.0855422	0.0417125	0.0529296	0.0196694	
0.256758	0.00985992	0.000268989	0.0014928	0.0526654	0.0170823	0.00013287	0.000259525	0.0692452	0.00113811	0.00043089	0.271946	0.00125556	0.289891	0.0125094	0.00104082	0.000189729	0.00751882	0.00396518	0.00235007	
0.354983	0.00105591	0.000562439	0.000993863	0.0229906	0.0745402	0.195469	0.000492839	0.0025666	0.0155896	0.00521448	0.000800861	0.000130119	0.0487534	0.000204831	0.0103598	0.234691	0.000547701	0.00565534	0.0243989	
0.032929	0.00151575	0.00017205	0.0145175	0.000492766	0.0197594	0.000179037	0.0992391	0.0264743	0.063468	0.0234074	0.000244736	0.0587775	0.0308737	0.0203178	0.000168375	0.0270965	0.159446	0.0155078	0.405413	
0.000412265	0.00144729	0.0202357	0.0171011	0.00256575	0.000225069	0.00165249	0.196471	0.000450717	0.0204	0.000339461	0.00143417	0.00073854	0.000226864	0.00109657	0.000634231	0.394658	0.292072	0.00652081	0.0413182	
0.038264	0.000887356	0.0850561	0.0051673	0.00199156	0.00141065	0.00324529	0.000696227	0.0783265	0.00492214	0.00343885	0.270807	9.80966e-05	0.0394689	0.00174666	0.0668846	0.3878	0.000134393	0.00896312	0.000691257	
0.0890027	0.0128914	0.000370338	0.00100162	0.0605924	0.0917296	0.000221101	0.000266656	0.162311	0.041876	0.0104387	0.448829	0.022886	0.0010775	0.00826159	0.000628993	0.00426611	0.0310784	0.0119825	0.000288299	
0.23315	0.00651052	0.000199471	0.00331389	0.0228227	0.0455229	0.00131186	0.0510692	0.0344746	0.323583	0.02764	0.00261634	0.000151933	0.020833	6.04916e-05	0.0106561	0.115388	0.1	0.00011723	0.000578697	
0.0247178	0.00324895	0.000138682	0.00923318	0.0583151	0.0137963	7.53376e-05	9.54024e-05	0.00137418	0.0440998	0.0918636	0.669668	0.0206001	0.0115658	0.00276021	0.000590822	0.000139781	0.0297175	0.0173398	0.000659268	
0.441877	0.00178594	0.0857153	0.0229716	0.00206531	0.0446659	0.00274389	0.0339409	0.115519	0.00040449	0.00105049	0.135701	0.000159999	0.0148295	0.000717553	0.017482	0.0454602	0.024804	0.00634045	0.00176572	
0.689882	0.0039967	0.0050526	0.00431596	0.0096491	0.00115087	0.067929	0.0178772	0.0327684	0.0225464	0.0110419	0.0200077	0.00149616	0.0356645	0.0070029	0.0196397	0.0169461	0.00725514	0.00572811	0.0200492	
0.0147189	0.00326529	0.000222489	0.0942906	0.000658832	0.000201293	0.00458939	0.232358	0.000610793	0.42495	0.00125049	0.00121491	0.000154455	0.000341231	0.00040814	0.014895	0.00836555	0.171064	0.00384631	0.0225947	
0.180947	0.00933952	0.0290277	0.454471	0.0281375	0.00037009	0.00081581	0.00184896	0.151669	0.00625302	0.00542469	0.00221653	0.00060382	0.0266308	0.0370428	0.0335807	0.0124784	0.000285146	0.0170961	0.00176191	
0.0860161	0.000176079	0.0354795	0.0172973	0.001029	0.612739	0.000631016	0.000109916	0.0988281	0.000514905	0.000167385	0.02445	0.0304955	0.0152023	0.000720272	0.0492504	0.0204211	0.00618619	0.000187259	9.84915e-05	
0.0644799	0.00190405	0.00176278	0.101527	0.0384934	0.0226453	0.00103553	0.00108293	0.0306677	0.0148574	0.00356357	0.003246	0.464347	0.0127766	0.00613365	0.0759806	0.140358	0.00117808	0.00373385	0.0102265	
0.141131	4.99135e-05	0.15258	0.151714	0.0021439	0.0394059	0.0210749	0.00280942	0.128469	0.00044907	0.000938658	0.0850552	0.136346	0.0518253	0.0213659	0.034209	0.0101781	0.0104895	0.0068004	0.00296619	
0.15778	0.00146217	0.0110917	0.0671106	0.0436566	0.00505067	0.0227922	0.0212761	0.0154685	0.57404	0.0448018	0.00293822	0.000340794	0.000469066	0.000128592	0.000730739	0.00448576	0.0238765	0.00182007	0.000680061	
0.283646	0.00199865	0.0454809	0.202778	0.0172912	0.088277	0.01195	0.00127792	0.041229	0.0521909	0.00313221	0.00465758	0.00696196	0.118624	0.0176087	0.0300661	0.00138594	0.00678809	0.00253211	0.0621227	
0.0895501	0.000107602	0.186924	0.122991	0.00818462	0.117107	0.00803535	0.00530601	0.149111	0.00303484	0.00180091	0.121919	0.000862033	0.0306524	0.00331915	0.107524	0.0328135	0.00530564	0.000355458	0.00509602	
0.0570648	5.51099e-05	0.000682921	0.174924	0.00944123	0.0159598	0.0234449	0.000658989	0.219473	0.110015	0.0260299	0.0177654	0.00383769	0.199877	0.0262062	0.0422317	0.0331091	0.00760043	0.020853	0.0107705	
0.00801571	0.0248106	0.0654926	0.101907	0.000229004	0.0302306	0.00173494	0.00215021	0.00983355	0.000776833	0.00944412	0.0281645	0.141535	0.00908332	0.0259455	0.442068	0.0818393	0.0159905	0.000403671	0.000344705	
0.0102728	0.0138561	0.0300477	0.00360132	0.00012193	0.000917887	0.000278122	0.474281	0.00711918	0.253419	0.0132612	0.000502948	0.0176288	0.000823396	0.000147217	0.000247613	0.00586232	0.140239	0.00248934	0.0248835	
0.0528743	0.0200565	0.0391528	0.434039	0.0327582	0.0273986	0.00372067	0.0093383	0.0021398	0.0533566	0.000194348	0.138236	0.00905683	0.000226735	0.00289712	0.0818074	0.0399927	0.0520354	0.000284583	0.000433924	
0.0779115	0.000267692	0.38438	0.327103	0.000805151	0.00631196	0.000853592	0.000226152	0.0314537	0.00011411	0.000510098	0.0290176	0.000204835	0.0733289	0.000558777	0.0279889	0.0300074	0.00810666	0.000429599	0.000420448	
0.00584834	0.00852826	0.00213203	0.00295977	0.000375489	0.000952666	0.000349694	0.0635332	0.00263405	0.688636	0.0408657	0.110862	0.000129473	0.000510551	0.000332909	0.00393209	0.00129026	0.0463316	0.000373007	0.0194221	
0.00347592	0.00159947	0.00138287	0.000457531	0.0192306	0.00151866	0.000386626	0.167178	0.00117401	0.541425	0.0166771	0.0127168	0.00127768	0.0241453	0.00245352	0.000280474	0.00062092	0.127647	0.000575981	0.0757765	
0.177544	0.000735283	0.000266893	0.00933757	0.00191123	0.041266	0.00989261	0.117522	0.245352	0.00941856	0.00227608	0.00205681	0.000154995	0.0765658	0.181033	0.0660192	0.0479673	0.00725808	0.00109913	0.00232334	
0.0204211	6.07043e-05	0.203166	0.054588	0.000319323	0.00981893	0.0265959	0.0266661	0.0998969	0.0167588	0.000195175	0.402287	0.0101401	0.0359092	0.0340537	0.0128962	0.0296833	0.0151053	0.0011114	0.00032649	
0.00214606	0.00109763	0.0022386	0.000411815	0.0199264	0.00343686	0.000256097	0.171534	0.00316412	0.577003	0.0070604	0.00900249	0.00183892	0.00996815	0.00162514	0.000181938	0.00221412	0.130379	0.000170084	0.0563444	
0.0395647	0.000486209	0.4166	0.0744924	0.00105436	0.0407536	0.0129019	0.000355577	0.0282588	0.000134315	0.000280783	0.140023	0.0191372	0.0153519	0.00300479	0.18051	0.0119899	0.014638	0.000332549	0.000129704	
0.16796	0.0093503	0.00873626	0.124253	0.00989611	0.0206212	0.0180014	0.0113927	0.13489	0.0264203	0.0223403	0.0542066	0.000420841	0.186558	0.045431	0.0722927	0.0440894	0.0261119	0.0115923	0.00543587	
0.077983	0.00119909	0.00375791	0.003529	0.0224799	0.0406473	0.0613947	0.106829	0.0211528	0.280952	0.000279562	0.0096485	0.000596007	0.0033613	0.000609996	0.000398148	0.00714659	0.337617	0.000230224	0.020187	
0.00381241	0.00965642	0.0842866	0.0374246	0.0138085	0.0955459	0.000481327	0.0213304	0.0343751	0.000568693	0.0211699	0.0505219	0.537389	0.00142208	0.00233009	0.0226322	0.00258804	0.0366396	0.0119202	0.0120971	
0.039132	0.000847413	0.0199534	0.0131229	0.0309421	0.0048749	0.003932	0.0145144	0.0866343	0.00822438	0.0153798	0.0331084	0.00231963	0.105267	0.55159	0.00116339	0.0228835	0.0229521	0.00100311	0.0221553	
0.0422104	0.000100706	0.0104686	0.0183588	0.0060144	0.176942	0.000221357	0.00243015	0.0265725	0.0226824	0.0854612	0.0326141	0.0610681	0.111047	0.0155931	0.0298587	0.313696	0.039429	0.00111072	0.00411965	
0.548037	0.000622154	0.000584575	0.0107496	0.053445	0.0509395	0.000564261	0.0219682	0.00898577	0.00050146	0.150981	0.00133503	0.0418566	0.00336634	0.000216977	0.0229405	0.0380215	0.0401209	0.00193272	0.00283035	
0.00578743	0.0123371	0.000316711	0.000562626	0.000199217	0.000235934	0.00118234	0.119042	0.00272735	0.0604276	0.000221023	0.000951499	0.00034427	0.00153033	0.00225278	0.000465011	0.0107774	0.701021	0.00303452	0.0765841	
0.0660847	0.00397412	0.0196583	0.0139234	0.0160759	0.000267736	0.00601212	0.0631816	0.00310697	0.00101767	0.000632985	0.0166112	0.000786484	0.00372231	0.40851	0.000268502	0.000433538	0.330452	0.000537471	0.0447431	
0.0218117	0.00334807	9.6458e-05	0.0106506	0.0499873	0.0151076	5.47541e-05	8.15573e-05	0.000885538	0.0442189	0.0929839	0.678908	0.0188967	0.0134115	0.00196073	0.000653397	0.000118934	0.0281755	0.0178467	0.000801807	
0.089671	0.00456183	0.000348177	0.0419297	0.0258575	0.0117572	0.0312268	0.000324101	0.000335643	0.00907802	0.0287004	0.650712	0.00361526	0.00497714	0.0107075	0.0137972	0.000614604	0.0489746	0.0225445	0.000266345	
0.117933	0.000175964	0.000323933	0.000340603	0.00812003	0.648951	0.0583748	0.00217072	0.00439433	0.0132432	0.00251642	0.0224361	0.000149855	0.0475761	8.43549e-05	0.000198253	0.0150753	0.0213932	0.000350608	0.0361923	
0.000307846	0.000119903	0.00632087	0.000345474	0.0250033	0.586208	0.022037	0.00849058	0.0920812	0.0238058	0.0205753	0.0952569	0.0264379	0.0581263	0.000375637	0.00677382	0.0163906	0.000185263	0.000198861	0.0109594	
0.0643404	0.000442277	0.00192489	0.0230492	0.144214	0.0343456	0.496874	0.00988537	0.0298777	0.000331725	0.0195455	0.00408525	0.00014114	0.000680789	0.000172695	0.00176273	0.0402967	0.0134282	0.0770277	0.0375741	
0.235652	0.000108017	0.0115923	0.00192862	0.0787652	0.00292596	0.0133819	0.0402154	0.021504	0.132719	0.000600551	0.000897031	0.000146997	0.0047482	0.000259251	0.0139961	0.000272278	0.0968691	0.0221228	0.321296	
0.0211232	0.0034097	0.000120082	0.0108409	0.0497752	0.0148724	5.37555e-05	9.45012e-05	0.000903194	0.0464635	0.0922216	0.680006	0.0197042	0.0128121	0.0023042	0.000628064	0.000114816	0.0269836	0.0168044	0.000764682	
0.238786	0.000153369	0.0293659	0.0332072	0.000521173	0.00110519	0.000320828	0.0316042	0.0562105	0.00610985	0.000357254	0.040095	0.000139362	0.0019336	0.0178291	0.374517	0.165994	0.000637691	0.000729135	0.000384342	
0.0117264	0.00149331	0.013709	0.0379262	0.186878	0.00463701	0.000762715	0.111905	0.00532709	0.454888	0.0330428	0.00156023	0.000319377	0.0630575	0.000270172	0.000736551	0.0011709	0.0245072	0.0428792	0.00320383	
0.0509986	6.61549e-05	0.00466199	0.0255666	0.469049	0.02024	0.0405175	0.00024655	0.0988686	9.36285e-05	0.0141943	0.00471286	0.0481843	0.101487	0.028429	0.00034904	0.0236171	0.000388302	0.0444323	0.0238975	
0.0272005	2.55455e-05	0.0475525	0.0209597	0.049618	0.000130849	0.0496337	0.00738926	0.0135959	9.81674e-05	0.00846337	0.0107561	0.0129035	0.0218046	0.000188769	0.000342525	0.0530257	0.00689186	0.551327	0.118092	
0.088363	0.00399124	0.0957603	0.136606	0.000492152	6.15928e-05	0.00999149	0.000117579	0.179022	0.000453681	0.000227915	0.0788941	0.00697592	0.122607	0.0353873	0.0905647	0.139974	0.006802	0.000140291	0.00356663	
0.00647401	0.0422399	0.00277921	0.0138759	0.00025701	0.0117074	0.000335522	0.275034	0.00262834	0.216674	0.016387	0.0450583	0.000226194	0.000966668	0.000148626	0.0733321	0.00057309	0.144367	0.142143	0.00479282	
0.0638351	0.0149454	0.0973275	0.0437693	0.000222781	0.0384534	0.000146613	0.0333906	0.0112692	0.21031	0.438831	0.00687598	8.37193e-05	0.000844571	0.000102017	0.00225949	0.0031502	0.000195959	0.00375099	0.0302358	
0.257852	0.00453538	0.00982873	0.000256293	0.00918321	0.0396547	0.0115542	0.00528634	0.11779	0.00160379	9.34145e-05	0.00273584	0.000253866	0.000139782	0.00718144	0.456816	0.0546982	0.0146188	0.00206159	0.00385683	
0.0239431	0.00208243	0.0656176	0.000956131	0.000654938	0.0488059	0.000134324	0.000643371	0.106474	0.0152563	0.00739137	0.122822	0.530766	0.0201269	7.32911e-05	0.0339101	0.0116942	0.000634572	0.00261088	0.00540252	
0.262571	0.000488872	0.134604	0.0251889	0.00462754	0.104355	9.74379e-05	0.000151489	0.0564063	0.000162354	0.000462554	0.273206	0.0497804	0.0288604	7.91775e-05	0.0347047	0.00893272	0.0117115	0.00342072	0.000188558	
0.0861805	0.00017604	0.0353614	0.0173424	0.00105483	0.612703	0.00106147	0.000174102	0.0984582	0.000513968	0.00016899	0.024407	0.0303499	0.0152447	0.000716533	0.0492104	0.0203894	0.00619748	0.000191344	9.83157e-05	
0.0242534	0.000208835	0.000494399	0.0550175	0.0105359	0.553005	0.0157398	0.0101498	0.0471068	0.00839215	0.0162186	0.0576995	0.00180161	0.0801684	0.00336214	0.00744769	0.0773286	0.00804926	0.00091186	0.0221089	
0.0305073	0.000157138	0.000984845	0.0195112	0.0219849	0.507798	0.0136375	0.0288944	0.0752875	0.0243717	0.0198283	0.108855	0.00137034	0.0402219	0.000712229	0.016314	0.0732298	0.00180151	0.000756833	0.0137754	
0.0570648	5.51099e-05	0.000682921	0.174924	0.00944123	0.0159598	0.0234449	0.000658989	0.219473	0.110015	0.0260299	0.0177654	0.00383769	0.199877	0.0262062	0.0422317	0.0331091	0.00760043	0.020853	0.0107705	
0.0358255	0.00952663	8.86929e-05	0.0205157	0.000431655	9.30705e-05	0.000215653	0.0100978	0.0659864	0.0078915	0.00181765	0.0155502	0.705889	0.00110773	0.000128126	0.00059817	0.000540589	0.00884935	0.0747531	0.0400936	
0.0247777	0.000249407	0.0337265	0.0098786	0.000228306	0.0286429	0.056137	0.0126613	0.0797426	0.00467492	0.00203451	0.0282053	0.000287792	0.280524	0.000396406	0.159522	0.211611	0.0611873	0.0046931	0.000819259	
0.0860161	0.000176079	0.0354795	0.0172973	0.001029	0.612739	0.000631016	0.000109916	0.0988281	0.000514905	0.000167385	0.02445	0.0304955	0.0152023	0.000720272	0.0492504	0.0204211	0.00618619	0.000187259	9.84915e-05	
0.242798	0.0041312	0.196173	0.367702	0.025761	0.00024525	0.000276761	0.00478424	0.0580562	0.00442852	0.0111342	0.00980026	0.00939258	0.012063	0.00864676	0.0329101	0.000922486	0.000312206	0.0100358	0.000425491	
0.00226951	0.0011163	0.00237622	0.000487161	0.0199157	0.00396517	0.000451429	0.169946	0.0036661	0.578168	0.0067621	0.00927241	0.00183995	0.00972657	0.00163845	0.000186724	0.00327596	0.131766	0.000158782	0.0530115	
0.451073	0.0117888	0.0011941	0.030571	0.0525057	0.0199393	0.0386522	0.00731918	0.168521	0.0687497	0.0247839	0.0112419	0.000178225	0.00684901	0.00330309	0.000396298	0.000556908	0.0228017	0.0248432	0.0547311	
0.194594	0.00137653	0.163506	0.235465	0.005338	0.00628096	0.00235145	0.0235459	0.144283	0.000787011	0.00115907	0.00829741	0.0002697	0.0930047	0.0255202	0.0137794	0.0649254	0.00728907	0.0079614	0.000266323	
0.728676	0.00239347	0.0257571	0.0203367	0.000821611	0.00055196	0.00302737	0.00144115	0.0628812	0.00973022	0.0132323	0.00714394	0.000372715	0.0422875	0.0303069	0.0243021	0.00586219	0.0111589	0.00830075	0.00141656	
0.00118156	0.0122474	0.00169836	0.00179455	0.000343702	0.000469631	0.00136069	0.797764	0.00152186	0.0655366	0.000405593	0.00117061	0.000389598	0.00143445	0.000184197	0.000583287	0.000806614	0.0501012	0.00762954	0.0533762	
0.0115943	0.000114514	0.204837	0.0507094	0.000182084	0.00620279	0.0241943	0.0328279	0.0955491	0.018392	0.000220313	0.417569	4.21616e-05	0.035337	0.0347232	0.0109541	0.0386175	0.0170354	0.00075339	0.000144065	
0.184391	0.00106897	0.0450809	0.130566	0.0022369	0.00719056	0.00210962	0.00110465	0.0815121	0.000947508	0.0115936	0.174386	7.42529e-05	0.0222971	0.209849	0.0941902	0.0117017	0.00569311	0.00139953	0.0126067	
0.088363	0.00399124	0.0957603	0.136606	0.000492152	6.15928e-05	0.00999149	0.000117579	0.179022	0.000453681	0.000227915	0.0788941	0.00697592	0.122607	0.0353873	0.0905647	0.139974	0.006802	0.000140291	0.00356663	
0.0713099	0.00666051	0.0112095	0.0447969	0.578618	0.0222783	0.000728709	0.0065771	0.0473376	0.132779	0.000223637	0.0153755	0.00022661	0.000680633	0.000229752	0.000283832	0.0346172	0.000261191	0.000236319	0.0255695	
0.000227893	6.50605e-05	0.00735042	0.000329809	0.0181594	0.603335	0.016451	0.00597359	0.100757	0.0237333	0.0192411	0.0952191	0.0298503	0.058896	0.000452216	0.00790803	0.00630945	0.000152132	0.000151646	0.00543744	
0.00603185	0.000407381	0.015033	0.220366	0.00086308	0.0862474	0.0163121	0.00661886	0.00662353	0.000642447	0.00223214	0.0135057	0.000489725	0.103458	0.00269778	0.489528	0.0118667	0.0159553	0.000424766	0.000696412	
0.0060222	0.000388052	0.00245789	0.00756154	0.59194	0.0203073	0.0241417	0.00689228	0.028007	0.151441	0.0313318	0.00726998	0.00113175	0.00551554	0.00121866	0.000335628	0.0164904	0.0475388	0.00134096	0.0486682	
0.0569517	0.000330002	0.4881	0.329787	0.00387572	0.00577385	0.000182246	0.000183052	0.0121205	0.00129972	0.000722333	0.0219261	0.000860227	0.0405667	6.3176e-05	0.0179178	0.0151014	0.00385235	0.000255984	0.000129908	
0.413061	0.00093541	0.0729082	0.158126	0.0014966	0.0395262	0.00317068	0.0128562	0.0556985	0.000825701	0.0017818	0.0357837	7.43566e-05	0.055109	0.00352399	0.0598954	0.0500356	0.0306352	0.00346008	0.00109652	
0.00152414	7.92231e-05	0.0224186	0.00274803	0.719398	0.000278563	0.00124721	0.00207346	0.0182024	0.0583111	0.0393518	0.118267	0.000326479	0.00311961	8.39322e-05	0.00075258	0.00205613	0.00557048	0.00397529	0.000215499	
0.0558199	0.00413075	0.0349628	0.000389019	0.153978	0.000773557	0.000378325	0.000888823	0.468658	0.000962319	0.000262465	0.000238959	0.000639798	0.114708	0.0758596	0.000521446	0.000384208	0.0327668	0.000365887	0.0533116	
0.188267	0.00112579	0.0820643	0.229977	0.000475545	0.000328864	0.00252764	0.000155582	0.134086	0.000322075	0.000512117	0.0479241	0.0016103	0.0833913	0.019206	0.0855557	0.117644	0.00271345	0.000836349	0.0012771	
0.213143	0.00130663	0.15475	0.23314	0.00429598	0.00863332	0.00175897	0.024292	0.142764	0.000884133	0.000801138	0.00644824	5.90662e-05	0.10021	0.0221713	0.0103819	0.0579814	0.00912928	0.00758927	0.000261507	
0.00975122	4.22746e-05	0.0389323	0.00635212	0.713762	0.000126328	0.0013282	0.00351925	0.0440791	0.061636	0.0311826	0.0677917	0.00065333	0.00549562	3.20437e-05	0.00099154	0.00362659	0.00513287	0.00529398	0.000270786	
0.250627	0.000161179	0.0238888	0.0302975	0.000605819	0.0013263	0.00131729	0.0306293	0.0565947	0.0049972	0.000502654	0.0453891	0.000111412	0.00358203	0.0172103	0.361494	0.169539	0.000650187	0.00069088	0.000385443	
0.351148	0.00533284	0.0272441	0.111255	0.0078884	0.000353342	0.000554385	0.000574157	0.1826	0.0394769	0.00341698	0.0888139	0.00530239	0.0889819	0.000378749	0.0144301	0.0568277	0.000471241	0.0142135	0.000735416	
0.503194	0.00780642	0.000962128	0.000897243	0.0618968	0.000474769	0.0823586	0.0486176	0.0471845	0.0457744	0.00734262	0.0135125	0.000544192	0.0297004	0.00333753	0.00575279	0.0185092	0.00339828	0.0597889	0.0589477	
0.470514	0.0249359	0.000869987	0.000873131	0.00499197	0.277394	0.0123726	0.00716173	0.0178642	0.011414	0.0239422	0.0240907	0.00658854	0.0387412	0.0004079	0.0171014	0.05323	0.00059031	0.00306709	0.00384847	
0.23315	0.00651052	0.000199471	0.00331389	0.0228227	0.0455229	0.00131186	0.0510692	0.0344746	0.323583	0.02764	0.00261634	0.000151933	0.020833	6.04916e-05	0.0106561	0.115388	0.1	0.00011723	0.000578697	
0.0700838	0.000289393	0.0410867	0.0683521	0.00733375	0.267101	0.0036277	0.000361536	0.0834526	0.00301666	0.000708784	0.0202074	0.00173332	0.00816034	0.0180976	0.0848385	0.315506	0.00148937	0.00229695	0.00225622	
0.0317372	0.00384585	0.0288877	0.00428221	0.0107513	0.00142628	0.00191237	0.0427763	0.00558857	0.0232373	0.00429292	0.0374766	0.00336843	0.162204	0.521928	0.000526856	0.0431393	0.0396187	0.000938843	0.0320618	
0.0517562	5.99391e-05	0.0856809	0.0202332	0.415091	0.021109	0.00758421	0.000131374	0.0785538	8.23346e-05	0.0111371	0.100399	0.0459378	0.0675092	0.0190184	0.000352417	0.0192172	0.000256653	0.0550992	0.000791014	
0.0243268	2.7446e-05	0.0475938	0.0201999	0.0532883	0.000111084	0.0471861	0.0070233	0.0130334	9.72429e-05	0.00906138	0.0105525	0.0126808	0.0203654	0.000173315	0.000313832	0.0502685	0.0079794	0.55706	0.118657	
0.458579	0.0311844	0.000861474	0.00028608	0.00623979	0.0850193	0.0803111	0.00348258	0.0349277	0.000590574	0.00129569	0.0399852	0.000309846	0.0635352	9.41612e-05	0.00827725	0.0119031	0.148022	0.000320664	0.0247752	
0.0469498	0.00652966	0.0703634	0.0347391	0.0126691	0.00107379	0.0161105	0.0206168	0.0393472	0.00449974	0.0135033	0.0771609	0.117192	0.0280108	6.32038e-05	0.0010516	0.0324705	0.02444	0.452185	0.00102348	
0.00260239	0.0111259	0.00106629	0.0151001	0.00228871	0.000869008	0.000655484	0.0199279	0.0206978	0.755658	0.0112108	0.0779793	0.000162917	0.000680347	0.000451352	0.00211472	0.012732	0.0339958	0.00231243	0.0283689	
0.00107639	0.0527648	0.00112261	0.00299508	0.000977757	0.0614404	0.00239879	0.205762	0.00105667	0.0117017	0.0397343	0.00586252	0.000630074	0.0528049	8.24403e-05	0.137888	0.0549372	0.319507	0.00120849	0.0460488	
0.0224279	0.000493959	0.00229984	0.00188816	0.0303813	0.000319161	0.000436385	0.00692622	0.0135948	0.125344	0.00947839	0.0105767	0.000101047	0.000473722	0.0942666	0.0386851	0.0184596	0.450124	0.0182159	0.155507	
0.00520743	0.00124095	0.198268	0.0120189	0.00478507	0.0955057	0.062866	0.000206137	0.111001	0.0114167	0.000329256	0.209013	0.000119728	0.0830305	0.00667414	0.0188101	0.160804	0.00200291	0.00178109	0.0149193	
0.141131	4.99135e-05	0.15258	0.151714	0.0021439	0.0394059	0.0210749	0.00280942	0.128469	0.00044907	0.000938658	0.0850552	0.136346	0.0518253	0.0213659	0.034209	0.0101781	0.0104895	0.0068004	0.00296619	
0.0895501	0.000107602	0.186924	0.122991	0.00818462	0.117107	0.00803535	0.00530601	0.149111	0.00303484	0.00180091	0.121919	0.000862033	0.0306524	0.00331915	0.107524	0.0328135	0.00530564	0.000355458	0.00509602	
0.00023406	8.65455e-05	0.00866759	0.00034054	0.0177655	0.604158	0.0167287	0.00681087	0.101571	0.0237132	0.0187812	0.0867919	0.0284144	0.0619582	0.000423158	0.00890096	0.00840725	0.000154773	0.000157804	0.00593377	
0.0998316	0.00180648	0.086102	0.132395	0.00132638	8.18814e-05	0.0133443	0.000180438	0.207247	0.000305232	0.000662009	0.0666963	0.00680756	0.118243	0.052134	0.0837532	0.121358	0.00493818	0.000401775	0.00238548	
0.00413546	0.00866207	0.00130876	0.0075601	0.000354928	0.000811931	0.000298774	0.0476388	0.00660546	0.738567	0.0294199	0.0715188	0.000111819	0.000544818	0.000273522	0.00318587	0.00270842	0.0510118	0.00111513	0.0241671	
0.203313	0.0101076	0.012895	0.139157	0.00958273	0.0216434	0.0141937	0.0127999	0.116401	0.011355	0.0183445	0.0520251	4.30064e-05	0.166651	0.0411934	0.0744428	0.0469281	0.0334153	0.0112566	0.00425056	
0.0132327	0.0108042	0.0011756	0.000517754	0.000207838	0.000288398	0.00153919	0.298436	0.000656077	0.0373333	0.00028515	0.00130656	0.000183395	0.000457247	0.000114476	0.000159376	0.000714512	0.567867	8.90032e-05	0.0646324	
0.0430699	0.193505	0.00178509	0.0605568	0.000228429	0.012438	0.0130818	0.0294927	0.0350974	0.018604	0.0316068	0.000463692	7.21405e-05	0.00702218	0.000495868	0.0290896	0.255339	0.261889	0.000620727	0.00554225	
0.0359155	0.00194045	0.0397514	0.000551769	0.0357309	0.0508607	0.00692841	0.000330553	0.0609236	0.00167892	0.00106533	0.0286448	9.36195e-05	0.00197508	0.000181399	0.600994	0.128692	0.00045655	0.00191614	0.00136828	
0.00125565	0.0477287	0.00885168	0.130453	0.00121245	0.00304946	0.0196752	0.000418598	0.016227	0.00157367	0.0163972	0.00434921	0.000163895	0.025883	0.0107463	0.0914842	0.595324	0.0129491	0.00102693	0.0112308	
0.360246	0.00182431	0.00481762	0.000741255	0.00436644	0.0117218	0.00169177	0.0987959	0.0542759	0.00770062	0.018543	0.0350799	0.366765	0.000628786	0.000197665	0.0261503	0.000523369	0.00052276	0.000975725	0.00443122	
0.0704359	0.0111763	0.0248351	0.00424183	0.00423424	0.0562112	0.000214438	0.0114411	0.000354109	0.00127259	0.0016591	0.632014	0.103093	0.0528701	0.00428471	0.000489226	0.000627919	0.00482207	0.0154374	0.000286161	
0.0710515	0.0124819	0.088264	0.000274458	0.030462	0.0593676	6.56231e-05	0.0154737	0.000227277	0.00047194	0.0487078	0.0847485	0.000155751	0.418175	9.82827e-05	0.0365627	0.0470893	0.0329332	0.0327074	0.0206819	
0.000289714	0.00613182	0.552162	0.0015184	0.0504544	0.000972821	0.000111666	0.014982	0.0196081	0.0422115	0.0450649	0.000472685	0.0575517	0.0347814	0.0116148	0.00666722	0.0625599	0.000227221	0.0925147	0.000102786	
0.000549498	0.0119874	0.00277669	0.00139721	0.00174626	0.000827804	0.00281381	0.000217775	0.00542015	0.00194166	0.00152367	0.405499	0.000991695	0.0474966	0.00109129	0.284079	0.0460689	0.182397	0.000609846	0.000564944	
0.00647591	0.00898964	0.00107815	0.00776749	0.0127922	0.00587709	0.0979552	0.00876081	0.0259074	0.00700877	0.000499327	0.00955603	0.204826	0.00511305	0.00125717	0.121042	0.00539389	0.430062	0.0211123	0.0185259	
0.00782185	0.000656604	0.00236237	0.00630771	0.0132323	0.00189121	0.0003322	0.120196	0.00232567	0.530441	0.0134399	0.00595536	0.000649768	0.00652656	0.00470395	0.00041013	0.000898254	0.0718998	0.00123804	0.208711	
0.00525069	0.00595512	0.000347355	0.00883327	0.000158541	0.000163137	0.00198966	0.00700482	0.000271171	0.00442182	0.781881	0.0035298	2.6322e-05	0.0664161	6.62474e-05	0.0395768	0.0644573	0.00940138	0.000155006	9.4132e-05	
0.0189526	0.00728689	0.270504	0.238208	0.0011175	0.0283653	0.0315219	0.00205207	0.0218147	0.00626747	0.0283934	0.0102868	0.0737216	0.0180926	0.0149145	0.0409777	0.175291	0.00448015	1.16554e-13	0.00775172	
0.0130619	0.000219547	0.00587394	0.0199611	0.0187711	0.549922	0.046718	0.109608	0.0179578	0.00420798	0.0103	0.0136319	0.00328071	0.0135255	0.0303943	0.087612	0.00772012	0.0223149	0.00038726	0.0245323	
0.134557	0.000199923	0.0024894	0.00141239	0.0194944	0.329754	0.0351124	0.00528116	0.115421	0.125229	0.0102399	0.0799836	0.0101438	0.0334953	0.0185213	0.0441237	0.000225138	0.0200786	0.000861736	0.0133762	
0.0222101	0.0116594	0.00296992	0.0348856	0.125127	0.000684336	0.0146149	0.0786092	0.083154	0.0194673	0.000925991	0.00074083	0.00181496	0.0789474	0.0251329	0.00030545	0.387062	0.063581	0.0138565	0.0342507	
0.0282867	0.0087967	0.00233245	0.0185468	0.0186682	0.00256794	0.000282211	0.0102397	0.0591517	0.00470767	0.00846091	0.0397697	0.666591	0.000658656	0.000184178	0.00060131	0.000382111	0.0155624	0.072411	0.0417985	
0.00243405	0.0110941	0.0093122	0.00201584	0.000197405	0.000583424	0.00114195	0.674803	0.00346228	0.155293	0.00366633	0.000575303	0.0031762	0.00069196	0.000115187	0.000285694	0.00127413	0.0849788	0.00379617	0.0411027	
0.121733	0.002106	0.0112297	0.0639381	0.0459798	0.00499783	0.0166768	0.0256138	0.00815572	0.603216	0.0536992	0.00612072	0.000318907	0.000675806	0.000195144	0.000951391	0.00336068	0.0242702	0.00272336	0.00403846	
0.118399	0.000179002	0.000333936	0.000345173	0.00785341	0.651244	0.0578459	0.00222707	0.003485	0.0138771	0.00204872	0.0208474	0.00015388	0.0480812	8.43257e-05	0.000207678	0.0152666	0.0214335	0.000351243	0.0357366	
0.00627039	0.00851916	0.00206919	0.00300975	0.00048995	0.000990917	0.000336132	0.0640075	0.00280912	0.685742	0.0405891	0.113703	0.00012857	0.000539849	0.000334367	0.00404245	0.00128196	0.0457782	0.000373126	0.0189846	
0.000288835	0.00601103	0.561167	0.00124157	0.04368	0.00125608	9.14369e-05	0.0147322	0.0218004	0.0354691	0.0426221	0.00104531	0.0535854	0.0419199	0.00986765	0.00716654	0.0626122	0.000218173	0.0951318	9.30882e-05	
0.00067078	0.0093617	0.000328861	0.00146277	0.000469514	0.000363042	0.00535487	0.000877434	0.0456108	0.012912	0.00126458	0.209257	0.0028062	0.0294901	0.0149009	0.0982011	0.0348669	0.498768	0.0103317	0.0227014	
0.521995	0.00407784	0.00256517	0.00474649	0.011679	0.00295278	0.0197947	0.0127801	0.0567037	0.00432267	0.016348	0.146899	0.000284815	0.144443	0.0198096	0.0129102	0.00194183	0.00119989	0.0086863	0.00586043	
0.0518724	0.0120762	0.0469949	0.0324	0.0002975	0.0247995	0.00110862	0.0133495	0.0147837	0.732032	0.0019755	0.0183394	0.000131517	0.000615286	0.0013229	0.00085218	0.00474051	0.00523819	0.00151163	0.035559	
4.50371e-05	3.65377e-05	0.0108088	0.00823156	4.8387e-05	0.202012	0.00395923	0.00100348	0.395783	0.000169836	0.00261396	0.163887	1.89618e-05	0.13612	0.000849918	0.0414225	0.00537826	0.0274426	0.000108719	6.04588e-05	
0.0452422	5.93205e-05	7.49747e-05	0.0242761	0.0188383	0.0127763	0.00660925	0.00370089	0.0287393	0.000246524	0.0121983	0.000137277	0.000603873	0.000412827	0.00682395	0.000245639	0.0361134	0.0032549	0.153411	0.646236	
0.0570459	0.00475108	0.0342256	0.000276843	0.14665	0.000219423	0.000462765	0.00011085	0.0646029	0.000716416	0.000644727	0.000126603	0.000441526	0.539696	0.0788866	0.000152937	0.000131922	0.0219459	0.000732574	0.0481795	
0.0262265	0.000918191	0.000294064	0.0272055	0.0296836	0.0239326	9.62528e-05	0.000261993	0.000685261	0.0697303	0.0374736	0.690623	0.00696534	0.0257076	0.00510821	0.00282254	0.000215461	0.0309074	0.0180195	0.003123	
0.0854629	0.00028742	0.0278015	0.0110591	0.0183305	0.000684311	0.00116452	0.00484509	0.210635	0.0118689	0.00108224	0.0818269	0.000291227	0.0138128	0.419756	0.00582556	0.00244894	0.0796509	0.000311728	0.022855	
0.140345	0.00686282	0.0121919	0.00481617	0.0677057	0.0209651	0.000232254	0.0200038	0.0256313	0.000265127	0.0101694	0.221001	0.419555	0.00064712	0.00265405	0.000227297	0.000392274	0.0171823	0.00249614	0.0266562	
0.038876	0.00418511	0.527701	0.272942	0.0255477	0.00268932	0.000151512	0.000957954	0.00437597	0.00865523	0.00432755	0.0202214	0.000526444	0.0245256	0.00114787	0.00806138	0.0103042	0.00154118	0.0430964	0.000166104	
0.0426766	8.65509e-05	7.30913e-05	0.0189504	0.0159101	0.0160592	0.00487985	0.00884258	0.0343897	0.0117358	0.011656	0.000150916	0.0108891	0.00969417	0.0126957	0.000192872	0.0334829	0.00903604	0.137951	0.620648	
0.00643161	0.0138026	0.0264271	0.00218738	0.000124896	0.000738459	0.000504459	0.516469	0.00766865	0.242303	0.01106	0.000405587	0.0123531	0.000680961	0.000124474	0.000196859	0.00396483	0.128789	0.00184305	0.0239244	
0.0895501	0.000107602	0.186924	0.122991	0.00818462	0.117107	0.00803535	0.00530601	0.149111	0.00303484	0.00180091	0.121919	0.000862033	0.0306524	0.00331915	0.107524	0.0328135	0.00530564	0.000355458	0.00509602	
0.701476	0.00145277	0.0026403	0.0203019	0.003936	0.00852609	0.0254518	0.0105156	0.0245948	0.0115021	0.0205353	0.0546997	0.000348461	0.0436022	0.00788175	0.0284737	0.0151015	0.00500252	0.010183	0.00377388	
0.0649792	0.000193674	0.0487592	0.0436606	0.63627	0.0259518	0.00919678	0.0486935	0.040102	0.0104741	0.0022684	0.00813335	0.00449367	0.0272512	0.00779475	0.000404563	0.0113815	0.00495682	0.00476733	0.000267427	
0.0362712	7.06718e-05	0.000489127	0.023289	0.375328	0.0124456	0.000357633	0.000249191	0.0996243	0.000102002	0.0146824	0.000676548	0.094907	0.0991648	0.0271647	0.000204063	0.0201066	0.0129732	0.0337527	0.148141	
0.00805169	0.00530005	0.045623	0.0448038	0.0222971	7.79466e-05	0.0262056	0.000360228	0.0337724	0.000540682	0.0181026	0.643339	0.000137573	0.0149511	0.032427	0.0600662	0.0281666	8.29537e-05	0.0153454	0.000349338	
0.00353075	0.0105073	0.000467964	0.00066769	0.000240516	0.000253569	0.0022801	0.0788716	0.010248	0.0600454	0.000271412	0.00308886	0.000776633	0.00212586	0.00466978	0.00102213	0.0274098	0.72857	0.00343337	0.0615195	
0.0132327	0.0108042	0.0011756	0.000517754	0.000207838	0.000288398	0.00153919	0.298436	0.000656077	0.0373333	0.00028515	0.00130656	0.000183395	0.000457247	0.000114476	0.000159376	0.000714512	0.567867	8.90032e-05	0.0646324	
0.000881632	0.0117563	0.104342	0.000266699	0.0583752	0.000388563	0.00565145	0.000336018	0.00029844	0.0491029	0.211742	0.520989	0.00495141	0.00761657	0.00417328	0.000219703	0.000401464	0.000996983	0.0173246	0.000185351	
0.0263697	1.8931e-05	0.0470478	0.0211818	0.0526653	0.000112053	0.0484473	0.006617	0.0126883	9.33094e-05	0.00867191	0.0108073	0.012893	0.0205263	0.000168777	0.000302186	0.0508315	0.00716038	0.557037	0.11636	
0.0395647	0.000486209	0.4166	0.0744924	0.00105436	0.0407536	0.0129019	0.000355577	0.0282588	0.000134315	0.000280783	0.140023	0.0191372	0.0153519	0.00300479	0.18051	0.0119899	0.014638	0.000332549	0.000129704	
0.124884	3.01708e-05	0.0307152	0.343605	0.0492473	0.000218144	0.00793369	0.0277368	0.143927	4.0845e-05	0.000332365	0.0298877	0.00877247	0.111025	0.0187603	0.0012916	0.00667451	0.0226307	0.0264224	0.0458642	
0.0635377	0.00667745	0.00107268	0.000460628	0.000859757	0.000166858	0.0372184	0.0498235	0.0128113	0.000201935	0.000354303	0.0086323	0.000194237	0.02091	0.19265	0.00040082	0.000458316	0.541226	0.0151984	0.0471456	
0.285634	0.00019296	0.0322555	0.194807	0.000390467	0.054813	0.00631335	0.00895589	0.0111996	0.0010384	0.0107065	0.110194	9.22866e-05	0.0143986	0.0197107	0.229565	0.0172078	0.00128745	0.000803519	0.000434068	
0.218938	6.72366e-05	0.0545489	0.263502	0.000909082	0.000264879	0.00332013	0.000173882	0.156021	0.000454773	0.00114613	0.0316309	0.000884793	0.0683786	0.0317301	0.0681686	0.0981879	0.000226111	0.00121162	0.000234897	
