0.0389746	0.00154452	0.00425732	0.0049178	0.0589471	0.00280684	0.00418753	0.168314	0.000710307	0.412885	0.221865	0.000975707	0.000294534	0.00205737	0.000305826	0.000323131	0.00696222	0.0411723	0.00143716	0.0270613	
0.0502476	0.00342211	0.00644861	0.0186305	0.000598045	0.00605104	0.00471451	0.0347522	0.534102	0.0261886	0.109348	0.00423588	0.000925072	0.0170115	0.0978081	0.0228806	0.0246665	0.0309414	0.00335148	0.00367615	
0.000839652	0.00837357	0.000174188	0.000480058	0.00229865	8.97312e-05	0.000246812	0.528796	0.000340805	0.157382	0.00300754	0.000324598	0.000205695	0.000572315	5.0361e-05	0.000202937	0.0051581	0.268418	0.000295039	0.0227437	
0.004276	0.000350257	0.00278918	0.00676095	0.629236	0.00219362	0.00620299	0.131176	0.0022951	0.102779	0.0349198	0.000674641	0.000176969	0.00579137	0.00228231	0.000180193	0.00325131	0.0418496	0.00146485	0.0213502	
0.238908	0.0472025	0.000407286	0.000804176	0.00166215	0.0123041	0.0339541	0.00274386	0.00357791	0.00309215	0.0116859	0.00233314	8.46254e-05	0.0556289	0.00107933	0.339079	0.2414	0.000404827	0.00257299	0.00107475	
0.00321809	0.0455506	0.000942313	0.000377063	0.00516889	0.511702	0.0136809	0.0188806	0.0262818	0.147237	0.127538	0.0335846	0.00418432	0.0289151	0.000100805	0.000567279	0.0205275	0.00770722	0.000332719	0.00350401	
0.0140384	0.000126296	0.00109611	0.00106196	0.00682797	8.87907e-05	0.0123472	0.000308203	0.0127831	0.015606	0.000626421	0.602741	5.75783e-05	0.0212896	0.0416521	0.144022	0.121559	0.00177439	0.000509456	0.00148414	
0.498399	0.000808945	0.00136711	0.00146201	0.000529951	0.0245473	0.0258631	0.0233167	0.0317722	0.00119044	0.0456926	0.019484	8.46905e-05	0.0490762	0.00199919	0.272226	0.00053144	0.000529197	0.000647915	0.000472708	
0.00340821	0.00497822	0.00293454	0.0689935	0.00174683	0.00395751	0.117827	0.00592828	0.000120944	0.000339614	0.0223407	0.6348	5.01971e-05	0.000168313	0.0055285	0.0838956	0.0258156	0.00480074	0.00550246	0.0068627	
0.00157846	0.000219743	0.00574703	0.00858089	0.00562946	0.00650626	0.0349931	0.00529612	0.164722	0.0650484	0.0071678	0.00555872	0.441636	0.0164654	0.153553	0.000577789	0.018651	0.0454019	0.00780062	0.00486655	
0.133653	0.00449701	0.0383567	0.123385	0.00515979	0.0155526	0.00523819	0.00283785	0.0713957	0.031712	0.00914771	0.0167596	0.346867	0.0407233	0.0167047	0.0149168	0.0180339	0.0897263	0.000173638	0.0151597	
0.101162	0.182424	0.00879897	0.00300222	0.0437562	0.00111269	0.000450748	0.0376615	0.00977593	0.555369	0.00313186	0.0143083	7.67277e-05	0.000258337	0.000122608	0.000485682	0.00625603	0.0301957	0.000290233	0.00136232	
0.820246	0.00665695	0.000162461	0.000106007	0.000435032	0.00520894	0.0152748	0.00186935	0.00137132	0.00056246	0.00310926	0.00719813	4.8081e-05	0.0857638	0.000321847	0.0387531	0.00812018	0.00379093	0.000442847	0.000558708	
0.0223767	0.00383506	0.0263074	0.349376	0.000223359	0.00864231	0.0263524	0.00811253	0.0873388	0.00335136	0.00317843	0.108688	2.24467e-05	0.170905	0.101648	0.033422	0.0330511	0.00503162	0.000179754	0.00795862	
0.103877	0.000209648	0.104165	0.261544	0.000623066	0.0212157	0.00288261	0.00025138	0.282331	0.00409039	0.0058118	0.0377927	0.000248893	0.0577495	0.0404249	0.0571775	0.0144778	0.00282195	0.000485912	0.00181917	
0.000141954	0.00744865	0.000138531	0.000149586	0.00415483	0.0003489	0.00652863	0.785232	0.000345431	0.0036032	0.0208624	0.000228443	0.00172292	0.00703558	0.000144325	0.000274275	0.00102612	0.132141	0.00576946	0.022704	
0.621864	0.0935943	0.00268935	0.000120312	7.76854e-05	0.0185142	0.00597377	0.0304657	0.000436327	0.000234951	0.000431466	0.000851824	2.35634e-05	0.0737091	0.000140524	0.0392788	0.0115731	0.0985065	0.000698916	0.000815275	
0.0958897	3.25807e-05	0.123698	0.240468	8.28698e-05	0.0217038	0.00472821	5.75066e-05	0.27692	0.00240834	0.00192659	0.0350875	0.000366244	0.0493473	0.049785	0.0707422	0.0216326	0.00244101	0.000112548	0.00257036	
0.0473758	0.0180368	0.00401486	0.0249922	0.0390813	0.000196679	0.183367	0.0355353	0.0130928	0.0248349	0.0153621	0.0576543	4.79683e-05	0.00926925	0.0329173	0.100918	0.0140817	0.0556576	0.0162563	0.307308	
0.0495638	0.0109495	0.000800874	0.000716013	0.00379787	0.000313032	0.000315441	0.0967786	0.00101017	0.634902	0.0409946	0.00275616	0.0048457	0.00415204	0.00465321	0.00805681	0.0108711	0.109455	0.0001837	0.0148838	
0.0193192	0.000201285	0.0713356	0.0438384	0.029789	0.495312	0.181553	0.00120799	0.0144323	0.0187644	0.0257576	0.0170067	0.000822706	0.00875851	0.0091465	0.043646	0.0144236	0.000479371	0.000674673	0.00353069	
0.0270195	0.0276037	0.00143603	0.00710339	0.000351251	0.00272759	0.0381796	0.245404	0.0161538	0.144508	0.0568203	0.00637452	0.000168088	0.0181754	0.0289969	0.000223454	0.148059	0.220424	9.96615e-05	0.0101713	
0.0203972	0.000206354	0.0535842	0.0645885	0.0094373	0.0360447	0.0349513	0.000153788	0.035338	0.000764713	0.0033974	0.0158152	0.472982	0.0232589	0.0501306	0.0779269	0.0747967	0.00197781	9.72777e-05	0.0241508	
0.0316506	0.00806737	0.00836402	0.00537531	0.00223423	0.00124488	0.000485746	0.0863618	0.00200094	0.654335	0.0340802	0.00316573	0.00891399	0.00520716	0.01311	0.016578	0.00614359	0.0942599	0.000885417	0.0175364	
0.0752681	0.0190007	0.000779375	0.000559976	0.000388756	0.625584	0.0279507	0.00098093	0.000453291	0.0103617	0.000815249	0.00329957	6.36064e-05	0.0312229	0.0053717	0.106663	0.0647329	0.0255321	0.000244796	0.000726405	
0.0381294	2.41435e-05	0.235674	0.397335	3.4777e-05	0.0216962	0.0149727	0.000657332	0.0707502	0.00136246	0.000596285	0.03896	0.0398243	0.0597806	0.027397	0.0387127	0.00864783	0.00300241	0.000137162	0.00230503	
0.53265	0.0780123	0.000649768	0.00519889	0.000399713	0.00627457	0.00150333	0.0615448	0.000788817	0.0577131	0.0367256	0.00522005	0.000154521	0.0237333	0.0041659	0.0943361	0.0316029	0.0588031	0.000236693	0.000287014	
0.130205	9.70723e-05	0.00895177	0.0797497	0.0199534	0.0199934	0.0299927	0.0212331	0.0467092	0.0753807	0.0366734	0.0398658	7.68902e-05	0.0215104	0.044377	0.185385	0.135497	0.102547	0.000297558	0.00150323	
0.0204729	0.0418024	0.000767554	0.0239243	0.00626438	0.000107568	0.000278846	0.115568	0.00029128	0.0251397	0.00493499	0.000168949	4.18502e-05	0.102651	0.0200259	0.0480465	0.0428938	0.545547	9.25861e-05	0.00098041	
0.000299938	0.00531915	0.0357511	0.162458	0.0213889	0.187342	0.000548973	0.00447962	0.166804	0.00459386	0.00580658	0.037392	4.57795e-05	0.00105833	0.12237	0.13955	0.0830572	0.015659	0.000290917	0.00578509	
0.0868102	0.000514023	0.0422228	0.056335	0.00892898	0.000266299	0.050274	0.00084241	0.047049	0.00743741	0.00407944	0.0536977	0.000129412	0.128688	0.354185	0.0251595	0.114647	0.013194	0.000487226	0.00505167	
0.0226252	8.27532e-05	0.116519	0.0303433	0.477872	0.0451336	0.0177891	0.000191811	0.0480807	7.04279e-05	0.0209841	0.0544265	0.0164834	0.0189522	0.112391	0.000306796	0.00994358	0.000158132	0.00616416	0.00148173	
0.0392116	0.000137644	0.0032612	0.00985091	0.007557	0.0004117	0.00295491	0.000496591	0.107441	0.00950707	0.0473209	0.0587261	0.0587327	0.00837568	8.66032e-05	0.614977	0.00052401	0.024949	0.00435647	0.00112139	
0.00223644	0.00209726	0.833393	0.00165334	0.0225954	0.000139509	0.00285535	0.000522038	0.00018654	0.0182466	0.0361893	0.0331368	0.00466607	0.0072437	0.000345134	0.0253531	0.000407396	0.000236279	0.00841278	8.4277e-05	
0.0010306	0.000474586	0.00197443	0.0128611	0.0912799	0.632081	0.00635153	0.0357478	0.019749	0.0130568	0.0478053	0.0202069	0.00522582	0.0445319	0.000857534	0.00469412	0.0268369	0.000197105	0.000594783	0.0344424	
0.000375164	0.0179139	0.000138169	0.467182	0.0515025	0.000233903	0.0321794	0.0295459	0.000190787	0.0274494	0.0478266	0.0921059	0.0330217	0.00023787	0.0338405	0.0436242	0.0808606	0.00038653	0.00890524	0.0324799	
3.66351e-05	6.60112e-05	0.0090896	0.014576	0.00146032	0.00244836	0.00635016	0.640303	9.94122e-05	0.0151944	0.00232621	0.017266	0.000984409	0.000211311	2.24957e-05	0.0186352	0.0784017	0.192257	0.000131414	0.000139727	
0.0312771	0.0127763	0.0469302	0.000217734	0.0225047	0.00708261	0.00793628	0.0013939	0.00256983	0.00629919	0.115442	0.0684722	4.06161e-05	0.176834	0.113651	0.249165	0.0378517	0.00452961	0.00144069	0.0935857	
0.0165302	0.000438645	0.000101386	0.000139079	0.0110856	4.92949e-05	0.000431038	0.169294	9.66743e-05	0.0355693	0.00878753	0.000127311	0.000448354	0.000233315	1.27632e-05	0.000680165	0.0103711	0.743946	0.000269168	0.00138875	
0.0223767	0.00383506	0.0263074	0.349376	0.000223359	0.00864231	0.0263524	0.00811253	0.0873388	0.00335136	0.00317843	0.108688	2.24467e-05	0.170905	0.101648	0.033422	0.0330511	0.00503162	0.000179754	0.00795862	
0.000424621	0.00130184	0.000359366	0.00104109	0.0432375	0.000272167	0.000521123	0.654229	0.000495597	0.170273	0.0199611	0.000705686	0.00211782	0.00092133	0.00012639	0.000390565	0.000434041	0.0815663	0.00505125	0.0165693	
0.0263992	0.00362148	0.127059	0.298401	0.0129051	0.116824	0.0232598	0.00667225	0.0713056	0.0254315	0.00984659	0.161536	0.000860311	0.0498051	0.0211518	0.0180195	0.0107608	0.000100506	8.00338e-05	0.0159609	
0.000278704	0.0120792	0.0343921	0.717223	0.0230948	0.000192201	0.000321157	0.0115485	0.00231622	0.00680988	0.0138152	0.00868799	0.00153429	0.0287501	0.0137401	0.110751	0.0064997	0.000247754	0.00750414	0.00021375	
0.00229466	0.000236352	0.0244294	0.0401425	0.015634	0.000314338	0.0284981	0.000312941	0.000528726	0.0287845	0.0204371	0.312803	0.000705672	0.0225601	7.78223e-05	0.349984	0.0963664	0.0423431	0.0127484	0.000798975	
0.00145832	0.014304	0.000514725	0.000388888	0.00563867	0.000177856	0.0224354	0.18639	0.00283737	0.00842049	0.00139904	0.00247721	0.00781679	0.025103	0.00192317	0.00168365	0.00228054	0.672208	0.00709157	0.0354517	
0.0111793	0.000183699	0.008168	0.00152537	0.0046336	0.824204	0.00604462	0.0396892	0.0126882	0.00178469	0.0137705	0.0251098	0.000412941	0.0102082	0.00938814	0.0187726	0.00695388	0.00282913	0.000121927	0.00233207	
0.0892681	0.041766	0.00696346	0.0608438	0.000109626	0.0101184	0.0125179	0.0156088	0.15393	0.00147358	0.0169215	0.0194804	0.00121483	0.0174628	0.0441277	0.0532721	0.164573	0.277906	7.37725e-05	0.0123681	
0.00107869	0.0139384	0.636964	0.0337445	0.0257109	0.000864073	0.0631701	0.00179039	0.000198042	0.000607534	0.0400104	0.0960293	0.000220346	0.0186369	0.0103033	0.0210721	0.0250899	0.000209791	0.0102439	0.000117382	
0.0159825	0.00748045	0.000105649	0.000613785	0.00870356	5.0789e-05	0.00184039	0.153747	0.000267833	0.0311274	0.0298545	0.000299594	0.000342766	0.00284789	5.61376e-05	0.000553511	0.0235187	0.714589	0.00190568	0.00611312	
0.0199811	4.80094e-05	0.000150001	0.0229177	0.570849	0.0280695	0.000124863	0.000138143	0.121774	0.00043653	0.0171956	0.000241083	0.0135856	0.0210203	0.0812397	8.12333e-05	0.0129571	0.0016162	0.00591853	0.0816561	
0.000641315	0.00505671	0.000208795	0.000305039	0.0062081	0.00010783	0.00101452	0.504224	0.000549044	0.120629	0.0023772	0.000392737	0.000113105	0.000574642	8.61013e-05	0.00025048	0.00397136	0.339587	0.000603519	0.0130991	
0.000531666	0.00462586	0.000176049	0.00026376	0.00490483	9.93848e-05	0.000409437	0.525589	0.000504211	0.127298	0.00208994	0.000332008	9.68912e-05	0.000494498	7.48578e-05	0.000222253	0.00443582	0.313321	0.00040179	0.014128	
0.222816	0.0237231	0.0111345	0.000119768	0.0171488	0.0340528	7.58386e-05	0.0217418	0.000432225	0.000117375	0.0193447	0.0209888	2.86466e-05	0.489098	6.0449e-05	0.0419718	0.0473676	0.0375725	0.00349805	0.0087072	
0.0182355	0.00104238	0.0332708	0.0216083	0.00063842	0.00944988	0.00261784	0.0120524	0.0285703	0.000464766	0.039953	0.0103283	0.291602	0.00229348	0.00056992	0.494403	0.0137263	0.0180907	0.000276398	0.000805467	
0.000568633	0.01152	0.0406733	0.0521061	0.0952772	0.047061	0.0333962	0.0131554	0.000427492	0.0590703	0.00966659	0.00112226	0.000122825	0.0483829	0.000267648	0.00557792	0.522361	0.0239606	0.0154646	0.019818	
0.00293463	0.448883	0.00279726	0.0356055	0.00378378	0.017778	0.0112888	0.00110295	0.00770885	0.011988	0.04965	0.0415224	0.0011456	0.0561216	0.000114073	0.286036	0.00496611	0.0125242	0.0001952	0.00385406	
0.0866483	0.000422451	0.040442	0.0212986	0.118825	0.00584697	0.0182835	0.0127637	0.0220399	0.0649528	0.0864711	0.0270653	0.0429709	0.0645841	0.0151619	0.0309281	0.0337486	0.0184713	0.0845555	0.20452	
0.000373481	0.0140092	0.242194	0.0248952	0.029828	0.0265784	0.000128164	0.0184771	0.0106808	0.00107673	0.0176282	0.0381159	0.545302	0.000172412	5.13223e-05	0.000832347	0.00153818	0.00860172	0.00761062	0.0119068	
0.157818	0.0710164	0.00043259	0.000599807	0.000499121	0.00475336	0.0328233	0.0299552	0.0135909	0.00025842	0.00170848	0.00714908	0.000545658	0.0574234	0.0045251	0.0366513	0.133183	0.430348	0.0102012	0.00651792	
0.0436749	0.0182519	0.00911566	0.0205519	0.0404049	0.0404273	0.000247214	0.000489287	0.000161752	0.0436301	0.0408769	0.596728	0.0440368	0.0381799	0.013709	0.00318239	0.000412117	0.0360139	0.00968887	0.000217232	
0.0242216	0.00515712	0.441853	0.230052	0.0129771	0.000139503	0.0278173	0.00855503	0.0106956	0.0163091	0.0159024	0.0324714	0.000179197	0.0175421	0.0287638	0.00590219	0.0929659	0.0120966	0.00871905	0.00767993	
0.00184031	0.00554977	0.0028506	0.0715669	0.001532	0.00394137	0.120488	0.0054168	0.000118493	0.000252313	0.0256124	0.62664	3.53488e-05	0.000147075	0.00603611	0.0838582	0.0264973	0.005306	0.00552543	0.00678563	
0.00137977	0.00254427	0.00223758	0.00158718	0.0158817	0.000804597	0.000227145	0.151501	0.000319939	0.745851	0.0495975	0.000178099	6.1223e-05	0.000241304	6.55654e-05	0.000145129	0.000189244	0.0229839	0.000205915	0.00399796	
0.0104141	0.0330588	0.0248088	0.0230938	0.00121037	0.0485549	0.0216587	0.0193131	0.000250987	0.0139418	0.744795	0.00448637	0.0010138	0.00976417	0.000172823	0.00178455	0.00994842	0.00780293	0.0040218	0.0199044	
0.000256765	0.0143034	0.0167327	0.691735	0.0256626	0.000165832	0.00102073	0.0251098	0.000936098	0.00782066	0.0252684	0.0117408	0.00175263	0.0269187	0.00663978	0.0812583	0.0519583	0.000261879	0.00793387	0.00252363	
0.00192944	0.0333546	0.0069601	0.0021271	0.000193546	0.00110362	0.000361364	0.0487103	0.000607677	0.8001	0.0553196	0.00288634	0.000124016	0.000354218	0.00011237	0.000217033	0.00197009	0.0199078	0.000132821	0.0235282	
0.00227046	0.0335017	0.00738213	0.00203987	0.000626822	0.00128582	0.000309869	0.0526213	0.000300534	0.799239	0.0566562	0.000891561	5.34895e-05	0.000282216	5.97989e-05	0.000170335	0.00124374	0.0187765	0.000126813	0.022162	
0.000654885	0.00593812	0.000169146	0.000361207	0.00319704	8.87085e-05	0.000272823	0.535626	0.000274998	0.146494	0.00244283	0.000336136	0.000144892	0.000535845	5.18875e-05	0.000186267	0.00636869	0.280255	0.000366411	0.0162362	
0.0548784	0.00283078	0.0534883	0.0343264	0.014425	0.0561139	0.000370362	0.114322	0.00167143	0.143811	0.486223	0.00060327	0.000101986	0.000762899	0.000120918	0.000234113	0.0325075	0.000238843	0.000371948	0.00259728	
0.0721816	0.0506327	0.000316434	0.0011384	0.000313464	0.0138789	0.00275776	0.376455	0.00127848	0.0620666	0.0603811	0.00146561	0.000198148	0.00893793	0.000241127	0.00498547	0.063285	0.25354	0.00795919	0.0179864	
0.0020541	0.00275196	0.838635	0.00153331	0.0222572	0.000145638	0.00376524	0.000769044	0.000311095	0.0140943	0.0370078	0.0292648	0.00372447	0.00472358	0.000377676	0.0282329	0.000651215	0.000241225	0.00936392	9.56569e-05	
0.739785	0.00908529	0.000384737	0.000237119	0.0133793	0.00126552	0.0224765	0.0163475	0.0217234	0.0109782	0.0151075	0.0192579	0.000175321	0.0702912	0.00996732	0.024487	0.00724462	0.00246265	0.00534796	0.0099958	
0.110454	0.201568	0.00849969	0.00299524	0.0445506	0.000774435	0.000487621	0.0325236	0.0104094	0.530666	0.00143406	0.0153888	7.50329e-05	0.000307731	0.000132042	0.00047484	0.0070387	0.0306207	0.000401711	0.00119878	
0.0504379	0.000770331	0.0300211	0.00159152	0.142075	0.000176227	0.00163809	0.000680225	0.33018	0.000676246	0.00114247	0.00088035	0.00015884	0.000519317	0.329853	0.00027035	0.000474611	0.0273814	0.000259219	0.0808141	
0.0200115	0.000498801	0.0625037	0.0287477	0.132048	0.00266388	0.00251381	0.000909533	0.00741004	0.000843635	0.00307956	0.0157757	4.55249e-05	0.00127882	0.669318	0.000459923	0.00342955	0.0130298	0.000242331	0.0351898	
0.540812	0.00117463	0.000392974	0.000530464	0.00283582	0.0109601	0.0293006	0.0318229	0.0301619	0.00454955	0.0415556	0.0232463	9.01544e-05	0.053201	0.00245981	0.221926	0.000431851	0.000361572	0.00163093	0.00255565	
0.000516017	0.000181162	0.0563362	0.159679	0.00023346	0.02374	0.0250974	0.0362933	0.0366082	0.00141015	0.0392832	0.0394505	0.000115069	0.0398374	0.0145398	0.482317	0.0013695	0.041881	0.000861148	0.000249979	
0.802547	0.0057806	0.000726836	0.00087358	0.0105519	0.00367609	0.00921642	0.0294976	0.00115704	0.00170006	0.000831795	0.0274717	0.0189159	0.0184797	0.00041386	0.0116322	0.0105197	0.0272173	0.0106118	0.00817861	
0.0760587	5.52606e-05	0.0430723	0.095316	5.16782e-05	0.0356107	0.0144103	0.00028735	0.399833	0.00121137	0.00670472	0.149322	7.41953e-05	0.0268207	0.0946175	0.0394676	0.012481	0.00139173	0.000101408	0.00311212	
0.015987	0.000385215	0.0219393	0.0271478	0.0286042	0.000253566	0.0225237	0.0040597	0.00299907	0.000417519	0.00719948	0.00266614	0.00513777	0.0154442	0.46382	0.151734	0.155742	0.05998	0.000343665	0.0136161	
0.000305287	0.0121374	0.000298315	0.000424547	0.00214816	0.00129293	0.0145256	0.775716	0.000392059	0.00257612	0.0108133	0.000251157	0.00616173	0.0201318	0.000179795	0.000336927	0.000610881	0.120197	0.00537317	0.0261282	
0.0233734	0.00267955	0.000655775	0.0297854	0.0122259	0.0015226	0.000635595	0.000995583	0.0003532	0.024327	0.00583369	0.155043	0.000121713	0.0410652	0.000284467	0.0209982	0.583125	0.0834616	0.0132473	0.000265386	
0.605636	0.00234279	0.000382239	0.000196176	0.0155555	0.00204856	0.00139261	0.134881	0.000673604	0.0106735	0.000476259	0.000690975	0.00762694	0.00282197	0.000166362	0.00630135	0.0251147	0.171265	0.00416828	0.00758665	
0.0321348	0.0306793	0.000822073	0.000546889	0.000190119	0.000130061	0.0206	0.0520961	0.00507129	0.000779908	0.00032987	0.00110788	0.000971752	0.0394366	0.00254536	0.000485602	0.00280973	0.777777	0.0081506	0.0233352	
0.00180904	0.0355766	0.00175807	0.00491012	0.000379303	0.00140948	0.00455866	0.476659	0.000767756	0.15541	0.162663	0.000785913	0.00112808	0.0053749	0.000435528	0.000663928	0.000397042	0.113226	0.00570739	0.0263805	
0.000112255	0.0159066	0.251207	0.0256846	0.0380314	0.0264787	0.000167908	0.00963533	0.010983	0.000965341	0.0174096	0.0251708	0.543389	9.6147e-05	4.39799e-05	0.000504404	0.00204468	0.007522	0.00794454	0.0167026	
0.0580918	0.00755853	0.000315776	0.0351457	0.040908	0.00355637	0.0102864	0.00501793	0.106217	0.000958363	0.0329019	0.00378691	0.00699041	0.00839785	0.00224567	0.000201313	0.0258253	0.00661092	0.00115817	0.643826	
0.0396827	8.85276e-05	0.000168452	0.0249851	0.252818	0.0621732	0.000191983	0.0011129	0.154694	0.000231271	0.0205203	0.000245649	0.0135515	0.0244593	0.1012	0.000203391	0.0213067	0.00138117	0.00474398	0.276242	
0.024442	0.000126537	0.000238261	0.000446927	0.0113039	0.731648	0.0274273	0.00285	0.036466	0.0313479	0.0429212	0.00213758	0.000451184	0.0436863	7.95933e-05	0.028385	0.000915134	0.000230202	0.000660721	0.0142359	
0.0348966	0.000155021	0.000149454	0.0174899	0.00211084	0.0350453	0.000216112	0.137401	0.0449633	0.0734497	0.0451747	0.000224738	0.0141978	0.0215057	0.0307531	0.000262466	0.0225868	0.109101	0.00721937	0.403097	
0.731135	0.000442224	0.000227769	0.000234136	0.000791224	0.0320723	0.0198965	0.0170406	0.0193478	0.000359857	0.0287292	0.0262766	2.00303e-05	0.0758796	0.00017827	0.0415403	0.00163301	0.00262104	0.000201911	0.00137236	
0.0175313	0.00104655	0.106333	0.0223229	0.126702	0.00135022	0.0041294	0.000409593	0.00542603	0.00140201	0.000607388	0.0122218	5.1352e-05	0.000937297	0.657306	0.000460906	0.00249312	0.0115899	0.000112005	0.0275673	
0.225192	0.0249579	0.0132894	0.000122718	0.0197105	0.0344015	7.51035e-05	0.0243029	0.00100171	0.000166469	0.0205772	0.0171432	3.3325e-05	0.473875	6.55063e-05	0.0461283	0.0412035	0.0407698	0.00349898	0.0134846	
7.45421e-05	0.0139863	0.687367	0.00531861	0.0203631	6.44477e-05	6.16168e-05	0.0193236	0.00375894	0.0110446	0.0366105	6.14906e-05	0.115611	0.000263214	0.0352588	0.0120013	0.0343205	7.35013e-05	0.00437264	6.50286e-05	
0.0322894	0.000336239	0.0707273	0.00594301	0.143629	0.000644567	0.00131294	0.0008551	0.184595	0.000439454	0.00113804	0.00602182	5.11696e-05	0.000558455	0.465316	0.000291321	0.00148966	0.0185277	0.000202498	0.065631	
0.0581091	0.000273579	0.0175217	0.000154704	0.182268	0.000105616	0.00048264	0.000668108	0.589375	0.000213272	0.000219813	9.46789e-05	3.96213e-05	0.000156556	0.0601947	0.00017377	0.00597099	0.0167846	6.0366e-05	0.0671334	
0.323928	0.000345158	0.0792386	0.00115824	0.00103225	0.0313334	0.00114286	0.000762392	0.00255464	0.000906624	0.0217571	0.00424063	0.181302	0.00276518	0.000166636	0.236108	0.0916652	0.00936602	0.00911928	0.00110753	
0.0135013	0.000171836	0.109212	0.0310477	0.14014	0.000962242	0.00172946	0.000501703	0.00294514	0.00033891	0.000882906	0.0124054	6.387e-05	0.000378059	0.633261	0.0001951	0.00390544	0.0136979	0.000124355	0.0345356	
0.0301005	0.000605873	0.168346	0.259084	0.00056147	0.000585129	0.00403177	0.00700715	0.000403611	0.000307633	0.00297593	0.0005671	0.00980336	0.0417114	0.000183643	0.0731834	0.186676	0.209652	0.00367367	0.00054061	
0.0559423	0.00177345	0.000891567	0.0013116	0.00285681	0.000525399	0.000799444	0.102442	0.0374555	0.000299794	0.0460981	0.047725	0.68063	0.00106194	0.000263466	0.0139848	0.000215684	0.000654286	0.00317325	0.00189662	
0.0520064	0.0178001	0.0880726	0.0342449	0.00112825	0.0567483	0.0176168	0.583983	0.000590212	0.000179464	0.00060162	0.00127354	0.0698174	0.0293989	0.000353226	0.00219053	0.000313071	0.000291015	0.00865635	0.034734	
0.0158009	0.000411406	0.00128671	0.000907217	0.000524272	0.0113517	0.0308088	0.000784217	0.000500735	0.00108922	0.00112574	0.000928347	4.28863e-05	0.0644848	0.000236106	0.311919	0.556202	0.000532218	0.000607506	0.000455877	
0.746611	0.00162718	0.000236807	0.000171562	0.00146871	0.0226266	0.0183736	0.0160855	0.0157677	0.000407971	0.025696	0.0240699	1.78053e-05	0.0778318	0.000139749	0.0423585	0.00257481	0.00221868	0.000432066	0.00128396	
0.0545286	0.00058047	0.0171561	0.000154525	0.176174	0.000264105	0.00161479	0.000475643	0.598909	0.000966567	0.000287998	0.000104619	0.00119176	0.000212782	0.0586138	0.00032786	0.00520686	0.0166449	0.00025754	0.0663275	
0.00417656	0.0373961	0.00278028	0.012087	0.000448611	0.00186051	0.000729553	0.00893699	0.0441802	0.653443	0.00205015	0.0427997	0.000243279	0.0017489	0.000410799	0.0040616	0.0472294	0.107548	0.00148503	0.0263835	
0.0167103	0.000343933	0.000102045	0.000121446	0.0111877	4.79239e-05	0.000421688	0.168797	9.30605e-05	0.0354875	0.00891924	0.000124218	0.000438587	0.000256975	1.30897e-05	0.000691698	0.0106563	0.744037	0.000269182	0.00128039	
0.807094	0.00614467	0.000228387	0.000105031	0.000763896	0.00321264	0.0158963	0.00491504	0.00782739	0.000537847	0.00860702	0.0118024	3.46414e-05	0.0812855	0.00356742	0.0354653	0.00730554	0.00389873	0.000465003	0.000843328	
0.00640447	0.026146	0.313661	0.0213189	0.046723	0.000585628	0.000172449	0.000356888	0.00795629	0.0742931	0.0293751	0.420253	0.0209807	0.00536813	0.0133267	0.000648749	0.000659573	0.000838338	0.0107632	0.000168673	
0.0239506	0.067343	0.031224	0.0289525	0.0251342	0.0893354	0.000523444	0.0169839	0.00208114	0.436974	0.256913	0.00501123	0.000146199	0.00111874	0.000179485	0.00101206	0.000942544	0.00544682	0.00065341	0.00607471	
0.00159526	0.00904193	0.00224636	0.000800731	0.00490657	0.000344691	0.000319152	0.456385	0.00115394	0.406815	0.0450517	0.00193235	7.93008e-05	0.000269998	9.12284e-05	0.000161876	0.00477264	0.036574	0.000102077	0.0273562	
0.0272693	0.0170243	8.586e-05	0.169576	0.000890897	0.000111221	0.00687384	0.000686622	0.00430775	0.000271234	0.0227861	0.029208	5.00451e-05	0.0942576	0.000329599	0.114784	0.4166	0.0735977	0.010663	0.0106267	
0.0893837	0.0417215	0.00695916	0.0607658	0.000135391	0.0101226	0.0125141	0.0156113	0.153744	0.00154413	0.0169153	0.0194996	0.001212	0.017479	0.044117	0.0533788	0.164585	0.277881	7.37964e-05	0.0123557	
0.652226	0.0667417	0.0041568	0.000168852	9.14517e-05	0.0195436	0.00409253	0.0250333	0.00404467	0.000211527	0.00376083	0.00164398	4.06734e-05	0.075483	0.000475358	0.0375228	0.0099968	0.0930091	0.000864126	0.000892521	
0.00363077	0.000237999	0.00176267	0.00833743	0.0929124	0.62646	0.0158902	0.0239512	0.0103002	0.0129708	0.0331891	0.0275955	0.00430639	0.0761318	0.00531669	0.00338539	0.0156334	0.000694973	0.0001947	0.0370989	
0.605653	0.00234227	0.000383647	0.000196204	0.0155704	0.00204278	0.00139234	0.134821	0.00067441	0.0106761	0.000477635	0.000690779	0.00766381	0.00283591	0.000164956	0.00630444	0.0251007	0.171251	0.00416816	0.00758987	
0.00121808	0.0114273	0.616235	0.0325599	0.0235787	0.000988785	0.0647784	0.00153684	0.000153951	0.000499235	0.0426851	0.105394	0.000183321	0.0208242	0.0130054	0.0240829	0.0299173	0.000179296	0.0106449	0.000107995	
0.0188007	0.000254516	0.095524	0.0262256	0.1237	0.00100041	0.00297924	0.00122474	0.0185302	0.000653681	0.00185887	0.0132154	5.26687e-05	0.000611856	0.645812	0.00036645	0.00397719	0.016185	0.000161359	0.0288658	
0.0163223	0.00267818	9.87217e-05	0.000135798	0.0107022	4.72826e-05	0.000400134	0.168557	0.00010156	0.0367476	0.00870133	0.000127629	0.000429137	0.000205979	1.82469e-05	0.000664339	0.0102347	0.741931	0.000267976	0.00162861	
0.0101407	0.0364345	0.00132154	0.00116172	0.00128562	0.000653975	0.000546192	0.141862	0.0105761	0.566869	0.0432714	0.00102893	0.000201644	0.000713314	0.000227676	0.00141161	0.00245067	0.15709	0.00171417	0.0210395	
0.105194	0.0538416	0.00501245	0.00694288	0.00101798	0.00179873	0.0273812	0.00109738	0.000781359	0.00146047	0.00293975	0.00286513	8.64228e-05	0.0570887	0.00057631	0.0424096	0.633202	0.0527524	0.00258533	0.000966217	
0.000555511	0.00891784	0.000604848	0.000413874	0.0113464	0.000379327	0.00158464	0.113945	0.00216176	0.220163	0.359045	0.00173623	0.000304241	0.00332793	0.000399588	0.000933756	0.00109369	0.252969	0.00335866	0.0167599	
6.73679e-05	0.0133968	0.689655	0.00487136	0.0206846	6.01382e-05	6.034e-05	0.0182001	0.00501837	0.010711	0.0361603	7.78794e-05	0.117599	0.000218286	0.036827	0.0107567	0.0314627	7.09862e-05	0.00404409	5.79068e-05	
0.00222224	0.0341641	0.0074313	0.00246682	0.000257287	0.00179025	0.000372573	0.0488472	0.000507146	0.799387	0.0547614	0.00256945	6.83704e-05	0.000284518	7.96249e-05	0.000191631	0.00171994	0.0190794	0.000120589	0.0236795	
0.816958	0.00762933	0.0001664	0.000117666	0.000608341	0.00214197	0.0153139	0.00285823	0.00376179	0.000760702	0.00649184	0.00861453	4.24424e-05	0.0828703	0.0013404	0.0367092	0.00862925	0.00353021	0.000806731	0.000648709	
0.212262	0.000674702	0.108924	0.0810873	0.00120514	0.216856	0.00216342	0.00235085	0.00127238	0.000431809	0.0020128	0.00180198	0.205815	0.00115972	0.000290167	0.045428	0.0731291	0.0418854	0.00035639	0.000893653	
0.223998	0.0247293	0.013429	0.000137862	0.0185249	0.0309829	8.57827e-05	0.0231601	0.000402421	0.000117658	0.0189885	0.0185401	4.02774e-05	0.491345	4.70801e-05	0.0426987	0.0408819	0.0384254	0.00375848	0.00970664	
0.00194532	0.0176413	0.00174888	0.00168563	0.000368437	0.00068184	0.00238557	0.851582	0.000363502	0.0152393	0.0065887	0.000356803	0.000312505	0.0058559	0.000185052	0.00248106	0.000198867	0.0739289	0.00026109	0.0161889	
0.0663613	0.0288209	0.0135334	0.00706426	0.034492	0.0393106	0.00268003	0.0518705	0.000252786	0.00192632	0.0364131	0.017718	8.92701e-05	0.477246	0.000167025	0.0676961	0.103506	0.028602	0.0109445	0.0113056	
0.00922803	0.000177689	0.000447747	0.00192432	0.069454	0.6225	0.0199934	0.0362878	0.0224872	0.0292358	0.073716	0.0169439	0.00570827	0.040265	0.000581459	0.0058404	0.0144063	0.000263456	0.000402728	0.0301369	
0.0199821	4.19493e-05	0.000112983	0.024296	0.591394	0.0436422	0.000105043	0.000141614	0.108497	0.000545096	0.0185963	0.000150164	0.0155512	0.022835	0.0638497	8.65218e-05	0.0131655	0.00126397	0.00605822	0.0696849	
0.0240199	6.10468e-05	0.0822091	0.0252984	0.510916	0.0583279	0.00825831	0.000198086	0.0620205	0.000199277	0.022999	0.0348541	0.015562	0.0225245	0.108299	0.000210142	0.0113969	0.00019003	0.00619473	0.00626216	
0.000575477	0.00140346	0.591122	0.000257333	0.0536374	0.0276439	0.00267152	0.00220199	0.000632343	0.022526	0.0421381	0.196082	0.0275439	0.00982215	0.00200716	0.00109113	0.00195011	0.000424584	0.01176	0.00450875	
0.000159125	0.00600878	0.00018867	0.00014429	0.00514814	0.000338285	0.00630001	0.786446	0.000397096	0.00412879	0.0217134	0.000266617	0.000593045	0.00442597	0.000176264	0.0002954	0.00125039	0.132595	0.00607771	0.0233466	
0.000203472	0.0165581	0.245657	0.0259727	0.0262502	0.0279761	0.000213012	0.0106398	0.0125749	0.00190115	0.0168654	0.0390536	0.545625	0.000179833	5.97089e-05	0.000550568	0.00154919	0.00625415	0.00866823	0.0132479	
0.0221512	0.0904409	0.000241251	0.000284022	0.000395186	0.000499421	0.00320981	0.0183154	0.00331739	0.0153317	0.000341051	0.0185392	0.000104265	0.00162069	0.000345541	0.0208433	0.404318	0.394052	0.000300356	0.00534944	
0.000110412	0.0146319	0.673023	0.00406823	0.0224211	7.45975e-05	9.05406e-05	0.0183693	0.0106419	0.0114073	0.0364922	0.000188665	0.114014	0.0028182	0.0378773	0.0145606	0.0334594	0.000108425	0.00558124	6.24052e-05	
0.0239379	0.0314937	0.0114225	0.00260638	0.0505138	0.0170899	0.34541	0.000339173	0.000150621	0.00150899	0.0465448	0.362061	0.000515179	0.0665281	0.0092048	0.000344816	0.000430298	0.0195978	0.0101289	0.000171463	
0.0497233	0.0216185	0.000918206	0.00236198	0.00636227	0.000479426	0.000306219	0.0951924	0.00300367	0.639101	0.0346724	0.00283099	0.0027018	0.00265459	0.00277616	0.00632118	0.0085186	0.101533	0.000442128	0.0184826	
0.0866483	0.000422451	0.040442	0.0212986	0.118825	0.00584697	0.0182835	0.0127637	0.0220399	0.0649528	0.0864711	0.0270653	0.0429709	0.0645841	0.0151619	0.0309281	0.0337486	0.0184713	0.0845555	0.20452	
0.490931	0.00199137	0.00107729	0.00038651	0.0397934	0.237162	0.028376	0.00304392	0.00177935	0.0062457	0.0248483	0.00527294	0.00711544	0.0323264	0.000152577	0.0700439	0.0433124	0.000636101	0.00234149	0.00316363	
0.130205	9.70723e-05	0.00895177	0.0797497	0.0199534	0.0199934	0.0299927	0.0212331	0.0467092	0.0753807	0.0366734	0.0398658	7.68902e-05	0.0215104	0.044377	0.185385	0.135497	0.102547	0.000297558	0.00150323	
0.00255609	0.00145009	0.00257651	0.0250289	0.012898	0.0246609	0.0115604	0.019228	0.271627	0.0325089	0.0122562	0.0169799	0.389702	0.00329437	0.0645236	0.00106561	0.0060934	0.0162435	0.0747755	0.0109711	
0.00516257	0.00937918	0.00164757	0.0102101	0.00542801	0.000393897	0.00121516	0.32764	0.00044165	0.26052	0.00727402	0.000685568	0.00473758	0.0128327	8.9702e-05	0.00362768	0.0133191	0.314065	0.00211305	0.0192179	
0.0767602	0.00047222	0.0032332	0.00173355	0.156215	0.0211903	0.000795237	0.188976	0.0013388	0.439336	0.0561473	0.0019689	0.000107286	0.00690792	0.000124083	0.000186496	0.00140473	0.0420571	0.000190589	0.000855176	
0.200978	0.00658843	0.00982425	0.0257742	0.00272955	0.0100879	0.0026477	0.0368594	0.331692	0.0815918	0.0464273	0.0192067	0.00193971	0.0200586	0.075313	0.0412702	0.0352288	0.0479183	0.00228241	0.00158134	
0.0385285	2.39348e-05	0.235915	0.393486	3.39144e-05	0.0217319	0.0149533	0.000647576	0.0733289	0.00136791	0.000606126	0.0388975	0.0392663	0.0596019	0.0279929	0.0393144	0.00889928	0.00297393	0.000140118	0.00229074	
0.00121112	0.000165329	0.197737	0.00748697	0.0264938	0.000622782	0.0459348	0.168352	0.0171239	0.000754465	0.0427522	0.000316631	0.00129382	0.000949763	0.00205803	0.000510396	0.0375592	0.000894789	0.0110261	0.436757	
0.00181988	0.000546304	0.00107485	0.00671162	0.55738	0.00111016	0.0123456	0.156402	0.000444426	0.128345	0.0285869	0.000310541	0.000169344	0.0103135	0.00390402	0.00019842	0.00462552	0.0524398	0.00245778	0.0308135	
0.0484691	0.00993485	0.00801236	0.066346	0.0732818	0.0156813	0.0250511	0.0584978	0.196151	0.120847	0.0147363	0.0367753	0.008228	0.0858562	0.122348	0.02076	0.014578	0.020646	0.0026084	0.0511912	
0.0958794	3.00249e-05	0.123531	0.240713	8.26762e-05	0.0216984	0.0046888	5.73499e-05	0.277369	0.0023285	0.00191919	0.0347001	0.000366426	0.049404	0.0498104	0.0707084	0.0215893	0.002437	0.000112548	0.00257501	
0.0484691	0.00993485	0.00801236	0.066346	0.0732818	0.0156813	0.0250511	0.0584978	0.196151	0.120847	0.0147363	0.0367753	0.008228	0.0858562	0.122348	0.02076	0.014578	0.020646	0.0026084	0.0511912	
0.0263992	0.00362148	0.127059	0.298401	0.0129051	0.116824	0.0232598	0.00667225	0.0713056	0.0254315	0.00984659	0.161536	0.000860311	0.0498051	0.0211518	0.0180195	0.0107608	0.000100506	8.00338e-05	0.0159609	
0.0484691	0.00993485	0.00801236	0.066346	0.0732818	0.0156813	0.0250511	0.0584978	0.196151	0.120847	0.0147363	0.0367753	0.008228	0.0858562	0.122348	0.02076	0.014578	0.020646	0.0026084	0.0511912	
0.0381294	2.41435e-05	0.235674	0.397335	3.4777e-05	0.0216962	0.0149727	0.000657332	0.0707502	0.00136246	0.000596285	0.03896	0.0398243	0.0597806	0.027397	0.0387127	0.00864783	0.00300241	0.000137162	0.00230503	
0.00080201	0.00211118	0.436319	0.0410651	0.0215375	0.000438058	0.000285708	0.000245813	0.0286162	0.0149316	0.00329139	0.322617	0.0153369	0.013965	0.0541727	0.0190128	0.015524	0.00130712	0.00822428	0.000196703	
0.0266242	0.112089	0.00064061	0.000559857	0.00982297	0.000570238	0.00135541	0.0718504	0.00250438	0.352089	0.0201827	0.00372526	0.136095	0.00875797	0.000935846	0.0208866	0.041378	0.126856	0.00117863	0.0618993	
0.00431647	0.0331659	0.000283216	0.0104556	0.000359518	0.000240456	0.0145129	0.114758	0.0030084	0.0168356	0.170539	0.00164664	0.000368008	0.0157352	0.00136305	0.00107756	0.097649	0.471112	0.0119689	0.0306042	
0.00739771	0.0149264	0.000270638	0.0395568	0.0159486	0.000250644	0.0283006	0.309571	0.0069137	0.000430612	0.0157913	0.00193522	0.00305652	0.0187649	0.0102965	0.00125904	0.0011289	0.484553	0.0134344	0.0262134	
0.0683667	0.0340397	0.00954699	0.000383758	0.00043028	0.000291354	0.00809272	0.0313969	0.0282282	0.00421886	0.000240166	0.016974	0.000186452	0.00265782	0.000395492	0.00214582	0.00445378	0.758386	0.00817385	0.021391	
0.080539	0.00103088	0.00265635	0.00156801	0.000670072	0.00434512	0.028501	0.0315781	0.0463426	0.00172089	0.0475762	0.0443674	0.00061855	0.0354615	0.0151347	0.65239	0.00249377	0.00145613	0.000911071	0.000638356	
0.000117807	0.0156948	0.249584	0.0258373	0.0390776	0.0267004	0.000173813	0.00964563	0.0119733	0.000964647	0.0170806	0.023645	0.542819	9.80633e-05	4.56035e-05	0.000499497	0.00213647	0.00826866	0.00826652	0.0173714	
0.000109328	0.0140581	0.685539	0.00447146	0.0219133	8.03438e-05	7.24146e-05	0.0166092	0.00935823	0.0114147	0.0342134	0.000129199	0.116301	0.00100201	0.0389677	0.0129745	0.027817	7.25695e-05	0.00483787	5.88225e-05	
0.183035	0.00240549	0.000487487	0.0415215	0.000232058	0.00024028	0.137342	0.0629256	0.000226532	0.0835475	0.0188822	0.0228865	0.000152856	0.00133714	0.000120999	0.0077562	0.00254497	0.426676	0.00706255	0.000617683	
0.0244956	0.000126061	0.000226235	0.000424651	0.0109305	0.731962	0.0279255	0.00252858	0.036267	0.031368	0.0420977	0.00188316	0.000443026	0.0445735	6.28748e-05	0.0289038	0.000812997	0.000224712	0.000717451	0.0140261	
0.0119152	0.000203544	0.00865054	0.00091727	0.00105923	0.829045	0.00612647	0.0415913	0.0144113	0.00050176	0.0118527	0.0233414	0.000142437	0.00861127	0.00986368	0.0202418	0.0069912	0.00312508	0.000103309	0.00130533	
0.0223571	0.090049	0.000236126	0.000242281	0.00039104	0.000500324	0.00358823	0.0180006	0.00326844	0.0151784	0.000280806	0.0191434	8.25024e-05	0.00135953	0.000307363	0.0208141	0.406278	0.392455	0.000124941	0.00534355	
0.0892681	0.041766	0.00696346	0.0608438	0.000109626	0.0101184	0.0125179	0.0156088	0.15393	0.00147358	0.0169215	0.0194804	0.00121483	0.0174628	0.0441277	0.0532721	0.164573	0.277906	7.37725e-05	0.0123681	
0.00814124	0.000363039	0.105631	0.0375068	0.143698	0.000901925	0.00195515	0.000467605	0.00183984	0.000479226	0.00131257	0.0118815	5.9964e-05	0.000297043	0.625027	0.000200635	0.00565204	0.0160834	0.000248014	0.0382534	
0.812923	0.0095876	0.000167874	0.000138386	0.000575188	0.00185473	0.0165853	0.00398365	0.00433043	0.00135304	0.0070571	0.00856255	0.000110213	0.0812553	0.00103503	0.0363521	0.00876633	0.00371667	0.000835974	0.000809212	
0.0173108	0.00378849	0.0221526	0.0114373	0.0332783	0.0023139	0.020759	0.00763049	0.0242213	0.0127959	0.00172884	0.0409359	8.26731e-05	0.00228343	0.771045	0.00443175	0.00833385	0.0108355	0.000252052	0.00438328	
0.347172	0.000160864	0.0251925	0.0409969	0.00578781	0.0175977	0.00246406	0.00178354	0.152204	0.0164766	0.0470254	0.139872	4.92661e-05	0.0616953	0.0249044	0.0779864	0.00887386	0.00385471	0.000405615	0.0254976	
0.00309337	0.000239065	0.00145678	0.00471558	0.263144	0.00232726	0.0105437	0.0527749	0.0045352	0.364496	0.0847016	0.00114545	0.000470534	0.00254754	0.000517888	0.000384803	0.00268794	0.0685432	0.00122932	0.130447	
0.81383	0.00638497	0.000177009	0.000112892	0.000523699	0.00502623	0.015722	0.00229108	0.00181688	0.00075525	0.00464128	0.00746655	2.70529e-05	0.0878913	0.000301753	0.0403297	0.00801173	0.0034168	0.000637255	0.000636363	
0.0958794	3.00249e-05	0.123531	0.240713	8.26762e-05	0.0216984	0.0046888	5.73499e-05	0.277369	0.0023285	0.00191919	0.0347001	0.000366426	0.049404	0.0498104	0.0707084	0.0215893	0.002437	0.000112548	0.00257501	
0.0484691	0.00993485	0.00801236	0.066346	0.0732818	0.0156813	0.0250511	0.0584978	0.196151	0.120847	0.0147363	0.0367753	0.008228	0.0858562	0.122348	0.02076	0.014578	0.020646	0.0026084	0.0511912	
0.00108605	0.00122607	0.00249312	0.00142545	0.0169316	0.000848739	0.000220794	0.157063	0.000325012	0.742027	0.0509239	0.000166977	5.60093e-05	0.000239296	6.41565e-05	0.000131097	0.000153322	0.0228458	0.000227583	0.00154504	
0.00533382	0.000634401	0.224798	0.0430833	0.0385312	0.212466	0.0398569	0.00143576	0.153736	0.000852048	0.0150367	0.195462	0.000193468	0.045996	0.0103333	0.00552883	0.00118398	0.000292162	0.00512206	0.000124155	
0.438846	0.133572	0.000387948	0.00245206	0.000110109	0.052495	0.0010036	0.00555251	0.00615324	0.0820425	0.0138625	0.000369116	0.000132447	0.0145574	0.00726941	0.0718951	0.129851	0.0231086	0.000132018	0.0162081	
0.0112935	0.00147767	0.315492	0.0970045	0.0269986	0.0929641	0.000251834	0.00855276	0.00862403	0.0145713	0.018987	0.00690369	0.230264	0.000856733	0.000265184	0.0732998	0.0888324	0.000236624	0.00291488	0.000208964	
0.00108605	0.00122607	0.00249312	0.00142545	0.0169316	0.000848739	0.000220794	0.157063	0.000325012	0.742027	0.0509239	0.000166977	5.60093e-05	0.000239296	6.41565e-05	0.000131097	0.000153322	0.0228458	0.000227583	0.00154504	
0.72392	0.0244572	0.000738067	0.000237045	0.000316487	0.0118253	0.0179655	0.0334099	0.0166809	0.000235703	0.00227679	0.014455	0.000178679	0.0590368	0.000727044	0.025891	0.00200545	0.0486246	0.000601165	0.0164173	
0.00186383	0.0171304	0.000641489	0.00041358	0.000423384	0.000149517	0.00166659	0.853845	0.000296836	0.0161125	0.00702287	0.000362295	0.000126179	0.00139518	7.49681e-05	0.00258689	0.00016412	0.0794891	0.000538582	0.0156968	
0.00329085	0.0139693	0.000264977	0.000118646	0.000145756	0.000109307	0.000200207	0.814738	0.00155271	0.0210805	0.00441532	0.00102388	3.65906e-05	0.000967973	8.34051e-05	0.00530627	0.000475234	0.116011	0.000651661	0.0155583	
0.0265155	0.00315625	0.651943	0.0298115	0.00337563	0.000260887	0.0213754	0.16462	0.000536773	0.00906755	0.0357392	0.00770719	0.000172723	0.00128156	0.00578406	0.00667372	0.000670008	0.000279309	0.0114331	0.0195959	
0.065758	0.0136874	0.00572884	0.000169197	0.0716103	0.061482	0.00786631	0.000458352	0.394154	0.0208368	0.00115096	0.00732209	0.019442	0.00172484	0.00014197	0.00867289	0.000277966	0.0257393	0.0114992	0.282278	
0.0413116	0.00594058	0.00682187	0.00118792	0.0617241	0.00824721	0.0373062	0.000350698	0.0261388	0.00708881	0.0023439	0.0151754	0.000437634	0.0172545	0.742624	0.00206276	0.000334999	0.0140289	0.000464497	0.00915539	
0.0213788	0.0012459	0.00154728	0.0031848	0.000231755	0.0145768	0.00113703	0.0141976	0.000436634	0.0751914	0.714986	0.00394062	0.00013653	0.00132388	0.0687594	0.00404855	0.0182854	0.0371649	0.00232762	0.0158994	
