0.0139235	0.000441828	0.000687131	0.000513608	0.0769461	0.000256283	9.55334e-05	0.14543	0.000292209	0.140771	0.553035	0.000576665	3.9556e-05	0.000175729	3.96743e-05	0.000198112	0.00671766	0.0449469	0.000778044	0.0141358	
0.135625	0.0219078	0.0190208	0.000117229	0.0166321	0.00202833	0.000256164	0.0138181	0.561145	0.00198293	0.123448	7.62144e-05	0.000138357	0.0262298	0.0116166	0.0032635	0.0158778	0.0010378	0.00464333	0.0411348	
0.00151289	0.0116387	0.00166871	0.00163976	0.0123432	0.000831579	0.00202106	0.593125	0.000239797	0.163057	0.000965386	0.000543766	0.000380489	0.00142155	0.000134135	0.000385698	0.000248431	0.187774	0.00997936	0.01009	
0.00068964	0.00010917	0.000503914	0.00215928	0.739154	0.00029996	0.000638083	0.0773266	0.000847642	0.0389119	0.102929	0.00062181	0.000315814	0.00273654	0.000193821	0.000128952	0.000560424	0.0211862	0.00114477	0.00954223	
0.298383	0.00840762	0.00116963	0.000325613	0.000832565	0.00312706	0.0293555	0.000496735	0.000234098	0.000350446	0.00140875	0.00125972	3.14801e-05	0.0575406	0.000154052	0.372409	0.223001	0.000560927	0.000297351	0.000654905	
0.00832232	0.0660071	0.000197598	0.000118363	0.00150991	0.501002	0.0196042	0.0342537	0.0209761	0.122142	0.165028	0.0217317	0.00169023	0.0280407	2.41433e-05	0.000179217	0.0048429	0.00214431	0.000207439	0.00197854	
0.0019544	0.00066668	0.000113222	0.00055819	0.00625318	0.000689359	0.00693907	0.000201754	0.00325771	0.0149338	0.0074162	0.696498	0.000161989	0.0529171	0.0541279	0.0393063	0.0925008	0.0177853	0.00358998	0.000128917	
0.514807	8.91766e-05	0.000287379	0.000762346	8.05338e-05	0.0392315	0.0314826	0.0400343	0.0389122	0.00032907	0.0634975	0.0270666	2.73548e-05	0.0692283	0.00166914	0.171691	9.17738e-05	0.000431404	0.000218772	6.19803e-05	
0.00590379	0.000662809	5.03738e-05	0.0237661	0.00353322	0.00302544	0.073509	0.00278374	0.00013314	7.04947e-05	0.028852	0.782153	3.29854e-05	3.7672e-05	2.87121e-05	0.0163037	0.01104	0.0280218	0.0188631	0.00122879	
0.000149594	0.000399111	0.000331372	0.110119	0.0277271	0.00338569	0.0445958	0.010549	0.100846	0.0445606	0.0494083	0.00524834	0.427751	0.0178605	0.115975	0.000111276	0.022595	0.0171336	0.00103882	0.000215466	
0.0425176	8.24023e-06	0.189243	0.455281	0.00193672	0.0143122	0.0072706	7.13238e-05	0.0986507	0.00182528	0.0011796	0.0490356	0.0564657	0.049529	0.00604671	0.0165382	0.00632439	0.00237785	5.86943e-05	0.0013277	
0.00772035	0.00288187	0.00770381	0.00942716	0.0833696	0.00286262	0.000215878	0.112724	0.00765887	0.70247	0.0126343	0.00391402	4.88009e-05	0.000439798	7.79816e-05	0.000693157	0.00308538	0.0247467	0.00207078	0.0152549	
0.744606	0.0103534	0.000189267	0.000229356	0.000576501	0.00385307	0.0292027	0.00122529	0.0030385	0.000734308	0.023214	0.0027536	3.68803e-05	0.0454659	0.00123662	0.0793637	0.0443328	0.00766695	0.000895772	0.0010252	
0.0317785	0.00372973	0.075168	0.271944	0.00452373	0.0412428	0.021843	0.00594921	0.191445	0.00366975	0.0132206	0.165809	0.00145781	0.0793795	0.0273045	0.0198852	0.0283888	0.0055689	0.000376797	0.00731519	
0.0962203	0.000124309	0.110368	0.352908	0.00966545	0.0066305	0.00301899	0.000177437	0.217753	3.68869e-05	0.000696776	0.0173121	2.20101e-05	0.0250596	0.0605597	0.0927015	0.00652294	6.96291e-05	5.1603e-05	0.000101981	
0.00461658	0.0177353	0.00120603	0.00420076	0.00208804	0.000925114	0.0152406	0.714376	0.000530413	0.00314025	0.0320723	0.000128463	0.00629513	0.0458154	0.000371573	0.000203171	0.000771965	0.116562	0.0111407	0.0225801	
0.441227	0.326965	5.67996e-05	4.8646e-05	0.00162901	0.0139259	0.0207924	0.0421693	0.000326173	2.85997e-05	0.00593684	0.000674237	2.26521e-05	0.043838	2.16304e-05	0.0336111	0.00628281	0.0593982	0.00017081	0.00287502	
0.0512028	3.1193e-05	0.214112	0.191241	0.00367991	0.0113511	0.0261034	0.00200349	0.276321	0.000374342	0.0106238	0.0690071	0.0048733	0.0530322	0.0243781	0.0330303	0.0124895	0.00216366	0.00319168	0.0107905	
0.0658957	0.0246017	0.00153464	0.0333776	0.0445814	2.5024e-05	0.151512	0.0216665	0.00875182	0.00488829	0.00331063	0.0251201	5.25614e-06	0.0176536	0.0201	0.0613267	0.00583993	0.0141089	0.0573441	0.438356	
0.0348449	2.03819e-05	0.000205488	0.000293575	0.00688035	1.78778e-05	0.00023446	0.115287	0.000186234	0.487098	0.230608	2.74804e-05	3.68963e-05	0.000244929	9.08058e-06	0.00274201	0.0140771	0.102613	0.000583296	0.00399034	
0.00723886	4.47516e-05	0.0501689	0.0343226	0.0552806	0.17771	0.137494	9.42893e-05	0.00460221	3.34678e-05	0.0125429	0.463129	2.25219e-05	0.0123111	0.00210153	0.00870334	0.0249336	0.000993673	7.09369e-05	0.00820213	
0.0294371	0.0187138	0.000265039	0.00402769	0.017487	0.00202594	0.00643326	0.339144	0.035791	0.0925796	0.141595	0.000715676	0.0334736	0.0101352	0.00476965	0.00176556	0.0451123	0.193187	7.19413e-05	0.0232687	
0.0205596	1.44901e-05	0.170495	0.137437	0.00115338	0.104614	0.0136121	2.23653e-05	0.0460536	0.00605285	0.00292801	0.0403635	0.339618	0.0482651	0.00878267	0.0334801	0.0209914	0.00201381	7.8711e-05	0.00346366	
0.000995205	0.0244166	0.0338755	0.000916934	0.000195167	0.000366546	0.000713129	0.0399868	0.00101951	0.543203	0.20668	0.00813554	0.00906367	0.0112623	0.0134818	0.000282412	0.00102651	0.0787466	0.000344332	0.0252883	
0.0295318	0.0741348	0.000266213	0.000142328	0.00216081	0.552007	0.0280662	0.00174093	0.0111786	0.0914261	0.00804605	0.00365294	0.000497905	0.023508	0.00162035	0.0599774	0.0914605	0.017493	8.52159e-05	0.00300354	
0.0512028	3.1193e-05	0.214112	0.191241	0.00367991	0.0113511	0.0261034	0.00200349	0.276321	0.000374342	0.0106238	0.0690071	0.0048733	0.0530322	0.0243781	0.0330303	0.0124895	0.00216366	0.00319168	0.0107905	
0.504532	0.123925	0.00171881	0.00464353	7.49429e-05	0.00273492	0.000649661	0.0879788	0.00160926	0.046255	0.0454872	0.0154385	7.52421e-05	0.0348544	0.00666403	0.0554696	0.0153801	0.0524584	2.07254e-05	3.01943e-05	
0.0344125	0.00986554	0.0441449	0.231063	0.00140784	0.00742941	0.0268368	0.0218391	0.299245	0.0106167	0.0277335	0.0269408	0.000390202	0.0537915	0.0578287	0.0312462	0.0861893	0.0193604	0.0020145	0.00764452	
0.00963029	0.0594003	3.46221e-05	0.0491812	0.0109004	4.86805e-05	0.000180485	0.143509	6.9589e-05	0.0200585	0.0265398	0.000206885	2.22624e-05	0.154244	0.00750643	0.0234088	0.023393	0.471323	0.000254598	8.85315e-05	
0.033886	0.0024107	0.0922377	0.246006	0.005711	0.0548303	0.0209951	0.00265051	0.159861	0.00225684	0.0106126	0.224813	0.00183586	0.07448	0.0209757	0.018989	0.0170895	0.00235733	1.07507e-05	0.00799131	
0.00398967	5.23628e-05	0.00333441	0.0176336	8.61705e-05	5.62775e-05	0.126115	7.78599e-05	0.0875595	0.00183318	0.000467626	0.0289997	0.00289271	0.157861	0.410161	0.0732588	0.0679454	0.00505126	0.000157477	0.0124667	
0.0246654	3.32474e-05	0.039607	0.0167067	0.511905	0.0350043	0.0632692	6.33155e-05	0.0773497	2.57916e-05	0.029159	0.0321898	0.00392538	0.0120781	0.135332	8.01549e-05	0.0109253	8.4899e-05	0.0063745	0.00122091	
0.0321916	0.000233519	4.41833e-05	0.0131808	0.00044718	5.79342e-05	6.63702e-05	0.000116549	0.137795	0.000225567	0.000174646	0.138167	0.149994	4.5134e-05	2.55753e-05	0.526235	5.91101e-05	0.00012069	0.00074981	7.07733e-05	
0.00229929	0.00343058	0.824829	0.000671535	0.00549766	3.99649e-05	5.59075e-05	0.000300551	0.000198089	0.00631408	0.0372716	0.0536951	0.0050102	0.0354475	0.000769738	0.0178138	0.00339855	0.00014274	0.00276251	5.15302e-05	
3.50885e-05	3.33552e-05	0.0579049	0.0196323	2.23507e-05	0.0197951	0.00795959	0.000182619	0.0249304	0.0270948	0.514498	0.0252187	1.2877e-05	0.21134	0.0257526	0.0652948	3.01243e-05	0.0002162	1.61573e-05	3.00024e-05	
0.00030748	0.0494249	0.000480339	0.00148245	0.0164431	0.000276166	0.000800294	0.588218	8.853e-05	0.0189644	0.0184208	0.00649368	0.00231095	0.00694643	9.1443e-05	0.019233	0.0543541	0.207948	0.007031	0.000685489	
0.0116874	0.000677343	0.0895558	0.000223942	0.10958	0.00412826	0.0148513	0.00301059	0.0110436	0.00570873	0.187574	0.173042	5.53012e-05	0.146638	0.0383678	0.109056	0.0223553	0.00440782	0.02064	0.0473956	
0.0123679	0.0577521	0.000104561	0.00164421	0.01172	3.66113e-05	0.00112518	0.289021	5.3691e-05	0.0179549	0.0449891	0.00012753	0.00260656	0.000423747	2.58547e-05	0.000264036	0.00297322	0.553023	0.000193702	0.00359321	
0.033886	0.0024107	0.0922377	0.246006	0.005711	0.0548303	0.0209951	0.00265051	0.159861	0.00225684	0.0106126	0.224813	0.00183586	0.07448	0.0209757	0.018989	0.0170895	0.00235733	1.07507e-05	0.00799131	
0.000184428	0.00126067	0.000330888	0.000201253	0.0135784	0.000114769	0.000466983	0.697312	0.000151055	0.0508492	0.0317001	0.000145497	0.00171735	0.000618071	4.8031e-05	9.88196e-05	0.00644794	0.0768854	0.000336885	0.117552	
0.033886	0.0024107	0.0922377	0.246006	0.005711	0.0548303	0.0209951	0.00265051	0.159861	0.00225684	0.0106126	0.224813	0.00183586	0.07448	0.0209757	0.018989	0.0170895	0.00235733	1.07507e-05	0.00799131	
0.0001765	0.0237521	0.0229915	0.737975	0.028843	8.79106e-05	0.000306919	0.0337446	0.0048143	0.0191074	0.0324128	0.00303485	0.0201263	0.00509485	0.00274627	0.0346155	0.0174443	0.000156755	0.0120439	0.000525096	
0.00516921	0.000627886	0.0291426	5.4558e-05	0.00411835	6.69225e-05	0.0330645	0.000310159	0.000105052	6.20712e-05	0.0272093	0.537703	1.89276e-05	1.9291e-05	3.89694e-05	0.258717	0.0745639	0.018432	0.0105557	2.05564e-05	
0.0037719	0.0252104	0.000201018	0.00314678	0.00333194	5.85753e-05	0.0125881	0.264038	0.000244751	0.00580729	0.0302312	0.000377478	0.00261788	0.00618807	0.00027977	0.000178468	0.000150034	0.625828	0.00456061	0.0111898	
0.0122806	0.000112741	0.0182147	0.00768659	0.00822382	0.878311	0.000640832	0.00102335	0.0115153	0.000515584	0.0123045	0.0133132	0.000101203	0.00145703	0.00987714	0.0228617	0.000658368	0.000650878	0.000129537	0.000121833	
0.0344125	0.00986554	0.0441449	0.231063	0.00140784	0.00742941	0.0268368	0.0218391	0.299245	0.0106167	0.0277335	0.0269408	0.000390202	0.0537915	0.0578287	0.0312462	0.0861893	0.0193604	0.0020145	0.00764452	
0.000369548	0.0178884	0.719147	0.0543709	0.0284445	0.00010146	0.05014	0.00232385	0.00303286	9.25986e-05	0.0592356	0.0280368	4.6157e-05	0.00317215	5.57884e-05	0.0176337	0.00147461	0.000221253	0.0141613	5.10547e-05	
0.0182733	0.0103557	0.000145292	0.000143426	0.00032929	7.02978e-05	0.0104788	0.0853346	0.000849804	0.0102017	0.0903445	0.000782648	0.000298116	0.00977387	0.000275704	0.00660472	0.0382781	0.687782	0.0102592	0.0194189	
0.025203	2.07378e-05	0.000198392	0.016413	0.561694	0.0324211	0.000157163	7.56088e-05	0.180639	1.71801e-05	0.0188951	0.000116851	0.0138999	0.0192106	0.0388815	8.16278e-05	0.00913878	7.74362e-05	0.00392879	0.0789303	
0.000795415	0.0236203	9.32754e-05	0.000191065	0.0134337	6.25685e-05	0.000362508	0.659124	0.000196614	0.038539	0.000513889	4.34334e-05	6.67223e-05	0.00111672	2.01604e-05	0.00143305	7.27056e-05	0.259936	0.000244012	0.000134728	
0.000802983	0.0237635	9.30579e-05	0.000189405	0.013399	6.27886e-05	0.000451511	0.659146	0.000197768	0.0383904	0.000511983	4.37631e-05	0.000107526	0.00112903	2.13995e-05	0.0014394	6.16902e-05	0.259807	0.000244002	0.000137704	
0.181402	0.0255608	0.0206387	7.37552e-05	0.0156741	0.0206196	5.39482e-05	0.0580379	0.000294992	8.98047e-05	0.0303185	0.0373361	2.27065e-05	0.431222	2.5822e-05	0.0452295	0.0612765	0.0533778	0.00508006	0.0136658	
0.00604612	4.91447e-05	0.0544382	0.0354391	0.0271434	3.59125e-05	0.017392	8.7624e-05	0.0133845	0.0218817	0.0505754	4.85053e-05	0.378361	0.0321155	2.47594e-05	0.264891	0.00976767	0.0535306	0.0149728	0.0198156	
0.00036707	0.00044573	0.0156626	0.0165598	0.0724098	0.00839552	0.0142801	0.0583076	0.000327932	0.0723576	0.00937738	0.000241893	0.000104538	0.0124152	0.000135318	0.00767275	0.674973	0.0344928	0.000745622	0.000728024	
0.0146473	0.583489	0.000349203	0.00874238	0.0142947	0.0138251	0.0195518	0.000467323	0.000842159	0.000372509	0.0459867	0.0575736	0.000219986	0.0215648	5.00717e-05	0.200601	0.00486233	0.00137349	0.000141508	0.0110447	
0.101888	0.0189416	0.0466491	0.123163	0.00980759	0.0145804	0.0224133	0.005683	0.119009	0.00242315	0.0145569	0.0464951	0.135396	0.0413773	0.012861	0.0986343	0.0562233	0.0860745	0.00265449	0.0411693	
0.000157228	0.00315042	0.142747	0.0244807	0.00695032	0.01197	0.000299905	0.0903271	0.0186959	0.00010841	0.0627337	0.0426358	0.507694	0.000243107	0.00491552	0.00352355	9.15522e-05	0.0606578	0.0139306	0.00468652	
0.223275	0.00136124	0.000324166	0.000123189	0.000383472	0.015069	0.0284478	0.0325772	0.000272342	0.000121424	0.00168681	0.000383465	0.00212599	0.00611005	7.73107e-05	0.038765	0.23365	0.413109	0.000288847	0.0018483	
0.0503311	0.00134004	0.00586864	0.0264835	0.0199955	0.00162114	8.6286e-05	0.000145171	7.0081e-05	0.0240772	0.0689998	0.65995	0.048097	0.0423813	0.000237807	0.0133976	0.000176807	0.0251513	0.0115196	7.03892e-05	
0.00854582	3.32289e-05	0.376753	0.182799	0.0317358	1.65948e-05	0.0349636	0.00880922	0.0115346	0.0141387	0.095741	0.0324528	0.00635785	0.0732709	0.00720355	0.00737031	0.0221482	0.00640138	0.0134306	0.0662939	
0.000805392	0.00735729	9.02372e-05	0.0308006	0.00226963	0.00052045	0.310852	0.000110521	5.83154e-05	0.000538501	0.0380924	0.524384	9.80064e-05	0.00022784	0.00719332	0.00632892	0.00912885	0.0507422	4.6661e-32	0.0104021	
0.00363229	0.0240253	0.000471453	0.00222803	0.0561288	0.000260672	0.000129801	0.114805	0.000839095	0.65691	0.0756301	0.000254721	7.2435e-05	0.000184348	4.08862e-05	0.000122359	0.00143586	0.030842	0.00060298	0.0313838	
0.0519036	0.0169018	0.0627537	0.0177644	0.00361262	0.0272288	0.0201295	0.0032466	9.6829e-05	0.00136212	0.699929	0.00689512	0.0105528	0.0264554	0.000140418	0.00603636	0.000199199	0.00278804	0.00865271	0.0333514	
0.000252944	0.020103	0.000859405	0.649164	0.0620717	0.000109488	0.000156597	0.0386033	7.83633e-05	0.000786555	0.0612546	0.0257095	0.000397918	0.0185025	0.00041066	0.0314657	0.0392192	0.000194119	0.0146572	0.036003	
0.030467	0.0239841	0.00461033	0.0056767	0.00140523	0.00256735	0.000506211	0.054551	0.000697713	0.699979	0.103106	0.00518282	0.00011671	0.000560633	9.40182e-05	0.000569294	0.00190421	0.0390845	0.000350215	0.0245876	
0.00504893	0.0510495	0.000227104	0.000542731	0.0442411	0.000138892	0.000240962	0.0983867	0.000371228	0.603402	0.124976	0.000367245	0.000107154	0.000241539	6.04714e-05	5.08834e-05	0.00198483	0.0319718	6.92959e-05	0.0365219	
0.000187558	0.00126234	0.000330888	0.000204648	0.0135697	0.000115997	0.000453999	0.697767	0.000157808	0.0509359	0.0317266	0.000146328	0.00172413	0.000621532	5.10946e-05	0.000100281	0.00647291	0.0771277	0.000336885	0.116706	
0.00854284	0.0423472	0.109372	0.0151774	0.00905612	0.0351421	0.00235625	0.0288682	0.00010903	0.0201351	0.708701	0.000313815	0.000176354	0.00197604	5.09055e-05	0.000164028	0.0105573	0.000102841	0.002703	0.00414876	
0.0965475	0.0773498	0.000144555	8.15818e-05	0.000684509	0.00981143	0.00354195	0.370786	0.000542445	0.0506063	0.146188	0.000682005	2.27603e-05	0.000554179	0.000250728	0.00974268	0.0502681	0.177293	0.000297128	0.00460534	
0.00014982	0.0153089	0.879245	0.00114431	0.0256807	6.87206e-05	0.00317949	0.00121155	0.00139247	0.000159105	0.050906	0.00439831	0.000127448	4.43471e-05	7.68945e-05	0.00113682	0.001606	0.000136683	0.0139931	3.48152e-05	
0.80002	0.00968241	0.000147859	0.000187682	0.000245833	9.67485e-05	0.0250193	0.023816	0.0222487	0.00478045	0.0320309	0.0161481	4.02246e-05	0.0546528	0.000594165	0.00640823	0.00102806	0.000722244	0.0019346	0.000195432	
0.060803	0.154113	0.00634905	0.00141529	0.180171	0.00078249	0.000595758	0.0155611	0.00315312	0.428234	0.0860987	0.0167752	5.79273e-05	0.000173321	6.99058e-05	0.000618156	0.00273233	0.0384865	0.00221414	0.0015962	
0.0329133	7.12998e-06	0.00950222	0.000445049	0.201205	6.9671e-06	8.843e-06	0.000437869	0.633103	7.90948e-06	0.0004809	0.000223105	3.54196e-06	4.84001e-05	0.0642605	0.000292965	0.000137504	0.0221793	2.48863e-05	0.0347114	
0.0162101	0.000200109	0.0104412	0.0155082	0.05651	0.0160059	0.000268133	0.00643721	0.00271645	0.000246515	0.0135259	0.0198602	0.000202254	0.000606682	0.758806	0.00493143	0.030365	0.0165156	0.000222124	0.0304214	
0.687419	3.0632e-05	0.000222659	0.000239088	3.70994e-05	0.0109913	0.022954	0.0257862	0.0233616	9.33005e-05	0.0484388	0.0543525	1.32723e-05	0.0493658	0.00121573	0.075036	0.000189936	0.000174847	5.0499e-05	2.78825e-05	
1.03159e-05	1.47477e-05	2.20066e-05	7.18932e-06	0.032065	0.0113821	0.0418364	0.000417693	0.0326326	0.0412176	0.0639359	0.000244116	0.0192229	0.0456723	2.12702e-06	0.684033	0.000380628	1.09691e-05	8.3113e-06	0.026884	
0.862489	0.00209761	0.000209801	0.000598819	0.002421	0.00488947	0.000647847	0.00318977	0.00949579	0.000205304	0.0437504	0.0116973	0.0103069	0.00131236	9.7446e-05	0.0053766	0.00622907	0.0199467	0.0117054	0.00333362	
0.0401365	0.00206799	0.0815371	0.223373	0.00482175	0.0665537	0.0253583	0.0023163	0.17721	0.00192273	0.00939861	0.211598	0.001558	0.0689929	0.0324167	0.0232667	0.0175604	0.00199584	1.51403e-05	0.00790112	
0.00398967	5.23628e-05	0.00333441	0.0176336	8.61705e-05	5.62775e-05	0.126115	7.78599e-05	0.0875595	0.00183318	0.000467626	0.0289997	0.00289271	0.157861	0.410161	0.0732588	0.0679454	0.00505126	0.000157477	0.0124667	
0.000184046	0.0152509	0.000169446	0.000166598	5.83823e-05	7.81033e-05	0.0220928	0.830243	0.00015264	3.06633e-05	0.000177167	7.36947e-05	0.0157828	0.0350727	0.00015842	0.000143	6.77248e-05	0.0522085	0.013953	0.0139362	
0.0163546	0.0023986	0.000106062	0.00011571	0.000403787	9.37626e-05	0.00115705	0.0086253	0.00016442	0.000160505	0.000485036	0.462394	3.488e-05	0.0470984	0.000161279	0.00934033	0.440147	0.00611912	0.00418166	0.000458497	
0.556785	0.04794	0.000112668	0.000155272	0.0255143	0.000900445	0.00278866	0.105549	0.000533534	0.00556692	0.000964851	0.000448838	0.00667643	0.00526734	5.27749e-05	0.00447806	0.0172708	0.21604	0.00211933	0.000836754	
0.0323301	0.0220457	0.000562512	0.000257873	0.000108465	7.56959e-05	0.0216055	0.124499	0.000577417	9.19646e-05	0.000418206	0.000212298	0.000233494	0.0466188	0.000461505	0.000173436	0.0042607	0.714769	0.00903888	0.0216596	
0.00108072	0.0248445	0.00251954	0.000770462	0.000175832	0.000619531	0.000623606	0.369296	0.000205217	0.05862	0.45713	0.000198582	0.000124596	0.0013453	5.18283e-05	0.000266201	0.000141964	0.0598536	0.000809482	0.021323	
5.2156e-05	0.00844725	0.0998299	0.0183213	0.0611308	0.0201053	4.77755e-05	0.00376682	0.00394813	0.000445876	0.0243581	0.00170223	0.666436	9.71977e-05	2.13313e-05	2.58945e-05	0.00278415	0.0124206	0.00865891	0.0674	
0.0564026	0.00930358	7.38687e-05	0.0229978	0.0128023	0.000825666	0.00491146	0.00104531	0.00849442	0.000130543	0.0613753	0.00347391	0.00140897	0.000630845	0.000157769	6.75094e-05	0.0234114	0.00191378	0.000650843	0.789922	
0.0339234	7.07897e-05	0.000140443	0.0380884	0.286892	0.0717931	0.000131088	0.000121317	0.0255359	0.00101914	0.0329238	0.000184313	0.122418	0.0350392	0.0287674	9.57627e-05	0.0227591	0.000147189	0.00525377	0.294695	
0.0267036	0.000104542	0.000104839	9.79104e-05	0.079735	0.608182	0.0252785	0.0275495	0.0353319	0.0160478	0.061253	0.0234924	0.0176174	0.0277263	3.6606e-05	0.00430054	0.000484371	0.000115623	0.000252763	0.045585	
0.0378863	0.000116422	8.62011e-05	0.0299125	0.00352567	0.0500387	8.93182e-05	0.0317737	0.0415684	0.00732778	0.0746656	0.000123752	0.0544339	0.0386388	0.0165868	0.000142057	0.0270527	0.0116804	0.00996771	0.564383	
0.730669	0.000109573	0.000165569	5.65022e-05	0.000151353	0.00987457	0.0175377	0.0169186	0.0185875	0.000230788	0.0420773	0.0856129	9.61488e-06	0.0359289	0.000172022	0.0407026	0.000595074	7.3048e-05	0.000161427	0.000366132	
0.0360837	0.00013749	0.00254545	0.0107557	0.130903	5.19371e-05	0.0129287	0.000749601	0.017737	7.80369e-05	0.000668446	0.00202469	2.92907e-05	8.72998e-05	0.750475	8.95355e-05	0.000315878	0.0267189	6.03695e-05	0.0075596	
0.16663	0.022988	0.0164772	4.99366e-05	0.0330541	0.0372191	4.89203e-05	0.0182328	0.00473149	0.000130707	0.0444922	0.00376686	5.34233e-05	0.515039	4.79401e-05	0.0508231	0.0158532	0.0423141	0.00672508	0.0213224	
5.45373e-05	0.0162697	0.59888	0.0118773	0.0128508	2.88424e-05	4.22734e-05	0.0386242	8.12179e-05	0.01302	0.180614	6.10111e-05	0.0848012	0.000161556	0.00480572	0.0143522	0.0159319	5.63896e-05	0.00743853	4.86964e-05	
0.0421376	0.000155239	0.0208989	0.00563031	0.123247	0.000352951	0.00402466	0.000908929	0.0714259	0.000279171	0.00194687	0.00301857	4.80347e-05	0.000759929	0.65671	0.000247602	0.000586812	0.0356504	0.000166413	0.0318041	
0.0595234	2.67694e-05	0.00842345	8.11495e-05	0.139612	2.14125e-05	0.000722	0.000194949	0.632329	2.94139e-05	0.000412966	9.90253e-05	7.97212e-06	0.0146907	0.0967151	5.47239e-05	0.00248004	0.0230809	4.85616e-05	0.0214466	
0.199243	0.0043823	0.208237	0.0455835	0.000143858	0.141433	9.81086e-05	0.000365921	0.000296914	5.75661e-05	0.0141205	0.0131307	0.180379	0.00502058	4.12599e-05	0.0919551	0.0785963	0.0165377	0.00020896	0.000167732	
0.0372117	9.44529e-05	0.000823025	0.0125703	0.124294	4.99661e-05	0.0147454	0.00118056	0.0146507	6.37076e-05	0.000932013	0.000982116	2.01203e-05	6.91836e-05	0.763081	0.000107331	0.000416895	0.0280173	8.24559e-05	0.000607978	
0.0252347	0.0188071	0.124454	0.389745	0.000244759	4.79083e-05	0.000158856	0.00504818	0.000104154	0.000112627	0.00110421	0.00024274	0.000181568	0.0735006	0.00049573	0.0727739	0.0928871	0.177488	0.0168034	0.000565379	
0.0430604	0.000473253	0.00085929	0.00128675	0.000710759	0.000220797	0.00022298	0.0434076	0.026576	0.000154495	0.0682471	0.0901288	0.684667	0.000342092	0.000111004	0.0323143	0.00014867	0.000435574	0.00560716	0.00102599	
0.000216574	0.0146384	0.000179702	0.000246322	5.98903e-05	7.74445e-05	0.0223189	0.831481	0.000159997	3.02697e-05	0.000177628	7.42004e-05	0.0162064	0.0351039	0.000157719	0.000148894	6.89167e-05	0.0512332	0.0136319	0.0137888	
0.0256032	0.000621869	0.009402	0.00396804	0.00307821	0.0300182	0.0317596	0.000258116	0.000147167	0.00113477	0.00127255	0.0003149	4.49166e-05	0.0535616	0.000145136	0.252257	0.577818	0.00404028	0.00220046	0.00235384	
0.735842	0.000110593	0.000160725	5.45861e-05	0.00020465	0.00963362	0.0181784	0.017366	0.0178726	0.000334961	0.040817	0.0808808	9.7564e-06	0.0352647	0.000179784	0.0420821	0.000563313	7.72751e-05	0.000248901	0.000117659	
0.0319477	7.11746e-06	0.0094994	0.000444205	0.20087	6.9785e-06	8.8761e-06	0.000437899	0.634631	8.00455e-06	0.000488266	0.000221991	3.54196e-06	3.95136e-05	0.0640441	0.000285334	0.000137455	0.0221061	2.4886e-05	0.0347877	
0.0327339	0.0245746	0.0489233	0.000877589	0.000242159	0.000619672	0.000184522	0.00561722	0.00695519	0.555992	0.123703	0.0078456	7.50276e-05	0.00053037	7.46261e-05	0.00444149	0.00847548	0.160937	0.00721012	0.00998708	
0.0184029	0.00813638	0.000145896	0.000121701	0.0288293	5.95693e-05	0.00439215	0.0533592	4.371e-05	0.0236851	0.0368682	5.86759e-05	1.97589e-05	0.000980424	1.92683e-05	0.00311113	0.0610073	0.758065	0.00170317	0.000990927	
0.767834	0.008219	0.000140558	0.000175736	0.00130765	0.00028071	0.0263044	0.0277187	0.0319851	0.00544224	0.037426	0.023571	3.72181e-05	0.0488781	0.00804153	0.00717821	0.000752343	0.000966953	0.00282059	0.000920382	
0.0019052	0.00352854	0.317985	0.0249108	0.027879	0.000431955	0.000242555	0.000154182	0.0138625	0.00820211	0.00248416	0.564392	0.00047704	0.000697203	0.0142184	0.0060901	0.00154717	0.00057412	0.0102116	0.00020659	
0.00467138	0.00338791	0.00949491	0.00514795	0.0269182	0.001508	0.0254002	0.0139658	0.000416582	0.174885	0.720795	0.00687974	0.000117284	0.00044262	4.94348e-05	4.89578e-05	0.000422321	0.00508915	0.000168921	0.000190655	
0.000486936	0.00186425	0.000457331	0.000364365	0.0139747	0.000144519	0.000155924	0.398869	0.000120604	0.292078	0.263607	5.48984e-05	2.39174e-05	0.000132727	2.22849e-05	2.58443e-05	0.00441361	0.0189298	0.000200383	0.00407318	
0.0159145	0.087929	0.000484657	0.350373	0.00543412	0.000325936	0.0150828	0.00419803	0.00370925	0.000128106	0.0200203	0.0333483	3.49773e-05	0.159505	0.00282418	0.0390555	0.135502	0.0989156	0.00248671	0.0247272	
0.0344125	0.00986554	0.0441449	0.231063	0.00140784	0.00742941	0.0268368	0.0218391	0.299245	0.0106167	0.0277335	0.0269408	0.000390202	0.0537915	0.0578287	0.0312462	0.0861893	0.0193604	0.0020145	0.00764452	
0.593825	0.00695004	0.0753038	0.000202338	0.00222311	0.00478925	0.00180327	0.0201783	0.0166497	0.000414125	0.0720068	0.002223	8.25294e-05	0.0640464	0.0023671	0.0376485	0.00134261	0.0931214	0.00353747	0.00128558	
0.00390142	0.000217314	0.00230483	0.00767444	0.109225	0.60465	0.0134762	0.0269811	0.00668647	0.0119934	0.0403099	0.0212171	0.00418927	0.0567291	0.00423489	0.00275243	0.0131784	0.000161029	0.000349991	0.0697675	
0.494809	0.052648	0.000101671	0.000138496	0.0426262	0.000652671	0.000471136	0.148572	0.00140913	0.00482869	0.00116809	0.000893355	0.00673461	0.0047468	6.03086e-05	0.0042328	0.0150322	0.216719	0.00315065	0.00100546	
0.00338844	0.000142403	0.420367	0.0470501	0.00064085	0.00834477	0.0351761	8.05724e-05	4.49863e-05	0.000217419	0.000276792	0.315728	2.88023e-05	0.00222579	0.00931433	0.0225071	0.133298	0.000534103	0.00029706	0.00033643	
0.0375337	8.59701e-05	0.000703377	0.0133079	0.125449	4.16654e-05	0.0160913	0.00195569	0.0131846	6.38553e-05	0.000953965	0.000533946	2.31273e-05	9.05333e-05	0.761336	0.00011147	0.000501684	0.0274714	7.9511e-05	0.000481489	
0.00267431	0.0248662	0.000526186	0.00109238	9.82169e-05	0.000304304	0.00060125	0.131234	5.94737e-05	0.0432275	0.108163	9.41718e-05	4.62735e-05	0.00312199	3.73109e-05	5.27282e-05	0.00119313	0.653481	0.00196614	0.0271596	
0.00955449	0.00984429	0.000655231	8.86151e-05	0.00224846	6.84767e-05	0.000646803	0.196734	0.00122166	0.417939	0.178094	0.00198932	2.9295e-05	0.000248693	0.000513025	7.26323e-05	8.38247e-05	0.165855	0.000136726	0.0139764	
0.0948435	0.0203801	0.000122568	0.000228064	0.000347989	6.98929e-05	0.0269656	0.000304063	0.000515829	0.000233601	0.071957	0.000312678	2.63344e-05	0.0458352	0.000156594	0.0558441	0.671804	0.00829842	0.00126196	0.000492346	
0.000121697	0.145298	0.000111758	0.000153272	0.00761727	7.14573e-05	0.000775493	0.0553205	0.000292092	0.0894512	0.533368	0.00100555	0.000168594	0.00151345	0.000109083	0.000248277	0.000302869	0.16045	0.000646298	0.00297525	
4.82195e-05	0.0155103	0.613829	0.0106399	0.0136239	2.27362e-05	6.38317e-05	0.0339081	0.000109743	0.0126738	0.170879	0.000177603	0.0884419	9.15911e-05	0.00463201	0.0139082	0.0146472	5.3196e-05	0.00669142	4.84811e-05	
0.0196651	0.0267172	0.0125293	0.0187846	9.38016e-05	0.0507768	0.000112423	0.0385809	0.00101118	0.554696	0.246588	0.000899158	3.59747e-05	0.000331095	4.28568e-05	0.000342785	0.000515193	0.00432634	0.000821669	0.0231297	
0.804359	0.0172932	0.000150006	0.00021459	0.000122906	0.00107268	0.028783	0.000815073	0.00105131	9.62211e-05	0.00464251	0.00199687	1.54265e-05	0.0551331	0.000332508	0.0439419	0.0294716	0.0102861	0.00010008	0.000122193	
0.18626	0.00230416	0.217441	0.0605996	0.000226436	0.173678	8.11534e-05	0.00040027	0.000174695	7.32648e-05	0.0190042	0.00495464	0.179205	0.00829417	6.07643e-05	0.0666812	0.0622252	0.0180361	0.000209073	9.18959e-05	
0.017872	0.0176653	0.00123394	0.000451714	0.000162249	0.000286479	0.00252463	0.852591	0.000204148	0.0152728	0.000324043	0.000163674	0.000529478	0.00498861	6.59689e-05	0.0017047	0.000133813	0.0478218	0.0143015	0.0217026	
0.050599	0.0961912	0.00766178	0.00319456	0.0168105	0.0168517	0.000870221	0.0689061	7.62123e-05	0.00169322	0.0559156	0.0147751	2.63347e-05	0.472179	5.06973e-05	0.0375452	0.084608	0.055288	0.00817915	0.00857849	
0.0124779	0.000118967	0.000124063	0.000410266	0.101202	0.56599	0.0202262	0.0343988	0.0324941	0.0178127	0.0938196	0.016473	0.00503999	0.0367528	0.000174486	0.00120469	0.00272759	9.5627e-05	0.000166126	0.0582902	
0.0230599	2.21608e-05	0.000185911	0.0167203	0.571055	0.02961	0.000149853	5.65136e-05	0.18283	1.61241e-05	0.0200841	0.000119276	0.0153978	0.0189202	0.037916	7.71043e-05	0.00786974	6.96877e-05	0.00318498	0.0726554	
0.0250216	3.24574e-05	0.0366499	0.0159473	0.51316	0.0363249	0.0595935	6.27846e-05	0.0823437	2.57437e-05	0.0284015	0.0294405	0.00387167	0.0129477	0.137441	8.07534e-05	0.0109097	8.22471e-05	0.00642665	0.00123638	
0.000623496	0.000523566	0.68451	0.000366916	0.00859107	0.00953887	0.00355656	0.000106771	0.0137984	0.013663	0.00342883	0.209184	0.0285309	0.000293519	0.00197771	0.00377705	9.53103e-05	0.00063331	0.0117886	0.00501212	
0.000294448	0.00107457	0.000650736	0.000448551	0.0137054	0.00015635	0.00210745	0.837958	0.000143185	0.00673709	0.0519619	8.26272e-05	0.000191524	0.00912162	6.03675e-05	8.73033e-05	0.00269822	0.0632707	0.00792263	0.0013269	
5.27986e-05	0.00876958	0.0986021	0.0186251	0.0609857	0.0201496	5.06831e-05	0.00130093	0.00388157	0.000455701	0.0238061	0.0011057	0.670644	9.99988e-05	2.20769e-05	2.41701e-05	0.00282819	0.0118334	0.00863942	0.0681227	
0.0183529	0.00820338	0.000151226	0.00014265	0.0290135	5.97196e-05	0.00440295	0.0533162	3.81444e-05	0.0237675	0.0367653	5.84274e-05	1.9199e-05	0.00099724	1.92251e-05	0.00311664	0.0612694	0.757626	0.00170397	0.000976225	
0.000344124	0.0100853	0.89062	0.0019084	0.018622	2.12125e-05	0.00113767	0.00017401	0.00136205	0.00221688	0.0367429	0.00926827	0.0162286	0.00132052	0.000162204	0.00216963	0.00061397	5.60428e-05	0.00691823	2.77156e-05	
0.043391	0.00396341	0.00973212	0.108358	0.0635563	0.000837717	0.328054	0.000118427	7.56965e-06	0.000344931	0.0596016	0.327946	0.00277581	0.0199673	0.00841273	8.83778e-05	0.000169003	0.00722298	0.0153365	0.000116559	
0.0177657	0.00267322	0.000295504	0.000142701	0.00633465	4.0602e-05	0.000273056	0.158934	0.000398174	0.480831	0.186498	0.000643651	2.75014e-05	0.000213032	0.000102684	0.00116617	0.00548117	0.134854	0.000264321	0.00306036	
0.00854582	3.32289e-05	0.376753	0.182799	0.0317358	1.65948e-05	0.0349636	0.00880922	0.0115346	0.0141387	0.095741	0.0324528	0.00635785	0.0732709	0.00720355	0.00737031	0.0221482	0.00640138	0.0134306	0.0662939	
0.522032	0.000312637	0.000335802	0.000239663	0.000582769	0.329481	0.0252239	0.00229429	0.00134604	0.000315759	0.005509	0.00112739	0.00562351	0.0190304	8.97221e-05	0.0480358	0.0373648	0.000208088	0.000184013	0.00066319	
0.161896	0.000196913	0.00629558	0.0993734	0.0339889	0.0236909	0.0466231	0.0510255	0.00454981	0.0432606	0.118074	0.0130264	4.00776e-05	0.0631399	0.00870969	0.139495	0.0452154	0.138916	0.000531499	0.00195078	
0.010152	0.0456371	0.00886297	0.0553386	0.0165202	0.00031367	0.0141275	0.0572516	0.1043	0.00562584	0.0083276	0.0960267	0.513171	0.000248419	0.00762074	0.00239378	0.00678939	0.0169314	0.0296914	0.000669676	
0.0524426	0.0176083	0.000505003	0.034934	0.00018905	0.000259174	0.00025167	0.275588	0.000184696	0.10594	0.04413	0.000171917	0.00835369	0.0165267	4.89221e-05	0.00186678	0.0297073	0.386715	0.00111719	0.0234605	
0.0190403	5.72772e-05	0.00068935	0.00182302	0.313305	0.00031497	0.000190537	0.152171	0.000259437	0.28005	0.208732	0.000223099	6.47053e-05	0.0056614	6.88435e-05	4.50593e-05	0.000166651	0.0169414	0.00014277	5.3074e-05	
0.073713	0.0070291	0.0151414	0.0554183	0.0151995	0.0096763	0.0478843	0.0286163	0.352861	0.0394379	0.0780384	0.0618489	0.00417932	0.10143	0.0608395	0.0076387	0.0067577	0.0116505	0.00226713	0.0203723	
0.0512028	3.1193e-05	0.214112	0.191241	0.00367991	0.0113511	0.0261034	0.00200349	0.276321	0.000374342	0.0106238	0.0690071	0.0048733	0.0530322	0.0243781	0.0330303	0.0124895	0.00216366	0.00319168	0.0107905	
0.00945283	0.00015513	0.222517	0.00876073	0.0223387	0.00010884	0.112407	0.00843874	0.0241076	0.000139224	0.00314794	6.43489e-05	0.0168479	0.000120734	0.00140363	0.000135694	0.00178996	0.000164386	0.0138129	0.554087	
0.00682359	9.7619e-05	0.000186827	6.32241e-05	0.444443	6.78546e-05	0.0321248	0.135341	0.00597457	0.112074	0.0963798	4.58673e-05	2.49508e-05	0.00153624	0.00198143	3.66168e-05	0.0044092	0.038193	0.0019562	0.11824	
0.073713	0.0070291	0.0151414	0.0554183	0.0151995	0.0096763	0.0478843	0.0286163	0.352861	0.0394379	0.0780384	0.0618489	0.00417932	0.10143	0.0608395	0.0076387	0.0067577	0.0116505	0.00226713	0.0203723	
0.0627457	0.00157646	0.182286	0.17632	0.00533781	0.0129772	0.027141	0.00242697	0.254952	0.000671132	0.0122108	0.0689155	0.0223067	0.0537609	0.0246494	0.0439877	0.0180619	0.011173	0.00280758	0.0156921	
0.073713	0.0070291	0.0151414	0.0554183	0.0151995	0.0096763	0.0478843	0.0286163	0.352861	0.0394379	0.0780384	0.0618489	0.00417932	0.10143	0.0608395	0.0076387	0.0067577	0.0116505	0.00226713	0.0203723	
0.033886	0.0024107	0.0922377	0.246006	0.005711	0.0548303	0.0209951	0.00265051	0.159861	0.00225684	0.0106126	0.224813	0.00183586	0.07448	0.0209757	0.018989	0.0170895	0.00235733	1.07507e-05	0.00799131	
0.073713	0.0070291	0.0151414	0.0554183	0.0151995	0.0096763	0.0478843	0.0286163	0.352861	0.0394379	0.0780384	0.0618489	0.00417932	0.10143	0.0608395	0.0076387	0.0067577	0.0116505	0.00226713	0.0203723	
0.0425176	8.24023e-06	0.189243	0.455281	0.00193672	0.0143122	0.0072706	7.13238e-05	0.0986507	0.00182528	0.0011796	0.0490356	0.0564657	0.049529	0.00604671	0.0165382	0.00632439	0.00237785	5.86943e-05	0.0013277	
0.00422493	0.000259873	0.515303	0.186944	0.00454839	0.00520419	0.00279397	0.000520667	0.0355865	0.00017819	0.00158368	0.201063	0.00616748	0.0165462	0.0109846	0.00587664	0.0020113	4.56711e-05	0.000104892	5.37598e-05	
0.0294371	0.0187138	0.000265039	0.00402769	0.017487	0.00202594	0.00643326	0.339144	0.035791	0.0925796	0.141595	0.000715676	0.0334736	0.0101352	0.00476965	0.00176556	0.0451123	0.193187	7.19413e-05	0.0232687	
0.00099338	0.0234339	0.000125123	0.00308648	9.23489e-05	8.47359e-05	0.00876882	0.0679103	0.0165049	0.00829853	0.457871	0.000240709	0.00029137	0.0162181	0.000380716	0.0016583	0.042011	0.313622	0.0163108	0.0220974	
0.00564596	0.0268269	0.000118068	0.00520275	0.00500882	4.66239e-05	0.0120344	0.296234	0.000557016	0.00538527	0.028267	0.000613852	0.00155343	0.00365564	0.00124813	0.000156776	0.000209222	0.595866	0.00144289	0.0099272	
0.0958088	0.0244634	0.0162515	0.000336631	0.000186329	0.000114871	0.00235065	0.0337889	0.0143167	0.0014242	0.000785051	0.00114023	0.000508162	0.0332848	0.0055026	0.00122937	0.00129644	0.759762	0.00550821	0.0019415	
0.0682762	0.000388817	0.00413292	0.00125988	0.000452328	0.000547485	0.0322167	0.0411028	0.0200868	0.000265897	0.0740349	0.0344715	7.30578e-05	0.0592313	0.0114685	0.648476	0.00142236	0.00139211	0.000288575	0.000411848	
5.18701e-05	0.00850354	0.099024	0.0185239	0.0608498	0.0205283	4.81196e-05	0.00282741	0.00409903	0.000445833	0.0238016	0.00143242	0.668927	9.72556e-05	2.12333e-05	2.4085e-05	0.00281404	0.0118769	0.0086792	0.0674239	
4.43716e-05	0.00826887	0.857738	0.0021114	0.0187681	3.45944e-05	0.00106243	0.000337556	0.00856976	0.00189821	0.0310803	0.00515516	0.0196911	0.000162207	0.0014435	0.0278938	0.00758136	6.93075e-05	0.00806003	3.01433e-05	
0.145134	0.000234326	0.00100672	0.0177199	0.000167047	5.64124e-05	0.130343	0.172809	0.0010564	0.0423725	0.0700394	0.11506	1.81099e-05	0.0081502	0.000901353	0.0118599	0.00473535	0.276693	0.00145902	0.000184695	
0.0191131	9.51883e-05	0.000423167	0.000343556	0.0361707	0.688975	0.027869	0.0044039	0.0369764	0.0272159	0.0610341	0.00200803	0.00711805	0.0391383	0.00023579	0.0208585	0.00111861	0.000210881	0.00039526	0.0262964	
0.0109014	0.000148614	0.0160996	0.00554566	0.00408294	0.869047	0.00240147	0.00271897	0.0124064	0.000464833	0.0197251	0.00938518	9.20622e-05	0.00136429	0.00826609	0.035793	0.000186377	0.00012004	0.000119272	0.00113213	
0.0209614	0.00418327	0.000157615	7.01268e-05	0.00619375	4.65776e-05	0.00697114	0.078991	0.000190348	0.0143963	0.0593218	0.00031947	9.05279e-05	0.00142248	6.4983e-05	0.00793845	0.0541702	0.725362	0.00612377	0.0130247	
0.101888	0.0189416	0.0466491	0.123163	0.00980759	0.0145804	0.0224133	0.005683	0.119009	0.00242315	0.0145569	0.0464951	0.135396	0.0413773	0.012861	0.0986343	0.0562233	0.0860745	0.00265449	0.0411693	
0.0133522	0.000123784	0.000497429	0.0251807	0.0234648	0.00966172	0.0024834	0.000761928	0.0850232	0.00416137	0.000764336	0.0361414	1.78766e-05	0.0224932	0.763507	0.000238503	0.000304715	0.0011486	0.000112969	0.0105608	
0.724595	0.0109116	0.000144939	0.000449517	0.00659305	0.000116457	0.023184	0.00548435	0.0802855	0.00331628	0.0330825	0.00610469	0.000113283	0.0485416	0.0101263	0.013081	0.0190067	0.00645223	0.0033471	0.00506398	
0.000319494	0.00032669	0.0407358	0.0166216	0.0134513	0.000133102	0.0182435	0.0142374	0.0533087	0.0139519	0.000316348	0.035378	0.000127952	0.000184219	0.754531	0.0148012	0.0104062	0.0125049	0.000105049	0.000315663	
0.0627457	0.00157646	0.182286	0.17632	0.00533781	0.0129772	0.027141	0.00242697	0.254952	0.000671132	0.0122108	0.0689155	0.0223067	0.0537609	0.0246494	0.0439877	0.0180619	0.011173	0.00280758	0.0156921	
0.00682359	9.7619e-05	0.000186827	6.32241e-05	0.444443	6.78546e-05	0.0321248	0.135341	0.00597457	0.112074	0.0963798	4.58673e-05	2.49508e-05	0.00153624	0.00198143	3.66168e-05	0.0044092	0.038193	0.0019562	0.11824	
0.714355	0.000102103	0.000266136	6.72607e-05	0.000183853	0.0099473	0.0180352	0.0170726	0.0155654	0.000290839	0.0419353	0.107318	1.23864e-05	0.0372207	0.000227959	0.0361843	0.000808824	9.84475e-05	0.000167997	0.000140403	
0.0073973	0.000150496	0.262047	0.230167	0.00124109	0.00203347	0.00460864	0.00110645	0.370336	6.48578e-05	0.00129953	0.0426145	0.00070501	0.0374874	0.00903585	0.00697199	0.01332	0.00482753	0.00272305	0.00186268	
0.073713	0.0070291	0.0151414	0.0554183	0.0151995	0.0096763	0.0478843	0.0286163	0.352861	0.0394379	0.0780384	0.0618489	0.00417932	0.10143	0.0608395	0.0076387	0.0067577	0.0116505	0.00226713	0.0203723	
0.00633504	0.0404602	0.00019875	0.000476077	0.0453675	0.000123554	0.000226973	0.100757	0.000264264	0.607656	0.132802	0.000728976	0.00010129	0.000250607	7.6075e-05	5.01202e-05	0.0020735	0.0334037	8.80896e-05	0.0285604	
0.00799473	0.00101416	0.258644	0.0982098	0.00299383	0.12448	0.0306682	0.00602175	0.148678	0.000544434	0.00193811	0.277003	0.000422682	0.0224465	0.00807778	0.00653262	0.00252302	0.000502027	2.22463e-06	0.00130267	
0.34707	0.279579	0.000139164	0.000212128	0.000206957	0.0233333	0.0016924	0.00468148	0.000891114	0.038482	0.0193246	0.000463322	3.59745e-05	0.00432856	0.000106034	0.0410568	0.069301	0.0362534	0.00100633	0.131837	
0.0205596	1.44901e-05	0.170495	0.137437	0.00115338	0.104614	0.0136121	2.23653e-05	0.0460536	0.00605285	0.00292801	0.0403635	0.339618	0.0482651	0.00878267	0.0334801	0.0209914	0.00201381	7.8711e-05	0.00346366	
0.0254881	0.000256885	0.00101413	0.00157036	0.073399	0.000378352	0.000129953	0.388723	0.000232479	0.309129	0.172102	0.000155646	2.51711e-05	0.000120952	2.34905e-05	9.15596e-05	0.000129893	0.0120363	0.00024643	0.0147478	
0.805293	0.0112896	7.71199e-05	8.72268e-05	0.00237995	0.00890042	0.0108549	0.0134294	0.00458961	3.23912e-05	0.0100529	0.00407882	8.09773e-05	0.0502599	6.74288e-05	0.0162383	0.00494511	0.0522922	0.000588252	0.00446241	
0.000294415	0.0011182	0.000650835	0.000446848	0.0136794	0.000156349	0.00205438	0.837436	0.000143193	0.00673603	0.0519357	8.26277e-05	0.000191524	0.00975952	6.03675e-05	8.72795e-05	0.00269561	0.0632222	0.00792263	0.00132689	
0.000885043	0.0258185	0.000132055	0.000187691	0.0134368	6.70234e-05	0.000506638	0.657727	0.000174082	0.0382656	0.000518226	4.37779e-05	0.000105938	0.00114222	2.06071e-05	0.00150869	5.94771e-05	0.259016	0.000240145	0.000143664	
0.00681989	0.000177275	0.810318	0.0286201	0.000325044	8.84495e-05	0.0245083	0.00229237	0.000154286	0.00301163	0.0813333	0.00891333	6.8451e-05	0.000118184	0.000110147	0.00176109	0.000565901	0.000201283	0.0111387	0.0194738	
0.163369	0.0127073	0.00397909	5.66948e-05	0.0480951	0.0640746	0.0502371	0.000667238	0.5695	0.00671058	0.000278634	0.00465874	0.00446098	0.00781786	4.06853e-05	0.0215244	0.000114766	0.0230647	0.00926018	0.00938246	
0.0133559	0.000123754	0.000497429	0.0252037	0.0232892	0.00968617	0.00248635	0.000761929	0.0851086	0.00416014	0.000499812	0.0362105	1.78753e-05	0.0225405	0.763937	0.000238206	0.000238389	0.00115632	0.000112969	0.010375	
0.0194777	0.00236755	0.0143264	0.000849368	4.17067e-05	0.00536478	0.00637694	0.00594501	6.62895e-05	0.010644	0.795739	0.00325009	1.7678e-05	0.0801013	0.0114619	0.00132071	0.00777443	0.00711077	2.82095e-05	0.0277358	
0.00723886	4.47516e-05	0.0501689	0.0343226	0.0552806	0.17771	0.137494	9.42893e-05	0.00460221	3.34678e-05	0.0125429	0.463129	2.25219e-05	0.0123111	0.00210153	0.00870334	0.0249336	0.000993673	7.09369e-05	0.00820213	
