0.156718	0.000154675	7.79823e-05	0.0474902	0.010048	0.00958895	0.00535279	0.0593957	0.0118765	0.0242362	0.00481373	0.0286392	0.50215	0.0166198	0.00647805	0.0353146	0.0124652	0.0518831	0.000469791	0.0162274	
0.013604	0.000221878	0.400208	0.0181942	0.0243137	0.00445309	0.00398444	0.000193945	0.000316728	0.0306369	0.0457754	0.0831226	0.00209648	0.0268203	8.03833e-05	0.312822	0.013706	0.00188641	0.0170788	0.000484506	
0.00624912	0.0031635	0.027625	0.0245942	0.0120678	0.654912	0.01007	0.000382396	0.0426008	0.00324183	0.00758284	0.0551119	0.00197768	0.0645407	0.0312113	0.0477039	0.00407563	0.00150015	0.000206325	0.00118264	
0.256179	0.0044622	0.0337895	0.123555	0.00230181	0.0341348	0.0131248	0.00184851	0.116088	0.00585504	0.00351305	0.0302954	0.0012982	0.167701	0.088801	0.0487946	0.0520616	0.0158736	1.63285e-05	0.000306563	
0.0554164	0.0750508	0.0184257	0.0245512	0.0230738	0.0128818	0.0327288	0.019146	0.0298934	0.0506055	0.000307362	0.225799	0.0678259	0.0299708	0.198426	0.0638429	0.0282421	0.0269872	0.000230979	0.0165945	
0.112575	6.39976e-05	0.386065	0.0984805	0.00211644	0.0312418	0.0106517	0.00241317	0.0200502	0.0050027	0.0112411	0.192529	3.10722e-05	0.0373082	0.0142939	0.0370562	0.031232	0.00335017	0.00010273	0.00419463	
0.102476	0.00135886	0.038018	0.300268	0.00210688	0.00745271	0.000318466	0.0534468	0.00546949	0.00647644	0.00796122	0.01928	0.000119672	0.357976	0.000217351	0.0819843	0.000364008	0.011656	0.00261244	0.000437075	
0.00125553	0.0399988	0.00100309	0.0609907	0.000221601	0.000672728	0.000295299	0.0480333	0.0809323	0.307414	0.191538	0.221437	0.00164879	0.00124782	0.000166619	0.00357443	0.0049121	0.00913398	0.00923501	0.0162899	
0.0353514	0.000377583	0.129105	0.369019	0.000306861	0.0236653	0.00015576	0.00292921	0.010752	0.00580255	0.000476549	0.0477849	0.289869	0.00930791	0.0163915	0.0302654	0.0231038	0.00479183	0.00028105	0.000264108	
0.00095758	0.00173322	0.000294105	0.000166005	0.0587317	0.000121517	0.007667	0.248297	0.000532284	0.0792322	0.00771537	0.000156469	8.12023e-05	0.000292117	0.000101475	0.000107133	0.00259923	0.586976	8.37347e-05	0.0041555	
0.0326623	0.000420702	0.000413238	0.309	0.000190448	0.00847756	0.0186176	0.000161994	0.16409	0.00732803	0.00130576	0.00661351	5.19199e-05	0.0306323	0.12594	0.126011	0.151591	0.00699187	0.000970319	0.00853106	
0.0141921	0.000701755	0.0168326	0.00775899	0.190269	0.00598842	0.00523636	0.543249	0.0013041	0.107341	0.0685891	0.00118713	0.000548182	0.00241012	0.000366562	0.000386512	0.000675329	0.0281082	0.00421313	0.00064275	
0.000383224	0.0465092	0.00750645	0.481481	0.0004963	0.000149648	0.0288819	0.0141962	0.0135422	0.00373673	0.000865562	0.010391	0.000447125	0.122533	0.00050822	0.042078	0.183329	0.0316203	0.00989603	0.00144897	
0.0481042	0.0478134	0.0173565	0.00511287	0.0358341	0.000269058	0.0120235	0.0160355	0.0109721	0.0652022	0.000520943	0.00208319	0.0382707	0.00123169	0.307032	0.00116306	0.107555	0.15936	0.00965401	0.114407	
0.070148	0.000596831	0.0877086	0.0792434	0.0253574	0.341172	0.0851557	0.000145964	0.0104151	0.000443759	0.0109935	0.200629	7.70873e-05	0.0601303	0.0144688	0.00937155	0.000662781	0.00110666	0.00206047	0.000113587	
0.00392417	0.000125389	0.000600797	0.00840846	0.304825	0.00168134	0.00124545	0.0303273	0.0168151	0.000116456	0.00120793	0.000540073	0.154216	0.0363148	0.0127978	0.000224946	0.00158362	0.127445	0.0113023	0.286297	
0.0697842	7.05437e-05	0.000790654	0.00818447	0.000212973	0.000801991	0.00687623	0.0588724	0.00221091	0.193675	0.0277671	0.106977	7.27694e-05	0.0347182	0.000481886	0.0599089	0.416441	0.010029	0.00044577	0.00167932	
0.0554164	0.0750508	0.0184257	0.0245512	0.0230738	0.0128818	0.0327288	0.019146	0.0298934	0.0506055	0.000307362	0.225799	0.0678259	0.0299708	0.198426	0.0638429	0.0282421	0.0269872	0.000230979	0.0165945	
0.018169	0.00014849	0.000229415	0.000996389	0.0836462	0.000338536	0.401319	0.00306572	0.0292533	7.21846e-05	0.00357907	0.030119	0.00892969	0.00914138	0.000283512	0.0100618	0.103119	0.00652421	0.0165768	0.274427	
0.732123	0.00423098	0.0016451	0.000952413	0.0167375	0.000425781	0.00190506	0.00902011	0.00169499	0.000748118	0.00171181	0.0128578	0.133791	0.00175395	0.00938676	0.0324808	0.0233144	0.000960451	0.00273497	0.0115255	
0.02136	0.0246242	0.00959202	0.696245	0.0156545	0.000466685	0.00246107	0.018557	0.000332428	0.0924356	0.0293247	0.0054882	0.015336	0.00504984	0.00958294	0.00269012	0.0348374	0.00135396	0.0112505	0.0033584	
0.0447922	0.000179708	0.000238598	0.000250498	0.0166359	0.710966	0.0167971	0.00369088	0.0255666	0.0236604	0.0401632	0.00462088	0.000620755	0.0496391	0.000343145	0.0299173	0.0149542	0.000173383	0.000213517	0.0165764	
0.0166444	0.000814489	0.0125457	0.0016836	0.00135874	0.000918515	0.0310621	0.025609	0.0403555	0.000956221	0.0369253	0.0162958	0.000103603	0.0670922	0.0138534	0.730068	0.00032128	0.00207597	0.000273779	0.00104181	
0.0670465	0.0424539	0.000308105	0.00117648	0.000302628	0.000262104	0.00800476	0.000945761	0.0255704	0.00993004	0.0375484	0.0625582	0.000229557	0.0276009	0.00437454	0.00169123	0.0034337	0.672023	0.0122115	0.0223279	
0.0387855	0.0152637	0.0238979	0.0553819	0.00118563	0.0218341	0.000715684	0.00878691	0.0153133	0.716546	0.00900434	0.0165175	0.000647566	0.000585879	0.000475137	0.00295061	0.010783	0.00610196	0.0363677	0.0188553	
0.00904936	0.0215874	0.0013603	0.00620725	0.000458323	0.00110951	0.0314636	0.418935	0.000896461	0.000708603	0.000705832	0.000519779	0.00249887	0.0727254	0.000698582	0.00382119	0.0176524	0.377649	0.0114286	0.020525	
0.0326384	0.00118278	0.000159426	0.349151	0.00131776	0.0123244	0.0240021	0.00152722	0.157667	0.00351522	0.00126313	0.00498125	7.84489e-05	0.0184968	0.127024	0.128011	0.126985	0.00178466	0.000207731	0.00768286	
0.0276098	0.0438766	0.000425877	0.000159753	0.414587	0.000157716	0.000464123	0.0297146	0.000431434	0.0280964	0.201468	0.0174626	6.75187e-05	0.0433658	0.000155267	0.0221633	0.0529324	0.110111	0.00449741	0.00225421	
0.0111319	0.000407824	0.404018	0.0633163	0.0161334	0.0505546	0.0242465	0.00114203	0.0455887	0.0264123	0.00392616	0.150841	0.000274685	0.0173043	0.169396	0.0140075	0.000422569	0.00021683	0.000456538	0.00020293	
0.0567666	0.000149685	0.0035653	0.0265957	0.00975116	7.45002e-05	0.181112	0.00247381	0.419082	0.00138028	0.00670454	0.0109562	2.75163e-05	0.0247732	0.198455	0.0146867	0.0151306	0.0254453	0.000235741	0.00263383	
0.00244512	0.0177776	0.00147604	0.000420938	0.00197997	0.000914657	0.022825	0.0153182	0.0279657	0.00208258	0.00109085	0.0555944	0.0114164	0.0452588	0.0605322	0.0362938	0.0416129	0.623259	0.00965045	0.0220858	
0.0821643	0.0553656	0.0197207	0.102308	0.000159589	0.0772821	0.000239967	0.198001	0.00283872	0.420134	0.0142326	0.00224412	9.63914e-05	0.000724039	9.73364e-05	0.000933076	0.00627744	0.000677762	0.00155808	0.0149457	
0.0277588	0.438327	0.0107357	0.0535849	4.97491e-05	0.000129634	0.00910111	0.0957722	0.00838034	0.060619	0.0370531	0.0300776	0.0205257	0.11077	7.49095e-05	7.98431e-05	0.0144715	0.0823786	5.0317e-05	5.99817e-05	
0.0921743	0.0011637	0.00074355	0.00670286	0.00566047	0.0233033	0.00169508	0.00111348	0.00051959	0.0144094	0.00226435	0.0925212	0.000147154	0.0643958	0.000404097	0.0665546	0.617911	0.00233576	0.00531011	0.000669868	
0.593672	0.0232981	0.00054362	0.000667532	0.00371243	0.000242705	0.0251716	0.00339202	0.0364635	0.000670862	0.00557668	0.0584461	0.000164116	0.0516563	0.0552454	0.00726691	0.000817707	0.105168	0.00369543	0.0241289	
0.00298418	0.0342898	0.0239705	0.0934457	0.000253335	0.00342353	0.0272636	0.00321216	0.00780889	0.00144524	0.0112024	0.0030549	0.000158404	0.0720797	0.00116414	0.414293	0.251333	0.0478226	0.000511129	0.0002843	
0.000954154	0.00170555	0.000287083	0.000165833	0.0588459	0.000121364	0.00764969	0.248283	0.000532134	0.0793353	0.00775227	0.000156606	8.15544e-05	0.000291811	8.48102e-05	6.8566e-05	0.00261063	0.58755	8.366e-05	0.00344009	
0.0518145	0.00152701	0.0749508	0.595391	5.34371e-05	0.000165353	9.6601e-05	0.0130539	0.0103091	0.020536	0.00039607	0.000381331	3.58045e-05	0.0301103	0.00856015	0.0146049	0.148922	0.0205724	0.00409429	0.00442459	
0.0353514	0.000377583	0.129105	0.369019	0.000306861	0.0236653	0.00015576	0.00292921	0.010752	0.00580255	0.000476549	0.0477849	0.289869	0.00930791	0.0163915	0.0302654	0.0231038	0.00479183	0.00028105	0.000264108	
0.0144048	0.000433203	0.0174285	0.000735412	0.0173328	0.192561	0.00202797	0.000305387	0.284218	0.00210663	0.00103231	0.0608581	0.000898505	0.00160543	0.264672	0.108499	0.0274167	0.00123453	0.000608207	0.00162125	
0.00997402	0.00404655	0.00051504	0.000816077	0.000497571	0.0136811	0.0131006	0.0354743	0.0219791	0.0178302	0.00210537	0.00856057	0.00163158	0.0264975	0.000331619	0.0247668	0.0217494	0.775596	0.000577408	0.0202695	
0.00380892	0.0329373	0.00182532	0.0167875	0.0777456	0.00294207	0.000215306	0.217416	0.00983049	0.000110097	0.0136344	0.0185016	0.440996	0.000428902	7.43835e-05	0.000127262	0.00010701	0.0590167	0.0105009	0.0929943	
0.0181118	0.00145376	0.123272	0.00639151	0.0333546	0.0922554	0.00583838	0.00941367	0.00679862	0.00716306	0.0337842	0.0232177	0.328642	0.00600908	0.241007	0.0531841	0.00201287	0.00395134	0.000724611	0.00341471	
0.000209362	0.000100128	0.000232775	0.000185976	0.0244194	0.071024	0.0202054	0.0268952	0.0266511	0.000865021	0.038362	0.028633	0.00977225	0.0613637	4.3992e-05	0.000289085	0.0343643	0.000147415	0.52405	0.132186	
0.0135078	0.000238321	0.00165517	0.000678108	0.000340556	0.000287829	0.0124658	0.00758449	0.0133619	0.581822	0.222193	0.036871	3.19245e-05	0.0106325	0.0484592	0.0403715	0.000104007	0.00897498	0.000259676	0.000160844	
0.047955	0.00146534	0.00243919	0.00163925	0.025998	0.0464696	0.000337486	0.00225491	0.236991	0.000302742	0.0575183	0.0099705	0.00485629	0.00274217	0.514519	0.0144821	0.00106279	0.000823337	8.48272e-05	0.0280879	
0.256179	0.0044622	0.0337895	0.123555	0.00230181	0.0341348	0.0131248	0.00184851	0.116088	0.00585504	0.00351305	0.0302954	0.0012982	0.167701	0.088801	0.0487946	0.0520616	0.0158736	1.63285e-05	0.000306563	
0.00326344	0.0676299	0.000202679	0.000196627	0.000126896	0.000101961	0.00121456	0.210897	0.00216522	0.14331	0.000561636	0.00138503	0.000120028	0.000974385	0.00027333	0.000392137	0.0102614	0.535471	0.00166535	0.0197867	
0.030247	0.00181222	0.00181953	0.0190378	0.00200171	0.00709995	0.00602005	0.000319618	0.000576029	0.0195713	0.00674692	0.0149427	8.32269e-05	0.103677	0.00115444	0.0370373	0.734526	0.00629884	0.00617261	0.000856231	
0.591939	0.187388	0.000220391	0.000172509	0.0017261	0.00693517	0.0158973	0.0233191	0.0115635	0.0285782	0.0371859	0.0324705	2.77388e-05	0.0534178	0.00131547	0.00419069	0.00146358	0.000141	0.00097569	0.00107225	
0.0438729	8.67655e-05	0.000133399	0.0282579	0.00899505	0.0419448	0.000153983	0.047834	0.0202611	0.0359299	0.0259418	0.000153846	0.0190051	0.0411509	0.0240893	0.000273606	0.0238051	0.0581851	0.0821483	0.497777	
0.0831975	0.000425253	0.000433536	0.00735644	0.0286278	0.399947	0.00587241	0.00604486	0.0143611	0.00258386	0.0311324	0.0481103	0.000500399	0.00415957	0.0977845	0.247538	0.00275651	0.000455171	0.000858919	0.0178548	
0.104308	0.044462	0.0284372	0.0451829	0.000167564	0.0781735	0.0109513	0.000118055	0.000211241	0.0291268	0.516989	0.0924071	0.00198324	0.0371268	0.000236586	0.00162471	0.000370972	0.000246736	0.000187003	0.00768916	
0.0566851	0.022784	0.023134	0.0731915	0.00164008	0.0397207	0.000209051	0.0135764	0.0111704	0.669622	0.0308152	0.00968607	0.000359096	0.0005397	0.000143582	0.00206383	0.00401429	0.00170743	0.0232457	0.0156923	
0.147782	0.00440453	0.00375909	0.00300768	0.0236308	0.0742368	0.000492142	0.00297272	0.0596774	0.000545629	0.02514	0.0187704	0.00199949	0.0015432	0.586111	0.0200413	0.00174208	0.00223861	0.000598424	0.0213067	
0.0877721	0.000180217	0.0127387	0.0153748	0.0104768	0.000257126	0.0269093	0.000422484	0.0318007	0.0114135	0.0416648	0.000396265	0.00330509	0.0683251	0.00011113	0.657574	0.000801905	0.0179807	0.00512107	0.00737379	
0.00208091	0.00763523	0.00706094	0.0364453	0.000915222	0.0391612	0.00947538	0.000232874	0.000241265	0.0150376	0.00146451	0.00485795	4.44603e-05	0.157883	0.000204226	0.0207882	0.665642	0.0217884	0.00859336	0.000447895	
0.0643741	0.000228008	0.0229622	0.0726926	0.000953091	0.164883	0.262627	0.0009328	0.00138299	0.0575728	0.0133136	0.0504064	0.0900527	0.114432	0.0318408	0.0170497	0.0251716	0.00815057	0.000434503	0.000539383	
0.00962493	0.00017056	0.0938916	0.29869	0.000212774	0.00322231	0.00136084	0.00851996	0.00112882	0.000692275	0.00129243	0.0169567	0.0200623	0.0758803	0.000383751	0.171078	0.264289	0.0316354	0.000709979	0.000197798	
0.000306393	0.00269946	0.00704521	0.00158485	0.000646446	0.158385	0.0173551	0.00487119	0.0616055	0.000249264	0.122221	0.179463	0.000481809	0.0481383	0.00656769	0.240152	0.137238	0.00951492	0.000839995	0.000634416	
0.0947917	2.10523e-05	0.0490926	0.127133	0.00480896	0.0237693	0.0125011	0.04787	0.226754	0.0269496	0.0204629	0.0353923	0.0262109	0.065908	0.0581977	0.0742603	0.0596839	0.0356302	0.00156727	0.00899473	
0.0626074	0.002099	0.0257031	0.0648556	0.0313314	0.000334703	0.00422893	0.00157036	0.00046746	0.00243317	0.000949656	0.0845016	0.0148604	0.0052332	0.581306	0.000465785	0.000659638	0.0550784	0.000347992	0.0609665	
0.000447059	0.0289456	0.0603527	0.488332	0.0128625	0.000171835	0.000398283	0.0348594	0.000231822	0.197448	0.0564409	0.000641388	0.00509993	0.00041672	0.0205086	0.0244503	0.0616086	0.000343236	0.00594768	0.000493408	
0.38044	0.000930035	0.0131953	0.00134501	0.0213016	0.000883921	0.0119399	0.108645	0.0207223	0.0211611	0.113264	0.00859961	0.000195904	0.0574568	0.0427852	0.160307	0.00203318	0.0212616	0.00394897	0.0095842	
0.394271	0.000337167	0.00127552	0.00113321	0.00204271	0.00940355	0.00114325	0.000427798	0.0085769	0.0611353	0.0620991	0.0208037	0.000126364	0.0726856	0.0106137	0.180457	0.0803962	0.0918636	0.000427904	0.000779785	
0.154222	0.000352579	0.00975527	0.00804045	0.0186183	0.000309907	0.0389869	0.000643454	0.308375	0.0020039	0.0228479	0.0236336	0.000224218	0.0195015	0.300781	0.0421126	0.00974119	0.0333687	0.000308959	0.00617149	
0.00665785	8.73734e-05	0.000490348	0.000167245	0.0189327	0.852184	0.00927503	0.00480623	0.0148983	0.00538252	0.0261604	0.00496253	0.00584377	0.00870832	0.00282748	0.0123641	0.00270465	0.000106963	0.000131174	0.0233094	
0.0475285	0.0185957	0.0110967	0.000421478	0.0304586	0.082045	0.0399358	0.000455663	0.609052	0.00313662	0.00262092	0.000183938	0.000960085	0.0119364	0.0847523	0.00137868	0.000471991	0.0328272	0.00812592	0.014016	
0.00518034	0.0338799	0.00420859	0.000336665	0.000489228	0.00060445	0.000280855	0.0308332	0.000735586	0.154985	0.000511766	0.0216202	0.0255629	0.635983	0.002189	0.00144335	0.00617231	0.0488551	0.00143036	0.0246988	
0.000217227	0.000654812	0.0524521	0.00925628	0.0012691	0.280987	0.000405455	0.000830391	0.021137	0.000990607	0.0334238	0.0270713	0.00684357	0.0668837	0.000888063	0.417374	0.0654976	0.011375	0.00235332	8.88265e-05	
0.00283752	0.000229213	0.0018552	0.000182378	0.0204929	0.705154	0.0116102	0.020441	0.0209904	0.0579844	0.0490364	0.019491	0.00681609	0.0284487	0.000917428	0.00457277	0.0165302	0.00018511	0.000150955	0.0320738	
0.00440936	0.00288462	0.00785036	0.0427389	0.000319716	0.00315352	0.0153244	0.000132694	0.000228055	0.00338617	0.00116577	0.00158035	3.15651e-05	0.127903	0.000214844	0.0436145	0.729085	0.0115567	0.00416467	0.000255773	
0.0872963	0.0250956	0.00025828	0.00024436	0.000758246	0.00337534	0.0818633	0.0131786	0.00106659	0.0494913	0.00811361	0.000191089	2.77538e-05	0.188708	6.58719e-05	0.00442966	0.293177	0.23524	0.00724724	0.000172301	
0.00184443	0.0390592	0.0045005	0.011356	0.0110741	0.00503954	7.71121e-05	0.00736886	9.70521e-05	0.00201146	0.0145361	0.0257484	8.46282e-05	0.658218	0.000129263	0.0158701	0.179467	0.00109564	0.0058616	0.0165613	
0.0542183	0.0214437	0.0333277	0.0752892	0.000875474	0.0413125	0.000262008	0.00768831	0.0145782	0.66044	0.017912	0.0169236	0.000502951	0.000745323	0.000146006	0.00445	0.0106298	0.0017918	0.0225193	0.0149439	
0.0030415	0.0532366	0.00078821	0.0118307	0.000155611	0.000806179	0.0114558	0.666552	0.00118798	0.000160343	0.000327303	0.000258454	0.140431	0.0362128	0.00064259	0.000281793	0.000173145	0.0408385	0.00968137	0.0219389	
0.0266942	9.79922e-05	0.000232616	0.000197794	0.0174814	0.735177	0.0147395	0.0100216	0.019974	0.0293467	0.0500545	0.0135232	0.00107903	0.0363674	0.000739343	0.0122928	0.00463631	0.000106614	0.00029497	0.026943	
0.246508	0.000347077	0.0016455	0.00253589	0.000313534	0.000889356	0.0260185	0.0111022	0.0346144	0.000526562	0.0397598	0.0149152	0.000121905	0.0641197	0.0142422	0.524443	0.00562775	0.0116898	0.000250614	0.000328501	
0.0448184	0.0145805	0.0228678	0.12286	0.00609786	0.0359748	0.000191482	0.0176434	0.000415664	0.601474	0.114506	0.00422828	7.77214e-05	0.00038639	6.37923e-05	0.000485245	0.000485714	0.000589797	0.00774985	0.00450338	
0.61773	0.00654656	0.000571102	0.00142389	0.0020544	0.0035442	0.0289993	0.000608771	0.016221	0.0165732	0.0339682	0.000902359	0.000117657	0.0741512	0.000123578	0.152499	0.0381936	0.00061175	0.00391915	0.00124159	
0.235123	0.147622	0.000243622	0.00092791	0.000504554	0.0347366	0.0302797	0.018972	0.0371524	0.000624107	0.00749194	0.0288767	0.000136501	0.066091	0.00134109	0.0049759	0.000592976	0.377272	0.00329248	0.00374434	
0.000955382	0.00171623	0.000287152	0.000169665	0.0587916	0.000121982	0.00783632	0.248104	0.000537858	0.0793327	0.00776283	0.0001561	8.15611e-05	0.000291961	8.44018e-05	6.85289e-05	0.00264302	0.587539	8.52597e-05	0.00343421	
0.000934509	0.0159164	0.590807	0.0144528	0.022377	0.000558881	0.000664451	0.00208166	0.000504541	0.0562193	0.0777492	0.106049	0.0130067	0.00714355	0.0151045	0.0562713	0.00498035	0.000413508	0.0145238	0.000241569	
0.0198338	0.0124493	0.0260421	0.0261708	0.00884625	0.00430083	0.00266888	0.00426412	0.00153527	0.562455	0.159133	0.0244908	0.000251896	0.00182099	0.0433642	0.000706644	0.0624215	0.0127673	0.000396869	0.0260805	
0.0947917	2.10523e-05	0.0490926	0.127133	0.00480896	0.0237693	0.0125011	0.04787	0.226754	0.0269496	0.0204629	0.0353923	0.0262109	0.065908	0.0581977	0.0742603	0.0596839	0.0356302	0.00156727	0.00899473	
0.459796	0.0110095	0.000404433	0.0265518	0.0091314	0.00579936	0.0193389	0.0202023	0.161197	0.126349	0.0116373	0.0117911	9.34121e-05	0.0345711	0.0109582	0.0310686	0.0148173	0.0335881	0.00274437	0.00895065	
0.0316781	0.00627521	0.0228068	0.137729	0.00821151	0.0240182	0.000194959	0.0203138	0.000776944	0.612018	0.116289	0.00156968	5.48673e-05	0.000397454	9.52292e-05	0.000291211	0.000468705	0.000744613	0.0106064	0.0054597	
0.00222388	0.000128219	0.0024635	0.000212903	0.0228008	0.670597	0.0115308	0.0261705	0.0229398	0.0724006	0.0541233	0.0223521	0.0075805	0.0286961	0.000649912	0.00315059	0.0192674	0.0002109	0.000174989	0.0323265	
0.00203084	0.0189127	0.00548138	0.631747	0.0316243	0.00859109	0.00115392	0.0293927	0.000278733	0.00361583	0.0410717	0.0257659	0.128451	0.0063063	0.00118205	0.0111404	0.013405	0.0026703	0.0145178	0.0226609	
0.0858888	0.000199821	0.00189986	0.0132385	0.00980332	0.000143537	0.0253166	0.034474	0.0125856	0.000416014	0.0126783	0.210042	0.000162285	0.00962513	0.306594	0.000875666	0.00446434	0.241827	0.000663685	0.0291017	
0.0471652	0.000859543	0.000649644	0.0140806	0.00121531	0.000251054	8.5767e-05	0.00346832	0.000237491	0.0193977	0.136153	0.0223662	0.000152443	0.337049	0.0126829	0.0960887	0.272001	0.0218972	0.000444436	0.013754	
0.000481137	0.0452288	0.000463004	0.000484169	0.000459139	0.000247541	0.00125509	0.493338	0.00106118	0.262758	0.00271371	0.00149385	8.17848e-05	0.000597472	0.000742084	0.000674244	0.000763958	0.16637	0.00134529	0.0194416	
0.0197833	0.0150794	0.000786815	0.0194536	0.0108832	0.00696222	0.0959694	0.0835659	0.115583	0.0677315	0.0483959	0.00875956	0.00481096	0.0710955	0.164209	0.028776	0.0707179	0.111786	0.0221828	0.0334679	
0.000595746	0.0458732	0.000836683	0.000594867	0.000404366	0.000283136	0.0011274	0.486066	0.00107182	0.268645	0.00247508	0.00167792	7.9728e-05	0.000582149	0.000567358	0.000653386	0.000809248	0.166353	0.00102288	0.0202809	
0.029767	0.439619	0.0104503	0.051906	5.42925e-05	0.000132534	0.00862093	0.0957576	0.0092382	0.0604062	0.0330855	0.0280593	0.0229102	0.104951	7.95125e-05	8.87403e-05	0.0164605	0.08831	4.46955e-05	5.83304e-05	
0.0149978	0.0344436	0.00727143	0.0368111	0.000673788	0.00623174	0.000325713	0.50864	0.00519446	0.327359	0.00307859	0.00396242	0.000112542	0.00120493	0.000199688	0.00235748	0.00338519	0.0126196	0.00429886	0.0268322	
0.000205921	0.062693	0.0267293	0.0271259	0.0112369	0.00019841	0.000164998	0.000114209	7.63332e-05	0.00381196	0.0338258	0.0875194	0.000488719	0.737599	0.000772678	0.000127661	0.000148799	0.000150324	0.00698634	2.42686e-05	
0.58068	0.144822	0.000195292	0.000244381	0.00567021	0.0049964	0.0169283	0.0264673	0.0148544	0.0440921	0.0558593	0.0425116	3.81008e-05	0.0498201	0.00259841	0.00265959	0.000968189	0.000172746	0.00292419	0.00349754	
0.0307736	0.000135058	0.000238605	0.00031945	0.0170402	0.642367	0.0141293	0.018921	0.0229866	0.0599892	0.0694019	0.0301926	0.00040601	0.0436599	0.000247671	0.00742507	0.00410178	0.000161026	0.000514188	0.0369898	
0.000922389	0.0315304	0.0149022	0.0708702	0.00504886	0.0202495	0.0129026	0.000319758	0.000330173	0.0156739	0.000868067	0.00279084	8.7703e-05	0.133814	0.000117724	0.016307	0.632304	0.0285199	0.00722518	0.00521521	
0.659621	0.0443856	0.000595686	0.000752588	0.0260865	0.000530713	0.0237294	0.0023737	0.00153939	0.0192636	0.00166149	0.00350424	0.000127521	0.0699552	0.00114079	0.000278671	0.0503634	0.00829859	0.0104497	0.0753421	
0.239668	0.000319374	0.00227864	0.0024456	0.000331286	0.00101891	0.0262752	0.0135957	0.031973	0.000463305	0.0421773	0.0146686	0.000108823	0.0660525	0.0144387	0.530868	0.00374819	0.0090107	0.000232481	0.000325791	
0.00304151	0.0532307	0.00078853	0.0121145	0.000156453	0.00080471	0.0114478	0.666663	0.0011871	0.000158678	0.000329922	0.000259068	0.140431	0.0358231	0.000642592	0.000282405	0.000172966	0.0408457	0.00968137	0.0219389	
0.00245058	0.00553685	0.00831365	0.0469434	0.000314693	0.00664043	0.01385	0.000165562	0.000249541	0.00263641	0.00071099	0.00190691	2.65958e-05	0.142059	0.000125207	0.0370671	0.712974	0.015843	0.00194401	0.000242125	
0.00888722	9.98121e-05	0.000696249	0.000136983	0.0165249	0.777571	0.0104279	0.0126205	0.0144857	0.035744	0.0417503	0.0162428	0.00326243	0.0182011	0.00150412	0.00810732	0.004998	0.000103685	0.000124154	0.0285121	
0.483758	0.000200107	0.000281482	0.000961836	0.00190835	0.170679	0.0292937	0.00385805	0.036962	0.0396306	0.0496046	0.00389823	0.000230553	0.0618439	0.000148211	0.113508	0.000579121	0.000358555	0.000654456	0.00164096	
0.0242526	0.0950234	0.000310521	0.0490049	0.297001	0.000363533	0.0002459	0.000596989	0.0276442	0.0110126	0.0269509	0.000263377	0.000832026	0.0528296	0.000119419	0.0206772	0.0566453	0.00171871	0.127582	0.206926	
0.00122868	0.0397714	0.000381342	0.000466147	0.00225777	0.000379481	0.00741277	0.176599	0.00281665	0.0570134	0.00112804	0.00107329	0.000458981	0.00352028	0.000613477	0.00127608	0.0939796	0.579321	0.00542538	0.024877	
0.685055	0.0434874	0.000322124	0.000455649	0.00226777	0.00277573	0.0251134	0.0256402	0.027846	0.0164403	0.0446427	0.0342405	4.94511e-05	0.0575914	0.0141646	0.0141612	0.000731878	0.000439814	0.00317848	0.00139612	
0.148648	0.0346466	0.0107305	0.00188599	0.000209832	0.00111656	0.0128158	0.0130147	0.00266401	0.496763	0.110333	0.0149758	0.000437537	0.00290415	0.000686128	0.00356473	0.048862	0.0731845	0.000311701	0.0222455	
0.0197833	0.0150794	0.000786815	0.0194536	0.0108832	0.00696222	0.0959694	0.0835659	0.115583	0.0677315	0.0483959	0.00875956	0.00481096	0.0710955	0.164209	0.028776	0.0707179	0.111786	0.0221828	0.0334679	
0.0118363	0.00201725	0.260157	0.0448087	0.023755	0.00207398	0.0169558	0.0611028	0.00454715	0.422308	0.0654888	0.0252595	0.000124332	0.0175504	0.0319813	0.00151267	0.00531019	0.000438355	0.00211314	0.000659151	
0.588655	0.197547	0.000200275	0.000198888	0.00111413	0.00651602	0.0161489	0.0224512	0.0111902	0.0285277	0.0344927	0.0297893	2.61294e-05	0.0547763	0.00049946	0.00406387	0.00181453	0.000135905	0.00138305	0.000470293	
0.00518856	0.120862	0.000834449	0.00207991	0.110683	0.000742621	0.00362336	0.202592	0.00200972	0.223177	0.0216021	0.000484673	0.000476312	0.00568023	0.000468309	0.000774343	0.0391749	0.256104	0.00203333	0.00140998	
0.138194	4.99853e-05	0.238649	0.128667	0.000563702	0.0295193	0.00998697	0.00434734	0.0622444	0.00556199	0.00748257	0.137765	4.35465e-05	0.0843646	0.0589552	0.0512579	0.0337459	0.00374783	5.33472e-05	0.00480038	
0.0358509	8.82223e-05	0.000434272	0.00587003	0.0260701	0.044607	0.0727584	0.000397696	0.352548	0.0184514	0.00526899	0.013577	9.6223e-05	0.0277424	0.0585779	0.0425845	0.0788047	0.0267407	0.144318	0.0452143	
0.028391	0.00374105	0.0248342	0.136897	0.00887259	0.0205608	0.000530622	0.021223	0.000452307	0.6117	0.120167	0.00159125	5.72749e-05	0.000529763	0.00052848	0.000271874	0.000618156	0.00100542	0.0112409	0.0067871	
0.0197833	0.0150794	0.000786815	0.0194536	0.0108832	0.00696222	0.0959694	0.0835659	0.115583	0.0677315	0.0483959	0.00875956	0.00481096	0.0710955	0.164209	0.028776	0.0707179	0.111786	0.0221828	0.0334679	
0.20732	0.00164014	0.0499877	0.175879	0.000990817	0.0260379	0.00979021	0.00386825	0.118184	0.00676117	0.00278355	0.0348752	0.000560451	0.153364	0.102999	0.0554973	0.0386643	0.00903682	9.79889e-06	0.00175109	
0.0947917	2.10523e-05	0.0490926	0.127133	0.00480896	0.0237693	0.0125011	0.04787	0.226754	0.0269496	0.0204629	0.0353923	0.0262109	0.065908	0.0581977	0.0742603	0.0596839	0.0356302	0.00156727	0.00899473	
0.00536196	0.00467196	0.0269084	0.0270941	0.0129917	0.642969	0.00684043	0.00121852	0.047697	0.00645591	0.00892228	0.041885	0.003635	0.067976	0.0381852	0.046968	0.00428424	0.00218191	0.000339283	0.0034144	
0.086886	0.00154223	0.0439156	0.117539	0.00543833	0.0208422	0.021999	0.0541573	0.210135	0.0344634	0.0264871	0.0305904	0.0246751	0.0658728	0.0679652	0.0663818	0.0592421	0.0480894	0.00307737	0.0107005	
0.000602393	0.018933	0.000609401	0.00094166	0.0166521	0.00273819	0.000606388	0.274608	0.00101165	0.575383	0.0142926	0.00107944	0.00012167	0.0010073	0.000222466	0.0012457	0.0259547	0.06265	0.000305114	0.00103562	
0.0947917	2.10523e-05	0.0490926	0.127133	0.00480896	0.0237693	0.0125011	0.04787	0.226754	0.0269496	0.0204629	0.0353923	0.0262109	0.065908	0.0581977	0.0742603	0.0596839	0.0356302	0.00156727	0.00899473	
0.0947917	2.10523e-05	0.0490926	0.127133	0.00480896	0.0237693	0.0125011	0.04787	0.226754	0.0269496	0.0204629	0.0353923	0.0262109	0.065908	0.0581977	0.0742603	0.0596839	0.0356302	0.00156727	0.00899473	
0.0947917	2.10523e-05	0.0490926	0.127133	0.00480896	0.0237693	0.0125011	0.04787	0.226754	0.0269496	0.0204629	0.0353923	0.0262109	0.065908	0.0581977	0.0742603	0.0596839	0.0356302	0.00156727	0.00899473	
0.00381539	0.0324004	0.00183703	0.0159697	0.07851	0.00228585	0.000211054	0.220313	0.00983956	9.76967e-05	0.0127025	0.0170757	0.440401	0.000427905	6.96308e-05	0.000124942	0.000100899	0.0595778	0.0104378	0.093802	
0.000602393	0.018933	0.000609401	0.00094166	0.0166521	0.00273819	0.000606388	0.274608	0.00101165	0.575383	0.0142926	0.00107944	0.00012167	0.0010073	0.000222466	0.0012457	0.0259547	0.06265	0.000305114	0.00103562	
0.0197833	0.0150794	0.000786815	0.0194536	0.0108832	0.00696222	0.0959694	0.0835659	0.115583	0.0677315	0.0483959	0.00875956	0.00481096	0.0710955	0.164209	0.028776	0.0707179	0.111786	0.0221828	0.0334679	
0.0412972	0.013799	0.33763	0.115945	0.0377197	0.133217	0.0866705	0.00296038	0.00830927	0.00323608	0.018622	0.0292579	0.00595793	0.043007	0.0327488	0.0641226	0.0147104	0.000211083	0.000266153	0.0103119	
0.075332	0.00480877	0.000424031	0.0196682	0.165367	0.021923	0.115923	0.000145401	0.0241378	0.0398771	0.111436	0.00256903	0.0669026	0.185796	7.74804e-05	0.102655	0.00711671	0.00157026	0.00225802	0.0520135	
0.0032661	0.0672182	0.000207441	0.000193168	0.000125966	9.98239e-05	0.00121136	0.210944	0.00216627	0.143337	0.000562489	0.00138417	0.000121403	0.000974919	0.000273846	0.000389445	0.010325	0.536467	0.00105206	0.0196805	
0.685973	0.00257732	0.000711328	0.00028284	0.00179492	0.00318504	0.0234236	0.0311319	0.0307338	0.000684495	0.039887	0.0302429	5.19582e-05	0.0650935	0.0122502	0.0683708	0.000258824	0.00177843	0.000241288	0.00132641	
0.692185	0.000216486	0.000596711	0.000295139	0.000378382	0.00257545	0.0246347	0.0316097	0.0307577	0.00041756	0.0406619	0.0301217	4.09723e-05	0.0656344	0.0134806	0.0643105	0.000140664	0.00151501	0.000131059	0.000296569	
0.000643108	0.0187744	0.000289368	0.00103538	0.00274275	0.000218364	0.017984	0.186495	0.0109849	0.0145539	0.00171943	0.00177691	0.00401407	0.0269876	0.0067311	0.0022311	0.149104	0.505985	0.0138063	0.0339234	
0.0402195	0.0284989	0.000257691	0.00024717	0.00180327	0.000113418	0.0233637	0.0124326	0.0265951	0.00165487	0.0052291	0.0407426	8.76841e-05	0.0464899	0.0379631	0.000301349	0.00741533	0.69405	0.00818723	0.0243473	
0.00951662	8.72065e-05	0.000392611	0.000142357	0.0188935	0.847454	0.00935173	0.00432778	0.0144946	0.00754808	0.0306282	0.00395914	0.00376703	0.0118357	0.00230314	0.0129044	0.00129315	0.000100809	0.000105696	0.0208945	
0.00415247	0.000335889	0.00022273	0.00409486	0.00673205	0.00103373	0.012973	0.427266	0.00120303	0.183713	0.0232597	0.000465348	0.000145369	0.000497181	0.0207571	0.000223761	0.000492494	0.300372	0.00193354	0.0101273	
0.0141856	0.0223491	0.00469329	0.00241945	0.0623235	0.0012152	0.0125354	0.0474178	0.0206242	0.083728	0.00806796	0.0002171	0.012677	0.00215549	0.13945	0.00458021	0.0502127	0.223104	0.00495129	0.283093	
0.0621594	0.00584475	0.270665	0.258258	0.00155795	0.0738011	0.00682387	0.0159698	0.097155	0.0381704	0.00262312	0.048803	0.00103126	0.0937031	0.0143843	0.000859987	0.000311507	0.00732611	0.000446411	0.000105424	
0.00941234	0.00155091	0.0440704	0.0207097	0.0185917	0.596776	0.0349458	0.00123133	0.0342191	0.001636	0.00462558	0.114799	0.00089643	0.0500091	0.0228842	0.0321601	0.00927879	0.000790482	0.000227125	0.00118587	
0.016981	0.0108301	0.00946888	0.220653	0.00669036	0.0408016	0.00556693	0.0477657	0.0167808	0.00941923	0.00309013	0.0161144	7.96172e-05	0.156086	0.0268874	0.0151899	0.120515	0.236416	0.000874122	0.0397895	
0.156718	0.000154675	7.79823e-05	0.0474902	0.010048	0.00958895	0.00535279	0.0593957	0.0118765	0.0242362	0.00481373	0.0286392	0.50215	0.0166198	0.00647805	0.0353146	0.0124652	0.0518831	0.000469791	0.0162274	
0.00744171	0.00188079	0.00114272	0.00167417	0.0163627	0.00014711	0.0112478	0.196174	0.000361766	0.199987	0.0483162	0.00317325	8.06676e-05	0.000566041	0.0399391	0.000290434	0.000334713	0.454004	0.000378198	0.016497	
0.0115871	0.0100677	0.00933009	0.00725996	0.00485757	0.03386	0.00775324	0.0067851	0.01208	0.798376	0.0026264	0.0129912	0.000286349	0.000977874	0.00491395	0.0114806	0.0122716	0.0351601	0.00330531	0.0140299	
0.0402012	0.0197901	0.0340258	0.084028	0.000338917	0.031286	0.000330971	0.00425148	0.0193102	0.657177	0.00258015	0.0268522	0.00176418	0.00106366	0.000250649	0.00891281	0.0232444	0.00348756	0.0238414	0.0172634	
0.04448	0.189277	0.408421	0.0817012	0.00142592	0.000104506	0.000487858	0.000224221	0.0368584	9.80235e-05	0.0109627	0.0668714	0.108145	0.000444015	0.000305955	0.0351644	0.00984344	0.0040258	0.000793271	0.000365499	
0.0572888	7.95898e-05	0.000141323	0.038213	0.0214559	0.0549862	0.000188566	0.00487508	0.0260707	0.000983414	0.0295327	0.000265793	0.0189725	0.0413703	0.032416	0.000308019	0.0247796	0.00544347	0.114343	0.528286	
0.109706	0.000198801	0.056913	0.13427	0.0039627	0.0204016	0.0100295	0.0470448	0.183831	0.0301868	0.0178366	0.0288806	0.0490484	0.0658161	0.0466342	0.0808461	0.0561307	0.0467555	0.00436986	0.00713698	
0.000809538	0.0311379	0.00029697	0.510911	0.0268605	0.000393551	0.013425	0.0304649	0.000265534	0.111974	0.0602174	0.0387398	0.00713608	0.000508953	0.0294184	0.0278133	0.0549138	0.000591855	0.0115914	0.0425306	
0.0315797	0.00899346	0.0143249	0.0137384	0.00769897	0.0480011	0.0286582	0.0299152	0.028198	0.000949359	0.0389871	0.0396708	0.000184575	0.0524264	0.0736626	0.49324	0.00498201	0.0831739	0.00101663	0.000599198	
0.256171	0.00445899	0.0338448	0.12359	0.00229883	0.0341282	0.0131128	0.00184965	0.116108	0.00585431	0.00350963	0.0303157	0.00129644	0.16749	0.0888192	0.0488629	0.052082	0.0158792	1.63285e-05	0.000311887	
0.431205	0.264045	0.00179953	0.00806219	7.39861e-05	0.00657019	0.0144286	0.0288028	0.0145181	0.0567736	0.0628737	0.0438463	0.00211894	0.044304	7.42032e-05	0.00120613	0.00944161	0.00974977	5.11495e-05	5.591e-05	
0.0621594	0.00584475	0.270665	0.258258	0.00155795	0.0738011	0.00682387	0.0159698	0.097155	0.0381704	0.00262312	0.048803	0.00103126	0.0937031	0.0143843	0.000859987	0.000311507	0.00732611	0.000446411	0.000105424	
0.0735735	0.0210394	0.00100631	0.000959396	0.00170785	0.00143144	0.0666759	0.0134387	0.000839894	0.0408107	0.00903639	0.000320694	3.56753e-05	0.152606	0.000109341	0.00238801	0.373231	0.226814	0.00942438	0.00455118	
0.140085	0.0177612	0.000190918	0.000292934	0.075223	0.0641431	0.00856803	0.00266752	0.00109629	0.389251	0.249134	0.0114395	3.88506e-05	0.00810014	0.000222444	0.017758	0.00457562	0.00893012	0.000161871	0.000361088	
0.0869551	0.0389048	0.000149878	0.042544	0.0190531	0.0422899	0.000186119	0.00024851	0.000121505	0.0313798	0.105833	0.460523	0.0176371	0.0351058	0.0493398	0.000427065	0.000280207	0.054739	0.0141481	0.000134039	
0.00095127	0.00171094	0.00028714	0.00017223	0.0589771	0.000121987	0.00765712	0.248149	0.000538088	0.0793178	0.00775346	0.000156464	7.86836e-05	0.000307057	8.45744e-05	7.10089e-05	0.00284867	0.587303	8.52108e-05	0.00342959	
0.0243087	0.0133561	0.000358777	0.0016403	0.00698384	0.000273603	0.0292107	0.0842713	0.0253246	0.000370844	0.00166139	0.00893145	0.00849809	0.0595951	0.032799	0.00228287	0.00361149	0.659938	0.0118104	0.0247735	
0.0293495	0.0416738	0.000934774	0.000695401	0.00984766	0.0103645	0.00173984	0.0157687	0.0105294	0.0868552	0.738428	0.00322172	0.000119396	0.00504099	0.0045647	0.00019921	0.00444006	0.0355623	0.000193105	0.000471376	
0.0336574	0.00036534	0.00991388	0.0158733	0.00311028	0.000333632	0.000370687	0.0107537	0.000578089	0.000601601	0.0832267	0.0902276	0.000108247	0.028166	0.0109556	0.005407	0.670245	0.0205272	0.0148995	0.00067984	
0.0399602	0.000572543	0.149395	0.184836	0.00870838	0.447568	0.00133012	0.0118744	0.0130163	0.0141865	0.0439437	0.00141349	0.000411259	0.027072	0.00036436	0.050965	0.00101943	0.000376434	0.0022636	0.000723296	
0.173899	0.000275054	0.151703	0.0491281	0.000341866	0.0271323	0.00242301	0.000957417	0.0726661	0.00136278	0.0296544	0.0716002	0.000124079	0.117141	0.0277819	0.166245	0.0718929	0.0344621	0.000404047	0.000806001	
0.00719084	8.67294e-05	0.000398059	0.000140554	0.0178969	0.861195	0.00940963	0.00368504	0.014417	0.00338173	0.0247019	0.00365929	0.00579288	0.00716878	0.00288995	0.0133443	0.00152062	0.000114127	0.00011552	0.0228915	
0.0497187	0.00244976	0.073741	0.159611	0.00420037	0.283692	0.0671033	0.00030407	0.0945808	0.0181071	0.00946516	0.0129225	0.000112496	0.0448076	0.160623	0.00734073	0.00671177	0.000185011	0.00388095	0.0004421	
0.00119268	0.000302063	0.00085896	0.00449357	0.467439	0.000739367	0.000910975	0.156784	0.00419395	0.271313	0.0113643	0.000832602	0.000468146	0.0100075	0.000527404	0.000460502	0.00115376	0.0295083	0.00235336	0.035097	
0.01106	0.0194563	0.00105127	0.000427112	0.00497013	0.000314688	0.0170719	0.37909	0.00641322	0.0352661	0.00221963	0.00631449	0.000233168	0.00311834	0.000940667	0.0176526	0.00222562	0.463572	0.00756219	0.0210414	
0.00333921	0.0675105	0.000201648	0.000197032	0.000187205	0.000101752	0.00130018	0.213425	0.00217536	0.143133	0.000751191	0.00137951	0.000119804	0.000974941	0.000469332	0.000410279	0.00960009	0.533772	0.00106131	0.0198907	
0.153814	0.0334541	0.00472894	0.000180109	0.0130223	0.0463909	0.00612368	0.0466771	0.000255416	0.00028924	0.0265032	0.0102824	6.56907e-05	0.422727	0.000138306	0.0669804	0.0660728	0.0677709	0.0252803	0.0092431	
0.059442	0.000196556	0.000312646	0.00037851	0.0190922	0.650356	0.0215051	0.00210024	0.0291107	0.0331156	0.0429966	0.00214117	0.00043187	0.0573295	9.08983e-05	0.0365374	0.026293	0.000268531	0.000234051	0.018067	
0.00456738	0.00282486	0.00772714	0.041823	0.000337134	0.00357204	0.0149982	0.000128686	0.000235236	0.00377256	0.00121462	0.00165591	3.28753e-05	0.128017	0.000239307	0.0438029	0.729755	0.0110161	0.00402189	0.00025823	
0.478399	0.00024421	0.000164319	0.000410662	0.00409138	0.191728	0.020666	0.0252746	0.0232493	0.0573451	0.0940228	0.0497116	6.02313e-05	0.045891	0.00023061	0.00494387	0.000193041	0.000176764	0.00065402	0.00254364	
0.094969	0.000231709	0.0747128	0.139285	0.0222161	0.341468	0.0665064	0.00597125	0.00840244	0.00259898	0.0257848	0.114465	0.0011266	0.0754334	0.0118488	0.0100594	0.00123195	0.00191728	0.000781309	0.000990134	
0.256176	0.00445406	0.0338087	0.123645	0.0023002	0.0341275	0.0131064	0.00185208	0.116056	0.00585801	0.00351599	0.0303	0.00129523	0.16768	0.0887848	0.048808	0.0520387	0.0158685	1.63283e-05	0.000308012	
0.132134	0.0132489	0.0339507	0.00487808	0.00051878	0.0140792	0.000445991	0.00112037	0.00660898	0.00323173	0.0149647	0.00136488	0.36024	0.00254964	0.000167235	0.0521861	0.215312	0.141945	0.000682882	0.000370907	
0.0432732	0.000222811	0.000680409	0.0321106	0.587489	0.0183274	0.000587924	0.0189578	0.0326286	0.0062535	0.0603209	0.000732631	0.0122963	0.0587819	0.0176701	0.000344919	0.0182081	0.0143429	0.00643358	0.0703378	
0.022026	0.000550804	0.103473	0.00413097	0.000479138	0.00260704	0.0031724	0.00239353	0.031191	0.000921259	0.00806592	0.0047382	0.01802	0.155275	0.0285144	0.425215	0.183463	0.00460015	0.000746627	0.000416722	
0.0548271	0.00161735	0.0640685	0.27421	0.0274655	0.00848764	0.0393147	0.00233838	0.0929592	0.0248666	0.00888895	0.0052529	0.0130251	0.0511222	0.286855	0.00426216	0.00906828	0.0126532	0.000156308	0.0185601	
0.104301	9.42251e-05	0.137782	0.452452	0.000150685	0.00565813	0.0130581	0.000221623	0.0575208	0.0016728	0.00716629	0.0224506	0.0126712	0.108027	0.00288059	0.0286316	0.0406564	0.00431422	0.00017608	0.000114998	
0.0276805	0.0193072	0.0167398	0.330495	0.0269267	0.00407886	0.0118672	0.0185365	0.000298814	0.0221916	0.178317	0.00573503	0.000248264	0.291887	0.00588479	0.0125725	0.0093089	0.00501637	0.0105949	0.00231265	
0.123128	0.0138043	0.00443809	0.00566534	0.0816878	0.0525392	0.00373718	0.00151483	0.00086749	0.448904	0.21652	0.0146871	0.000103801	0.00146873	0.000210993	0.0154701	0.00382777	0.00980718	0.000244391	0.00137366	
0.112575	6.39976e-05	0.386065	0.0984805	0.00211644	0.0312418	0.0106517	0.00241317	0.0200502	0.0050027	0.0112411	0.192529	3.10722e-05	0.0373082	0.0142939	0.0370562	0.031232	0.00335017	0.00010273	0.00419463	
0.238186	0.00309793	0.0407227	0.144684	0.00169557	0.0314061	0.0111981	0.00264112	0.120038	0.00629651	0.00321588	0.031819	0.000978611	0.159942	0.093099	0.0510183	0.0457938	0.0132425	1.18825e-05	0.000913731	
0.0408549	0.0128968	0.0230916	0.127528	0.00653573	0.0357781	0.000304813	0.019137	0.000770835	0.585691	0.127996	0.00320208	5.89023e-05	0.000285115	7.17085e-05	0.000640897	0.000493091	0.000587026	0.00858231	0.00549328	
0.00922256	0.000792255	0.00880352	0.0154365	0.0229299	0.000501783	0.000516399	0.050635	0.000949925	0.591574	0.0929274	0.000828228	0.000146543	0.00129717	0.027215	0.000334793	0.0120145	0.0242838	0.000807853	0.138783	
0.116178	6.25683e-05	0.37998	0.101432	0.0018869	0.0315556	0.0104842	0.0023464	0.0204621	0.00441865	0.0110746	0.188163	2.9487e-05	0.0368633	0.0146846	0.0401527	0.0322165	0.00380364	0.000100767	0.00410473	
0.0115301	0.0100423	0.0085635	0.00721494	0.00682746	0.042337	0.00895937	0.00717244	0.0096276	0.797432	0.00120024	0.0104362	0.000186286	0.000852602	0.00589304	0.011932	0.00777699	0.0367639	0.0040172	0.0112351	
0.470163	0.000175987	0.000148869	0.000332769	0.00451414	0.187345	0.0210285	0.0234172	0.0224936	0.0603933	0.099883	0.0561568	8.75343e-05	0.0432636	9.32132e-05	0.00331995	0.00022643	0.000165422	0.000518782	0.00627359	
0.0500409	0.00166587	0.0456427	0.361864	0.0204239	0.0098504	0.0246657	0.00350177	0.140052	0.0343416	0.0182717	0.00215574	0.00678743	0.0505129	0.181168	0.00995332	0.0171244	0.0153052	0.000463313	0.0062089	
