0.209518	0.00137244	0.00569298	0.0180634	0.0376368	0.000748697	0.0261069	0.0658932	0.0690866	0.0474076	0.000731224	0.0267642	0.285779	0.0424351	0.00845165	0.033126	0.0234311	0.0813488	0.00347169	0.0129353	
0.0140225	0.000322109	0.161041	0.0787135	0.0103344	0.00488553	0.106414	0.015804	0.0198073	0.00078207	0.0277197	0.0780678	0.000181054	0.0453467	0.0126279	0.398421	0.0177848	0.00633197	0.000628049	0.000763766	
0.00624397	0.00016254	0.0288432	0.023876	0.00114641	0.643469	0.0217562	0.000492551	0.0764216	0.00440392	0.00747305	0.0547081	0.00157234	0.0564624	0.020896	0.0397388	0.0105347	0.00131819	0.000141048	0.000339837	
0.180812	0.00129699	0.0357549	0.135632	0.00051629	0.0388031	0.00571832	0.00512266	0.206901	0.0113409	0.00206037	0.0333803	0.0227922	0.0197356	0.0498319	0.0829287	0.143596	0.0226917	0.000142308	0.000943742	
0.209518	0.00137244	0.00569298	0.0180634	0.0376368	0.000748697	0.0261069	0.0658932	0.0690866	0.0474076	0.000731224	0.0267642	0.285779	0.0424351	0.00845165	0.033126	0.0234311	0.0813488	0.00347169	0.0129353	
0.0271578	0.00186309	0.431044	0.061066	0.00770942	0.025585	0.0275055	0.0023334	0.0309922	0.00315785	0.000680062	0.238164	0.000130822	0.0347524	0.0451675	0.0333659	0.0231874	0.00186932	6.05972e-05	0.00420804	
0.0837287	0.00392619	0.053213	0.306372	0.00091887	0.00755537	0.00634916	0.00725044	0.000504411	0.00145039	0.00184155	0.0292546	0.000160814	0.444588	0.000626475	0.0343405	0.000856829	0.0101928	0.00616563	0.000703949	
0.0200535	0.0293452	0.0161347	0.0216566	0.000939145	0.00846841	0.00808585	0.076662	0.00590401	0.566644	0.152984	0.0119007	0.00603479	0.00228228	0.00147752	0.0039951	0.0119428	0.0296543	0.000312037	0.0255232	
0.0433535	0.0121226	0.219171	0.32568	0.00763888	0.00594591	0.00193388	0.0016402	0.0154083	0.00209077	0.00483093	0.0553506	0.250439	0.00575109	0.00304015	0.0252241	0.0112778	0.00255727	0.00622029	0.000323394	
0.000621392	0.00239695	0.000250652	0.000529168	0.0365255	0.000247414	0.00942974	0.26996	0.00368344	0.0582511	0.0190604	0.000919423	0.000318262	0.00362638	0.000556721	0.000823703	0.0344417	0.528157	0.00161742	0.0285844	
0.0304196	0.0010767	0.00460632	0.0720783	0.0100978	0.000189622	0.0798619	0.00052481	0.248121	0.000408477	0.00164813	0.0272695	0.000156328	0.0276253	0.114958	0.159381	0.176405	0.00681427	0.000384954	0.0379726	
0.00330932	0.00084283	0.00471875	0.009788	0.275599	0.0020458	0.000407243	0.396827	0.000597673	0.193746	0.0503066	0.00106547	5.71675e-05	0.000958792	9.7486e-05	0.000328566	0.00228207	0.0202963	0.00470595	0.03202	
0.000515242	0.00613709	0.0130139	0.178559	0.00366334	0.000247753	0.00339929	0.12173	0.00983706	0.0040433	0.00134299	0.00252485	0.000154611	0.0273443	0.000329388	0.0241613	0.571705	0.016911	0.0128041	0.001577	
0.0170635	0.00711686	0.0055756	0.00191905	0.00494868	0.00963763	0.00645318	0.0273521	0.0252226	0.0507313	0.00850154	0.00890039	0.0734356	0.00341047	0.572481	0.000171923	0.0790844	0.00105947	0.0813596	0.015575	
0.0170367	0.00021216	0.109618	0.00923399	0.0238202	0.279239	0.144967	0.00129433	0.0436949	0.00109811	0.00975806	0.261483	0.000216351	0.0470328	0.0271965	0.0185067	0.00410115	0.000415665	0.000322527	0.000752139	
0.00442954	9.71878e-05	0.000189042	0.00237913	0.216221	0.000334572	0.00129665	0.00604317	0.0326514	0.000161728	0.0033967	0.000660071	0.418755	0.0101763	0.0150986	0.000146128	0.00204412	0.0644848	0.00799473	0.21344	
0.0290212	5.84099e-05	0.000280895	0.000528482	0.0101368	0.000369827	0.00480188	0.104551	0.0105546	0.0977267	0.0189746	0.0788448	3.43785e-05	0.0798369	0.0114329	0.0351923	0.464531	0.0373603	0.0110453	0.00471706	
0.0263285	0.0402091	0.026511	0.0301636	0.00111652	0.0266521	0.00670814	0.0304532	0.441379	0.00477116	0.0154121	0.0168831	0.0434092	0.017102	0.171569	0.0392584	0.0388152	0.022569	0.000332851	0.000356626	
0.308981	0.000643186	0.000290819	0.00346078	0.0195437	0.032151	0.387272	0.0031664	0.000610257	0.000457977	0.0359325	0.0310383	0.000404993	0.0114527	0.00017004	0.00102469	0.0187113	0.0195237	0.0115031	0.113662	
0.643798	0.00357459	0.00130849	0.000959464	0.0114185	0.000483853	0.00329188	0.0424364	0.0405731	0.000853306	0.0354296	0.035376	0.115822	0.00263435	0.0101808	0.02914	0.00545997	0.000670665	0.00913754	0.00745141	
0.0501888	0.0197511	0.0162933	0.513593	0.0777238	0.000258612	0.0405478	0.0535985	0.000378531	0.106142	0.0376399	0.0069642	0.000372978	0.00547135	0.00931769	0.00241586	0.00255967	0.00447257	0.00690709	0.0454038	
0.0222807	0.000112148	0.000803519	0.000208301	0.0106231	0.708147	0.0388974	0.00850676	0.0147274	0.0829125	0.0510811	0.00888741	3.245e-05	0.0346194	0.00128498	0.00679856	0.00224918	0.000139943	9.32434e-05	0.00759482	
0.162233	0.00111707	0.0153347	0.0774505	0.0106897	0.000508423	0.0213608	0.000424019	0.0349883	0.0115693	0.0396112	0.000372649	0.00460913	0.0594474	8.64903e-05	0.513335	0.00116079	0.0335421	0.00409337	0.00806679	
0.116066	0.0339943	0.000612919	0.000507878	0.000507924	0.000311199	0.0271045	0.0114128	0.0220912	0.0112329	0.00236779	0.0602662	0.000760875	0.0530962	0.00914193	0.00212667	0.0497642	0.567534	0.00523677	0.0258635	
0.137673	0.014223	0.00958652	0.0584443	0.00224902	0.0985377	0.00125416	0.0329878	0.00355436	0.595283	0.0173872	0.0063593	5.91515e-05	0.000318101	0.000156487	0.000539948	0.0047223	0.000726754	0.000348497	0.0155888	
0.0564583	0.120277	0.00135838	0.0101975	0.000762537	0.0013162	0.0353844	0.339613	0.00277361	0.00032335	0.000503091	0.000368979	0.00339771	0.0942931	0.00252318	0.00117678	0.0159318	0.280403	0.0102315	0.0227057	
0.0982181	0.0176331	0.0079759	0.235206	0.000314803	0.0109759	0.0420779	0.00169245	0.0782493	0.00273175	0.0555335	0.0014965	8.31948e-05	0.00765597	0.18668	0.199748	0.0515824	0.00149111	0.000359811	0.000294124	
0.0276747	0.0626732	0.000580896	0.000494115	0.423668	0.000239098	0.015172	0.026529	0.00131487	0.020817	0.0826473	0.000628266	0.000114186	0.108376	0.000511018	0.0208767	0.0522205	0.146067	0.001981	0.00741532	
0.0240177	0.00171922	0.42984	0.0585009	0.00787042	0.0229192	0.0269833	0.002589	0.0295936	0.00472992	0.000717746	0.249838	1.85965e-05	0.0330236	0.0466855	0.032747	0.0227276	0.00144293	4.44432e-05	0.00399078	
0.0557386	0.000405009	0.000244148	0.011038	0.067767	0.0123888	0.118785	0.00855955	0.399289	0.000124885	0.00613082	0.000706095	3.17578e-05	0.0419687	0.243301	0.00459744	0.00470019	0.0236098	0.000528512	8.48907e-05	
0.00716048	0.0186413	0.000412941	0.000502284	0.000362691	0.00224464	0.0226427	0.0086495	0.0240763	0.00371728	0.00156992	0.0279046	0.00533666	0.0518953	0.00874858	0.015004	0.024778	0.735819	0.00735779	0.0331758	
0.0295742	0.0374061	0.0134585	0.0638692	0.000227794	0.0140384	0.000828484	0.391685	0.00174037	0.395388	0.0083851	0.00204528	8.90541e-05	0.000525267	0.00016719	0.000985403	0.00108436	0.00496212	0.00147427	0.0320662	
0.0446035	0.368972	0.0300741	0.0403062	0.000173012	0.000220845	0.015359	0.115541	0.0118381	0.0885483	0.0650989	0.0327148	0.0052868	0.0404068	0.000162386	0.000169729	0.0230755	0.117243	8.02889e-05	0.000124963	
0.0523967	0.00232198	0.00159751	0.00878968	0.0088485	0.0472864	0.00216622	0.000472848	0.000458119	0.0051571	0.00554421	0.0867097	0.000116523	0.0805998	0.00079446	0.0812321	0.566673	0.0406187	0.00753724	0.00067884	
0.581931	0.0176991	0.00019992	0.00186449	0.000448827	0.000192904	0.040764	0.00312072	0.058464	0.000347914	0.0115632	0.0286375	0.000248821	0.071345	0.0402081	0.00820104	0.000791546	0.0962837	0.0193266	0.0183616	
0.00290114	0.0326528	0.0288705	0.0937914	0.00337848	0.00677392	0.0360123	0.00385297	0.0075238	0.00136958	0.0148558	0.00432783	0.000149552	0.0653822	0.00208462	0.443298	0.217147	0.0349554	0.000365056	0.000308513	
0.00421178	0.0581844	0.000419777	0.000452729	0.0444355	0.00118442	0.0358151	0.236133	0.0026768	0.169582	0.0333867	0.00172704	0.000239188	0.00110633	0.000324918	0.000198396	0.0031753	0.400659	0.0039156	0.00217227	
0.0266385	0.000696967	0.0711987	0.398686	0.000422606	0.000294612	0.0107908	0.0435517	0.0393942	0.0530754	0.000830668	0.001317	5.47534e-05	0.108309	0.00732694	0.0321804	0.168885	0.0352925	0.000199424	0.000855569	
0.0390298	0.00694796	0.156876	0.398866	0.0118422	0.0074134	0.0016091	0.00388372	0.0161909	0.0100687	0.00883311	0.0423853	0.209632	0.0069789	0.00619037	0.0381924	0.0244291	0.0031334	0.00714396	0.000352669	
0.00688325	0.00135771	0.0017899	0.00956886	0.00825094	0.248483	0.00116814	0.000275567	0.20759	0.00510376	0.00287238	0.0343299	0.000186868	0.000325013	0.244675	0.131842	0.0303816	0.000450929	0.0023373	0.0621294	
0.00868113	0.017986	0.000390091	0.000559265	0.000243995	0.00300518	0.0218764	0.0105053	0.0236102	0.00406633	0.00129694	0.0259288	0.00371766	0.0489944	0.00896989	0.00743576	0.0171976	0.755507	0.00672694	0.0333014	
0.00158001	0.00279181	0.00188877	0.00287864	0.153182	0.000924285	0.00152497	0.0204346	0.0329544	0.00013589	0.00518624	0.00406522	0.51121	0.000597668	0.00112229	0.000138481	0.000229969	0.0881728	0.00827369	0.162709	
0.0222639	0.003019	0.20209	0.0128389	0.0174346	0.0402113	0.00072518	0.0157756	0.0383761	0.00635735	0.0393791	0.0346373	0.328103	0.00855344	0.162176	0.0481793	0.00046275	0.00532891	0.00111438	0.0129737	
0.067098	0.000114371	0.0565436	0.0588882	0.42676	0.0360131	0.0260805	0.000320914	0.063622	0.000127258	0.0271682	0.0619953	0.00643859	0.0479018	0.0869519	0.000716978	0.0253302	0.000295692	0.00750593	0.00012753	
0.0568835	0.000439972	0.00474049	0.00331092	0.00651455	0.000247835	0.000257962	0.0162215	0.0138945	0.676033	0.139667	0.00614751	0.000144057	0.00500178	0.0295228	0.0050485	0.00218003	0.0218015	0.000322418	0.0116199	
0.00590007	0.000554277	0.000803374	0.00499501	0.0596372	0.0374182	0.0607503	0.000840127	0.512648	0.000501246	0.00357966	0.000146963	5.12001e-05	0.0229289	0.270062	0.00859579	0.00284922	0.00378228	0.000225231	0.00373078	
0.174795	0.00308038	0.022301	0.162372	0.00454595	0.0523145	0.00895386	0.00431589	0.123157	0.0115122	0.00903465	0.030263	0.00116323	0.139782	0.126724	0.0673703	0.0375189	0.019762	7.92599e-05	0.000954233	
0.0053088	0.0282893	8.47559e-05	0.00016788	0.000105288	6.00576e-05	0.00332851	0.2583	0.00111966	0.104488	0.00344482	0.000489926	0.000492693	0.000794633	0.000110233	0.00146997	0.000106785	0.567739	0.00061677	0.0234831	
0.00234497	0.00086187	0.00268447	0.0508031	0.0118285	0.01756	0.00446175	0.000206494	0.00029059	0.0276351	0.000877547	0.0117586	6.95057e-05	0.0733436	0.000244627	0.0106275	0.750448	0.0244268	0.00692428	0.00260234	
0.581238	0.00641176	0.000236414	0.000640021	0.0187249	0.00637948	0.0367973	0.0239468	0.0246297	0.102662	0.0805427	0.0357433	7.00942e-05	0.033603	0.0071511	0.00947565	0.000698212	0.00026452	0.00846025	0.0223247	
0.0908954	0.000132846	0.000139776	0.0248672	0.00184875	0.0252755	0.000218055	0.089345	0.0207279	0.0671308	0.0567013	0.000258687	0.0070848	0.0528566	0.0174992	0.000353008	0.019642	0.0906116	0.00890447	0.425507	
0.15525	0.00469216	0.000441757	0.0146452	0.0102134	0.518025	0.000982969	0.00390685	0.0206543	0.00334902	0.0275143	0.00341095	0.000436557	0.00997229	0.056326	0.153339	0.00160925	0.00299978	0.00115344	0.0110774	
0.130149	0.0341735	0.0670718	0.0684877	8.65585e-05	0.0487028	0.000103447	0.000147201	0.00070799	0.0298724	0.540832	0.0503125	1.69108e-05	0.000157908	4.98133e-05	0.00161011	0.000971026	4.49898e-05	0.000587824	0.0259142	
0.152656	0.0158124	0.00857934	0.0506178	0.000821115	0.123415	0.00301589	0.00998369	0.00596965	0.5825	0.0226276	0.00454719	3.37153e-05	0.000323416	0.000138313	0.000793586	0.00462886	0.000162602	0.000356376	0.013017	
0.0405452	0.00174168	0.0110773	0.00808525	0.043624	0.125884	0.00441431	0.00191532	0.00122406	0.00190457	0.00209112	0.0136187	0.000502289	0.00265302	0.676546	0.0192781	0.00498036	0.00609503	0.000435121	0.0333841	
0.4173	0.00231799	0.000510665	0.00331281	0.00340823	0.000193855	0.0309956	0.0344323	0.0423769	0.00267135	0.0420374	0.0279912	8.05559e-05	0.0613847	0.0192958	0.307045	0.000360391	0.000391249	0.00100303	0.00289162	
0.00221395	0.000781995	0.00266921	0.0512751	0.012728	0.0155848	0.00414983	0.000200593	0.000280486	0.0278289	0.000879092	0.0115006	7.02801e-05	0.0725852	0.000230061	0.0106113	0.751925	0.0248342	0.00705025	0.00260079	
0.0194008	0.000444348	0.00906648	0.0348184	0.00587896	0.084301	0.310493	0.00189928	0.00387208	0.0939842	0.00448157	0.195895	0.0722844	0.0899477	0.0125796	0.0346224	0.0241723	0.000835466	0.000564618	0.000458171	
0.0128219	0.0232869	0.0736291	0.159181	0.00580857	0.000847374	0.00169814	0.0151187	0.0344007	0.000585358	0.000613094	0.00302754	0.0223621	0.0890863	0.000368576	0.150653	0.358241	0.0438252	0.00293073	0.00151574	
0.000253307	0.011913	0.000796899	0.000294138	0.00114679	0.156963	0.00417087	0.0122658	0.145977	0.000342718	0.150811	0.186027	0.000850803	0.0324814	0.00807455	0.236471	0.0243746	0.0241559	5.88915e-05	0.00257124	
0.0792366	0.00035007	0.169919	0.0338618	0.00590184	0.0570731	0.0137783	0.0964976	0.0506565	0.00944039	0.0117251	0.0380747	0.0819918	0.0588807	0.19315	0.0562532	0.0197984	0.021984	0.0012945	0.000131964	
0.0467898	0.000371625	0.0899183	0.0827295	0.0914778	0.000268782	0.000557845	0.0253129	0.00683036	0.000429575	0.00944308	0.0538615	0.00515143	0.00109649	0.47953	0.000933431	0.00816861	0.0423645	0.000745187	0.0540193	
0.000455999	0.0316522	0.0359899	0.525942	0.0381338	0.00021185	0.0013491	0.0257416	0.000369868	0.0998994	0.101607	0.00180674	0.00716003	0.000524337	0.0305211	0.0464862	0.0447265	0.000313874	0.00628173	0.000826406	
0.459657	0.00297522	0.000663135	0.000643803	0.0441583	0.000263273	0.0223563	0.0623947	0.0413625	0.0382524	0.00322187	0.0169313	0.000138805	0.0278269	0.0053337	0.236164	0.00597877	0.025159	0.00239618	0.004123	
0.372731	0.000516679	0.000421969	0.00129684	0.00673296	0.00988334	0.0224035	0.00161122	0.0618521	0.00642264	0.0978028	0.0734573	9.52354e-05	0.0479582	0.0494076	0.108802	0.0555457	0.0793359	0.00289886	0.000824368	
0.0870149	0.00029134	0.0112793	0.00300417	0.00220687	0.000369829	0.000746992	0.000301897	0.315734	0.01517	0.038476	0.00121277	8.11954e-05	0.0486914	0.39469	0.0488364	0.0159647	0.0137329	0.00053637	0.00165836	
0.00723054	0.000117889	0.00213148	0.000710141	0.0267904	0.729115	0.0126988	0.0127626	0.0192063	0.0725917	0.0325633	0.0143692	0.00106806	0.0336978	0.00170185	0.00507588	0.0140046	0.000139029	0.000158257	0.0138672	
0.00498834	0.000278938	0.000331475	0.00477582	0.0642674	0.0365212	0.0619115	0.000808384	0.522155	0.000163152	0.00361383	0.000149056	4.32857e-05	0.023035	0.262487	0.00811268	0.00271529	0.00317842	0.000199454	0.000264676	
0.0264352	0.0264587	0.000119619	0.000668211	0.000343715	8.00269e-05	0.00762256	0.165803	0.00420762	0.230689	0.00095165	0.00104387	0.0565115	0.340874	0.000330748	0.00123734	0.00588328	0.103999	0.00685737	0.0198832	
0.000462151	0.00173158	0.0801332	0.0145192	0.000210148	0.266011	0.0160723	0.00388216	0.11192	0.000489351	0.0501584	0.0743044	5.26405e-05	0.102533	0.00453081	0.202021	0.0341796	0.0363923	0.000232742	0.00016376	
0.00300208	0.000189912	0.00240409	0.00160466	0.0384389	0.637576	0.00763094	0.0139828	0.0159277	0.154084	0.0549472	0.0122807	0.00165489	0.0223405	0.000759111	0.00214979	0.0123911	0.000110127	0.000144306	0.0183806	
0.00118032	0.000460428	0.0289149	0.0979896	0.000219928	0.00969173	0.00859005	0.000181957	0.000449023	0.000509826	0.000927287	0.000349596	2.09991e-05	0.0636818	0.00016165	0.0795136	0.672739	0.0308068	0.000402336	0.00320872	
0.0169757	0.0104529	0.000149879	0.000659613	0.000160874	0.000139342	0.127406	0.00941964	0.0446465	0.0638055	0.0402134	0.00125951	0.00018862	0.485809	0.000222758	0.0858973	0.0164916	0.0922077	0.00283653	0.00105806	
0.000590968	0.00281913	0.0220417	0.187848	0.00932107	0.0213888	0.0110371	0.0266759	0.0255629	0.000569116	0.0362841	0.0195983	0.00517236	0.0818712	0.00779724	0.504041	0.00127153	0.0339898	0.000819782	0.00129954	
0.12874	0.0179625	0.0214714	0.0449852	0.00183285	0.131144	0.0012301	0.00290796	0.0155889	0.552831	0.010098	0.0216288	6.36077e-05	0.000612737	0.000194901	0.00116789	0.0295967	0.000341184	0.00106903	0.016533	
0.00283518	0.0258778	0.00161736	0.00694124	0.000172638	0.00985071	0.0210733	0.718027	0.00175223	0.00018604	0.000450971	0.000288953	0.0115783	0.110103	0.001259	0.000461008	0.000309809	0.0321527	0.0118236	0.0432386	
0.0453148	0.000207914	0.000312477	0.000340916	0.00861299	0.662009	0.0641158	0.00196927	0.0094815	0.0335176	0.0940797	0.00146186	4.82815e-05	0.046645	0.000496202	0.0143805	0.0088895	0.000137919	0.000131179	0.00784786	
0.196392	0.0321064	0.00131814	0.00332425	0.000890068	0.000742033	0.0364531	0.0267401	0.0418851	0.000836138	0.0408399	0.0171701	0.000114038	0.0686469	0.0199338	0.502142	0.00801144	0.0011801	0.000539338	0.000735268	
0.153132	0.0142615	0.00863928	0.0506517	0.000733039	0.118271	0.00258984	0.0154911	0.00238425	0.584491	0.0276215	0.0047925	6.34077e-05	0.000445305	0.000145937	0.000453568	0.00123117	0.000139383	0.000148137	0.0143152	
0.489689	0.0031365	0.000976527	0.000679073	0.00575575	0.00844826	0.040861	0.00814751	0.0230411	0.0109901	0.113755	0.00755159	0.000117101	0.0680036	0.00303769	0.163268	0.0453565	0.00052182	0.00399183	0.00267222	
0.28155	0.0312903	0.000389684	0.000577793	0.000154794	0.0301507	0.0343087	0.0417073	0.0366154	0.000913516	0.119559	0.00553575	7.38963e-05	0.0837462	7.7593e-05	0.00765694	0.000245479	0.325185	0.000131376	0.000130209	
0.000629172	0.00243307	0.000249919	0.000540953	0.0366998	0.000251747	0.00968919	0.270412	0.00357019	0.0583568	0.0192641	0.000938154	0.000320802	0.00360278	0.000555035	0.000721663	0.0346928	0.528573	0.00162141	0.0268779	
0.000892897	0.0266462	0.591577	0.0100538	0.0489991	0.00033997	0.000800979	0.00387624	0.000717475	0.0489911	0.105089	0.0747369	0.00634806	0.0128645	0.0567735	0.00269187	0.0022407	0.00022625	0.00598872	0.000146015	
0.0228933	0.00380664	0.0201587	0.0217934	0.0184965	0.00235028	0.00140161	0.000901197	0.0306294	0.650695	0.0250445	0.0436784	0.00761851	0.00120279	0.0540326	0.000730877	0.0287893	0.0156565	0.00088447	0.0492359	
0.167792	0.00127788	0.0360201	0.135967	0.000487673	0.0376008	0.00538309	0.00543445	0.22248	0.0101951	0.00234291	0.0329555	0.0226936	0.019323	0.0528077	0.0818798	0.141033	0.0233322	6.87526e-05	0.000925593	
0.437904	0.00195803	0.0004839	0.00469093	0.00367487	0.00703981	0.0109635	0.00111928	0.26965	0.160359	0.00321497	0.000660313	0.000187903	0.0457831	0.00320899	0.0113355	0.0133615	0.0119834	0.00367275	0.00874869	
0.144148	0.0153068	0.00944038	0.0575787	0.00165187	0.103649	0.00126967	0.0353009	0.00168204	0.586713	0.0197122	0.00498341	3.91789e-05	0.00031013	0.000146276	0.000417392	0.00104847	0.000383633	0.000196084	0.0160229	
0.00103258	0.000419325	0.00729549	0.00671366	0.0377667	0.557304	0.00667978	0.0213482	0.0154101	0.228647	0.0646754	0.0102042	0.00439814	0.00331762	0.000532705	0.00209756	0.022614	0.000206145	0.000173841	0.00916284	
0.000532755	0.00995047	0.00731757	0.489254	0.0245055	0.00614829	0.00871521	0.0208299	0.00220665	0.00682282	0.0145031	0.00793629	0.00590464	0.00297546	0.00127891	0.145256	0.193045	0.00225038	0.00221676	0.0483508	
0.00148151	0.00380356	0.000650162	0.00384208	0.00415616	0.00345638	0.0569319	0.0746113	0.0747138	0.0582143	0.0255813	0.258629	0.0044388	0.0363679	0.267908	0.00369787	0.0122249	0.0748037	0.000181327	0.0343063	
0.00122338	0.000375135	0.0269824	0.0921067	0.000151881	0.00796143	0.00826478	0.000176707	0.000551735	0.00054213	0.000941122	0.000304574	1.77862e-05	0.0673471	0.000165438	0.0806545	0.672728	0.036812	0.000330868	0.00236274	
0.00115945	0.0141289	0.00113634	0.00120206	0.00274408	0.00037226	0.000431586	0.565198	0.00712987	0.201111	0.0140518	0.000440314	3.38012e-05	0.00069836	0.00176606	0.000277727	0.000563575	0.170444	0.000778593	0.0163323	
0.0290212	5.84099e-05	0.000280895	0.000528482	0.0101368	0.000369827	0.00480188	0.104551	0.0105546	0.0977267	0.0189746	0.0788448	3.43785e-05	0.0798369	0.0114329	0.0351923	0.464531	0.0373603	0.0110453	0.00471706	
0.00113393	0.0139334	0.00116518	0.00107652	0.00275457	0.000387809	0.000450789	0.563136	0.00723283	0.202417	0.014268	0.000405872	3.91087e-05	0.00069904	0.0018241	0.000287524	0.000293536	0.171815	0.000867569	0.0158116	
0.534816	0.027234	0.00768506	0.00447725	0.054158	0.000284829	0.0626297	0.00761239	0.00861528	0.0462986	0.030434	0.0151082	0.00218474	0.0504624	0.0050143	0.00237349	0.0971384	0.000600257	0.010087	0.0327861	
0.0296686	0.0374061	0.0134747	0.0638676	0.000227829	0.0140384	0.000828484	0.391559	0.00174038	0.395153	0.00836098	0.0020488	8.90405e-05	0.000525121	0.00016759	0.000984629	0.00108323	0.00496533	0.00147425	0.0323372	
0.0482815	0.00822868	0.00369837	0.00301772	0.031846	0.00394731	0.00027404	0.0861426	0.00024762	0.000663266	0.0207179	0.0541677	5.77292e-05	0.52696	0.00359859	0.0182727	0.0619887	0.0636466	0.0200513	0.0441914	
0.578567	0.00702076	0.000110126	0.000162865	0.0269613	0.00350626	0.0396667	0.0103194	0.0108999	0.1464	0.0902413	0.0262304	3.00825e-05	0.0177197	0.000476265	0.00066453	0.000595822	8.08504e-05	0.00123836	0.0391081	
0.0383627	0.000170024	0.000513795	0.00034424	0.0100756	0.664879	0.0745108	0.00463726	0.0111398	0.0434673	0.0776273	0.00522658	0.000106329	0.0402898	0.000732355	0.010985	0.00710667	0.00015285	0.000102484	0.00957001	
0.00209618	0.00207976	0.00354504	0.0548112	0.0125543	0.0181552	0.00496162	0.00021979	0.000292489	0.0334779	0.000852425	0.0105061	7.78922e-05	0.0696452	0.000241491	0.0101535	0.738659	0.0260444	0.00703789	0.00458883	
0.541141	0.0307425	0.0013729	0.00106485	0.0402645	0.000285283	0.0680569	0.0169713	0.0111514	0.0869412	0.0172006	0.026293	0.000362248	0.048045	0.00773474	0.000635722	0.04533	0.00236746	0.0125799	0.0414597	
0.320081	0.00636361	0.000466806	0.00119747	0.00184537	0.000138731	0.0298265	0.0302805	0.0458205	0.00186536	0.0401505	0.0193318	5.3223e-05	0.0721875	0.0162476	0.410427	0.00106026	0.000287522	0.00119255	0.00117628	
0.00290886	0.0259074	0.00175917	0.00694217	0.000176794	0.00992468	0.0210754	0.717893	0.00190683	0.000184725	0.000451395	0.000287082	0.0115897	0.109754	0.00127924	0.000459701	0.000309668	0.0321308	0.0118234	0.0432365	
0.001175	0.000442204	0.0284333	0.0975491	0.000200679	0.00844479	0.00840624	0.000179721	0.000445935	0.00056848	0.000747204	0.00033099	2.09224e-05	0.0651771	0.00015498	0.0794402	0.672702	0.0322661	0.00034633	0.00296891	
0.00525854	0.000159517	0.00222414	0.000784086	0.0324465	0.678143	0.00749369	0.0106837	0.018827	0.122295	0.0480526	0.0126227	0.00115771	0.028496	0.0011425	0.0024695	0.00987389	0.000109534	0.000132564	0.0176283	
0.468262	0.00117063	0.000598405	0.000580671	0.00360199	0.194021	0.0335051	0.0418665	0.0482826	0.00438784	0.043167	0.0360131	0.000103986	0.0680141	0.000488156	0.0515201	0.000549084	0.000440874	0.000444592	0.00298197	
0.0546648	0.0631265	0.000270634	0.0651435	0.14423	0.000465124	0.000224038	0.000359013	0.0262058	0.00169403	0.02002	0.00024583	0.000770284	0.0654815	0.00218582	0.00614801	0.00884441	0.000403019	0.422164	0.117354	
0.0048991	0.0268247	8.71e-05	0.000172449	0.00149702	6.37736e-05	0.00328611	0.255128	0.00111036	0.0995057	0.00408309	0.000465317	0.000466815	0.000911166	0.000153621	0.00148446	0.00217768	0.574154	0.000667918	0.0228616	
0.580044	0.00692369	0.00011446	0.000155739	0.0268722	0.00339409	0.0425219	0.0104228	0.010308	0.145831	0.0898717	0.0257051	2.60942e-05	0.0164992	0.00042824	0.000611722	0.000611801	7.59968e-05	0.00106333	0.0385189	
0.0324649	0.0111257	0.00305991	0.00395588	0.00390226	0.000675471	0.00105103	0.0209865	0.00938673	0.669022	0.157228	0.0082705	0.000890952	0.00368816	0.0169653	0.00246656	0.0044737	0.0283203	0.000232956	0.0218338	
0.21256	0.064007	0.00812218	0.0156311	0.00106831	0.0183444	0.126145	0.0236232	0.0543936	0.00167539	0.000985627	0.00427418	0.000210707	0.0513079	0.0686824	0.0149114	0.0672602	0.225818	0.013128	0.0278511	
0.0278229	0.00360245	0.408693	0.0263359	0.00521603	0.0276868	0.00893863	0.0157275	0.0127822	0.151371	0.00417661	0.220928	5.76196e-05	0.0367023	0.0113196	0.0204993	0.0176318	0.000145573	0.000114912	0.00024835	
0.576694	0.00757085	0.000106843	0.00020254	0.0261731	0.00349941	0.0433788	0.010668	0.0110262	0.144748	0.0892483	0.0276901	2.58552e-05	0.0161049	0.000878052	0.000620755	0.000709554	8.77912e-05	0.00169381	0.0388723	
0.00712331	0.0645022	0.000423837	0.000463378	0.0455039	0.00108776	0.0298213	0.224351	0.0025801	0.185571	0.0372516	0.0019131	0.000204787	0.000808765	0.00042348	0.000188508	0.00105734	0.392995	0.00249824	0.00123201	
0.0357669	0.00162696	0.376706	0.06381	0.00582234	0.0243839	0.0271944	0.00394367	0.0377494	0.00315194	0.00118594	0.245595	3.94172e-05	0.0429959	0.0587386	0.0389146	0.0223801	0.00482702	3.48329e-05	0.00513304	
0.0444426	0.00215535	0.00219047	0.00361575	0.049208	0.0624577	0.0665959	0.00329965	0.156359	0.044414	0.00284802	0.00386822	8.46876e-05	0.0228952	0.0403687	0.0461103	0.051236	0.0911799	0.093316	0.213354	
0.131515	0.00393213	0.00735937	0.0253714	0.0130459	0.00804999	0.0006496	0.0294541	0.0148577	0.632549	0.0911274	0.00381686	0.000207159	0.00197662	0.00697851	0.0020205	0.00318319	0.0127141	0.00245039	0.00874137	
0.00148151	0.00380356	0.000650162	0.00384208	0.00415616	0.00345638	0.0569319	0.0746113	0.0747138	0.0582143	0.0255813	0.258629	0.0044388	0.0363679	0.267908	0.00369787	0.0122249	0.0748037	0.000181327	0.0343063	
0.264575	0.00288696	0.0169992	0.181387	0.000939692	0.0215286	0.0123356	0.00253504	0.176964	0.000999221	0.024175	0.00401432	0.000137712	0.0295772	0.0546052	0.149165	0.048261	0.00803229	0.000362842	0.000517856	
0.175538	0.00320451	0.023358	0.162391	0.00472488	0.0515132	0.00883671	0.00434745	0.120368	0.0119791	0.00921502	0.0305238	0.00119793	0.140701	0.127884	0.0663287	0.0367952	0.0201005	7.31962e-05	0.000919389	
0.00626939	0.000163232	0.0289068	0.023942	0.0011451	0.643438	0.021617	0.000488632	0.0769254	0.00442394	0.00765583	0.0546384	0.00158091	0.0562409	0.0209567	0.0393722	0.010422	0.00133235	0.00014128	0.000339979	
0.166062	0.00138493	0.0517908	0.116101	0.00780284	0.0359239	0.0210788	0.110196	0.0979469	0.0611741	0.0087501	0.0106888	0.0522492	0.0836971	0.028764	0.0367625	0.0319522	0.0773813	0.000181012	0.00011275	
0.00068253	0.0148475	0.000545286	0.000911084	0.0205311	0.00582468	0.000765915	0.268384	0.000602401	0.553691	0.0268648	0.000338058	0.000132167	0.00727369	0.000133081	0.00264758	0.00135491	0.0912242	0.00172702	0.00151891	
0.146203	0.00366049	0.0341067	0.125354	0.000434019	0.0345369	0.00480661	0.00695716	0.261148	0.00909489	0.00347881	0.0284464	0.0264921	0.022102	0.0641043	0.0730073	0.130699	0.0245029	9.31583e-05	0.000773322	
0.173843	0.00107267	0.0357708	0.138838	0.000557081	0.0390334	0.00574281	0.00526894	0.208178	0.0104609	0.00227377	0.0335424	0.0220021	0.0227724	0.0532201	0.0826896	0.140557	0.023158	7.17812e-05	0.000947651	
0.00695472	0.000295582	0.0615967	0.0191542	0.0259665	0.00341175	0.00886144	0.0775745	0.0157311	0.0500718	0.0280917	0.23867	0.0142082	0.146395	0.0199399	0.164836	0.0372513	0.0377741	0.00897124	0.0342446	
0.00165546	0.00217496	0.000287388	0.000905676	0.159204	0.000119568	0.00162617	0.0091114	0.0336725	0.000133232	0.00528971	0.00403796	0.512447	0.000627039	0.00107596	0.000133193	0.00023368	0.0923071	0.00755594	0.167403	
0.000717759	0.0147087	0.000545289	0.000911516	0.0205299	0.00582244	0.000766113	0.26844	0.000602425	0.55359	0.0269252	0.00033796	0.000132209	0.00726964	0.000133081	0.00264683	0.00135429	0.0912965	0.00175188	0.00151893	
0.00304887	0.00888169	0.0022053	0.025688	0.0130573	0.00329546	0.0239983	0.0650367	0.273903	0.0673052	0.00334157	0.00944507	0.000116639	0.0220517	0.17488	0.0369922	0.236263	0.0292177	0.000331421	0.000941037	
0.113222	0.00269116	0.272871	0.13469	0.000251631	0.115941	0.0279416	0.00164415	0.0749017	0.000693435	0.00114879	0.0597118	0.00380276	0.102762	0.0176056	0.0342784	0.0159742	0.0129899	0.00067628	0.00620232	
0.0386057	0.00284246	0.00518315	0.00849643	0.124134	0.00361883	0.1845	0.00034716	0.0490741	0.0469267	0.154822	0.0635829	0.0456596	0.0843545	0.0395795	0.0745108	0.00822927	0.0019614	0.00576101	0.0578096	
0.0054239	0.0279	8.21826e-05	0.000170039	9.98378e-05	5.88222e-05	0.00325226	0.259429	0.000994339	0.103619	0.00348405	0.000462207	0.000499757	0.000750372	9.31162e-05	0.00146654	0.00010962	0.568325	0.000621344	0.0231582	
0.629718	0.0125233	0.000534313	0.00040625	0.00282592	0.00360297	0.0286577	0.0154889	0.024036	0.00609482	0.0397543	0.0980062	6.69935e-05	0.0611691	0.0037071	0.0653055	0.00223469	0.000258563	0.00309239	0.00251714	
0.621775	0.0104414	0.000678428	0.000461329	0.00233259	0.00296546	0.0281137	0.0165899	0.0224665	0.00577111	0.0398758	0.11161	7.23871e-05	0.060685	0.00559519	0.0636803	0.00195783	0.000258463	0.00271753	0.00195181	
0.000667383	0.0193904	0.00049679	0.000783282	0.0096649	0.000320378	0.00502164	0.230644	0.00412137	0.0171122	0.00524535	0.000491616	0.000181714	0.0225133	0.000815515	0.000414788	0.0411232	0.609982	0.00733791	0.0236717	
0.0171796	0.0220105	0.000336302	0.000778876	0.000388241	0.00147357	0.0271249	0.00685968	0.0271239	0.00211804	0.00317545	0.0308776	0.0021858	0.0665714	0.0222087	0.0106689	0.0089671	0.710838	0.00778275	0.0313311	
0.00680229	0.000134999	0.00258927	0.000406457	0.0292415	0.726242	0.00976209	0.0107664	0.018654	0.0836549	0.0322099	0.0139448	0.000382546	0.0356178	0.00167423	0.00335569	0.0105453	0.000131305	0.000182922	0.0137012	
0.00131049	0.0134548	0.00145598	0.00107684	0.00289807	0.000400223	0.000495376	0.562666	0.00831155	0.19642	0.0157341	0.000545305	3.57365e-05	0.000712988	0.00210388	0.00028987	0.000557676	0.175803	0.000910369	0.0148171	
0.00136097	0.0101843	0.00111499	0.00136701	0.0671665	0.000366202	0.0134237	0.120236	0.0172784	0.0927078	0.000983417	0.000810621	0.000160538	0.000987743	0.00484493	0.0237656	0.0165722	0.269339	0.00316613	0.354164	
0.113222	0.00269116	0.272871	0.13469	0.000251631	0.115941	0.0279416	0.00164415	0.0749017	0.000693435	0.00114879	0.0597118	0.00380276	0.102762	0.0176056	0.0342784	0.0159742	0.0129899	0.00067628	0.00620232	
0.00634408	0.000143321	0.0279408	0.0176336	0.0101595	0.668469	0.013279	0.00310884	0.0561101	0.0238144	0.0139263	0.0456177	0.00122191	0.0411928	0.0151078	0.0242472	0.0294453	0.000948793	0.000207264	0.0010824	
0.0388041	0.00450736	0.0216227	0.334411	6.10963e-05	0.0327275	0.0246582	0.0188802	0.0235333	0.0115619	0.000923558	0.0324208	8.96257e-05	0.109547	0.0452209	0.00310576	0.150842	0.124744	0.00093216	0.0214063	
0.1451	0.110183	0.00209803	0.0257042	0.00754953	0.000767288	0.00276904	0.0416119	0.0282886	0.0510835	0.0256785	0.0255403	0.41308	0.00952545	0.00771151	0.0140608	0.0137267	0.0547223	0.0113662	0.00943315	
0.0367561	0.0180325	0.000346858	0.000412082	0.0191901	0.000191531	0.0124155	0.123436	0.0123799	0.188026	0.0610563	0.0029822	5.97612e-05	0.00575763	0.00637992	0.000186208	0.000386387	0.480639	0.000766422	0.0306	
0.0186767	0.0331806	0.0129192	0.0105524	0.000894566	0.00469441	0.00122482	0.0167258	0.034547	0.654407	0.00390968	0.0263538	0.000267136	0.00219446	0.000662481	0.00372624	0.121856	0.020094	0.000816034	0.0322976	
0.131679	0.0198508	0.0211529	0.0465126	0.001311	0.136278	0.00119598	0.00172826	0.0149614	0.537486	0.0111258	0.0215289	5.68976e-05	0.000629486	0.000166253	0.00193416	0.034052	0.000191849	0.0013057	0.0168533	
0.045658	0.0745213	0.43008	0.129334	0.0182865	0.000530622	0.000725125	0.00342293	0.0113608	0.0066233	0.0267311	0.101428	0.104817	0.00144017	0.00261329	0.026667	0.00239341	0.00256699	0.0105691	0.000231239	
0.108503	0.000147026	0.000249061	0.0444427	0.0118856	0.0372742	0.00028865	0.0145251	0.032433	0.00513819	0.0330314	0.000292684	0.0120842	0.0563905	0.0438795	0.000562379	0.0277161	0.015818	0.0124125	0.542926	
0.166062	0.00138493	0.0517908	0.116101	0.00780284	0.0359239	0.0210788	0.110196	0.0979469	0.0611741	0.0087501	0.0106888	0.0522492	0.0836971	0.028764	0.0367625	0.0319522	0.0773813	0.000181012	0.00011275	
0.00293067	0.0271397	0.000260981	0.498897	0.0490145	0.000344461	0.0180996	0.0321361	0.00245165	0.0889537	0.0505869	0.0340038	0.00740325	0.000421953	0.0321401	0.0333317	0.0448007	0.000469758	0.0338869	0.0427268	
0.0609856	0.000884855	0.00536928	0.00262835	0.00180993	0.012807	0.0365474	0.0268651	0.0497915	0.00115154	0.0355599	0.0328705	0.000112444	0.0681666	0.014586	0.500547	0.000478438	0.147343	0.000216444	0.00127946	
0.166379	0.0028256	0.0343005	0.150621	0.00434475	0.0469097	0.0131024	0.00562491	0.112757	0.0109064	0.0102664	0.0553384	0.000898783	0.128698	0.131281	0.0668247	0.0316211	0.0250267	9.48358e-05	0.00217922	
0.571385	0.00924819	0.000154263	0.000193991	0.0318648	0.00301075	0.0370158	0.0128174	0.0127254	0.152627	0.0840703	0.0258691	3.69883e-05	0.0178566	0.00227123	0.000525991	0.000634271	0.000106002	0.00211512	0.0354718	
0.113698	0.00108438	0.253692	0.368834	0.000877248	0.0271613	0.00275552	0.00829751	0.0400668	0.00195967	0.0015611	0.0110873	0.00203488	0.0610312	0.000995959	0.084244	0.0135185	0.00388222	0.00309086	0.000126675	
0.0820083	0.0364912	0.00065761	0.000590657	0.000589465	0.000224846	0.021559	0.0443482	0.0103529	0.010252	0.00941673	0.0147206	0.000236469	0.0412795	0.00405111	0.00103433	0.103502	0.576552	0.0102635	0.0318694	
0.0221827	0.0522391	0.015752	0.00405426	0.0496962	0.0110157	0.00407792	0.00777073	0.00152286	0.0911445	0.699125	0.0013981	0.000235262	0.00123377	0.00226593	0.00479281	0.00518923	0.0169236	0.000306155	0.00907386	
0.0696221	0.0260879	0.000186838	0.0302676	0.043835	0.0277221	0.000270796	0.000316065	0.000221378	0.0531184	0.0995949	0.475543	0.00466337	0.0739805	0.0300978	0.000315829	0.00508725	0.0523543	0.00658502	0.000130308	
0.00153212	0.0103215	0.0011625	0.00216583	0.25664	0.000447722	0.00375117	0.197431	0.0154684	0.0932622	0.0171275	0.00189712	0.000625242	0.0139476	0.000490963	0.000257973	0.00247423	0.38024	0.000434262	0.000322841	
0.000727665	0.0293958	0.00085593	0.00059105	0.00160915	0.000368915	0.0184899	0.146365	0.00789962	0.0023416	0.00123313	0.00336388	0.0352475	0.0618038	0.00701795	0.00418867	0.0165707	0.623919	0.0085688	0.0294419	
0.0224192	0.051969	0.0157709	0.00406533	0.0493611	0.0108368	0.00408786	0.00777481	0.00154026	0.0910528	0.699863	0.00135591	0.000253931	0.00123408	0.00228719	0.00472517	0.00520468	0.0169894	0.000288194	0.00892063	
0.0460808	0.00441681	0.0164075	0.00370317	0.0125456	0.0435339	0.000392653	0.00552385	0.00166492	0.0060157	0.0025223	0.145645	0.000116736	0.066071	0.0114787	0.00578652	0.610606	0.00483254	0.0122505	0.000405392	
0.0198211	0.00176223	0.189946	0.213312	0.0326261	0.399501	0.000515679	0.010399	0.031021	0.00450318	0.0146134	0.000407591	0.000227746	0.0319934	0.00323055	0.0432232	0.000872389	0.000269903	0.00132792	0.000426418	
0.113222	0.00269116	0.272871	0.13469	0.000251631	0.115941	0.0279416	0.00164415	0.0749017	0.000693435	0.00114879	0.0597118	0.00380276	0.102762	0.0176056	0.0342784	0.0159742	0.0129899	0.00067628	0.00620232	
0.00523122	0.000191811	0.0132699	0.00213153	0.0130694	0.616645	0.00308289	0.0146631	0.0186125	0.206717	0.0470961	0.00978076	0.000788411	0.0153379	0.00236741	0.00217881	0.0250372	0.000267929	0.0002114	0.00331994	
0.104573	0.000139673	0.0382726	0.182482	0.00147745	0.316198	0.078829	0.00022699	0.106419	0.00239353	0.0482968	0.0125039	2.39012e-05	0.0412172	0.0543625	0.00338032	0.00531501	0.00347878	0.000271271	0.000140011	
0.00347347	0.000840554	0.00470363	0.00973238	0.27663	0.00217674	0.000513969	0.395418	0.000559784	0.193709	0.0500236	0.0010639	5.72467e-05	0.0009585	9.95605e-05	0.000326166	0.0022944	0.0202524	0.00470845	0.0324584	
0.00996679	0.0211373	0.000485823	0.00040744	0.000199468	0.000171899	0.00429074	0.298644	0.00150072	0.0951072	0.00286574	0.000453391	0.000542678	0.00228837	0.000199679	0.00361209	0.000252223	0.528901	0.00333919	0.0256337	
0.00542962	0.0278978	7.78202e-05	0.000170045	9.89333e-05	6.24823e-05	0.0032734	0.259875	0.000989134	0.103592	0.00348871	0.00046271	0.000493732	0.00075863	9.41433e-05	0.00146838	0.000110315	0.567931	0.000614326	0.0231121	
0.108626	0.0163005	0.00441251	0.000528749	0.0157659	0.0347751	0.00185169	0.0824959	0.000240083	0.000354326	0.0321763	0.0196216	3.77437e-05	0.442942	0.000364225	0.054718	0.102119	0.0667268	0.00678088	0.00916249	
0.0511053	0.000290438	0.000360731	0.000408416	0.0086062	0.636357	0.0609208	0.00240621	0.00604907	0.0197785	0.117358	0.00185895	6.05011e-05	0.0515839	0.000405048	0.0170467	0.0173514	0.000180456	0.000227965	0.00764475	
0.00121058	0.000373986	0.0270866	0.0940178	0.000165306	0.0080922	0.00874338	0.000175485	0.000469616	0.000555052	0.000845969	0.000320409	1.79062e-05	0.0667028	0.000152094	0.0802406	0.672752	0.0352894	0.000328825	0.00246011	
0.376738	0.000134982	0.000137863	0.000230138	0.0521708	0.105091	0.0399096	0.0203498	0.0304124	0.0988629	0.102298	0.0205891	4.47273e-05	0.0262161	7.65093e-05	0.00144381	0.000311639	0.00013454	0.000503291	0.124345	
0.104573	0.000139673	0.0382726	0.182482	0.00147745	0.316198	0.078829	0.00022699	0.106419	0.00239353	0.0482968	0.0125039	2.39012e-05	0.0412172	0.0543625	0.00338032	0.00531501	0.00347878	0.000271271	0.000140011	
0.177235	0.00267802	0.0215619	0.157538	0.00392227	0.0522411	0.00900969	0.00441859	0.133261	0.0107375	0.0080575	0.0304379	0.00352201	0.124792	0.119175	0.0699629	0.0500597	0.0202472	8.08868e-05	0.00106221	
0.240379	0.00284496	0.0254536	0.000883609	0.0016224	0.0184287	0.00418845	0.00158439	0.00293975	0.000659439	0.00651655	0.00148409	0.344082	0.00913321	0.000436441	0.0724376	0.174804	0.0827199	0.00768214	0.00172061	
0.112206	0.000176873	0.00461099	0.0656512	0.540885	0.0742546	0.00772357	0.0170621	0.033352	0.00638377	0.00641023	0.00419809	0.00573631	0.0429152	0.0227619	0.000438839	0.0164848	0.000393764	0.00339591	0.0349587	
0.0827815	0.000354939	0.23915	0.104397	0.0364187	0.0235593	0.00555647	0.00305778	0.00857954	0.000200523	0.00513423	0.017606	0.00697834	0.026991	0.0603298	0.259739	0.117889	0.000890754	0.000253208	0.000133256	
0.053627	0.00656127	0.0469694	0.108321	0.0274592	0.0114163	0.0464118	0.000546196	0.0293727	0.039634	0.0414463	0.00652955	0.0477378	0.0403482	0.43673	0.0208098	0.00133994	0.00348956	0.010217	0.0210328	
0.115697	0.0012119	0.252871	0.366865	0.00086736	0.026873	0.00284987	0.00742188	0.0400794	0.00196954	0.00153282	0.0113807	0.00210318	0.0617134	0.00102933	0.0843616	0.0140173	0.00391832	0.00310291	0.000134984	
0.00693946	0.000689618	0.0368752	0.447164	0.020538	0.00653088	0.0102689	0.00357785	0.000399746	0.00773607	0.0396127	0.0689244	6.60621e-05	0.304707	0.0150144	0.00186411	0.0142109	0.000829672	0.0122529	0.00179725	
0.0655598	0.00225148	0.0290302	0.0614093	0.106735	0.0324511	0.00442178	0.000432729	0.0297171	0.387126	0.169764	0.0629986	0.000123374	0.00196013	0.000298576	0.00162446	0.031781	0.00899575	0.00195886	0.00136121	
0.0478402	0.00294783	0.239991	0.0282534	0.00570903	0.0460283	0.0109098	0.0124163	0.0216216	0.158347	0.0163584	0.307769	7.68206e-05	0.0255965	0.0100009	0.0294693	0.0348976	0.000191328	0.00137264	0.000202252	
0.175576	0.00312679	0.0247362	0.163714	0.0046038	0.050853	0.00861365	0.00447457	0.120091	0.0123745	0.00943565	0.0299385	0.00116737	0.140861	0.127579	0.0653537	0.0364238	0.0200464	0.00014412	0.00088732	
0.0855284	0.0315331	0.0342339	0.0446158	0.00120901	0.0533514	0.000931182	0.0141376	0.0159958	0.333902	0.306018	0.0286417	0.000239753	0.000537366	0.000479605	0.00172047	0.0131758	0.00525099	0.00294178	0.0255567	
0.0644304	0.000580491	0.00374281	0.00343345	0.0074345	0.000360633	0.000244588	0.0179343	0.0116575	0.679245	0.137089	0.00479131	0.00014872	0.00420134	0.0265854	0.00368658	0.00156767	0.0219877	0.000294984	0.0105833	
0.0827815	0.000354939	0.23915	0.104397	0.0364187	0.0235593	0.00555647	0.00305778	0.00857954	0.000200523	0.00513423	0.017606	0.00697834	0.026991	0.0603298	0.259739	0.117889	0.000890754	0.000253208	0.000133256	
0.0195898	0.00368953	0.0148564	0.00870109	0.01349	0.00211037	0.00122069	0.00345568	0.0235045	0.688726	0.0396842	0.0269553	0.00481947	0.00180487	0.0395123	0.000811815	0.0237189	0.0177059	0.000658582	0.0649843	
0.377999	0.000146805	0.000131579	0.000214281	0.0545886	0.102989	0.0404157	0.0190964	0.0300547	0.0991628	0.102705	0.0206537	4.27974e-05	0.0275398	7.61795e-05	0.00111745	0.000304736	0.000122045	0.000437753	0.122203	
0.168541	0.00211573	0.0463352	0.179791	0.00307089	0.0444397	0.00791593	0.00862284	0.115225	0.0244035	0.0145756	0.0226559	0.000762437	0.121773	0.131142	0.0525241	0.0325125	0.0228089	0.000137972	0.000646254	
