0.049456	0.00137132	4.83924e-05	0.00883662	0.117881	0.00172257	0.112133	0.0217484	0.0444135	0.0197674	0.108472	0.0175665	0.169142	0.189266	0.000653498	0.0261934	0.00828015	0.0240397	0.0371359	0.041873	
0.0134198	0.000966872	0.441308	0.0115312	0.0105923	0.003207	0.012871	0.00017868	3.64819e-05	0.00169211	0.000104088	0.102262	6.40435e-06	0.0145039	6.92173e-06	0.358077	0.0251103	2.61574e-05	0.000234003	0.00386622	
0.0109654	0.00462475	0.0804342	0.02847	0.0001988	0.673058	0.014426	0.000119263	0.0504823	0.000133708	0.00361959	0.0652198	0.00262142	0.037413	0.0127193	0.0125766	0.00190837	0.000916424	5.82362e-05	3.44527e-05	
0.113478	0.00585008	0.105806	0.129691	0.00422973	0.0186188	0.0279093	0.00196265	0.193404	0.00862519	0.0140049	0.112414	0.00270792	0.144155	0.0285059	0.0358399	0.0389203	0.00877949	1.28366e-05	0.0050839	
0.141388	0.05098	0.0387336	0.0247285	0.0958368	5.45886e-05	0.0192224	0.012586	0.0229781	0.0592457	0.00219224	0.175545	0.1953	0.0336529	0.00345683	0.0127275	0.0182773	0.0330414	0.00120528	0.0588481	
0.113478	0.00585008	0.105806	0.129691	0.00422973	0.0186188	0.0279093	0.00196265	0.193404	0.00862519	0.0140049	0.112414	0.00270792	0.144155	0.0285059	0.0358399	0.0389203	0.00877949	1.28366e-05	0.0050839	
0.0445542	0.0161258	0.0409512	0.274555	0.020985	0.0043152	0.00546586	0.0133499	0.00256039	0.00284292	0.0468698	0.0196111	5.74123e-05	0.447451	8.54725e-05	0.0365906	0.00151314	0.00610605	0.0155946	0.000415992	
0.00110903	0.0265559	0.00284828	0.046746	0.000198803	0.000926275	0.000169504	0.0615307	0.00842329	0.312822	0.468484	0.0293452	0.00417706	0.000461635	7.12099e-05	0.00312678	0.00062749	0.0156881	0.000336579	0.0163518	
0.0221056	0.032178	0.481612	0.114906	0.00240868	0.0023308	0.00210303	0.000573866	0.0274706	0.000576683	0.00166444	0.165815	0.125706	0.00432451	0.00137016	0.00577409	0.00513173	0.00311088	0.000628469	0.000209317	
0.000769101	0.00184869	0.000397988	0.00199351	0.0461571	0.000380606	0.00329117	0.40772	0.00145391	0.0237843	0.0291636	0.000170811	4.12035e-05	0.0340408	0.000405681	0.000189315	0.000175236	0.433063	0.0132638	0.00168985	
0.0220323	0.000294174	0.0019776	0.0413702	0.00134907	0.000163046	0.0934042	0.000120794	0.273793	0.00035318	0.0135323	0.0567791	2.99564e-05	0.0430023	0.105688	0.100813	0.207045	0.00970541	0.000454075	0.0280935	
0.000555187	0.000826576	0.00111261	0.000862611	0.266244	0.000301732	0.000562943	0.551311	0.000358125	0.0720426	0.0829882	0.000615714	4.59516e-05	0.000214722	6.50692e-05	0.000182259	0.000210742	0.0207129	0.000173801	0.000613309	
0.000174947	0.000812554	0.012792	0.354616	0.000392632	9.0638e-05	0.0390421	0.0511102	0.0169512	0.00509443	0.00100847	0.0082452	2.94295e-05	0.0757312	3.06026e-05	0.00969162	0.380364	0.0211413	0.0226403	4.14101e-05	
0.0124114	0.0770343	0.000581145	0.000367606	0.000489039	0.00616246	0.00506055	0.0255202	0.0209252	0.0290835	0.0190303	0.0120161	0.102513	0.000785009	0.392398	0.000192548	0.0991295	0.00365081	0.191755	0.000894666	
0.0149553	9.46193e-05	0.111354	0.0110694	0.0591428	0.124824	0.246106	0.000368294	0.00701344	0.000256372	0.00611735	0.345598	4.36193e-05	0.0531405	0.0152079	0.00418315	0.000133375	7.63563e-05	0.000187531	0.000127217	
0.0128188	0.00147389	0.000165416	0.00551	0.350538	0.000619251	0.00024634	0.01049	0.0199864	7.44564e-05	0.010596	0.000226352	0.0850375	0.0408837	0.00752481	9.37855e-05	0.0046861	0.0815534	0.0921405	0.275335	
0.0436399	0.000665726	0.0005393	0.00107022	0.0160185	0.000343586	0.000633651	0.0816773	0.00019709	0.057626	0.126822	0.136749	5.50716e-05	0.0933404	0.000112606	0.0478518	0.383896	0.0075804	0.000698663	0.000483008	
0.057655	0.0108706	0.163519	0.0801389	0.00223905	0.0512711	0.0131205	0.0591489	0.301075	0.0030887	0.043557	0.04994	0.0191913	0.0555517	0.0647084	0.0120804	0.00350136	0.00913931	0.000121499	8.21202e-05	
0.01964	2.90107e-05	0.00071998	0.011334	0.0856596	0.00780032	0.572343	0.00272412	0.0111511	2.2976e-05	0.00820176	0.029681	0.00304888	0.00782812	0.00159947	0.00135444	0.0192928	0.00198748	0.0122629	0.203319	
0.638984	0.00401786	0.00029897	0.000316717	0.00870749	0.00311204	0.00251137	0.00528787	0.0076606	0.000825554	0.0556508	0.0854078	0.128163	0.00260099	0.00816253	0.0169982	0.0170036	0.000286714	0.00725156	0.0067519	
0.0590162	0.01762	0.0257904	0.685427	0.00158566	8.9768e-05	0.00444941	0.00175369	0.000164309	0.0175098	0.045483	0.000581226	0.0263198	0.00645162	0.0202501	0.00131657	0.0536726	0.00420429	0.0158208	0.0124934	
0.0197511	1.06518e-05	4.45839e-05	0.000113829	8.41293e-06	0.836164	0.0228338	0.00372159	0.00693091	2.7781e-05	0.0499578	0.00586425	3.59496e-06	0.0362137	0.00295525	0.0152612	6.3368e-06	6.58768e-05	5.80691e-05	7.59348e-06	
0.296559	0.00377608	0.00902285	0.0125827	0.00412277	6.84649e-05	0.0303736	0.000146997	0.0329946	0.0140619	0.0689099	0.000103361	0.003402	0.0672473	2.70456e-05	0.427354	0.000111486	0.0244248	0.00199082	0.0027202	
0.0825918	0.0386526	0.000303752	0.00024071	0.000171392	0.000122418	0.000736015	0.00695782	0.010947	0.0201635	0.0203425	0.00334233	8.62705e-05	0.00321009	0.000147149	0.00153873	0.0328492	0.752984	0.00438766	0.0202257	
0.00931099	0.0051342	0.0159932	0.00224332	0.0151398	0.00170366	0.000468034	0.046418	0.00125129	0.689833	0.0560853	0.00903394	0.000115105	0.0078357	0.000144653	0.00048629	0.00142955	0.0218542	0.027957	0.0875631	
0.0479469	0.0130673	0.000293172	0.000500561	0.000155616	0.000165129	0.0337563	0.433246	0.00113144	0.000110192	0.000729653	0.000195912	0.000769945	0.0779146	0.000375783	0.00428617	0.0168105	0.322714	0.0229667	0.0228642	
0.0622306	0.0288506	0.00102925	0.4546	0.00100406	0.00875566	0.0232911	0.00149781	0.0958139	0.000110729	0.0197991	0.000810113	3.29806e-05	0.0408455	0.0810966	0.129864	0.0498636	0.000146366	0.000281651	7.72739e-05	
0.0301221	0.110507	0.000288646	0.00816259	0.598703	0.000243885	0.000680502	0.0121536	0.0041674	0.00543535	0.0627674	0.0105166	0.00149616	0.043006	0.000155755	0.00640172	0.0334118	0.0541805	0.0100417	0.00755878	
0.0126299	0.000638344	0.458252	0.104414	0.017002	0.0243068	0.0275013	0.00191827	0.0289338	0.000813035	0.00364944	0.234178	0.00549664	0.0428591	0.0236593	0.00832752	0.00287195	0.00112144	0.000861905	0.000565384	
0.0485089	7.20571e-05	9.10345e-05	0.0461673	0.0295387	3.02608e-05	0.204838	0.0206795	0.404345	4.16983e-05	0.00715803	0.000246963	1.38926e-05	0.0623534	0.0769538	0.000154958	0.00124066	0.0973272	8.52735e-05	0.00015347	
0.000424376	0.0302995	0.00022812	0.000112883	0.000625091	5.60244e-05	0.0215565	0.00974841	0.0250042	5.72049e-05	0.000394708	0.0209603	0.00988352	0.0495315	0.02948	0.0172173	0.0610141	0.689787	0.0135799	0.0200393	
0.0667324	0.00290028	0.0230767	0.100768	0.00961976	0.0688182	0.000308905	0.444517	0.000620115	0.216848	0.0615046	0.000235509	5.13652e-05	0.000463002	8.77267e-05	0.000170416	0.000196172	0.000777375	0.000230021	0.00207481	
0.02581	0.443779	0.0495789	0.0383525	2.47412e-05	2.53007e-05	0.00785609	0.0839118	0.00697803	0.0597976	0.127687	0.0246748	0.0169134	0.0332825	3.54456e-05	2.37197e-05	0.0072513	0.0739565	2.78551e-05	3.38118e-05	
0.0718628	0.000271778	0.000102697	0.000256909	0.000336924	0.0218014	0.000720765	0.000477703	0.00035376	0.000181748	0.00158145	0.197079	3.42427e-05	0.0458654	0.000134437	0.0538354	0.601423	0.00340322	0.000151526	0.000126223	
0.702832	0.00897751	9.21866e-05	0.000176176	0.000184178	5.70745e-05	0.0323552	0.000181238	0.0297555	7.43124e-05	0.00147143	0.0296649	0.00011787	0.0541742	0.0480137	0.00239652	0.000182481	0.0639443	0.0193997	0.00595002	
0.00759414	0.0529385	0.00691437	0.0121481	0.00626961	0.000930115	0.0245871	0.00138774	0.000913608	0.000437427	0.133739	0.0278734	7.01045e-05	0.0873151	0.000362729	0.439593	0.19198	0.00450964	0.00022156	0.000214494	
0.0175727	0.0216003	0.000284232	0.000220711	0.0554293	0.000123715	0.123598	0.13295	0.000832798	0.0672362	0.0536244	0.000854094	0.000191015	0.00347077	0.000222548	0.000163516	0.000282949	0.497259	0.0149237	0.00916046	
0.00790845	0.0442331	0.0661903	0.674472	0.0195616	8.58642e-05	0.000355742	0.020906	0.00568638	0.00690616	0.00357352	0.000201325	0.000435597	0.0499258	0.000337479	0.00470092	0.0639805	0.0131938	0.0169601	0.00038521	
0.0178599	0.000103441	0.142827	0.348593	9.74295e-05	0.00962958	0.00130747	6.26238e-05	0.01565	0.00243801	0.0301263	0.0480188	0.0208136	0.00655393	0.0251011	0.168568	0.15873	0.00301945	0.000432948	6.72836e-05	
0.0037227	0.000677813	0.0048627	0.0109408	0.0102908	0.381449	0.000114964	0.000120619	0.268847	0.00461302	0.000318943	0.0652316	0.000168215	0.000170546	0.13907	0.0859178	0.0184782	0.00150178	0.00105702	0.00244731	
0.0106785	0.00124144	0.00020918	0.000331179	0.000129723	0.0117484	0.00518599	0.0458374	0.000824463	0.0190898	0.000394435	0.000442693	0.0102024	0.0227466	0.000101149	0.0046535	0.0291784	0.823438	0.000323796	0.0132428	
0.00239798	0.0258883	0.00650665	0.00808391	0.0550501	0.00126245	9.31952e-05	0.16827	0.0167915	6.25925e-05	0.0294207	0.0115578	0.524689	0.000173523	3.78453e-05	3.70228e-05	6.30924e-05	0.0140997	0.0210238	0.11449	
0.00927289	6.17788e-05	0.0232698	0.0250579	0.00414116	0.0533338	0.0130205	0.000114145	0.38421	0.00350128	0.0252465	0.000463316	0.301068	0.00391059	0.128069	0.0212405	0.00377861	0.000106558	3.61836e-05	9.79998e-05	
0.0303183	5.05635e-05	0.0590964	0.0758947	0.450712	0.0658784	0.0200515	0.000108591	0.01618	5.73257e-05	0.0422539	0.0718817	0.0226619	0.0631443	0.0492441	0.000224664	0.0236123	0.000124498	0.00843635	6.90711e-05	
0.00784472	0.00547588	0.00125947	0.000327466	0.000143437	0.000112788	0.000280383	0.0235681	0.11008	0.382238	0.363078	0.00107865	5.45916e-05	0.0167518	0.0368436	0.0103987	0.000388489	0.0111381	0.00101546	0.027922	
0.010036	4.94254e-05	0.0147483	0.0215835	0.00342601	0.046434	0.0130536	0.000100058	0.449157	0.00288346	0.0167645	0.000145149	0.257668	0.0049189	0.135394	0.0183266	0.00362848	0.00156224	3.51992e-05	8.57283e-05	
0.0113172	3.42617e-05	0.018846	0.188031	0.00528911	0.0707086	0.0293175	0.000142819	0.297225	0.00179114	0.000496258	0.0324069	2.59145e-05	0.2851	0.0402708	0.0069821	0.0114287	0.000444887	6.92931e-05	7.16032e-05	
0.00051698	0.0473541	0.000285891	0.000782818	0.000153711	0.000157435	0.000573444	0.225316	0.0103825	0.144921	0.00178031	0.000206155	3.69943e-05	0.0014398	0.000192413	0.000133891	0.00409189	0.533197	0.00393513	0.0245428	
0.017088	0.00624007	0.000427084	0.00102442	0.0306039	0.000283444	0.025184	0.000249323	0.000140185	0.00727149	0.00111584	0.0141976	2.24037e-05	0.0403971	0.000147887	0.0105499	0.838087	0.00106903	0.00518855	0.000712692	
0.697053	0.00909327	0.000162536	0.00010997	0.00804556	0.0195679	0.0315752	0.0349765	0.0312632	0.00639622	0.0518914	0.0277662	2.37535e-05	0.059717	0.00027554	0.0155725	0.000158856	0.000973562	0.000614543	0.00476341	
0.0489294	6.87034e-05	5.60693e-05	0.0155407	0.00976096	0.0661019	7.4641e-05	0.0150986	0.0251131	0.0074375	0.0465945	7.38434e-05	0.0457512	0.0636826	0.0326	9.99275e-05	0.0275151	0.0349589	0.0117519	0.54879	
0.140403	0.000601459	0.000198591	0.0226864	0.0121297	0.462882	0.00728966	0.0021976	0.00187077	0.00169868	0.0102169	0.0632363	0.000118744	0.0169015	0.0427264	0.203629	0.000507358	0.000203151	0.00016986	0.0103326	
0.0589757	0.0666124	0.145702	0.0194714	1.81897e-05	0.057879	0.000650911	4.02515e-05	9.39054e-05	0.00848682	0.592051	0.0452412	2.86857e-05	0.000155384	3.54096e-05	6.39173e-05	0.000155321	2.41148e-05	2.1721e-05	0.0042924	
0.129535	0.0334311	0.0516185	0.063156	0.000309697	0.0854855	0.00481134	0.0108927	0.00439779	0.554244	0.0183213	0.0207153	0.00032009	0.00103546	0.000234668	0.000173915	0.00187734	0.000157791	0.000344991	0.0189377	
0.0281007	0.00753988	7.44279e-05	0.000282639	0.000524742	0.0647072	0.000428843	0.0013864	0.00183281	0.000226179	0.115087	0.00126515	2.42298e-05	0.000789857	0.602332	0.0249603	9.02e-05	0.000160457	0.000147176	0.15004	
0.434856	0.00170392	8.82011e-05	0.000271681	0.000397525	4.82159e-05	0.026718	0.0208553	0.0333262	0.000689902	0.0733129	0.0174825	3.35518e-05	0.0653057	0.00994857	0.314059	7.72594e-05	0.000130275	0.000424304	0.00027115	
0.00345678	0.00713131	0.00503017	0.021479	0.0164342	0.00636501	0.0136113	0.000197595	0.000147936	0.00165841	0.000894518	0.00835473	1.65161e-05	0.108424	0.000128257	0.00614817	0.726059	0.0683251	0.00173289	0.00440551	
0.0723922	9.48136e-05	0.0188771	0.0576857	4.06126e-05	0.0781591	0.222131	0.00726684	0.23909	0.0208398	0.000670941	0.0372186	0.0329635	0.143764	0.0133374	0.0318788	0.0165743	0.0069094	3.05968e-05	7.54193e-05	
0.00259272	0.0257932	0.0841815	0.225796	0.0252122	0.000162268	5.69465e-05	0.0013822	0.0257564	8.36526e-05	0.0102491	0.00558748	0.0181466	0.176792	5.24945e-05	0.166741	0.212328	0.00697302	0.0107705	0.00134269	
6.69913e-05	0.00650248	7.70286e-05	3.43212e-05	0.000106559	0.0579607	0.0193163	0.0101208	0.0744868	8.90701e-05	0.229291	0.345391	9.96999e-05	0.0545479	0.00314594	0.0633321	0.101959	0.0135289	2.21079e-05	0.0199206	
0.057655	0.0108706	0.163519	0.0801389	0.00223905	0.0512711	0.0131205	0.0591489	0.301075	0.0030887	0.043557	0.04994	0.0191913	0.0555517	0.0647084	0.0120804	0.00350136	0.00913931	0.000121499	8.21202e-05	
0.0756784	0.000316416	0.066714	0.0650132	0.0825706	8.51435e-05	0.000425197	0.0013781	0.000332559	0.000255713	0.0015083	0.0428393	0.00164793	0.00053204	0.511761	0.000260871	0.000510933	0.0670415	0.000283146	0.0808452	
0.000206878	0.0345141	0.054629	0.515534	0.0414491	5.99699e-05	0.000425472	0.070258	0.000114452	0.103706	0.0683062	0.000403176	0.00788986	0.000134299	0.0437651	0.0160135	0.0377392	0.000165904	0.00439113	0.000294445	
0.43701	0.00060591	0.0180469	0.000203412	0.0228997	0.000128566	0.00599447	0.165188	0.025908	0.0235055	0.0808015	0.00184266	5.16547e-05	0.0266838	0.00193994	0.118016	0.00141423	0.0218251	0.0221458	0.0257893	
0.359204	0.00088	0.00285979	0.000179607	0.00103367	0.00564126	0.024025	0.000270393	0.000562308	0.0354803	0.225146	0.00259387	4.45647e-05	0.0325484	0.00207044	0.127683	0.04921	0.1264	0.00204251	0.00212579	
0.0335302	4.10023e-05	0.00201292	0.0023683	0.000519756	3.41413e-05	0.0126312	0.00131649	0.62135	0.00799843	0.02431	0.0197447	1.80056e-05	0.0756199	0.160592	0.0258763	0.00990414	0.00186886	0.000118376	0.000145249	
0.00113543	0.00047816	0.00133529	6.68662e-05	0.0352966	0.601662	0.00466739	0.0208896	0.0164809	0.110365	0.0984531	0.0195712	0.000469509	0.0140181	0.000310354	4.81917e-05	0.00555638	4.37424e-05	6.51845e-05	0.069087	
0.0134224	5.2334e-05	3.6684e-05	0.00207435	0.00116594	0.0418645	0.0163089	0.000241371	0.75992	4.91699e-05	0.00381204	0.000369532	9.8622e-05	0.0177926	0.125512	0.00639757	0.000522375	0.0100753	9.07507e-05	0.000194075	
0.0142772	0.0182503	4.4265e-05	0.000265586	9.05259e-05	3.14924e-05	5.78671e-05	0.0996989	0.000838701	0.0592293	0.000548454	0.00018455	0.0221048	0.664502	0.000891782	1.52756e-05	0.000939965	0.0904995	0.0072873	0.0202426	
0.000245715	0.000120881	0.0932816	0.0115987	0.0305551	0.24977	0.000569725	0.00158437	0.0463611	0.011953	0.0206116	0.0660515	0.00340327	0.152439	4.86293e-05	0.213217	0.0968502	0.000667019	0.000139642	0.000531998	
0.00121746	0.000363769	0.00107672	5.45975e-05	0.0363457	0.602647	0.00550409	0.0218422	0.0130606	0.104583	0.100907	0.0199925	0.000489469	0.0135224	0.000206233	4.04161e-05	0.00518209	4.06976e-05	5.18847e-05	0.0728716	
0.00309467	0.000382424	0.00410103	0.00608961	0.00077607	0.000300007	0.0241599	0.00017746	0.000212603	0.000793309	0.00865965	0.000164354	2.01318e-05	0.111533	0.000384597	0.0502686	0.78201	0.00548476	0.000766598	0.000620988	
0.00958209	0.00181778	3.73716e-05	0.000163441	5.18099e-05	2.41065e-05	0.0730675	0.00218712	0.0082299	0.0646188	0.348917	0.000156899	1.38907e-05	0.398054	4.6128e-05	0.0287997	0.00719724	0.056358	0.000211794	0.000465236	
0.00191382	0.0189249	0.000348689	0.00722317	0.0375	0.000355001	4.29998e-05	0.0292003	7.15553e-05	0.000308843	0.0331869	0.0650084	1.60698e-05	0.610845	0.000142193	0.0198057	0.10627	0.00143768	0.0114974	0.0559016	
0.0522796	0.00356288	0.0109145	0.0256509	0.00723756	0.281187	0.00018641	0.02196	0.00043876	0.482807	0.109143	0.00177164	2.03618e-05	0.000209813	0.000170967	0.000112101	0.000172099	4.0273e-05	9.48573e-05	0.00204002	
0.00300196	0.0438113	0.00105106	0.0161765	6.54284e-05	0.0010883	0.0133008	0.673589	0.000355786	6.74677e-05	0.000227866	9.98413e-05	0.136651	0.0682681	0.000236369	9.25291e-05	7.49956e-05	0.0123411	0.0139042	0.0155968	
0.0866154	8.696e-05	6.94402e-05	7.60062e-05	0.0254884	0.660323	0.025302	0.00241617	0.00905981	0.0297954	0.0736491	0.00473236	2.86597e-05	0.0521359	1.82907e-05	0.00420206	0.00223894	5.67615e-05	0.000166376	0.0235391	
0.13575	0.0302052	0.0145132	0.0301954	0.00146522	0.00011436	0.0361059	0.000178337	0.0259275	0.0345107	0.0677187	0.000100189	0.00105628	0.0594885	3.60446e-05	0.513328	0.0132581	0.033568	0.00175194	0.0007284	
0.118448	0.0146301	0.0377347	0.046423	0.00199339	0.135599	0.000221292	0.0108848	0.000438973	0.467799	0.146779	0.00726018	3.01563e-05	0.000311651	9.45234e-05	0.000279608	0.000285482	7.57786e-05	0.000240036	0.0104713	
0.664516	0.00534281	0.000200537	0.000460945	0.000530623	0.0161863	0.0349075	0.00341324	0.00863155	0.0034234	0.0359867	0.00255997	6.54238e-05	0.0685591	0.000589612	0.113836	0.0364377	0.000230529	0.00360896	0.000513053	
0.263023	0.204555	0.00015417	0.000144941	0.000408773	0.0349157	0.0337728	0.0225018	0.00322649	0.000126379	0.0313495	0.0102507	6.96031e-05	0.0752194	0.000146131	0.0150835	0.000170814	0.300762	0.00141601	0.00270403	
0.00154436	0.194046	0.000150877	0.000123501	0.0914198	7.17212e-05	0.000424767	0.224378	7.33671e-05	0.109412	0.0480593	0.00021037	1.66314e-05	0.000274924	3.4275e-05	4.36897e-05	0.0366879	0.29201	0.00060357	0.000415451	
0.000158021	0.0727035	0.467514	0.00622769	0.0447855	4.93966e-05	8.53395e-05	0.00108831	0.000177641	0.0417025	0.261752	0.0529221	0.00366486	0.00194878	0.040243	0.000440295	0.000694488	7.35457e-05	0.00370347	6.49749e-05	
0.00458007	0.00824691	0.00595995	0.00427148	0.0755118	0.000512919	0.00130932	0.000227689	0.00058868	0.491702	0.279566	0.0304355	0.00623129	0.000683276	0.0589059	0.000195937	0.000608871	0.00928262	0.000272372	0.0209076	
0.0853897	2.47302e-05	0.0800975	0.22438	1.43131e-05	0.014657	0.00845297	0.0323567	0.264656	0.010552	0.00243557	0.0421678	0.0272236	0.0740228	0.011169	0.040126	0.05848	0.0200987	3.4327e-05	0.00366146	
0.357729	0.00198025	0.0002919	0.0258829	0.000912387	0.00595279	0.0123607	0.0183231	0.38587	0.0577922	0.021834	0.000389996	0.000125538	0.0532578	0.00892271	0.0153924	0.0114492	0.0194719	0.000117807	0.0019439	
0.0378048	0.00221618	0.00906958	0.0161913	0.0113377	0.352553	0.000441637	0.044247	0.000412931	0.414855	0.108002	0.000916702	3.7979e-05	0.000248564	0.000261985	6.88342e-05	0.000209974	5.66677e-05	0.000105926	0.000962205	
0.000930954	0.00157393	0.00538525	9.08574e-05	0.0192058	0.539649	0.00140314	0.0375555	0.00916068	0.274285	0.0872313	0.00189554	0.00138279	0.00867253	0.000327492	5.92706e-05	0.00847461	6.09796e-05	0.00011893	0.00253645	
0.000257464	0.00388932	0.00349262	0.777074	0.0662043	0.00322366	0.00024734	0.0314613	0.00598847	0.00337558	0.0312999	0.00229449	0.000769965	0.0044154	0.000294172	0.0105602	0.0220482	0.0011598	0.0126682	0.0192761	
0.0619139	0.000158784	0.00167937	0.000892596	0.0250721	8.16855e-05	0.0550791	0.0741939	0.0731172	0.000109871	0.168834	0.142626	4.93594e-05	0.0328789	0.292225	0.000245199	0.00598948	0.0265456	0.000338233	0.0379699	
0.00521649	0.00018704	0.0139888	0.222005	0.00109767	0.000523807	0.0100466	0.00016152	0.000552027	0.0025943	0.0523801	0.000154729	2.62783e-05	0.159711	0.00729172	0.0555717	0.463375	0.00361329	0.000969074	0.000533319	
0.000649673	0.0025273	0.0015448	0.000539132	0.0123694	0.000260663	0.000664248	0.711937	0.00168011	0.133613	0.000719198	0.00145295	5.45422e-05	0.000328596	9.3373e-05	0.000143141	0.000791244	0.12719	0.000186835	0.00325527	
0.0184716	0.00613231	2.69265e-05	5.95787e-05	0.0116625	0.000129182	0.0390801	0.0597211	0.0256696	0.0188304	0.0169785	0.0262571	1.47243e-05	0.0350616	0.0126284	0.00849381	0.402279	0.0662229	0.207151	0.0451305	
0.00116664	0.0468575	0.000388508	0.000659293	0.000200234	0.000181149	0.0021851	0.491702	0.00130562	0.111528	0.0394773	0.000223791	0.000233281	0.0034724	0.000250703	0.00021282	0.000178145	0.273987	0.00320122	0.0225896	
0.0260169	0.442423	0.0501311	0.036923	2.73843e-05	2.52935e-05	0.00804177	0.0866602	0.00729934	0.0620318	0.127209	0.0255478	0.0172087	0.0307018	3.40071e-05	2.471e-05	0.00726077	0.0723664	2.6193e-05	4.01154e-05	
0.0141423	0.0506202	0.0215938	0.00487256	0.000109673	0.00486531	0.00353706	0.651774	0.000616974	0.213786	0.000462538	0.00160098	0.00015789	0.000728567	0.000165199	0.000159067	0.0004458	0.0103457	0.000193501	0.0198228	
0.00116359	0.0294111	0.00185076	0.0173273	0.0498008	0.000313576	0.000140322	0.0165462	0.000385135	0.00204159	0.0458804	0.150412	4.19981e-05	0.603123	0.00100853	0.0120028	0.0410887	0.000692862	0.0127739	0.0139952	
0.684085	0.00512461	7.97682e-05	9.39003e-05	0.015183	0.00181526	0.0212931	0.0131826	0.0209928	0.0582289	0.0945824	0.00857028	1.37248e-05	0.0374343	0.00265991	0.000991926	0.000548361	7.68754e-05	0.0137479	0.0212958	
0.0846503	8.31118e-05	6.35211e-05	8.45941e-05	0.026187	0.637364	0.0226236	0.00756843	0.00898959	0.0447114	0.0793901	0.00590508	3.88689e-05	0.0478832	1.83534e-05	0.00346938	0.00185965	6.72014e-05	0.000149549	0.0288931	
0.000200023	0.0145938	0.01119	0.0496536	0.0305162	0.0189574	0.0151381	0.000240557	0.000229548	0.0110196	0.000779181	0.00193627	2.94331e-05	0.127986	0.000178167	0.00187014	0.577892	0.0855762	0.00860398	0.0434099	
0.697748	0.0411433	0.000211915	0.000204623	0.0178971	0.000113917	0.0336181	0.00214722	0.0206303	0.0116951	0.0107743	0.00266506	9.18825e-05	0.0489488	0.010821	0.000171618	0.0218068	0.00838994	0.0201474	0.0507737	
0.385993	0.00202319	0.000117519	0.00013153	0.000620082	3.38471e-05	0.0294016	0.0182893	0.0285494	0.000582334	0.0685398	0.0149991	3.38121e-05	0.0656821	0.0102471	0.373574	5.78894e-05	0.000119204	0.000534697	0.000470083	
0.00300918	0.043525	0.00105084	0.0156057	6.54284e-05	0.00108572	0.0133008	0.67443	0.00035579	6.74621e-05	0.00022839	9.98474e-05	0.136651	0.0682677	0.000236303	9.23234e-05	7.57596e-05	0.0123521	0.0139042	0.0155968	
0.000181816	0.0291929	0.000183188	0.000122728	0.000211056	5.90825e-05	0.0199666	0.00249509	0.0210718	6.82208e-05	0.000488989	0.0273151	0.00929851	0.0516492	0.0380246	0.0201375	0.112157	0.634053	0.0135646	0.0197589	
0.00155132	0.000401086	0.00109351	4.88712e-05	0.0326988	0.601857	0.00509206	0.0225549	0.0107314	0.119902	0.103898	0.0157899	0.000114493	0.012657	0.000180385	5.82926e-05	0.000363081	3.70245e-05	7.12248e-05	0.0708997	
0.500046	0.000554729	0.000187542	0.000220659	0.00129213	0.137053	0.0363807	0.0405818	0.0392617	0.00174538	0.0817047	0.0284076	4.26103e-05	0.0652553	0.000205029	0.0652273	0.000135584	0.000207064	0.000520915	0.000970467	
0.12967	0.0477179	8.41193e-05	0.0248547	0.262163	7.99507e-05	6.57108e-05	0.000387557	0.0281087	0.00278337	0.121906	8.00608e-05	0.00510847	0.0535687	2.90243e-05	0.00127413	0.00364613	0.000377167	0.166225	0.151869	
0.000262124	0.0379393	0.000263106	0.000305222	0.000866873	0.000122894	0.00180009	0.18131	0.00196546	0.0369733	0.0015453	0.00136489	0.000218212	0.00694278	0.000330686	0.000460752	0.0250399	0.679653	0.00273225	0.0199037	
0.708705	0.00498831	5.94971e-05	9.21273e-05	0.0148337	0.00183653	0.0205641	0.0105366	0.0221735	0.0445974	0.0866749	0.00645859	1.36085e-05	0.0412688	0.00362306	0.00131725	0.000706092	7.15217e-05	0.0133781	0.0181014	
0.0650964	0.0489861	0.000516146	0.00156626	0.000180344	0.000261957	0.000633748	0.0107618	0.000764176	0.373562	0.415598	0.00852014	6.76095e-05	0.000396355	9.55417e-05	0.000358028	0.000356517	0.0498392	0.000405507	0.0220333	
0.14394	0.00592309	0.00318878	0.0329075	0.0139196	0.00424722	0.0687441	0.112262	0.118415	0.115686	0.0912546	0.00553692	0.00177245	0.0504002	0.0451994	0.0102211	0.0240578	0.0939614	3.53823e-05	0.0583274	
0.13784	0.000918115	0.281924	0.0573802	0.0212075	0.000298829	0.00996823	0.0606245	0.000167327	0.201538	0.081183	0.0650018	4.56955e-05	0.0602798	0.0145031	0.00634885	0.000137977	0.00010535	0.000297658	0.000230083	
0.756916	0.00194533	7.46786e-05	0.000648331	0.00283182	0.00278891	0.0260975	0.0038688	0.0318442	0.026525	0.0740215	0.00239431	2.0497e-05	0.0465517	0.00397583	0.00285618	0.00164633	0.000294804	0.012995	0.00170281	
0.00154436	0.194046	0.000150877	0.000123501	0.0914198	7.17212e-05	0.000424767	0.224378	7.33671e-05	0.109412	0.0480593	0.00021037	1.66314e-05	0.000274924	3.4275e-05	4.36897e-05	0.0366879	0.29201	0.00060357	0.000415451	
0.113478	0.00585008	0.105806	0.129691	0.00422973	0.0186188	0.0279093	0.00196265	0.193404	0.00862519	0.0140049	0.112414	0.00270792	0.144155	0.0285059	0.0358399	0.0389203	0.00877949	1.28366e-05	0.0050839	
0.0196068	0.00208345	0.0158373	0.00227289	0.0635754	0.0220635	0.0786536	0.000115517	0.394762	0.01763	0.00970036	0.0205145	8.3174e-05	0.0674095	0.041744	0.0312005	0.0443274	0.0327864	0.0712558	0.0643781	
0.0627169	0.000661618	0.0117791	0.00842863	0.0307839	0.0470784	0.00200581	0.042774	0.000289486	0.28876	0.477365	0.00141467	0.00024623	0.000725797	0.00445496	0.000159099	0.000241881	0.00401948	0.0142845	0.00181072	
0.14394	0.00592309	0.00318878	0.0329075	0.0139196	0.00424722	0.0687441	0.112262	0.118415	0.115686	0.0912546	0.00553692	0.00177245	0.0504002	0.0451994	0.0102211	0.0240578	0.0939614	3.53823e-05	0.0583274	
0.0861946	2.09547e-05	0.125865	0.363499	0.00304008	0.0163813	0.00574228	0.0197268	0.191449	0.0100995	0.0489552	0.00557263	0.00125474	0.0699633	0.0189012	0.0103291	0.0102058	0.0116496	0.00112632	2.34667e-05	
0.113478	0.00585008	0.105806	0.129691	0.00422973	0.0186188	0.0279093	0.00196265	0.193404	0.00862519	0.0140049	0.112414	0.00270792	0.144155	0.0285059	0.0358399	0.0389203	0.00877949	1.28366e-05	0.0050839	
0.0109654	0.00462475	0.0804342	0.02847	0.0001988	0.673058	0.014426	0.000119263	0.0504823	0.000133708	0.00361959	0.0652198	0.00262142	0.037413	0.0127193	0.0125766	0.00190837	0.000916424	5.82362e-05	3.44527e-05	
0.0861946	2.09547e-05	0.125865	0.363499	0.00304008	0.0163813	0.00574228	0.0197268	0.191449	0.0100995	0.0489552	0.00557263	0.00125474	0.0699633	0.0189012	0.0103291	0.0102058	0.0116496	0.00112632	2.34667e-05	
0.000379843	0.0143252	0.00996799	0.000304705	0.0445494	0.0103737	0.000107361	0.379341	0.000121439	0.321998	0.0614428	0.000147668	3.54305e-05	0.00689215	5.78362e-05	0.00232243	0.00809106	0.119511	0.0195993	0.000431763	
0.0853897	2.47302e-05	0.0800975	0.22438	1.43131e-05	0.014657	0.00845297	0.0323567	0.264656	0.010552	0.00243557	0.0421678	0.0272236	0.0740228	0.011169	0.040126	0.05848	0.0200987	3.4327e-05	0.00366146	
0.0853897	2.47302e-05	0.0800975	0.22438	1.43131e-05	0.014657	0.00845297	0.0323567	0.264656	0.010552	0.00243557	0.0421678	0.0272236	0.0740228	0.011169	0.040126	0.05848	0.0200987	3.4327e-05	0.00366146	
0.0459158	4.0913e-05	0.389498	0.0675912	0.0267224	0.0201182	0.0150398	0.0201591	0.0172453	0.0038586	0.0251245	0.231183	0.00613482	0.0345943	0.00814193	0.0447716	0.0300004	0.00925972	5.64246e-05	0.00454408	
0.00238866	0.0261722	0.00650661	0.00808098	0.0545515	0.00133108	9.34406e-05	0.168706	0.0166948	6.27728e-05	0.0288546	0.0115107	0.524657	0.000174299	3.76062e-05	3.71024e-05	6.28971e-05	0.0148332	0.0209368	0.114307	
0.000379843	0.0143252	0.00996799	0.000304705	0.0445494	0.0103737	0.000107361	0.379341	0.000121439	0.321998	0.0614428	0.000147668	3.54305e-05	0.00689215	5.78362e-05	0.00232243	0.00809106	0.119511	0.0195993	0.000431763	
0.000137397	0.002327	0.000389859	0.00276049	0.029182	0.000125878	0.0491704	0.063489	0.496408	0.0499186	0.00918619	0.0337055	4.0861e-05	0.0420085	0.0876905	0.00821425	0.0915001	0.0331731	8.77054e-05	0.000484343	
0.0335404	0.0131303	0.267867	0.218006	0.000676974	0.144669	0.0950793	0.00748924	0.0773951	0.000447493	0.0139683	0.0221313	0.00123062	0.0663222	0.0127399	0.0110781	0.0101529	0.00182885	4.74843e-05	0.0021995	
0.049456	0.00137132	4.83924e-05	0.00883662	0.117881	0.00172257	0.112133	0.0217484	0.0444135	0.0197674	0.108472	0.0175665	0.169142	0.189266	0.000653498	0.0261934	0.00828015	0.0240397	0.0371359	0.041873	
0.00469416	0.0456798	0.000201277	0.000432514	0.000214809	0.000121688	0.0015635	0.149656	0.00407235	0.0914924	0.0546077	0.00147521	0.000450902	0.0106405	0.000396835	0.000860962	0.000899075	0.597829	0.0106759	0.0240356	
0.720157	0.00806037	0.000157978	0.000120637	0.000923471	0.014711	0.028269	0.033906	0.0312423	0.000484429	0.0452275	0.0307999	2.16753e-05	0.0595653	0.00107737	0.0227801	8.31864e-05	0.00154579	0.000174117	0.000693059	
0.648329	0.00630931	0.000171989	0.000654048	0.00495701	0.00132069	0.0353205	0.045847	0.0361927	0.0156172	0.0652415	0.0310536	6.42226e-05	0.0572593	0.016969	0.0242765	0.000183682	0.000417026	0.00610732	0.0037085	
0.000370331	0.0179991	0.000151656	0.000258005	0.00398872	0.000100864	0.00966871	0.303386	0.00178678	0.0139319	0.000872949	0.00155098	0.00114905	0.027875	0.000968939	0.00116866	0.0287879	0.556348	0.0117548	0.0178815	
0.0329288	0.0305058	0.000172028	0.000290924	0.000219582	0.000105487	0.0283199	0.0031304	0.0195781	0.000680356	0.0113976	0.015367	0.000288857	0.0519199	0.0157993	0.00127688	0.0532346	0.695756	0.0146424	0.0243856	
0.00257605	0.000310674	0.000831767	5.43864e-05	0.0330997	0.59872	0.00861086	0.0225988	0.0121957	0.110306	0.101518	0.0172359	0.000903147	0.0163652	0.000228118	0.000504694	0.0011055	4.51644e-05	9.28718e-05	0.0726975	
0.000301923	0.0124008	0.000347304	0.000190741	0.00707397	0.000129416	0.0548396	0.528455	0.0402241	0.0753508	0.0965451	0.000141327	0.000186013	0.000459611	0.0051681	0.000324478	0.000199991	0.161865	0.0131012	0.00269547	
0.00147147	0.019104	0.00876366	0.000104984	0.14167	6.63459e-05	0.0430837	0.112104	0.00710006	0.0479774	0.000673704	0.000280909	8.2501e-05	0.000441546	0.00237754	0.0074154	0.0248726	0.269027	0.0610154	0.252368	
0.057655	0.0108706	0.163519	0.0801389	0.00223905	0.0512711	0.0131205	0.0591489	0.301075	0.0030887	0.043557	0.04994	0.0191913	0.0555517	0.0647084	0.0120804	0.00350136	0.00913931	0.000121499	8.21202e-05	
0.0109654	0.00462475	0.0804342	0.02847	0.0001988	0.673058	0.014426	0.000119263	0.0504823	0.000133708	0.00361959	0.0652198	0.00262142	0.037413	0.0127193	0.0125766	0.00190837	0.000916424	5.82362e-05	3.44527e-05	
0.0157506	0.0464427	0.0287708	0.289348	0.00123347	0.0173125	0.0112638	0.0173125	0.0183209	0.00187221	0.114036	0.00791119	6.09665e-05	0.201335	0.0196312	0.00779115	0.117453	0.0703483	0.00374215	0.0100636	
0.140254	0.0614963	0.000237885	0.0228377	0.000412395	0.00739938	0.0107775	0.130379	0.00699473	0.0291997	0.00727531	0.00114188	0.511836	0.00193994	0.00156444	0.0149942	0.0171759	0.0262305	0.00725457	0.000599264	
0.00989436	0.0269215	0.000184849	0.000201507	0.0517158	0.000102867	0.0137982	0.151329	0.000813521	0.139129	0.165717	0.000744697	8.65473e-05	0.000701819	0.064737	0.000200159	0.000328544	0.236041	0.00028555	0.137067	
0.0204886	0.139119	0.00115305	0.00293023	0.00045328	0.000527122	0.000381199	0.0193295	0.0260311	0.686287	0.00130273	0.00341907	8.12008e-05	0.000700246	0.000317346	0.0183209	0.00215822	0.0604619	0.00295741	0.013581	
0.0112927	0.0432273	0.0161894	0.0167963	0.000325078	0.00899132	0.000400372	0.000449099	0.0327443	0.728678	0.00131476	0.0641944	0.0192591	0.000694413	0.000185406	0.00108213	0.0153578	0.0141569	0.00122835	0.0234326	
0.0219153	0.0383778	0.483132	0.114589	0.00399045	0.00186921	0.00155827	0.000245438	0.027284	0.000500567	0.00102916	0.164077	0.122909	0.00297541	0.00115087	0.00557332	0.00484464	0.00301341	0.000872512	9.27889e-05	
0.0455702	5.84528e-05	5.36481e-05	0.0140387	0.0245333	0.0894425	7.72718e-05	0.000859079	0.0205483	0.000161088	0.0509722	7.4186e-05	0.0611611	0.0772894	0.0335921	9.83381e-05	0.0263766	0.000857669	0.013077	0.541159	
0.0853897	2.47302e-05	0.0800975	0.22438	1.43131e-05	0.014657	0.00845297	0.0323567	0.264656	0.010552	0.00243557	0.0421678	0.0272236	0.0740228	0.011169	0.040126	0.05848	0.0200987	3.4327e-05	0.00366146	
0.0739948	0.00506226	0.000404298	0.00115122	0.0580507	0.00866137	0.0340708	0.00146646	0.0289081	0.00029475	0.0471133	0.0229396	3.22617e-05	0.0600647	0.00266605	0.520271	0.00416634	0.130059	0.000478314	0.000144252	
0.113478	0.00585008	0.105806	0.129691	0.00422973	0.0186188	0.0279093	0.00196265	0.193404	0.00862519	0.0140049	0.112414	0.00270792	0.144155	0.0285059	0.0358399	0.0389203	0.00877949	1.28366e-05	0.0050839	
0.601097	0.0130766	8.49783e-05	0.000102407	0.0337563	0.00102359	0.0192438	0.0234909	0.0232663	0.0697874	0.0962879	0.0123299	2.17283e-05	0.0374456	0.0109705	0.000605945	0.000324984	9.38738e-05	0.0188795	0.0381104	
0.0861946	2.09547e-05	0.125865	0.363499	0.00304008	0.0163813	0.00574228	0.0197268	0.191449	0.0100995	0.0489552	0.00557263	0.00125474	0.0699633	0.0189012	0.0103291	0.0102058	0.0116496	0.00112632	2.34667e-05	
0.0663004	0.0233631	0.000251125	0.000170959	0.000167206	8.62979e-05	0.0115045	0.0112851	0.00554462	0.00653086	0.00965758	0.00651521	7.52683e-05	0.00687513	0.000556253	0.00660474	0.178081	0.644126	0.00237978	0.0199243	
0.00342598	0.0333658	0.00845813	0.000936813	0.0404505	0.0400689	0.000747208	0.00452012	0.00289921	0.0345218	0.821693	0.000311267	0.000120289	0.000604423	4.76059e-05	0.00201235	6.65113e-05	0.00515569	0.000220464	0.000373432	
0.029224	0.0333861	0.000119132	0.0174012	0.0615655	0.0371096	8.84096e-05	0.000131395	6.35997e-05	0.0464861	0.1056	0.478475	0.00645512	0.11707	0.0244232	0.00015867	0.00221891	0.0281896	0.011761	7.29727e-05	
0.000251937	0.00217912	0.000348575	0.000199155	0.438484	0.00010053	0.00431071	0.104922	0.00108535	0.0379631	0.0201334	0.00153179	9.26329e-05	0.000450315	0.00011327	0.000613844	0.000567656	0.382579	0.00263827	0.00143595	
0.00306856	0.0144081	0.000409083	0.00019118	0.00566923	0.00013922	0.0329963	0.0700358	0.0279946	0.000116667	0.000559851	0.00327716	0.0105541	0.0614766	0.017202	0.00289194	0.00267359	0.69888	0.0184117	0.0290444	
0.00342598	0.0333658	0.00845813	0.000936813	0.0404505	0.0400689	0.000747208	0.00452012	0.00289921	0.0345218	0.821693	0.000311267	0.000120289	0.000604423	4.76059e-05	0.00201235	6.65113e-05	0.00515569	0.000220464	0.000373432	
0.0619447	0.000517377	0.0122393	0.000222288	0.000612087	0.0311136	7.52783e-05	0.0161391	3.67031e-05	0.000238724	0.1201	0.133668	0.000106204	0.0464111	0.00811367	0.00588189	0.549547	0.00281152	0.0101676	5.35471e-05	
0.0229533	0.000208269	0.321677	0.221345	0.0258794	0.266879	0.000545702	0.00522662	0.00877513	0.0120336	0.0587596	0.000509812	0.000273	0.0205414	4.32162e-05	0.0329368	0.000510502	0.000130224	0.000277239	0.000494178	
0.113478	0.00585008	0.105806	0.129691	0.00422973	0.0186188	0.0279093	0.00196265	0.193404	0.00862519	0.0140049	0.112414	0.00270792	0.144155	0.0285059	0.0358399	0.0389203	0.00877949	1.28366e-05	0.0050839	
0.00117252	0.00256206	0.00533862	7.56323e-05	0.00999184	0.502792	0.00105831	0.0391298	0.00720184	0.329398	0.0904454	0.00102262	0.00106986	0.00620746	0.000499059	3.97243e-05	0.00169666	4.78212e-05	9.06061e-05	0.000160292	
0.0117085	8.97184e-05	0.0211532	0.188167	0.00511788	0.0727013	0.0300788	0.000261306	0.294598	0.00176872	0.000708265	0.0320656	3.32686e-05	0.282153	0.040616	0.00669958	0.0114696	0.000449482	6.57845e-05	9.42743e-05	
0.0109465	7.25709e-05	0.00010877	0.0231245	0.582999	0.00496537	0.000122591	0.107006	0.00519592	0.0798788	0.102896	8.93779e-05	0.000313826	0.00658894	0.000331256	7.77423e-05	0.000771148	0.0144672	0.00184704	0.0581976	
0.00597859	0.0104267	0.000554188	0.00163427	0.00586776	0.000167441	0.00214207	0.407941	0.00102117	0.036071	0.00208902	8.79554e-05	0.000310319	0.00981358	0.000110137	0.00312608	0.000355906	0.493247	0.0127104	0.00634545	
0.00367586	0.0283329	0.000235002	0.000203545	0.00160265	8.81238e-05	0.00383504	0.461294	0.000681855	0.0601398	0.0169867	0.00052254	0.000171094	0.00162866	0.000138462	0.00124987	0.00021294	0.397237	0.00291797	0.0188457	
0.15706	0.0206988	0.0014512	4.94286e-05	0.0128905	0.0452852	0.00525762	0.0564549	8.03527e-05	8.25518e-05	0.0357666	0.003427	1.59948e-05	0.425008	4.78456e-05	0.0526598	0.0930384	0.0820373	0.00691329	0.00177485	
0.0868035	8.61912e-05	7.2532e-05	7.46364e-05	0.0264395	0.661148	0.0246493	0.00213068	0.00861747	0.0298986	0.0720624	0.00484984	2.89782e-05	0.0525794	1.83632e-05	0.00425879	0.00243415	5.91511e-05	0.000174282	0.0236145	
0.00327033	0.000348744	0.0036813	0.00491146	0.000772468	0.000171772	0.0237017	0.000170666	0.000211036	0.000841166	0.0102512	0.000152356	2.03353e-05	0.109855	0.000489473	0.0502786	0.788067	0.00129261	0.000898072	0.000614424	
0.489629	0.000379904	0.000155378	0.000292471	0.0129622	0.196128	0.0277931	0.044307	0.0368922	0.00368688	0.0789336	0.0273502	3.72529e-05	0.0623643	0.000162003	0.00413274	0.000106892	0.000185857	0.000250689	0.0142497	
0.0335404	0.0131303	0.267867	0.218006	0.000676974	0.144669	0.0950793	0.00748924	0.0773951	0.000447493	0.0139683	0.0221313	0.00123062	0.0663222	0.0127399	0.0110781	0.0101529	0.00182885	4.74843e-05	0.0021995	
0.17392	0.000177922	0.0129184	0.154289	0.0257841	0.0300999	0.239899	0.0212511	0.0385738	0.000233113	0.0279176	0.0455995	8.86015e-05	0.0261586	0.0309783	0.016135	0.0458448	0.0238808	0.000809723	0.0854397	
0.149948	0.00327052	0.0163229	0.00702492	0.000100256	0.0107745	0.000165935	4.54892e-05	0.000109523	0.00528741	0.0291132	0.000101682	0.50099	0.000293897	2.29009e-05	0.0415291	0.197902	0.0366001	0.000218711	0.000179324	
0.0437672	0.000114386	0.000640211	0.0374265	0.655739	0.0285522	0.000627061	0.00625324	0.0182879	0.00291574	0.0625291	0.000656328	0.0151694	0.0462078	0.0046674	0.000147504	0.00674218	0.0020818	0.0165963	0.0508789	
0.0178599	0.000103441	0.142827	0.348593	9.74295e-05	0.00962958	0.00130747	6.26238e-05	0.01565	0.00243801	0.0301263	0.0480188	0.0208136	0.00655393	0.0251011	0.168568	0.15873	0.00301945	0.000432948	6.72836e-05	
0.02867	0.00390647	0.046513	0.397185	0.0387355	0.00450831	0.067273	0.000391692	0.0419732	0.00704156	0.0411321	0.000365138	0.0103502	0.107486	0.177942	0.00419163	0.000139918	0.000239553	0.00929257	0.0126635	
0.0952498	0.00187451	0.0994117	0.194095	0.00136393	0.0144676	0.0148774	0.020889	0.234388	0.00900961	0.00635467	0.0688873	0.0167413	0.0954072	0.0158529	0.0389806	0.0534377	0.0148211	2.53011e-05	0.00386584	
0.00816465	0.0036822	0.0229816	0.385053	0.0051854	0.000794724	0.00627926	0.00269861	6.60872e-05	0.00234379	0.0947255	0.000443676	1.54604e-05	0.183902	0.00468861	0.0359049	0.238393	0.00253791	0.00175789	0.000382486	
0.07337	0.000493953	0.0156248	0.000338674	0.237832	0.0122704	0.00011133	0.000220786	0.000415584	0.330812	0.233512	0.0616912	4.2058e-05	0.0155028	6.00817e-05	0.00484719	0.00454642	0.00594017	0.00177307	0.000594796	
0.0459158	4.0913e-05	0.389498	0.0675912	0.0267224	0.0201182	0.0150398	0.0201591	0.0172453	0.0038586	0.0251245	0.231183	0.00613482	0.0345943	0.00814193	0.0447716	0.0300004	0.00925972	5.64246e-05	0.00454408	
0.10868	0.00255586	0.112096	0.257941	0.003298	0.0185874	0.0153216	0.0114423	0.19172	0.00925224	0.0327144	0.0504288	0.00160907	0.104894	0.0231585	0.0207684	0.0222459	0.0103984	0.000647878	0.00224073	
0.0186918	0.0629114	0.00699638	0.0290521	0.000127915	0.00655384	0.00203326	0.0235382	0.000187387	0.186357	0.636579	0.00115921	0.000361053	0.00238493	0.000103698	0.000247213	0.000151565	0.00319874	0.000221003	0.0191446	
0.016517	0.00102877	0.00642844	0.00381667	0.0280562	0.000401215	0.000693588	0.0476699	0.00101492	0.38637	0.400518	0.00162436	6.69492e-05	0.000283716	0.0256902	0.000212701	0.0317563	0.0223494	0.000654417	0.0248472	
0.049032	0.00027421	0.38019	0.0692217	0.026728	0.0203762	0.0154544	0.0198294	0.0234979	0.00396425	0.0248376	0.227527	0.00082969	0.0381648	0.009046	0.0459516	0.0310738	0.00936859	4.78324e-05	0.00458503	
0.0349445	0.00464681	0.00244534	0.00844824	0.0538987	0.00141081	0.00552807	0.00512285	0.0196001	0.683097	0.0762486	0.0151233	3.13878e-05	0.000452992	0.0034216	0.0177997	0.0143711	0.0444205	0.00530101	0.00368742	
0.478117	0.00571357	8.73441e-05	0.000237537	0.00736382	0.0591361	0.0181674	0.0443157	0.0215869	0.168454	0.133772	0.0283721	5.42986e-05	0.027462	7.84234e-05	9.26288e-05	0.000114844	0.000116817	0.000942855	0.00581551	
