0.0230102	0.0218044	0.00590923	0.00372359	0.0242092	0.0128555	0.000237632	0.000489936	0.580271	0.00157964	0.00145664	0.0145621	0.000384237	0.0388438	0.00166165	0.010284	0.203559	0.0172111	0.0305303	0.00741697	
0.00521793	0.0096888	0.000605164	0.0105387	8.30047e-05	0.000417373	0.000111394	0.249891	0.000760283	0.614629	0.0524653	0.00017539	0.000116295	0.000385046	0.000377	0.000141263	0.000445023	0.0372849	0.000511868	0.0161553	
0.00343597	0.0928283	0.000810778	0.00126417	0.0162524	0.000223671	0.0338259	0.120927	0.0355538	0.00184449	0.00100562	0.0111593	0.0236544	0.0564687	0.0122642	0.00478747	0.00719992	0.521692	0.0421969	0.0126052	
0.00686879	0.000562682	0.00900558	0.00683379	0.0758988	0.114284	0.000784703	0.00755128	0.0434471	0.600326	0.042544	0.0628379	0.000224659	0.00193666	0.000620994	0.000622181	0.0061142	0.000355047	0.0168601	0.00232071	
0.00721178	0.0523762	0.00798161	0.00749663	0.00974841	0.00487777	0.000398738	0.274962	0.00506702	0.35813	0.0207988	0.00144216	0.00719331	0.00373305	0.00487847	0.0243564	0.000977704	0.197508	0.00116042	0.0097014	
0.000410143	0.000368783	0.000435226	0.000624394	0.0147803	0.535572	0.057655	0.0109953	0.0479476	0.0945893	0.0265591	0.0251405	0.0104868	0.0421395	0.000250431	0.00465182	0.0624711	0.000330161	0.000405001	0.0641873	
0.000393444	0.022084	0.00132735	0.474133	0.0141671	0.000650054	0.0116743	0.00917798	0.00031267	0.0494982	0.00405538	0.0103498	0.000151899	0.167546	0.000454957	0.0212243	0.194053	0.000326524	0.0108005	0.00761868	
0.000604361	0.000374385	0.0727443	0.0855745	0.00048073	0.0223761	0.0310987	0.0185666	0.0515045	0.000731129	0.0266345	0.0203317	0.000111837	0.0665957	0.0156193	0.550288	0.00380677	0.0318866	0.000301922	0.000368161	
0.0688208	0.0124765	0.0333693	0.348013	0.00395064	0.000412422	0.00179943	0.0210822	0.0232469	0.0832758	0.00461531	0.00429838	0.000201994	0.109755	0.0189665	0.0335051	0.163203	0.0608423	0.0062184	0.00194744	
0.00422165	9.7023e-05	0.040479	0.0396349	0.0102812	0.000242543	0.00584053	0.00625663	0.0110897	0.000123298	0.0106	0.0414248	0.109296	0.0122209	5.41911e-05	0.00152793	0.0047918	0.00894597	0.67702	0.0158528	
0.0630464	0.000345511	0.000721192	0.0098214	0.00187879	7.95263e-05	0.000984908	0.0221275	0.201125	0.332633	0.0017278	0.0199265	3.16247e-05	0.135493	0.142789	0.0308331	0.0153331	0.0202625	0.000544643	0.000296159	
0.0947937	0.0037088	0.147168	0.211642	0.00082566	0.00140538	0.00440246	0.000315822	0.0950106	0.0857277	0.106813	0.000484057	0.000105852	0.00867702	0.000226014	0.121389	0.0663339	0.000882052	0.00651549	0.0435731	
0.0526764	0.0101782	0.0053856	0.0322047	0.0170698	0.102939	0.000193661	0.000323888	0.000246647	0.102437	0.0200849	0.508615	0.0218388	0.0410823	0.0200567	0.000637093	0.00040856	0.0207223	0.0427338	0.000164795	
0.0423406	0.00253841	0.223956	0.00632468	0.00031561	0.0015748	0.000191437	0.000387861	0.00717002	0.240866	0.000602906	0.114812	8.75251e-05	0.0270719	0.301092	0.00235091	0.0153993	0.000230117	0.0013842	0.0113045	
0.000208118	0.0125986	0.00243386	0.0495928	0.00892437	0.0272418	0.000707928	6.79805e-05	9.99148e-05	0.175402	0.000717659	0.0232621	4.08973e-05	0.0712138	0.000167394	0.000105338	0.59362	0.0134842	0.0186238	0.00148762	
0.000452954	0.000669808	0.0006951	0.000646448	0.0134876	0.56265	0.0607437	0.0106385	0.0427625	0.0869486	0.0264198	0.0301236	0.00864802	0.0459913	0.000389862	0.00642497	0.0398473	0.000332893	0.000470829	0.0616566	
0.0181824	0.00471405	0.0325267	0.173459	0.00191627	0.000226557	0.0158062	0.0165481	0.016408	0.000423084	0.00519484	0.0917897	0.00162863	0.0355151	0.00112933	8.43832e-05	0.0174532	0.0341857	0.530056	0.00275294	
0.0901645	0.00382681	0.00363979	0.01078	0.00624652	0.000498016	0.118901	0.00625976	0.0644062	0.0172396	0.0397708	0.000622134	0.000160339	0.0759595	0.0474588	0.0116969	0.419959	0.055561	0.0135637	0.0132856	
0.00047503	0.0119043	0.50951	0.000588467	0.0267471	0.000256044	0.000174915	0.0145302	0.0638094	0.0854718	0.0151666	0.00388179	0.0214901	0.036969	0.0939476	0.0388795	0.0315866	0.000320742	0.044125	0.000165909	
0.118041	0.0143906	0.00087581	0.0012751	0.000297751	0.0101369	0.0542406	0.0680263	0.0230207	0.000466249	0.000500484	0.00146621	0.000369176	0.0533881	0.00357962	0.00777207	0.00285629	0.595931	0.02124	0.0221264	
0.0204399	0.00757622	0.562266	0.0609077	0.00837993	0.0337221	0.00954168	0.000800837	0.123597	0.0122976	0.005192	0.0232873	0.0546239	0.0194926	0.00951261	0.0211947	0.0204814	0.00254986	0.00397668	0.000160739	
0.0400406	0.0162557	0.0352732	0.0199746	0.000629723	0.0184506	0.000529748	0.000628797	0.0260443	0.511804	0.00168	0.0834871	7.97269e-05	0.0110287	0.000214081	0.00166819	0.212372	0.00720245	0.000831004	0.0118059	
0.0189809	0.00351013	0.0484123	0.0573492	0.000201296	0.00100703	0.00350795	0.000525586	0.00210653	0.00135606	0.00280905	0.0229368	0.000137275	0.103086	0.00373797	0.507037	0.220759	0.00163809	0.000728055	0.000174179	
0.0387893	0.00701901	0.175272	0.440654	0.0704048	0.00438611	0.000148344	0.0117909	0.0361615	0.00812475	0.00712604	0.00346414	0.0864297	0.00826457	0.00160657	0.00711522	0.00123885	0.000935696	0.087299	0.00376881	
0.0831018	0.00353815	0.105583	0.228602	0.00175922	0.00258415	0.000208013	0.00516811	0.308424	0.0102563	0.000740783	0.0641266	4.34626e-05	0.129793	0.0125995	0.0110553	0.0293933	0.00109976	0.00171472	0.000208354	
0.0443385	0.00165029	0.000189429	0.161118	0.0162079	0.000187862	0.0557989	0.111097	0.07678	0.0772865	0.0137656	0.00317781	0.00013875	0.0397662	0.130926	0.00172524	0.0226888	0.238864	0.00199704	0.00229614	
0.285954	0.00162366	0.02617	0.335713	0.000148265	0.020051	0.000101828	0.00518597	0.0403131	0.00188092	0.000744626	0.011861	8.28319e-05	0.0983813	0.0225216	0.08011	0.0420336	0.0247915	0.00100114	0.00133006	
0.000402343	0.017701	0.00361546	0.504185	0.0146711	0.00151143	0.00432778	0.00782094	0.000329066	0.0180112	0.0117877	0.0125237	0.000589591	0.123657	0.000760887	0.0442128	0.21849	0.000246179	0.0117924	0.00336476	
0.629962	0.00741439	0.000996326	0.0101904	0.0131012	0.00976335	0.0427705	0.0180335	0.0639884	0.0306431	0.025412	0.0261249	0.000121487	0.0603429	0.00955985	0.0170449	0.00100895	0.000914424	0.0119296	0.0206778	
0.0189717	0.00237861	0.000505394	0.0281267	0.0254812	0.00313792	0.016068	0.0554774	0.17498	0.0553293	0.00567058	0.00971883	7.92662e-05	0.057117	0.183536	0.0416976	0.0405583	0.236879	0.00590352	0.0383834	
0.133475	0.0185545	0.0123439	0.134607	0.0738486	0.00487784	0.0434141	0.0122876	0.0507338	0.0347928	0.0026081	0.0747563	0.00011185	0.0773604	0.23336	0.0536785	0.0363181	0.000404526	0.0022301	0.000236601	
0.555305	0.000229383	0.00071053	0.00141861	0.00382761	0.171402	0.0375229	0.00143727	0.0419459	0.0155671	0.0254112	0.00437458	7.5972e-05	0.096411	0.00010478	0.0396384	0.00079885	0.000391777	0.00052063	0.00290721	
0.0838789	0.00128323	0.00156731	0.00139054	0.019658	0.535385	0.0502434	0.0189733	0.0510859	0.037579	0.0243142	0.0483164	0.000553949	0.0737368	0.000113543	0.00802152	0.0015762	0.000178535	0.00240567	0.0397389	
0.0379782	0.00154598	0.00417181	0.0870469	0.0217818	0.00244063	0.0157075	0.0671341	0.207036	0.030221	0.00384995	0.0163108	4.76271e-05	0.0710091	0.224647	0.0401035	0.0462975	0.100744	0.00328583	0.018641	
0.11586	0.0198514	0.000385833	0.0169613	0.000691362	0.000171173	0.000956725	0.0972094	0.0494058	0.404106	0.0512619	0.00261241	7.29773e-05	0.0117735	0.00734879	0.000307665	0.0503926	0.0972349	0.00749262	0.0659041	
0.00508517	0.00987556	0.00072344	0.0110317	8.3527e-05	0.00042009	0.000112103	0.251761	0.00054366	0.613898	0.0522595	0.000177883	0.000120743	0.000344462	0.000386517	0.000119927	0.000126812	0.036311	0.00053299	0.0160852	
0.156595	0.077839	0.000308999	0.00604435	0.0106788	0.00540749	0.00971246	0.00311585	0.231689	0.0470686	0.00194269	0.010895	0.000115496	0.141984	0.22336	0.000164187	0.00573169	0.0197899	0.0060655	0.0414923	
0.0950979	0.000160823	0.123097	0.273762	0.000247474	0.0032851	0.000193548	0.00393636	0.26426	0.00769583	0.000631002	0.0510035	4.00506e-05	0.128481	0.0132142	0.0114894	0.0220206	0.00077138	0.000522694	9.04281e-05	
0.130262	0.0046701	0.0301885	0.138109	0.0399964	0.108311	0.107222	0.00563268	0.0837515	0.0101464	0.00492281	0.155319	4.52379e-05	0.0242149	0.0332746	0.0719323	0.0193311	0.00915479	0.00268722	0.0208287	
0.0232838	0.000625468	0.0134218	0.0142136	0.0250466	0.499398	0.00443794	0.0191172	0.0300683	0.12678	0.0237401	0.159605	0.00326735	0.0418484	0.000464406	0.000679916	0.00764631	0.000278513	0.00278323	0.0032949	
0.00356408	0.000501562	0.00151419	0.0114912	0.310353	0.00140969	0.00054519	0.0951138	0.00663071	0.195764	0.0366977	0.00116759	0.000289921	0.00246503	0.00337095	0.000323156	0.00123499	0.0787043	0.00259707	0.246262	
0.0313365	0.00027391	0.0731568	0.442953	0.00460032	0.000405721	0.00152224	0.010636	0.0578592	0.0794045	0.000284004	0.00686592	8.85064e-05	0.0790564	0.0220394	0.0537467	0.0823543	0.0495918	0.000425185	0.00339958	
0.0182091	0.000176034	0.0684894	0.104364	0.351707	0.0203471	0.00647149	0.0204316	0.0429444	0.00437074	0.00136073	0.00408427	0.274867	0.010579	0.00534249	0.000371207	0.00413753	0.000150663	0.0614786	0.000117883	
0.0161025	0.00157323	0.464593	0.194398	0.00708493	0.0165813	0.0248732	0.00010162	0.0321279	0.00133957	0.00114564	0.0342308	3.94352e-05	0.0184505	0.0153162	0.0137621	0.146617	0.00903974	5.82457e-05	0.00256524	
0.0438523	0.00371282	0.000434392	0.139787	0.0190204	0.000157315	0.0445556	0.153589	0.0678858	0.0753833	0.0196455	0.00475387	0.00090054	0.0377461	0.108821	0.000282108	0.0255743	0.24971	0.00206193	0.00212672	
0.507676	0.0174386	0.000858797	0.000548471	0.00118932	0.0115015	0.00821304	0.110338	0.0319989	0.0455508	0.00155173	0.00142934	8.31721e-05	0.0168564	0.000393714	0.0128219	0.0106325	0.203326	0.00632521	0.0112672	
0.0503848	0.00566872	0.000749943	0.062242	0.149381	1.01903e-05	0.108806	0.0272931	0.0411685	2.27118e-05	0.00747395	0.000781759	0.0344465	0.00690136	3.84977e-05	7.90997e-06	0.00757391	0.000652183	0.00241475	0.493982	
0.000410754	0.0260858	0.0123974	0.323069	0.0114355	0.00187976	0.0156715	0.000189103	0.000666797	0.0225611	0.000978249	0.000426694	4.84629e-05	0.0984231	0.000178351	0.010465	0.448499	0.00973377	0.00986283	0.00701832	
0.000876756	0.00443572	0.00351155	0.0161641	0.0142876	0.000465808	0.000699196	0.0203884	0.0266613	0.182936	0.0262443	0.000475807	0.000455371	0.000433025	0.00600523	0.000927874	0.0257122	0.51574	0.00356462	0.150015	
0.0388683	0.0123792	0.0616703	0.00248352	0.000831654	0.0618506	0.000108086	0.000209116	0.00176899	0.475622	0.0026702	0.0881028	6.53075e-05	0.0403727	0.000118978	0.00277412	0.199962	0.00133957	0.00129167	0.00751021	
0.00108075	0.00292094	0.0225598	0.0097093	0.0265932	0.000651832	0.00795137	0.00651531	0.376568	0.00580957	0.000526973	0.00253123	0.00016658	0.00977003	0.131921	0.123386	0.200539	0.0614549	0.00148132	0.00786265	
0.605701	0.0121431	0.000830043	0.00266335	0.0104836	0.00242829	0.0425808	0.026665	0.0702506	0.0122988	0.027648	0.0363932	0.000109887	0.0702134	0.0190251	0.0338113	0.000418552	0.000441397	0.0122184	0.0136758	
0.00497411	0.0185813	0.00225794	0.00943356	0.000307991	0.00212406	0.00176187	0.763844	0.000536419	0.00877147	0.0116526	0.0483873	0.00576855	0.0439525	0.000345618	0.000571847	0.00205488	0.0463487	0.025759	0.00256637	
0.00591065	0.000280207	0.0376091	0.0166836	0.00316259	0.0129332	0.0659631	0.00444081	0.423335	0.00115237	0.0253072	0.0581871	4.93255e-05	0.0332014	0.16356	0.00465837	0.0518026	0.0378641	0.0496769	0.00422205	
0.000410811	0.0256454	0.0143129	0.318152	0.0114934	0.00295572	0.0153982	0.000193169	0.000653284	0.0225341	0.000936286	0.000434164	4.86326e-05	0.0972839	0.00017772	0.0104503	0.450783	0.0113939	0.00983571	0.00690838	
0.0157359	0.00755504	0.0656153	0.0396023	0.00589905	0.079573	0.00034316	0.000602236	0.0453669	0.477601	0.0129231	0.0304422	0.000210704	0.0105529	0.000196405	0.00739638	0.187748	0.000922487	0.0055874	0.00612651	
0.0230066	0.011741	0.00544588	0.0170161	0.000142039	0.000503225	0.0564442	0.00705114	0.00787806	0.000478486	0.00782962	0.302635	0.00017615	0.0464455	0.00554009	0.000111454	0.000333339	0.0109247	0.486791	0.00950606	
0.0211986	0.0508136	0.0116388	0.0187383	0.0241417	0.013057	0.0903304	0.320382	0.00127106	0.202508	0.00351565	0.0445513	0.000129058	0.00330832	0.000334122	0.0538897	0.0763519	0.0193332	0.000432677	0.0440746	
0.463159	0.0137271	0.00146414	0.000607999	0.000137143	0.00912285	0.000283056	0.185676	0.00621274	0.0374794	0.000304761	0.000923668	9.87571e-05	0.000817556	0.000109381	0.0145114	0.0216511	0.221747	0.00842208	0.0135444	
0.0365562	0.0138213	0.0493339	0.00279459	0.000894387	0.0462624	0.000126998	0.000241676	0.00706984	0.517374	0.00471545	0.0767982	4.89564e-05	0.0271133	0.000112559	0.00192414	0.204029	0.00246182	0.000888628	0.00743247	
0.0161025	0.00157323	0.464593	0.194398	0.00708493	0.0165813	0.0248732	0.00010162	0.0321279	0.00133957	0.00114564	0.0342308	3.94352e-05	0.0184505	0.0153162	0.0137621	0.146617	0.00903974	5.82457e-05	0.00256524	
0.184611	0.00396597	0.00409547	0.413614	0.00673668	0.0683575	0.000445073	0.00113444	0.0377071	0.00130448	0.00144482	0.00163101	0.000341972	0.0429044	0.0302164	0.0892472	0.0723181	0.0249072	0.00358425	0.0114329	
0.366019	0.0410614	0.00636401	0.00503931	0.00037294	0.0153799	0.00272978	0.0338778	0.000699806	0.117276	0.305978	0.000525545	0.000546492	0.00225376	0.000132978	0.0535672	0.0217058	0.0238777	0.00123109	0.0013613	
0.00491908	0.0041654	0.569569	0.0230352	0.026017	0.107763	0.00038373	0.00571101	0.0771075	0.0649103	0.031713	0.0322692	0.009498	0.00427966	0.0144114	0.00347558	0.00720159	0.000568165	0.0127804	0.000221777	
0.0643046	0.00541182	0.0106091	0.0898848	0.000583495	0.000635856	0.0189653	0.000653367	0.0150385	0.178031	0.00149832	0.134692	0.000113131	0.251175	0.199682	0.00855637	0.0159998	0.000441516	0.00242976	0.0012947	
0.034826	0.0179728	0.0542124	0.056704	0.000170909	0.0101916	0.0730535	0.00763901	0.0444953	0.231496	0.288621	0.0124117	0.00361586	0.0373836	0.000137443	0.0464286	0.0469176	0.0294534	0.00127974	0.00298846	
0.00210671	0.000213583	0.136073	0.0535315	0.110047	0.0642295	0.155445	0.00097828	0.0513722	0.00236155	0.00829006	0.0516253	0.000262389	0.00037725	0.000415145	0.00510319	0.0019165	0.000438719	0.116011	0.239202	
0.021126	0.0231992	0.00187934	0.00574799	0.000156693	0.000342483	0.00055971	0.631727	0.003393	0.225223	0.000821826	0.00115552	0.000107135	0.00100785	0.000200459	0.00212628	0.0121395	0.0451206	0.00224033	0.0217259	
0.00848407	0.0040812	0.021848	0.00169662	0.00790314	0.0163609	0.000160977	0.00966254	0.00321197	9.87464e-05	0.020361	0.0388908	0.492787	0.00643496	6.3039e-05	0.00791048	0.000878774	0.004748	0.346756	0.00766128	
0.00209806	0.0221606	0.00134497	0.0431341	0.000250457	0.000224273	0.00784276	0.0706157	0.0110331	0.0319393	0.00125567	0.00774839	0.00246922	0.0850467	0.00402921	0.0041247	0.015589	0.667848	0.00158335	0.0196625	
0.0437612	0.00631425	0.048408	0.248507	0.0174017	0.00816692	0.0771683	0.0482779	0.0500587	0.0032306	0.000191991	0.0188582	0.000604923	0.0716758	0.0282719	0.0502644	0.155991	0.101852	0.000537428	0.0204575	
0.00771869	0.016769	0.00101792	0.0080214	0.0269615	0.00799531	0.104093	0.000401283	0.524108	0.00637215	0.000689005	0.0516025	0.000801615	0.00464117	0.201146	0.00529358	0.0193932	0.00861074	0.00335571	0.00100798	
0.0186758	0.00382721	0.0574855	0.0640791	0.000206198	0.00141667	0.00384651	0.000846909	0.00238756	0.00098457	0.00284576	0.0222168	0.000125964	0.101785	0.00373345	0.501197	0.211931	0.00171286	0.000531492	0.000164367	
0.00419999	3.81108e-05	0.0404266	0.0337454	0.0105187	0.00027003	0.00489185	0.00555641	0.0122518	0.000140565	0.0109349	0.0417795	0.117384	0.00914312	5.37922e-05	0.00164342	0.00241203	0.00825685	0.678673	0.0176803	
0.0527388	0.00034966	0.0176776	0.168307	0.0308441	0.000394765	0.0199225	0.00709802	0.128195	0.000453656	0.00601746	0.0136107	0.00013924	0.0280739	0.455721	0.00466751	0.00730901	0.0476166	0.00104334	0.009821	
0.0340179	0.0156649	0.048237	0.0365959	0.000303004	0.0577786	0.00127315	0.000613318	0.0357768	0.474523	0.00227293	0.0861248	0.00024521	0.011117	0.000333936	0.000440432	0.181936	0.00167166	0.000193196	0.0108819	
0.0326712	0.000352449	0.0774501	0.0205569	0.0198601	0.000188455	0.00143636	0.00827892	0.0992164	0.00334054	0.00690997	0.00363854	0.00379424	0.00192386	0.649107	0.00048381	0.000835727	0.0134667	0.000286082	0.0562024	
0.141838	0.0136064	0.000206888	0.0344065	0.0128278	0.0908297	0.442443	0.02284	0.0318046	0.000341492	0.0201971	0.00207294	7.53705e-05	0.000216994	0.000159193	0.0706958	0.0325971	0.0691706	0.0134892	0.00018107	
0.538868	0.000211682	0.00522629	0.0167334	0.00938343	0.196845	0.019118	0.00118189	0.0125007	0.0230861	0.0188388	0.047457	0.000312964	0.0448888	0.000145236	0.0458101	0.0104009	0.00319864	0.00111784	0.0046756	
0.0336094	0.021396	0.00895735	0.00784623	0.0144246	0.0140537	9.79883e-05	0.0273188	0.00040447	0.000475351	0.0206121	0.0451862	0.000162207	0.510408	0.000258303	0.0836208	0.136917	0.0207632	0.0302705	0.0232178	
0.0545986	0.0169934	0.0959957	0.0300432	0.000500054	0.0888007	0.00790261	0.000509094	0.14261	0.470561	0.0181625	0.0259746	0.000676124	0.00591895	0.00127876	0.000844536	0.0219581	0.000507574	0.00027133	0.0158933	
0.00300141	0.0184373	0.122015	0.0064753	0.0165755	0.00118175	0.000148919	0.00038786	0.00027783	0.0962681	0.0238992	0.521295	0.0320901	0.0404811	0.0455498	0.000480786	0.000541806	0.00173952	0.0689953	0.000158486	
0.0601272	0.0116327	0.0217725	0.000519008	0.0605077	0.00665893	0.0771516	0.000372885	0.519963	0.0210004	0.000836232	0.000194723	0.0101558	0.00194612	0.00457576	0.00681187	0.000726707	0.0230758	0.0458464	0.126125	
0.494127	0.00279226	0.0537958	0.0222154	0.00241172	0.00589266	0.00496244	0.0292172	0.13421	0.00121969	0.00742465	0.0226625	0.000118345	0.00521575	0.00922952	0.151015	0.0508016	0.0012722	0.000179866	0.00123654	
0.0284349	0.00720885	0.0980623	0.585316	0.00459441	0.000120705	0.000118995	0.000468974	0.010468	0.0026966	0.00209501	8.57026e-05	0.000155559	0.0335219	0.000843551	0.000451651	0.00136322	0.00110387	0.222606	0.000283984	
0.0576875	0.0204336	0.0232514	0.0374346	0.00614583	0.00688672	0.0315783	0.0293178	0.00120801	0.0218282	0.0312885	0.00104626	0.000196425	0.0595003	0.000632063	0.00429924	0.601787	0.0226441	0.0185861	0.0242478	
0.539153	0.0189398	0.00081107	0.000757712	0.00073339	0.000683228	0.0176947	0.031142	0.0362107	0.0863004	0.00270978	0.02837	0.000862609	0.0277181	0.0989571	0.0100359	0.00709005	0.0592542	0.0127123	0.0198644	
0.292511	0.0057432	0.0498171	0.362577	0.000172347	0.00819526	0.00265417	0.0037812	0.0651145	0.0568338	0.000645846	0.00329083	8.36922e-05	0.0482381	0.0421404	0.00783198	0.00253298	0.0442418	0.000287297	0.00330747	
0.017718	0.0206423	0.000158637	0.160189	0.0361017	0.000188231	0.000866888	0.00749509	0.510491	0.0161915	0.00113793	0.0109194	0.000243584	0.0579368	0.085349	0.00293833	0.00977413	0.000268847	0.00703577	0.0543531	
6.52847e-05	9.55371e-05	0.000194449	0.00139321	0.147656	0.00202858	0.233738	5.37944e-05	0.193097	0.000287023	0.000882407	0.000958264	0.00565526	0.00772663	0.00698644	0.000157542	0.0219683	0.0116052	0.092296	0.273156	
0.0601308	0.00149384	0.275828	0.464005	0.00180839	0.00563495	0.00013098	0.00116904	0.0424384	0.00270852	0.00549596	0.0114295	0.0152186	0.0173359	0.000376325	0.0102288	0.000365751	0.00384101	0.0696941	0.0106672	
0.0280439	0.00713305	0.0987651	0.582963	0.00646051	0.000135476	0.000118147	0.000588926	0.0104405	0.00282327	0.00210251	8.69113e-05	0.000242845	0.0330199	0.000813192	0.000258475	0.00134899	0.00108342	0.22332	0.00025128	
0.148594	0.0126459	0.0255624	0.000370108	0.024369	0.123069	0.000101137	0.00966483	0.0147491	0.00428522	0.0171125	0.00347841	9.81089e-05	0.468399	0.000236473	0.0503053	0.0073172	0.0264311	0.0105078	0.0527028	
0.00049998	0.00722291	0.00390552	0.0038355	0.136206	0.00026975	0.0225407	0.00292089	0.0867405	0.000241529	0.00131546	0.0380846	0.0212045	0.0386331	0.0433771	0.0153354	0.0723225	0.445623	0.0540197	0.00570139	
0.094055	0.00628195	0.00397345	0.00128595	0.036982	0.00433368	0.066953	0.000221276	0.218897	0.222851	0.114831	0.0356345	0.000414911	0.100508	0.0347503	0.00678944	0.0402267	0.00364436	0.00640096	0.000965714	
0.0876402	0.00310356	0.00858147	0.064147	0.000195762	0.00167875	0.00377354	0.482855	0.0168117	0.157166	0.00701842	0.00226824	0.000214332	0.00220393	0.000331709	0.0322466	0.0394098	0.0796325	0.00816036	0.00256154	
0.00464546	7.75693e-05	0.0382954	0.0417782	0.00950196	0.000247175	0.00546089	0.00628786	0.0110801	0.000125358	0.0107978	0.0400893	0.110171	0.0120863	5.10208e-05	0.00152632	0.00573156	0.00933494	0.675801	0.0169107	
0.0357645	0.000525315	0.00171007	0.00145256	0.0220459	0.133558	0.0501684	0.0241661	0.0610329	0.00114465	0.0315518	0.0394962	8.56317e-05	0.0778819	0.00232437	0.514966	0.000269987	0.000493469	0.000879148	0.000482434	
0.063379	0.00190082	0.000292463	0.0545078	0.151237	0.0286838	0.000155694	0.00175816	0.135128	0.00735496	0.0116198	0.000405386	0.012836	0.083453	0.0295004	0.000441376	0.0223884	0.000928617	0.00737962	0.38665	
0.0536085	0.00510892	0.552107	0.0020978	0.0181598	0.00473117	0.000191475	0.000779326	0.000630135	0.0948205	0.0222392	0.0693888	0.00093059	0.0415136	0.114877	0.00535497	0.00193336	0.000330752	0.0110111	0.000185833	
0.000970002	0.0266494	0.00258671	0.00481375	0.000503557	0.00102593	0.0252022	0.250848	0.000992656	0.00896175	0.0237998	0.000692333	0.000589003	0.047531	0.000503859	0.000390035	0.362972	0.202758	0.0171742	0.0210355	
0.0721926	0.0222589	0.00707747	0.0951428	0.000892368	0.000600416	0.000835774	0.00779805	0.0308848	0.0336349	0.00251334	0.0057909	0.522754	0.0103905	0.0869101	0.0268389	0.062384	0.0076963	0.00165448	0.00174957	
0.0101136	0.0116991	0.0189709	0.0603071	0.109463	0.00937909	0.00573839	0.0139934	0.0350939	0.00267416	0.0109498	0.0117502	0.601879	0.0034046	0.000697425	0.000554874	0.00432026	0.0125372	0.0652386	0.0112355	
0.223941	0.00178691	0.0128146	0.0244985	0.0683982	0.000546408	0.000540773	0.012192	0.114136	0.0304145	0.0122136	0.0164415	0.396358	0.00113048	0.00928708	0.0248585	0.00343739	0.0306131	0.0140715	0.00232007	
0.00553666	0.0101196	0.000721848	0.0111832	8.41557e-05	0.000417174	0.000118363	0.2499	0.000719868	0.61273	0.0529622	0.00018181	0.00012014	0.000356911	0.000392605	0.000135776	0.000423562	0.0371161	0.000511044	0.0162691	
0.0951708	0.019595	0.257678	0.351754	0.00875196	0.0151396	0.0023617	0.00054133	0.0206419	0.000534998	0.0011034	0.0215916	0.0116684	0.0205796	0.000147836	0.123088	0.0481103	0.000384192	0.000838621	0.000319135	
0.104283	0.00569898	0.0953888	0.21743	0.0394096	0.0418714	0.0123258	0.0563049	0.158926	0.0464328	0.000113093	0.0113509	0.0404066	0.0170689	0.0470986	0.0726478	0.00932855	0.0210397	0.000176441	0.00269853	
0.0215683	0.00152493	0.262781	0.0537317	0.00221388	0.134866	0.0250079	0.00121826	0.067984	0.00312521	0.0417231	0.0898383	0.0298181	0.011686	0.0030091	0.183073	0.0660729	0.000100799	0.000467474	0.000190279	
0.0155215	0.000137792	0.29396	0.00590396	0.018305	0.0358269	0.13397	0.000229618	0.027646	0.0148151	0.0377615	0.00425023	0.123921	0.0113163	0.000140892	0.256486	0.0007959	0.00152232	0.0152115	0.00227846	
0.0630189	0.0232721	0.0314768	0.226468	0.0129414	0.000187951	0.00774028	0.0017996	0.0518008	0.0205695	0.00162708	0.0105947	0.457295	0.028075	0.0308086	0.00332895	0.0158712	0.000779138	0.0118232	0.000521921	
0.00872522	0.000403373	0.027566	0.0423969	0.0260497	0.0255649	0.0397678	0.00968164	0.00713132	0.000492176	0.00765541	0.167489	0.000220376	0.0210677	0.470959	0.00130095	0.00551047	0.00617188	0.0139174	0.117929	
0.0460558	0.0349311	0.0154301	0.000830595	0.112014	0.00819015	0.0991107	0.0286311	0.0425438	0.0429445	0.0035506	0.0242811	0.00590407	0.00299376	0.000430308	0.310654	0.00273837	0.00782009	0.024842	0.186103	
0.0451924	0.00376075	0.0053674	0.00571384	0.0585291	0.000188713	0.00012903	0.0619984	0.004755	0.0184364	0.0118988	0.00310474	0.242567	0.0916539	0.00012996	0.0124786	0.00486789	0.000142316	0.0345277	0.394558	
0.130262	0.0046701	0.0301885	0.138109	0.0399964	0.108311	0.107222	0.00563268	0.0837515	0.0101464	0.00492281	0.155319	4.52379e-05	0.0242149	0.0332746	0.0719323	0.0193311	0.00915479	0.00268722	0.0208287	
0.130262	0.0046701	0.0301885	0.138109	0.0399964	0.108311	0.107222	0.00563268	0.0837515	0.0101464	0.00492281	0.155319	4.52379e-05	0.0242149	0.0332746	0.0719323	0.0193311	0.00915479	0.00268722	0.0208287	
0.00245548	0.0222788	0.613691	0.0662995	0.0223645	0.000232744	0.00788397	0.023098	0.00129685	0.0139231	0.0261243	0.0146125	0.00345311	0.0560435	0.00693436	0.0521391	0.0370582	0.000487629	0.029379	0.00024456	
0.0767611	0.00534759	0.0147056	0.0316517	0.0030192	0.000315863	0.000310684	0.0454483	0.0115552	0.00110046	0.000957665	0.0158953	0.476586	0.0006281	0.115353	0.0134373	0.00274368	0.169754	0.00021946	0.01421	
0.0251482	0.000342865	0.0855965	0.0217133	0.0153175	0.000219676	0.000338089	0.00906569	0.0925939	0.00473009	0.0124608	0.00548558	0.00545136	0.000869741	0.656215	0.000399154	0.000942577	0.00459561	0.000367274	0.0581469	
0.0559379	0.000116821	0.000323436	0.0469161	0.00939665	0.0341674	0.000154117	0.00480692	0.148294	0.00108952	0.0145219	0.000301596	0.0189279	0.0479479	0.0430853	0.000654893	0.019175	0.00322977	0.0394069	0.511546	
0.507485	0.027036	0.0110942	0.00955839	0.000104519	0.0220988	0.0127506	0.000158663	0.180772	0.00436886	0.0016488	0.0282981	8.6514e-05	0.054844	0.0811646	0.0287321	0.0168514	0.0123187	0.000360273	0.000268528	
0.0215683	0.00152493	0.262781	0.0537317	0.00221388	0.134866	0.0250079	0.00121826	0.067984	0.00312521	0.0417231	0.0898383	0.0298181	0.011686	0.0030091	0.183073	0.0660729	0.000100799	0.000467474	0.000190279	
0.00869647	0.0438911	0.0123347	0.0104856	0.011671	0.00792722	0.000385976	0.253043	0.00253868	0.379761	0.0257998	0.00103514	0.013938	0.00716178	0.00806963	0.0220517	0.000552774	0.18076	0.000479095	0.00941739	
0.027453	0.00754199	0.454822	0.0654101	0.00101188	0.0634881	0.0171266	0.000471996	0.106403	0.00417701	0.00727318	0.0417331	0.0689771	0.0207343	0.00734743	0.070311	0.0343194	0.000833992	0.000388567	0.000176078	
0.104283	0.00569898	0.0953888	0.21743	0.0394096	0.0418714	0.0123258	0.0563049	0.158926	0.0464328	0.000113093	0.0113509	0.0404066	0.0170689	0.0470986	0.0726478	0.00932855	0.0210397	0.000176441	0.00269853	
0.104283	0.00569898	0.0953888	0.21743	0.0394096	0.0418714	0.0123258	0.0563049	0.158926	0.0464328	0.000113093	0.0113509	0.0404066	0.0170689	0.0470986	0.0726478	0.00932855	0.0210397	0.000176441	0.00269853	
0.00475462	0.00878169	0.0442453	0.0119714	0.0275658	0.012448	0.000568204	0.0110504	0.0131529	0.000397294	0.0164671	0.0546238	0.449799	0.00686074	0.000150867	0.00318093	0.000835269	0.0174295	0.305891	0.00982623	
0.15911	0.00465682	0.0152278	0.00881828	0.00197143	0.0240365	0.0144341	0.000186933	0.147485	0.305268	0.0707306	0.0195052	0.000289204	0.0246423	0.0843543	0.0411402	0.047891	0.0184838	0.0113294	0.000438946	
0.0589617	0.00297453	0.00472657	0.0050471	0.00425268	0.0486945	0.0160095	0.000850863	0.00134694	0.00194292	0.00222385	0.0324534	0.0126629	0.0269746	0.000661431	0.135865	0.598964	0.00163579	0.00280874	0.0409436	
0.00170349	0.0175939	0.000208541	0.524105	0.0380055	0.00150644	0.0317706	0.0209043	0.000396563	0.0498497	0.0205343	0.0251655	0.0199817	0.000414044	0.0118161	0.0277236	0.119481	0.000383047	0.0295826	0.0588747	
0.0186927	0.211663	0.0113986	0.0238909	0.000310783	0.00104649	0.0211216	0.016447	0.0465264	0.0011915	0.0326289	0.176571	0.00168985	0.0853285	0.00105129	0.343906	0.000641043	0.00520737	0.000411631	0.000275572	
0.104075	0.0169923	0.000199768	0.068102	0.0297309	0.000227855	0.000756396	0.00433299	0.568953	0.00279552	0.00278267	0.000353232	0.000411101	0.0275306	0.0261854	0.00527677	0.000486923	0.000288035	0.011552	0.128968	
0.0109346	0.0147125	0.699837	0.0279101	0.0001396	0.00252201	0.000683355	0.000740742	0.022075	0.0911445	0.00118804	0.0305462	0.00119844	0.0250966	0.000418697	0.00736403	0.0392284	0.0155958	0.00825557	0.000408631	
0.000214131	0.0125163	0.0029034	0.0486858	0.00907061	0.0274848	0.000843627	6.84958e-05	0.000102333	0.175541	0.000726081	0.0232576	4.10991e-05	0.0711518	0.000167278	0.000108185	0.593101	0.0138539	0.0186986	0.00146338	
0.00681522	0.00834392	0.00122814	0.0782217	0.0115081	0.000906864	0.00182267	0.282949	0.00750826	0.239154	0.00308748	0.000610626	0.00142261	0.0127574	0.00148473	0.00204746	0.000628465	0.27609	0.00368952	0.0597239	
0.270968	0.00317192	0.0597	0.391921	0.000229472	0.0145922	0.000837585	0.00517924	0.0432615	0.0393387	0.00187136	0.00288532	6.29343e-05	0.0616743	0.0431456	0.00851298	0.00404828	0.0468646	0.000421547	0.00131308	
0.126368	0.00132278	0.000797302	0.00188753	0.202664	0.000749031	0.00499358	0.044956	0.00468678	0.0513717	0.0692437	0.00774101	0.00522019	0.0139798	0.000570624	0.00923381	0.0703165	0.37907	0.00307981	0.00174769	
0.0538572	0.0197701	0.000941982	0.00867627	0.000461205	0.000405402	0.000945225	0.133866	0.0277852	0.477114	0.0786592	0.00116649	0.000173789	0.00536348	0.00254529	0.00131018	0.0304881	0.109201	0.00552729	0.0417433	
0.011947	0.00581968	0.0101549	0.0204448	0.00967737	0.0150998	0.000178264	0.0136356	0.0114052	0.000133792	0.0232374	0.0321962	0.564809	0.00500291	6.24856e-05	0.00925257	0.000836558	0.00214025	0.254081	0.00988544	
0.0239146	0.0253553	0.0117475	0.0198788	0.223823	0.000915451	0.000453841	0.0462703	0.0157992	0.0779965	0.000836844	0.00118357	0.000403353	0.00744676	0.000271107	0.00123058	0.00303297	0.00573494	0.000838627	0.532867	
0.00427896	3.6515e-05	0.0418501	0.0354427	0.0105606	0.000262552	0.00583357	0.00667824	0.0108837	0.000144826	0.0113339	0.0429036	0.110242	0.0113108	4.57032e-05	0.00175642	0.00249375	0.0104961	0.67739	0.0160559	
0.0591591	0.002046	0.024793	0.187415	0.0643898	0.0503264	0.105948	0.00294629	0.0665111	0.00955348	0.0272252	0.211591	6.51027e-05	0.0530085	0.0227151	0.0428708	0.0410599	0.00400059	0.00129683	0.0230787	
0.0437217	0.031689	0.266989	0.252733	0.00922261	0.0286923	0.00094733	0.000980894	0.0285088	0.00189567	0.00515051	0.0327462	0.00394407	0.0166768	0.000467198	0.244738	0.0268715	0.0017556	0.0015566	0.000713135	
0.0496023	0.00433299	0.0501545	0.25765	0.0135248	0.00700047	0.0643047	0.040635	0.0467801	0.01226	0.000193668	0.0156874	0.000430729	0.0735675	0.0267887	0.0556778	0.168903	0.0978972	0.000340644	0.0142685	
0.000910575	0.019345	0.0020739	0.00113116	0.000235322	0.000307158	0.00509339	0.844307	0.000612387	0.0111655	0.00912887	0.0152189	0.00200561	0.015459	0.000295587	0.000407307	0.000925606	0.0483632	0.0147413	0.00827328	
0.362157	0.000667526	0.000743329	0.0198149	0.072049	0.000397685	0.0014065	0.0228281	0.128939	0.0870562	0.00253205	0.00069294	0.000108203	0.0232191	0.00562034	0.0515428	0.0199417	0.182185	0.000888051	0.0172097	
0.012091	0.00761473	0.00922096	0.0241259	0.0559803	0.00630958	0.00264434	0.00787248	0.023678	0.00127599	0.0140652	0.0120258	0.615465	0.00462213	0.00053106	0.00291173	0.00308717	0.00304493	0.182177	0.011257	
0.205458	0.00139918	0.121474	0.076299	0.00166858	0.00483264	0.00783339	0.00075775	0.00249748	0.0375424	0.0402639	0.0418745	0.000167749	0.238432	0.0629475	0.0289975	0.0832358	0.0259892	0.00261519	0.0157138	
0.00500365	0.00965716	0.000606281	0.0107594	7.90391e-05	0.000418685	0.000104533	0.254499	0.000518115	0.612222	0.0516756	0.000172415	0.000121369	0.000335532	0.000366307	0.000121573	0.000169288	0.036524	0.000535789	0.0161103	
0.0629015	0.000332296	0.000717329	0.00957046	0.00191872	4.111e-05	0.000849338	0.0221849	0.203667	0.329725	0.00189063	0.0198558	2.81814e-05	0.136584	0.142058	0.0310923	0.0155288	0.0202377	0.000544124	0.000272809	
0.426591	0.000268518	0.0469967	0.094538	0.00455836	0.0050557	0.000468334	0.0012449	0.0446739	0.000761603	0.00142355	0.0106098	0.000133437	0.0158674	0.0142852	0.229126	0.0764974	0.0234763	0.00110391	0.00231978	
0.00407661	0.00465605	0.00658888	0.00331503	0.0102522	0.53193	0.0049406	0.00910547	0.0305211	0.0937157	0.0264504	0.186352	0.00426345	0.0548457	0.00403566	0.00835382	0.0106631	0.000307833	0.00160175	0.00402463	
0.0077425	0.00335359	0.108286	0.0536909	0.0157323	0.0165397	0.0402929	0.000608098	0.487118	0.00225748	0.00136929	0.0296665	0.000381809	0.0596127	0.130979	0.0178098	0.014888	0.00550656	0.00322339	0.000941543	
0.000733971	0.0525683	0.0832894	0.0250395	0.0133949	0.000609319	0.000422112	0.000317049	0.0948624	0.00213416	0.000340234	0.0786265	0.0082675	0.0558968	0.22835	0.0325312	0.269158	0.0521582	0.000787845	0.0005121	
0.00539525	0.0131604	0.000427061	0.0102143	0.000126967	0.000134439	0.0012224	0.0991258	0.0107315	0.0385544	0.00409114	0.00141024	0.000206817	0.0282571	0.000483546	0.00797972	0.01688	0.742607	0.0010058	0.0179866	
0.00500345	0.00971153	0.000605839	0.0107946	8.13825e-05	0.000419375	0.000105191	0.252079	0.000518273	0.614317	0.0520533	0.000171536	0.000121578	0.000339049	0.000371703	0.000124017	0.000127759	0.0364075	0.00053403	0.0161134	
0.00787719	0.0242632	0.0107476	0.0172399	0.000570751	0.00397104	0.0159133	0.566223	0.00112016	0.00995054	0.000570632	0.00154033	0.00871332	0.0382482	0.00054716	0.00144443	0.000615197	0.233688	0.0312983	0.0254572	
0.452194	0.0145068	0.00151662	0.00366237	0.000620707	0.012796	0.0658003	0.00109372	0.0118982	0.000948831	0.00740069	0.00277523	0.000136922	0.0458444	0.00133269	0.179185	0.0781655	0.119263	0.000536241	0.000323009	
0.467651	0.0198514	0.00148078	0.000601623	0.0320095	0.000307324	0.0222064	0.0147848	0.0853129	0.0964888	0.0192642	0.0472175	0.000145148	0.0564646	0.0285192	0.000517292	0.000418133	0.00236163	0.0239153	0.0804822	
0.000519933	0.000367079	0.0667093	0.0976685	0.000333248	0.0218076	0.0335595	0.00646618	0.0452326	0.00086015	0.0252199	0.00714488	0.000121658	0.0602061	0.0143541	0.577173	0.0107855	0.0306228	0.000414639	0.000433677	
0.0313561	0.0978678	0.0639979	0.0893087	0.000736711	0.0363625	0.000559088	0.0432266	0.0304267	0.344577	0.00153196	0.0376103	0.000233248	0.000655019	0.000326922	0.0126596	0.19059	0.000271733	0.000888607	0.0168145	
0.555107	0.000233038	0.000706094	0.00142888	0.00370594	0.171759	0.0370179	0.00147061	0.0421215	0.0150605	0.0254394	0.00430808	6.75758e-05	0.0970573	0.000106622	0.0394754	0.000785776	0.000398567	0.000666717	0.00308429	
0.00500345	0.00971153	0.000605839	0.0107946	8.13825e-05	0.000419375	0.000105191	0.252079	0.000518273	0.614317	0.0520533	0.000171536	0.000121578	0.000339049	0.000371703	0.000124017	0.000127759	0.0364075	0.00053403	0.0161134	
0.00602858	0.0134488	0.000485197	0.00839461	0.000136018	0.000144352	0.0011351	0.098418	0.0122113	0.0373623	0.00445381	0.00147967	0.000275552	0.0276165	0.000511265	0.00892577	0.0139284	0.746357	0.000908617	0.0177787	
0.0712165	0.0140098	0.0314719	0.000552942	0.0280944	0.0444559	0.00290228	0.00103775	0.593581	0.00872552	0.000377503	0.000196441	0.00211524	0.0179736	0.00255058	0.03483	0.00528186	0.0346109	0.0271707	0.078845	
0.0230286	0.000186924	0.00021586	0.0447556	0.00347213	0.141956	0.343371	0.0037129	0.0414327	0.0282794	0.0744784	0.00028483	0.000146481	0.00463911	0.000279618	0.00921941	0.0183479	0.0173882	0.00745568	0.237349	
0.0474374	0.00388515	0.0299304	0.0383994	0.0657136	0.0128305	0.000472751	0.0687135	0.0418534	0.660225	0.00311083	0.00256196	0.000133436	0.000868326	0.000727391	0.000972307	0.00234411	0.00988908	0.00533334	0.00459847	
0.0022082	0.00126078	0.594295	0.161408	0.0444709	0.00977307	0.000135894	0.00175812	0.0570106	0.0308971	0.0153282	0.0325601	0.0184727	0.0029307	0.00113119	0.0100872	0.000574224	0.000130505	0.00635036	0.00921691	
0.0184704	0.00538768	0.088889	0.107492	0.0134514	0.254486	0.0475196	0.000208881	0.0454375	0.0228466	0.00142108	0.302928	0.000275799	0.0653703	0.00442375	0.0199239	0.00017647	0.000304249	0.000872861	0.000114744	
0.00084441	0.0179036	0.00314012	0.0260758	0.000391005	0.000367771	0.00113432	0.445847	0.00131498	0.172729	0.155001	0.00436046	0.000156079	0.00101803	0.00817389	0.000477174	0.0138218	0.123223	0.000900245	0.023121	
0.00372408	0.000367618	0.0508443	0.0338312	0.0205168	0.0259924	0.00156297	0.000304217	0.00239059	0.0318899	0.0362655	0.0220548	0.093321	0.0576773	8.99038e-05	0.512725	0.0810961	0.00543772	0.0181309	0.00177798	
0.00308599	0.000289876	0.603976	0.161582	0.042041	0.00985924	0.000161491	0.00423527	0.0500814	0.0218592	0.0159962	0.0317956	0.0280007	0.00263326	0.00318062	0.00556572	0.00219555	0.000136842	0.00721445	0.00610909	
0.0951708	0.019595	0.257678	0.351754	0.00875196	0.0151396	0.0023617	0.00054133	0.0206419	0.000534998	0.0011034	0.0215916	0.0116684	0.0205796	0.000147836	0.123088	0.0481103	0.000384192	0.000838621	0.000319135	
0.151773	0.00366055	0.386759	0.170697	0.00154443	0.0493562	0.000373467	0.000911229	0.0856068	0.000991019	0.0159944	0.000459434	0.000254588	0.0239459	0.000757204	0.0143145	0.0351438	0.0526263	0.00447993	0.00035165	
0.000804407	0.0193463	0.00187461	0.00106447	0.000242242	0.000294315	0.005166	0.844021	0.000610006	0.0111897	0.00910333	0.0150917	0.0019562	0.0154875	0.000300244	0.000404707	0.000918859	0.0487952	0.0147675	0.0085621	
0.252742	0.00313419	0.000674398	0.00721028	0.0599218	0.00351547	0.00982338	0.0272954	0.00151622	0.0855406	0.0525032	0.00129453	0.0225884	0.00610342	0.000351641	0.0176839	0.108962	0.323557	0.00359306	0.0119901	
0.0211	0.00168251	0.0912283	0.134719	0.0124923	0.229714	0.0468348	0.000597506	0.0582025	0.032189	0.0051988	0.272178	0.000528829	0.0607263	0.00413369	0.0262601	0.000388135	0.000230432	0.000814188	0.000781877	
0.00301434	0.00579125	0.00481121	0.00777498	0.0248339	0.00105144	0.00951446	0.0530484	0.0158075	0.715799	0.00988977	0.0022114	0.00150857	0.00511573	0.00600491	0.000438495	0.00232263	0.123847	0.00130225	0.00591271	
0.00721307	0.00624947	0.0365533	0.14733	0.0189846	0.00247289	0.00270962	0.000333691	0.000409301	0.0462844	0.0328226	0.550945	0.00930747	0.0340076	0.0015334	0.021417	0.0162553	0.00661339	0.0582874	0.000269681	
0.0187112	0.0254268	0.00694413	0.0106113	0.00016472	0.00407431	0.000555779	0.631058	0.00233847	0.225038	0.000551148	0.00128117	0.000111055	0.000798545	0.000199785	0.000766124	0.0118773	0.0336492	0.00210035	0.0237418	
0.0117802	0.00508897	0.00826614	0.0177868	0.00938022	0.011288	0.000212055	0.0128664	0.0108778	0.000143446	0.0221527	0.0309494	0.559725	0.00503313	6.97579e-05	0.00866086	0.000869412	0.00163782	0.273281	0.00993134	
0.000225627	0.0123168	0.000121415	0.0511775	0.00859755	0.0277432	7.84826e-05	7.34154e-05	9.26241e-05	0.174578	0.000833908	0.0249291	4.58236e-05	0.0734948	0.000150433	0.0001076	0.592162	0.0136806	0.0195046	8.65553e-05	
0.124048	0.00408387	0.000416981	0.000565515	0.0137201	0.544458	0.0685837	0.0186981	0.053657	0.0015026	0.029903	0.0192	7.81833e-05	0.0783314	0.000130194	0.0214326	0.000258387	0.000204004	0.0082703	0.0124581	
0.0960101	0.0575203	0.00939149	0.0106269	0.0204206	0.000468564	0.000924424	0.352579	0.0116928	0.0322533	0.0368466	0.025614	0.0174554	0.0298294	0.0308273	0.00213055	0.0260895	0.203869	0.00534118	0.0301102	
0.0117366	0.00328327	0.0162588	0.0167345	0.0554562	0.00324423	0.00359803	0.0711477	0.0148204	0.653035	0.0359205	0.0183433	0.000653671	0.00239115	0.0180704	0.000537765	0.00767833	0.0619121	0.000420595	0.00475772	
0.0189717	0.00237861	0.000505394	0.0281267	0.0254812	0.00313792	0.016068	0.0554774	0.17498	0.0553293	0.00567058	0.00971883	7.92662e-05	0.057117	0.183536	0.0416976	0.0405583	0.236879	0.00590352	0.0383834	
0.03504	0.00114375	0.00145245	0.0260265	0.0735686	0.0159052	0.000105041	0.0711039	0.0386633	0.0219763	0.0112376	0.000301853	0.0908779	0.0538151	0.023324	0.00424604	0.0152828	0.00253506	0.0260147	0.48738	
0.00734091	0.012061	0.127077	0.472785	0.00760932	0.000199043	0.000254443	0.0561251	0.0173845	0.0101165	0.00386343	0.00720696	0.00281919	0.00780819	0.0456987	0.178847	0.0218894	0.0124057	0.0077886	0.000720318	
0.0381333	0.00272865	0.0244011	0.0358122	0.0810515	0.0361881	0.000364859	0.0464354	0.0433895	0.651506	0.00522114	0.0117414	0.00013622	0.000761186	0.000407673	0.000950468	0.00379946	0.00625922	0.00809215	0.00262066	
0.00144792	0.0147939	0.62586	0.0085552	0.0170364	0.000315087	0.000310761	0.00304544	0.00279388	0.0758362	0.021323	0.0419331	0.0244019	0.0523148	0.0475096	0.00492019	0.00795817	0.00155994	0.0479062	0.000177774	
