0.0174369	0.000421912	0.002069	0.0129514	0.00105188	0.000126244	0.0061327	0.000300286	0.608064	0.000315516	0.00118549	0.00367145	5.87324e-05	0.101909	0.00939749	0.0356308	0.19744	0.000418758	0.000603698	0.000814633	
0.00333948	0.0177303	0.00164222	0.00127466	0.00715923	0.000138613	0.000300993	0.120645	0.00204225	0.749098	0.0296149	0.00227103	2.81133e-05	0.000968814	0.00185582	0.000563122	0.00132398	0.054584	0.000237868	0.00518105	
0.00234856	0.0203064	0.000720165	0.00997332	0.000326085	0.00018013	0.0287902	0.0824874	0.0271355	0.000660584	0.000887669	0.010916	0.0105655	0.0550002	0.0120573	0.0132648	0.0200888	0.609662	0.0744239	0.0202052	
0.0568628	0.0028123	0.115292	0.063959	0.034009	0.0552259	0.00201932	0.0184933	0.00464505	0.535756	0.0543757	0.04553	0.000332983	0.00223769	0.000494569	0.000476384	0.00250033	0.000573744	0.00262673	0.00177752	
0.00284412	0.041202	0.000435924	0.0219982	0.006733	0.00010445	0.000769777	0.309174	0.000968839	0.285506	0.0150528	0.00040756	0.000271383	0.00196308	0.000139872	0.0056906	0.000255937	0.301747	0.000976988	0.00375846	
0.000304519	0.000127175	0.000310718	0.000609474	0.0144712	0.485942	0.0181126	0.0141039	0.0752129	0.0707056	0.0198437	0.0227284	0.00691339	0.127836	5.1375e-05	0.00181337	0.0358777	0.000128373	0.000261103	0.104646	
0.000299151	0.0138605	0.00060356	0.425343	0.00184209	0.000192917	0.00414197	0.000670873	0.000168645	0.0113108	0.00184104	0.0207833	2.27017e-05	0.150588	7.56868e-05	0.0148267	0.328547	0.000169234	0.0234927	0.00121985	
0.00162096	0.000208836	0.0637371	0.059815	0.000187393	0.08288	0.0364003	0.0275986	0.0634382	0.00086823	0.0257269	0.0463878	0.000146589	0.0587967	0.0117871	0.472409	0.000275866	0.032302	0.0151778	0.000235761	
0.0970429	0.0127263	0.0282875	0.372227	0.00126288	0.000105792	0.033037	0.00872902	0.0151044	0.0135181	0.00283473	0.00226356	0.000597601	0.115053	0.00802157	0.0168303	0.174852	0.0810058	0.0157198	0.000780891	
0.0113754	0.00038304	0.0200692	0.102298	0.00466666	7.56662e-05	0.0103379	0.00659157	0.0229561	7.16751e-05	0.00712681	0.023724	0.0479786	0.0247786	5.07456e-05	6.21093e-05	0.0144676	0.0171966	0.679495	0.0062942	
0.253114	0.000656334	0.0471998	0.163945	0.000364078	9.46081e-05	0.000356212	0.00435908	0.0253942	0.232322	0.00796763	0.0209891	4.62198e-05	0.143156	0.0641968	0.0081204	0.00610696	0.0114962	0.00413966	0.00597519	
0.0267055	0.0216086	0.0241894	0.255033	0.000383506	0.00214196	0.000359737	0.00025519	0.145616	0.377943	0.0042422	0.00234059	8.66683e-05	0.0341545	0.000179889	0.040833	0.0428615	0.000251813	0.0024368	0.018378	
0.0356116	0.0160711	0.00481939	0.0308143	0.0291498	0.0432302	0.000208304	0.000332004	0.00034201	0.0476964	0.0247681	0.581324	0.0562402	0.0568762	0.0151491	0.000775217	0.000655424	0.0139878	0.0417652	0.000183423	
0.114528	0.0102983	0.0358548	0.00308604	0.0230648	0.000198727	0.00494407	0.00256173	0.072263	0.0722622	0.000449807	0.000887302	0.000951858	0.0548402	0.489015	0.000450569	0.000417527	0.0257848	0.000243398	0.0878969	
0.000141731	0.00686456	0.0123362	0.203429	0.00376428	0.000307905	0.0228775	0.000108123	0.000189061	0.0118604	0.000242239	0.000366789	2.82236e-05	0.0764352	7.5847e-05	0.0088222	0.631953	0.011061	0.00660049	0.0025363	
0.000303972	0.00013723	0.000308064	0.000617948	0.0146326	0.490049	0.0178579	0.014051	0.0724821	0.0701985	0.019058	0.0236326	0.00731242	0.128101	5.51888e-05	0.00192817	0.03589	0.000126027	0.000270592	0.102988	
0.0223894	0.0027049	0.0315085	0.12553	0.000152126	3.9836e-05	0.0158008	0.0170356	0.0255215	0.000260308	0.012618	0.0397384	0.0684962	0.0335819	3.85303e-05	5.42177e-05	0.0321554	0.0382397	0.533912	0.000223606	
0.0384435	0.000139039	0.00153855	0.00498	0.0211114	5.44027e-05	0.219426	0.0036975	0.0188558	0.0101872	0.00814375	8.59803e-05	5.86776e-05	0.0167442	0.0149413	0.00440323	0.226608	0.17825	0.0339904	0.198341	
0.0014852	0.013473	0.748346	0.00975834	0.015847	0.00230822	0.0013678	0.00130603	0.00141862	0.0590943	0.0197386	0.0349808	0.0205447	0.0272541	0.00808083	0.00236116	0.0013421	0.000296269	0.0309021	9.49908e-05	
0.15406	0.0128074	0.000582233	0.00114874	0.000528653	0.00755853	0.0515743	0.073344	0.0255732	0.000615974	0.00234432	0.00855448	0.00013295	0.0539537	0.00392377	0.00263968	0.0205412	0.551195	0.010925	0.0179971	
0.0295209	0.00912743	0.517155	0.0764201	0.000140842	0.0458876	0.00686302	0.000332431	0.059065	0.00646519	0.000775471	0.043951	0.127376	0.0175267	0.00913209	0.0337786	0.014811	0.000898293	0.000586301	0.000186403	
0.0239927	0.014858	0.110137	0.0417925	0.00269466	0.00812101	0.000205988	0.00297619	0.0366085	0.613457	0.00198066	0.0554202	8.61155e-05	0.00199364	0.000332753	0.00580604	0.0531883	0.00924017	0.00703371	0.0100752	
0.0167089	0.0113252	0.0779983	0.0139649	0.00100201	0.00605481	0.0557597	0.000435875	0.00108952	0.000781576	0.00139352	0.0396751	0.000143611	0.0190154	0.00870108	0.483281	0.253972	0.00782064	0.000302514	0.000574205	
0.0375131	0.000195681	0.17203	0.41427	0.000103745	0.00227925	0.000224824	0.000321979	0.0319248	0.0129782	0.00288343	0.00118074	0.245582	0.0100232	0.000139717	0.0430729	0.0134129	0.011303	0.000350915	0.000208947	
0.022389	0.00510825	0.0138371	0.0833799	0.00174345	0.000272323	0.000836713	0.0147393	0.404444	0.109714	0.000187649	0.0395224	0.000110776	0.158291	0.0440444	0.00497206	0.0775898	0.0158095	0.00177845	0.00122943	
0.0216023	0.00300312	0.00564524	0.265125	0.00353675	0.000237571	0.0122253	0.0777311	0.0538103	0.104422	0.00139256	0.000788334	0.000195463	0.0364808	0.209824	0.000490475	0.00179864	0.180014	0.00119485	0.0204818	
0.234849	0.00107912	0.0190271	0.177893	0.0023312	0.00927896	0.00122718	0.206947	0.029212	0.00101291	0.00269448	0.0395774	9.11607e-05	0.0232364	0.0450554	0.102989	0.0504441	0.0401767	0.0114465	0.00143074	
0.000227426	0.0133634	0.0012017	0.474743	0.00432201	0.000130375	0.00209867	0.00486289	0.000175084	0.00570477	0.00497138	0.0211451	0.000220818	0.0937519	0.000501983	0.0257444	0.307372	0.000183176	0.0333239	0.00595543	
0.679379	0.00440395	0.00922016	0.00125056	0.0140194	0.0651212	0.0397448	0.00542836	0.021186	0.00149295	0.00814389	0.0326993	0.000111733	0.0634288	0.000339387	0.00898923	0.00835555	0.0142864	0.0041567	0.0182427	
0.504198	0.00860256	0.000730605	0.00637921	0.000278416	0.00129836	0.0157554	0.0189042	0.166407	0.0284804	0.00135464	0.00110442	2.82514e-05	0.0250859	0.102707	0.0153424	0.018923	0.0719492	0.000553635	0.0119175	
0.0257106	0.00388341	0.0150574	0.0811383	0.00389304	0.00896055	0.0428405	0.0181891	0.363076	0.0124513	0.0105196	0.0519648	3.92424e-05	0.0765675	0.200615	0.0191034	0.0549472	0.0105903	0.000303472	0.00014928	
0.576329	0.00807613	0.000280924	0.000225192	0.00563308	0.115994	0.0408917	0.0113026	0.0451784	0.0486649	0.0189353	0.00513241	9.1703e-05	0.102739	4.15513e-05	0.0135951	0.000415293	0.000135061	0.000356349	0.00598254	
0.0596244	0.00041702	0.000687688	0.000556449	0.095667	0.568088	0.0448396	0.00410934	0.0472776	0.0292064	0.0250657	0.00969443	0.000545972	0.0732343	0.00013936	0.0133594	0.000907006	0.000322967	0.000355425	0.0259022	
0.0203509	0.00348672	0.014295	0.0812147	0.00401564	0.00794143	0.0421254	0.0208414	0.372736	0.0122183	0.00957722	0.0442362	3.60833e-05	0.0792947	0.20147	0.0181176	0.0558219	0.0117313	0.000349667	0.000139576	
0.246965	0.0128042	0.000531651	0.0145927	0.0016579	0.000133004	0.00396547	0.0380384	0.0776996	0.29312	0.039885	0.00994248	9.10538e-05	0.00964846	0.0354133	0.000168868	0.0440413	0.0393742	0.0180641	0.113863	
0.0227889	0.0067595	0.00121263	0.00506561	0.000139769	0.000317158	0.000363689	0.168244	0.000779468	0.641691	0.0916113	0.00027275	6.85626e-05	0.00376735	7.19258e-05	0.00294557	0.0032043	0.0338143	0.00117195	0.0157095	
0.132566	0.0550878	0.000559833	0.00130389	0.000118966	0.0114984	0.0770871	0.00901762	0.365956	0.04258	0.0143838	0.0120026	5.71534e-05	0.035045	0.186195	0.000141128	0.0106301	0.0261608	0.00128251	0.0183261	
0.112203	0.00383134	0.159986	0.416754	0.0256467	0.000182376	0.000101149	0.00063868	0.142335	0.000211543	0.00946941	0.00321305	0.000128354	0.0844197	0.0237474	0.00139797	0.000694552	0.000869799	0.0114134	0.00275677	
0.316405	0.00776739	0.00361723	0.200644	0.0170212	0.0312544	0.0884695	0.00139444	0.0799002	0.0044421	0.0245985	0.126196	0.000168362	0.0236678	0.00940057	0.0535914	0.00107727	0.00662566	0.0026797	0.00107942	
0.0307369	0.0126124	0.0850314	0.0301774	0.00217889	0.340247	0.0259394	7.03446e-05	0.0827906	0.0247519	0.000316721	0.248249	2.84855e-05	0.0990017	0.00316063	0.000710612	0.0130779	0.000132312	0.000519518	0.000267179	
0.0574033	0.000292443	0.00141595	0.0174741	0.307885	0.00110929	0.000551656	0.0857417	0.0731945	0.154678	0.01128	0.00176501	0.000249258	0.00205972	0.0191734	0.000472343	0.0024023	0.0709625	0.00127	0.190619	
0.0744725	0.00411202	0.0948662	0.133985	0.01324	0.00225288	0.0248039	0.00892167	0.0442735	0.11625	0.0363184	0.00676417	0.00105551	0.0446973	0.0262531	0.0925845	0.15366	0.116156	0.000845647	0.00448844	
0.0209965	0.0148879	0.0189798	0.0117932	0.0648509	0.00219168	0.000401443	0.00817865	0.0419804	0.0161277	0.0138537	0.109559	0.52087	0.0011965	0.000219973	0.00141557	0.00156348	0.0265972	0.0172858	0.10705	
0.0130592	6.6218e-05	0.650226	0.0228165	8.73401e-05	0.00678629	0.0176535	0.000136884	0.000631815	0.000139653	0.0027729	0.0205786	1.56327e-05	0.144577	0.00383495	0.00974356	0.0964717	0.00319687	0.00703292	0.0001723	
0.0319984	0.0029556	0.00052944	0.00867121	0.0265745	0.00267097	0.0539017	0.299328	0.0625924	0.121145	0.00974561	0.000284474	0.000123363	0.00433394	0.0142705	0.00191995	0.0212265	0.262347	0.00993326	0.0654483	
0.514632	0.0448616	0.000317612	0.00218552	0.0014744	0.00194007	0.0177676	0.00996368	0.128076	0.0349292	0.00179387	0.0058912	5.8724e-05	0.0483829	0.0688076	0.00870765	0.0127039	0.0796043	0.00363283	0.0142692	
0.0229709	0.00386708	0.000107846	0.0461528	0.0738909	0.00121877	0.12644	0.000454888	0.299907	2.33551e-05	0.0288984	0.000123387	8.29564e-05	0.000198846	8.08314e-05	4.20571e-05	0.0242545	0.000499293	0.0497709	0.321015	
0.000141551	0.00686619	0.0123372	0.203567	0.00376414	0.000308032	0.022883	0.000108123	0.000189062	0.0116833	0.000239264	0.000359075	2.82236e-05	0.0766404	7.57231e-05	0.00882502	0.631829	0.0110605	0.00661265	0.00248241	
0.00102774	0.0204183	0.00270073	0.00134288	0.00640475	0.000343875	0.00345944	0.0438404	0.00849826	0.226085	0.0423296	0.0283885	0.000436726	0.00250067	0.000693175	0.00277081	0.0441993	0.541907	0.00286932	0.0197835	
0.0347392	0.00994495	0.0770345	0.0484456	0.00113576	0.0477106	0.000352194	0.000297757	0.0280893	0.552199	0.00723657	0.060842	6.25686e-05	0.0119526	0.000324674	0.00944129	0.0798367	0.000313232	0.000747574	0.0292943	
0.00287734	0.00101149	0.00588063	0.006216	0.021896	0.000160079	0.000865839	0.00364533	0.594719	0.000670899	0.000345196	0.00863866	0.000194435	0.0207196	0.0906	0.0394841	0.102635	0.0956319	0.000191667	0.0036166	
0.561118	0.00363944	0.000595618	0.00236404	0.00306112	0.000335629	0.0341215	0.0362753	0.0639546	0.0964912	0.0245675	0.0305847	0.000122234	0.0541644	0.053615	0.0181937	0.000395629	0.000403064	0.0124931	0.00350434	
0.00295022	0.0183257	0.00234855	0.00395914	0.000278132	0.0011945	0.00117348	0.764763	0.00700165	0.0149352	0.00519747	0.0369311	0.000536154	0.0562756	0.000302463	0.000465587	0.000276152	0.0659208	0.0123705	0.00479497	
0.0174024	0.00310124	0.0219421	0.0662427	0.00323254	0.00723912	0.0422843	0.0170415	0.371173	0.0117646	0.0146019	0.0468859	4.44203e-05	0.0737549	0.209941	0.0163774	0.0569256	0.0194618	0.000407988	0.000176464	
0.000141404	0.0067703	0.0123351	0.20364	0.00375942	0.000722627	0.0228713	0.000109684	0.000189505	0.0116962	0.000239256	0.000371528	2.82208e-05	0.0766214	7.56911e-05	0.00880243	0.631666	0.0110584	0.00642436	0.00247733	
0.0359781	0.00825358	0.0354323	0.0553099	0.0013513	0.0421378	0.00628783	0.000840392	0.0233837	0.498015	0.00922737	0.0289527	0.000164868	0.00710911	0.000433979	0.0101387	0.177194	0.000326416	0.000290784	0.0591721	
0.00675929	0.00407393	0.0128283	0.0123043	0.00652543	8.29424e-05	0.0966338	0.0487656	0.0152963	0.000103694	0.000793312	0.50531	2.48196e-05	0.0472396	0.00266384	0.000647348	0.00032749	0.000165647	0.219909	0.0195447	
0.0377833	0.0416161	0.00965214	0.0332087	0.0341422	0.0579233	0.0261253	0.26606	0.0011388	0.213829	0.00074754	0.0641425	0.000115874	0.00134331	0.000290646	0.0424725	0.0616236	0.00915213	0.005535	0.0930982	
0.314268	0.0729354	0.00091255	0.00101872	0.000349941	0.000348054	0.0269596	0.149283	0.00176382	0.0228308	0.00116955	0.00113521	7.36896e-05	0.0444951	0.000750323	0.00829129	0.0437058	0.292648	0.015399	0.00166196	
0.0333779	0.0104639	0.0764103	0.047266	0.00109807	0.0477411	0.000390038	0.000312017	0.0289644	0.548704	0.00927982	0.05158	7.16717e-05	0.00957813	0.000456262	0.00922664	0.091736	0.000270317	0.000750387	0.0323228	
0.020319	0.00108443	0.354179	0.348662	0.000781509	0.00675631	0.0235224	0.000670176	0.0767774	0.0158528	0.00116151	0.0163998	0.000179576	0.034394	0.0212585	0.0106808	0.0247411	0.00591931	0.00580967	0.0308511	
0.148847	0.00508038	0.00713563	0.464068	0.00633046	0.0710561	0.000493736	0.00197353	0.0461983	0.000670209	0.0225627	0.000735397	0.000306636	0.0781368	0.0478427	0.030019	0.0325828	0.024408	0.00142271	0.0101298	
0.160196	0.0754905	0.00487201	0.00138068	0.00022267	0.0153159	0.0025506	0.0325227	0.00400733	0.145328	0.343725	0.0198648	0.000160736	0.0005515	0.000214307	0.128015	0.0435671	0.0157105	0.000806126	0.00549871	
0.00803514	0.000725171	0.540742	0.0219655	0.0169101	0.1853	0.000276817	0.00664441	0.0112829	0.133905	0.0237573	0.0284171	0.00340399	0.0107918	0.000305974	0.00174814	0.00333254	0.000267298	0.00192525	0.000264249	
0.0857076	0.00113877	0.0737564	0.0128392	0.00247094	0.00023827	0.01238	0.00141094	0.00624872	0.217335	0.00645465	0.00676663	0.000173817	0.281337	0.213279	0.0110375	0.0593347	0.00196854	0.000953055	0.00516966	
0.0393749	0.0133696	0.0954408	0.128849	0.00663518	0.0087906	0.0840861	0.00944899	0.0335683	0.139314	0.164075	0.0137758	0.00637925	0.044901	0.00422275	0.0736458	0.0591593	0.0702701	0.00229246	0.00240103	
0.00599062	0.000148765	0.0392308	0.0116486	0.0193506	0.0123887	0.0328977	0.0185254	0.0777388	0.000439332	0.0252772	0.0595182	0.0235305	0.0585324	8.33749e-05	0.00218541	0.0488799	0.00342449	0.530014	0.0301953	
0.00107695	0.0166067	0.00581031	0.0017205	0.000122277	0.000497262	0.000691053	0.510087	0.000466637	0.356561	0.0134952	0.00048781	9.76092e-05	0.00133829	0.000110205	0.000184189	0.00498092	0.0655754	0.00121375	0.0188772	
0.0117433	0.0124728	0.032583	0.0276437	0.0141096	0.00167938	0.0022103	0.0184722	0.0305757	0.000290835	0.0246763	0.0487764	0.739995	0.00220337	0.0001336	0.0118328	0.00218111	0.00523533	0.00439021	0.00879537	
0.00109269	0.0176597	0.000582451	0.0315673	0.00023742	0.000198891	0.0146889	0.125367	0.00976389	0.00149004	0.000886614	0.00216475	0.00211602	0.0544817	0.00402281	0.00177493	0.051862	0.584949	0.0787825	0.0163115	
0.00840412	0.00430519	0.017925	0.161694	0.239556	0.00241048	0.0832194	0.0164285	0.0772758	0.00416494	0.000683072	0.00765358	3.32785e-05	0.027358	0.0355503	0.0112069	0.0922266	0.139832	0.000288065	0.0697844	
0.0135115	0.0131878	0.00277077	0.00963387	0.0224025	0.0193291	0.0820505	0.0172295	0.47876	0.00906681	0.00040858	0.0385063	0.00135489	0.000712032	0.20985	0.038328	0.0153478	0.0236528	0.0028703	0.00102616	
0.021235	0.0145158	0.0865336	0.00824811	0.00179066	0.000198285	0.0668501	0.000220873	0.000592456	0.00240572	0.00207004	0.0387967	0.000216808	0.01265	0.0109749	0.495607	0.229328	0.0061697	0.000877449	0.000718116	
0.012125	0.000378525	0.0204238	0.106703	0.0049732	5.50515e-05	0.0103879	0.00608753	0.0220618	7.15499e-05	0.00715819	0.0244085	0.0487208	0.024559	4.51627e-05	6.44435e-05	0.0139276	0.016003	0.675528	0.0063175	
0.0900163	0.00088091	0.022822	0.00665391	0.0287913	0.000369337	0.0298248	0.00229787	0.0337341	0.00111184	0.00715044	0.0164559	0.000323503	0.0255848	0.624508	0.00148648	0.00333675	0.0870785	0.00368021	0.0138927	
0.0279003	0.00497283	0.114949	0.0282381	0.00492498	0.0319858	0.000335108	0.00482937	0.0238181	0.652763	0.00218903	0.0354523	7.72115e-05	0.00279124	0.000208503	0.00203203	0.0443608	0.00272472	0.000267667	0.0151803	
0.0805171	0.00396287	0.0250658	0.000481213	0.024342	0.000176546	0.0143194	0.00109071	0.0447743	0.00642659	0.00253886	0.000272898	0.00345568	0.00916978	0.649864	0.000623787	0.00027168	0.0851049	0.000911436	0.0466305	
0.111599	0.0105134	0.000186528	0.0475968	0.016618	0.0650255	0.411882	0.0184652	0.0406298	0.00029192	0.0170273	0.0020031	9.5789e-05	0.000208493	0.000121216	0.047567	0.0777903	0.0670457	0.0651916	0.000142109	
0.637461	0.00356724	0.0585341	0.00299597	0.00833473	0.118118	0.0126418	0.000736774	0.00991488	0.000270559	0.0128496	0.0173717	0.000172215	0.0507577	0.000427826	0.0251467	0.0191464	0.0120924	0.00175988	0.0077001	
0.0486527	0.0125973	0.0276314	0.00535209	0.0152288	0.0184697	0.000116996	0.0160636	0.000300472	0.000381395	0.0175921	0.0534141	0.000107247	0.465825	0.000176636	0.0483796	0.134506	0.0368145	0.086474	0.0119161	
0.0635798	0.0171375	0.0931973	0.0507827	0.000215046	0.0647551	0.00612531	0.000860294	0.0892154	0.482595	0.0145745	0.0530258	0.00054221	0.00407276	0.0143127	0.00080528	0.0265671	0.000604637	0.000337547	0.0166938	
0.00121026	0.0213143	0.108596	0.000386591	0.0202614	0.000379723	0.000172869	0.000575603	0.000400896	0.0608492	0.029171	0.607564	0.0407608	0.0375275	0.0151803	0.000546778	0.000709109	0.000539075	0.0536978	0.000156953	
0.0724065	0.000124854	0.0265231	0.0101938	0.0334658	5.77552e-05	0.000135843	0.00265291	0.56865	0.000112684	0.00472992	0.00580657	3.23436e-05	0.000542579	0.120565	0.000241944	0.00223016	0.116975	0.000316468	0.0342372	
0.41896	0.00542853	0.0376443	0.0188152	0.00356997	0.000545755	0.00082134	0.0138082	0.158113	0.0312326	0.0117482	0.025858	9.68255e-05	0.0323997	0.0435146	0.150525	0.0422485	0.000454086	0.00335854	0.000857764	
0.0414422	0.0109319	0.0606207	0.487954	0.0133397	5.79741e-05	8.90666e-05	0.00319215	0.00989297	0.000239387	0.00651808	0.000220147	9.39057e-05	0.0627444	0.000112175	0.00166722	0.00589384	0.000983121	0.293707	0.000299746	
0.0507249	0.0170025	0.0308474	0.0122938	0.0171426	0.00523353	0.0393077	0.0111949	0.000809638	0.0546689	0.0172204	0.00258413	0.000127581	0.0704204	0.000367275	0.0045397	0.581088	0.00313899	0.0407928	0.0404949	
0.528095	0.0114433	0.00037869	0.00363802	0.000225246	0.00108924	0.0139029	0.0151618	0.165997	0.028319	0.00090589	0.000525958	3.90878e-05	0.0219683	0.0937607	0.0139502	0.0185732	0.0696416	0.000624304	0.0117604	
0.259787	0.00175619	0.0483269	0.175684	0.00139604	8.38334e-05	0.000624625	0.00591367	0.025155	0.223306	0.00772514	0.0243364	4.98339e-05	0.133074	0.058327	0.00761572	0.00496756	0.0120867	0.00430457	0.00547954	
0.00208177	0.0013022	0.0254987	0.098455	0.00770676	0.00544152	0.000877865	0.000103062	0.64423	0.000745907	0.000277741	0.0159554	0.000126403	0.0675907	0.106127	0.00946629	0.0109932	0.00179853	0.000144372	0.00107797	
0.0221652	0.00355971	0.000100058	0.0458705	0.0716593	0.00241805	0.128949	0.00054741	0.300379	3.04319e-05	0.0296295	0.00011729	4.04731e-05	0.00013827	8.14063e-05	5.65466e-05	0.0245875	0.00135574	0.0493674	0.318947	
0.0839024	0.000224198	0.304585	0.450942	0.000391425	0.00621216	0.000393295	0.00722486	0.0291399	7.17804e-05	0.00103131	0.0358802	0.0115421	0.0136379	7.03377e-05	0.0397261	9.68583e-05	0.00987275	0.000398972	0.00465667	
0.0427254	0.0107273	0.0775069	0.476063	0.0114741	5.78793e-05	6.94836e-05	0.00510758	0.00855999	0.00032405	0.00550705	0.000312432	7.28166e-05	0.0459757	0.000108653	0.00033517	0.00823811	0.000631257	0.305795	0.000408506	
0.125802	0.0116271	0.015191	0.000236498	0.00525439	0.136995	0.000162522	0.002785	0.0370059	0.0086888	0.000271025	0.000199939	9.12737e-05	0.539507	8.73846e-05	0.0103813	0.00353697	0.00325416	0.00319902	0.0957247	
0.000566217	0.000381079	0.000583174	0.00152841	0.0813468	0.000123955	0.0157073	0.0019059	0.153316	0.000179706	0.00193031	0.0220526	0.00914915	0.0333463	0.144819	0.00189262	0.0384868	0.455522	0.0288136	0.00834924	
0.0183388	0.00733842	0.00187749	0.000350141	0.0140286	0.00124857	0.199098	0.000190352	0.251801	0.152676	0.164723	0.0206653	0.000326636	0.104678	0.0350229	0.00142024	0.00934157	0.00906566	0.00693102	0.000877869	
0.101524	0.00096211	0.00193865	0.0141875	0.000305	0.000292935	0.00173023	0.480674	0.036981	0.174362	0.0140548	0.000250341	0.000107878	0.0166207	0.000185189	0.02922	0.0612197	0.0588665	0.00397404	0.00254376	
0.0109111	0.000399299	0.0198465	0.103997	0.0045393	9.92439e-05	0.0101913	0.0065879	0.0223523	7.62217e-05	0.00716524	0.0239985	0.0490072	0.0239196	4.23479e-05	6.76829e-05	0.0148734	0.0173651	0.678614	0.00594681	
0.00381082	0.000222654	0.0626106	0.0540461	0.00030147	0.0472926	0.0404826	0.0260021	0.0622852	0.000717153	0.0291109	0.0404054	0.00030014	0.056997	0.016393	0.523119	0.000308118	0.0312694	0.00401325	0.000312654	
0.0357003	0.0131619	0.000404867	0.0457387	0.216326	0.00178189	0.000797678	0.00532622	0.049923	0.0249455	0.00932153	0.000258159	0.0273715	0.0308339	0.00396879	0.000246154	0.0288596	0.0587828	0.00642038	0.439831	
0.0609582	6.11626e-05	0.78809	0.00109738	3.03151e-05	0.0133883	0.000534003	0.000110368	0.00467166	0.000204442	0.0196323	0.0450317	1.0192e-05	0.0439295	0.000700737	0.0110415	0.00834662	0.000234368	0.00187431	5.28502e-05	
0.000459531	0.0260385	0.000318645	0.00261192	0.000168026	0.000127726	0.0433279	0.171023	0.0109163	0.000992754	0.0148038	0.00198438	0.00390232	0.0489328	0.00492568	0.00148299	0.355842	0.22511	0.067711	0.0193201	
0.0745719	0.0434024	0.0100657	0.00606105	0.00623942	0.000611084	0.000437044	0.00534148	0.0101422	0.0525026	0.00819288	0.0235748	0.574921	0.0160398	0.105547	0.00879259	0.0357532	0.00284918	0.00398569	0.0109686	
0.010947	0.0121336	0.0062295	0.0180377	0.0128535	0.00108389	0.0178976	0.0103988	0.0561981	0.000289354	0.0247089	0.026422	0.637188	0.00653182	0.000109242	0.00125853	0.0019777	0.00186624	0.152246	0.00162248	
0.299592	0.00555367	0.0687618	0.117554	0.00322228	9.82295e-05	0.0048353	0.000221517	0.0315226	0.0146377	0.00175166	0.0638729	0.271314	0.0208132	0.0118771	0.0165358	0.0156526	0.0344958	0.0172104	0.000477788	
0.0227572	0.00698648	0.00130457	0.00509713	0.0001344	0.000326124	0.000351396	0.168388	0.000779915	0.640197	0.0923549	0.00027112	7.02383e-05	0.00383236	7.32218e-05	0.00292666	0.00319416	0.0337504	0.00117431	0.0160306	
0.0848121	0.00165716	0.191385	0.391378	0.0144781	0.0214539	0.00278247	0.00406176	0.0244639	0.00237258	0.0084372	0.0197106	0.0252737	0.0252698	5.11285e-05	0.0708814	0.10964	0.000106458	0.00149913	0.000285938	
0.127334	0.00609003	0.134091	0.223304	0.0016228	0.0383857	0.0185148	0.0230795	0.126435	0.0142933	0.000423238	0.0138111	0.117346	0.0396738	0.041288	0.0298845	0.0151876	0.0191397	0.0027048	0.00739188	
0.0197356	0.000422168	0.296896	0.0362059	0.0146739	0.159826	0.00301921	0.000923899	0.0161739	0.0177168	0.0266474	0.0821829	0.00047276	0.000662402	0.000502708	0.201744	0.121129	0.00014114	0.000531295	0.000392797	
0.00877023	0.000340086	0.323375	0.021122	0.000274645	0.0871229	0.0442932	0.0311527	0.0383735	0.000276491	0.0333374	0.0214542	0.00811579	0.106321	0.0007371	0.272922	0.000144733	0.000789139	0.000658466	0.000418974	
0.0608236	0.00162941	0.100914	0.417904	0.0164885	8.65603e-05	0.00534691	0.000301284	0.0583221	0.0255074	7.13466e-05	0.00602526	0.207415	0.0516394	0.0327563	4.80642e-05	0.00800089	0.00134484	4.44175e-05	0.00532988	
0.0341857	0.00132374	0.0342834	0.0515414	0.0248001	0.0104535	0.0411937	0.0012469	0.00137968	0.000994925	0.00135678	0.018452	0.000360547	0.00272898	0.628711	0.00840077	0.0143885	0.0326121	0.0764187	0.0151675	
0.0511861	0.00882687	0.078825	0.00397675	0.0768487	0.000377633	0.135127	0.014461	0.015618	0.0385897	0.00598832	0.0935039	0.00443074	0.020207	0.000550897	0.190163	0.00524106	0.0271917	0.0236295	0.205257	
0.0428831	0.00532747	0.00442457	0.0959979	0.0167053	0.00222182	0.00911558	0.0118962	0.00652777	0.0547646	0.0148943	0.141656	0.463551	0.0852731	0.000390049	0.0271304	0.00065874	0.000946981	0.0123084	0.00332674	
0.0965631	0.0108238	0.0568396	0.0556534	0.0635074	0.114332	0.0944279	0.0155718	0.0631577	0.0140058	0.00675726	0.231168	4.80085e-05	0.0328389	0.0349608	0.0340998	0.0384747	0.00716858	0.000152622	0.029449	
0.0965631	0.0108238	0.0568396	0.0556534	0.0635074	0.114332	0.0944279	0.0155718	0.0631577	0.0140058	0.00675726	0.231168	4.80085e-05	0.0328389	0.0349608	0.0340998	0.0384747	0.00716858	0.000152622	0.029449	
0.000783506	0.000440098	0.741521	0.0302379	0.0199204	0.00233911	0.0350581	6.36988e-05	0.00180584	0.0270811	0.000294691	0.0534714	2.73394e-05	0.0579508	5.35505e-05	0.0225332	0.00457181	6.46215e-05	0.00164171	0.000140075	
0.0344459	0.00115506	0.0729522	0.0199703	0.00856641	0.000521933	0.000385447	0.0854666	0.0661247	0.00804346	0.0129854	0.141175	0.333141	0.00158823	0.16364	0.00621763	0.0079467	0.0164479	0.00765656	0.0115696	
0.0166533	0.000899599	0.0354447	0.035463	0.0138082	0.000205887	0.000841246	0.0143005	0.074006	0.00318635	0.0447013	0.0180995	0.0153107	0.0079733	0.567771	0.000552372	0.00125988	0.109272	0.000883821	0.0393672	
0.0475193	7.27295e-05	0.000148265	0.0255798	0.0104325	0.0619698	9.223e-05	0.00231727	0.0743487	0.0109607	0.0138794	0.000142973	0.0387846	0.0879407	0.0441602	0.000270643	0.0155679	0.0040248	0.0273993	0.534388	
0.532317	0.0728528	0.0278274	0.0063592	0.00149595	0.0124982	0.0140108	0.00955714	0.0422229	0.00458216	0.00190438	0.104284	0.000107724	0.0839579	0.0271451	0.042179	0.00398167	0.00977374	0.000198898	0.00274444	
0.00682853	0.00054966	0.340834	0.0263266	0.000169901	0.238645	0.0569299	0.000377311	0.0825515	0.0111888	0.00337195	0.107246	0.00183741	0.00410336	0.0123888	0.0719127	0.0317324	0.000201451	0.00260121	0.000203814	
0.0178798	0.0227213	0.00801571	0.0205252	0.0050739	0.000882151	0.000955655	0.150715	0.00796621	0.438576	0.00144493	0.0634306	0.0390716	0.000852217	0.0106935	0.00691929	0.0105058	0.169583	0.00353912	0.0206487	
0.0295209	0.00912743	0.517155	0.0764201	0.000140842	0.0458876	0.00686302	0.000332431	0.059065	0.00646519	0.000775471	0.043951	0.127376	0.0175267	0.00913209	0.0337786	0.014811	0.000898293	0.000586301	0.000186403	
0.127334	0.00609003	0.134091	0.223304	0.0016228	0.0383857	0.0185148	0.0230795	0.126435	0.0142933	0.000423238	0.0138111	0.117346	0.0396738	0.041288	0.0298845	0.0151876	0.0191397	0.0027048	0.00739188	
0.127334	0.00609003	0.134091	0.223304	0.0016228	0.0383857	0.0185148	0.0230795	0.126435	0.0142933	0.000423238	0.0138111	0.117346	0.0396738	0.041288	0.0298845	0.0151876	0.0191397	0.0027048	0.00739188	
0.00588593	0.0109759	0.0392375	0.0140841	0.0123622	0.00412072	0.00698838	0.00903065	0.0372788	0.000166394	0.0256248	0.0511197	0.613134	0.00703522	8.07656e-05	0.00171326	0.000998074	0.01077	0.145476	0.00391797	
0.0577868	0.00584241	0.0211024	0.0155867	0.0418001	0.0150231	0.000531315	0.000275093	0.19562	0.39762	0.0142596	0.0235116	4.05243e-05	0.0050759	0.0571787	0.065508	0.0177274	0.041387	0.00862753	0.0154955	
0.0662842	0.051478	0.0030772	0.0110602	0.0186225	0.0984462	0.0196922	0.000583523	0.00242788	0.000340124	0.00334872	0.00147414	0.00311065	0.0628423	0.000327766	0.0855116	0.565509	0.000860797	0.000366325	0.00463723	
0.000569206	0.0104122	0.000181431	0.500151	0.0214142	0.000269173	0.0427405	0.0154777	0.000378083	0.0877835	0.0180449	0.0245519	0.0116445	0.00034232	0.0110764	0.0386611	0.137225	0.000408809	0.02913	0.0495383	
0.0209483	0.342782	0.00596448	3.09937e-05	0.00173593	2.74616e-05	2.16406e-05	0.000224289	0.00018895	0.00740884	0.0306544	0.0896788	8.27478e-05	0.0470978	0.00116967	0.448252	0.000191299	3.19326e-05	0.0034741	3.43247e-05	
0.184139	0.105818	0.000345861	0.0514883	0.00136158	0.00049741	0.090915	0.0114673	0.495673	0.00370694	0.000369448	0.00042919	0.00103416	0.0077332	0.00134995	0.013874	0.000178493	0.000282189	0.0169419	0.0123952	
0.00770755	0.00775598	0.227457	0.0107321	0.0156431	6.91264e-05	0.000161585	0.0151284	0.0315839	0.61558	0.00817436	0.000299058	0.000277997	0.00216162	0.00228889	0.00109119	0.0363122	0.0102878	0.00720629	8.2143e-05	
0.000126618	0.00961887	0.00861374	0.227494	0.00966278	0.00805691	0.0154901	0.000111204	0.000183852	0.0193079	0.000374524	0.00703283	2.5844e-05	0.0782963	8.43446e-05	0.00359323	0.536538	0.0150775	0.0453256	0.014986	
0.00284412	0.041202	0.000435924	0.0219982	0.006733	0.00010445	0.000769777	0.309174	0.000968839	0.285506	0.0150528	0.00040756	0.000271383	0.00196308	0.000139872	0.0056906	0.000255937	0.301747	0.000976988	0.00375846	
0.301722	0.0140737	0.0892908	0.352724	0.0568114	0.00955908	0.00601479	0.00505809	0.04468	0.00208107	0.00858894	0.0491672	0.000115709	0.00193275	0.00404165	0.000324972	0.000374847	0.0416136	0.00880553	0.00301973	
0.021094	0.000458443	0.00143751	0.00253884	0.210062	0.000429967	0.00115535	0.0390791	0.00504807	0.12773	0.0444922	0.00463557	0.000275505	0.0104015	0.000433769	0.013623	0.058491	0.45429	0.00378819	0.000536117	
0.023088	0.00696323	0.00122152	0.00482089	0.000134559	0.000325618	0.000376998	0.168031	0.000767794	0.64144	0.0916835	0.000273331	6.84284e-05	0.00377679	7.18159e-05	0.00295847	0.00322768	0.0339306	0.00116748	0.015672	
0.0113083	0.0119276	0.0345347	0.0323449	0.0138843	0.00307624	0.00258847	0.0152176	0.0302011	0.000224005	0.0233472	0.0447828	0.7313	0.00335988	0.000104863	0.00785614	0.00141305	0.00586087	0.018648	0.00802041	
0.0956307	0.0266828	0.00100063	0.0409906	0.199633	0.0012738	0.00188044	0.00962772	0.0510542	0.0272374	0.00273221	0.000278438	0.00443501	0.0187412	0.000411294	0.00031663	0.0153071	0.0165057	0.0141877	0.472073	
0.0115533	0.000365979	0.0196932	0.10302	0.00503568	8.22004e-05	0.0107953	0.00614425	0.0234638	7.06482e-05	0.00732293	0.0252555	0.0477544	0.0245808	4.69898e-05	6.51255e-05	0.0140887	0.0181105	0.676145	0.00640532	
0.0965631	0.0108238	0.0568396	0.0556534	0.0635074	0.114332	0.0944279	0.0155718	0.0631577	0.0140058	0.00675726	0.231168	4.80085e-05	0.0328389	0.0349608	0.0340998	0.0384747	0.00716858	0.000152622	0.029449	
0.0149447	0.0509907	0.20175	0.111928	0.0223678	0.105756	0.000915842	0.000210502	0.0450714	0.0237428	0.0105032	0.065174	0.00131579	0.00696199	8.50949e-05	0.292505	0.0214849	0.0222989	0.00152552	0.000467357	
0.0937136	0.000459348	0.0704678	0.210751	0.00788941	0.00016708	0.0161036	0.00790858	0.0367621	0.0700083	0.00538865	0.00286087	5.43235e-05	0.0686148	0.0291368	0.07608	0.184537	0.114844	0.00114026	0.00311258	
0.00023679	0.0161422	0.000595226	0.000326383	0.00015301	6.81683e-05	0.0034215	0.828215	0.00414967	0.015001	0.00379568	0.0221319	0.000229824	0.024157	0.000155953	0.000438956	0.00026023	0.0683411	0.00609099	0.0060894	
0.280719	0.011968	0.000587736	0.0322942	0.0619067	0.000128214	0.000991221	0.035467	0.116352	0.122073	0.000999325	0.00124838	0.000246499	0.0332877	0.00960521	0.0491089	0.00377448	0.21592	0.00131471	0.0220073	
0.0109318	0.010587	0.00793362	0.00341458	0.0130831	0.000442773	0.0119151	0.00819494	0.0615653	0.000249645	0.0261925	0.0123168	0.661354	0.0087407	0.000100633	0.00131829	0.00172049	0.00055455	0.157902	0.00148199	
0.146357	0.00089627	0.212442	0.121238	0.00297897	0.00834493	0.0349677	0.000593673	0.00955698	0.00220232	0.0617246	0.0522448	8.15744e-05	0.128266	0.0642843	0.0480415	0.0566508	0.0403223	0.00499019	0.00381673	
0.00111176	0.0168364	0.00580364	0.00174462	0.000124108	0.000513967	0.000671975	0.509938	0.000461927	0.357032	0.0135875	0.000478063	9.68548e-05	0.00131125	0.000100982	0.000189713	0.00492284	0.0651026	0.00119594	0.0187754	
0.0717378	0.0317821	0.000510752	0.0151796	0.000267853	0.000215031	0.00504465	0.010744	0.319094	0.195409	0.0391668	0.0412895	8.41174e-05	0.0858303	0.115459	0.0243306	0.00976738	0.0248981	0.00241959	0.00676938	
0.426633	0.00136383	0.111309	0.106555	0.000932894	0.00592204	0.00259709	0.0046072	0.00580175	0.00154277	0.0217859	0.00548812	0.000133932	0.00896297	0.0100435	0.186054	0.0603315	0.0205871	0.0101488	0.00919916	
0.0155601	0.000609503	0.0146003	0.00142149	0.0176546	0.625341	0.00898942	0.0255471	0.0497477	0.0368526	0.0259619	0.0837444	0.00259762	0.0437954	0.0115088	0.000699226	0.0139603	0.000487803	0.0019235	0.0189971	
0.00131237	0.000191148	0.0288728	0.0976365	0.00800696	0.00560732	0.000817304	0.000100993	0.641839	0.000398319	0.000267733	0.0161375	5.33528e-05	0.0675389	0.107627	0.00983302	0.0114079	0.00156537	0.000133547	0.000653277	
0.000525292	0.0166775	0.0951439	0.0310412	0.00164583	0.000335944	0.000928859	0.000230815	0.15624	0.00190815	0.00105098	0.122841	0.0145812	0.0214052	0.263599	0.0331699	0.21441	0.0231091	0.000682328	0.000473155	
0.0116702	0.01374	0.000625247	0.00193858	0.00017861	0.000163076	0.00441034	0.269328	0.00770192	0.0543466	0.0105039	0.000565187	0.0117092	0.0129264	0.000478342	0.00637638	0.00337085	0.561915	0.0101621	0.0178907	
0.00094741	0.0232106	0.00298367	0.00132023	0.0101652	0.000195483	0.000409495	0.102816	0.00386931	0.765368	0.0156605	0.00419303	2.18356e-05	0.000705264	0.00278829	0.000165861	0.0014427	0.0615172	0.000149455	0.00207055	
0.00181915	0.0269145	0.000839646	0.00117963	0.000259559	0.00018059	0.00527974	0.432641	0.0259032	0.0191382	0.00260598	0.0036191	0.00176456	0.0105539	0.00109009	0.00319227	0.00442477	0.431592	0.0106493	0.0163525	
0.422853	0.00988477	0.000900979	0.000722391	0.00139501	0.00422301	0.0582342	0.000722906	0.0120555	0.000322742	0.000699935	0.010451	0.0001599	0.0554496	0.00281887	0.142088	0.0666355	0.19776	0.00312801	0.00949404	
0.452821	0.00899708	0.000534577	0.00154624	0.0234344	0.000180287	0.0202309	0.0142566	0.0850807	0.0757509	0.0161931	0.023571	6.79735e-05	0.0410223	0.118748	0.00134434	0.000321898	0.000286236	0.0135761	0.102036	
0.000967365	0.000619434	0.033162	0.102257	0.00062926	0.00347197	0.0340676	0.00120287	0.0260934	0.002255	0.0138715	0.0026989	0.00121942	0.0637131	0.000397228	0.598244	0.0789241	0.0337445	0.0018713	0.000590289	
0.151196	0.0113444	0.0386974	0.0741044	0.00150414	0.0373975	0.000437797	0.0943852	0.00683269	0.538033	0.00357449	0.00193246	0.000119332	0.00190373	0.000218959	0.0143372	0.00154737	0.000877395	0.00862788	0.0129289	
0.576369	0.00804205	0.000282689	0.000228022	0.00563994	0.11573	0.0409082	0.0111776	0.0455402	0.0485931	0.0189372	0.00514798	9.20402e-05	0.10284	4.62439e-05	0.0136019	0.000427859	0.000143031	0.000357548	0.00589578	
0.00342906	0.0173608	0.00196993	0.0013046	0.00740371	0.000147486	0.000304313	0.12003	0.00212252	0.751725	0.0271274	0.00264814	2.59504e-05	0.000978591	0.00193761	0.000462706	0.00128506	0.0554906	0.00019943	0.00404682	
0.0165508	0.00842024	0.00050372	0.00205325	0.000221295	0.000147798	0.00777183	0.243706	0.00918639	0.0457644	0.0128256	0.000710358	0.0066322	0.0148073	0.000625755	0.0159325	0.00751314	0.578544	0.00941703	0.018666	
7.69854e-05	0.00821503	0.0114525	0.00174459	0.0353153	0.025517	0.0673559	6.74674e-05	0.552738	4.17861e-05	0.0396308	5.71371e-05	1.44287e-05	0.000799617	4.26454e-05	3.14208e-05	0.0203599	0.000201774	0.0824011	0.153936	
0.029903	0.000110518	0.000222664	0.0162236	0.0135457	0.00471273	0.272334	0.0242965	0.0319801	0.0115635	0.0097116	0.000130358	9.95546e-05	0.0120749	0.00811187	0.00371809	0.126753	0.114297	0.0303208	0.28989	
0.0327454	0.00171859	0.120771	0.0298086	0.00809693	0.0165831	0.00104686	0.0209982	0.0269244	0.714036	0.00154388	0.00455256	0.000159466	0.0014576	0.000509699	0.000396933	0.0105794	0.00543966	0.000425967	0.00220544	
0.0046615	0.00590739	0.538638	0.193545	0.0219389	0.0100634	0.000244536	0.000757983	0.0639533	0.025834	0.00460881	0.0354523	0.051136	0.000529155	0.00874457	0.0205553	0.000726558	0.000194954	0.0123807	0.000127936	
0.0307369	0.0126124	0.0850314	0.0301774	0.00217889	0.340247	0.0259394	7.03446e-05	0.0827906	0.0247519	0.000316721	0.248249	2.84855e-05	0.0990017	0.00316063	0.000710612	0.0130779	0.000132312	0.000519518	0.000267179	
0.00473204	0.017446	0.0212794	0.00608102	0.000242598	0.000924572	0.00217929	0.532819	0.00111873	0.134187	0.186487	0.00103401	0.000365655	0.00203399	0.0101951	0.000713311	0.00289899	0.049492	0.00262481	0.0231456	
0.00632233	0.000300411	0.0116491	0.0602008	0.0214002	0.0158789	0.0133779	0.000307989	0.0224125	0.0377201	0.0261303	0.00704373	0.0536079	0.0548897	0.000144822	0.575882	0.050893	0.0179497	0.0134931	0.0103956	
0.0116563	0.00323112	0.577822	0.158184	0.0155126	0.0173765	0.00134375	0.000349816	0.0445934	0.0147988	0.00240664	0.0392643	0.0771389	0.003167	0.0111144	0.0143548	0.00280813	0.000279533	0.00449562	0.00010235	
0.0950411	0.00413555	0.306561	0.379091	0.0133949	0.0179673	0.000798698	0.00102274	0.0329711	0.0058391	0.011924	0.0172335	0.00661471	0.027471	0.00023537	0.0300559	0.043088	0.00155508	0.00479508	0.000204317	
0.123042	0.00867423	0.477672	0.215949	0.00418039	0.0307028	0.000609849	0.000942555	0.0357521	0.00114284	0.000798365	0.0155504	0.000139297	0.0303692	0.000269217	0.00296987	0.0277635	0.0193999	0.00364966	0.000422218	
0.000206868	0.0160222	0.000330947	0.000326415	0.000152766	6.82631e-05	0.00342207	0.828327	0.00417577	0.0150051	0.00381644	0.0222785	0.000229495	0.0242181	0.000156584	0.000421618	0.00026185	0.068545	0.00606121	0.0059741	
0.142833	0.0174216	0.00407338	0.0180918	0.00297125	0.000451972	0.00127819	0.024014	0.00246652	0.171147	0.187498	0.00802217	0.0173553	0.000959639	0.000245811	0.0322603	0.107273	0.24312	0.000465091	0.0180529	
0.0287496	0.000166297	0.0588303	0.183832	0.0196912	0.339586	0.0132041	0.000825672	0.094598	0.00884498	0.0184047	0.0747139	0.00089113	0.0912815	0.00491187	0.0575616	0.000828572	0.000322199	0.000562697	0.00219336	
0.000884689	0.0253544	0.00302788	0.000958701	0.0100972	0.000199061	0.00060731	0.099159	0.00552023	0.759608	0.0150747	0.0055844	0.000138353	0.000843381	0.00275051	0.000162468	0.00309449	0.0643554	0.000169263	0.00241063	
0.00378013	0.0102931	0.0313335	0.206754	0.0173279	0.00237798	0.000245493	0.000271774	0.000545284	0.0601715	0.017871	0.551399	0.00651741	0.0342424	0.00112169	0.0108493	0.00789035	0.00549539	0.0313087	0.000204236	
0.00117181	0.0159048	0.00610848	0.00177281	0.000124696	0.000530723	0.00066909	0.511704	0.000559784	0.355839	0.0136993	0.000475523	9.83393e-05	0.00130842	9.98089e-05	0.000204287	0.00491959	0.0648349	0.00119403	0.0187808	
0.0210749	0.0135512	0.009679	0.0127809	0.0123423	0.000887926	0.00213801	0.0146844	0.0360131	0.00176297	0.0237789	0.0381271	0.759706	0.00224985	0.000121006	0.00933356	0.0018362	0.00928939	0.0185391	0.0121041	
0.000253528	0.0171992	0.00509283	0.240787	0.0148612	0.0181697	0.00609186	0.000187436	0.000573821	0.0392765	0.00134535	0.0215807	6.12303e-05	0.0946658	0.000363855	0.000232222	0.452691	0.0222354	0.0616068	0.00272439	
0.0606133	0.000464259	0.000549664	0.000796962	0.115084	0.573355	0.0476673	0.000849561	0.0494575	0.0142785	0.0272799	0.000953197	0.000804936	0.06897	6.19911e-05	0.0198115	0.000880075	0.000439074	0.000461124	0.017222	
0.0367072	0.0482059	0.00800813	0.0134681	0.0219295	0.00012388	0.00203008	0.338551	0.0239541	0.0165474	0.0156808	0.0248443	0.0115441	0.173223	0.024293	0.00398456	0.049344	0.130865	0.0109993	0.0456975	
0.00170997	0.0235712	0.00297215	0.00133989	0.0103547	0.000195719	0.000411072	0.101687	0.00426057	0.764609	0.0152027	0.00422867	2.199e-05	0.000685889	0.00285874	0.000154556	0.0015717	0.0620298	0.000147816	0.00198722	
0.0148944	0.00423158	0.000763576	0.0185524	0.00987619	0.000301953	0.00455816	0.037747	0.0389227	0.0621112	0.00608835	0.000945158	0.000532082	0.0294334	0.0750578	0.0199547	0.000624282	0.59935	0.00837556	0.0676791	
0.0521629	7.54824e-05	0.000140616	0.0247506	0.0102579	0.0658681	8.80631e-05	0.00569371	0.0522649	0.0230965	0.0129374	0.000155562	0.040485	0.0909918	0.044254	0.000287561	0.0168229	0.0109306	0.0192591	0.529477	
0.000513012	0.0214662	0.0976742	0.564842	0.00292647	0.000136982	0.000495442	0.0233766	0.0160744	0.0047942	0.015075	0.0149433	0.00696803	0.00487233	0.0606753	0.0250873	0.113436	0.00261163	0.0234289	0.0006024	
0.0504072	0.00197572	0.0592214	0.0741217	0.107714	0.0172418	0.000277187	0.0230201	0.0111009	0.556376	0.0404976	0.0189842	0.000107519	0.00139854	0.000157593	0.00128025	0.0106227	0.00393154	0.020007	0.00155754	
0.000547455	0.00751526	0.786091	0.023354	0.0113251	0.00535841	0.00505101	0.000972038	0.00284108	0.0371122	0.0133349	0.0411995	0.0156892	0.0190716	0.00257638	0.00531764	0.00265748	0.000145013	0.0197131	0.000127993	
