0.00843192	0.00319167	0.000727293	0.000426905	0.0656068	0.00023423	0.00130696	0.267666	0.00223106	0.135827	0.132955	0.00197596	0.000153723	0.000540463	0.000143584	0.0283321	0.00504892	0.34087	0.00222144	0.00210813	
0.0256475	6.99129e-05	0.570344	0.0725143	0.000152572	0.00724125	0.00689906	0.00535381	0.0381099	0.0418366	0.00029856	0.0870049	0.0193494	0.0354662	0.0237249	0.0370363	0.0201643	7.16536e-05	0.000381949	0.00833279	
7.01314e-05	0.00813822	0.141238	0.0163247	0.0694994	0.0302753	0.000124688	0.0917817	0.00636241	4.47436e-05	0.0233475	0.0241877	0.495516	0.00132696	5.44858e-05	0.000349016	8.37681e-05	0.0347116	0.00741186	0.0491514	
0.0153399	0.0172484	0.123777	0.0118507	8.4635e-05	0.0275324	0.000321571	0.00128495	0.00310982	0.669735	0.031165	0.0524809	5.79693e-05	0.000620463	7.07363e-05	0.00030776	0.0348199	0.00242766	0.000320151	0.00744563	
0.000555066	0.0113694	0.000377818	0.000790538	0.0019829	0.000170838	0.000261444	0.503027	0.00207155	0.0319178	0.00369871	0.000403942	0.000100915	0.00426534	0.000169402	0.000194164	0.000370595	0.428175	0.000280678	0.009817	
0.0143583	0.0161095	0.0268198	0.0255848	9.04971e-05	0.000349843	0.000523609	0.00618932	0.189921	0.0370866	0.00402858	0.00324226	0.0002229	0.445619	0.194476	0.00493196	0.0240898	0.000252109	0.00163005	0.00447389	
0.00653283	0.017698	0.0375479	0.00171336	0.0252817	0.0039979	0.59362	0.0698496	0.0310346	0.00037461	0.034669	0.0003086	0.000157162	0.000265438	0.000239906	0.0520413	0.0996077	0.00873444	0.015886	0.000440071	
0.00190702	0.0195095	0.00236013	0.00218172	0.000116038	0.000682675	0.000329263	0.321281	0.00075947	0.556327	0.0291705	0.000499515	0.000248077	0.00210762	8.0486e-05	0.000253483	0.00313532	0.0463697	0.000464363	0.0122176	
0.0431937	0.000154468	0.000335821	0.000266199	0.030897	0.192037	0.0036678	0.00133972	0.00471196	0.00365682	0.0315027	0.0338039	0.000668171	0.0220593	0.00852089	0.228713	0.380275	0.000268544	0.00109925	0.0128286	
0.0250611	0.000117797	0.000707176	0.000952976	0.0238337	9.81128e-05	0.0268227	0.242351	0.0545882	0.493171	0.00264901	0.00705699	5.16622e-05	0.0358593	0.0410403	0.00499341	0.0130639	0.019346	0.000351713	0.00788402	
0.0166642	0.0235683	0.00400375	0.0131462	0.000157232	0.00111018	0.00057404	0.208213	0.00258911	0.236216	0.446021	0.00270411	0.000135327	0.000720826	0.000159172	0.0010447	0.00144962	0.0240001	0.00110206	0.0164211	
0.0458245	0.00130062	0.352864	0.123564	0.0016564	4.74855e-05	0.000578132	0.0095554	0.0937426	0.000777071	0.148647	0.074978	2.75085e-05	0.0426532	0.0460759	0.0531266	9.71663e-05	0.000116365	0.00419518	0.000172623	
0.18602	0.000938969	0.00101978	0.0812877	0.0148282	0.0585886	0.0375907	0.00330277	0.469655	0.00032023	0.00718283	0.0149535	0.000676867	0.0101951	0.0520825	0.00750322	0.000307813	0.0502965	0.00156513	0.00168464	
0.044686	7.33222e-05	0.160148	0.203859	0.00146302	0.0420099	0.00713856	0.00287475	0.10625	0.00157857	0.0011805	0.109888	3.75188e-05	0.0448416	0.0596111	0.161961	0.0493117	0.00290924	0.000114783	6.2065e-05	
0.0159422	0.0500255	0.00566375	0.00506497	0.000283779	0.000791779	0.00207902	0.22887	0.00135176	0.0436854	0.00856094	0.000366796	0.000320959	0.00744317	0.0160344	0.0280099	0.516224	0.0450095	0.0142814	0.00999003	
0.00665043	0.000347623	0.0681026	0.052126	0.000164571	0.338406	0.00229975	0.00128825	0.0272566	0.000592059	0.0141826	0.111914	0.0230298	0.00961886	0.000415185	0.259435	0.037855	0.0443526	0.0018069	0.00015629	
0.00468895	0.000169172	0.00938503	0.0350939	0.000240683	0.0349264	0.00111954	0.00132417	0.00239845	0.000436172	0.00640137	0.024493	0.0730522	0.00433436	0.000274097	0.159629	0.558404	0.0823289	0.00119251	0.000108584	
0.043145	0.00024089	0.0299515	0.0145653	0.000227994	0.0354558	0.0130697	0.00287584	0.29298	0.00367349	0.000461584	0.0374938	0.018699	0.0667843	0.258345	0.0618225	0.0806961	0.0391523	0.00014886	0.000211251	
0.044686	7.33222e-05	0.160148	0.203859	0.00146302	0.0420099	0.00713856	0.00287475	0.10625	0.00157857	0.0011805	0.109888	3.75188e-05	0.0448416	0.0596111	0.161961	0.0493117	0.00290924	0.000114783	6.2065e-05	
0.0287102	0.000107712	0.0654212	0.0288412	0.441114	0.0901188	0.0218117	0.000209004	0.0797803	5.80116e-05	0.0303845	0.0386173	0.107683	0.0197916	0.0197658	0.000474858	0.0171451	0.00260988	0.0072755	8.11817e-05	
0.108609	0.000106681	0.0286552	0.0152293	0.029984	7.22911e-05	9.94574e-05	0.0101526	0.0762548	0.000143639	0.00363655	0.0184805	5.2539e-05	0.00108008	0.388272	0.000964209	0.00454195	0.0361051	0.000257462	0.277303	
0.208034	0.000165719	0.0220787	0.0715441	0.0263632	0.000132266	0.000256001	0.00344466	0.00611796	0.000170098	0.0190489	0.00524996	4.41892e-05	0.165279	0.227141	0.011028	0.169372	0.0301631	0.00065498	0.033711	
0.0494429	0.021828	0.000167946	0.00936964	0.00107493	0.00097108	0.000156366	0.0971719	0.000160933	0.564433	0.0032875	0.102249	0.000116763	0.00493301	0.000343791	0.000125056	0.0655704	0.0706371	0.00785699	0.000103784	
0.29429	0.00110615	0.00044707	0.000355446	0.0179206	9.78944e-05	0.00323746	0.08065	0.000562822	0.120505	0.0250938	0.000308305	7.20996e-05	0.00517918	0.000113898	0.029488	0.0843203	0.332549	0.00187287	0.00182979	
0.0473785	7.17429e-05	0.143115	0.173024	0.00162303	0.0419867	0.00838202	0.00216744	0.107046	0.0012691	0.000484884	0.11061	0.00253612	0.0482318	0.0950371	0.153446	0.0533281	0.0100589	0.000118554	8.57113e-05	
0.00039656	0.00446477	0.000477961	0.000575114	0.00255685	0.000155717	0.000790409	0.588608	0.000461221	0.113714	0.000383114	0.000241011	9.985e-05	0.000870622	8.56996e-05	0.00432408	0.00988585	0.26265	0.000334815	0.00892401	
0.266737	0.00611953	0.00126753	0.00352768	0.00225589	0.182861	0.0271138	0.000264433	0.0293653	0.0126912	0.0440064	0.000222423	0.0011842	0.0489666	6.00073e-05	0.283505	0.044555	0.0404672	0.00241858	0.00241136	
0.0509034	0.0191485	0.119515	0.0338047	0.000340138	0.0535004	0.000225083	0.0317422	0.00462009	0.38376	0.270327	0.00605772	0.000122888	0.00133858	0.00187629	0.00246166	0.00233855	0.000250976	0.0032659	0.0144007	
0.301519	0.205265	0.000183788	0.000271803	0.00043327	0.100254	0.0159802	0.00157306	0.001415	0.00819875	0.00206841	0.000924124	7.02899e-05	0.0334777	0.00013558	0.00604535	0.227967	0.0918056	0.000695695	0.00171637	
0.0748092	2.78321e-05	4.2009e-05	0.00708447	0.0161424	0.0362127	5.11704e-05	0.000249828	0.0403166	3.89835e-05	0.0142529	7.49207e-05	0.0230212	0.00959304	0.0665967	0.000141643	0.00605179	0.000781932	0.00467018	0.69984	
0.000245242	0.0097016	0.000185621	0.607893	0.00172483	0.000140178	0.00881443	0.000544158	0.000278609	0.00016697	0.0173987	0.0230535	0.00923155	0.00673781	0.00853285	0.0754644	0.190246	0.0127999	0.0152739	0.0115672	
0.415733	0.00199023	0.000518923	0.00107015	0.0011837	0.00021954	0.0305999	0.00879029	0.00359782	0.00519519	0.0119289	0.00165625	0.000112271	0.0415308	0.00171498	0.0600287	0.371469	0.0272932	0.014097	0.0012702	
0.0546065	0.000361504	0.0325696	0.0147678	0.0252573	0.00119769	0.00151071	0.00228958	0.274097	0.000232435	0.00621768	0.00618481	9.98118e-05	0.00614032	0.403542	0.0131725	0.0194562	0.046741	0.000475407	0.09108	
0.0120427	0.00063573	0.607807	0.0340749	0.0272972	0.0181476	0.0287466	0.00226135	0.00083636	0.010878	0.0497118	0.161063	0.000707601	0.000991349	9.51697e-05	0.026183	0.00622303	0.000201668	0.0119632	0.00013312	
0.0111326	0.00189683	0.0087449	0.0103119	0.0768748	0.00283359	0.00399443	0.0463747	0.0103792	0.659475	0.0783302	0.0077429	0.000133629	0.000795204	0.000204607	0.000690899	0.0337113	0.0433438	0.00196941	0.00106035	
0.0307648	0.00763706	0.00656736	0.287596	0.0197415	0.000134021	0.000665109	0.00108548	0.118614	0.00106489	0.0481409	0.017233	0.382792	0.0139391	0.0106198	0.0253773	0.000578963	0.00598996	0.0194371	0.00202155	
0.000146884	0.0177547	0.0649508	0.0160221	0.00841814	0.0107237	0.006076	0.00662399	0.000417481	0.630547	0.0537225	9.70319e-05	5.50524e-05	0.0108936	0.000160613	4.8475e-05	0.141989	0.0154831	0.0039267	0.0119437	
0.0292951	0.000191175	0.0352306	0.529659	0.000359503	0.0136486	0.00743416	0.00649344	0.16685	0.00721718	0.00624354	0.0188223	3.22641e-05	0.100815	0.0149412	0.0178439	0.0284583	0.0129187	7.61353e-05	0.00346925	
0.014208	0.00091973	0.206069	0.277755	0.00171689	2.45208e-05	0.00561525	0.0577212	0.05089	0.0521775	0.038187	0.0192647	0.0115474	0.0155417	0.0315033	0.0143174	0.173483	0.0195675	0.00304409	0.0064475	
0.0395651	0.0122979	0.000747579	0.071737	0.0132624	6.22517e-05	0.0140181	0.0744597	0.104806	0.0106026	0.0419677	0.00184288	0.000224071	0.0522805	0.106282	0.00623253	0.0613016	0.31826	0.0003979	0.0696518	
0.0152298	0.00818173	0.0152279	0.290138	0.000245117	8.02742e-05	0.055522	0.0745416	0.0245398	8.65348e-05	0.00169855	0.000690151	0.0426881	0.0838266	0.0360253	0.0582918	0.284839	0.00794005	7.43378e-05	0.000133264	
0.000568593	0.00749457	0.00106131	0.0005625	0.0182868	0.000225953	0.011184	0.540923	0.00133521	0.0195988	0.00706972	0.00155614	0.00856376	0.0164154	0.000531927	0.000802999	0.000767148	0.349642	0.00724851	0.00616205	
0.0154339	0.00787121	0.0290184	0.552258	0.00221036	0.000107064	0.009911	0.0030602	0.050468	0.00293616	0.0014178	0.00601893	0.178671	0.0870495	0.0209829	0.00619657	0.0250046	0.000241835	0.00105441	8.86099e-05	
0.0131047	0.00590407	0.000640788	0.044309	0.00498581	0.100045	0.0218513	0.000535644	0.00217482	0.0402213	0.00536267	0.000416295	0.000172775	0.0369997	6.04454e-05	0.00806113	0.710054	0.000442914	0.000522745	0.00413461	
6.93714e-05	0.00811415	0.138905	0.0162821	0.069118	0.0306865	9.48071e-05	0.0952214	0.00623569	4.5016e-05	0.0225055	0.0247938	0.493315	0.00140844	4.24656e-05	0.000353172	8.14749e-05	0.0351835	0.00741793	0.0501266	
0.07002	0.0250709	0.0322062	0.000867885	0.00854361	0.000197061	0.00435906	0.233379	0.00232011	0.270966	0.0813014	0.0393045	0.000202658	0.0150633	0.000260408	0.0179236	0.00202821	0.195335	0.000405367	0.000245411	
0.204745	0.0707266	0.003027	0.060944	0.000237629	0.266078	0.0211002	0.00370486	0.0121732	0.000344612	0.0624638	0.000744297	0.000308607	0.0908459	0.000121217	0.0339797	0.104796	0.0625131	0.000389183	0.0007578	
0.0200966	0.00134199	0.00255094	0.130882	0.000912561	0.000401749	0.002455	0.0139537	0.265541	0.0108621	0.00731723	0.000308633	0.223081	0.00792074	0.0357077	0.0562108	0.19336	0.0241116	0.00139057	0.00159467	
0.212566	0.0865034	0.00048555	0.00149621	8.38081e-05	0.0220469	0.00110255	0.0901024	0.00337128	0.0104248	0.169012	0.0184949	0.000191276	0.0402895	3.78462e-05	0.0275511	0.178701	0.105104	6.45933e-05	0.0323716	
0.019636	0.00233647	0.139138	0.238892	0.00406386	8.75386e-06	0.0215504	0.0517885	0.0896695	0.00470923	0.0302029	0.0160134	0.00749053	0.0306768	0.0494998	0.00957238	0.220608	0.0495146	0.00345769	0.0111719	
0.125908	0.299051	0.00015878	0.000303641	0.0450809	0.0719243	0.00196351	0.029368	0.0567551	0.00623064	0.0131127	0.0163717	5.63081e-05	0.0151447	0.000112387	0.114253	0.056641	0.147421	7.23432e-05	7.04187e-05	
0.079495	0.00938345	0.0398032	0.123716	0.0424149	0.0623153	0.00184158	0.000389884	0.430632	0.00612053	0.00295524	0.0129446	0.0973284	0.0357279	0.034909	0.000895947	0.00291326	0.00235028	0.0113313	0.00253228	
0.0395651	0.0122979	0.000747579	0.071737	0.0132624	6.22517e-05	0.0140181	0.0744597	0.104806	0.0106026	0.0419677	0.00184288	0.000224071	0.0522805	0.106282	0.00623253	0.0613016	0.31826	0.0003979	0.0696518	
0.00270876	0.0207585	0.00417503	0.00427673	0.000114676	0.00107835	0.000321645	0.375138	0.00301996	0.502942	0.0264126	0.000946213	0.000118412	0.00234254	9.13798e-05	0.00048625	0.00443115	0.0375672	0.000703318	0.0123673	
0.237906	0.000698118	0.0893963	0.0405782	0.000279319	0.0280229	0.000243375	0.000204889	0.17422	0.0167165	0.0353207	0.0213846	6.17137e-05	0.0247373	0.014051	0.242656	0.0635377	0.00877946	0.000912067	0.000292733	
0.0195023	0.0174186	0.0247993	0.00550462	0.0126661	0.562566	0.00369452	0.0460215	0.0273324	0.0610756	0.0502774	0.107382	0.00408956	0.0324506	0.000152128	0.000592103	0.0214534	0.000427267	0.000570899	0.00202388	
0.00545511	0.0120849	0.00925934	0.0188426	0.0294033	0.000125036	0.000180619	0.00032543	0.794463	0.00268205	0.00253239	0.0124264	0.00551367	0.00493714	0.0830109	0.00364328	0.0125659	0.000312309	0.00106726	0.00116987	
0.00444709	0.0131984	0.0141974	0.0184981	0.0339085	0.000152826	0.000219708	0.00027579	0.804901	0.00532127	0.00312164	0.0127665	0.00517306	0.00395232	0.0634901	0.00222732	0.0118134	0.000665171	0.00139583	0.000274006	
0.00844959	0.0180381	0.00180144	0.00242719	0.0014182	0.000270102	0.000323639	0.245464	0.00168501	0.487648	0.0210374	0.000725708	0.00169629	0.000590198	9.4054e-05	0.000868985	0.0101658	0.186481	0.000699134	0.0101165	
0.301493	0.205248	0.000183837	0.000275387	0.000421449	0.100312	0.015871	0.00157427	0.001415	0.00816413	0.00206931	0.000923466	7.00835e-05	0.0333994	0.000135599	0.00604752	0.228181	0.0918038	0.000695685	0.00171637	
0.0107676	0.000997397	0.00225296	0.000901757	0.122943	0.000415923	0.000867683	0.362557	0.00120148	0.250096	0.0137458	0.000912725	0.000125511	0.00123261	0.000195762	0.000294527	0.000511835	0.228252	0.00108817	0.000640427	
0.0292806	0.0281054	0.00119381	0.000418534	0.000750908	0.000212851	0.0264578	0.15508	0.0300206	0.000195247	0.000674589	0.0246709	0.00358972	0.0395508	0.0248764	0.00712279	0.00688353	0.584332	0.0172158	0.019368	
0.0208107	0.00150197	0.022972	0.0129649	0.00129808	0.00495882	0.00080138	0.0300402	0.0258897	0.00040304	0.0470963	0.0315242	0.626824	0.000857829	0.000278305	0.143864	0.016091	0.00934263	0.00133505	0.00114639	
0.000574975	0.0161212	0.0040607	0.000714025	0.000296294	0.000215791	0.0450207	0.653435	0.000600096	6.1275e-05	0.00506847	0.000468909	0.207391	0.0179135	0.000303993	0.00036563	0.000207098	0.0224257	0.0136809	0.0110745	
0.0136617	0.0186306	0.122093	0.0118183	8.1094e-05	0.0265538	0.00039314	0.00134045	0.00310388	0.675028	0.0298077	0.0518743	6.88204e-05	0.000587502	8.78391e-05	0.000156496	0.0352306	0.00250226	0.000153464	0.00682718	
0.437779	0.00974043	0.000254399	0.000620542	0.0819319	0.000138363	0.013331	0.00517008	0.0642921	0.035123	0.0256395	0.00747535	9.57369e-05	0.0155476	0.0485866	0.000247076	0.00426478	0.000811911	0.0057539	0.243197	
0.012816	0.00013263	0.00016592	0.000381833	0.028374	0.713501	0.0202196	0.00811593	0.0313433	0.0216509	0.0467719	0.00609459	0.0195994	0.0222921	6.43245e-05	0.0037426	0.00462258	0.000343642	0.000472515	0.0592954	
0.0117215	0.0269302	0.00972078	0.0187085	0.000444828	0.0125425	0.00456642	0.093562	0.00221425	0.45512	0.0336539	0.217542	0.000627284	0.0769746	0.000649171	0.00395754	0.0139165	0.00968281	0.00060847	0.00685776	
0.000576033	0.000346367	0.000740806	0.00131176	0.0398361	0.0571741	0.000279583	0.0558476	0.00228634	0.122319	0.621717	0.00185513	0.000128193	0.000935356	0.000120368	0.000254345	0.0134585	0.0785375	0.00154645	0.00073028	
0.0167569	0.0266226	0.000403141	0.00132956	0.000301782	0.000229847	0.00171039	0.00660058	0.0222757	0.305028	0.18215	0.0253989	0.000513538	0.00506649	0.000980884	0.00275001	0.00660149	0.374076	0.00514011	0.0160649	
0.0001655	0.00516873	0.594702	0.0843761	0.0291497	0.0128847	0.000139579	0.00440573	0.000193715	0.0361131	0.0409534	0.0607922	0.120698	0.00260509	0.000299553	0.00133609	0.00363665	0.000230051	0.00202681	0.000123017	
0.0177706	8.99624e-05	0.000179096	0.000585784	0.0160527	0.771289	0.0227611	0.000374376	0.0348118	0.0154097	0.047487	0.000427685	0.0156037	0.0222234	2.2579e-05	0.00704631	0.000237824	0.000189612	0.000852158	0.0265854	
0.00388009	0.000963828	0.000526684	0.000353152	0.0726188	0.000156872	0.00048978	0.218655	0.000713164	0.16122	0.158083	0.00074278	0.000136614	0.000581483	9.43236e-05	0.00769765	0.00140326	0.369052	0.00191849	0.000713042	
0.00339763	0.0182256	0.00108358	0.000790105	0.00965361	0.000202162	0.00336899	0.0289842	0.0471806	0.689187	0.0215275	0.000205983	0.00046177	0.0699634	0.0261963	0.00673836	0.0131011	0.053823	0.00335854	0.00255016	
0.044686	7.33222e-05	0.160148	0.203859	0.00146302	0.0420099	0.00713856	0.00287475	0.10625	0.00157857	0.0011805	0.109888	3.75188e-05	0.0448416	0.0596111	0.161961	0.0493117	0.00290924	0.000114783	6.2065e-05	
0.00440971	0.00506094	0.000148507	0.00532611	0.0320846	0.00119511	0.0236403	0.0545464	0.00202658	0.700683	0.0871735	0.00893051	7.24868e-05	0.000110432	0.000112545	0.000691507	0.0010164	0.0679473	0.00471018	0.000114071	
0.000408502	0.00446624	0.000472707	0.000575124	0.00255747	0.000155717	0.000790615	0.588348	0.000463072	0.113694	0.000383111	0.000243053	9.985e-05	0.000870622	8.57008e-05	0.00433121	0.00988222	0.262853	0.000334815	0.00898503	
0.392692	0.0002371	0.0383003	0.00135917	0.00458634	0.107249	0.0206143	0.000180555	0.000171697	0.000480243	0.0222364	0.124406	0.000174869	0.000275344	0.000110115	0.185223	0.0560469	0.0358069	0.00974196	0.000108418	
0.513955	0.0174786	0.000277532	0.00026653	0.0304189	9.59231e-05	0.0120311	0.00865948	0.18469	0.00141693	0.00770893	0.0201001	7.82906e-05	0.0168728	0.0532593	0.000151692	0.00026415	0.0147992	0.00692954	0.110545	
0.0129227	0.00364168	0.0108495	0.0103256	0.0210658	0.0030125	0.00870551	0.000592846	0.520842	0.00171445	0.00136334	0.000435645	0.000562996	0.000842934	0.283683	0.0492533	0.00949923	0.0521894	0.00100874	0.00748918	
0.00293879	0.0211009	0.000366433	0.0027422	0.000212957	0.000130824	0.0270486	0.127226	0.0153115	0.000129899	0.000562435	0.00130433	0.104665	0.0221944	0.0088945	0.00124014	0.0036998	0.63212	0.0160866	0.0120245	
0.0769698	0.000714664	0.008189	0.00204029	0.000524274	0.482601	0.0314969	0.0366321	0.0144241	0.000252839	0.022315	0.0298012	5.35286e-05	0.0407324	0.000905081	0.221176	0.0100791	0.00409023	0.0164722	0.000530327	
0.00801657	0.000231895	0.000573078	0.00211897	0.199813	0.000235808	0.269969	0.000156361	0.023393	0.00871111	0.0947465	0.0107111	0.000796999	0.00617253	0.00178525	0.00033779	0.0149465	0.322676	0.0130996	0.0215086	
0.000546381	0.011008	0.000372895	0.000790596	0.00198061	0.000168272	0.000257382	0.503331	0.00208269	0.0320536	0.00370375	0.000399749	0.000100885	0.00426392	0.000165968	0.000198301	0.000389221	0.428175	0.000281839	0.00973048	
0.000384086	0.00111038	0.000281264	0.000815319	0.0544753	0.000155257	0.0035636	0.0830767	0.00139825	0.591954	0.184388	0.00253396	7.48218e-05	0.000384176	7.74632e-05	0.000449311	0.000644435	0.0730975	0.000847776	0.000288251	
0.0748092	2.78321e-05	4.2009e-05	0.00708447	0.0161424	0.0362127	5.11704e-05	0.000249828	0.0403166	3.89835e-05	0.0142529	7.49207e-05	0.0230212	0.00959304	0.0665967	0.000141643	0.00605179	0.000781932	0.00467018	0.69984	
0.000729274	0.0106861	0.58588	0.0292886	0.0317887	0.00467496	0.00109558	0.000647829	0.00019259	0.0508152	0.0390689	0.128668	0.091292	0.00325078	0.00982442	0.00122917	0.000702258	0.00040671	0.00966493	9.36223e-05	
0.000241007	0.0179893	0.00156534	0.0185196	0.0351781	0.0249109	0.0673758	0.236769	0.0200719	0.000179857	0.0219898	0.00228768	0.411496	0.000482581	0.000120968	0.000327815	0.000282402	0.123377	0.0153943	0.00143996	
0.0292951	0.000191175	0.0352306	0.529659	0.000359503	0.0136486	0.00743416	0.00649344	0.16685	0.00721718	0.00624354	0.0188223	3.22641e-05	0.100815	0.0149412	0.0178439	0.0284583	0.0129187	7.61353e-05	0.00346925	
0.000515929	0.000516783	0.0475287	0.158104	0.00138949	0.00515197	0.0665776	0.000211265	0.000314494	0.0101558	0.00146531	0.000296864	5.61761e-05	0.0198583	0.00011991	0.015093	0.635938	0.0230257	0.0130061	0.000674798	
0.125376	0.00127113	0.0355128	0.0191002	0.0239504	0.0108643	0.00861731	0.00232809	0.204556	0.482951	0.00246391	0.0250267	0.000522246	0.0032808	0.0306327	0.00867621	0.0127703	0.000450629	0.000398738	0.0012511	
0.0292951	0.000191175	0.0352306	0.529659	0.000359503	0.0136486	0.00743416	0.00649344	0.16685	0.00721718	0.00624354	0.0188223	3.22641e-05	0.100815	0.0149412	0.0178439	0.0284583	0.0129187	7.61353e-05	0.00346925	
0.0814373	0.0200636	0.000659577	0.000450848	0.00802803	0.000244242	0.000437902	0.00358617	0.0281464	0.000112766	0.00514426	0.0184358	0.659142	0.000501209	0.000165589	0.000202383	0.00701351	0.129611	0.0149629	0.0216548	
0.000524628	0.0222381	0.000433843	0.0292245	0.000387635	0.000184152	0.0266488	0.0738365	0.027488	0.000194426	0.00134019	0.00253843	0.0153676	0.00266729	0.00977075	0.00394202	0.0717038	0.67775	0.0154962	0.0182633	
0.0157013	0.00775651	0.0282288	0.552332	0.00221585	5.48438e-05	0.0100675	0.00360212	0.0485499	0.0028408	0.00146079	0.00576605	0.179852	0.0862094	0.0210292	0.00673571	0.0263215	0.00013483	0.00104352	9.76102e-05	
0.0748083	2.80281e-05	4.2379e-05	0.00707353	0.0160407	0.036511	5.09934e-05	0.000253674	0.0403627	3.83952e-05	0.0142754	7.32712e-05	0.0238246	0.00958998	0.0665466	0.000142031	0.00602366	0.000885336	0.00479604	0.698633	
0.105356	0.00259526	0.000730955	0.0246676	0.220638	0.0465642	0.000656001	0.000313503	0.0442745	0.0692072	0.000403504	0.000839955	0.000137701	0.000567869	0.000235064	0.000211256	0.0308908	0.000174551	0.000500935	0.451035	
0.0982632	0.14805	0.0359554	0.171106	0.111868	0.000106534	0.00636152	0.0322972	0.0307415	0.0398729	0.0142414	0.0396451	0.000216673	0.000207553	0.000310579	0.0697799	0.033042	0.117806	0.0021245	0.0480038	
0.153268	0.0178152	0.00217408	0.000970718	0.0396038	0.00343039	0.000945102	0.000513157	0.645781	0.0428674	0.000751191	0.0217684	0.0121421	0.000397479	0.0207593	0.000952809	0.000670675	0.0305557	0.0038306	0.00080312	
0.0847186	0.00519354	0.00044933	0.000471102	0.0711334	0.000144101	0.000576152	0.00213669	0.110657	0.418715	0.0500326	0.0303988	0.000150957	0.00239827	0.000395138	0.000805793	0.118299	0.0915799	0.00858054	0.00316388	
0.0803953	0.019402	0.000511864	0.000228572	0.00116153	0.000100598	0.000478052	0.000508555	0.0282608	0.0001027	0.00203401	0.0185006	0.665378	0.000576018	0.0002646	0.000185304	0.00729325	0.141323	0.0143112	0.0189837	
0.0307915	0.00302311	0.0411049	0.104962	0.0613551	0.0385485	0.0258067	0.0060987	0.133961	0.000100782	0.0106437	0.0608373	0.0917108	0.112541	0.000124614	0.0995119	0.0754576	0.0168579	0.0862451	0.000318277	
0.0256475	6.99129e-05	0.570344	0.0725143	0.000152572	0.00724125	0.00689906	0.00535381	0.0381099	0.0418366	0.00029856	0.0870049	0.0193494	0.0354662	0.0237249	0.0370363	0.0201643	7.16536e-05	0.000381949	0.00833279	
0.0273342	0.0207373	0.019754	0.00317844	0.00175043	0.000162214	0.00159998	0.445657	0.000850864	0.211604	0.0610645	0.00300758	0.000302327	0.00448058	0.000200089	0.00653792	0.00675414	0.177578	0.000328879	0.00711762	
0.182784	0.000441946	0.248083	0.194718	0.00101835	0.0675784	0.0267695	0.000196817	0.00057925	0.00609058	0.0179454	0.0706332	0.0492935	0.0381131	9.0073e-05	0.0523685	0.0267437	0.0143117	0.00213988	0.000100673	
0.000366849	0.00971783	0.168566	0.490421	0.0185731	0.00406997	0.000236827	0.0224042	0.0530037	0.00119976	0.00499321	0.0531356	0.000657097	0.0858725	0.000291538	0.0610819	0.000693774	0.00435728	0.0202018	0.000156117	
0.0332371	0.000984041	0.0533251	0.0269242	0.0305769	0.01432	0.00242153	0.00384108	0.010648	0.000582456	0.0261774	0.0244851	0.000170639	0.000663738	0.65385	0.0545202	0.00419878	0.0401173	0.00169333	0.0172631	
0.003924	0.000353168	0.222326	0.151553	0.000293843	0.000126085	0.00322036	0.0992013	0.013172	0.181392	0.0689716	0.0149646	0.0130418	0.0248044	0.0251058	0.0227088	0.0889065	0.0544467	0.00253611	0.00895212	
0.298361	0.00122921	0.000482847	0.000303044	0.0197507	0.000117686	0.00245862	0.0869633	0.0021919	0.111843	0.0240178	0.00164698	7.77522e-05	0.00286408	0.000131388	0.0289445	0.0805717	0.335066	0.00116032	0.00181872	
0.00608577	0.00133187	0.00187813	0.00383679	0.134116	0.000660654	0.00100406	0.399694	0.00200564	0.262633	0.0224821	0.000317256	0.000328656	0.00615734	0.000308601	0.000268069	0.000329432	0.153721	0.00226524	0.000576237	
0.0304183	0.0202271	0.000450412	0.000406652	0.000195179	0.000166947	0.000445141	0.280158	0.00329282	0.113306	0.000763066	0.000661759	0.000125501	0.000917615	0.000179775	0.000463089	0.000541241	0.526437	0.00435992	0.0164838	
0.000959508	0.0182131	0.00117493	0.00333242	0.00202512	0.000410615	0.00110881	0.229726	0.00116601	0.302123	0.0208379	0.000420978	0.000242154	0.00141439	0.000151439	0.000232154	0.0710668	0.332595	0.001609	0.0111901	
0.000430807	0.0183938	0.532519	0.000156918	0.0179041	0.000234665	0.000190109	0.0309593	0.0499591	0.094856	0.0568737	0.000223813	0.0300847	0.0271751	0.0307983	0.0349418	0.0627473	0.000615024	0.0108269	0.000109999	
7.2167e-05	0.00779883	0.14046	0.0160125	0.0704193	0.0303477	0.000143865	0.0933785	0.00607002	4.31611e-05	0.0234918	0.0235578	0.496023	0.00135416	5.31698e-05	0.000347826	7.74859e-05	0.0343199	0.00741866	0.0486098	
0.0168313	0.0186558	0.0953172	0.0125348	9.98182e-05	0.0104319	0.00166984	0.00177322	0.00345246	0.683155	0.0502617	0.0428506	0.000131538	0.00126337	0.000179571	0.000166109	0.0462997	0.00427435	0.000450101	0.0102016	
0.0175588	0.000357363	0.000472062	0.000392325	0.0215237	0.740449	0.0190247	0.00749202	0.0309835	0.0232959	0.0465651	0.00614493	0.00899773	0.0224374	2.63958e-05	0.00417771	0.000814256	0.000160542	0.000384366	0.0487425	
0.000264059	0.000298043	0.000288376	0.000420277	0.279687	0.335562	0.0220947	0.00325928	0.0354968	0.00110024	0.0426774	0.023735	0.146452	0.0267312	8.38303e-05	0.00269275	0.0282563	0.0101225	0.000859972	0.0399176	
0.000423922	0.00033497	0.0597173	0.107859	0.000317817	0.0212541	0.0757466	0.0076981	0.0101374	0.000973278	0.0519744	0.015715	0.000157064	0.0295289	0.00670853	0.531013	0.0372526	0.0422807	0.000484696	0.000421984	
0.579798	0.00191176	0.000468528	0.000763831	0.000433625	0.0112106	0.00130726	0.00707148	0.0376824	0.06426	0.0626046	0.0222896	0.000216617	0.0174412	0.000530488	0.154821	0.000524916	0.0269494	0.00426798	0.0054468	
0.0999565	0.036432	0.0577139	0.00487866	5.58892e-05	0.00423264	0.000285138	0.335011	0.0125673	0.0345074	0.00220086	0.0186159	5.15249e-05	0.00113977	0.00780088	0.0737915	0.0242736	0.28639	3.91056e-05	5.59881e-05	
0.417887	0.0145123	0.121059	0.0288015	0.000597944	0.0001619	0.0602341	0.00173279	0.00560859	0.0756138	0.219594	0.00129722	0.000411706	0.00418184	0.00159842	0.0104431	0.0053728	0.0125351	0.00412233	0.0142346	
0.458304	0.00316128	0.000417604	0.00252258	0.00648812	0.000196228	0.0246116	0.00277748	0.0116599	0.0347725	0.0182705	0.00197231	0.000131099	0.061271	0.049311	0.013005	0.296919	0.00100368	0.0101894	0.00301567	
0.000451506	0.00411834	0.000481292	0.000576723	0.00259419	0.000179039	0.00094429	0.589147	0.000441501	0.112215	0.000467962	0.000241671	9.99634e-05	0.000850239	8.11543e-05	0.00417552	0.00952446	0.264445	0.000404831	0.00856081	
0.0256475	6.99129e-05	0.570344	0.0725143	0.000152572	0.00724125	0.00689906	0.00535381	0.0381099	0.0418366	0.00029856	0.0870049	0.0193494	0.0354662	0.0237249	0.0370363	0.0201643	7.16536e-05	0.000381949	0.00833279	
0.0676054	0.0137319	0.00187194	0.0590999	0.0123108	0.0143863	0.0490545	0.0110438	0.0457627	0.0752341	0.0618543	0.0193557	3.55863e-05	0.33826	0.122095	0.0374258	0.0098175	0.0422518	0.0009841	0.0178192	
0.0137229	0.0229212	0.00172517	0.001619	0.000830362	0.000413869	0.00425368	0.10714	0.00206181	0.658088	0.00903624	0.0346999	0.000712047	0.000675587	0.00020652	0.000290662	0.0207879	0.113132	0.00118808	0.0064945	
0.119706	0.017042	0.0356857	0.000250123	0.056273	0.0134167	0.0279806	0.000484527	0.538121	0.0562008	0.00138488	0.000752489	0.010312	0.000408213	0.00856835	0.00746784	0.000391703	0.0286178	0.00838577	0.0685501	
0.16159	0.000326019	0.00205097	0.158331	0.0298753	0.00562679	0.00370664	0.00533686	0.257451	0.000138472	0.0176617	0.0320499	9.12468e-05	0.0977376	0.184562	0.0187233	0.00720867	0.00421708	0.000805851	0.0125093	
0.190564	0.0125824	0.00132267	0.00281154	0.00132339	0.00914367	0.143653	0.000380667	0.0822739	0.0418509	0.022383	0.011289	0.000168128	0.0478439	0.274211	0.052405	0.01536	0.00211319	0.071463	0.0168577	
0.000346165	0.000177467	0.000327715	0.00026355	0.0413549	0.681213	0.0225922	0.0225556	0.00810567	0.00160627	0.0160219	0.0218859	0.000805702	0.0949906	0.0235208	0.000290327	0.00980183	0.000235303	0.000295377	0.0536096	
0.303893	0.325511	0.000370798	0.000204073	0.00117339	0.0570059	0.0115883	0.00249119	0.0451993	0.000279099	0.00197151	0.032961	0.057424	0.0150288	0.000137513	0.00865527	0.000560216	0.129348	0.000185011	0.00601287	
0.043145	0.00024089	0.0299515	0.0145653	0.000227994	0.0354558	0.0130697	0.00287584	0.29298	0.00367349	0.000461584	0.0374938	0.018699	0.0667843	0.258345	0.0618225	0.0806961	0.0391523	0.00014886	0.000211251	
0.0203246	0.000471123	0.125706	0.0305348	0.00134116	0.011032	0.0556482	0.00119044	0.0239512	0.0154709	0.034219	0.220414	0.000106793	0.0865186	0.092152	0.256576	0.0165251	0.000221426	0.00541482	0.00218192	
0.00160766	0.0225343	0.00196234	0.0180373	8.49963e-05	0.00014057	0.000795496	0.690511	0.000474886	0.103992	0.0513384	0.000531377	0.000144518	0.000682164	0.00013504	0.00045194	0.00312453	0.0893047	7.23656e-05	0.0140748	
0.0085432	0.000220849	0.00695157	0.009074	0.0202763	0.00526701	0.00606196	0.00129499	0.450414	0.000148121	0.0061481	0.00248606	4.86557e-05	0.00157273	0.359744	0.0260929	0.0178184	0.0727059	0.000665393	0.00446619	
0.000438177	0.00110185	0.000315157	0.000887639	0.057139	0.000187788	0.00305261	0.0840323	0.00145994	0.59113	0.181886	0.00234398	7.36944e-05	0.000387904	8.09196e-05	0.00046337	0.000962409	0.0728335	0.00088594	0.000338508	
0.125908	0.299051	0.00015878	0.000303641	0.0450809	0.0719243	0.00196351	0.029368	0.0567551	0.00623064	0.0131127	0.0163717	5.63081e-05	0.0151447	0.000112387	0.114253	0.056641	0.147421	7.23432e-05	7.04187e-05	
0.00990434	0.0207121	0.00171414	0.00155186	0.000444879	0.000529429	0.00160725	0.176925	0.00125611	0.641487	0.0165267	0.0220668	0.000512865	0.000719508	9.90673e-05	0.000259691	0.0139511	0.0811869	0.000819837	0.00772578	
0.00192756	0.0118561	0.000557468	0.00395412	0.00328474	0.000207467	0.000171238	0.247634	0.00147144	0.372978	0.023264	0.000528823	0.000539333	0.000637089	8.80363e-05	0.000360801	0.0392787	0.283408	0.000791135	0.00706263	
0.770617	0.0119839	0.000170275	0.000306237	0.000243212	0.032114	0.019153	0.00157483	0.0268854	0.000164094	0.0118359	0.0266475	9.61548e-05	0.0347004	0.000193885	0.0344432	0.00338593	0.0226904	0.000622994	0.00217129	
0.773989	0.01133	0.000165331	0.000283948	0.00020195	0.0300737	0.0202872	0.000362912	0.0266529	0.000143044	0.0117277	0.0265868	9.43762e-05	0.034169	0.00020549	0.0344968	0.00338593	0.0228598	0.00076495	0.00221877	
0.000113968	0.00830858	0.144716	0.0208627	0.0741001	0.0384457	0.000353881	0.0897556	0.00633653	7.04561e-05	0.0241856	0.0289391	0.472717	0.00288406	0.00021495	0.000798889	0.000121132	0.0361402	0.00896301	0.0419721	
0.016831	0.0199924	0.0172563	0.646868	0.0337986	0.000179148	0.00253278	0.0526976	0.00064962	0.0147882	0.0473385	0.00709685	0.0721712	0.0223006	0.00619621	0.00680363	0.00933554	0.000416283	0.0169737	0.00577384	
0.0298141	0.0202532	0.000429535	0.000401986	0.000205834	0.000167274	0.000380897	0.282893	0.00324771	0.113652	0.000767641	0.000671992	0.000126415	0.000900193	0.000163706	0.00048362	0.000607984	0.524685	0.00436074	0.0157874	
0.104166	0.00438663	0.0553287	0.254268	0.0120479	0.000397126	0.0243573	0.000284552	0.411404	0.00463948	0.0010135	0.0377501	0.000562252	0.0315496	0.0195731	0.0184296	0.00691462	0.00174739	0.0109056	0.000273854	
0.245415	0.00451866	0.0837804	0.0760044	0.00737772	3.89154e-05	0.225013	0.00244161	0.113118	0.0231959	0.00761709	0.0781414	1.77516e-05	0.0427553	0.0197734	0.00416653	0.00930167	0.0394073	0.000175196	0.0177402	
0.00170527	0.00131486	0.000497103	0.000990442	0.0847191	0.000154605	0.000709532	0.161644	0.00367047	0.235591	0.108533	0.001718	0.000224316	0.00244903	0.000292232	0.00231041	0.00169066	0.388086	0.00258537	0.00111515	
0.0676054	0.0137319	0.00187194	0.0590999	0.0123108	0.0143863	0.0490545	0.0110438	0.0457627	0.0752341	0.0618543	0.0193557	3.55863e-05	0.33826	0.122095	0.0374258	0.0098175	0.0422518	0.0009841	0.0178192	
0.0352562	4.56875e-05	0.0629427	0.468063	0.000167657	0.0211864	0.00597226	0.00705483	0.158034	0.00665573	0.00608827	0.0347796	1.18998e-05	0.0853033	0.0199532	0.0445584	0.032455	0.00881532	3.13676e-05	0.00262578	
0.260554	0.00525021	0.0706135	0.0877588	0.0242784	5.7395e-05	0.161594	0.00501584	0.11646	0.0191763	0.0100105	0.062326	2.6388e-05	0.0316803	0.0590887	0.0045394	0.00888838	0.0310078	0.00242046	0.0392539	
0.0071655	0.00383306	0.0351354	0.000787126	0.00609633	0.0433778	0.586965	0.0263714	0.00377138	0.000333044	0.0535703	0.00463508	9.10503e-05	0.00766216	0.000251353	0.14041	0.0328052	0.00506001	0.0205249	0.0211538	
0.000443525	0.000146156	0.0643526	0.00124203	0.0222203	0.0162392	0.000315396	0.000130062	0.000140904	0.000202898	0.000986988	0.0517297	0.786809	0.000559735	0.02533	0.0181882	0.000129448	0.00107731	0.000111812	0.00964446	
0.000892163	0.0166199	0.632106	0.0355575	0.019258	0.000566027	0.000371664	0.0260781	0.00121108	0.0640114	0.0608717	0.00880922	0.037251	0.000870015	0.0235571	0.030494	0.0315953	0.000330198	0.00940953	0.000140317	
0.000620363	0.0181345	0.000365147	0.00550189	0.000244882	0.000172816	0.0257727	0.0782038	0.0193227	0.000125406	0.000558689	0.00258458	0.097184	0.0145806	0.0148932	0.00394562	0.0165897	0.671685	0.014556	0.0149587	
0.0153806	0.00790184	0.0297763	0.546471	0.00210299	6.46323e-05	0.0100081	0.0031375	0.051273	0.00288907	0.00144447	0.00586143	0.182612	0.0859402	0.021159	0.00645877	0.0260674	0.000335907	0.00105232	6.37889e-05	
0.00152219	0.0218759	0.00177925	0.0179376	0.000100897	0.000148831	0.000782625	0.692922	0.000470518	0.102363	0.0502228	0.00054305	0.000147058	0.000919247	0.00013068	0.000436922	0.00299416	0.0895323	0.000772733	0.0143984	
0.000386122	0.00139391	0.000987564	0.000410305	0.162194	0.000159903	0.060148	0.0217937	0.00602239	0.0199202	0.00155717	0.00569138	0.00106648	0.00562859	0.000527438	0.000847105	0.0563309	0.350247	0.13019	0.174498	
0.0354542	0.026446	0.000691088	0.000477379	0.000125286	0.00021165	0.000313437	0.0554823	0.00372394	0.0943011	0.0007087	0.00207017	0.000141061	0.000535215	7.74469e-05	0.00506481	0.60874	0.149644	0.00243963	0.0133532	
0.599778	0.0399185	0.00059065	0.000394711	0.0133651	0.107977	0.0275859	0.0134608	0.0429813	0.00630967	0.0477491	0.0359475	0.000193048	0.0358542	0.000265448	0.000798384	0.000629344	0.0121866	0.000696218	0.0133186	
0.477392	0.0254983	0.000567781	0.00854831	0.0024177	0.0285461	0.0272907	0.0190134	0.0759461	0.00252933	0.0177126	0.0131735	0.000177517	0.0344737	0.000362551	0.252586	0.0111419	0.000482333	0.00076063	0.00137956	
0.00302629	0.0138053	0.00120288	0.00421183	0.0024902	0.000171555	0.000202363	0.268736	0.00108182	0.374303	0.0252382	0.000589575	0.000694229	0.000458388	7.87144e-05	0.000654638	0.0329931	0.26089	0.000449201	0.00872265	
0.0122413	8.38947e-05	0.410483	0.230816	0.00012096	0.000186278	0.00571648	0.0260682	0.0219332	0.000212907	0.0429875	0.00403069	0.00442239	0.00802409	0.102669	0.128748	8.2848e-05	0.000672426	0.000436859	6.42932e-05	
0.00603112	0.0273322	4.53743e-05	0.0388179	3.23455e-05	0.140527	0.107274	0.0213002	0.360328	0.000192551	0.0176124	4.99866e-05	6.34402e-05	0.04318	0.134292	4.80987e-05	0.083005	0.000945788	0.000371904	0.0185498	
0.000394696	0.0241349	0.171952	0.000111179	0.0314173	0.000177414	0.000122598	0.000815109	0.000407744	0.0709168	0.048019	0.553926	0.0230938	0.0313671	0.0216631	0.00062777	0.00551171	0.000505462	0.0147681	6.76664e-05	
0.00850424	0.0121738	0.30812	0.423073	0.020966	0.000141	0.0010754	0.0308871	0.0103498	0.0122672	0.0386387	0.000451219	0.0051608	0.0126849	0.0388947	0.0561509	0.011341	0.000243607	0.00868961	0.000186995	
0.245415	0.00451866	0.0837804	0.0760044	0.00737772	3.89154e-05	0.225013	0.00244161	0.113118	0.0231959	0.00761709	0.0781414	1.77516e-05	0.0427553	0.0197734	0.00416653	0.00930167	0.0394073	0.000175196	0.0177402	
0.0946925	0.0178711	0.00084958	0.000440549	0.0363653	0.508705	0.0249312	0.035808	0.0421101	0.0540152	0.0614171	0.0313064	0.000613801	0.0318195	0.000192212	0.00811995	0.00147844	0.000328776	0.000544027	0.0483917	
0.0748092	2.78321e-05	4.2009e-05	0.00708447	0.0161424	0.0362127	5.11704e-05	0.000249828	0.0403166	3.89835e-05	0.0142529	7.49207e-05	0.0230212	0.00959304	0.0665967	0.000141643	0.00605179	0.000781932	0.00467018	0.69984	
0.0145024	0.0180364	0.0170795	0.0257224	0.000247619	0.00876181	0.0491798	0.637682	0.000603739	8.52854e-05	0.00265628	0.00045069	0.169062	0.0206796	0.000221954	0.000499367	0.000251864	0.0110608	0.0136582	0.00955912	
0.000631397	0.163034	0.0017966	0.000561639	0.0232959	0.00102179	0.00353262	0.10545	0.00249957	0.116316	0.0139455	0.008369	0.000388712	0.00247378	0.0521551	0.00143691	0.0180233	0.468403	0.00495357	0.0117115	
0.0287826	0.023127	0.0794727	0.0205607	0.000124031	0.0200087	0.00103028	0.0078405	0.0212002	0.682957	0.0151123	0.0305112	0.0001763	0.00171907	0.000455544	0.000280852	0.0477045	0.0063538	0.00016779	0.0124149	
0.501193	0.0163559	0.000204526	0.000383041	0.0308035	8.13561e-05	0.0103818	0.00910113	0.169581	0.0073084	0.0139903	0.015774	7.49847e-05	0.0152012	0.050133	0.000170973	0.000405239	0.0100039	0.0078644	0.140989	
0.113467	0.000114872	0.0235289	0.0129293	0.0270796	9.02614e-05	0.000108757	0.00709411	0.100419	0.000138229	0.00204443	0.00893357	4.61025e-05	0.001339	0.376128	0.00147102	0.004223	0.0334595	0.000180911	0.287204	
0.00328762	0.0206793	0.006287	0.0047849	0.000152704	0.00184172	0.000269128	0.398876	0.00113801	0.462243	0.0341473	0.000517981	0.000108733	0.00711562	0.000117196	0.000397301	0.00578915	0.0351777	0.00266909	0.0144009	
0.0929539	0.0053203	0.00169234	0.0318492	0.465697	0.0264927	0.00215192	0.000336605	0.059429	0.000100054	0.0475337	0.00230923	0.0319858	0.034991	0.0178909	0.000296708	0.0333464	0.000501515	0.00599149	0.13913	
0.000345718	0.000177741	0.000327097	0.00026314	0.0413078	0.681426	0.0223462	0.0225458	0.00825862	0.00160628	0.0160326	0.021884	0.000805791	0.0949423	0.0234963	0.000292608	0.00980207	0.000235766	0.000295147	0.0536096	
0.000880437	0.00140314	0.0458719	0.149377	0.00254512	0.0092218	0.061342	0.000203852	0.000298843	0.0100477	0.00134293	0.000295112	5.91402e-05	0.0197786	0.000118875	0.0141646	0.649321	0.0210132	0.011938	0.000777143	
