0.0577449	0.0414691	0.00586369	0.00050613	0.0568361	0.000165811	0.00823977	0.372926	0.000916833	0.0978603	0.0411531	0.000533553	0.000218381	0.00210162	0.000164604	0.0255214	0.0285505	0.251881	0.00658236	0.000764286	
0.030894	3.32636e-05	0.413434	0.0918233	0.000203969	0.0100529	0.0132191	7.97742e-05	0.0859017	0.00560713	8.27919e-05	0.13878	5.39659e-06	0.0375883	0.0383686	0.0693755	0.056973	0.00029346	0.00104788	0.00623597	
0.000536975	0.00922515	0.191229	0.0198996	0.0220457	0.00891077	0.000122395	0.0565955	0.00966407	0.00148684	0.0303681	0.0281475	0.582971	0.000112913	0.000529745	0.00121709	0.000107166	0.0214938	0.00749506	0.00784122	
0.0232368	0.0248263	0.015307	0.0216262	0.000615931	0.00578029	0.000299659	0.00658531	0.0332151	0.728478	0.00268384	0.0357454	0.000128919	0.000839505	0.00015942	0.00242633	0.0452968	0.030044	0.00137233	0.0213329	
0.000139833	0.0238361	0.000114257	0.00145038	0.00018466	7.29054e-05	0.00112966	0.58708	0.00234533	0.0320549	0.0091125	0.000474957	0.000251713	0.000935499	0.000151443	0.000511972	0.000421518	0.319339	0.00145979	0.0189344	
0.110567	0.0129083	0.00744105	0.023276	0.00243885	0.000366493	0.000220216	0.00251551	0.129822	0.017305	0.00686284	0.000596378	7.4075e-05	0.535632	0.0918631	0.0049608	0.0230914	0.00232754	0.000182273	0.0275483	
0.202357	0.01684	0.00229014	0.0155555	0.0190545	0.0469114	0.396924	0.0479456	0.0147722	0.000281103	0.030149	0.000141023	0.000102907	0.00116955	0.000172589	0.0578529	0.0988081	0.0402472	0.00785836	0.000567243	
0.0200298	0.0232673	0.000858831	0.0020852	0.000181027	0.000305626	0.000572243	0.201318	0.000421021	0.622646	0.0348311	0.000208558	0.000556723	0.0116644	0.000116434	0.000208343	0.00273774	0.0587957	0.000920066	0.0182755	
0.0457675	0.000343629	0.00167986	0.00111637	0.00370232	0.107276	0.15533	0.000628691	0.00539156	0.00103565	0.0368487	0.000616894	0.000205474	0.0316096	0.00129247	0.249646	0.354124	0.000555785	0.00101931	0.00180997	
0.0183601	0.00402629	0.0205851	0.00601073	0.0662693	0.00452036	0.0210221	0.190826	0.0169352	0.43035	0.04474	0.0322629	0.000275435	0.0302169	0.0509662	0.00743017	0.00201863	0.00998076	0.00293582	0.0402673	
0.000441258	0.00645916	0.000436026	0.00118049	0.00595739	0.000251493	0.012385	0.087303	0.000781894	0.553413	0.280456	0.000622545	8.4946e-05	0.0047479	0.000143682	0.000215988	0.000891863	0.0343017	0.00575573	0.00417054	
0.0321506	0.000877776	0.42178	0.0855517	0.00235766	0.00704543	0.0146923	0.00306367	0.0879517	0.00533493	0.00455784	0.117785	0.00183157	0.0301725	0.0566811	0.0806858	0.0408846	0.000266934	0.00203528	0.00429393	
0.096933	0.0003661	0.00904766	0.114952	0.00120504	0.0331386	0.0382662	0.0103273	0.509039	0.000435638	0.0115774	0.0200902	7.43146e-05	0.0128417	0.0586573	0.0122095	0.00612681	0.0575065	0.00129679	0.0059082	
0.030894	3.32636e-05	0.413434	0.0918233	0.000203969	0.0100529	0.0132191	7.97742e-05	0.0859017	0.00560713	8.27919e-05	0.13878	5.39659e-06	0.0375883	0.0383686	0.0693755	0.056973	0.00029346	0.00104788	0.00623597	
0.0347504	0.056929	0.00425449	0.00577754	0.00320024	0.000369524	0.0172519	0.0877685	0.000344644	0.046717	0.0017709	0.000413471	6.95059e-05	0.00466918	0.00722202	0.00561806	0.571877	0.141412	0.00123911	0.00834575	
0.0545514	0.00105504	0.0640715	0.0820636	0.00217163	0.335491	0.0253354	0.000225336	0.017612	0.00018571	0.00298706	0.0530548	0.0284601	0.0215971	7.33694e-05	0.275663	0.0243414	0.00757411	0.00335443	0.000132184	
0.00549518	0.000448882	0.0270885	0.0541599	0.000439829	0.00533617	0.00158554	0.0013031	0.00399848	0.000352129	0.0215754	0.0113201	0.127695	0.00478599	0.000419858	0.181083	0.514533	0.0372806	0.000775674	0.000323849	
0.160257	0.00281684	0.0188074	0.0234894	0.0144133	0.0129143	0.00164655	0.00121596	0.558195	0.000641019	0.00828424	0.0583959	0.00282282	0.00927974	0.0314546	0.0230548	0.0112526	0.0452612	0.000878279	0.0149186	
0.0289776	0.000517103	0.239411	0.161507	0.00963692	0.0105271	0.00369294	0.00100557	0.121782	0.00191706	0.000406966	0.105972	3.13044e-05	0.0535839	0.0422618	0.149111	0.061996	0.00531412	0.000360194	0.00198878	
0.0385422	0.000199723	0.0995676	0.0997448	0.44687	0.0429255	0.0220284	0.000297294	0.0394859	0.000108269	0.0408351	0.0497292	0.0328193	0.0221678	0.0278831	0.000466569	0.024244	0.00205301	0.0097572	0.000274982	
0.13474	0.0108239	0.0395265	0.00732454	0.081136	0.000274812	0.0108065	0.00314175	0.0383993	0.00348643	0.000721145	0.00247734	0.00141408	0.00209816	0.542402	0.000219841	0.000805028	0.0405822	0.000186489	0.0794333	
0.125802	0.0122632	0.0543429	0.388358	0.0263788	0.000109746	0.00127782	0.000502061	0.0206717	0.00259119	0.0191389	0.000560007	8.20947e-05	0.111006	0.177209	0.0112296	0.0356754	0.0021503	0.00881375	0.00183697	
0.0116729	0.0228011	0.00282636	0.00135604	0.000231461	0.000448799	0.00081731	0.17478	0.00221238	0.664983	0.0134762	0.00521402	0.000874421	0.000876588	0.000193496	0.000518401	0.00213941	0.0756337	0.000136144	0.0188078	
0.135785	0.0536631	0.00286129	0.000996731	0.0083688	0.000432279	0.00103483	0.0546057	0.00208179	0.256927	0.0378307	0.00613465	0.000157336	0.00110771	0.000111838	0.0324794	0.0571509	0.335506	0.00341814	0.0093464	
0.0642612	0.000145354	0.0959014	0.222462	0.0277216	0.035679	0.00791849	0.000344119	0.226953	0.000167821	0.000568472	0.0447326	6.30082e-05	0.048149	0.162361	0.0547916	0.00570094	0.00171083	0.000144088	0.000224602	
0.0135949	0.009899	0.000210573	0.00122717	0.000838801	8.72695e-05	0.000178427	0.572416	0.000799761	0.10285	0.0160646	0.000347989	4.05105e-05	0.000266897	0.000306913	0.00050901	0.00312159	0.263664	0.00123327	0.0123428	
0.28319	0.00476446	0.00643604	0.00105073	0.00597987	0.145692	0.0292349	0.000312688	0.0103947	0.0234249	0.0329551	0.00401185	0.000348016	0.0325353	7.79347e-05	0.316849	0.0952619	0.000820945	0.00279862	0.0038615	
0.179165	0.0211841	0.0393019	0.0267351	0.000259558	0.0983019	0.00245674	0.0304035	0.00338504	0.35827	0.197465	0.00848183	0.000305761	0.00118201	0.00325249	0.00268352	0.00690751	0.000681327	0.0014141	0.0181628	
0.46031	0.0786904	0.000703228	0.00140305	0.00816993	0.0701621	0.0226068	0.0143753	0.00400194	0.0643395	0.0125378	0.000576	9.65391e-05	0.0375362	0.000395279	0.00155327	0.151601	0.0453997	0.0053426	0.0202	
0.0237293	5.03802e-05	7.98443e-05	0.0250241	0.0259761	0.0607357	8.07206e-05	0.00156183	0.0218469	0.000601226	0.0166571	0.000104285	0.00670828	0.0159037	0.0200368	0.00102538	0.01511	0.0102666	0.00462924	0.749872	
0.00065139	0.0136259	0.000337542	0.552042	0.0427155	0.000226312	0.0208438	0.0258906	0.00037432	0.0181835	0.0365424	0.0137907	0.0337674	0.00311123	0.00928588	0.047693	0.0725122	0.00361058	0.0120807	0.0927146	
0.351598	0.000638701	0.00107548	0.00186328	0.00081247	0.000534006	0.064359	0.0244148	0.0027341	0.00110017	0.00341055	0.000943188	0.000162359	0.0351121	0.000831959	0.0908163	0.389297	0.0275969	0.00193689	0.000762657	
0.00727523	0.00737517	0.0824817	0.00284937	0.0769566	0.00186987	0.000562464	0.00228919	0.137239	0.000401153	0.00108259	0.00118295	0.000140515	0.00452597	0.523867	0.00500438	0.0711933	0.0375482	0.000226826	0.0359285	
0.0218217	0.00562651	0.671453	0.0454816	0.035186	0.0364616	0.0218443	0.0103107	0.00110545	0.0298655	0.0496043	0.0513063	0.00222798	0.00115854	0.00144647	0.00145424	0.00445669	0.000476396	0.00837776	0.000335051	
0.0458387	0.00631193	0.108379	0.0335456	0.0445555	0.0897351	0.000814162	0.00034884	0.0267131	0.43624	0.0644132	0.114335	0.000157131	0.000916673	0.000202258	0.00154457	0.0187474	0.00215257	0.00145955	0.00358993	
0.0416085	4.01747e-05	0.0104781	0.220296	0.0156416	6.31967e-05	0.000134362	0.000391817	0.0700292	6.08897e-05	0.116505	0.0245969	0.439779	0.00964254	0.00878603	0.0180688	0.00324104	0.0177077	0.000150836	0.00277831	
0.000914591	0.103505	0.000729703	0.00754454	0.000647155	0.0015502	0.000858772	0.0212291	0.00496131	0.410414	0.186923	0.00221493	0.000169263	0.00191022	0.000448762	0.00131536	0.206774	0.0217361	0.00491438	0.0212388	
0.0465707	3.81661e-05	0.036686	0.541307	0.000215085	0.0108942	0.00647653	0.00962197	0.163828	0.00625387	0.00921933	0.011944	0.00016403	0.101711	0.00741886	0.00351589	0.0132914	0.0291281	1.8169e-05	0.00169799	
0.011226	0.00292993	0.200916	0.346007	0.00780666	8.32735e-05	0.00215388	0.0302671	0.147581	0.00266637	0.0172101	0.0102077	0.0077987	0.0330259	0.0234433	0.00358244	0.112879	0.0384652	9.51732e-05	0.00165492	
0.0463269	0.00115658	0.00078305	0.0671377	0.0233952	8.00967e-05	0.0180803	0.0662212	0.0611079	0.0131878	0.0554918	0.00188691	0.000265913	0.036552	0.0860294	0.00405948	0.0598129	0.335856	0.00106028	0.121508	
0.0123306	0.0619635	0.0194641	0.463907	0.0100428	0.000165607	0.0122297	0.0600023	0.0253998	0.00149291	0.0026107	0.000234702	0.0223535	0.0428861	0.0295624	0.0286206	0.175878	0.0275887	0.0010558	0.00221071	
0.000141168	0.0237912	0.000125603	0.0014616	0.000185096	7.32999e-05	0.00305691	0.586211	0.00232676	0.0318807	0.00910305	0.000470739	0.000251549	0.000937635	0.000152173	0.000510366	0.000421305	0.31871	0.0015899	0.0186002	
0.00403232	0.0168718	0.107892	0.578028	0.0301136	0.000800931	0.000195296	0.0127315	0.0706943	0.00189084	0.0090962	0.0268366	0.000518882	0.0735243	0.00258226	0.0131757	0.0382438	0.0010785	0.0114744	0.000218805	
0.00254845	0.000526217	0.0285359	0.0440257	0.0241033	0.0183436	0.0405488	0.000604706	0.000461066	0.0234874	0.00177387	0.000184013	7.12576e-05	0.0293637	8.66208e-05	0.0120966	0.705333	0.0298267	0.00856015	0.0295192	
0.000418179	0.00945619	0.187951	0.0212564	0.0244168	0.00814063	9.61842e-05	0.0604231	0.00800821	0.00107683	0.0289663	0.026836	0.580649	9.66028e-05	0.000395066	0.00106867	0.0001085	0.0252762	0.00770624	0.00765457	
0.105211	0.102336	0.0173139	0.00100134	0.00602317	0.000425575	0.000363656	0.128362	0.0012152	0.282496	0.0625111	0.04016	0.000198876	0.00829579	0.000197159	0.0267848	0.00423124	0.207973	0.00134823	0.00355322	
0.201324	0.129826	0.00841678	0.117149	0.00237078	0.251124	0.0289006	0.00477527	0.00543581	0.00132939	0.0897231	0.0121635	0.000267032	0.0581797	9.55932e-05	0.029845	0.0300305	0.0271383	0.000462884	0.00144269	
0.0207253	0.000505397	0.0196503	0.157899	0.0270414	0.00102421	0.0181289	0.0511035	0.232769	0.013563	0.0126214	0.00111808	0.122949	0.0393621	0.0407	0.0413924	0.150053	0.0464271	0.000126453	0.00284044	
0.211653	0.125888	0.000532378	0.00195134	0.00030882	0.0359729	0.000985441	0.0451547	0.00181134	0.0127686	0.214291	0.00882579	0.000271821	0.0144404	4.87922e-05	0.0224164	0.212214	0.0694625	0.0024694	0.0185342	
0.011226	0.00292993	0.200916	0.346007	0.00780666	8.32735e-05	0.00215388	0.0302671	0.147581	0.00266637	0.0172101	0.0102077	0.0077987	0.0330259	0.0234433	0.00358244	0.112879	0.0384652	9.51732e-05	0.00165492	
0.160475	0.0941553	0.000308843	0.00221851	0.0365297	0.0861517	0.00519415	0.0242256	0.00153053	0.00735902	0.0195111	0.00258525	0.000170239	0.117181	0.000138904	0.111481	0.11146	0.218787	0.000240605	0.000296351	
0.0115991	0.000887582	0.127794	0.168114	0.0819855	0.0435931	0.0170823	0.00139416	0.143568	0.000923216	0.0289933	0.0363374	0.171306	0.0679339	0.0357112	0.00496835	0.0091255	0.0144489	0.00284961	0.0313861	
0.0463269	0.00115658	0.00078305	0.0671377	0.0233952	8.00967e-05	0.0180803	0.0662212	0.0611079	0.0131878	0.0554918	0.00188691	0.000265913	0.036552	0.0860294	0.00405948	0.0598129	0.335856	0.00106028	0.121508	
0.00657477	0.0184513	0.00080456	0.00287678	0.00074932	0.000190922	0.000777716	0.247109	0.000907926	0.574358	0.0153164	0.000680235	0.00325367	0.000721545	9.39634e-05	0.00068435	0.00231228	0.107126	0.000149415	0.0168625	
0.21489	0.000894741	0.0209029	0.0470791	0.000627926	0.00149475	0.0131575	0.000693262	0.115441	0.0226163	0.196636	0.023209	0.000116148	0.023415	0.000873933	0.273958	0.0411711	0.00184817	0.000379354	0.000595433	
0.0216734	0.00376287	0.0714641	0.0252282	0.0253225	0.549077	0.00108215	0.0177264	0.00520526	0.104	0.0500667	0.108257	0.000112772	0.0120748	0.000167459	0.000419667	0.000354234	0.000315946	0.0015644	0.00212521	
0.0193022	0.000119828	0.0351544	0.0204228	0.00336832	0.00117265	0.00107046	0.00114946	0.663515	0.00108348	0.00282488	0.0458323	0.0226499	0.0187954	0.0939368	0.01909	0.0435388	0.00509088	6.67062e-05	0.00181537	
0.0181434	0.00011023	0.0443434	0.0351149	0.00378154	0.000993165	0.00083977	0.00200939	0.640684	0.000890186	0.00344046	0.0438534	0.0228081	0.0183837	0.0919141	0.0181635	0.0474293	0.0053693	6.29825e-05	0.00166515	
0.0152748	0.0139697	0.000320492	0.00176266	0.0020427	9.57148e-05	0.000716976	0.270996	0.000193225	0.398238	0.0456689	0.000164821	0.0099762	0.00485301	9.19987e-05	0.00128454	0.0178849	0.206224	0.000418046	0.00982303	
0.230625	0.0129961	0.00125554	0.00238755	0.00848788	0.177819	0.110969	0.000698464	0.000512027	0.0221171	0.0296035	0.000361039	6.94533e-05	0.0307438	0.000354341	0.00196182	0.230136	0.107052	0.00981645	0.0220342	
0.0379433	0.00373088	0.00256084	0.00857753	0.0886548	0.00143567	0.00216968	0.311448	0.00147975	0.230504	0.000654273	0.00431059	0.00054989	0.00327638	0.000407461	0.00046536	0.00045009	0.287236	0.0115859	0.00255866	
0.0604945	0.0231663	0.000844277	0.000564979	0.0100048	0.000197721	0.085382	0.110084	0.032715	0.00035558	0.00117762	0.00584101	0.000495718	0.0302544	0.0219217	0.00118536	0.00134432	0.578557	0.0177222	0.0176907	
0.0339104	0.000691797	0.00454048	0.0730362	0.00117174	0.00153768	0.000347304	0.0121458	0.0311171	0.000335077	0.0720365	0.0298592	0.601747	0.00369533	0.00568186	0.0917838	0.00506175	0.0293445	0.00134716	0.000609636	
0.0190104	0.0202984	0.0119455	0.014715	0.000510109	0.00611829	0.0513167	0.672321	0.000973094	0.000361005	0.00411154	0.000520415	0.107397	0.0235614	0.000599629	0.000577664	0.000399389	0.0365431	0.0111759	0.017545	
0.0564431	0.0209334	0.0931942	0.0190929	0.000319793	0.0769614	0.000268893	0.00088007	0.0103363	0.54463	0.0368462	0.104598	0.000106914	0.000506776	0.00013191	0.00217458	0.0139685	0.00391455	0.00111197	0.0135811	
0.51242	0.0131108	0.00036205	0.000792471	0.0734605	0.000123862	0.0146278	0.0222517	0.0994052	0.0630638	0.0415683	0.0105511	7.63797e-05	0.018733	0.016929	0.000281023	0.00520114	0.000408853	0.00572107	0.100912	
0.00458275	0.000404755	0.000391519	0.00044154	0.028432	0.62982	0.0195823	0.0212267	0.0321826	0.0972502	0.0460052	0.0212408	0.0143366	0.0191654	0.000802062	0.00269646	0.0147503	0.00051189	0.000230885	0.045946	
0.0312842	0.000987554	0.000535254	0.0284891	0.000330679	0.000485244	0.000371867	0.0758867	0.000380994	0.496779	0.0241322	0.230456	0.000150775	0.0294937	0.00020295	0.028853	0.0301063	0.019482	0.00105578	0.000536853	
0.00296257	0.00611233	0.0139554	0.0045439	0.0322467	0.0179855	0.00227563	0.0413953	0.000668117	0.106591	0.700167	0.00118171	0.000383109	0.000686576	0.000176393	0.000840617	0.0235568	0.0340413	0.00344474	0.00678557	
0.00752931	0.0288596	0.00204946	0.00190677	0.000559337	0.000531976	0.000778354	0.00331924	0.00632492	0.37291	0.116746	0.0305472	0.000243388	0.00909228	0.000305116	0.0329208	0.0082672	0.350681	0.0028346	0.0235936	
0.00231347	0.00585686	0.553732	0.0941425	0.0131837	0.00453887	0.00177919	0.00134918	0.0028395	0.0201053	0.027288	0.0476976	0.186846	0.00691246	0.00589885	0.0167327	0.0035467	0.000217038	0.00491692	0.00010346	
0.00674761	0.000308594	0.000271944	0.00032721	0.0196565	0.625049	0.0196192	0.022189	0.0349975	0.122955	0.0502427	0.0188298	0.0114833	0.0197223	0.000170158	0.00340814	0.00991821	0.000333266	0.000186369	0.0335836	
0.000583426	0.00883361	0.000714577	0.000863392	0.027205	0.000252547	0.007513	0.248797	0.00159415	0.084184	0.251136	0.00198135	0.00265077	0.0128442	0.00084362	0.000984517	0.00142571	0.330917	0.00535485	0.0113207	
0.00399248	0.0336091	0.00226143	0.00409342	0.00888762	0.000444171	0.00397955	0.0285462	0.0768897	0.563902	0.0489192	0.00130821	8.32857e-05	0.0347524	0.0190351	0.0121608	0.110435	0.0452447	0.00120695	0.000249521	
0.0289856	0.000517164	0.23962	0.161397	0.00963706	0.0104876	0.00370014	0.00100393	0.121813	0.00191873	0.000406935	0.106068	3.13013e-05	0.0535655	0.0421534	0.149063	0.0619896	0.00528416	0.000360767	0.00199684	
0.00125952	0.0133145	0.000428222	0.00124367	0.00553517	0.000331568	0.0130794	0.080353	0.000915819	0.55518	0.268333	0.00100699	8.92364e-05	0.0042114	0.000151878	0.00022539	0.010702	0.0337859	0.00530115	0.00455228	
0.000364841	0.00671408	0.000408679	0.00250738	0.00102355	0.000119279	0.000199091	0.71896	0.000576488	0.0878977	0.0340764	0.000206406	5.20399e-05	0.000456086	0.000672006	0.000999288	0.00405383	0.132722	0.000860725	0.00713045	
0.355877	0.00183889	0.0210051	0.000745134	0.000850953	0.113393	0.000919677	0.00074841	0.000781456	0.00480154	0.0208474	0.0484496	0.00017382	0.0373474	0.000353263	0.274762	0.114232	0.000592157	0.00199898	0.000281493	
0.491881	0.017875	0.000845721	0.000390597	0.0486595	0.000192548	0.0384717	0.0402929	0.126587	0.0226648	0.0242195	0.0170924	0.00011798	0.0209949	0.0758295	0.000424174	0.000388068	0.011934	0.0115684	0.0495702	
0.00357178	0.0017358	0.00729081	0.00890511	0.023108	0.00380849	0.010369	0.00482434	0.470427	0.00448979	0.000452253	0.000958755	0.000208907	0.000179401	0.248572	0.0408311	0.0202772	0.049145	0.000164886	0.100681	
0.000382745	0.0206341	0.000295545	0.00121629	0.000185342	0.000198994	0.0358967	0.170694	0.000870998	0.000145918	0.00259054	0.00162829	0.0451778	0.0275715	0.000609424	0.000295236	0.00117599	0.658123	0.0163688	0.0159382	
0.0630147	0.000508302	0.000599552	0.000927013	0.0275988	0.534368	0.0403025	0.00245453	0.0532518	0.0240878	0.063221	0.00131294	0.000528067	0.034824	0.000115742	0.0825689	0.0245475	0.00056892	0.0147696	0.0304308	
0.0804405	0.00298914	0.00054693	0.0221555	0.00611047	0.0399533	0.457387	0.0646816	0.0186253	0.00235307	0.0311609	0.000141732	9.15185e-05	0.000203769	0.000152783	0.00524009	0.0796807	0.16655	0.0113896	0.0101464	
0.0001398	0.0237853	0.000114318	0.00145449	0.00018466	7.30643e-05	0.00112995	0.587145	0.00234546	0.0320256	0.0091242	0.000474957	0.000251713	0.000935499	0.000151287	0.000511261	0.000423402	0.319336	0.00146029	0.0189344	
0.000457928	0.00644781	0.00044052	0.00116796	0.0059878	0.000255226	0.0124056	0.0872668	0.00077932	0.554045	0.279789	0.000621541	8.51281e-05	0.00481419	0.000142684	0.000218067	0.000923579	0.0343485	0.00574847	0.00405565	
0.00767262	0.00013811	0.000219718	0.0724189	0.0202217	0.0331447	0.000322188	0.00445541	0.0629091	0.00112861	0.0356944	0.000257991	0.00272933	0.0244997	0.0347197	0.0126429	0.020724	0.0338665	0.00741324	0.624821	
0.000536971	0.0168325	0.548109	0.00589806	0.0323289	0.000231743	0.000171548	0.00106181	0.000391708	0.082831	0.0457389	0.0986186	0.130311	0.0131661	0.0122571	0.000971401	0.0011967	0.0005701	0.00861754	0.00015904	
0.000493796	0.0217233	0.0013197	0.0419046	0.0295698	0.016478	0.1188	0.200579	0.0269114	0.00169222	0.0391675	0.00115081	0.405298	0.000367526	0.00174228	0.000345168	0.000375115	0.0724685	0.0182734	0.00133999	
0.0465707	3.81661e-05	0.036686	0.541307	0.000215085	0.0108942	0.00647653	0.00962197	0.163828	0.00625387	0.00921933	0.011944	0.00016403	0.101711	0.00741886	0.00351589	0.0132914	0.0291281	1.8169e-05	0.00169799	
0.000718682	0.00125203	0.0718781	0.0642184	0.00409045	0.00596149	0.0295429	0.00720085	0.000914808	0.0202441	0.00520156	0.000384824	0.000138422	0.030936	0.000622341	0.03531	0.668536	0.035681	0.0138162	0.0033514	
0.0612958	0.00486495	0.0183184	0.0449954	0.0260557	0.0697053	0.0945187	0.00566357	0.0306746	0.565	0.00967323	0.0145926	0.000204777	0.000914358	0.00498135	0.0102526	0.0345343	0.000600787	0.000786024	0.00236715	
0.0465707	3.81661e-05	0.036686	0.541307	0.000215085	0.0108942	0.00647653	0.00962197	0.163828	0.00625387	0.00921933	0.011944	0.00016403	0.101711	0.00741886	0.00351589	0.0132914	0.0291281	1.8169e-05	0.00169799	
0.110334	0.0199625	0.0223396	0.00188451	0.0430546	0.000673657	0.000255512	0.00129231	0.0330225	0.000241211	0.0163214	0.00528334	0.562849	0.000454417	0.000108912	0.000146858	0.0111269	0.0479827	0.0147187	0.107947	
3.71687e-05	2.72402e-05	0.0059289	0.0559606	0.000372376	0.00207636	0.0703529	0.0906292	0.0571665	8.48307e-05	0.00942398	0.000196177	0.000249772	0.00108905	0.0303264	0.0200912	0.0322395	0.623511	0.000209832	2.6836e-05	
0.0557581	0.00256235	0.00577685	0.517195	0.044508	0.000195009	0.0167392	0.0055561	0.0116325	0.00123424	0.00576266	0.00130171	0.0608151	0.128199	0.00687474	0.0132981	0.0571215	0.00437845	0.00341441	0.0576764	
0.0271217	5.96876e-05	8.19538e-05	0.0260202	0.0241519	0.0635868	0.000102749	0.00186895	0.022265	0.000697801	0.0187798	0.000107359	0.00750931	0.0161745	0.020771	0.00117	0.0153446	0.0094976	0.00474133	0.739948	
0.146896	0.00361063	0.000326257	0.0297924	0.164612	0.0326912	0.000210515	0.000521048	0.0668862	0.0793041	0.0176095	0.00028247	0.00179212	0.0187894	0.0037059	0.000235544	0.0320637	0.000619466	0.00263892	0.397412	
0.0777288	0.240365	0.0276116	0.160579	0.176289	0.000243645	0.0017049	0.0326255	0.00139028	0.0269413	0.0195869	0.0380517	0.000140993	0.000615303	0.000125896	0.0415021	0.0184407	0.130224	0.000355453	0.00547735	
0.10434	0.0140225	0.00767338	0.000231981	0.0412884	0.000683711	0.00757785	0.000284446	0.703903	0.0152388	0.000707911	0.00489769	0.00860724	0.000211681	0.0401953	0.00392546	0.000229896	0.0316877	0.0039193	0.0103737	
0.126664	0.00534439	0.0109439	0.00963846	0.0826943	0.00256367	0.000350117	0.000689373	0.0215989	0.421626	0.065202	0.0243665	0.00401193	0.00160839	0.000207431	0.0176557	0.0592368	0.0710538	0.00269408	0.0718506	
0.0980414	0.0205439	0.0191977	0.00174182	0.0455821	0.000539632	0.000377079	0.00155993	0.0218086	0.000265069	0.00988407	0.00498025	0.591545	0.000408216	0.000121202	0.000167223	0.0125691	0.0543583	0.0155959	0.100713	
0.078157	0.00697951	0.107833	0.180133	0.00117477	0.0680166	0.0308208	0.00446789	0.111975	0.000162254	0.0108108	0.0470631	0.0436896	0.0705993	7.93676e-05	0.117581	0.10307	0.0128435	0.00427936	0.000263328	
0.00974333	0.000914849	0.54746	0.126306	0.000137693	0.00706327	0.00926321	0.00271434	0.0135663	0.0069772	0.000426702	0.0936137	0.094588	0.0312168	0.014862	0.0296923	0.0108584	0.000234116	9.1202e-05	0.000269817	
0.0146279	0.0137827	0.000414754	0.00219933	0.00207994	0.000125508	0.000977926	0.277832	0.00024461	0.389609	0.0486885	0.000394998	0.00912259	0.00377361	9.47186e-05	0.00177594	0.0178622	0.205357	0.000296249	0.0107406	
0.102733	0.00327531	0.131636	0.178989	0.00126863	0.120414	0.041401	0.00158629	0.0510734	0.000192479	0.00592371	0.0654867	0.0367214	0.058996	8.21142e-05	0.127882	0.0605392	0.009305	0.00234646	0.000147479	
0.00319711	0.0165035	0.111827	0.580079	0.0378171	0.000917417	0.000190666	0.0106178	0.0697929	0.00134393	0.00780242	0.0292469	0.000528558	0.0737771	0.00208182	0.0106908	0.0313855	0.00120518	0.010816	0.000179414	
0.0163926	0.0282668	0.0473496	0.000828124	0.0290195	0.0212388	0.0261098	0.000698315	0.00906235	0.00207829	0.0150599	0.0158806	0.00055369	0.00245208	0.73097	0.0484304	0.000677649	0.0017081	0.00215945	0.00106369	
0.000287611	0.01601	0.208746	0.187852	0.00364906	0.000133936	0.00880557	0.0892877	0.0059515	0.0697068	0.0751551	0.0147724	0.000868237	0.0491387	0.0301669	0.0509392	0.0972847	0.0744047	0.014365	0.0024751	
0.121514	0.0873602	0.00177735	0.000229802	0.0379965	9.54041e-05	0.00482238	0.18324	0.000368485	0.158594	0.0424503	0.00156039	4.37598e-05	0.00386568	7.25676e-05	0.0235621	0.0285445	0.303683	8.87362e-05	0.000131118	
0.0285726	0.00248365	0.0100723	0.00825694	0.138997	0.00241349	0.00305052	0.469667	0.00124912	0.180192	0.0817205	0.000660723	0.000736813	0.00279847	0.000364591	0.000411639	0.000554524	0.0606021	0.00451277	0.00268277	
0.0383644	0.0140919	0.000122038	0.000358512	0.00111681	6.51434e-05	0.000251775	0.351844	0.00197785	0.120569	0.000597371	0.000357428	3.33247e-05	0.00088385	0.000128891	0.000124865	0.0013448	0.447587	0.00387956	0.016302	
0.000881899	0.0978545	0.000623062	0.000466693	0.00230332	0.000142941	0.0003422	0.144835	0.00139559	0.149494	0.00484556	0.0021852	8.60187e-05	0.00287158	0.0101406	0.00245131	0.0285568	0.468493	0.000416937	0.081613	
0.000492629	0.0179705	0.526931	0.000192379	0.0307231	0.000279971	0.000166895	0.032859	0.0400381	0.0373725	0.0348051	0.000209902	0.0531255	0.0245469	0.0594015	0.0508276	0.0787842	0.000532761	0.0105096	0.000231025	
0.000372034	0.00969135	0.188984	0.0220646	0.0223672	0.00804209	0.000106657	0.0604843	0.008249	0.00107442	0.0284974	0.0278991	0.579457	0.000107577	0.000402943	0.00109756	0.000105731	0.0252319	0.0079168	0.00784757	
0.0634942	0.0214954	0.109093	0.0201009	0.000216142	0.107928	0.0025836	0.00070766	0.00682292	0.48781	0.0461717	0.115361	0.000142812	0.000872567	0.000196941	0.000433844	0.00447489	0.00118459	0.000186223	0.0107241	
0.0113446	0.00037041	0.000492561	0.000453183	0.0256814	0.614647	0.0191866	0.0263513	0.0406666	0.11515	0.0472151	0.0204174	0.00215448	0.0224788	0.000125741	0.00233749	0.00791137	0.000331423	0.000619953	0.0420647	
0.000176052	0.000363074	8.51814e-05	0.0164758	0.0204488	0.613984	0.0734595	0.000165586	0.000704217	0.000381493	0.00420599	0.180959	0.002359	0.00383	0.000116038	0.00875321	0.0392667	0.0163669	0.00177865	0.0161202	
0.000582623	0.000575014	0.0765137	0.0871914	0.000719771	0.0135765	0.0293887	0.0108451	0.00584048	0.00114022	0.0116831	0.00811126	0.000177525	0.0335296	0.00239704	0.606671	0.0575317	0.0525603	0.0004869	0.000477567	
0.350912	0.0237872	0.00869952	0.00202296	0.000359354	0.0486092	0.000657293	0.00864997	0.00929949	0.170356	0.212006	0.0267543	0.00010038	0.000271195	0.000105478	0.0540403	0.00542761	0.0571756	0.00185152	0.0189148	
0.169797	0.0481026	0.0244181	0.0187192	0.000148115	0.0069466	0.000210239	0.136642	0.0247239	0.0160668	0.0031564	0.0387292	0.000129471	0.00101903	0.010562	0.109185	0.0450338	0.345463	0.000156188	0.000792539	
0.477108	0.00673099	0.146947	0.0580081	0.00990893	0.000240406	0.0665117	0.0167894	0.00253829	0.0219427	0.131119	0.00783329	9.86466e-05	0.0100118	0.00301469	0.0241228	0.00404981	0.00283787	0.00662448	0.00356149	
0.620838	0.0213193	0.00105898	0.00149441	0.00154215	0.000263805	0.0065271	0.00238515	0.00468911	0.0274683	0.016522	0.00619973	0.000939986	0.0316603	0.00736052	0.0257851	0.21911	0.00135944	0.00209007	0.00138645	
0.0369929	0.0134299	0.000123706	0.000353093	0.00124623	6.49172e-05	0.000241142	0.362843	0.00197489	0.121247	0.00100782	0.000343138	3.5799e-05	0.000785246	0.000137582	0.000138211	0.00138455	0.438745	0.00372529	0.015181	
0.030894	3.32636e-05	0.413434	0.0918233	0.000203969	0.0100529	0.0132191	7.97742e-05	0.0859017	0.00560713	8.27919e-05	0.13878	5.39659e-06	0.0375883	0.0383686	0.0693755	0.056973	0.00029346	0.00104788	0.00623597	
0.107455	0.0381909	0.000853733	0.0402961	0.0641865	0.0187395	0.00145654	0.0371378	0.0553388	0.170331	0.0808248	0.00172463	0.000162048	0.0837265	0.143928	0.0644523	0.0153211	0.0490138	0.000205692	0.0266549	
0.00719145	0.02249	0.0012526	0.00122771	0.00038606	0.000269137	0.000702637	0.190569	0.00209148	0.651622	0.0119847	0.00326312	0.0011467	0.000416457	0.000111514	0.000484297	0.00151436	0.0842779	0.000141811	0.0188578	
0.106024	0.0143465	0.0112123	0.000201992	0.0435178	0.00091473	0.00763825	0.000268594	0.692224	0.0146175	0.000780084	0.0039659	0.00802189	0.000205192	0.0382211	0.00302088	0.000208274	0.0292262	0.00551179	0.019873	
0.0641402	0.000160746	0.0983017	0.22721	0.0300716	0.0338091	0.00767834	0.000172353	0.228215	0.000204612	0.000524896	0.0446425	6.29324e-05	0.0483796	0.158863	0.0515769	0.00498571	0.000652851	0.000162096	0.000186596	
0.316713	0.00443596	0.00115872	0.0711175	0.0283585	0.00164622	0.0476695	6.28697e-05	0.0544674	0.056693	0.00173933	0.0568775	3.23896e-05	0.119797	0.103216	0.0313925	0.0289043	0.0532579	0.0147357	0.00772525	
0.000342247	0.000387609	0.000363397	0.000369677	0.0716765	0.663726	0.00499367	0.0281338	0.0178672	0.0028954	0.034458	0.0224748	0.000814262	0.0077815	0.014272	0.000453464	0.0240822	0.000311678	0.000197367	0.104399	
0.542053	0.00878708	0.00125533	0.000555144	0.00504477	0.0595004	0.0104116	0.0199146	0.0380685	0.000764506	0.00758115	0.0339996	0.0685417	0.0030284	0.000546808	0.0176733	0.000503331	0.158034	0.00892691	0.01481	
0.0279178	0.000255634	0.0135841	0.0138766	0.00210414	0.00539993	0.0138696	0.00236998	0.39443	0.0159112	0.001822	0.0328687	0.0233124	0.0597104	0.12255	0.0369317	0.102625	0.128903	0.000286145	0.00127147	
0.030894	3.32636e-05	0.413434	0.0918233	0.000203969	0.0100529	0.0132191	7.97742e-05	0.0859017	0.00560713	8.27919e-05	0.13878	5.39659e-06	0.0375883	0.0383686	0.0693755	0.056973	0.00029346	0.00104788	0.00623597	
0.000407245	0.00718225	0.0004208	0.00642643	0.000854276	0.000132211	0.000198707	0.719552	0.000668252	0.0867008	0.0335322	0.000206971	5.79845e-05	0.000648858	0.000703017	0.000891806	0.00409031	0.128446	0.000919673	0.00796032	
0.0036804	0.000486867	0.00720556	0.00847886	0.0224563	0.00484047	0.00666692	0.00832672	0.462511	0.000298102	0.000991572	0.00409065	0.000116129	0.000201764	0.262893	0.0334244	0.0265919	0.0555341	0.000164542	0.091041	
0.00785173	0.00359138	0.0125402	0.00785728	0.264292	0.00273253	0.00131936	0.0523897	0.00953943	0.46179	0.0823726	0.0100245	0.000223875	0.000655936	0.000308191	0.00130049	0.00670386	0.0701606	0.00215793	0.00218854	
0.149823	0.121256	0.000313457	0.0015804	0.0381635	0.0794037	0.0061369	0.0153511	0.00155861	0.00844214	0.0255929	0.00345361	0.000140232	0.101882	0.000139504	0.108662	0.109848	0.227414	0.000284842	0.000553943	
0.00592677	0.0202635	0.000829068	0.00240171	0.000672569	0.000133701	0.000592492	0.23165	0.000564934	0.598273	0.0161957	0.000519871	0.00217343	0.000634338	8.00172e-05	0.000552612	0.00155596	0.100887	0.000115763	0.0159776	
0.0084641	0.0126556	0.00134352	0.00547563	0.00481097	0.000147859	0.000739993	0.289823	0.00158547	0.420284	0.0278067	0.00216273	0.00568404	0.00178917	0.000143625	0.00242224	0.0089764	0.198733	0.000113947	0.00683846	
0.724617	0.0267641	0.000344913	0.000504137	0.000864127	0.0387285	0.0493945	0.00221198	0.0129416	0.00762404	0.0223409	0.0153171	5.8828e-05	0.0278799	0.000545663	0.0392608	0.00582669	0.0188332	0.00361811	0.00232391	
0.724356	0.0272389	0.000352073	0.000517493	0.000865347	0.0385515	0.0493252	0.00229674	0.0136686	0.00742569	0.0224755	0.0151789	6.12245e-05	0.0275846	0.000576981	0.0390341	0.00579115	0.0187381	0.00362303	0.00233905	
0.000382233	0.00855932	0.231715	0.0324116	0.0122294	0.0077945	0.000304108	0.0210477	0.018371	0.00550921	0.0350746	0.0296839	0.560872	0.000443953	0.00300624	0.00448417	0.000219313	0.0135069	0.00847637	0.00590904	
0.00548678	0.0236148	0.00593395	0.64124	0.0438336	0.000108562	0.082391	0.0640571	0.000414792	0.0175815	0.0514682	0.00915962	0.00313811	0.0172312	0.00721419	0.000377196	0.000463533	0.000338976	0.0146066	0.01134	
0.0365463	0.0149729	0.000124643	0.000352673	0.00110504	6.65798e-05	0.000250547	0.351421	0.001933	0.122153	0.000670603	0.000436343	3.2713e-05	0.000902683	0.000198354	0.00015648	0.00163931	0.447079	0.00385897	0.0161003	
0.343312	0.0326471	0.0578425	0.138653	0.00129937	5.93804e-05	0.023938	0.000350466	0.239422	0.0486971	0.000559079	0.0259297	9.51332e-05	0.0254594	0.0106325	0.0112622	0.0133631	0.00679141	0.00481697	0.0148693	
0.316713	0.00443596	0.00115872	0.0711175	0.0283585	0.00164622	0.0476695	6.28697e-05	0.0544674	0.056693	0.00173933	0.0568775	3.23896e-05	0.119797	0.103216	0.0313925	0.0289043	0.0532579	0.0147357	0.00772525	
0.000653032	0.00782879	0.000684448	0.00124495	0.0609	0.000260522	0.00267344	0.0763526	0.0183962	0.340072	0.069423	0.00609704	0.000663466	0.003745	0.000781926	0.0026003	0.037889	0.358716	0.00391658	0.00710121	
0.316713	0.00443596	0.00115872	0.0711175	0.0283585	0.00164622	0.0476695	6.28697e-05	0.0544674	0.056693	0.00173933	0.0568775	3.23896e-05	0.119797	0.103216	0.0313925	0.0289043	0.0532579	0.0147357	0.00772525	
0.0465707	3.81661e-05	0.036686	0.541307	0.000215085	0.0108942	0.00647653	0.00962197	0.163828	0.00625387	0.00921933	0.011944	0.00016403	0.101711	0.00741886	0.00351589	0.0132914	0.0291281	1.8169e-05	0.00169799	
0.343312	0.0326471	0.0578425	0.138653	0.00129937	5.93804e-05	0.023938	0.000350466	0.239422	0.0486971	0.000559079	0.0259297	9.51332e-05	0.0254594	0.0106325	0.0112622	0.0133631	0.00679141	0.00481697	0.0148693	
0.0178495	0.00712643	0.0338077	0.00280558	0.013102	0.00548543	0.729142	0.00916613	0.00122086	0.000543364	0.0552111	0.0296713	7.20048e-05	0.00620778	0.000259561	0.0266246	0.00856508	0.0142967	0.0176556	0.0211875	
0.000374658	0.00909834	0.195413	0.02164	0.0211218	0.0076525	7.72083e-05	0.0574953	0.00846606	0.00119324	0.0279392	0.0277357	0.582145	0.00011734	0.000467029	0.0012784	0.000110025	0.023133	0.0074025	0.00714015	
0.00035499	0.0136374	0.549374	0.0454504	0.0262601	0.000918013	0.00016828	0.0144956	0.000665879	0.0395202	0.0384685	0.0153382	0.184749	0.00117138	0.0103145	0.0273956	0.0252218	0.000314433	0.00599217	0.000189414	
0.000384064	0.0204062	0.000296545	0.00125698	0.000185941	0.000195034	0.0358769	0.170388	0.00121796	0.000144033	0.00259519	0.00162781	0.0452188	0.0276295	0.000687	0.000324606	0.00121956	0.658035	0.0163719	0.0159384	
0.00974333	0.000914849	0.54746	0.126306	0.000137693	0.00706327	0.00926321	0.00271434	0.0135663	0.0069772	0.000426702	0.0936137	0.094588	0.0312168	0.014862	0.0296923	0.0108584	0.000234116	9.1202e-05	0.000269817	
0.000350798	0.00673271	0.000409622	0.00271081	0.000868699	0.000121137	0.00023368	0.72038	0.000587731	0.0872552	0.0332881	0.000199305	5.22711e-05	0.00045664	0.000710133	0.000899368	0.00391788	0.132499	0.000861869	0.00746533	
0.000161182	0.000411685	0.000182808	0.000205947	0.112372	5.67486e-05	0.00135696	0.00834151	0.0218482	0.00431108	0.000420676	0.000893602	0.00249173	0.032614	0.00891328	0.000463963	0.0358739	0.0837299	0.00508033	0.680271	
0.0356213	0.062557	0.00302297	0.00345862	0.00307303	0.000516919	0.0175686	0.0791142	0.000312963	0.050198	0.00149766	0.000431346	6.25153e-05	0.00817424	0.00586168	0.00551449	0.556546	0.155969	0.00229351	0.00820674	
0.492648	0.0736185	0.000413928	0.00085463	0.00123844	0.0634155	0.02872	0.0525021	0.102116	0.0830783	0.0549423	0.0176335	0.000129733	0.024484	0.000134673	0.000237598	0.000579239	0.00182957	0.00053228	0.000891546	
0.135662	0.036378	0.00528387	0.122422	0.00199544	0.0587367	0.00940927	0.000335673	0.0117804	0.0376992	0.057343	0.0147078	0.00510522	0.0353543	8.89669e-05	0.437353	0.0164724	0.012407	0.000716424	0.000749284	
0.00642204	0.0131275	0.000324971	0.00724259	0.0030634	0.000123439	0.000463804	0.302685	0.00125842	0.427715	0.0272528	0.000736404	0.00582623	0.00144499	8.81939e-05	0.00198735	0.00798058	0.182391	0.000133468	0.00973245	
0.0158886	0.000170491	0.112835	0.15924	0.000339908	0.000451744	0.0635183	0.0773593	0.0934393	0.00210014	0.0430152	0.0446589	0.0150579	0.0697651	0.0748495	0.221326	0.00161168	0.00349507	0.000455928	0.00042163	
0.0485886	0.0353231	0.000348512	0.120409	0.00108138	0.129697	0.116258	0.0302785	0.108744	0.000299933	0.0175381	0.000772746	0.000130308	0.0666393	0.29219	0.000256635	0.00727547	0.00283304	0.000319	0.0210173	
0.00163625	0.0193323	0.0835969	0.00062811	0.0475549	0.00071345	0.00017418	0.000330619	0.000412385	0.140513	0.055314	0.59308	0.0112928	0.0229776	0.00674082	0.000349241	0.00347018	0.00180496	0.00988765	0.000190062	
0.0176918	0.023455	0.27102	0.455207	0.045421	0.000181583	0.000493545	0.052492	0.00641368	0.0115996	0.0427721	0.000690816	0.0310452	0.0106885	0.00509029	0.00596524	0.00259044	0.000367247	0.0160481	0.000766003	
0.038894	0.000110527	0.096745	0.0152072	0.00040996	0.000134948	0.316837	0.0115693	0.214667	0.000299471	0.00088995	0.0968054	0.000689345	0.104446	0.0303713	0.0245467	0.00104274	0.0426015	0.000651954	0.0030814	
0.290754	0.0284254	0.00952955	0.000896598	0.0142231	0.050368	0.00324064	0.000511059	0.414961	0.0611607	0.0563431	0.000124719	0.000662008	0.00551908	0.000129225	0.0092696	0.00177002	0.00179642	0.00442252	0.0458939	
0.0241128	5.10617e-05	8.56638e-05	0.025198	0.0259455	0.0608207	8.51417e-05	0.00149678	0.020721	0.000602821	0.0168351	0.000106232	0.00693641	0.0156886	0.0192364	0.00106339	0.0158651	0.0103591	0.00464451	0.750146	
0.0609377	0.0230665	0.034374	0.0811675	0.000248631	0.0246159	0.0440144	0.58309	0.0030178	0.000321681	0.00142428	0.000256791	0.084107	0.0230242	0.00201568	0.000303416	0.000308245	0.00990352	0.00999319	0.01381	
0.000475505	0.101626	0.000632289	0.000549714	0.00247767	0.000152558	0.000306049	0.14068	0.00170262	0.150203	0.00531735	0.00214013	8.32784e-05	0.00302397	0.0108991	0.00241462	0.0289855	0.462519	0.00130388	0.0845083	
0.0265454	0.0252277	0.0217728	0.0218339	0.000485646	0.00903787	0.000289874	0.00453916	0.030534	0.718119	0.00596697	0.04266	0.000127011	0.000656126	0.000144727	0.00235784	0.0437418	0.0237263	0.00142519	0.0208084	
0.514926	0.0125165	0.000548359	0.000314571	0.0690607	0.000105522	0.0151989	0.0224049	0.113183	0.0525406	0.0344367	0.00815156	8.40397e-05	0.0154049	0.0364436	0.000275539	0.00198724	0.00117749	0.00519035	0.0960493	
0.0198725	0.00890291	0.0792913	0.00276269	0.0924941	0.00116485	0.000303305	0.00341654	0.134279	0.000278966	0.00125219	0.000905915	0.000126065	0.00340856	0.516528	0.00348888	0.0597224	0.0389608	0.000211195	0.0326297	
0.0486662	0.0264739	0.00237385	0.00398236	0.000293922	0.000585534	0.000756616	0.271555	0.00110937	0.456191	0.0655284	0.000424551	0.000234999	0.0408496	0.000165102	0.000327862	0.0156837	0.0388822	0.00160324	0.0243131	
0.0754821	0.00428826	0.00156354	0.0341634	0.454342	0.0764345	0.000956395	0.000341924	0.0405588	0.000117208	0.0356226	0.0014574	0.0200692	0.0243712	0.069853	0.000402653	0.030954	0.000596184	0.0053939	0.123032	
0.000337386	0.000384787	0.000363853	0.000358945	0.0717857	0.662824	0.00499385	0.0281588	0.0178784	0.00286402	0.0346405	0.022643	0.000817052	0.00761469	0.0142787	0.00045422	0.0241287	0.000302564	0.000197097	0.104974	
0.00231519	0.000242864	0.0304097	0.0490896	0.0257949	0.00980399	0.0398827	0.000570421	0.000459167	0.0252508	0.00158241	0.000177625	7.35878e-05	0.0285398	5.30163e-05	0.01142	0.703568	0.029402	0.00885009	0.0325137	
