0.000112196	0.0110758	0.00633505	0.515617	0.0236403	7.3879e-05	0.169295	0.014685	0.000127422	0.0506236	0.0279067	0.000947885	0.00122287	0.000118144	0.00137366	0.0231986	0.134042	7.20957e-05	0.0188595	0.000672322	
0.00307406	0.000506112	0.00046088	0.0408959	0.050643	8.08324e-05	0.000462444	0.000575643	0.157538	0.000323665	0.000296362	0.00725315	0.00667589	0.327036	0.390674	9.86962e-05	0.00012122	0.00406329	0.00013292	0.00908848	
8.09982e-05	0.000137268	0.0258464	0.152298	0.000638434	0.00024712	0.0310989	8.66963e-05	0.000119136	0.000805339	0.000692521	7.37876e-05	1.80248e-05	0.029296	3.37996e-05	0.0573505	0.674553	0.0221372	0.00381727	0.000669383	
0.0262334	0.000642619	0.000183956	0.0105143	0.514983	0.0524226	3.85785e-05	0.000153586	0.118743	0.0369317	0.000281991	0.0001228	5.37572e-06	3.04512e-05	9.7445e-06	3.19664e-05	0.00582641	1.57768e-05	4.06153e-05	0.232788	
0.00217172	0.00878945	0.000108273	0.000126244	6.43638e-05	0.0029021	0.000210048	0.584361	0.00042928	0.113697	0.0417643	0.0139397	2.41946e-05	0.000222779	2.72741e-05	5.53685e-05	0.00551135	0.209647	0.00028126	0.0156669	
0.200064	0.0159717	0.013501	0.00110609	0.000293681	0.000768996	0.0108692	0.00348733	0.000100002	0.00140412	0.67641	0.00318789	0.00869325	0.00969608	2.95403e-05	0.000517746	0.00201506	0.00492596	0.00509925	0.041859	
0.000479815	0.0137546	0.000341957	0.00103804	7.19808e-05	0.000425414	0.00282793	0.443319	0.000774699	0.0113217	0.000487544	0.000125786	0.000485303	0.0188004	0.000154317	0.000122593	9.93383e-05	0.247357	0.22522	0.0327926	
0.00067084	0.00879795	0.0623042	0.0255463	0.0240854	0.0763253	0.000240748	0.0302392	0.0230293	0.000116964	0.0366351	0.0144422	0.606736	0.000204307	4.57786e-05	0.00298238	0.00799024	0.0420999	0.014872	0.0226359	
0.000784533	0.0131839	0.765171	4.51422e-05	0.0225277	7.24744e-05	4.4072e-05	0.00373698	0.00173387	0.0260206	0.0450479	0.00243584	0.0258202	0.0258252	0.0171859	0.018293	0.0132262	0.000124305	0.0186625	5.82665e-05	
0.0326452	7.31208e-05	8.14494e-05	0.000158466	0.0312058	0.735868	0.0181666	0.0107684	0.0304705	0.0174726	0.0377279	0.005817	0.000166231	0.0338626	3.98847e-05	0.013059	0.0037463	0.00122973	0.000210354	0.0272309	
0.000151314	0.000747133	0.000132607	0.000631756	0.0119861	0.000109547	0.00501207	0.0123684	0.00462164	6.44959e-05	0.0606459	0.00055911	0.00590082	0.0387364	0.00150479	0.000363291	0.0292205	0.673746	0.0558846	0.0976137	
0.0200873	0.0173626	0.0209437	0.0105733	0.0318143	0.00179913	0.0142224	0.0168432	0.00303188	0.000135723	0.0392458	0.0168003	3.85594e-05	0.727705	0.00190163	0.0447438	0.00335814	0.00277482	0.0260375	0.000580397	
0.0349695	0.00130257	0.0843342	0.0256692	0.0115144	5.39505e-05	9.46679e-05	0.0012224	0.00663287	0.00175284	0.00253244	0.0373758	2.59541e-05	0.000221193	0.753693	0.00012161	0.000733373	0.0185482	0.000175079	0.0190268	
0.0147879	0.0153465	0.000230186	0.0178285	0.00781367	0.669798	6.40484e-05	0.00235661	0.0420566	6.6947e-05	0.00344568	0.0487762	2.16572e-05	0.0949553	0.0696261	0.00757786	0.000367114	0.000202969	0.000109948	0.00456829	
0.0238945	0.000315637	0.000241142	0.0219187	0.0364027	0.0011983	0.010203	0.0959068	0.00659719	0.723689	0.0421612	0.000168182	3.04411e-05	0.000414164	6.51519e-05	0.000116427	0.000417178	0.012079	0.00112149	0.0230598	
0.0094442	0.0228555	0.000224985	0.000157589	0.00024345	0.000102673	0.0284217	0.262381	0.00077068	5.21038e-05	0.0982817	0.00146819	0.00260247	0.0363332	0.000481482	0.00102319	0.0106716	0.447763	0.0228733	0.0538482	
0.0234484	7.87998e-05	0.00278727	0.000123091	0.0142641	0.791449	0.0154573	0.00257283	0.0285965	0.00759262	0.0310329	0.00100265	0.000161309	0.035052	3.8241e-05	0.0257416	0.00488482	0.00159775	0.000155899	0.0139624	
0.00869281	0.00106715	0.122875	0.471855	0.00027244	8.65343e-06	0.000337818	0.00965692	0.133708	0.00133297	0.00203693	0.0613456	0.0159129	0.0816553	0.0275378	0.0051972	0.0191356	0.0140422	0.0229613	0.000368838	
7.15219e-05	0.0151178	0.000103446	7.72113e-05	0.000105576	4.71206e-05	0.0253043	0.66912	0.000323804	3.27557e-05	0.0188382	0.000214465	0.00593831	0.0385553	0.000128619	0.000215987	0.00149721	0.126862	0.030574	0.066872	
0.00179821	0.00993881	0.00113393	0.00801625	0.00796647	0.00112335	0.00337455	0.678539	0.000707816	0.0330823	0.072624	0.000182483	0.000748625	0.0140629	9.28997e-05	0.000142326	0.000122901	0.0960404	0.054611	0.0156916	
0.167189	0.0272134	0.00964677	0.0626759	4.56436e-05	0.0921142	0.051271	0.0851145	0.230754	0.000923458	0.0112231	4.22843e-05	3.20808e-06	0.158724	0.0159198	0.0565489	0.014462	0.00765742	0.00838991	8.21306e-05	
0.037322	0.00599202	0.0722043	0.0133361	0.00953418	0.000102199	0.000210838	0.00205373	0.024477	0.000796014	0.0027971	0.00442783	4.13002e-05	0.000267518	0.78671	0.000168416	0.000820415	0.0315636	0.000263018	0.00691245	
0.0500484	9.29351e-05	0.00895729	0.0378948	0.741403	0.0996474	0.000346385	0.0198403	0.010622	0.0161873	0.000255927	0.000103212	6.80882e-05	0.00584289	0.000153925	5.85493e-05	7.5747e-05	4.34715e-05	0.00458385	0.00377405	
0.00286686	0.013382	4.27852e-05	0.649338	0.120509	0.00010336	0.000304236	0.0259474	0.00163626	0.00208553	0.0247596	0.0068746	0.000369908	0.0137989	0.00054518	0.0191485	0.0100164	0.000118321	0.0451589	0.0629941	
0.0197397	5.47746e-06	0.0487789	0.168212	0.00142865	0.00578418	0.00655621	0.00263043	0.390238	0.00222244	0.0150241	0.055957	2.82481e-06	0.158706	0.0307268	0.0239143	0.0594624	0.00807435	8.59211e-05	0.00245033	
0.0563157	3.83833e-05	0.0117753	0.00233907	0.0507331	4.05101e-05	7.07955e-05	0.00304867	0.555014	6.63039e-05	0.00993543	0.0181582	1.46233e-05	0.000320097	0.224156	0.000118869	0.00123626	0.0458708	0.000266108	0.0204818	
0.0353666	0.00438896	0.000157594	0.056529	0.561889	0.0111278	9.7135e-05	0.00215121	0.0208194	0.0354878	0.0256062	6.11102e-05	0.000952701	0.0149743	9.51553e-05	3.43923e-05	0.000596728	6.55418e-05	0.00138329	0.228216	
0.00535308	0.0186308	0.00674035	0.000116407	0.00346263	0.00119999	0.00695644	0.0136057	0.710815	0.000225691	0.000152533	5.78237e-05	3.44601e-05	0.0673114	0.0198045	3.51385e-05	0.0449469	0.0769883	0.00337596	0.0201872	
0.0063634	0.0252511	0.00848914	0.0135027	0.000146144	0.00275492	0.000210272	0.0724	0.00274878	0.656244	0.163232	0.00152879	5.49829e-05	0.000492417	8.95299e-05	0.000573811	0.000760697	0.00791699	0.00148779	0.0357522	
0.0224941	0.0151169	5.74779e-05	0.000106695	5.15246e-05	3.27024e-05	0.0200766	0.0467326	0.505204	2.93667e-05	0.00018895	0.000590318	4.90798e-05	0.0397544	0.0561451	7.66511e-05	0.0324924	0.209519	0.0213257	0.0299565	
0.3179	0.000520369	7.05899e-05	0.0182839	0.103957	0.282691	0.0258594	0.0419435	0.00727117	0.0426883	0.0461526	0.0258841	2.82587e-05	0.00850387	0.00404983	0.00142985	6.39226e-05	7.25958e-05	0.00234189	0.070287	
0.0689229	0.019876	0.0194548	0.014142	0.00012431	0.113216	0.00113393	0.0453404	0.00014734	0.111317	0.57047	0.000127104	0.000131565	0.00120954	5.00523e-05	8.33304e-05	0.000144033	0.00228536	0.000537605	0.0312865	
0.0307499	0.0117464	0.00811351	0.00137556	0.116603	0.0379891	0.0226285	0.000150694	0.54416	0.0220855	0.000179723	1.94307e-05	0.0231936	5.71273e-05	2.86841e-05	0.0137167	5.6881e-05	0.0082099	0.0220265	0.13691	
5.36394e-05	8.89026e-05	6.2046e-05	9.21945e-05	0.140681	3.49714e-05	0.000153573	0.0123294	0.000406445	0.0685523	0.718451	0.000205266	2.95157e-05	0.0275929	5.90133e-05	0.00235006	0.0131168	0.0152755	0.000341234	0.000123705	
0.00333347	0.00014526	3.85843e-05	0.000152593	0.020221	2.05149e-05	0.00589529	0.0369347	0.0303538	0.0899259	0.722365	0.00028959	1.27519e-05	0.00356666	3.30637e-05	3.08929e-05	0.0291501	0.0328279	0.000337559	0.0243652	
0.0117025	9.658e-06	0.0520697	0.278641	1.05749e-05	0.000310076	0.00128295	0.0189728	0.18977	0.00263086	0.000728981	0.109362	0.00501572	0.173682	0.0238117	0.0129222	0.0324432	0.0261255	0.0604059	0.000102745	
0.150618	0.0345445	0.00156686	0.049828	9.34849e-06	8.33885e-06	0.00687035	0.155355	0.0687117	0.0188083	0.00958357	0.000126072	0.283396	0.00963481	4.25768e-06	0.00323483	0.0308697	0.176818	6.12558e-06	6.78334e-06	
0.00642218	0.000410353	0.0709489	0.16664	0.00102372	0.055811	0.0014052	0.000188567	0.00400747	0.00024117	0.000225573	0.0082746	0.0975892	0.00139498	0.000648639	0.376892	0.206271	0.000833468	0.000277668	0.000494165	
0.00926247	4.62126e-06	0.11018	0.440889	1.69723e-05	3.00897e-05	0.000426305	0.0116676	0.147762	0.00154609	0.0021261	0.0699434	0.00780474	0.10066	0.0308167	0.0061566	0.019882	0.0160552	0.0244926	0.000277495	
0.0323556	0.00112197	0.203328	0.518075	0.0267758	0.00989998	0.00318006	0.000100242	0.0427892	0.000519014	0.00318977	0.0122916	0.0112638	0.0971777	0.00487327	0.0238296	0.00570175	0.000514605	0.00287086	0.000141784	
0.00010883	0.000163462	6.43832e-05	0.000338335	0.080538	0.00782442	0.29486	0.0500054	0.0853107	0.321518	0.0746609	0.000205352	3.51231e-05	0.0523969	4.11269e-05	8.59342e-05	0.000391296	0.0308395	0.000253663	0.000358584	
0.331602	0.0186506	9.12516e-05	0.000153497	0.0408559	6.03419e-05	0.0147952	0.00949522	0.0512569	0.428376	0.0109476	0.0250378	5.28937e-05	0.0144467	0.00373137	5.50355e-05	5.6783e-05	0.0189429	0.00780335	0.0235882	
0.0225056	0.0023517	0.0915362	0.226847	0.001097	0.0139145	0.0113269	0.0014374	0.303363	0.00247647	0.0133126	0.0498863	0.0208637	0.128256	0.0312679	0.0296825	0.0421438	0.00601934	4.10015e-05	0.0016715	
0.0168815	1.01562e-05	0.0250379	0.178546	0.00074292	0.0028001	0.00386794	0.0124248	0.310773	0.0026382	0.00690308	0.0890832	0.00164069	0.197564	0.0201381	0.0197135	0.0511945	0.0192275	0.0396095	0.00120401	
0.0338528	6.50201e-05	4.93062e-05	0.0148042	4.52574e-05	0.0206174	0.0129329	0.116003	0.0299151	0.00133842	0.076351	5.08021e-05	0.000450974	0.000525258	0.000890791	0.000116496	0.0115058	0.14706	0.0514978	0.481928	
0.167189	0.0272134	0.00964677	0.0626759	4.56436e-05	0.0921142	0.051271	0.0851145	0.230754	0.000923458	0.0112231	4.22843e-05	3.20808e-06	0.158724	0.0159198	0.0565489	0.014462	0.00765742	0.00838991	8.21306e-05	
0.0232734	4.59587e-05	0.579692	0.245642	0.000135183	4.91401e-05	0.0237986	0.00362868	0.000349176	3.135e-05	0.000559177	0.00405118	6.1503e-06	0.0648456	0.00136849	0.00874614	0.000364691	0.043201	0.000167151	4.47227e-05	
0.0277789	0.0189001	0.0281852	0.227742	9.58879e-05	0.0132971	0.362156	0.000132546	0.0661621	0.223399	0.000523374	0.000635203	2.61712e-05	0.000178847	3.28013e-05	0.000558882	0.0289239	9.93954e-05	0.000861953	0.000311387	
0.0505158	6.70028e-05	3.38907e-05	0.0223291	1.27527e-05	0.00274842	0.000309168	0.0122273	0.648169	1.5848e-05	7.47207e-05	0.0257979	5.76185e-43	0.0753028	0.0563178	0.0862823	3.13141e-05	0.0190281	0.000367276	0.000369453	
0.216554	5.39872e-05	0.12912	0.115318	0.000106793	0.128623	0.0118482	7.62197e-05	0.100178	5.99884e-05	0.0600827	0.0641818	1.37914e-05	0.0112796	0.00835517	0.125448	0.0257249	6.20629e-05	6.78569e-05	0.00284552	
0.00554848	0.000976777	0.0127598	0.000205132	0.00518575	0.00886344	0.000579437	0.000205336	0.756468	0.0273431	0.0257812	0.000118133	0.00012308	0.00514735	0.117822	0.00385439	9.09312e-05	0.000351729	0.00010331	0.0284727	
0.0386409	0.0176215	0.00849401	0.000705488	0.111221	0.0500063	0.0209656	9.87911e-05	0.533784	0.0237209	0.000252609	2.20805e-05	0.0254404	5.59535e-05	1.68871e-05	0.0131076	6.20612e-05	0.00966688	0.0197869	0.12633	
0.0327886	0.00339606	0.000219896	0.146692	0.466684	0.0104047	0.0003315	0.000157236	0.049395	4.20249e-05	0.0456749	0.000273787	0.0205216	0.033839	0.00830251	8.10674e-05	0.0250657	0.000121742	0.0117368	0.144272	
0.06682	0.000739546	0.132917	0.199921	0.000126097	0.208294	0.00908316	7.32455e-05	0.0784066	0.000289081	0.000766972	0.0951541	0.125306	0.0137207	0.00866688	0.045631	0.0136209	0.000357592	6.47553e-05	4.17135e-05	
0.0656062	5.27594e-05	0.119093	0.173581	0.000115855	0.228456	0.0070628	8.34704e-05	0.0695242	3.60142e-05	0.000173459	0.0936177	0.127443	0.00573962	0.00729134	0.0710468	0.0308644	6.38787e-05	9.85853e-05	4.86509e-05	
0.0459325	0.0177721	0.066455	0.0499253	0.000123327	0.0565147	0.00116839	0.000263021	0.0113149	0.580198	0.070157	0.0652568	9.38887e-05	0.000800361	0.00018976	0.000234458	0.00874004	0.000155418	0.000318988	0.0243857	
0.00294026	0.0197403	8.7086e-05	0.000105274	5.27596e-05	5.13947e-05	0.00030553	0.256838	0.00331165	0.057588	0.119813	0.000311489	3.47033e-05	0.000543218	0.000657827	0.000279711	0.0200815	0.494377	0.000367541	0.0225129	
0.0197397	5.47746e-06	0.0487789	0.168212	0.00142865	0.00578418	0.00655621	0.00263043	0.390238	0.00222244	0.0150241	0.055957	2.82481e-06	0.158706	0.0307268	0.0239143	0.0594624	0.00807435	8.59211e-05	0.00245033	
0.052084	4.11685e-05	5.22155e-05	0.0274263	0.298781	0.0816156	0.0138051	0.000159049	0.0724879	0.00311765	0.0421838	3.88402e-05	8.98392e-05	0.000233309	0.000292854	0.000138626	0.0202507	0.000154024	0.020898	0.36615	
0.00347254	0.000565789	0.0447346	0.028715	0.0183151	0.0110637	0.000504256	0.259598	0.000157007	0.00964572	0.595904	0.000115373	5.97929e-05	0.00509185	4.91876e-05	6.49297e-05	0.00912786	0.00116182	0.010797	0.000856951	
0.113833	0.0560005	0.0427015	0.0253734	0.00420986	0.0107591	0.0212097	0.059151	3.53456e-05	0.0267298	0.0394859	0.0545248	0.0044428	0.263702	0.00252704	0.0577238	0.0900402	0.123322	0.00271621	0.00151268	
0.0539012	3.66375e-05	1.5385e-05	2.3198e-05	0.00348719	0.0220034	0.0251116	0.000443944	0.0653744	0.00482152	0.108116	0.00312265	7.22673e-06	0.0281641	4.14585e-06	0.668547	0.0137862	9.38753e-06	1.06187e-05	0.00301394	
0.0283657	7.50223e-05	0.000169391	0.000161416	0.0109104	0.803675	0.0186911	0.000802101	0.0234829	0.00367594	0.029605	0.000772497	8.95346e-05	0.0364327	4.39065e-05	0.0208695	0.00673828	0.00237869	0.000210093	0.012851	
0.00436799	0.00207409	0.0103788	0.0163155	0.003195	0.00569344	0.00223978	0.0450609	0.0586567	8.11458e-05	0.0405118	0.010573	0.684601	0.000149229	3.86275e-05	0.00665819	0.000420149	0.0968042	0.00904507	0.00313526	
0.000223413	0.012686	0.000275703	0.000219041	0.0124202	0.000130501	0.00859759	0.199544	0.00846196	0.0199854	0.000643509	0.00213785	0.000748894	0.00618276	0.000597693	0.00175762	0.0170924	0.674462	0.0190626	0.0147708	
0.00546845	0.160902	0.000169368	0.000264581	0.199231	7.83264e-05	0.00662348	0.0650928	0.0017964	0.0152052	0.0279417	0.00182312	0.000194886	0.0147769	0.000144209	6.5541e-05	0.000260091	0.499614	0.000171456	0.000176883	
0.576712	0.0190137	0.000169049	0.000192653	0.0164499	0.000105039	0.00117615	0.0153969	0.0475511	0.000456831	0.133425	0.0294252	0.0893174	0.000878991	0.00024701	0.00105726	8.39251e-05	0.0122894	0.0264387	0.0296136	
0.0240014	0.00946263	0.0190739	0.014423	0.00476984	0.00642697	0.0186583	0.00404512	0.000103132	0.000855716	0.789499	0.00182676	0.000194735	0.013989	4.61014e-05	0.000377547	0.00919444	0.00449861	0.0153019	0.0632522	
0.0272769	0.017967	0.000160225	0.00692798	0.000191403	0.000117409	0.0291105	0.0852192	0.00135424	8.21716e-05	0.000542538	0.000344925	0.000473864	0.0219339	0.000960241	0.000234576	0.000198025	0.676875	0.0550495	0.0749806	
0.00864601	2.18539e-05	0.00989362	0.00599324	0.00225943	0.000964454	0.00943936	0.203627	0.0155324	0.00594926	0.0107748	0.0117215	0.0071266	0.0150926	4.00904e-05	4.84563e-05	0.00973482	0.118549	0.532866	0.03172	
0.000231623	0.00901277	4.36957e-05	0.514714	0.0553594	6.31644e-05	0.000136943	0.0159352	0.000133432	0.000581589	0.0392866	0.060928	0.000190375	0.050726	0.00025892	0.0230833	0.131507	0.0001312	0.0544065	0.0432699	
0.155873	1.87217e-05	0.0538874	0.232141	0.0130582	0.00143004	0.0540791	0.00173248	0.16585	0.106096	0.0237168	0.0509004	0.00789793	0.0717586	0.00392293	0.00752528	0.0130959	0.00437425	0.0234852	0.00915648	
0.000419143	0.0026983	0.290182	0.0913673	0.036674	0.0980947	7.68563e-05	8.97079e-05	0.00299366	0.0241058	0.0280995	0.280051	0.00781179	0.126968	0.000417287	7.94926e-05	6.86216e-05	0.000289804	0.00944647	6.6092e-05	
0.134329	0.0230663	0.000108705	0.000309772	0.000208546	8.65215e-05	0.0287683	0.0464888	0.0119494	0.00013119	0.0169883	0.00106747	4.82331e-05	0.0370376	0.00377868	0.000133029	0.000141859	0.584626	0.0442956	0.066437	
0.00163827	0.0139897	0.00011367	0.000362234	0.000157132	7.34363e-05	0.0259034	0.203876	0.00645418	9.11572e-05	0.000460102	0.000638994	0.0574905	0.0328848	0.0021309	0.00125725	0.000734421	0.532691	0.0594123	0.0596409	
0.0793074	0.0762512	0.0177987	0.033786	0.00841167	0.000879238	0.0138344	5.89868e-05	0.559615	0.00225121	0.000278145	0.0264016	0.000122898	0.0144304	0.123754	0.0222563	0.0117246	0.000119452	0.000511385	0.00820711	
0.113833	0.0560005	0.0427015	0.0253734	0.00420986	0.0107591	0.0212097	0.059151	3.53456e-05	0.0267298	0.0394859	0.0545248	0.0044428	0.263702	0.00252704	0.0577238	0.0900402	0.123322	0.00271621	0.00151268	
0.196899	0.00202509	0.000162357	0.000167084	0.000531694	0.443275	0.0334895	0.0420955	0.021374	0.000209606	0.00406723	0.000723328	0.000180469	0.0391607	2.95572e-05	0.0655186	0.0268556	0.0825396	0.0236495	0.017046	
0.0384598	0.000936675	0.0822361	0.0258732	0.00809772	8.44205e-05	0.000114025	0.00257567	0.00729096	0.00285728	0.00400348	0.0457903	3.00069e-05	0.000263914	0.748496	0.000117546	0.00108626	0.0127742	0.000180362	0.0187318	
0.0197397	5.47746e-06	0.0487789	0.168212	0.00142865	0.00578418	0.00655621	0.00263043	0.390238	0.00222244	0.0150241	0.055957	2.82481e-06	0.158706	0.0307268	0.0239143	0.0594624	0.00807435	8.59211e-05	0.00245033	
0.0226785	0.0208407	0.0432077	0.0249357	0.000103042	0.0265737	0.0019535	0.0717316	0.00011295	0.0525624	0.706312	0.000149215	7.35725e-05	0.000991941	3.55688e-05	0.00012249	0.0012858	0.00135758	0.000586884	0.0243853	
0.000370017	0.0202051	0.00040007	0.00064801	0.0001193	0.000199024	0.000120121	0.308259	0.000589754	0.143531	0.412602	0.000712772	2.17121e-05	0.000272391	4.00421e-05	0.000230912	0.000231698	0.0796709	0.000390362	0.0313852	
0.155873	1.87217e-05	0.0538874	0.232141	0.0130582	0.00143004	0.0540791	0.00173248	0.16585	0.106096	0.0237168	0.0509004	0.00789793	0.0717586	0.00392293	0.00752528	0.0130959	0.00437425	0.0234852	0.00915648	
0.000140116	0.0171896	0.0233829	0.100083	0.0356391	0.0673334	0.0354274	0.000230067	0.000201738	0.00290674	0.000472165	0.000385953	3.55714e-05	0.041498	0.000105	0.00437771	0.599432	0.0271589	0.00151988	0.0424809	
0.00532864	4.36376e-06	0.187255	0.000290826	0.028405	7.33204e-06	0.0103619	0.000395481	0.0675135	6.51294e-06	0.0561474	0.598061	1.79643e-06	0.0220819	0.020901	1.77606e-05	0.000111637	0.00289963	3.28862e-05	0.000176676	
0.00461439	0.000833348	0.0016612	0.0155052	0.000679594	0.00220639	0.00291269	0.0499016	0.0617546	6.1932e-05	0.0406362	0.0128212	0.674664	0.000186014	4.15153e-05	0.00799183	9.09988e-05	0.116636	0.00623617	0.000565219	
0.155873	1.87217e-05	0.0538874	0.232141	0.0130582	0.00143004	0.0540791	0.00173248	0.16585	0.106096	0.0237168	0.0509004	0.00789793	0.0717586	0.00392293	0.00752528	0.0130959	0.00437425	0.0234852	0.00915648	
0.0837828	0.00210425	0.375847	0.198782	0.0118676	0.00438153	0.00417253	5.36229e-05	0.127373	0.00528362	0.000303792	0.0891942	3.08694e-05	0.0479578	2.8987e-05	0.00712126	0.0278886	0.000352853	0.0134068	6.66766e-05	
0.052779	4.85605e-05	0.0320139	0.0717766	0.0306038	7.90224e-05	0.0326295	0.000124842	0.0804126	0.0316877	0.0566258	6.03649e-05	0.0261909	0.0380732	1.42464e-05	0.449073	0.000102151	0.0428762	0.0203269	0.034502	
0.155873	1.87217e-05	0.0538874	0.232141	0.0130582	0.00143004	0.0540791	0.00173248	0.16585	0.106096	0.0237168	0.0509004	0.00789793	0.0717586	0.00392293	0.00752528	0.0130959	0.00437425	0.0234852	0.00915648	
0.0140253	0.015875	0.0113485	0.0099619	0.0490579	0.00326214	0.000206391	0.0248672	0.0405935	0.00105429	0.0447361	0.0170778	0.689975	0.00035761	7.17214e-05	0.000359729	0.00391102	0.00698032	0.022939	0.0433396	
0.00031235	0.000104562	0.000102603	0.000342413	0.0610224	0.52792	0.0216713	0.0170482	0.0436961	0.028251	0.0481971	0.00854171	0.078648	0.0321869	3.78878e-05	0.00408223	0.0512558	0.00014562	0.000336598	0.0760972	
8.26033e-05	0.000136901	0.0252448	0.153222	0.000630836	0.00026187	0.0310965	8.67306e-05	0.000119281	0.000816756	0.000694622	7.57469e-05	1.79015e-05	0.0295359	3.43103e-05	0.0574434	0.673903	0.0221048	0.00382117	0.000670412	
0.00391484	0.0133631	0.00140685	0.00687737	8.43943e-05	0.000976948	0.00230341	0.811461	0.000451885	0.0143542	0.000211068	6.89043e-05	0.0002405	0.00744764	7.60149e-05	6.69095e-05	0.00597991	0.0133609	0.0949256	0.0224282	
0.009984	6.3998e-05	6.51048e-05	0.000292317	0.145702	0.476726	0.0161864	0.0287466	0.0541386	0.0675293	0.0490949	0.0161468	9.47224e-05	0.0198474	2.71352e-05	0.000610014	0.000443219	0.000107061	0.000221107	0.113974	
0.00108768	0.0101676	0.745392	4.32799e-05	0.0276192	5.02867e-05	3.80688e-05	0.0112448	0.00971574	0.022466	0.047116	0.0011114	0.0189582	0.0210495	0.0355337	0.0103271	0.0178598	9.29918e-05	0.0200815	4.53753e-05	
0.0265342	0.000692706	0.000145701	0.0117795	0.511635	0.0500473	4.39302e-05	0.000190785	0.115292	0.0379266	0.000729426	8.83494e-05	7.03081e-06	0.000227783	1.66491e-05	3.1789e-05	0.00542001	1.55225e-05	0.000104069	0.239072	
0.196472	0.437657	7.59078e-05	0.000101093	0.000312241	0.123236	0.0265044	0.000876157	0.0619343	0.026744	0.0530443	0.000440551	0.000103622	0.0399624	1.66628e-05	0.0318381	0.000210793	6.43875e-05	0.000130803	0.000275559	
0.00782495	0.103418	0.000256465	0.000164271	0.000151407	0.000113591	0.000299001	0.449436	0.000213158	0.0476272	0.11373	0.0110765	1.95893e-05	0.0150774	4.00833e-05	0.00905389	0.0164684	0.216137	0.000764686	0.00812858	
0.01062	0.0119881	0.423321	0.134273	0.0848441	8.99218e-05	0.0407935	0.00219817	7.00917e-05	3.25202e-05	0.0204211	0.0191449	1.29637e-05	0.12132	1.55755e-05	0.0129303	0.084557	0.0167124	0.0165882	6.65818e-05	
0.00294758	0.019689	8.59789e-05	0.000105274	5.27587e-05	5.13174e-05	0.000305521	0.256449	0.0033111	0.0575863	0.119898	0.000306162	3.48421e-05	0.000556419	0.000657586	0.000267922	0.0200961	0.494746	0.000367541	0.0224853	
0.00648208	0.000135012	0.0265991	0.000160643	0.0315288	0.678718	0.0011032	0.00371433	0.0463877	0.0258657	0.0551019	0.000448128	0.00268127	0.0571353	5.10915e-05	0.0595154	0.00231074	0.00014605	0.000844357	0.00107106	
0.0554718	7.23216e-05	0.000941074	0.00663833	0.0363067	8.68999e-05	0.0428437	0.0102877	0.258641	0.000101491	0.010593	0.0218283	5.38461e-05	0.0304699	0.454424	0.000187115	0.00358518	0.047597	0.000407585	0.0194636	
0.00457692	0.0150656	7.66288e-05	0.0807202	0.0194136	0.0176083	9.62207e-05	0.000105133	8.24614e-05	0.0496349	0.0468431	0.606936	0.00281389	0.0328749	0.0476963	5.40928e-05	0.00319552	0.0272976	0.0448032	0.000105025	
0.00463209	0.000558874	8.70128e-05	7.22044e-05	0.000111479	0.00647587	0.000350315	0.552369	0.000977965	0.0952654	0.0467797	0.0103258	3.48145e-05	0.000487976	4.01767e-05	6.36825e-05	0.000210457	0.260309	0.000162698	0.0206849	
0.000230356	0.0152463	0.000598841	0.000244435	0.000166851	0.000152301	0.0252576	0.680653	0.000201847	4.72326e-05	0.00725168	0.000225145	0.00499979	0.0321371	9.60858e-05	0.000172269	0.00426647	0.133764	0.0299181	0.0643703	
0.0852391	9.96982e-05	0.000120975	0.000151858	0.154461	0.402666	0.0138285	0.0261068	0.0396159	0.0739096	0.0607048	0.0108643	8.99335e-05	0.0178874	1.99899e-05	7.61566e-05	0.000188618	0.00013917	0.000139133	0.113691	
0.00406658	0.0106611	0.667993	6.11367e-05	0.0361333	6.04225e-05	5.5575e-05	0.0253116	0.0235679	0.0279371	0.0719152	0.000418173	0.00462243	0.0205674	0.0671149	0.0066255	0.0056265	0.000126253	0.0270646	7.15859e-05	
0.12348	0.000101098	6.53576e-05	0.000105463	0.000472394	0.0554776	0.0164452	0.000338137	0.0110202	0.0103825	0.0468044	0.0178005	2.41037e-05	0.0423686	4.53588e-05	0.651751	0.0224461	4.35366e-05	0.000290089	0.000537794	
0.0103178	0.0495591	0.00010617	0.0531456	0.0365528	9.88183e-05	0.00227854	0.0563089	0.00110158	0.0638523	0.0518826	0.00335769	0.131785	0.00123228	0.0442852	0.00361006	0.0183587	0.466354	0.0021083	0.00370485	
0.0416459	0.00229581	0.112496	0.590774	0.131822	0.00450757	0.000286612	0.0152493	0.00962437	0.00270253	0.0259734	0.000179234	0.0303756	0.00730732	8.25393e-05	0.000241175	0.000288039	9.77433e-05	0.0236979	0.000353403	
0.0466073	7.12167e-05	0.0153145	0.151489	0.00133388	0.0363115	0.000145502	0.000132776	0.000136678	0.000735091	0.011226	0.117901	0.000143895	0.00515175	2.09292e-05	0.461995	0.128316	0.022331	0.000419056	0.000218311	
0.581772	0.000710092	0.000107029	0.000282297	0.0229176	0.0684506	0.0317633	0.0515017	0.048346	0.0292835	0.0662146	0.0279481	3.88244e-05	0.0384982	0.000143513	0.00653843	0.000125243	0.000117221	0.00365199	0.0215897	
0.0117025	9.658e-06	0.0520697	0.278641	1.05749e-05	0.000310076	0.00128295	0.0189728	0.18977	0.00263086	0.000728981	0.109362	0.00501572	0.173682	0.0238117	0.0129222	0.0324432	0.0261255	0.0604059	0.000102745	
0.0793074	0.0762512	0.0177987	0.033786	0.00841167	0.000879238	0.0138344	5.89868e-05	0.559615	0.00225121	0.000278145	0.0264016	0.000122898	0.0144304	0.123754	0.0222563	0.0117246	0.000119452	0.000511385	0.00820711	
0.00315119	0.0162358	0.000425367	0.00722681	8.23074e-05	0.000390371	0.00189435	0.82055	0.000514617	0.0160257	0.000186292	6.7698e-05	0.000170385	0.00817905	8.49417e-05	6.53708e-05	0.00830517	0.0144598	0.0807814	0.021203	
0.216554	5.39872e-05	0.12912	0.115318	0.000106793	0.128623	0.0118482	7.62197e-05	0.100178	5.99884e-05	0.0600827	0.0641818	1.37914e-05	0.0112796	0.00835517	0.125448	0.0257249	6.20629e-05	6.78569e-05	0.00284552	
0.0547778	0.000343591	0.0038973	0.0352481	0.0277542	0.116565	0.0498917	0.11144	0.00208881	0.532697	0.0381583	0.0251696	7.433e-05	0.00039414	7.79525e-05	0.000144433	0.000487327	0.000113048	0.000385143	0.000291943	
0.0290586	3.17053e-05	0.0226473	0.0569514	0.0397038	6.77733e-05	0.0185293	0.043538	0.00947166	0.000129551	0.0243232	0.0260496	0.00872202	0.0311434	0.000911563	8.24634e-05	0.00624728	0.09381	0.524194	0.0643871	
0.0315338	4.53978e-05	0.0582125	0.160489	0.534324	0.0255997	0.0134658	0.00274071	0.0425265	4.65174e-05	0.00754745	0.00619973	0.0119088	0.0362161	0.0262426	7.4343e-05	0.00166917	7.07874e-05	0.0409884	9.79872e-05	
0.0291576	0.0098446	0.18254	0.293219	0.000676443	0.0336894	0.0208823	1.25701e-05	0.138312	0.00346401	0.00418786	0.045964	0.0674038	0.0780462	0.0139091	0.0514986	0.0233606	0.00380198	1.72692e-05	1.18992e-05	
0.0291576	0.0098446	0.18254	0.293219	0.000676443	0.0336894	0.0208823	1.25701e-05	0.138312	0.00346401	0.00418786	0.045964	0.0674038	0.0780462	0.0139091	0.0514986	0.0233606	0.00380198	1.72692e-05	1.18992e-05	
0.0291576	0.0098446	0.18254	0.293219	0.000676443	0.0336894	0.0208823	1.25701e-05	0.138312	0.00346401	0.00418786	0.045964	0.0674038	0.0780462	0.0139091	0.0514986	0.0233606	0.00380198	1.72692e-05	1.18992e-05	
0.00561106	0.00891919	0.0171173	0.629809	0.0214486	0.0201973	0.000680003	0.0267726	0.000124919	0.0362573	0.0468946	0.0503607	0.0163367	0.000144644	0.000653542	0.080501	0.0334777	0.000114139	0.00397746	0.000601988	
0.0126379	0.00482092	0.000380857	0.000536746	0.0125436	0.000156555	0.00075307	0.224856	0.000687061	0.55195	0.0330935	0.000195852	0.0103865	0.00092004	8.19334e-05	0.000104913	0.0441699	0.0932105	0.00182182	0.00669219	
0.113833	0.0560005	0.0427015	0.0253734	0.00420986	0.0107591	0.0212097	0.059151	3.53456e-05	0.0267298	0.0394859	0.0545248	0.0044428	0.263702	0.00252704	0.0577238	0.0900402	0.123322	0.00271621	0.00151268	
0.0291576	0.0098446	0.18254	0.293219	0.000676443	0.0336894	0.0208823	1.25701e-05	0.138312	0.00346401	0.00418786	0.045964	0.0674038	0.0780462	0.0139091	0.0514986	0.0233606	0.00380198	1.72692e-05	1.18992e-05	
0.0305315	3.88893e-05	3.56592e-05	0.0566959	0.037592	0.0454569	0.00343084	0.000454607	0.0730691	6.20397e-05	0.0457257	4.84176e-05	0.0106744	0.0122287	0.00716852	0.00010308	0.0152903	0.000345324	0.0380926	0.622955	
0.0197397	5.47746e-06	0.0487789	0.168212	0.00142865	0.00578418	0.00655621	0.00263043	0.390238	0.00222244	0.0150241	0.055957	2.82481e-06	0.158706	0.0307268	0.0239143	0.0594624	0.00807435	8.59211e-05	0.00245033	
0.0291576	0.0098446	0.18254	0.293219	0.000676443	0.0336894	0.0208823	1.25701e-05	0.138312	0.00346401	0.00418786	0.045964	0.0674038	0.0780462	0.0139091	0.0514986	0.0233606	0.00380198	1.72692e-05	1.18992e-05	
0.113833	0.0560005	0.0427015	0.0253734	0.00420986	0.0107591	0.0212097	0.059151	3.53456e-05	0.0267298	0.0394859	0.0545248	0.0044428	0.263702	0.00252704	0.0577238	0.0900402	0.123322	0.00271621	0.00151268	
0.113833	0.0560005	0.0427015	0.0253734	0.00420986	0.0107591	0.0212097	0.059151	3.53456e-05	0.0267298	0.0394859	0.0545248	0.0044428	0.263702	0.00252704	0.0577238	0.0900402	0.123322	0.00271621	0.00151268	
0.155873	1.87217e-05	0.0538874	0.232141	0.0130582	0.00143004	0.0540791	0.00173248	0.16585	0.106096	0.0237168	0.0509004	0.00789793	0.0717586	0.00392293	0.00752528	0.0130959	0.00437425	0.0234852	0.00915648	
0.0291576	0.0098446	0.18254	0.293219	0.000676443	0.0336894	0.0208823	1.25701e-05	0.138312	0.00346401	0.00418786	0.045964	0.0674038	0.0780462	0.0139091	0.0514986	0.0233606	0.00380198	1.72692e-05	1.18992e-05	
0.00470558	0.00095594	0.0116716	0.0680712	0.014817	5.31419e-05	0.0183605	0.0714919	0.0470175	5.17957e-05	0.0446083	0.0130851	0.00215885	0.0299383	1.7248e-05	0.00559374	0.00369344	0.0778204	0.402582	0.183307	
0.000226001	0.0242858	0.000408946	0.000562228	0.000143891	0.000160117	0.000551252	0.583548	0.000499255	0.127858	0.0293325	0.00165378	5.25619e-05	0.00212446	9.35145e-05	8.68043e-05	0.0262679	0.166079	0.00315691	0.0329096	
0.0290542	4.80661e-05	3.98393e-05	0.0196124	0.0354519	0.0623949	0.00945227	0.000561171	0.0876456	5.67046e-05	0.0469205	3.71612e-05	6.17017e-05	7.35948e-05	9.21804e-05	0.000134134	0.0199532	0.000502241	0.0281012	0.659807	
