0.00178487	0.0166439	0.0105196	0.559076	0.0321784	0.000154337	0.0649686	0.0227189	0.000289183	0.0833845	0.0273763	0.0016648	0.00765111	0.000522189	0.0241978	0.0237191	0.10758	0.000310655	0.0137979	0.00146198	
0.0204321	0.0107269	0.000291269	0.00366064	0.0409986	0.000387696	0.00195104	0.000181092	0.0767894	0.000845395	0.00200536	0.0123595	0.000272574	0.0784748	0.637219	0.000358627	0.00139055	0.109665	0.000709804	0.00127987	
0.000304889	0.000259972	0.0508691	0.157789	0.00199444	0.000366029	0.0120471	0.000202336	0.000422692	0.00608653	0.00105318	0.000202796	8.06394e-05	0.0417045	0.000115336	0.0664346	0.623628	0.0285673	0.0068875	0.000984615	
0.0363824	0.000865114	5.37518e-05	0.121132	0.496727	0.109008	0.000174957	0.00185941	0.0591742	0.0344909	0.00576654	6.88015e-05	0.000400581	0.00186882	0.000336759	0.00019371	0.0125103	0.000224051	0.00250099	0.116262	
0.000124338	0.00637764	9.4419e-05	0.000105141	0.00147466	4.44124e-05	0.000511836	0.831868	0.000445054	0.0619245	0.00604548	0.000326973	8.51121e-05	0.000305962	0.000676603	0.000171674	0.000188504	0.0694703	0.0063838	0.0133758	
0.177946	0.0448321	0.0028183	0.0226421	0.00059359	0.000117245	0.0488738	0.049913	0.0140034	0.00674268	0.349614	0.0246332	0.00321963	0.0332024	0.0010571	0.00163341	0.000707404	0.217397	1.53855e-05	3.82495e-05	
0.000477611	0.0106169	0.000330644	0.000367547	0.000256724	0.000166339	0.00438316	0.258143	0.00508561	0.0278618	0.000727668	0.00146577	0.000515667	0.00352056	0.00654678	0.00209424	0.0104465	0.635657	0.000435316	0.030902	
0.00735159	0.00623215	0.0402819	0.011273	0.101287	0.00798232	0.000189798	0.00795994	0.0217799	0.00145415	0.0172918	0.0104661	0.710068	0.000440098	0.000108173	0.00258803	0.00815328	0.0108276	0.00640248	0.0278624	
0.000975336	0.00724013	0.672705	6.07801e-05	0.035396	8.70031e-05	5.31536e-05	0.0100272	0.0607412	0.0288065	0.0208547	0.000907376	0.0200165	0.0164734	0.0593539	0.0100122	0.0503268	0.000144253	0.00501882	0.000799837	
0.0427569	0.000191902	0.000101421	0.000154256	0.174002	0.524166	0.0166922	0.00582812	0.0540473	0.045005	0.0208713	0.019903	0.000166977	0.0212204	0.000317123	0.000473047	0.000415065	7.69474e-05	0.000186306	0.0734249	
0.000742022	0.0104884	0.000494575	0.000805959	0.0149281	0.000279399	0.0191532	0.000455391	0.0579509	0.000329036	0.0136753	0.0539432	0.0269587	0.0397142	0.111811	0.0219131	0.066947	0.531478	0.0164549	0.0114774	
0.0343534	0.00394442	0.0124588	0.0187808	0.0158678	0.00913263	0.0252135	0.00763497	0.0120848	0.00445035	0.00972917	0.0630665	6.21752e-05	0.541009	0.00666922	0.0940782	0.00607493	0.125842	0.00918019	0.000366994	
0.0407899	0.00643264	0.0654956	0.0512462	0.0731222	0.00012954	0.000336937	0.00406574	0.0289486	0.00138532	0.0158774	0.0583309	0.000144618	0.00243283	0.589877	0.000267584	0.00224877	0.0365897	0.000240003	0.0220382	
0.0148167	0.0193174	0.000687783	0.00589006	0.0424285	0.601733	0.0124862	0.0247152	0.0119283	0.00703926	0.02121	0.0478293	0.00215331	0.0684908	0.0885422	0.00727618	0.00626569	0.000484546	0.000421084	0.016285	
0.0537596	0.0103627	0.00368646	0.0241586	0.00340061	0.0116563	0.00430563	0.0262237	0.00924789	0.758541	0.030735	0.000816376	4.90829e-05	0.000586907	7.54005e-05	0.000351393	0.000615879	0.00343404	0.00104281	0.0569506	
0.0248316	0.0146325	0.000190224	0.000518594	0.00023257	0.000154	0.018159	0.165378	0.00703337	0.000533564	0.00914909	0.00772018	0.00432837	0.0263495	0.00218632	0.000805942	0.0209814	0.667591	0.0143114	0.0149136	
0.00452526	0.000151833	0.00647218	0.000392701	0.0291996	0.626435	0.00459221	0.00246162	0.0459621	0.0516961	0.0445725	0.0102434	0.0362744	0.0373998	8.11416e-05	0.0845499	0.00297238	0.00112809	0.000525717	0.0103635	
0.0102058	0.00593334	0.0988183	0.43312	0.000702086	0.000119714	0.000139417	0.00181227	0.145755	0.0017484	0.00527541	0.0394887	0.0904197	0.038013	0.0752666	0.00737461	0.0158569	0.0148294	0.00850213	0.00661868	
0.000761356	0.0142438	0.000739934	0.00104875	0.00199901	0.000343503	0.0200457	0.708488	0.00153282	0.000134058	0.00576568	0.000244159	0.00783601	0.0404184	0.000912388	0.000291909	0.00555191	0.151445	0.0140799	0.0241173	
0.000129933	0.00553615	0.000117519	0.000131704	0.0017755	4.04464e-05	0.000518322	0.827206	0.000454999	0.0606916	0.00727016	0.000497911	9.82119e-05	0.000369457	0.000907707	0.000197651	0.00029608	0.0730618	0.00860566	0.0120936	
0.0597747	0.0010258	0.0877934	0.0907234	0.00176281	0.0928533	0.00804221	0.000165215	0.343615	0.000174492	0.00524395	0.0186076	6.7199e-05	0.111678	0.0427047	0.09982	0.0316456	5.47055e-05	0.000234032	0.00401465	
0.0316979	0.000766895	0.0688798	0.0108838	0.0592119	0.000114728	0.00122181	0.00181983	0.272479	0.000217757	0.00725849	0.0123088	0.00044672	0.00464651	0.466258	0.000242469	0.00188022	0.0391702	0.000177222	0.0203183	
0.045224	0.000222792	0.0354022	0.124573	0.532185	0.124287	0.00260301	0.00719713	0.0297703	0.0251914	0.00754976	0.00489306	0.00271665	0.0262994	0.00537476	0.000219775	0.00586379	0.000176101	0.00359001	0.0166613	
0.0144178	0.000956626	2.44629e-05	0.659556	0.162675	0.000126732	0.000593645	0.0268034	0.0180537	0.00722977	0.0309677	0.00749899	0.000375865	0.0057188	4.59751e-05	4.75955e-05	9.57772e-05	1.22678e-05	0.0139991	0.0508015	
0.0512073	0.00325934	0.0132503	0.133271	0.000861919	0.0117986	0.00621939	0.00501942	0.245068	0.00348347	0.000440932	0.0718409	7.36639e-05	0.202963	0.107924	0.0276798	0.100147	0.0146847	0.000745784	6.19549e-05	
0.0294908	0.000594721	0.0646645	0.000261408	0.0464111	0.000148857	0.00194289	0.000315952	0.365751	0.000460496	0.000847673	0.0020332	0.00076087	0.00376199	0.421557	0.00027096	0.0015916	0.035223	0.000245267	0.0236662	
0.0419808	0.000935783	7.75678e-05	0.0645705	0.410529	0.101401	0.000138168	0.00219885	0.0761372	0.0768534	0.00221466	8.70608e-05	0.000362673	0.00786724	0.000917059	0.00145773	0.00552024	0.000173173	0.00149119	0.205087	
0.00813147	0.000675538	0.00985294	0.00245998	0.0422717	0.000605933	0.0113375	0.00852309	0.436641	0.00114163	0.000463733	0.000334948	2.44619e-05	0.15007	0.0547577	0.011085	0.122795	0.105263	0.00146442	0.0321015	
0.054739	0.0110409	0.00387644	0.024106	0.00333006	0.0116747	0.00418293	0.0262207	0.00951248	0.756378	0.0325056	0.001017	4.8612e-05	0.000583642	7.79155e-05	0.000445666	0.000618543	0.0034552	0.00109376	0.0550927	
0.053914	0.0127325	0.000162481	0.000222768	0.000150034	0.000117042	0.0112349	0.0777118	0.0164867	0.000332012	0.00451952	0.00139221	0.0025785	0.00850355	0.000458223	0.000157646	0.00919248	0.767068	0.012481	0.020585	
0.347329	0.000275906	0.000314374	0.0173659	0.001246	0.430836	0.00166821	0.00479415	0.0242767	0.00147951	0.0344053	0.00681172	0.000109125	0.0227618	0.0515549	0.0509637	0.00033719	0.00045444	0.00156832	0.00144719	
0.0138677	0.0124366	0.0228331	0.020179	0.00153145	0.0342725	0.00026947	0.082994	0.000446273	0.268002	0.493056	0.00100347	6.52331e-05	0.000388538	0.000804005	0.000196697	0.0130141	0.002977	0.000535685	0.0311272	
0.0686746	0.0233615	0.0178999	0.000216652	0.122333	0.13046	0.0130132	0.000997025	0.418126	0.0423993	0.000282449	0.00013296	0.0577827	0.000216131	8.71513e-05	0.0218743	0.000193504	0.0194582	0.00571677	0.0567753	
0.000841351	0.000459411	0.00468831	0.00100519	0.164673	0.00297253	0.000253453	0.0263483	0.000780419	0.31685	0.365092	0.00236898	0.000105343	0.0518436	0.00023578	0.016245	0.0190475	0.0211051	0.000808396	0.00427596	
0.00903869	0.0031931	0.00124788	0.000475499	0.0437054	0.000357761	0.00107383	0.11086	0.0323748	0.277067	0.273448	0.000837963	0.000219069	0.0109982	0.000205859	0.000414704	0.0386355	0.191675	0.00156718	0.00260489	
0.0408915	0.00417162	0.0003975	0.00188516	0.00262443	0.00053601	0.0252429	0.0396817	0.0527592	0.0153482	0.00241297	0.0303355	0.00393368	0.289931	0.0472558	0.158605	0.117165	0.101874	0.0632086	0.00174142	
0.210196	0.104069	0.000893554	0.01951	0.00153376	0.00039962	0.000304763	0.224716	0.00976024	0.00187335	0.00373046	0.00111361	0.220667	0.000837162	0.000163969	0.00958843	0.0211191	0.140739	0.0155762	0.0132084	
0.00512115	0.000539401	0.1619	0.107804	0.00121076	0.132326	0.000277663	0.000636587	0.000593214	0.00036108	0.0010334	0.000691953	0.0560899	0.00185772	0.000110455	0.417174	0.108957	0.00110963	0.00163134	0.000575675	
0.0223689	0.0041596	0.0883794	0.426094	0.000328041	0.000107761	0.00140035	0.00390192	0.165363	0.0141208	0.00567055	0.0362715	0.0538464	0.0501624	0.0814635	0.00684594	0.0174808	0.0130885	0.00378342	0.00516361	
0.0688676	0.00222373	0.136528	0.587198	0.0252529	0.0208931	0.00041512	0.0105011	0.0277465	0.00282651	0.00767466	0.00394854	0.0123285	0.0429352	0.00357719	0.0363542	0.00946329	0.000515179	0.000449212	0.000301137	
0.00619559	0.00117922	0.0217517	0.00382239	0.0476711	0.0805976	0.0839833	0.0298773	0.0138156	0.549317	0.00998005	0.0308032	0.00150053	0.0542822	0.00100034	0.000441039	0.0199269	0.0413311	0.000339533	0.00218425	
0.235563	0.0185534	0.000296975	0.000275091	0.0140827	0.000118109	0.00967908	0.037843	0.0393342	0.448433	0.0856772	0.0174201	8.18033e-05	0.0157624	0.0155685	0.000197603	0.000236382	0.0135706	0.00908388	0.0382227	
0.219311	0.000203662	0.02011	0.375277	0.00260005	0.0206216	0.0108633	0.000159737	0.189039	0.00111648	0.00333081	0.0397679	9.50296e-05	0.0448521	0.0340209	0.0145147	0.0134585	0.0100364	9.2737e-05	0.000528628	
0.0512073	0.00325934	0.0132503	0.133271	0.000861919	0.0117986	0.00621939	0.00501942	0.245068	0.00348347	0.000440932	0.0718409	7.36639e-05	0.202963	0.107924	0.0276798	0.100147	0.0146847	0.000745784	6.19549e-05	
0.0350987	0.000198552	0.00173389	0.0178286	0.000234018	0.0235391	0.000155633	0.0855481	0.0200268	0.0609909	0.126033	0.000191941	0.0159781	0.0207909	0.0167199	0.000260762	0.0219932	0.124434	0.00928175	0.418962	
0.320222	0.0304514	0.0100419	0.0956166	0.00301714	0.141121	0.00417478	0.0594266	0.101086	0.017688	0.00194009	0.0020981	0.000141378	0.0747266	0.0154244	0.0746904	0.00906316	0.0177987	0.0134798	0.00779188	
0.0243315	0.0204247	0.465079	0.284263	0.00199967	0.000187858	0.0117198	0.0013446	0.000476817	0.000468982	0.0174801	0.000593257	0.000804812	0.0394885	0.00192744	0.0403253	0.00739845	0.0646621	0.0167348	0.000289564	
0.0508307	0.0203648	0.0195519	0.134151	0.000105525	0.102509	0.198686	0.00033285	0.051881	0.330508	0.00167619	0.0237459	0.000860822	0.00282624	0.00106867	0.000385987	0.0437607	0.000259766	0.00048065	0.016015	
0.239138	0.000342042	0.000164175	0.0246607	0.0166756	0.0121297	9.18226e-05	0.0140787	0.225491	0.00021256	0.00085246	0.0112208	0.000199206	0.0275483	0.153356	0.220336	0.000211377	0.0426696	0.000647281	0.00997396	
0.0593193	0.000931024	0.0889489	0.0916787	0.00176841	0.0959248	0.00791408	0.000168221	0.337655	0.000196716	0.00505089	0.0195304	0.00409132	0.110108	0.0423733	0.0988126	0.0313154	7.7391e-05	0.000230716	0.00390389	
0.0752955	0.0212107	0.105117	0.000258775	0.0461852	0.00116178	0.00216596	0.00042091	0.408039	0.0784109	0.0109253	0.000207125	0.00259442	0.0176866	0.145077	0.00578685	0.000261295	0.0330767	0.00652732	0.0395913	
0.00276815	0.00228772	0.0185528	0.0179075	0.00427387	0.0871081	0.000331396	0.0269711	0.0771926	0.000296592	0.020997	0.0295158	0.562621	0.000291988	0.000144682	0.031605	0.000192708	0.110603	0.00244215	0.00389655	
0.0447668	0.00197046	0.000274676	0.0522752	0.532435	0.0523867	0.000229772	0.000142017	0.0416272	0.000443027	0.0245205	0.000356598	0.0726011	0.0230484	0.0484809	0.000938988	0.0149155	0.000141363	0.00319443	0.0852515	
0.0345343	6.23699e-05	0.0660452	0.0984053	0.0117795	0.247682	0.00536469	0.000837035	0.0385654	0.00162534	0.00101738	0.104006	0.240703	0.00753905	0.0244152	0.105897	0.00984386	0.0012262	0.000260222	0.000191395	
0.0345343	6.23699e-05	0.0660452	0.0984053	0.0117795	0.247682	0.00536469	0.000837035	0.0385654	0.00162534	0.00101738	0.104006	0.240703	0.00753905	0.0244152	0.105897	0.00984386	0.0012262	0.000260222	0.000191395	
0.0618862	0.0142087	0.06532	0.0298942	0.00100569	0.109826	0.000666168	0.00233292	0.0449113	0.520215	0.00369088	0.0426271	0.000170046	0.00168166	0.000166788	0.0220518	0.0506751	0.000665204	0.00576677	0.0222383	
0.000682698	0.0133747	0.000517683	0.000442845	0.000475972	0.000302461	0.00434536	0.196713	0.00671792	0.0417941	0.000741475	0.00282939	0.00225761	0.00554955	0.0228463	0.00259487	0.00837896	0.653478	0.0036218	0.0323351	
0.0597747	0.0010258	0.0877934	0.0907234	0.00176281	0.0928533	0.00804221	0.000165215	0.343615	0.000174492	0.00524395	0.0186076	6.7199e-05	0.111678	0.0427047	0.09982	0.0316456	5.47055e-05	0.000234032	0.00401465	
0.0399397	0.000199278	0.000125534	0.121332	0.288328	0.131243	0.00159172	0.00055064	0.0542172	0.00890019	0.0289865	0.000165298	0.000808229	0.013837	0.00287787	0.000262841	0.0167654	0.000215508	0.00868218	0.280971	
0.00985307	0.0656015	0.0302341	0.0328739	0.0175327	0.011747	0.00154051	0.374986	0.000533383	0.0613836	0.354013	0.00024479	0.000497987	0.00759058	0.000199193	0.00028985	0.0113797	0.00625789	0.00688431	0.0063572	
0.0693964	0.0417847	0.0018376	0.0141488	0.000697168	0.00518752	0.0923245	0.03468	0.000829503	0.0298567	0.122909	0.0227873	0.000133499	0.0117732	0.0299998	0.241816	0.272843	0.00406763	0.00184082	0.00108708	
0.110708	0.000154474	0.0281334	0.0465609	0.024212	0.0080413	0.0244614	0.000370203	0.0331635	0.0383286	0.0432307	0.00150684	0.00945604	0.0517544	9.79086e-05	0.512039	0.00858556	0.0236546	0.0141308	0.0214107	
0.0185552	0.000258293	0.000404687	0.00138243	0.0176234	0.569164	0.0213558	0.00535917	0.0485731	0.0150274	0.0428093	0.00865207	0.0336671	0.0518082	0.000166619	0.0523371	0.0681387	0.0204665	0.0012265	0.0230248	
0.0103665	0.00575955	0.0157517	0.0123646	0.0606064	0.00853235	0.00029919	0.0105816	0.029873	0.00174788	0.0204223	0.0145472	0.764924	0.00040016	0.0001232	0.00570208	0.0059005	0.00952191	0.00558602	0.01699	
0.00110439	0.0102	0.000307823	0.000397108	0.000318621	0.000154162	0.00439739	0.20339	0.00769753	0.021168	0.00147977	0.00427412	0.00152166	0.00650497	0.0060879	0.00413893	0.0224136	0.672887	0.00302801	0.0285288	
0.022425	0.0941709	0.00143386	0.000494326	0.174083	0.000448504	0.00932658	0.0199447	0.0246934	0.0373904	0.000578322	0.0349684	0.000250731	0.000966397	0.000356279	0.00269067	0.00363659	0.554673	0.00592894	0.0115403	
0.594338	0.0207086	0.000451114	0.0014504	0.0110372	0.000277085	0.00276186	0.0546818	0.0516947	0.00109432	0.0455693	0.0341297	0.110769	0.00952619	0.00161343	0.00290399	0.000547088	0.0153341	0.0136122	0.0274997	
0.00051074	0.00892294	0.0187271	0.00111188	0.00103814	0.000308579	0.00217917	0.0298448	0.000434811	0.00511494	0.815422	0.00012456	0.000285996	0.0101803	0.00115569	0.000289609	0.0203946	0.0118636	0.00822314	0.0638672	
0.0521881	0.0125969	0.000145265	0.000220844	0.000138905	0.000108822	0.011574	0.0804453	0.0152639	0.000318559	0.00457845	0.00149271	0.00242702	0.00932466	0.000461937	0.000166724	0.00922043	0.765398	0.0130967	0.0208326	
0.0723381	0.00147293	0.00244184	0.000793757	0.107967	0.017418	0.000434329	0.0735356	0.00804784	0.191483	0.00112955	0.0037962	0.00161715	0.000514109	0.000171719	0.00057287	0.000999199	0.14279	0.37041	0.00206616	
0.00114626	0.00952755	0.000119235	0.535533	0.0915569	0.000226204	0.000790029	0.0156766	0.000487597	0.00534066	0.0269433	0.0405077	0.001346	0.0402148	0.00287772	0.0276603	0.164131	0.00028883	0.00976364	0.0258623	
0.0803521	0.000105899	0.0519386	0.237589	0.000192062	5.26357e-05	0.00795915	0.0159466	0.231035	0.0796768	0.00427362	0.0834874	0.0175715	0.0698589	0.0495721	0.0140794	0.0423227	0.00789569	0.000167041	0.00592426	
0.0107133	0.00127073	0.233545	0.0419398	0.0265645	0.159798	9.82344e-05	0.000208774	0.00293779	0.130642	0.0282245	0.238612	0.0113581	0.0942499	0.000269028	0.00624222	0.000224034	0.000503636	0.0124676	0.000131322	
0.0940498	0.0168211	0.00031742	0.000581725	0.000238737	0.000166084	0.0213562	0.0660006	0.0178169	0.00127062	0.0235606	0.00235859	0.00178099	0.0230795	0.0116673	0.000667182	0.00458678	0.680703	0.010939	0.022038	
0.0341455	0.0127625	0.000123476	0.00028983	0.000185863	0.00010724	0.0125901	0.118163	0.0100144	0.000304716	0.00480557	0.00365269	0.00177053	0.0158021	0.000743764	0.000228843	0.01339	0.738222	0.014736	0.0179624	
0.237699	0.0101719	0.00278028	0.0273432	0.000866618	0.00328686	0.0124461	0.000870717	0.391853	0.055767	0.0217353	0.0256884	0.000104144	0.0125659	0.0620431	0.0723506	0.0584085	0.00026616	0.00298124	0.000771732	
0.0867563	0.000937641	0.000763404	0.0104371	0.000684154	0.0321409	0.0156252	0.0492644	0.00139945	0.00892004	0.0164385	0.0210008	0.000160433	0.0321828	0.00424532	0.122342	0.559465	0.0338542	0.00247383	0.000909268	
0.298232	0.0135896	0.0013676	0.00379841	0.00199032	0.310785	0.0323423	0.0447858	0.0171339	0.000615213	0.0279236	0.00251774	8.80656e-05	0.0482599	0.00129492	0.139142	0.0351765	0.0205364	0.000299378	0.000121998	
0.049543	0.00514448	0.0701731	0.0542103	0.0720809	0.000220814	0.00138675	0.00346049	0.000702596	0.00609503	0.00242495	0.0589113	0.000342475	0.00201579	0.620514	0.000275011	0.000739879	0.0290297	0.000209209	0.0225201	
0.173489	0.00167699	0.0255818	0.0478667	0.0111179	0.000202454	0.0242116	0.0212587	0.0619612	0.09786	0.00318046	0.024958	7.87235e-05	0.06309	0.0536061	0.0538973	0.103902	0.226054	0.00506817	0.000938451	
0.0104448	0.0133642	0.0266118	0.020451	0.00158792	0.0307922	0.000269927	0.0827294	0.000385218	0.26153	0.50053	0.00061635	6.81924e-05	0.000383968	0.000732952	0.000176237	0.0135844	0.00296027	0.000527263	0.0322538	
0.0506213	0.0203762	0.00961521	0.00716373	0.00159771	0.00250353	0.00266749	0.215687	0.000836459	0.437485	0.155395	0.00154464	0.00187175	0.0017989	0.000253549	0.000499854	0.000655369	0.0506082	0.00152338	0.0372961	
0.000296237	0.000244884	0.000188652	0.000204842	0.155293	0.52151	0.0199976	0.014152	0.0580725	0.0576732	0.0246523	0.0307703	0.00894965	0.0236843	5.49421e-05	0.000466939	0.0213819	0.000143325	0.000425462	0.0618373	
0.219311	0.000203662	0.02011	0.375277	0.00260005	0.0206216	0.0108633	0.000159737	0.189039	0.00111648	0.00333081	0.0397679	9.50296e-05	0.0448521	0.0340209	0.0145147	0.0134585	0.0100364	9.2737e-05	0.000528628	
0.00269192	0.0058188	0.0618712	0.109271	0.0243508	0.0274657	0.0293213	0.000443917	0.000819737	0.047604	0.00212796	0.00053991	0.0001321	0.0349921	0.000509996	0.00970884	0.587399	0.0298763	0.0129735	0.012082	
0.00701833	0.00250399	0.140289	0.000698768	0.113761	0.000326056	0.0048865	0.000251532	0.05645	0.00237377	0.003566	0.53959	0.000999153	0.0202679	0.100833	0.000893622	0.000221018	0.00359312	0.00128819	0.000188732	
0.00288843	0.00329155	0.0177419	0.0186653	0.0043847	0.0779867	0.000329207	0.0279158	0.0769624	0.000290181	0.0205295	0.0303046	0.562102	0.000275245	0.000142604	0.0305966	0.000223456	0.119112	0.00239789	0.00385964	
0.37174	0.0130967	0.00766536	0.0206378	0.0044673	0.000207191	0.0080249	0.00656848	0.00373996	0.319776	0.00966361	0.00877938	0.000150503	0.114595	0.00203669	0.0354909	0.0382247	0.0184401	0.00649172	0.0102028	
0.0986296	0.000826267	0.38485	0.214708	0.000542257	0.00561644	0.00118294	0.000513931	0.0603155	0.00900042	0.0129434	0.155767	2.9444e-05	0.0188803	0.000347656	0.0154294	0.0113651	0.00829091	0.00036945	0.000391304	
0.293986	0.000265721	0.00185428	0.00756304	0.00051966	0.00296974	0.0215511	0.0343789	0.0831905	0.000911464	0.0429478	0.0274466	0.00194283	0.0444081	0.0403901	0.38921	0.000694649	0.00476607	0.000627173	0.000376259	
0.348665	0.0140984	0.0154333	0.239011	0.00112527	0.000159685	0.00152068	0.000845166	0.0556572	0.122621	0.0399101	0.0156524	0.0134825	0.0823717	0.00352302	0.0294637	0.012623	0.000391019	0.00263497	0.000810356	
0.00872819	0.00653086	0.0392915	0.00840119	0.0950268	0.0013568	0.000219389	0.00537574	0.0187852	0.00173363	0.016669	0.0108081	0.73823	0.000357492	9.63913e-05	0.00262225	0.00774407	0.00280927	0.00795593	0.0272582	
0.000304043	0.000241706	0.000188288	0.000214237	0.15733	0.521303	0.0189281	0.0146418	0.0597745	0.0550846	0.0248317	0.030686	0.00863673	0.0243476	5.46057e-05	0.000464647	0.0212206	0.000143948	0.000398112	0.0612063	
0.000305125	0.000260214	0.0508691	0.157816	0.00199163	0.00036603	0.0120451	0.00020269	0.000423432	0.00608989	0.00105941	0.000202798	8.06156e-05	0.0417407	0.000115372	0.0664612	0.62383	0.0282685	0.0068875	0.000984615	
0.000150761	0.00647056	0.000242008	0.000112058	0.00142689	6.45661e-05	0.000441631	0.837186	0.000421658	0.0591235	0.00567833	0.000239821	0.000110888	0.000411457	0.000648329	0.000136072	0.000181745	0.066862	0.00586066	0.0142307	
0.0424047	0.000192774	0.000141034	0.000172874	0.173189	0.524614	0.0166593	0.00570287	0.0539331	0.0442268	0.0209474	0.0194016	0.000289574	0.0212004	0.000309561	0.000506525	0.000872406	7.71342e-05	0.000181615	0.0749767	
0.00100704	0.00739124	0.676889	6.101e-05	0.0351924	9.36067e-05	5.20773e-05	0.0100623	0.0620708	0.0292248	0.0204438	0.000829638	0.0199046	0.0163911	0.0566767	0.00899898	0.0485796	0.0001439	0.00517462	0.000812281	
0.0516372	0.000568841	0.000277645	0.0247784	0.392858	0.112228	0.000159477	0.00134514	0.0845922	0.102983	0.00180543	0.000306427	0.00028979	0.0121645	0.000700149	0.00358165	0.00909011	0.000198181	0.000480639	0.199955	
0.176144	0.361739	0.000751969	0.00100433	0.000403722	0.133781	0.0336503	0.00797911	0.0772498	0.00466334	0.0362826	0.00706237	0.000100639	0.0441797	0.000443339	0.113289	0.000174413	0.000533113	0.000250909	0.000316655	
0.0149978	0.012449	0.00236697	5.44573e-05	0.000164397	0.0108126	5.24921e-05	0.342165	0.000117009	0.14446	0.0241773	0.0162559	0.000362406	0.0163287	2.79742e-05	0.00237743	0.000498694	0.396612	0.000610142	0.0151092	
0.0131872	0.00364684	0.181391	0.0917461	0.104814	6.91016e-05	0.112146	0.000316885	0.000244537	0.000174972	0.00358219	0.0145728	0.00355341	0.0817408	0.0012918	0.20975	0.11257	0.0509417	0.0139781	0.000281057	
0.0211565	0.0213785	0.0104424	0.00390495	0.000554447	0.000548385	0.00357393	0.14111	0.00275114	0.0514873	0.087222	0.000155946	6.68683e-05	0.0203112	0.000247709	8.47467e-05	0.0917783	0.430359	0.0207848	0.0920818	
0.00355281	0.000156702	0.00965922	0.00032855	0.027889	0.622686	0.00138159	0.00299869	0.0525684	0.0552233	0.0422227	0.00541092	0.0308443	0.0382938	9.53375e-05	0.100629	0.00318053	0.000276389	0.000599876	0.00200312	
0.0476879	0.00216101	0.0247911	0.0802612	0.0851135	0.000123382	0.000265455	0.00544773	0.0113848	0.000690832	0.0461516	0.0747563	7.3689e-05	0.00638799	0.534547	0.000414735	0.00460789	0.0487091	0.00041471	0.0260098	
0.0418714	0.0112855	0.00019993	0.057973	0.0566564	0.0715989	0.000155606	0.000255419	0.000127246	0.0320077	0.0355804	0.477188	0.0163036	0.0303989	0.100977	0.000309425	0.00455249	0.050224	0.0121991	0.00013608	
0.0127424	0.014032	0.00211622	9.89328e-05	0.000171082	0.0119141	7.7419e-05	0.342287	0.000235191	0.145306	0.0234347	0.0147307	0.000350706	0.0149638	2.70924e-05	0.00195545	0.0004855	0.397959	0.000602867	0.0165096	
0.000684099	0.0144866	0.000687513	0.00103951	0.00188472	0.000308901	0.0199618	0.708223	0.00152255	0.000133022	0.0055466	0.000228857	0.00760461	0.0396092	0.00101717	0.000300854	0.00586956	0.151282	0.0143076	0.0253018	
0.0449561	0.000196556	0.000120467	0.000165935	0.172157	0.523803	0.0172562	0.00601667	0.0514822	0.0448184	0.020796	0.0206894	0.000190731	0.0207897	0.000362088	0.000560263	0.000547672	7.84836e-05	0.000264048	0.0747496	
0.00117942	0.00812664	0.673024	6.67105e-05	0.0354032	9.56347e-05	5.59956e-05	0.00970247	0.0611776	0.028596	0.0214244	0.000782265	0.0230892	0.0185538	0.0561733	0.00890595	0.0476476	0.000158881	0.00483445	0.0010023	
0.0486505	0.000173814	0.000140342	0.00017349	0.00599277	0.0395702	0.0146958	0.000849817	0.00336003	0.010751	0.0427845	0.0640063	0.000283385	0.0505333	3.3716e-05	0.696972	0.0173897	9.99918e-05	0.000824036	0.00271516	
0.0314608	0.00337813	0.00109559	0.0191377	0.000500684	0.00022879	0.00649528	0.0857201	0.00174358	0.106512	0.0091506	0.00131893	0.24238	0.000339025	0.00874019	0.0246579	0.0175838	0.415116	0.0103548	0.0140864	
0.0558697	0.0123624	0.120135	0.611656	0.0498635	0.0116471	0.000209527	0.00632165	0.0324848	0.0016277	0.020542	0.0016132	0.0347964	0.0304029	0.00114418	0.00589386	0.00197131	0.00102995	0.000130582	0.000298577	
0.0194527	0.000190227	0.0340583	0.00569794	0.0174974	0.0108533	0.00105769	0.000316441	0.00105243	0.0389286	0.0249177	0.0834117	0.00103879	0.0490808	0.000101501	0.552017	0.122346	0.0202773	0.0166432	0.00106141	
0.431513	0.0022107	0.000401895	0.000477997	0.181169	0.0391938	0.0197847	0.0262585	0.0683414	0.0581267	0.0336879	0.0257556	8.75112e-05	0.0350658	0.000819915	0.00368512	0.000395779	0.000280596	0.0102007	0.0625436	
0.0803521	0.000105899	0.0519386	0.237589	0.000192062	5.26357e-05	0.00795915	0.0159466	0.231035	0.0796768	0.00427362	0.0834874	0.0175715	0.0698589	0.0495721	0.0140794	0.0423227	0.00789569	0.000167041	0.00592426	
0.0433363	0.000275069	0.00112594	0.00124768	0.0290673	0.000140278	0.0033505	0.000954657	0.380437	0.000174914	0.00205313	0.0040888	0.00125189	0.00989857	0.435125	0.000355926	0.0059399	0.0391304	0.00047981	0.0415674	
0.000159938	0.00648737	0.000251179	0.000111402	0.0014232	7.06336e-05	0.000478823	0.837635	0.00041957	0.0589084	0.00565429	0.000242738	0.000115248	0.000409142	0.00064428	0.000136463	0.000195881	0.066733	0.00568929	0.0142344	
0.0930238	0.00622276	0.0474993	0.166153	0.00187982	0.117055	0.024862	0.000100084	0.0913386	0.000340311	0.00184416	0.0745361	8.95468e-05	0.102907	0.0105118	0.247114	0.00667893	0.000670857	0.000318804	0.00685464	
0.0533218	0.0099495	0.00434503	0.0254062	0.00344543	0.0122704	0.00443059	0.0261597	0.00934553	0.758634	0.0302225	0.00092219	5.0817e-05	0.00058599	7.92684e-05	0.000372994	0.00072806	0.00338084	0.00123483	0.055114	
0.0444689	0.00185547	0.000289471	0.0528461	0.533019	0.0512433	0.000228025	0.000146036	0.0414971	0.000455417	0.0245779	0.000330468	0.0742156	0.0225365	0.0476766	0.000969734	0.0150647	0.000156578	0.00336005	0.0850626	
0.0264951	0.00013931	0.0689192	0.101272	0.424914	0.0587144	0.0114007	0.000177331	0.040994	8.55964e-05	0.0212107	0.128423	0.0101853	0.0243892	0.0640317	0.000312825	0.011862	0.000255308	0.00607879	0.000139412	
0.0317442	0.00140081	0.111581	0.165103	0.00386232	0.152406	0.00206806	0.00323085	0.0331216	0.00428324	0.0102532	0.055343	0.266651	0.0214676	0.0212327	0.0818067	0.0168776	0.0140194	0.00199302	0.00155558	
0.0930238	0.00622276	0.0474993	0.166153	0.00187982	0.117055	0.024862	0.000100084	0.0913386	0.000340311	0.00184416	0.0745361	8.95468e-05	0.102907	0.0105118	0.247114	0.00667893	0.000670857	0.000318804	0.00685464	
0.020389	0.0161389	0.00280324	0.0129506	0.00802808	0.00207394	0.000403564	0.133386	0.0207961	0.587254	0.0487809	0.00300246	0.00743135	0.00204669	0.000252381	0.0019318	0.0019023	0.0933214	0.0120739	0.0250338	
0.11853	0.153592	0.000469549	0.00131782	0.0106679	0.000354352	0.0179672	0.0957616	0.00139285	0.0790206	0.0296761	0.0133216	0.0204416	0.0389381	0.000113854	0.00567993	0.0495495	0.360043	0.00187079	0.00129198	
