0.0160695	0.000277995	0.173642	0.235415	0.0172837	0.0149545	0.0176124	0.000283009	0.140984	0.00044061	0.000551687	0.0584696	0.221253	0.038968	0.0390402	0.0108928	0.0120532	0.00149093	0.000155501	0.000161661	
0.223582	0.0031346	2.10065e-05	0.00752314	0.0306726	2.62615e-05	0.0281424	0.297572	0.0364402	0.0982729	0.019897	0.081458	8.14352e-06	0.0219831	0.0139869	0.023467	0.0188556	0.0818305	0.000279012	0.0128482	
0.00950166	0.00181626	7.45805e-05	0.000150973	0.0269465	5.76917e-05	0.000495551	0.431608	0.000483617	0.073242	0.0139475	0.000197553	5.60421e-05	0.000626521	0.000107925	7.64783e-05	0.000111386	0.413494	0.00182063	0.0251855	
0.0797329	0.0409982	0.00966753	0.0926309	0.00223979	0.00486215	0.0425971	0.0257216	0.155856	0.0393539	0.0644014	0.00193812	0.000481367	0.08975	0.272565	0.0187147	0.044335	0.00612355	7.149e-06	0.00802426	
0.260262	8.41857e-05	0.0253348	0.0372126	0.0192554	0.000242813	0.0277655	0.000314171	0.0295705	0.0436266	0.072963	0.241883	6.58198e-05	0.0564014	0.0517572	0.0523651	0.0497679	0.0308252	0.000141811	0.000160313	
0.329144	0.0179944	0.000101614	0.000148943	0.0892225	0.0145228	0.0241518	0.00118735	0.0175407	0.000319168	0.0505534	0.0182648	2.70597e-05	0.0433645	0.000399182	0.00963741	0.00291603	0.000195668	0.38011	0.000198423	
0.0618683	0.00249874	0.0924463	0.037172	0.0843119	0.102569	0.000132506	0.051438	0.00834999	0.543523	0.000661801	0.00497131	6.60021e-05	0.000541911	7.95277e-05	0.000670571	0.00409286	0.000193917	0.00306538	0.00134759	
0.100626	0.0017681	0.157895	0.332392	0.00153266	0.00717268	0.00779795	0.0190287	0.15504	0.0352659	0.0311132	0.0255507	0.00068083	0.0657072	0.0352896	0.00528576	0.00704468	0.0105913	1.65253e-05	0.000201037	
0.0122594	0.0333559	0.000698505	0.0012986	0.0146032	1.97405e-05	0.000164765	0.599792	0.000389335	0.169744	0.102201	0.00152015	4.74404e-05	0.000665627	1.07057e-05	1.6143e-05	9.07157e-05	0.0249439	0.038152	2.70831e-05	
0.0173143	0.000250544	0.0339551	0.000180264	0.0954832	0.534231	0.0475017	0.00231998	0.00145428	0.00606855	0.050949	0.0671565	0.0879752	0.00669708	7.00359e-05	0.0224921	0.0242723	0.000172708	0.0010543	0.000401725	
0.13151	7.01504e-06	0.13015	0.164301	0.00941288	0.0493365	0.0215471	0.00352866	0.119986	0.00530289	0.0031502	0.0620006	0.0129934	0.106118	0.0681297	0.0352821	0.0380156	0.00486251	0.00676022	0.0276065	
0.00336049	0.0122296	0.00012762	0.132913	0.00952598	0.405259	0.00912752	0.133179	0.000766258	0.154074	0.0269054	0.0334623	0.00135349	0.0554298	0.00437934	0.000174343	0.00615201	0.00255219	0.000214565	0.00881408	
0.0358131	0.0020315	0.000572133	0.00146156	0.000151296	0.000253788	0.0297844	0.435275	0.000726137	0.0936635	0.000322644	0.000129597	0.000544766	0.00902866	0.0524494	0.0121368	0.000221862	0.289499	0.0151602	0.0207742	
0.000152308	0.000241991	0.00663619	0.0866029	0.000732491	0.000924229	0.00288926	0.000158987	8.9441e-05	0.000538063	0.000342462	0.00898118	2.7387e-05	0.0447895	0.000135304	0.0672417	0.745886	0.0328359	0.000279814	0.000514511	
0.060392	0.0126132	0.00287091	0.00362534	0.00176653	0.0243871	0.0222199	0.000687976	0.000252952	0.00260083	0.000506515	0.00033078	6.76394e-05	0.0569509	0.000165042	0.17211	0.597864	0.0375297	0.0014696	0.00158873	
0.0213813	3.34395e-05	0.287806	0.107463	0.000638884	0.00375852	3.08566e-05	0.00528453	0.00536215	0.00205801	0.00113048	0.194224	1.58109e-05	0.318003	0.00386073	0.00476384	0.0371501	0.0067972	0.000197296	3.98289e-05	
0.240658	0.0248702	0.0185693	0.0034454	0.0182701	0.0347554	4.57811e-05	0.0759634	0.0048714	0.0408022	0.157179	0.0191833	0.0156202	0.0222964	0.0035114	0.143081	0.0479781	0.0657418	0.0240643	0.0390944	
0.0160682	0.145329	0.000259218	0.00948223	0.0226642	0.00017899	0.00148406	0.364561	7.47156e-05	0.0987719	0.0605827	0.000140871	4.31942e-05	0.000878945	4.18088e-05	0.000547952	0.118862	0.15184	0.0020311	0.00615784	
0.0163725	0.0488637	0.00852156	0.0074506	0.0621555	1.57123e-05	0.000142146	0.35208	0.000235387	0.0363544	0.249549	0.000214517	0.00132269	0.000190424	0.00449971	0.000228975	6.57038e-05	0.191866	0.00711923	0.0127517	
0.0288351	1.93277e-05	0.144355	0.0426359	0.00209287	0.0441295	0.0155053	4.91219e-05	0.163286	0.00136315	0.000126089	0.0936161	0.371931	0.0182081	0.0289194	0.0356932	0.00898414	0.000182506	4.40768e-05	2.30174e-05	
0.0877037	1.24498e-05	0.290978	0.377933	2.48676e-05	0.0156372	0.00605092	3.20928e-05	0.0277778	8.15528e-06	3.86692e-05	0.0184424	0.0839258	0.0604522	0.00146139	0.00934478	0.0153459	0.00361539	0.00106829	0.000146679	
0.13151	7.01504e-06	0.13015	0.164301	0.00941288	0.0493365	0.0215471	0.00352866	0.119986	0.00530289	0.0031502	0.0620006	0.0129934	0.106118	0.0681297	0.0352821	0.0380156	0.00486251	0.00676022	0.0276065	
0.0797329	0.0409982	0.00966753	0.0926309	0.00223979	0.00486215	0.0425971	0.0257216	0.155856	0.0393539	0.0644014	0.00193812	0.000481367	0.08975	0.272565	0.0187147	0.044335	0.00612355	7.149e-06	0.00802426	
0.0918581	0.0132902	0.0139492	0.113164	0.06067	0.00985102	0.0706459	0.0346171	0.15532	0.00810659	0.0453549	0.0310123	0.051819	0.102909	0.0380415	0.0231812	0.0402556	0.0494777	0.00601753	0.0404601	
0.303876	0.0266058	0.00395648	0.000146269	0.00149672	0.330966	0.0013071	0.0155162	0.00176911	0.00080577	0.0175293	0.0659528	8.13651e-05	0.00425833	0.00389712	0.10038	0.0269292	0.000145095	0.000243669	0.0941374	
0.0360097	0.00378233	0.0467133	0.257092	0.00358536	0.00546737	0.0283507	0.0146173	0.156651	0.00900168	0.0289617	0.0191483	4.37426e-06	0.118475	0.0652372	0.0307787	0.111584	0.0475922	0.000507359	0.0164395	
0.402065	0.000236973	0.000129572	0.000128765	0.0171934	0.139406	0.00202916	0.000394921	0.0109997	0.0252443	0.155358	0.00607215	0.000144832	0.0226124	4.06355e-05	0.00587511	0.0289102	0.178039	0.000501749	0.00461729	
0.0360097	0.00378233	0.0467133	0.257092	0.00358536	0.00546737	0.0283507	0.0146173	0.156651	0.00900168	0.0289617	0.0191483	4.37426e-06	0.118475	0.0652372	0.0307787	0.111584	0.0475922	0.000507359	0.0164395	
0.0161202	0.000171607	0.000130133	0.000197569	0.0865992	7.06275e-05	9.0193e-05	0.304515	0.000291417	0.200499	0.189032	0.000220073	3.77162e-05	0.000206247	3.12546e-05	7.86297e-05	0.00012872	0.121467	0.0764826	0.00363136	
0.223582	0.0031346	2.10065e-05	0.00752314	0.0306726	2.62615e-05	0.0281424	0.297572	0.0364402	0.0982729	0.019897	0.081458	8.14352e-06	0.0219831	0.0139869	0.023467	0.0188556	0.0818305	0.000279012	0.0128482	
0.48355	0.168354	8.04175e-05	7.44814e-05	2.99882e-05	0.0119023	0.000199931	0.0823035	0.00010393	0.0375625	0.0416819	0.00010734	0.00577068	0.000251286	2.59037e-05	0.0283149	0.0857068	0.0537908	8.21967e-05	0.000106766	
0.074451	0.0199241	0.0262861	9.21153e-05	0.03624	0.000525747	0.0173669	0.000393434	0.578442	0.00802771	0.000477503	6.88204e-05	0.00193684	0.000169673	0.155691	0.000486919	0.000136751	0.052786	0.000925251	0.0255715	
0.0618107	0.00780678	0.0339981	0.579182	0.000128626	1.40646e-05	0.00845215	0.0019578	0.0806356	0.00175401	0.00393891	0.00141588	7.2961e-06	0.196185	0.0149741	0.00545927	0.000350179	0.0016012	0.000282354	4.63822e-05	
0.0877037	1.24498e-05	0.290978	0.377933	2.48676e-05	0.0156372	0.00605092	3.20928e-05	0.0277778	8.15528e-06	3.86692e-05	0.0184424	0.0839258	0.0604522	0.00146139	0.00934478	0.0153459	0.00361539	0.00106829	0.000146679	
0.0168376	0.0196333	0.0135031	0.000186073	0.134828	0.480599	0.0062579	0.037325	0.024573	0.102448	0.106045	0.0134345	0.00019684	0.0310351	4.96528e-05	0.000133284	0.00881151	0.000129268	0.000282636	0.00369189	
0.000337597	0.0295152	0.000194421	0.000365907	0.000194712	9.14247e-05	0.00409118	0.247874	0.000804797	0.00911439	0.040283	0.000407515	0.000528996	0.0237066	0.00642728	0.000191996	0.0359229	0.554585	0.00808766	0.0372763	
0.0247904	0.00031052	0.000186161	0.000117715	0.0445851	6.83867e-05	0.000365528	0.310519	0.000149035	0.140665	0.121864	0.000166049	6.85353e-05	0.000674496	6.01671e-05	4.9912e-05	8.7532e-05	0.353951	0.00107264	0.000249201	
0.655452	0.160555	0.000952128	0.000832451	4.29709e-05	5.35596e-05	0.0251916	0.00020374	0.0278786	0.000665858	0.0241777	0.000117718	7.27265e-05	0.0503092	1.61292e-05	0.0370821	6.08354e-05	0.0162503	4.50604e-05	3.9985e-05	
0.00376204	0.019511	0.000247723	0.000177337	9.75056e-05	0.00326913	0.000390361	0.136588	0.0278411	0.379705	0.284285	7.57611e-05	3.50333e-05	0.0265736	2.29265e-05	0.00600085	0.0269963	0.0832535	0.00038719	0.000780786	
0.0877037	1.24498e-05	0.290978	0.377933	2.48676e-05	0.0156372	0.00605092	3.20928e-05	0.0277778	8.15528e-06	3.86692e-05	0.0184424	0.0839258	0.0604522	0.00146139	0.00934478	0.0153459	0.00361539	0.00106829	0.000146679	
0.041525	0.123483	0.00229036	0.00272508	0.0444975	3.90509e-05	0.000104694	0.157137	0.000335668	0.0596798	0.0735876	0.000193378	0.00696411	0.000377914	0.00153556	0.00122872	9.33829e-05	0.466911	0.0156791	0.0016109	
0.37744	0.000225493	0.000180642	0.000139378	0.456479	7.05661e-05	0.00068297	0.0248461	8.52961e-05	0.00559361	0.000140166	0.00016472	2.16108e-05	8.03338e-05	1.7291e-05	0.0217515	0.00926063	0.092361	0.00195251	0.00850669	
0.100626	0.0017681	0.157895	0.332392	0.00153266	0.00717268	0.00779795	0.0190287	0.15504	0.0352659	0.0311132	0.0255507	0.00068083	0.0657072	0.0352896	0.00528576	0.00704468	0.0105913	1.65253e-05	0.000201037	
0.0797329	0.0409982	0.00966753	0.0926309	0.00223979	0.00486215	0.0425971	0.0257216	0.155856	0.0393539	0.0644014	0.00193812	0.000481367	0.08975	0.272565	0.0187147	0.044335	0.00612355	7.149e-06	0.00802426	
0.237457	0.0013292	0.000173401	0.000331389	0.0249611	0.00958009	0.00196501	0.0577993	0.00159044	0.0125112	0.000868324	0.000452979	0.000122537	0.0115683	0.000154769	0.00630267	0.045483	0.574235	0.0129689	0.000145957	
0.0607596	0.0150276	0.00455233	0.0225843	0.795496	0.0338548	9.60654e-05	2.84998e-05	2.93668e-05	0.0146441	0.0169581	0.00763093	1.08878e-05	2.27164e-05	7.12076e-06	6.04279e-05	6.42812e-05	1.88054e-05	8.61946e-05	0.028068	
0.0797329	0.0409982	0.00966753	0.0926309	0.00223979	0.00486215	0.0425971	0.0257216	0.155856	0.0393539	0.0644014	0.00193812	0.000481367	0.08975	0.272565	0.0187147	0.044335	0.00612355	7.149e-06	0.00802426	
0.015069	0.000325127	0.0160433	0.0177306	0.161747	1.13401e-05	1.11855e-05	0.0926347	0.00957187	0.128332	0.0229295	3.84939e-05	1.37916e-05	0.0497985	0.0145238	2.56807e-05	0.00880011	0.0695036	7.21565e-05	0.392818	
0.0335679	0.00150884	0.000513659	0.0001877	0.0676023	0.015973	0.000968515	0.132844	0.00015089	0.356015	0.0318499	0.000212392	4.52982e-05	0.00848183	8.34991e-05	0.000416143	0.0418234	0.286759	0.000361279	0.0206348	
0.000178654	0.000449479	0.740431	0.0314108	0.0023307	0.0620976	0.00155682	0.000873339	0.000648518	0.00108082	0.0405811	0.0151593	0.0125995	0.00150994	0.000150557	0.0588819	0.00621703	0.00565281	0.0180346	0.000155992	
0.0288351	1.93277e-05	0.144355	0.0426359	0.00209287	0.0441295	0.0155053	4.91219e-05	0.163286	0.00136315	0.000126089	0.0936161	0.371931	0.0182081	0.0289194	0.0356932	0.00898414	0.000182506	4.40768e-05	2.30174e-05	
0.13151	7.01504e-06	0.13015	0.164301	0.00941288	0.0493365	0.0215471	0.00352866	0.119986	0.00530289	0.0031502	0.0620006	0.0129934	0.106118	0.0681297	0.0352821	0.0380156	0.00486251	0.00676022	0.0276065	
0.0374793	0.00610277	0.000121608	0.000698187	0.0407183	0.000508985	0.000852294	0.338362	0.000591363	0.140319	0.128166	0.000636954	7.98677e-05	0.00176361	7.54447e-05	0.0101203	0.0722737	0.218627	0.00135698	0.0011468	
0.0360097	0.00378233	0.0467133	0.257092	0.00358536	0.00546737	0.0283507	0.0146173	0.156651	0.00900168	0.0289617	0.0191483	4.37426e-06	0.118475	0.0652372	0.0307787	0.111584	0.0475922	0.000507359	0.0164395	
0.0196382	0.0024081	0.000154728	0.000138431	0.321774	0.00447028	0.00196414	0.149878	0.000921884	0.022494	0.184606	0.000315877	0.000143383	0.00409295	0.00528951	0.000105596	0.0261525	0.212327	0.0428867	0.000239175	
0.0360097	0.00378233	0.0467133	0.257092	0.00358536	0.00546737	0.0283507	0.0146173	0.156651	0.00900168	0.0289617	0.0191483	4.37426e-06	0.118475	0.0652372	0.0307787	0.111584	0.0475922	0.000507359	0.0164395	
0.0918581	0.0132902	0.0139492	0.113164	0.06067	0.00985102	0.0706459	0.0346171	0.15532	0.00810659	0.0453549	0.0310123	0.051819	0.102909	0.0380415	0.0231812	0.0402556	0.0494777	0.00601753	0.0404601	
0.0360097	0.00378233	0.0467133	0.257092	0.00358536	0.00546737	0.0283507	0.0146173	0.156651	0.00900168	0.0289617	0.0191483	4.37426e-06	0.118475	0.0652372	0.0307787	0.111584	0.0475922	0.000507359	0.0164395	
0.0622761	0.0602144	0.000104938	0.000125981	0.0321642	6.86845e-05	0.129949	0.0413067	0.13451	0.0212574	0.000258977	0.00801905	0.00112519	0.0469821	0.188646	0.00528751	0.0181334	0.213594	0.000155602	0.035821	
0.0918581	0.0132902	0.0139492	0.113164	0.06067	0.00985102	0.0706459	0.0346171	0.15532	0.00810659	0.0453549	0.0310123	0.051819	0.102909	0.0380415	0.0231812	0.0402556	0.0494777	0.00601753	0.0404601	
7.59777e-05	0.0183157	0.524416	0.108103	0.0184053	2.80921e-05	3.24158e-05	0.0166223	5.7746e-05	0.0839919	0.135217	5.04945e-05	0.0048957	6.72487e-05	0.00521638	0.0295928	0.0449706	3.97e-05	0.00986017	4.1251e-05	
0.00717495	0.000822547	5.8137e-05	0.000439711	0.00472687	0.58496	0.00891666	0.0152922	0.011788	0.0925975	0.19629	0.0562862	0.000201042	0.0148205	1.12879e-05	0.000377165	0.00043413	4.45224e-05	6.82001e-05	0.00469032	
0.110145	0.0138898	0.338444	0.126906	0.000124638	0.00800041	0.0102171	0.0116263	0.0225976	8.51931e-05	0.000114572	0.00308325	3.60214e-05	0.0555849	0.251568	0.0260794	0.0133633	0.00792149	0.000138629	7.48091e-05	
0.13151	7.01504e-06	0.13015	0.164301	0.00941288	0.0493365	0.0215471	0.00352866	0.119986	0.00530289	0.0031502	0.0620006	0.0129934	0.106118	0.0681297	0.0352821	0.0380156	0.00486251	0.00676022	0.0276065	
0.0413424	0.124818	0.0021436	0.00256085	0.0442241	3.87848e-05	0.000149938	0.157336	0.000334718	0.0597863	0.0731351	0.000194678	0.00690734	0.000386029	0.00156356	0.00126348	9.29276e-05	0.46701	0.0152523	0.00145962	
0.0918581	0.0132902	0.0139492	0.113164	0.06067	0.00985102	0.0706459	0.0346171	0.15532	0.00810659	0.0453549	0.0310123	0.051819	0.102909	0.0380415	0.0231812	0.0402556	0.0494777	0.00601753	0.0404601	
0.15652	0.00304338	0.00245695	0.0610766	0.0104787	0.00174154	0.0124825	0.0380143	0.323812	0.00142085	0.00986331	0.0443974	0.121873	0.0257525	0.0760055	0.030369	0.0189624	0.0236754	0.00323402	0.0348197	
0.00276545	8.98035e-05	0.0619248	0.00660043	0.0129005	0.690266	0.00036772	0.00527238	0.0798517	0.00710757	0.0292707	0.0414496	0.0103601	0.0257463	0.00356866	0.0143258	0.00703114	9.91348e-05	0.000723699	0.000278661	
0.0213813	3.34395e-05	0.287806	0.107463	0.000638884	0.00375852	3.08566e-05	0.00528453	0.00536215	0.00205801	0.00113048	0.194224	1.58109e-05	0.318003	0.00386073	0.00476384	0.0371501	0.0067972	0.000197296	3.98289e-05	
0.00834991	0.00596228	0.0401568	0.0150699	2.06357e-05	0.00173736	0.0304226	0.0656491	0.0430619	0.114774	0.245855	0.0460596	0.0663301	0.00639898	0.0214444	0.00313907	0.0803647	0.197522	0.000122983	0.00755953	
0.0161202	0.000171607	0.000130133	0.000197569	0.0865992	7.06275e-05	9.0193e-05	0.304515	0.000291417	0.200499	0.189032	0.000220073	3.77162e-05	0.000206247	3.12546e-05	7.86297e-05	0.00012872	0.121467	0.0764826	0.00363136	
0.411036	0.0469442	0.000254229	9.72984e-05	0.0296898	0.108194	0.0252424	0.0465915	0.0332547	0.122342	0.0477351	0.0327069	4.68563e-05	0.0332858	0.000242451	0.000106207	0.000151793	0.00409273	0.0250336	0.032953	
0.0360097	0.00378233	0.0467133	0.257092	0.00358536	0.00546737	0.0283507	0.0146173	0.156651	0.00900168	0.0289617	0.0191483	4.37426e-06	0.118475	0.0652372	0.0307787	0.111584	0.0475922	0.000507359	0.0164395	
0.0247739	0.000949796	0.00018643	0.000116689	0.0441113	6.88246e-05	0.000363003	0.309914	0.000149978	0.140054	0.121521	0.000175589	6.83687e-05	0.000684623	6.97797e-05	5.84237e-05	8.90842e-05	0.355621	0.000760434	0.000263213	
0.0360097	0.00378233	0.0467133	0.257092	0.00358536	0.00546737	0.0283507	0.0146173	0.156651	0.00900168	0.0289617	0.0191483	4.37426e-06	0.118475	0.0652372	0.0307787	0.111584	0.0475922	0.000507359	0.0164395	
0.0101104	0.00238135	0.000306432	0.000194274	0.00121828	0.59191	0.00674233	0.0140198	0.0117145	0.0902561	0.211605	0.0447267	0.00128532	0.0121806	1.07082e-05	0.000131813	0.000794294	5.28083e-05	4.14995e-05	0.000317834	
0.0288351	1.93277e-05	0.144355	0.0426359	0.00209287	0.0441295	0.0155053	4.91219e-05	0.163286	0.00136315	0.000126089	0.0936161	0.371931	0.0182081	0.0289194	0.0356932	0.00898414	0.000182506	4.40768e-05	2.30174e-05	
0.48355	0.168354	8.04175e-05	7.44814e-05	2.99882e-05	0.0119023	0.000199931	0.0823035	0.00010393	0.0375625	0.0416819	0.00010734	0.00577068	0.000251286	2.59037e-05	0.0283149	0.0857068	0.0537908	8.21967e-05	0.000106766	
0.110145	0.0138898	0.338444	0.126906	0.000124638	0.00800041	0.0102171	0.0116263	0.0225976	8.51931e-05	0.000114572	0.00308325	3.60214e-05	0.0555849	0.251568	0.0260794	0.0133633	0.00792149	0.000138629	7.48091e-05	
0.240658	0.0248702	0.0185693	0.0034454	0.0182701	0.0347554	4.57811e-05	0.0759634	0.0048714	0.0408022	0.157179	0.0191833	0.0156202	0.0222964	0.0035114	0.143081	0.0479781	0.0657418	0.0240643	0.0390944	
0.00265606	0.0266283	0.001651	0.00356544	0.000383645	0.00113023	0.000755795	0.39782	0.000428349	0.395638	0.0699519	0.000694967	0.000142893	0.000531478	0.000103214	0.000258256	0.000384305	0.0668281	0.00056296	0.029885	
0.0621127	0.0230306	0.0427165	0.0217763	0.000248839	0.162815	0.000414026	0.00510468	0.0185419	0.616765	0.00160322	0.0140042	6.49575e-05	0.000239181	8.63543e-05	0.000594591	0.00810766	0.000600001	0.0010976	0.0200765	
0.0568416	0.011767	0.000203626	0.000260887	0.000165706	5.8702e-05	0.0100426	0.0484719	0.0723475	0.00241785	0.234562	0.000202646	2.81023e-05	0.249461	0.00648738	0.0662853	0.200087	0.0255586	0.0145902	0.000159809	
0.190746	0.000237084	0.000104774	0.000143871	0.0289504	0.386007	0.0231683	0.0357438	0.0200297	0.157026	0.0689507	0.0260005	8.2261e-05	0.0284309	5.96278e-05	0.000103222	0.00657641	0.000113993	0.000201379	0.0273241	
0.000463651	0.000156149	0.000459645	0.00131498	0.000474958	0.000397775	0.00010362	0.0702039	0.000498147	0.09025	0.000398883	0.00342381	0.00582291	0.000178014	4.51896e-05	0.0135083	0.364212	0.447639	0.00033452	0.000114648	
0.711026	0.00267471	0.000188383	0.000175423	0.00368441	0.0283171	0.0251581	0.00951175	0.0263025	0.000667627	0.0786318	0.0241564	0.00133571	0.0350662	0.000226018	0.0249473	0.000206551	0.0122472	0.00217805	0.0132986	
0.059315	0.024513	0.0325251	0.0210987	0.000195606	0.196846	0.000326697	0.00146412	0.00174314	0.518983	0.0615769	0.0613384	9.08149e-05	0.000362511	7.93395e-05	0.000479546	0.00256574	0.000182552	0.00082167	0.0154922	
0.0132048	0.0002561	0.00247458	0.00811591	0.694704	0.00731744	0.000275545	0.0586769	0.000368754	0.110361	0.0298873	0.000165757	6.59752e-05	0.000365727	7.26725e-05	6.93371e-05	0.000134022	0.00623023	0.00113966	0.0661142	
0.166527	0.0012217	0.000708804	0.00149678	0.0260569	0.015788	0.000101818	0.0335327	0.00263478	0.306136	0.377044	0.000806658	3.37029e-05	0.000303811	4.6359e-05	0.00403787	0.00884352	0.0486247	0.00441743	0.00163739	
0.113732	0.0236522	0.0119119	5.06421e-05	0.0175735	0.0541656	3.77145e-05	0.0518152	7.50603e-05	0.000123284	0.0267074	0.04786	3.48441e-05	0.433124	4.16328e-05	0.0378841	0.076651	0.0676927	0.023661	0.0132066	
0.0349201	0.00727742	0.000365035	0.000657778	0.0179107	7.31483e-05	0.272221	0.0206432	0.0499665	0.0236395	0.000937086	0.00730586	0.00292656	0.0216998	0.368613	0.00625432	0.0469522	0.111471	0.00021845	0.00594717	
0.0250341	0.0146703	0.0896648	0.0234067	4.36455e-05	0.158168	5.71383e-05	0.00208829	8.81093e-05	0.171051	0.500716	0.00436462	1.97698e-05	7.35401e-05	8.05886e-06	0.000108124	8.98422e-05	3.20237e-05	0.000102246	0.0102138	
0.000862506	0.157194	0.0890414	0.0858056	0.000124293	9.90414e-05	0.0194173	0.000635048	0.0262759	0.00184382	0.0411031	0.00022375	0.000200225	0.0345979	4.23581e-05	0.502038	0.000266631	0.0398262	0.000309739	9.36672e-05	
0.00934562	0.00143412	9.73797e-05	0.000123458	0.00230048	0.585767	0.00672589	0.0118933	0.0106061	0.0905955	0.217623	0.0477501	6.2057e-05	0.0136059	9.09826e-06	0.000161953	0.000289668	3.54417e-05	5.26681e-05	0.00152185	
0.000169781	0.0233733	5.8828e-05	8.63511e-05	8.82199e-05	4.61051e-05	0.0257375	0.664112	0.00109746	4.82171e-05	0.000308302	0.000339302	0.00553781	0.0519181	0.000955971	0.000448189	0.0126983	0.109011	0.0202951	0.0836706	
0.724391	0.00793205	0.000143351	0.000195602	0.000988918	0.000913878	0.0253499	0.0436364	0.0388435	0.0010876	0.056231	0.0359793	4.16099e-05	0.0387583	0.00381046	0.0200474	7.632e-05	0.000142619	0.000826907	0.000603937	
0.000146678	0.000200367	0.00138331	0.0882653	0.000475998	0.000483034	0.00209301	0.000152533	9.55859e-05	0.000489454	0.000556455	0.00983058	3.30636e-05	0.0445238	4.18308e-05	0.0700985	0.747065	0.0335635	0.000307955	0.000193703	
0.3364	0.00388545	0.00301437	0.0352059	0.0140503	0.0138695	0.0452906	0.0244685	0.0460923	0.0622458	0.0957879	0.0607364	1.27266e-05	0.04675	0.0165489	0.0114918	0.017851	0.0225458	8.43524e-05	0.143669	
0.0279211	0.0144197	0.000638234	0.0038604	0.0125464	0.000294848	0.0247228	0.000504983	0.000396913	0.0717381	0.00108937	0.000207264	4.46056e-05	0.0412443	0.000269704	0.0036354	0.742645	0.0132076	0.0225034	0.0181095	
0.0827489	0.00550368	3.06905e-05	0.0057305	0.00644078	1.43879e-05	0.0506326	0.000248508	0.491412	0.000122333	0.000216082	0.0182106	8.7351e-06	0.0110329	0.300391	0.0162603	0.00202719	3.32588e-05	9.64383e-05	0.00883946	
0.13151	7.01504e-06	0.13015	0.164301	0.00941288	0.0493365	0.0215471	0.00352866	0.119986	0.00530289	0.0031502	0.0620006	0.0129934	0.106118	0.0681297	0.0352821	0.0380156	0.00486251	0.00676022	0.0276065	
0.0174401	0.0486444	0.000836029	0.0127832	0.241653	1.29691e-34	0.00947994	0.0673054	0.00261458	0.0312537	0.101962	0.00081472	0.000908071	0.00382377	5.34048e-06	1.35714e-05	0.00287184	0.0182275	0.044407	0.394956	
0.163614	0.00230314	7.75623e-05	0.000240061	0.000147328	8.15506e-05	0.129701	0.0374739	0.192697	0.00011479	0.000784378	0.000492079	6.01797e-05	0.0256066	0.00323182	0.0118866	0.011602	0.407106	0.00811375	0.00466697	
0.100626	0.0017681	0.157895	0.332392	0.00153266	0.00717268	0.00779795	0.0190287	0.15504	0.0352659	0.0311132	0.0255507	0.00068083	0.0657072	0.0352896	0.00528576	0.00704468	0.0105913	1.65253e-05	0.000201037	
0.100626	0.0017681	0.157895	0.332392	0.00153266	0.00717268	0.00779795	0.0190287	0.15504	0.0352659	0.0311132	0.0255507	0.00068083	0.0657072	0.0352896	0.00528576	0.00704468	0.0105913	1.65253e-05	0.000201037	
0.00707785	0.0109123	0.00054648	0.000373322	0.000276603	0.000178411	0.000534739	0.262252	0.0328969	0.316865	0.000713697	0.000188685	0.000153147	0.000487659	0.00841718	0.000164696	0.0917891	0.230406	0.0053049	0.0304617	
0.224405	8.49274e-05	0.00259833	0.416529	0.000292861	0.00544167	0.00767912	0.000168008	0.0959502	0.000674979	0.00181789	0.0470325	0.0213238	0.12966	0.0129626	0.00708365	0.0116106	0.00625753	0.000453101	0.0079749	
0.000168572	0.000261249	0.0958579	0.0166665	0.0137267	0.343632	0.0931439	0.0233932	0.00284504	0.14245	0.0513838	0.109549	0.00975144	0.00591954	4.66136e-05	0.0129045	0.0171542	0.000128216	0.000161673	0.0608565	
0.000340872	0.00024696	0.000997669	0.0182588	0.0438464	0.0210509	0.0445278	0.000218925	0.000141295	0.0540613	0.000865128	0.00844102	7.71517e-05	0.00344986	0.00885256	0.0428357	0.702808	0.0114615	0.00220919	0.0353091	
0.0288351	1.93277e-05	0.144355	0.0426359	0.00209287	0.0441295	0.0155053	4.91219e-05	0.163286	0.00136315	0.000126089	0.0936161	0.371931	0.0182081	0.0289194	0.0356932	0.00898414	0.000182506	4.40768e-05	2.30174e-05	
0.336542	0.030434	0.000190251	0.000143117	0.000850086	8.0325e-05	0.012186	0.0385382	0.000498892	0.00697553	0.0266582	0.00126802	6.23461e-05	0.0365981	0.000280332	9.91693e-05	0.28419	0.169033	0.0186884	0.0366834	
0.0360097	0.00378233	0.0467133	0.257092	0.00358536	0.00546737	0.0283507	0.0146173	0.156651	0.00900168	0.0289617	0.0191483	4.37426e-06	0.118475	0.0652372	0.0307787	0.111584	0.0475922	0.000507359	0.0164395	
0.000531117	0.0301929	0.0011796	0.00026466	0.000352701	0.000237788	0.00124646	0.565342	0.000545227	0.223597	0.000421626	0.000688282	0.000185841	0.000410322	0.000122414	0.000263469	0.000393445	0.150695	0.00111667	0.0222125	
0.0314024	0.128663	0.00025221	0.000186313	0.00013354	9.33045e-05	0.000718552	0.0344666	0.0042592	0.25833	0.000524395	0.00671772	0.000139777	0.00108003	0.0112648	0.000225617	0.132659	0.360592	0.000701581	0.0275906	
0.000201833	0.0249905	0.564879	0.00521124	0.0270659	6.77453e-05	6.16915e-05	0.0245207	0.000989901	0.104557	0.0887733	0.000100121	0.00726954	0.00101757	0.00889589	0.0479089	0.0813756	0.000112747	0.0119082	9.32027e-05	
0.000395445	0.0145681	0.0899752	0.111033	0.0247279	0.0199857	0.0177582	0.00033453	0.000244548	0.0272495	0.000419434	0.000304954	5.52642e-05	0.0539029	0.000142789	0.00555001	0.573891	0.0297925	0.0159945	0.0136748	
0.0517104	0.027689	0.00108427	0.000311607	4.32225e-05	0.000186954	0.0152698	0.0921141	0.000307085	0.0945907	0.117949	0.00267547	0.000113819	0.000323712	7.91281e-05	0.0068821	0.545197	0.0237332	3.68564e-05	0.0197025	
0.00677386	0.0290961	0.0105417	0.0188365	0.0296513	0.013388	0.000154207	0.0562402	0.0273899	0.00017073	0.0499612	0.0623111	0.62687	0.000436205	9.80272e-05	0.000162697	0.000162567	0.0182604	0.0218807	0.0276141	
0.000452224	0.024598	0.00015535	0.000154148	0.00081249	0.535949	0.0183573	0.0384946	0.0243114	0.091239	0.0999379	0.0312199	0.0138885	0.0379802	3.38012e-05	0.00010344	0.0813721	0.000171401	0.000156918	0.000612131	
0.0471186	0.00927611	1.52478e-05	0.0239446	0.0173738	1.76632e-05	0.0295091	0.000280056	4.64105e-05	0.309283	0.418839	0.0180675	5.85179e-05	5.98906e-05	9.74942e-06	6.06505e-06	0.000156154	0.00613473	0.108296	0.0115082	
0.240658	0.0248702	0.0185693	0.0034454	0.0182701	0.0347554	4.57811e-05	0.0759634	0.0048714	0.0408022	0.157179	0.0191833	0.0156202	0.0222964	0.0035114	0.143081	0.0479781	0.0657418	0.0240643	0.0390944	
0.127647	0.00102984	0.000565675	0.000863513	0.315707	0.000375395	0.000144165	0.0311904	0.00268554	0.376118	0.0275707	0.00113575	0.0134823	0.000372974	6.11323e-05	0.000146874	0.0168439	0.0766867	0.00613119	0.00124214	
0.000132744	0.0330604	0.0481104	0.480982	0.0170547	5.92687e-05	8.77974e-05	0.0313184	8.61386e-05	0.00814571	0.023188	0.000180311	0.000203283	0.113763	0.000325957	0.0692453	0.158942	0.00010799	0.0148589	0.000148412	
0.0987634	0.0253184	0.0228313	0.000101183	0.0243578	0.00380722	0.0196349	0.000349732	0.63296	0.0656496	0.00073417	5.55506e-05	0.0173146	0.000120933	0.00972139	0.00195528	0.000162958	0.0425677	0.00973155	0.0238619	
0.0385716	8.34476e-05	4.36045e-05	0.00274432	5.98339e-05	0.0186881	0.0175274	0.102159	0.00387607	0.000678754	0.0188738	5.6473e-05	0.000120969	0.0594227	0.000181264	8.66825e-05	0.0569271	0.216116	0.0191862	0.444597	
0.719531	0.00641469	9.79147e-05	0.000196582	0.00180752	0.00138216	0.0252742	0.0470531	0.0322237	0.0024999	0.0559031	0.035396	3.9429e-05	0.0407762	0.00227986	0.024784	0.000112163	0.000168457	0.00289984	0.00116004	
0.0043302	0.0219207	0.0001214	9.63399e-05	0.000178621	6.1407e-05	0.0315976	0.0151748	0.0198897	8.84019e-05	0.000358438	0.00902654	0.00357754	0.0402759	0.00790544	0.00376152	0.026638	0.719674	0.0225746	0.0727486	
0.0797329	0.0409982	0.00966753	0.0926309	0.00223979	0.00486215	0.0425971	0.0257216	0.155856	0.0393539	0.0644014	0.00193812	0.000481367	0.08975	0.272565	0.0187147	0.044335	0.00612355	7.149e-06	0.00802426	
0.094436	0.281277	7.51372e-05	4.75042e-05	7.41947e-05	3.80083e-05	0.0985874	0.156291	0.000520851	0.00409921	0.119604	0.000643149	1.80897e-05	0.0467813	0.000176795	0.00457527	7.84406e-05	0.191749	0.000596566	0.000331549	
0.00748484	0.000915167	5.42609e-05	0.000282764	0.00527548	0.583538	0.00924509	0.0127134	0.0133316	0.0934534	0.200522	0.0532675	0.000136379	0.0151954	8.37066e-06	0.000267049	0.000565998	4.40546e-05	6.91748e-05	0.00363085	
0.0873992	0.0346767	0.000120431	0.000179806	7.29475e-05	0.446282	0.0107444	0.0357315	0.0180579	0.143547	0.171828	0.0270111	6.69621e-05	0.0237908	2.12349e-05	3.47629e-05	0.000189422	9.87401e-05	6.85507e-05	7.88698e-05	
0.0918581	0.0132902	0.0139492	0.113164	0.06067	0.00985102	0.0706459	0.0346171	0.15532	0.00810659	0.0453549	0.0310123	0.051819	0.102909	0.0380415	0.0231812	0.0402556	0.0494777	0.00601753	0.0404601	
0.06284	0.017168	0.000751252	0.0154888	0.0220823	0.109611	0.000205218	0.000138125	3.58638e-05	0.0563604	0.127565	0.507388	0.0211774	0.0219979	0.0068885	0.00084607	9.82713e-05	0.0158935	0.0134018	6.1554e-05	
0.00974783	6.53994e-05	0.0059783	0.000151023	0.374815	0.000125497	0.00717406	0.0552252	0.000476904	0.0145098	0.338271	5.02974e-05	0.000134445	0.000226708	6.89977e-05	6.39933e-05	0.0312024	0.0157274	0.00524615	0.14074	
0.0332327	0.00579224	0.015906	5.82017e-05	0.000146374	0.316046	0.000247186	0.000749411	0.000431785	0.00139131	0.0477676	0.485601	1.68701e-05	0.0606391	5.44397e-05	0.0315245	4.51798e-05	7.77601e-05	0.000217944	5.39002e-05	
0.0293575	0.029351	0.0232183	0.0120817	0.000140069	0.00894743	0.00178822	0.000793747	0.0427966	0.695378	0.00058708	0.0599799	0.000390346	0.00131186	0.000740577	0.00027879	0.0618084	0.00889562	0.000348706	0.0218066	
0.0115892	0.000116641	0.300869	0.000302578	0.223556	0.00370789	0.0178217	0.000427442	0.000288325	9.83976e-05	0.00207502	0.0254444	3.48741e-05	0.0322619	8.25152e-05	0.0839102	0.00736095	0.000199276	0.000103586	0.28975	
0.000187065	0.0214851	0.83493	7.44036e-05	0.0275262	7.30113e-05	0.00529443	0.000182697	5.07896e-05	0.00294291	0.0454559	0.0293267	0.000702628	0.0105932	0.000578474	0.000106023	0.000954478	0.000137594	0.0193773	2.13511e-05	
0.355809	0.000655512	0.000138435	0.000173887	0.0324003	0.341587	0.0174118	0.0353744	0.00746554	0.0288095	0.0494257	0.0386262	5.43785e-05	0.033824	0.0306676	0.000149691	0.00014395	0.000162697	0.0012966	0.0258236	
0.062186	0.00457045	8.3632e-05	0.000147499	0.0308336	6.02832e-05	0.0187917	0.324292	0.00355385	0.000367263	0.0261337	0.00126903	5.78191e-05	0.0667491	0.00176737	7.76165e-05	0.000156444	0.37899	0.0218458	0.0580664	
0.025045	0.0143307	0.0892582	0.0234055	4.36844e-05	0.158889	5.66214e-05	0.00207816	8.77814e-05	0.170147	0.50124	0.00480687	1.97757e-05	7.13335e-05	8.0681e-06	0.00010627	9.05663e-05	2.92903e-05	0.00010213	0.0101847	
0.0374713	0.0246858	0.000275038	0.00163952	0.000112256	0.000246814	0.000451833	0.755366	0.000879003	0.0924835	0.000300528	0.0001919	0.000109825	0.00245235	0.000147507	0.00011779	0.00012588	0.0551258	0.00881628	0.0190008	
7.5982e-05	0.0183157	0.524801	0.108207	0.0183915	2.80931e-05	3.24786e-05	0.0166422	5.7746e-05	0.0840774	0.135219	5.10844e-05	0.00489569	6.76105e-05	0.00521626	0.0295915	0.0448711	3.9728e-05	0.00937816	4.12526e-05	
0.00616072	0.0206073	0.000138573	0.000100944	6.12224e-05	7.2043e-05	0.000212173	0.752155	0.0125128	0.0196076	0.0234706	7.6041e-05	6.81168e-05	0.000315295	2.45618e-05	9.83854e-05	5.6665e-05	0.132701	0.0117813	0.0197799	
0.100626	0.0017681	0.157895	0.332392	0.00153266	0.00717268	0.00779795	0.0190287	0.15504	0.0352659	0.0311132	0.0255507	0.00068083	0.0657072	0.0352896	0.00528576	0.00704468	0.0105913	1.65253e-05	0.000201037	
0.399783	0.00109079	0.000212425	0.000120266	0.157278	0.0471323	0.0184205	0.0829844	0.00951325	0.00833143	0.115462	0.0241538	6.12629e-05	0.0189563	0.000182853	9.52834e-05	0.000184142	0.096612	0.00343338	0.0159933	
0.704215	0.0027204	0.000230795	0.00017728	0.00148633	0.0208014	0.00748811	0.00237106	0.0325789	0.000445646	0.0362024	0.029719	0.00868042	0.0257446	0.000377595	0.0146278	0.000173836	0.0276534	0.00731059	0.0769958	
0.00536839	0.000209518	0.00013133	0.0180806	0.0318113	0.514241	0.0121619	0.0330039	0.0046677	0.154452	0.14286	0.0320142	0.00651621	0.00777382	3.09148e-05	0.000178914	0.0129106	0.000173462	0.00024144	0.0231725	
0.014053	0.000232339	0.0243998	0.028849	0.0354603	0.662278	0.00181518	0.00276635	0.00315589	0.0547871	0.0518155	0.00063472	0.00601585	0.00526816	6.6156e-05	0.104649	0.00111982	0.000184735	0.000599293	0.00185049	
0.00608354	0.0212853	0.000144416	0.000108495	6.13062e-05	7.68447e-05	0.000196352	0.751223	0.0119123	0.0196313	0.0238453	7.77402e-05	7.13147e-05	0.000480872	2.42336e-05	8.8745e-05	5.87097e-05	0.133437	0.0111254	0.0200679	
0.13151	7.01504e-06	0.13015	0.164301	0.00941288	0.0493365	0.0215471	0.00352866	0.119986	0.00530289	0.0031502	0.0620006	0.0129934	0.106118	0.0681297	0.0352821	0.0380156	0.00486251	0.00676022	0.0276065	
0.224405	8.49274e-05	0.00259833	0.416529	0.000292861	0.00544167	0.00767912	0.000168008	0.0959502	0.000674979	0.00181789	0.0470325	0.0213238	0.12966	0.0129626	0.00708365	0.0116106	0.00625753	0.000453101	0.0079749	
0.696868	0.0500453	8.02713e-05	0.000100507	8.03867e-05	3.24117e-05	0.027056	0.000136517	0.0781623	5.91597e-05	0.000583161	0.0273613	4.90381e-05	0.0427063	0.0101363	0.0170457	0.000120574	0.0370973	0.00884768	0.00343193	
0.0059912	0.00161915	9.76652e-05	0.000128756	0.02916	6.19817e-05	0.000535753	0.416568	0.000388077	0.0795243	0.0294234	0.000407736	0.000109043	0.000863163	9.62698e-05	0.000136855	0.000200739	0.415368	0.00126499	0.0180552	
0.0360097	0.00378233	0.0467133	0.257092	0.00358536	0.00546737	0.0283507	0.0146173	0.156651	0.00900168	0.0289617	0.0191483	4.37426e-06	0.118475	0.0652372	0.0307787	0.111584	0.0475922	0.000507359	0.0164395	
0.0797329	0.0409982	0.00966753	0.0926309	0.00223979	0.00486215	0.0425971	0.0257216	0.155856	0.0393539	0.0644014	0.00193812	0.000481367	0.08975	0.272565	0.0187147	0.044335	0.00612355	7.149e-06	0.00802426	
0.545578	0.0234451	2.19205e-05	0.000190104	0.00653148	3.0285e-05	0.000175935	0.0836565	0.0010126	0.0410307	0.0872955	2.32181e-05	0.000857184	0.00657505	2.18864e-05	0.00888992	0.0220909	0.156304	1.45136e-05	0.0162551	
0.0827489	0.00550368	3.06905e-05	0.0057305	0.00644078	1.43879e-05	0.0506326	0.000248508	0.491412	0.000122333	0.000216082	0.0182106	8.7351e-06	0.0110329	0.300391	0.0162603	0.00202719	3.32588e-05	9.64383e-05	0.00883946	
0.13151	7.01504e-06	0.13015	0.164301	0.00941288	0.0493365	0.0215471	0.00352866	0.119986	0.00530289	0.0031502	0.0620006	0.0129934	0.106118	0.0681297	0.0352821	0.0380156	0.00486251	0.00676022	0.0276065	
0.3364	0.00388545	0.00301437	0.0352059	0.0140503	0.0138695	0.0452906	0.0244685	0.0460923	0.0622458	0.0957879	0.0607364	1.27266e-05	0.04675	0.0165489	0.0114918	0.017851	0.0225458	8.43524e-05	0.143669	
0.223582	0.0031346	2.10065e-05	0.00752314	0.0306726	2.62615e-05	0.0281424	0.297572	0.0364402	0.0982729	0.019897	0.081458	8.14352e-06	0.0219831	0.0139869	0.023467	0.0188556	0.0818305	0.000279012	0.0128482	
0.0200667	0.000169402	5.8598e-05	0.0283462	0.00958178	0.227573	0.00202763	0.022139	0.310394	0.00177868	0.0266576	0.0150997	0.243348	0.00232316	3.23379e-05	0.079958	0.00478502	9.85768e-05	0.000457804	0.00510454	
0.00448172	0.000907094	0.0708467	0.0161042	0.0226455	0.00303298	0.621449	0.00245086	0.0511999	0.00102182	0.0414756	0.00873381	0.0114728	0.0104577	4.53974e-05	0.00732507	0.00178389	0.0305214	0.0178497	0.0761952	
0.00834991	0.00596228	0.0401568	0.0150699	2.06357e-05	0.00173736	0.0304226	0.0656491	0.0430619	0.114774	0.245855	0.0460596	0.0663301	0.00639898	0.0214444	0.00313907	0.0803647	0.197522	0.000122983	0.00755953	
0.00834991	0.00596228	0.0401568	0.0150699	2.06357e-05	0.00173736	0.0304226	0.0656491	0.0430619	0.114774	0.245855	0.0460596	0.0663301	0.00639898	0.0214444	0.00313907	0.0803647	0.197522	0.000122983	0.00755953	
0.0187083	0.00273832	6.66831e-05	0.0244163	0.00388623	0.0097204	0.0138643	0.000921406	0.613082	5.56387e-05	0.0113796	0.0144735	0.164015	0.0281292	0.0395217	0.00498201	0.0393961	0.0104842	5.30189e-05	0.000105972	
0.000496965	0.0251184	0.000371355	0.000506175	8.68671e-05	0.000248355	0.00089698	0.68966	0.000239985	0.0176711	0.000212073	0.000101085	0.000170366	0.00286778	8.32019e-05	0.000117555	0.00173671	0.229575	0.0120145	0.017825	
0.00018639	0.0251053	4.83974e-05	0.518114	0.0318425	8.15339e-05	0.00888622	0.0348556	8.37577e-05	0.039722	0.0604774	0.0243624	0.00566851	0.00238712	0.00570095	0.0474673	0.164454	0.000195025	0.0115873	0.0187736	
0.00273423	0.0312437	0.000426635	0.000575532	0.00012377	0.000209285	0.00122965	0.227555	0.00157405	0.0159003	0.000297994	0.000194044	0.000583414	0.0156964	0.000279072	0.000208413	0.00023223	0.665172	0.00921787	0.0265458	
0.0456637	0.0260871	7.54865e-05	0.000192952	0.000343734	5.80262e-05	0.0241171	0.000208535	0.000873364	0.000218245	0.000678441	0.000169185	3.92751e-05	0.0531695	0.000634386	4.74351e-05	0.130173	0.591235	0.0211683	0.104847	
0.00870277	0.0180941	0.212631	0.422176	0.0321715	6.74732e-05	0.000157224	0.0158951	0.0264907	0.0464517	0.00385878	0.000117313	0.0014269	0.000148905	0.179271	0.011479	0.00401073	0.000112656	0.0165864	0.000150527	
0.000425425	0.0446965	0.0875446	0.0160712	0.00112089	0.00911878	0.00158324	0.000191434	0.000218502	0.000246914	0.00109738	0.360637	4.98436e-05	0.0142374	0.0234949	0.0905031	0.319781	0.0279128	0.000516203	0.000552911	
0.00275061	0.0014186	0.00479541	0.055257	0.0988723	0.00108221	0.000756231	0.062043	0.0102541	0.621788	0.0840865	0.000635388	0.000167879	0.0187262	7.25942e-05	0.000255723	0.000192693	0.034394	0.00137711	0.00107491	
0.0877037	1.24498e-05	0.290978	0.377933	2.48676e-05	0.0156372	0.00605092	3.20928e-05	0.0277778	8.15528e-06	3.86692e-05	0.0184424	0.0839258	0.0604522	0.00146139	0.00934478	0.0153459	0.00361539	0.00106829	0.000146679	
0.00176008	0.00811404	0.0149379	0.26492	0.0259194	0.0434564	0.000119597	0.0472671	7.91057e-05	0.000417866	0.04992	0.00149246	7.9886e-05	0.438975	0.000123513	0.00641368	0.0923281	0.000124849	0.00243745	0.00111382	
0.0315713	0.00189128	0.0005584	0.000418262	0.03822	0.000193829	0.00182409	0.0415213	0.00412138	0.29435	0.000482718	0.00850767	0.000135972	0.000846014	0.00024837	0.000147931	0.000905312	0.57245	0.000485888	0.00112101	
0.100626	0.0017681	0.157895	0.332392	0.00153266	0.00717268	0.00779795	0.0190287	0.15504	0.0352659	0.0311132	0.0255507	0.00068083	0.0657072	0.0352896	0.00528576	0.00704468	0.0105913	1.65253e-05	0.000201037	
0.00248379	0.0276538	0.0123062	0.630519	0.00087355	5.17159e-05	8.44383e-05	0.058487	0.0105353	0.000358806	0.0127159	0.00015846	0.00603908	0.185658	0.000233871	0.00308549	0.0208019	0.00373065	0.0238781	0.000345425	
0.631883	0.0272276	0.000240363	0.000189977	0.00178844	0.000110786	0.025294	0.0179469	0.063331	0.0172185	0.000777585	0.0286628	7.65626e-05	0.00935523	0.00727166	0.000214712	0.000218478	0.113972	0.0194067	0.0348138	
0.0135582	0.0257141	0.000264233	0.000500299	0.000112377	0.00109753	0.000170776	0.0901282	0.00847296	0.457499	0.205974	0.000809683	6.03773e-05	0.0260594	6.30573e-05	0.00212803	0.00772039	0.136243	0.00468078	0.0187431	
0.100626	0.0017681	0.157895	0.332392	0.00153266	0.00717268	0.00779795	0.0190287	0.15504	0.0352659	0.0311132	0.0255507	0.00068083	0.0657072	0.0352896	0.00528576	0.00704468	0.0105913	1.65253e-05	0.000201037	
0.3364	0.00388545	0.00301437	0.0352059	0.0140503	0.0138695	0.0452906	0.0244685	0.0460923	0.0622458	0.0957879	0.0607364	1.27266e-05	0.04675	0.0165489	0.0114918	0.017851	0.0225458	8.43524e-05	0.143669	
0.0129296	0.0178857	0.0354642	0.0206686	0.00418906	0.536785	0.00513227	0.0145258	0.111841	0.00314546	0.0390702	0.0789977	0.0682438	0.0360167	0.0115007	0.000151984	0.00259724	0.000166234	0.000357519	0.000330984	
0.613523	6.98112e-05	0.000579652	0.000431854	5.42284e-05	0.00915241	6.69925e-05	0.024899	9.03967e-05	0.0118204	0.000282571	0.0658845	0.0517742	0.000734471	1.83001e-05	0.0119258	0.00015856	0.204881	0.00357265	8.09136e-05	
0.000255093	0.000838193	0.776067	0.0422527	0.0245152	0.00227922	0.0181854	0.000369248	0.031915	0.00225881	0.0114557	0.0103911	0.000142467	0.00649177	5.28804e-05	0.0217385	0.0293807	0.000244591	0.0210771	8.8717e-05	
0.16178	0.000384985	0.00217626	0.00270327	0.0243449	0.000438654	9.56929e-06	0.376344	0.000105291	0.0216918	0.00218765	0.009819	9.5679e-06	3.46429e-05	0.0318968	0.000443969	0.018605	0.205477	0.0349244	0.106623	
0.00049916	0.025182	0.000435302	0.000506297	8.64945e-05	0.000248503	0.000897634	0.689583	0.000266468	0.0176032	0.000229837	0.000101227	0.000170347	0.00289329	8.34932e-05	0.000115943	0.0017155	0.229606	0.0119753	0.0178013	
0.0242103	0.0100913	0.0447081	0.0127904	1.37452e-05	0.215808	0.000468646	0.000237315	0.000221296	0.0653565	0.55291	0.0653273	2.92262e-05	0.000141887	2.95051e-05	4.2856e-05	0.000252134	2.05378e-05	3.52843e-05	0.0073056	
