0.0311372	0.00140554	0.00101627	0.0308536	0.0261359	0.0377795	0.0043491	0.0025738	0.0929508	0.000239037	0.0184232	0.000173609	0.00108595	0.00119613	0.0054266	0.000326369	0.0648477	0.00167478	0.00709853	0.671306	
7.86918e-05	0.00869986	0.648985	0.0188982	0.00969805	0.000173506	0.000891621	0.0093365	0.000283799	0.0062319	0.0107335	8.51261e-05	0.0017756	0.000568871	0.00885607	0.0609742	0.206559	0.000523849	0.00656734	7.98132e-05	
0.0213021	0.00946243	0.000397135	0.0304594	0.102221	0.000961452	0.16753	0.000464022	0.053445	0.0849399	0.0160384	0.000270349	9.40142e-05	0.000941007	0.000341654	0.0136019	0.0152221	0.0113385	0.000440054	0.47053	
0.000341115	0.00170859	0.000863028	0.00303934	0.00668136	0.000186548	0.00217952	0.0449415	0.000150273	0.76066	0.0342503	0.000104117	2.4596e-05	0.00321289	5.53755e-05	0.000385024	0.0157397	0.0276926	0.000601308	0.0971833	
0.033215	0.000143492	0.0007253	0.0331515	0.632616	0.0812446	0.000253123	0.0482374	0.0156671	0.0099552	0.0369326	0.000516664	0.000646785	0.0250959	0.00125159	0.000174758	0.00188823	0.0014603	0.00643751	0.0703868	
0.0366006	0.00438488	0.0160912	7.97968e-05	0.140535	0.0563035	0.011914	0.000280592	0.570943	0.0245949	0.00288618	6.91827e-05	0.00220589	0.000191396	0.00108051	0.0115797	0.000899813	0.010602	0.00458804	0.10417	
0.000101219	0.00583699	0.000956625	0.00600758	0.0167731	0.000838216	0.00043699	0.197982	0.000104683	0.650407	0.00131484	0.0176722	0.000473043	0.00129237	4.82796e-05	7.38794e-05	0.0160871	0.0633883	0.00436988	0.0158351	
0.00253061	0.0289408	0.0180068	0.00150795	0.000486423	0.000878077	0.00517704	0.010866	0.0614894	0.612101	0.000841647	0.0450579	0.000565861	0.00263302	0.00109659	0.000805757	0.0519163	0.122996	0.000539148	0.0315633	
0.00137575	0.00516176	0.00203615	0.00489447	0.0133588	0.00130571	0.000309162	0.149833	0.000767426	0.678098	0.00660367	0.00970754	0.000283725	0.000921187	7.07603e-05	0.000250415	0.011051	0.0378854	0.00278815	0.0732982	
0.00364154	0.00947823	0.000331839	0.000104422	5.60405e-05	0.000502579	0.000490205	0.883401	0.000307253	0.0198857	0.000709971	0.00323303	7.85137e-05	0.00100458	7.09239e-05	7.9072e-05	0.000133537	0.0580128	0.00119212	0.0172868	
0.000374232	0.0190531	0.627741	0.025189	0.0346586	0.000145775	0.000223783	0.00230611	0.000684617	0.0292056	0.0359227	0.082348	0.0106192	0.00343642	0.111711	0.00271101	0.00256353	0.000419753	0.0103498	0.000337209	
0.0265407	0.000639044	0.149558	0.0394666	0.0742505	0.00052899	0.0143505	0.000473619	0.0654347	0.0230331	0.0363183	0.00115857	0.00817016	0.0459556	0.000622901	0.388953	0.000668123	0.0362278	0.0154775	0.0721726	
0.0340757	0.00102396	0.00102755	0.000402886	0.031869	0.517312	0.0240665	0.0321037	0.0738691	0.0394518	0.0429235	0.0276546	0.00286909	0.0581699	0.000127759	0.0696093	0.00765556	0.000454904	0.000233218	0.0351002	
0.00267267	0.036005	0.000727418	0.000304057	0.000883414	0.000153299	0.0265945	0.000862116	0.0511853	0.000357057	0.002899	0.078219	0.00649737	0.0567673	0.131936	0.0552621	0.0304895	0.481901	0.0113821	0.0249018	
0.00035762	0.000168722	0.00544925	0.000391949	0.101557	0.682726	0.0187395	0.0187566	0.0139929	0.0121347	0.00854069	0.0132069	0.0022356	0.0208283	0.00738626	0.0105595	0.00974095	0.000248841	0.000184255	0.0727945	
0.000164185	0.000217857	0.202061	0.142785	0.00043052	0.000241842	0.00868265	0.000357087	0.000541916	0.000594567	0.00225677	0.000373903	4.82424e-05	0.0436958	0.000143254	0.455865	0.112537	0.028366	0.000349009	0.000288981	
0.0281545	0.367881	7.46655e-05	0.0605884	0.00400715	0.000509258	5.58377e-05	0.000721826	3.30062e-05	0.0273147	0.0330352	0.0812274	0.00715927	0.08253	0.000165837	0.244948	0.000191429	0.0588076	0.00249872	9.56075e-05	
0.000734136	0.0112296	0.0027587	0.0015749	0.00394461	0.000292458	0.000372014	0.0857387	0.000672342	0.708428	0.0394941	0.00148413	6.01241e-05	0.000757608	9.45767e-05	0.000678392	0.0162169	0.0324703	0.000495014	0.0925037	
0.00435316	0.0106493	0.0094294	0.0111884	0.00392417	0.00187177	0.000364103	0.0687783	0.00450364	0.730288	0.0201109	0.00306056	6.70544e-05	0.000838073	0.000110439	0.000520827	0.0114453	0.0218073	0.000511655	0.0961774	
0.00305841	0.00352522	0.00352012	0.0115983	0.168912	0.000171153	0.000835064	0.0923424	0.0136369	0.404444	0.0918287	0.0044966	0.000139882	0.0163446	0.0269429	0.0909638	0.00176407	0.0295127	0.000571612	0.0353919	
0.0457686	0.00227877	0.161276	0.0358599	0.106898	0.000118899	0.00185985	0.000942036	0.000350287	0.00108672	0.0129145	0.0428549	0.000356182	0.0099598	0.503123	0.000393139	0.00040341	0.027718	0.000237187	0.0456012	
0.029665	0.000100279	0.00067579	0.0304016	0.655045	0.0934618	0.000200957	0.0333153	0.0266361	0.00771232	0.0252252	0.000440038	0.00087282	0.027216	0.0017943	0.000135474	0.00217625	0.000953473	0.00452395	0.0594481	
0.478503	0.0328444	0.000833306	0.000705651	0.00100396	0.000206018	0.0254528	0.00142622	0.00309841	0.000536558	0.00152568	0.0112568	8.6132e-05	0.0658808	0.0169681	0.230855	0.0584788	0.064968	0.00083021	0.00453992	
0.000333915	0.0159767	0.51161	0.189158	0.0276546	0.000146718	0.0030216	0.0956638	0.00652496	0.0187088	0.0299612	0.00945488	0.00850261	0.00738325	0.0139924	0.0191862	0.0221902	0.00216989	0.0147516	0.00360841	
0.00085355	0.000605354	0.532581	0.0350104	0.0374296	0.0873408	0.000397519	0.00161659	0.0191854	0.0152561	0.0308821	0.188716	0.00340332	0.0314223	4.46363e-05	0.0131018	0.00130542	0.000147196	0.000125556	0.000575366	
0.136551	0.00124072	0.016704	0.102844	0.000174016	0.00164097	0.00521328	0.0129529	0.00344218	0.0395204	0.0175524	0.0501218	2.3446e-05	0.0339667	0.0131446	0.246274	0.303008	0.0138766	0.000148593	0.00160069	
0.0527635	0.00011478	0.000548675	0.0153385	0.338287	0.0593637	0.0134534	0.000233519	0.246287	9.80927e-05	0.0183266	0.000834776	0.00297624	0.00766263	0.0454039	0.000182245	0.0251836	0.000259956	0.00710653	0.165575	
0.0072037	0.00851911	0.115223	0.00133347	0.00737096	0.00634344	0.0047545	0.010095	0.000212189	0.00221799	0.0145837	0.357788	0.00507001	0.00547358	0.00180229	0.190701	0.253698	0.00265998	0.000535465	0.00441463	
0.00514873	0.00117682	0.142691	0.219123	0.00135137	0.0643751	0.00101979	0.0394015	0.00055224	0.0530985	0.000532732	0.112477	0.156274	0.00756221	0.000106296	0.0732607	0.114246	0.00511784	0.000551537	0.00193269	
0.0750122	0.00424094	0.0777623	0.136794	0.000348045	0.00600246	0.0119875	0.00250925	0.0117693	0.0287392	0.00343987	0.115809	0.00314569	0.064079	0.00431967	0.231886	0.206551	0.01218	0.000109687	0.00331488	
8.63775e-05	8.38956e-05	0.00179147	0.0173195	0.233964	0.269139	0.00929956	0.00599016	0.0653252	0.000116742	0.0121128	0.00104263	3.43147e-05	0.0307043	0.0113053	0.0379585	0.00048577	0.000481891	9.03262e-05	0.302668	
0.0046697	0.0100241	0.00493622	0.00371808	0.00041326	0.0258908	0.00266771	0.673574	0.0401354	0.0618291	0.0120021	0.00395243	0.000983999	0.0775165	0.000371533	0.00531896	0.000424658	0.0376933	0.00691786	0.0269607	
0.0335861	0.0309661	0.00126569	0.000588975	0.000288076	0.000157166	0.00116004	0.00158464	0.00110615	0.00634527	0.00113815	0.0118828	0.0189184	0.000823532	0.00107472	0.548374	0.326349	0.0134505	0.000605342	0.000335152	
7.35287e-05	0.00862268	0.246089	0.05428	0.0411676	0.00491617	0.00634942	0.00100746	0.000172383	0.00917812	0.000746295	0.000112032	2.74232e-05	0.040994	0.000150572	0.0010302	0.500497	0.00664187	0.00664991	0.0712943	
0.00350912	0.0094501	0.00126824	0.00104556	4.20561e-05	0.000598587	0.00068817	0.881443	0.00030728	0.0199495	0.00070932	0.00327051	8.87602e-05	0.00110829	7.10739e-05	9.5618e-05	0.000146372	0.0566442	0.00181048	0.0177539	
0.00495226	0.0257641	0.000388381	0.00134705	0.000402587	0.000113785	0.0189426	0.168665	0.00626214	0.000388306	0.000371212	0.00153492	0.00319385	0.038855	0.000657569	0.00159468	0.00325603	0.670427	0.0130681	0.0398154	
7.94821e-05	0.00999607	0.642456	0.0229231	0.0107671	9.59136e-05	0.000742131	0.0122591	0.000439984	0.00790905	0.0112573	0.000168321	0.00262041	0.000659105	0.00881278	0.0712499	0.189644	0.000802344	0.00702146	9.5709e-05	
0.0273554	5.82498e-05	0.00294839	0.0151255	0.654188	0.0626822	0.000252106	0.00100485	0.0929071	0.000704809	0.00887926	0.000340242	0.00153037	0.0507498	0.0418009	0.000133908	0.0162109	0.000109997	0.00305894	0.0199587	
0.0716044	0.00358405	0.000136627	0.000118241	0.162585	0.000482738	0.0103734	0.00123137	0.568447	0.00317841	0.000863086	0.00056401	0.000336102	0.00119923	0.0185534	9.63529e-05	0.00928535	6.05268e-05	0.000572098	0.146729	
0.000182287	0.000754751	0.00021553	0.00044256	0.0733681	9.01863e-05	0.0102709	0.649606	0.00195906	0.00455688	0.015596	0.0315678	0.000344838	0.043422	0.000552674	0.0109533	0.0921698	0.0558286	0.00729273	0.000826443	
0.12342	0.00816364	0.0180328	0.00173348	0.0428982	7.38169e-05	0.0077115	0.000547421	0.223812	0.000439451	0.00297408	0.00125554	8.87649e-05	0.00060791	0.464984	0.00151452	0.00026593	0.0569421	0.000365257	0.0441699	
0.0370099	0.00031239	0.0063376	0.00481599	0.00839829	0.000185537	0.00237211	0.00226067	0.00679878	0.00247633	0.000833927	0.00228542	4.05498e-05	0.0300844	0.00653898	0.0300813	0.826655	0.0141303	0.0054442	0.0129386	
0.000280831	0.0124524	0.0010648	0.000278423	0.0147162	0.000164794	0.000590932	0.596728	0.000623692	0.109984	0.0382862	0.00134501	0.00157814	0.00120238	0.000120617	0.000224654	0.025179	0.192864	0.000679049	0.00163722	
0.00174237	0.00072936	0.131017	0.623972	0.00147459	6.72952e-05	0.00681628	0.000307647	0.0531719	0.000172415	0.000502834	0.046605	0.00204541	0.0416223	0.0141931	0.0238702	0.0287781	0.0071276	0.00224006	0.0135446	
0.00106457	0.0170829	0.000760904	0.000997038	0.000907751	0.000289493	0.000556074	0.297784	0.00899482	0.40231	0.00387282	0.00345854	0.000160176	0.0254141	0.000304681	0.0172057	0.00403385	0.186881	0.00590171	0.0220198	
0.0076024	0.00028218	0.539567	0.130653	0.0150747	0.041626	0.00687479	0.00506023	0.0487428	0.00104934	0.0140738	0.0759238	0.000262368	0.0873756	0.00896066	0.000374473	0.00253335	0.000313066	0.00461878	0.00903167	
0.000256458	0.000127758	0.0102923	0.000392601	0.0856161	0.713941	0.00341897	0.0184992	0.0236173	0.00775216	0.0155443	0.00575437	0.00259698	0.0290576	0.0079335	0.0167057	0.016062	0.000247286	0.000299748	0.0418848	
0.0322299	0.00228705	0.0096109	0.0958276	0.00774236	0.000163906	0.000704196	0.000517901	0.658202	0.0291614	0.000441911	0.0245973	8.22899e-05	0.0227319	0.0496168	0.0302812	0.0219586	0.0119306	0.000424999	0.00148693	
0.0298266	5.37653e-05	0.000290669	0.0218983	0.0419647	0.00613246	8.68315e-05	0.0100301	0.234548	0.00755588	0.00969115	0.00657358	0.00443591	0.0271316	0.210778	0.0179779	0.243045	0.0275074	2.20994e-05	0.100451	
0.00748374	0.0512783	0.000425503	0.000969807	0.00141859	0.000187798	0.00992191	0.405422	0.00515608	0.00922109	0.000925768	0.00120334	0.00139343	0.0342766	0.00153381	0.00121087	0.017606	0.40134	0.0142715	0.0347534	
0.0329515	0.00385437	0.00556838	8.41438e-05	0.147053	0.00511112	0.01024	0.000213269	0.615764	0.0114758	0.00155768	9.88687e-05	0.00157845	0.000202566	0.00468445	0.00200133	0.00319262	0.00727335	0.0026286	0.144466	
0.580845	0.0141737	0.00108807	0.00608131	0.0241701	0.000209016	0.0318342	0.0457316	0.0426807	0.0746766	0.0137293	0.00758157	0.000154342	0.0123429	0.0317416	0.00646209	0.0592774	0.000506851	0.0141353	0.0325786	
0.0698037	0.0249501	0.0179355	0.000125131	0.0685742	0.0387733	6.2428e-05	0.0233916	0.000149117	0.000243986	0.0208952	0.01673	5.37442e-05	0.51074	0.000114574	0.0554255	0.065986	0.0505468	0.00711059	0.0283884	
0.00384194	0.00950338	0.000331806	0.000105521	9.02e-05	0.000499546	0.000487461	0.882975	0.000343391	0.0198569	0.000714408	0.00321102	7.87538e-05	0.0010218	7.31101e-05	7.78941e-05	0.00013422	0.058221	0.00119251	0.0172397	
9.89899e-05	0.00892277	0.255622	0.0525696	0.0314712	0.00461593	0.00669312	0.00134647	0.000237656	0.0107358	0.000722311	0.000135933	3.45905e-05	0.0427435	0.000171866	0.00162459	0.515383	0.0112897	0.00659455	0.0489863	
0.416615	0.00907928	0.00100035	0.000131095	0.106575	7.73522e-05	0.0192839	0.0209662	0.0841781	0.0122573	0.0191794	0.0168012	5.18576e-05	0.0329395	0.186102	0.00190974	0.000152035	0.000225087	0.00513421	0.067341	
0.0671458	0.0259967	0.0188544	0.000119603	0.0722938	0.0375798	6.44718e-05	0.0220354	0.000150612	0.000262506	0.0200428	0.0170107	4.22173e-05	0.512552	0.000120021	0.0531509	0.0658002	0.0503789	0.00610505	0.0302941	
0.000264421	0.0178089	0.0270051	0.56389	0.0290926	0.000138651	0.00082667	0.0261394	0.000441105	0.0269196	0.0293468	0.00127874	0.0106055	0.000424893	0.0230095	0.133136	0.096893	0.000350158	0.0111434	0.00128557	
0.0515039	0.00064108	0.152243	0.0365382	0.106237	7.13286e-05	0.0010924	0.00270551	0.021618	0.00032539	0.0105217	0.037608	6.92105e-05	0.00396375	0.501483	0.000598107	0.00141142	0.0274853	0.000213177	0.0436697	
0.0296988	5.99628e-05	0.00322292	0.0151545	0.649413	0.0590108	0.000435089	0.00105863	0.0932317	0.000610721	0.00879363	0.000457666	0.00165822	0.0507678	0.0451885	0.000146316	0.0150649	0.00011869	0.00337213	0.022536	
0.0927233	0.00104074	0.00904636	0.000857926	0.0560208	8.66924e-05	0.0663819	0.000488282	0.0894501	0.000312189	0.00176704	0.00051534	0.000102557	0.000478447	0.580434	0.000701473	0.000328589	0.0756669	0.000238883	0.0233584	
0.0410796	0.000335389	0.00165102	0.00154984	0.00464237	0.000150863	0.00555055	0.00269654	0.00474033	0.00269984	0.00115498	0.0026134	4.23807e-05	0.0380416	0.00419349	0.0313118	0.837178	0.00688448	0.00542331	0.00806024	
0.00355508	0.00963782	0.00113809	0.000557741	6.57227e-05	0.0011263	0.00092152	0.878183	0.00122269	0.0228174	0.00109181	0.00360829	0.000128039	0.00300465	7.49007e-05	0.000289239	0.000153907	0.0536909	0.00200562	0.0167273	
7.06774e-05	0.0092042	0.241568	0.057091	0.0420218	0.00487191	0.00730565	0.000989523	0.000223183	0.0106912	0.000737147	0.000116822	2.66063e-05	0.0422698	0.000137937	0.000990304	0.498253	0.00679938	0.0059745	0.0706579	
0.0335396	0.0308875	0.00137915	0.000596557	0.000290051	0.000163963	0.0011617	0.00159514	0.00118052	0.00628885	0.00114794	0.0120287	0.0189065	0.000851749	0.00107312	0.547879	0.326693	0.0133955	0.00060491	0.000337067	
0.336244	0.00147588	0.00243444	0.00416126	0.000528647	0.000464057	0.027399	0.00174714	0.0133885	0.00135763	0.0172404	0.00171156	0.0001199	0.0747666	0.00194456	0.389529	0.113307	0.0110689	0.000587668	0.000523462	
0.0237071	0.000173531	0.000150615	0.0165794	0.00585034	0.0259028	0.000406695	0.031996	0.103788	0.0866114	0.0172857	0.000101345	0.00141104	0.0201386	0.0209644	0.000161793	0.02652	0.0385934	0.00560891	0.574049	
0.02362	0.0001699	0.000149372	0.0166552	0.00587091	0.0264741	0.000412976	0.0322125	0.103321	0.0797003	0.0178859	0.000111146	0.00171752	0.0212532	0.0213547	0.000179619	0.0274832	0.0407704	0.00524539	0.575413	
0.0920444	0.00109469	0.00901759	0.000855368	0.0566554	8.74386e-05	0.0664358	0.00048886	0.0892481	0.000326674	0.00174861	0.000514929	0.000103639	0.000477554	0.580555	0.00069711	0.00032863	0.0754472	0.000240562	0.023632	
0.000179843	0.000100545	0.0038844	0.000512621	0.115862	0.602425	0.00642896	0.0121041	0.0318833	0.00650682	0.0124659	0.00110405	0.00128548	0.0257884	0.00856024	0.0307551	0.0007527	0.000217424	0.000208018	0.138975	
0.640372	0.00133014	0.000492577	0.000376364	0.00269878	0.0032997	0.0228388	0.000865471	0.0036417	0.0481466	0.00595968	0.00117854	0.000106671	0.0291109	0.000706675	0.051575	0.161989	0.0171629	0.00180322	0.00634463	
0.0128451	0.0240294	0.152625	0.000278744	0.0237973	0.00413567	0.542906	0.0108147	0.000380419	0.000185383	0.0350111	0.0389242	5.34964e-05	0.0521805	0.000848252	0.00794538	0.0089114	0.0684899	0.0153453	0.000293061	
0.014631	0.000127614	0.000207874	0.000151993	0.26492	0.419306	0.0200625	0.0140146	0.0743095	0.0123443	0.0183417	0.0157744	0.000406351	0.0390266	6.21864e-05	0.000188477	0.00131251	0.00014658	0.000244489	0.104421	
0.0967131	0.00812056	0.000814143	0.00336444	0.0167351	0.000357378	0.00967064	0.6411	0.00423377	0.0227171	0.00103706	0.00092749	0.000446388	0.0251892	0.00135101	0.000551097	0.00046279	0.130809	0.0102494	0.0251499	
0.0219136	0.0647202	0.00320069	0.000616228	0.0101032	0.000302758	0.00224959	0.360234	0.00173418	0.173113	0.210844	0.0042446	0.000107045	0.000694621	0.00018807	0.000368967	0.000607198	0.128861	0.000221782	0.0156752	
0.000457095	0.0153936	0.00069237	0.00239867	0.00630151	0.000279865	0.000352995	0.241827	0.00443067	0.545278	0.00928599	0.00927055	0.000272596	0.00521196	0.000103126	0.0042289	0.0137803	0.117753	0.00368293	0.0189987	
0.00828863	0.0229075	0.000694656	0.000974614	0.000589945	0.000235236	0.0186564	0.0253959	0.037497	0.00837149	0.00143187	0.0243567	0.00302561	0.0193798	0.00603877	0.0109121	0.0573174	0.702642	0.0118622	0.039422	
0.0286348	0.000837149	0.000572005	0.0281503	0.0208673	0.0365353	0.00246256	0.00156511	0.122811	0.000226837	0.0151189	0.000119256	0.00133256	0.00803643	0.0139486	0.000215931	0.0559553	0.000940642	0.00483064	0.65684	
0.000326203	0.0158443	0.568069	0.00434026	0.0230662	0.00182435	0.000356516	0.0276664	0.0362939	0.0261094	0.024013	0.000262634	0.00822739	0.0419238	0.0198443	0.0523541	0.138671	0.000460298	0.0100895	0.000256886	
0.00345946	0.0898355	0.000569404	0.000838728	0.00124771	0.000200958	0.0170153	0.293217	0.00115219	0.00463167	0.000507948	0.000896741	0.00188939	0.045519	0.000557129	0.00171048	0.028004	0.465482	0.0149132	0.0283524	
9.021e-05	0.00998734	0.249688	0.052039	0.0375743	0.00565408	0.00676629	0.00172009	0.000195954	0.0100374	0.00066158	0.000166632	4.45922e-05	0.0449889	0.000141903	0.00135935	0.50838	0.0088476	0.00704595	0.0546112	
0.00909056	0.0315605	0.479015	0.0239884	0.000582163	4.01983e-05	0.000160308	0.000229037	0.0459562	0.00369373	0.000366192	0.224017	3.52363e-05	0.0180738	0.0221963	0.113567	0.000294404	0.0268119	5.37153e-05	0.000268618	
0.0606568	0.000210096	0.198235	0.250467	0.000282643	0.0257477	0.0138582	0.0103405	0.0493189	0.0189071	0.0463266	0.108351	0.00517394	0.0738575	0.0768877	0.0199063	0.0254615	0.0156539	0.000186789	0.000170358	
0.0275108	0.00194388	0.225281	0.25699	0.000122132	0.00927145	0.00574961	0.00442836	0.0802184	0.00611812	0.0109998	0.0429216	0.000476559	0.0843553	0.172836	0.0524193	0.00898985	0.00922274	6.61367e-05	7.85288e-05	
0.000163437	0.000217724	0.202314	0.14305	0.000431366	0.000225097	0.00868036	0.000357276	0.000539607	0.000593272	0.00242424	0.000365879	4.82162e-05	0.043733	0.000142714	0.455714	0.112293	0.0280652	0.000355162	0.000285965	
0.0283576	6.70641e-05	0.0020829	0.019017	0.610587	0.0943443	0.000202255	0.000763941	0.141174	0.00268231	0.0115658	0.000874062	0.000834931	0.0418881	0.00164804	0.000155222	0.028813	0.000161695	0.0029614	0.0118185	
0.0623102	0.000207249	0.21417	0.246119	0.000240333	0.0236373	0.0100772	0.0101867	0.0486088	0.0179494	0.0362873	0.116493	0.00427725	0.0731027	0.0741095	0.0202303	0.0253213	0.0163308	0.000257977	8.42818e-05	
0.0597338	0.00131373	0.0549149	0.0109988	0.00666475	0.016393	0.0559151	0.000524181	0.00498052	0.000595158	0.0347933	0.677389	0.00027141	0.0201009	0.00158227	0.0314591	0.000876033	0.0086902	0.0125153	0.000288841	
0.0180853	0.0182652	0.000312662	0.000657496	0.000238705	0.000129456	0.000461679	0.188338	0.0149207	0.146099	0.000665601	0.00244287	0.00295887	0.00411059	0.00036183	0.000633464	0.00104084	0.567033	0.00263949	0.0306058	
0.0703558	0.00379202	0.0229953	0.0720816	0.000654753	0.0174837	0.0253577	0.00394254	0.340028	0.00292431	0.0028379	0.0396624	0.000745911	0.123748	0.160453	0.0764786	0.0344716	0.00171533	0.000161258	0.000110322	
0.000412802	0.00050673	0.0386863	0.0366501	0.151461	0.0134075	0.0133339	0.00258006	0.0752767	0.00775933	0.0225543	0.187104	0.000138446	0.11784	0.133868	0.0228103	0.123869	0.0473903	0.00111378	0.00323804	
0.0240759	0.000825256	0.0355828	0.00280281	0.0695103	0.000498477	0.00127118	0.212926	0.00732104	0.411465	0.18471	0.000570443	0.000528046	0.00262541	0.00131051	0.00407092	0.000354867	0.0300788	0.00125673	0.00821571	
0.0703558	0.00379202	0.0229953	0.0720816	0.000654753	0.0174837	0.0253577	0.00394254	0.340028	0.00292431	0.0028379	0.0396624	0.000745911	0.123748	0.160453	0.0764786	0.0344716	0.00171533	0.000161258	0.000110322	
0.000300603	0.0254198	0.044178	0.401745	0.0369169	0.000143027	0.000180415	0.01009	0.00251867	0.00281088	0.0274947	0.327642	0.00114758	0.0357922	0.0119192	0.00769999	0.0497977	0.00028153	0.0127436	0.00117855	
0.00360311	0.00948955	0.000331527	0.000103812	4.09637e-05	0.000506802	0.000492614	0.883	0.000321476	0.0199863	0.000720283	0.00324001	7.891e-05	0.00100143	7.04229e-05	7.88482e-05	0.000139338	0.058297	0.00119729	0.0173005	
0.0213597	0.00229188	0.221109	0.253835	0.000118688	0.00771111	0.00531043	0.00310564	0.080918	0.00436675	0.00833689	0.0350343	5.68639e-05	0.093715	0.191098	0.0577242	0.00722909	0.00654596	4.75369e-05	8.62908e-05	
0.0211	0.0022989	0.219357	0.253655	0.000117252	0.00764766	0.00528829	0.0030534	0.0813768	0.00434136	0.00827114	0.0343505	4.16877e-05	0.0941827	0.19281	0.0582464	0.00715781	0.00657104	4.61583e-05	8.65934e-05	
0.00612606	0.000167505	0.000183481	0.132413	0.0346155	0.0531478	0.297053	0.00861336	0.000282562	0.0406982	0.00553353	0.119025	0.000168149	0.000822296	0.000580373	0.000140806	0.00659218	0.00108301	0.0124462	0.280308	
0.596292	0.115719	0.000918292	0.00184747	0.000983099	0.0112071	0.00966866	0.0808914	0.00109687	0.000776574	0.0116501	0.00057074	0.0130778	0.0201641	0.000197117	0.0338225	0.0868484	0.000675825	0.00879559	0.00479774	
0.0652475	0.023037	0.176473	0.346916	0.000170216	0.00745708	0.0356181	0.00017367	0.0239029	5.5424e-05	0.00303482	0.0713714	0.0210111	0.0268497	0.00629683	0.119067	0.0534352	0.019673	0.000148603	6.21321e-05	
0.0652475	0.023037	0.176473	0.346916	0.000170216	0.00745708	0.0356181	0.00017367	0.0239029	5.5424e-05	0.00303482	0.0713714	0.0210111	0.0268497	0.00629683	0.119067	0.0534352	0.019673	0.000148603	6.21321e-05	
0.000665687	0.00100924	0.235872	0.0368278	0.0182798	0.140139	0.0198241	0.000270826	0.00972469	0.00267636	0.00997629	0.320629	0.000894018	0.0263129	0.000217865	0.104699	0.0358412	0.0204173	0.015036	0.000686049	
0.0896527	0.00817456	0.000861017	0.000817584	0.000769812	0.000199862	0.0214714	0.100438	0.0193986	0.00162788	0.000811375	0.00371462	0.00110877	0.0665442	0.00221858	0.0256755	0.0680989	0.53964	0.0152365	0.0335404	
0.0056384	0.132969	0.00182878	0.135683	0.00121043	9.61194e-05	0.0294662	0.0217191	0.0214444	0.0195251	0.00369259	0.330239	0.000336392	0.103431	0.000507971	0.0882949	0.0124623	0.0794842	0.0114831	0.000488231	
0.00616792	0.0109334	0.00987106	0.0150773	0.000591826	0.000163678	0.000369543	0.0970615	0.253446	0.110475	0.0213735	0.00899065	0.00176636	0.00112123	0.354015	0.000544593	0.0441673	0.0416739	0.000744015	0.0214473	
0.00360386	0.00868749	0.00482118	0.000662379	0.0139292	0.000442076	0.000596708	0.271055	0.00489725	0.331053	0.246663	0.000761877	0.000100665	0.000441787	0.000132468	0.000530163	0.000287584	0.0712754	0.00021325	0.0398466	
0.00198221	0.0123888	0.00331266	0.00582463	0.00387943	0.000574479	0.000249914	0.0983339	0.00129119	0.701943	0.0280964	0.00196147	9.46504e-05	0.000554072	8.22206e-05	0.000508988	0.0132282	0.0278171	0.000711751	0.0971652	
0.017922	0.018237	0.000321036	0.000660275	0.000234905	0.000132507	0.000461586	0.186942	0.0155304	0.146798	0.000638829	0.00240365	0.00269983	0.00390927	0.000351541	0.000628131	0.0012266	0.568012	0.00263992	0.03025	
0.0146406	0.000126757	0.00020796	0.00015203	0.263037	0.420432	0.0200831	0.0142589	0.0741342	0.0123222	0.0183753	0.0157736	0.00040635	0.0377523	6.29373e-05	0.000217619	0.00133084	0.000147096	0.000204846	0.106334	
0.0066957	0.00946381	0.0963779	0.000474757	0.00869538	0.00761419	0.00300682	0.00934232	0.000354101	0.00232436	0.0168415	0.412306	0.00457931	0.00516588	0.00136593	0.184352	0.222561	0.00338105	8.67619e-05	0.00501099	
0.067516	0.316921	0.0149978	0.000465169	0.000364077	0.000146876	0.0180642	0.0338477	0.0118547	0.00558634	0.00291187	0.339405	3.14353e-05	0.0506273	0.000422168	0.0879908	0.0276339	0.0202993	0.000109914	0.000804553	
5.90837e-05	0.00852174	0.649411	0.0198602	0.0093364	0.000137489	0.000815057	0.00944535	0.000221997	0.00674795	0.0104969	8.41707e-05	0.00179999	0.00048374	0.0088478	0.0640456	0.20279	0.000562917	0.00625566	7.74056e-05	
0.0484224	0.00772661	0.00951644	0.0370363	0.00452059	0.0322903	0.000224465	0.00667447	0.141351	0.410336	0.110943	0.0217665	0.000100691	0.0088677	0.012165	0.00266376	0.0113846	0.0361399	0.052251	0.0456191	
0.0547648	0.000686474	0.0954656	0.179147	0.000856875	0.00299265	0.00201693	0.000735179	0.0228161	0.0545177	0.000375363	0.0502404	0.0639636	0.0277963	0.0209148	0.0357286	0.113442	0.272007	0.000106069	0.00142679	
0.0652475	0.023037	0.176473	0.346916	0.000170216	0.00745708	0.0356181	0.00017367	0.0239029	5.5424e-05	0.00303482	0.0713714	0.0210111	0.0268497	0.00629683	0.119067	0.0534352	0.019673	0.000148603	6.21321e-05	
0.0373899	0.00220837	0.0409194	0.0903196	0.00480864	3.31248e-05	0.000295195	0.000223192	0.582271	0.0380402	0.0005382	0.0373539	2.25869e-05	0.0273662	0.0650548	0.0470284	0.0230021	0.0027532	0.000110826	0.000261218	
0.140596	0.00495008	0.0149493	0.0010166	0.0447917	5.87442e-05	0.0165611	0.000527023	0.188635	0.000320229	0.00340265	0.000725672	7.81781e-05	0.000488807	0.498753	0.00184429	0.000187438	0.0465059	0.000110339	0.0354976	
0.213276	0.0727469	0.000619689	0.0477613	0.000424691	0.000147365	0.0865579	0.0220799	0.0148732	0.0100917	0.00374414	0.0224779	0.000168798	0.0902626	0.00575345	0.00542309	0.00365545	0.365488	0.0207498	0.0136985	
0.00462379	0.0207101	0.000417828	0.0015183	0.000401981	0.00012403	0.0186855	0.151375	0.00741451	0.00012888	0.000332352	0.00280554	0.00422809	0.0336551	0.000478057	0.0020254	0.00127158	0.696686	0.0122678	0.0408503	
0.0182752	6.93645e-05	0.113177	0.323415	0.00215573	0.00551904	0.000143105	0.00892974	0.0424845	0.0184189	0.000366211	0.00469385	0.0151706	0.216402	0.0056368	0.146581	0.0753744	0.000260572	0.00153932	0.00138776	
0.0298266	5.37653e-05	0.000290669	0.0218983	0.0419647	0.00613246	8.68315e-05	0.0100301	0.234548	0.00755588	0.00969115	0.00657358	0.00443591	0.0271316	0.210778	0.0179779	0.243045	0.0275074	2.20994e-05	0.100451	
0.065131	0.0182854	0.155507	0.342378	0.000220273	0.00687537	0.0298233	0.000625806	0.0212294	0.00266298	0.0022951	0.0756877	0.0164828	0.0352675	0.00560058	0.129696	0.0743437	0.0171617	0.000114141	0.000612019	
0.0130769	0.000135409	0.0169171	0.123104	0.000216851	5.75098e-05	0.000203265	0.0111924	0.274094	0.0127217	0.0329263	0.00340771	2.56829e-05	0.253908	0.13236	0.027075	0.0875681	0.00615565	0.000315021	0.00453823	
0.382361	0.000675517	0.000437983	0.000502243	0.00400106	0.304373	0.0258888	0.00306392	0.0654278	0.00175822	0.0209075	0.0435979	0.000378991	0.0725786	0.000138639	0.00621733	0.00138124	0.0309609	0.000389727	0.0349596	
0.0130769	0.000135409	0.0169171	0.123104	0.000216851	5.75098e-05	0.000203265	0.0111924	0.274094	0.0127217	0.0329263	0.00340771	2.56829e-05	0.253908	0.13236	0.027075	0.0875681	0.00615565	0.000315021	0.00453823	
0.0703558	0.00379202	0.0229953	0.0720816	0.000654753	0.0174837	0.0253577	0.00394254	0.340028	0.00292431	0.0028379	0.0396624	0.000745911	0.123748	0.160453	0.0764786	0.0344716	0.00171533	0.000161258	0.000110322	
0.0366948	0.00144063	0.0166465	0.0405601	0.313475	0.0190388	0.00112812	0.0297315	0.0287846	0.366187	0.000807359	0.00979773	0.00310908	0.000869738	0.000299502	0.000723369	0.0072761	0.00439696	0.0155968	0.103436	
0.668312	0.00281021	0.000620527	0.00129507	0.00361529	0.00462814	0.0272167	0.0106949	0.0349383	0.00315963	0.0373634	0.0112832	9.70667e-05	0.0726115	0.0126396	0.081983	0.0137279	0.00063301	0.00665465	0.00571625	
0.0413628	0.00140185	0.254466	0.244173	0.000176189	0.0131516	0.00654846	0.00716002	0.0688776	0.00825107	0.0159764	0.065468	0.0011823	0.0744412	0.134067	0.0396293	0.0127045	0.0107272	0.000152636	8.27247e-05	
0.0220108	0.00435126	0.129487	0.241079	0.000157645	0.00885333	0.0124019	0.0027932	0.0573471	0.0127209	0.0150739	0.0246972	0.000138104	0.116338	0.206636	0.127875	0.0131522	0.00459991	0.000122096	0.000165563	
0.00348276	0.0161695	0.0109794	0.028957	0.0614535	0.00129837	0.128198	0.0780377	0.0164603	0.20903	0.0739553	0.0666307	6.16662e-05	0.0358195	0.0217941	0.0119657	0.0229935	0.0230655	0.000120287	0.189527	
0.0094154	0.000714526	0.0253723	0.0207571	0.0159012	0.366285	0.0413871	0.0172708	0.023604	0.0855626	0.017884	0.168513	0.00234159	0.151835	0.0145766	0.0276859	0.00385959	0.000367107	0.000158758	0.00650859	
0.000339979	0.0168386	0.000924122	0.000255164	0.011285	0.000127597	0.00095922	0.628798	0.000393513	0.105725	0.0393469	0.000950791	0.00205814	0.00091576	0.000116104	0.000192872	0.021195	0.168092	0.000132466	0.00135399	
0.0474867	0.0130091	0.0300436	0.0726107	0.0161487	0.019379	0.000599482	0.0079427	0.245936	0.0205089	0.00847772	0.00388801	0.210378	0.0665035	0.0800583	0.128603	0.0137883	0.00409685	0.000253381	0.0102876	
0.0818414	0.000397718	0.00315593	0.0184351	0.658577	0.00806978	0.0263474	0.0150987	0.044311	0.0672966	0.00149834	0.00251834	0.000112145	0.000836353	0.000182164	0.000517495	0.010101	0.00977311	0.00429383	0.046637	
0.00364018	0.000865302	0.00611056	0.0120621	0.183667	0.000569389	0.000728823	0.177582	0.00597959	0.380361	0.130494	0.000818468	0.000339313	0.00813112	0.0144334	0.0170408	0.000639065	0.0237977	0.000882796	0.0318577	
0.000333916	0.0283079	0.000134835	0.446779	0.0680805	0.000183656	0.0798274	0.0226529	0.000210222	0.0314688	0.0234273	0.0446254	0.00483224	0.000298087	0.0119505	0.0394008	0.0515926	0.000324285	0.0108656	0.134704	
0.0405751	0.00031189	0.00198897	0.00139601	0.00469638	0.000143648	0.00460907	0.00268165	0.00479846	0.00244245	0.000974678	0.00257708	4.13809e-05	0.0382939	0.0042907	0.0313082	0.838554	0.00668463	0.00554671	0.00808497	
0.430685	0.0114728	0.000779151	0.000213298	0.0527754	0.000106299	0.0235615	0.025143	0.101457	0.011552	0.0197607	0.0187075	6.46676e-05	0.031067	0.21703	0.00431248	0.000200472	0.000222527	0.00355877	0.0473306	
0.04159	0.00743629	0.0191567	0.000122744	0.139839	0.0679111	0.0126467	0.000539725	0.539661	0.0403475	0.00400307	8.64763e-05	0.00332502	0.000275322	0.00053618	0.0196618	0.000612607	0.0128414	0.00656232	0.082845	
0.0765857	0.00239375	0.0668605	0.0989205	0.000533563	0.00720794	0.00701944	0.00322716	0.0103255	0.0418306	0.003346	0.118595	9.78457e-05	0.0876641	0.00358045	0.232873	0.221902	0.0128212	9.75505e-05	0.00411762	
0.109055	0.000745165	0.0185393	0.00418085	0.00957862	0.0735393	0.000268956	0.000278093	0.00877892	0.0360414	0.00849545	0.302264	0.00331309	0.00739378	0.0113878	0.383834	0.00269678	0.007356	0.00930822	0.00294429	
0.0552135	0.00489831	0.0415555	0.104848	0.00340114	0.00451551	0.0261348	0.0957958	0.0726215	0.0373521	0.00976687	0.029161	4.92452e-05	0.10902	0.031673	0.109433	0.217996	0.0352934	0.000441607	0.0108296	
0.0237552	0.082762	0.00134673	0.00535059	0.0184652	0.00238241	0.032381	0.00198682	0.00863901	0.00587772	0.0165091	0.617126	0.00109695	0.0636033	0.00035899	0.0250523	0.0167186	0.0671604	0.00910714	0.000320321	
0.00444226	0.0226417	0.00039629	0.00146953	0.000400039	0.000124129	0.019045	0.151647	0.00607521	0.000129144	0.00036611	0.00188268	0.00416673	0.0358838	0.000472799	0.00198815	0.00141748	0.695033	0.0125063	0.0399125	
0.00174237	0.00072936	0.131017	0.623972	0.00147459	6.72952e-05	0.00681628	0.000307647	0.0531719	0.000172415	0.000502834	0.046605	0.00204541	0.0416223	0.0141931	0.0238702	0.0287781	0.0071276	0.00224006	0.0135446	
0.0186245	6.77594e-05	0.113112	0.32796	0.00213346	0.00531734	9.15851e-05	0.00862642	0.0429077	0.0182073	0.000366273	0.00499953	0.0141353	0.218271	0.00559388	0.142039	0.0736987	0.0010365	0.00152615	0.00128582	
0.466555	0.0146157	0.00115576	0.000428324	0.00783422	0.000304191	0.0272449	0.0464518	0.0467285	0.00954868	0.148186	0.0288762	7.85618e-05	0.0515231	0.0165472	0.0405089	0.00410448	0.061533	0.0059315	0.0218437	
0.0267999	5.53248e-05	0.00932726	0.016103	0.65305	0.0584308	0.000868955	0.00140432	0.0767302	0.000606881	0.00951545	0.00146257	0.00191992	0.0533191	0.0497761	0.000169514	0.0165789	0.00010823	0.00335825	0.0204151	
0.00147852	0.0157697	0.00914789	0.0248566	0.0676708	0.00106306	0.123414	0.0802942	0.014103	0.227209	0.0778679	0.0642546	4.59537e-05	0.0320592	0.0222453	0.0136634	0.0181517	0.0235334	0.000103026	0.183068	
0.0562318	0.00593474	0.0434226	0.10071	0.00702196	0.00493274	0.036534	0.0979591	0.0478398	0.0492832	0.0152335	0.0345744	7.74413e-05	0.0926512	0.0215949	0.109001	0.212793	0.0374855	0.000450312	0.0262688	
0.00358676	0.00855783	0.00495138	0.000663899	0.0140171	0.00044325	0.000597143	0.27079	0.00491634	0.331709	0.246794	0.00075988	0.000101396	0.000443371	0.000133018	0.000535611	0.000287622	0.0711009	0.000211959	0.0393987	
0.63764	0.00137281	0.00048046	0.00037655	0.00281792	0.00318211	0.0228866	0.000858623	0.00363143	0.0497405	0.00615302	0.00116199	0.000110121	0.0288839	0.000731016	0.0514052	0.162717	0.0171612	0.0016681	0.0070216	
0.0703558	0.00379202	0.0229953	0.0720816	0.000654753	0.0174837	0.0253577	0.00394254	0.340028	0.00292431	0.0028379	0.0396624	0.000745911	0.123748	0.160453	0.0764786	0.0344716	0.00171533	0.000161258	0.000110322	
0.0623274	0.000209425	0.214431	0.246232	0.00024035	0.0235694	0.0100092	0.0101785	0.048672	0.0179213	0.036239	0.116351	0.00427092	0.0730585	0.0741358	0.0202621	0.0252593	0.0162899	0.000258248	8.43829e-05	
0.000229916	0.016817	0.000860078	0.000255489	0.0113624	0.000129024	0.000935346	0.627789	0.000388878	0.106177	0.0386116	0.000975252	0.00209005	0.000931601	0.000119967	0.000191729	0.0213457	0.169317	0.000134167	0.0013392	
