0.0433753	0.00186401	0.00025533	0.0361766	0.0261222	0.0645569	0.0207428	0.00195676	0.117245	0.000301589	0.026656	0.000369603	0.00199652	0.00209822	0.0035272	0.000333705	0.0376437	0.00170119	0.0101486	0.602929	
0.000117415	0.00846745	0.723818	0.0203349	0.0389134	0.000547058	0.00228871	0.0128099	0.000943726	0.0098241	0.0142865	0.000141179	0.00205475	0.00057866	0.0124394	0.0776504	0.0688047	0.000112475	0.00578861	7.86845e-05	
0.0450667	0.000608882	0.00201041	0.00132753	0.161181	0.000402342	0.273836	0.000118328	0.00105327	0.0996388	0.0411942	0.00641653	7.46501e-05	0.000335711	9.02809e-05	0.0992819	0.0115778	0.0121197	0.000361057	0.243305	
0.00242694	0.0168758	0.00487275	0.00462673	0.00031314	0.00239449	0.000595503	0.0410244	0.00941389	0.831184	0.000576941	0.0205925	0.000143482	0.0154116	0.000242592	0.000628962	0.00659797	0.0154626	0.000138486	0.0264768	
0.00391824	0.000893871	0.0288297	0.0031483	0.729231	0.00165912	0.00519521	0.151074	0.000507182	0.026241	0.0273842	0.000537729	0.000353892	0.00481012	0.000221653	0.000301706	0.000245573	0.00758254	0.00690921	0.000956002	
0.0451364	0.00296085	0.00662223	8.13017e-05	0.150313	0.0368954	0.00998039	0.000244035	0.550455	0.00604147	0.000127522	5.41627e-05	0.00383494	8.78992e-05	0.0022789	0.00318988	0.000101945	0.0116907	0.0064486	0.163456	
0.000466584	0.00258082	0.000933533	0.00108642	0.00513159	0.000164404	0.000373631	0.146454	0.000599118	0.737566	0.0151276	0.00195215	8.51393e-05	0.000363316	9.01992e-05	0.000194702	0.00253659	0.0781577	0.000254472	0.00588209	
0.00119602	0.00463948	0.00296224	0.00199438	0.00417401	0.00080135	0.00118683	0.131124	0.00563885	0.722333	0.0122923	0.0091615	0.000217726	0.000901857	0.000505747	0.000242329	0.00718219	0.0838056	0.000184113	0.00945676	
0.000468516	0.0025816	0.000940859	0.00108727	0.00511643	0.000164404	0.00037246	0.146729	0.000597965	0.73702	0.0152107	0.00195367	8.52639e-05	0.000372437	9.34128e-05	0.000198955	0.00256079	0.0782559	0.000254463	0.00593525	
0.000188481	0.0131259	0.000330218	0.00049056	0.000118593	0.000105894	0.00323132	0.891823	0.000432665	0.0174486	0.000339622	0.00116274	0.000916589	0.00604393	0.000193016	0.00016991	0.000164181	0.0415726	0.00561444	0.0165277	
0.000508906	0.0204027	0.615422	0.0170151	0.0412209	0.000383905	0.000283118	0.00985811	0.00542505	0.0400548	0.0252401	0.106411	0.0110481	0.00654096	0.057633	0.0203518	0.00887274	0.000527206	0.0124852	0.000315644	
0.0287116	0.000336178	0.0232572	0.0141188	0.000681758	0.00472958	0.035807	0.0544324	0.0482858	0.000713689	0.036217	0.0556297	0.000105581	0.066006	0.0287217	0.589798	0.000369964	0.0110276	0.000355776	0.000695066	
0.0258084	0.000323315	0.000555144	0.000495008	0.0401583	0.55694	0.0287621	0.0156385	0.034233	0.0387708	0.0318789	0.085262	0.000852273	0.0621534	0.000148877	0.0394827	0.00366645	0.000314304	0.000800392	0.0337564	
0.00552602	0.052993	0.000819454	0.000562537	0.000628994	0.00017915	0.0262804	0.00107224	0.0803377	0.000227072	0.00133817	0.0659274	0.00516323	0.0490263	0.108021	0.0365186	0.0328027	0.507437	0.00923336	0.0159056	
0.0015355	0.000145511	0.000327481	0.000297802	0.126974	0.517239	0.0291089	0.010621	0.0503841	0.0196015	0.0240847	0.0273499	0.00645164	0.0363181	0.000710324	0.00690904	0.0164207	0.000139577	0.000605045	0.124776	
0.00016358	0.000162761	0.287479	0.0894377	0.000297091	0.0076351	0.0127006	0.00129735	0.00107795	0.000284934	0.00252665	0.00221813	3.91322e-05	0.0364555	0.00083105	0.410387	0.126336	0.0202378	0.000281714	0.000150764	
0.016121	0.414713	0.0320615	0.0636299	0.000161048	0.000197137	0.0154307	0.00475341	0.0147644	0.00306271	0.027588	0.0919825	0.00032112	0.0614461	0.000117461	0.170799	0.0031238	0.0793232	0.000203399	0.000200465	
0.000466616	0.00265977	0.000933525	0.00108941	0.00514811	0.000164575	0.000368968	0.146346	0.000600489	0.737438	0.0151347	0.00195151	8.51393e-05	0.000362133	9.05814e-05	0.000194708	0.00255071	0.0781711	0.000254476	0.00598972	
0.0015941	0.0151374	0.00376685	0.00314888	0.000264045	0.000935598	0.000997162	0.0463637	0.0102124	0.835462	0.000480912	0.0183272	0.000141755	0.0135906	0.000240743	0.000331703	0.00763459	0.0154535	9.76099e-05	0.0258197	
0.0121014	0.00589132	0.0160363	0.00388165	0.10617	0.00206467	0.00649602	0.0261222	0.015467	0.628698	0.0217228	0.0182719	0.000829086	0.0169652	0.0278365	0.0453979	0.00145785	0.0321221	0.00344934	0.00901799	
0.0243776	0.000262121	0.123043	0.0585739	0.141301	0.00124561	0.000722861	0.000924825	0.000300688	0.000425157	0.000501191	0.0343319	0.000111335	0.000691832	0.512079	0.000260405	0.000409173	0.0228755	0.00018564	0.0773765	
0.02422	3.64e-05	0.000231092	0.0227506	0.584066	0.0709868	0.00279162	0.000104916	0.124526	0.000788508	0.0133616	0.000317616	0.00226814	0.0095999	0.0280335	9.76013e-05	0.0216559	0.000112833	0.00475018	0.0893012	
0.42229	0.0384516	0.00112475	0.000348387	0.00228126	0.00013798	0.0323184	0.00208724	0.00131449	0.000310285	0.000431409	0.00293524	8.66306e-05	0.0715871	0.00133037	0.302555	0.082281	0.0320276	0.00164685	0.00445471	
0.000282788	0.0146548	0.470833	0.152469	0.0480498	0.000158777	0.00025612	0.0282104	0.000739192	0.0500879	0.0262167	0.0031621	0.00992809	0.00643127	0.0220645	0.0461734	0.10745	0.000291634	0.0122669	0.000273203	
4.37669e-05	0.000105255	0.514751	0.0116347	0.036133	0.0361266	0.00134705	0.0164604	0.0583812	0.0168623	0.0214925	0.212797	0.00586151	0.0394827	1.06505e-05	0.0131439	0.0119969	3.89083e-05	1.21121e-05	0.00331825	
0.110757	0.0131357	0.0110308	0.103168	0.000188859	0.0121987	0.0260755	0.0308566	0.0264808	0.0667561	0.0151492	0.0254106	5.31673e-05	0.0567604	0.0398678	0.292496	0.131394	0.027471	0.000174095	0.0105754	
0.0248808	2.877e-05	0.000294092	0.0249549	0.552606	0.0771302	0.00455179	0.000174474	0.123928	0.000516442	0.0147985	0.000431031	0.00253302	0.0086716	0.0281806	0.000114752	0.0250977	0.000170586	0.00605576	0.104881	
0.00596319	0.0101886	0.00462077	0.157614	0.00193264	9.53855e-05	0.0464564	0.0194169	0.00902723	0.0165551	0.00885241	0.191579	0.0046222	0.0436831	0.00142309	0.167238	0.18556	0.124843	0.000125486	0.000202709	
0.00883543	6.60675e-05	0.205887	0.324224	0.000518927	0.045627	0.000322669	0.0160493	0.000753716	0.0164726	0.00218404	0.0872974	0.131467	0.00372013	4.46529e-05	0.0520561	0.0954973	0.004074	0.000395806	0.00450765	
0.0210288	0.00909253	0.0386649	0.0240835	0.00050053	0.0128595	0.0134182	0.00271789	0.00145861	0.000841844	0.00453775	0.284771	7.0984e-05	0.0491606	0.0284546	0.364253	0.138118	0.00473226	0.00027953	0.000956355	
0.0020465	7.18976e-05	0.000801929	0.0359547	0.252465	0.243097	0.0275231	0.00944575	0.0483348	9.05835e-05	0.0221253	0.00109467	0.000484372	0.0117276	0.00561221	0.0387027	0.00136915	0.000248829	0.00916134	0.289643	
0.00319052	0.00831574	0.00696201	0.00864747	0.000436287	0.0113635	0.00422332	0.728041	0.0410725	0.0730843	0.00144841	0.00173338	0.000862186	0.0127253	0.000270764	0.0081984	0.000540504	0.0432945	0.014146	0.0314435	
0.0431362	0.0101384	0.00353719	0.00249563	0.000371567	0.00044043	0.00579415	0.00072227	0.011637	0.0153794	0.000752258	0.0154165	0.0172821	0.0128335	0.000296215	0.595972	0.26225	0.000842161	0.000305718	0.000396617	
0.000155158	0.00716755	0.145576	0.0927046	0.0514336	0.0139363	0.0122085	0.000236793	0.000316502	0.0165418	0.000543936	0.00237076	6.57198e-05	0.0312145	0.000209667	0.000998157	0.564275	0.0169209	0.0101921	0.0329325	
0.000188481	0.0131259	0.000330218	0.00049056	0.000118593	0.000105894	0.00323132	0.891823	0.000432665	0.0174486	0.000339622	0.00116274	0.000916589	0.00604393	0.000193016	0.00016991	0.000164181	0.0415726	0.00561444	0.0165277	
0.00540078	0.0150633	0.000411452	0.000836868	0.000235651	0.000128295	0.0227502	0.333321	0.00243991	0.00181243	0.000547672	0.000897326	0.00237123	0.0717748	0.0021278	0.000758273	0.00974545	0.495176	0.0128438	0.0213568	
7.17412e-05	0.00705487	0.716128	0.0269982	0.0404683	0.000300205	0.00133412	0.0107671	0.000145106	0.0139702	0.0131176	0.000132862	0.0018443	0.000206211	0.0232122	0.0741202	0.0635329	6.99777e-05	0.00643692	8.88322e-05	
0.022582	8.3511e-05	0.101683	0.0617529	0.534071	0.0392241	0.0119032	0.000833842	0.0588558	0.000601662	0.0100573	0.0219286	0.00460988	0.0242877	0.074636	0.000168496	0.0228768	0.000149159	0.006946	0.0027491	
0.0578093	0.00891152	0.0246822	0.00104195	0.0778097	0.00157161	0.00175494	0.000450641	0.535047	0.00339561	0.00862369	0.00024307	0.00217387	0.01298	0.058374	0.00352763	0.0124649	0.0346103	0.000849453	0.153678	
0.00157493	0.00721357	0.0171125	0.00343179	0.0485291	0.000895146	0.0357645	0.601897	0.000446203	0.0159894	0.0210753	0.00164369	0.00098376	0.0175259	0.000281206	0.0398262	0.070914	0.0773142	0.0158716	0.0217105	
0.146026	0.00136744	0.0177997	0.00666014	0.019974	4.27899e-05	0.00176636	0.0028741	0.205328	0.000122715	0.00106093	0.0401912	3.48232e-05	0.0003689	0.488681	0.00215397	0.000739416	0.049326	0.000214313	0.0152687	
0.0115575	0.000485156	0.00204422	0.0872966	0.00169121	0.000354381	0.00327603	0.00787912	0.00471965	0.00419392	0.00057725	0.0250146	6.5415e-05	0.0293188	0.00640185	0.0342975	0.768782	0.00452809	0.00628227	0.00123441	
0.00403928	0.00289303	0.00327148	0.00423169	0.0468073	0.000663723	0.0019405	0.50391	0.00110328	0.186812	0.0283956	0.000776937	0.00012592	0.00100016	0.000198817	0.000432057	0.00913425	0.196424	0.00357231	0.00426784	
0.00328251	0.00858434	0.124303	0.607809	0.0138622	0.000102593	0.00426709	0.00394719	0.0168304	0.00113192	0.0199551	0.0357689	0.000688086	0.0257778	0.0109667	0.0125929	0.0573546	0.013988	0.0148552	0.0239324	
0.00148008	0.0143971	0.00598287	0.00192012	0.00069352	0.000852214	0.00329065	0.311009	0.00388709	0.404314	0.0393022	0.0125243	0.00033135	0.0224678	0.0123426	0.0108697	0.00573423	0.126761	0.000251206	0.0215891	
0.0134548	0.00144836	0.482962	0.14028	0.074993	0.0544723	0.0145848	0.00734934	0.00488423	0.00470865	0.0349707	0.050976	0.000505609	0.0710467	0.0249098	0.00167973	0.00301399	0.000252411	0.0131167	0.000390647	
0.00177111	0.000169738	0.0607468	0.0211045	0.00429641	0.647934	0.00362313	0.00406764	0.0552043	0.0110978	0.000590828	0.115273	9.80979e-05	0.0394407	0.0188394	0.0146896	0.00012575	0.000234252	0.00044392	0.000249256	
0.0148723	0.00233409	0.000256198	0.0844482	0.000401024	2.80006e-05	0.000581086	0.00374443	0.735346	0.0284055	0.000461725	0.0132947	2.53197e-05	0.0237682	0.0485831	0.0240215	0.0161808	0.00184798	0.000348339	0.00105122	
0.0313084	0.00163394	0.00279395	0.00313952	0.00202857	0.0103906	0.000862329	0.0448989	0.193018	0.00502146	0.0178662	0.0227145	0.000297029	0.0551221	0.236186	0.022324	0.219691	0.126433	0.00123142	0.00303868	
0.00740352	0.013163	0.000367096	0.000660793	0.000104751	0.000142722	0.000238846	0.451596	0.00125559	0.0286976	0.000231822	0.000367585	7.25178e-05	0.00672708	0.000111827	0.000204249	0.00763388	0.449625	0.00994537	0.0214509	
0.0464785	0.00296775	0.0066981	8.34551e-05	0.150278	0.0334897	0.00972998	0.00023458	0.553065	0.00585069	0.000135435	5.58189e-05	0.0036289	9.04528e-05	0.00232324	0.00300574	0.00010917	0.0117437	0.00637255	0.163659	
0.0447188	0.0142114	0.0948896	0.0685806	0.00555344	0.0583163	0.00156783	0.0423741	0.0135672	0.576748	0.0116244	0.0272377	0.000377233	0.00332294	0.000604064	0.000645937	0.0132621	0.00239218	0.000273925	0.0197323	
0.0757231	0.0198431	0.00788519	0.000616657	0.0153704	0.036715	9.24849e-05	0.0313211	0.000145123	0.000230682	0.0117862	0.0422755	5.09009e-05	0.48556	7.90632e-05	0.0492951	0.0879489	0.0910735	0.00676801	0.0372204	
0.000204687	0.0131273	0.000330033	0.000490165	0.000126102	0.000104574	0.00323135	0.891737	0.000432737	0.0174232	0.000339567	0.00115979	0.000913139	0.00604689	0.00019103	0.000171281	0.000162389	0.0417216	0.00561444	0.0164729	
0.000279428	0.00561916	0.148231	0.0919373	0.0251714	0.0142493	0.0132952	0.000447777	0.000356534	0.0200187	0.000530591	0.00246127	5.42574e-05	0.0342194	0.000209321	0.00221664	0.590883	0.0207423	0.012998	0.0160799	
0.459954	0.00366568	0.000452429	0.000247087	0.0617427	8.5983e-05	0.0172758	0.016954	0.145216	0.0179569	0.0155442	0.0428053	4.51645e-05	0.0264943	0.132374	0.00187803	0.000144474	0.000227947	0.00758263	0.0493532	
0.0700325	0.0212022	0.00919227	0.00119191	0.0178906	0.0347173	5.90663e-05	0.0318377	0.000152502	0.000198345	0.0169741	0.0395543	4.11988e-05	0.493108	9.6358e-05	0.0516727	0.0879657	0.0816971	0.00805263	0.0343641	
0.000285936	0.0110629	0.0489987	0.576736	0.0505329	0.000128166	0.00065901	0.0360331	0.000443083	0.0433569	0.0228024	0.0017947	0.00650005	0.000859071	0.028733	0.070865	0.0853804	0.000259983	0.0140004	0.000568199	
0.0255418	0.000797535	0.127229	0.0583355	0.139244	0.00131036	0.00102062	0.00078551	0.000303522	0.000461799	0.000488642	0.0334603	0.00011951	0.000700005	0.510692	0.000224095	0.000377419	0.0219598	0.000188538	0.0767597	
0.025061	3.20433e-05	0.000218606	0.0235808	0.577018	0.0741959	0.00288275	0.000108413	0.126606	0.000701987	0.0132405	0.000303668	0.00187369	0.0099196	0.0282576	9.43746e-05	0.0214891	0.000114671	0.00386609	0.0904355	
0.0695276	0.000728085	0.0163751	0.0129835	0.0716695	0.000244076	0.104463	0.00238208	0.0514662	0.000573819	0.00297335	0.0106709	0.00017964	0.00960091	0.543259	0.000744694	0.00157363	0.0816305	0.000721305	0.0182326	
0.0826691	0.0319125	0.00266636	0.00302333	0.0054403	0.000574262	0.0141773	0.0023159	0.000415807	0.00244865	0.000871879	0.00629451	7.06301e-05	0.105575	0.000237761	0.0315694	0.67942	0.0171046	0.00867261	0.00453965	
0.00134168	0.0107224	0.00314322	0.00294935	0.000184209	0.0020666	0.00252085	0.864298	0.00552606	0.0349204	0.000689872	0.00255116	0.000954915	0.00657582	0.000218886	0.00141518	0.000235246	0.0363718	0.00520613	0.0181086	
0.000218502	0.00662264	0.116741	0.0911887	0.0627747	0.0163964	0.0127316	0.000256214	0.00057775	0.0184256	0.000905722	0.0043169	6.66951e-05	0.0329219	0.000270825	0.000819738	0.574196	0.0211508	0.0104392	0.0289792	
0.0430445	0.0101366	0.00353952	0.00249806	0.000374358	0.000454088	0.00599593	0.000701702	0.0116625	0.015342	0.000752251	0.0154123	0.0171962	0.0128389	0.000293902	0.596151	0.262066	0.000846801	0.00029426	0.000399077	
0.413521	0.00282016	0.00119827	0.000793225	0.00105726	0.000194668	0.0234831	0.0127051	0.00113612	0.000847014	0.00105049	0.00862659	9.93737e-05	0.0829907	0.000429993	0.315633	0.125091	0.00286128	0.0034462	0.00201536	
0.0277736	9.29105e-05	0.000100779	0.0123762	0.0166799	0.0606683	0.000559823	0.00214203	0.160185	0.000830863	0.0115237	9.61485e-05	0.00231866	0.0296731	0.0338923	0.000108036	0.0117961	0.00200643	0.00319569	0.62398	
0.0279249	9.17354e-05	9.9911e-05	0.012093	0.0169061	0.0590654	0.00054063	0.00224712	0.160251	0.000341735	0.0121109	8.76111e-05	0.00232353	0.0305032	0.0340355	9.54016e-05	0.0114756	0.00176309	0.00296002	0.625084	
0.145732	0.00124937	0.0166938	0.00613231	0.022337	5.018e-05	0.00241944	0.00339432	0.201168	0.00012493	0.00109268	0.038666	4.2377e-05	0.000484141	0.492229	0.00210559	0.000757258	0.0511308	0.00019925	0.0139916	
0.00211667	0.000127732	0.000323352	0.000589212	0.0806917	0.607771	0.0217011	0.00971271	0.0458079	0.0187838	0.0264284	0.0142343	0.00613317	0.0389521	0.000413655	0.0189453	0.00883445	0.00017213	0.000423169	0.0978382	
0.720498	0.0057041	0.000356527	0.000661629	0.00280584	0.00525463	0.0196737	0.00277547	0.00351916	0.0250179	0.00785464	0.013552	0.000320822	0.0454501	0.00110882	0.0359287	0.0948554	0.00703374	0.00294415	0.0046842	
0.00116701	0.0168127	0.144627	0.000258421	0.00374941	0.0147682	0.560222	0.00116347	0.000267876	0.000178585	0.0232063	0.0487035	0.000114087	0.0785181	0.000126579	0.00399353	0.00405926	0.0801824	0.0176435	0.000238056	
0.0216329	0.000159276	0.000170847	0.000268933	0.164415	0.474605	0.015345	0.0180445	0.0506291	0.0365662	0.0209444	0.0281261	7.47791e-05	0.0414217	0.000160169	0.000777356	0.000534689	0.000130268	0.000307672	0.125686	
0.0764722	0.00900776	0.00245485	0.0139763	0.0131163	0.00116085	0.0177912	0.590183	0.00142693	0.00730448	0.000449151	0.000820356	0.00490103	0.0544766	0.000855086	0.000703007	0.000626048	0.175664	0.0114324	0.0171786	
0.00734252	0.00195268	0.00556474	0.000604035	0.0112699	0.00014335	0.000202027	0.591677	0.000673094	0.156977	0.0541714	0.000263186	3.82222e-05	0.000370245	0.000108978	0.000178121	0.00923867	0.153443	0.00211467	0.00366751	
0.000458654	0.00543873	0.00137186	0.00092213	0.00381861	0.000200781	0.000412567	0.172039	0.000809122	0.677524	0.0199144	0.00236458	0.000123185	0.00278446	0.00116931	0.00167362	0.00414331	0.0967665	0.000195224	0.00786976	
0.0233117	0.00717907	0.000305182	0.000449429	0.000234214	0.000124146	0.0140253	0.0564003	0.0200913	0.00111276	0.000476537	0.00105674	0.000521123	0.0515101	0.00326395	0.0108048	0.0732749	0.705977	0.0146564	0.015225	
0.0277881	0.00013927	0.000103671	0.0122372	0.0180075	0.0587353	0.000904956	0.0010964	0.156934	0.000215867	0.0123376	9.30524e-05	0.00248212	0.0293769	0.0324444	0.000104348	0.0125276	0.00141163	0.00325676	0.629804	
0.000174476	0.00819833	0.707951	0.0167972	0.0430516	0.000922033	0.00178229	0.0170198	0.00222717	0.0171269	0.0162993	0.000169873	0.00308065	0.0046922	0.0155467	0.0714106	0.0669972	0.000173977	0.00626981	0.000108991	
0.00189531	0.0160131	0.000617628	0.00198558	0.000272879	0.000238647	0.0197183	0.366301	0.00222054	0.00471417	0.000565416	0.000821925	0.00238333	0.0494888	0.0010004	0.000664865	0.0394914	0.448974	0.0156195	0.0270132	
0.0116881	0.000971045	0.00408392	0.0813495	0.00228921	0.000961633	0.00427883	0.00871091	0.00386083	0.00259129	0.000532319	0.0225243	7.79958e-05	0.0372322	0.00543627	0.0336635	0.767238	0.00414769	0.00693079	0.00143147	
0.0127641	0.0230949	0.33607	0.145271	0.000181959	0.00292682	0.00014867	0.000991765	0.0552615	0.00746666	0.000201173	0.201509	3.11097e-05	0.0445058	0.0596602	0.0916197	0.0112169	0.00643268	8.31639e-05	0.000563682	
0.0660342	0.00177965	0.113291	0.162058	0.00212062	0.0303677	0.0280704	0.0162073	0.132319	0.0193545	0.0117259	0.0322875	0.0335276	0.102467	0.149028	0.0592089	0.0293421	0.00630884	0.0011412	0.00336106	
0.0165265	0.000296605	0.0944219	0.242737	0.000811954	0.000710046	0.00383538	0.00757394	0.305056	0.0378998	0.015821	0.00578398	6.86088e-05	0.120717	0.0928245	0.0198724	0.0116217	0.0219302	0.000153966	0.00133776	
0.000135717	0.000165341	0.287628	0.0905722	0.000290547	0.00743266	0.0122536	0.00114189	0.0012113	0.000288121	0.00281669	0.00214559	4.1003e-05	0.037214	0.000813838	0.41022	0.123905	0.0212827	0.000275913	0.000166136	
0.030067	9.74824e-05	0.0346208	0.0588334	0.540382	0.0495374	0.0132973	0.000345232	0.0861261	0.00236115	0.0113565	0.0211884	0.0059152	0.0281134	0.0575088	0.000216226	0.0444899	0.000173641	0.00487129	0.0104984	
0.0165942	0.0180864	0.228499	0.242005	0.000246745	0.00614249	0.000139824	0.0016064	0.0481099	0.00497349	8.56014e-05	0.226206	2.78074e-05	0.0425529	0.0814356	0.0561183	0.0205975	0.00549682	6.33009e-05	0.0010132	
0.00441458	0.00819501	0.0138314	0.00924539	4.9798e-05	0.00358237	0.0395649	0.000120162	0.00875266	3.90762e-05	0.00119273	0.84384	0.00158268	0.0138548	0.000537435	0.0386274	0.0095136	0.00155138	0.0014742	3.00932e-05	
0.0100572	0.0123572	0.000330062	0.000712655	0.000109775	0.000105758	0.000115882	0.480399	0.000922554	0.0363687	0.000168636	0.000352775	3.80366e-05	0.000888936	5.95079e-05	0.000179019	0.0067351	0.421606	0.00830598	0.0201876	
0.0800024	0.000104952	0.0683438	0.0277255	0.0330328	0.00765628	0.00874699	0.00174846	0.426105	0.000134152	0.00626362	0.00236491	0.0227445	0.0534291	0.152453	0.0464934	0.0356791	0.0126314	0.00056137	0.0137797	
0.000661012	0.000117772	0.0234444	0.0542638	0.119099	0.0516177	0.0100923	0.00220833	0.0739985	0.00652669	0.0158542	0.202136	5.7981e-05	0.154741	0.142767	0.0173929	0.0809253	0.0118171	0.000997862	0.0312819	
0.0175746	0.000315576	0.000640767	0.000297904	0.0437404	0.00013512	0.000456722	0.195994	0.0031398	0.433576	0.221518	0.000562868	5.57456e-05	0.000779834	0.000359918	0.00220742	0.000116814	0.047272	0.000214688	0.0310413	
0.0746755	0.00388589	0.00602431	0.161563	0.00454686	0.0311909	0.0481547	0.00920097	0.152053	0.00636163	0.00753904	0.0424339	0.00193717	0.143458	0.162122	0.0877306	0.0456971	0.00578129	0.0020936	0.00354986	
0.00060678	0.0294031	0.0534681	0.571112	0.0510607	0.000157386	0.000791068	0.0206085	0.00624493	0.00519771	0.0270868	0.101993	0.0016965	0.0242982	0.00745933	0.0346048	0.0464827	0.000882016	0.0126429	0.00420368	
0.0107911	0.0109582	0.000366726	0.000963975	0.000108267	0.000103851	0.000126901	0.491752	0.000992769	0.0384144	0.000180918	0.000412376	4.69153e-05	0.00128898	6.08283e-05	0.000191572	0.00840016	0.40593	0.0082324	0.0206779	
0.0165942	0.0180864	0.228499	0.242005	0.000246745	0.00614249	0.000139824	0.0016064	0.0481099	0.00497349	8.56014e-05	0.226206	2.78074e-05	0.0425529	0.0814356	0.0561183	0.0205975	0.00549682	6.33009e-05	0.0010132	
0.00413616	0.000272449	0.0463075	0.0644722	0.0586073	0.0200699	0.00676092	0.0043225	0.132834	0.00103365	0.0323618	0.0895491	0.000198609	0.134143	0.318154	0.0201848	0.0382654	0.00546777	0.000241019	0.0226177	
0.0048743	0.000188023	0.000202238	0.0155222	0.100018	0.0541836	0.33082	0.00824261	0.000190731	0.0117752	0.0419266	0.161649	0.00014769	0.0124043	0.000313883	0.000180798	0.0195033	0.00407162	0.0135223	0.220263	
0.687551	0.00663639	0.000986009	0.000992943	0.012784	0.000507084	0.022349	0.0832053	0.0106995	0.00668843	0.00948948	0.0157326	0.0182179	0.0178321	0.00329574	0.0277339	0.0515635	0.000651224	0.0144968	0.00858764	
0.00441458	0.00819501	0.0138314	0.00924539	4.9798e-05	0.00358237	0.0395649	0.000120162	0.00875266	3.90762e-05	0.00119273	0.84384	0.00158268	0.0138548	0.000537435	0.0386274	0.0095136	0.00155138	0.0014742	3.00932e-05	
0.0876527	0.00223191	0.179864	0.343046	0.000353828	0.0120765	0.0123569	0.042315	0.0544013	0.000192669	0.000781795	0.00946927	0.0651721	0.0191375	0.0101637	0.0622455	0.000789561	0.0938398	0.00305642	0.000853523	
0.000114095	0.00023343	0.250366	0.036875	0.0270739	0.149601	0.0182909	0.00268394	0.00141485	0.000929407	0.0180088	0.190273	0.00643963	0.0541054	4.97152e-05	0.119295	0.117189	0.0044643	0.00065911	0.00193284	
0.0235137	0.0070696	0.000286925	0.000446649	0.000237155	0.000125178	0.0140944	0.0565233	0.0205682	0.00108227	0.000479129	0.00109438	0.000530454	0.0500267	0.00328209	0.0111571	0.0741043	0.706145	0.0146733	0.0145602	
0.00596319	0.0101886	0.00462077	0.157614	0.00193264	9.53855e-05	0.0464564	0.0194169	0.00902723	0.0165551	0.00885241	0.191579	0.0046222	0.0436831	0.00142309	0.167238	0.18556	0.124843	0.000125486	0.000202709	
0.00132249	0.0126069	0.0158886	0.000383276	0.00216874	0.000840295	0.00507494	0.077274	0.431856	0.0473336	0.0105066	0.000808609	0.000213542	0.00308484	0.229566	0.000373047	0.0186876	0.114328	0.00110565	0.026577	
0.017112	0.000748008	0.000752553	0.000403485	0.0323056	0.000161232	0.000362245	0.194462	0.00356181	0.424155	0.238311	0.000541496	5.49539e-05	0.000626349	8.14127e-05	0.00187788	0.00013958	0.0514634	0.000427725	0.0324528	
0.00230007	0.0149361	0.00583874	0.00451591	0.000251776	0.0016046	0.00151855	0.048036	0.010292	0.82653	0.000496594	0.0209651	0.00014595	0.0134415	0.000253631	0.000327476	0.00807791	0.0147292	9.70188e-05	0.0256415	
0.000905503	0.0160173	0.00147875	0.00131741	0.000255225	0.000475319	0.00396287	0.172534	0.0115917	0.201575	0.000808864	0.0042341	0.000412343	0.00317501	0.0007443	0.000801312	0.00324994	0.54643	0.000692863	0.0293378	
0.0111266	0.00012746	0.000128799	0.000354856	0.17122	0.474619	0.0253345	0.0138145	0.0463296	0.0293392	0.0200178	0.0275337	0.00152159	0.0361026	0.000238005	0.000953692	0.00809281	0.000148874	0.000454093	0.132543	
0.0773595	0.0130712	0.000296231	0.0336713	0.0282656	0.0559972	0.000288073	0.000366367	0.000191038	0.0253051	0.0292228	0.546438	0.00689552	0.0844253	0.0266056	0.00300855	0.00247302	0.053359	0.012489	0.00027193	
0.126801	0.295809	0.0134136	0.000349499	0.000159191	0.000191721	0.000560571	0.0409173	0.00707958	0.0158548	0.000342948	0.19136	7.30915e-05	0.000371171	6.7104e-05	0.237657	0.0369228	0.0293236	0.00103974	0.00170527	
7.15888e-05	0.00705487	0.715916	0.0270234	0.0401218	0.000298742	0.00132904	0.0107677	0.000150642	0.0139693	0.0131187	0.000131723	0.00184323	0.000201976	0.023637	0.0741524	0.0636221	6.94634e-05	0.00643692	8.37978e-05	
0.0261902	0.0494383	0.156811	0.121816	0.00339623	0.00766095	0.013846	0.00654325	0.00232392	0.346978	0.121443	0.0377739	0.000715471	0.00317445	0.0164675	0.000377362	0.0186297	0.0162676	0.0373385	0.0128082	
0.046563	7.14317e-05	0.154809	0.295735	0.00022723	0.00478498	0.000537568	0.0114017	0.0647933	0.0280871	0.00862249	0.01886	0.0386573	0.18185	0.0290946	0.0276144	0.0572964	0.0268313	0.000182301	0.00398155	
0.104273	7.56099e-05	0.284931	0.207905	0.00677442	0.00400671	0.0278723	0.000145393	0.0226818	0.000784997	0.00430379	0.0754673	0.000125501	0.0199416	2.75429e-05	0.169793	0.0662755	0.00115189	0.00322963	0.00023375	
0.0148723	0.00233409	0.000256198	0.0844482	0.000401024	2.80006e-05	0.000581086	0.00374443	0.735346	0.0284055	0.000461725	0.0132947	2.53197e-05	0.0237682	0.0485831	0.0240215	0.0161808	0.00184798	0.000348339	0.00105122	
0.149288	0.00130367	0.0176579	0.00737326	0.0195177	4.30741e-05	0.00171534	0.00270049	0.20413	0.000122204	0.00128507	0.0410333	3.52114e-05	0.000368862	0.486696	0.00225139	0.000682347	0.0485378	0.000206126	0.0150527	
0.145865	0.0139173	0.0132996	0.0594505	0.0078862	0.000307498	0.0125399	0.0278497	0.0252206	0.0365811	0.0473572	0.00644756	6.50453e-05	0.277227	0.0198868	0.0158419	0.00929585	0.277229	0.00262169	0.0011111	
0.00882882	0.0122096	0.000394224	0.000640727	0.000145696	0.000147416	0.0188592	0.108055	0.00371667	0.000273176	0.000249377	0.000447511	0.00299047	0.0767841	0.00053007	0.00229137	0.0160316	0.715839	0.0120756	0.0194911	
0.033482	0.00115581	0.197514	0.106037	0.00329654	0.0136795	0.000948198	0.0100341	0.048022	0.070974	0.00437795	0.014325	0.0889669	0.0400616	0.0349773	0.225529	0.101088	0.00281864	0.000846646	0.00186602	
0.0486975	0.000291163	0.000314428	0.0813757	0.0507062	0.000174124	0.000634949	0.0177277	0.110794	0.0202239	0.00614387	0.000676723	0.0428502	0.0718578	0.0748926	0.0635668	0.259382	0.0198358	0.00123452	0.128619	
0.103903	6.7484e-05	0.283383	0.208166	0.00672633	0.00407211	0.0274557	0.000142589	0.0226611	0.000877066	0.00426945	0.07584	0.000123173	0.019767	2.64247e-05	0.170435	0.0673737	0.00117606	0.0032298	0.000305026	
0.0377462	0.00011013	0.127634	0.316089	0.000128725	0.00149279	0.000570449	0.00838445	0.100552	0.0260359	0.0106091	0.0122042	0.0207548	0.199042	0.0358248	0.017727	0.0499609	0.0311736	0.00019609	0.00376456	
0.317534	0.00083592	0.000319349	0.000903523	0.0112508	0.36307	0.0266706	0.00660829	0.0437937	0.00148329	0.0182714	0.0853575	8.15121e-05	0.0724417	0.00063095	0.00366895	0.000427106	0.0118342	0.00335413	0.0314631	
0.0165265	0.000296605	0.0944219	0.242737	0.000811954	0.000710046	0.00383538	0.00757394	0.305056	0.0378998	0.015821	0.00578398	6.86088e-05	0.120717	0.0928245	0.0198724	0.0116217	0.0219302	0.000153966	0.00133776	
0.0746755	0.00388589	0.00602431	0.161563	0.00454686	0.0311909	0.0481547	0.00920097	0.152053	0.00636163	0.00753904	0.0424339	0.00193717	0.143458	0.162122	0.0877306	0.0456971	0.00578129	0.0020936	0.00354986	
0.0255154	0.015434	0.00584767	0.0223141	0.344334	0.013016	0.00156499	0.0326603	0.0386227	0.343022	0.000852554	0.00352662	0.000371116	0.00279888	0.000420658	0.000426293	0.00284027	0.00800575	0.000902907	0.137524	
0.6687	0.0356197	0.000456336	0.00077569	0.00602901	0.00645083	0.0357439	0.0109914	0.0275188	0.0230824	0.0302459	0.0116319	0.000418355	0.0533841	0.00406159	0.0486516	0.020342	0.00135458	0.00929099	0.00525038	
0.0599014	3.40853e-05	0.229786	0.137476	0.00130748	0.0197311	0.00374071	0.0247377	0.125057	0.0304176	0.011947	0.0333056	0.0738938	0.0547785	0.0988811	0.0575598	0.0262084	0.00676676	0.000196365	0.0042734	
0.110757	0.0131357	0.0110308	0.103168	0.000188859	0.0121987	0.0260755	0.0308566	0.0264808	0.0667561	0.0151492	0.0254106	5.31673e-05	0.0567604	0.0398678	0.292496	0.131394	0.027471	0.000174095	0.0105754	
0.00607003	0.0296731	0.0104396	0.081078	0.0595613	0.0021645	0.231432	0.0349573	0.0427756	0.207613	0.0714247	0.0237106	0.000351323	0.0177811	0.00730352	0.000202708	0.00110416	0.00959764	0.000167308	0.162593	
0.001785	0.000169422	0.0607229	0.0212097	0.0042964	0.647534	0.00362195	0.00408841	0.0553908	0.0111865	0.000590828	0.115316	9.75901e-05	0.039562	0.0188354	0.0147023	0.000112772	0.000234678	0.00044392	9.93873e-05	
0.0102312	0.00208386	0.00444017	0.000792276	0.0122201	0.000157646	0.000520306	0.591631	0.000802895	0.151575	0.0631396	0.000263111	5.23118e-05	0.000822825	9.17997e-05	0.000127495	0.0127939	0.139755	0.00367978	0.00482083	
0.0599014	3.40853e-05	0.229786	0.137476	0.00130748	0.0197311	0.00374071	0.0247377	0.125057	0.0304176	0.011947	0.0333056	0.0738938	0.0547785	0.0988811	0.0575598	0.0262084	0.00676676	0.000196365	0.0042734	
0.128315	0.000259343	0.00718405	0.00357087	0.652	0.00247949	0.0107397	0.00584095	0.045804	0.0697369	0.00168744	0.0122219	0.000278747	0.00339435	0.000645505	0.000402616	0.0116869	0.005581	0.00329762	0.034873	
0.00229097	0.000236494	0.00975116	0.0338352	0.222984	0.00170823	0.00151013	0.201689	0.00113935	0.33673	0.106272	0.000484167	0.00015872	0.00353489	0.00521363	0.00368011	0.000200054	0.0117585	0.00198297	0.0548395	
0.00040756	0.0135176	0.00158545	0.505701	0.0963662	0.000179142	0.0184114	0.0280686	0.000274027	0.0380008	0.0274075	0.038613	0.00817127	0.000441444	0.0320019	0.0381389	0.0795601	0.000355394	0.0105532	0.062245	
0.0794211	0.0365383	0.00273825	0.00347852	0.00610037	0.000514783	0.0160742	0.00263225	0.000405492	0.00186704	0.000873765	0.00528595	6.80942e-05	0.102731	0.000229752	0.0319464	0.675887	0.021224	0.00743777	0.00454589	
0.507207	0.00297063	0.000453033	0.000418751	0.00692582	0.000131291	0.0214271	0.0253218	0.110176	0.0211709	0.0215844	0.0583428	4.78267e-05	0.0363951	0.166685	0.00434685	0.000268912	0.000255017	0.00964722	0.00622585	
0.0457009	0.00236654	0.00591785	8.61467e-05	0.153232	0.0415508	0.00958865	0.000250152	0.545319	0.00552224	0.000149049	6.46328e-05	0.00390921	9.34636e-05	0.00213511	0.00355139	0.000102172	0.0121317	0.00599353	0.162335	
0.0567116	0.000495139	0.139647	0.189078	0.000234562	0.00826059	0.0104393	0.00506536	0.00140002	0.0125244	0.00289416	0.183502	5.66292e-05	0.0264797	0.000566893	0.151545	0.195099	0.000584159	0.000447982	0.0149682	
0.230448	0.000165829	0.0476438	0.0005451	0.0139542	0.0244583	0.000287456	0.000333018	0.00932869	0.00718999	0.00302279	0.387574	0.000763636	0.00904293	0.0087881	0.251601	0.000433405	0.0010344	0.00112964	0.00225475	
0.0122428	0.000109305	0.0175528	0.0114654	0.0760077	0.000104571	0.0387199	0.174264	0.0158769	0.215333	0.0337425	0.0278272	1.7426e-05	0.0221486	0.0127498	0.073702	0.199925	0.0558833	0.000281876	0.0120455	
0.00451961	0.00809006	0.0136349	0.00924287	0.000364466	0.00365539	0.0394285	0.000124485	0.00876794	0.000121637	0.00121573	0.843504	0.00158194	0.0138883	0.000533194	0.0382991	0.00949955	0.00204693	0.00145372	2.77054e-05	
0.00461727	0.0154529	0.000788113	0.000994985	0.000196501	0.000188026	0.0199183	0.137975	0.000609901	0.000111218	0.000208431	0.000282618	0.00449196	0.0802632	0.000470895	0.000277381	0.000212792	0.696905	0.0137959	0.0222402	
0.0010609	0.0119014	0.118413	0.600622	0.0271355	0.000100426	0.00126754	0.00225706	0.0191928	0.00726007	0.013968	0.0249691	0.000824814	0.0247835	0.0374377	0.0231469	0.0618547	0.00385945	0.0144869	0.00545813	
0.0467674	0.00292009	0.12227	0.345438	0.00327383	0.00150919	0.00013041	0.0070128	0.0490071	0.027893	0.00991435	0.0259722	0.0252886	0.21659	0.0173549	0.0175732	0.0501918	0.0247309	0.00200485	0.00415816	
0.559566	0.00860558	0.000955399	0.000551359	0.00102793	0.00588101	0.0263376	0.0384041	0.00194317	0.0138991	0.162208	0.00785361	0.000116131	0.0399883	0.000931726	0.0287062	0.0125526	0.0723415	0.00271743	0.0154127	
0.020949	8.33735e-05	0.137744	0.067974	0.499745	0.0333688	0.0154346	0.00187684	0.0469827	0.000190839	0.0109699	0.0237118	0.00425242	0.0280848	0.0837847	0.000220381	0.0140158	0.00015354	0.00957822	0.000879003	
0.0122428	0.000109305	0.0175528	0.0114654	0.0760077	0.000104571	0.0387199	0.174264	0.0158769	0.215333	0.0337425	0.0278272	1.7426e-05	0.0221486	0.0127498	0.073702	0.199925	0.0558833	0.000281876	0.0120455	
0.110757	0.0131357	0.0110308	0.103168	0.000188859	0.0121987	0.0260755	0.0308566	0.0264808	0.0667561	0.0151492	0.0254106	5.31673e-05	0.0567604	0.0398678	0.292496	0.131394	0.027471	0.000174095	0.0105754	
0.0171392	0.000748327	0.000745437	0.000403743	0.0324321	0.00016072	0.00036178	0.194624	0.00357596	0.424421	0.237858	0.000545871	5.28376e-05	0.000619727	8.1329e-05	0.00187781	0.000137886	0.0514024	0.000427725	0.0323848	
0.672207	0.00196012	0.000594691	0.000894241	0.00552557	0.00296288	0.0188208	0.000633008	0.000473686	0.0467465	0.000658966	0.0235644	6.84914e-05	0.0396077	0.000195646	0.0308787	0.131894	0.00957649	0.00563933	0.00709738	
0.0746755	0.00388589	0.00602431	0.161563	0.00454686	0.0311909	0.0481547	0.00920097	0.152053	0.00636163	0.00753904	0.0424339	0.00193717	0.143458	0.162122	0.0877306	0.0456971	0.00578129	0.0020936	0.00354986	
0.0599014	3.40853e-05	0.229786	0.137476	0.00130748	0.0197311	0.00374071	0.0247377	0.125057	0.0304176	0.011947	0.0333056	0.0738938	0.0547785	0.0988811	0.0575598	0.0262084	0.00676676	0.000196365	0.0042734	
0.00733116	0.00190172	0.00562305	0.000617105	0.0115192	0.00014237	0.000207591	0.5927	0.000673081	0.155798	0.0544477	0.000263242	3.81796e-05	0.000331043	6.41572e-05	0.000133264	0.00934603	0.153314	0.00212013	0.00342971	
