0.00114444	0.00591969	0.00799957	0.00820308	0.051559	0.000226226	0.0287814	0.000312918	0.276733	0.000816757	0.000650232	0.151358	0.00019696	0.0833152	0.24687	0.00171908	0.0540657	0.0756159	0.000274795	0.00423816	
0.0215446	0.0356528	0.000618025	0.000647163	0.000671707	0.000201812	0.0530574	0.00205764	0.00423547	0.002016	0.00831899	0.00267594	9.78676e-05	0.0460067	0.00180283	0.000870511	0.119814	0.678362	0.00890732	0.0124411	
0.013024	7.02597e-05	0.000293594	0.0622094	0.375692	0.090121	0.000139324	0.00061695	0.052919	0.000178903	0.0538552	0.000224755	0.00559999	0.0614907	0.0304006	0.0044699	0.0502789	0.000819942	0.0302914	0.167304	
0.0376623	0.0001239	0.0835723	0.0657582	0.502517	0.0571142	0.0012958	0.00706789	0.0406678	0.0441486	0.0973224	0.0334483	0.000612539	0.010797	0.00142243	0.000265833	0.0124089	0.000247009	0.00340877	0.000139079	
0.00017201	0.000972647	0.667584	0.0387391	0.0454719	0.0132163	0.00449671	0.00219168	0.106259	0.00839412	0.0112255	0.0371646	0.00290136	0.0179001	0.000433412	0.0196601	0.0198393	0.00016047	0.00310356	0.000114738	
0.00119082	0.0452549	0.00246303	0.0157583	0.000404141	0.000889838	0.00598281	0.43577	0.00195996	0.0306609	0.0528329	0.000546104	0.051339	0.0202651	0.000540902	0.000417335	0.0150653	0.296684	0.00431516	0.0176594	
0.0679506	0.0113974	0.0424583	0.157877	0.00406511	0.00642101	0.00354221	0.0617126	0.141599	0.0102677	0.015617	0.0259289	0.0399919	0.0636405	0.0413896	0.116074	0.149651	0.0385377	0.000181217	0.00169769	
0.0252281	0.0257472	0.00165574	0.00445939	0.0168466	0.00748782	0.12634	0.540759	0.0592796	0.0260772	0.00061038	0.000767189	0.0277446	0.00995147	0.000687864	0.0117584	0.00596953	0.0791233	0.00393239	0.0255741	
0.0142216	0.000652717	0.23337	0.0125946	0.130678	0.316419	0.000120518	0.00107644	0.000657075	0.0329322	0.0626362	0.174118	0.00538152	0.0064562	0.000760701	0.000826675	0.000990344	0.000274882	0.00570453	0.00012872	
0.0200918	9.97968e-05	0.0863708	0.0239012	0.0035684	0.673784	9.40565e-05	0.00224438	0.0207862	0.00730138	0.000643945	0.103236	0.000416664	0.00487561	0.00303588	0.0432103	0.00543188	0.000311946	0.000525253	6.95965e-05	
0.0679506	0.0113974	0.0424583	0.157877	0.00406511	0.00642101	0.00354221	0.0617126	0.141599	0.0102677	0.015617	0.0259289	0.0399919	0.0636405	0.0413896	0.116074	0.149651	0.0385377	0.000181217	0.00169769	
0.0357322	0.00287883	0.143581	0.0255067	0.0190826	0.00069334	0.0112969	0.00844919	0.15905	0.0137184	0.00643081	0.0569572	0.329606	0.0098409	0.0166264	0.0538701	0.00740797	0.09309	0.00491966	0.00126162	
0.241626	0.00765556	0.00425876	0.0241979	0.00175005	0.00152044	0.00497452	0.166592	0.0291329	0.244758	0.00698648	0.00577952	0.00577956	0.143741	0.000742035	0.0151567	0.0293055	0.0474597	0.0116545	0.00692797	
0.00171799	0.00047322	0.00154833	0.00198324	0.0434162	0.764606	0.01567	0.00150008	0.0550445	0.00591975	0.0359506	0.00352464	0.00354517	0.033835	0.000761092	0.0104931	0.00210365	0.000446396	6.64444e-05	0.0173949	
0.00265018	0.000179788	0.0211804	0.0418197	0.0566091	0.000239099	0.0111993	0.0069744	0.0894214	0.0102709	0.0028777	0.0121384	0.0100494	0.00570274	0.654486	0.00276703	0.0474627	0.00864616	0.000301439	0.0150242	
0.00058906	0.0133286	0.000646352	0.00721397	0.00171412	0.000333628	0.00121775	0.845854	0.00188299	0.0304324	0.00051772	0.000286539	0.000357854	0.00237907	0.00030191	0.000214423	0.00969775	0.0746886	0.00185433	0.00648921	
0.0126481	0.00435415	0.00156258	0.125825	0.00811673	0.000187372	0.000706874	0.0920491	0.0553544	0.0534509	0.00338665	0.0200794	7.63002e-05	0.00521682	0.0164583	0.0187358	0.150193	0.391125	0.00121284	0.0392609	
0.00259163	0.000332294	0.00927393	0.00905126	0.316846	0.00182343	0.000241022	0.253063	0.00650626	0.0555507	0.31594	0.00119225	7.11639e-05	0.000526071	0.000141948	0.000359855	0.000872353	0.022443	0.00270536	0.000468096	
0.00778739	9.48686e-05	0.00175426	0.251581	0.118546	0.229385	0.00268271	0.0073349	0.128553	0.0237011	0.0265942	0.0956536	0.000140897	0.00575641	0.0108463	0.000177293	0.0716339	0.00226583	0.000487702	0.0150228	
0.00573625	0.00595909	0.0600941	0.0109233	0.00548396	0.00492572	0.00051298	0.00480641	0.0395083	0.770994	0.00574353	0.0288744	0.000148597	0.000587828	0.000211117	0.000582275	0.0353114	0.0100055	0.00102849	0.00856309	
0.0904918	0.000104541	0.00079965	0.023474	0.0691795	9.08837e-05	0.00656181	0.00149879	0.0389628	0.00078165	0.00388448	0.0296834	0.000196885	0.000363833	0.31535	0.000355412	0.00231341	0.0136946	0.000412004	0.401801	
0.213924	0.000153082	0.228197	0.0142739	0.0216642	0.172157	8.65322e-05	0.00015995	0.0824058	0.00706621	0.000159291	0.0686545	0.0162435	0.0109575	0.0106085	0.0967732	0.0340007	0.00653338	0.000316804	0.015665	
0.000233296	0.000991624	0.667051	0.0392823	0.0449933	0.0132479	0.00463449	0.00173853	0.106121	0.00876323	0.0108044	0.038114	0.00270299	0.0180187	0.000569395	0.01913	0.0201343	0.000159627	0.00319182	0.000118605	
0.0175947	0.0419354	0.0692541	0.00854029	0.000337851	0.000251057	0.00764999	0.192088	0.0768327	0.00545122	0.000602385	0.00193775	0.00281224	0.0206101	0.00233916	0.00123435	0.113484	0.423626	0.00918479	0.00423373	
0.0225287	0.033908	0.000667704	0.000755653	0.00119329	0.000193215	0.0526803	0.00132466	0.000441171	0.00236415	0.00725135	0.00016519	3.20002e-05	0.0484843	0.000218872	5.76587e-05	0.11686	0.689836	0.00958927	0.0114483	
0.0434381	0.000181499	0.0360335	0.00292774	0.00553971	0.000139105	0.000184043	0.0318789	0.523133	0.0252653	0.0077817	0.00517758	8.79707e-05	0.052937	0.190703	0.000661658	0.00405324	0.0522001	0.000187921	0.0174888	
0.000190936	0.082317	0.0245787	0.0317822	0.0174276	0.00403465	0.0347637	0.00119675	0.000473095	0.0173609	0.00307341	0.000223553	6.05362e-05	0.0808745	0.000371037	0.000488172	0.566195	0.115794	0.00580342	0.012991	
0.443074	0.161742	0.000191659	0.000362291	0.000227688	0.00660189	0.0693645	0.000124564	0.0298021	8.10969e-05	0.00140368	0.0281087	0.000393607	0.059945	0.000462095	0.0224428	0.0566484	0.104723	0.00672288	0.00757751	
0.0362222	0.0128814	0.0175623	0.68748	0.0811261	0.000200417	0.000403567	0.000129982	0.0813276	0.00833268	0.00867368	0.00402641	0.000189483	0.00577733	0.0422747	0.000870888	0.00971629	0.000253415	0.00231825	0.00023374	
0.0279514	0.0090839	0.000276828	0.03028	0.1326	0.0115819	0.000134477	0.000189467	0.000260391	0.0168192	0.135376	0.408282	0.029756	0.0714362	0.0121564	0.00380955	0.00033231	0.0245072	0.0850266	0.00014053	
0.00691154	2.50031e-05	0.0397767	0.0455396	0.542945	0.0298721	0.0897865	6.83316e-05	0.019157	0.000254276	0.0243401	0.0485119	0.00207898	0.0483791	0.0114635	0.000644933	0.00570822	0.000342205	0.0840219	0.000173497	
0.0218569	9.18273e-05	0.0102872	0.0602036	0.0752823	0.00016414	0.0083689	0.00622143	0.15645	0.00790404	0.00463451	0.0119053	0.00388477	0.00254795	0.512917	0.00138189	0.0296672	0.00865199	0.000450567	0.0771282	
0.260979	0.049052	0.00189107	0.0376474	0.000560428	0.00630769	0.0124494	0.00103861	0.0394754	0.0218721	0.0495626	0.147962	0.00490533	0.155238	0.147545	0.0284072	0.0213683	0.0118829	0.00120121	0.000654163	
0.00657111	0.00632021	0.0674196	0.0154605	0.00651861	0.0105039	0.00041305	0.0048313	0.0406247	0.752607	0.00435372	0.030927	0.000141995	0.000580828	0.000231885	0.000782427	0.034389	0.00862298	0.000939938	0.00775979	
0.220004	0.377565	0.0115225	0.0279748	0.000220072	0.00419015	0.0437815	0.000788064	0.0478035	0.0130978	0.059131	0.000935188	0.0013175	0.0482655	0.000116577	0.0388585	0.0104744	0.0937945	8.67881e-05	7.3371e-05	
0.00365793	0.00161082	0.0463316	0.0088041	0.00377186	0.00157687	0.0384418	0.011211	0.0123256	0.00298728	0.000568449	0.00174926	0.000149683	0.0460128	0.0167487	0.00833519	0.783671	0.0051338	0.00283353	0.00407858	
0.000785908	6.67545e-05	0.00176662	0.00744653	0.0844553	0.745957	0.0368994	0.00435153	0.044414	0.00171035	0.00865265	0.00782041	0.000941629	0.00613225	0.0225404	0.0063431	0.00274303	0.000915026	0.00019302	0.0158654	
0.0153743	0.000327503	0.0627657	0.665801	0.000328644	0.0154318	0.0066092	0.000156088	0.0203888	4.68525e-05	0.00264369	0.00872452	0.0426587	0.0968854	0.000136851	0.0136735	0.0321385	0.0135907	5.44658e-07	0.00231718	
0.0292973	0.000130212	0.000349867	0.107623	0.000379749	8.41719e-05	0.0754466	0.000171912	0.403071	0.0257191	0.003041	0.0381049	0.029756	0.0971299	0.116917	0.0357986	0.0236018	0.00884833	0.000394822	0.00413418	
0.000711843	0.000110265	0.00551616	0.00255767	0.061627	0.711412	0.00808269	0.00306727	0.0446442	0.000702579	0.00394404	0.0226255	0.00289158	0.0754817	0.00902872	0.00806158	0.00236551	0.00490894	0.00012087	0.03214	
0.000355647	0.00014023	0.000410401	0.0107817	0.343716	0.000287445	0.000964957	0.0677056	0.0327088	0.0996892	0.0218303	0.0100747	0.0318392	0.143873	0.00434139	0.000369001	0.0373182	0.086136	0.00362876	0.10383	
0.00203563	0.000579337	0.00100678	0.000656481	0.0325769	0.781465	0.0157675	0.000775549	0.039963	0.00465485	0.0431476	0.00148572	0.00240085	0.0479702	5.31428e-05	0.010939	0.000795084	0.000121026	3.68724e-05	0.0135694	
0.0548212	4.39512e-05	0.000156146	0.0837983	0.0608519	0.0119778	0.00160565	0.000379526	0.0364143	0.000189582	0.0178714	0.00103323	0.00319568	0.0127857	0.0783429	0.000109964	0.0141308	0.000884941	0.00445296	0.616954	
0.0315841	0.0170579	0.000358524	0.0357367	0.0925416	0.00109098	0.00276571	0.00150445	0.699654	0.0295256	0.00164076	0.000280987	0.00136235	0.0186034	0.00898305	0.00195603	0.00392525	0.0160741	0.0112916	0.0240625	
0.00233685	0.000280328	0.0152709	0.00506845	0.0400867	0.678353	0.00824856	0.00190264	0.0323537	0.00071339	0.0286805	0.0268406	0.0134328	0.0952783	0.00204818	0.00514495	0.0134222	0.00488741	0.000336997	0.0253138	
0.0109504	0.0546296	0.0342212	0.0550014	0.00150919	0.000233526	0.0286171	0.00318316	0.12967	0.0133407	0.0193849	0.000635331	0.00412254	0.0506165	0.000110394	0.427932	0.0214848	0.142063	0.000905206	0.00138973	
0.0679506	0.0113974	0.0424583	0.157877	0.00406511	0.00642101	0.00354221	0.0617126	0.141599	0.0102677	0.015617	0.0259289	0.0399919	0.0636405	0.0413896	0.116074	0.149651	0.0385377	0.000181217	0.00169769	
0.0255188	7.99488e-05	0.0342088	0.0712538	0.664328	0.0257084	0.00484071	0.00270461	0.0780011	0.00799633	0.00304935	0.0140414	0.00711718	0.0165293	0.0161194	0.000151255	0.0245427	0.00100469	0.00225416	0.000550577	
0.026992	0.00335977	0.000127242	0.0229256	0.108318	0.00504718	0.571094	0.0709604	0.0105223	0.000127944	0.0208069	0.00204172	4.08661e-05	0.000749782	0.00239209	0.00589231	0.0478974	0.0453891	0.0552447	7.09194e-05	
0.0739607	0.000210882	0.0569744	0.0395096	0.0708692	0.000183195	0.00227793	0.00362956	0.0133413	0.000485915	0.00648118	0.0302851	0.000166004	0.0012368	0.460011	0.000403864	0.00261515	0.024887	0.000607973	0.211863	
0.0119048	0.0224006	0.00084358	0.00110288	0.000254268	0.000283138	0.0127474	0.313547	0.000693895	0.00910429	0.000326155	0.000622911	0.0469815	0.00191849	0.000226162	0.0047992	0.000232924	0.54673	0.00624489	0.0190359	
3.62487e-05	0.0145295	8.81879e-05	9.66258e-05	0.000283494	1.78753e-05	0.0650639	0.840226	0.00233542	0.000973543	7.31605e-05	0.000607969	0.00398675	0.0306457	0.000667655	0.00187174	0.00127267	0.0172608	0.0100939	0.00986842	
0.000444384	0.00263958	0.0369535	0.159461	0.0220327	0.00776507	0.000335865	0.013596	0.0228247	0.00168765	0.0416033	0.0236682	0.568633	0.0218192	0.00914156	0.005797	0.0110105	0.0370125	0.00147328	0.0121009	
0.00063827	7.8053e-05	0.172973	0.0382219	0.0322765	0.209851	0.000495793	0.000213161	0.0423216	0.00120195	0.000759737	0.124156	0.000827694	0.317579	0.011557	0.0436406	0.000576727	0.000315474	0.000235037	0.0020813	
0.0131981	3.75493e-05	0.033604	0.0687576	0.602599	0.0299411	0.0421177	0.00027501	0.045606	0.00120053	0.0120902	0.0330101	0.00384526	0.0371178	0.0202122	0.000455409	0.0104863	0.000407526	0.04452	0.000518831	
0.0154367	0.0320661	0.104354	0.010409	0.00213559	0.0122593	0.0133648	8.60204e-05	0.000564935	0.00888448	0.618638	0.113412	0.00618817	0.0283425	0.00032265	0.012733	0.000424595	0.00938995	0.00137872	0.00960953	
0.228309	0.020442	0.00817943	0.0186977	0.000489564	0.00316297	0.000701794	0.412823	0.00197732	0.239373	0.0105873	0.000971615	0.000399943	0.00483634	0.000378053	0.00107742	0.001144	0.020976	0.00823903	0.0172345	
0.0236969	0.0310162	0.0598994	0.000119749	0.0713798	0.0906727	3.42429e-05	0.0179515	0.000127042	9.75716e-05	0.054359	0.0269477	2.35684e-05	0.476875	0.000491877	0.0176754	0.0681129	0.036796	0.0107629	0.0129605	
0.00199382	0.00056149	0.00101452	0.000666327	0.0330082	0.779096	0.0161165	0.000816742	0.0399702	0.00467858	0.0433537	0.00192105	0.0027387	0.0481323	6.64007e-05	0.0108876	0.000937345	0.000137575	3.93989e-05	0.0138638	
0.000390646	0.0164649	0.528231	0.000219282	0.0830875	0.000159877	0.000144911	0.00941485	0.0267239	0.0275031	0.0639577	0.0086562	0.014159	0.0785322	0.0202261	0.0309233	0.0822503	0.000443792	0.00840542	0.000106068	
0.037279	9.7579e-05	0.00864089	0.155054	0.534612	0.0265509	0.00599045	0.0298351	0.0417636	0.000137262	0.00368464	0.00257848	0.0132684	0.0497167	0.0331779	0.000372123	0.00396625	0.00034925	0.0436601	0.00926533	
0.000179589	0.00021455	0.0401398	0.0913911	0.00201673	0.000694121	0.036272	0.000212967	0.000753252	0.00620465	0.000904193	0.000319028	8.06603e-05	0.0659166	0.000246981	0.0416008	0.648115	0.0595388	0.00441837	0.000780573	
0.260402	0.0491414	0.00186373	0.0375571	0.000559395	0.00630198	0.0126693	0.000393141	0.039701	0.0211424	0.049806	0.148927	0.00489492	0.154738	0.14855	0.028382	0.0213298	0.0117823	0.00120135	0.000655515	
0.000950936	7.3117e-05	0.00220893	0.00836827	0.0772527	0.744737	0.0420266	0.00471493	0.0501521	0.0021301	0.00877727	0.00610952	0.000643522	0.00472046	0.0247733	0.00698811	0.00218827	0.000884787	0.000184981	0.0121148	
0.000372392	0.00223193	0.229954	0.000584783	0.0252294	0.00669565	0.000732175	0.000277379	0.0156011	0.0211469	0.00484318	0.609016	0.000402965	0.0378599	0.000485895	0.0150011	0.0177891	0.00128609	0.010274	0.000216244	
0.00198136	0.000554632	0.00113223	0.000645599	0.0349185	0.776057	0.016132	0.000784497	0.0394638	0.00482473	0.0424619	0.00208032	0.00250946	0.0500505	7.33503e-05	0.0106552	0.00116268	0.000147205	7.09812e-05	0.0142943	
0.00374233	0.000774878	0.047547	0.00994796	0.0039109	0.000510515	0.0398209	0.0111986	0.0122547	0.00299006	0.000535196	0.00164794	0.000155521	0.0462425	0.0175858	0.00879385	0.781079	0.00507687	0.00203628	0.004149	
0.00203108	0.000622521	0.00101695	0.000656266	0.0325486	0.77896	0.0171701	0.00162355	0.0395405	0.00469345	0.0422658	0.00171665	0.00252764	0.0493361	5.83256e-05	0.0108103	0.00103952	0.000130154	3.59288e-05	0.0132164	
0.00213677	0.00743317	0.00170758	0.185789	0.0815873	0.00163417	0.00877392	0.00276099	0.458429	0.0159786	0.00360475	0.000216156	3.3399e-05	0.00044137	0.10203	6.20128e-05	0.0136512	0.0082945	0.0019136	0.103522	
0.0254586	0.0144677	0.0370559	0.0654902	0.004573	0.000105811	0.0379421	0.000134186	0.0420087	0.019409	0.0788237	0.000183739	0.00696877	0.0490354	5.55258e-05	0.566215	0.00141995	0.0462861	0.00225204	0.00211471	
2.65978e-05	0.0157933	6.87773e-05	2.8418e-05	0.000187816	1.17934e-05	0.0723305	0.826852	0.00225393	0.000280707	5.60023e-05	0.000849992	0.00612031	0.034976	0.000817754	0.00195631	0.00110587	0.0148055	0.0106948	0.010784	
0.0553256	4.19168e-05	0.000152225	0.0832528	0.0592838	0.0112847	0.00171853	0.000386115	0.0343375	0.000179807	0.0180444	0.00110807	0.00315976	0.0118755	0.0805419	0.000110081	0.0130071	0.00095338	0.00385319	0.621384	
0.000660368	7.96782e-05	0.0019239	0.00522568	0.094206	0.729304	0.0283359	0.00456174	0.0403879	0.00189948	0.00760542	0.0100949	0.00196487	0.0231107	0.0188319	0.00597733	0.00322236	0.00132484	0.000155526	0.0211273	
0.0949221	0.000317836	0.0286969	0.129135	0.000272197	0.0724352	0.0204632	0.0013138	0.166635	0.0184427	0.0193575	0.145265	0.0286983	0.0240549	0.0865818	0.110228	0.048228	0.000302457	0.000250351	0.00440026	
0.0028353	0.00033305	0.0061029	0.00659184	0.00134506	0.00390734	0.003854	0.0113326	0.663624	0.006093	0.000338992	0.00858236	0.0126515	0.0100266	0.112578	0.0303744	0.0827199	0.0345642	0.000703632	0.00144195	
0.0116542	3.36206e-05	0.0349611	0.0414941	0.536416	0.0292042	0.0899173	0.000109715	0.0259234	0.00031291	0.0210079	0.0478916	0.00278688	0.0535474	0.0162095	0.000595077	0.00732121	0.000676911	0.0797232	0.000214254	
0.271274	0.0026254	0.0946532	0.136124	0.0158354	0.000319777	0.000276335	0.012628	0.0450618	0.000220132	0.0275792	0.118912	0.209672	0.00910677	0.0289213	0.0139175	0.00563717	0.00076778	0.00472925	0.00173824	
0.00038738	0.0132592	0.00285064	0.537815	0.0786056	0.000180117	0.0155398	0.0176119	0.000458443	0.0152149	0.047064	0.0152162	0.0577646	0.00305889	0.0157253	0.0495246	0.111665	0.000384021	0.00723975	0.0104341	
0.00780136	0.000203572	0.0141998	0.000611994	0.00318544	0.00432626	0.000243216	0.000255646	0.0170917	0.00235675	0.0263955	0.846912	0.000103985	0.0190708	0.00013332	0.0406907	0.00926132	0.000370987	0.00660881	0.000177283	
0.0250356	6.67745e-05	0.0639328	0.0710358	0.647552	0.0421206	0.00268075	0.00169053	0.05343	0.0103606	0.00381683	0.0315495	0.00201312	0.0127309	0.00461749	0.0001922	0.024641	0.000663313	0.00150537	0.000364422	
0.0679506	0.0113974	0.0424583	0.157877	0.00406511	0.00642101	0.00354221	0.0617126	0.141599	0.0102677	0.015617	0.0259289	0.0399919	0.0636405	0.0413896	0.116074	0.149651	0.0385377	0.000181217	0.00169769	
0.00833581	0.00542314	0.00744027	0.125182	0.0157444	0.122989	0.0225133	0.0751135	0.0217295	0.422441	0.00685088	0.0801618	0.000187093	0.000583448	0.00957678	0.00116776	0.0110835	0.0595015	0.000527346	0.00344794	
0.0107214	0.000379497	0.00537668	0.00783794	0.000507529	0.00446139	0.00376206	0.0121418	0.647202	0.00592907	0.000335252	0.00861444	0.0119676	0.0111033	0.114507	0.0314043	0.0822219	0.0401532	0.000360047	0.00101369	
0.0435151	0.035725	0.000164953	0.0181999	0.0636521	0.0194748	0.520256	0.0627361	0.0143416	0.000157152	0.0225556	0.00113052	5.02174e-05	0.00176618	0.000978754	0.0300873	0.0691756	0.0682109	0.0277297	9.26706e-05	
0.024201	9.14691e-05	0.132571	0.0351281	0.0463543	0.010514	0.00024557	0.0108742	0.0185542	0.0224284	0.000904086	0.0389741	0.00872461	0.00166504	9.09142e-05	0.102486	0.433189	0.0658275	0.00441222	0.0427648	
0.023641	0.0138648	0.00589928	0.0180044	0.0139816	0.367508	0.00141974	0.00603959	0.271511	0.000538318	0.0242123	0.0513085	1.75824e-05	0.0108567	0.134506	0.00931514	0.0224301	0.0148765	0.000172879	0.00989612	
0.0886225	0.00019045	0.00147896	0.0285162	0.00455777	0.0203417	0.00013622	0.0225902	0.150208	0.00393026	0.0266174	0.00132632	0.562791	0.00682451	0.0411543	0.00929265	0.00022571	0.0223866	0.000356072	0.0084531	
0.00204609	0.00057138	0.00104449	0.000648945	0.0343613	0.777354	0.0165167	0.000763318	0.0396192	0.00456799	0.0433191	0.00183256	0.00251993	0.0489747	7.20508e-05	0.0107212	0.00106559	0.000145083	4.25941e-05	0.0138135	
0.0219286	0.148621	0.000651403	0.0100195	0.0038478	0.000301854	0.000349201	0.209069	0.0207457	0.253704	0.0336943	0.0027737	7.91489e-05	0.0108373	0.00491073	0.00530473	0.146995	0.117523	0.00269157	0.0059523	
0.00424158	0.00650979	0.0566562	0.00934178	0.00522516	0.00235072	0.000407208	0.00539921	0.0402889	0.77626	0.00454828	0.0283828	0.000134408	0.000603262	0.000230896	0.000811027	0.0378668	0.0108535	0.00123024	0.00865821	
0.000558622	0.0044677	0.069186	0.112728	0.00060456	0.0229676	0.0307327	0.0171572	0.0471391	0.000640782	0.0504701	0.0270041	0.000185242	0.0586193	0.0237056	0.485948	0.000639677	0.0460668	0.000776308	0.000403358	
0.0216344	0.00936354	0.0885777	0.0368034	0.065529	0.0871624	0.0320801	8.13321e-05	0.000307572	0.000164094	0.419384	0.0735864	0.011715	0.0798863	0.000243059	0.050943	0.00165914	0.00026521	0.0041598	0.0164545	
0.421778	0.0144169	0.00100356	0.00052913	0.0908266	0.000238123	0.047393	0.0418267	0.0499007	0.0282049	0.0237153	0.0215539	9.90153e-05	0.0270364	0.0799192	0.000175786	0.000252563	0.00288413	0.00598734	0.142259	
0.557876	0.00612271	0.00176843	0.000702735	0.0146203	0.000396389	0.0619155	0.0117271	0.0249152	0.00679522	0.049533	0.038456	0.000147161	0.0652032	0.011502	0.132317	0.00683772	0.000515402	0.00279303	0.00585565	
0.00205081	0.000575827	0.00103284	0.000650584	0.0350025	0.775741	0.0161203	0.00108493	0.0397784	0.00491772	0.0432288	0.00149939	0.00247277	0.049613	5.2802e-05	0.010731	0.0015478	0.000136209	3.63417e-05	0.0137265	
0.0514966	0.00124793	0.00270217	0.025547	0.00807735	0.0113569	0.000295065	0.0259177	0.111054	0.00201972	0.0342876	0.0448405	0.553244	0.00900639	0.0776311	0.00881901	0.000304613	0.0232951	0.00364645	0.00521097	
0.00117121	0.0027229	0.180396	0.00140676	0.0815655	0.0571976	0.0198183	0.000331588	0.00064566	0.00958152	0.10321	0.510984	0.00596885	0.00682366	0.000764467	0.00626252	0.000692607	0.00155657	0.00875346	0.000147291	
0.00018529	0.000174322	0.0399868	0.0920342	0.00178235	0.000682793	0.0357323	0.000209797	0.000813856	0.00574912	0.000932959	0.000317246	8.01366e-05	0.0663417	0.000239485	0.0416635	0.648581	0.0593727	0.00434972	0.00077047	
0.0238571	0.0328324	0.0573876	0.000121564	0.0714958	0.0909622	3.20599e-05	0.0191441	0.000134031	0.000122248	0.0536588	0.0265835	2.75897e-05	0.47573	0.00048306	0.0175287	0.065906	0.0413582	0.0106545	0.0119806	
0.00189591	0.000534045	0.00158908	0.000736903	0.0324927	0.772159	0.0137598	0.000757821	0.0384921	0.00453123	0.0431814	0.00367888	0.0028846	0.0562753	0.000196741	0.010727	0.000994035	0.000257898	4.20357e-05	0.0148132	
0.0241286	0.0150193	0.038348	0.0642487	0.00373876	0.000105844	0.0380581	0.000139955	0.0440377	0.0199879	0.0784473	0.00017847	0.00675153	0.0495892	5.41303e-05	0.564247	0.00143047	0.0475922	0.00217894	0.00171721	
0.024108	0.0275532	0.0515686	0.00012917	0.0809302	0.0919656	3.75469e-05	0.0208536	0.000142602	9.62525e-05	0.0495757	0.0294483	3.11386e-05	0.478286	0.000680537	0.0160989	0.0666057	0.033384	0.0141078	0.0143974	
0.00613719	2.28144e-05	0.0418706	0.0403367	0.541593	0.0319876	0.0901522	7.74316e-05	0.0210297	0.000249176	0.0227017	0.0497185	0.00179937	0.0482587	0.0120303	0.000673246	0.00536822	0.000376078	0.0854263	0.000191516	
0.0198945	6.67292e-05	0.0221512	0.0883148	0.642428	0.028151	0.0126716	0.000763198	0.0667429	0.00276029	0.00835505	0.0167223	0.00607522	0.0323292	0.0217015	0.000233269	0.015915	0.000523677	0.012821	0.00137991	
0.0013256	0.0117536	0.00320136	0.0103849	0.00164042	0.00145984	0.000960773	0.848554	0.00233048	0.032179	0.000324436	0.000247097	0.000318573	0.00356833	0.00038912	0.000309954	0.00772977	0.0624124	0.00354976	0.00736028	
0.000326138	0.0687951	0.0291848	0.03667	0.0225967	0.00581934	0.0346063	0.00243612	0.0011972	0.020221	0.00258387	0.00034772	5.72439e-05	0.0767939	0.00108621	0.000744032	0.584258	0.0921923	0.00618983	0.0138943	
0.000213982	0.097014	0.0236709	0.0270681	0.010402	0.0029322	0.0367274	0.00103277	0.00040632	0.00535091	0.00362367	0.000289575	6.14379e-05	0.0848527	0.000263003	0.000721037	0.549458	0.143394	0.00624641	0.00627194	
0.247515	0.00468335	0.0285316	0.0364836	0.00241869	0.0223141	0.00545265	0.0222468	0.0836576	0.00253457	0.000258337	0.0101848	0.000932044	0.0235315	0.0348145	0.0409859	0.0868756	0.345573	6.78632e-05	0.000938589	
0.0629221	0.000125842	0.0982101	0.100609	0.000206267	0.00332224	0.000220219	0.00703763	0.237043	0.00998062	0.00155476	0.0258802	0.234998	0.0141709	0.102126	0.0250109	0.0399521	0.0358626	0.000627914	0.000139796	
0.0342741	0.213607	0.000550833	0.00397361	0.00022086	0.000418441	0.000345	0.000332413	0.00178638	0.0142074	0.000713902	0.00115813	0.012114	0.147841	0.000113602	0.00737973	0.538595	0.0203583	0.000308054	0.00170186	
0.0317537	9.42878e-05	0.0533877	0.0895781	0.0225394	0.00302103	0.000425135	0.000118033	0.000617506	0.00730876	0.0644977	0.00292793	0.403522	0.0160837	0.000128182	0.262334	0.025768	0.00183324	0.0136604	0.000400809	
0.00111094	3.42176e-05	0.00147043	0.0406119	0.312527	0.00480539	0.151688	0.00463327	0.00256786	0.000134338	0.0021653	0.0671923	0.000325949	0.0530506	0.0062492	0.00143976	0.00057932	0.00168081	0.342315	0.00541843	
0.000353659	0.0173629	0.588557	0.000252503	0.0881483	0.000149582	0.00012035	0.0012983	0.000851944	0.037398	0.0864749	0.0439987	0.0107667	0.0838159	0.0285693	0.00177485	0.00248061	0.000723693	0.00677834	0.000124592	
0.000760855	0.000207288	0.00966117	0.0011859	0.0493979	0.585588	0.00270733	0.00442053	0.0209792	0.00434584	0.0284396	0.0498159	0.00640965	0.171615	0.00252562	0.00726743	0.0052197	0.00253568	0.000114932	0.0468023	
0.0692866	0.000143495	0.0111991	0.037288	0.00415113	0.0116551	0.0109104	0.00725148	0.611401	0.0122283	0.0304298	0.00128247	5.2284e-05	0.000365255	0.152202	0.000302106	0.00328671	0.012222	0.000384957	0.0239578	
0.0564504	0.0251897	0.000170078	0.0256607	0.107591	0.0273715	0.589034	0.0133195	0.00513459	0.000162656	0.0401862	0.00750406	7.90597e-05	0.000536023	0.00113774	0.0159492	0.0110515	0.0275118	0.0458691	9.20954e-05	
0.0272261	0.368223	0.0423028	0.0252577	0.000155709	0.000122146	0.0258721	0.0834536	0.0205333	0.0221921	0.0350123	0.012891	0.0261632	0.0453127	0.000133507	0.000210975	0.103064	0.161695	8.79717e-05	9.00119e-05	
0.00155099	0.0352017	0.000774109	0.00064025	0.000516844	0.000124833	0.0597844	0.000442848	0.0392596	0.000236409	0.00121964	0.0277105	0.00678006	0.0842628	0.0268082	0.0597377	0.182002	0.458601	0.00618961	0.00815627	
0.00108195	2.44966e-05	0.0429984	0.0202362	0.448811	0.0543872	0.112545	6.75181e-05	0.0107254	0.000126826	0.0247515	0.081598	0.000626614	0.0538995	0.00710815	0.00165528	0.00100818	0.000244091	0.137994	0.000109979	
0.0292973	0.000130212	0.000349867	0.107623	0.000379749	8.41719e-05	0.0754466	0.000171912	0.403071	0.0257191	0.003041	0.0381049	0.029756	0.0971299	0.116917	0.0357986	0.0236018	0.00884833	0.000394822	0.00413418	
0.00138735	0.0300487	0.00054955	0.00043879	0.00116907	0.000155476	0.000768281	0.0792757	0.00279557	0.0731085	0.000348055	0.00242312	0.000136625	0.00107434	0.000203285	0.000611889	0.0142043	0.777552	0.000345811	0.0134033	
0.0260546	0.00365897	0.000329861	0.0344957	0.000692024	8.65883e-05	0.000923735	0.165796	0.149833	0.110833	0.00763246	0.00242906	4.78883e-05	0.00178491	0.0182578	0.021213	0.160793	0.292173	5.15392e-05	0.00291372	
0.00254562	0.00273976	0.181103	0.381148	0.0235853	0.00504281	0.000293052	0.00111306	0.0339396	0.0120044	0.0250208	0.0204687	0.00515024	0.0317763	0.0472227	0.216615	0.00110922	0.000221381	0.00880042	0.000100291	
0.00204199	0.000579602	0.00101202	0.000655357	0.0328215	0.779931	0.016157	0.000863421	0.0395789	0.00483496	0.0427839	0.00151283	0.00230726	0.0489335	5.47227e-05	0.0109791	0.00119603	0.000127288	4.14839e-05	0.0135878	
0.0293931	0.000319459	0.00593449	0.0140175	0.0611512	0.000665253	0.00974272	0.0157288	0.0676218	0.131712	0.482709	0.00219945	0.0030569	0.0483256	0.0130758	0.000210631	0.00933069	0.00704602	0.00041021	0.0973494	
0.0159356	0.00132193	0.535725	0.083513	0.00559296	0.0334608	0.00353849	0.00221177	0.0385306	0.0752882	0.020311	0.0838998	0.000495307	0.0122381	0.0252669	0.0528782	0.00262529	0.000325039	0.00668183	0.000159576	
0.00143713	0.0297126	0.000533807	0.000458494	0.00119315	0.000155416	0.000766814	0.0799958	0.00280644	0.0736595	0.000342703	0.00241793	0.000141524	0.000836847	0.000196584	0.000222924	0.0146141	0.776959	0.000343884	0.0132058	
0.00140576	0.0301672	0.000543326	0.00044561	0.00118648	0.000156745	0.000769097	0.0796923	0.00280345	0.0738566	0.000351081	0.00240355	0.000135833	0.000866959	0.000194009	0.000216459	0.0142774	0.776973	0.000348804	0.0132063	
0.0214203	0.000174627	0.118052	0.231626	0.0433288	0.000315275	0.00672611	0.00300841	0.144941	0.00183006	0.00672292	0.00398219	0.00033799	0.0154072	0.284561	0.0278027	0.0649872	0.018002	0.000392045	0.006381	
0.0511262	0.00637587	0.00302832	0.0197619	0.000341861	0.000167063	0.00556055	0.00530487	0.393096	0.0756341	0.0204801	0.0192578	0.00459133	0.0604373	0.0898146	0.15949	0.0825919	0.00240102	0.000160442	0.000378816	
0.000636631	0.0336798	0.00165683	0.00912337	0.00956053	0.00686269	0.00421363	0.530507	0.00298478	0.106357	0.110682	0.000441199	0.000531542	0.0145763	9.89274e-05	0.0104911	0.000344734	0.155987	0.000907442	0.000356904	
0.017377	0.00595953	0.000210847	0.56323	0.174879	0.0156692	0.0028564	0.00925466	0.0181857	0.00486333	0.0203607	0.00394832	0.000297618	0.00995135	0.031257	0.000750247	0.00106728	0.000275123	0.0413039	0.0783029	
0.0955408	0.000323838	0.0302376	0.111203	0.000299338	0.0763942	0.020561	0.000992932	0.176639	0.0175345	0.0147325	0.145727	0.0296652	0.0282949	0.0762266	0.122486	0.0469618	0.000769077	0.000362108	0.00504921	
0.025105	0.0271865	0.000345658	0.0646983	0.0608548	0.000126968	0.00800312	0.00595809	0.0666658	0.0950997	0.029639	0.0463693	0.00210516	0.178602	0.00363414	0.0159642	0.132627	0.145825	0.00142616	0.0897639	
0.0192103	0.000673921	0.0507469	0.0533133	0.0358716	0.617189	0.000554471	0.00056689	0.0559428	0.000351673	0.00149739	0.000500292	0.0748948	0.0101926	0.00729367	0.00512702	0.0526593	0.0111696	0.000405924	0.00183834	
0.0209167	0.000160773	0.116781	0.0146362	0.0163562	0.0105418	0.000263939	0.00474879	0.0350293	0.01942	0.00204985	0.047825	0.00816929	0.00313404	0.000336586	0.218607	0.403652	0.0593696	0.0017687	0.0162334	
0.0706428	0.000600006	0.0801803	0.0404744	0.000293247	0.131792	0.0122522	0.000389575	0.0747744	0.000599445	0.111601	0.0338085	0.0490938	0.120891	0.0717153	0.159723	0.0190668	0.00541252	0.00349671	0.013193	
0.0251099	0.000486472	0.00781311	0.0348477	0.0178187	0.025991	0.00350156	0.000145599	0.00922878	0.0019805	0.0299816	0.0743119	0.0370446	0.0425005	0.0735014	0.551342	0.0562059	0.00504317	0.0030636	8.24904e-05	
0.0181373	0.00013672	0.0896161	0.0197577	0.00589687	0.675307	0.000548574	0.00519903	0.0233148	0.010074	0.00683175	0.0906567	0.000587702	0.00451553	0.00231699	0.0403986	0.00528757	0.000272045	0.000679737	0.0004655	
0.247995	0.013814	0.0184672	0.037157	0.00652988	0.0166686	0.0193897	0.0196526	0.143333	0.00979873	0.000775828	0.0122288	0.00187148	0.0477502	0.104661	0.0927017	0.0888519	0.115066	0.000193208	0.00309344	
0.00194761	0.029485	0.0412412	0.0960247	0.0283114	0.0261482	0.00066971	0.0171837	0.00146239	0.019201	0.000899141	0.000639142	0.465666	0.00570796	0.000265506	0.000185479	0.228836	0.00899345	0.0090287	0.018104	
0.0511262	0.00637587	0.00302832	0.0197619	0.000341861	0.000167063	0.00556055	0.00530487	0.393096	0.0756341	0.0204801	0.0192578	0.00459133	0.0604373	0.0898146	0.15949	0.0825919	0.00240102	0.000160442	0.000378816	
0.247995	0.013814	0.0184672	0.037157	0.00652988	0.0166686	0.0193897	0.0196526	0.143333	0.00979873	0.000775828	0.0122288	0.00187148	0.0477502	0.104661	0.0927017	0.0888519	0.115066	0.000193208	0.00309344	
0.0629221	0.000125842	0.0982101	0.100609	0.000206267	0.00332224	0.000220219	0.00703763	0.237043	0.00998062	0.00155476	0.0258802	0.234998	0.0141709	0.102126	0.0250109	0.0399521	0.0358626	0.000627914	0.000139796	
0.0119616	0.0221409	0.000849718	0.00107103	0.000254893	0.000282707	0.0127754	0.313075	0.000698764	0.00910077	0.000328074	0.000624816	0.0477087	0.0015048	0.000240699	0.00485244	0.000229532	0.546796	0.00624568	0.0192581	
0.0291879	0.000243441	0.000463876	0.0470784	0.000256203	0.00016901	0.00610211	0.140895	0.191897	0.0815472	0.00509299	0.00016564	7.22784e-05	0.00107649	0.0243181	0.0232143	0.160215	0.287289	3.00021e-42	0.000716506	
0.0005921	0.00795923	0.000577527	0.00457818	0.00213126	0.00029005	0.00311066	0.862787	0.00230166	0.0232188	0.000263994	0.000274295	0.000569581	0.00717106	0.000333808	0.000392484	0.00832634	0.0657897	0.00313115	0.0062006	
0.273157	0.0109424	0.0183723	0.0365928	0.00774812	0.0164285	0.0252684	0.021522	0.112908	0.00860133	0.000662044	0.0103276	0.00158341	0.0510937	0.0828091	0.10057	0.0900995	0.126859	0.00209306	0.00236239	
0.0793882	0.000395288	0.474144	0.135211	0.00164378	0.000183943	0.00401911	0.00585969	0.0631556	0.0141714	0.038423	0.090769	0.000156224	0.00140662	0.00861675	0.072114	0.0003554	0.000231672	0.00962759	0.000127713	
0.0479848	0.469826	0.00160518	0.000838374	0.000452696	0.000215936	0.0636449	0.0160382	0.0594205	0.000330398	0.0258802	0.0246565	7.45783e-05	0.0683504	0.00126186	0.214744	0.00019435	0.00393432	0.000262963	0.000283129	
0.00199626	0.0005614	0.000985671	0.000685645	0.0336958	0.779252	0.0162987	0.000779083	0.0393724	0.00511292	0.0430347	0.001743	0.00243639	0.0478221	5.87176e-05	0.0108231	0.000981902	0.000122828	5.9973e-05	0.0141776	
