0.00190584	0.00910514	0.00153261	0.00610509	0.0345219	0.000368342	0.0690028	0.000965389	0.3063	0.00121279	0.000253202	0.185934	0.000698593	0.050745	0.137869	0.00442683	0.028644	0.158721	0.000192992	0.00149617	
0.0210824	0.0541672	0.000487946	0.0020487	0.000987902	0.000239465	0.0439724	0.00487408	0.0511639	0.00407952	0.0549587	0.01513	0.0282283	0.0412065	0.0371032	0.00291124	0.0457531	0.561116	0.0153142	0.0151749	
0.0010661	7.79822e-05	0.000386116	0.0861191	0.125572	0.000251586	0.000621743	0.000393415	0.00021724	0.000590381	0.000373161	0.000407019	1.31168e-05	6.68236e-05	0.0107113	0.00880366	0.0298401	0.00317022	0.144474	0.586845	
0.0133714	0.000209136	0.0613953	0.0506134	0.564705	0.188316	0.00107254	0.00885072	0.000737624	0.0366807	0.0201636	0.0489767	0.000234399	0.00038535	0.000110305	0.00309164	0.000458388	0.000181423	0.000204585	0.000242133	
0.000372146	0.00120013	0.785462	0.024193	0.0104515	0.00669737	0.00232916	0.000284599	0.0605278	0.0114653	0.00353226	0.0325436	0.000751274	0.00357565	0.000213026	0.0234336	0.0251483	0.000446278	0.00718801	0.000184615	
0.00190841	0.0419242	0.00183508	0.00348773	0.00180803	0.00086702	0.00301787	0.667752	0.00077313	0.0234041	0.0247753	0.000364647	0.0049209	0.00366795	0.000157525	0.000516762	0.00713986	0.194132	0.00225532	0.0152922	
0.0905882	0.0233063	0.0276575	0.136489	0.0186753	0.00413284	0.00142373	0.0259847	0.115871	0.030976	0.0133828	0.0449777	0.0110101	0.120339	0.01893	0.078508	0.112988	0.0986512	0.00021085	0.0258975	
0.0793945	0.0412438	0.00263542	0.0119394	0.00272498	0.0121451	0.061146	0.46422	0.00245461	0.0278916	0.00272271	0.000531113	0.00595609	0.10646	0.000211287	0.00729551	0.0022498	0.101323	0.00890539	0.0585499	
0.0119153	0.000178243	0.179776	0.0207852	0.0353594	0.545005	0.000278876	0.0010502	0.0135363	0.0124018	0.0278352	0.104602	0.00139257	0.0218652	0.00482824	0.0160428	0.00222291	0.000150161	0.0005279	0.000247071	
0.0267763	0.000240103	0.13225	0.0281444	0.0253784	0.450277	0.00120839	0.00243088	0.0196868	0.0402747	0.0229721	0.145906	0.000711667	0.0603524	0.00246118	0.0322354	0.00656273	0.000186766	0.000379413	0.00156536	
0.0910319	0.0205232	0.0251391	0.145712	0.0165816	0.00448864	0.00179023	0.0236106	0.129902	0.0275179	0.0137092	0.0456027	0.0120048	0.123075	0.0249935	0.0755262	0.104442	0.0919543	0.000402015	0.0219945	
0.0646797	0.000100032	0.0501668	0.0341268	0.00150362	0.00150808	0.00109607	0.00346645	0.271539	0.0101659	0.00383308	0.0385162	0.308791	0.028808	0.0476031	0.0511995	0.0399599	0.0282576	0.00277999	0.011899	
0.0895989	0.00162469	0.00038525	0.00527399	0.000787046	0.00319254	0.00168226	0.184984	0.00719032	0.284007	0.0136885	0.000518284	0.00393579	0.0341214	0.00834898	0.0182933	0.0620644	0.214283	0.0243634	0.0416567	
0.00351621	0.000641797	0.00116717	0.000956365	0.187196	0.610269	0.106639	0.00105886	0.0265339	0.00354122	0.0398121	0.00774786	0.000656405	0.00316926	7.04451e-05	0.00330222	0.00302698	0.000232119	0.000140034	0.000323132	
0.0139587	0.000539436	0.0249962	0.130419	0.0381359	0.00299913	0.00614992	0.00558558	0.0115495	0.00249559	0.0196836	0.0193699	0.0125003	0.00693443	0.535534	0.0164172	0.083011	0.0357307	0.0021634	0.0318262	
0.00193228	0.0413187	0.00184009	0.00348815	0.00180995	0.000870071	0.00304377	0.668546	0.000776378	0.0233834	0.0247331	0.000367729	0.00490771	0.00369361	0.000155558	0.000520759	0.00712859	0.194076	0.00227337	0.0151352	
0.00623482	0.019758	0.00597514	0.150461	0.0105072	0.000247077	0.0149712	0.195902	0.0133685	0.00930526	0.0057163	0.00826164	0.00132017	0.000958541	0.00202608	0.0412656	0.0584686	0.420913	0.0131817	0.0211576	
0.0226124	0.000551845	0.0493425	0.025568	0.396151	0.00528645	0.00173064	0.177161	0.00146219	0.056111	0.230575	0.000815166	0.000709976	0.0135679	0.000527815	0.000372471	0.000371872	0.010484	0.00619021	0.000408506	
0.010587	0.00404064	0.00453546	0.421079	0.00561133	0.161086	0.00170228	0.00350829	0.189223	0.014302	0.0204394	0.0779391	0.000370602	0.0434393	0.00558179	0.000189439	0.0315143	0.00251972	0.000558637	0.00177322	
0.0585605	0.00621669	0.0597878	0.0522746	0.00738658	0.00702062	0.00057901	0.00461685	0.0401591	0.679555	0.00423446	0.0431099	0.000141076	0.00107841	0.00158785	0.000542057	0.0167135	0.00439412	0.00296521	0.00907676	
0.0424093	0.000618757	0.0988881	0.022869	0.0202276	0.000208276	0.0166203	0.00417434	0.0257415	0.000611489	0.00268499	0.068663	0.000422253	0.00189451	0.521435	0.0148873	0.000637174	0.0376623	0.000801894	0.118543	
0.233315	0.00042748	0.115313	0.00642341	0.015399	0.263335	0.00756439	0.00302184	0.0961334	0.00123748	0.00371239	0.0485887	0.0190152	0.00137458	0.0056084	0.144175	0.0172535	0.0065322	0.000300177	0.0112699	
0.000116514	0.000223691	0.616678	0.0437404	0.000428997	0.00321669	0.00340946	6.31993e-05	0.186089	0.00276983	0.000384619	0.0789301	0.000113407	0.0072309	0.000113044	0.0436989	0.00970818	0.00244442	0.000485232	0.000154984	
0.0224658	0.0529762	0.0986593	0.00118786	0.000369105	0.000183109	0.00224006	0.0951978	0.112295	0.00834233	0.0129319	0.00452161	0.00175057	0.0379464	0.00844247	0.00436065	0.0503748	0.473466	0.00920186	0.00308662	
0.0131486	0.0910284	0.000520031	0.00128132	0.020726	0.000283865	0.0372858	0.00025314	0.0843628	0.00197767	0.00163581	0.0512269	0.0215612	0.0228456	0.0745758	0.000992371	0.0256943	0.542237	0.0068864	0.00147742	
0.0538585	0.0199694	0.0162418	0.009817	0.0133652	0.000292506	0.000694558	0.0285927	0.578653	0.0447305	0.0116175	0.0102404	0.00050556	0.0359875	0.135283	0.00043441	0.000414626	0.0271322	0.000575143	0.0115941	
0.000515954	0.0079388	0.0512262	0.0651405	0.365491	0.0234938	0.00884159	0.00032669	0.000272062	0.0103917	0.0020079	0.000278899	0.000147163	0.00908936	0.000122897	5.155e-05	0.417299	0.0122879	0.0064528	0.0186249	
0.449379	0.198922	0.000700409	0.00107571	0.00146198	0.00244856	0.0497658	0.000579064	0.00698094	0.00112454	0.00995797	0.00561231	0.000145247	0.0550899	0.00214077	0.0174551	0.0404735	0.147214	0.00508653	0.00438605	
0.0671404	0.0253974	0.00942535	0.625027	0.0552218	0.000197901	0.00454307	0.00265218	0.0621607	0.0384306	0.00677045	0.0366638	0.000397237	0.00041521	0.0250641	0.000800477	0.0194796	0.000372338	0.0145608	0.00527985	
0.00307908	0.00725035	0.0247486	0.000787395	0.0975561	0.00621484	0.000591147	0.000228565	0.000321553	0.0119219	0.131927	0.620107	0.00852727	0.0621031	0.00830654	0.00450423	0.000418188	0.00161427	0.00951728	0.000276191	
0.0198151	0.000186741	0.0172385	0.0324137	0.53609	0.108305	0.0450919	0.000476211	0.0345799	0.000534635	0.0477278	0.0592057	0.00464422	0.0209351	0.0123002	0.000782383	0.0529469	0.001716	0.00444258	0.000567529	
0.0371239	0.00474797	0.0146073	0.0259968	0.00824496	0.000136286	0.00407095	0.00225525	0.0756491	0.00119796	0.00560679	0.0153658	0.000120268	0.000453975	0.535842	0.00202072	0.00467159	0.247693	0.000560019	0.0136352	
0.434587	0.173927	0.00446916	0.0955765	0.000680535	0.00392862	0.00758128	0.00057211	0.0174442	0.0596835	0.00684241	0.0179935	0.000108635	0.0991034	0.0136733	0.0210428	0.0153952	0.0250579	0.00159563	0.000737895	
0.0586224	0.00605935	0.0594148	0.0541378	0.00743139	0.00701063	0.00054393	0.00475021	0.0403418	0.680859	0.00418943	0.0398622	0.000130477	0.00100058	0.00162735	0.000615984	0.0163962	0.00436731	0.00355303	0.00908576	
0.297969	0.384423	0.001724	0.0278557	0.000293578	0.00250336	0.0315241	0.000370349	0.0162201	0.00644698	0.0437058	0.00659811	0.000555201	0.0465859	0.000289747	0.033051	0.0148514	0.0844305	0.000383512	0.000218393	
0.0140297	0.00556232	0.0113714	0.0105353	0.0239978	0.00135789	0.0435221	0.0163305	0.0704926	0.0143908	0.00188195	0.0069623	0.000218479	0.0202013	0.00873686	0.00495277	0.694873	0.0331352	0.00937016	0.0080779	
0.00496388	0.000202863	0.00687891	0.0116479	0.0582462	0.536936	0.257836	0.00212236	0.0320819	0.000660066	0.0199356	0.0139121	0.00564432	0.00335059	0.0199857	0.00680553	0.0124067	0.0014514	0.000453242	0.00447915	
0.0245792	0.00973205	0.0663129	0.573671	0.00495766	0.000200928	0.00249442	0.000704946	0.0348292	0.000155756	0.00207283	0.00939526	0.104906	0.07415	0.00134887	0.0110429	0.0483173	0.0242988	0.00615389	0.000675462	
0.0283715	0.0251633	0.00206344	0.00329251	0.0466237	0.00119137	0.0503295	0.000286771	0.565831	0.00717648	0.00148313	0.051938	0.00764786	0.0120709	0.0523211	0.00148511	0.00774585	0.107114	0.0088462	0.019018	
0.00521292	0.000184371	0.0066247	0.0204564	0.103867	0.611494	0.0140772	0.00820794	0.00920372	0.00383833	0.0229147	0.0378838	0.0566964	0.00664578	0.0088456	0.00594807	0.0734286	0.000827746	0.000669363	0.00297397	
0.0120011	0.000328251	0.000330339	0.0185716	0.455853	0.00011355	0.000590889	0.0973848	0.0131508	0.105302	0.00857346	0.0163005	0.000237053	0.0298454	0.00279242	0.00758673	0.0315167	0.0493478	0.00418556	0.145988	
0.00389501	0.000804588	0.000582674	0.000643598	0.139351	0.632251	0.137093	0.000163693	0.0317345	0.00224197	0.0379846	0.00102407	0.000213012	0.00373725	4.02673e-05	0.00422232	0.00259772	0.000196166	0.000103341	0.00111937	
0.0264775	3.30835e-05	0.000148131	0.081244	0.0861743	0.00451548	0.000511708	0.000206492	0.0325062	0.000471856	0.00864776	0.000154582	0.0033064	0.00624763	0.0140432	0.00270338	0.025747	0.0005864	0.0662451	0.64003	
0.154799	0.0119219	0.000983174	0.0937159	0.00594455	0.000466486	0.0050182	0.0125274	0.494838	0.00819889	0.000980096	0.000379897	0.000259631	0.0566167	0.0435623	0.0485794	0.00552038	0.0373353	0.00892247	0.00943101	
0.00366885	0.000144025	0.00610345	0.00276695	0.375602	0.464624	0.000220163	0.00453219	0.000483191	0.0154617	0.0393603	0.0655079	0.00402859	0.0100689	0.000609108	0.00273601	0.00246303	0.000751653	0.00025382	0.000614443	
0.0152713	0.0460315	0.00410571	0.037917	0.000380345	0.0017239	0.0477246	0.00691293	0.0393354	0.00169043	0.0351223	0.0153147	0.000146634	0.114019	0.00917372	0.578001	0.0191948	0.0263294	0.00124475	0.000360505	
0.0552625	0.0373772	0.000618141	0.000648725	0.00157359	0.0462597	0.0223757	0.168967	0.165343	0.00788329	0.00803269	0.0172551	0.0671357	0.0173906	0.0218421	0.172015	0.142929	0.0460838	0.000242637	0.000764202	
0.0291655	9.49434e-05	0.0211485	0.0593341	0.586207	0.0227098	0.0313114	0.00141355	0.0455545	0.00129793	0.0187218	0.0272545	0.00711059	0.020774	0.0174956	0.00026931	0.100556	0.00311638	0.00582743	0.000637378	
0.0267312	0.0313525	0.000306935	0.0179887	0.0722819	0.157267	0.47198	0.0419989	0.0245432	0.000171914	0.0359888	0.000826448	0.000307919	0.000394438	0.00135465	0.041372	0.0332959	0.0345123	0.00723361	9.18452e-05	
0.0446955	0.00135755	0.0304031	0.0435577	0.0421199	0.000151117	0.00154029	0.00797116	0.0578196	0.000559765	0.0164389	0.0391745	0.000120287	0.000840007	0.51487	0.00118157	0.0166345	0.163913	0.000931645	0.0157201	
0.00354521	0.0235945	0.00120092	0.0026716	0.000259512	0.000363585	0.015788	0.365026	0.00207787	0.00649613	0.00312826	0.000484305	0.00098327	0.027891	0.000680461	0.00632978	0.000350752	0.511824	0.00751161	0.0197929	
0.0139261	0.0537418	0.0126815	0.0449565	0.000557669	0.00482562	0.0106335	0.770355	0.00133614	0.0198265	0.00777386	0.000657936	0.00335663	0.0122681	0.000469417	0.000372021	0.000447829	0.0129497	0.0130359	0.0158283	
0.00114665	0.00186982	0.0602774	0.0404966	0.0280225	0.00149372	0.000468867	0.00862574	0.164697	0.000257949	0.0235075	0.015859	0.499043	0.00919313	0.0385485	0.00570636	0.0171113	0.0614174	0.00844961	0.0138075	
0.000386102	0.0003506	0.246577	0.0527658	0.0333431	0.197484	0.000637124	0.00325691	0.010263	0.00279583	0.0290897	0.160391	0.00141659	0.209055	0.00511219	0.0420421	0.00401573	0.0001993	0.000109824	0.000710203	
0.00748177	6.38934e-05	0.0557159	0.0637385	0.608871	0.0467455	0.00138495	0.000492353	0.0116948	0.00495149	0.000869371	0.0336264	0.000783667	0.00116372	0.000549013	9.33444e-05	0.158734	0.000454213	0.00189474	0.000691643	
0.0240669	0.0369586	0.0471452	0.0246677	0.0606491	0.0362164	0.0229971	5.39513e-05	0.000343431	0.0015046	0.449251	0.146892	0.00483402	0.0267067	0.000213675	0.0929721	0.00033501	0.00719128	0.00691782	0.0100831	
0.0238293	0.38245	0.0435544	0.0393841	0.000290396	0.000155774	0.0304197	0.159561	0.0300343	0.0182269	0.0336865	0.0388318	0.0256483	0.0290101	0.000279919	0.000198829	0.0380791	0.10611	0.0001211	0.000129045	
0.0315289	0.0407642	0.0166602	0.00122544	0.0253082	0.001105	9.35671e-05	0.0120077	0.000255895	0.000169698	0.038921	0.0630245	0.000105913	0.623197	0.0026524	0.0923762	0.0302511	0.0115782	0.00338667	0.00538857	
0.0040941	0.000693528	0.000964209	0.000816207	0.211683	0.580087	0.11155	0.000810522	0.025495	0.0041356	0.0418938	0.00747717	0.000221301	0.00432845	5.4248e-05	0.00335715	0.00158251	0.000250693	0.000111423	0.000393763	
0.000508955	0.0177432	0.478513	0.000271185	0.145273	0.000190218	0.00016298	0.0188889	0.0398197	0.0305031	0.0417945	0.000473911	0.0383595	0.0308409	0.0239687	0.0518576	0.0723013	0.000589509	0.00774312	0.000196274	
0.0379871	0.000162578	0.0409654	0.0669099	0.363983	0.0508575	0.0466416	0.0366335	0.0501757	8.40948e-05	0.00582059	0.00604638	0.0162661	0.0373115	0.0413185	0.000352368	0.18223	0.000291583	0.0141479	0.00181486	
0.000767837	0.000335193	0.0141894	0.0368585	0.00178801	0.00247279	0.0487086	0.0135271	0.00120514	0.0141128	0.0130023	0.000687049	0.00160816	0.0339875	0.000762579	0.0388352	0.681782	0.0895945	0.00525747	0.000517637	
0.113687	0.0041881	0.000363382	0.00929992	0.0148365	0.00115982	0.0338045	0.000516405	0.098265	0.0126131	0.0311275	0.442431	0.0001811	0.0153729	0.196048	0.00743725	0.00735458	0.0057312	0.00539527	0.000187178	
0.00647614	0.000281012	0.00770675	0.00697362	0.0586259	0.484396	0.302457	0.00336689	0.0513849	0.000699583	0.0167981	0.01499	0.000945635	0.00533689	0.0227705	0.0077936	0.00167418	0.00210068	0.000521764	0.00470117	
0.00319828	0.0262395	0.235594	0.00144801	0.0529393	0.0138482	0.00113398	0.0003138	0.00453201	0.0395426	0.02043	0.547074	0.00837331	0.01041	0.0142215	0.00135527	0.00638634	0.00262337	0.0101561	0.000179982	
0.00224802	0.000465513	0.0026637	0.000677883	0.206877	0.616071	0.0614454	0.00230111	0.0194869	0.00615471	0.0423468	0.0153898	0.0012339	0.00672289	6.36328e-05	0.00305747	0.0104156	0.000260823	7.82078e-05	0.00204024	
0.00988791	0.018401	0.00118405	0.0308363	0.000410003	0.00189501	0.000113886	0.00388443	0.0988474	0.00290424	0.032665	0.00269164	0.000406526	0.0352711	0.250079	0.039242	0.214715	0.140942	0.000691972	0.114932	
0.00342841	0.000840808	0.000569197	0.000637023	0.139414	0.626209	0.144091	0.000129367	0.0323153	0.000991613	0.0406515	0.000786693	0.000257617	0.00283509	3.73312e-05	0.00388135	0.00222376	0.000186512	8.36755e-05	0.000430518	
0.0554726	0.0133824	0.0173722	0.188681	0.000795399	0.000593319	0.00840183	0.0941285	0.311342	0.0147012	0.00812945	0.00251858	9.85258e-05	0.00470597	0.141917	0.000515917	0.0457053	0.0747351	0.000200692	0.0166034	
0.00626265	0.00693892	0.0563522	0.0468758	0.00124912	0.000159795	0.0460383	0.000260994	0.0402154	0.0022668	0.122666	0.000421106	0.00160757	0.0471382	0.00012452	0.590759	0.000526643	0.0271953	0.00150614	0.00143539	
0.000898869	0.0179134	0.000836975	0.00397252	0.00282378	0.000424437	0.0928292	0.784932	0.00191357	0.00183423	0.00075073	0.00244726	0.00317095	0.0141006	0.000599246	0.000454945	0.00180809	0.0453321	0.0135962	0.00936063	
0.0406278	5.33515e-05	0.000171237	0.0762207	0.0654277	0.00520508	0.000932615	0.00159785	0.0419259	0.000762522	0.01409	0.000131323	0.00518404	0.00669306	0.0169081	0.00227487	0.0267305	0.00220096	0.0569568	0.635906	
0.00231225	0.000588561	0.00105201	0.000561246	0.15686	0.633936	0.09415	0.000994709	0.0241568	0.00301536	0.0476519	0.00583853	0.00161372	0.00690494	6.38641e-05	0.00308629	0.0123157	0.000237337	8.72516e-05	0.00457417	
0.100692	0.000167058	0.0749006	0.0809725	0.000221092	0.120825	0.0130996	0.00274902	0.117106	0.00191472	0.0152456	0.0717148	0.036976	0.114793	0.0761986	0.129549	0.030357	0.00114661	0.000620734	0.0107504	
0.000149877	0.000115182	0.000974831	0.00285739	0.00456026	0.000127548	0.00142342	0.000719998	0.703409	8.73872e-05	0.00029219	0.0165914	0.00500133	0.0309858	0.137607	0.0174776	0.0316744	0.0349402	0.000551992	0.010454	
0.022071	0.000130761	0.0159609	0.0453363	0.55249	0.0837123	0.0255177	0.000504672	0.0397981	0.000813235	0.0425629	0.0485443	0.00517941	0.0208188	0.0131447	0.000510773	0.0754613	0.00185005	0.00460166	0.000990735	
0.372029	0.00226636	0.0974593	0.193254	0.00773547	0.00331388	0.0053723	0.0124052	0.0724071	0.000242276	0.0382729	0.0332541	0.108805	0.00116997	0.0201357	0.0247048	0.00351011	0.000523615	0.00138042	0.00175797	
0.000461611	0.0143607	0.00107813	0.42372	0.164945	0.000312965	0.0154329	0.0187046	0.00030802	0.015627	0.020091	0.0211676	0.00496135	0.000288446	0.0240676	0.0346206	0.0795926	0.000452788	0.0282182	0.131589	
0.159858	0.00259815	0.00914718	0.0138065	0.0145195	0.0223642	0.000289914	0.000298413	0.00603412	0.0254478	0.0442019	0.580426	0.00395594	0.0289092	0.000986292	0.0472092	0.0060007	0.0194897	0.0142138	0.000243485	
0.00829281	6.56657e-05	0.0703437	0.0604206	0.607839	0.0623939	0.000488268	0.00109244	0.00922658	0.00775875	0.00186159	0.0389255	0.000765148	0.000454273	0.000186164	0.000280305	0.126986	0.000234731	0.00184815	0.000536148	
0.0874272	0.0241637	0.0273829	0.135632	0.0192435	0.0039633	0.00145104	0.0266337	0.116941	0.0319659	0.0137664	0.0456687	0.0111722	0.121633	0.0187667	0.0767634	0.110696	0.0997836	0.000185323	0.02676	
0.00509879	0.00351273	0.000593687	0.0647802	0.000217918	0.00863817	0.0183251	0.0753404	0.072462	0.62926	0.00397162	0.0034816	0.000301475	0.000845085	0.0175659	0.000287866	0.000315965	0.0651887	0.000584084	0.0292287	
0.000150568	0.000115176	0.000963552	0.00284908	0.00456433	0.000127546	0.0014502	0.000718156	0.703087	8.72079e-05	0.000291728	0.0166275	0.00498966	0.0310593	0.137459	0.0174505	0.0316507	0.0352177	0.000551899	0.0105896	
0.0334317	0.0383787	0.000262942	0.0131605	0.0598776	0.149957	0.445914	0.0460165	0.021137	0.00028676	0.0475786	0.000376934	0.00279903	0.0034121	0.000289506	0.0406981	0.0268124	0.0611225	0.00833163	0.000156345	
0.028254	8.39479e-05	0.237617	0.0592989	0.0272866	0.0115475	0.000570019	0.00262402	0.00718436	0.0255305	0.003395	0.0244326	0.00411543	0.00499531	0.000403276	0.0615236	0.357194	0.0732934	0.00720969	0.0634404	
0.0230257	0.00247685	0.0153239	0.0360511	0.0325914	0.502645	0.00259532	0.000270791	0.163027	0.00047878	0.00865378	0.00288711	0.000156517	0.0227009	0.113328	0.0331839	0.023614	0.00951793	0.00111925	0.00635281	
0.0688592	0.000374178	0.00052968	0.0300938	0.00801462	0.00538408	0.00304187	0.160576	0.0351996	0.00359259	0.00964803	0.00670206	0.586735	0.00804543	0.0266235	0.00694506	0.000335864	0.0233855	0.00976606	0.00614733	
0.00230196	0.000599008	0.00102133	0.000573997	0.159205	0.632386	0.0987785	0.00106558	0.0251122	0.00283583	0.0446584	0.00471513	0.00143355	0.00591669	3.72358e-05	0.00309399	0.0120033	0.000222477	9.27456e-05	0.00394681	
0.0754773	0.001268	0.00162319	0.00387944	0.00138832	0.00227514	0.00369256	0.172172	0.00765925	0.270413	0.0220366	0.000985094	0.00261059	0.0410018	0.0110668	0.0117075	0.0993057	0.169525	0.0376368	0.0642758	
0.00502151	0.0049929	0.00171298	0.0623129	0.000224409	0.00846955	0.0176877	0.0739186	0.0728995	0.630001	0.00376104	0.0038623	0.000334961	0.000851128	0.0169387	0.000278104	0.00360088	0.0640125	0.000366266	0.0287529	
0.00298094	0.00708599	0.0580577	0.048006	0.000210867	0.00324487	0.0450724	0.00399721	0.0385354	0.000473414	0.115278	0.00561388	0.000134222	0.0529743	0.00331456	0.588214	0.000344687	0.0258912	0.000346133	0.000223715	
0.0129804	0.0245723	0.0525206	0.0215073	0.0860089	0.0814636	0.0320196	3.40264e-05	0.000324694	0.000299833	0.425312	0.149684	0.00308857	0.0328751	0.00022551	0.0616654	0.000234926	0.00122986	0.00632712	0.00762574	
0.455219	0.019107	0.000484544	0.00155459	0.0592925	0.000184232	0.0237458	0.0160666	0.153764	0.0486154	0.0338142	0.0585362	0.000135814	0.0219747	0.0470695	0.000297554	0.000438871	0.00237135	0.0063854	0.0509431	
0.473204	0.00688979	0.00131865	0.000793737	0.00244308	0.000448894	0.0192025	0.0171846	0.0544189	0.00744614	0.045552	0.0210391	0.000205978	0.0936105	0.0904495	0.130998	0.00505303	0.000507357	0.00536735	0.0238663	
0.00269425	0.000801028	0.000885236	0.000694623	0.13478	0.641339	0.111905	0.000749551	0.0282342	0.00220415	0.0459035	0.00540105	0.00124828	0.00600944	4.00817e-05	0.00327943	0.00955315	0.00032578	0.000161355	0.00379048	
0.0361913	0.00211094	0.00603196	0.0637344	0.0151336	0.00327094	0.0015611	0.0828492	0.0318936	0.00159765	0.0220896	0.0286464	0.624418	0.0121692	0.0308259	0.00679373	0.000993869	0.0124413	0.00691341	0.0103342	
0.00353524	0.000423823	0.15176	0.0012523	0.0650657	0.0380375	0.00459115	0.000232355	0.00177161	0.00686213	0.0595274	0.655461	0.000443203	0.00446668	0.00028703	0.00361362	0.00187434	0.000436026	0.000106931	0.000252375	
0.000484069	0.000623182	0.00660825	0.0309096	0.00198634	0.000626434	0.0700348	0.00619946	0.000675073	0.00213108	0.0112042	0.000728949	0.00318048	0.0302459	0.000684596	0.0430346	0.729487	0.0562473	0.0035201	0.00138843	
0.0495368	0.0208394	0.00149492	0.0361657	0.0980907	0.0178821	0.000146405	0.000237005	0.000226349	0.0142077	0.109209	0.473053	0.0158808	0.0608	0.0243172	0.000675016	0.000323674	0.0657173	0.00932413	0.00187369	
0.00261679	0.000606729	0.00122412	0.000591151	0.154666	0.641759	0.104236	0.000320213	0.0256139	0.00239607	0.0497627	0.00350344	0.00050419	0.00505842	2.90773e-05	0.00371919	0.00172391	0.000213198	6.53835e-05	0.0013908	
0.00332042	0.00928349	0.0562183	0.0450583	0.000206729	0.000222291	0.0440867	0.000532219	0.0363474	0.000510822	0.121728	0.00133445	0.000154362	0.0542293	0.000223814	0.600121	0.000849553	0.0252363	0.000187836	0.000148687	
0.0311116	0.0393014	0.0205174	0.00105548	0.0294708	0.00133161	8.62588e-05	0.0117978	0.00024603	0.000154737	0.0411678	0.0654879	0.000100787	0.608853	0.00262129	0.0913428	0.0316626	0.0139807	0.00367672	0.00603353	
0.00454139	0.000516808	0.0359396	0.00991314	0.427263	0.229613	0.069779	8.29054e-05	0.0188912	4.87347e-05	0.0669907	0.101565	0.00231219	0.020647	0.00362654	0.00212948	0.00292861	0.000383001	0.0026868	0.000142619	
0.00914317	6.55133e-05	0.0444103	0.0629885	0.609283	0.0422516	0.00369968	0.000444978	0.0146494	0.00419717	0.00433254	0.0357868	0.00110393	0.00291954	0.00165372	9.49169e-05	0.158842	0.000642366	0.002575	0.000916577	
0.0165337	0.0583393	0.0144486	0.0531528	0.000209852	0.00507953	0.00335742	0.749028	0.00273789	0.0314134	0.00899664	0.000455694	0.00106274	0.0107594	0.000794785	0.000407785	0.000368183	0.0106546	0.0136059	0.0185938	
0.000519419	0.00861044	0.0511413	0.065366	0.366761	0.0221576	0.00788192	0.000335775	0.00026115	0.0106831	0.00199137	0.000220009	0.000146281	0.0091865	0.0001194	5.08928e-05	0.416677	0.0124465	0.00654997	0.0188938	
0.00073759	0.00513541	0.050309	0.0642984	0.383932	0.0239187	0.00661805	0.000385762	0.000272424	0.012157	0.00471543	0.000276944	0.000176437	0.0086348	0.000116241	5.99734e-05	0.402265	0.0105432	0.00659091	0.0188567	
0.179033	0.0141454	0.0215727	0.0373163	0.000571642	0.0115795	0.00708692	0.0333041	0.10495	0.00026713	0.00227848	0.0213784	0.000476384	0.017655	0.0127927	0.00671367	0.0229131	0.49137	0.0105792	0.00401671	
0.0646797	0.000100032	0.0501668	0.0341268	0.00150362	0.00150808	0.00109607	0.00346645	0.271539	0.0101659	0.00383308	0.0385162	0.308791	0.028808	0.0476031	0.0511995	0.0399599	0.0282576	0.00277999	0.011899	
0.0213433	0.0947863	0.0111139	0.0127251	0.0195877	0.0027075	0.00411001	0.000389663	0.00196377	0.00370575	0.00775901	0.00128839	0.0153005	0.132128	0.00140612	0.00569734	0.631068	0.00442607	0.0130443	0.0154492	
0.0510082	0.00382211	0.139823	0.171792	0.01923	0.00761071	0.000264171	0.00331194	0.00606907	0.00233228	0.0294028	0.0120394	0.261269	0.0426989	0.00112692	0.175872	0.0593934	0.000181224	0.0125812	0.000171983	
0.04065	0.00145635	0.000431544	0.0427412	0.0270891	0.0624347	0.435238	0.00160268	0.0227975	0.018872	0.0406209	0.000441242	0.000151271	0.00365285	0.0226874	0.024451	0.0438723	0.00203059	0.208609	0.000170759	
0.000583626	0.0141029	0.640884	0.000642115	0.0834056	0.00377219	0.000293087	0.00332554	0.00346897	0.0280971	0.061703	0.0527473	0.0150026	0.0527526	0.0164937	0.0049965	0.00561042	0.000601845	0.0112909	0.000226237	
0.00233493	0.000591941	0.00114499	0.000554798	0.162362	0.634166	0.0935144	0.000887037	0.0234149	0.00335779	0.0454868	0.00595122	0.00099805	0.00603038	3.99117e-05	0.00314091	0.011652	0.000230497	8.30225e-05	0.00405859	
0.204894	0.0199347	0.0120556	0.00390699	0.0583629	0.000803049	0.0130107	0.000791666	0.478768	0.00645262	0.00136745	0.000370994	0.00305144	0.00551311	0.0661994	0.00112095	0.000629254	0.0578569	0.00122045	0.0636897	
0.0260383	0.0294451	0.000274698	0.0135129	0.0791414	0.213918	0.433487	0.0483272	0.022134	0.000149127	0.0383434	0.000992486	0.000216147	0.000348709	0.000776689	0.0371721	0.0236851	0.0266144	0.00534363	7.95401e-05	
0.00220465	0.0183207	0.00112276	0.000897993	0.00226254	0.000149664	0.0448007	0.000427097	0.128159	0.000193732	0.000416677	0.0500947	0.0294809	0.0318119	0.0859503	0.0394352	0.0558918	0.491055	0.00542452	0.0119001	
0.0164963	0.0358316	0.000322653	0.00167217	0.00353157	0.00011424	0.0457981	0.000633226	0.0884965	0.000910185	0.00600223	0.0414244	0.00159966	0.0213679	0.136323	0.00240037	0.00614286	0.574422	0.00790313	0.00860844	
0.00356894	0.000442958	0.0364456	0.00830608	0.420797	0.241632	0.0681055	7.02348e-05	0.0162623	4.47218e-05	0.0645287	0.101505	0.002281	0.0236204	0.00489548	0.00248605	0.00215271	0.000326741	0.00240233	0.000125761	
0.0373743	0.00251322	0.000383815	0.273998	0.0319539	0.000271833	0.0383745	0.00122578	0.274683	0.000490306	0.000911921	0.00851143	0.000125768	0.124466	0.13689	0.0547602	0.00526569	0.00598037	0.000939024	0.000881742	
0.0020036	0.0165475	0.000535569	0.000842311	0.00355441	0.000160842	0.00219218	0.0574343	0.0144431	0.0413713	0.00475938	0.00317411	0.000395261	0.00379657	0.00518727	0.00159717	0.0127448	0.801591	0.01152	0.0161493	
0.0894133	0.00162175	0.000384144	0.00534926	0.000783552	0.00316816	0.00166143	0.185593	0.00716836	0.283962	0.013625	0.000518144	0.00394986	0.0339719	0.0083889	0.0183876	0.0617253	0.214827	0.0242571	0.0412452	
0.00373321	0.00693064	0.137672	0.372724	0.0218952	0.00235579	0.000389584	0.000396904	0.0870721	0.000998236	0.00601902	0.0242974	0.000249848	0.0382217	0.0196082	0.241236	0.0286101	0.000318774	0.00685718	0.000414048	
0.00307551	0.000625754	0.00119271	0.000654889	0.173945	0.619028	0.109163	0.000672183	0.0235028	0.00346282	0.0454217	0.00844101	0.000367361	0.00398126	3.45323e-05	0.00398866	0.00164536	0.000220824	9.52628e-05	0.000480951	
0.0331927	0.000734705	7.7701e-05	0.0295527	0.0826719	0.000145239	0.00825059	0.0380946	0.0592362	0.183867	0.341205	0.009223	0.00594253	0.0722439	0.0114309	0.000203998	0.0160711	0.00565448	0.00551148	0.0966897	
0.00860506	0.000352543	0.504454	0.130986	0.00800377	0.0389188	0.00342451	0.000452764	0.00595107	0.00521579	0.0167544	0.127745	0.00347314	0.0231067	0.0102571	0.0778666	0.0331061	0.000248881	0.00070751	0.000370099	
0.00637863	0.0113701	0.00100817	0.0012023	0.0110631	0.00023043	0.00368383	0.0816874	0.0229969	0.0462646	0.00203999	0.00178021	0.000532813	0.00489026	0.00295709	0.00078019	0.0403994	0.7336	0.0138795	0.0132546	
0.00212326	0.0182843	0.000480382	0.00078128	0.00384649	0.000154559	0.00241852	0.0548657	0.0143887	0.0432222	0.0043479	0.00299655	0.000527675	0.0040462	0.00492863	0.00113891	0.0149042	0.798396	0.0118684	0.0162799	
0.0651848	0.00622722	0.013361	0.0454505	0.000268665	0.0018489	0.00460722	0.000131792	0.378713	0.00270359	0.00657155	0.0144095	3.77195e-05	0.0525874	0.280074	0.0465375	0.06441	0.00573875	0.00067463	0.0104626	
0.151383	0.000731591	0.00798793	0.0777237	0.00023435	0.000325115	0.0247687	0.0125787	0.417942	0.0872751	0.0207128	0.013909	0.00100158	0.0502168	0.02777	0.0341463	0.0505655	0.000423635	0.000508331	0.0197961	
0.00415837	0.0165546	0.00530028	0.0238537	0.00760834	0.00222998	0.00415204	0.546795	0.00294909	0.121879	0.140623	0.000793027	0.00125047	0.0211298	0.000953987	0.000641671	0.000519526	0.0714928	0.0128369	0.0142791	
0.00808131	0.0154928	0.00205339	0.648876	0.0466738	0.0142971	0.0223355	0.0118433	0.0045684	0.0165278	0.0436488	0.00694317	0.0123474	0.00785341	0.0576923	0.0193321	0.00846304	0.00039659	0.0189019	0.0336722	
0.118959	0.0108403	0.00769863	0.0229506	0.0118258	0.0120139	0.00828196	0.00675071	0.178743	0.033098	0.0188988	0.128476	0.000452204	0.0404628	0.0809599	0.219763	0.0502763	0.0474277	0.000109551	0.00201176	
0.0874272	0.0241637	0.0273829	0.135632	0.0192435	0.0039633	0.00145104	0.0266337	0.116941	0.0319659	0.0137664	0.0456687	0.0111722	0.121633	0.0187667	0.0767634	0.110696	0.0997836	0.000185323	0.02676	
0.00708986	0.00028057	0.00998495	0.0479936	0.0429381	0.564591	0.00956894	0.00480787	0.0110177	0.00435482	0.0233876	0.0136156	0.119081	0.00749806	0.0105497	0.0103273	0.107104	0.00144808	0.000864977	0.00349579	
0.0021848	0.00560615	0.0116755	0.0724588	0.00722288	0.000188429	0.0139358	0.000226129	0.0018983	0.00840144	0.00705386	0.0090369	0.000731753	0.130409	0.00313431	0.344406	0.31144	0.0638212	0.00350809	0.00265996	
0.100692	0.000167058	0.0749006	0.0809725	0.000221092	0.120825	0.0130996	0.00274902	0.117106	0.00191472	0.0152456	0.0717148	0.036976	0.114793	0.0761986	0.129549	0.030357	0.00114661	0.000620734	0.0107504	
0.057144	0.000358355	0.0473332	0.151712	0.0156546	0.013644	0.00109647	0.000248253	0.0359196	0.00305206	0.0556252	0.0480063	0.000449365	0.0888776	0.0531469	0.361401	0.0597542	0.00295425	0.00183468	0.00178742	
0.00708295	0.000212539	0.167023	0.0187045	0.0680379	0.544258	0.00107157	0.00402622	0.0173372	0.0166479	0.0306898	0.0750088	0.00462311	0.0202885	0.00280304	0.014998	0.00560704	0.000234276	0.000356342	0.00098867	
0.0651848	0.00622722	0.013361	0.0454505	0.000268665	0.0018489	0.00460722	0.000131792	0.378713	0.00270359	0.00657155	0.0144095	3.77195e-05	0.0525874	0.280074	0.0465375	0.06441	0.00573875	0.00067463	0.0104626	
0.00440708	0.115313	0.0401851	0.0411442	0.0247169	0.0309943	0.000794063	0.00171497	0.00492616	0.00472779	0.00358341	0.00769684	0.456558	0.000609551	0.000755021	0.00262168	0.151095	0.0815033	0.0122431	0.014411	
0.118959	0.0108403	0.00769863	0.0229506	0.0118258	0.0120139	0.00828196	0.00675071	0.178743	0.033098	0.0188988	0.128476	0.000452204	0.0404628	0.0809599	0.219763	0.0502763	0.0474277	0.000109551	0.00201176	
0.118959	0.0108403	0.00769863	0.0229506	0.0118258	0.0120139	0.00828196	0.00675071	0.178743	0.033098	0.0188988	0.128476	0.000452204	0.0404628	0.0809599	0.219763	0.0502763	0.0474277	0.000109551	0.00201176	
0.0646797	0.000100032	0.0501668	0.0341268	0.00150362	0.00150808	0.00109607	0.00346645	0.271539	0.0101659	0.00383308	0.0385162	0.308791	0.028808	0.0476031	0.0511995	0.0399599	0.0282576	0.00277999	0.011899	
0.00403486	0.0203963	0.00156976	0.00105849	0.000254954	0.00026178	0.015997	0.346786	0.00305323	0.00654747	0.00356009	0.000808845	0.000481221	0.0291443	0.00104918	0.00940543	0.000330747	0.528813	0.00713345	0.0193146	
0.0150663	0.00144404	0.000864635	0.0667399	0.00241629	0.00025768	0.000153975	0.0938217	0.153441	0.0382428	0.0070922	0.00159488	0.000106862	0.0109835	0.0720969	0.0703966	0.173669	0.273856	0.00107635	0.0166793	
0.000808623	0.0176591	0.000846724	0.00366027	0.00281951	0.000343112	0.0914271	0.786605	0.00191618	0.00191685	0.000809876	0.00246012	0.00315063	0.0141978	0.000597413	0.000445412	0.00183786	0.0459007	0.0134201	0.00917714	
0.236408	0.00716814	0.0287855	0.0790107	0.0115316	0.00985039	0.0067564	0.0228106	0.042689	0.0106948	0.00718574	0.0234695	0.0068926	0.0396403	0.0117973	0.118929	0.189235	0.138038	0.000838399	0.00826908	
0.0857151	0.0101437	0.493794	0.0913976	0.0446883	0.00241511	0.0127807	0.000297814	0.0663784	0.0029838	0.00728534	0.112336	0.000235662	0.0216994	0.00779461	0.0284758	0.000344695	0.000327928	0.0107124	0.000193931	
0.0407512	0.473361	0.00418764	0.00347724	0.000495855	0.000774831	0.0446671	0.0241355	0.0467725	0.000203316	0.0559353	0.0384676	7.96464e-05	0.111059	0.00535716	0.147987	0.000168265	0.0016643	0.000106609	0.000349595	
0.0031575	0.000760679	0.00079186	0.000600115	0.135863	0.641904	0.126555	0.000223542	0.0300856	0.00210945	0.0428588	0.00139259	0.000750483	0.00471399	3.40149e-05	0.0042022	0.0027898	0.000188881	7.78896e-05	0.000939842	
