0.0263745	3.23933e-05	4.92561e-05	0.0198474	0.229853	0.064224	5.29057e-05	0.000914788	0.180432	0.00785254	0.00251454	0.000104961	0.000990717	0.0145518	0.00779528	2.80822e-05	0.00907836	2.34169e-05	0.000197345	0.435082	
0.0402685	0.00206376	0.0574108	0.205644	0.022589	0.00343227	0.0703382	0.0484326	0.0572263	0.0550069	0.0419112	0.0272418	6.88191e-06	0.214477	0.029187	0.0131534	0.0266008	0.0477997	7.07597e-05	0.0371394	
0.00419225	0.00636697	0.00309816	0.00145268	0.0534963	0.00223997	0.000175632	0.000252401	0.773313	0.00347117	0.000179135	2.38094e-05	9.88216e-05	0.0397989	0.0361664	0.000119154	5.23278e-05	0.00175569	0.000143487	0.073604	
0.0169776	0.0150663	2.48019e-05	0.00539039	0.0180045	2.09796e-05	1.05256e-05	0.268442	0.00820619	0.176248	0.111101	0.00035901	9.05292e-06	0.0184358	9.99933e-06	0.00538717	0.112056	0.183975	0.000207262	0.0600679	
8.2049e-06	0.00806949	0.0194366	0.734105	0.184827	9.77304e-06	1.57884e-06	1.87617e-06	1.78052e-06	0.023059	0.0112381	0.00377876	6.88694e-06	0.00119206	0.000153495	1.1363e-06	0.00124432	1.60358e-05	0.012848	1.64953e-06	
0.0138925	0.0105147	0.038233	4.71223e-05	0.0483579	0.00130994	0.00784297	0.000209741	0.787491	0.00877766	0.000107831	2.32237e-05	0.0030789	0.000606697	0.0138554	0.000345695	4.03418e-05	0.0120637	0.000379048	0.0528224	
0.0396542	0.0300984	0.000580311	0.00198491	0.000151901	0.000323031	0.000558345	0.613697	0.000722337	0.138345	0.000475981	0.000301144	0.000121542	0.00108455	0.000112568	0.000205306	0.000216929	0.141847	0.00218565	0.027334	
0.000122845	0.0279602	5.4097e-05	0.62012	0.0648072	5.1122e-05	0.000969489	0.0362015	9.43602e-05	0.00582135	0.0596638	0.0221942	0.00100137	0.00494312	0.00102161	0.0145409	0.0491578	0.00018588	0.0257291	0.0653602	
0.0109815	0.0293347	0.0174839	0.000530999	0.0915933	0.00020767	0.0232291	0.000218764	0.000176561	0.00253478	0.0364424	0.000460263	4.0221e-05	0.0333549	0.000116756	5.58199e-05	0.613215	0.000455091	0.0391338	0.100434	
0.0862077	0.000106926	5.7622e-05	7.58062e-05	0.074618	0.453042	0.0214245	0.0328743	0.0252294	0.103092	0.0858522	0.0180254	4.87538e-05	0.0113959	1.47364e-05	3.82968e-05	0.000127784	4.66308e-05	0.000112235	0.0876101	
9.53413e-05	0.0347785	0.000157557	0.035427	0.000137556	0.000223025	0.0324945	0.0522091	0.311422	0.0141334	0.000273286	0.0214194	3.96994e-05	0.000194685	6.82636e-05	4.40219e-05	0.211615	0.274568	0.0101711	0.000528459	
0.0145351	1.92622e-05	4.42927e-05	0.0222033	0.103197	0.03255	3.69724e-05	4.38447e-05	0.178957	0.000469522	0.0257924	4.89457e-05	0.00339363	0.0412767	0.00559845	4.26703e-05	0.0380263	4.42809e-05	0.0178283	0.515892	
0.0137762	0.0103482	0.037717	4.36833e-05	0.0489902	0.00161568	0.00790857	0.00019916	0.788367	0.00858453	0.000108183	2.33042e-05	0.0032781	0.000577267	0.013871	0.000325178	4.07839e-05	0.0120886	0.000395164	0.0517425	
0.482974	0.000262288	6.86483e-05	7.97942e-05	0.0518432	0.120451	0.0264662	0.0261981	0.0327285	0.0784406	0.0953467	0.0256771	2.20213e-05	0.0178441	4.41053e-05	0.000993167	4.89087e-05	4.84764e-05	0.00104463	0.0394186	
0.00884988	0.0229696	0.0151866	0.00015196	0.00177239	0.000166838	0.000290899	0.0651153	0.376427	0.0363663	0.0405387	8.92607e-05	0.000233302	0.0706224	0.256061	0.000175833	0.000108589	0.0743017	0.000287668	0.0302851	
0.000293975	0.00313661	0.359676	0.0641539	0.0322935	7.07355e-05	0.0693252	0.000100809	8.76909e-05	0.00046636	0.055083	0.382506	0.000201769	0.000203785	1.74036e-05	0.00994115	8.1894e-05	0.00728856	0.0150063	6.60076e-05	
0.000772986	0.00306684	0.0001738	0.000134342	0.0011154	0.0087126	0.00353631	0.0597956	0.544395	0.0834289	0.0474114	0.0911543	0.000155662	0.000226816	0.0997294	0.0137063	0.037877	0.00284156	0.00164601	0.000120142	
0.0402685	0.00206376	0.0574108	0.205644	0.022589	0.00343227	0.0703382	0.0484326	0.0572263	0.0550069	0.0419112	0.0272418	6.88191e-06	0.214477	0.029187	0.0131534	0.0266008	0.0477997	7.07597e-05	0.0371394	
0.0018156	4.03137e-05	0.554909	0.0955075	6.25616e-05	0.00617195	0.0255113	2.43519e-05	0.0140264	0.0110218	0.000208983	0.0791378	0.00200776	0.0107981	3.99416e-06	0.025546	0.152347	3.3707e-05	0.000160113	0.0206649	
0.00315906	9.92504e-05	0.0624762	0.0426089	0.119295	0.504708	1.41448e-05	0.000812182	0.000365455	2.32733e-05	0.101086	0.0646022	1.16977e-05	0.0882556	0.000876404	0.0104779	0.00035281	0.000210407	0.000129949	0.000434723	
0.000896139	3.90967e-06	0.359134	0.447832	0.000106071	0.00312515	0.00323409	1.40176e-05	0.017963	0.000921329	0.000110971	0.0840743	7.76745e-05	0.0556452	0.0163539	0.00309925	0.00270079	0.00153901	1.21187e-05	0.00315735	
0.000179452	9.83512e-05	0.0915167	0.00037214	0.070985	0.000125506	0.000176526	0.407002	0.000265269	0.0878155	0.144036	0.000118249	0.00613794	0.000625322	7.20848e-05	5.52483e-05	0.0851927	0.0787941	9.92169e-05	0.0263335	
0.0172017	0.00885648	0.000186223	0.000408257	0.0159679	0.000102863	0.0260723	0.0806558	0.00907981	0.00215134	0.000811191	0.00139006	0.00285907	0.021058	0.00108521	0.00959712	0.000769402	0.772707	0.0175403	0.0115001	
0.000376238	0.0361897	0.000891656	0.000362029	8.29881e-05	0.00017917	8.97021e-05	0.0264579	0.000167457	0.515755	0.375279	0.00100958	2.46408e-05	0.00301543	2.25803e-05	9.70059e-05	0.000129275	0.0213897	0.000118376	0.0183624	
0.000184208	0.0164985	0.00924805	0.106166	0.016381	0.0113199	0.000502948	0.000469583	0.749821	0.00115937	0.000399084	0.000194218	0.00207618	0.0072508	0.050753	0.000293001	0.000170003	0.0235683	0.0012141	0.0023306	
0.00015979	0.0112874	0.00075361	0.00190203	0.00841188	0.000152556	0.0457952	0.631495	0.000357525	9.46781e-05	0.0266838	0.000200794	0.000145821	0.0387765	0.00025453	7.12023e-05	0.102765	0.0769393	0.0458585	0.00789426	
0.0062031	0.000721354	0.0068311	0.00283131	0.0727325	9.49631e-05	0.0644687	0.000284825	0.104731	0.000347346	0.00293464	0.0280146	5.87035e-05	0.022179	0.61576	0.0073614	0.00996609	0.0479397	0.00049825	0.00604141	
0.000579547	0.0362597	0.00165951	0.000377814	0.000169218	0.000488735	5.16596e-05	0.0265836	0.00014252	0.598752	0.286941	0.00156218	3.64218e-05	0.00689604	2.79529e-05	0.000167284	0.000214299	0.0165983	0.000427279	0.0220652	
5.45106e-05	0.0380528	0.181928	0.430458	0.0531628	2.77862e-05	0.00412769	0.0487632	0.00011552	0.00260839	0.0627107	0.000106666	0.0578054	0.0178915	0.00113778	0.0137999	0.05373	7.49727e-05	0.0333616	8.28418e-05	
0.0503077	0.00613093	0.118571	0.111444	0.00140991	0.0142125	0.0392952	0.00507448	0.204405	0.00688529	0.0162121	0.104493	0.00486326	0.157556	0.0359938	0.0725598	0.0375996	0.00496128	0.00124599	0.00677855	
0.00119037	0.0317978	0.16749	0.468073	0.0399778	1.97843e-05	9.24658e-05	0.0295573	5.46984e-05	0.09087	0.151031	0.000150139	0.000211727	4.89455e-05	0.00409355	0.000426134	0.00889389	2.52038e-05	0.00591208	8.3628e-05	
1.16158e-05	0.00795259	0.0194646	0.737029	0.177739	1.0045e-05	2.72094e-06	0.000981217	6.47092e-06	0.0197405	0.0143705	0.00430449	0.000278551	0.00127733	0.000222798	0.000815041	0.00253271	4.01942e-05	0.0132064	1.39024e-05	
0.0194536	0.0308715	0.000134023	0.000151079	0.000258861	5.26546e-05	0.0408487	0.198791	0.00121782	8.43229e-05	0.000995957	0.00115785	0.000180141	0.0359211	0.000717157	0.000212037	0.169714	0.435496	0.0364448	0.0272964	
0.0685904	0.0598783	0.00390236	0.00078651	0.000345209	0.014622	0.000340068	0.00885526	0.0130435	0.000161043	0.0727183	0.00815084	0.0686262	0.0304832	7.79089e-05	0.587743	0.000137536	0.0610248	0.000300214	0.000213087	
0.000119219	0.00283888	0.0266991	0.0735249	0.00652118	0.00428339	0.0635987	0.000277974	0.000186415	0.00155003	0.00124306	0.0128571	7.18771e-05	0.0676272	7.69479e-05	0.0580032	0.641069	0.0349129	0.00143851	0.00310083	
0.734077	0.0118031	0.000331168	0.000261874	0.0175524	7.43131e-05	0.0580828	0.00306268	0.00186859	0.0218167	0.0047124	0.00313676	5.8478e-05	0.0424734	0.000823903	0.0125313	0.051321	0.000199511	0.0219545	0.0138582	
0.000415134	0.00872684	0.00484769	0.000338077	0.010428	0.000260007	0.000489052	0.702248	0.000350617	0.11771	0.106556	0.000371052	8.84998e-05	0.000335469	5.78036e-05	0.000136649	0.000186179	0.0392331	0.000181813	0.00703887	
7.83178e-05	0.00959982	0.000178803	0.000103762	0.00735953	4.17109e-05	0.0328261	0.665227	0.000274801	3.62751e-05	0.00019125	0.000203995	0.0127719	0.0803597	0.000139566	0.000190227	0.000101609	0.139851	0.0459137	0.00455131	
0.0545089	0.19699	0.000401056	0.000901224	0.000294165	0.000450867	0.0593798	0.00732424	0.00956377	0.000377919	0.0438294	0.00962362	6.41769e-05	0.0424415	0.00050753	0.563192	0.00942609	0.000293754	0.000247841	0.000181494	
0.00023632	0.00203702	0.0004437	0.00241018	0.0314671	0.000172155	0.000586472	0.194641	0.00474737	0.743571	0.000813081	0.000435144	0.00021748	0.00155373	0.000195306	0.000131985	0.000483616	0.0139529	0.000516575	0.00138842	
0.040241	0.0324235	0.0843787	0.0667974	0.000263751	0.0658154	0.000220772	0.000261391	0.00829341	0.419506	0.220926	0.0344231	5.27092e-05	0.000148633	4.2238e-05	0.00100666	0.00680505	0.000106965	0.000976224	0.0173111	
0.00467426	0.00634558	0.00454046	0.00138411	0.0528272	0.00115185	0.000170223	0.000274485	0.772379	0.00413077	0.000155601	2.47502e-05	8.8946e-05	0.0398134	0.0378934	0.000118947	5.11867e-05	0.00295313	0.000129285	0.0708934	
8.33485e-05	0.00111846	0.0273894	0.716722	0.0349056	6.01121e-05	7.65425e-05	0.000152364	4.16199e-05	0.0390664	0.0537624	0.040231	0.0195859	0.000244225	0.000196615	0.0493201	0.000146423	0.00197918	0.0148395	7.88912e-05	
0.000343235	0.0390123	0.000886231	0.000443247	0.000282758	0.000165193	8.79905e-05	0.0279781	0.000198775	0.510144	0.375512	0.000245405	2.63728e-05	0.00264259	2.33285e-05	9.66649e-05	0.000129487	0.022435	0.000295647	0.0190521	
0.0456531	0.00557097	0.112252	0.101441	0.00129068	0.0128955	0.049856	0.00462359	0.21735	0.00625128	0.0148952	0.108695	0.00515391	0.159586	0.0349425	0.0696145	0.0357259	0.00572246	0.0011375	0.00734229	
0.000994517	0.000565618	0.0672351	0.0195555	0.0355934	4.69452e-05	0.579658	0.00112916	0.174369	8.1585e-05	0.0611602	0.0272659	3.7777e-05	0.0128966	0.0130074	0.00374817	0.00138303	0.00107356	0.000162754	3.53363e-05	
0.0392098	0.00519076	0.181559	0.254902	0.0214771	0.013549	0.044421	7.90644e-05	0.165051	0.00407307	0.000124956	0.0126413	0.155862	0.0266828	0.016406	0.0531512	0.00408283	0.00141354	6.947e-05	5.44483e-05	
0.0579308	0.000714564	9.7187e-05	0.0302516	0.0476065	0.0229699	0.0275388	0.000162847	9.73072e-05	0.00135371	0.0555426	0.678188	0.00115649	0.00061189	0.000211159	0.00574827	0.000140953	0.0254981	0.00991502	0.0342638	
0.000151981	0.00368472	0.000196933	0.000922548	0.00922079	8.81224e-05	0.0314316	0.666296	0.000261631	4.16734e-05	0.000186245	0.000182485	0.0125614	0.0784323	0.000145413	0.000133011	8.79741e-05	0.146365	0.0471106	0.00250013	
0.000196584	0.0505018	0.000249694	0.000588233	0.000230229	0.000107268	0.0162607	0.0172025	0.0129754	0.016583	0.0499153	0.00964579	0.00531967	0.0381772	0.00243568	0.00442296	0.00511168	0.73444	0.00701087	0.0286254	
0.0503077	0.00613093	0.118571	0.111444	0.00140991	0.0142125	0.0392952	0.00507448	0.204405	0.00688529	0.0162121	0.104493	0.00486326	0.157556	0.0359938	0.0725598	0.0375996	0.00496128	0.00124599	0.00677855	
0.045495	0.0357681	0.0842801	0.0769885	0.000106002	0.0580349	8.04869e-05	7.50778e-05	0.00202173	0.609468	0.0451236	0.0261849	3.47024e-05	0.000152091	2.48569e-05	0.00112369	0.0014649	7.00266e-05	0.000568695	0.0129342	
0.0402685	0.00206376	0.0574108	0.205644	0.022589	0.00343227	0.0703382	0.0484326	0.0572263	0.0550069	0.0419112	0.0272418	6.88191e-06	0.214477	0.029187	0.0131534	0.0266008	0.0477997	7.07597e-05	0.0371394	
0.00205505	0.0322715	0.641878	0.0676529	0.00473005	0.00977372	0.00459069	1.82266e-05	0.00281397	2.7657e-05	0.000178261	0.149027	7.71279e-06	0.00661532	0.000974837	0.03057	0.0467575	2.46645e-05	2.1079e-05	1.19887e-05	
0.000158451	0.0279711	0.000218772	0.00021877	6.81561e-05	7.21913e-05	0.00103897	0.237759	0.000266647	0.0196988	0.00768668	0.00018226	0.00014854	0.00161022	3.53572e-05	0.000122214	0.00010785	0.677815	0.00281143	0.0220095	
0.00319833	0.0395265	8.37438e-05	0.112935	0.000108499	2.09562e-05	0.000572877	0.408004	0.0247241	0.112747	0.0790358	0.000480252	3.40633e-05	0.00068057	0.000126942	5.47269e-05	6.22112e-05	0.192247	0.00127193	0.0240857	
0.00117499	0.0309135	0.010366	0.000187352	0.000180472	0.00040105	0.672191	0.0138345	0.000172602	0.00526177	0.0407059	0.0169489	0.00474269	0.0661126	0.000109894	0.0250113	0.000989349	0.0126282	0.00343956	0.0946284	
0.0503077	0.00613093	0.118571	0.111444	0.00140991	0.0142125	0.0392952	0.00507448	0.204405	0.00688529	0.0162121	0.104493	0.00486326	0.157556	0.0359938	0.0725598	0.0375996	0.00496128	0.00124599	0.00677855	
0.000896139	3.90967e-06	0.359134	0.447832	0.000106071	0.00312515	0.00323409	1.40176e-05	0.017963	0.000921329	0.000110971	0.0840743	7.76745e-05	0.0556452	0.0163539	0.00309925	0.00270079	0.00153901	1.21187e-05	0.00315735	
0.0503077	0.00613093	0.118571	0.111444	0.00140991	0.0142125	0.0392952	0.00507448	0.204405	0.00688529	0.0162121	0.104493	0.00486326	0.157556	0.0359938	0.0725598	0.0375996	0.00496128	0.00124599	0.00677855	
0.00223591	0.00764674	0.0259265	5.14358e-05	0.252963	0.00650879	0.0180835	0.00414211	0.498128	0.0134913	0.0534555	0.0422255	0.00132677	0.0119585	0.0436866	0.00654753	0.00337661	0.00307461	1.19112e-05	0.00515888	
0.000543405	0.0111542	0.00291088	0.00176522	0.0129747	0.000572013	0.000103035	0.0398621	0.00022063	0.824352	0.0816447	0.00107411	5.75882e-05	0.00310216	4.06645e-05	0.000140028	0.000175824	0.00847238	0.000768378	0.0100656	
0.00928058	6.07379e-05	9.1469e-05	0.0401015	0.0188448	0.0121108	0.00687159	0.00532701	0.0027019	0.000543817	0.337648	0.00745163	0.00157881	0.0298511	0.00165282	6.25442e-05	0.0500265	0.0259406	0.0414095	0.408444	
0.0587707	0.0251044	0.0447801	0.0468172	0.000188136	0.0980754	0.000584305	0.024967	0.000130217	0.503709	0.17008	6.9724e-05	0.000165412	0.000765108	3.42942e-05	5.80204e-05	4.09353e-05	0.000112508	0.000408455	0.0251389	
6.19571e-05	0.038481	0.00011989	0.000116671	0.000127548	3.45068e-05	0.0412131	0.178955	0.00059412	5.35904e-05	0.000266783	0.000439788	0.00971962	0.0831908	0.000331621	0.000426381	0.00026965	0.59806	0.0282598	0.0192786	
0.00803756	4.81658e-05	0.0303847	0.0284624	0.529159	0.103707	0.0465062	0.000221088	0.0779145	3.82184e-05	0.0400573	0.0263831	0.00121154	0.0333341	0.0607072	0.00362639	0.00169187	9.34368e-05	0.00837099	4.51964e-05	
1.05714e-05	0.0084926	0.0186962	0.743736	0.16001	1.35547e-05	4.94512e-05	0.00154263	7.46594e-06	0.0242153	0.0184038	0.00514697	0.000882557	0.0010695	0.000441429	0.00296014	0.00304655	7.57736e-05	0.0111563	4.29191e-05	
0.0119992	3.74692e-05	4.81467e-05	0.0212964	0.420647	0.00659907	0.0389144	9.61984e-05	0.0258704	3.45089e-05	0.0482752	0.000100209	0.00105722	0.00255626	0.00296359	4.55704e-05	0.0393901	0.00262261	0.034431	0.343015	
0.0165046	0.321525	0.00686965	0.00241824	0.00953747	0.000916425	0.000150592	0.0105532	0.00390086	0.263166	0.289186	0.0222763	4.4587e-05	0.000115751	4.77066e-05	0.00039419	0.00300005	0.0418718	0.00230103	0.00522071	
0.0018156	4.03137e-05	0.554909	0.0955075	6.25616e-05	0.00617195	0.0255113	2.43519e-05	0.0140264	0.0110218	0.000208983	0.0791378	0.00200776	0.0107981	3.99416e-06	0.025546	0.152347	3.3707e-05	0.000160113	0.0206649	
0.0200216	0.0222678	0.0358065	0.0448576	0.0148244	0.038854	0.0306044	0.00622838	0.163748	0.0286632	0.193671	0.0652372	0.0802595	0.130231	0.0173071	0.0296604	0.0381684	0.0136723	2.35934e-05	0.0258936	
0.00274598	0.01758	0.00487608	0.0114474	0.0129709	0.0018115	0.000468145	0.00199272	0.00817209	0.791638	0.0547743	0.0374602	0.000108863	0.000291419	8.12155e-05	0.00081994	0.0104397	0.023207	0.00134851	0.0177655	
0.013777	0.0105727	0.0377168	4.3773e-05	0.0481649	0.000693677	0.00782647	0.000206217	0.788952	0.0085984	0.000106853	2.32076e-05	0.00326759	0.00057759	0.0138752	0.000319098	4.07094e-05	0.0126654	0.000395216	0.0521767	
0.00137292	0.00852041	0.000262634	0.00223557	0.0536809	0.000819038	0.00020161	0.000210497	0.77636	0.00274295	0.000717612	3.03441e-05	0.000164205	0.0368336	0.031986	0.000174928	5.27524e-05	0.000733783	0.000281304	0.0826187	
0.0672799	2.65936e-05	0.00203644	0.00368976	0.0814329	1.69603e-06	0.109914	0.000696008	0.000470346	0.0086582	0.00656539	0.0039593	0.000161661	0.0454467	9.47699e-07	2.69457e-06	0.00158846	0.00463963	0.00838603	0.655043	
0.0737395	0.00235746	0.0533107	0.0310982	0.05782	0.0650804	0.000645922	0.0483516	0.000125962	0.0673475	0.594358	0.000487539	7.29688e-05	0.00049319	3.18205e-05	0.000241938	7.73591e-05	6.34856e-05	0.000323968	0.00397307	
8.31386e-05	0.0401236	0.52737	0.0857882	0.0710992	4.09641e-05	9.85807e-05	0.016717	0.000226694	0.113673	0.0837226	0.0159676	0.00964712	0.000274055	0.00882701	0.0049468	0.011658	8.11736e-05	0.0095836	7.15973e-05	
0.0317451	0.0124266	0.0512562	0.0704924	0.017518	0.057722	0.0323303	0.00994535	0.191339	0.0187056	0.0840429	0.082603	0.127435	0.0734191	0.0196126	0.0429299	0.0483006	0.01593	2.07474e-05	0.0122257	
0.0317451	0.0124266	0.0512562	0.0704924	0.017518	0.057722	0.0323303	0.00994535	0.191339	0.0187056	0.0840429	0.082603	0.127435	0.0734191	0.0196126	0.0429299	0.0483006	0.01593	2.07474e-05	0.0122257	
0.0317451	0.0124266	0.0512562	0.0704924	0.017518	0.057722	0.0323303	0.00994535	0.191339	0.0187056	0.0840429	0.082603	0.127435	0.0734191	0.0196126	0.0429299	0.0483006	0.01593	2.07474e-05	0.0122257	
0.00014106	0.000288316	0.0824315	0.00148049	0.107243	0.000299479	0.000473414	0.110257	0.0314245	0.217796	0.269606	0.0292776	0.0378948	0.000129511	3.48458e-05	0.00767314	0.00740867	0.0146687	0.0485424	0.0329293	
0.0317451	0.0124266	0.0512562	0.0704924	0.017518	0.057722	0.0323303	0.00994535	0.191339	0.0187056	0.0840429	0.082603	0.127435	0.0734191	0.0196126	0.0429299	0.0483006	0.01593	2.07474e-05	0.0122257	
0.0317451	0.0124266	0.0512562	0.0704924	0.017518	0.057722	0.0323303	0.00994535	0.191339	0.0187056	0.0840429	0.082603	0.127435	0.0734191	0.0196126	0.0429299	0.0483006	0.01593	2.07474e-05	0.0122257	
0.00727241	0.0342186	0.000629245	0.000530719	0.00212699	0.000150035	0.00141203	0.138376	0.000471555	0.215207	0.217554	0.0205554	6.25169e-05	0.126631	2.39281e-05	9.25065e-05	0.101008	0.1207	0.00712028	0.00585933	
0.0208263	0.0399145	0.000111121	0.000180755	9.85808e-05	4.41969e-05	0.00498056	0.353089	0.000715744	0.0201317	0.041111	0.000507024	0.000118771	0.148056	0.000284193	0.000132604	0.0384176	0.28875	0.0168524	0.0256781	
0.00315989	0.0174523	0.000680205	0.00761439	0.072317	0.00069334	0.000147103	0.000223521	0.674884	0.000404415	0.0207525	8.73263e-05	0.000239342	0.0812345	0.00694485	0.0026054	0.000127888	0.00141994	0.01355	0.095462	
0.000133332	0.000515606	0.0632555	0.0147757	0.000159794	0.0015527	0.00927275	0.059182	0.252849	0.00743666	0.0327603	0.060983	0.00581834	0.00274173	0.000174246	0.443002	0.0118494	0.000566348	0.0216033	0.0113687	
0.0338525	3.79435e-05	6.56832e-05	0.0348511	0.286345	0.0622723	9.67703e-05	0.00427015	0.169748	0.0114684	0.0131669	6.09142e-05	0.00226897	0.0276194	0.00772546	4.12254e-05	0.00310344	0.000119207	0.00108492	0.341802	
0.00788949	0.0466278	0.000670211	0.0010756	0.00917881	0.000139003	0.000796693	0.0350452	9.38177e-05	0.112041	0.623562	0.000128504	6.52693e-05	0.0266905	3.56447e-05	0.00842116	0.10113	0.0240832	0.000911786	0.00141477	
0.0165413	0.00141124	9.87885e-05	0.000118404	0.112793	0.111405	0.0578252	2.75074e-05	0.297676	0.0134431	0.00768956	0.0152166	1.04894e-05	0.035818	0.0896175	0.00291034	8.30262e-05	1.30939e-05	0.0107043	0.226597	
0.0469294	0.0346219	0.0529773	0.0716365	0.000249712	0.0555074	0.000260882	0.206005	0.0005614	0.321818	0.185912	0.000930405	5.08109e-05	0.000214885	4.39834e-05	0.00047176	0.000306721	9.29572e-05	0.000687193	0.0207215	
0.000250651	0.180141	0.000420892	0.00110438	0.0268364	0.000174296	0.000322811	0.0559514	0.00139051	0.563138	0.015897	0.0339053	0.000109626	0.000737183	8.15249e-05	0.000146706	0.0344297	0.0843214	1.65054e-32	0.000641538	
0.237381	0.0378612	0.0495347	0.0180064	6.35897e-05	0.00148815	9.26606e-05	3.07274e-05	0.179961	0.0361475	0.0387765	0.0676198	1.77498e-05	0.198534	0.0897127	0.0236739	0.00701304	0.0102709	5.76016e-05	0.00375669	
0.0866739	7.25941e-05	5.8863e-05	7.71384e-05	0.075138	0.452432	0.0209414	0.0340134	0.0253491	0.101478	0.0862493	0.0177638	4.73067e-05	0.0115733	1.47072e-05	3.80749e-05	0.000130318	4.27082e-05	0.000110128	0.0877961	
0.0453085	0.0372147	0.000259175	0.000106085	8.11973e-05	4.6373e-05	0.000870912	0.43651	9.1955e-05	0.123769	0.0508321	0.000338205	6.11057e-05	0.000417737	3.9885e-05	4.4122e-05	0.0224296	0.26054	9.48857e-05	0.0209451	
0.237381	0.0378612	0.0495347	0.0180064	6.35897e-05	0.00148815	9.26606e-05	3.07274e-05	0.179961	0.0361475	0.0387765	0.0676198	1.77498e-05	0.198534	0.0897127	0.0236739	0.00701304	0.0102709	5.76016e-05	0.00375669	
0.0119539	3.74854e-05	4.81462e-05	0.021285	0.421004	0.00658744	0.038917	9.5034e-05	0.0258704	3.49187e-05	0.0482669	0.000102722	0.00104218	0.00256664	0.00296713	4.59045e-05	0.039029	0.0026429	0.0345351	0.342969	
0.00465238	0.494073	0.0302546	0.0744803	0.000106756	3.46432e-05	0.0239374	0.0868811	0.0191031	0.0408639	0.0628271	0.0177832	0.00548444	0.0329924	3.10393e-05	0.00148699	0.00494704	0.099959	4.76908e-05	5.41215e-05	
0.0503077	0.00613093	0.118571	0.111444	0.00140991	0.0142125	0.0392952	0.00507448	0.204405	0.00688529	0.0162121	0.104493	0.00486326	0.157556	0.0359938	0.0725598	0.0375996	0.00496128	0.00124599	0.00677855	
0.00980315	0.00508042	3.76478e-05	0.0122304	0.0431645	0.000892126	0.531349	6.46461e-05	0.0111847	0.000331109	0.00822313	0.157447	0.000160318	0.0284926	0.169224	0.000148953	4.90427e-05	0.0106135	0.0114636	3.98667e-05	
0.000534325	0.0269459	0.000311501	0.000921932	0.00291952	0.165001	0.0147113	0.00118408	0.0623667	0.000155618	0.00477778	0.258193	7.21311e-05	0.000172937	0.442072	0.017918	0.000649207	0.000563524	0.000268181	0.0002607	
0.000103653	0.0416745	0.000225384	0.000133545	0.000183588	5.47973e-05	0.0377273	0.364285	0.00164278	0.000164709	0.000613634	0.00149683	0.016018	0.105759	0.00119936	0.00101617	0.0148109	0.367945	0.0249541	0.0199923	
0.000650294	0.00100571	0.00203121	0.00251352	0.034598	0.000413358	0.000286165	0.0888383	0.000186287	0.514912	0.329932	0.00044968	0.00010915	0.000705187	5.81926e-05	0.000152334	0.000135644	0.0216635	0.000362376	0.000997557	
0.0474781	0.0359764	0.0831776	0.0748008	0.000110759	0.0591641	9.70055e-05	7.07339e-05	0.00108403	0.609971	0.0464876	0.0260802	3.71628e-05	0.000145702	2.32161e-05	0.00100813	0.00140131	7.86013e-05	0.000505213	0.0123025	
0.0378408	0.0242179	0.000226446	6.16682e-05	0.0131325	0.0245007	0.018411	0.176117	6.29347e-05	7.42508e-05	0.0236236	0.000295514	0.00360096	0.499992	3.91962e-05	0.00969001	0.0122015	0.12826	0.0272853	0.000366826	
0.0461615	0.0304362	0.0703832	0.0577354	0.000169658	0.0532006	0.000266821	0.0979244	0.00280277	0.580042	0.0359216	0.00179369	0.000130848	0.00098518	0.000129079	0.00021602	0.000662829	0.000206298	0.000171326	0.0206611	
0.000564504	0.0431843	0.000565404	0.00258612	0.000178169	0.000234041	0.0144015	0.694166	0.000732185	0.00300903	0.0569487	0.000283875	0.00230569	0.0112519	0.000178382	0.000220605	0.000116539	0.132561	0.0156506	0.0208614	
0.000171662	0.000650038	0.375718	8.30217e-05	0.0443659	9.95581e-05	0.000102724	0.000117474	6.66245e-05	0.0642581	0.0664631	0.344417	0.000414305	0.0367775	8.54764e-05	0.01206	0.0310786	0.00027753	0.0227277	6.56244e-05	
0.0503077	0.00613093	0.118571	0.111444	0.00140991	0.0142125	0.0392952	0.00507448	0.204405	0.00688529	0.0162121	0.104493	0.00486326	0.157556	0.0359938	0.0725598	0.0375996	0.00496128	0.00124599	0.00677855	
0.0503077	0.00613093	0.118571	0.111444	0.00140991	0.0142125	0.0392952	0.00507448	0.204405	0.00688529	0.0162121	0.104493	0.00486326	0.157556	0.0359938	0.0725598	0.0375996	0.00496128	0.00124599	0.00677855	
0.000122475	0.0106424	0.018775	0.0002219	0.0132099	0.508548	0.00388818	0.0384799	0.0163038	0.0900708	0.0926645	0.0970569	0.0484796	0.0375945	2.73937e-05	0.000170659	0.020726	0.000104373	0.00018038	0.00273308	
0.0402685	0.00206376	0.0574108	0.205644	0.022589	0.00343227	0.0703382	0.0484326	0.0572263	0.0550069	0.0419112	0.0272418	6.88191e-06	0.214477	0.029187	0.0131534	0.0266008	0.0477997	7.07597e-05	0.0371394	
0.000132022	0.038375	0.000392702	0.000357334	8.66511e-05	9.5317e-05	0.000147832	0.425097	0.00050767	0.464699	0.000202102	0.000270886	3.82072e-05	0.000289576	3.25429e-05	0.00014623	0.00305984	0.046248	0.00154576	0.0182759	
0.0667036	0.0266882	0.022442	8.34018e-05	0.0616135	0.0851732	0.000977236	0.00066671	0.588108	0.0045791	0.000240968	5.50864e-05	0.00165865	0.0149937	7.47884e-05	0.0396049	0.000130749	0.0164533	0.0168556	0.0528973	
0.00013217	0.0383397	0.000388933	0.000369312	8.62171e-05	9.50155e-05	0.000147166	0.424138	0.000506379	0.465794	0.000203123	0.000221445	3.82055e-05	0.000291239	3.21261e-05	0.000145751	0.00295355	0.0463143	0.00156227	0.0182408	
0.491538	0.00155876	6.72442e-05	0.000144791	0.0631777	0.0722822	0.0220962	0.0348385	0.031949	0.0959465	0.0889846	0.0215545	3.13056e-05	0.0174602	8.85058e-05	0.000468364	9.29596e-05	6.069e-05	0.000520942	0.0571394	
0.0171839	7.43607e-05	0.0532107	0.294652	0.515479	0.0312734	0.000385601	6.51482e-05	0.0260299	0.0176493	0.00401107	0.016428	0.000156872	0.00873605	0.000430891	4.13378e-05	0.0128299	5.1356e-05	0.00127249	3.82834e-05	
0.510584	0.000178112	6.45723e-05	7.88244e-05	0.0466449	0.117913	0.0276966	0.0248763	0.0329913	0.0666536	0.0922783	0.0275136	2.25207e-05	0.01731	3.72132e-05	0.00133348	5.06632e-05	5.33842e-05	0.00090216	0.032817	
0.760877	0.00178005	0.000247845	0.000300179	0.000891747	0.0001239	0.0110642	0.0388277	0.000269223	0.000375384	0.000825021	0.00129812	0.0126986	0.0318662	0.000156105	0.057636	0.0413085	0.0359499	0.00158734	0.00191674	
0.00100743	0.000114626	0.00191063	0.00570505	0.784215	0.000645641	0.00178134	0.0278428	0.0411408	7.52869e-05	0.00150935	0.000870944	0.0071735	0.0427016	0.0107488	0.00698186	0.000918122	0.0176181	0.0217333	0.0253056	
0.0255223	0.0252501	0.000132881	0.000354592	0.00119824	0.593176	0.0107473	0.00202157	0.00526006	0.0123771	0.0420398	0.0389335	0.000196378	0.0268953	0.00322875	0.0178472	0.193711	0.000139344	0.000213415	0.000754559	
0.000323829	0.00133227	0.000507202	0.0010554	0.0468093	0.000185064	0.00349561	0.593901	0.00141123	0.0548694	0.00109009	0.000195952	0.0541099	0.0122267	0.000465272	9.42123e-05	0.000207868	0.225071	0.00109118	0.00155801	
0.00021458	0.0775951	0.000188713	0.000182812	0.017044	0.000120664	0.00165743	0.165311	0.000632677	0.114177	0.177507	0.00158316	0.000252801	0.00193896	0.000123051	0.000202092	0.0703911	0.363026	0.000875546	0.00697634	
0.0416807	0.000172579	0.013891	0.00426878	0.0596478	4.38587e-05	0.00503852	0.00148718	0.303363	0.000194366	0.000996777	0.0942197	8.51125e-05	0.000341104	0.417768	0.000272538	0.000388684	0.0449199	0.000153922	0.0110668	
0.061533	0.347708	0.000102146	0.00011462	0.00064385	0.007927	0.000104148	0.00010627	0.0521446	9.28854e-05	0.00048812	0.0940065	0.0181238	0.02721	0.0110294	0.0828471	0.225834	0.0692969	0.000425542	0.000261992	
0.0431847	0.000119164	0.000882896	0.0224958	0.176813	0.0909875	2.29599e-05	1.62236e-05	0.0238163	0.0107721	1.4853e-05	0.00131048	1.91874e-06	7.33151e-06	2.453e-06	4.43309e-05	0.0211976	5.72291e-06	4.56949e-05	0.608259	
0.0347267	0.00430296	6.10345e-05	0.0367872	0.0690457	0.00384297	0.616876	0.000609039	0.000185675	0.000168312	0.0674898	0.0642451	7.77824e-05	8.3676e-05	5.79465e-05	0.0467894	0.000448773	0.0361293	0.0179847	8.82924e-05	
6.12838e-05	0.0389565	0.000120008	0.000117297	0.000127848	3.58178e-05	0.0410794	0.178508	0.000582696	5.42133e-05	0.000268613	0.000439696	0.0100808	0.0828325	0.000341141	0.000426417	0.000246984	0.598166	0.0282593	0.0192958	
0.000170072	0.0489353	0.000215087	0.0230869	0.000217524	0.00010475	0.0258294	0.0270139	0.000455622	0.00870715	0.000686489	0.00151145	0.00382208	0.00079217	0.000375734	0.000597509	0.000247945	0.81732	0.00938447	0.030526	
0.657113	0.0030205	0.000460921	0.000581933	0.0046983	0.000183998	0.00023982	0.0583049	0.0315186	7.76786e-05	0.0628215	0.0385439	0.114035	0.000119316	4.12695e-05	0.0198837	6.93652e-05	0.000350891	0.00381229	0.00412292	
0.000736853	0.0296277	0.183394	0.456781	0.0390914	1.86407e-05	0.000114709	0.0320924	4.74926e-05	0.0931513	0.137597	0.000101751	0.00229479	0.000165071	0.0033458	0.00194726	0.011437	3.07831e-05	0.00793076	9.42254e-05	
6.76747e-05	0.0334927	0.000100237	0.000166669	8.18079e-05	4.6097e-05	0.00413648	0.306403	0.000558768	0.0135515	0.0105329	0.000479399	0.00151708	0.00234396	0.000115368	0.000310162	0.000402705	0.60416	0.00472473	0.0168087	
0.0573614	0.00601551	0.0525312	0.0463534	0.0907801	0.0491269	0.00205591	0.000170661	0.0013982	0.359705	0.299428	0.0244592	5.05236e-05	0.000141433	3.35636e-05	0.000271888	0.00175937	8.92713e-05	0.00035448	0.00791328	
0.000161009	0.000117536	0.000111837	0.000350966	0.0773663	0.543544	0.0295271	0.0176772	0.0420696	0.0673086	0.072441	0.0252751	0.0171518	0.0405961	0.000230919	0.0062696	0.0300022	0.000156485	0.000355786	0.0292869	
0.2612	0.0895253	0.000161155	0.0161153	0.000914287	0.155901	0.0410108	0.000453139	0.00153893	0.000507409	0.00342466	0.000396844	9.00416e-05	0.00630468	4.6463e-05	0.343173	0.0669918	0.0112919	0.000303432	0.00065066	
0.0272986	0.000165585	3.77791e-05	3.74135e-05	0.000434742	2.0796e-05	0.0150067	0.0166543	0.45598	0.00668367	0.0328478	0.0651525	0.0207667	0.197906	0.0650684	0.0206038	0.0528121	0.016188	4.67236e-05	0.00628875	
0.0402685	0.00206376	0.0574108	0.205644	0.022589	0.00343227	0.0703382	0.0484326	0.0572263	0.0550069	0.0419112	0.0272418	6.88191e-06	0.214477	0.029187	0.0131534	0.0266008	0.0477997	7.07597e-05	0.0371394	
0.12276	0.023442	0.0306472	0.000307875	0.000772269	0.0204743	0.000236302	0.000112856	0.000344705	0.00371355	0.00550804	0.11629	8.32094e-05	0.0308398	2.77299e-05	0.548031	0.0952558	0.000406223	0.000611875	0.000135292	
0.00801854	0.0319612	0.000927096	0.00810877	0.00307456	0.00211092	0.000454498	0.0133045	0.000183828	0.0612357	0.104457	0.0182637	0.0202496	0.00846071	0.000110669	5.78675e-05	0.584673	0.110492	0.0222935	0.00156247	
0.145149	0.000634484	0.00210686	0.000650911	0.000429611	0.104975	0.000645142	0.00458234	0.00406637	9.9554e-05	0.0343839	0.00456688	0.462624	0.0223674	0.000296275	0.201779	0.00962034	0.000534492	0.000197088	0.000291272	
7.5588e-05	0.0324599	0.000118898	0.000144333	7.12921e-05	3.90533e-05	0.000298786	0.285265	0.000343182	0.01585	0.0125626	0.000284247	7.74145e-05	0.000521175	3.5018e-05	0.00014894	0.000180535	0.630165	0.00313558	0.0182243	
0.00385068	0.0249816	0.532247	4.81881e-05	0.0535192	4.56784e-05	7.13461e-05	0.0354075	0.094502	0.099039	0.105474	7.71187e-05	0.00296092	0.0191442	0.00655654	0.00359843	0.00726455	0.000100991	0.0110489	6.26526e-05	
0.000177695	0.0290609	0.000675793	0.00122145	0.000174132	0.000275396	0.00888471	0.324084	0.000179727	0.0057564	0.514942	0.000104778	0.000141392	0.0101625	8.2368e-05	7.55336e-05	0.0110123	0.0702218	0.00306895	0.0196986	
0.0067507	7.68058e-05	0.000221665	0.000126529	0.0325975	0.0269597	0.0324716	0.000217481	0.0681073	0.0300638	0.060637	0.000183088	0.00462628	0.0467897	1.08937e-05	0.658962	0.000165584	0.000116999	0.000172638	0.0307427	
0.0453463	0.037452	0.000259205	0.00010609	8.11949e-05	4.6373e-05	0.000870912	0.436281	9.20047e-05	0.123666	0.0507998	0.000338205	6.14353e-05	0.000415437	3.9885e-05	4.41685e-05	0.0224381	0.260622	9.47976e-05	0.0209451	
0.00810249	6.79498e-05	6.43376e-05	8.92675e-05	0.089	0.526518	0.0194823	0.036369	0.0266149	0.0809045	0.0797094	0.00936209	0.000230254	0.0207967	1.56356e-05	6.47655e-05	0.000864505	4.10641e-05	0.000156734	0.101546	
0.0136384	0.435766	0.0260299	0.0633639	9.75787e-05	2.11506e-05	0.0152583	0.116515	0.0178664	0.0682569	0.0716549	0.0167829	0.00820955	0.0308441	3.18109e-05	0.000147739	0.0305603	0.0848753	3.21038e-05	4.73195e-05	
0.00934203	0.0350299	0.0283206	0.0342315	0.000103622	0.00966736	0.0222958	0.702519	0.000181249	6.29516e-05	0.021281	0.000111552	0.0114565	0.071966	8.88386e-05	0.000153649	6.88391e-05	0.00267967	0.0311015	0.0193385	
0.0166743	8.60324e-05	0.00576448	0.0301193	0.613026	0.00141232	0.0134764	0.0206747	0.00395916	0.0223549	0.0894975	0.00278604	0.00019451	0.00222853	0.000127697	7.39689e-05	0.00173005	0.00604323	0.169684	8.6955e-05	
0.579588	0.00122483	0.000140467	0.000154214	0.00144852	0.0121864	0.161292	0.000590223	0.00667253	0.000204193	0.00241887	0.00349316	5.9134e-05	0.0159986	0.000364256	0.0189658	0.0161153	0.0388245	0.00161697	0.138643	
0.01171	0.0391396	0.0218888	0.0261339	8.47661e-05	0.00805508	0.000408092	0.0109625	0.000156596	0.0283562	0.82359	0.000203858	9.71292e-05	0.00124808	5.88307e-05	0.00018054	8.1442e-05	0.00313099	0.00392213	0.0205913	
0.265944	0.113059	0.000268416	0.00454967	0.0164783	4.41633e-05	0.0339537	0.177246	0.0110335	0.00261004	0.0401751	7.20003e-05	0.000194217	0.00279702	1.27338e-05	0.0302143	0.0135585	0.235121	0.0173555	0.0353128	
0.00484696	0.000845999	6.87485e-05	0.0591344	0.0202425	0.00039071	7.39583e-05	7.63083e-05	0.012105	0.0199612	0.2757	0.241476	8.97782e-05	0.115623	0.0692376	0.0133281	0.153972	0.00314214	0.00962305	6.34447e-05	
0.0165413	0.00141124	9.87885e-05	0.000118404	0.112793	0.111405	0.0578252	2.75074e-05	0.297676	0.0134431	0.00768956	0.0152166	1.04894e-05	0.035818	0.0896175	0.00291034	8.30262e-05	1.30939e-05	0.0107043	0.226597	
0.052955	9.4573e-05	0.000829142	0.0297962	0.0110702	0.0164951	0.0223292	0.00154774	0.188649	0.000782066	0.105549	0.0188651	5.97257e-05	0.107964	0.323162	0.00336029	0.0397217	0.0726685	0.000302293	0.00380003	
0.151203	0.0247541	0.00224425	0.000577739	0.0268548	0.0129252	0.000524285	0.0428819	0.0338825	0.000122478	0.0278172	0.0314009	0.57488	0.00024938	8.35055e-05	0.0139155	0.000122807	0.0306595	0.00198813	0.0229132	
0.00900838	0.00079112	0.0162269	0.00884061	0.0232811	0.00952116	0.00013583	0.0363668	0.000681503	0.837295	0.0470639	0.00188324	4.6874e-05	0.000325142	4.66197e-05	0.000143194	0.000402427	0.00607341	0.00109699	0.000770088	
0.0250816	7.2401e-05	0.0699137	0.0496339	0.509824	0.0376511	0.057359	0.00215481	0.0779637	3.32091e-05	0.0305484	0.0217735	0.00904031	0.0448528	0.0212488	0.000308409	0.0172733	8.5494e-05	0.0251054	7.58295e-05	
0.0383413	0.0324628	0.000109748	0.00712524	0.000244073	3.55674e-05	0.0982658	0.0308066	0.00508419	0.000409249	0.0203744	0.00036895	0.466266	0.228112	0.0240088	0.0155505	0.015311	0.0158199	0.00109819	0.000205841	
0.0074185	7.0524e-05	6.34468e-05	9.23763e-05	0.085024	0.530549	0.0192165	0.035861	0.026549	0.0800076	0.0838405	0.00968162	0.000682821	0.0205063	1.42876e-05	0.000107878	0.000900656	4.56444e-05	0.000168004	0.0991999	
0.00215998	0.000587139	0.675216	0.000178572	0.000746564	4.37102e-05	8.8953e-05	0.0394337	0.000527377	0.00515211	0.0304546	0.0232035	0.00426	0.0385382	0.000293573	0.0310341	0.0925583	0.0228635	0.0229429	0.00971766	
0.0498549	0.0308588	0.131542	0.00676204	0.000840509	0.0259409	0.000706747	0.000106916	0.00031576	0.0122917	0.014807	0.102013	0.000272569	0.0372213	2.19477e-05	0.497076	0.0843581	0.00442843	0.000417912	0.000164062	
0.000104019	0.0490663	0.022533	0.609481	0.00228534	4.72709e-05	0.00162586	0.000600112	0.000140441	0.000291499	0.0095359	0.162149	0.0143017	0.000140754	0.0136046	0.0156304	0.0235496	0.0426054	0.0309662	0.00134111	
2.88326e-05	1.7472e-05	0.212731	0.164771	0.00786292	0.0093693	0.000808495	0.433716	0.0119436	0.0334808	0.000244827	8.8355e-05	3.096e-06	0.0963833	2.79752e-05	0.00413255	0.00898431	0.0153632	2.41422e-05	1.76658e-05	
0.00500988	0.00174176	0.570496	0.0161027	0.0696539	0.00274192	0.000158661	0.0539618	0.00142772	0.0163843	0.0599339	0.000113508	0.00071004	0.175116	0.00103139	0.000942554	0.00789861	8.62102e-05	0.0163995	8.96549e-05	
0.000686272	0.0352975	0.000200051	0.156639	0.047611	0.000316031	5.44208e-05	0.0563674	9.08876e-05	0.000148067	0.0504333	0.029353	5.6307e-05	0.465645	5.10488e-05	0.0191165	0.0573657	0.000856405	0.0328257	0.046886	
0.0468432	0.028767	0.0493335	0.0524637	8.29552e-05	0.0767093	0.00135637	0.318045	0.00430863	0.380692	0.000252363	0.0122682	0.000155248	0.000531922	0.000174164	9.96157e-05	0.00266886	0.000104728	4.6005e-05	0.0250966	
0.00223591	0.00764674	0.0259265	5.14358e-05	0.252963	0.00650879	0.0180835	0.00414211	0.498128	0.0134913	0.0534555	0.0422255	0.00132677	0.0119585	0.0436866	0.00654753	0.00337661	0.00307461	1.19112e-05	0.00515888	
0.00874695	0.00036198	0.00705762	0.0123931	0.0142027	0.000802938	0.118747	0.000188353	0.485122	0.0242643	0.0242118	0.000414728	8.83631e-05	0.00545602	0.272049	0.002788	0.00405435	0.00183855	7.95174e-05	0.0171329	
0.00147179	0.0426647	0.00205646	0.0148897	0.000104184	0.000749672	0.0275308	0.749264	0.000154483	6.37892e-05	0.0201603	0.000155235	0.0132629	0.0736342	0.000114575	0.0001518	8.95714e-05	0.00547128	0.0287157	0.0192948	
0.000896101	0.00153697	0.0037417	0.0214905	0.108348	9.46533e-05	0.000142956	0.000230031	0.260918	0.000316387	0.000662882	6.48488e-05	0.000117454	0.097133	0.469759	0.0118511	0.000104552	0.00114575	0.000873078	0.0205726	
0.0169776	0.0150663	2.48019e-05	0.00539039	0.0180045	2.09796e-05	1.05256e-05	0.268442	0.00820619	0.176248	0.111101	0.00035901	9.05292e-06	0.0184358	9.99933e-06	0.00538717	0.112056	0.183975	0.000207262	0.0600679	
0.000593286	0.0150325	0.00350277	0.0296131	0.00495714	0.00267777	0.0646629	0.00922485	0.000130123	0.403022	0.418096	0.000566198	0.0199404	0.000379648	0.00747274	0.000106305	0.0174551	0.000137556	0.000334664	0.0020952	
0.000111392	0.000108347	0.000134757	0.000535539	0.0927988	0.543771	0.0122308	0.0243037	0.192191	0.00860129	0.0175057	0.0156936	0.00245676	0.00845758	0.011566	0.00425405	0.00777905	0.000141349	0.000169287	0.0571894	
0.000110953	0.0138992	0.0364867	0.0593212	0.0220119	0.0320523	0.0125923	0.000304859	0.000303041	0.0363508	0.000916557	0.000299591	0.00626195	0.024641	0.000168931	0.00838414	0.67977	0.0383295	0.013522	0.0142735	
0.00205505	0.0322715	0.641878	0.0676529	0.00473005	0.00977372	0.00459069	1.82266e-05	0.00281397	2.7657e-05	0.000178261	0.149027	7.71279e-06	0.00661532	0.000974837	0.03057	0.0467575	2.46645e-05	2.1079e-05	1.19887e-05	
5.51172e-05	0.0352223	0.0912868	0.686619	0.000227855	2.85342e-05	0.000329056	0.019179	0.000174739	0.00901866	0.000292857	0.0730319	0.0522842	0.000197748	0.00155235	0.000619236	0.0018803	0.0253412	0.00237839	0.000280869	
0.0402685	0.00206376	0.0574108	0.205644	0.022589	0.00343227	0.0703382	0.0484326	0.0572263	0.0550069	0.0419112	0.0272418	6.88191e-06	0.214477	0.029187	0.0131534	0.0266008	0.0477997	7.07597e-05	0.0371394	
0.0264032	0.00265386	0.0442728	0.126699	0.0145035	0.0017256	0.0379869	0.120158	0.0494407	0.0457719	0.0632499	0.0427545	3.87619e-05	0.122458	0.0148275	0.0490915	0.11992	0.0987656	0.00103219	0.0182453	
0.0097822	0.0144037	0.000274991	0.0214266	0.00755832	0.000315014	0.00797349	0.0146685	0.139587	0.00186284	0.0260074	0.0180167	0.71413	0.000606232	3.46934e-05	0.00479047	7.32276e-05	0.000297955	0.0173953	0.000794807	
0.00315906	9.92504e-05	0.0624762	0.0426089	0.119295	0.504708	1.41448e-05	0.000812182	0.000365455	2.32733e-05	0.101086	0.0646022	1.16977e-05	0.0882556	0.000876404	0.0104779	0.00035281	0.000210407	0.000129949	0.000434723	
0.0210108	0.00955189	0.00025778	0.000354049	0.0204867	9.03287e-05	0.00248603	0.107663	0.000934747	0.0517085	0.088502	0.000821601	0.00027808	0.00481604	0.000263251	0.000296543	0.000329698	0.671933	0.00969761	0.00851792	
0.0521122	0.000765847	0.0402222	0.0684838	0.000823543	0.000280389	0.116315	0.000354755	0.022171	0.000469523	0.0003846	0.000549853	5.99546e-05	0.0347224	0.000147073	0.197996	0.426876	0.0362509	0.000360831	0.000653319	
0.0503077	0.00613093	0.118571	0.111444	0.00140991	0.0142125	0.0392952	0.00507448	0.204405	0.00688529	0.0162121	0.104493	0.00486326	0.157556	0.0359938	0.0725598	0.0375996	0.00496128	0.00124599	0.00677855	
0.0410192	0.0708357	0.0002186	0.0334507	0.0755885	0.0139636	0.0130233	0.000136511	0.00182443	0.375065	0.280341	0.0177537	2.98073e-05	6.99478e-05	3.30294e-05	0.000438979	0.00268617	0.00010082	0.00330428	0.0701165	
0.0180546	0.000717265	0.0376999	0.00295074	0.001628	0.000280169	0.000347101	0.0395315	0.006223	0.000164862	0.0714682	0.0382059	0.569991	0.0977686	0.0532233	0.0288949	0.000105987	0.0293647	0.0014232	0.00195682	
