0.00748368	0.0091003	0.000339994	0.00048281	0.00308608	0.000137736	0.000414075	0.556317	0.000848719	0.251704	0.00776253	0.000288223	0.000102281	0.00124819	0.00011208	0.000143947	0.000218112	0.129566	0.000579341	0.0300644	
0.746566	0.00245256	0.00179326	0.000326311	0.000991968	0.00095665	0.02409	0.0132542	0.0205224	0.00340617	0.00881774	0.0235378	0.000138872	0.0360241	0.0122565	0.0639585	0.000740421	0.0147542	0.00146646	0.0239455	
0.0081564	0.0117381	0.0026668	0.0141166	0.177995	0.00200678	0.000173638	0.0148983	0.024537	0.000739359	0.0233689	0.022183	0.640775	0.000288713	9.91989e-05	0.000124502	0.000110808	0.00387667	0.0118062	0.0403388	
0.00323063	0.0129288	0.0037096	0.00424172	8.59902e-05	0.00119779	0.000416558	0.764293	0.000303995	0.135179	0.00346565	0.000224178	9.3429e-05	0.00098174	9.79356e-05	0.00018735	0.000206914	0.014688	0.00188454	0.0525824	
0.160577	0.0013305	0.00896789	0.00354643	0.00106683	0.00169638	0.0606419	0.0333244	0.0259565	0.000743364	0.0157274	0.0406592	0.00031856	0.0453764	0.0139162	0.573046	0.00908399	0.00265223	0.00030538	0.00106379	
0.822494	0.00517101	0.000299114	0.00041627	0.00013049	0.00351137	0.0190724	0.0144172	0.000859258	0.0114352	0.000387632	0.00390724	0.000398015	0.0167608	0.000322106	0.0387617	0.000505	0.0371169	0.00406736	0.0199673	
0.000819428	0.0174111	0.667712	0.000439944	0.0144749	0.000309488	0.000702647	0.00595351	0.0016796	0.0855951	0.025621	0.0346287	0.0737642	0.0325778	0.0124933	0.0107635	0.00699095	0.000574744	0.00728505	0.000203077	
0.0421903	8.03123e-05	0.000791872	0.0189413	0.70215	0.096948	0.000594424	0.00256336	0.0156387	0.00875209	0.00813633	0.00108339	0.0027497	0.00876721	0.00137357	0.00014968	0.0400714	0.000570697	0.000903353	0.0475441	
0.38567	0.0206041	0.0011242	0.00107328	0.00123139	0.103529	0.0313987	0.000581338	0.0190308	0.0403514	0.121349	0.00120485	0.0001075	0.0323395	0.000283036	0.181085	0.0549349	0.00055486	0.0021363	0.00141095	
0.0508819	0.0124945	0.0436357	0.011029	0.0186082	0.00028806	0.0492568	0.00271659	0.1492	0.000220898	0.012078	0.279651	0.000172451	0.019754	0.296845	0.000459611	0.0151549	0.0363417	0.000837847	0.00037354	
0.0719121	0.0178994	0.0316218	0.0282184	0.143858	0.0306308	0.00045144	0.0273156	0.0240461	0.590244	0.007244	0.00495959	0.000153788	0.000598937	0.00020371	0.00104369	0.00424258	0.00786695	0.00468333	0.00280587	
0.1283	0.000568874	0.000366019	0.0559596	0.0994999	0.340387	0.0047	0.0268202	0.0263311	0.120964	0.0050892	0.00712295	0.000341037	0.123037	0.0114728	0.000433885	0.00115712	0.000356235	0.000232591	0.0468608	
0.22723	3.89414e-05	0.0733923	0.211266	0.000256667	0.0121363	0.0077412	6.27775e-05	0.137317	0.00708517	0.000125581	0.0403954	0.00190747	0.115546	0.0873328	0.0539581	0.0235328	4.17127e-05	2.36326e-05	0.000609541	
0.0250116	0.0195486	0.245092	0.532127	0.0203991	0.00634129	0.00291871	0.00426705	0.000249135	0.00141257	0.0063004	0.004825	0.00138063	0.0892152	0.00136468	0.0128817	0.00296129	0.0141181	0.00938672	0.000199754	
0.00651128	0.00872028	0.00021855	0.000214116	0.00137179	7.707e-05	0.000346627	0.280072	0.000569559	0.172353	0.0220501	0.000762826	9.28428e-05	0.000530884	8.88714e-05	0.000170775	0.000343714	0.476441	0.000121494	0.0289444	
0.161709	0.000397871	0.0514324	0.190283	0.00816372	0.00986199	0.00423547	0.0098329	0.168895	0.0181016	0.0189205	0.0136633	0.000203594	0.110554	0.185994	0.00632025	0.0389769	0.00168349	0.000147578	0.000624051	
0.0303664	8.62377e-05	0.184764	0.409301	0.000409357	0.000887794	0.00430333	0.0148675	0.0829526	0.0617454	0.096036	0.0219651	1.59463e-05	0.0176393	0.0365749	0.0181397	0.012306	0.00525141	0.000137138	0.00225144	
0.0847169	0.00974488	0.00017328	0.000139234	0.00183708	6.65157e-05	0.00055235	0.131795	0.00257696	0.162394	0.00382888	0.00026772	3.42748e-05	0.00155182	0.000206717	8.06803e-05	0.0057502	0.559681	0.000689093	0.0339126	
0.0564633	0.0224622	0.197393	0.385839	0.0067497	0.000189868	0.00104118	0.0565354	0.0152643	0.0562964	0.00820077	0.0825378	0.000668126	0.00330079	0.0261581	0.0169454	0.0302363	0.0242253	0.0085999	0.000892696	
0.22723	3.89414e-05	0.0733923	0.211266	0.000256667	0.0121363	0.0077412	6.27775e-05	0.137317	0.00708517	0.000125581	0.0403954	0.00190747	0.115546	0.0873328	0.0539581	0.0235328	4.17127e-05	2.36326e-05	0.000609541	
0.510931	0.0174804	0.00450122	0.0011926	0.000820366	0.141683	0.00067448	0.00102348	0.00262433	0.0122989	0.036829	0.0100355	0.0101588	0.101877	0.0068209	0.0794296	0.014207	0.000568057	0.0021464	0.0446984	
0.00191713	0.0035757	0.0258123	0.00946593	0.0890411	0.744085	0.00276659	0.0213153	0.00425288	0.00372813	0.00998241	0.051776	0.000702371	0.00604609	0.00607553	0.000531797	0.00829446	0.000196916	8.86118e-05	0.0103454	
0.720574	0.00893936	0.000519672	0.000391688	0.00613497	0.00957784	0.0514681	0.00455949	0.00959428	0.00711844	0.0141488	0.0328395	0.000105235	0.0369415	0.0111859	0.000775678	0.00730842	0.0215369	0.00991593	0.0463639	
0.00547106	0.000694504	0.503665	0.10753	0.0143517	0.0104692	0.0421006	0.000427601	0.0819714	0.000128154	0.000517521	0.0187045	0.0705825	0.0483862	0.0354476	0.0094821	0.0487068	0.000822131	0.000209393	0.000331915	
0.0849276	0.00453668	0.000253638	0.0165549	0.0250839	0.068661	0.000342641	0.00767455	0.0324593	0.0210688	0.101183	0.000285626	0.0607689	0.0378297	0.0133205	0.000266804	0.0347658	0.0291661	0.0657923	0.395058	
0.00496824	0.018999	0.000301923	0.000478357	0.0777529	0.000151686	0.00773717	0.441974	0.00125024	0.197159	0.000444066	0.000708327	0.000231223	0.000874043	0.000195356	0.000252034	0.000387374	0.244769	0.000755265	0.000610411	
0.00450187	0.0194128	0.000305513	0.000498009	0.0791662	0.000146935	0.0076426	0.440617	0.00127281	0.195795	0.000385372	0.000748792	0.000230449	0.00112606	0.00020733	0.000286321	0.000647703	0.245655	0.000759806	0.0005942	
0.0004384	0.01336	0.000496976	0.000262761	0.0010484	0.000171087	0.050943	0.071344	0.00106869	0.00234952	0.000295218	0.00116264	0.00972741	0.0221587	0.000662108	0.00120685	0.00135108	0.780375	0.0110017	0.0305762	
0.00330057	0.000108638	0.000488725	0.000677335	0.224947	0.569695	0.0102973	0.0223224	0.0169206	0.062659	0.0152977	0.0211451	0.000566999	0.0106792	0.000216437	8.98755e-05	0.00408669	0.000117376	0.000134091	0.0362503	
0.0292979	0.0275532	0.0091413	0.000897781	0.0016477	5.66136e-05	0.561984	9.8358e-05	0.00520426	0.00829044	0.0588286	0.0110631	0.00010832	0.0992956	0.0832393	0.0263414	0.00785799	0.067634	0.00013222	0.00132838	
0.0316767	5.27587e-05	0.00110325	0.015428	0.628727	0.108991	0.000585937	0.00052774	0.020775	0.000662396	0.0159748	0.00108522	0.0901038	0.0147338	0.0224085	0.000104399	0.0149824	0.000187922	0.00499245	0.0268971	
0.00266211	0.0180821	0.00056458	0.00023509	0.000377351	0.000125457	0.0528344	0.00757347	0.0332151	0.000101577	0.000286737	0.0509254	0.0096158	0.0272502	0.0209708	0.0233153	0.0444383	0.683244	0.00707664	0.0171056	
0.00835824	0.0117492	0.00261632	0.0139348	0.177145	0.00200088	0.000174016	0.0149105	0.0242543	0.000743492	0.023027	0.0226594	0.641654	0.000285908	9.98402e-05	0.000124603	0.000117526	0.00439185	0.0117874	0.0399659	
0.0681298	0.00411052	0.000259074	0.0734153	0.0111634	0.00862034	0.000218992	0.000346561	0.000141521	0.0139778	0.036627	0.483322	0.187451	0.0353579	0.000736928	0.0388071	0.000265453	0.028501	0.00837013	0.000178321	
0.0054874	0.0120636	0.0101701	0.00494715	7.1769e-05	0.00751724	0.00051819	0.74974	0.000317725	0.136737	0.0032775	0.000260358	0.000115629	0.000753641	0.00010124	0.000197297	0.000152451	0.0113402	0.00166847	0.0545637	
0.000899368	0.000839609	0.0422797	0.0123737	0.000204255	0.0132816	0.0442812	0.000195485	0.000426709	0.00292321	0.00312428	0.00252251	5.36939e-05	0.0190606	0.000202374	0.354657	0.468272	0.0337711	0.000217648	0.000413858	
0.0590086	0.000629737	0.0125099	0.0249493	0.341902	0.0574249	0.00162363	0.33067	0.00114282	0.0597702	0.0344097	0.000615759	0.000198166	0.00098975	0.000194876	0.000269047	0.000417064	0.00261721	0.00346677	0.0671911	
0.00361687	0.000111185	0.000435058	0.000594526	0.226512	0.571244	0.0108836	0.0221678	0.018086	0.062758	0.0150393	0.0184461	0.000255817	0.0112636	0.000187299	9.07187e-05	0.00158829	0.000109274	0.000145341	0.0364657	
0.0670917	0.00954875	0.00315346	0.00732079	0.0224798	0.0020058	0.00466975	0.00709155	0.0305486	0.0282271	0.125138	0.065634	0.580943	0.00125938	0.000220072	0.0268276	0.000336848	0.00134395	0.00901651	0.00714298	
0.0612982	0.000744921	0.00281544	0.000881832	0.00928989	0.0807467	0.0016119	0.0303031	0.000389629	0.119704	0.0292446	0.0816627	0.441193	0.0764146	0.000147862	0.0332613	0.00899567	0.0197777	0.00052937	0.000988063	
0.0662667	0.0179653	0.000221383	0.00038837	0.00512717	0.000107908	0.00288657	0.154754	0.000435107	0.0216574	0.0479418	0.000273131	3.47076e-05	0.00834068	0.000142339	0.00538513	0.0353847	0.591007	0.0322331	0.00944754	
0.0047863	0.00988737	0.00022513	0.0002612	0.00139622	8.7682e-05	0.000387875	0.281189	0.000519437	0.169763	0.0248213	0.000713108	0.00011258	0.000555654	9.24524e-05	0.000191673	0.000305391	0.478878	0.000105811	0.0257206	
0.102922	0.00231198	0.13474	0.15241	0.0177481	0.0109861	0.000445777	0.000217466	0.38625	0.000804982	0.000496782	0.0156385	6.5656e-05	0.0693711	0.0364498	0.0524224	0.0136528	0.00123265	0.00142159	0.000412258	
0.456431	0.00706459	0.0302339	0.00052377	0.000461849	0.0111346	0.0336932	0.00814412	0.0261933	0.0013335	0.0422402	0.00246412	0.000130552	0.171506	0.000751671	0.187266	0.000404925	0.00846121	0.0018273	0.00973481	
0.0316973	0.0012535	0.000512499	0.000733635	0.011663	0.000299678	0.000540045	0.373159	0.000604569	0.437235	0.0195476	0.000276096	8.55646e-05	0.00162353	0.000126007	0.000157103	0.000443952	0.117744	0.000297792	0.00200112	
0.0185538	0.00034468	0.00197927	0.000152947	0.00870783	0.0119389	0.00687193	0.0037167	0.154246	0.00902589	0.00243563	0.0060033	5.3589e-05	0.0344265	0.709334	0.0149651	0.00733337	0.000242563	9.78699e-05	0.00956945	
0.0359569	0.00118296	0.0693898	0.0128109	0.000954916	0.023543	0.0145071	0.0389257	0.0893296	0.00025361	0.0204858	0.0272555	0.49334	0.0532705	0.0587191	0.0544027	0.000659785	0.00378266	0.000319866	0.000909872	
0.0755545	0.0204107	0.00358973	0.0441843	0.00734157	0.0282415	0.0894092	0.192173	0.0402137	0.128693	0.0166567	0.0310089	9.16021e-05	0.0240559	0.0418447	0.014354	0.02263	0.121141	0.00857123	0.089836	
0.0650012	0.00601702	0.00054916	0.00114608	0.000235354	0.000189629	0.016468	0.0741308	0.000765905	0.000255723	0.000494201	0.0107359	0.000432341	0.0416886	0.000144245	0.204629	0.448401	0.12192	0.00549173	0.00130413	
0.0666182	0.000122285	0.0747627	0.0789206	0.00259334	0.0959753	0.0029326	0.000588338	0.298213	0.00473038	0.00211152	0.0646369	8.27333e-05	0.0632165	0.0397812	0.106958	0.0932627	0.00422298	2.37049e-05	0.000246833	
0.0261526	0.00894665	0.00505529	0.00988514	0.000635617	0.0103176	0.000460762	0.0114125	0.366059	0.306426	0.0746989	0.0061119	9.73916e-05	0.00161585	0.0132901	0.00142495	0.10377	0.0101994	0.00324266	0.0401974	
0.0137496	0.0258618	0.0118927	0.00654526	0.0174466	0.00436922	0.00510284	0.00565817	0.111601	0.00260129	0.0153061	0.0116508	0.438368	0.000724622	0.00171794	0.000299939	0.0409065	0.250814	0.0131584	0.022225	
0.0146826	0.000392084	0.0122231	0.0153438	0.374376	0.00448873	0.00336679	0.0691053	0.00166231	0.312794	0.15762	0.00557346	0.000643091	0.00242609	0.000391165	0.000463414	0.00129077	0.0219135	0.000833969	0.000409782	
0.000554699	0.00775099	0.661887	0.00810307	0.0086325	0.000790625	0.000676366	0.0268986	0.00914428	0.117023	0.020699	0.0013476	0.0320229	0.00996283	0.00717777	0.0204659	0.0567088	0.000283292	0.00744352	0.00242729	
0.0103939	0.0257252	0.000871318	0.000300631	0.00141022	0.000145833	0.0376317	0.00263338	0.0759363	0.000183033	0.000600828	0.0695792	0.00438301	0.031259	0.0512276	0.00371924	0.00259698	0.661668	0.00591648	0.0138182	
0.0408292	0.0158405	0.217293	0.0211723	0.000206484	0.0681209	0.000397342	0.0038634	0.0117081	0.551898	0.00674633	0.0228606	0.000104614	0.000350664	0.000110547	0.000925356	0.0157362	0.000209297	0.00111065	0.0205161	
0.00331898	0.0131803	0.000560788	0.000600781	8.33375e-05	0.000227718	0.00126432	0.777013	0.000475565	0.0166011	0.0136424	0.000255315	0.00223546	0.00545154	0.000164824	0.000913454	0.0111974	0.116054	0.00164627	0.0351137	
0.104622	0.0042865	0.00725361	0.405782	0.0002149	0.000140817	0.00362999	0.0135515	0.0248362	0.0118004	0.00128021	0.0655855	0.000123311	0.0091581	0.00494518	0.0940287	0.0424133	0.201253	0.00269228	0.00240292	
0.0379727	0.000223996	0.148554	0.120462	0.00217603	0.00142838	0.0618706	0.00261732	0.0255052	0.000151682	0.0295721	0.111319	0.296283	0.0768958	0.0538849	0.019717	0.000910213	0.00180816	0.00533073	0.0033169	
0.0809207	0.0270798	0.000941351	0.0031847	0.00488002	0.000528281	0.000494862	0.00757837	0.0358665	0.000488348	0.0307434	0.0459216	0.549136	0.00141426	0.000309207	0.000301881	0.000338316	0.161387	0.0157699	0.0327151	
0.0141926	0.00234406	0.369531	0.301279	0.00353781	0.0284501	0.0129545	0.0856146	0.000443129	0.00120866	0.00807346	0.000340523	0.000142472	0.0242738	0.00353172	0.0857575	0.0492452	0.00609469	0.00276974	0.000215928	
0.0719373	0.000707154	0.0078732	0.000500646	0.00705613	0.0123768	0.0248372	0.000514214	0.104681	0.0626916	0.0173801	0.0567485	0.237863	0.0458738	0.295505	0.0246766	0.0258435	0.00138075	0.0002062	0.00134652	
0.0811726	0.00024762	0.000208873	0.0142088	0.0445979	0.0239655	0.0141632	0.021482	0.095987	0.000531396	0.0292208	0.000367422	0.00182086	0.0700721	0.122038	0.000320783	0.0268237	0.00401356	0.00929647	0.439461	
0.0167891	0.012047	0.000200557	0.000228447	0.00229612	7.66545e-05	0.00044057	0.435835	0.000955389	0.210577	0.00693875	0.000618771	6.85964e-05	0.00066312	8.96253e-05	0.000109233	0.00075728	0.277687	0.000430545	0.0331909	
0.106518	0.000144562	0.125548	0.304413	0.00318581	0.0108979	0.0071231	0.0122401	0.0404348	0.0340743	0.000296653	0.0446017	0.135648	0.0638123	0.0344999	0.0442331	0.017215	0.0145906	0.000423707	9.98335e-05	
0.2819	0.00133345	0.146586	0.08354	0.0552326	0.0063696	0.00688556	0.00419082	0.0367334	0.0467045	0.0708011	0.0056935	0.0137025	0.0883005	0.034679	0.0474185	0.051842	0.0135092	0.00156349	0.00301469	
0.0499182	0.000108553	0.00161692	0.0223595	0.707471	0.0646873	0.000864762	0.00398477	0.0174338	0.0067548	0.00995252	0.00128101	0.00232402	0.0098364	0.00174377	0.000213434	0.0540563	0.000829843	0.00111164	0.0434512	
0.5867	0.015328	0.000755163	0.00113411	0.00140716	0.000314876	0.0496902	0.0698619	0.0614884	0.00068407	0.0045954	0.00564746	0.000202418	0.0325293	0.00208404	0.0181026	0.00373724	0.11481	0.00807378	0.0228537	
0.102922	0.00231198	0.13474	0.15241	0.0177481	0.0109861	0.000445777	0.000217466	0.38625	0.000804982	0.000496782	0.0156385	6.5656e-05	0.0693711	0.0364498	0.0524224	0.0136528	0.00123265	0.00142159	0.000412258	
0.663582	0.0148417	0.00162398	0.000375774	0.015572	0.000424473	0.0332717	0.0222757	0.0331245	0.0279564	0.019115	0.0622545	0.00013876	0.0349583	0.0199211	0.0155463	0.000616825	0.00584709	0.00772018	0.0208332	
0.573548	0.107054	0.000923972	0.00323377	0.000317024	0.00741359	0.0857625	0.000167441	0.0327406	0.00425204	0.0321499	0.000127876	0.000624763	0.0388795	5.26438e-05	0.111113	0.000406634	0.000926641	8.8502e-05	0.000217572	
0.00223645	0.0193944	0.5591	0.00484246	0.0171028	0.000292177	0.0120242	0.0126744	0.00283077	0.0156649	0.0302545	0.0129279	0.00550618	0.0478009	0.0066795	0.118257	0.121134	0.000341806	0.0105221	0.000413844	
0.0755545	0.0204107	0.00358973	0.0441843	0.00734157	0.0282415	0.0894092	0.192173	0.0402137	0.128693	0.0166567	0.0310089	9.16021e-05	0.0240559	0.0418447	0.014354	0.02263	0.121141	0.00857123	0.089836	
0.00754886	0.00897328	0.000339922	0.000483475	0.00309159	0.00013949	0.000410856	0.555509	0.000849345	0.252388	0.00781334	0.000287596	9.97488e-05	0.00125304	0.000112035	0.000143378	0.000218531	0.129693	0.00060335	0.0300426	
0.00316214	0.00254289	8.4593e-05	6.54845e-05	4.23218e-05	0.0348257	0.0337443	6.27735e-05	0.00823266	0.0117839	0.0097024	0.0108053	6.12281e-05	0.00113217	2.82084e-05	0.319555	0.539221	0.0222514	0.000419823	0.00227687	
0.0461442	0.0024055	0.000667065	0.00111828	0.0347651	0.000367361	0.0459819	0.0340193	0.0434915	0.00225731	0.00128107	0.0125509	0.0103716	0.0279872	0.0195255	0.00129533	0.00598464	0.699664	0.00671423	0.00340784	
0.177716	0.019155	0.000209831	0.00150171	0.00732914	0.0186206	0.440265	0.0181329	0.00267173	0.00022247	0.0171574	0.000247734	7.98665e-05	0.0158795	0.000126984	0.0639696	0.0447019	0.162212	0.00966229	0.000137025	
0.289241	0.0179709	0.0011228	0.00719476	0.0179428	0.000424029	0.000294153	0.0352363	0.000354485	0.0491123	0.00109883	0.0094535	0.123653	0.0645279	8.81559e-05	0.020859	0.0170938	0.189198	0.00971339	0.145421	
0.644634	0.00708176	0.00149044	0.010179	0.000433781	0.000126193	0.00580235	0.00010434	0.00137102	0.0120821	0.0167091	0.00916901	0.00025414	0.0433181	2.67592e-05	0.143997	0.0495189	0.0530687	0.000384287	0.000249068	
0.0263264	0.122806	0.0693029	0.0274422	0.0026368	0.233319	0.145863	0.000396869	0.000263426	0.000298412	0.000630149	0.000900502	0.00984282	0.000972002	0.000229509	0.0683476	0.259532	0.0290981	1.00729e-38	0.00179252	
0.0130952	0.00962516	0.0221273	0.0138696	0.00126539	0.000191926	0.00960112	0.0525789	0.0880986	0.00796937	0.000475656	0.0318181	0.461824	0.0246679	0.0749245	0.00433452	0.145338	0.0368489	0.000319307	0.00102594	
0.0557793	0.0183687	0.0264506	0.00729425	0.0170881	0.0137866	0.690067	0.0187684	0.0112497	0.000429804	0.0311392	0.00783583	0.000309737	0.000277679	0.000282373	0.0380249	0.031988	0.0216259	0.00891167	0.000322608	
0.030439	0.0126558	0.00449019	0.0129085	0.000309103	0.00201672	0.000648766	0.265478	0.00602219	0.506761	0.00161455	0.00218344	0.049013	0.000976565	0.00015451	0.0182701	0.0281104	0.0344336	0.00585486	0.0176597	
0.0629471	0.00147458	0.12678	0.0329256	0.00169868	0.00108646	0.663437	0.000842178	0.000264692	0.000489881	0.0352333	0.0201401	0.000260888	0.00456615	0.00327175	0.000427919	0.000857082	0.00246307	0.0153898	0.0254438	
0.178509	0.0019467	0.0325675	0.00992729	0.121109	0.0268548	0.00295467	0.000698642	0.00042676	0.00126413	0.00317853	0.0442418	0.000714083	0.00234254	0.511427	0.000424802	0.00132377	0.0131852	0.000832992	0.0460708	
0.0963383	0.0492124	0.000868144	0.00322551	0.000356563	0.0131518	0.0032626	0.011143	0.000528362	0.0507855	0.0382941	0.0134775	9.65377e-05	0.0238218	0.000181321	0.147895	0.376708	0.168626	0.00170894	0.000319332	
0.0333289	0.00320057	0.000411058	0.000639007	0.00989794	0.000199359	0.000375547	0.345688	0.00051423	0.470858	0.0134939	0.000210842	0.000648086	0.00072696	8.68848e-05	0.000221757	0.000636331	0.114776	0.000386158	0.0037001	
0.175597	0.00144206	0.0178476	0.028094	0.00216809	0.150274	0.0347145	0.000221745	0.0200752	9.44981e-05	0.000930119	0.0443621	0.000560655	0.392983	0.00996967	0.098088	0.0150716	0.000108412	0.00348132	0.00391624	
0.249584	0.00246392	0.0540471	0.0921321	0.0132884	0.00870241	0.024553	0.0119169	0.0815449	0.132654	0.0421872	0.0166559	0.00474907	0.106106	0.0484344	0.0366062	0.045786	0.0186637	0.0010132	0.00891119	
0.00356033	0.0136259	0.000506158	0.000732716	6.93033e-05	0.000187026	0.00108973	0.781041	0.000435979	0.0174907	0.0137803	0.000206436	0.000119134	0.00469118	0.000154823	0.000918002	0.0118294	0.11312	0.000934588	0.0355075	
0.0568835	0.000269142	0.0104395	0.00262923	0.0377986	0.00079807	0.0107698	0.00306933	0.335938	0.000655453	0.00140038	0.00204343	8.69243e-05	0.0177192	0.2935	0.0010931	0.00131654	0.13692	0.000214455	0.0864546	
0.187027	0.000827699	0.0784323	0.0942995	0.000935477	0.0570731	0.00511864	0.0329034	0.0017627	0.000948003	0.0333143	0.13809	0.000434121	0.00170634	0.0288758	0.336523	0.000306089	0.000483169	0.000388991	0.000550319	
0.249584	0.00246392	0.0540471	0.0921321	0.0132884	0.00870241	0.024553	0.0119169	0.0815449	0.132654	0.0421872	0.0166559	0.00474907	0.106106	0.0484344	0.0366062	0.045786	0.0186637	0.0010132	0.00891119	
0.00191279	0.00361027	0.0256252	0.00935242	0.0890941	0.744358	0.00287505	0.0212302	0.00410509	0.00384423	0.010032	0.051718	0.00084508	0.00605214	0.00610351	0.000525484	0.00820717	0.000188034	8.93999e-05	0.0102319	
0.221099	0.0172581	0.000399523	0.000897964	0.000383609	0.000215204	0.00729084	0.0640922	0.11453	0.0525459	0.11121	0.00321226	0.000852415	0.0138701	0.00180817	0.00260464	0.00490636	0.34376	0.00248933	0.0365741	
0.000552569	0.000228581	0.0197509	0.000304215	0.00317512	0.000129722	0.00677365	0.000119398	0.771809	0.0351999	0.000319838	0.0007932	0.00893995	0.0177377	0.0731382	0.0156524	0.0209998	0.0211915	0.000328138	0.00285658	
0.643479	0.0315175	0.000514248	0.0011429	0.00656224	0.00028717	0.00709413	0.0128183	0.0315792	0.00152376	0.0133464	0.0647257	0.0746797	0.0152058	0.00321943	0.00317122	0.00631842	0.0431383	0.0116784	0.0279983	
0.0298347	0.000765826	0.00081975	0.0109858	0.0156067	0.670031	0.0425544	0.0139329	0.023499	0.0143168	0.0265862	0.0236074	0.00472883	0.0212661	0.00013934	0.0646859	0.00772414	0.00560835	0.000676817	0.0226304	
0.0838235	0.010146	0.000203336	0.000143717	0.00182796	6.83768e-05	0.000549736	0.129883	0.00366538	0.160745	0.00371456	0.000563561	3.46935e-05	0.00155675	0.000215922	0.000104447	0.00565043	0.562537	0.000690589	0.0338759	
0.399857	0.00270095	0.000637757	0.00466033	0.000206777	0.000491737	0.0563449	0.000763692	0.00726829	0.000763416	0.0158039	0.00601368	0.000107034	0.0491598	0.00257942	0.229109	0.0610877	0.16176	0.000453032	0.000231478	
0.0591496	0.0249046	0.074431	0.0270075	0.000249436	0.0277286	0.00419731	0.257486	0.0068631	0.442568	0.00486294	0.021357	0.0024936	0.00113805	0.000447656	0.000836238	0.00859207	0.00588348	0.000183146	0.0296207	
0.0990893	0.151146	0.000477751	0.0163791	0.00998356	0.00808016	0.000794306	0.000317714	0.00271046	0.0243912	0.0198529	0.461819	0.0415701	0.023878	0.0288404	0.0018814	0.000337864	0.100326	0.00753435	0.000590187	
0.00606899	0.0128364	0.0280117	0.0150787	0.147584	0.00491458	0.00022506	0.0180944	0.0234898	0.0011444	0.0229685	0.0236539	0.62175	0.000294857	0.000103823	0.00051835	0.000144741	0.0201552	0.0132041	0.0397591	
0.298222	0.00101768	0.0180889	0.0230614	0.000417648	0.270185	0.0256432	0.00477205	0.0125957	0.00116482	0.0176901	0.0233897	0.00025027	0.184661	0.00522269	0.0959494	0.0131399	0.000292693	0.00260518	0.00163107	
0.000872352	0.00557476	0.120674	0.0298615	0.0201948	0.00869599	0.0456125	0.000519797	0.000700803	0.0299568	0.00341041	0.000921317	0.000177347	0.0361084	0.00050965	0.0232208	0.595792	0.044728	0.0148051	0.0176638	
0.000185438	6.78495e-05	0.136383	0.0282827	6.77301e-05	0.0176122	0.000369019	0.00732568	0.0160493	0.00625585	0.0239892	0.153325	0.557172	0.00132303	0.000327213	0.0401215	9.57646e-05	0.010534	0.000452395	6.18227e-05	
0.064523	0.0224114	0.001472	0.0426134	0.000373232	0.00063959	0.000931917	0.114705	0.00177205	0.399145	0.00170868	0.0142454	0.0520377	0.000620749	0.000258017	0.000908184	0.00110569	0.240843	0.00777572	0.0319099	
0.0983702	0.0459736	0.0633804	0.126824	0.000289786	0.0352689	0.000656807	0.0103323	0.00553793	9.19792e-05	0.00803806	0.0801784	0.000652636	0.0221896	0.00675328	0.420067	0.0233052	0.0365912	0.00198592	0.0135128	
0.236739	0.044072	0.0116492	0.011833	0.0011065	0.00749074	0.0132209	0.038706	0.000991848	0.140162	0.126983	0.0101379	0.000125496	0.00564001	0.000398719	0.0867042	0.0732389	0.161628	0.000484454	0.0286893	
0.0378412	0.00118656	0.00030568	0.000512185	0.0107543	0.000174998	0.000341181	0.336827	0.000468241	0.470876	0.0137729	0.000222871	5.61276e-05	0.000725642	9.17193e-05	0.000152945	0.000590306	0.122273	0.000415035	0.00241144	
0.0303664	8.62377e-05	0.184764	0.409301	0.000409357	0.000887794	0.00430333	0.0148675	0.0829526	0.0617454	0.096036	0.0219651	1.59463e-05	0.0176393	0.0365749	0.0181397	0.012306	0.00525141	0.000137138	0.00225144	
0.0234499	0.0127014	0.0851328	0.0551524	0.0300074	0.015755	0.25485	0.000436951	0.00424139	0.000724062	0.0295257	0.0604319	0.279513	0.00113898	0.00084956	0.0230968	0.00489237	0.00271952	0.00514506	0.110236	
0.00598068	0.00921607	0.000214865	0.000221539	0.00141074	8.07349e-05	0.000366131	0.279511	0.000541752	0.174321	0.0222579	0.000611917	9.45592e-05	0.000564603	8.75579e-05	0.000169917	0.000312202	0.47598	9.09413e-05	0.0279662	
0.065613	0.0201181	0.14242	0.0304916	0.000914959	0.0414321	0.00061734	0.147784	0.00843776	0.460773	0.0288584	0.0116638	0.00014432	0.000671397	0.000185388	0.00206877	0.00649294	0.00103713	0.000793601	0.0294827	
0.0304845	0.000158576	0.167868	0.122488	0.000881895	0.085236	0.0688138	0.000584878	0.0368782	0.000851153	0.00157262	0.039076	0.313222	0.0560874	0.0106055	0.04536	0.0131231	0.00614847	4.67971e-05	0.000514018	
0.0303664	8.62377e-05	0.184764	0.409301	0.000409357	0.000887794	0.00430333	0.0148675	0.0829526	0.0617454	0.096036	0.0219651	1.59463e-05	0.0176393	0.0365749	0.0181397	0.012306	0.00525141	0.000137138	0.00225144	
0.0897504	0.0109827	0.000227938	0.000148004	0.00202463	7.87298e-05	0.000588519	0.128504	0.00256898	0.167192	0.00448116	0.00038569	4.39248e-05	0.00194637	0.000247857	0.00029291	0.0086238	0.548646	0.000640655	0.032625	
0.000516583	0.00198814	0.676406	0.0161431	0.00122697	0.00177295	0.000156947	0.0370423	0.00331074	0.156176	0.0169083	0.000181612	0.0133224	0.00357714	0.00780332	0.00411525	0.0461141	0.000291563	0.00665837	0.00628862	
0.0395617	0.0229479	0.0608687	0.00334804	0.00029563	0.00898633	0.00169216	0.00505205	0.00111827	0.38435	0.136056	0.0377113	0.000421746	0.248201	0.000313103	0.000582656	0.00275084	0.0172111	0.000152794	0.0283792	
0.00137533	0.00329582	0.00079902	0.00181278	0.00804479	0.000416046	0.00551651	0.223818	0.000588339	0.0140992	0.00408253	0.000216407	0.00337957	0.0150593	0.000227187	0.00012754	0.00229802	0.704409	0.00597152	0.004463	
0.0402544	0.0145327	0.217901	0.0210365	0.000207942	0.0668353	0.000400854	0.00415853	0.0122136	0.555598	0.00706591	0.0222263	0.000112997	0.000422511	0.000115503	0.000892159	0.0154154	0.000217589	0.000820506	0.0195724	
0.00492521	0.00954887	0.000225834	0.000237676	0.00146917	8.36287e-05	0.000377488	0.280355	0.000522322	0.175162	0.0234692	0.000666986	0.000125728	0.000547905	9.04971e-05	0.00018133	0.000260619	0.47591	0.000114965	0.0257252	
0.000775129	0.000664599	0.0537152	0.0134544	0.000219476	0.0121482	0.0452905	0.000467701	0.000572458	0.00221485	0.00331971	0.0024531	5.19176e-05	0.0200729	0.000514092	0.362315	0.443287	0.0378735	0.000214589	0.000375328	
0.000671421	0.015885	0.00046443	0.000193495	0.000268773	0.000138708	0.0710931	0.0348639	0.00372363	0.000423567	0.000241245	0.00492505	0.0128887	0.0264992	0.00128545	0.00521244	0.00181094	0.778871	0.0117378	0.0288026	
0.0622533	0.031546	0.00760127	0.0166516	0.0212933	0.0670405	0.0111345	0.000423876	0.000309266	0.010039	0.0273181	0.659917	0.0105223	0.00285274	0.0098146	0.000521626	0.000416036	0.0472329	0.0129035	0.000208368	
0.0312087	5.22193e-05	0.00126463	0.0158304	0.629937	0.109091	0.000715143	0.000519128	0.0199971	0.000658277	0.0158805	0.00156048	0.089609	0.0146016	0.0224524	0.000108262	0.0144409	0.000189072	0.00505621	0.0268287	
0.00353199	0.000111371	0.00045327	0.000656532	0.22762	0.570658	0.0112039	0.0214079	0.0178333	0.0627362	0.0154526	0.0184202	0.000337527	0.0111531	0.000197237	7.98086e-05	0.00158373	0.000109904	0.000119522	0.036334	
0.146176	0.000352207	0.0108661	0.0326689	0.000424788	0.0158796	0.00737789	0.00942823	0.379838	0.000373584	0.00148722	0.015354	0.00840954	0.0262498	0.0194935	0.29025	0.0197399	0.00148295	0.000259769	0.013888	
0.0470549	0.000106667	0.00219912	0.022031	0.606296	0.158348	0.000474611	0.000559957	0.0264401	0.0227907	0.00293782	0.00294611	0.000293156	0.00709118	0.000791972	0.000188508	0.0265349	0.00025315	0.000779035	0.0718837	
0.00385403	0.012361	0.00411867	0.00442044	6.05614e-05	0.00122664	0.000403244	0.76526	0.000300178	0.135996	0.00315644	0.000227514	9.62037e-05	0.000614969	9.73243e-05	0.000177858	0.000149993	0.0123014	0.00197339	0.0532037	
0.0232445	0.00373942	0.124421	0.093373	0.00770606	0.0574587	0.135573	0.00425748	0.0500919	0.00306202	0.00819126	0.0221065	0.36729	0.0223122	0.00368578	0.0283346	0.0155995	0.00599098	0.00236348	0.0211979	
0.143281	0.000937773	0.0110395	0.0982971	0.000525514	0.0401696	0.0118213	0.0469608	0.0968424	0.000152811	0.0129551	0.00910378	0.0191588	0.0311974	0.0292418	0.332218	0.010239	0.00354107	0.000755062	0.101563	
0.0917572	0.0727505	0.000930984	0.00218855	0.000317908	0.0117594	0.00322093	0.00979903	0.000349313	0.0320432	0.0579549	0.0139237	8.33215e-05	0.0243653	0.000156359	0.139673	0.317705	0.220331	0.000365935	0.000323881	
0.0353502	0.0167528	0.0166808	0.00203698	0.000395917	0.00985846	0.000246067	0.0705343	0.0502408	0.49898	0.00254239	0.000342503	0.000117732	0.00227041	0.00181554	0.0136656	0.0518627	0.211454	0.00029323	0.0145594	
0.105423	0.000189575	0.128977	0.301208	0.00309034	0.0108723	0.00710936	0.0118599	0.040875	0.033238	0.000302341	0.0461109	0.13502	0.0633853	0.0347968	0.0451539	0.0175691	0.0143024	0.000417276	9.95613e-05	
0.00668009	0.00281484	0.017222	0.000281508	0.0172444	0.000492093	0.00719828	0.000162467	0.764652	0.0288157	0.000423977	0.00100956	0.0077859	0.0139972	0.0596344	0.0123751	0.0198914	0.0277489	0.0016292	0.00994116	
0.00375749	0.0137931	0.000503228	0.000734284	6.85061e-05	0.000186541	0.00117642	0.779669	0.000432585	0.017446	0.0137756	0.000205589	0.000132531	0.00492543	0.000152188	0.000928134	0.0118409	0.11381	0.00100778	0.0354548	
0.0532557	0.000463197	0.00931355	0.149264	0.0250153	0.000217508	0.025805	0.00171024	0.205791	0.000346745	0.006481	0.0349617	0.00010666	0.00935199	0.352115	0.0614676	0.0203957	0.0347384	0.000456093	0.00874357	
0.161985	0.000413292	0.0526309	0.190948	0.0097936	0.00954084	0.00376062	0.0105203	0.162126	0.0179616	0.020672	0.0128691	9.66558e-05	0.108987	0.18865	0.00346668	0.0418169	0.00223286	0.000155496	0.00137231	
0.055217	0.00468098	0.000373298	0.000676996	0.0129617	0.000211499	0.000516737	0.243441	0.00244993	0.52227	0.00927874	0.000967187	9.80819e-05	0.00113096	0.000183862	0.000391221	0.00177151	0.137482	0.00119016	0.00470775	
0.307509	0.000403508	0.0450866	0.057034	0.000513707	0.000411252	0.18845	0.0237164	0.0985586	0.000321804	0.0368901	0.0127003	7.3358e-05	0.0135152	0.0237478	0.162108	0.000254398	0.0273707	0.000990724	0.000344052	
0.22723	3.89414e-05	0.0733923	0.211266	0.000256667	0.0121363	0.0077412	6.27775e-05	0.137317	0.00708517	0.000125581	0.0403954	0.00190747	0.115546	0.0873328	0.0539581	0.0235328	4.17127e-05	2.36326e-05	0.000609541	
0.0157705	0.00949129	0.000712514	0.00415283	0.000434796	0.000189887	0.00194187	0.12137	0.0309078	0.20617	0.360736	0.000142529	4.61043e-05	0.00190672	0.054967	7.29735e-05	0.0402641	0.00804448	0.0917215	0.0509567	
0.128882	0.0747407	0.00067961	0.00257413	0.00365023	0.000150277	0.000736916	0.371816	0.031826	0.0967325	0.0162492	0.000960325	7.23496e-05	0.00338098	0.116332	0.0213615	0.0233019	0.106333	0.000143826	7.68377e-05	
0.0274531	0.00365456	0.373172	0.144305	0.000133961	0.0151913	0.0136187	0.000299406	0.0745122	0.000175859	0.00186678	0.119219	0.0790143	0.029267	0.0230128	0.0559628	0.0369612	0.00196221	0.00013052	8.83077e-05	
0.22723	3.89414e-05	0.0733923	0.211266	0.000256667	0.0121363	0.0077412	6.27775e-05	0.137317	0.00708517	0.000125581	0.0403954	0.00190747	0.115546	0.0873328	0.0539581	0.0235328	4.17127e-05	2.36326e-05	0.000609541	
0.0383966	0.00410105	0.00307289	0.0636025	0.00326135	0.123994	0.0163172	0.000726734	0.156729	0.0328321	0.00422461	0.0659564	0.000177024	0.0312811	0.195248	0.0658344	0.0109869	0.0126995	0.000598435	0.169961	
0.00126125	0.0106738	0.0623354	0.00937573	0.00323219	0.734857	0.00381072	0.0348426	0.0126038	0.0114468	0.0192425	0.0420338	0.00419164	0.0132074	0.0157906	0.00187228	0.0177159	0.000388101	0.000200162	0.000918712	
0.09279	0.0639855	0.02298	0.0133228	0.02469	0.00149557	0.000422005	0.00692518	0.178924	0.333102	0.00108514	0.0334198	0.0355563	0.00463161	0.130918	0.0256773	0.00224401	0.0128215	0.00164747	0.013361	
0.0274531	0.00365456	0.373172	0.144305	0.000133961	0.0151913	0.0136187	0.000299406	0.0745122	0.000175859	0.00186678	0.119219	0.0790143	0.029267	0.0230128	0.0559628	0.0369612	0.00196221	0.00013052	8.83077e-05	
0.0662554	0.047224	0.00113432	0.0101584	0.126675	0.000630916	0.00312848	0.285678	0.00335793	0.0593146	0.00303028	0.000426097	0.0389731	0.0162218	0.00067912	0.00235527	0.107266	0.151646	0.00498427	0.0708613	
0.0122436	0.00836989	0.218252	0.179155	0.00119016	0.00482825	0.0739131	0.0441848	0.00345288	0.148176	0.0422853	0.00248269	0.000224082	0.017268	0.0954547	0.00133843	0.0378409	0.0324424	0.0739173	0.00298088	
0.00387155	0.012361	0.00412275	0.00440552	6.05614e-05	0.00122664	0.000403348	0.765106	0.000300177	0.136172	0.00315281	0.000227514	9.64614e-05	0.000614969	9.73227e-05	0.00017758	0.000149957	0.0122854	0.00197339	0.0531956	
0.0120097	0.0177363	0.000167286	0.491701	0.0302802	0.00913482	0.00101503	0.033118	0.00024926	0.00289097	0.0368082	0.0956897	0.000764004	0.147287	0.000415112	0.0675064	0.0152303	0.00040412	0.0151696	0.0224235	
0.000872622	0.00750486	0.000721381	0.00110594	0.00431307	0.000331998	0.00385749	0.177226	0.000529841	0.0121245	0.0030148	0.000155314	0.000205225	0.00888943	0.000199832	7.63939e-05	0.00356075	0.751938	0.00722201	0.0161509	
0.00282808	0.0185502	0.000746293	0.000711886	0.00279373	0.000262539	0.0094396	0.303786	0.00136452	0.023636	0.0319716	0.00249833	0.00295354	0.0162236	0.000411534	0.000696798	0.00377305	0.551757	0.00204434	0.0235512	
0.0195631	0.000142995	0.19805	0.000335316	0.00195192	0.0436741	0.00410496	0.000562115	0.0392862	0.00368808	0.0142145	0.285875	0.000488573	0.136753	5.92725e-05	0.0551958	0.180222	0.00874064	0.00223139	0.00486069	
0.106518	0.000144562	0.125548	0.304413	0.00318581	0.0108979	0.0071231	0.0122401	0.0404348	0.0340743	0.000296653	0.0446017	0.135648	0.0638123	0.0344999	0.0442331	0.017215	0.0145906	0.000423707	9.98335e-05	
0.114083	8.61639e-05	0.0869028	0.129146	0.000300949	0.0180017	0.00456096	0.00134179	0.246798	0.00747785	0.00144292	0.0461681	4.46759e-05	0.08841	0.0272186	0.128552	0.0918791	0.00740455	2.9173e-05	0.000152648	
0.000485705	0.00165073	0.00206775	0.0339076	0.00216597	0.0353293	0.00176077	0.000606624	0.000346432	0.0119382	0.000742398	0.315096	9.8247e-05	0.0462813	0.000417473	0.00501732	0.45581	0.0733009	0.0125469	0.00043008	
0.299422	0.00056105	0.000385397	0.000314383	0.000553698	0.0198415	0.0230554	0.415999	0.00176368	0.0270532	0.0240621	0.00898235	0.000159538	0.0367902	0.000195337	0.0145782	0.013107	0.110393	0.000464974	0.00231811	
0.178393	0.00092444	0.0129897	0.0498648	0.00101262	0.0620026	0.0181088	0.00541218	0.241759	0.000347757	0.000567699	0.0140596	0.0586937	0.0177673	0.0620813	0.135707	0.00963269	0.0148948	0.00495831	0.110822	
0.249584	0.00246392	0.0540471	0.0921321	0.0132884	0.00870241	0.024553	0.0119169	0.0815449	0.132654	0.0421872	0.0166559	0.00474907	0.106106	0.0484344	0.0366062	0.045786	0.0186637	0.0010132	0.00891119	
0.216566	0.0072913	0.000525431	0.000343476	0.000670058	0.000138829	0.000763835	0.102835	0.00137921	0.136673	0.0127434	0.00290233	6.02044e-05	0.000412389	8.35269e-05	0.00782242	0.0286095	0.457915	0.000367468	0.0218985	
0.287739	0.00904502	0.00046853	0.000426967	0.00143665	0.000139302	0.00365714	0.0972685	0.00846949	0.0859365	0.0224477	0.00341159	9.4615e-05	0.00387862	0.00131732	0.0179965	0.0467863	0.394947	0.00999464	0.00453826	
0.22723	3.89414e-05	0.0733923	0.211266	0.000256667	0.0121363	0.0077412	6.27775e-05	0.137317	0.00708517	0.000125581	0.0403954	0.00190747	0.115546	0.0873328	0.0539581	0.0235328	4.17127e-05	2.36326e-05	0.000609541	
0.756969	0.00744292	0.00286701	0.000261851	0.0027845	0.000398073	0.0295931	0.00844833	0.0245076	0.00114632	0.00846767	0.0404416	0.000100846	0.0373164	0.0135439	0.0379037	0.001469	0.00854321	0.00491515	0.01288	
0.708781	0.00963467	0.000448746	0.00048085	0.0291485	0.00941602	0.0511039	0.00510922	0.00501631	0.0126693	0.0131587	0.0277023	9.41934e-05	0.0380166	0.00361558	0.000350384	0.00996254	0.0148437	0.0128329	0.047615	
0.00803068	0.00693917	0.283049	0.0165297	0.0214137	0.015303	0.000336886	0.000395983	0.000324193	0.032206	0.000801465	0.398019	0.000276402	0.0165883	0.0111747	0.0203579	0.156654	0.00193249	0.00924753	0.000419732	
0.123928	0.0205099	0.000246838	0.000332283	0.0060094	6.86086e-05	0.00555534	0.118669	0.000613955	0.0243322	0.0408833	0.000360471	5.67088e-05	0.00722884	0.000112572	0.011494	0.0457322	0.548914	0.0439609	0.000991242	
0.0760395	0.0324359	0.0093102	0.0198374	0.159836	0.00471452	0.000595335	0.0495869	0.019492	0.584827	0.00871108	0.00648358	0.000181763	0.000599389	0.000193587	0.000874449	0.00530374	0.0183107	0.000617333	0.0020497	
0.00107644	0.0167084	0.000431615	0.000188073	0.000289735	0.00013744	0.0722389	0.0244985	0.00700206	0.000186095	0.000204014	0.0153044	0.0121986	0.0273816	0.00353643	0.00973014	0.00853245	0.76558	0.00969179	0.0250834	
0.786634	0.00312695	0.000787866	0.000799786	0.00742265	0.0037509	0.0182639	0.00300708	0.00649903	0.00684435	0.0114104	0.00731915	0.000120336	0.0385208	0.000418883	0.0564713	0.0209005	0.012055	0.00319288	0.0124545	
0.0146622	0.000272626	0.0200839	0.048739	0.0157921	0.000400706	0.00553219	0.000347701	0.00170964	0.0372004	0.0199481	0.0366057	0.00189818	0.049607	9.94737e-05	0.612793	0.0542677	0.0664068	0.0103643	0.00326912	
0.672142	0.000583345	0.000489638	0.000951936	0.0405748	0.0304256	0.00723431	0.00151611	0.0257769	0.000613784	0.0084543	0.00522834	0.000156804	0.0446803	0.00146414	0.049341	0.0214612	0.0183017	0.00318291	0.067421	
0.0154217	0.00216495	0.00113731	0.00443192	0.0646623	0.00080473	0.00220826	0.292853	0.00217462	0.0699114	0.000973342	0.000529703	0.00113792	0.0174901	0.00055402	0.00750162	0.0700255	0.434545	0.00822305	0.00324946	
0.0598779	8.51086e-05	0.000457752	0.0258723	0.459215	0.0726924	0.000377845	0.000374435	0.031574	0.000301528	0.0242554	0.000547036	0.102285	0.0196184	0.0576394	0.000210135	0.0192535	0.000320253	0.00710403	0.117938	
0.0313475	0.000672644	0.029206	0.0153953	0.015561	0.309991	0.00145994	0.000562414	0.2692	0.00296095	0.00500737	0.144862	0.000271214	0.0148978	0.082818	0.0380165	0.0305727	0.000583462	0.000259186	0.00635449	
0.175597	0.00144206	0.0178476	0.028094	0.00216809	0.150274	0.0347145	0.000221745	0.0200752	9.44981e-05	0.000930119	0.0443621	0.000560655	0.392983	0.00996967	0.098088	0.0150716	0.000108412	0.00348132	0.00391624	
0.0270903	0.00106962	0.141112	0.112833	0.0055823	0.0994463	0.109259	0.000314723	0.0296419	0.00124756	0.000391567	0.0289089	0.315674	0.0371553	0.00363725	0.0439324	0.0149426	0.00714215	1.56126e-05	0.020603	
0.0188214	0.016047	0.134917	0.141839	0.000360801	0.000811166	0.000415732	0.000748994	0.0217765	0.00650721	0.00506363	0.218134	0.122429	0.0511581	0.000161022	0.199087	0.0574083	0.00248814	0.00146541	0.000360755	
0.0570102	0.000117035	0.000120986	0.0100478	0.000159207	0.0252364	0.000100324	0.183957	0.0281514	0.0925061	0.0343998	0.000120286	0.0310028	0.0175099	0.0140727	0.000175016	0.0119856	0.12088	0.0077804	0.364667	
0.349651	0.0206339	0.0649767	0.0956051	0.00764898	0.0590607	0.00529082	0.0261361	0.0891243	0.0218367	0.0104231	0.00772835	0.0354663	0.0313537	0.0322062	0.0420929	0.0642201	0.0314375	0.000169279	0.00493803	
0.114083	8.61639e-05	0.0869028	0.129146	0.000300949	0.0180017	0.00456096	0.00134179	0.246798	0.00747785	0.00144292	0.0461681	4.46759e-05	0.08841	0.0272186	0.128552	0.0918791	0.00740455	2.9173e-05	0.000152648	
0.260259	0.0573313	0.00338864	0.0126267	0.0036643	0.00787238	0.000485106	0.0294225	0.014907	0.000500792	0.0156084	0.235542	0.013291	0.0581063	0.0730043	0.0104473	0.15188	0.0495741	0.00182766	0.000261136	
0.130093	0.0101284	0.000758856	0.00101992	0.00018174	0.00687169	0.00874283	0.583263	0.000338637	0.0248621	0.0258393	0.000559992	0.000370757	0.029089	0.000178885	0.00464172	0.0106603	0.135312	0.0039146	0.0231729	
0.22723	3.89414e-05	0.0733923	0.211266	0.000256667	0.0121363	0.0077412	6.27775e-05	0.137317	0.00708517	0.000125581	0.0403954	0.00190747	0.115546	0.0873328	0.0539581	0.0235328	4.17127e-05	2.36326e-05	0.000609541	
0.247851	0.00227091	0.057017	0.0977293	0.0124457	0.0101091	0.0229884	0.0118205	0.0836866	0.122151	0.0395923	0.0186862	0.00456589	0.10486	0.047893	0.0415996	0.047362	0.0182498	0.000943609	0.00817734	
