0.00264803	0.00699763	0.000427313	0.000445266	0.0044636	0.000149035	0.000169864	0.469424	0.00136118	0.380543	0.00178071	0.000233159	6.78038e-05	0.000371993	0.000125313	0.000223906	0.000238178	0.120833	0.00181583	0.00768052	
0.639546	0.0646318	0.00109834	0.000674966	0.00131921	0.00090999	0.035256	0.0122877	0.0346995	0.0014605	0.0141269	0.0347989	7.96798e-05	0.0284278	0.0478325	0.0678494	0.00241627	0.00909518	0.00186686	0.00162252	
0.00221178	0.0191792	0.246537	0.0144681	0.0528023	0.0111358	0.000188519	0.0193522	0.0215752	0.000961769	0.0214128	0.0275434	0.515488	0.000382329	0.000165821	0.000185007	0.000225154	0.020972	0.0144426	0.0107704	
0.00270933	0.0157607	0.00277332	0.00493505	0.000191641	0.000813163	0.000758382	0.748004	0.00111546	0.0878177	0.00309553	0.000263078	0.000958482	0.0020002	0.00184945	0.00033021	0.00139162	0.087061	0.0178204	0.0203511	
0.245479	0.000491815	0.00168999	0.0124459	0.000453201	0.00141414	0.0221534	0.0095889	0.180056	0.000313343	0.00319381	0.00623305	0.0021413	0.00701137	0.0395081	0.449761	0.0164454	0.000902184	0.000327731	0.000390252	
0.705878	0.114652	0.00195435	0.000271868	0.000477495	0.00222973	0.014014	0.00756629	0.0154327	0.00179991	0.016128	0.0306044	7.77719e-05	0.024547	0.00298598	0.0526084	0.000173273	0.00381254	0.000177882	0.00460794	
0.00110883	0.01881	0.612666	0.000412574	0.0161882	0.000382272	0.000815556	0.00321707	0.00104541	0.0350393	0.0200007	0.0430799	0.202717	0.0142485	0.00880806	0.00532389	0.00181017	0.000547406	0.0135763	0.00020299	
0.0195509	6.49481e-05	0.000743022	0.0206812	0.71083	0.0582098	0.00019847	0.00145768	0.0224387	0.00358844	0.0204475	0.000614177	0.0845535	0.0185554	0.00240161	9.16979e-05	0.0100921	0.00136683	0.00619462	0.0179197	
0.40558	0.000574996	0.00284234	0.00676669	0.000271562	0.0830215	0.0250328	0.00372667	0.0841204	0.0326612	0.0179937	0.00755729	0.000133248	0.031968	0.0068606	0.230121	0.0273157	0.0322588	0.000872428	0.000320436	
0.019892	0.13066	0.02711	0.00143063	0.00660678	0.000815054	0.0158429	0.0107014	0.141136	0.000169513	0.000511684	0.466507	0.000127947	0.00787893	0.118467	0.000638789	0.0116848	0.0367446	0.00279672	0.000278064	
0.0556028	0.00110609	0.166583	0.028106	0.0609854	0.103234	0.00788875	0.0311442	0.0129535	0.481589	0.0118861	0.0234261	0.00120472	0.00295722	0.00154719	0.000305493	0.00687218	0.000872124	0.00027111	0.00146485	
0.0972568	0.000188479	0.000306415	0.0400762	0.254527	0.339971	0.00169177	0.00649393	0.116134	0.0406948	0.0139176	0.00690404	0.000423693	0.0450531	0.00341862	0.000179416	0.00174717	0.000304522	0.000363698	0.0303477	
0.161517	0.000277219	0.107903	0.415001	0.00154394	0.0165303	0.00464564	0.000195459	0.0651236	0.00112867	0.00259763	0.0296788	0.00129348	0.0796393	0.0582155	0.0389762	0.0118226	0.000129979	0.00218591	0.00159469	
0.00901275	0.00152026	0.206574	0.637887	0.0064334	0.0065268	0.00756756	0.00847925	0.00146575	0.00025332	0.00232132	0.0166918	0.000202789	0.0411411	0.00147004	0.0126015	0.0201036	0.018181	0.0013201	0.000246995	
0.0192498	0.0097285	0.000248984	0.000262903	0.00346834	0.000113919	0.000820131	0.190026	0.00105699	0.069632	0.0157359	0.00158159	0.000141237	0.000604849	0.000183299	0.00322901	0.0108288	0.660975	0.000374252	0.011739	
0.269833	0.000570005	0.0199226	0.0765874	0.000103858	0.00385172	0.00761324	0.0073321	0.0770596	0.0195506	0.0326822	0.0205907	0.00144586	0.120265	0.242238	0.0283467	0.059194	0.00497615	0.000305596	0.0075318	
0.280461	0.00481155	0.0277564	0.0644653	0.000226967	0.00388904	0.00721098	0.0107617	0.0882384	0.0560341	0.0460079	0.0274305	0.00150308	0.089612	0.203108	0.0248497	0.0538512	0.0051074	0.000356783	0.00431763	
0.176264	0.0254907	0.00638236	0.000303856	0.000334848	0.000234396	0.000952678	0.145452	0.0128336	0.152329	0.00163984	0.00556288	0.00020969	0.00119467	0.000380354	0.000261748	0.00072718	0.45123	0.00020443	0.0180115	
0.0178221	0.0187058	0.186618	0.415996	0.0137537	0.000661537	0.00477711	0.126865	0.018553	0.0193778	0.00433737	0.0769693	0.00274984	0.00618123	0.00862141	0.00507861	0.0439477	0.01293	0.015585	0.000469363	
0.175054	0.00037961	0.100531	0.401953	0.00153925	0.0110048	0.00531094	0.000298596	0.072179	0.00190838	0.00354724	0.0261527	0.00102632	0.082887	0.0657229	0.032414	0.0150735	0.000213477	0.00273902	6.54444e-05	
0.623699	0.00519328	0.0113822	0.021181	0.000174956	0.158393	0.000252281	0.000227979	0.000373696	0.00158511	0.023368	0.0102823	0.00353851	0.0228501	0.00667312	0.0693449	0.0139996	0.000801282	0.00128784	0.0253924	
0.00678154	0.000561407	0.00979826	0.0559501	0.0353825	0.673842	0.00563926	0.010214	0.0114223	0.00599426	0.0117881	0.0148135	0.00319761	0.0995564	0.012525	0.0102729	0.00676949	0.00335314	0.00130671	0.0208319	
0.638111	0.135688	0.000290124	0.000425376	0.0102435	0.00724006	0.0499615	0.00376955	0.0225836	0.00288841	0.0168291	0.020725	0.00103801	0.0362797	0.00295027	0.00188738	0.00451173	0.0187649	0.0101921	0.0156201	
0.000895592	0.00148376	0.504664	0.128896	0.0202685	0.0201841	0.0346138	0.000956069	0.0274484	0.000291504	0.0055062	0.000509808	0.0639995	0.0563663	0.0855881	0.000350011	0.0152656	0.0137786	0.0181211	0.00081254	
0.0485307	0.00528516	0.000278619	0.0238638	0.0123728	0.0321229	0.000155858	0.00510418	0.0248089	0.15814	0.107126	0.000188067	0.00781265	0.0347063	0.000671848	0.000136974	0.0234632	0.0249566	0.201369	0.288906	
0.0614965	0.000837374	0.00119201	0.00118224	0.0587312	0.000413751	0.00205148	0.415407	0.000759803	0.29443	0.0207178	0.000298043	0.000325262	0.0129674	0.000295898	0.000294866	0.000252934	0.124084	0.00322558	0.00103717	
0.00515912	0.0158639	0.00155679	0.000609847	0.0819151	0.00211904	0.00215162	0.610752	0.00173073	0.0722338	0.00282575	0.00266553	0.000500165	0.00630256	0.000552807	0.000747794	0.00327434	0.178836	0.00752561	0.00267781	
0.000338072	0.0150162	0.000778542	0.00217109	0.000420611	0.00123472	0.0349395	0.0537865	0.0107297	0.000259483	0.000471657	0.0119041	0.0152705	0.0270131	0.0125127	0.0117498	0.00775024	0.725322	0.049107	0.019224	
0.00375501	0.000363832	0.00468585	0.00100381	0.0155564	0.600328	0.0285033	0.00596397	0.00308759	0.0205457	0.0230831	0.265527	0.0055158	0.00808039	0.000624651	0.00105211	0.008343	0.000434677	0.000160681	0.00338486	
0.0142793	0.00858509	0.012511	0.000494512	0.0025858	0.000286571	0.490267	0.000646125	0.00967514	0.00279313	0.0235194	0.0183965	0.000136549	0.0683987	0.0779041	0.0272286	0.00207875	0.238722	0.0012451	0.000245986	
0.0205418	4.87543e-05	0.000396829	0.0169439	0.728376	0.0576433	0.000160571	0.00123113	0.0267276	0.00258872	0.0181812	0.000271429	0.0660231	0.0174727	0.0120629	8.10562e-05	0.00858327	0.00116454	0.00548088	0.0160206	
0.000376456	0.0137514	0.000842672	0.000726946	0.000264221	0.000907014	0.0595568	0.0165718	0.0398174	0.000130072	0.000222281	0.0443744	0.00909747	0.0268902	0.0194554	0.0330958	0.0632666	0.622661	0.0350987	0.0128929	
0.00207503	0.0199351	0.250343	0.0142681	0.0489003	0.0108739	0.000198141	0.0199822	0.021758	0.000977407	0.021648	0.0279962	0.514986	0.000352486	0.000159556	0.000190943	0.000235861	0.0205417	0.0143875	0.0101905	
0.0664411	0.00132981	0.000350158	0.0911951	0.0174259	0.00195283	0.000315022	0.000250954	0.000166805	0.0211693	0.0190348	0.509441	0.159096	0.0306568	0.000479085	0.0476512	0.000248569	0.0245685	0.00804217	0.000184458	
0.023525	0.0193821	0.0369576	0.0234856	0.000132393	0.0279712	0.000489104	0.630707	0.00219002	0.182791	0.00347521	0.000307352	0.00447892	0.00403411	0.000341968	0.000284566	0.000294468	0.0052381	0.0114497	0.0224643	
0.000329461	0.000760406	0.0948877	0.0211046	0.000693727	0.00407049	0.116769	0.00275162	0.000375937	0.000560188	0.0011107	0.00138543	8.1193e-05	0.0258702	0.000343951	0.322182	0.351462	0.0536807	0.000875691	0.000705141	
0.0523986	0.000166856	0.00194427	0.0332265	0.383076	0.0556351	0.00677535	0.294566	0.00952102	0.0474741	0.0246326	0.000418943	0.0013297	0.0191704	0.00105958	0.000246433	0.0022227	0.00510592	0.00572023	0.0553089	
0.00769896	0.000114718	0.000834199	0.000318496	0.0951847	0.611696	0.0257527	0.0207998	0.010692	0.0427844	0.01769	0.137344	0.00446121	0.0110505	0.00010769	0.00017794	0.00305598	0.000766601	0.000140273	0.00933003	
0.139949	0.00359894	0.00271481	0.0110695	0.0401371	0.00173112	0.00459527	0.00297424	0.0335625	0.0303596	0.0255909	0.075796	0.576208	0.00142387	0.000303186	0.0232756	0.000450286	0.019409	0.00375666	0.00309461	
0.0533229	0.000132544	0.196043	0.000241497	0.000792947	0.0689798	0.00114856	0.0257759	0.0148212	0.226097	0.0549869	0.0389668	0.241686	0.019745	0.000488305	0.0139805	0.00553338	0.0364021	0.000222779	0.000632852	
0.0241681	0.00287224	0.000263553	0.000295317	0.0207757	0.000117503	0.00267462	0.239342	0.000888395	0.0316082	0.00678581	0.000390844	0.000502402	0.00361587	0.000387822	0.00645369	0.0526126	0.602915	0.00150139	0.00182928	
0.0190327	0.0086446	0.000240987	0.000276275	0.00346334	0.000113605	0.00101392	0.183746	0.00105331	0.0705064	0.0183974	0.00140744	0.000134111	0.00052436	0.000155417	0.00309357	0.0104227	0.664865	0.00119766	0.011711	
0.0677831	0.00443696	0.106996	0.15564	0.0145518	0.00531879	0.00053383	0.00118853	0.464753	0.0104588	0.000258465	0.012634	0.000449059	0.07625	0.047099	0.0263935	0.00177208	0.000900162	0.00236287	0.000220103	
0.544205	0.0112719	0.00788238	0.000966513	0.00134336	0.0138331	0.0163399	0.0204714	0.0438241	0.00596663	0.027202	0.00997858	0.000200553	0.0438995	0.00333873	0.233539	0.00323674	0.000582638	0.00215808	0.00975983	
0.0612382	0.000872838	0.00118946	0.00117359	0.0583828	0.000413431	0.00203646	0.415542	0.000748742	0.294988	0.020747	0.000298346	0.000317503	0.0129127	0.000294113	0.000293277	0.00025147	0.124022	0.00323215	0.00104571	
0.166841	0.000886153	0.00169278	0.0198301	0.0104156	0.000251114	0.029473	0.00754666	0.0906181	0.000346012	0.000240734	0.0186618	0.000194127	0.0430456	0.47562	0.0228217	0.0149752	0.0918995	0.00190361	0.00273752	
0.0470857	0.000241219	0.0220719	0.00874271	0.000372385	0.0537473	0.00235043	0.02437	0.0923613	0.000152988	0.0117944	0.173843	0.41731	0.0188341	0.0462811	0.067062	0.000173083	0.00636237	0.00660487	0.000239718	
0.109871	0.0260044	0.0267573	0.0435408	0.00536751	0.0170592	0.307009	0.0391951	0.0711468	0.0479955	0.00178398	0.00644083	0.000105128	0.00994016	0.0494852	0.00806054	0.010236	0.125167	0.000258062	0.0945764	
0.127485	0.00176953	0.00206289	0.0012876	0.000789431	0.00302032	0.0137875	0.00546439	0.00110222	0.011935	0.000302872	0.0084054	8.04445e-05	0.00713302	0.000173371	0.138839	0.604796	0.0661706	0.00237142	0.003024	
0.0307698	0.000695135	0.361435	0.146867	0.000220835	0.0090226	0.00973907	0.000794397	0.144544	0.00477957	0.000164666	0.0638246	2.93918e-05	0.0724364	0.0171699	0.0549787	0.0765125	0.00582049	0.000114146	8.31238e-05	
0.0793108	0.0081223	0.0315832	0.00882441	0.000198388	0.0223087	0.00196314	0.0197809	0.179782	0.350799	0.110249	0.0130406	0.000315865	0.0158841	0.0607219	0.00122523	0.0588351	0.0129559	0.00045334	0.023646	
0.00259032	0.00106913	0.00453831	0.00637023	0.054301	0.0516044	0.00386171	0.0353518	0.000952006	0.0130785	0.000433487	0.00110972	0.389662	0.0144096	0.00862452	0.00811613	0.108496	0.262647	0.00422374	0.0285607	
0.00714495	0.0280686	0.0143237	0.0053044	0.326702	0.00204455	0.000553989	0.0756029	0.00378019	0.452458	0.0508861	0.00484192	0.00020501	0.000860948	0.000241508	0.000264367	0.00158939	0.0243052	0.000280431	0.000541415	
0.00016367	0.00362037	0.683452	0.00611782	0.0118373	0.00240414	0.000112074	0.0186463	0.00452589	0.0496634	0.00704669	0.000190721	0.118295	0.00381487	0.00176713	0.0330136	0.0542833	0.000125497	0.000809563	0.000110777	
0.0548419	0.0186709	0.000802966	0.00065112	0.000673406	0.000299445	0.0381583	0.000421647	0.121622	0.000295893	0.00143151	0.0332564	0.00121519	0.0305894	0.0702719	0.00563092	0.0222882	0.56846	0.0112135	0.0192052	
0.0846759	0.0220147	0.0345923	0.0293657	0.000367067	0.0411042	0.000298102	0.00707203	0.019255	0.606684	0.0140708	0.0884194	0.000114022	0.000610341	0.000176006	0.00240947	0.0165381	0.00727168	0.00266576	0.0222954	
0.0315804	0.0167441	0.000481898	0.00201276	0.00173511	0.000255349	0.0152415	0.666164	0.00189013	0.0126106	0.00885679	0.000598296	0.000667695	0.0383939	0.000877395	0.000341843	0.00361529	0.166417	0.0139407	0.017575	
0.0875613	0.00412064	0.0231886	0.287086	0.00113733	0.000197478	0.00784074	0.0433577	0.0108626	0.0155192	0.0347201	0.0455889	0.000126004	0.0325417	0.00740185	0.169069	0.0679589	0.159199	0.0016221	0.000899834	
0.0325394	0.000239779	0.274003	0.153985	0.000888191	0.00574996	0.0391936	0.00124459	0.0306085	8.62231e-05	0.0139279	0.154203	0.205477	0.0612303	0.00558508	0.016098	0.00131193	0.000263528	0.000840692	0.00252471	
0.0685587	0.0265943	0.000399527	0.00356053	0.000994161	0.00021763	0.00141242	0.000913206	0.0325767	0.000305634	0.00265664	0.0426719	0.604426	0.00301357	0.000889921	0.000277522	0.000283837	0.163239	0.0215394	0.0254693	
0.0137429	0.00138998	0.432368	0.382758	0.00452826	0.0330259	0.00233765	0.0367263	0.000760052	0.00164373	0.0199983	0.000545267	0.000342157	0.00878928	0.0103893	0.0230306	0.0192518	0.00550574	0.00252548	0.00034152	
0.0933496	0.000102189	0.124613	0.307566	0.000153491	0.019367	0.0121068	0.000214938	0.0644715	0.0133863	0.000318448	0.0480782	0.130143	0.043757	0.100832	0.0273048	0.0102037	0.00368331	0.000268142	8.01511e-05	
0.0573856	0.000195186	0.000288766	0.0208019	0.0530091	0.0132445	0.0382498	0.00848704	0.0266178	0.0351519	0.0313564	0.00030093	0.000620129	0.0287091	0.0390289	0.00316133	0.100509	0.010848	0.0208949	0.511139	
0.00354301	0.0084684	0.000384917	0.000676061	0.00370547	0.000188341	0.000185348	0.485116	0.00144736	0.354986	0.00179424	0.00025516	6.37572e-05	0.00034017	0.000162213	0.000284298	0.000353642	0.125357	0.00297456	0.00971461	
0.0937046	0.000100513	0.124913	0.309191	0.000154533	0.0196565	0.0120508	0.000221486	0.064113	0.0132593	0.000320446	0.047757	0.129062	0.0438409	0.0997931	0.0276665	0.0101015	0.00363497	0.000265204	0.000193213	
0.348394	0.00883267	0.211321	0.128229	0.00641731	0.00695976	0.000529367	0.00899142	0.0256651	0.00152735	0.0162772	0.000573109	0.0123149	0.0657941	0.0474332	0.0379964	0.0472559	0.0128104	0.0123682	0.000310013	
0.0256633	6.7255e-05	0.000902119	0.0168148	0.66921	0.0444191	0.000512087	0.00340687	0.0476359	0.00337066	0.0372115	0.00084351	0.0569874	0.0158165	0.0467161	9.85337e-05	0.00481535	0.00325806	0.0045294	0.0177217	
0.326995	0.0132627	0.000795752	0.000907205	0.000234783	0.000135788	0.00869944	0.0750857	0.158117	0.000139002	0.000264757	0.00716844	0.000341511	0.0732754	0.14545	0.00620423	0.0156878	0.0998509	0.00976817	0.0576165	
0.0672569	0.00430943	0.107476	0.15598	0.0145518	0.00531849	0.000562567	0.00123231	0.464389	0.0105912	0.000257841	0.0126705	0.000424046	0.0763037	0.0470953	0.0263009	0.00178564	0.000928981	0.00238062	0.000184421	
0.733117	0.0636862	0.00157542	0.000448833	0.00288582	0.00122109	0.0325411	0.00146332	0.0268789	0.00209271	0.0123689	0.0225823	8.11313e-05	0.0224421	0.0336268	0.0296075	0.00233497	0.00832604	0.000957754	0.00176191	
0.651247	0.108577	0.00207681	0.000267636	0.000572312	0.00386839	0.0171322	0.0128808	0.0228129	0.00273067	0.0216831	0.0311648	7.29042e-05	0.0308826	0.00472843	0.0747479	0.000350322	0.00243047	0.000998979	0.0107743	
0.00720477	0.0161263	0.630077	0.00402458	0.0211641	0.000327561	0.0155034	0.0126794	0.00237901	0.0069263	0.0289372	0.0290861	0.00150347	0.0294172	0.00465091	0.160655	0.0109538	0.000521477	0.0176627	0.000199114	
0.0250613	0.037294	0.00122345	0.00162122	0.00124296	0.0855074	0.0275046	0.324478	0.000623812	0.136366	0.0723544	0.025597	0.000480247	0.00729486	0.0165218	0.0518846	0.0236282	0.0882465	0.0253275	0.0477418	
0.00283719	0.0168384	0.00372246	0.00490119	0.000147605	0.000746587	0.000680418	0.74655	0.00113049	0.0907704	0.00380473	0.000284429	0.000238951	0.00118618	0.00190544	0.000203556	0.000798364	0.0838917	0.0179097	0.0214516	
0.00751908	0.017825	0.0123513	0.0216132	0.00317027	0.0123244	0.0642403	0.000513004	0.00149418	0.0156753	0.00248722	0.00349642	0.000235289	0.0390586	0.00026158	0.133486	0.540565	0.113514	0.00824296	0.0019272	
0.036454	0.00148295	0.000978074	0.000885717	0.0460838	0.00041273	0.0308733	0.0921556	0.0265867	0.00691992	0.000892887	0.00559124	0.00439999	0.043662	0.018978	0.00122337	0.00623382	0.671294	0.00289276	0.00199932	
0.188234	0.0161358	0.000206915	0.00135356	0.00846283	0.0181025	0.443296	0.017286	0.00169541	0.000231988	0.0107471	0.000195338	8.64659e-05	0.0181718	0.000196691	0.0667523	0.0928646	0.107586	0.00820998	0.000184431	
0.316728	0.0139668	0.000822816	0.0119907	0.0248482	0.000238604	0.00146157	0.0817211	0.055861	0.0355298	0.00569004	0.0256457	0.0957719	0.0280322	0.00108106	0.00776248	0.00463021	0.18533	0.0080064	0.094882	
0.583338	0.00274016	0.000596369	0.000964839	0.00263157	0.00035435	0.0614442	0.0352417	0.0368358	0.00252226	0.0162094	0.0120234	0.000130607	0.0432706	0.0531681	0.106025	0.0132686	0.0192189	0.00747588	0.00254076	
0.0330499	0.267216	0.0552557	0.00217475	0.000196792	0.242421	0.0228249	0.0023981	0.029291	0.00602988	0.0276792	0.00185631	0.000419303	0.0393788	0.000136867	0.0614641	0.202223	0.00535587	0.000367776	0.000260974	
0.0246064	0.00182061	0.256039	0.172205	0.000264021	0.000696789	0.0597225	0.0479184	0.0317243	0.0136011	0.00040202	0.013992	0.11111	0.0253431	0.0524643	0.00187709	0.0625651	0.0873889	0.019712	0.0165475	
0.0308104	0.0196309	0.0257574	0.00617655	0.0189264	0.0137739	0.643932	0.0184873	0.012749	0.000461724	0.0205125	0.00757615	0.000231182	0.000262199	0.000418896	0.0546887	0.0882609	0.024593	0.0124443	0.000307067	
0.00315408	0.0100054	0.0154283	0.0193202	0.0140449	0.00625304	0.000802796	0.216554	0.0138081	0.613175	0.00165949	0.00573768	0.0164612	0.000712566	0.000270729	0.0127776	0.00121069	0.037125	0.00217391	0.00932462	
0.0241002	0.0157906	0.191359	0.0116316	0.0021844	0.00238502	0.64206	0.00618782	0.000568134	0.00137664	0.0280048	0.0154441	0.000335116	0.00794531	0.0115302	0.000511792	0.00162028	0.000315305	0.0134531	0.0231964	
0.0469867	0.000348789	0.0318956	0.0222389	0.0427103	0.0235576	0.00479993	0.0348328	0.0377041	0.000930091	0.0132496	0.0444359	0.000192457	0.00254198	0.616259	0.000970059	0.0179456	0.0358629	0.0012816	0.0212559	
0.161292	0.00332738	0.0002232	0.000326677	5.83275e-05	0.00402018	0.000318927	0.00502762	0.00433578	0.015387	0.000196882	0.00704121	0.000103071	0.00033195	7.84999e-05	0.14215	0.565352	0.0836718	0.00104235	0.00571612	
0.00237439	0.00747688	0.000569909	0.000355405	0.00463403	0.000179036	0.000163518	0.437371	0.0017832	0.405656	0.00222235	0.000510423	0.000116379	0.0003682	9.8892e-05	0.00031937	0.000726177	0.125353	0.0019152	0.00780602	
0.0942942	0.0036978	0.0215434	0.0334662	0.000136977	0.116002	0.215108	0.000222314	0.0268694	0.00142121	0.00141889	0.0894061	0.000745665	0.208959	0.0202439	0.120531	0.0369622	0.00018468	0.00454245	0.00424427	
0.262678	0.000481516	0.0147175	0.0748673	0.000176104	0.0041199	0.0084956	0.00796229	0.0690722	0.0170375	0.0330686	0.0197451	0.00128676	0.136635	0.237661	0.029581	0.0630038	0.00571026	0.000586414	0.0131143	
0.000901597	0.00239974	0.00585885	0.00308029	0.000149371	0.0042366	0.00833615	0.770884	0.000171481	0.0352796	0.000545391	0.000280909	4.83165e-05	0.0158128	0.000165388	0.00676315	0.0255837	0.116293	0.00114457	0.00206525	
0.087919	0.00152389	0.0210183	0.00297429	0.0378108	0.00108064	0.0292743	0.00147966	0.343319	0.0018989	0.00233629	0.00329656	0.000330845	0.00723193	0.368567	0.00404503	0.000791636	0.0648489	0.000385853	0.0198676	
0.138269	9.66743e-05	0.158386	0.267462	0.000109125	0.0627522	0.00534377	0.000589542	0.048455	0.000128078	0.0045964	0.0846267	0.00843882	0.0626995	0.0280669	0.105389	0.00679738	0.00024588	0.000180763	0.0173671	
0.171672	0.0290562	0.000994762	0.0695534	0.0151766	0.00708731	0.0346261	0.000254171	0.347113	0.175336	0.00194991	0.000840982	0.000137551	0.0425903	0.0164317	0.0361333	0.0373168	0.00748318	0.000688386	0.00555898	
0.00153252	0.00181751	0.0239353	0.005113	0.0173472	0.675052	0.0134946	0.00515271	0.00545739	0.0102259	0.0217014	0.177541	0.00576358	0.0110687	0.00358095	0.00573723	0.0116437	0.000410261	0.000281696	0.00314306	
0.139784	0.0749994	0.00275692	0.000529144	0.000132603	0.00116658	0.000467089	0.100596	0.00443186	0.176964	0.0902271	0.00181178	0.00012673	0.0014315	0.00155778	0.000428042	0.000510137	0.38198	0.00533078	0.0147684	
0.070614	0.0161393	0.0330527	0.000321827	0.0255118	0.00251615	0.000650665	0.000559398	0.618069	0.0151251	0.0234087	0.00129036	0.000804208	0.0304529	0.0743711	0.0281622	0.00328261	0.0254885	0.0113121	0.0188671	
0.644719	0.0215261	0.00293018	0.00106393	0.0149835	0.000615309	0.00110942	0.00753277	0.0272577	0.000404184	0.022975	0.0222201	0.0921287	0.000536383	0.000230717	0.00477266	0.00948138	0.087103	0.0194963	0.0189139	
0.0089646	0.000121799	0.000719033	0.000419022	0.10649	0.602412	0.0250228	0.0249941	0.0120226	0.0491804	0.0161041	0.11923	0.0051876	0.0115611	9.89799e-05	0.000207323	0.00384422	0.00100645	0.000162195	0.0122506	
0.0286447	0.0139039	0.000633364	0.000920477	0.00178245	0.000260541	0.00531702	0.107536	0.0105527	0.0663776	0.00886481	0.00279167	0.000995611	0.00690005	0.00141038	0.00310756	0.00585405	0.710234	0.0061551	0.0177575	
0.338653	0.00137837	0.000584987	0.00090308	0.000597073	0.000244222	0.0736726	0.00136739	0.0214424	0.00136927	0.0159064	0.00898346	0.000135634	0.0376252	0.0323483	0.0866729	0.0237272	0.346478	0.00658339	0.00132719	
0.00128794	0.00677256	0.000627647	0.000573643	0.00719358	0.000218472	0.000246977	0.371216	0.00335048	0.498578	0.00138635	0.000616711	0.00356291	0.000384931	0.000126482	0.00254994	0.000346333	0.0927184	0.00133093	0.00691208	
0.00121739	0.110908	0.00172669	0.0288257	8.41861e-05	0.00275053	0.000473716	0.000840753	0.0131806	0.000975987	6.13912e-05	0.688615	0.00994254	0.0160506	0.0281225	0.0314247	0.000665876	0.0638033	0.000139867	0.000190204	
0.000749151	0.018446	0.231779	0.0256516	0.0557694	0.0245644	0.000479419	0.0184907	0.025498	0.0167625	0.00919504	0.0284973	0.502462	0.0007103	0.000353873	0.000466242	0.0023136	0.0113347	0.0102597	0.0162166	
0.347516	0.000644698	0.00519656	0.000463074	0.00348371	0.247593	0.0262423	0.0351656	0.0391294	0.0448509	0.0205468	0.00540101	0.000561954	0.0405308	0.000151592	0.15156	0.0253591	0.00103409	0.00035339	0.00421592	
0.000853705	0.00322304	0.0886631	0.0329668	0.00647937	0.0115922	0.0585586	0.000574225	0.00109936	0.0175039	0.00162487	0.000813172	0.000189951	0.0376196	0.000643415	0.0329366	0.62549	0.0650711	0.00671314	0.00738422	
0.000618225	0.00146816	0.208518	0.0299699	0.000280997	0.0134978	0.000440909	0.00233142	0.0213695	0.00994853	0.00526433	0.13021	0.501698	0.000983606	0.00192485	0.0671635	0.000396601	0.00152268	0.000932612	0.00146137	
0.252934	0.028551	0.00203225	0.0826601	0.000256234	0.000708717	0.00113695	0.0700828	0.00769077	0.259211	0.00111709	0.00643515	0.0157361	0.000561785	0.000276806	0.000682227	0.0181602	0.227802	0.00379484	0.0201694	
0.04723	0.0304325	0.0342554	0.10394	0.00055791	0.0602634	0.0830973	0.00946089	0.00888884	0.000955791	0.019224	0.0707365	0.0044436	0.0196752	0.00172828	0.41523	0.0306151	0.0426037	0.000847242	0.0158147	
0.178208	0.0279335	0.0323012	0.00305042	0.000640201	0.0076306	0.0570743	0.012102	0.00530479	0.139383	0.0968717	0.00162557	0.000145561	0.0169263	0.00130919	0.0906068	0.0709879	0.232571	0.00116234	0.0241646	
0.00227692	0.0064128	0.000409294	0.00036919	0.00495541	0.000153588	0.000159512	0.446831	0.00166744	0.405018	0.00193277	0.000294688	0.000155719	0.000356487	9.19746e-05	0.000309382	0.000306039	0.120376	0.00141522	0.00650898	
0.0505308	0.00161748	0.10893	0.400147	0.000956391	0.0122223	0.00109142	0.00913043	0.100579	0.01838	0.00179962	0.00487893	0.000503874	0.0251041	0.0668462	0.0902751	0.047631	0.000629804	0.0574807	0.00126461	
0.0143678	0.012677	0.106175	0.0875986	0.0132837	0.000444543	0.220239	0.00100333	0.000669571	0.000355098	0.0186532	0.0860134	0.0855061	0.000822415	0.000565541	0.0358577	0.0132027	0.00724658	0.04692	0.248399	
0.00152955	0.0618635	0.000477313	0.00143822	0.0219608	0.00284651	0.000316063	0.262388	0.00295333	0.246307	0.000816147	0.000318966	0.000122817	0.00152532	0.0034651	0.000207772	0.00809878	0.376478	0.00424696	0.0026393	
0.106231	0.00285821	0.00932063	0.0375484	0.0192619	0.0438012	0.000486553	0.158571	0.00232839	0.566973	0.0385525	0.000261987	0.000452519	0.00167037	0.000208117	0.00030563	0.000387368	0.00458833	0.00258583	0.0036076	
0.0325394	0.000239779	0.274003	0.153985	0.000888191	0.00574996	0.0391936	0.00124459	0.0306085	8.62231e-05	0.0139279	0.154203	0.205477	0.0612303	0.00558508	0.016098	0.00131193	0.000263528	0.000840692	0.00252471	
0.00870892	0.00937398	0.28647	0.0951518	0.00575737	0.000326189	9.99972e-05	0.0427252	0.0374398	0.0508684	0.255534	0.00648752	0.00164155	0.0323251	0.0966081	0.0134309	0.0185892	0.00548931	0.0055349	0.0274374	
0.175688	0.0254858	0.00635976	0.000302487	0.000348662	0.000236563	0.00106218	0.145435	0.0131159	0.152594	0.00150648	0.0056091	0.000213508	0.00117227	0.00037715	0.000251531	0.00078687	0.45131	0.000206288	0.0179392	
0.00016493	0.00364479	0.684664	0.00618545	0.0117443	0.00245813	0.000110932	0.0187565	0.00386908	0.049385	0.00725226	0.000192905	0.119352	0.00375886	0.0016098	0.03222	0.0536471	0.000126642	0.000745641	0.000110867	
0.00941769	0.015235	0.00681289	0.00913852	0.00519055	0.00589757	0.000670953	0.0294953	0.00294016	0.450652	0.277442	0.00548051	0.00509018	0.0799953	0.000243332	0.00072054	0.00121624	0.022868	0.0177587	0.0537348	
0.0176284	0.00395947	0.000266158	0.000292044	0.00991879	0.000103279	0.00105261	0.194543	0.00126841	0.05264	0.0103224	0.000670244	0.00020555	0.00203855	0.000193794	0.00450739	0.0203596	0.671883	0.00192186	0.00622535	
0.0877514	0.0227165	0.0311343	0.0294355	0.000360009	0.0402707	0.000295731	0.00739528	0.01931	0.60538	0.0128212	0.0933368	8.89788e-05	0.000621418	0.000182548	0.00245627	0.0143737	0.00785742	0.00295813	0.0212547	
0.000717814	0.0636463	0.000473158	0.00139923	0.0222614	0.00270749	0.00031574	0.262609	0.0029345	0.247311	0.000832329	0.00032851	0.000126404	0.00152737	0.0034467	0.000214909	0.00810995	0.374738	0.00392355	0.00237698	
0.000305493	0.000398239	0.0973468	0.0218859	0.000499659	0.00565116	0.117563	0.00270624	0.00065326	0.000402024	0.00140184	0.00197191	7.92346e-05	0.0247192	0.000473045	0.331985	0.336204	0.0549333	0.000503962	0.000317212	
0.000258482	0.0142604	0.00036399	0.00127817	0.00021642	0.00158999	0.0356684	0.0331163	0.00983381	0.000113679	0.000274464	0.00616624	0.0122598	0.0247626	0.0150231	0.0061018	0.0052678	0.75369	0.0608275	0.0189267	
0.0236261	0.00969404	0.003936	0.00773129	0.0150954	0.334143	0.00701514	0.000435579	0.000204994	0.0110775	0.0243899	0.499604	0.0180028	0.00369913	0.0146598	0.000387294	0.000364745	0.0179394	0.00783473	0.000159579	
0.0209116	5.36014e-05	0.000326744	0.0171427	0.7276	0.0565942	0.000159768	0.00123315	0.0275172	0.00254782	0.0178885	0.000258655	0.0658693	0.0180421	0.0123939	9.16917e-05	0.00859896	0.00117737	0.00534942	0.0162431	
0.00757979	0.000116349	0.000814217	0.000327104	0.0927126	0.611958	0.0259517	0.0203852	0.0106686	0.0416956	0.0180517	0.140349	0.00484361	0.0109654	0.000105648	0.000172639	0.00305939	0.000754532	0.000142818	0.00934629	
0.244817	0.000510908	0.00177081	0.0122692	0.000455872	0.00144611	0.0222511	0.00957864	0.183306	0.000311794	0.00261156	0.00616117	0.00217263	0.00681017	0.0383302	0.448935	0.016628	0.000908092	0.000324603	0.000400456	
0.0702457	5.50109e-05	0.000127422	0.0321652	0.479838	0.198699	7.41104e-05	0.000388901	0.0771013	0.0257482	0.00689679	0.000176868	0.00566719	0.0339115	0.00567276	0.000124866	0.0147856	0.000348347	0.00131547	0.0466577	
0.0043456	0.0188898	0.079949	0.00294755	0.000104965	0.00173958	0.00061448	0.708344	0.000898194	0.118855	0.0189514	0.00109228	0.000656792	0.00176098	0.000309223	0.000363384	0.000651919	0.0168508	0.000884082	0.0217909	
0.0445679	6.76771e-05	0.112149	0.0993563	0.000817813	0.156936	0.0280644	8.41729e-05	0.0370332	0.00101467	0.00194664	0.0466849	0.243205	0.0240607	0.025719	0.104086	0.0596617	0.00842982	0.000158773	0.00595712	
0.138269	9.66743e-05	0.158386	0.267462	0.000109125	0.0627522	0.00534377	0.000589542	0.048455	0.000128078	0.0045964	0.0846267	0.00843882	0.0626995	0.0280669	0.105389	0.00679738	0.00024588	0.000180763	0.0173671	
0.0804739	0.0333132	0.000587542	0.0121913	6.33068e-05	0.00406144	0.00614275	0.00782615	0.00114065	0.0123292	0.146565	0.00547277	0.000115036	0.0390802	0.000237553	0.119915	0.222514	0.301084	0.0041743	0.00271297	
0.0145685	0.0108545	0.00465826	0.000732249	0.00471848	0.00913042	0.000487388	0.0670351	0.00591123	0.541869	0.00994624	0.000159503	5.63293e-05	0.00132069	0.00215184	0.0120654	0.0581782	0.151005	0.00302724	0.102124	
0.0933496	0.000102189	0.124613	0.307566	0.000153491	0.019367	0.0121068	0.000214938	0.0644715	0.0133863	0.000318448	0.0480782	0.130143	0.043757	0.100832	0.0273048	0.0102037	0.00368331	0.000268142	8.01511e-05	
0.0184906	0.01391	0.00412906	0.000391842	0.0164313	0.00261943	0.00208147	0.000882016	0.715351	0.0210172	0.000907964	0.0144339	0.000926484	0.013109	0.0316277	0.00837065	0.0130507	0.11653	0.00287265	0.00286699	
0.000988325	0.000498615	0.00626977	0.0036378	0.000141137	0.00486665	0.00915168	0.753923	0.000179292	0.0331827	0.000436578	0.000287821	4.7594e-05	0.016959	0.00011391	0.0085434	0.0282366	0.130269	0.00158321	0.00068446	
0.10182	0.00351384	0.000634976	0.074847	0.0124074	0.000408225	0.0209818	0.00119603	0.127126	0.00172534	0.00038443	0.00560925	0.000273598	0.0428053	0.489629	0.0358871	0.0478199	0.0166562	0.0107798	0.00549431	
0.272069	0.00058744	0.0162952	0.075191	0.000185701	0.00438271	0.00746223	0.00832581	0.0651323	0.0170236	0.0344221	0.0205559	0.00128164	0.137894	0.227635	0.0289658	0.063299	0.00590041	0.000170133	0.0132203	
0.0153977	0.0110146	0.00495005	0.000807962	0.00434559	0.00827427	0.000419886	0.0693019	0.00718278	0.543112	0.00893548	0.000567026	8.99737e-05	0.00110046	0.00195736	0.0113448	0.0617591	0.149426	0.00310048	0.0969128	
0.201116	0.00243888	0.00357887	0.00654461	0.0167907	0.000359887	0.0720394	0.00079073	0.179583	0.00133476	0.000327531	0.0229503	0.000567197	0.00130627	0.410411	0.0361221	0.00051776	0.0412138	0.00016021	0.00184697	
0.152352	0.000195348	0.114153	0.388466	0.00167674	0.0235892	0.00450437	0.0001235	0.07043	0.000499664	0.00256478	0.0369403	0.00170951	0.0817596	0.0572813	0.0488531	0.00960894	0.000117349	0.00147827	0.00369616	
0.0297645	0.00635776	0.0381797	0.00855285	0.000323683	0.00473656	0.00127251	0.103402	0.0167865	0.250938	0.400395	0.00100925	0.00804708	0.00123213	0.0323173	0.000636907	0.00971682	0.00218623	0.059477	0.0246684	
0.151858	0.00381629	0.00541209	0.00093431	0.000873241	0.00033283	0.00558175	0.328024	0.0633157	0.0889643	0.0134088	0.00109758	0.000815859	0.00165795	0.13537	0.0156296	0.00938522	0.148288	0.000864805	0.0243701	
0.0307698	0.000695135	0.361435	0.146867	0.000220835	0.0090226	0.00973907	0.000794397	0.144544	0.00477957	0.000164666	0.0638246	2.93918e-05	0.0724364	0.0171699	0.0549787	0.0765125	0.00582049	0.000114146	8.31238e-05	
0.175054	0.00037961	0.100531	0.401953	0.00153925	0.0110048	0.00531094	0.000298596	0.072179	0.00190838	0.00354724	0.0261527	0.00102632	0.082887	0.0657229	0.032414	0.0150735	0.000213477	0.00273902	6.54444e-05	
0.214394	0.00360321	0.0507324	0.141186	0.00201102	0.0782448	0.0245374	0.00666428	0.0632055	0.0293128	0.000646647	0.0483725	3.47843e-05	0.0541372	0.150487	0.056141	0.0613233	0.013011	0.000338274	0.0016163	
0.0021872	0.00710131	0.0650228	0.00683487	0.00740186	0.71094	0.0212471	0.000992187	0.00469883	0.000767431	0.0234645	0.106271	0.000312647	0.00843977	0.00906229	0.0189057	0.00461744	0.000567033	0.000562381	0.000603793	
0.0425711	0.00555115	0.000239056	0.00402817	0.00298507	0.0033802	0.000302447	0.000812714	0.0729208	0.45841	0.0286864	0.0293	0.0969316	0.0213624	0.163382	0.0409768	0.00843126	0.00469534	0.0038331	0.0111998	
0.0445679	6.76771e-05	0.112149	0.0993563	0.000817813	0.156936	0.0280644	8.41729e-05	0.0370332	0.00101467	0.00194664	0.0466849	0.243205	0.0240607	0.025719	0.104086	0.0596617	0.00842982	0.000158773	0.00595712	
0.0608078	0.0103463	0.0125678	0.0164614	0.119005	0.000489335	0.000362968	0.194605	0.00602693	0.100896	0.0253137	0.00380678	0.0778713	0.00161837	0.00193421	0.0161027	0.184355	0.115582	0.00192105	0.0499251	
0.0246064	0.00182061	0.256039	0.172205	0.000264021	0.000696789	0.0597225	0.0479184	0.0317243	0.0136011	0.00040202	0.013992	0.11111	0.0253431	0.0524643	0.00187709	0.0625651	0.0873889	0.019712	0.0165475	
0.0163321	0.020643	0.0317795	0.0181254	0.000125562	0.0183431	0.000451916	0.656069	0.00140676	0.183604	0.00569118	0.000335299	0.00313953	0.00353865	0.000307636	0.000285515	0.000280205	0.00711142	0.0101716	0.0222584	
0.0134368	0.0154465	0.000160897	0.412507	0.0428581	0.00557882	0.000915692	0.0271249	0.000268633	0.00498726	0.027078	0.157566	0.000840747	0.0769695	0.00159311	0.168505	0.0176012	0.000411547	0.00895742	0.0171924	
0.0010932	0.0215792	0.000590556	0.000447018	0.00108923	0.000196103	0.0125713	0.31583	0.00314449	0.0101832	0.00358856	0.00231728	0.00790732	0.0258662	0.00161763	0.00155294	0.0111802	0.551907	0.00521862	0.0221201	
0.00102373	0.0229861	0.000522615	0.000435242	0.000391284	0.000177358	0.0107721	0.361613	0.00200215	0.00978216	0.00476567	0.00150341	0.00751162	0.0250633	0.00101161	0.00136861	0.00612724	0.513253	0.0059674	0.0237216	
0.0224776	0.00072913	0.073769	0.0002866	0.00168664	0.0733705	0.00213042	0.000305371	0.0761474	0.0173533	0.00131175	0.362661	0.00064818	0.00753389	0.000275485	0.0673516	0.236454	0.0268911	0.0158464	0.0127713	
0.129705	0.00204313	0.110018	0.0802011	0.038752	0.000167188	0.000232686	0.0314235	0.0415623	0.162497	0.00272608	0.0386295	0.134426	0.0145051	0.0338718	0.0510069	0.0400078	0.0856005	0.000872994	0.00175151	
0.0307698	0.000695135	0.361435	0.146867	0.000220835	0.0090226	0.00973907	0.000794397	0.144544	0.00477957	0.000164666	0.0638246	2.93918e-05	0.0724364	0.0171699	0.0549787	0.0765125	0.00582049	0.000114146	8.31238e-05	
0.000746573	0.00481883	0.00932446	0.036364	0.00893347	0.0238482	0.00616899	0.00049294	0.00115769	0.034588	0.00135676	0.199174	0.00020191	0.0413185	0.000828631	0.0127197	0.523295	0.075715	0.016442	0.00250515	
0.450174	0.00764589	0.00075787	0.000398014	0.000520068	0.0174181	0.0108229	0.251464	0.00392113	0.0140377	0.00111337	0.0363006	0.00061357	0.00683843	0.000488587	0.0169736	0.0163777	0.136535	0.00740951	0.0201908	
0.263782	0.00312269	0.0226216	0.0886808	0.000127463	0.108283	8.87886e-05	0.0216973	0.147242	0.000169387	0.000501993	0.00834259	0.0957944	0.027398	0.0571538	0.048374	0.0429109	0.0509589	0.00528907	0.00746067	
0.0888297	0.00020947	0.0538594	0.174044	0.000291275	0.00674472	0.0158914	0.0315861	0.172669	0.147134	0.000429955	0.00105022	0.0100601	0.100682	0.0758284	0.0460871	0.00774426	0.0484112	0.0153376	0.00310928	
0.140965	0.0757761	0.00271912	0.000515785	0.000131502	0.00114638	0.000437804	0.100526	0.00415901	0.178081	0.0880191	0.00177711	0.000115342	0.000742209	0.0015584	0.000403495	0.000490274	0.382691	0.00501615	0.0147305	
0.228369	0.0068301	0.000518722	0.000760925	0.000144837	0.000268068	0.000997868	0.106924	0.0688989	0.0267655	0.0204806	0.000688901	8.87107e-05	0.00272558	0.0292225	0.0224501	0.0588974	0.245266	0.00301098	0.176691	
0.170639	0.000379029	0.103159	0.405473	0.00142058	0.0115057	0.00538287	0.000210265	0.0728916	0.00192309	0.00291359	0.027221	0.00410865	0.0807345	0.0621879	0.0323455	0.0144201	0.000245293	0.00280037	3.87019e-05	
0.722924	0.12168	0.00424232	0.00380617	7.02152e-05	0.00141869	0.012525	0.000145749	0.00614712	0.00295361	0.015848	0.0262809	0.00016792	0.0223496	0.000264713	0.046946	0.000134503	0.0114248	4.76703e-05	0.000623844	
0.636085	0.135174	0.000297447	0.000423272	0.0108948	0.00730694	0.051683	0.00359235	0.0231046	0.00316473	0.01593	0.0200528	0.00100079	0.0366658	0.00291609	0.00187478	0.00452366	0.0188093	0.010442	0.0160592	
0.00847714	0.00453329	0.358739	0.0136063	0.0168619	0.00769812	0.000581683	0.00211401	0.000687966	0.0195267	0.0141955	0.232016	0.00177384	0.0510266	0.0937217	0.0284843	0.139962	0.000291147	0.00550918	0.000193876	
0.0304732	0.00124887	0.000187585	0.000240104	0.0189553	0.000124144	0.000922205	0.204393	0.000901813	0.0419421	0.00970273	0.000393255	0.000138039	0.00158221	0.000131058	0.00628655	0.0416739	0.637064	0.00161771	0.00202185	
0.00753196	0.0283214	0.0143928	0.00526944	0.325939	0.00202432	0.000558961	0.0755721	0.00376811	0.452732	0.0506364	0.00481941	0.000201114	0.000870514	0.000236748	0.000261823	0.00162073	0.0243526	0.000281982	0.00060899	
0.000264623	0.013573	0.000387013	0.00127304	0.000214919	0.00163004	0.0363753	0.033486	0.00963677	0.000112188	0.000291563	0.00657236	0.0125497	0.0244987	0.0145865	0.00605825	0.00504279	0.755164	0.0594483	0.0188353	
0.776788	0.00547816	0.00140716	0.00323904	0.00164636	0.000777646	0.0414484	0.000104171	0.000806532	0.000719948	0.0106503	6.46289e-05	0.000114918	0.0378543	0.000350175	0.0424469	0.0407172	0.026239	0.000426818	0.00872019	
0.0115711	0.000261982	0.0459867	0.0654186	0.0212639	0.000519348	0.0056706	0.000329004	0.0020854	0.0334183	0.0269768	0.0293402	0.00271402	0.0502597	0.000122712	0.574475	0.048135	0.0598246	0.0165359	0.00509081	
0.718782	0.029229	0.000548343	0.000436582	0.0695229	0.00451013	0.0745801	0.00300338	0.00522698	0.000374073	0.00611098	0.00623658	0.0002197	0.0325411	0.000790291	0.0132606	0.0110482	0.0101378	0.000546209	0.0128951	
0.025721	0.000639974	0.000418618	0.000527573	0.0272601	0.000155555	0.00115826	0.232757	0.000564725	0.0345145	0.00602123	0.000318086	0.000136558	0.00288859	0.000175537	0.00792033	0.058302	0.597844	0.00200258	0.000673238	
0.0524894	0.00242923	0.00352664	0.0327925	0.699573	0.00113741	0.00333737	0.00183737	0.0216704	7.65288e-05	0.0172098	0.0147423	0.000540322	0.0247533	0.000427799	0.00251355	0.000578646	0.00204043	0.00095248	0.117372	
0.0326637	0.00115752	0.0366	0.0324344	0.0220647	0.137846	0.00159264	0.000598141	0.336774	0.00066166	0.00043048	0.239407	0.000303534	0.00814778	0.0826892	0.0607324	0.00205703	0.00117773	0.00205023	0.000612617	
0.0942942	0.0036978	0.0215434	0.0334662	0.000136977	0.116002	0.215108	0.000222314	0.0268694	0.00142121	0.00141889	0.0894061	0.000745665	0.208959	0.0202439	0.120531	0.0369622	0.00018468	0.00454245	0.00424427	
0.0445679	6.76771e-05	0.112149	0.0993563	0.000817813	0.156936	0.0280644	8.41729e-05	0.0370332	0.00101467	0.00194664	0.0466849	0.243205	0.0240607	0.025719	0.104086	0.0596617	0.00842982	0.000158773	0.00595712	
0.00713571	0.00130739	0.406234	0.0557761	0.0150836	0.0065604	0.000349912	0.00110997	0.0104214	0.0411359	0.0160693	0.0893378	0.142938	0.0370362	0.00055858	0.121755	0.0241862	0.00206024	0.020777	0.000166779	
0.0348646	0.0100369	0.00182781	0.00553072	0.000169999	0.00779312	0.00107199	0.222624	0.025311	0.0633156	0.0271894	0.000300165	0.313373	0.0068143	0.07831	0.000301981	0.0143947	0.152559	0.00708752	0.027124	
0.263782	0.00312269	0.0226216	0.0886808	0.000127463	0.108283	8.87886e-05	0.0216973	0.147242	0.000169387	0.000501993	0.00834259	0.0957944	0.027398	0.0571538	0.048374	0.0429109	0.0509589	0.00528907	0.00746067	
0.214394	0.00360321	0.0507324	0.141186	0.00201102	0.0782448	0.0245374	0.00666428	0.0632055	0.0293128	0.000646647	0.0483725	3.47843e-05	0.0541372	0.150487	0.056141	0.0613233	0.013011	0.000338274	0.0016163	
0.334317	0.00653619	0.0302424	0.0150114	0.0592769	0.00944398	0.00104595	0.00141496	0.00179906	0.000431735	0.00700159	0.24688	0.0232546	0.0490485	0.0746513	0.0202927	0.0861013	0.0270957	0.0014524	0.00470198	
0.0324364	0.00858903	0.00161549	0.00310329	0.0134465	0.000880774	0.00731455	0.633127	0.000956719	0.0327452	0.0126373	0.000450068	0.000395516	0.0545697	0.000412024	0.00024499	0.0113025	0.164729	0.010421	0.010623	
0.260273	0.000737507	0.0452848	0.15707	2.27e-05	0.0039876	0.00766259	0.00475874	0.0802475	0.0156746	0.0236633	0.0239434	0.00202597	0.101589	0.188939	0.0287006	0.0481174	0.00333818	0.00121467	0.00274944	
0.214394	0.00360321	0.0507324	0.141186	0.00201102	0.0782448	0.0245374	0.00666428	0.0632055	0.0293128	0.000646647	0.0483725	3.47843e-05	0.0541372	0.150487	0.056141	0.0613233	0.013011	0.000338274	0.0016163	
