0.00559979	0.0175046	0.0166902	0.415999	0.00422674	0.000189879	0.0146986	0.000196268	0.141624	0.00543273	0.00179383	0.000299744	4.47762e-05	0.174367	3.6515e-05	0.00202169	0.145024	0.0208936	0.032953	0.000403938	
0.00319105	0.00334141	0.00421748	0.00164385	0.04186	0.00181496	0.000235368	0.00024875	0.00779121	0.622288	0.000312437	0.195049	8.65597e-05	0.0164831	0.000112105	0.000514701	0.035156	0.0581879	0.000849282	0.00661739	
0.0377378	0.00521595	0.0233314	0.0297582	0.067409	0.0388337	0.000205604	0.00489491	0.0767419	0.0014288	0.0148698	0.00509928	0.63432	0.0147714	0.000143172	7.1369e-05	0.00577668	0.000415137	0.0222938	0.0166819	
0.114557	2.87957e-05	0.089493	0.478631	0.0016388	0.00176383	0.00162364	0.00435884	0.139694	0.000406323	5.88726e-05	0.00752649	0.0522647	0.0675468	1.00987e-05	0.00923797	0.00974635	0.0146086	0.000772551	0.00603271	
0.0442707	0.0182362	0.0958371	0.0305895	0.00017714	0.0297968	0.000181621	0.00448347	0.0163513	0.574822	0.0252167	0.113714	9.11248e-05	0.000382761	7.90205e-05	0.00102658	0.0102162	0.000102164	0.0012161	0.0332096	
0.0462166	0.00255234	0.00612167	0.00286828	0.0004667	0.0663054	0.000268053	0.000505311	0.0397855	0.0188313	0.00145076	0.0512862	0.711695	0.000193824	8.71834e-05	0.0351158	0.00304634	0.000234014	0.00202163	0.0109479	
0.0296251	1.79995e-05	4.29082e-05	0.0170456	0.0246375	0.00956476	0.00105064	7.09558e-05	0.0962363	2.45213e-05	0.0169332	5.02562e-05	0.00390267	0.0290543	0.00567654	3.42278e-05	0.0119044	0.000112399	0.0248108	0.729205	
0.449786	0.000214343	0.30178	0.0304608	0.00394188	0.0577984	0.000373182	0.00122435	0.0380128	0.000252465	0.0262103	0.00206636	0.0442194	0.0146106	4.9826e-05	0.0174535	0.00722884	0.00314948	0.00050681	0.000660047	
0.030704	8.65508e-05	0.000197515	0.00389629	0.0541505	0.0064991	0.0452592	0.000193575	0.0256975	0.00020584	0.00284566	0.0285924	0.0510783	0.000403333	0.000212647	0.00410871	0.10909	0.0209522	0.0222485	0.593578	
0.0294467	2.34376e-05	0.519036	0.117587	0.000664523	0.0337181	0.00412181	0.000423774	0.0309544	5.9182e-05	0.00120378	0.171274	0.00923638	0.0354441	0.00195073	0.0298255	0.00984789	0.00445488	4.06966e-05	0.00068661	
0.783174	0.0079914	0.0643522	0.0237135	0.00502025	0.000111573	0.0182105	0.00937907	0.0510058	0.000449017	0.00493064	0.000628035	8.09365e-05	0.000577449	0.00390784	0.0123576	0.000228864	0.00814781	0.00554373	0.000190202	
0.0431498	0.0156804	0.113921	0.0300709	0.000120203	0.0234889	0.000926695	0.00246049	0.0213081	0.560214	0.0203804	0.119696	0.00014854	0.000694695	0.000213188	0.000168131	0.0168965	9.83885e-05	0.000483505	0.0298797	
0.0149687	0.00247891	0.0277228	0.843099	0.0110376	0.0113651	5.01905e-05	0.00551892	0.000102252	0.000158714	0.0186556	0.011523	6.88709e-05	0.00993601	0.000152518	0.016755	0.0104024	0.0102054	0.00494843	0.000851001	
0.000200611	0.0127655	0.0508444	0.0316561	0.0364175	0.0191466	0.000212294	0.000944634	0.0143191	0.000370159	0.0221819	0.00153797	0.616843	0.0115994	0.0035893	7.02641e-05	0.00706149	0.129371	0.00885048	0.0320188	
0.00153439	5.41899e-05	0.000329272	0.0303766	0.10027	0.00459383	0.439089	0.000156366	0.000311865	0.000412863	0.0294352	0.0594139	0.000113035	0.000174955	8.15843e-05	0.0144782	0.0183083	0.0393715	0.0120181	0.249477	
0.00402815	0.000452972	0.00253526	0.0170604	0.126743	0.00226965	0.0152778	0.573394	0.00117636	0.00240922	0.00773272	0.000240719	0.00162962	0.0124664	0.000342076	0.000127619	0.000169603	0.0266692	0.204786	0.000489794	
0.000329703	0.0066148	0.657813	0.000131116	0.0220058	0.00348666	6.30863e-05	0.00296388	0.00129373	0.023155	0.0568198	0.0173644	0.138394	0.0250975	0.00421457	0.0205807	0.00324121	0.000222175	0.0161334	7.57624e-05	
0.533436	0.000387263	0.000415622	0.0854495	0.00162909	0.00327541	0.00677714	0.000239937	0.199279	0.00149899	0.0025735	0.000419653	6.69347e-05	0.0273555	0.0159617	0.0245657	0.0872245	0.00462267	0.00320421	0.00161784	
0.0139468	3.59101e-05	0.034729	0.269104	3.82977e-05	4.51626e-05	0.00568848	4.93028e-05	0.260308	0.00653558	0.0161674	0.0416809	0.00841533	0.213295	0.0278989	0.0504949	0.0514534	5.09506e-05	4.83892e-05	1.41611e-05	
0.000293426	0.0147974	0.100763	0.0329777	0.00101246	0.0295849	0.0915815	0.0279163	0.000614312	0.00140733	0.00053624	0.000208633	5.37187e-05	0.0373338	0.000378321	9.16142e-05	0.590325	0.00263321	0.042694	0.0247972	
0.0360112	0.00873112	0.0911425	0.0241882	0.0112485	0.0138311	0.0485283	3.17352e-05	0.000144917	0.00278499	0.522095	0.137573	0.01619	0.0249811	7.23846e-05	0.00585798	0.000159614	0.00079855	0.0404477	0.0151821	
0.00222189	0.00372697	0.00472009	0.596112	0.0212327	0.00573327	0.0303327	0.00145187	0.0386066	0.00041035	0.0047331	0.0775015	0.000179442	0.061323	0.108363	0.00564009	0.0249098	0.000174388	0.00210956	0.0105171	
0.00667734	0.0294531	0.0086174	0.0240697	0.0899083	0.003294	0.000146336	0.692309	0.00139062	0.12242	0.000422451	0.000630958	7.42229e-05	0.00102083	8.78311e-05	0.000257053	0.000387337	0.0134182	0.00474288	0.000671541	
0.036738	9.02173e-05	0.000110982	0.0340233	0.000113734	0.0361047	0.559102	0.031815	0.0403197	0.000176708	0.0358387	0.000107312	9.86228e-05	0.000117656	0.000104771	0.0106918	0.0165822	0.045874	0.024	0.12799	
0.00362848	0.000214643	0.344281	0.00994893	0.0174111	0.0951357	0.000106995	0.000587907	0.0116401	0.00315418	0.00206983	0.00967942	0.000286576	0.236232	4.01699e-05	0.0841396	0.180742	7.62351e-05	0.000551	7.49483e-05	
0.00566785	1.72767e-05	9.21561e-05	0.000136228	0.0136139	0.0268487	2.59724e-05	0.000254948	0.869974	2.87447e-05	0.000379828	0.0144428	1.01697e-05	8.37373e-05	0.0563606	3.4311e-05	0.00018433	0.00645046	6.59246e-05	0.00532772	
0.0608807	0.00545165	7.57695e-05	0.00724913	0.00277292	0.0761873	0.569535	0.0270358	0.00446849	0.000123095	0.0142758	0.000127139	3.63197e-05	0.00272182	3.73713e-05	0.00194082	0.100159	0.0970434	0.024048	0.0058309	
0.0713497	0.010047	3.35336e-05	0.000251914	0.0217415	0.383926	3.38022e-05	2.75627e-05	0.0258944	0.00627352	0.000394373	0.141944	0.00153869	0.299274	0.00673379	4.1844e-05	4.47247e-05	0.0251938	0.0052308	2.50693e-05	
0.301032	9.68824e-05	0.000328345	0.000516058	0.0116639	0.0901387	0.0911409	0.000162269	0.00918005	0.0169532	0.00065539	0.000229356	5.35814e-05	0.022922	3.42656e-05	0.00847007	0.432791	0.000237691	0.000602756	0.012791	
0.0167637	0.00693417	6.44877e-05	0.0121882	3.93925e-05	0.00422981	4.46588e-05	0.137038	0.00942021	0.084226	0.0528522	0.000100813	0.105313	0.00811029	0.00040505	6.35807e-05	0.0118399	0.135416	0.00314847	0.411801	
0.00123976	0.000914518	0.000212447	0.000224291	0.0110865	8.98587e-05	0.0022838	0.112078	0.00219092	0.0184793	0.000372528	0.000782925	0.000265545	0.00666602	0.00383838	0.000113872	0.0236424	0.706833	0.000644524	0.108041	
0.0507507	0.000764864	0.0727815	0.00874451	0.0013535	0.000211363	0.000744182	0.000160312	0.0624728	0.00169638	0.000174372	0.52157	3.01881e-05	0.0131587	0.00479786	0.0179779	0.239474	0.000260739	0.00263028	0.000245308	
0.0173648	0.0205056	0.000152088	0.000271513	0.0194871	0.00925959	0.000108337	7.33596e-05	0.182723	0.0291376	0.000132071	0.506873	0.00118379	0.000236302	0.0014473	6.36222e-05	0.00205244	0.197576	0.0111968	0.000154698	
0.038596	0.00137737	0.00260398	0.00936398	0.108928	0.00120109	0.000217245	0.0466396	0.00344125	0.493718	0.0907783	0.00629962	7.13064e-05	0.000479942	6.38963e-05	0.00061524	0.113623	0.0779534	0.00206243	0.00196598	
0.0393247	0.0119011	0.000621202	0.0118836	0.0220208	0.062354	7.03012e-05	0.000204543	0.00211759	0.0785065	0.0380287	0.585465	0.0176099	0.0163087	0.00419865	0.000155679	0.000130094	0.0540895	0.0548737	0.000135666	
0.425728	0.00280713	0.104439	0.0105093	0.000307214	0.0107876	7.2756e-05	0.0185547	0.1722	0.000294948	0.000143954	0.181717	0.00015142	0.00775439	6.50156e-05	0.00992864	0.0265116	0.00899597	0.0189288	0.000102328	
0.843963	4.42667e-05	0.000346874	0.00956598	0.0318647	8.8511e-05	0.000260606	4.18514e-05	0.00699088	0.00402043	0.019904	0.000333815	1.99567e-05	0.0057807	2.94603e-05	0.00992233	0.0332234	0.0202574	0.000504725	0.0128367	
0.000407296	0.00546005	0.000816462	0.0269208	0.000366853	0.000347164	0.000492841	0.294188	0.000754525	0.500033	0.000243007	0.000190463	0.000103792	0.00288473	6.24444e-05	0.00506926	0.0131726	0.114664	0.0104984	0.0233246	
0.121793	0.000369261	0.0543215	0.479343	0.00270425	0.00100727	0.000411007	0.000482899	0.210482	0.000442742	0.00471162	0.0228447	0.00250447	0.0458214	0.0275185	0.018888	0.00376103	0.00016679	0.00206577	0.000361108	
0.0812238	2.61155e-05	0.0728519	0.0382249	0.000173174	0.393786	0.00328542	0.000549709	0.134744	0.000263291	0.000103711	0.0421743	0.00361689	0.0129695	0.00480063	0.0354286	0.16656	0.00546908	6.18056e-05	0.00368788	
0.15645	0.00119186	0.0415614	0.152116	0.00699814	0.0221089	0.0442116	0.0143639	0.237285	0.0187363	0.0109873	0.0251648	9.9749e-06	0.16289	0.0160351	0.0211908	0.0340872	0.0137113	0.0039669	0.0169334	
0.0914003	0.000278107	0.0721406	0.0465554	0.0196892	0.0849223	0.000269495	0.000293646	0.0408857	0.00289953	0.000548905	0.0122462	0.404336	0.0124258	0.00475745	0.0473779	0.157082	0.000632295	0.000738322	0.000520881	
0.0638628	0.00112101	0.212165	0.44839	0.00019592	0.0159984	0.0153887	0.000620362	0.0641499	0.00379184	0.0116281	0.0230032	0.00775888	0.0911258	0.00226237	0.00847891	0.0191092	0.00274227	0.000334453	0.00787311	
0.0549023	0.0274771	0.00749482	0.144394	0.0934257	0.00120952	0.0464476	0.0675978	0.00199011	0.305505	0.00505882	0.000698974	1.04856e-05	0.000271154	9.44912e-05	0.000304494	0.000577068	0.0141403	0.107869	0.120532	
0.0638628	0.00112101	0.212165	0.44839	0.00019592	0.0159984	0.0153887	0.000620362	0.0641499	0.00379184	0.0116281	0.0230032	0.00775888	0.0911258	0.00226237	0.00847891	0.0191092	0.00274227	0.000334453	0.00787311	
0.0390401	8.69897e-05	0.117329	0.138958	6.39399e-05	0.105587	0.0221451	0.00664394	0.15637	0.00404041	0.00126112	0.0783211	0.00302873	0.0482077	0.00201662	0.0738138	0.185609	0.0100889	0.000471665	0.00691854	
0.15645	0.00119186	0.0415614	0.152116	0.00699814	0.0221089	0.0442116	0.0143639	0.237285	0.0187363	0.0109873	0.0251648	9.9749e-06	0.16289	0.0160351	0.0211908	0.0340872	0.0137113	0.0039669	0.0169334	
0.0229161	0.0681329	0.305306	0.0100094	0.00684007	0.0311121	9.38872e-05	0.000366369	0.000172945	0.00659696	0.0265521	0.0763266	0.11985	0.00094371	0.0124766	0.200235	0.111128	8.30031e-05	0.000771786	8.65861e-05	
0.0621177	0.000269706	0.00354004	0.00020377	0.0216023	0.00565947	0.0216635	0.236646	0.00048391	0.257989	0.0139508	0.000503168	0.0163637	0.0124764	7.05569e-05	5.01388e-05	0.0014173	0.310362	0.000292173	0.0343388	
0.0228134	0.00056678	0.0512822	0.781761	0.0150285	0.010154	0.000226619	0.00749606	0.000152937	0.00016238	0.00634135	0.0253629	4.85844e-05	0.0025179	0.00360809	0.0240709	0.0304128	0.0135328	0.00420995	0.000251136	
0.0561584	0.000808121	0.187131	0.476705	0.00132702	0.00813962	0.00612453	0.000263564	0.0736959	0.0014948	0.00428285	0.0327005	0.00287229	0.0871258	0.00114439	0.00881498	0.0347249	0.0023688	0.0113322	0.00278544	
0.0299828	0.0213648	0.00189575	0.00213927	0.000196434	0.000683342	0.00023151	0.249232	0.00126843	0.391819	0.169396	0.0024021	4.5115e-05	0.00960425	7.60731e-05	0.00700922	0.000504611	0.076363	0.0013189	0.0344669	
0.00322978	9.76479e-05	0.000242071	0.00300696	0.235525	9.77857e-05	0.00725704	0.200837	0.000132103	0.250321	0.216265	0.000463885	2.10076e-05	0.0395452	2.46178e-05	9.61597e-05	0.000193345	0.0421798	0.000242824	0.000221942	
0.15645	0.00119186	0.0415614	0.152116	0.00699814	0.0221089	0.0442116	0.0143639	0.237285	0.0187363	0.0109873	0.0251648	9.9749e-06	0.16289	0.0160351	0.0211908	0.0340872	0.0137113	0.0039669	0.0169334	
0.00341749	1.73398e-05	0.261495	0.0323598	0.000497855	0.0265834	0.0284745	0.00243742	0.14512	0.010355	0.000238472	0.422557	1.95496e-05	0.0293264	0.0234715	0.0132171	8.51073e-05	4.31223e-05	7.95696e-05	0.000203884	
0.0257301	0.0178484	0.00010024	0.000613533	0.0321435	2.03275e-05	6.59938e-05	0.14499	9.55267e-05	0.419464	0.0655207	0.145146	0.000690976	0.025176	1.08515e-05	0.00122482	0.0028469	0.08721	0.031085	1.70139e-05	
0.0294467	2.34376e-05	0.519036	0.117587	0.000664523	0.0337181	0.00412181	0.000423774	0.0309544	5.9182e-05	0.00120378	0.171274	0.00923638	0.0354441	0.00195073	0.0298255	0.00984789	0.00445488	4.06966e-05	0.00068661	
0.15645	0.00119186	0.0415614	0.152116	0.00699814	0.0221089	0.0442116	0.0143639	0.237285	0.0187363	0.0109873	0.0251648	9.9749e-06	0.16289	0.0160351	0.0211908	0.0340872	0.0137113	0.0039669	0.0169334	
0.0621177	0.000269706	0.00354004	0.00020377	0.0216023	0.00565947	0.0216635	0.236646	0.00048391	0.257989	0.0139508	0.000503168	0.0163637	0.0124764	7.05569e-05	5.01388e-05	0.0014173	0.310362	0.000292173	0.0343388	
0.00946482	0.000269612	0.0769384	0.00442206	0.000296737	0.0392642	0.000335254	0.0173233	0.00744418	0.000502873	0.00655907	0.0373152	0.742749	0.000443225	8.93227e-05	0.0444017	0.00811814	0.00267214	0.00113153	0.000259172	
0.114557	2.87957e-05	0.089493	0.478631	0.0016388	0.00176383	0.00162364	0.00435884	0.139694	0.000406323	5.88726e-05	0.00752649	0.0522647	0.0675468	1.00987e-05	0.00923797	0.00974635	0.0146086	0.000772551	0.00603271	
0.0294467	2.34376e-05	0.519036	0.117587	0.000664523	0.0337181	0.00412181	0.000423774	0.0309544	5.9182e-05	0.00120378	0.171274	0.00923638	0.0354441	0.00195073	0.0298255	0.00984789	0.00445488	4.06966e-05	0.00068661	
0.00265542	0.00844615	0.0476947	9.36343e-05	6.76432e-05	3.79842e-05	0.000182418	0.518543	0.169449	0.0333806	0.0352817	0.0439423	4.47406e-05	0.0612241	6.05831e-05	0.0147035	0.00685534	0.0568709	0.000125386	0.000341314	
0.0835185	0.00103542	0.000716045	0.000443012	0.0271008	0.00211553	0.0036811	0.000407624	0.118594	0.00384585	0.0439509	0.109701	3.20933e-05	0.270567	0.319568	0.000771884	0.000247925	0.0126772	0.000419793	0.00060674	
0.0626326	0.00257574	0.0017117	0.0322924	0.00218245	0.16379	0.000330473	0.0051139	0.053164	0.00283794	0.0673776	0.0541618	0.0706144	0.137493	0.00579281	0.00776525	0.296349	0.0279545	0.00485625	0.00100472	
0.634387	0.000497028	0.000321486	0.024667	0.0306398	0.0362357	0.00135438	0.00731486	0.0435993	0.000340093	0.00209759	0.00301395	0.0820582	0.00204094	0.00811766	0.0187395	0.0651564	0.0367026	0.00158814	0.00112792	
0.00371123	0.023108	0.000839683	0.000498069	5.74381e-05	0.000247514	0.000633762	0.135463	0.00170867	0.0782308	0.0253764	0.00717612	8.98084e-05	0.000584919	6.33849e-05	0.000146655	0.0122093	0.654311	8.80409e-05	0.0554569	
0.0479535	0.000900493	0.042831	0.00474948	0.036541	0.0001885	0.00125778	0.130731	0.0425995	0.000529117	0.000201997	0.046428	0.000302797	0.021707	0.576493	0.00010938	0.0058624	0.0160523	0.0001115	0.0244497	
0.108587	0.00669228	0.000118629	0.00390693	0.0211085	0.00955862	0.0516799	0.000117103	0.000109403	0.000765779	0.0755776	0.583199	0.000164097	0.0698607	0.000192306	0.001988	0.000183073	0.0186829	0.0474064	0.000101793	
0.118871	0.000163436	0.000122696	0.000176687	0.0022675	0.567267	0.00435759	0.00207099	0.0231402	0.0183139	0.00699289	0.133344	0.000233516	0.0904714	0.000625561	0.000103747	0.000398345	0.0169283	0.000229545	0.0139206	
0.0621726	0.000695392	0.00527743	0.00304039	0.02895	0.00545171	0.707921	0.00127803	0.000403862	0.000238506	0.0452605	0.00874476	0.000123999	0.00011764	0.000112776	0.000423913	0.00135311	0.00824297	0.0733903	0.0468007	
0.150687	5.79939e-05	0.00670044	0.000135823	0.0802772	0.000177927	0.0120617	0.049661	0.0114696	0.0395604	0.000301834	0.000214942	8.05502e-05	0.000213234	0.000144195	0.00285892	0.000678199	0.0518664	0.325634	0.267219	
0.0689693	7.27161e-05	0.0568774	0.000314934	0.00131993	0.0200745	0.000636218	0.0119631	0.0918164	0.00476093	0.000493948	0.114428	4.66705e-06	0.00657548	0.0034091	0.412897	0.205027	0.000105869	0.000126692	0.000126686	
0.00322978	9.76479e-05	0.000242071	0.00300696	0.235525	9.77857e-05	0.00725704	0.200837	0.000132103	0.250321	0.216265	0.000463885	2.10076e-05	0.0395452	2.46178e-05	9.61597e-05	0.000193345	0.0421798	0.000242824	0.000221942	
0.0499606	5.23535e-05	0.00126942	0.0299256	0.568358	0.0208221	0.000986875	0.000123424	0.0697124	6.41751e-05	0.0236832	0.00078717	0.0389441	0.109479	0.0152241	0.000109746	0.0283501	0.00018923	0.0218557	0.0201031	
0.0139468	3.59101e-05	0.034729	0.269104	3.82977e-05	4.51626e-05	0.00568848	4.93028e-05	0.260308	0.00653558	0.0161674	0.0416809	0.00841533	0.213295	0.0278989	0.0504949	0.0514534	5.09506e-05	4.83892e-05	1.41611e-05	
0.000198759	0.0582061	0.00018746	0.0245917	0.000103766	0.0160216	0.000168151	0.341908	0.00059443	0.0769121	0.0852799	0.0987135	7.42232e-05	0.00043937	3.19542e-05	0.0302291	0.00426462	0.1663	0.0938008	0.00197412	
0.0487505	0.0172081	0.0627073	0.0327687	8.90189e-05	0.0272078	0.00112355	0.0177845	0.000224565	0.084652	0.664189	0.00028537	0.000215235	0.000812156	6.90572e-05	0.000221404	9.60883e-05	7.61224e-05	0.000920487	0.0405993	
0.240983	0.000238596	0.00122585	0.00166798	0.000224602	0.130041	0.00174453	0.00356957	0.0743843	0.000528961	0.00142846	0.01258	6.04297e-05	0.0152064	0.0143167	0.341995	0.152574	0.0063044	0.000739824	0.000186059	
0.00499928	0.00853961	0.0343154	0.0378325	0.00108972	0.00951226	0.000269757	0.000375312	0.104702	0.016262	0.00138921	0.00341355	0.645819	0.0171765	7.53266e-05	0.0029689	0.0228022	0.0292681	0.042035	0.0171547	
0.0128582	0.000926276	0.0984543	0.0429399	0.00372869	0.113006	0.00294968	0.000103794	0.0923786	0.000136856	0.000797023	0.555215	0.0112596	0.0316622	0.000104695	0.0116927	0.0101445	0.00666922	0.00488712	8.5762e-05	
0.0813994	2.6195e-05	0.0732087	0.0386747	0.00016464	0.389931	0.00341589	0.000586774	0.135034	0.000281587	9.86514e-05	0.042292	0.00350199	0.0131798	0.00480533	0.0358175	0.168241	0.005531	6.21986e-05	0.00374839	
0.0436763	0.000134737	0.0241947	0.0311152	0.0094537	0.691573	0.000459154	0.000326675	0.0425261	0.00191299	0.00391702	0.0425455	0.0381538	0.00208984	0.00263517	0.0355655	0.0271252	0.00137293	0.000132214	0.00108996	
0.0133675	0.000958352	0.0161316	0.0589979	2.36893e-05	0.525178	3.08217e-05	0.0217248	0.108474	0.0775077	6.00538e-05	0.0535513	1.89843e-05	0.0615001	1.80669e-05	0.0120715	0.0492892	3.10636e-05	0.000798211	0.000266657	
0.0638628	0.00112101	0.212165	0.44839	0.00019592	0.0159984	0.0153887	0.000620362	0.0641499	0.00379184	0.0116281	0.0230032	0.00775888	0.0911258	0.00226237	0.00847891	0.0191092	0.00274227	0.000334453	0.00787311	
0.0135085	0.0151455	3.02647e-05	0.00607836	0.000178662	1.48391e-05	0.000102583	0.00485708	0.00626815	0.00171698	0.069028	0.00118549	0.77448	4.95977e-05	2.21368e-05	2.92231e-05	3.05174e-05	0.00553472	0.0289334	0.072806	
0.0409882	2.07336e-05	0.102568	0.0975722	5.8891e-05	0.139694	0.0207447	0.00688905	0.162441	0.00382425	0.000240284	0.0784347	0.00262749	0.0406784	0.00220908	0.0787016	0.204854	0.0108216	0.000167639	0.00646555	
0.0433704	0.000137077	0.0247318	0.0309853	0.00936316	0.691211	0.000472847	0.000331741	0.0429775	0.00189806	0.00391108	0.0458	0.035729	0.00215763	0.00259437	0.0355943	0.0261161	0.00137063	0.000145977	0.00110243	
0.118701	0.000580341	0.12704	0.354593	0.00392069	0.0114628	0.00601433	0.00139767	0.143041	0.00126244	0.0029697	0.0420698	0.0256251	0.101736	0.0288817	0.0170981	0.00895256	0.00164026	2.46496e-05	0.00298879	
0.00172199	0.00492885	0.0038811	0.00262653	0.0241171	0.000953425	0.000344344	0.193236	0.00418069	0.551561	0.00218079	0.00940966	0.00014254	0.00053425	0.000119431	0.000627773	0.00241744	0.186256	0.0040745	0.00668711	
0.3518	0.000565736	0.012253	0.0285984	0.000704833	0.0333939	0.00423346	0.0100672	0.291655	0.0494341	0.112395	0.000551246	6.90618e-05	0.00570106	0.000766212	0.00137656	0.000111223	0.00901096	9.51194e-05	0.0872177	
0.299636	0.00150168	0.235744	0.135744	1.55286e-05	2.21893e-05	0.00608341	0.000474308	0.118548	0.00335581	0.0218459	0.0212584	0.000267162	0.0738849	0.00387258	0.0193074	0.0457017	0.00731007	0.000762795	0.00466334	
0.299636	0.00150168	0.235744	0.135744	1.55286e-05	2.21893e-05	0.00608341	0.000474308	0.118548	0.00335581	0.0218459	0.0212584	0.000267162	0.0738849	0.00387258	0.0193074	0.0457017	0.00731007	0.000762795	0.00466334	
0.00194717	0.0202515	0.0048749	0.0048899	0.000139135	0.00137966	0.00659044	0.821854	0.000627094	0.0133419	0.020627	0.000362402	0.00117548	0.00969304	0.000158582	0.000203573	0.000234678	0.0230377	0.013301	0.0553107	
0.0108409	0.00212934	0.314817	0.151436	0.00088886	0.0052097	0.00654665	0.00950239	0.0982614	0.0170804	0.000277897	0.291734	0.00126452	0.0402311	0.00592229	0.00545614	0.023011	0.00846941	0.0067781	0.000142821	
0.133798	0.000461167	0.0839136	0.278201	0.00935019	0.0143058	0.00324751	0.00204342	0.173601	0.000251461	4.488e-05	0.056187	0.0467084	0.124243	0.0380943	0.0241411	0.00787726	0.00219928	4.78405e-05	0.00128438	
0.299636	0.00150168	0.235744	0.135744	1.55286e-05	2.21893e-05	0.00608341	0.000474308	0.118548	0.00335581	0.0218459	0.0212584	0.000267162	0.0738849	0.00387258	0.0193074	0.0457017	0.00731007	0.000762795	0.00466334	
0.0583406	0.00318417	0.0011166	0.04499	0.700028	0.00981726	0.000361941	0.00843193	0.0387961	0.0469351	0.000749955	0.000966394	0.000828497	0.0121854	0.00022065	8.65953e-05	0.00958447	0.000123104	0.0363788	0.0268744	
0.00125344	9.66555e-05	0.00632281	0.0166743	0.015855	0.65801	0.0141458	0.0143776	0.0353097	0.0466754	0.0435859	0.0310624	0.0530775	0.0226649	2.99315e-05	0.00698059	0.0235329	9.05974e-05	0.000222784	0.0100318	
0.00125295	0.000220109	0.073123	0.0333463	0.000294611	0.0306537	0.0200901	0.0036133	0.00374392	0.000282024	0.00799441	0.156866	7.48123e-05	0.0475679	0.00214324	0.549422	0.031872	0.0367779	0.000444647	0.00021727	
0.000654115	0.000127383	0.00538826	0.000603229	0.701107	0.0003708	0.0112397	0.0157226	0.0172089	0.0587203	0.0846844	0.000178491	6.63353e-05	0.00399971	5.09278e-05	8.47262e-05	0.000155791	0.0370732	0.000738311	0.0618256	
0.0638628	0.00112101	0.212165	0.44839	0.00019592	0.0159984	0.0153887	0.000620362	0.0641499	0.00379184	0.0116281	0.0230032	0.00775888	0.0911258	0.00226237	0.00847891	0.0191092	0.00274227	0.000334453	0.00787311	
0.201282	0.000609122	0.0672786	0.146577	0.00423595	0.0319452	0.0220486	0.00796811	0.243844	0.00927858	0.00555868	0.0541692	1.88916e-05	0.12927	0.00785443	0.0212227	0.0271395	0.0092653	0.0020038	0.00842987	
0.00654307	6.62048e-05	0.027817	0.0125058	0.843155	0.0022927	0.000774605	0.00500672	0.00168372	0.0219629	0.0254487	0.0448885	0.000183426	0.00202425	0.000131256	5.36347e-05	0.000874384	0.00350148	0.00101676	7.01425e-05	
0.0503113	0.000372106	0.00212355	0.000114064	0.0507551	0.000256599	0.00410999	0.000140408	0.508322	0.00010419	0.000588168	0.000132219	3.53303e-05	0.087808	0.0123205	0.000569286	0.000169873	0.018014	0.00300933	0.260744	
0.0562201	0.000815994	0.187089	0.476815	0.00132766	0.00817971	0.00618629	0.000265976	0.0736451	0.00150883	0.00433286	0.0325676	0.00290837	0.0870461	0.00115259	0.00882679	0.0346871	0.00236808	0.0112335	0.00282333	
0.15645	0.00119186	0.0415614	0.152116	0.00699814	0.0221089	0.0442116	0.0143639	0.237285	0.0187363	0.0109873	0.0251648	9.9749e-06	0.16289	0.0160351	0.0211908	0.0340872	0.0137113	0.0039669	0.0169334	
0.00725229	6.70165e-05	0.024161	0.0117845	0.868616	0.00324021	0.000425996	0.00581821	0.000637404	0.0233408	0.00866684	0.0410366	9.18673e-05	0.000498029	6.49141e-05	5.92222e-05	0.000320837	0.00357275	0.000269898	7.53461e-05	
0.135154	7.12937e-05	0.0117488	0.265393	0.000786799	0.0128488	0.00023563	0.00227887	0.0977647	0.000683517	0.00108176	0.227902	5.43438e-05	0.0565949	0.000710779	0.0485378	0.129311	8.52792e-05	8.74985e-26	0.0087563	
0.150689	0.0103257	0.104454	0.108849	0.0199279	6.63072e-05	0.00134199	0.000187625	0.266553	0.000800093	0.00358955	0.0478802	0.00318895	0.144452	0.000739764	0.00488758	0.0459419	0.00149936	0.0834612	0.00116522	
0.818022	0.0015643	0.000236169	0.0145677	0.0222801	0.00010279	0.00971473	0.000306796	0.022556	0.00369809	0.0162646	0.00777158	4.32902e-05	0.00335938	0.00105918	0.011927	0.0333373	0.0188694	0.00383491	0.0104845	
0.657331	0.00821091	0.0003269	0.000465632	0.00313177	0.234035	0.00969804	0.000422687	0.00146996	0.002586	0.00226309	0.000639033	0.00768243	0.0129965	5.86229e-05	0.00728122	0.0459636	0.000192981	0.000802024	0.00444238	
0.197849	4.49464e-05	0.0035437	0.00936518	0.012163	0.210136	0.0263933	0.0405902	0.159164	0.0734017	0.0597404	0.0365062	0.00156583	0.0186319	0.00534827	0.0149984	0.0685481	0.0555432	0.00011281	0.00635343	
0.0811852	2.65597e-05	0.0738393	0.0393523	0.000162718	0.381287	0.00363415	0.00067184	0.136658	0.000330813	9.96101e-05	0.0429372	0.0034456	0.0138701	0.00486711	0.0366119	0.171577	0.00563249	6.20213e-05	0.00374926	
0.0132878	0.0241423	0.00545242	0.0011292	8.44634e-05	0.000147131	0.0121883	0.0719165	0.000720238	0.0195801	0.00162088	0.00405212	0.00295957	0.174041	0.580837	0.000191924	0.0414525	0.0443371	0.000359489	0.00149979	
0.0124774	0.000306979	0.0506856	0.0133746	0.0202273	3.22001e-05	0.0331336	0.0335103	0.0132424	0.000446754	0.0124107	0.0426956	0.00872974	0.0127315	1.00773e-05	4.99567e-05	0.0154803	0.00772415	0.705207	0.0175241	
0.602352	0.0355015	0.000251829	0.000441584	0.000815225	0.0740886	0.0418033	0.000587536	0.0218976	0.000479925	0.00893604	0.0294659	5.86697e-05	0.044171	0.000175551	0.0168202	0.00952253	0.108061	0.00244546	0.00212431	
0.0126751	0.000582271	0.0637723	0.0137065	0.0182267	2.51758e-05	0.0133103	0.03955	0.0201323	0.000612244	0.0142288	0.0575944	0.0100947	0.0187382	1.14609e-05	3.65445e-05	0.0110538	0.00437214	0.69954	0.00173736	
0.00107227	0.0170497	0.00139993	0.00158388	0.000281039	0.000455637	0.000248085	0.0105885	0.0183972	0.758615	0.00313311	0.0176221	6.08205e-05	0.000389333	8.90758e-05	0.000228466	0.00768937	0.101213	0.000299391	0.0595844	
0.00027789	0.0641448	0.00025497	0.000192418	8.01006e-05	0.037177	0.00578169	0.14173	0.000797014	0.00517628	0.0405884	0.0173275	0.000591657	0.0166048	9.83487e-05	0.0226709	0.0603215	0.39828	0.0392251	0.148681	
0.0159991	0.00495629	0.013168	0.0158803	0.00880208	3.47825e-05	0.000121238	0.00651731	0.200562	0.046799	0.00759622	0.0216021	2.54466e-05	0.0182678	0.207028	0.010084	0.000983326	0.392499	0.019732	0.00934139	
0.00663025	0.00895107	0.213637	0.0413719	0.000102586	0.0348463	0.0691084	0.000130698	0.115957	0.00329001	0.00096188	0.210656	0.000507473	0.0748818	0.00747389	0.0136636	0.0976781	0.000273567	0.0903775	0.00950043	
0.133798	0.000461167	0.0839136	0.278201	0.00935019	0.0143058	0.00324751	0.00204342	0.173601	0.000251461	4.488e-05	0.056187	0.0467084	0.124243	0.0380943	0.0241411	0.00787726	0.00219928	4.78405e-05	0.00128438	
0.0294467	2.34376e-05	0.519036	0.117587	0.000664523	0.0337181	0.00412181	0.000423774	0.0309544	5.9182e-05	0.00120378	0.171274	0.00923638	0.0354441	0.00195073	0.0298255	0.00984789	0.00445488	4.06966e-05	0.00068661	
0.00399167	0.000120835	0.0139467	0.000417469	0.0326187	0.669866	0.0118107	0.0187208	0.0991985	0.01254	0.0356634	0.0272129	0.00247644	0.0575207	6.94443e-05	0.00261689	0.0100474	0.00011731	0.000773184	0.000270846	
0.0139468	3.59101e-05	0.034729	0.269104	3.82977e-05	4.51626e-05	0.00568848	4.93028e-05	0.260308	0.00653558	0.0161674	0.0416809	0.00841533	0.213295	0.0278989	0.0504949	0.0514534	5.09506e-05	4.83892e-05	1.41611e-05	
0.00104964	0.0172922	0.00139408	0.001648	0.000281118	0.000456988	0.00024767	0.0106992	0.0178088	0.758843	0.00307315	0.0174927	6.0866e-05	0.00038649	9.17605e-05	0.000231388	0.00770211	0.101369	0.000215954	0.0596551	
0.15645	0.00119186	0.0415614	0.152116	0.00699814	0.0221089	0.0442116	0.0143639	0.237285	0.0187363	0.0109873	0.0251648	9.9749e-06	0.16289	0.0160351	0.0211908	0.0340872	0.0137113	0.0039669	0.0169334	
0.0120936	0.0181155	0.000194946	0.000298966	4.43258e-05	9.61269e-05	0.00124024	0.340168	0.000505277	0.0212832	8.90063e-05	0.000192215	0.000144646	0.00250936	8.49177e-05	7.24409e-05	0.000110489	0.525289	0.00104394	0.0764241	
0.0253357	0.0560028	0.0400936	0.401754	6.723e-05	0.0224322	0.00330098	0.0163228	0.0103533	0.00406622	0.0529663	0.000167324	1.35168e-05	0.00298274	3.0053e-05	0.00740618	0.121148	0.155489	0.000211754	0.079856	
0.0658686	0.000115461	0.0610202	0.000207047	0.00187028	0.0223501	0.0007125	0.00997263	0.0915732	0.00368791	0.000443775	0.10595	7.79307e-06	0.00587726	0.00214608	0.433711	0.194188	8.24791e-05	8.9989e-05	0.000125788	
0.00841488	0.119992	0.0197524	0.0288854	3.86113e-06	6.24563e-05	3.89192e-06	1.00371e-05	0.036325	0.00996299	0.129744	0.00157996	4.4956e-06	3.50596e-05	0.0269862	0.104992	0.439152	6.31314e-06	0.000200862	0.0738861	
0.312242	0.00304237	0.00165628	0.00117232	0.0113527	0.0698623	7.29647e-05	0.0151011	0.048792	0.00982049	0.00176106	0.00593123	0.504812	0.000321737	0.000117836	0.00815511	0.000138287	0.000108577	0.00144928	0.00409061	
0.0124094	0.0115635	0.00651043	0.000830231	0.0414746	0.00274333	4.442e-05	0.00131685	0.000293058	0.0580921	0.0339131	0.656054	0.0647921	0.0202697	0.00414251	0.000114011	0.000105367	0.00308357	0.0821874	6.05947e-05	
0.000182187	0.0154871	0.661677	0.0153171	0.0197069	0.00012991	7.70918e-05	0.000900859	0.000226189	0.0601589	0.0477713	0.00412472	0.00477475	0.00247594	0.011136	0.000637757	0.039228	0.00014808	0.115759	8.0732e-05	
0.000340018	0.0184994	0.000331149	0.0452725	0.000489847	0.000171921	0.000223066	8.48689e-05	0.00016059	0.00418304	0.00225031	0.517014	7.27506e-05	0.041538	3.75108e-05	0.21139	0.0780526	0.0791664	0.000549154	0.00017356	
0.000197816	0.0101893	0.179884	0.0262062	0.0269795	0.0547665	9.47284e-05	0.0166753	0.029339	0.000155982	0.0355244	0.0851561	0.481241	0.000368236	7.68764e-05	0.00295837	0.000132678	0.0200943	0.0187923	0.0111669	
0.00649704	0.00162076	0.000361338	0.002038	0.0322473	0.000196719	0.000270068	0.311682	0.000974516	0.400179	0.0242037	0.00105126	7.00296e-05	0.000454568	0.00188829	0.000209504	0.0208077	0.0322648	0.00174693	0.161237	
0.00106599	0.112417	0.126414	0.0244863	0.0243485	0.00661285	0.0200839	0.00421194	0.000155455	0.00374751	0.606021	0.00159369	0.000328709	0.0136807	8.78551e-05	0.0183975	0.0246441	0.00210623	0.00176884	0.00782797	
0.0638628	0.00112101	0.212165	0.44839	0.00019592	0.0159984	0.0153887	0.000620362	0.0641499	0.00379184	0.0116281	0.0230032	0.00775888	0.0911258	0.00226237	0.00847891	0.0191092	0.00274227	0.000334453	0.00787311	
0.00976026	0.0078974	0.0030326	0.0855737	1.44001e-05	0.393589	0.0201044	0.0309935	0.161162	0.00246794	0.00722704	0.200044	6.24682e-06	0.0135812	0.0145799	0.0232435	2.93144e-05	0.026618	3.21999e-05	4.34994e-05	
0.197849	4.49464e-05	0.0035437	0.00936518	0.012163	0.210136	0.0263933	0.0405902	0.159164	0.0734017	0.0597404	0.0365062	0.00156583	0.0186319	0.00534827	0.0149984	0.0685481	0.0555432	0.00011281	0.00635343	
0.0740961	4.65426e-05	7.71795e-05	0.0243207	0.0750978	0.00615757	0.00573712	0.127142	0.0229445	0.0108351	0.008162	0.000104842	0.000764554	0.185581	0.00121411	6.33564e-05	0.0711608	0.0882434	0.0319486	0.266302	
0.0132484	0.0148543	0.00024383	0.0058711	0.00144679	0.000123386	0.00010288	0.00498692	0.00735059	0.00164956	0.0680451	0.00378009	0.769712	6.57218e-05	2.30499e-05	3.51814e-05	4.23395e-05	0.00533842	0.0300912	0.0729894	
0.00158117	0.013008	0.00113233	0.00634016	0.00493272	0.000833352	0.000988979	0.696348	0.000567325	0.101823	0.000461655	0.00071158	0.000380337	0.00383126	0.000141751	0.000356345	0.000305909	0.14367	0.00599165	0.0165943	
0.00612118	0.000259072	0.00719649	0.0198	0.0865311	0.00306029	0.000344036	0.0958346	0.0017345	0.498718	0.260716	0.000957669	0.000152416	0.000782573	0.000137457	0.00015634	0.000442285	0.0160331	0.000665562	0.000357942	
0.0845365	0.0437417	0.000176006	0.0134614	0.00189792	0.733174	0.0848121	6.2756e-05	0.000110271	0.000795912	0.00015637	0.000163467	1.76705e-05	0.00661323	3.90673e-05	2.6145e-05	0.00880393	0.0140768	0.000516047	0.00681817	
0.0257301	0.0178484	0.00010024	0.000613533	0.0321435	2.03275e-05	6.59938e-05	0.14499	9.55267e-05	0.419464	0.0655207	0.145146	0.000690976	0.025176	1.08515e-05	0.00122482	0.0028469	0.08721	0.031085	1.70139e-05	
0.000152704	0.017043	0.56445	0.002083	0.0236536	0.000129943	5.38602e-05	0.0202628	0.0128921	0.0496869	0.104303	0.000386453	0.0245174	0.0191751	0.00610019	0.0122934	0.0759302	0.000241987	0.0665515	9.28908e-05	
0.000330405	0.0182002	0.000182359	0.000313934	0.000108049	0.000112083	0.000326736	8.65391e-05	0.0644488	0.020917	0.000348947	0.203628	0.000106489	0.000686916	0.000287136	0.0216509	0.0281864	0.611548	0.0103717	0.0181595	
0.36407	0.00558749	0.000119017	0.000329091	0.0224909	0.000782252	0.0466191	0.0142477	0.0695787	0.0145103	0.0551055	0.216469	4.2988e-05	0.104499	0.0466165	0.00368138	0.000104789	0.000116652	0.0131345	0.0218956	
0.0451554	0.0239635	0.0437189	0.0404925	0.000173081	0.0271571	0.00192772	0.0474771	0.00134433	0.720745	0.000578944	0.00414121	0.000194955	0.000923577	0.000147512	0.000222749	0.000520853	0.00279628	0.000813079	0.0375067	
0.00944278	0.0140519	0.0158981	0.000273809	0.0261404	0.00175895	0.0560477	0.000135984	0.475714	0.00100778	0.00040696	0.265699	0.000241762	0.077136	0.0176778	0.0035256	0.00805841	0.0196768	0.00696306	0.000142855	
0.029649	1.80348e-05	4.28142e-05	0.0170045	0.0246613	0.00956451	0.0010583	6.61996e-05	0.0971178	2.41837e-05	0.0164255	5.04993e-05	0.00390267	0.0287828	0.00562662	3.4157e-05	0.0118013	0.000110959	0.0248108	0.729248	
0.0590175	0.00121068	0.0162375	0.000176341	0.102998	0.000461426	0.0028231	0.00102398	0.0494664	0.000117408	0.00748084	0.000501542	4.72356e-05	0.665731	0.0191523	0.000721592	0.000948417	0.0311971	0.00616686	0.0345202	
0.0406306	0.00131609	0.000116741	0.0263067	0.0302135	0.0535713	6.33767e-05	0.000130096	0.000108324	0.088093	0.0826958	0.533976	0.0166025	0.0331774	0.0103794	0.000132571	0.000151923	0.0353031	0.0345091	0.0125226	
0.0159991	0.00495629	0.013168	0.0158803	0.00880208	3.47825e-05	0.000121238	0.00651731	0.200562	0.046799	0.00759622	0.0216021	2.54466e-05	0.0182678	0.207028	0.010084	0.000983326	0.392499	0.019732	0.00934139	
0.087275	0.0119267	0.0264126	0.000845944	0.0262512	0.0119793	0.000119023	0.0226741	0.0171176	0.000149045	0.0298956	0.240847	0.478564	0.0148867	0.00238707	8.62711e-05	0.000167715	0.00531305	0.0170144	0.00608721	
0.0114519	0.00761723	0.577791	0.211173	0.0185036	7.49829e-05	7.63306e-05	0.000367507	0.000186789	0.0122304	0.04972	0.0219123	0.000103415	0.0572977	0.00141975	0.00654098	0.0011934	0.000103245	0.0221441	9.23764e-05	
0.0291576	1.80008e-05	4.39248e-05	0.0171351	0.0246476	0.00969371	0.00104912	7.09632e-05	0.0962968	2.45132e-05	0.0169227	4.99796e-05	0.00390292	0.0287964	0.0056282	3.43522e-05	0.0117609	0.000113214	0.0248129	0.729841	
0.000913914	0.024108	0.00203939	0.00967831	0.000175811	0.00109728	0.000542688	0.57809	0.000485579	0.132947	0.0703455	0.000322436	0.000141103	0.00297445	9.45297e-05	0.000141705	0.00377409	0.0999971	0.0119092	0.0602212	
0.139519	0.00021525	0.115223	0.14138	0.0137847	0.0460646	7.20155e-05	0.000718007	0.273207	0.000252503	0.000113854	0.104083	6.84166e-05	0.0999796	3.18143e-05	0.0406758	0.016176	0.00243364	0.00588625	0.000115671	
0.522945	0.00017593	0.000235465	0.0784018	0.018543	0.0159971	0.00182594	0.000965457	0.000710987	0.00634855	0.0282341	0.116156	0.000121237	0.181398	0.000106823	0.00979533	0.0102683	0.000125411	0.00567629	0.00196958	
0.00971555	0.000383532	0.0537224	0.0128631	0.0210512	2.19914e-05	0.0201421	0.0408123	0.0133407	0.000623476	0.011699	0.0459956	0.00874249	0.0144163	8.37783e-06	3.39772e-05	0.0096716	0.00392508	0.724633	0.00819826	
0.0118825	0.000307976	0.0513594	0.0133583	0.0194917	2.55452e-05	0.0335367	0.0332226	0.0143564	0.00044558	0.0130341	0.0427672	0.00887915	0.0139308	1.16584e-05	4.46852e-05	0.0122454	0.00728053	0.704751	0.0190684	
0.010112	0.00266594	0.0396801	0.0426697	0.025135	0.00272888	0.0218311	0.000157008	0.0414223	0.00187855	0.0046198	0.760708	0.000929666	0.00474124	0.00645964	0.0107847	0.00601759	0.00172311	0.0156386	9.75083e-05	
0.0012725	0.00136955	0.000212817	0.000204918	0.0107489	8.63367e-05	0.00228257	0.112293	0.00243189	0.0184859	0.000372427	0.00103995	0.000287218	0.0080527	0.00790899	0.000112797	0.0234083	0.704098	0.000653849	0.104677	
0.0131947	0.0180392	0.000186524	0.000313998	4.79307e-05	0.000103412	0.000636377	0.329784	0.000624041	0.0217656	9.01643e-05	0.000188367	0.000113128	0.00208129	0.000117526	6.90345e-05	0.000108375	0.532434	0.00142949	0.0786729	
0.000655211	0.000269624	0.195526	0.000237471	0.0216848	0.000115452	0.0144335	0.000167891	0.000181654	6.7467e-05	0.0226612	0.729246	2.98838e-05	7.3498e-05	0.00475776	0.00391378	0.000273636	0.000441492	0.00522343	4.00303e-05	
0.0294467	2.34376e-05	0.519036	0.117587	0.000664523	0.0337181	0.00412181	0.000423774	0.0309544	5.9182e-05	0.00120378	0.171274	0.00923638	0.0354441	0.00195073	0.0298255	0.00984789	0.00445488	4.06966e-05	0.00068661	
0.114557	2.87957e-05	0.089493	0.478631	0.0016388	0.00176383	0.00162364	0.00435884	0.139694	0.000406323	5.88726e-05	0.00752649	0.0522647	0.0675468	1.00987e-05	0.00923797	0.00974635	0.0146086	0.000772551	0.00603271	
0.0667271	0.0141359	0.000260192	0.00034365	0.000223501	0.00011832	0.138907	0.0875032	0.00584141	0.000102154	0.000681084	0.00386843	0.000302331	0.035104	0.00297673	0.000358019	0.000368384	0.580172	0.0267198	0.0352867	
0.178641	0.000216129	0.0285704	0.322634	0.00283975	0.0195692	6.59008e-05	0.000106206	8.85099e-05	0.0176271	0.0247339	0.301366	0.000271083	0.00206079	0.000133885	0.078657	0.01117	0.000737177	0.0104339	7.76894e-05	
0.130301	0.000306768	0.0834031	0.356927	0.00415024	0.00743757	0.00183434	0.00116833	0.18132	0.000266606	3.52499e-05	0.0436671	0.0222303	0.0907348	0.0483752	0.0185966	0.00749147	0.000970083	4.36296e-05	0.000739706	
0.0660459	0.0102378	0.000486447	0.000625832	0.0209765	0.000235116	0.00186221	0.000273902	0.0937659	0.06985	0.00025729	0.121598	0.000236925	0.00492401	0.593309	0.000145802	0.000121333	0.014585	0.00016993	0.000292406	
