9.02221e-05	9.00078e-05	0.1266	0.0236251	0.0767862	0.610096	0.000619428	0.0218525	0.000675911	0.0386956	0.0409402	0.000709884	0.0155243	0.00908262	0.000752917	0.000162204	0.0328677	7.56855e-05	0.000163717	0.000589759	
0.00170361	4.23803e-05	0.000125228	9.04923e-05	0.0284004	0.650134	0.0279785	0.00316492	0.0201683	0.0150866	0.0451949	0.00697693	0.00305124	0.025875	0.000374956	0.00553979	0.00621825	3.6496e-05	6.40477e-05	0.159774	
4.48683e-05	0.000171887	3.10486e-05	0.0396851	0.0532024	2.89066e-05	0.0159902	0.00985647	0.0908279	0.00454891	0.01055	3.93923e-05	1.82463e-05	0.0369081	0.0241942	7.65618e-05	0.0756105	0.0127634	0.348672	0.27678	
0.0461703	0.0305062	0.00016959	0.000138598	0.00220789	0.013689	0.217617	0.000659372	0.000238417	0.0647548	0.0699163	0.0701051	3.45839e-05	0.432255	5.46475e-05	0.00611568	0.00734462	0.0229911	0.0148597	0.000172247	
0.00789684	0.00123851	0.0243104	0.0580377	0.00823044	0.131597	0.0604357	0.0101655	0.438588	0.0784224	0.00241265	0.0132918	5.15555e-05	0.0593448	0.0379742	0.0154399	0.00909666	0.00965688	0.00330609	0.0305031	
0.0919417	0.00793839	0.0121448	6.21924e-05	0.136877	0.000343376	0.000101852	8.55682e-05	0.220122	0.000153108	0.00088154	4.69401e-05	5.4175e-05	0.242378	0.114563	0.000302022	7.81657e-05	0.0144933	0.00147984	0.155953	
0.0450674	0.00848468	8.16875e-05	0.0216552	0.111875	0.000628948	0.0207693	0.0046627	0.027437	0.0379349	0.00485055	9.05024e-05	0.000119067	0.000295576	7.73776e-05	0.000539853	0.0200328	0.00447108	0.288523	0.402403	
0.0327865	0.00618836	0.0568728	0.0297357	3.92868e-05	0.00806109	0.0108591	0.00241415	0.407061	0.0126859	9.16549e-05	0.0488428	0.000254671	0.129634	0.0944537	0.075297	0.0696474	0.0147495	1.98052e-05	0.000305591	
0.00712346	0.0211093	0.00610544	0.00130904	0.0337086	0.00242703	0.631817	0.023591	0.024203	0.000209378	0.0415618	8.06882e-05	6.64236e-05	7.86535e-05	6.33199e-05	0.0739309	0.114748	0.0041576	0.0136403	6.95764e-05	
0.0627107	9.01888e-06	0.0653809	0.125809	0.000517252	0.011555	0.0338441	6.25533e-05	0.394029	0.0031051	7.6814e-06	0.0366406	0.0182757	0.142571	0.0387019	0.01578	0.0397916	0.00531861	4.74086e-06	0.00588536	
0.134989	0.000136252	0.00382568	0.00152914	0.000312102	0.00178353	0.0661049	0.0199167	0.0380406	0.000331274	0.0500898	0.0244738	4.76238e-05	0.0444087	0.0130604	0.599431	0.00013998	0.000931112	0.000162828	0.000285417	
0.0424004	0.00171327	0.115137	0.262671	0.00137921	0.0186187	0.0540753	0.00963333	0.182577	0.00413484	0.00540773	0.0823565	0.0148611	0.117741	0.0106406	0.0321174	0.0324349	0.0118183	2.27913e-05	0.000260312	
0.113029	0.0208102	0.000126957	0.107822	8.15549e-05	3.70539e-05	0.000193333	0.0135429	0.0464745	0.0228125	0.0005925	0.000281358	1.24375e-05	0.0200576	0.00641152	0.143096	0.358711	0.141549	0.00030025	0.00405915	
0.00131722	0.0241008	0.00446092	0.00173383	0.000186635	0.000629213	0.00103788	0.0256007	0.00552152	0.721229	0.00194195	0.025802	0.000119964	0.000372248	0.000139443	0.000429851	0.10479	0.050868	0.00021284	0.0295053	
0.156902	0.000106771	0.0675327	0.0168844	0.000289222	0.040361	0.021385	5.86154e-05	0.22276	0.000129199	0.000447286	0.355926	1.45799e-05	0.0856071	0.00378204	0.0260278	0.00147043	3.89634e-05	0.000228716	4.75178e-05	
0.000528025	0.353734	0.00869606	0.0304704	5.73767e-05	0.00638216	0.0797732	0.00203246	0.0108083	0.00871467	0.0190924	0.00591297	0.000335605	0.0805077	3.83551e-05	0.00590899	0.382827	0.00411721	3.97545e-05	2.40213e-05	
0.0378922	2.04775e-05	0.254987	0.297761	5.10021e-05	0.0235288	0.00610424	1.70188e-05	0.0745461	0.0010132	4.06892e-05	0.0288413	0.230539	0.0160359	0.00541566	0.00958192	0.0114251	0.00215844	2.22343e-05	1.95681e-05	
0.105722	0.004703	0.0363401	0.0260465	0.0376122	0.0312568	0.0338185	1.49294e-05	5.11311e-05	3.6424e-05	0.579467	0.0317335	0.0150212	0.023889	2.79134e-05	0.0156605	0.000732917	0.000173871	0.0056357	0.0520567	
0.10843	0.000936467	0.0218695	0.12839	0.0126893	0.0032443	0.102823	0.016376	0.0900535	0.00246622	0.0206279	0.143649	3.18594e-05	0.072512	0.161901	0.0254924	0.0481513	0.0386602	0.000109295	0.00158711	
0.00164229	0.000114235	0.00106348	0.010015	0.725483	0.000811984	0.0085984	0.00263159	0.0360985	0.0109281	0.014526	0.0384327	0.00225276	0.0341197	0.00331863	0.000123487	0.0283752	0.0696654	0.0117129	8.64575e-05	
0.434465	0.000274869	0.000161189	0.000272447	0.000654188	0.121777	0.0939641	0.000181846	0.000853733	0.000362634	0.00246576	0.127909	5.07244e-05	0.0422824	6.65894e-05	0.117775	0.0473141	0.0081633	0.000324749	0.000682526	
0.00182111	0.0161269	0.000133136	0.000196272	5.52449e-05	6.33774e-05	0.000590904	0.471695	0.00110322	0.0570199	9.9878e-05	0.000232616	7.38529e-05	0.000537572	0.000127227	0.000109189	0.00097844	0.430005	0.00013022	0.0189012	
0.0230946	2.25895e-05	2.44713e-05	0.0234685	0.301607	0.0103407	3.9915e-05	5.64902e-05	0.0430956	0.000335678	0.0326581	2.69165e-05	0.0169541	0.0471065	0.0153465	3.71528e-05	0.0111368	6.70243e-05	0.0110593	0.463522	
0.000205087	9.50197e-05	0.00016818	0.000430294	0.120726	0.000129084	0.000181828	0.146872	0.000181437	0.447154	0.114743	0.000100483	6.87382e-05	0.0125948	5.15435e-05	6.21944e-05	0.00681108	0.102036	0.000182308	0.0472066	
0.0378922	2.04775e-05	0.254987	0.297761	5.10021e-05	0.0235288	0.00610424	1.70188e-05	0.0745461	0.0010132	4.06892e-05	0.0288413	0.230539	0.0160359	0.00541566	0.00958192	0.0114251	0.00215844	2.22343e-05	1.95681e-05	
0.0263302	0.000154563	0.00837422	0.0884236	0.00396628	0.0475322	0.0765156	9.87749e-06	0.171398	0.00121156	0.00049585	0.0743321	2.66997e-06	0.469307	0.00792936	0.0136467	0.00713898	0.00275073	0.000417599	6.29383e-05	
0.20477	5.26428e-05	0.0748647	0.320081	0.0447163	0.0173325	0.009975	0.000190735	0.0968459	0.00355443	0.00369189	0.0416268	0.0127387	0.0794305	0.00891653	0.0517271	0.0145901	0.00682424	0.00707099	0.000999879	
0.203927	5.95426e-05	0.0750142	0.319847	0.0444224	0.0173089	0.0101318	0.000222767	0.0973544	0.00356012	0.00370803	0.0418464	0.0127428	0.0797822	0.00894962	0.0515967	0.0146659	0.00683939	0.0070213	0.000999752	
0.0214936	1.68255e-05	0.233886	0.0917	0.018362	0.121957	0.0187047	0.00101596	0.0645093	0.00374992	0.0180898	0.290795	0.023409	0.0357661	0.00131089	0.0315964	0.0230548	0.000541259	2.09914e-05	2.05362e-05	
0.0296794	2.11407e-05	0.00910913	0.0939778	0.00414085	0.0490765	0.0748669	7.28228e-06	0.171154	0.00120255	0.00053574	0.0734796	6.32094e-05	0.45916	0.00810119	0.0146946	0.00733741	0.00285602	0.000485909	5.12294e-05	
0.00739472	0.00088873	0.000431295	0.0453922	0.00203895	9.11228e-05	0.00202021	0.00974741	0.63416	0.0135081	0.00111235	0.000337376	0.158986	0.0136452	0.0517225	0.024519	0.0121668	0.000157171	0.00580391	0.0158767	
0.0272267	0.0262955	0.000283098	0.000388314	0.0498031	7.94454e-05	0.00073422	0.120254	0.000752215	0.178969	0.000257382	0.00023688	0.00700663	0.00171506	5.86142e-05	0.00805549	0.0165202	0.558976	0.00216433	0.000223768	
0.0612857	0.00594582	0.000148124	0.000424277	0.000175442	7.98573e-05	0.000688846	0.00678488	0.031886	0.0486236	0.000458069	0.00231078	0.0136838	0.0031309	0.000280584	0.0110456	0.028452	0.654374	0.00137485	0.128847	
0.000302662	0.00214109	0.000274331	0.000586141	0.0148689	0.000144946	0.00159508	0.0794017	0.00192586	0.632636	0.0919124	0.00252339	0.000251257	0.000816914	0.000217124	0.000319185	0.000966585	0.165186	1.06842e-33	0.00392943	
0.0984963	0.00332489	2.13479e-05	0.00865839	0.196815	2.47457e-05	0.00139918	0.0171137	6.08232e-05	0.0298644	0.0297848	2.90839e-05	1.86994e-05	9.21951e-05	8.11022e-06	0.00364639	0.00166608	0.018221	0.343166	0.247589	
0.0235613	2.65853e-05	4.38057e-05	0.0217342	0.075727	0.0097256	0.000955907	0.000128834	0.0311694	3.31979e-05	0.0383352	5.08293e-05	0.0875639	0.024914	0.00866193	3.5464e-05	0.0184657	0.00125201	0.0330682	0.624547	
0.120844	3.61392e-05	0.0422647	0.0369231	0.0102948	9.4345e-05	0.0840789	9.70048e-05	0.0287995	0.00963033	0.0527735	9.80634e-05	0.00305451	0.037512	2.55501e-05	0.551361	0.000106331	0.012196	0.00366164	0.00614778	
0.0406744	0.000721018	0.0545764	0.0532923	0.0365883	0.0602372	0.000161361	5.95815e-05	0.0293144	0.645878	0.000248302	0.0504692	3.74228e-05	0.000151681	0.000866135	0.000287784	0.0246921	7.09991e-05	0.000303865	0.00136953	
0.000260183	0.105711	0.0412999	0.0385837	0.0239133	0.0271697	0.0743238	0.000282188	0.000468984	0.00867034	0.000817056	0.000312931	2.85836e-05	0.0596208	6.56414e-05	0.00365637	0.583707	0.0124294	0.00371548	0.0149634	
0.00014663	0.00460638	0.220666	0.0223642	0.00694797	0.00643226	0.00451805	0.000119741	0.000106459	0.00569577	0.000621496	0.112172	5.48958e-05	0.0750476	8.81109e-05	0.0212711	0.496394	0.0185806	0.00340802	0.000759659	
0.0209227	0.00605322	0.453817	0.208779	0.0527129	0.00657552	0.0992925	0.0266236	0.000151358	0.000286454	0.06001	0.000131	0.0585369	0.000207215	6.02684e-05	8.71443e-05	0.000127965	4.95811e-05	0.00540265	0.000172233	
0.0701527	0.00531258	0.0720841	0.516016	0.0125024	4.85343e-05	0.000146211	0.000534496	0.00873447	0.000759544	0.0149093	0.0271456	4.38447e-05	0.250657	0.000288003	0.0018864	8.2142e-05	5.85066e-05	0.0185211	0.000116549	
0.0645861	0.0183685	5.64593e-05	0.0292754	0.0977332	0.0157462	0.000101716	8.77121e-05	5.65053e-05	0.0755705	0.0536988	0.511746	0.0504374	0.033125	0.00937925	9.34787e-05	0.00107212	0.0245365	0.0142763	5.25984e-05	
0.185665	0.0217823	7.04283e-05	9.20758e-05	0.453938	0.00835627	0.0633881	5.80457e-05	0.00072618	3.91669e-05	0.0397409	0.0468098	9.54819e-05	0.05567	4.73707e-05	5.66058e-05	0.000105851	0.122901	0.000254252	0.000203536	
0.0186757	0.000420861	0.00015403	8.25102e-05	7.59409e-05	3.54331e-05	0.00170874	0.186162	0.00952092	0.00946065	0.542258	0.000108587	6.90694e-05	0.00025824	5.14157e-05	0.0842396	0.079315	0.053357	0.00147461	0.0125717	
0.00524329	0.0244402	0.00918172	0.181649	0.115207	3.9725e-05	0.0269605	0.0016384	3.43712e-05	9.32832e-05	0.0130048	0.00646444	7.23364e-05	0.255253	4.05791e-05	0.0320291	0.300991	0.0131305	0.014425	0.000101981	
0.517991	0.000108515	0.000106606	0.000303565	0.00097409	0.142073	0.0670078	0.0103937	0.0389064	0.00577475	0.0624082	0.00816922	6.17906e-05	0.0563276	7.06032e-05	0.0877158	0.000221161	9.62349e-05	0.000610074	0.000680556	
0.021917	0.0208195	7.30635e-05	0.0816892	0.332467	0.403712	0.0482909	0.00194488	0.0030843	0.00357247	0.0625824	0.0115093	0.000638757	0.00368481	2.05931e-05	0.00200259	0.000750547	9.53065e-05	0.000227838	0.000917861	
0.0984963	0.00332489	2.13479e-05	0.00865839	0.196815	2.47457e-05	0.00139918	0.0171137	6.08232e-05	0.0298644	0.0297848	2.90839e-05	1.86994e-05	9.21951e-05	8.11022e-06	0.00364639	0.00166608	0.018221	0.343166	0.247589	
0.0528976	0.000118696	0.000134521	0.000596077	0.105112	0.0243374	0.0470364	0.000158282	0.000463983	0.00806529	0.0464213	0.00100143	2.37443e-05	0.679192	0.0187081	0.000150666	0.00328717	0.000173081	0.000147512	0.0119744	
0.014883	0.00252427	0.00441005	0.00752367	0.0358509	0.0114303	0.153353	0.0161465	0.135619	0.00276871	0.000101513	0.036295	0.00590333	0.0684368	0.322971	0.00199272	0.0063069	1.8532e-05	0.00157322	0.171891	
0.0915526	0.00600668	0.0118384	0.136505	0.0571141	0.0206987	0.0412598	0.0451795	0.136109	0.0286213	0.0235394	0.00640882	1.21746e-05	0.082291	0.0165318	0.00916292	0.00959846	0.0787406	0.026354	0.172476	
0.527468	0.147027	0.00014267	0.00364693	3.02046e-05	0.0160088	0.0369853	0.0268763	0.0233218	0.0942197	0.0451689	0.0428589	0.000498609	0.0327338	1.30105e-05	1.61567e-05	0.00278109	0.0001672	1.46143e-05	2.09694e-05	
0.676377	0.00160749	0.0976797	0.0132574	0.0025228	0.00724771	0.00296471	0.00842043	0.000557856	0.000566361	0.00429312	0.00149234	6.72966e-05	0.00190535	0.0208411	0.14819	0.0111177	0.00013433	0.000265548	0.000491128	
0.012143	0.0115326	6.07911e-05	0.464011	0.064947	0.000174544	0.000529958	0.000102248	0.162703	0.000910889	0.0106207	9.65743e-05	0.000274732	0.0500731	0.00947823	0.00634961	0.0144119	0.000143857	0.00944693	0.181989	
0.0345246	5.8242e-05	5.63013e-05	0.0286853	0.0205676	0.00581181	0.3543	0.000117793	0.0265051	0.163965	0.0217184	0.0281605	0.000150118	0.0466369	0.00448848	7.00667e-05	0.000316737	0.000518661	0.00919737	0.254151	
0.000427138	9.18398e-05	0.000127739	0.000270274	0.0404166	0.749724	0.0120034	0.000156927	0.0410748	0.0214213	0.0463665	0.0112748	0.00554894	0.00874123	0.00286096	0.00640581	0.000185294	0.000153895	0.000204103	0.0525443	
0.000133262	9.25126e-05	0.000119147	0.000226886	0.0958082	5.43251e-05	0.000272422	0.465162	0.000260269	0.156155	0.140427	0.00013143	8.17018e-05	0.000744236	5.50626e-05	6.53642e-05	0.000123153	0.138405	0.00034286	0.00133977	
0.383959	0.0420872	0.00011275	0.000157849	0.0109713	4.88561e-05	0.101229	0.194474	0.0237674	0.00201668	0.0974212	0.0118582	4.39133e-05	0.0330024	0.0108297	7.29654e-05	0.00118657	0.025264	0.0208185	0.0406787	
0.000133262	9.25126e-05	0.000119147	0.000226886	0.0958082	5.43251e-05	0.000272422	0.465162	0.000260269	0.156155	0.140427	0.00013143	8.17018e-05	0.000744236	5.50626e-05	6.53642e-05	0.000123153	0.138405	0.00034286	0.00133977	
0.000748234	0.0244117	0.000308531	0.0003446	0.000215422	7.01976e-05	0.00497761	0.152043	0.00427612	0.0474023	0.00030808	0.0005368	0.000337425	0.00141565	0.000252772	0.000504352	0.000806793	0.732345	0.00634872	0.0223463	
0.322782	0.113826	7.51471e-05	0.000175329	0.0509912	5.00021e-05	0.217453	0.0578599	0.00348419	0.00695764	0.162148	0.00541304	7.60603e-05	0.0125488	0.000868995	0.000104074	0.00515486	0.0190641	0.00912614	0.0118423	
0.00579182	0.0102975	0.000619839	0.00263011	0.118332	0.000214572	0.000126583	0.0113044	0.0751393	5.23257e-05	0.0362602	0.0182419	0.63451	0.000100012	0.000137962	3.55712e-05	4.87257e-05	0.000384598	0.0179747	0.067798	
0.000106688	7.26747e-05	0.0116215	0.00376359	0.130908	0.624707	0.00314471	0.0190744	0.0100831	0.114662	0.0333994	0.00229698	0.0117138	0.00788019	1.89492e-05	0.00012198	0.0245491	4.2256e-05	0.000104758	0.00172818	
0.0505136	0.115612	0.152396	0.202391	0.0203395	0.0211478	0.00208729	0.0947145	0.0221091	0.0634508	0.116618	0.0194408	0.045769	0.0095116	0.0033481	0.010461	0.0300904	0.0198964	7.26872e-05	3.06092e-05	
0.0214936	1.68255e-05	0.233886	0.0917	0.018362	0.121957	0.0187047	0.00101596	0.0645093	0.00374992	0.0180898	0.290795	0.023409	0.0357661	0.00131089	0.0315964	0.0230548	0.000541259	2.09914e-05	2.05362e-05	
0.0026529	0.0129889	9.44582e-05	0.000166368	5.13423e-05	4.5742e-05	0.000384424	0.428707	0.000493396	0.045833	8.39017e-05	0.000251235	3.16987e-05	0.000126481	4.19722e-05	8.16357e-05	0.00134971	0.486542	0.000162131	0.0199118	
0.246625	0.00791835	0.0365306	0.277538	0.0101268	0.000170409	0.000102913	0.00036972	0.0242464	7.92424e-05	0.0337153	0.000184814	0.278135	0.0500738	3.43972e-05	0.00626672	0.0116406	0.000223223	0.0143645	0.00165424	
0.000143548	8.37579e-05	0.370605	0.000210982	0.11819	0.291165	0.000371216	0.000807744	0.00715599	0.0439949	0.0337561	0.062848	0.00312406	0.0228213	0.0014013	0.000245875	0.0425206	8.55612e-05	0.000179076	0.000290242	
0.0274271	0.0191812	0.476794	0.338578	0.0455177	7.56555e-05	0.0092469	2.83546e-05	1.62595e-05	6.96753e-05	0.0587659	0.00934262	2.59766e-05	7.09767e-05	3.04922e-05	3.6993e-05	5.49058e-05	0.00010945	0.0146085	1.91319e-05	
0.0544798	0.000636811	0.162566	0.238918	0.0027005	4.47159e-05	0.0295945	0.0147006	9.85331e-05	0.000466889	0.00839762	0.051931	0.26693	0.000137297	0.000117855	0.136613	0.0119473	8.20092e-05	0.019548	8.96416e-05	
0.304431	0.000370095	0.132191	0.0688598	0.000369271	0.100794	0.000789932	0.000478227	0.000570381	0.000235543	0.00457187	0.10071	6.20695e-05	0.00106913	0.00903763	0.262048	0.0127095	0.000214608	0.000168841	0.000319052	
0.000281033	0.00014378	0.000712035	0.000484812	0.770542	0.000149751	0.000570238	0.0178306	0.00319998	0.106611	0.0564678	0.0026005	0.000102628	0.000894759	0.00011862	0.000110692	0.0294037	0.00875311	0.000838544	0.000184693	
0.00338872	3.722e-05	3.63863e-05	0.000110748	0.0476321	0.567776	0.0458292	0.00453585	0.0204203	0.0266783	0.0482377	0.0161034	0.00347638	0.0272504	5.58476e-05	0.00389072	0.00469457	3.60413e-05	8.75273e-05	0.179723	
0.0523531	0.0316754	0.0003435	0.0827531	5.41395e-05	3.33603e-05	0.00228443	0.013158	0.19146	0.101468	0.000696876	0.000146502	4.2264e-05	0.0379605	0.00118552	0.113514	0.258518	0.112258	4.86445e-05	4.70226e-05	
0.00359978	4.15692e-05	5.60459e-05	0.000108289	0.024385	0.597596	0.0379993	0.00148718	0.0207373	0.0163171	0.0515064	0.00165459	0.00249436	0.030386	4.96472e-05	0.00843945	0.00131524	4.22534e-05	0.000123022	0.201662	
0.544766	0.0840187	7.25257e-05	0.000213803	0.0382238	0.0112093	0.0411437	0.0253734	0.0196124	0.104742	0.0463215	0.0288235	3.55823e-05	0.025721	3.99987e-05	2.55783e-05	0.000140947	6.79272e-05	0.000399348	0.0290485	
0.00161672	4.02096e-05	6.69108e-05	9.77678e-05	0.0256341	0.666229	0.0260144	0.0033646	0.020991	0.0143787	0.042379	0.00657715	0.00326536	0.0219875	0.000520762	0.0053267	0.00425093	3.95556e-05	6.756e-05	0.157152	
0.0101438	0.000154128	0.00219159	0.0202575	0.576754	0.00430841	0.0062348	6.68423e-05	0.128241	3.85208e-05	0.0342969	0.00568043	0.101111	0.0385248	0.0183912	0.000102922	0.0199677	0.00161796	0.0226787	0.00923804	
0.0146848	2.10601e-05	2.38946e-05	0.0817354	0.00976137	0.151435	6.83235e-05	7.62333e-05	0.0430733	3.77943e-05	0.0421978	7.82503e-05	0.00493111	0.0272497	0.00695821	0.00272392	0.00760975	9.33573e-05	0.00674727	0.600493	
0.000380564	0.0230093	0.000327731	0.000703508	0.000190894	0.000152931	0.00121969	0.0833094	0.00027309	0.306548	0.0257028	0.000165804	0.000246883	0.00277442	0.000122567	0.000138226	0.000123859	0.524273	0.00292878	0.0274079	
0.000682559	0.00520291	0.202517	0.000293071	0.0571438	0.000291881	0.000116825	8.73412e-05	7.77573e-05	0.0667363	0.0539582	0.554225	0.00928313	0.0304171	0.000757292	0.00367397	0.00231889	0.000526749	0.0116233	6.72724e-05	
0.464752	0.0108414	0.000106387	0.000208783	0.0390249	4.38139e-05	0.0600028	0.0178055	0.102577	0.0196802	0.0428131	0.0495173	2.60817e-05	0.105207	0.0477829	0.00316786	0.00010751	9.68395e-05	0.00630039	0.0299385	
0.000208591	0.0102501	0.105302	0.03167	0.0028628	0.0102286	0.106803	0.00800844	0.010751	0.00465802	0.00081795	0.000182765	5.13936e-05	0.0225805	0.000237018	0.0132161	0.656033	0.00861928	0.00619595	0.00132332	
0.00444215	0.0184093	0.00017473	0.154633	0.0233221	0.000225879	0.000209408	0.000287073	0.0699549	0.00230108	0.0492451	0.0306045	0.00713819	0.553856	0.00566874	0.00254008	0.013771	0.0379117	0.0137473	0.0115574	
0.206564	9.50728e-06	0.0740803	0.321003	0.0447591	0.0169589	0.00951481	3.26788e-05	0.0983692	0.00338763	0.00356501	0.0402405	0.012747	0.0793992	0.00903975	0.0508269	0.0145396	0.00674442	0.00707085	0.00114729	
0.00273958	0.0105619	0.0175679	0.020112	0.102811	0.0151862	0.000108323	0.0251214	0.065575	6.17321e-05	0.0415393	0.0186375	0.580273	0.000106945	0.000117986	5.01678e-05	6.63573e-05	0.0075759	0.0234522	0.068335	
0.0470562	4.05223e-05	0.000205483	0.0403031	0.308353	0.0334221	0.0294195	5.92354e-05	0.0313583	4.04836e-05	0.0622432	0.000254393	0.00132172	0.000968299	0.00169782	0.000117922	0.0342489	8.36286e-05	0.0175442	0.391262	
0.20912	0.000740458	0.0907501	8.94201e-05	0.000448209	4.7016e-05	0.000750566	0.000474528	0.141771	0.000271514	0.00172181	0.392988	3.5621e-05	0.00424428	0.049709	0.0867531	0.0161815	0.00321941	0.000371853	0.000312433	
0.0627107	9.01888e-06	0.0653809	0.125809	0.000517252	0.011555	0.0338441	6.25533e-05	0.394029	0.0031051	7.6814e-06	0.0366406	0.0182757	0.142571	0.0387019	0.01578	0.0397916	0.00531861	4.74086e-06	0.00588536	
0.0313785	0.00169675	4.63549e-05	0.0339227	0.00758506	0.0249268	0.528038	0.000345036	0.0026035	0.000172118	0.0567776	0.205526	5.16967e-05	7.18029e-05	7.51673e-05	0.000222727	0.0152095	0.035785	0.049526	0.00604002	
0.0372317	5.04674e-05	0.000491324	0.0344685	0.0555682	0.0163368	0.00863998	0.00078781	0.0275659	0.000240433	0.0503394	6.32564e-05	0.00196564	0.00290154	0.00282354	0.000159077	0.0308883	0.00121989	0.0485316	0.679727	
0.189318	5.23326e-05	0.000229987	0.000390645	0.0220424	2.35165e-05	0.0981065	0.000703282	0.227785	0.0017704	0.0418892	0.0937856	1.98646e-05	0.202953	0.112004	0.00316344	0.000502356	0.00498228	0.000117054	0.000161148	
0.0931179	0.00514717	0.0343048	0.0228699	0.0347294	0.0308031	0.0360549	1.20593e-05	5.57423e-05	4.27419e-05	0.598471	0.0408961	0.0112624	0.0224943	2.43881e-05	0.0147639	0.000848574	0.000132878	0.00565626	0.0483127	
0.0253087	5.06754e-05	0.0107222	0.202927	0.030357	0.000284093	0.0334887	0.001392	0.00614144	5.08278e-05	0.0535339	5.38119e-05	3.38456e-05	3.8921e-05	0.00338972	0.00223661	0.0193797	0.00041857	0.0174263	0.592767	
0.000104491	6.48617e-05	0.621497	0.0458496	0.000120163	0.000853514	0.00102825	0.000162174	0.000185547	0.000104101	0.000478184	0.0332181	0.0101828	0.0244666	9.47761e-05	0.197098	0.0589877	0.00535339	6.46836e-05	8.66719e-05	
0.00134463	0.0142755	0.000244569	0.00142647	0.000104315	0.000272554	0.00423046	0.501823	0.000525508	0.0188069	0.000326116	0.000114043	0.00117219	0.0153444	0.000124371	0.000108325	0.000881596	0.401481	0.0171466	0.0202477	
0.0397409	0.0172019	7.02676e-05	0.0473924	8.52942e-05	4.65247e-05	0.176765	8.38425e-05	0.000765994	0.021502	0.000673812	0.00468194	0.000104993	0.000354504	0.000208559	0.0135752	0.320904	0.323726	0.0230486	0.00906878	
0.0424004	0.00171327	0.115137	0.262671	0.00137921	0.0186187	0.0540753	0.00963333	0.182577	0.00413484	0.00540773	0.0823565	0.0148611	0.117741	0.0106406	0.0321174	0.0324349	0.0118183	2.27913e-05	0.000260312	
0.000127493	0.00986119	0.0303033	0.569057	0.0951758	5.48012e-05	0.000232665	0.0170636	0.000119549	0.112964	0.0373675	0.000253035	0.0171818	0.000132513	0.00894124	0.0514569	0.0401384	5.11612e-05	0.00935851	0.000159774	
0.000472497	0.0154704	0.0870341	0.00358061	0.00557132	0.024936	0.00032793	0.00117434	0.00211444	0.028481	0.0102647	0.044706	0.687043	0.0407081	0.0045438	0.000380182	0.000454144	0.00921306	0.0125704	0.0209545	
0.0624126	8.7056e-05	0.0686082	0.133464	0.000543077	0.0118905	0.0347748	0.000533894	0.381872	0.00310244	0.000241452	0.0383599	0.0176853	0.142179	0.0366109	0.017204	0.0391331	0.00579531	5.48257e-06	0.00549695	
0.0318077	0.0209074	0.000516483	0.116968	0.000101154	0.000280857	0.00111066	0.0676594	0.0371337	0.394405	0.000297692	0.0636933	0.000148408	0.000505436	0.000171274	0.00352262	0.0814354	0.156843	5.17675e-05	0.0224411	
0.00763253	0.0246411	0.000140619	0.000977846	0.000185635	9.17385e-05	0.000573952	0.375743	0.00120882	0.230291	0.0440156	0.000267464	0.000282612	0.00171306	0.000184027	0.000204005	0.000184955	0.276853	0.00793911	0.0268708	
0.207099	9.87292e-06	0.0725471	0.321045	0.0465788	0.0187566	0.00917653	1.30677e-05	0.0953952	0.00346107	0.00365923	0.0413056	0.0124037	0.0782063	0.00878225	0.0522942	0.0140121	0.00676983	0.00748304	0.00100081	
0.207099	9.87292e-06	0.0725471	0.321045	0.0465788	0.0187566	0.00917653	1.30677e-05	0.0953952	0.00346107	0.00365923	0.0413056	0.0124037	0.0782063	0.00878225	0.0522942	0.0140121	0.00676983	0.00748304	0.00100081	
0.0684678	0.00063989	0.00942486	0.153981	0.0738072	0.00150829	0.165626	0.0117074	0.0341231	0.00381909	0.024472	0.215322	5.77319e-05	0.0732148	0.0859214	0.0210393	0.0233116	0.0231801	6.85656e-05	0.010308	
0.0123137	9.54917e-05	0.000180347	0.0226319	0.782212	0.00519992	0.0127619	9.64736e-05	0.0290883	0.040532	0.00124015	0.000529316	0.000115164	0.0331825	0.000116185	0.000111551	0.0341494	0.00549009	0.000920488	0.019033	
0.0827636	0.00164516	0.0178726	0.0556618	0.00413902	0.0129995	0.00874631	0.0113699	0.248403	0.000110697	0.0548997	0.0194485	0.452022	0.00015298	6.6757e-05	0.0263374	9.53875e-05	0.000235752	0.00242012	0.000609321	
0.0754837	0.0407323	0.000121296	0.000159378	0.0080345	0.0274998	0.000243081	0.199987	0.000268853	0.226022	0.0569415	0.00012168	0.00264255	0.000578006	2.36659e-05	3.62559e-05	0.01874	0.338762	0.00140579	0.00219768	
0.000122418	0.00810658	0.452621	0.00791949	0.0175954	0.00558361	0.000138932	0.000221131	7.7067e-05	0.0151071	0.0198272	0.0912457	0.000778649	0.101978	0.000762411	0.0176528	0.248863	9.80437e-05	0.0112303	6.98814e-05	
0.0284233	0.0258982	0.217844	0.114575	0.0234213	0.0951005	0.0136807	0.01868	0.053911	0.0137917	0.047044	0.218454	0.0345025	0.0324836	0.00146362	0.0276369	0.0288939	0.0041443	2.76846e-05	2.32969e-05	
0.0377684	0.00352907	0.0945842	0.13788	0.000502835	0.0138752	0.029415	0.00404368	0.32455	0.00520972	0.00230588	0.040929	0.0057831	0.131365	0.0575622	0.0567419	0.0388178	0.0150117	2.09016e-05	0.000104526	
0.014883	0.00252427	0.00441005	0.00752367	0.0358509	0.0114303	0.153353	0.0161465	0.135619	0.00276871	0.000101513	0.036295	0.00590333	0.0684368	0.322971	0.00199272	0.0063069	1.8532e-05	0.00157322	0.171891	
0.164859	6.24679e-05	9.89567e-05	0.000320535	0.00115513	0.154844	0.0814138	0.00018294	0.0316671	0.00148879	0.0616786	0.000293086	0.000176156	0.0702238	3.85529e-05	0.419379	0.000302725	0.00605732	0.000606168	0.00515132	
0.000785609	0.0162184	0.00109999	0.00214681	9.34266e-05	0.000363601	0.0420025	0.836358	0.000243974	0.00386441	0.000169093	0.000114685	0.00109684	0.00752137	0.000101417	0.000136167	9.4572e-05	0.0250513	0.0217512	0.0407862	
0.0916517	0.0367854	0.00182467	0.0113022	0.280664	5.23378e-05	0.0913029	5.40641e-05	0.0103762	0.00156879	0.0349497	8.58683e-05	7.15403e-05	0.0468006	1.35438e-05	0.168938	0.223035	0.000385383	6.67747e-05	7.14161e-05	
0.0535961	0.000400187	6.37513e-05	0.0291481	0.0753033	0.035207	0.493547	0.00053655	0.0231455	0.00612769	0.225535	6.72475e-05	3.42906e-05	7.6906e-05	5.81032e-05	0.00043073	0.0208604	0.000690751	0.0173966	0.0177749	
0.168648	0.0476629	0.0192088	0.0394364	0.000244203	0.0846684	0.000257361	0.0718617	0.00333404	0.519881	0.0298888	0.000402718	5.84316e-05	0.000456777	7.11905e-05	0.000256637	0.000340659	0.000116331	0.00127238	0.0119334	
0.000241339	0.0326434	0.00101557	0.0105363	0.000196365	8.25615e-05	0.00866917	0.216991	0.000163092	0.000170188	0.167029	0.0118335	5.86067e-05	0.0443583	2.82935e-05	0.0332437	0.364224	0.108278	0.000142932	9.51534e-05	
0.00524571	0.209366	0.00100154	0.00201557	0.0151733	0.113514	0.00056219	0.416529	0.00024947	0.141626	0.0657752	0.00018853	0.000140342	0.000541921	7.28222e-05	0.000139381	0.000138279	0.0254999	0.000579352	0.00164272	
0.369966	3.05966e-05	6.00886e-05	0.000246019	0.151537	0.141621	0.00133039	0.000149103	0.000607848	0.0898423	0.0592572	0.016666	5.89478e-05	0.0343544	1.1471e-05	0.00294973	5.90915e-05	7.28074e-05	0.000195692	0.130984	
0.0276821	0.000838895	0.0260154	0.0308006	0.0714774	0.0226799	0.000483784	0.0120125	0.0036343	0.533579	0.250902	0.00934868	7.40518e-05	0.000419115	0.000105116	0.000202839	0.00173887	0.00570423	0.000767312	0.00153464	
0.000560344	3.71653e-05	0.000547059	0.00558961	6.81692e-05	0.00941051	4.91258e-05	5.44429e-05	0.706712	0.00952753	0.000407605	0.0178877	1.94045e-05	6.74345e-05	0.215294	0.00934694	0.00770905	8.51879e-05	0.000236048	0.0163905	
0.0193567	0.0204874	5.5974e-05	0.0127808	0.0156579	0.0199301	0.0545285	9.96188e-05	7.32202e-05	0.0531752	0.0435997	0.716337	0.000113933	0.00978344	0.000195689	0.000114374	0.00647705	0.013392	0.013766	7.58213e-05	
0.0215267	0.000463414	0.00267728	0.0111518	0.000409649	8.91743e-05	0.000251618	0.012431	0.000377666	0.0218535	0.000458085	0.000388594	0.815553	0.0325547	0.007257	0.0150203	0.0206575	0.0192145	0.000444515	0.0172203	
0.0214936	1.68255e-05	0.233886	0.0917	0.018362	0.121957	0.0187047	0.00101596	0.0645093	0.00374992	0.0180898	0.290795	0.023409	0.0357661	0.00131089	0.0315964	0.0230548	0.000541259	2.09914e-05	2.05362e-05	
0.239118	0.00229641	0.000276278	0.0124853	0.00273328	7.77502e-05	0.0205515	0.00986774	0.248963	0.0268826	0.130312	0.000119943	0.0104933	0.104878	0.156695	0.00353265	0.00403292	0.000327114	0.000596825	0.0257618	
0.023637	2.26044e-05	2.42404e-05	0.0238271	0.301119	0.0103815	4.15407e-05	5.60653e-05	0.0428693	0.00033207	0.0326827	2.67916e-05	0.0173203	0.0467346	0.0151986	3.73903e-05	0.0112768	7.07145e-05	0.0111706	0.463172	
0.0395181	0.00668661	0.0461578	0.0244002	0.000142081	0.00847004	0.0125289	2.93101e-05	0.476555	0.00712558	0.000110791	0.00462473	2.21012e-05	0.141025	0.102733	0.0695183	0.0390005	0.0212918	2.09601e-05	3.86262e-05	
0.0499112	0.0319404	0.000441405	0.000626459	0.000652123	0.000152176	0.0686779	0.00368439	0.00544976	0.000360334	0.0319723	0.019327	4.12417e-05	0.0635717	0.00172664	0.707719	0.0130734	0.000225571	0.000266805	0.000180102	
0.0657486	0.0273003	0.000237579	0.000313173	0.000232692	9.76991e-05	0.0109754	0.196758	0.00252825	0.0156399	0.0433689	0.00137726	0.000220992	0.00234684	0.000267911	0.000323874	0.000391949	0.596497	0.0064662	0.0289067	
0.0019404	7.66183e-05	0.0823917	0.0516792	0.0248282	8.97554e-05	0.0726056	0.000103358	0.0229367	0.0201222	0.0520993	8.48113e-05	0.000565037	0.0382527	2.83261e-05	0.551971	0.0283403	0.030704	0.0108337	0.0103469	
0.0376991	7.76183e-05	0.0979971	0.0545468	0.487742	0.0874957	0.0417355	6.10932e-05	0.0253258	0.00103647	0.0270694	0.0383617	0.0286518	0.0304895	0.0125468	0.000101831	0.0229698	6.92559e-05	0.0059687	5.35496e-05	
0.468782	0.000295462	0.000239122	0.000310033	0.000568023	7.61036e-05	0.0575662	0.0264422	0.034238	0.000726503	0.0552785	0.0351567	4.74513e-05	0.060825	0.0141783	0.244338	0.000107104	0.000152396	0.000254715	0.000417654	
0.0048858	0.0105827	0.00407223	0.00428546	0.118134	0.00139876	0.00012288	0.013445	0.0686798	4.49246e-05	0.0357188	0.0173623	0.633495	8.64122e-05	0.000113037	2.95329e-05	4.3857e-05	0.00136151	0.0200209	0.0661173	
0.00148854	0.0155625	0.000946688	0.00222439	8.2647e-05	0.000510742	0.0426184	0.828572	0.000241366	0.00334277	0.000171808	0.000103116	0.00332834	0.0104819	9.73689e-05	0.000122886	8.96062e-05	0.0246482	0.0235912	0.0417751	
0.0521726	0.675306	0.00022746	0.000114936	0.000121881	4.03271e-05	0.0350483	0.000126924	0.000124268	5.20369e-05	0.000292678	0.00466564	1.10578e-05	0.0589643	4.52146e-05	0.0564666	0.0270967	0.0890246	3.8935e-05	5.92556e-05	
0.0427057	0.00100867	7.18775e-05	0.036736	0.0281205	0.00149928	0.0590154	9.82167e-05	7.89436e-05	0.0010313	0.0999946	0.632033	0.000258165	0.000369584	0.000129711	0.0385923	0.0124531	0.0313924	0.0143314	7.92368e-05	
0.0186757	0.000420861	0.00015403	8.25102e-05	7.59409e-05	3.54331e-05	0.00170874	0.186162	0.00952092	0.00946065	0.542258	0.000108587	6.90694e-05	0.00025824	5.14157e-05	0.0842396	0.079315	0.053357	0.00147461	0.0125717	
0.0475999	0.000656671	0.0798702	0.0343702	4.03617e-05	0.00394701	0.00984069	0.0195342	0.0422345	0.0594577	0.000103633	0.325241	0.00229108	0.100006	0.0195775	0.0341836	0.187598	0.0308496	1.59439e-05	0.00258273	
0.0479009	0.684772	0.00158256	0.00172867	9.9859e-05	3.47419e-05	0.0352755	0.000148034	0.00080432	0.00041252	0.00371561	0.00357361	2.25867e-05	0.0565155	3.58347e-05	0.0527683	0.0247186	0.0857952	3.78446e-05	5.77296e-05	
0.0196009	0.00820374	0.232374	0.00150589	0.0543305	0.0359024	0.000201484	0.0297382	0.0104572	9.6064e-05	0.0514092	0.0177956	0.487642	0.0159863	8.62638e-05	0.000104534	0.000105953	0.000785482	0.0179657	0.015708	
0.00322187	3.09485e-05	4.17238e-05	8.69315e-05	0.0283803	0.615099	0.0376047	0.00218653	0.0207724	0.0159604	0.04733	0.00588128	0.00117497	0.0297504	7.56993e-05	0.005451	0.00223145	3.46641e-05	7.78679e-05	0.184608	
0.000102039	7.23083e-05	0.0204602	0.271707	2.52368e-05	2.74871e-05	0.0406371	0.0378304	0.175939	2.22121e-05	9.64505e-05	3.92767e-05	4.69912e-05	0.389633	0.0204696	0.00513482	0.00625103	0.0250637	0.00443811	0.00200468	
0.0377838	0.00907942	0.000426139	0.000121683	0.158863	0.00923107	0.000596355	0.000109129	0.509111	0.0181294	0.000161622	0.00840922	0.202878	0.000120793	0.00191372	0.000287207	8.18824e-05	0.0141291	0.0175098	0.0110581	
0.601033	0.0205584	0.000123829	0.000366645	0.00344814	8.27451e-05	0.0518993	0.0201636	0.0622418	0.00152952	0.0181506	0.0362867	5.93744e-05	0.0690541	0.027123	0.000134856	0.000225404	0.0162662	0.0253174	0.0459356	
0.024636	8.21241e-05	0.0806999	0.0511722	0.574407	0.115985	0.000732916	6.25348e-05	0.0183255	0.0488321	0.000476873	0.0522696	0.000204502	0.00153443	0.000293844	7.33318e-05	0.0298193	4.97809e-05	0.000261306	8.19641e-05	
0.0199233	0.000445203	0.000135453	0.0180716	0.00188624	0.129207	0.000198303	7.58008e-05	0.219349	0.0130844	0.00054438	0.106235	8.60526e-05	0.0259893	0.0172921	0.171381	0.273037	0.00137569	0.00153278	0.000151117	
0.177952	7.48154e-05	7.3782e-05	0.00605138	0.0747857	0.237321	0.0850483	0.000691032	0.0108239	0.00515079	0.0399654	0.0639963	0.000112268	0.220138	0.051515	7.51235e-05	0.0141944	9.85701e-05	8.06317e-05	0.0118516	
0.0399846	0.000618248	0.0557313	0.0523112	0.0370023	0.0612509	0.000169461	6.84933e-05	0.028502	0.645706	0.00024354	0.0497724	4.19564e-05	0.000134231	0.000904887	0.00029711	0.0255943	6.93801e-05	0.000300444	0.00129708	
0.000104229	8.15605e-05	0.0114087	0.00377158	0.130656	0.622473	0.0047285	0.0179299	0.0105288	0.113963	0.0345137	0.0033374	0.0120087	0.00793225	1.95529e-05	0.000117994	0.0239824	4.54016e-05	9.78014e-05	0.00229963	
0.0378922	2.04775e-05	0.254987	0.297761	5.10021e-05	0.0235288	0.00610424	1.70188e-05	0.0745461	0.0010132	4.06892e-05	0.0288413	0.230539	0.0160359	0.00541566	0.00958192	0.0114251	0.00215844	2.22343e-05	1.95681e-05	
0.022572	2.13118e-05	0.010877	0.0143746	0.0425351	0.000611043	0.0654289	0.112123	0.0147182	0.000112039	0.0417157	0.0233697	0.0338908	0.0262775	2.31032e-05	5.84972e-05	0.0163872	0.064472	0.400515	0.109918	
0.0915526	0.00600668	0.0118384	0.136505	0.0571141	0.0206987	0.0412598	0.0451795	0.136109	0.0286213	0.0235394	0.00640882	1.21746e-05	0.082291	0.0165318	0.00916292	0.00959846	0.0787406	0.026354	0.172476	
0.20554	9.67081e-06	0.0741111	0.32051	0.0441345	0.0167891	0.00972839	4.11267e-05	0.100116	0.00334547	0.00354116	0.0401683	0.0127733	0.080079	0.00916183	0.0503272	0.0146921	0.00675651	0.0069714	0.0012039	
0.0475077	5.42351e-05	5.37278e-05	0.0243308	9.13233e-05	0.0117274	0.121797	0.154659	0.0160228	0.000183491	0.0460504	4.07263e-05	8.68858e-05	0.000112665	8.91034e-05	9.02801e-05	0.0216005	0.0584232	0.0513853	0.445693	
0.695646	0.000715708	0.000333637	0.000484528	0.00212079	0.000165168	0.00114645	0.0019187	0.0104689	0.000309841	0.0417288	0.00259209	0.109431	0.000826869	0.000132519	0.100759	0.0231276	0.000211847	0.00688397	0.00099626	
0.0223999	0.300825	0.000147762	0.00375482	0.00952744	5.37484e-05	0.0797603	0.00693325	0.000338619	0.000227177	0.000508516	0.000111555	2.18174e-05	0.0683703	6.89882e-05	0.0898827	0.319011	0.096866	0.000830816	0.000360667	
0.0725501	0.0924475	9.70312e-05	0.531211	6.01192e-05	9.72845e-05	0.0670466	6.48933e-05	0.0289316	0.0662381	0.0186721	0.0514633	3.28963e-05	0.0271399	2.49075e-05	0.00740025	0.000448525	0.0197494	0.00014251	0.0161816	
0.0141801	0.0251167	0.00977047	0.021313	0.000349373	0.00591486	0.000301461	0.0272111	0.0131143	0.80487	0.0143262	0.00268235	6.9575e-05	0.000520588	0.000101776	0.00117197	0.00733799	0.0224562	0.00144726	0.0277443	
0.00472886	0.0207235	7.24068e-05	0.000257856	0.00019336	5.21028e-05	0.000984644	0.331617	0.000282935	0.0856681	0.370456	0.000347417	6.03271e-05	0.00114857	8.87003e-05	0.000144144	0.00010516	0.155092	0.00314714	0.0248301	
0.0600975	7.12392e-05	0.0665868	0.124798	0.000440247	0.0121366	0.034604	0.000314626	0.391517	0.0033467	0.000182584	0.0387304	0.0182117	0.142586	0.0384673	0.0170209	0.0398162	0.00540805	5.02107e-06	0.00565843	
0.0424004	0.00171327	0.115137	0.262671	0.00137921	0.0186187	0.0540753	0.00963333	0.182577	0.00413484	0.00540773	0.0823565	0.0148611	0.117741	0.0106406	0.0321174	0.0324349	0.0118183	2.27913e-05	0.000260312	
0.0424004	0.00171327	0.115137	0.262671	0.00137921	0.0186187	0.0540753	0.00963333	0.182577	0.00413484	0.00540773	0.0823565	0.0148611	0.117741	0.0106406	0.0321174	0.0324349	0.0118183	2.27913e-05	0.000260312	
0.0424004	0.00171327	0.115137	0.262671	0.00137921	0.0186187	0.0540753	0.00963333	0.182577	0.00413484	0.00540773	0.0823565	0.0148611	0.117741	0.0106406	0.0321174	0.0324349	0.0118183	2.27913e-05	0.000260312	
0.0505136	0.115612	0.152396	0.202391	0.0203395	0.0211478	0.00208729	0.0947145	0.0221091	0.0634508	0.116618	0.0194408	0.045769	0.0095116	0.0033481	0.010461	0.0300904	0.0198964	7.26872e-05	3.06092e-05	
0.0384095	0.000259725	0.060969	0.0724358	0.0399929	0.0286398	0.00137706	0.000121039	0.0390304	0.61972	0.000351287	0.055652	0.000166243	0.000521759	0.0128583	9.69899e-05	0.0287299	8.90799e-05	0.000181622	0.000397709	
0.000216571	0.00998519	0.000286085	0.00184774	9.68192e-05	0.000273513	0.0532711	0.453352	0.000566698	0.00121865	0.000214299	6.28985e-05	0.00045535	0.0385726	0.000340631	5.38957e-05	0.00445387	0.278297	0.0719315	0.0845032	
0.000108754	0.0138147	0.623959	0.0134506	0.0305466	7.10643e-05	0.0459011	0.0122268	0.00217784	0.00043406	0.0312277	6.67185e-05	0.000133199	0.000127055	0.000121324	0.0922909	0.124867	0.000126105	0.00829551	5.38127e-05	
0.0806824	0.0696948	0.000814502	7.43808e-05	0.0353938	0.03116	0.00718238	0.0709957	7.98683e-05	5.71031e-05	0.0838304	0.00183442	2.22142e-05	0.457742	2.27689e-05	0.0707482	0.0425892	0.0329015	0.0136024	0.000571594	
0.034224	0.000113277	0.3406	0.22157	2.61643e-05	0.0164893	0.00300114	3.73351e-05	0.0618223	0.0395772	0.000256833	0.00065094	1.81442e-05	0.000939242	7.90021e-05	0.057833	0.217992	0.00461292	7.86001e-05	7.90044e-05	
0.156902	0.000106771	0.0675327	0.0168844	0.000289222	0.040361	0.021385	5.86154e-05	0.22276	0.000129199	0.000447286	0.355926	1.45799e-05	0.0856071	0.00378204	0.0260278	0.00147043	3.89634e-05	0.000228716	4.75178e-05	
0.0214936	1.68255e-05	0.233886	0.0917	0.018362	0.121957	0.0187047	0.00101596	0.0645093	0.00374992	0.0180898	0.290795	0.023409	0.0357661	0.00131089	0.0315964	0.0230548	0.000541259	2.09914e-05	2.05362e-05	
0.0636924	0.00187085	0.015368	0.0478619	0.030438	0.0289884	0.000778828	0.00981019	0.000692044	0.521769	0.0729796	0.00933782	0.000124346	0.000450995	9.97742e-05	0.000142065	0.000791019	0.000214864	0.000147423	0.194442	
0.0456367	0.00161959	0.112837	0.262407	0.0014399	0.0177647	0.0528679	0.00919718	0.188612	0.0038625	0.0051178	0.0792184	0.0151056	0.118003	0.0112721	0.0303265	0.0324466	0.011633	2.28055e-05	0.00060998	
0.0424004	0.00171327	0.115137	0.262671	0.00137921	0.0186187	0.0540753	0.00963333	0.182577	0.00413484	0.00540773	0.0823565	0.0148611	0.117741	0.0106406	0.0321174	0.0324349	0.0118183	2.27913e-05	0.000260312	
0.00267522	0.0544189	0.0397167	0.0379628	0.000506988	0.032069	0.0270807	0.000247512	0.000221029	0.0211316	0.00197185	0.0115047	2.58446e-05	0.687892	5.08328e-05	0.00425657	0.0713777	0.000166278	0.00640407	0.000320067	
0.00333747	0.0192709	0.000119425	0.0157558	0.0179981	0.000242253	0.0527274	9.73811e-05	0.44088	0.167209	0.063495	0.0176277	0.000448917	0.116895	0.078583	0.000195162	9.26431e-05	0.000743634	0.00379654	0.000484811	
0.00259411	0.0191218	0.0104132	0.0310169	0.0483937	0.00765142	0.000306124	0.00342088	0.00320145	0.000146022	0.00648551	0.000345174	0.670618	0.000428874	7.06489e-05	6.55217e-05	0.0638842	0.00899326	0.0272453	0.0955981	
0.011198	0.0135068	0.108076	0.57412	0.0228294	0.0127129	0.121557	0.00105962	0.0133578	0.000338587	0.0022448	0.000120368	0.0134987	0.0838987	0.000957255	0.0129158	0.000450734	0.00347271	0.00337994	0.000305667	
0.0475999	0.000656671	0.0798702	0.0343702	4.03617e-05	0.00394701	0.00984069	0.0195342	0.0422345	0.0594577	0.000103633	0.325241	0.00229108	0.100006	0.0195775	0.0341836	0.187598	0.0308496	1.59439e-05	0.00258273	
0.0467288	0.000150901	0.0360291	0.0762363	0.428169	0.0940374	0.000712419	0.0149923	0.000747369	0.260138	0.0381726	0.00234026	7.28166e-05	0.000464148	6.81254e-05	8.96054e-05	0.000530574	5.23798e-05	0.000117056	0.000151605	
0.0915526	0.00600668	0.0118384	0.136505	0.0571141	0.0206987	0.0412598	0.0451795	0.136109	0.0286213	0.0235394	0.00640882	1.21746e-05	0.082291	0.0165318	0.00916292	0.00959846	0.0787406	0.026354	0.172476	
0.204779	9.63342e-06	0.0741418	0.319896	0.0438168	0.0166997	0.00990212	4.72876e-05	0.101466	0.00333279	0.00352316	0.0400998	0.0127836	0.080409	0.00926838	0.0500549	0.014828	0.00678531	0.00692564	0.00123065	
0.674866	0.0195894	0.000310324	0.00028968	0.00392724	9.78748e-05	0.0434719	0.0320066	0.0326429	0.0071019	0.0064362	0.0269659	0.00670402	0.0055261	0.00359851	0.0103337	0.000201544	0.078934	0.0276434	0.0193531	
0.187596	0.340141	0.00146162	0.0338547	0.017612	0.0106014	0.0615492	0.0108169	0.0964564	0.00104016	0.1466	0.00020413	0.00107298	0.0371205	2.95081e-05	0.0152372	0.00906629	0.0294346	5.84262e-05	4.60542e-05	
