0.000461696	0.0481208	0.000349766	0.00105626	5.804e-05	0.000192914	0.000589643	0.384899	0.000630409	0.0603701	0.0534508	0.000215384	0.000250302	0.00456774	8.66507e-05	9.82498e-05	0.000192152	0.405659	0.000159625	0.0385913	
0.00934468	9.62499e-05	0.000380394	0.00168257	0.00039667	0.365613	0.000522984	7.34919e-05	0.000170087	0.000361164	0.000429858	0.15047	3.81047e-05	0.190206	0.0313143	0.0712204	0.17686	0.000355484	0.000242584	0.000221702	
0.00234289	0.000984399	0.0309643	0.0646275	0.00203306	4.40294e-05	0.0539618	0.000118821	0.525319	0.000104947	0.0295602	0.0276833	4.59912e-05	0.198478	0.0316304	0.0160191	0.000134563	3.3321e-05	0.00493567	0.0109789	
0.0501747	0.00504482	5.38326e-05	0.0570958	0.000305446	5.90465e-05	0.0212594	0.00370187	0.0261136	0.0174757	0.0538786	0.000837786	0.648285	0.0781593	5.89353e-05	0.00300893	0.00171243	0.0228567	0.00874101	0.001177	
0.42682	0.00980573	0.000142502	0.000145322	0.101623	0.000473032	0.0211757	0.0424544	0.0432587	0.0414765	0.0572609	0.0241941	3.85655e-05	0.040133	0.050825	4.2293e-05	6.71274e-05	4.89789e-05	0.0183985	0.121617	
0.0323831	0.000107297	0.377019	0.0790383	0.042743	0.010079	0.0679623	4.24006e-05	0.0420358	0.00381409	0.0263629	0.151735	0.00752826	0.0590433	1.33873e-05	0.0231522	0.0275162	0.00632922	0.00804825	0.0350462	
0.0470402	4.35396e-05	0.0585581	0.0568617	0.532181	0.0393639	0.0114578	0.00491451	0.0290654	2.32208e-05	0.00138844	0.00294938	0.0122511	0.1558	0.0182069	9.43903e-05	0.00138556	5.76841e-05	0.0282725	8.44821e-05	
0.0353499	0.017506	0.0497725	0.42126	2.47865e-05	0.00178125	0.00390616	0.00261085	0.168124	8.84484e-05	0.00538642	0.0221761	8.0488e-07	0.141899	0.00613424	0.0399796	0.070348	0.013263	4.4391e-05	0.000344089	
0.310906	0.0135915	0.00577329	0.0453751	3.62802e-05	0.308943	0.0281632	0.000156325	0.148903	0.0154861	0.0027854	0.000136304	3.85164e-05	0.00667524	2.50289e-05	0.0447625	0.0680105	0.000114218	7.19162e-05	4.70111e-05	
0.00465968	0.00618338	0.241712	0.321488	1.92003e-05	1.98627e-05	3.80486e-05	0.0116732	0.0862776	0.00145191	0.0421938	0.0307262	0.0116012	0.0707685	0.000679796	0.00177974	0.160728	0.00650324	0.00146535	3.08863e-05	
0.703565	0.00839682	0.000248743	0.0007319	0.0165154	0.012941	0.0468627	0.00137902	0.07788	0.00108877	0.0160713	0.00192975	5.77915e-05	0.0600073	0.00517042	0.00409526	0.00851101	0.0068224	0.0125447	0.0151806	
0.013987	0.0726869	2.38233e-05	0.0133616	0.000126533	3.2535e-05	2.70465e-05	0.1188	0.0143414	0.145206	0.0224151	3.35807e-05	0.00570578	0.013225	2.23777e-05	2.14786e-05	0.0160295	0.343533	0.0765303	0.143892	
0.00285689	0.00504782	0.0335235	0.00851316	0.0306939	4.27485e-05	5.26917e-05	0.333367	0.012157	0.0166835	0.144452	0.0683	3.44374e-05	0.00865525	0.00510775	0.00291487	0.0482237	0.269659	0.000153147	0.00956162	
0.0133094	8.28519e-05	0.44029	0.0673393	0.000592583	0.02857	0.00699603	7.55614e-05	0.0341214	0.000156171	0.000311852	0.357011	0.0140336	0.00274898	3.01309e-05	0.0190902	0.0126203	0.000152919	0.0024081	5.99612e-05	
4.72039e-05	4.36511e-05	0.0970749	0.0179052	0.0233375	0.770057	0.00110039	0.00153272	0.000178471	0.00382053	0.0357469	0.0316987	0.00222432	0.0122883	2.00444e-05	0.000116787	0.00260953	3.11019e-05	8.8802e-05	7.76535e-05	
0.0540659	0.00181026	0.134079	0.411745	2.91277e-05	0.0155445	0.0140139	2.26161e-05	0.0804767	0.00326823	0.0284887	0.0289046	0.0036716	0.170395	0.00367832	0.0155919	0.0240513	0.0100293	0.000122345	1.17538e-05	
0.00676661	8.35295e-05	0.00276214	0.0329975	0.818188	0.00255206	0.000496004	0.0661138	0.00992962	0.0188569	0.000548165	0.000581878	0.000201884	0.0218641	0.000195153	0.00010042	0.000553382	0.0122746	0.0030998	0.00183458	
0.0140315	6.36183e-05	0.167271	0.0661715	0.00766051	0.0119118	0.00354948	0.0370457	0.514287	0.012951	0.0085785	0.0430891	0.00732265	0.0478465	0.013002	0.00200455	0.0140642	0.0262678	5.95408e-05	0.00282259	
0.00465968	0.00618338	0.241712	0.321488	1.92003e-05	1.98627e-05	3.80486e-05	0.0116732	0.0862776	0.00145191	0.0421938	0.0307262	0.0116012	0.0707685	0.000679796	0.00177974	0.160728	0.00650324	0.00146535	3.08863e-05	
0.00565433	0.0121284	7.18959e-05	0.000181194	0.0500425	5.04659e-05	8.84994e-05	0.479105	0.00510574	0.114567	0.0892007	0.000110259	1.52413e-05	0.000394346	2.74987e-05	4.96343e-05	0.00206788	0.208287	0.000509691	0.032343	
0.0284977	0.0046646	0.0476406	0.129874	1.01751e-05	0.0147786	0.00811524	0.0125994	0.431802	1.16732e-05	8.58309e-05	0.0445557	8.84064e-06	0.0662005	0.00275765	0.157528	0.0440779	0.00619088	4.66778e-05	0.000553791	
0.0097114	0.0112921	0.0601739	0.0383771	0.000111111	0.190682	0.0019647	0.000192084	0.00109201	0.510799	0.118386	0.033921	0.000154295	0.000986869	9.87564e-05	0.00403391	0.000537881	6.69037e-05	9.67571e-05	0.0173228	
0.0284977	0.0046646	0.0476406	0.129874	1.01751e-05	0.0147786	0.00811524	0.0125994	0.431802	1.16732e-05	8.58309e-05	0.0445557	8.84064e-06	0.0662005	0.00275765	0.157528	0.0440779	0.00619088	4.66778e-05	0.000553791	
0.00547574	0.0143771	0.536442	0.0317701	0.0295381	5.73974e-05	0.000192027	0.00382033	0.0150493	0.00548661	0.0286088	0.00761999	0.000914817	0.221719	0.000798058	0.0598451	0.014844	7.41092e-05	0.0232861	8.08126e-05	
0.054607	6.06407e-05	8.46299e-05	0.0370675	0.155018	0.0524493	9.82071e-05	0.000137645	0.000798333	0.00699236	0.0187752	0.0182156	0.00244814	0.0251471	0.00607557	9.62188e-05	0.0189372	0.000116015	0.012658	0.590218	
0.0388366	4.90951e-05	2.25146e-05	0.00569575	0.0104645	2.55943e-05	0.00273026	0.015036	0.465817	0.0778656	0.00131536	0.0156901	7.0546e-06	0.0987893	0.244077	0.00918862	0.0141014	1.61085e-05	0.000237241	3.54962e-05	
0.000447367	9.04273e-05	0.000172848	0.000314101	0.12037	0.502779	0.0425321	0.0215275	0.0311319	0.0848727	0.0511132	0.0217908	0.00481116	0.0443999	2.98517e-05	0.0035221	0.0198728	7.49336e-05	0.000283936	0.0498633	
0.0905264	0.00405608	0.0154138	5.89337e-05	0.0626593	0.00577548	3.42422e-05	0.00023387	0.65519	8.51957e-05	0.000289181	6.96558e-05	3.01219e-05	0.0172376	0.00813888	0.000164653	0.000148882	0.0144974	0.000639723	0.124751	
0.0501708	4.53253e-05	4.3201e-05	0.0132225	0.00187497	0.0247738	3.21659e-05	0.037852	0.0379639	0.016747	0.0407733	3.33133e-05	0.0722134	0.021294	0.0341139	2.96734e-05	0.0119736	0.0505191	0.0258558	0.560468	
0.00602071	0.0534471	0.000227236	0.000937671	0.000107929	0.000251858	0.0266813	0.0519599	0.0117464	0.236834	0.000409388	0.000589861	3.27651e-05	0.000262782	5.93769e-05	0.000374426	0.0609738	0.545845	0.00226974	0.000968105	
9.36373e-05	0.0295692	0.000136073	0.000133101	0.00381758	6.82166e-05	0.000132839	0.13999	0.00143247	0.0531949	0.000198724	0.000387457	3.88357e-05	0.000423829	4.46976e-05	9.18533e-05	0.000289348	0.614506	0.00782337	0.147628	
0.00541313	0.000144397	0.0102685	0.0145234	0.311006	0.00205166	0.00124776	0.0454415	0.00169726	0.536556	0.0504854	0.00306119	0.000382778	0.0042372	0.000162968	8.98728e-05	0.000616229	0.0120447	0.000421295	0.000148699	
0.0037361	0.00011886	0.000206498	0.0149722	0.831196	0.000192632	0.000257175	6.40963e-05	0.0476042	0.0180333	0.00298531	0.0225671	0.000117338	0.0102739	0.000148806	0.000129078	0.0296999	0.00986328	0.00431234	0.00352233	
0.00542589	5.96391e-05	0.040403	0.0856159	0.618177	0.0187551	0.0140379	0.000103615	0.0425793	5.62347e-05	0.0212575	0.033802	0.00154938	0.0441296	0.0490728	0.00490971	0.00742558	0.00207822	0.00972101	0.000840195	
0.0430266	4.27735e-05	3.70522e-05	0.0136092	0.000610406	0.0255873	3.71988e-05	0.0547831	0.0374873	0.0285331	0.0609561	3.83468e-05	0.0445306	0.0241652	0.0304095	4.03222e-05	0.0116173	0.0667978	0.0215503	0.53614	
0.0747444	0.000389605	0.0199845	0.0219468	0.0287647	0.086464	0.000127771	8.3126e-05	0.0256248	0.388904	0.276644	0.00789981	0.000328592	0.000327461	0.000857339	0.000155945	0.00131346	5.90014e-05	0.000439876	0.06494	
0.00329824	0.0317869	0.734331	5.45288e-05	0.0957841	4.09613e-05	1.65018e-05	3.89327e-05	5.63521e-05	0.0136794	0.0344969	0.0290036	0.00250367	0.0216248	0.0060283	5.62549e-05	6.51693e-05	4.16049e-05	0.0270704	2.23707e-05	
0.0148839	5.24926e-05	0.00908757	0.0281388	0.622531	0.0810709	0.0082376	0.000128402	0.0492962	4.13462e-05	0.0285162	0.00798893	0.00344841	0.0496376	0.0711713	0.00297655	0.0085933	0.000528418	0.00997065	0.00370095	
8.29062e-05	0.00185249	0.0326148	0.111514	0.00588651	0.0078173	0.0263574	0.000127277	0.0002262	0.0012281	0.0002602	0.000222844	2.18266e-05	0.033536	6.7585e-05	0.0222643	0.734085	0.0176442	0.00120719	0.00298451	
0.04104	1.79699e-05	2.49306e-05	0.0213752	0.634686	0.0527233	2.27862e-05	0.000122528	0.0313496	0.00079213	0.0153636	2.64196e-05	0.0847696	0.0118198	0.0231428	2.70723e-05	0.01279	0.000166166	0.0259035	0.0438368	
0.00270232	0.0352585	7.36216e-05	0.000126702	9.59587e-05	6.11685e-05	0.0271961	6.18763e-05	0.0366049	3.1e-05	0.000317709	0.0835784	0.00464407	0.0490185	0.0580809	0.00572041	0.00685387	0.633353	0.0266323	0.0295888	
0.00278191	0.0162236	0.00563552	0.00608765	0.0897001	0.00309751	5.84714e-05	0.00103737	0.00409481	0.000414182	0.00960475	0.00265231	0.619922	9.08426e-05	2.06225e-05	2.69777e-05	0.00658923	0.00211994	0.0455846	0.184258	
8.22312e-05	0.00168928	0.0308621	0.113471	0.00339839	0.00684898	0.0268873	0.000130594	0.000228871	0.00108455	0.000261375	0.000195417	2.40717e-05	0.0337257	6.24953e-05	0.0232486	0.736555	0.0173967	0.0011882	0.00265946	
0.000255177	0.000475183	0.000243605	0.000734258	0.00984287	0.00010564	9.80615e-05	0.849385	0.000871274	0.104674	9.8426e-05	0.000110253	3.90907e-05	0.000243849	3.67848e-05	8.85049e-05	0.00013276	0.0308189	0.000642285	0.00110472	
0.000418619	0.0172012	0.000949048	0.00565505	0.000132441	0.0278178	0.0230914	0.664422	0.000626339	0.0643146	0.000473219	0.000154818	7.68074e-05	0.00863176	9.94098e-05	0.000114928	0.103146	0.0535807	0.0173492	0.0117447	
0.520229	0.00822031	7.44759e-05	0.0871144	0.0467938	0.00858355	3.72975e-05	0.0249026	6.80369e-05	9.99049e-05	0.0392609	0.0345183	2.78205e-05	0.17521	3.18961e-05	0.0225972	0.00939096	6.94312e-05	0.00253726	0.0202331	
0.0380781	1.86977e-05	3.09208e-05	0.0210374	0.637918	0.0544534	2.43901e-05	5.00203e-05	0.0319968	0.000855192	0.0162042	2.78923e-05	0.0837914	0.0102041	0.0219848	3.02128e-05	0.0139369	5.18224e-05	0.0243867	0.0449195	
0.000158956	0.000437376	0.047755	0.0837332	0.000345342	0.027672	0.0218132	0.0330116	0.0475564	0.000156807	0.0417873	0.0354262	4.06245e-05	0.0608529	0.0176077	0.552384	0.000594831	0.0280664	0.000309178	0.00029117	
0.00109438	0.0466095	0.59839	0.128262	0.0341945	4.52188e-05	0.0159593	0.000577348	0.0564314	0.00295877	0.00813967	0.0665665	0.00100438	0.000222417	0.000398194	0.000584751	0.000430946	6.55015e-05	0.0379699	9.51789e-05	
0.0280781	0.00115005	0.0352856	0.0252118	0.0702833	9.54791e-05	0.100652	0.00011213	0.220786	0.00688343	0.00078106	0.0198052	0.000286755	0.0254444	0.428969	0.0191939	0.000115609	0.014652	0.000321097	0.00189267	
0.166108	0.00478812	5.33867e-05	9.08319e-05	0.0584165	4.13195e-05	0.0788885	0.147241	0.165931	0.0879091	0.0460269	0.00416235	0.0074629	0.00853362	0.00669962	0.0064119	0.0329081	0.0555439	0.000256968	0.122526	
0.0220502	0.000109067	0.354424	0.285964	0.00110834	0.038587	0.00303755	2.22018e-05	0.119994	3.64993e-05	0.00010979	0.0486596	0.0475572	0.0407865	0.000669031	0.0225091	0.01159	4.57442e-05	0.000149474	0.00259157	
0.00604883	0.0220998	0.0939563	0.666674	0.0478403	6.13369e-05	7.22273e-05	0.00883051	0.0307904	0.000388204	0.0062109	0.000107674	0.000173918	0.0653579	0.013231	0.0031715	0.00918267	7.09152e-05	0.0256061	0.000125517	
0.0938905	0.000158001	0.00310467	0.0998392	2.93237e-05	0.00345386	0.00982531	0.0045827	0.450436	0.00427696	0.00017136	0.0304227	2.21353e-05	0.0581849	0.177475	0.0249789	0.038975	2.46853e-05	0.000117259	3.18887e-05	
0.0957775	0.000186486	0.0329475	0.197369	0.0042689	0.00614361	0.011398	2.39273e-05	0.501525	0.00234106	0.00718296	0.0748471	2.69191e-05	0.0385094	0.00684137	0.0199715	0.000314333	8.23016e-05	0.00018054	6.18789e-05	
0.0597301	3.50601e-05	0.00218079	0.00410001	4.94942e-05	3.60643e-05	4.23549e-05	0.287694	0.259714	0.130947	0.0949975	0.0668085	1.43242e-05	0.00674936	0.0529474	0.000153691	0.0036948	0.017418	0.000153383	0.0125334	
5.56466e-05	3.92218e-05	0.0747747	0.0159106	0.0274175	0.226606	0.000115588	5.95313e-05	0.0332819	0.0202022	0.00551372	0.556079	0.00105325	0.0272671	1.314e-05	0.00763192	0.00370524	4.22108e-05	0.000154537	7.67093e-05	
0.0202849	0.525361	0.0841404	0.0213483	4.21486e-05	0.000167935	0.0167585	0.0466394	0.0189727	0.0435717	0.051078	0.0425273	0.0218739	0.0196756	2.35931e-05	3.02607e-05	0.0148377	0.0725951	3.50421e-05	3.64975e-05	
0.00893315	0.018043	0.0255107	0.585301	0.114635	9.22307e-05	0.0113191	0.00040658	0.00919882	6.06888e-05	0.00342341	0.0488234	2.96955e-05	0.12575	2.54475e-05	0.00468395	0.0162063	0.00450912	0.0229889	5.93113e-05	
9.381e-05	0.0296882	0.000134284	0.000133862	0.00378806	6.78925e-05	0.000132843	0.140117	0.00143078	0.053316	0.000198286	0.000363843	3.88357e-05	0.000423469	4.11373e-05	9.19931e-05	0.000285233	0.614253	0.00797023	0.147432	
0.00565433	0.0121284	7.18959e-05	0.000181194	0.0500425	5.04659e-05	8.84994e-05	0.479105	0.00510574	0.114567	0.0892007	0.000110259	1.52413e-05	0.000394346	2.74987e-05	4.96343e-05	0.00206788	0.208287	0.000509691	0.032343	
0.314282	0.00830959	0.000169086	0.000373677	0.0690337	0.391042	0.0499568	0.000981908	0.0580463	0.00336942	0.0251931	0.00493544	7.01074e-05	0.0439158	3.34448e-05	0.0209563	0.000139146	0.00854722	0.000362515	0.000282745	
0.0610597	0.390401	0.00313393	0.00872392	9.89947e-05	0.0022475	0.0313911	0.0407711	0.0287203	0.0419472	0.0409957	0.0878502	0.0124756	0.0336286	2.37946e-05	2.88798e-05	0.0204493	0.195956	5.09548e-05	4.57954e-05	
0.00433315	0.0348137	0.0227016	0.00526162	0.00248601	0.00201035	0.0354927	0.0708048	0.000169322	0.000292155	0.0588512	0.000396594	4.39201e-05	0.0654682	4.58121e-05	5.03589e-05	0.394693	0.221166	0.0380513	0.0428684	
0.000193925	0.000259588	0.0395059	0.100243	0.000357415	0.0219614	0.0309526	0.0124402	0.04069	0.000195839	0.0412042	0.0147994	5.84101e-05	0.048505	0.0118891	0.599959	0.0102858	0.0261029	0.000174306	0.000222214	
0.00737229	0.00683679	7.58615e-05	0.219187	0.000790942	3.32592e-05	0.516159	9.97363e-05	0.0664026	6.08059e-05	0.000427751	0.00010103	0.00300819	0.140532	0.00884103	2.81434e-05	7.3026e-05	0.0288455	0.000936894	0.000188023	
0.0497631	2.97995e-05	4.94827e-05	0.0206264	0.519892	0.0683323	0.0197269	5.88876e-05	0.0337161	2.05923e-05	0.0408825	5.26769e-05	0.000203053	0.000190216	0.000217016	4.77841e-05	0.0166772	5.17829e-05	0.0401593	0.189303	
0.0323285	0.141301	0.0206649	0.0391861	0.000343719	8.75366e-05	0.0574771	9.73099e-05	0.00843377	0.00559958	0.0118001	9.73042e-05	0.000178186	0.0392699	2.77368e-05	0.335202	0.286631	0.020775	0.000208347	0.000290543	
0.106019	0.0402604	0.000118036	0.0273945	0.00749328	0.077487	0.500877	0.0127276	0.0357761	0.00835918	0.0479997	9.4402e-05	2.66397e-05	0.000103093	3.26324e-05	0.0508967	0.0672964	0.00935679	0.0076347	4.71924e-05	
0.0509578	0.0922345	0.000371107	0.000270181	0.0341629	3.33588e-05	0.104367	0.000169316	0.00156726	0.467846	0.1705	0.0057323	3.70906e-05	0.039065	3.76395e-05	0.00739207	0.000100214	6.52839e-05	0.024924	0.00016712	
0.578217	0.00245629	9.01119e-05	0.0628181	0.0613448	0.0108479	0.000122432	0.00320482	0.0409582	0.000270242	0.000981104	0.000175437	5.78057e-05	0.124803	7.86143e-05	0.000108957	0.00418473	0.00339614	0.0157277	0.0901565	
0.0214486	1.5151e-05	0.0675383	0.0343301	0.0963835	7.60096e-05	0.0362182	0.0303587	0.018289	8.06943e-05	0.0228937	0.027506	0.0558789	0.0335011	2.61863e-05	4.89673e-05	0.0193763	0.0477269	0.421967	0.0663364	
0.0140965	0.0218015	0.00955646	7.23128e-05	3.788e-05	1.32248e-05	0.000106962	0.195211	0.525604	0.0128106	0.022165	0.0111986	1.88525e-05	0.00922938	0.00698518	0.00527925	0.0521415	0.113333	0.000132766	0.000206319	
0.00740447	0.0070218	6.81745e-05	0.0321233	0.00966116	4.28052e-05	3.02687e-05	0.00021284	0.0592016	0.00397127	0.0994372	0.608074	1.349e-05	0.129986	0.00215838	0.0229694	0.00674679	7.06114e-05	0.00927084	0.00153555	
0.0054907	0.0129636	3.63915e-05	8.83847e-05	4.03893e-05	1.58003e-05	0.030189	0.0215749	0.059633	0.00712621	0.0515776	0.000199367	3.98487e-05	0.31594	0.000668864	0.00278917	0.432617	0.049171	0.00133818	0.0085005	
0.0124598	0.000947905	0.100129	0.00736043	0.003651	0.000440782	0.0316189	0.000394704	0.156954	0.000107856	0.0117634	0.000412504	0.60814	0.000280309	7.60231e-05	0.0286803	0.0261325	0.00368002	0.00481538	0.0019555	
0.0697058	0.00138739	0.0161442	0.000342209	0.07603	0.000105579	0.00274782	0.000830174	0.144426	0.00032471	0.000123627	0.000103034	0.000187734	0.00026648	0.448109	7.341e-05	0.000125143	0.124954	6.44599e-05	0.113949	
0.0161317	0.00522189	0.000285603	0.0759885	0.0361255	0.0442954	0.000351761	8.90747e-05	0.635067	0.0221028	0.00108343	0.105036	0.00275149	0.000170275	0.00655241	0.0316633	0.00632525	0.000574289	0.00985964	0.000324718	
0.0540659	0.00181026	0.134079	0.411745	2.91277e-05	0.0155445	0.0140139	2.26161e-05	0.0804767	0.00326823	0.0284887	0.0289046	0.0036716	0.170395	0.00367832	0.0155919	0.0240513	0.0100293	0.000122345	1.17538e-05	
0.00268639	0.0487681	0.00447118	0.00430289	0.000799796	0.00099823	0.00021594	0.126554	0.0136637	0.667807	0.000560916	0.00181389	7.48439e-05	0.000653838	0.00010464	0.00087402	0.00134663	0.0732775	0.00810973	0.0429162	
0.0051341	3.70726e-05	5.23739e-05	8.08241e-05	0.1185	0.534007	0.027063	0.042373	0.0180783	0.0442153	0.0651381	0.0207578	0.0009786	0.0187216	9.81605e-06	0.000170966	0.0030302	1.99424e-05	6.25023e-05	0.10157	
0.0220502	0.000109067	0.354424	0.285964	0.00110834	0.038587	0.00303755	2.22018e-05	0.119994	3.64993e-05	0.00010979	0.0486596	0.0475572	0.0407865	0.000669031	0.0225091	0.01159	4.57442e-05	0.000149474	0.00259157	
0.00054442	0.0606093	0.00128318	0.00139844	0.000100897	0.000346311	0.00128171	0.0991254	0.000142761	0.0895192	0.656406	0.000152358	0.000122712	0.00102614	3.19361e-05	8.75046e-05	0.0038645	0.0311269	0.000264982	0.0525652	
0.036247	0.00100518	0.0603002	0.0273346	0.0358581	0.00458236	0.0244378	7.84523e-05	0.278379	0.000677699	0.000422817	0.390683	0.000176667	0.0799007	0.0196155	0.0176009	0.0130557	0.000344157	0.00921068	8.93359e-05	
0.0797604	0.000275242	0.00582477	0.0339462	0.0413002	0.0969793	0.000755687	0.38742	0.000941274	0.00914391	0.000207906	0.000151729	8.52074e-05	0.00161344	7.15026e-05	7.84303e-05	7.60312e-05	4.36166e-05	0.0183263	0.322999	
0.00313552	0.0128927	0.00329633	0.00450799	0.0951751	0.000862199	5.73199e-05	0.00107198	0.00481899	0.00044501	0.00902352	0.00247533	0.622843	8.70076e-05	1.83615e-05	2.70407e-05	0.00673141	0.00111553	0.0450686	0.186347	
0.00127713	0.0574369	0.00201061	0.00315207	0.000228072	0.000473649	0.000668888	0.150856	0.000852765	0.454347	0.225516	0.000343199	0.00012795	0.000582518	8.68447e-05	0.000138105	0.000206394	0.0509729	0.000376986	0.0503467	
0.000254948	0.0022152	0.000701168	0.000418248	0.00882169	0.00011721	0.000234323	0.259365	0.00105106	0.522067	0.00023212	0.000767383	5.42024e-05	0.00033448	4.3923e-05	0.000120978	0.000248046	0.199979	0.000232645	0.00274206	
0.504792	0.000901861	0.000340627	0.00565663	0.00120235	0.0127683	0.0363213	0.0293401	0.0318031	0.000742527	0.0483559	0.0350359	4.24389e-05	0.0278611	0.000443906	0.262525	0.000150115	9.08798e-05	0.000553195	0.00107334	
0.166108	0.00478812	5.33867e-05	9.08319e-05	0.0584165	4.13195e-05	0.0788885	0.147241	0.165931	0.0879091	0.0460269	0.00416235	0.0074629	0.00853362	0.00669962	0.0064119	0.0329081	0.0555439	0.000256968	0.122526	
0.0346704	0.000122444	0.0664456	0.00508706	0.00163315	0.0127703	0.00487309	0.000123574	0.224113	0.000277232	0.0626691	0.265195	0.000211698	0.0323837	4.84847e-05	0.0603199	0.225746	0.000286892	0.000222586	0.00280202	
0.0636109	0.0168376	0.00273786	7.44936e-05	0.0271884	0.0274607	0.252584	0.000203303	0.388459	0.00019105	0.180876	5.00756e-05	9.60448e-05	0.00663968	0.0129493	0.000370044	0.00838752	0.00123771	0.00807093	0.00197521	
0.0370677	0.0158861	0.0399139	0.436259	6.15602e-05	1.42628e-05	0.00117247	0.00474275	0.170801	1.14449e-05	7.43109e-05	0.0179747	2.91247e-06	0.139693	0.00754902	0.0421244	0.0714845	0.0143559	8.35528e-05	0.000727789	
0.0062849	0.007581	0.00237459	0.00135446	0.00832842	0.000289152	0.00961673	0.818375	0.000382765	0.027697	0.0232561	0.000385633	0.000601708	0.00257462	0.000119424	0.000286622	0.000203918	0.0531153	0.0217141	0.0154583	
0.381005	0.0394027	0.000419938	0.000701174	0.000301795	0.000131845	0.0407414	0.00337383	0.0103827	0.000503575	0.0198966	0.00494073	5.4362e-05	0.0470632	0.000476309	0.43335	0.0164839	0.000150708	0.000436207	0.000183448	
0.0938905	0.000158001	0.00310467	0.0998392	2.93237e-05	0.00345386	0.00982531	0.0045827	0.450436	0.00427696	0.00017136	0.0304227	2.21353e-05	0.0581849	0.177475	0.0249789	0.038975	2.46853e-05	0.000117259	3.18887e-05	
0.112824	0.00291167	0.613682	0.00796844	0.00232072	6.23119e-05	0.000152608	0.00625347	0.01534	0.0162306	0.0413141	0.0130128	9.00644e-05	0.0822629	0.00911183	0.0548326	0.00418143	0.000105501	0.0172426	0.000100044	
0.055448	3.28672e-05	6.11754e-05	0.0168671	0.0113862	0.0219318	3.97836e-05	0.000638953	0.0578964	0.000603651	0.0214812	5.15838e-05	0.18145	0.0287109	0.0768349	3.05106e-05	0.0134452	0.000108952	0.0247092	0.488271	
4.89207e-05	4.4703e-05	0.0971984	0.0178018	0.0235899	0.768833	0.00115915	0.00157708	0.000211624	0.00351676	0.0351963	0.032814	0.0022515	0.0126391	1.99921e-05	0.000119288	0.00277158	3.51914e-05	8.47434e-05	8.68142e-05	
0.000227884	0.00927635	0.00034868	0.000507704	0.00755965	0.000133159	0.0344481	0.024362	0.00760331	4.55351e-05	0.0256125	0.000274619	0.0138212	0.172849	0.00103941	0.000272763	0.000206381	0.643277	0.0447532	0.0133816	
0.0712649	3.40159e-05	3.62443e-05	0.0298552	0.0327918	0.0753288	5.49863e-05	0.000571562	0.0384769	0.399914	0.136465	4.01763e-05	0.001944	0.0141443	0.00199305	4.23243e-05	0.0174695	0.000321715	0.0037287	0.175523	
0.0140315	6.36183e-05	0.167271	0.0661715	0.00766051	0.0119118	0.00354948	0.0370457	0.514287	0.012951	0.0085785	0.0430891	0.00732265	0.0478465	0.013002	0.00200455	0.0140642	0.0262678	5.95408e-05	0.00282259	
0.00648385	0.0239212	0.0565011	0.513715	0.0100699	0.0101948	0.0358669	0.000913463	0.00373517	0.000734622	0.0247682	0.0179097	0.116385	0.0321645	7.86416e-05	0.0165438	0.127266	5.45751e-05	0.00254882	0.000145246	
0.0178315	0.000188305	0.347233	0.267242	0.00313663	0.0330854	0.00213388	3.83263e-05	0.0977861	4.00303e-05	0.0010264	0.0392645	0.130103	0.0315179	0.000487959	0.0184446	0.00836534	4.42883e-05	0.00025613	0.00177478	
0.0540286	3.6619e-05	0.15326	0.344845	0.000986865	0.0162574	0.0111354	0.00499942	0.155595	0.00575385	0.02226	0.028362	0.00570353	0.145767	0.0055165	0.0118019	0.0211544	0.0119683	7.45937e-05	0.000493155	
0.00799706	0.000240453	0.000273807	0.0266172	0.0459404	0.608208	0.0354535	0.042812	0.00353623	0.0822871	0.0797661	0.0330335	0.00203097	0.00348206	4.02971e-05	0.00225657	0.00069616	6.57309e-05	0.000229729	0.0250327	
0.0282905	0.0219537	0.000113243	0.0157594	0.00378665	5.07992e-05	0.198585	0.382106	0.0011489	0.0275049	0.0112317	0.030963	4.08535e-05	0.00264895	0.0001447	0.0108305	0.0164029	0.228994	0.00242241	0.0170221	
0.758596	0.000276162	0.013383	0.000330005	0.000433298	0.000131747	0.000326878	0.000293314	0.00117501	9.91569e-05	0.00425552	0.000332643	0.0518012	0.00055862	6.83296e-05	0.095458	0.0692949	0.000187906	0.00271733	0.00028097	
0.0424353	8.60833e-05	0.0137709	0.0407387	0.232651	0.01495	0.000267148	0.00140644	0.0313476	0.262513	0.0351649	0.000596913	0.000116324	0.000867006	0.000141045	6.16298e-05	0.114704	0.000127575	0.000881165	0.207173	
0.0185649	0.000157592	0.0419263	0.0295214	0.110186	0.010799	0.000289173	0.00151087	0.000982767	0.000204632	0.00189101	0.0300022	8.63018e-05	0.000502831	0.669635	0.000506095	0.0009024	0.00608802	0.000212635	0.0760306	
0.00916311	4.37578e-05	6.51547e-05	0.000128946	0.113089	0.502965	0.0205567	0.055206	0.0201896	0.0559911	0.07132	0.0273542	4.34869e-05	0.020738	1.56533e-05	2.60693e-05	0.00023689	2.09845e-05	0.000103472	0.102744	
8.69996e-05	0.000207534	0.000391468	0.0516053	0.000325606	0.000475984	0.000301024	0.0391938	0.000207068	0.506131	0.0813814	0.0208127	3.90689e-05	0.0204673	4.48455e-05	0.0354547	0.241063	0.00043661	0.0012662	0.000107743	
0.114161	3.27088e-05	0.000183002	0.0303115	0.486961	0.00406842	0.000309113	0.00351893	0.0750452	3.24028e-05	0.00844405	0.0003639	0.144867	0.0309102	0.040735	4.36039e-05	0.00423035	0.00519134	0.0313542	0.0192371	
0.0002544	0.000298988	0.000238682	0.000733411	0.00989599	0.000105784	9.82228e-05	0.849367	0.00086655	0.104789	9.98535e-05	0.000110082	3.90906e-05	0.000244629	3.65621e-05	8.8496e-05	0.000132954	0.0308526	0.000642263	0.00110533	
0.00400109	0.0399976	0.0150558	0.00364795	0.000287558	0.00185154	0.0443369	0.704289	0.000432056	5.58069e-05	0.00038378	0.00038884	0.0212394	0.084184	0.000109752	0.000370046	0.000198919	0.0128656	0.036428	0.0298767	
0.0032091	0.0312335	0.734123	5.46868e-05	0.095506	4.00724e-05	1.78622e-05	0.000204468	6.8526e-05	0.0139774	0.0350226	0.0290702	0.00364018	0.0214764	0.00561216	8.6428e-05	9.7492e-05	4.31638e-05	0.0264949	2.23107e-05	
0.00889548	4.77475e-05	0.403242	0.0507821	0.0235775	0.0349936	0.00630962	4.85006e-05	0.280838	7.77849e-05	0.0121365	0.0184279	0.118931	0.0114276	0.0222844	0.00520745	0.00260207	2.56355e-05	9.83985e-05	4.63584e-05	
0.0957775	0.000186486	0.0329475	0.197369	0.0042689	0.00614361	0.011398	2.39273e-05	0.501525	0.00234106	0.00718296	0.0748471	2.69191e-05	0.0385094	0.00684137	0.0199715	0.000314333	8.23016e-05	0.00018054	6.18789e-05	
0.00347673	3.4211e-05	6.3249e-05	0.000219818	0.123043	0.530366	0.0328774	0.0365901	0.017639	0.0467301	0.0628774	0.0198258	0.00207362	0.0222469	1.25856e-05	0.000407232	0.00537259	2.33499e-05	0.00010475	0.0960161	
0.00285689	0.00504782	0.0335235	0.00851316	0.0306939	4.27485e-05	5.26917e-05	0.333367	0.012157	0.0166835	0.144452	0.0683	3.44374e-05	0.00865525	0.00510775	0.00291487	0.0482237	0.269659	0.000153147	0.00956162	
0.000256853	0.00429208	0.000783092	0.000405132	0.00804489	0.000113892	0.000327611	0.265356	0.000709834	0.510756	0.000199107	0.000880324	4.85725e-05	0.00033455	5.37301e-05	0.000122709	0.000242503	0.202726	0.000231662	0.00411527	
0.0751689	0.000201203	0.0194622	0.000115215	0.0572829	0.000100867	6.2188e-05	0.000157324	0.0306546	9.99297e-05	0.0300137	7.26633e-05	4.3494e-05	0.191902	0.412036	0.000257538	0.000258588	0.0489904	0.000187848	0.132932	
0.0536367	0.00267344	0.000104588	7.80723e-05	0.00227891	0.0401593	0.202585	0.0851826	9.31941e-05	4.8461e-05	0.0212625	0.00140593	2.06111e-05	0.3315	2.24885e-05	0.00210767	0.0859063	0.110501	0.0351706	0.0252631	
0.0364705	0.034244	9.27319e-05	0.0012795	0.000376474	3.81865e-05	0.0188945	0.560831	0.000285379	0.0114756	0.0967392	0.00227769	8.37085e-06	0.0542117	0.000120746	0.0160556	0.0145228	0.0693223	9.16583e-05	0.0826623	
0.000191371	0.000489046	0.000881194	0.00224327	0.000448323	0.000193724	0.00137838	0.0183087	0.000246823	0.0134352	0.0134693	0.000260375	8.4029e-05	0.203626	0.000163263	0.0648407	0.560912	0.116021	0.00130108	0.00150598	
0.000806045	0.043042	0.00133919	0.00101843	0.000205675	0.000305584	0.0171913	0.478141	0.000276875	0.00472689	0.168992	0.00030494	0.0042304	0.0210622	0.000114821	0.00022931	0.000111311	0.214008	0.015298	0.0285966	
0.0615244	0.0818308	8.20759e-05	0.0125472	0.0177653	0.0416496	0.0121793	9.36858e-05	0.00319363	0.00311107	0.0196849	0.613681	0.000921404	0.00124728	0.000687401	0.000147052	0.000129972	0.102759	0.0266895	7.50189e-05	
0.000174775	0.0497483	0.754964	0.00870953	0.0335414	6.30036e-05	0.0168885	0.000738315	0.0208938	0.00106096	0.0158011	0.072138	0.000486276	0.000217703	0.000323152	0.000905027	0.000680586	9.23822e-05	0.02251	6.29789e-05	
0.131022	0.000195245	0.0349726	0.0405534	0.0469945	0.000289785	9.44483e-05	9.55379e-05	0.0733451	0.455997	0.155967	0.0279776	0.00397237	0.000333329	0.0130342	0.000150702	0.00244156	0.000120386	0.000781885	0.0116609	
0.00873212	0.00562384	0.137183	0.131242	0.0130306	0.0375972	8.01897e-05	0.0271906	0.019509	0.000111779	0.0413028	0.0293322	0.520268	0.00202791	4.73563e-05	0.00844936	9.52562e-05	0.00106786	0.011523	0.00558571	
0.000238035	0.00296882	0.000341592	0.000435241	0.167831	0.000136543	0.00223318	0.0490031	0.00954912	0.0459752	0.000730599	0.00639856	0.000294807	0.00598132	0.000360799	0.00100106	0.00277596	0.683116	0.0178507	0.00277803	
0.00190951	0.0434672	0.0370513	0.000542907	0.0019968	7.7701e-05	0.000171878	7.75188e-05	0.000224182	0.0199257	0.0471771	0.372932	0.00752545	0.0558334	1.07943e-05	0.407938	0.000130563	0.000876807	0.00200265	0.000129002	
0.00027901	0.0318885	0.000338649	0.000625253	0.000228668	9.95562e-05	0.0133068	0.0805459	0.00701817	0.00562699	0.000363286	0.00268467	0.000380579	0.00189529	0.000230444	0.00414195	0.00199627	0.797817	0.0167773	0.0337556	
0.000227191	0.00692051	0.548555	0.121539	0.12043	0.00367762	8.13213e-05	0.0100401	0.000262322	0.0440534	0.0424202	0.0029737	0.0190171	0.00031868	0.0176438	0.008992	0.0276447	5.8245e-05	0.0250882	5.74104e-05	
0.116443	0.0550068	0.00120485	0.00104848	0.000654881	0.000269234	0.0438976	0.0280882	0.000294332	0.000343128	0.0266558	0.000222455	3.5893e-05	0.0708627	0.000121877	0.0118254	0.45405	0.123904	0.000858905	0.0642119	
0.0857176	0.00278918	0.0259216	0.0265095	0.0125999	0.0851033	0.000219595	0.158418	0.0249135	0.543757	0.0247903	0.000150593	0.000125424	0.0015353	0.000102539	0.000156428	0.000169564	7.61769e-05	0.0007636	0.00618066	
0.000974582	0.0471784	0.00128132	0.001845	0.000166213	0.000415875	0.000160777	0.013728	0.00656866	0.47389	0.199551	0.00602269	6.48894e-05	0.000529321	7.09416e-05	0.00072804	0.0719622	0.125869	0.00942961	0.0395636	
0.000230087	0.0448754	8.66664e-05	0.000433191	0.00147053	5.15482e-05	8.7526e-05	0.185882	0.000231479	0.0803109	0.00188989	7.04533e-05	9.33753e-05	0.000571279	3.2116e-05	4.4158e-05	8.14722e-05	0.519819	0.0370023	0.126737	
6.02034e-05	0.00177597	0.123818	0.0869617	0.044102	2.2246e-05	0.0175659	0.00083581	0.188204	0.000166355	0.00437744	6.05793e-05	0.000101101	0.491665	0.0171493	0.00138566	0.000623843	3.40323e-05	0.0210583	3.29965e-05	
0.439611	0.00761139	0.000110199	0.000182586	0.103816	0.00361306	0.0222958	0.0424907	0.0917872	0.0502369	0.063374	0.0266509	2.77708e-05	0.0279835	0.00332299	4.564e-05	9.56086e-05	5.58787e-05	0.0169018	0.0997877	
0.0149472	7.25078e-05	0.000322477	0.032804	0.683869	0.00647287	0.000148876	0.0351989	0.0183037	0.0325505	0.110506	0.00033343	0.000310942	0.0140181	0.000129009	7.67137e-05	0.00274835	0.00467318	0.000984678	0.0415295	
0.0334329	0.0171903	0.000196381	0.00155902	0.169766	0.00639276	0.00873696	0.0148811	0.0217813	4.21965e-05	0.00737846	4.38484e-05	9.02317e-06	0.562849	0.000981878	0.00404843	0.00014512	0.119608	0.030752	0.000205527	
0.0497631	2.97995e-05	4.94827e-05	0.0206264	0.519892	0.0683323	0.0197269	5.88876e-05	0.0337161	2.05923e-05	0.0408825	5.26769e-05	0.000203053	0.000190216	0.000217016	4.77841e-05	0.0166772	5.17829e-05	0.0401593	0.189303	
0.0522295	0.000606707	0.00046959	0.00347302	0.0965164	0.000455203	0.16396	0.00485868	0.000288903	0.000461558	0.000485602	0.0108112	8.0926e-05	0.00101155	8.39105e-05	0.0207562	0.443299	0.183319	0.0164172	0.000415996	
0.0210166	0.0297691	0.529811	0.168081	0.0742638	0.000608531	8.6432e-05	0.0112458	0.000393341	0.00610346	0.0404112	0.00625927	7.75101e-05	0.0715844	0.00193194	0.000135521	0.000199083	5.21141e-05	0.037884	8.5573e-05	
0.00621206	3.29659e-05	0.0134696	0.0589635	4.38801e-05	1.59417e-05	0.0150052	2.46626e-05	0.565282	0.00199345	0.00412445	0.0608133	2.16403e-05	0.118353	0.00872227	0.0455704	0.0986561	0.00260119	4.25123e-05	5.23299e-05	
0.000207659	8.87365e-05	5.66397e-05	0.0410045	0.146693	0.023097	0.600666	4.20486e-05	8.47461e-05	6.77177e-05	0.000922557	0.0798798	0.00262841	0.000181234	4.75981e-05	2.25359e-05	0.00460122	0.000393833	0.0357414	0.0635733	
5.20621e-05	9.14985e-05	0.113857	0.0233843	0.0223687	0.747022	0.00029694	0.000219337	6.10898e-05	0.0185891	0.0431033	0.0217919	0.00433791	0.00421995	2.98593e-05	0.000171689	0.000243678	3.25424e-05	9.38442e-05	3.30696e-05	
9.81599e-05	0.0173546	0.0311153	0.611381	0.0366525	4.46601e-05	0.000346662	0.0162441	0.00121879	0.00399198	0.0394916	0.000275246	0.0235943	0.00586944	0.00180761	0.0632177	0.132053	7.5372e-05	0.0148663	0.000301773	
0.00270827	0.0343058	7.19449e-05	0.000125541	9.41472e-05	6.11962e-05	0.0274356	6.15464e-05	0.0363607	3.06471e-05	0.000313839	0.0822214	0.00464249	0.0482455	0.0586125	0.00662385	0.00736365	0.634326	0.0269711	0.0294243	
0.0161781	0.527003	0.0807375	0.0195177	4.03802e-05	0.000174352	0.0150293	0.0531465	0.0157125	0.0444731	0.0552345	0.0374914	0.0234864	0.0210457	2.4572e-05	2.46871e-05	0.0167581	0.0738415	4.4511e-05	3.58984e-05	
0.00333236	0.0161133	0.0158821	0.016325	0.0827514	0.00557025	8.06235e-05	0.0242491	0.0144943	0.000260964	0.020961	0.0112932	0.581952	0.000194265	1.81469e-05	0.000353148	0.0036093	0.0108478	0.0440985	0.147614	
0.541938	0.157084	0.000112522	0.000438055	0.000780397	0.000106216	0.0365588	0.000422876	0.0487745	0.00486375	0.0104873	0.0835826	3.4927e-05	0.0355926	0.0159775	0.00318578	0.000139852	0.0359488	0.00980171	0.0141707	
5.56466e-05	3.92218e-05	0.0747747	0.0159106	0.0274175	0.226606	0.000115588	5.95313e-05	0.0332819	0.0202022	0.00551372	0.556079	0.00105325	0.0272671	1.314e-05	0.00763192	0.00370524	4.22108e-05	0.000154537	7.67093e-05	
0.00621206	3.29659e-05	0.0134696	0.0589635	4.38801e-05	1.59417e-05	0.0150052	2.46626e-05	0.565282	0.00199345	0.00412445	0.0608133	2.16403e-05	0.118353	0.00872227	0.0455704	0.0986561	0.00260119	4.25123e-05	5.23299e-05	
4.40558e-05	2.57355e-05	0.0164618	0.126462	2.24557e-05	0.000344892	0.000119917	0.00242163	0.0246452	2.21968e-05	0.0343612	0.00320351	0.753786	0.0112316	0.00276341	0.00593476	5.93053e-05	0.017993	8.047e-05	1.72154e-05	
5.35633e-05	5.03699e-05	0.0958403	0.0168147	0.0237883	0.761273	0.00108654	0.00318423	0.00154184	0.00637554	0.0375815	0.0308344	0.00240536	0.0144067	2.04281e-05	0.000119038	0.00438548	3.169e-05	9.21879e-05	0.000114555	
0.1137	0.00728927	0.160828	0.122094	0.0299605	0.0753717	3.57516e-05	0.000289594	0.171732	6.43582e-05	0.00161883	0.000140606	2.58685e-05	0.153669	3.49414e-05	0.128155	0.029104	0.000208646	0.00423476	0.00144157	
0.00889548	4.77475e-05	0.403242	0.0507821	0.0235775	0.0349936	0.00630962	4.85006e-05	0.280838	7.77849e-05	0.0121365	0.0184279	0.118931	0.0114276	0.0222844	0.00520745	0.00260207	2.56355e-05	9.83985e-05	4.63584e-05	
0.0242288	0.00219006	0.000755145	0.0115368	0.00599783	0.0851938	0.0605202	0.00407559	0.000585185	0.00319418	0.00101159	0.000251944	5.19594e-05	0.0644281	0.000153438	0.0164818	0.705353	0.000249616	0.00510463	0.00863611	
0.0611835	0.00733584	0.0172904	0.0328276	0.00347764	0.0921319	0.0288903	0.221088	0.000171197	0.00360641	0.479222	0.00018313	0.000823425	0.00435539	4.89543e-05	0.000102362	6.69372e-05	3.07863e-05	0.0033165	0.0438476	
0.0140965	0.0218015	0.00955646	7.23128e-05	3.788e-05	1.32248e-05	0.000106962	0.195211	0.525604	0.0128106	0.022165	0.0111986	1.88525e-05	0.00922938	0.00698518	0.00527925	0.0521415	0.113333	0.000132766	0.000206319	
0.071024	0.0279877	0.000569624	0.0407693	0.171864	0.000278006	0.000183726	0.0240595	0.0218331	7.81617e-05	0.0222215	0.0220853	0.512897	0.000383848	5.95747e-05	5.47507e-05	0.000975201	0.00840835	0.0420182	0.0322488	
3.464e-05	2.84963e-05	0.581743	0.0692681	5.51755e-05	0.0380238	0.0410068	3.62955e-05	9.60843e-05	0.000116085	0.000261119	0.186381	1.15448e-05	0.00090388	1.47246e-05	0.0221171	0.0592501	0.000506919	0.000106187	3.89737e-05	
0.0379855	0.0136947	0.0232615	0.0141021	0.000620495	0.000193401	0.0716787	0.0353121	0.000186286	0.00365502	0.000325687	0.000219976	0.493854	0.018413	2.0376e-05	0.00954899	0.0961314	0.175594	0.00356782	0.00163537	
0.0284977	0.0046646	0.0476406	0.129874	1.01751e-05	0.0147786	0.00811524	0.0125994	0.431802	1.16732e-05	8.58309e-05	0.0445557	8.84064e-06	0.0662005	0.00275765	0.157528	0.0440779	0.00619088	4.66778e-05	0.000553791	
0.0465899	0.000756473	0.13283	0.114854	0.0134772	0.124672	7.92498e-05	6.31144e-05	0.406913	0.000297468	0.000282334	0.0799956	3.66886e-06	0.0256402	3.07681e-05	0.0475732	0.00325561	9.37845e-05	0.0025352	5.64861e-05	
0.108952	0.000615279	0.000133156	0.043709	2.5973e-05	5.11434e-05	2.83119e-05	1.27271e-05	0.361885	0.0209366	0.000116135	0.0130343	0.0293567	6.54226e-05	9.43524e-06	0.341945	0.00531931	0.0589417	0.000519342	0.0143433	
0.0262462	0.0258648	0.0214963	0.0342181	2.20325e-05	0.000149644	9.62853e-05	0.00204896	0.773402	0.0188495	0.00631353	0.000105185	4.01067e-05	0.0675198	0.00256737	0.00315418	0.00359746	0.00210648	3.72512e-05	0.0121649	
0.0370677	0.0158861	0.0399139	0.436259	6.15602e-05	1.42628e-05	0.00117247	0.00474275	0.170801	1.14449e-05	7.43109e-05	0.0179747	2.91247e-06	0.139693	0.00754902	0.0421244	0.0714845	0.0143559	8.35528e-05	0.000727789	
0.0940949	3.02076e-05	8.74761e-05	0.0196728	0.082681	0.0299063	5.24106e-05	0.000104292	0.131319	5.1319e-05	0.0221695	0.000138988	0.0337116	0.0353262	0.0824936	4.59164e-05	0.0146453	0.000175227	0.0186768	0.434617	
0.0213866	4.39592e-05	0.297188	0.0568036	0.455058	0.001632	0.000844343	5.99209e-05	0.0131771	0.0125606	0.0518736	0.025885	0.000147198	0.00599783	8.10044e-05	5.42268e-05	0.00866652	0.000127247	0.0483372	7.69759e-05	
0.101041	6.29271e-05	0.0905394	0.150031	8.54925e-05	0.0937506	0.00434364	0.000169162	0.283921	7.71981e-05	0.0010703	0.106557	1.07392e-05	0.016457	0.000130849	0.13924	0.0121561	0.000120148	0.000148996	8.76362e-05	
