0.000272802	0.0182639	0.00022669	0.000435906	0.193388	9.46855e-05	0.00034043	0.108765	0.00596377	0.150385	0.000714325	0.00091322	0.000155191	0.00205552	0.000153792	0.000169685	0.00718921	0.509512	0.000624923	0.000376549	
0.00127309	0.0049098	5.68983e-05	0.0430554	0.0279667	9.10194e-05	0.223175	0.0362573	0.045999	6.40402e-05	0.0348229	0.02274	2.05345e-05	0.120367	0.00201637	0.00704335	0.224955	0.121898	0.00196141	0.0813274	
0.000298151	0.0285769	0.000341187	0.124797	0.000139677	0.000112559	0.00122198	0.263759	0.00128643	0.0429681	0.000623942	0.00168622	0.000377883	0.0231673	0.000488304	0.000580602	0.00120794	0.474502	0.0049185	0.0289458	
0.0113374	0.00548531	0.000465792	0.000377039	0.0922831	0.000171166	0.00125424	0.274103	0.000266096	0.0641028	0.237453	0.000331858	8.39801e-05	0.00101567	6.4257e-05	0.00635923	0.00364078	0.299827	0.000846571	0.000532113	
0.0125312	2.18679e-05	0.469729	0.107089	0.000397043	0.00961453	0.0130282	0.000853157	0.0907581	0.00124246	0.011639	0.12313	4.55586e-05	0.0702756	0.0388974	0.0352936	0.0117809	0.000545318	2.56512e-06	0.003126	
0.00371608	0.0184691	0.0474614	0.0169368	0.0773687	0.00665428	0.00010831	0.111525	0.0260601	0.000174983	0.0493908	0.03762	0.519339	0.00040044	0.000181867	0.000169842	0.000161996	0.0248542	0.0144475	0.0449597	
0.00538419	0.138541	0.00793273	0.018773	0.00428335	0.000709629	0.000302534	0.000345885	0.0103206	0.658264	0.0783485	0.0449085	7.34247e-05	0.000333623	9.21849e-05	0.000299832	0.0141216	0.015079	0.000846372	0.00103994	
0.0003639	0.0165253	0.000509252	0.000426887	0.000651123	0.000148063	0.00307105	0.597409	0.00019236	0.013822	0.01928	0.000124629	0.000215186	0.00132065	5.55175e-05	7.87816e-05	8.49092e-05	0.325283	0.00542888	0.01501	
0.0527805	0.0016211	0.043482	0.0186615	0.00140351	7.39284e-05	9.08705e-05	0.00127643	0.205107	0.0199404	0.0266285	0.00956579	9.28211e-05	0.543725	0.0337469	0.00538983	0.0317885	0.000273761	0.000168729	0.00418244	
0.00116416	0.0104952	0.0111804	0.000247128	0.027901	0.000645593	0.590838	0.0363637	0.0219113	0.000166818	0.0377158	6.10464e-05	4.50975e-05	8.53418e-05	6.90195e-05	0.107245	0.143062	0.0013412	0.00940497	5.74404e-05	
0.00924503	0.0196673	0.00173344	0.000245649	0.000103085	0.00014595	0.000352007	0.245645	0.000362345	0.588766	0.0445418	0.00365079	3.94028e-05	0.000341414	5.10855e-05	9.67414e-05	0.000176908	0.0682095	0.000392131	0.0162348	
0.0745361	0.000190971	0.000202728	0.000694351	0.00119745	0.278353	0.0140981	0.000298768	0.000350479	0.00132145	0.0015343	0.00498036	4.54536e-05	0.0363669	0.00440497	0.170088	0.409043	0.000372225	0.000986164	0.00093571	
0.0012401	0.000396663	0.00163255	0.0013034	0.0599893	0.000349046	0.0591792	0.20899	0.0432297	0.262046	0.158527	0.0109171	0.0001745	0.0874426	0.0152976	0.002582	0.00631976	0.0143701	0.000126988	0.0658864	
0.00147356	0.0211109	0.00791301	0.00144348	9.61891e-05	0.000740422	0.000177586	0.0929967	0.000225794	0.0820908	0.762932	0.000437396	3.27441e-05	0.000103877	3.3324e-05	0.000177523	0.000167174	0.00862346	0.000623272	0.018601	
0.0125344	1.37844e-05	0.469535	0.107073	0.000397463	0.00962245	0.0130123	0.000846415	0.0907984	0.00123962	0.0116497	0.123162	3.4486e-06	0.0703672	0.0389461	0.0353318	0.011787	0.000545737	2.41866e-06	0.00313141	
0.0627029	0.00478791	0.00726539	0.0771625	0.00237522	0.0250685	0.0389496	0.0137618	0.628743	0.000169697	0.0081901	0.0163761	0.000300381	0.00450554	0.0366144	0.00977158	0.00393722	0.0580639	0.000453139	0.00080067	
0.028061	0.000203302	0.300029	0.164948	0.000369879	0.0285905	0.0298254	0.000269068	0.0181898	0.00141608	0.00255022	0.356047	1.42615e-05	0.0229237	0.00962935	0.0103183	0.0261268	6.84024e-05	0.000251459	0.000168073	
0.0248455	0.135714	0.000548351	0.000284479	0.000108097	8.63013e-05	0.00633085	0.158776	0.000171607	0.0145021	0.0281672	0.000202484	6.71951e-05	0.00106351	0.00663176	0.00624128	0.567202	0.0262734	0.0014467	0.0213374	
0.00700552	0.000193779	0.0157796	0.0241704	0.000283974	0.362536	0.0153767	0.000226404	0.0554333	0.000177021	0.00101887	0.0510041	0.0206618	0.0258352	9.96755e-05	0.384126	0.0324515	0.00321017	0.000238051	0.00017152	
0.0135515	6.62076e-05	0.000158242	0.00234443	0.00113688	0.00715909	0.000199859	0.000149476	0.00675707	0.00110003	0.0096115	0.0231672	0.105703	0.00537059	4.51409e-05	0.140596	0.585613	0.0836048	0.013506	0.000160435	
0.15897	0.00999628	0.0142178	0.00316787	0.0234364	0.00736215	0.000163415	0.000177089	0.600353	0.00047377	0.0346879	0.0534306	0.000843676	0.0113429	0.0212234	0.00610685	0.00379553	0.0413341	0.000610056	0.00830722	
0.0811912	0.000888386	0.188912	0.310606	0.00161023	0.0514898	0.0266638	0.00123677	0.0836795	0.00043081	0.00501958	0.0522809	0.0174636	0.0639028	0.00292216	0.052827	0.0433924	0.0091433	0.00628771	5.20809e-05	
0.0303605	5.296e-05	0.0504245	0.0245074	0.446488	0.0387637	0.0571658	0.000121916	0.117152	4.4309e-05	0.0425663	0.0450093	0.0510332	0.0138136	0.0524327	0.000143216	0.0184809	0.00195364	0.00940433	8.21297e-05	
0.117879	6.15961e-05	0.0163067	0.0108819	0.0625412	4.40909e-05	8.8306e-05	0.00200458	0.113123	8.00751e-05	0.00322638	0.00717663	2.86089e-05	0.000185719	0.516941	0.000159715	0.00116872	0.0259226	0.000150677	0.122029	
0.0503352	0.00514859	0.05836	0.476414	0.014482	3.04339e-05	7.28109e-05	0.000944947	0.011271	0.00146358	0.138772	7.59716e-05	6.55568e-05	0.130947	0.0444726	0.00913652	0.0431657	0.00010027	0.0146843	5.76786e-05	
0.0149494	0.0246157	0.000586622	0.00214515	0.000292479	0.000314044	0.000300043	0.0720557	0.000498948	0.490911	0.0589347	0.262542	0.000155894	0.000366626	7.50123e-05	0.000202612	0.00326474	0.0640933	0.00152017	0.00217607	
0.168888	0.0244887	0.000298437	0.000183298	0.000104072	9.84835e-05	0.000518262	0.0701022	0.000480556	0.112997	0.107924	0.00197804	6.87189e-05	0.00034847	7.45319e-05	0.00681106	0.175604	0.297857	0.000556631	0.0306192	
0.0125344	1.37844e-05	0.469535	0.107073	0.000397463	0.00962245	0.0130123	0.000846415	0.0907984	0.00123962	0.0116497	0.123162	3.4486e-06	0.0703672	0.0389461	0.0353318	0.011787	0.000545737	2.41866e-06	0.00313141	
0.00087169	0.0185225	0.000339553	0.000975144	0.000153177	0.000197493	0.0010699	0.610172	0.00179822	0.0519485	0.0246717	0.000137417	0.000153773	0.0046199	0.000859248	0.000143555	0.0140224	0.245464	0.00194554	0.0219336	
0.487565	0.0233812	0.00020279	0.000314712	0.000822146	0.149041	0.0311527	0.000379084	0.000558414	0.00112129	0.00146944	0.000434262	5.20747e-05	0.0386385	0.000179338	0.195814	0.0634775	0.00415144	0.000661849	0.000583894	
0.0211114	0.0215784	0.0288271	0.2697	0.000154435	0.00995842	0.000672568	0.00974219	0.000104961	0.123694	0.500608	0.000460077	9.77234e-05	0.00031254	0.00148772	0.000160868	9.00743e-05	8.29396e-05	0.000197019	0.0109595	
0.301301	0.00234614	0.000187652	0.000408238	0.0201061	0.0647373	0.320521	0.00471237	0.00010609	0.00740698	0.0121078	7.59408e-05	2.28917e-05	0.0167854	5.01604e-05	0.00182099	0.16157	0.0238744	0.0066966	0.0551639	
0.0311874	1.62655e-05	2.67404e-05	0.0104311	0.0224758	0.104862	1.28757e-05	0.000160511	0.0334644	4.12583e-05	0.0203183	2.64577e-05	0.0181193	0.0126527	0.0562407	0.000472651	0.00726667	0.00118776	0.00277269	0.678265	
0.000227367	0.0103794	0.000142433	0.521286	0.0620647	0.00015638	0.0188888	0.0284015	7.39303e-05	0.0342966	0.0706233	0.0160326	0.00829635	0.000969264	0.0073762	0.0376861	0.088972	0.000170889	0.0144164	0.0795394	
0.5103	0.000366416	0.000291678	0.000808397	0.000418826	0.000149692	0.0291049	0.0196799	0.000496743	0.000419117	0.00212157	0.000373638	4.81553e-05	0.0377782	0.000315665	0.0235207	0.3067	0.0649535	0.00163916	0.000514039	
0.000924874	0.000256606	0.016754	0.000276622	0.0359686	0.00735003	0.000462741	0.000189124	0.238845	0.000405292	0.00155791	0.000108038	0.000161033	0.0552573	0.37729	0.00907516	0.0327713	0.0133215	0.000332228	0.208693	
0.0093787	0.000756991	0.656672	0.0426168	0.0315309	0.00806061	0.0299837	0.000872038	0.000122334	0.00104025	0.0704873	0.132108	8.99957e-05	0.00191777	2.4754e-05	0.0110427	0.00129307	6.0112e-05	0.0018897	5.14471e-05	
0.0272777	0.000107903	0.000146678	0.000537707	0.240652	0.000110246	8.68643e-05	0.0555758	0.00137323	0.336898	0.296175	0.000195649	2.41675e-05	0.000179043	3.02796e-05	6.33472e-05	0.0012901	0.0372379	0.000330054	0.00170837	
0.0494411	2.74044e-05	0.0066124	0.321553	0.00734648	1.19276e-05	3.56936e-05	1.99044e-05	0.0832337	8.64674e-05	0.0120372	0.0210169	0.437373	0.0384982	0.00587439	0.0117647	0.00335454	0.00159544	6.72204e-05	5.0939e-05	
0.00019034	0.0288804	0.000242145	0.000240239	0.000132324	6.8192e-05	0.000469236	0.0237251	0.000831577	0.292253	0.35681	0.00189062	0.000127387	0.00051363	8.18828e-05	0.000230649	0.222632	0.0468484	0.000243548	0.0235898	
0.0066032	0.00561267	0.0304443	0.164117	0.0121549	0.00316356	0.661825	1.94939e-05	0.0236864	5.20524e-06	0.00992977	0.0101078	2.51962e-06	0.026245	0.00232526	0.00441804	0.0135368	0.00723503	2.95391e-05	0.018539	
0.0107011	0.00010774	0.158286	0.302682	0.00337348	1.29387e-05	0.010554	0.0169389	0.161222	0.0172013	0.0757594	0.0178536	0.0168938	0.0665504	0.017776	0.00605444	0.0815954	0.0334323	8.73684e-05	0.00291802	
0.0164785	0.0150173	3.94295e-05	0.0495703	0.0458487	0.000116008	0.0465122	0.193415	0.0418957	0.0122198	0.0163321	0.0102153	1.92935e-05	0.037306	0.0240083	6.21007e-05	0.0687858	0.311922	0.000177641	0.110059	
0.0132017	1.86326e-05	0.033236	0.763316	0.007852	1.90951e-05	0.0150528	2.66562e-05	0.0154962	2.87086e-05	9.38746e-05	4.41252e-05	0.0228746	0.0705121	0.00283238	0.00592916	0.0255638	0.0111348	0.000211064	0.0125566	
0.000193375	0.01441	0.000185063	0.000360191	0.000822017	0.000109728	0.000838553	0.618342	0.000131106	0.013305	0.0254308	9.23787e-05	0.000117501	0.00147886	4.54506e-05	6.22445e-05	6.52228e-05	0.30574	0.00454707	0.0137233	
0.016627	0.0050884	0.175986	0.532545	0.0134574	2.983e-05	5.07606e-05	0.000284531	0.0805664	0.00218296	0.00295632	0.0499013	0.00705692	0.0789806	0.0101778	0.0091016	0.0112756	6.49048e-05	0.00362939	3.78413e-05	
0.00883528	0.00216188	0.000128515	0.124459	0.0567063	0.0249435	0.0307118	0.000321109	0.000435772	0.0327543	0.00159771	0.000322391	5.51486e-05	0.00936452	0.000105429	0.0019982	0.68547	0.000232168	0.000862243	0.0185342	
0.0645682	0.0696547	0.0530017	0.000521853	0.00823395	0.000111475	0.000107309	0.194855	0.000616512	0.151203	0.197576	0.0932877	5.62304e-05	0.0175597	5.00692e-05	0.00446106	0.000159027	0.140963	0.00267033	0.00034345	
0.092124	0.419222	0.00251519	0.0693927	0.0239198	0.0527195	4.33756e-05	0.00882611	0.000189629	0.000992646	0.210359	0.00996274	0.000255258	0.0405481	8.91378e-06	0.0196674	0.0295788	0.019571	3.7846e-05	6.58482e-05	
0.0107011	0.00010774	0.158286	0.302682	0.00337348	1.29387e-05	0.010554	0.0169389	0.161222	0.0172013	0.0757594	0.0178536	0.0168938	0.0665504	0.017776	0.00605444	0.0815954	0.0334323	8.73684e-05	0.00291802	
0.0793514	0.0221489	0.000128214	0.00290858	0.000876552	0.00709046	0.000424846	0.0507897	0.016543	0.00975566	0.57698	0.0116694	3.55646e-05	0.0041614	3.59133e-05	0.0107491	0.148158	0.0516419	0.00126927	0.0052823	
0.0107011	0.00010774	0.158286	0.302682	0.00337348	1.29387e-05	0.010554	0.0169389	0.161222	0.0172013	0.0757594	0.0178536	0.0168938	0.0665504	0.017776	0.00605444	0.0815954	0.0334323	8.73684e-05	0.00291802	
0.20101	0.0897151	0.000143894	0.0175814	0.0271584	0.166195	0.0114344	0.0602097	0.0166693	0.00203023	0.000678671	0.00071051	7.08405e-05	0.0719114	5.70871e-05	0.0666344	0.0853081	0.181377	0.00026644	0.00083784	
0.00693098	0.000406181	0.0160167	0.133761	0.0724928	0.0253142	0.0328772	0.000413787	0.386075	5.04105e-05	0.00507091	0.0161536	0.0937573	0.0775707	0.0174801	2.45316e-05	0.00522775	0.00483037	0.000168688	0.105378	
0.0451445	0.00205729	0.00248111	0.122838	0.0358939	0.0037684	0.0107084	0.0400696	0.0838373	0.0565012	0.22561	0.028995	6.92339e-06	0.0969867	0.0616335	0.0208842	0.0568337	0.0909592	4.93499e-05	0.0147419	
0.00130314	0.0195679	0.00219609	0.00213021	0.00015894	0.00079368	0.000337305	0.573163	0.0909796	0.215649	0.0256242	0.000280197	7.3604e-05	0.00139197	5.23046e-05	0.000198986	0.000213279	0.0428765	0.000537909	0.0224721	
0.140684	7.95674e-05	0.081673	0.275994	6.89818e-05	0.00890118	7.29936e-05	0.0042827	0.272762	0.00447201	0.0234375	0.0319077	1.67313e-05	0.0295162	0.00342124	0.09759	0.0228003	0.00207068	0.000171192	7.86155e-05	
0.0219764	0.0119867	0.087602	0.0159196	0.0147503	0.585689	0.000967335	0.0494352	0.0845722	0.0515999	0.0609401	0.00132117	0.000661316	0.00783993	6.49414e-05	0.00017334	0.00340213	0.000197069	0.00033628	0.000565226	
0.0523233	0.00929522	0.0290774	0.0325603	0.0219495	5.14607e-05	0.000100926	0.000490157	0.788162	0.000745705	0.00759802	0.0147208	0.00590985	0.00813706	0.021644	0.00139373	0.00435482	0.00099118	0.000281738	0.000212345	
0.00720435	0.0153595	0.0469248	0.0194825	0.0384849	0.000254104	0.000175685	0.000156538	0.77999	0.000469018	0.0187023	0.0149103	0.0194216	0.00867928	0.0162332	0.00268964	0.00846038	0.000854332	0.00102597	0.000521342	
0.00478328	0.0208528	0.000745182	0.000548031	0.000212637	0.000290028	0.000493295	0.23032	0.000680944	0.355911	0.135063	0.0033556	0.00169096	0.000433916	8.97867e-05	0.000239369	0.00382788	0.211102	0.000442759	0.0289183	
0.331949	0.0747219	0.000137635	0.000272681	0.00032777	0.137255	0.0246127	0.010581	0.000611634	0.00223446	0.0221686	0.000674396	8.02938e-05	0.0248917	8.14302e-05	0.00172572	0.144353	0.209335	0.00077484	0.0132112	
0.00430183	0.00018531	0.000502186	0.0014208	0.20545	0.00030351	0.000401601	0.405104	0.00227045	0.146115	0.000547043	0.000320695	0.000153448	0.00189956	0.000156394	0.000105973	0.000410721	0.229299	0.000869485	0.000184102	
0.0834195	0.104545	0.000189429	0.000216972	0.00543805	9.72467e-05	0.0359398	0.088158	0.00274	0.000145332	0.00153563	0.00312263	0.000167533	0.0351954	0.00204911	0.000238159	0.000331744	0.603209	0.0174011	0.0158611	
0.0367464	0.000736166	0.00170964	0.00335517	0.00148345	0.000634569	0.000355141	0.0231721	0.0286492	0.000205915	0.0560759	0.0223114	0.693856	0.000363428	0.000107679	0.0854409	0.00538432	0.0374017	0.00129226	0.000718493	
3.28869e-05	0.0235431	2.8832e-05	5.64961e-05	4.2115e-05	1.33141e-05	0.072521	0.713855	0.000873154	1.8202e-05	0.0209516	0.000218072	0.0866776	0.0204489	0.000562	0.00028944	0.000221924	0.0328181	0.0129416	0.0138864	
0.0199939	0.0179668	0.25609	0.0416912	0.000165449	0.0391923	0.000876565	0.000159089	0.000568729	0.471576	0.054595	0.0775014	0.0002653	0.000701851	9.77207e-05	0.000126673	0.000519173	0.000726291	9.71432e-05	0.0170887	
0.442303	0.00993191	5.86761e-05	0.000118119	0.0488616	4.05019e-05	0.0432015	0.0106862	0.234231	0.0188964	0.0312327	0.0103202	2.32056e-05	0.00996966	0.0517816	4.68618e-05	0.000502805	0.000949603	0.00901466	0.0778299	
0.0153016	4.61282e-05	7.18837e-05	0.000136071	0.00516373	0.782183	0.00561763	0.034181	0.0276408	0.00987919	0.0687459	0.0225347	0.0112494	0.00586447	2.69321e-05	0.00286907	0.000536017	7.54025e-05	1.83005e-05	0.00785832	
0.0200645	0.0224791	0.00371016	0.00026136	0.000237	0.00058236	0.000112279	0.14219	0.000303854	0.404027	0.175372	0.0889332	5.74401e-05	0.0716348	6.82963e-05	0.00268608	0.0214248	0.0272605	0.000698169	0.0178967	
0.00208011	0.00596717	0.0162965	0.00815095	0.0341471	0.0531042	0.0646754	0.0100721	0.000139407	0.014375	0.759019	0.00182849	0.000838043	0.00915737	6.94742e-05	0.000170649	0.00722443	0.00440469	0.000407069	0.00787288	
0.0101952	0.0267208	0.000204631	0.000938014	0.000113109	0.000159079	0.000125044	0.00576416	0.00262217	0.206937	0.328365	0.0119616	3.55335e-05	0.0158139	3.62426e-05	0.031289	0.020823	0.30996	0.00130633	0.0266302	
0.000123803	0.00326928	0.621143	0.141626	0.0334312	0.00486184	0.000157102	0.00104644	9.12574e-05	0.0323782	0.0648022	0.0510535	0.00120296	0.019218	0.00042525	0.00435534	0.000999609	0.000146801	0.0195633	0.000104441	
0.0164653	5.7584e-05	9.50452e-05	0.0001194	0.00292423	0.793231	0.00314249	0.0365273	0.0304912	0.000105183	0.0667042	0.0255873	0.016914	0.000592104	3.07211e-05	0.00462658	5.68909e-05	8.62104e-05	1.11185e-05	0.0022322	
0.000248701	0.000784383	0.000488946	0.000413128	0.0539987	0.000183206	0.00161118	0.164594	0.000189753	0.023106	0.522324	0.000148161	0.00035478	0.00322478	7.84213e-05	9.80165e-05	0.000104873	0.221622	0.00558838	0.000838613	
0.00627545	0.0258317	8.40916e-05	0.00030222	0.0407884	7.20835e-05	0.0136435	0.0431827	0.039269	0.531447	0.104617	0.000142538	7.81347e-05	0.0673478	0.00298167	0.00556722	0.0158564	0.10173	0.000415565	0.000366826	
0.016627	0.0050884	0.175986	0.532545	0.0134574	2.983e-05	5.07606e-05	0.000284531	0.0805664	0.00218296	0.00295632	0.0499013	0.00705692	0.0789806	0.0101778	0.0091016	0.0112756	6.49048e-05	0.00362939	3.78413e-05	
0.00351859	0.00927995	8.47278e-05	0.00356222	0.0102413	0.00151869	0.0469994	0.0556416	0.00044837	0.428206	0.402515	0.01348	3.03493e-05	5.39579e-05	1.03324e-05	0.000271804	0.000660403	0.0216467	0.00176171	6.92646e-05	
0.000636501	0.00734854	0.000868028	0.000760564	0.0145529	0.000401877	0.0019895	0.538403	0.000390453	0.0649507	0.0805616	0.000401727	0.000197737	0.00293622	0.000170711	0.0112088	0.00695752	0.25794	0.00162885	0.00769465	
0.322818	0.000169579	0.0364968	0.000176063	0.000161397	0.0493852	0.056031	0.000279489	0.000459422	0.000195215	0.00385692	0.206826	4.9689e-05	0.00274189	0.000111602	0.156466	0.152026	0.0110561	0.000599882	9.40595e-05	
0.447693	0.0106039	4.30185e-05	4.23322e-05	0.00172012	1.8005e-05	0.0501704	0.00019587	0.387272	8.59122e-05	0.0097909	0.00591242	1.40906e-05	0.00392527	0.0482758	3.91426e-05	0.000123668	0.00245354	0.00550141	0.0261184	
0.00269248	8.14515e-05	0.000194167	0.0265957	0.0319287	3.87902e-05	0.0239253	0.000494531	0.701611	9.06507e-05	0.000628678	9.64912e-05	1.56536e-05	7.87657e-05	0.176498	0.0249545	0.00430357	0.00508511	0.000104741	0.000581248	
8.49616e-05	0.020007	0.000121494	0.000123954	0.000167921	4.56945e-05	0.0747342	0.121425	0.000831814	4.16905e-05	0.000319783	0.000511415	0.0985488	0.0189488	0.000620249	0.000617394	0.000298108	0.636231	0.0160313	0.0102895	
0.0574206	0.000213661	0.000257997	0.000206867	0.0198708	0.559935	0.0231903	0.00217685	0.0371524	0.0151375	0.0727922	0.00113177	0.000494496	0.0386834	4.99077e-05	0.0984698	0.00553718	0.000229143	0.0534578	0.0135925	
0.134217	0.000403667	5.60683e-05	0.0154937	0.0263354	0.0328087	0.56898	0.00684246	0.012093	0.0035425	0.0565383	5.8573e-05	3.57162e-05	8.20925e-05	3.97439e-05	0.00109957	0.0866528	0.0318907	0.00818877	0.0146415	
0.000193375	0.01441	0.000185063	0.000360191	0.000822017	0.000109728	0.000838553	0.618342	0.000131106	0.013305	0.0254308	9.23787e-05	0.000117501	0.00147886	4.54506e-05	6.22445e-05	6.52228e-05	0.30574	0.00454707	0.0137233	
0.000831841	0.000380866	0.00125845	0.000465602	0.0708897	0.000389201	0.000351439	0.0724871	0.00034935	0.36829	0.365948	0.00362758	0.000128266	0.0232363	8.80766e-05	0.000121443	0.000581283	0.0899022	0.000222148	0.000451356	
0.0345598	3.00016e-05	3.5296e-05	0.0129019	0.0232354	0.07544	2.36305e-05	0.000684813	0.0386166	0.000196491	0.0213919	4.15668e-05	0.020848	0.0146567	0.0621099	0.000893896	0.0156169	0.00555071	0.00394905	0.669218	
0.000145813	0.000818373	0.613768	0.00764013	0.0242572	0.00658496	4.97986e-05	0.000348653	6.86412e-05	0.13053	0.0550202	0.0967165	0.0479485	0.00162885	0.00142445	0.000232354	0.000269744	0.000168453	0.0123055	7.45193e-05	
5.99703e-05	0.0182945	0.000134786	0.0129651	0.0141364	0.00474893	0.164745	0.259982	0.00601199	3.94468e-05	0.0189765	0.000126001	0.26488	9.75766e-05	3.06002e-05	6.36241e-05	7.71446e-05	0.219522	0.0149205	0.000188006	
0.0568813	0.0261652	0.0641947	0.483198	2.98801e-05	0.00631364	0.00706904	0.120799	0.0725416	0.00373499	0.00376508	0.0259228	1.85826e-05	0.0101055	0.00332873	0.0134109	0.00898338	0.0933008	0.000144975	9.18412e-05	
0.000136406	1.93969e-05	0.00307572	0.0841379	0.00170859	0.00259812	0.0839523	0.00461067	0.000206957	0.000153409	0.000395256	3.21571e-05	7.92325e-05	0.0272153	8.55967e-06	0.0240832	0.748624	0.0003051	0.0108615	0.00779588	
0.0492754	0.000110352	0.0155751	0.000109244	0.0966524	3.46455e-05	0.176707	0.00731431	0.0273317	0.574227	0.0328001	3.90983e-05	8.6945e-05	8.29862e-05	0.00921934	0.0093417	3.98015e-05	0.000256414	8.48119e-05	0.000712368	
0.00549068	0.00756709	0.00454807	0.375592	0.00078501	0.00227685	0.000181036	0.0437294	0.207223	0.0122412	0.0728178	0.0205212	5.30573e-05	0.20986	0.00182845	0.00301848	0.0101079	0.0134322	0.00742642	0.00130063	
0.0969126	0.0174644	0.00046405	0.000220785	0.163626	0.00012985	0.000179466	0.0224688	0.00588701	0.000189571	0.011857	0.0182902	0.587836	0.000328364	5.7647e-05	6.31221e-05	0.00389971	0.00325636	0.00999223	0.0568768	
0.130437	0.0030655	4.86717e-05	0.0186921	0.0577492	0.00097206	0.414319	0.0442426	0.170329	9.36835e-05	0.0426237	5.90542e-05	2.84119e-05	5.85599e-05	0.0168348	0.00382183	0.0231761	0.0666683	0.00672063	5.96858e-05	
0.0132017	1.86326e-05	0.033236	0.763316	0.007852	1.90951e-05	0.0150528	2.66562e-05	0.0154962	2.87086e-05	9.38746e-05	4.41252e-05	0.0228746	0.0705121	0.00283238	0.00592916	0.0255638	0.0111348	0.000211064	0.0125566	
0.0308165	1.61612e-05	2.6849e-05	0.0102315	0.0220733	0.107356	1.2918e-05	0.000170734	0.0328913	3.72619e-05	0.0208406	2.98087e-05	0.0197235	0.0122849	0.0546926	0.000461615	0.00788229	0.00116515	0.00267532	0.676611	
0.0647025	0.00453922	0.000108601	0.0813415	0.262155	0.000241907	0.000109922	0.00040273	0.0309535	0.0323875	0.00535759	0.000121412	0.00067562	0.00359053	0.000155096	3.66243e-05	0.038449	0.00030111	0.000102257	0.474268	
0.142493	0.214813	0.00879848	0.0637971	0.186884	2.53284e-05	2.02652e-05	0.0778404	4.9249e-05	0.0254371	0.05695	0.0151346	1.94977e-05	0.000258647	1.46244e-05	0.0112446	0.0265304	0.159723	4.35637e-05	0.00992302	
0.198319	0.0150917	0.000228105	4.86975e-05	0.037213	0.00111989	0.000137777	0.000151158	0.695317	0.00520688	0.000228481	0.00707772	0.00322631	0.0021043	0.0173952	0.000162835	7.66732e-05	0.0139196	0.00203538	0.000940254	
0.0505598	0.000665309	0.000812843	0.000460104	0.156342	0.000149455	0.000124658	0.0241136	0.0441318	0.294528	0.285706	0.00402621	4.33188e-05	0.000204593	4.65433e-05	0.000219558	0.0489148	0.0420645	0.00052064	0.0463661	
0.0523711	0.0217576	0.00226652	0.00370186	0.0432495	0.000683394	0.00014231	0.0116982	0.0211734	0.000195879	0.0257852	0.0117619	0.643868	0.000321288	6.63379e-05	0.000108044	0.0086426	0.100619	0.0193122	0.0322756	
0.0811912	0.000888386	0.188912	0.310606	0.00161023	0.0514898	0.0266638	0.00123677	0.0836795	0.00043081	0.00501958	0.0522809	0.0174636	0.0639028	0.00292216	0.052827	0.0433924	0.0091433	0.00628771	5.20809e-05	
0.0254591	0.0020004	0.550593	0.126637	0.00144489	0.00598985	0.02158	0.0083691	0.0286098	0.00519634	0.000782464	0.0660235	0.0493613	0.0498709	0.0070511	0.0195114	0.0259461	7.90568e-05	0.0034303	0.00206357	
0.0202283	0.0138934	0.0734979	0.00131705	0.000203765	0.000396992	0.00147718	0.39658	0.000181288	0.102759	0.23884	0.000163306	8.06695e-05	0.00266833	7.52134e-05	0.00288128	0.01851	0.114575	0.00132129	0.010351	
0.0811912	0.000888386	0.188912	0.310606	0.00161023	0.0514898	0.0266638	0.00123677	0.0836795	0.00043081	0.00501958	0.0522809	0.0174636	0.0639028	0.00292216	0.052827	0.0433924	0.0091433	0.00628771	5.20809e-05	
0.000139627	0.0189166	0.182208	0.504625	0.0201904	0.00487427	7.42834e-05	0.0661419	0.035126	0.000306017	0.0527421	0.0264074	0.000131092	0.0731631	7.38924e-05	0.00836774	0.00143273	0.000996022	0.00381942	0.00026397	
0.109406	0.0136466	0.00565971	0.00330392	0.00803154	0.0244293	0.000662525	0.000869336	0.00905715	0.0005025	0.00205318	0.0235237	0.000118012	0.00066877	0.748707	0.0388435	0.00089071	0.00444539	0.000232703	0.00494876	
0.0107011	0.00010774	0.158286	0.302682	0.00337348	1.29387e-05	0.010554	0.0169389	0.161222	0.0172013	0.0757594	0.0178536	0.0168938	0.0665504	0.017776	0.00605444	0.0815954	0.0334323	8.73684e-05	0.00291802	
0.142493	0.214813	0.00879848	0.0637971	0.186884	2.53284e-05	2.02652e-05	0.0778404	4.9249e-05	0.0254371	0.05695	0.0151346	1.94977e-05	0.000258647	1.46244e-05	0.0112446	0.0265304	0.159723	4.35637e-05	0.00992302	
0.000419911	9.18686e-31	0.000302259	0.000970589	0.228845	0.000211793	0.000546261	0.39722	0.000339238	0.141435	0.106003	0.000207288	0.000183869	0.00127317	0.000152722	0.000120418	0.000195413	0.0664763	0.0018754	0.053223	
0.0185006	0.0219472	0.00102683	0.00264325	0.000237818	0.000303946	0.00124111	0.36638	0.000502204	0.0659959	0.000651168	0.000205839	0.000258683	0.00289168	0.000157488	0.000200798	0.000178701	0.489947	0.00344179	0.0232881	
0.000222986	0.0224131	0.000963555	0.00042414	8.73173e-05	0.000228794	0.00186155	0.190797	0.000217918	0.122001	0.072661	0.000377995	8.06785e-05	0.000515445	7.0264e-05	7.44402e-05	0.0182207	0.54968	0.000183132	0.0189186	
0.0140054	0.0564022	0.0273426	0.0217298	0.000964608	0.00610113	0.00015781	0.000184849	0.00667975	0.561916	0.206206	0.059898	5.96734e-05	0.000288846	7.06893e-05	0.000948014	0.011583	0.0086461	0.00200082	0.0148141	
0.0155355	5.5102e-05	7.0524e-05	0.000150956	0.00793076	0.776573	0.00706883	0.033362	0.027855	0.010946	0.0698051	0.0233032	0.0105351	0.00590554	2.68602e-05	0.00275214	0.00036432	7.99001e-05	2.00606e-05	0.00765956	
0.000134113	0.000530479	0.000508298	0.00751909	0.237435	0.420382	0.0571739	0.000973236	0.00642378	0.000395597	0.0149107	0.138749	0.0139686	0.0135918	1.62955e-05	0.00303766	0.0121177	0.0198868	0.000183029	0.0520623	
0.000404077	0.000125415	0.0245828	0.0457726	0.00617883	0.000114148	0.150205	0.000197628	0.000492166	0.00851483	0.00202285	0.000117723	0.000118896	0.0242093	3.22911e-05	0.607303	0.0737762	0.0455079	0.00678635	0.00353806	
0.27353	0.0646983	0.0026677	0.00110242	0.000160815	0.0243159	0.00194307	0.00843534	0.000126763	0.0545007	0.504401	0.00304587	0.000244074	0.000758266	4.82921e-05	0.00910549	0.00018045	0.0249843	0.000305433	0.0254459	
0.0568813	0.0261652	0.0641947	0.483198	2.98801e-05	0.00631364	0.00706904	0.120799	0.0725416	0.00373499	0.00376508	0.0259228	1.85826e-05	0.0101055	0.00332873	0.0134109	0.00898338	0.0933008	0.000144975	9.18412e-05	
0.556399	0.00106056	0.0970933	0.0626528	9.80212e-05	6.76332e-05	0.119816	0.000102022	0.0253888	0.0170022	0.0502412	0.000211926	1.5804e-05	0.000125692	3.45843e-05	0.0291148	0.0056141	0.00973817	0.00518586	0.0200381	
0.658176	0.00608281	0.000366079	0.000266038	0.00785502	0.000123367	0.0294516	0.00130234	0.00139294	0.0138307	0.00609592	0.00309811	6.81467e-05	0.0394042	0.000536005	0.0139654	0.204444	0.000287203	0.00817627	0.00507786	
0.00414033	0.0068812	0.000480471	0.00091644	0.00772321	0.000222398	0.00125924	0.724962	0.00110794	0.0711736	0.00107298	0.000268419	0.00019567	0.00314284	0.000196154	0.000138075	0.000279266	0.163581	0.00330024	0.00895837	
0.0217855	0.000259106	0.510494	0.104877	0.000380852	0.00810314	0.0136777	0.00296312	0.0613539	0.00208019	0.00666307	0.0972168	0.0119802	0.0702898	0.0241643	0.0319695	0.0259054	0.000328304	0.00122471	0.0042841	
0.0451445	0.00205729	0.00248111	0.122838	0.0358939	0.0037684	0.0107084	0.0400696	0.0838373	0.0565012	0.22561	0.028995	6.92339e-06	0.0969867	0.0616335	0.0208842	0.0568337	0.0909592	4.93499e-05	0.0147419	
0.00203682	0.020013	0.000164301	0.000157331	8.78004e-05	6.16843e-05	0.000198197	0.259846	0.00019521	0.589317	0.0386949	0.000143866	4.19635e-05	0.000267562	4.88156e-05	8.56401e-05	7.58952e-05	0.0726478	0.000169806	0.0157455	
0.206651	0.0109178	0.00414051	4.65857e-05	0.0435857	0.000587049	0.101063	0.000140795	0.555568	0.00347316	0.000309472	0.00184976	0.00244957	0.000697875	0.0137845	0.00030327	0.000101236	0.0123766	0.00309763	0.0388565	
0.118763	0.000221283	0.0523222	0.25943	0.0084537	0.001397	0.0110595	0.000197337	0.4224	5.81405e-05	0.000282593	0.0302626	1.0103e-05	0.0518937	0.030289	0.00550638	0.00714463	7.00468e-05	0.000183726	5.59328e-05	
0.310378	0.00278534	0.000217765	0.071839	0.00888906	0.0010888	0.0557601	8.41392e-05	0.179987	0.0170227	0.0046581	0.0563004	1.06876e-05	0.0674446	0.0853844	0.0121796	0.0285564	0.0181661	0.0656162	0.0136319	
0.000108919	6.57217e-05	8.835e-05	0.000139371	0.0345835	0.664923	0.000584957	0.00315697	0.00237899	0.000382103	0.0425378	0.0192765	0.000117596	0.0506122	0.0143086	0.000111601	0.00319158	0.00015346	0.000149722	0.163129	
0.105485	0.437077	0.00240389	0.061042	0.023928	0.0539997	0.00305153	0.0100559	0.00459348	0.000806228	0.177957	0.00844945	0.00468188	0.0412817	9.71354e-06	0.0185024	0.022882	0.0237185	4.88265e-05	2.54884e-05	
0.0365271	0.00288902	0.026414	0.00287415	0.00173671	0.0184912	0.00653547	0.00909399	0.4847	0.00939669	0.00117702	0.0210335	0.00933821	0.0740013	0.0689181	0.0223575	0.150394	0.0493881	0.00449637	0.000236922	
0.0125344	1.37844e-05	0.469535	0.107073	0.000397463	0.00962245	0.0130123	0.000846415	0.0907984	0.00123962	0.0116497	0.123162	3.4486e-06	0.0703672	0.0389461	0.0353318	0.011787	0.000545737	2.41866e-06	0.00313141	
0.00295752	0.021202	0.00436304	0.0146084	0.000249441	0.00268565	0.00178849	0.771667	0.000441881	0.026874	0.075358	0.000149114	0.00646242	0.00107994	9.90892e-05	0.000146368	0.00332731	0.0342941	0.0118879	0.0203581	
0.00208985	0.0142	0.00149359	0.000184494	0.0337577	0.000420667	0.0233078	0.0031912	0.683557	0.00285012	0.0136852	0.016901	0.000449388	0.000184411	0.152268	0.00859342	0.0228588	0.0171666	0.00144901	0.00139222	
0.0272777	0.000107903	0.000146678	0.000537707	0.240652	0.000110246	8.68643e-05	0.0555758	0.00137323	0.336898	0.296175	0.000195649	2.41675e-05	0.000179043	3.02796e-05	6.33472e-05	0.0012901	0.0372379	0.000330054	0.00170837	
0.092124	0.419222	0.00251519	0.0693927	0.0239198	0.0527195	4.33756e-05	0.00882611	0.000189629	0.000992646	0.210359	0.00996274	0.000255258	0.0405481	8.91378e-06	0.0196674	0.0295788	0.019571	3.7846e-05	6.58482e-05	
0.00210217	0.0199977	0.00017099	0.000150499	8.50171e-05	7.00824e-05	0.000191142	0.261476	0.000179003	0.588662	0.0385336	0.000137766	4.08199e-05	0.000271294	5.20374e-05	8.79901e-05	7.12247e-05	0.0717872	0.000168681	0.0157648	
0.000146269	0.00270913	0.000145252	0.00104321	0.0186201	8.12041e-05	0.000836293	0.383855	0.0105009	0.257807	0.0257139	0.00609482	0.000281724	0.00508456	0.000175621	0.000324982	0.00049235	0.282295	0.00160846	0.00218463	
0.737123	0.0917104	7.02733e-05	0.00015904	0.000160802	0.0328626	0.0225493	0.000280343	0.00613285	0.000318216	0.0111549	0.000651644	1.85658e-05	0.0272029	6.89963e-05	0.0340503	0.0177753	0.0173079	4.63087e-05	0.000355834	
0.735718	0.0928245	7.01604e-05	0.000159519	0.000159927	0.032652	0.0226426	0.000302606	0.00613848	0.000310729	0.0113763	0.000653416	1.83487e-05	0.0274645	6.89961e-05	0.0339515	0.0177188	0.0173609	4.54446e-05	0.000363295	
0.000220277	0.00776516	0.0701239	0.00111644	0.0101997	0.0596673	7.44657e-05	0.0408887	0.000838359	0.00185826	0.0141948	0.0437866	0.698793	0.00471982	0.00313045	0.00263546	0.000131419	0.00734818	0.0077445	0.0247634	
0.00364872	0.0231339	0.00374251	0.552783	0.0171933	5.95027e-05	0.00197928	0.0216073	7.45996e-05	0.0808104	0.260675	0.00448126	0.00360166	0.000116206	0.00571455	0.002066	0.00437107	0.000108479	0.00641291	0.00741964	
0.00117879	0.0189162	0.000185091	0.000344286	0.00049119	8.48923e-05	0.000374691	0.546229	0.00494061	0.0628481	0.0338741	0.000133697	0.000101941	0.00105841	0.00170876	0.000395045	0.0103664	0.293911	0.0010551	0.0218021	
0.118763	0.000221283	0.0523222	0.25943	0.0084537	0.001397	0.0110595	0.000197337	0.4224	5.81405e-05	0.000282593	0.0302626	1.0103e-05	0.0518937	0.030289	0.00550638	0.00714463	7.00468e-05	0.000183726	5.59328e-05	
0.310378	0.00278534	0.000217765	0.071839	0.00888906	0.0010888	0.0557601	8.41392e-05	0.179987	0.0170227	0.0046581	0.0563004	1.06876e-05	0.0674446	0.0853844	0.0121796	0.0285564	0.0181661	0.0656162	0.0136319	
0.000413219	0.000198158	0.000730436	0.000699639	0.190973	0.000287286	0.000508949	0.125067	0.000865777	0.180191	0.243046	0.00147463	0.000124639	0.000594011	0.000102034	8.84971e-05	0.0143447	0.239876	0.000231328	0.000184078	
0.0451445	0.00205729	0.00248111	0.122838	0.0358939	0.0037684	0.0107084	0.0400696	0.0838373	0.0565012	0.22561	0.028995	6.92339e-06	0.0969867	0.0616335	0.0208842	0.0568337	0.0909592	4.93499e-05	0.0147419	
0.140684	7.95674e-05	0.081673	0.275994	6.89818e-05	0.00890118	7.29936e-05	0.0042827	0.272762	0.00447201	0.0234375	0.0319077	1.67313e-05	0.0295162	0.00342124	0.09759	0.0228003	0.00207068	0.000171192	7.86155e-05	
0.270164	0.0116087	0.058938	0.109984	0.00540959	4.92061e-05	0.000419222	0.0141938	0.44866	0.0046468	0.0017282	0.0199394	3.37751e-05	0.0190434	0.0187268	0.0040744	0.00364229	0.00482732	0.00359566	0.000315623	
0.0066032	0.00561267	0.0304443	0.164117	0.0121549	0.00316356	0.661825	1.94939e-05	0.0236864	5.20524e-06	0.00992977	0.0101078	2.51962e-06	0.026245	0.00232526	0.00441804	0.0135368	0.00723503	2.95391e-05	0.018539	
0.000234853	0.0071037	0.0732086	0.0038145	0.0130371	0.0661329	9.49026e-05	0.0382713	0.00568496	0.00143505	0.0199407	0.0354853	0.670251	0.00373566	0.00328558	0.00253325	0.000101744	0.0091053	0.00698285	0.0395603	
0.000192773	0.020919	0.68106	0.0386348	0.0286088	7.52557e-05	8.02771e-05	0.00445382	0.000371029	0.0925845	0.0796453	0.00556152	0.0187154	0.000457652	0.00906802	0.00291337	0.00427012	0.000209248	0.0121	7.89514e-05	
8.67946e-05	0.0208261	0.0001233	0.000120153	0.000162739	4.62639e-05	0.0749773	0.120468	0.000825086	3.87822e-05	0.000319356	0.000512688	0.0996763	0.0190194	0.000623618	0.000600982	0.000298897	0.634965	0.0160303	0.0102796	
0.0208123	0.00205707	0.486529	0.164562	0.00186688	0.0043832	0.0220547	0.00987227	0.0508439	0.00742515	0.0123322	0.0557828	0.0507115	0.0458487	0.00904846	0.0157185	0.0309548	0.00478126	0.00297795	0.00143828	
0.000969242	0.0176469	0.000812684	0.00300751	0.000209756	0.000464035	0.0013218	0.763634	0.000799415	0.0412858	0.0612222	0.000136242	0.0012705	0.00106657	0.000152208	0.000148857	0.00107076	0.0753816	0.00458471	0.0248155	
0.00175196	9.4665e-05	6.45255e-05	0.0113367	0.119808	0.000839531	0.0159626	0.00167568	0.0344119	0.00218032	0.0124225	8.74815e-05	0.000145877	0.00028316	0.00014401	9.57148e-05	0.0256649	0.0566526	0.138004	0.578374	
0.0629194	0.0196464	0.00020538	0.000258582	0.000155466	7.0481e-05	0.000495657	0.147428	0.00295527	0.129595	0.000676901	0.00117123	0.000107019	0.00110607	0.000131114	0.00265092	0.267791	0.338382	0.00096192	0.0232926	
0.611347	0.0466269	0.000189474	0.000213847	0.00963643	0.0704328	0.0239958	0.0330002	0.0348243	0.00938599	0.0656541	0.0303774	6.76625e-05	0.0330232	0.00013024	0.000315653	0.00015782	0.0100184	0.00100245	0.0196007	
0.395175	0.257082	0.000201562	0.0125341	0.00251802	0.0241549	0.0237643	0.00547679	0.000830654	0.000972202	0.0130747	0.0958562	5.34369e-05	0.00847566	0.00018832	0.141947	0.0158205	0.000156911	0.000482308	0.00123561	
0.000388124	0.00732972	0.00027811	0.00790784	0.00244615	0.000180283	0.000108034	0.523033	0.0665473	0.204618	0.0372169	0.000850443	4.00893e-05	0.00772539	5.48261e-05	0.000191025	0.000233131	0.12487	0.00124459	0.0147368	
0.00734669	1.93794e-05	0.308648	0.570677	1.55349e-05	2.94006e-05	0.000690151	0.0150492	0.0068552	1.03843e-05	0.0482765	0.00014684	0.00142429	0.00616909	0.00611285	0.028399	9.03809e-06	7.39093e-05	3.12425e-05	1.62829e-05	
0.00277699	0.0369702	7.33726e-05	0.0534116	0.0022623	0.0640033	0.279795	0.00024162	0.3238	0.000162543	0.0122079	0.000117343	0.000101314	0.0920392	0.0725118	3.91915e-05	0.0105168	0.000104442	7.38233e-05	0.0487909	
0.000501258	0.0249515	0.120206	0.000165619	0.042162	0.00029304	6.5074e-05	0.000204347	8.25922e-05	0.0883324	0.0635158	0.580286	0.0302838	0.0263361	0.0104239	0.000155249	0.00140455	0.000806191	0.00975325	7.12104e-05	
0.00734669	1.93794e-05	0.308648	0.570677	1.55349e-05	2.94006e-05	0.000690151	0.0150492	0.0068552	1.03843e-05	0.0482765	0.00014684	0.00142429	0.00616909	0.00611285	0.028399	9.03809e-06	7.39093e-05	3.12425e-05	1.62829e-05	
0.00684071	0.00181688	0.0427774	0.0184942	0.00419556	0.000126572	0.508892	0.00346102	0.167841	0.000166195	0.0217981	0.123079	7.00261e-05	0.0591953	0.00507318	0.00111742	0.000562873	0.0272533	1.15053e-28	0.00723924	
0.0783622	0.00562104	0.000340926	0.000166519	0.00118189	0.487735	0.00855701	0.0462113	0.0373899	0.0630905	0.0649407	0.010732	0.000187745	0.0287708	4.80522e-05	0.00144702	0.000430203	0.000172897	0.000258873	0.164356	
0.0312749	1.60657e-05	2.63134e-05	0.0114172	0.0221772	0.10713	1.31482e-05	0.000162986	0.0327819	3.79124e-05	0.0203631	2.66502e-05	0.0180231	0.0127252	0.0557183	0.000463306	0.00778622	0.00114679	0.00267005	0.67604	
0.0206007	0.0229634	0.00936841	0.0170465	0.00012947	0.00677308	0.0535158	0.68783	0.000713025	9.32342e-05	0.00165121	0.000180932	0.110424	0.0237528	0.000445699	0.000192975	0.000163961	0.0085423	0.0173235	0.018289	
0.000570328	0.0818919	0.000594025	0.00275622	0.0100788	0.000121793	0.0046175	0.168694	0.00251964	0.0924594	0.0613933	0.000835369	8.41727e-05	0.00363905	0.0462547	0.000121669	0.0113791	0.47173	0.00044517	0.0398135	
0.0264636	0.0286749	0.0393213	0.0195714	0.000346073	0.0123747	0.00105036	0.00753405	0.0324495	0.740451	0.0015485	0.0319548	0.000117283	0.00062854	0.000260621	0.000323188	0.022635	0.00932985	0.000364069	0.0246017	
0.444886	0.00957072	3.20377e-05	4.0252e-05	0.0123484	1.89138e-05	0.0467104	0.001831	0.356541	0.00410016	0.0130738	0.00688122	1.59219e-05	0.0047942	0.0499887	3.37484e-05	0.000152047	0.00179987	0.00493179	0.0422498	
0.116801	6.16208e-05	0.0149555	0.0105007	0.0626039	4.30668e-05	8.11181e-05	0.00219948	0.117663	7.48751e-05	0.00335937	0.00693268	2.81537e-05	0.000178201	0.513973	0.000162919	0.00132965	0.0246669	0.000148586	0.124235	
0.00690738	0.024031	0.00178193	0.000969672	0.000124465	0.000597138	0.000102325	0.420384	0.000527696	0.17762	0.296204	0.00045763	6.19447e-05	0.0249308	4.86421e-05	0.000204779	0.00881702	0.0134301	0.000353278	0.0224464	
0.0457037	0.00320015	0.000238002	0.0408529	0.51201	0.00996732	0.000165085	0.000144654	0.0309828	4.85675e-05	0.0441701	0.000367144	0.119167	0.020907	0.00301721	0.000120983	0.0486442	0.000232804	0.00371436	0.116346	
0.000108919	6.57217e-05	8.835e-05	0.000139371	0.0345835	0.664923	0.000584957	0.00315697	0.00237899	0.000382103	0.0425378	0.0192765	0.000117596	0.0506122	0.0143086	0.000111601	0.00319158	0.00015346	0.000149722	0.163129	
0.000159509	6.31825e-05	0.011226	0.0765073	0.016953	0.000862334	0.105018	0.0013184	0.000226088	0.0112808	0.00090179	4.75198e-05	6.47635e-05	0.0275716	8.97922e-06	0.011494	0.66035	0.0222131	0.0135495	0.0401848	
0.207062	0.013577	0.000726623	8.57894e-05	0.0379942	0.000532677	8.55476e-05	0.000133083	0.692705	0.00106494	0.000253718	0.00639921	0.000282543	0.00260395	0.0203259	0.00015248	7.53775e-05	0.0129673	0.00178795	0.00118455	
