0.0206721	4.6983e-05	0.000194043	0.0531849	0.675133	0.0349118	0.000104576	0.000179193	0.0499238	0.00524032	0.0209183	0.000245866	0.0433161	0.0416592	0.0089131	0.00454985	0.0089508	0.000163848	0.0103256	0.0213669	
0.00443805	0.0439234	0.00329144	0.0175352	0.593779	0.000365527	0.000374749	0.0627749	0.0123455	0.0386084	0.000362982	0.00101426	0.00020384	0.00459738	0.000161468	7.09269e-05	0.00070589	0.0224926	0.192903	5.23056e-05	
5.88201e-05	0.0601322	8.32259e-05	8.52783e-05	5.53764e-05	3.30402e-05	0.0217741	0.0549116	0.00230291	0.000779598	0.000100751	0.000426759	0.0125143	0.0138266	0.000589725	0.000197595	0.00633373	0.752989	0.0619895	0.0108154	
0.0484056	0.000175432	0.000166631	0.000197245	0.0581541	0.570008	0.0245935	0.0801528	0.0392034	0.0506956	0.0340744	0.0374455	0.000138969	0.0339908	4.4107e-05	0.000140623	0.000366683	0.000988486	0.00030248	0.0207559	
0.00548757	4.55397e-05	7.3202e-05	9.60824e-05	0.0595027	0.670246	0.015906	0.0822286	0.021703	0.045568	0.0237655	0.0368984	0.000608341	0.0190329	1.50342e-05	6.16969e-05	0.00163256	4.94437e-05	0.000106005	0.0169738	
0.0332539	6.77644e-05	0.0447763	0.0591307	0.0360178	5.34274e-05	0.0125773	0.0557017	0.0214883	0.000740126	0.017443	0.0438548	0.00788647	0.0398905	2.40142e-05	9.89312e-05	0.0269444	0.0571452	0.520089	0.0228168	
0.0141969	0.528404	0.0252504	0.0281928	2.23955e-05	2.37359e-05	0.0063609	0.0932346	0.011448	0.0239171	0.0201176	0.0334045	0.00587167	0.110557	2.36246e-05	1.10517e-05	0.0200061	0.0789175	2.69802e-05	1.32631e-05	
0.00416751	0.0310349	7.85774e-05	0.0281997	0.057086	0.0531709	0.0103945	0.00016978	0.000103576	0.000831162	0.0352481	0.701202	0.00010877	0.000249194	0.00022969	9.36513e-05	0.0120012	0.0293818	0.0362155	3.30264e-05	
0.0575088	0.0323801	9.93781e-05	0.000228739	0.0444589	0.0179589	8.23853e-05	0.000113548	0.200745	0.0153431	0.000590354	0.365265	0.142692	0.000513373	0.000125535	7.09748e-05	0.0547737	0.024751	0.0422559	4.29774e-05	
0.000202132	0.000129327	0.268554	0.000285934	0.00175684	0.00834364	0.000164651	0.000162567	0.000111694	0.00217702	0.000738801	0.0880429	7.71377e-05	0.0406752	0.00176821	0.218075	0.365242	0.00102039	0.00238548	8.6649e-05	
0.0371067	5.99116e-05	0.000328163	0.009531	0.0131857	0.019395	5.11484e-05	0.0234393	0.596057	0.059449	0.000176098	0.000194067	2.35499e-05	0.0552961	0.0685744	0.0164841	0.083346	0.0136265	6.90891e-05	0.00360655	
0.0909796	3.68802e-05	0.130442	0.249367	3.47562e-05	0.0237308	0.00342444	1.46453e-05	0.217519	0.00209433	5.63752e-05	0.0738051	0.00688081	0.0852132	0.00138784	0.0693828	0.0435016	0.00205674	5.18536e-05	1.94851e-05	
0.0197361	5.07136e-05	0.0807178	0.551848	0.020656	0.000520896	0.0093598	3.16833e-05	0.0164585	0.00404045	0.0187094	0.00352229	1.86057e-05	0.0736441	0.000510396	0.190628	0.00566925	0.00372172	0.000112584	4.33197e-05	
0.0307852	0.0432409	0.000174512	0.00065481	0.0001973	0.000144791	0.000250754	0.422681	0.0284955	0.0692458	0.0393641	0.0751666	6.79229e-05	0.0395518	0.000117526	9.76486e-05	0.0590578	0.177626	0.0123765	0.000703255	
0.0499952	0.0133534	0.124482	0.109687	7.67954e-06	0.0168717	0.00808115	2.36778e-05	0.414169	0.00452471	3.17978e-05	0.059644	9.81058e-06	0.12202	0.00899759	0.0341551	0.0304084	0.00351703	1.13147e-05	1.01082e-05	
0.0909796	3.68802e-05	0.130442	0.249367	3.47562e-05	0.0237308	0.00342444	1.46453e-05	0.217519	0.00209433	5.63752e-05	0.0738051	0.00688081	0.0852132	0.00138784	0.0693828	0.0435016	0.00205674	5.18536e-05	1.94851e-05	
0.0460355	0.00803353	2.71526e-05	0.0157543	0.00429044	0.211098	0.0247905	0.472743	0.00629981	0.207585	0.00075689	5.05415e-05	1.28132e-05	3.4329e-05	1.44508e-05	0.000290551	0.000927744	0.000147684	0.00108719	2.07857e-05	
0.0267059	0.0206811	0.000106309	4.55667e-05	0.0317423	0.0064288	0.000121118	0.39276	0.000229772	0.0476736	0.0404934	9.68266e-05	1.76268e-05	0.000216053	1.22506e-05	0.00833568	0.0174108	0.390543	9.57825e-05	0.0162845	
0.0909796	3.68802e-05	0.130442	0.249367	3.47562e-05	0.0237308	0.00342444	1.46453e-05	0.217519	0.00209433	5.63752e-05	0.0738051	0.00688081	0.0852132	0.00138784	0.0693828	0.0435016	0.00205674	5.18536e-05	1.94851e-05	
0.0479176	0.00640844	0.032177	0.0603205	0.0317239	0.0396781	0.126661	0.00284544	7.28108e-05	0.0124736	0.205158	0.18174	1.8829e-05	0.0784853	0.0127651	0.028114	0.0899433	0.0211048	0.0223766	1.61309e-05	
0.00864406	0.000287873	0.0120471	0.0104804	0.203493	0.00146517	0.00062611	0.047356	0.00120618	0.604239	0.078634	0.00189817	0.000183351	0.000386238	6.75727e-05	0.000145768	0.000494229	0.0121302	0.0162159	1.0797e-37	
0.112266	0.00526554	0.00522043	0.0259616	0.00436454	0.0286127	0.0257614	0.0144072	0.224462	0.0238801	0.0781068	0.22709	0.000832797	0.0458217	0.0405253	0.0616893	0.0428346	0.0220931	0.00211987	0.00868457	
0.0909796	3.68802e-05	0.130442	0.249367	3.47562e-05	0.0237308	0.00342444	1.46453e-05	0.217519	0.00209433	5.63752e-05	0.0738051	0.00688081	0.0852132	0.00138784	0.0693828	0.0435016	0.00205674	5.18536e-05	1.94851e-05	
0.497261	0.0147817	0.000182092	0.0187799	0.000209745	0.16402	0.000369844	0.000279576	0.00217259	0.0176381	0.00513779	0.109307	0.00503291	0.00421909	8.92881e-05	0.102366	0.0347823	0.0219227	0.000999927	0.00044884	
0.0278941	4.54705e-05	0.167335	0.10943	0.000705385	0.0101234	0.046033	0.00300917	0.151137	1.70112e-05	0.00261635	0.0599958	0.273521	0.0422791	0.00223565	0.0530562	0.0430819	0.00738431	8.39086e-05	1.57813e-05	
0.00802987	0.0184435	0.0495036	0.000376793	0.0769302	0.0363012	0.00042489	0.306173	0.0155207	0.252244	0.000414321	0.0661842	6.82353e-05	0.000308845	0.0191815	0.000172579	0.0178312	0.129907	0.00137618	0.000607138	
0.0278941	4.54705e-05	0.167335	0.10943	0.000705385	0.0101234	0.046033	0.00300917	0.151137	1.70112e-05	0.00261635	0.0599958	0.273521	0.0422791	0.00223565	0.0530562	0.0430819	0.00738431	8.39086e-05	1.57813e-05	
0.0278941	4.54705e-05	0.167335	0.10943	0.000705385	0.0101234	0.046033	0.00300917	0.151137	1.70112e-05	0.00261635	0.0599958	0.273521	0.0422791	0.00223565	0.0530562	0.0430819	0.00738431	8.39086e-05	1.57813e-05	
0.0265092	0.00252951	0.123243	0.0740295	0.00516022	0.013752	0.0164397	0.00900136	0.266706	0.00528024	9.52186e-05	0.284802	0.0158023	0.0271459	0.0115389	0.0332833	0.0432128	0.0400631	2.05886e-05	0.00138582	
0.0869671	0.0869342	0.00017012	0.000234259	0.000151253	0.000107384	0.0035756	0.0189734	0.000439932	0.0116897	0.00103284	0.00917709	4.77712e-05	0.0347063	0.000188477	0.0155679	0.358685	0.369761	0.00129367	0.000297217	
0.00479715	0.00269639	0.139081	0.685986	0.0727432	0.00559571	0.000910974	2.60165e-06	8.49807e-06	0.0175961	8.09581e-06	5.61983e-06	7.51318e-07	0.0471585	2.27496e-06	1.24022e-06	0.00523872	3.49189e-05	0.0174604	0.000671381	
5.72367e-05	0.0588494	8.83678e-05	9.13576e-05	5.7986e-05	3.39801e-05	0.02065	0.0542678	0.00227404	0.0008704	8.96418e-05	0.000227734	0.0133608	0.0133432	0.000504985	0.000126958	0.00691553	0.754059	0.0636746	0.0104574	
0.0745565	0.000963552	0.000354242	0.000488789	0.0165882	0.000157013	0.00219388	0.0594635	0.0210416	0.0219702	0.000676497	0.00130486	0.000346367	0.0220451	0.00108003	0.000277223	0.000457116	0.699553	0.0295462	0.046936	
0.000181612	0.0618107	0.00011411	0.000116474	4.44244e-05	4.81998e-05	0.00106511	0.552615	0.000653134	0.0125833	9.70135e-05	0.000212255	0.000154046	0.00352658	7.10812e-05	0.000258754	0.000220783	0.351167	0.0008435	0.0142164	
0.435879	0.140137	0.00020131	0.000550829	0.0556696	0.121824	0.022013	6.54017e-05	0.0387798	0.000472032	0.0430869	4.33574e-05	1.12895e-29	0.0381438	1.20695e-05	0.10269	6.99836e-05	0.000179796	9.51981e-05	8.64534e-05	
0.0548101	0.0220146	0.000592475	0.000913912	0.000859066	0.000283069	0.000112163	0.0137607	0.00165454	0.00011318	0.00184143	0.0016016	0.791361	0.000405049	5.77011e-05	0.0132897	0.035027	0.057616	0.00275265	0.000933862	
0.0377823	0.0020608	0.00218272	0.00226509	0.00219796	0.00170826	0.000146547	0.000771178	0.00332456	0.000157393	0.0183653	0.000960396	0.736744	0.0361593	9.30268e-05	0.0511445	0.060809	0.0351554	0.00629131	0.00168061	
0.115135	2.48279e-05	0.00702188	0.0214458	0.0436686	2.52402e-05	0.0303148	4.17431e-05	0.151433	0.00152274	0.107364	0.429007	0.00320946	0.0182648	0.000829929	0.026386	0.0188338	0.00693745	2.11906e-05	0.0185127	
0.0130263	0.0453395	0.000253262	0.000820446	0.000224538	0.000206182	0.000332142	0.262921	0.000257948	0.150376	0.120416	0.000119875	0.122796	0.00147397	5.07206e-05	5.75705e-05	0.0204109	0.227068	0.0116024	0.0222477	
0.0983985	0.000133894	0.00794243	0.000207708	0.0885418	0.000458575	0.146156	0.000953822	0.0838068	7.37288e-05	0.0283469	4.97337e-05	3.7452e-05	4.43431e-05	0.000100155	0.000225607	0.0248962	0.000489893	0.0417457	0.477391	
0.0769947	0.0059292	0.000545878	0.000256698	0.00355459	0.00855729	0.000251299	0.350934	0.00133033	0.492989	0.000171756	0.00144402	5.57396e-05	0.000436259	3.89802e-05	0.000106258	0.00181634	0.0508263	4.87078e-05	0.00371214	
0.034942	0.000192322	0.321911	0.0324148	0.00014942	0.00729662	0.0110563	0.0552331	0.0262057	0.0452425	0.104957	0.0206916	0.158701	0.0745785	2.66921e-05	0.0545936	0.0282377	0.0234417	9.24749e-05	3.52409e-05	
0.0589455	0.00440398	0.00856829	0.0873213	0.0265632	0.00612852	0.0110706	0.0109385	0.278421	0.0328014	0.0721194	0.019279	0.00643328	0.132807	0.120069	0.0269096	0.0232138	0.00344422	0.0127601	0.0578021	
0.138392	0.490281	0.000135275	0.00010519	4.27634e-05	0.002705	0.000315656	0.0107788	0.00288326	0.0126745	0.0222128	0.000721372	7.09217e-05	0.0027984	2.47953e-05	0.0234331	0.034709	0.257307	0.000118798	0.000290251	
0.0589455	0.00440398	0.00856829	0.0873213	0.0265632	0.00612852	0.0110706	0.0109385	0.278421	0.0328014	0.0721194	0.019279	0.00643328	0.132807	0.120069	0.0269096	0.0232138	0.00344422	0.0127601	0.0578021	
0.0793657	2.44349e-05	0.254569	0.36889	3.4148e-05	0.0196527	0.00352154	3.32384e-05	0.0476142	0.000211838	0.00419742	0.0524182	0.00126096	0.086047	0.0014538	0.0736805	0.00694363	2.35209e-05	4.65623e-05	1.23256e-05	
0.0239748	0.0260682	0.00607469	0.103546	7.88142e-05	2.83796e-05	0.0440264	0.0580928	0.367565	0.0402433	0.0185223	0.0697229	4.08481e-05	0.123984	0.0190916	0.0295926	0.0496668	0.0195422	9.96947e-05	3.85311e-05	
0.0934965	0.0149546	0.000662988	0.00172276	0.000166	0.000493315	0.000154764	0.0905379	0.000994788	0.357439	0.152095	0.147888	4.90467e-05	0.00042223	4.64127e-05	0.00890908	0.00338062	0.121395	0.000901486	0.00429078	
0.0265092	0.00252951	0.123243	0.0740295	0.00516022	0.013752	0.0164397	0.00900136	0.266706	0.00528024	9.52186e-05	0.284802	0.0158023	0.0271459	0.0115389	0.0332833	0.0432128	0.0400631	2.05886e-05	0.00138582	
0.000414531	0.000140022	0.000418619	0.000491532	0.23472	0.000191596	0.000657192	0.457759	0.00130436	0.00843686	0.0278726	0.000263779	0.000358577	0.00944562	0.000184793	0.000125003	0.0027539	0.175617	0.0199946	0.0588506	
0.125236	0.00444211	0.06137	0.186774	0.118954	0.0381251	0.0231634	0.00528833	0.133026	0.0151675	0.00466358	0.033297	1.66807e-05	0.101739	0.00340815	0.0358025	0.030088	0.0214385	0.0243986	0.0336013	
0.000836796	4.60149e-06	0.00205328	0.00071469	9.54392e-05	1.73327e-05	0.00273673	0.34481	0.00479265	0.0712864	0.000127095	0.0656629	0.000169937	0.000476912	4.81907e-06	1.60416e-05	0.0820996	0.366343	0.041264	0.0164874	
0.49345	0.106519	0.000151242	0.000215367	0.0349084	0.10968	0.0232385	0.000264676	0.0383356	0.00063658	0.0417442	0.000155719	1.96223e-05	0.0348076	3.90289e-05	0.115151	0.000104218	0.000133985	0.000130749	0.000315114	
0.655948	0.000520332	0.000173961	0.000419467	0.00233975	0.0723419	0.0375225	0.0289678	0.0521164	0.00247326	0.0443891	0.0446126	5.80299e-05	0.038615	0.000519141	0.0106135	0.000178465	0.00560902	0.00111825	0.00146321	
0.000350553	0.0607335	0.00026159	0.0191401	0.0116417	6.73264e-05	1.46202e-05	0.00979138	4.0902e-05	0.000679838	0.0449865	0.0173877	2.82101e-05	0.760731	3.28832e-05	0.0126012	0.0255053	0.000158587	0.0277514	0.00809554	
0.000679654	0.0358912	0.104713	0.000209919	0.0421165	0.000365583	6.53589e-05	0.000178706	9.61513e-05	0.0564853	0.0316984	0.616353	0.0132402	0.0401217	0.015929	0.000159253	0.000175571	0.000553051	0.0409121	5.6383e-05	
0.12978	0.538903	0.000316332	0.000355082	3.26822e-05	0.00199385	0.0016174	0.00929203	0.0035625	0.0142405	0.0190395	0.000458901	6.06712e-05	0.00608364	1.6315e-05	0.0225483	0.0295995	0.221986	7.33719e-05	4.02639e-05	
0.000448773	0.000109934	0.029026	0.000160182	0.159835	0.00582869	0.039514	0.0301165	6.37834e-05	9.67011e-05	0.000194471	0.0396145	9.626e-05	5.78485e-05	5.21886e-05	0.0619588	6.44844e-05	0.000158778	0.0217147	0.610888	
0.0265092	0.00252951	0.123243	0.0740295	0.00516022	0.013752	0.0164397	0.00900136	0.266706	0.00528024	9.52186e-05	0.284802	0.0158023	0.0271459	0.0115389	0.0332833	0.0432128	0.0400631	2.05886e-05	0.00138582	
0.0235171	0.000135807	6.38632e-05	0.0943984	0.00982122	0.0660149	0.000793344	0.0134505	0.406899	5.28232e-05	0.000272081	0.0482993	0.000108826	0.105198	0.0169066	0.0175709	0.0549993	0.139878	0.00127651	0.000343881	
0.193214	8.05069e-05	0.0837937	0.0873214	0.000204494	0.126208	0.00900512	0.00013553	0.413434	0.00126862	0.000364386	0.00312603	0.0283194	8.50251e-05	2.88824e-05	0.0319473	0.0102086	0.0108941	0.000266119	9.40375e-05	
0.0148362	0.00194829	0.0188294	0.000141073	0.00902031	0.0498672	0.0159188	8.22578e-05	0.351208	0.000173849	0.08436	0.288161	0.0309682	0.0217039	4.15821e-05	0.0736145	0.0130148	0.0149739	0.00805273	0.00308386	
0.00575097	4.58785e-05	7.50323e-05	0.000105604	0.0594695	0.671204	0.0155232	0.0828502	0.0209201	0.0460733	0.023729	0.0365903	0.000615709	0.0180735	1.27053e-05	6.01636e-05	0.00142379	5.66338e-05	0.000103217	0.0173174	
0.0650665	6.54218e-05	0.000640031	0.0317768	0.450582	0.105722	0.00584657	0.000131056	0.0515887	5.21194e-05	0.0270066	0.000657802	0.00549651	0.0295805	0.00763755	6.99043e-05	0.0716063	0.000137209	0.0249647	0.121372	
0.00746122	0.0344014	0.00772466	0.000619646	0.088559	0.000375414	0.0270174	0.000326342	0.000420621	0.022574	0.00148681	0.000339783	4.99105e-05	0.0414171	0.000158642	0.000191368	0.678171	0.0006844	0.054573	0.0334486	
0.0054352	4.53976e-05	8.33263e-05	9.8338e-05	0.0604833	0.669808	0.0158583	0.0807845	0.0213889	0.0449843	0.0225402	0.0386301	0.0010412	0.0186782	1.27197e-05	6.37338e-05	0.00263055	5.5082e-05	0.000110191	0.0172686	
9.59289e-05	0.0249675	0.00642621	0.701339	0.0207625	3.47556e-05	0.00072271	0.0176605	6.45206e-05	0.0265602	0.0757952	0.00111318	0.00742864	0.000140126	0.00493204	0.0236662	0.0659921	8.76934e-05	0.0217787	0.00043233	
0.000113907	0.0152346	0.000394646	0.0111575	0.000184625	0.0020768	0.000315424	0.511098	0.000190846	0.0283077	0.00014311	0.135743	2.60268e-05	0.0164493	3.64741e-05	2.59844e-05	0.095249	0.160439	0.0224309	0.000382883	
0.0446953	0.00860827	0.0121773	0.000365523	0.00421676	0.0170103	0.000878804	0.00021635	0.00107183	0.00780254	0.0225447	0.0180843	0.000261494	0.0499903	3.52808e-05	0.794845	0.0141728	0.000405066	0.00224629	0.000372076	
0.404708	0.0131407	0.000243306	0.000221079	0.000274297	0.0347284	0.000493469	0.000358702	0.0119102	0.0104571	0.0232517	0.00616318	0.193269	0.00109951	0.000102538	0.00820379	0.0257844	0.253625	0.00873271	0.00323389	
0.0805882	2.48415e-05	0.247063	0.366054	3.33065e-05	0.0198411	0.00366317	3.32891e-05	0.0539362	0.000312322	0.00384382	0.0529402	0.00166367	0.0860198	0.0014057	0.0737019	0.00870083	0.000115126	4.60159e-05	1.39842e-05	
0.195547	0.00737059	0.0134581	0.0962905	0.000107159	0.0226723	0.00734697	0.010407	5.65738e-05	0.000737555	0.544056	0.000289713	0.00557248	0.0682248	2.42848e-05	0.0147076	2.69388e-05	4.08792e-05	0.00971385	0.00334986	
0.0672101	0.00486459	0.000533399	0.000347803	0.00404614	0.00873161	0.00022766	0.361344	0.00119503	0.493688	0.000189334	0.00107174	5.42216e-05	0.000344515	3.50707e-05	0.000121964	0.000432837	0.0511091	5.7772e-05	0.00439522	
0.094325	0.00519494	9.06279e-05	0.0243287	0.000853465	0.0251399	0.0280188	0.0177416	0.551852	0.0295467	0.000215097	0.0218955	1.60542e-05	0.0549792	0.0316499	0.0133035	0.00038197	0.100418	1.56089e-05	3.38109e-05	
0.00947381	0.000958515	0.688843	0.0401576	0.0300253	0.000132578	2.62585e-05	3.95019e-05	2.96226e-05	0.0826585	0.03938	0.0749575	0.00487167	0.00359703	4.07211e-05	0.00299402	4.34761e-05	0.000299587	0.0214485	2.32657e-05	
0.11738	0.127145	0.000179334	0.000982412	0.123061	0.000116605	7.18094e-05	0.135754	0.0127268	0.11774	0.126486	0.0983111	0.000122464	0.00613593	4.80301e-05	0.025019	0.00019181	0.0708484	0.000155151	0.0375246	
0.0119663	7.61679e-05	0.0281926	0.0287017	0.0321464	0.540957	0.027282	0.000220045	0.0507077	0.000140941	0.178225	0.0628401	5.83695e-05	0.0265045	0.00648161	0.00517212	9.51339e-05	7.73862e-05	0.000123532	3.18939e-05	
0.165204	0.151066	0.00010372	7.32706e-05	0.00796342	0.00390119	0.00678392	0.461299	0.015429	0.0562593	0.000560883	0.0101342	5.86686e-05	0.00274307	0.000216031	7.80106e-05	8.67583e-05	0.108192	0.000743686	0.00910364	
0.0278941	4.54705e-05	0.167335	0.10943	0.000705385	0.0101234	0.046033	0.00300917	0.151137	1.70112e-05	0.00261635	0.0599958	0.273521	0.0422791	0.00223565	0.0530562	0.0430819	0.00738431	8.39086e-05	1.57813e-05	
0.0519667	0.00418224	0.00683444	0.0288405	0.00115331	4.12289e-05	0.0117672	0.135187	0.0195397	0.000114774	0.0353163	0.0147022	0.00814932	0.0487116	2.75866e-05	3.67255e-05	0.0251315	0.099981	0.466135	0.0421817	
0.0600569	0.0197145	9.64798e-05	0.000113055	8.74919e-05	9.74009e-05	0.0404434	0.0604891	0.00184255	8.61426e-05	0.00336332	0.000496605	0.000163057	0.0328779	0.00129292	0.00497272	0.0812879	0.664167	0.0175836	0.0107678	
0.000199407	0.0409739	0.00040261	0.000188058	3.81194e-05	8.59189e-05	0.000216885	0.802601	0.000471258	0.0559682	0.000171154	0.000286999	3.18379e-05	0.000119881	2.88844e-05	4.1238e-05	0.000170821	0.0816892	0.000281287	0.0160331	
0.0361952	0.051302	0.0007835	0.00197398	0.000173969	0.000455343	0.000165889	0.164753	0.00104554	0.488468	0.00052647	0.000232474	5.02925e-05	0.0217789	8.03492e-05	0.000105168	0.101148	0.108877	0.00724931	0.0146347	
0.119147	0.0174214	4.44237e-05	0.0112873	0.0145681	0.0187938	0.449154	0.0565637	0.0884932	0.000104183	0.018486	7.45285e-05	2.84542e-05	4.35997e-05	0.00171174	0.0177782	0.0566681	0.116815	0.0127827	3.5262e-05	
0.0127747	8.85529e-05	0.0318226	0.122555	0.0200464	9.88028e-05	0.0197376	0.000126941	0.0362889	0.0258772	0.0383321	0.000143959	0.00160016	0.0764932	2.57604e-05	0.524446	0.00822598	0.0455996	0.0213288	0.0143878	
0.000253346	0.0226651	0.000363705	0.64906	0.0554809	9.96606e-05	0.00242315	0.0283264	0.000101869	0.00396668	0.0442789	0.0364521	0.00136222	0.00308514	0.0011648	0.0310862	0.0624852	0.000179444	0.0393986	0.0177661	
0.152937	0.000159433	0.0293342	0.0063186	0.0367269	5.21913e-05	0.000159717	0.0011665	0.0190734	0.000111889	0.000401057	0.0595336	4.12216e-05	0.0003818	0.650749	0.00032072	0.000206705	0.0326574	0.000119974	0.00954825	
0.0479176	0.00640844	0.032177	0.0603205	0.0317239	0.0396781	0.126661	0.00284544	7.28108e-05	0.0124736	0.205158	0.18174	1.8829e-05	0.0784853	0.0127651	0.028114	0.0899433	0.0211048	0.0223766	1.61309e-05	
0.000471789	0.0152601	0.000128056	0.0133905	0.000371046	0.0611797	7.18923e-05	0.415982	0.101142	0.149184	0.0001167	4.12142e-05	8.03042e-05	0.0158402	1.89739e-05	0.000449176	5.7826e-05	0.202531	0.00365866	0.020024	
0.000548244	0.0430959	7.05638e-05	0.00203683	0.546649	0.00943778	0.0258411	0.0374962	0.00119141	0.056048	0.083439	0.0222239	0.0136285	0.00058718	1.96828e-05	2.6357e-05	0.000411109	9.64598e-05	4.70943e-05	0.157105	
0.0143039	6.37009e-05	0.0146981	0.0335415	0.00999964	0.506003	0.0927328	0.00298047	0.0912523	0.000181256	0.0793416	0.0774037	3.73051e-05	0.0518418	0.0151533	0.00974207	0.00023354	8.44751e-05	0.000164093	0.000241294	
9.55008e-05	0.0249675	0.00642738	0.701462	0.0207625	3.48341e-05	0.000722718	0.0176814	6.47651e-05	0.0266564	0.0754184	0.00111318	0.00742606	0.000140126	0.00493202	0.0236433	0.0661754	8.75189e-05	0.0217569	0.00043233	
0.0285924	0.000114368	0.252289	0.000265309	0.00199416	0.00898627	0.000258462	0.000113968	0.070043	0.00178112	0.0013059	0.0398701	0.0153638	0.000365914	3.15334e-05	0.293538	0.277067	0.000798454	0.00703829	0.000182419	
0.000316853	0.00711451	0.589368	8.20587e-05	0.021011	0.000148416	9.20662e-05	0.00061826	0.000348803	0.0447647	0.0375926	0.196548	0.0104867	0.0348884	0.00242381	0.0289544	0.000579452	0.000231889	0.0243664	6.3607e-05	
0.0197361	5.07136e-05	0.0807178	0.551848	0.020656	0.000520896	0.0093598	3.16833e-05	0.0164585	0.00404045	0.0187094	0.00352229	1.86057e-05	0.0736441	0.000510396	0.190628	0.00566925	0.00372172	0.000112584	4.33197e-05	
0.00844447	5.81245e-05	0.00363283	0.135824	0.198998	0.00398863	0.000145006	0.0866823	0.00131238	0.100165	0.168326	0.103254	3.63879e-05	0.0485535	0.00121907	0.00100271	0.0213242	0.0511507	0.0658548	2.79482e-05	
0.0117886	0.0165535	0.0020683	0.0102433	3.89381e-05	7.21243e-06	0.0198348	0.435669	0.00639202	0.00740273	0.0025173	5.15094e-05	1.9419e-05	0.042912	2.78099e-06	0.0115319	0.00689644	0.426063	7.87942e-06	4.35965e-24	
0.583344	0.000397525	0.000200248	0.00028975	0.0093781	0.181229	0.062794	0.00329105	0.0486521	0.00758445	0.0365233	0.00284664	5.73568e-05	0.0271019	0.00477847	0.0200583	0.00587222	0.000264907	0.00134238	0.00399498	
0.0589455	0.00440398	0.00856829	0.0873213	0.0265632	0.00612852	0.0110706	0.0109385	0.278421	0.0328014	0.0721194	0.019279	0.00643328	0.132807	0.120069	0.0269096	0.0232138	0.00344422	0.0127601	0.0578021	
0.111725	0.0178054	0.0136061	0.00010284	0.0657085	0.00488158	0.0872485	0.0013364	0.559447	0.0182593	0.000116999	7.03775e-05	0.00646324	9.38123e-05	0.00501514	0.00178659	0.000226421	0.0250809	0.0358105	0.045216	
0.112528	0.089011	0.000172867	0.000245488	0.099343	6.82846e-05	0.0138279	0.0200652	0.0135617	0.00281427	0.000376255	0.00186615	0.000133538	0.0375668	0.000317857	0.0096255	0.294839	0.303157	0.000426378	5.30852e-05	
0.0940316	0.00608978	0.00062277	0.0287466	9.97798e-05	0.0257319	0.0284025	0.0123871	0.557374	0.0276891	4.66048e-05	0.0244644	0.00941162	0.0550036	0.0323883	0.0133259	7.19648e-05	0.0840618	1.90431e-05	3.16657e-05	
0.0240378	0.000136899	0.000117716	0.0600183	0.0979653	0.000259784	0.387962	0.0247433	0.00928016	7.72661e-05	0.03161	9.22772e-05	3.93865e-05	0.00693383	0.00766734	0.00903947	0.00426849	0.00754576	0.00745842	0.320746	
0.735584	0.0522327	0.000154909	0.000320551	0.000246835	0.0066469	0.0056093	0.0238299	0.0555443	0.0394426	0.00911204	0.00673491	6.21557e-05	0.0338295	0.000121108	6.67026e-05	0.00840366	0.0190269	0.00171158	0.00131896	
0.000255644	0.0261245	0.000494938	0.000765226	0.000153505	0.000264804	0.000467183	0.230524	0.049016	0.45428	0.0356984	0.000131813	1.08457e-05	0.145796	0.00624572	5.26967e-05	0.00752608	0.0310453	0.00432118	0.00682657	
0.0793657	2.44349e-05	0.254569	0.36889	3.4148e-05	0.0196527	0.00352154	3.32384e-05	0.0476142	0.000211838	0.00419742	0.0524182	0.00126096	0.086047	0.0014538	0.0736805	0.00694363	2.35209e-05	4.65623e-05	1.23256e-05	
0.0850521	0.0640225	0.000116536	0.146313	0.000188111	0.0629565	0.0468325	0.000108752	0.109865	0.0181646	0.000561493	0.114001	2.75188e-05	0.178252	1.72927e-05	0.140941	0.012326	0.0046954	0.00534217	0.0102169	
0.0127769	0.000268019	0.0195319	0.0080049	0.0550489	0.619773	0.0138126	0.0360836	0.0297935	0.0417008	0.0738311	0.0292229	0.00312342	0.0341398	0.000224204	0.000728056	0.00926378	0.000152794	0.000368662	0.0121514	
0.000648245	0.00229268	0.000487754	0.000592037	0.100931	0.000260415	0.00101166	0.0703063	0.000425988	0.528219	0.156145	0.000345147	0.000182465	0.00058286	9.42323e-05	0.00017983	0.000131651	0.135175	0.000943812	0.00104519	
3.15171e-05	0.0111036	0.0316598	2.79959e-05	6.34104e-05	0.0710134	0.0218488	0.030772	0.49485	2.23373e-05	0.0621867	0.125569	5.35275e-05	0.032265	0.00276999	0.070595	0.0402668	0.0047236	6.51984e-05	0.000112182	
4.78978e-05	0.0572227	0.000639901	0.00073206	0.000103863	0.000294431	2.71546e-05	0.0677432	0.000382469	0.00493872	0.000140188	0.000254768	0.0592659	4.54292e-05	1.04791e-05	2.25141e-05	0.00794942	0.740664	0.0453323	0.0141828	
0.0696578	0.0264124	0.000385019	0.000750435	0.000101979	0.000207189	0.0347842	0.549385	0.000429723	5.91372e-05	0.120865	0.000212562	0.00103391	0.0395563	0.000211721	0.000164836	9.63036e-05	0.0673143	0.0680951	0.0202765	
0.493046	4.03149e-05	0.000139494	0.000815182	0.0959822	0.000151477	8.54706e-05	0.00010008	0.0492714	0.109751	0.000143267	0.000203195	0.00817784	0.000420897	6.7907e-05	6.87216e-05	0.0047132	0.0188573	0.16555	0.0524152	
0.000368324	0.05954	0.000388561	0.000471647	7.00636e-05	0.000154524	0.00458036	0.627718	0.000637851	0.00840468	0.00016659	0.000171583	0.00182085	0.0150836	0.000133484	0.000190818	0.000134657	0.22004	0.0477762	0.0121475	
0.000128937	0.000354123	0.0272606	0.000498326	0.000634075	0.00132637	0.197903	0.000174209	0.266344	0.0521312	0.000238534	0.000232993	0.00782211	0.0498853	3.59893e-05	0.0615593	0.306435	0.0253753	0.00095432	0.000706453	
0.0356331	0.00177999	0.0135587	0.245028	0.000163798	0.00112027	0.000105828	0.0142234	0.151336	0.382245	0.000631367	0.131103	4.02621e-05	0.0013275	0.00495361	0.000176588	0.00185602	0.00015898	0.00143672	0.0131222	
0.0283807	2.66468e-05	0.141982	0.7405	2.60592e-05	1.9956e-05	9.04918e-05	0.00363412	0.0235957	2.90072e-05	0.0158845	0.000126163	5.21622e-06	0.0292588	0.000177865	0.0161727	9.66989e-06	2.73325e-05	3.59452e-05	1.66199e-05	
0.00181232	0.0154575	0.0435706	0.584939	0.0422799	0.000781429	3.6221e-05	0.0121756	3.58119e-05	8.29559e-05	0.0234347	0.000706284	2.02005e-05	0.127215	2.62388e-05	0.0184663	0.102893	0.000121405	0.025646	0.000300105	
0.153822	0.000133044	0.0305858	0.00584692	0.0368011	5.17057e-05	0.000153094	0.0011658	0.0192173	0.00010145	0.000397487	0.0604797	4.21884e-05	0.000432044	0.647741	0.000343679	0.00022827	0.0326584	0.000119821	0.00967848	
0.000347952	0.0261655	8.3106e-05	0.7362	0.0141028	0.000107468	0.00033474	0.00887242	0.0774831	0.0317914	0.000689593	0.0292177	0.0026874	0.0146384	0.000458691	0.000773219	0.000228587	0.000216932	0.0547333	0.00086781	
0.563805	0.0031822	0.00308003	0.0480541	0.00294286	0.0175958	0.0188914	0.0174089	0.0326197	0.00273871	0.0188023	0.10077	9.33848e-05	0.0512848	0.000269232	0.104691	0.0104363	0.00021162	0.00110951	0.0020131	
0.000166471	0.000215833	0.0970087	0.000119638	0.0308641	0.448242	0.000538766	0.010504	0.0605953	0.0548632	0.036563	0.190169	0.0144135	0.0406841	3.00653e-05	0.00687402	0.00714952	0.000120743	0.000327101	0.000550762	
0.0239748	0.0260682	0.00607469	0.103546	7.88142e-05	2.83796e-05	0.0440264	0.0580928	0.367565	0.0402433	0.0185223	0.0697229	4.08481e-05	0.123984	0.0190916	0.0295926	0.0496668	0.0195422	9.96947e-05	3.85311e-05	
0.00358449	0.00733207	0.0236606	0.167	0.00796382	0.00988171	0.0215457	0.000130669	0.000152502	0.000190216	0.0405284	0.000468544	2.71403e-05	0.0912424	7.5775e-05	0.00243469	0.603593	0.00202836	0.0153581	0.00280185	
0.00844447	5.81245e-05	0.00363283	0.135824	0.198998	0.00398863	0.000145006	0.0866823	0.00131238	0.100165	0.168326	0.103254	3.63879e-05	0.0485535	0.00121907	0.00100271	0.0213242	0.0511507	0.0658548	2.79482e-05	
0.0506013	0.0299406	0.163833	0.206295	5.48499e-05	1.33525e-05	0.00714265	3.38029e-05	0.113973	1.95164e-05	0.000427652	0.359382	1.18245e-05	0.0432547	0.00183776	2.77964e-05	0.00926545	0.00391316	0.00993603	3.75709e-05	
0.000323436	0.000657346	0.000198368	0.000546929	0.068954	0.000177352	0.00284089	0.0464349	0.029094	0.00695004	0.000310432	0.000640162	0.000582466	0.00297223	0.000465294	0.000218927	0.000873264	0.757387	0.0476101	0.0327631	
0.0151766	0.528267	0.0258037	0.0260097	2.30179e-05	2.24043e-05	0.00488487	0.0901322	0.0114494	0.021576	0.0226629	0.0366479	0.00530101	0.120839	2.25108e-05	1.56665e-05	0.0195256	0.0716004	2.49741e-05	1.49654e-05	
0.125236	0.00444211	0.06137	0.186774	0.118954	0.0381251	0.0231634	0.00528833	0.133026	0.0151675	0.00466358	0.033297	1.66807e-05	0.101739	0.00340815	0.0358025	0.030088	0.0214385	0.0243986	0.0336013	
0.0589455	0.00440398	0.00856829	0.0873213	0.0265632	0.00612852	0.0110706	0.0109385	0.278421	0.0328014	0.0721194	0.019279	0.00643328	0.132807	0.120069	0.0269096	0.0232138	0.00344422	0.0127601	0.0578021	
0.00690858	0.0712433	0.00132554	0.0127479	0.00933587	0.00137733	1.69838e-05	0.0150285	5.03421e-05	0.00106004	0.0550464	0.0202589	1.28959e-05	0.73477	3.05524e-05	0.00844609	0.0307508	0.00402892	0.0208973	0.00666419	
0.00125556	0.0390691	0.0163921	0.00671423	0.000108145	0.00382487	0.000136589	0.0999145	0.000832574	0.299995	0.245299	0.000355929	3.79915e-05	0.000339321	5.26726e-05	0.000209702	0.260321	0.00887331	0.00234631	0.0139224	
0.0499952	0.0133534	0.124482	0.109687	7.67954e-06	0.0168717	0.00808115	2.36778e-05	0.414169	0.00452471	3.17978e-05	0.059644	9.81058e-06	0.12202	0.00899759	0.0341551	0.0304084	0.00351703	1.13147e-05	1.01082e-05	
0.577996	0.00396432	0.0242203	0.040739	0.0167473	0.000125693	0.178457	0.0573578	0.022893	8.8334e-05	0.00354302	0.00157998	0.0226678	0.00028072	0.000102047	0.0109065	0.00551581	0.0247703	0.0076376	0.000407742	
0.0577306	0.0150215	5.04966e-05	5.73267e-05	0.0544998	0.00278907	0.00122581	0.374609	0.0167452	0.0587207	0.0342649	0.00010935	1.11742e-05	0.000125777	0.000301277	0.00376641	0.0135876	0.32987	0.000248982	0.0362645	
0.34591	0.00176285	0.000158377	0.000203631	0.000225608	0.00553611	0.00643603	0.0280157	0.348777	0.0224137	0.00189251	0.167913	2.45745e-05	0.000707165	0.0136497	0.00796984	0.0123147	0.0324768	0.000916713	0.00269571	
0.126711	0.000467412	0.339352	0.153773	0.000146941	0.0153474	4.20525e-05	0.00578843	0.203178	0.00238602	0.000214391	0.0823764	0.0150754	0.017282	0.0101694	0.0255483	0.00185395	7.80418e-05	8.57906e-05	0.000125482	
0.0265092	0.00252951	0.123243	0.0740295	0.00516022	0.013752	0.0164397	0.00900136	0.266706	0.00528024	9.52186e-05	0.284802	0.0158023	0.0271459	0.0115389	0.0332833	0.0432128	0.0400631	2.05886e-05	0.00138582	
0.0198967	0.00899463	0.000275225	0.0119197	0.000138003	0.00350894	0.000206084	0.49562	0.0291229	0.144978	0.000360498	0.000452069	0.0170019	0.00106598	5.73992e-05	0.000119573	0.0090024	0.232942	0.00591161	0.0184267	
0.0265092	0.00252951	0.123243	0.0740295	0.00516022	0.013752	0.0164397	0.00900136	0.266706	0.00528024	9.52186e-05	0.284802	0.0158023	0.0271459	0.0115389	0.0332833	0.0432128	0.0400631	2.05886e-05	0.00138582	
0.0207231	0.0455946	0.551874	0.0578438	0.0175628	0.00621501	6.30263e-05	0.000622353	0.0405373	0.00811483	0.016726	0.0776604	0.0608375	0.0409608	0.000266903	0.0320422	0.00032732	0.000100376	0.0218427	8.51476e-05	
0.0310651	3.06372e-05	0.0455725	0.0663904	0.00896594	4.72088e-05	0.00917458	0.0447417	0.0243225	0.00286452	0.0118718	0.0492032	0.0115027	0.027227	2.23576e-05	9.69095e-05	0.027067	0.0782655	0.552407	0.00916162	
0.0909796	3.68802e-05	0.130442	0.249367	3.47562e-05	0.0237308	0.00342444	1.46453e-05	0.217519	0.00209433	5.63752e-05	0.0738051	0.00688081	0.0852132	0.00138784	0.0693828	0.0435016	0.00205674	5.18536e-05	1.94851e-05	
0.00121362	0.00155441	0.0811059	0.0109095	0.043467	0.0228495	0.0282566	0.000341819	0.337222	0.00019513	0.000580516	0.418639	0.0036913	0.0198509	0.0217024	0.00466912	0.00116698	0.0015717	0.000921424	9.12422e-05	
0.0267059	0.0206811	0.000106309	4.55667e-05	0.0317423	0.0064288	0.000121118	0.39276	0.000229772	0.0476736	0.0404934	9.68266e-05	1.76268e-05	0.000216053	1.22506e-05	0.00833568	0.0174108	0.390543	9.57825e-05	0.0162845	
0.0167686	0.0181022	0.000149729	0.000243685	0.000141168	0.000115575	0.0376128	0.0205835	0.0164651	8.78997e-05	0.000438048	0.00636537	0.00314482	0.0387433	0.0245448	0.0366003	0.0588137	0.685147	0.0209459	0.0149861	
0.000237472	0.0407898	0.000340209	0.000216618	3.80923e-05	0.00013342	0.000180416	0.793268	0.000500206	0.057463	0.000141406	0.000281254	3.12459e-05	0.00012565	3.06604e-05	4.97738e-05	0.000167251	0.089468	0.000504694	0.0160329	
0.613839	0.0236762	0.000167895	0.000251213	0.0690846	8.17888e-05	0.0171127	0.0303053	0.0625191	0.0113748	0.0348462	0.0298888	0.00164283	0.0152107	0.00855455	0.00021909	0.000137962	0.000699873	0.0553091	0.0250785	
0.000603221	0.0281098	0.000225626	0.0002138	0.000142654	0.000102139	0.0306971	0.221647	0.00322163	0.000250438	0.000681232	0.00233613	0.0107895	0.0440332	0.00127593	0.00225209	0.00121695	0.581026	0.0559149	0.0152602	
0.622509	0.0141402	0.000154802	7.69111e-05	0.00401721	4.59746e-05	0.0346536	0.0264732	0.0361374	0.000426593	0.0936786	0.0253749	3.53534e-05	0.0317809	0.0956396	0.00897581	4.72358e-05	8.88535e-05	0.00152695	0.00421702	
0.0501895	0.0323123	0.00134891	0.000118231	0.0133	0.0170959	0.000628335	0.000811486	0.606504	0.114077	0.027225	0.00632106	0.00522287	0.00027396	0.00119373	0.00134499	0.000153379	0.0861015	0.0348936	0.000884493	
0.0339363	0.0119006	0.000131557	0.00016429	0.000129843	6.16341e-05	0.0412694	0.024198	0.0051587	7.92257e-05	0.000850726	0.000957479	0.000162844	0.0359935	0.00160795	0.033927	0.166219	0.616601	0.0179769	0.00867488	
0.621065	0.0140888	0.000152962	7.90303e-05	0.00424463	4.60168e-05	0.0343907	0.0265993	0.0372366	0.000445512	0.0946407	0.0256707	2.80453e-05	0.0316843	0.0949839	0.00903378	4.73168e-05	8.44728e-05	0.0013805	0.00409748	
0.000201765	0.00023449	0.0245687	0.166618	0.00133138	0.000549759	0.0552948	0.000177649	0.000535547	0.00320778	0.00130447	0.000198238	4.49925e-05	0.0551464	0.00391233	0.0521101	0.593949	0.0340035	0.00616199	0.000449423	
0.0577694	0.00588609	0.000404152	0.000626801	0.000644705	0.000201369	8.08761e-05	0.00323256	0.001453	9.55465e-05	0.00476532	0.000247935	0.812495	0.00650217	4.93243e-05	0.0212515	0.0537326	0.029526	0.000562012	0.000473861	
0.058189	0.0277964	0.0660981	0.500881	0.02626	0.00991936	4.61579e-05	0.023747	8.97239e-05	0.000140414	0.0284843	0.0039318	4.21077e-05	0.22669	4.1848e-05	0.00164208	0.00190102	0.0124676	0.010313	0.00131985	
0.00432413	0.0915708	0.00839038	0.0128193	3.1384e-06	0.00322533	1.52062e-05	8.66789e-06	9.78102e-05	0.00349592	0.0906691	0.0320132	6.96699e-06	0.742618	9.10168e-06	9.68067e-06	0.00294333	7.48703e-06	0.000168072	0.00760457	
0.548734	0.0213726	0.000203576	0.000205153	0.00378723	0.000109964	0.0420178	0.00284678	0.0792151	0.00118785	0.00936578	0.0402787	5.7129e-05	0.0219719	0.1487	0.000141582	0.00015835	0.0166161	0.0482292	0.014801	
0.000333818	0.0623213	0.000255084	0.0188818	0.0115973	0.000131826	1.49223e-05	0.00977095	3.9574e-05	0.000676592	0.0455008	0.0175228	2.79172e-05	0.759253	2.89358e-05	0.0125152	0.0248317	0.00016347	0.027949	0.00818379	
0.0283807	2.66468e-05	0.141982	0.7405	2.60592e-05	1.9956e-05	9.04918e-05	0.00363412	0.0235957	2.90072e-05	0.0158845	0.000126163	5.21622e-06	0.0292588	0.000177865	0.0161727	9.66989e-06	2.73325e-05	3.59452e-05	1.66199e-05	
0.059912	0.0196286	9.42048e-05	0.000109594	8.90525e-05	9.71457e-05	0.0404266	0.0604549	0.00185478	8.60898e-05	0.0033928	0.000491015	0.000160556	0.0324015	0.00112592	0.00492795	0.0814084	0.664952	0.0175935	0.010793	
0.125236	0.00444211	0.06137	0.186774	0.118954	0.0381251	0.0231634	0.00528833	0.133026	0.0151675	0.00466358	0.033297	1.66807e-05	0.101739	0.00340815	0.0358025	0.030088	0.0214385	0.0243986	0.0336013	
0.125236	0.00444211	0.06137	0.186774	0.118954	0.0381251	0.0231634	0.00528833	0.133026	0.0151675	0.00466358	0.033297	1.66807e-05	0.101739	0.00340815	0.0358025	0.030088	0.0214385	0.0243986	0.0336013	
0.000132963	0.0383216	0.000217978	0.000114593	0.000137123	7.88981e-05	0.000719504	0.592648	0.000791249	0.188621	0.0282291	0.00139294	0.000114727	0.000546709	0.000102383	0.000384986	0.000404327	0.118434	0.00292597	0.0256815	
0.0499952	0.0133534	0.124482	0.109687	7.67954e-06	0.0168717	0.00808115	2.36778e-05	0.414169	0.00452471	3.17978e-05	0.059644	9.81058e-06	0.12202	0.00899759	0.0341551	0.0304084	0.00351703	1.13147e-05	1.01082e-05	
0.0396545	0.00970191	5.15727e-05	0.0138723	0.115161	0.000373554	0.0763439	0.00708248	0.188249	0.00818799	0.0056586	0.000146753	8.19115e-05	8.06268e-05	0.00663179	3.40294e-05	0.00621791	0.00548253	0.336617	0.18037	
0.00872863	0.0414633	0.00230119	0.0012213	0.0943157	0.000522286	0.00113816	0.179315	0.00243756	0.511869	0.0285114	0.00135165	0.000179187	0.000960705	0.000200157	0.000131797	0.000483702	0.124386	4.77998e-06	0.00047719	
0.133005	0.00907702	0.00986152	0.0177755	7.58354e-05	0.0346632	0.0340969	0.012119	0.233246	0.0186789	0.0635977	0.23192	1.30305e-07	0.0352044	0.0250268	0.0680081	0.0500413	0.0233236	0.000139481	0.000139923	
0.0499952	0.0133534	0.124482	0.109687	7.67954e-06	0.0168717	0.00808115	2.36778e-05	0.414169	0.00452471	3.17978e-05	0.059644	9.81058e-06	0.12202	0.00899759	0.0341551	0.0304084	0.00351703	1.13147e-05	1.01082e-05	
0.115135	2.48279e-05	0.00702188	0.0214458	0.0436686	2.52402e-05	0.0303148	4.17431e-05	0.151433	0.00152274	0.107364	0.429007	0.00320946	0.0182648	0.000829929	0.026386	0.0188338	0.00693745	2.11906e-05	0.0185127	
0.0341025	0.0188936	0.000460972	0.000294728	0.000602703	0.000346605	0.00154814	0.207117	0.122111	0.050534	0.000389805	0.00109289	8.37419e-05	0.0354047	0.00790158	0.0228259	0.0232276	0.463449	0.000837591	0.00877611	
0.000231612	0.0106109	0.190346	0.000141817	0.00389522	0.176145	0.00020558	0.000194433	0.000207446	0.0392074	0.0453665	0.121733	0.0131812	0.038218	2.26398e-05	0.359528	0.000151838	0.00019193	0.000166306	0.000255348	
0.279553	0.00313535	0.170545	0.16199	0.000905246	7.68955e-05	0.000142265	0.000736836	0.0608704	0.0201404	0.000800601	0.0209738	0.150441	0.0738813	0.00872296	0.0150368	0.019709	0.0116464	0.000477652	0.00021611	
0.0793657	2.44349e-05	0.254569	0.36889	3.4148e-05	0.0196527	0.00352154	3.32384e-05	0.0476142	0.000211838	0.00419742	0.0524182	0.00126096	0.086047	0.0014538	0.0736805	0.00694363	2.35209e-05	4.65623e-05	1.23256e-05	
0.0751847	0.0219134	0.000178965	0.000297323	0.00013329	0.00648084	0.0143258	0.100765	0.00214534	0.00353627	0.0350046	0.00047625	0.000211591	0.0361564	0.000433604	0.000181252	0.0333062	0.636426	0.0160799	0.016764	
0.484374	0.00130407	0.0256418	0.00588025	0.0014842	0.00449052	0.00342154	0.0347744	0.00871881	0.00188808	0.2265	0.00503039	6.11866e-05	0.153592	0.00216038	0.0301696	9.14545e-05	0.000131724	0.00994718	0.000338485	
0.0793657	2.44349e-05	0.254569	0.36889	3.4148e-05	0.0196527	0.00352154	3.32384e-05	0.0476142	0.000211838	0.00419742	0.0524182	0.00126096	0.086047	0.0014538	0.0736805	0.00694363	2.35209e-05	4.65623e-05	1.23256e-05	
0.0909796	3.68802e-05	0.130442	0.249367	3.47562e-05	0.0237308	0.00342444	1.46453e-05	0.217519	0.00209433	5.63752e-05	0.0738051	0.00688081	0.0852132	0.00138784	0.0693828	0.0435016	0.00205674	5.18536e-05	1.94851e-05	
0.000251249	0.0410037	8.7262e-05	0.000170177	8.7524e-05	5.35411e-05	0.0005793	0.104364	0.00143818	0.0916138	0.0664823	0.00088182	0.000102287	0.00120399	9.18885e-05	0.00033153	0.478905	0.190152	0.000899462	0.0213006	
0.12872	0.000154697	0.097362	0.00156268	0.0397408	8.76437e-05	0.000126983	0.01609	0.00164398	0.000138717	0.00359554	0.0470912	7.1189e-05	0.0313578	0.56229	0.00426817	0.00233467	0.0458461	0.000374223	0.0171438	
0.000524636	0.0481164	0.00345319	0.000432896	0.000327595	0.00027493	0.0273925	0.743217	0.000342514	0.000109641	0.000767357	0.00051777	0.0118507	0.0398835	0.000168814	0.00043418	0.00018621	0.043144	0.057457	0.021399	
0.00189902	0.0439023	0.00291715	0.00213902	8.53416e-05	0.000624808	0.000400001	0.392452	0.000243421	0.104625	0.0701324	0.000254707	0.000130137	0.333108	7.47238e-05	0.000174609	0.0001083	0.0258757	0.00667466	0.0141782	
0.0845604	0.0437862	0.000156624	0.000183565	0.000283411	8.08689e-05	0.0359414	0.00041113	0.0145485	0.000112851	0.107938	0.0382088	9.10445e-05	0.0357116	0.00339889	0.000225766	0.000207398	0.554369	0.0574729	0.0223116	
0.0161544	0.000201044	0.000238004	0.000370144	0.000242264	0.0689806	0.000242968	0.000161491	0.0708954	0.00101732	0.000377403	0.5898	3.51791e-05	0.000718012	0.000102115	0.0556697	0.19156	0.00229815	0.000836706	9.90174e-05	
0.289094	0.000303433	0.0386365	0.205745	0.00156881	0.258783	0.000254576	0.0431791	0.000764947	0.000228766	0.100073	0.000758242	0.0434836	0.000265054	7.17597e-05	0.0153034	8.09494e-05	0.000134078	0.00106569	0.000205188	
0.193214	8.05069e-05	0.0837937	0.0873214	0.000204494	0.126208	0.00900512	0.00013553	0.413434	0.00126862	0.000364386	0.00312603	0.0283194	8.50251e-05	2.88824e-05	0.0319473	0.0102086	0.0108941	0.000266119	9.40375e-05	
