8.80522e-05	3.83052e-05	0.0137482	0.0036945	0.00500931	0.00857613	0.00344508	0.0306171	0.207629	4.60432e-05	0.000153447	0.00682362	0.0398436	0.0335249	0.19638	0.0365067	0.0757795	0.0444238	0.29024	0.0034329	
0.00625244	0.00577596	0.000121673	0.000255408	9.24947e-05	5.79244e-05	0.000508409	0.570155	0.00127112	0.023253	0.00176342	0.000309779	6.14869e-05	0.0075521	0.00867042	6.85794e-05	0.00011073	0.348911	0.00481107	0.0199981	
0.356457	0.150297	0.00030405	0.000253056	0.00202401	0.296485	0.0225101	0.0171744	0.00109778	0.000225246	0.0290976	0.00163829	5.73347e-05	0.0444248	0.000174386	0.0124575	0.0094327	0.0494031	0.00135125	0.00513523	
0.000440905	0.000158963	0.000390525	0.000534659	0.366599	0.000186282	0.000524393	0.000108481	0.157982	0.286829	0.000360896	0.0276582	0.000188694	0.000905217	0.00212155	4.74285e-05	0.017912	0.1367	0.000210788	0.000141228	
0.000215708	0.018382	0.000218653	0.000208646	0.000103995	0.000102013	0.00134395	0.0237456	0.00228893	0.00897767	0.0100172	0.00260914	0.000514397	0.00862495	0.000271834	0.000825279	0.0020123	0.891546	0.00963645	0.0183556	
0.000461218	0.0133927	0.0463575	0.0748948	0.105494	0.0446927	0.000207614	0.0253504	0.013564	0.000363863	0.159421	0.0218468	0.39634	0.000263482	0.000103534	8.53008e-05	0.000393329	0.0319433	0.0154054	0.0494182	
0.0345594	0.00302602	0.0504921	0.0778323	0.0868275	0.0576932	0.00911876	3.88968e-05	4.40551e-05	4.74843e-05	0.44954	0.0429807	0.0652195	0.0189273	5.15421e-05	0.0034271	8.08336e-05	7.90639e-05	0.00824493	0.0917688	
0.0858319	0.000468148	7.27231e-05	0.0294621	0.0590847	0.0290263	0.0200692	0.000266926	6.08891e-05	0.000179856	0.108649	0.341391	0.000126937	0.00019459	0.000143368	0.0126433	0.000226169	0.0021511	0.00678301	0.303168	
0.082017	0.00271876	0.061365	0.0464592	0.0119205	0.146498	0.00112751	0.000676259	0.038318	0.528636	0.000233666	0.0485437	0.0001665	0.000558309	0.000561896	0.000125951	0.0277977	0.00025867	8.29817e-05	0.00193472	
0.0472024	1.32156e-05	0.17221	0.415178	7.09884e-06	0.0025725	0.0035565	0.000778471	0.0733315	1.44543e-05	7.85511e-05	0.018705	2.3239e-06	0.017286	0.232383	0.00941178	0.0051728	0.00208225	7.09131e-06	7.19288e-06	
0.203247	0.0231525	0.000263026	0.0240417	0.000452335	0.000110297	0.000809165	0.050426	0.000235952	0.38028	0.232883	0.000191105	0.000124651	0.0009976	0.0235014	0.000579207	0.000116657	0.042027	0.000488787	0.0160731	
0.210454	0.000135743	0.00205528	0.276717	0.000449577	0.000119069	0.000295803	0.00015514	0.0187132	0.000551934	0.0383073	0.0222081	3.76318e-05	0.0631774	0.0330479	0.219259	0.113477	0.000286675	0.0004532	9.89253e-05	
0.142636	0.0251941	0.0107813	0.0452431	0.000280601	0.0384112	0.016101	0.0323543	0.00406064	0.667516	0.000830164	0.00287263	8.69412e-05	0.000580293	0.000110588	0.00120134	0.00303305	0.000255648	0.00253314	0.00591818	
0.0514506	0.000781259	0.000182135	9.66966e-05	0.0174941	0.00744656	0.000151509	0.114167	5.50966e-05	0.0288069	0.135058	7.14536e-05	2.62258e-05	0.0282171	0.00165017	2.18356e-05	7.65034e-05	0.611832	0.000474177	0.00194026	
0.0472024	1.32156e-05	0.17221	0.415178	7.09884e-06	0.0025725	0.0035565	0.000778471	0.0733315	1.44543e-05	7.85511e-05	0.018705	2.3239e-06	0.017286	0.232383	0.00941178	0.0051728	0.00208225	7.09131e-06	7.19288e-06	
0.165384	0.0110702	0.00874711	0.143972	0.00164572	0.00518481	0.0220097	0.0667488	0.0764249	0.0524899	0.0685068	0.00573696	1.8546e-05	0.11548	0.139608	0.0104667	0.029634	0.0613784	0.0126161	0.00287783	
0.746456	0.050564	0.014112	0.000412936	0.000288346	0.0157033	0.00103109	0.00116073	0.0263026	0.0125541	0.042627	0.00549184	5.47777e-05	0.0476739	0.00132543	0.0289169	0.000151507	0.00426109	0.000258659	0.000654232	
0.126948	0.000751481	0.0016232	0.0102843	0.0196445	0.031547	0.00029147	0.000327031	0.432844	0.0125768	0.000504585	9.89695e-05	0.000176328	0.0494664	0.25113	0.000145655	0.000256995	0.00920385	0.00017934	0.0520008	
0.217371	0.0026545	0.0869633	0.249852	0.00757525	0.0314291	0.0176603	0.00466055	0.049424	0.0152422	0.00909287	0.019329	0.0038671	0.130022	0.0709092	0.0324311	0.0415113	0.00571961	0.00280522	0.00148116	
0.193883	1.13044e-05	0.0592172	0.262486	0.000420815	0.0218742	0.0440084	0.0186505	0.0988299	0.0105499	0.000682338	0.00664098	0.0170158	0.0971038	0.0627486	0.0221704	0.0181052	0.0480017	1.04338e-05	0.0175899	
0.375972	0.0792697	0.140019	0.0485451	0.00359307	0.144949	0.0125283	0.00195335	0.000216015	0.000635197	0.000464581	0.078466	0.0525004	0.0169501	0.00635897	0.00995573	0.0209137	0.00617938	0.000419957	0.00011057	
0.00702971	0.00821444	0.598991	0.0663971	0.0388229	0.0447144	0.0321353	0.0142826	0.00823186	0.000206194	0.000294287	0.0320743	0.0193549	0.052413	0.0362326	0.0326235	0.00571984	9.55017e-05	0.00209645	6.9957e-05	
0.00917634	0.000655039	4.94291e-05	0.0286559	0.0997166	0.000107793	0.14724	0.0735573	0.0882267	0.021589	0.0208413	0.0609978	0.0204956	0.0972217	0.0909166	0.0124387	0.0221085	0.182168	0.000133218	0.0237036	
0.0402479	0.0267499	0.000385478	0.000356021	0.000189153	0.000148972	0.0155422	0.0183697	0.00284322	0.0195004	0.000682341	0.0024797	0.00042788	0.00804107	0.00158042	0.000540443	0.151796	0.678845	0.0100517	0.0212227	
0.0184001	0.0252576	0.000510551	0.000548354	5.30567e-05	0.000202236	7.1715e-05	0.130507	0.000347574	0.0215826	0.000101285	9.71838e-05	1.426e-05	0.000168223	2.99638e-05	3.32704e-05	0.00208051	0.778717	0.000114382	0.0211638	
0.228021	0.0149776	0.000327156	0.000655487	0.000219736	0.0158491	0.00395673	0.0121483	0.000590445	0.0194034	0.0471865	0.00311288	1.62118e-05	0.0109104	0.000222317	0.000591967	0.0186278	0.601306	0.00203054	0.0198459	
0.00016844	0.000576768	0.198218	0.062051	0.000724792	0.00438103	0.0163799	0.000227355	0.000120252	0.000701198	0.000369652	0.000232768	3.79145e-05	0.0401012	0.000183469	0.456133	0.177588	0.0411692	0.000319283	0.000317371	
0.00173394	0.0263354	0.00107065	0.00551831	0.000157534	0.000837346	0.00173263	0.781842	0.000979343	0.0254004	0.0045566	0.00015809	0.000458898	0.00609811	0.000287179	0.000180966	0.000234079	0.109132	0.0126021	0.0206841	
0.0629056	2.29942e-05	0.00288567	0.0182205	0.700668	0.0173871	0.00115497	5.9849e-05	0.0141929	5.81943e-05	0.0719854	0.00139266	0.0480823	0.0197291	0.00662419	3.45224e-05	0.0118984	6.86582e-05	0.0121321	0.0104967	
0.000198358	0.0184123	0.000184975	0.000203905	0.000107564	9.48774e-05	0.00142748	0.0249761	0.00223702	0.00924736	0.00851794	0.00164188	0.000488631	0.00641345	0.000219683	0.000840713	0.00141139	0.897118	0.00920008	0.0170578	
0.000288799	0.000496098	0.049912	0.101058	0.0752153	0.000670359	0.000126839	0.0385197	0.0205779	0.000161428	0.0444275	0.0241488	0.517148	0.000281657	0.0283329	7.44362e-05	0.000163413	0.0398593	0.0107072	0.0478305	
0.0223618	0.0229295	0.00324513	0.000383724	0.00294481	0.000333938	0.0159204	0.00021328	0.068886	0.307077	0.223984	0.000124687	5.10585e-05	0.000749727	0.0352176	4.59273e-05	0.273974	0.000779042	0.000644954	0.0201339	
0.0728496	0.000200901	0.0649138	0.0287143	0.0401992	0.361238	0.00101536	0.01277	0.000194757	0.197115	0.048248	0.169902	0.000123256	0.000762895	4.53817e-05	8.41976e-05	0.00040819	0.000125504	9.39452e-05	0.000996006	
0.19989	0.00250158	0.188627	0.151109	0.000111452	0.0148418	0.00190254	0.00717208	0.0769648	2.68701e-05	0.000109326	0.0184404	0.212034	0.0629606	0.0213094	0.0123916	0.026011	0.00340003	0.000164755	3.12511e-05	
0.0397972	0.00299144	0.0141872	0.0415769	0.00216097	0.138666	0.142713	0.025963	0.0279907	0.00481642	0.000289506	0.270346	0.143611	0.0734837	0.0160643	0.0181877	0.0368192	6.54478e-05	5.57733e-05	0.00021422	
0.0136612	0.0104647	0.0900638	0.685986	0.028997	0.0046493	0.0244021	0.0164259	0.000148764	0.00356485	0.0760843	0.015909	0.000148268	0.00016837	0.000471126	0.0121012	0.000316999	0.000136416	0.0161633	0.000137653	
0.00194326	0.000804204	0.779426	0.0175043	0.0200857	0.0028437	4.11849e-05	0.0235077	0.000178619	0.0216499	0.0489021	2.82453e-05	0.0021788	0.0564293	0.000255202	0.000446959	0.0113542	4.75141e-05	0.0123441	2.95484e-05	
0.000254081	0.0183893	0.541531	8.18433e-05	0.0513645	0.000102162	7.67166e-05	0.0482428	0.0368911	0.0827232	0.0320372	5.88173e-05	0.0350586	0.0226992	0.0333384	0.0319592	0.0443225	0.000276603	0.0205201	7.30507e-05	
0.133361	0.239918	0.00614289	0.0152883	0.0148676	0.000186739	7.65472e-05	0.0346251	0.000466193	0.199843	0.201531	0.00017476	4.17586e-05	0.0211732	0.0154788	0.0276101	0.000244589	0.0694162	0.000235812	0.0193184	
0.193883	1.13044e-05	0.0592172	0.262486	0.000420815	0.0218742	0.0440084	0.0186505	0.0988299	0.0105499	0.000682338	0.00664098	0.0170158	0.0971038	0.0627486	0.0221704	0.0181052	0.0480017	1.04338e-05	0.0175899	
0.0684583	0.000142295	0.000326114	0.0209885	0.000207933	0.00990734	0.00880538	0.0370756	0.306125	0.161976	0.18099	0.000245788	3.69521e-05	0.0694282	0.0357398	3.56266e-05	0.0213848	0.0302053	5.76476e-05	0.0478634	
0.075365	0.154554	0.0129469	0.0731849	0.012339	0.0268045	7.62958e-05	0.000337565	0.0120254	0.53881	0.0391246	0.0186674	0.022817	0.000377949	8.99189e-05	6.76987e-05	0.000154408	0.000437467	0.000741967	0.0110784	
0.215199	0.00178695	0.0781724	0.262323	0.00581545	0.02912	0.0170113	0.00383482	0.0517633	0.0147724	0.00630572	0.0221764	0.00334543	0.120383	0.0881469	0.0295563	0.0430841	0.00426763	0.00195825	0.000977357	
0.212395	0.00126814	0.109046	0.301769	0.00485992	0.0325955	0.0117035	0.00238661	0.039196	0.00938489	0.00464808	0.0167954	0.0138483	0.10371	0.0624964	0.0277897	0.0364053	0.00761043	0.00139945	0.000693038	
0.302339	0.0518629	0.0235111	0.315784	0.0132472	0.00872681	0.06956	0.000388328	0.000129465	0.0404818	0.0017139	0.0520795	7.06399e-05	0.00201826	0.00702936	8.08633e-05	0.0145826	0.0807257	0.000121139	0.0155478	
0.0182618	0.000213186	0.0719157	0.000315261	0.00704561	0.628489	0.000196212	0.00133304	0.124312	0.048494	0.0153222	0.0497865	0.000263175	0.00737509	0.00649369	0.000138195	0.000319904	0.000193304	0.000518804	0.0190137	
0.191978	0.200325	0.000166424	0.000450483	0.000258133	0.00443818	0.0073209	0.034902	0.0122249	0.00473276	0.00097522	0.00173954	0.000241938	0.0346351	0.00898218	0.000252838	0.00287335	0.468946	0.0119365	0.0126216	
0.034903	0.0146636	0.619889	0.0697828	0.0416397	0.00180225	0.0561594	0.00251851	0.000270822	0.00190113	0.036383	0.0264506	0.0268554	0.000313137	0.000540835	0.000222313	0.0339152	0.000186793	0.0315275	7.4958e-05	
0.114331	0.0303358	7.23815e-05	0.000141865	0.0190695	0.00568041	0.000174817	0.171034	0.00017114	0.35109	0.0694663	0.00022352	0.00498753	0.00018224	0.005759	2.14986e-05	0.00151582	0.145304	0.00269801	0.0777409	
0.111877	0.0270753	0.000182371	0.00044702	0.000270614	0.000133672	0.000935292	0.129114	0.00342856	0.206466	0.0282489	0.00112083	0.000132501	0.00422397	0.000531997	0.000181007	0.00025911	0.453359	0.00780469	0.0242087	
0.0778053	4.41577e-05	0.0838452	0.0481843	0.345061	7.73066e-05	0.0148223	0.0136693	0.0201073	0.00502813	0.011951	0.0279083	0.0147465	0.0314547	2.08782e-05	5.83067e-05	0.0319707	0.00642169	0.253419	0.0134045	
0.482152	0.019041	0.000248204	0.000288308	0.00117822	0.000143191	0.0122228	0.0156524	0.00209732	0.0270665	0.1287	0.102688	6.05081e-05	0.042828	0.00162399	0.000103777	0.0655503	0.0722583	0.0164411	0.00965605	
0.0494004	3.99751e-05	0.195875	0.10303	0.000737071	0.0384511	0.0835104	0.000692004	0.0543195	0.000788813	0.00552069	0.0819324	0.0236606	0.0859881	0.0378357	0.0555261	0.153517	0.00913401	0.00825566	0.0117851	
0.252014	0.000510779	0.0427743	0.162456	0.000281301	0.0211137	0.000367581	0.0249238	0.000273115	0.00977021	0.000449919	0.000361629	0.0591974	0.000805344	0.0148061	9.31054e-05	0.040763	0.368428	0.000231237	0.000379609	
0.19989	0.00250158	0.188627	0.151109	0.000111452	0.0148418	0.00190254	0.00717208	0.0769648	2.68701e-05	0.000109326	0.0184404	0.212034	0.0629606	0.0213094	0.0123916	0.026011	0.00340003	0.000164755	3.12511e-05	
0.0745317	0.0174055	0.172941	0.535691	0.000449847	0.00643939	0.000180257	0.0513209	0.000131609	0.00459781	0.00288556	0.000205406	0.000352964	0.0447946	0.000673556	0.000303269	0.0530527	0.0252031	0.00864442	0.000195124	
0.000526238	0.0208584	0.00043204	0.00112931	5.93801e-05	0.000287444	0.000215654	0.0342268	0.000129081	0.0295396	0.807587	4.61221e-05	0.00012183	0.00186103	8.03677e-05	5.69097e-05	6.60624e-05	0.0814792	0.00195059	0.0193472	
0.0759296	5.8005e-05	0.0011551	0.0143592	0.00733541	0.0116712	0.0401626	0.00102742	0.0215659	6.41758e-05	0.0800395	5.35083e-05	3.41856e-05	8.53457e-05	7.58932e-05	0.00122115	0.015156	0.00182909	0.0143702	0.713807	
0.00570228	0.00122919	0.0542432	0.000711826	0.0315652	0.557403	5.89178e-05	0.0339199	0.0171479	9.01695e-05	0.0735694	0.00172529	0.218119	0.000237922	2.67714e-05	3.23139e-05	6.39591e-05	0.000593681	0.00303585	0.000524436	
0.0494004	3.99751e-05	0.195875	0.10303	0.000737071	0.0384511	0.0835104	0.000692004	0.0543195	0.000788813	0.00552069	0.0819324	0.0236606	0.0859881	0.0378357	0.0555261	0.153517	0.00913401	0.00825566	0.0117851	
0.0251206	0.000234626	0.0741118	0.046405	0.000702058	0.480147	3.04697e-05	0.00581307	0.000217646	7.18102e-05	0.045998	0.00598457	0.29165	0.00934261	0.00492262	0.00820715	0.000167377	0.000153973	0.000208095	0.000511814	
0.0641869	0.0103654	0.035454	0.0741036	0.196094	0.0823753	0.0149875	0.00874198	0.00318254	0.0371274	0.126594	0.00057742	0.109075	0.0704483	0.0122652	0.0129297	0.02857	0.0289564	0.0558595	0.0281056	
0.216196	0.00653896	0.0926463	0.213246	0.0121816	0.0253722	0.0195895	0.0103324	0.0524156	0.0234234	0.0266968	0.0155743	0.00391286	0.111292	0.0627565	0.0407369	0.0452926	0.008031	0.00969497	0.00407006	
0.00667498	0.0101093	0.0105027	0.0249828	0.0214311	0.000271415	0.00117796	0.0321599	0.0241651	0.010128	0.000620516	0.0127185	0.000111104	0.0101871	0.00925971	0.0248391	0.554513	0.191592	0.00118968	0.0533657	
0.0494004	3.99751e-05	0.195875	0.10303	0.000737071	0.0384511	0.0835104	0.000692004	0.0543195	0.000788813	0.00552069	0.0819324	0.0236606	0.0859881	0.0378357	0.0555261	0.153517	0.00913401	0.00825566	0.0117851	
0.0101937	0.00329263	0.000336778	0.00037286	0.0221906	0.000187396	0.000364222	0.379065	0.00626674	0.0316019	0.000484703	0.000611872	0.000151907	0.00208949	0.000246883	0.000243743	0.0361015	0.497171	0.00697264	0.00205476	
0.0494004	3.99751e-05	0.195875	0.10303	0.000737071	0.0384511	0.0835104	0.000692004	0.0543195	0.000788813	0.00552069	0.0819324	0.0236606	0.0859881	0.0378357	0.0555261	0.153517	0.00913401	0.00825566	0.0117851	
0.130793	0.00646702	0.00075304	0.0306599	0.000645254	0.0147372	0.000100849	0.0130098	0.00206922	0.015922	0.00506922	0.0314251	0.392211	0.000300835	7.24217e-05	0.00744104	0.0380437	0.288037	0.0158732	0.00636908	
0.0575195	0.000140319	0.0269014	0.173743	0.0177709	0.359879	0.000464383	0.00373129	0.000649008	0.00242695	0.00930233	0.000446004	0.21806	0.019928	0.00578472	0.041523	0.0604789	0.000169634	0.000316125	0.000765616	
0.0397972	0.00299144	0.0141872	0.0415769	0.00216097	0.138666	0.142713	0.025963	0.0279907	0.00481642	0.000289506	0.270346	0.143611	0.0734837	0.0160643	0.0181877	0.0368192	6.54478e-05	5.57733e-05	0.00021422	
0.103603	0.0067462	0.000321836	0.00106218	0.0119098	0.000251147	9.73859e-05	0.128837	0.000749234	0.25288	0.253204	0.000493708	0.0205746	0.000394609	6.68724e-05	9.84462e-05	0.000106785	0.210783	0.00412298	0.00369811	
0.226979	0.000279478	0.000369395	0.000309775	8.58425e-05	0.246552	0.000217382	0.0250233	0.00015373	0.0505198	0.000295812	0.000250485	6.9024e-05	0.0884179	7.38487e-05	0.197855	0.152987	0.00828496	0.000782514	0.000494301	
0.217409	0.00265865	0.0869882	0.2498	0.00758865	0.0314162	0.017653	0.00466542	0.0494055	0.0152516	0.00911514	0.0193119	0.00386831	0.130013	0.070875	0.0324623	0.0414976	0.00572491	0.00281145	0.0014843	
0.000176971	0.0141067	0.0194248	0.258029	0.000258832	0.146666	0.0441583	0.108196	0.0732299	0.0243724	0.0174391	0.000382997	0.0591084	0.0500499	0.0585213	0.00594339	0.0306155	0.0889762	0.000165836	0.000178276	
0.0986311	0.00120277	0.0544682	0.143526	0.0407017	0.0126165	0.000162665	0.000158994	0.0054195	0.418704	0.0298912	0.0479444	5.31117e-05	0.000427034	0.00012447	0.000265429	0.00916229	0.000135187	0.135544	0.000861707	
0.000163479	0.0129957	0.0362812	0.52678	0.0293143	8.13458e-05	0.000180196	0.0975349	6.89312e-05	0.0770565	0.0499292	0.000151179	0.0917016	0.000100169	0.0100731	0.0158276	0.0314172	0.000114303	0.0200177	0.000211084	
0.00832554	0.00014614	0.0878666	0.000210192	0.0292914	0.586952	0.00099035	0.0236408	0.0113772	0.128194	0.0153387	0.00117876	0.00451972	0.0329764	8.6168e-05	0.000120934	0.0673442	0.000191103	0.000364205	0.000885811	
0.193883	1.13044e-05	0.0592172	0.262486	0.000420815	0.0218742	0.0440084	0.0186505	0.0988299	0.0105499	0.000682338	0.00664098	0.0170158	0.0971038	0.0627486	0.0221704	0.0181052	0.0480017	1.04338e-05	0.0175899	
0.116097	0.000179182	0.0375758	0.000149364	0.317575	0.000212502	0.119018	0.000677439	6.8523e-05	0.0150333	0.00247482	0.0187302	0.0188023	0.0095491	0.000104146	0.219035	0.0475296	0.0603753	0.00275165	0.0140625	
0.000112085	9.08484e-05	0.0132487	0.00592707	0.0176725	0.484727	0.14411	0.126557	0.000564852	0.00789122	0.0258812	0.000240767	0.00386935	0.0255715	6.16216e-05	9.86003e-05	0.142651	0.000110059	0.000208624	0.000405523	
0.0634017	2.30112e-05	0.00288567	0.0182206	0.700481	0.0173384	0.00118661	5.98017e-05	0.0142056	5.81949e-05	0.0719838	0.00139266	0.0480817	0.0197192	0.00662416	3.45372e-05	0.0118027	6.86559e-05	0.0119297	0.010502	
0.217371	0.0026545	0.0869633	0.249852	0.00757525	0.0314291	0.0176603	0.00466055	0.049424	0.0152422	0.00909287	0.019329	0.0038671	0.130022	0.0709092	0.0324311	0.0415113	0.00571961	0.00280522	0.00148116	
0.00464657	0.0242263	0.000184567	0.000265647	0.00019116	0.000109619	0.024107	0.000145082	0.00135188	0.000120194	0.385825	0.0573941	0.0171402	0.0407053	0.00111023	0.0105385	0.00144808	0.401582	0.0136076	0.0153005	
0.439556	0.0749841	0.000145106	0.000486601	0.00200268	0.00655082	0.0256792	0.00214434	0.00461797	0.286917	0.0153425	0.00127319	4.43634e-05	0.0483961	0.000415074	0.0206454	0.0679665	0.000203681	0.00183571	0.000793469	
0.00038227	0.0233609	0.049596	0.0441191	0.0647825	0.0355169	0.0255367	0.0123493	0.000302889	0.0700004	0.00101654	0.000141962	5.26273e-05	0.033868	0.000307154	7.10753e-05	0.520602	0.0742919	0.0244314	0.0192703	
0.00477185	0.0216545	0.000281119	0.000161879	6.441e-05	9.90491e-05	0.00155262	0.0846754	0.00118109	0.015322	0.00186072	0.000522199	0.00014525	0.00130682	0.000133399	0.000257891	0.00139935	0.846911	0.000566048	0.0171339	
0.218193	0.248283	0.00170585	0.000401011	5.80975e-05	0.0609861	0.000212819	0.009816	4.61356e-05	0.0478204	0.103161	0.123449	4.97615e-05	0.000201898	4.57049e-05	0.035563	0.133191	0.0143824	5.16738e-05	0.00238099	
0.00436268	0.00400566	0.0459374	8.90231e-05	0.24415	0.000361769	0.00558652	0.000234455	0.305695	0.281205	0.000194135	3.26696e-05	0.000332468	0.000391675	0.00434389	5.84141e-05	0.00394256	0.0925917	0.000275951	0.00620949	
0.0374279	0.0260467	0.0333193	0.0237918	0.000146046	0.0117976	0.00016929	0.000242156	0.0101317	0.642722	0.110725	0.060762	8.13681e-05	0.000463422	0.000110381	0.00149845	0.0129161	0.00560443	0.00179178	0.0202519	
0.0140082	0.000151806	0.0619139	0.00531875	0.719037	0.0140312	0.000612862	0.00393557	0.0142177	0.114125	0.00082183	0.018809	0.000312877	0.00343913	0.000431299	7.78354e-05	0.0246052	0.00338495	0.000619431	0.000146709	
0.0104545	0.00435187	0.000133178	0.00229216	0.00294775	0.0624056	0.184975	0.00955949	7.16365e-05	0.044574	0.00542803	0.472855	9.50677e-05	0.146996	9.06841e-05	0.00587662	0.0257757	0.00317764	0.0178663	7.28421e-05	
0.160291	0.025285	8.07021e-05	0.000128634	0.000541105	6.45148e-05	0.00413863	0.337585	0.00121739	0.208383	0.0159196	0.000447762	2.81586e-05	0.139218	0.0234207	4.3874e-05	0.0233777	0.0201895	0.0165089	0.0231305	
0.0895685	0.167836	0.000196357	0.000140866	0.000257969	0.0121644	0.025554	0.0651903	0.000408265	0.000258436	0.00127119	0.00037333	3.45314e-05	0.0504789	0.000102726	0.0102177	0.116949	0.45665	0.00042545	0.00192301	
0.139889	0.00143082	0.0503719	0.106102	0.0131248	0.0357508	0.022231	0.00233279	0.0640721	0.0262988	0.0207908	0.0205773	0.0100306	0.262711	0.180805	0.0121395	0.026673	0.00212105	0.00165179	0.000895273	
0.108468	0.0182807	0.00244806	0.0031015	0.0462632	0.0098007	0.000234608	0.0464554	0.028199	0.000230872	0.0585753	0.0266292	0.604768	0.00039367	0.000164458	0.00368674	0.000184869	0.00170616	0.0144187	0.0259909	
0.00854145	0.000733546	0.681512	0.0643401	0.00593879	0.0290065	0.0545592	0.00641984	0.0039161	0.00228378	0.00625733	0.0309741	0.00974786	0.0320143	0.0177136	0.0151373	0.030717	4.57831e-05	0.000120703	2.02705e-05	
0.165384	0.0110702	0.00874711	0.143972	0.00164572	0.00518481	0.0220097	0.0667488	0.0764249	0.0524899	0.0685068	0.00573696	1.8546e-05	0.11548	0.139608	0.0104667	0.029634	0.0613784	0.0126161	0.00287783	
0.748551	5.95772e-05	0.000284878	0.000981656	5.70007e-05	0.00021473	0.0228037	0.0103264	0.0311194	0.000299581	0.03679	0.029572	2.14764e-05	0.0462354	0.0360162	0.00926917	5.67959e-05	0.0269656	0.000325781	4.93364e-05	
0.00690651	0.085946	0.00021978	0.000917841	0.345957	0.000149793	0.000234934	0.0790165	0.00519357	0.0843187	0.0197061	0.000326904	0.000260896	0.00648531	0.000154227	6.58724e-05	0.0111881	0.1337	0.000267917	0.218984	
0.0627768	2.2995e-05	0.00292191	0.0183156	0.699209	0.0180526	0.00133402	6.16979e-05	0.0143166	5.75997e-05	0.0724625	0.00139177	0.0481222	0.0196916	0.00662179	3.52697e-05	0.0118486	6.90929e-05	0.0122084	0.0104805	
0.000533488	9.45598e-05	0.000159648	0.593692	4.67687e-05	6.92091e-05	4.47179e-05	6.14515e-05	0.100386	0.00461571	0.000955786	0.000327565	2.01023e-05	0.220118	0.0295699	0.00509123	0.000912471	7.33975e-05	0.0241376	0.0190902	
0.542455	0.0146537	0.000112181	0.000247426	0.0580962	6.87217e-05	0.0114872	0.0498422	0.0173118	0.0796275	0.0328744	0.0134918	2.78277e-05	0.0182074	0.0804935	0.000673547	0.000360942	0.000105757	0.0194503	0.0604124	
0.0280943	0.00233555	0.00246256	0.0119373	0.0387061	0.00196876	0.000207714	0.000226683	0.0290681	0.590687	0.00385299	0.0315971	8.74044e-05	0.000814494	0.00013167	0.00139936	0.141446	0.0787222	0.00775953	0.028495	
0.418356	0.000180984	0.000275666	0.000221167	0.00902461	9.54497e-05	0.0455739	0.000104321	0.0592996	0.0613009	0.125389	0.00044866	7.13116e-05	0.118864	0.0321618	0.0064171	0.0154006	0.106452	7.28718e-05	0.000290079	
0.000472361	0.0268604	0.000514281	0.00033841	0.00026992	0.000191649	0.00116399	0.150591	0.00172813	0.254462	0.000513102	0.00137869	0.000257177	0.0016739	0.000384988	0.000470666	0.0489835	0.487549	0.000413037	0.0217831	
0.00153936	0.0224345	0.0011236	0.00137096	0.000125643	0.0005748	0.00294682	0.691942	0.000362338	0.0316029	0.0328625	0.000214221	0.000587293	0.00232544	0.000434207	0.000157853	0.000194625	0.183473	0.00440811	0.0213195	
0.0233336	0.000616144	0.00397418	0.0372396	0.0321136	0.00191054	0.000116198	0.000922945	0.117606	0.000290959	0.000550978	0.000322452	0.000105583	0.16277	0.363145	0.000109764	0.0646215	0.137085	0.000167409	0.0529995	
0.0847066	0.000362327	0.000694551	0.00280603	0.0200015	0.0414903	0.0098796	0.000288591	0.095856	0.00243829	0.00103233	0.000180836	0.000204716	0.326508	0.364896	0.00405741	0.0272195	0.0146886	0.000545508	0.00214309	
0.000426472	0.000348037	0.000702581	0.000398315	0.0499672	0.000152124	0.00036595	0.00625311	0.00028316	0.0681765	0.827936	0.00807506	4.00554e-05	0.000141397	4.47384e-05	5.46566e-05	0.000422187	0.0356359	0.000198252	0.000378183	
0.148222	0.00663746	0.000169462	0.000250833	0.0200358	0.000116128	0.0130843	0.000254057	0.000448712	0.000345787	0.000910753	0.0313803	3.09321e-05	0.0472702	0.00513112	0.00213192	0.0471562	0.659924	0.0122473	0.00425296	
0.215338	0.00180256	0.0783864	0.26179	0.00578546	0.0291637	0.0170165	0.00386822	0.0515569	0.0147763	0.00635976	0.0221652	0.00335655	0.120733	0.0879121	0.0296567	0.0430682	0.00429837	0.00197705	0.000988874	
0.00194326	0.000804204	0.779426	0.0175043	0.0200857	0.0028437	4.11849e-05	0.0235077	0.000178619	0.0216499	0.0489021	2.82453e-05	0.0021788	0.0564293	0.000255202	0.000446959	0.0113542	4.75141e-05	0.0123441	2.95484e-05	
0.0716382	0.000699048	0.0518102	0.164988	0.0987102	0.0921416	0.000474025	5.62981e-05	8.96912e-05	0.385241	0.0747095	0.0579036	8.2401e-05	0.000261014	5.95134e-05	0.000126015	0.000217188	8.27164e-05	0.000314606	0.000395714	
0.0515959	0.0536596	0.36393	0.0104125	0.00334924	0.011745	0.0374362	0.000229991	0.0074985	0.0292016	0.00679324	0.380019	5.35089e-05	0.0237114	7.88167e-05	0.0104459	0.000129482	0.000171452	0.00947275	6.67012e-05	
0.00148907	0.000327444	0.00219937	0.000516978	0.28157	0.00037467	0.0224531	0.145781	0.000216672	0.177026	0.280333	0.00059997	7.41022e-05	0.0427572	6.88458e-05	0.000136884	0.00477161	0.0211932	0.0176361	0.000475854	
0.0244151	0.000166071	0.228972	0.0384017	0.00096904	0.0606758	0.000169561	0.000155349	0.00016654	0.00022736	0.00261186	0.023688	0.535287	0.00917967	0.0312799	0.00634408	0.0353966	0.000365697	0.0014194	0.000108991	
0.00294898	0.0261961	0.000404352	0.000268439	1.02779e-05	0.000162794	0.000256721	0.230112	0.00149054	0.0494944	0.000411485	0.00281279	0.0249927	0.0534129	0.000154382	0.00563245	0.0581839	0.523083	0.00124549	0.0187261	
0.0836934	1.71258e-05	0.0492442	0.651207	0.0031734	1.81628e-05	3.46781e-05	7.19159e-05	0.0320552	3.55375e-05	0.00313085	0.015599	1.31428e-05	0.0563471	0.041433	0.0272411	0.0337966	0.00245976	3.0857e-05	0.000397749	
0.00370121	0.0140847	0.00041119	0.00148309	9.99993e-05	0.000308633	0.00882744	0.597825	0.00109165	0.0125675	0.000321371	0.00011947	0.00219605	0.00985044	0.00346473	8.4534e-05	0.000125399	0.31688	0.00696038	0.0195974	
0.00838506	0.003962	0.000603424	0.114854	0.0243881	0.00016336	0.170802	0.140324	0.00381603	0.0144476	0.0112758	0.00260551	0.000797257	0.0702589	0.0268569	0.000444304	0.00329364	0.398069	0.000364824	0.00428763	
0.0875321	0.000306801	0.00807668	0.0170611	0.000998398	0.652	0.0174828	0.0432467	0.00729886	0.000851541	0.00393117	0.00157618	0.0533704	0.00946014	0.000106491	0.0239421	0.0191956	0.0408347	0.000246559	0.012482	
0.0899492	0.0797806	0.000265784	0.0356356	2.30211e-05	0.0164706	0.0138475	0.0190858	0.00736763	0.0209133	0.264257	4.32289e-05	0.000398814	0.0146333	8.75663e-06	0.00433333	0.000431796	0.432529	1.29017e-05	1.28164e-05	
0.0173611	0.00760934	0.0778373	0.118104	0.0101152	2.11583e-05	3.20974e-05	0.0471354	7.8161e-05	0.00294781	0.0544492	2.9482e-05	0.610969	0.0231708	0.00137752	0.00918708	0.000472135	3.81018e-05	0.0190452	2.00112e-05	
0.000100347	0.0159192	0.111395	0.0453521	0.00258132	0.206253	0.0675036	0.246054	6.95735e-05	0.00107478	0.00032976	0.00012783	3.14646e-05	0.0245847	6.54422e-05	2.84716e-05	0.263815	0.000829908	0.0080071	0.00587687	
0.0501479	9.59987e-05	0.000154865	7.17409e-05	0.0194601	0.012984	0.000117673	0.101333	2.47396e-05	0.0269062	0.127878	0.000102281	2.01216e-05	0.04228	0.00260967	9.23873e-06	8.43336e-05	0.615118	2.3831e-05	0.000578155	
0.0600815	0.00934973	0.0583098	0.491421	0.0340966	7.90571e-05	0.000133281	0.116397	6.69347e-05	0.166948	0.0330702	0.000263877	0.000148347	0.00011286	0.00466856	0.000140884	0.000339367	6.65307e-05	0.0241227	0.000183577	
0.19989	0.00250158	0.188627	0.151109	0.000111452	0.0148418	0.00190254	0.00717208	0.0769648	2.68701e-05	0.000109326	0.0184404	0.212034	0.0629606	0.0213094	0.0123916	0.026011	0.00340003	0.000164755	3.12511e-05	
0.00194326	0.000804204	0.779426	0.0175043	0.0200857	0.0028437	4.11849e-05	0.0235077	0.000178619	0.0216499	0.0489021	2.82453e-05	0.0021788	0.0564293	0.000255202	0.000446959	0.0113542	4.75141e-05	0.0123441	2.95484e-05	
0.00236861	9.34602e-05	0.0326291	0.00139693	0.0268434	0.623286	0.0252382	0.0597614	0.0130842	0.0177794	0.0551532	0.000543256	0.0853768	0.0121437	2.73631e-05	4.18127e-05	0.043537	8.48239e-05	0.000222392	0.000388885	
0.0632235	0.0204146	0.0449958	0.0323408	0.000638619	0.0463739	0.000446494	0.00031262	0.0252299	0.646664	0.00976162	0.0598426	0.000110428	0.00041927	0.000295129	0.000295408	0.0290844	0.00325031	0.000519175	0.0157818	
0.0459814	0.0902351	0.0424165	0.0487788	0.000150776	0.00479793	0.000666813	9.48537e-05	0.0102776	0.138004	0.575821	0.000906569	0.00018851	0.0129855	0.00351538	0.000162247	0.00611649	0.000227577	0.000184754	0.0184881	
0.0970226	6.99457e-05	0.0124763	0.0268608	0.0242408	0.0899887	8.11851e-05	0.000263459	0.0214177	0.00671588	0.000824664	0.0342165	4.1407e-05	0.17747	0.123423	0.00579426	0.0215719	0.357008	0.000114898	0.000397883	
0.0891308	7.06437e-05	8.37779e-05	0.0327183	0.0183837	0.0196495	8.13578e-05	0.00194881	0.0327505	0.000619362	0.051503	0.000104654	0.0729555	0.039899	0.03385	8.97817e-05	0.0237999	0.00574791	0.0159761	0.560637	
0.0568756	0.0232022	0.04214	0.047699	0.000106545	0.0561051	0.001342	0.000179748	0.00527534	0.621255	0.0558051	0.0626006	0.000319385	0.000511462	0.000365309	0.000144387	0.00919169	0.00205667	0.000362536	0.0144629	
0.0208612	0.000361539	0.295982	0.0196918	0.000285921	0.0155789	0.00231207	0.000564795	0.016674	0.000149445	0.00636538	0.0923385	0.0138216	0.00097391	0.000210002	0.289606	0.220359	0.00293321	0.000474605	0.000456828	
0.169853	4.11018e-05	0.177482	0.421836	0.00154338	0.0252081	4.17278e-05	6.60276e-05	0.012539	3.73796e-05	0.000517433	0.00790368	0.0394789	0.0459239	0.0348262	0.0219326	0.0221329	0.0184895	0.000114769	3.19944e-05	
0.169853	4.11018e-05	0.177482	0.421836	0.00154338	0.0252081	4.17278e-05	6.60276e-05	0.012539	3.73796e-05	0.000517433	0.00790368	0.0394789	0.0459239	0.0348262	0.0219326	0.0221329	0.0184895	0.000114769	3.19944e-05	
0.0147557	0.0208459	0.0463488	0.394632	0.02555	0.00800318	0.0207861	0.0400063	8.81012e-05	0.000128694	0.0684363	0.000204007	4.4289e-05	0.310288	6.04207e-05	0.0144837	0.0210527	0.000434871	0.0136859	0.000165649	
0.172183	0.000217425	0.00433744	0.0012331	0.0211956	0.000211672	0.0236529	0.00279232	0.0304339	0.00513231	0.00469862	0.00309499	9.70874e-05	0.0315961	0.665834	0.000547448	0.00204112	0.0268268	0.000616603	0.00325735	
0.193883	1.13044e-05	0.0592172	0.262486	0.000420815	0.0218742	0.0440084	0.0186505	0.0988299	0.0105499	0.000682338	0.00664098	0.0170158	0.0971038	0.0627486	0.0221704	0.0181052	0.0480017	1.04338e-05	0.0175899	
0.165384	0.0110702	0.00874711	0.143972	0.00164572	0.00518481	0.0220097	0.0667488	0.0764249	0.0524899	0.0685068	0.00573696	1.8546e-05	0.11548	0.139608	0.0104667	0.029634	0.0613784	0.0126161	0.00287783	
0.550194	0.0123304	0.000133451	0.000232527	0.0345769	9.59531e-05	0.014787	0.057054	0.0164438	0.0836472	0.0353219	0.0154094	4.08631e-05	0.0205607	0.073434	0.00123591	0.000213563	0.000153703	0.0177047	0.0664299	
0.114525	0.000198951	0.000267305	0.000292467	0.000256935	0.0377643	0.000294045	0.0238683	0.000225467	0.232116	0.000247841	0.000252022	0.358163	0.000285745	0.0176788	0.026111	0.106631	0.0727573	9.91707e-05	0.00796511	
0.240442	0.0844216	0.000172544	0.0465495	0.000147666	0.037304	0.00404455	0.0951374	0.0144221	0.0286036	0.000698511	0.000764515	6.77017e-05	0.104711	0.0346268	0.0183366	0.0949098	0.190883	0.00232881	0.00142803	
0.00514594	0.00693766	0.00320996	0.00122272	0.0168186	0.000359162	0.000767196	0.207867	0.000423628	0.645654	0.0277503	0.000307653	0.00018903	0.000809809	0.00599376	0.000156646	0.000386758	0.0694069	0.00132743	0.00526605	
0.0370119	0.00930776	0.000128032	0.00121363	0.0156515	0.000909577	0.178163	0.000736922	0.0566128	0.000162925	0.010465	0.0429461	0.0960673	0.0697973	8.51664e-05	0.14266	0.000218484	0.0547856	0.000803868	0.282273	
0.162676	0.000319704	0.000461255	0.00894511	0.0111311	0.0352061	0.00318594	0.000263068	0.129643	0.00667309	0.000565858	0.00016324	5.73102e-05	0.233615	0.33895	0.00855994	0.0216435	0.0206059	0.000211425	0.0171238	
0.569164	0.000535628	0.000190964	0.1021	0.000476316	0.0187379	0.00821203	0.0196148	0.00130225	0.0119388	0.0026325	0.000713149	6.8303e-05	0.0213257	0.000252199	0.0394276	0.12073	0.0789299	0.00244804	0.00120091	
0.0106303	0.00178425	0.00632348	0.0140848	0.0263479	0.000761974	0.000314753	0.0212198	0.001287	0.580911	0.302863	0.00736373	7.87468e-05	0.00036311	0.00363412	0.000316167	0.00136687	0.0147425	0.00121398	0.00439263	
0.216196	0.00653896	0.0926463	0.213246	0.0121816	0.0253722	0.0195895	0.0103324	0.0524156	0.0234234	0.0266968	0.0155743	0.00391286	0.111292	0.0627565	0.0407369	0.0452926	0.008031	0.00969497	0.00407006	
0.216196	0.00653896	0.0926463	0.213246	0.0121816	0.0253722	0.0195895	0.0103324	0.0524156	0.0234234	0.0266968	0.0155743	0.00391286	0.111292	0.0627565	0.0407369	0.0452926	0.008031	0.00969497	0.00407006	
0.278639	0.0281669	0.0154949	0.000245088	0.0424223	0.12019	0.000144054	0.147697	0.0196599	0.0911135	0.0588555	0.000232834	5.09637e-05	0.0309131	4.55659e-05	0.00783819	0.0120677	0.107129	0.0142428	0.0248519	
0.165384	0.0110702	0.00874711	0.143972	0.00164572	0.00518481	0.0220097	0.0667488	0.0764249	0.0524899	0.0685068	0.00573696	1.8546e-05	0.11548	0.139608	0.0104667	0.029634	0.0613784	0.0126161	0.00287783	
0.216196	0.00653896	0.0926463	0.213246	0.0121816	0.0253722	0.0195895	0.0103324	0.0524156	0.0234234	0.0266968	0.0155743	0.00391286	0.111292	0.0627565	0.0407369	0.0452926	0.008031	0.00969497	0.00407006	
0.275308	0.000601464	0.0145213	0.000256626	0.000816751	0.0218663	0.00326151	0.00176827	0.14387	0.10741	0.00958052	0.118784	3.9164e-05	0.143907	0.0987621	0.00853635	9.72398e-05	0.0438074	0.0063018	0.000504187	
0.210057	0.030914	0.0251792	0.000143723	0.0808996	0.0663844	0.000173181	0.18202	0.0141971	0.108014	0.0633023	0.000117639	5.3076e-05	0.0443571	2.67217e-05	0.00907422	0.00959365	0.0766062	0.023808	0.0550802	
0.217409	0.00265865	0.0869882	0.2498	0.00758865	0.0314162	0.017653	0.00466542	0.0494055	0.0152516	0.00911514	0.0193119	0.00386831	0.130013	0.070875	0.0324623	0.0414976	0.00572491	0.00281145	0.0014843	
0.279502	0.00450722	0.0946307	0.123572	0.0204493	0.0497183	0.0173704	0.0186758	0.00219472	0.0764017	0.00234695	0.0686104	0.0334834	0.0829782	0.0193094	0.0195377	0.0255057	0.0467528	0.0015054	0.0129478	
0.0441139	0.000522752	0.000113054	0.00719749	0.0312607	0.839678	0.0302151	0.000100301	0.0111627	0.00267544	0.000122355	0.0175253	0.000205182	0.00011275	0.0142661	7.62399e-05	8.59664e-05	0.000295206	8.81746e-05	0.000183058	
0.193883	1.13044e-05	0.0592172	0.262486	0.000420815	0.0218742	0.0440084	0.0186505	0.0988299	0.0105499	0.000682338	0.00664098	0.0170158	0.0971038	0.0627486	0.0221704	0.0181052	0.0480017	1.04338e-05	0.0175899	
0.169853	4.11018e-05	0.177482	0.421836	0.00154338	0.0252081	4.17278e-05	6.60276e-05	0.012539	3.73796e-05	0.000517433	0.00790368	0.0394789	0.0459239	0.0348262	0.0219326	0.0221329	0.0184895	0.000114769	3.19944e-05	
0.280631	0.0041026	0.0955175	0.131575	0.0174791	0.0463679	0.0187538	0.0186661	0.00687989	0.0729973	7.85947e-05	0.0675653	0.0301125	0.0830094	0.0216145	0.0198828	0.0249656	0.0471901	4.20767e-05	0.0125694	
0.218325	0.000802602	0.0660531	0.234267	0.00258829	0.0248263	0.038345	0.0224136	0.0805545	0.020232	0.000556388	0.0137625	0.0190991	0.0903812	0.054106	0.0223647	0.021148	0.0539535	2.1667e-05	0.0161996	
0.165384	0.0110702	0.00874711	0.143972	0.00164572	0.00518481	0.0220097	0.0667488	0.0764249	0.0524899	0.0685068	0.00573696	1.8546e-05	0.11548	0.139608	0.0104667	0.029634	0.0613784	0.0126161	0.00287783	
0.19989	0.00250158	0.188627	0.151109	0.000111452	0.0148418	0.00190254	0.00717208	0.0769648	2.68701e-05	0.000109326	0.0184404	0.212034	0.0629606	0.0213094	0.0123916	0.026011	0.00340003	0.000164755	3.12511e-05	
0.216196	0.00653896	0.0926463	0.213246	0.0121816	0.0253722	0.0195895	0.0103324	0.0524156	0.0234234	0.0266968	0.0155743	0.00391286	0.111292	0.0627565	0.0407369	0.0452926	0.008031	0.00969497	0.00407006	
0.542088	0.0380538	0.000295169	0.00977456	0.0011088	0.0722095	0.0136635	0.000789016	0.0455599	0.0220966	0.158944	0.00443125	5.66685e-05	0.0113094	0.019051	0.0103776	0.00512554	0.0423061	0.000998318	0.00176177	
0.165384	0.0110702	0.00874711	0.143972	0.00164572	0.00518481	0.0220097	0.0667488	0.0764249	0.0524899	0.0685068	0.00573696	1.8546e-05	0.11548	0.139608	0.0104667	0.029634	0.0613784	0.0126161	0.00287783	
0.217475	0.00268565	0.087067	0.249491	0.00760842	0.031363	0.0176778	0.00470731	0.0494271	0.0152969	0.00921186	0.0192825	0.00387425	0.129902	0.0708102	0.0325152	0.0414922	0.00574266	0.00286768	0.00150235	
0.164214	0.000117632	0.0204561	0.108752	0.0565077	0.0240881	0.000177767	0.0933131	0.0166023	0.0219837	0.155623	0.0107056	9.94604e-05	0.0503293	0.0280713	0.0110088	0.0974816	0.14019	0.000108926	0.000169193	
0.0414495	0.0100903	0.000690514	0.000358781	0.0199716	0.00183115	0.000211997	0.218811	0.000725031	0.507313	0.0459872	0.000473486	0.0013498	0.000266826	0.0149311	0.000107068	0.000774859	0.114009	0.00100614	0.0196422	
0.216196	0.00653896	0.0926463	0.213246	0.0121816	0.0253722	0.0195895	0.0103324	0.0524156	0.0234234	0.0266968	0.0155743	0.00391286	0.111292	0.0627565	0.0407369	0.0452926	0.008031	0.00969497	0.00407006	
0.217409	0.00265865	0.0869882	0.2498	0.00758865	0.0314162	0.017653	0.00466542	0.0494055	0.0152516	0.00911514	0.0193119	0.00386831	0.130013	0.070875	0.0324623	0.0414976	0.00572491	0.00281145	0.0014843	
0.165384	0.0110702	0.00874711	0.143972	0.00164572	0.00518481	0.0220097	0.0667488	0.0764249	0.0524899	0.0685068	0.00573696	1.8546e-05	0.11548	0.139608	0.0104667	0.029634	0.0613784	0.0126161	0.00287783	
0.0251206	0.000234626	0.0741118	0.046405	0.000702058	0.480147	3.04697e-05	0.00581307	0.000217646	7.18102e-05	0.045998	0.00598457	0.29165	0.00934261	0.00492262	0.00820715	0.000167377	0.000153973	0.000208095	0.000511814	
0.0641869	0.0103654	0.035454	0.0741036	0.196094	0.0823753	0.0149875	0.00874198	0.00318254	0.0371274	0.126594	0.00057742	0.109075	0.0704483	0.0122652	0.0129297	0.02857	0.0289564	0.0558595	0.0281056	
0.193883	1.13044e-05	0.0592172	0.262486	0.000420815	0.0218742	0.0440084	0.0186505	0.0988299	0.0105499	0.000682338	0.00664098	0.0170158	0.0971038	0.0627486	0.0221704	0.0181052	0.0480017	1.04338e-05	0.0175899	
0.0250139	0.0226103	0.000638355	0.000469513	0.000466726	0.000225896	0.000166176	0.322035	0.00110905	0.123685	0.000998274	0.00118407	0.221345	0.000169281	6.47299e-05	5.40652e-05	0.0213555	0.225977	0.0144325	0.017999	
0.000152526	0.0179282	0.560142	0.0718644	0.0227	7.71792e-05	0.000106666	0.0546879	0.000233734	0.00961404	0.0332513	7.54024e-05	0.00256033	0.0152657	0.00383497	0.0986583	0.0882298	0.000150739	0.0203896	7.74194e-05	
0.0504774	6.76748e-05	0.00361069	0.00119732	0.00277532	0.00271646	0.0426641	0.0204946	0.0215011	0.000331531	0.0574711	5.41999e-05	0.000103422	0.000138324	0.000316242	0.00051653	0.0216932	0.0232304	0.0150575	0.735583	
0.151301	0.016299	0.00302993	0.000980034	0.110939	0.000565812	0.00042612	0.0741489	0.000769589	0.35622	0.00038006	0.00140967	0.000101914	0.000385216	0.000109511	0.000121528	0.0111892	0.270137	0.000759718	0.000726933	
0.0657458	0.0135471	0.0881352	0.630429	0.0419654	0.0122273	0.000224792	0.00920831	0.000139972	0.000309531	0.026469	0.000398291	0.000144822	0.0335667	0.00269848	0.0206631	0.00547945	0.0393155	0.00906121	0.000271103	
0.0864327	0.0394249	0.00031823	0.000709529	0.0230968	0.000191535	0.000215582	0.25602	0.00227107	0.255572	0.000585739	0.0011553	0.0258077	0.000930206	0.000154169	0.000208432	0.000310749	0.302686	0.00234247	0.00156627	
0.052666	0.0837567	0.000184577	0.00534755	0.000366006	0.000192663	0.0502598	0.0206652	0.0346951	0.00662051	0.0148627	0.00761303	0.0185291	0.0513044	0.45755	0.01687	0.0236351	0.106471	0.000378433	0.0480325	
0.0253289	0.000743574	0.447456	0.0794849	0.00627545	0.0320351	0.075463	0.0042622	0.0279716	0.000343178	0.00264707	0.0570955	0.0224218	0.058846	0.0362887	0.0357166	0.0745643	0.00403003	0.00358371	0.00544244	
0.2888	0.00444907	0.0958983	0.120453	0.0185419	0.0474018	0.0167827	0.0185613	0.00225457	0.0776483	4.81611e-05	0.0694896	0.031622	0.0851692	0.0192266	0.0193136	0.0265866	0.0448918	4.29515e-05	0.0128183	
0.0181736	1.75554e-05	0.539079	0.0939779	2.36924e-05	0.0494481	0.0752769	0.0081254	0.00453366	0.00800268	0.0178402	0.028354	8.77625e-06	0.0520864	0.00300467	0.0178666	0.0840194	8.80205e-05	5.57393e-05	1.8195e-05	
0.000516986	0.0115508	0.106735	0.00354022	0.0582487	0.000377459	0.000914846	0.000255641	0.00316542	0.521028	0.0525836	0.00207089	0.00844651	0.000592952	5.72177e-05	0.00631401	0.184646	0.0386126	0.000115741	0.00022679	
