0.000855806	0.0250898	0.256798	0.459716	0.032501	3.89199e-05	0.0620161	0.0213788	0.0127904	0.000454929	0.0172152	0.00012256	0.00424967	0.0631848	0.000155398	0.0223575	0.0036917	0.000107392	0.0172042	7.16952e-05	
0.0298907	0.00671417	8.69984e-05	0.0248256	0.0419086	0.00231376	0.0145905	0.00061772	0.197288	8.02126e-05	0.0326148	8.57672e-05	0.0002003	0.000193439	0.000331174	8.23128e-05	0.0208143	0.00078154	0.00325186	0.623328	
0.000138067	0.0195329	0.643719	0.0100533	0.0283403	7.06331e-05	0.0230283	0.0392774	0.00223304	0.00136321	0.0455806	0.000115911	0.000342077	0.000236925	0.000742247	0.0661327	0.102306	0.000163874	0.0165317	9.22884e-05	
0.00864298	0.00431861	6.51271e-05	0.013097	0.101198	0.00293504	0.239311	0.000323061	0.0233299	0.0303349	0.0929989	8.62103e-05	2.79497e-05	0.000112659	3.67434e-05	0.0180307	0.0183919	0.00862896	0.00791287	0.430217	
0.00251945	0.00928268	0.00414789	0.00652019	0.0131526	0.00144071	0.000148486	0.0477566	0.00735846	0.73045	0.0880886	0.00608758	4.58854e-05	0.0114904	9.97333e-05	0.00178587	0.0351887	0.0152689	0.00785345	0.0113139	
0.0236931	0.000100293	0.000681384	0.0300963	0.710511	0.0148889	0.000508622	0.0651546	0.00441852	0.00644101	0.043515	0.000339593	0.00346302	0.0409023	0.00128733	0.000114983	0.000554719	0.00363175	0.00723642	0.0424608	
0.0204858	0.00603511	0.00441229	3.65387e-05	0.0851017	0.00200181	0.00819955	8.58007e-05	0.64797	0.00219196	0.00191123	1.921e-05	0.00221768	4.06503e-05	0.000902031	0.000978909	4.0216e-05	0.00581971	0.00765114	0.203899	
0.000697342	0.0118763	0.00156936	0.00125911	0.0138395	0.000375136	0.0001793	0.168523	0.00283153	0.634233	0.000516208	0.0173174	5.4182e-05	0.000308736	8.11526e-05	0.000451872	0.00107982	0.137322	0.000945365	0.00653985	
0.000934954	0.0157404	0.00129729	0.0015863	0.00532508	0.000424578	0.000189463	0.110638	0.0144049	0.647496	0.000640521	0.00658832	3.77954e-05	0.000367896	7.78062e-05	0.000523179	0.00101953	0.174648	0.00219801	0.0158622	
0.00138887	0.0175426	0.00295487	0.00220994	0.00277609	0.000659808	0.00024582	0.275291	0.000726033	0.578422	0.0681056	0.000565429	4.12203e-05	0.000276531	5.15553e-05	0.00020564	0.000232642	0.0307901	0.000247812	0.0172665	
0.00274534	0.0181667	0.000715365	0.000305508	0.000166692	9.43353e-05	0.0091694	0.881755	0.000130752	0.00541017	0.00320391	0.000102563	0.00106184	0.0127763	7.91156e-05	7.95018e-05	5.55661e-05	0.0414814	0.00792689	0.0145735	
0.000152142	0.0325655	0.650733	0.0118747	0.034902	5.79216e-05	0.000118098	0.000888363	0.000166693	0.0307066	0.054983	0.114756	0.0171729	0.00185459	0.0252722	0.000527037	0.00075354	0.000146513	0.022258	0.000110694	
0.0334897	5.64942e-05	0.0644434	0.122028	0.00764794	2.03194e-05	7.4967e-05	0.00827683	0.0130903	4.85022e-05	0.0115611	0.000145582	1.77077e-05	0.000756387	0.00524343	0.701592	0.000171818	0.00849639	0.00221985	0.0206195	
0.0139967	1.38721e-05	0.000110677	6.2234e-05	1.35244e-05	0.711824	0.021388	0.0378002	0.0393839	2.247e-05	0.0595903	0.0436483	3.55424e-06	0.0596751	0.000460681	0.0118825	8.69335e-06	4.76143e-05	5.56738e-05	1.22694e-05	
0.00408158	0.0374077	0.000113389	0.000286375	0.0002213	5.66655e-05	0.0258732	0.000348223	0.0354526	9.57562e-05	0.0294136	0.0815574	0.00476068	0.0606202	0.0473596	0.0260256	0.069841	0.540113	0.0132281	0.0231441	
0.000406354	0.000107748	0.000105167	0.000183143	0.095928	0.6377	0.00917833	0.00244922	0.00122737	0.0162073	0.044765	0.0987203	0.00756758	0.0320807	0.00302366	0.00368918	0.000978437	0.000127347	0.000240783	0.0453146	
0.000110264	7.90904e-05	0.101657	0.100895	0.000227304	6.8402e-05	0.0149515	0.000133707	0.000794662	0.000240416	0.00332658	7.78975e-05	2.8568e-05	0.11863	2.75702e-05	0.47485	0.163068	0.020461	0.000214387	0.00015929	
0.0183299	0.59124	1.59405e-05	0.0261107	0.00151996	5.89629e-05	1.85592e-05	3.39023e-05	1.1704e-05	0.0307367	0.0615891	0.0580172	0.00697662	0.0526898	3.26681e-05	0.0984612	8.75241e-05	0.0532426	0.000764581	6.29744e-05	
0.00443288	0.0242894	0.0018403	0.000537496	0.0378595	0.000171845	0.00309552	0.185557	0.000260857	0.420161	0.279293	0.000213928	6.25722e-05	0.000553067	5.2844e-05	0.000948973	0.000108838	0.036436	0.000632746	0.00349234	
0.00351913	0.0241771	0.00891893	0.00416268	0.000666619	0.0013293	0.000378409	0.0934854	0.00790337	0.775918	0.00409622	0.00346901	0.00012269	0.000721856	0.000123147	0.000490855	0.00250883	0.0398653	0.000837583	0.0273058	
0.0126761	0.00351159	0.000180059	0.000322225	0.229909	5.10854e-05	0.000128413	0.14149	0.00131053	0.253586	0.242196	0.000186313	3.96278e-05	0.00541172	0.0122225	0.010563	6.1179e-05	0.0256097	5.23001e-05	0.0604927	
0.0456654	0.00270992	0.0406271	0.00747193	0.045132	8.14361e-05	0.000186246	0.00972144	0.0013582	0.000157042	0.0474946	0.060455	4.06384e-05	0.038642	0.570488	0.000338261	0.00313924	0.0680425	0.000351485	0.0578975	
0.0215449	5.43719e-05	0.000486616	0.0164321	0.695882	0.111571	0.000202919	0.00131407	0.0339263	0.00171163	0.00881415	0.000326538	0.00180829	0.0172234	0.021457	3.61105e-05	0.0102189	4.02475e-05	0.00410698	0.0528424	
0.417957	0.0901516	0.000620782	0.00169562	0.000127576	0.00534768	0.00212355	0.000303969	0.00287351	0.000286431	0.0132653	0.000327405	4.61348e-05	0.0502976	0.00520028	0.188253	0.077282	0.14362	0.00013151	8.95583e-05	
0.00107309	4.54149e-05	0.575614	0.316013	0.000427459	1.7995e-05	4.79497e-05	0.016884	0.0110928	2.19229e-05	0.000212988	0.0112531	8.2565e-06	0.0153244	0.0456232	0.00577606	2.63573e-05	0.000125852	6.69671e-05	0.000344939	
6.97081e-05	0.000297386	0.583106	0.00922874	0.0314046	0.0170758	9.21276e-05	0.000303082	0.00762252	0.0183898	0.0304605	0.230648	0.00819951	0.0586761	4.48922e-05	0.00387744	0.000238355	7.45724e-05	0.000127859	6.26086e-05	
0.170439	0.000220025	5.10469e-05	0.131173	9.84012e-05	3.21168e-05	0.0105744	0.0282182	0.0334225	0.0121071	0.0389045	0.0173589	2.08664e-05	0.0836605	0.0202652	0.141924	0.293325	0.0151447	0.000895893	0.00216488	
0.0349566	6.07889e-05	0.000244331	0.0257797	0.458944	0.047871	0.00342869	0.000159872	0.127882	5.18945e-05	0.0332238	0.000330252	0.00494743	0.0289101	0.0573448	8.64329e-05	0.0224132	0.000152464	0.0130644	0.140148	
0.00221217	0.00912646	0.0570689	0.156882	0.000270397	0.000317409	0.00471482	0.0136171	0.00418604	0.00253833	0.0388648	0.333315	0.00115394	0.0377706	0.00226096	0.0851859	0.208734	0.0395359	0.000309124	0.00193635	
0.0404171	0.00616023	0.197331	0.139095	1.24204e-05	0.0332283	0.00256982	0.0155824	0.012851	0.0338659	0.00843146	0.176376	0.0761215	0.0537398	0.00340043	0.0945707	0.0969384	0.00643161	0.000737241	0.00213966	
0.00365307	0.00206242	0.127047	0.514321	0.000573487	0.000777454	0.0124768	0.000567026	0.0269444	8.73971e-05	0.0032478	0.129704	0.0005162	0.0388081	0.000716089	0.063454	0.0603717	0.00390833	5.00377e-05	0.0107132	
0.00785556	9.79441e-05	0.000106835	0.00147946	0.291388	0.0132949	0.0437259	0.0111148	0.00259029	0.000101869	0.0479373	0.000122899	8.81781e-05	0.00964246	0.000194437	0.0222267	0.00530101	0.000627388	0.0198621	0.522242	
0.00192074	0.0260745	0.00250636	0.000457727	0.000214181	0.0456656	0.0036089	0.571951	0.102834	0.0280861	0.0375912	0.000317438	0.000666191	0.109506	0.000128214	0.000191324	0.000132428	0.0389305	0.0041	0.0251179	
0.0356911	0.0377767	0.000540742	0.00120779	0.000523347	0.000162467	0.00095533	0.000292396	0.00689937	0.00865981	0.000453396	0.12383	0.0143076	0.0110689	5.44796e-05	0.437598	0.300228	0.0193036	0.000234664	0.000212304	
0.00219739	0.0187551	0.000737567	0.000363589	0.000141674	0.000100105	0.00963462	0.882826	0.000138019	0.00533169	0.00337179	9.79891e-05	0.00118758	0.0128697	8.35992e-05	8.09427e-05	6.59164e-05	0.0402809	0.00718363	0.0145525	
0.00514036	0.0293753	0.000254092	0.00069991	0.000150152	0.000142501	0.0305676	0.295831	0.000444571	6.65164e-05	0.0119446	0.000224932	0.0112072	0.0657466	0.000308077	0.000178024	0.000115699	0.505938	0.0146434	0.0270215	
4.45841e-05	0.00868394	0.740071	0.0301594	0.0162079	0.000315854	3.99197e-05	0.0214141	0.000244405	0.0626342	0.0304995	4.67634e-05	0.00374032	0.000375711	0.00426426	0.0357373	0.0350993	5.14915e-05	0.0103207	4.93876e-05	
0.0217132	3.989e-05	0.00128386	0.0220198	0.67333	0.0519715	0.00107924	0.000705822	0.103425	2.69724e-05	0.0172088	0.00111621	0.00394193	0.0312003	0.0547918	3.8931e-05	0.00668387	6.93468e-05	0.00558227	0.00377131	
0.0598552	0.00985323	0.016324	7.70785e-05	0.100207	0.000258426	0.000500659	0.000655331	0.575849	0.000848104	0.0127626	6.78704e-05	0.000222553	0.00796096	0.038487	0.000517079	0.0021224	0.00737014	0.000478379	0.165583	
0.000327051	0.000201179	0.00103611	0.000803963	0.109236	0.000259763	0.0024565	0.697904	0.000345288	0.00343083	0.0259457	0.0058353	0.000196679	0.0401999	0.000111381	0.00976415	0.040854	0.0461948	0.0146874	0.000209353	
0.0415591	0.0696893	0.0285282	0.00140856	0.00438628	5.33103e-05	0.00042115	0.0014613	0.303004	0.000210859	0.000562595	0.00104516	6.69037e-05	0.000260397	0.495043	0.000100825	0.000316913	0.0482003	0.000102255	0.00358023	
0.0149708	0.00349486	0.000890567	0.0021442	0.0117834	1.55817e-29	0.0486122	0.00391103	0.0367224	0.00617077	0.00103716	0.0332412	5.17691e-30	0.00609223	0.00428025	0.027163	0.767749	0.0250191	0.00510205	0.00161546	
0.000201892	0.00216827	0.000477526	0.000253176	0.0758328	6.34833e-05	0.00077721	0.45131	0.000506657	0.0733186	0.0683209	0.00061434	0.000119207	0.000878702	0.000123213	0.000137728	0.0315069	0.291172	0.000414077	0.00180371	
0.00365307	0.00206242	0.127047	0.514321	0.000573487	0.000777454	0.0124768	0.000567026	0.0269444	8.73971e-05	0.0032478	0.129704	0.0005162	0.0388081	0.000716089	0.063454	0.0603717	0.00390833	5.00377e-05	0.0107132	
0.000239931	0.0744739	0.000663633	0.000378303	0.000205014	7.80506e-05	0.000184076	0.233627	0.000313604	0.264963	0.187369	0.00143737	5.67156e-05	0.0596791	0.00871925	0.015272	0.000257417	0.139011	0.000494752	0.012576	
0.0125015	0.00492667	0.354426	0.161899	0.00295589	0.012105	0.00476983	0.00399191	0.0687024	0.00266643	0.0083446	0.171508	8.90922e-06	0.101034	0.0156145	0.009213	0.0440588	0.00853918	4.6478e-05	0.0126875	
0.00195	5.32341e-05	0.0699698	0.0208233	0.00012617	0.559549	0.0292513	0.00438079	0.0938233	0.00173944	0.000270869	0.142217	6.23811e-06	0.0600072	0.00704834	0.00850134	6.04996e-05	6.51953e-05	0.000109881	4.72673e-05	
0.00522298	0.023914	2.95185e-05	0.0696685	0.063754	8.26333e-05	0.00426915	0.00259758	0.729379	0.010447	0.00382728	0.0150111	8.11834e-05	0.0346499	0.0092487	8.9777e-05	0.0026075	0.0046851	0.01714	0.0032949	
0.0326742	0.00101187	0.00204584	0.00373343	0.00843773	0.00833485	0.00512962	0.0620233	0.381776	0.000700039	0.0254138	0.0565505	2.21045e-05	0.0364048	0.0971052	0.0108553	0.225468	0.0400141	0.00068	0.00161909	
0.00666171	0.0254868	4.59105e-05	3.93041e-05	5.60709e-05	1.58732e-05	0.000698479	0.479211	0.000556296	0.0422674	0.000141746	0.000381793	1.59265e-05	0.000277046	7.34196e-05	4.44882e-05	0.000140451	0.416866	0.000173009	0.0268471	
0.0205982	0.00608847	0.00450811	3.555e-05	0.0841473	0.00125114	0.00793653	7.8232e-05	0.648937	0.00213681	0.00194741	1.96895e-05	0.00271427	4.05061e-05	0.00091758	0.000567148	3.97336e-05	0.0058183	0.00762961	0.204589	
0.0163079	0.00319322	0.171353	0.0868737	0.0223159	0.0144578	0.000188339	0.0233485	0.000502479	0.588574	0.0537972	0.00406334	5.9274e-05	0.0016263	6.85802e-05	0.000404676	0.0065264	0.00202705	0.00194417	0.00236855	
0.060752	0.0317236	0.0075553	0.000470153	0.0280591	0.0291966	4.4742e-05	0.0449417	7.4158e-05	9.98797e-05	0.0221147	0.0326459	2.85114e-05	0.475291	5.80138e-05	0.0466519	0.102099	0.0849022	0.00885816	0.0244337	
0.00228751	0.0187031	0.000760957	0.000361029	0.000146527	9.84115e-05	0.00951554	0.882395	0.000129701	0.0053872	0.00323312	9.67153e-05	0.00115602	0.0129263	7.89211e-05	7.99994e-05	5.41639e-05	0.0405094	0.00742456	0.0146558	
0.000130403	0.0111023	0.144222	0.0740058	0.0318978	0.00695599	0.0162281	0.000250531	0.000149649	0.0101197	0.0013523	0.000526354	3.85055e-05	0.0820251	9.09791e-05	0.00421321	0.551389	0.027918	0.00997706	0.0274069	
0.000738942	0.0164863	0.0113772	0.0049078	0.0355994	0.0003625	4.82078e-05	0.0292821	8.65441e-05	0.000151315	0.0292865	0.00675799	3.52903e-05	0.631585	6.64279e-05	0.0955259	0.115212	0.000623395	0.0140773	0.00779033	
0.000115104	0.016467	0.0393489	0.596463	0.0259532	4.34015e-05	0.000310964	0.0402183	0.000154159	0.0459536	0.0400428	0.00042939	0.00737365	0.000162255	0.0116748	0.089838	0.0694457	0.000106332	0.0156163	0.000282903	
0.0322275	0.0023978	0.0199041	0.000179406	0.146732	0.0016722	0.0032411	0.00131592	0.0238171	0.000570229	0.000223275	0.000126151	0.000242135	0.000249861	0.619669	0.00014732	0.000124514	0.027575	8.54646e-05	0.119499	
0.0167055	2.93199e-05	0.000108924	0.0135399	0.73218	0.141024	5.44613e-05	0.000414492	0.025663	0.00160285	0.00294252	0.000133744	0.000906109	0.00348045	0.00601633	2.28941e-05	0.00527286	1.2665e-05	0.0025771	0.0473125	
0.0527359	0.00035381	3.41745e-05	0.000277226	0.0382481	0.000134806	0.102206	0.0186188	0.244737	4.60627e-05	0.021691	9.84879e-05	1.21786e-05	0.0302348	0.423078	0.000654424	0.00841205	0.0568245	0.00157378	2.83164e-05	
0.0934509	0.00246851	0.000110274	0.000784383	0.00252056	8.56002e-05	0.00618644	0.000482736	0.000455931	0.0043979	0.00105807	0.0604419	3.69001e-05	0.0656686	0.00031643	0.0139128	0.719966	0.00794589	0.0183293	0.00138049	
0.0107823	0.0269997	0.00123197	0.0207597	0.000191226	0.00483944	0.0148632	0.867518	0.000215079	0.0262789	0.000285151	0.0119406	6.96604e-05	0.0010647	7.63411e-05	0.000245704	0.000169146	0.00794175	0.000919921	0.00360764	
0.000170857	0.0315111	0.00143691	0.0434712	0.0369255	0.0173784	0.00121278	0.000311796	0.00021893	0.0379878	0.000812037	0.0469586	4.93415e-05	0.0721545	0.000247256	0.000111743	0.640983	0.0477578	0.0189832	0.00131675	
0.0271658	0.0569021	0.000126137	0.000687608	0.00025558	7.77551e-05	0.00031563	0.000161964	0.0232618	0.00473529	0.00203255	0.113127	0.0216868	0.0178653	2.32574e-05	0.403834	0.315128	0.012115	0.000421877	7.54659e-05	
0.377406	0.000171566	7.63281e-05	0.00167951	0.000951407	0.000119299	0.000134856	0.00925036	9.44066e-05	0.000645164	0.00116628	0.0586679	0.000105533	0.0715384	6.2505e-05	0.364115	0.110588	0.000353318	0.00276432	0.000110348	
0.0214871	3.07115e-05	3.75072e-05	0.00971263	0.00726023	0.027432	4.44183e-05	0.00917296	0.14096	0.000978447	0.0230012	4.3115e-05	0.0038823	0.0203054	0.0450078	5.02071e-05	0.00915886	0.00721814	0.00793808	0.666279	
0.0211479	2.99396e-05	3.49818e-05	0.00954974	0.00776599	0.0274944	4.53235e-05	0.00302022	0.14795	0.000171232	0.0207753	4.19711e-05	0.0041388	0.0197551	0.0458546	4.6454e-05	0.00869981	0.00347533	0.00782947	0.672173	
0.0347838	0.0380075	0.024702	0.000363968	0.067016	0.000124494	0.00388474	0.0012187	0.163127	0.000318696	0.000205221	0.000191352	0.000164585	0.000660178	0.548419	0.000101084	0.000144476	0.0355173	8.01204e-05	0.0809691	
0.00136398	0.00015591	0.000111942	0.000196547	0.0264644	0.670371	0.00465713	0.00267198	0.00133156	0.0144624	0.0475621	0.172898	0.00599803	0.0352803	0.00292825	0.00855534	0.00179519	0.000123602	0.000203195	0.00286888	
0.710042	0.135317	0.000209525	0.00015636	7.09852e-05	0.00331935	0.0125104	0.00330127	0.00103414	0.00470057	0.000880053	0.000675672	0.000413503	0.0354484	1.77862e-05	0.0246769	0.0587062	0.00620894	0.000104525	0.00220681	
0.000619091	0.0260568	0.0920529	0.000226696	0.0147921	0.00577095	0.579054	0.000893416	0.000198699	0.000147012	0.0505245	0.0739926	1.5419e-06	0.104118	8.06213e-05	0.000812305	0.000902421	0.0362009	0.0134632	9.20189e-05	
0.0139561	2.88937e-05	3.45822e-05	8.32649e-05	0.42553	0.387344	0.012583	0.0103879	0.0219769	0.0101376	0.0161949	0.012087	1.69899e-05	0.0192434	1.7319e-05	6.46574e-05	0.000210174	2.67305e-05	0.000126752	0.0699495	
0.0497825	0.022244	0.00150564	0.000728443	0.00256175	0.000288137	0.00950245	0.76239	0.000319896	0.00749582	0.000980154	0.000317927	0.000399544	0.0126158	0.000202278	0.000228991	0.00017698	0.0897813	0.0134164	0.025062	
0.00823624	0.000866568	0.000219567	0.000156971	0.0105254	5.45645e-05	0.000285195	0.461022	0.000132116	0.0485463	0.372341	0.00013044	3.11313e-05	0.000210806	3.80416e-05	4.08706e-05	0.000982853	0.0949871	0.0003186	0.000873384	
0.000266981	0.0321116	0.000435353	0.000547593	0.000144919	0.000135856	0.00103729	0.239821	0.000284757	0.322652	0.158636	0.000330167	0.000123169	0.00102343	9.08493e-05	0.000194652	0.00447453	0.198821	0.000489076	0.0383792	
0.00325549	0.0264719	0.000180691	0.000237008	0.000313749	7.98616e-05	0.0148599	0.0523931	0.00288349	0.00375089	0.0476968	0.00205277	0.000475862	0.043856	0.00146031	0.000640076	0.107564	0.645978	0.0156295	0.0302207	
0.0251674	0.000105966	5.49914e-05	0.00989136	0.017107	0.0267777	0.000140972	0.00110713	0.159047	0.000211424	0.0217937	6.35055e-05	0.00419701	0.0186305	0.0623979	7.26712e-05	0.00978124	0.00190409	0.00605983	0.635489	
4.86586e-05	0.00849896	0.759065	0.0272415	0.0150798	0.000393518	7.11923e-05	0.0195727	0.000182441	0.059658	0.0325253	4.49454e-05	0.00409803	0.000207222	0.00351139	0.0280409	0.0310402	4.20318e-05	0.01064	3.79094e-05	
0.000172643	0.0248376	0.000215131	0.00018076	0.000287851	6.95748e-05	0.0167006	0.376504	0.00367809	0.00351789	0.000495772	0.000786453	0.0024687	0.0337168	0.00112363	0.000699311	0.0255573	0.463274	0.0164072	0.0293072	
0.00860857	0.000985423	0.00764757	0.00840571	0.00186408	0.00114151	0.0176325	0.00651493	0.00667964	0.000683852	0.00135059	0.0187277	2.73906e-05	0.0674049	0.000985296	0.0327779	0.804657	0.011454	0.00167051	0.000780408	
0.00509073	0.00516168	0.377876	0.0248795	0.011628	4.12579e-05	7.41715e-05	0.000582187	0.038038	0.0110739	0.00988425	0.253005	0.00102541	0.0939885	0.055398	0.0960129	0.000308559	0.00367473	0.0121776	7.91985e-05	
0.0363437	0.000352233	0.0897857	0.231815	0.00435444	0.00846057	0.0209713	0.00559942	0.260459	0.00691104	0.0159824	0.0813523	0.0157251	0.120917	0.0301672	0.0316929	0.0264616	0.0100646	1.62656e-05	0.00256865	
0.0363437	0.000352233	0.0897857	0.231815	0.00435444	0.00846057	0.0209713	0.00559942	0.260459	0.00691104	0.0159824	0.0813523	0.0157251	0.120917	0.0301672	0.0316929	0.0264616	0.0100646	1.62656e-05	0.00256865	
0.000114804	7.89409e-05	0.100743	0.100992	0.000226309	6.83446e-05	0.0149762	0.000133378	0.000794703	0.000240365	0.00342129	7.76151e-05	2.87302e-05	0.118852	2.6353e-05	0.474999	0.163126	0.0207024	0.000215014	0.00018322	
0.0171157	4.70819e-05	0.00025372	0.0157473	0.739446	0.150414	4.90648e-05	0.000243041	0.0224463	0.00187565	5.28116e-05	0.000280374	1.76858e-06	8.42054e-06	5.84764e-06	4.14631e-05	0.00685635	6.15325e-06	0.000893717	0.0442153	
0.0288827	0.00686128	0.362883	0.280774	0.00100261	0.00797513	0.00699922	0.00343463	0.0519631	0.00178295	0.00303309	0.0851098	0.000112032	0.0776769	0.00979077	0.0167151	0.0383711	0.0116563	4.627e-05	0.00493009	
0.010869	0.00560407	0.0542391	0.0043263	0.0411466	0.00016616	0.102533	0.000218552	0.0106273	0.000439936	0.0205586	0.698258	0.000105699	0.0113216	9.25877e-05	0.0153068	0.000161534	0.000943344	0.0230048	7.64926e-05	
0.00663588	0.0257159	4.74378e-05	3.99012e-05	5.31751e-05	1.57605e-05	0.000553593	0.47548	0.000553402	0.0427679	0.000140794	0.000401278	1.683e-05	0.000270278	7.24599e-05	4.73424e-05	0.000113324	0.420233	0.000157274	0.0266843	
0.0363437	0.000352233	0.0897857	0.231815	0.00435444	0.00846057	0.0209713	0.00559942	0.260459	0.00691104	0.0159824	0.0813523	0.0157251	0.120917	0.0301672	0.0316929	0.0264616	0.0100646	1.62656e-05	0.00256865	
0.000354053	0.000179811	0.203321	0.075272	0.0156492	0.0151909	0.00566513	0.004399	0.0971859	0.00671546	0.0202886	0.278596	0.000101629	0.146606	0.0440476	0.00936885	0.0550829	0.00216732	0.000313193	0.0194961	
0.0145904	0.00193367	0.000312294	0.00141457	0.0466963	0.000174203	0.0220028	0.205855	0.000153065	0.352137	0.318963	0.000309341	6.21816e-05	0.000574209	4.5019e-05	0.0024079	7.31989e-05	0.0226867	0.00033117	0.00927808	
0.030912	0.0031922	0.0141656	0.0540346	4.63435e-05	0.012777	0.0618867	0.0234881	0.331046	0.00243507	0.0139555	0.0687969	7.86498e-06	0.14235	0.132599	0.0340907	0.0593999	0.00582631	0.00468437	0.00430611	
0.000112947	0.0266381	0.0595501	0.458314	0.032965	5.42914e-05	0.00013238	0.00198595	0.00882168	0.0015269	0.0517701	0.274866	0.000426546	0.0466082	0.000808945	0.0019617	0.0167924	9.67869e-05	0.0163915	0.00017621	
0.00583886	0.0252	0.000770407	0.000478697	0.000167012	0.000128311	0.0016134	0.696469	0.0005507	0.0511359	0.000353607	0.000415243	0.000244454	0.00134916	0.000177439	0.000188737	0.00266822	0.178766	0.00504252	0.0284429	
0.0296988	0.00310124	0.281356	0.385824	0.00253142	0.00641684	0.00981424	0.000800234	0.0467823	0.000907885	0.00059932	0.0655062	0.00025546	0.110411	0.0136808	0.0207364	0.0157246	0.00373229	2.37018e-05	0.00209688	
0.116233	0.000263263	0.0239072	0.336666	0.0193978	0.00767253	0.0126532	0.00035079	0.170721	0.000465968	0.00390756	0.0281353	0.000858513	0.165527	0.0785359	0.0174513	0.016157	0.000589756	0.00032364	0.00018252	
0.0108127	4.07308e-05	0.000257589	0.0117407	0.0794735	0.0324507	0.310556	0.00482825	0.000225133	0.0136121	0.00793519	0.142026	3.37994e-05	0.00954856	3.45537e-05	1.5493e-05	0.00419805	2.23612e-05	6.03043e-05	0.372128	
0.653701	0.176478	0.000362623	0.000471773	5.89628e-05	0.00451708	0.0188347	0.00507625	0.00448278	0.00274788	0.00528753	0.000228418	0.00090317	0.0483168	2.16786e-05	0.021531	0.0541554	0.00269541	8.18898e-05	4.71047e-05	
0.0404171	0.00616023	0.197331	0.139095	1.24204e-05	0.0332283	0.00256982	0.0155824	0.012851	0.0338659	0.00843146	0.176376	0.0761215	0.0537398	0.00340043	0.0945707	0.0969384	0.00643161	0.000737241	0.00213966	
0.0363437	0.000352233	0.0897857	0.231815	0.00435444	0.00846057	0.0209713	0.00559942	0.260459	0.00691104	0.0159824	0.0813523	0.0157251	0.120917	0.0301672	0.0316929	0.0264616	0.0100646	1.62656e-05	0.00256865	
0.000379598	0.00121316	0.227634	0.072444	0.0225398	0.101418	0.0244126	0.000173315	0.0128742	0.000524172	0.0011266	0.438117	0.000112282	0.0291625	7.5139e-05	0.0312426	0.0257041	0.000489265	0.0102664	9.18233e-05	
0.0432931	0.000338949	6.81074e-05	0.000113695	0.000164591	2.44875e-05	0.0303394	0.158539	0.00102697	0.000185491	0.00139122	0.000343314	2.28289e-05	0.0615648	0.000440405	0.00910581	0.0768966	0.606176	0.00944386	0.000521696	
0.00124851	0.0815645	0.0136361	0.273886	0.0135834	7.39829e-05	0.0232211	0.0248871	0.0129875	0.00708329	0.0160584	0.367784	0.00431186	0.0663452	2.51118e-05	0.0146504	0.00945729	0.0663356	0.00276029	9.9964e-05	
0.00575816	0.00667465	0.00926285	0.00308274	1.57103e-05	5.93676e-06	3.97367e-05	0.0542418	0.459569	0.0482546	0.188375	0.00899936	1.57922e-05	0.012718	0.121237	7.36791e-06	0.0260851	0.0556435	6.68676e-06	7.27922e-06	
0.00127849	0.000103412	7.14833e-05	0.000197084	0.0117731	2.97205e-05	3.95919e-05	0.165582	0.00947852	0.10717	0.659508	6.86918e-05	1.31092e-05	6.81731e-05	1.77828e-05	3.91367e-05	9.35859e-05	0.032008	0.000157617	0.0123032	
0.00175389	0.0219828	0.00455255	0.00259727	0.00208461	0.000575748	0.000215358	0.247706	0.000737797	0.599259	0.0695929	0.000615605	4.16295e-05	0.000311695	5.29302e-05	0.000164512	0.000269278	0.0281856	0.000216175	0.0190841	
0.00652771	0.0264414	5.20545e-05	4.1393e-05	5.23239e-05	1.53432e-05	0.000620414	0.469189	0.00077441	0.0439193	0.000140375	0.000454773	2.01392e-05	0.000265004	7.28595e-05	5.19119e-05	0.000115148	0.424495	0.000141398	0.0266107	
0.013367	2.71275e-05	2.79615e-05	7.89713e-05	0.412628	0.40248	0.0108518	0.011726	0.0224323	0.00904144	0.0177929	0.0114007	1.58878e-05	0.021623	2.15219e-05	0.000370633	0.000216936	2.64571e-05	0.000121645	0.06575	
0.0293626	0.0171181	9.76346e-05	0.0233049	0.0254391	0.0571762	9.78342e-05	0.000168008	8.47199e-05	0.021538	0.0480663	0.612228	0.00612613	0.0507044	0.0283857	0.00157202	0.00292094	0.0651309	0.010378	0.00010071	
0.0527347	0.548808	0.0315964	0.00466549	9.60889e-05	4.61312e-05	0.00236882	0.0298324	0.002107	0.00629736	0.0170254	0.139616	0.000100164	0.0505082	3.99172e-05	0.064369	0.0243513	0.0252986	4.89966e-05	9.00038e-05	
4.51343e-05	0.00816711	0.759648	0.0275032	0.0148951	0.000382291	4.62112e-05	0.0205642	0.000150757	0.0596996	0.0313712	4.41773e-05	0.00393228	0.000182627	0.00352506	0.0293451	0.0302609	4.08541e-05	0.010158	3.83196e-05	
0.00965956	0.0356907	0.02303	0.0734608	0.00989793	0.00225737	0.00042805	0.0285089	0.0099014	0.211771	0.435008	0.00014434	9.85867e-05	0.00194174	0.00418317	8.05878e-05	0.00315866	0.0158397	0.13243	0.00250965	
0.0363437	0.000352233	0.0897857	0.231815	0.00435444	0.00846057	0.0209713	0.00559942	0.260459	0.00691104	0.0159824	0.0813523	0.0157251	0.120917	0.0301672	0.0316929	0.0264616	0.0100646	1.62656e-05	0.00256865	
0.0296988	0.00310124	0.281356	0.385824	0.00253142	0.00641684	0.00981424	0.000800234	0.0467823	0.000907885	0.00059932	0.0655062	0.00025546	0.110411	0.0136808	0.0207364	0.0157246	0.00373229	2.37018e-05	0.00209688	
0.0363437	0.000352233	0.0897857	0.231815	0.00435444	0.00846057	0.0209713	0.00559942	0.260459	0.00691104	0.0159824	0.0813523	0.0157251	0.120917	0.0301672	0.0316929	0.0264616	0.0100646	1.62656e-05	0.00256865	
0.127406	0.00014877	0.0187948	0.00359042	0.0347114	4.03868e-05	0.000202708	0.000935616	0.327831	0.000138779	0.043312	0.027545	2.10557e-05	0.0004783	0.354121	0.00505197	0.000502575	0.0312638	0.000247832	0.0236575	
0.133377	0.117216	0.00542659	0.0484372	0.000176262	3.49246e-05	0.0177849	0.0154747	0.0406394	0.0147679	0.0405037	0.0330118	3.69457e-05	0.274607	0.00598955	0.0135618	0.00616704	0.229386	0.0029109	0.00049028	
0.00100121	0.0232684	0.000134983	0.000144142	0.000123354	5.49881e-05	0.0243936	0.127302	0.00181307	6.01712e-05	0.000614852	0.000436912	0.00739394	0.0571604	0.000868277	0.000481767	0.000431298	0.710662	0.0190751	0.0245794	
0.0385305	0.0058504	0.195248	0.135497	2.25894e-05	0.0336809	0.0032025	0.0161512	0.0138652	0.0335058	0.00811316	0.167997	0.0766721	0.0555752	0.00369367	0.101841	0.101716	0.00611735	0.000702124	0.00201771	
0.0243606	9.401e-05	0.000256588	0.0983789	0.184571	5.47852e-05	0.000201923	0.0134032	0.114388	0.0112657	0.0248192	0.0140272	0.0121617	0.0216962	0.0182756	0.0283028	0.249059	0.0245725	0.00061599	0.159495	
0.0296988	0.00310124	0.281356	0.385824	0.00253142	0.00641684	0.00981424	0.000800234	0.0467823	0.000907885	0.00059932	0.0655062	0.00025546	0.110411	0.0136808	0.0207364	0.0157246	0.00373229	2.37018e-05	0.00209688	
0.0239656	0.016122	0.265318	0.300359	2.44217e-05	0.00597267	0.00666175	0.00654601	0.0618208	0.00293626	0.00681876	0.0550381	3.65132e-05	0.133605	0.00586734	0.0173228	0.0692521	0.0153823	9.15258e-05	0.00685865	
0.34534	0.000724107	0.000174446	0.000147701	0.00530408	0.341221	0.032371	0.0736869	0.0232407	0.000443897	0.0231866	0.0384912	4.61036e-05	0.0565591	0.000179731	0.00695179	0.000140754	0.0319877	0.00194662	0.0178556	
0.0134115	0.00560772	0.0334219	0.188169	0.0110946	0.00432469	2.54166e-05	0.0019226	0.302528	0.00622734	0.0306364	0.00630089	0.131582	0.204409	0.0253868	0.0221558	0.00382649	0.00220128	7.04494e-05	0.00669876	
0.116233	0.000263263	0.0239072	0.336666	0.0193978	0.00767253	0.0126532	0.00035079	0.170721	0.000465968	0.00390756	0.0281353	0.000858513	0.165527	0.0785359	0.0174513	0.016157	0.000589756	0.00032364	0.00018252	
0.0121737	0.0152124	0.000722405	0.0165544	0.478812	0.00119341	0.000156696	0.0424574	0.00264088	0.145256	0.00700421	0.000698916	3.35856e-05	0.000157189	5.27807e-05	0.000119063	0.000838268	0.00273577	0.0909709	0.18221	
0.598164	0.168729	0.000272303	0.000235545	0.00734874	0.000601915	0.0270098	0.00601387	0.0251645	0.00334863	0.0310041	0.00517588	0.000134677	0.0540661	0.00806056	0.0349993	0.0168119	0.000563264	0.00463897	0.00765661	
0.0288801	0.00719769	0.364092	0.27705	0.000964014	0.00798581	0.00693881	0.00364212	0.052741	0.00182122	0.00323908	0.0846353	0.000107567	0.0772892	0.00969062	0.0168274	0.0399887	0.0118663	4.57698e-05	0.00499711	
0.0246741	0.0116474	0.183708	0.411388	0.0016245	0.00446204	0.00956537	0.00355686	0.0555288	0.00197843	0.00397037	0.0365932	0.000187686	0.165992	0.00998415	0.0211415	0.0432284	0.00685903	6.87203e-05	0.00384082	
0.00279813	0.0139148	0.0017519	0.0170115	0.0621329	0.00690931	0.0648711	0.0823485	0.0147759	0.10275	0.424858	0.0262337	7.48075e-06	0.0356992	0.00486878	0.0101395	0.0161029	0.0449785	9.28399e-05	0.0677544	
0.00195	5.32341e-05	0.0699698	0.0208233	0.00012617	0.559549	0.0292513	0.00438079	0.0938233	0.00173944	0.000270869	0.142217	6.23811e-06	0.0600072	0.00704834	0.00850134	6.04996e-05	6.51953e-05	0.000109881	4.72673e-05	
0.00823624	0.000866568	0.000219567	0.000156971	0.0105254	5.45645e-05	0.000285195	0.461022	0.000132116	0.0485463	0.372341	0.00013044	3.11313e-05	0.000210806	3.80416e-05	4.08706e-05	0.000982853	0.0949871	0.0003186	0.000873384	
0.0134115	0.00560772	0.0334219	0.188169	0.0110946	0.00432469	2.54166e-05	0.0019226	0.302528	0.00622734	0.0306364	0.00630089	0.131582	0.204409	0.0253868	0.0221558	0.00382649	0.00220128	7.04494e-05	0.00669876	
0.0154035	8.1174e-05	0.000602017	0.0275	0.637091	0.0090977	0.00600466	0.00228538	0.0641263	0.0327071	0.0925845	0.00201866	0.000427646	0.00875524	0.000992988	7.84094e-05	0.0652406	0.00391658	0.00153619	0.0295507	
0.0126761	0.00351159	0.000180059	0.000322225	0.229909	5.10854e-05	0.000128413	0.14149	0.00131053	0.253586	0.242196	0.000186313	3.96278e-05	0.00541172	0.0122225	0.010563	6.1179e-05	0.0256097	5.23001e-05	0.0604927	
0.000133757	0.0189151	0.00276502	0.582064	0.0785576	5.47255e-05	0.00673476	0.0292275	0.000118787	0.0441646	0.0377786	0.0136458	0.00742108	0.000126329	0.0110543	0.0861567	0.0560468	0.000159178	0.0117485	0.0131269	
0.0696511	0.00510846	0.000690211	0.00238	0.00152413	0.000235538	0.0261526	0.0106748	0.000542376	0.000725155	0.00138473	0.000258568	4.0413e-05	0.0636992	0.000212236	0.00657967	0.713941	0.0721734	0.0103879	0.013638	
0.516589	0.00404062	0.000173078	0.000316883	0.00780715	4.6742e-05	0.0246335	0.0343421	0.120596	0.0204872	0.0601678	0.0380129	3.10861e-05	0.037062	0.110027	0.00654272	0.000107199	0.000155389	0.0105467	0.00831453	
0.0203702	0.00599206	0.00441674	3.51614e-05	0.0837207	0.00211082	0.00832249	7.85512e-05	0.6489	0.00200038	0.00194045	1.96927e-05	0.00217744	4.14443e-05	0.000897361	0.000568558	4.07451e-05	0.00582765	0.00753536	0.205004	
0.0404171	0.00616023	0.197331	0.139095	1.24204e-05	0.0332283	0.00256982	0.0155824	0.012851	0.0338659	0.00843146	0.176376	0.0761215	0.0537398	0.00340043	0.0945707	0.0969384	0.00643161	0.000737241	0.00213966	
0.170455	9.21709e-05	0.0510455	9.0472e-05	0.00110206	0.0707112	0.000274106	0.000665432	0.0123042	0.000280758	0.0234192	0.451124	5.91551e-05	0.0266868	0.00789294	0.183112	0.000139327	7.9659e-05	9.44588e-05	0.000371427	
0.0160922	0.000390002	0.140556	0.0544975	0.010625	3.18895e-05	0.078335	0.242452	0.0679167	0.042848	0.011681	0.0484083	3.40418e-05	0.0404515	0.00926556	0.0234471	0.140598	0.0321675	0.000333347	0.0398697	
0.0183267	0.0200154	0.000106202	0.00058566	0.0210127	0.0793994	0.0338999	0.000134993	0.00770858	0.00138949	0.02389	0.708866	0.000187088	0.0405539	8.08436e-05	0.00808031	0.00474218	0.0169914	0.0139228	0.00010683	
0.000888467	0.022669	0.000142423	0.000151174	0.000102397	4.24031e-05	0.0226125	0.156574	0.00103621	5.66333e-05	0.00119312	0.00024075	0.00682405	0.055329	0.000650307	0.000172623	0.00018278	0.68991	0.0182061	0.0230161	
0.00365307	0.00206242	0.127047	0.514321	0.000573487	0.000777454	0.0124768	0.000567026	0.0269444	8.73971e-05	0.0032478	0.129704	0.0005162	0.0388081	0.000716089	0.063454	0.0603717	0.00390833	5.00377e-05	0.0107132	
0.0253608	0.00893734	0.20548	0.408674	0.00185204	0.00474545	0.00911974	0.00260901	0.0536266	0.0016635	0.00284347	0.0436117	0.000214489	0.157045	0.0107385	0.0204599	0.0343204	0.00541917	4.91399e-05	0.00322956	
0.370853	0.110117	9.80693e-05	0.000248765	0.000539169	0.00599207	0.023881	0.0197403	0.00504808	0.02539	0.293915	0.00894914	2.37307e-05	0.0510003	0.00033178	0.0193182	0.00687134	0.0544976	0.00201794	0.00116767	
0.021145	4.02283e-05	0.00147063	0.0237007	0.672271	0.0525223	0.00111553	0.000711958	0.102977	2.54024e-05	0.0171214	0.00119759	0.00398475	0.0310234	0.0543887	3.92515e-05	0.00664072	6.79821e-05	0.00583585	0.00372052	
0.00279813	0.0139148	0.0017519	0.0170115	0.0621329	0.00690931	0.0648711	0.0823485	0.0147759	0.10275	0.424858	0.0262337	7.48075e-06	0.0356992	0.00486878	0.0101395	0.0161029	0.0449785	9.28399e-05	0.0677544	
0.0239656	0.016122	0.265318	0.300359	2.44217e-05	0.00597267	0.00666175	0.00654601	0.0618208	0.00293626	0.00681876	0.0550381	3.65132e-05	0.133605	0.00586734	0.0173228	0.0692521	0.0153823	9.15258e-05	0.00685865	
0.00127849	0.000103412	7.14833e-05	0.000197084	0.0117731	2.97205e-05	3.95919e-05	0.165582	0.00947852	0.10717	0.659508	6.86918e-05	1.31092e-05	6.81731e-05	1.77828e-05	3.91367e-05	9.35859e-05	0.032008	0.000157617	0.0123032	
0.73818	0.0168967	0.000262351	0.000290094	2.62112e-05	0.000178261	2.85126e-05	3.63181e-05	0.009969	0.0305195	6.0634e-05	0.0384158	9.76883e-06	2.42465e-05	8.48498e-06	0.0397349	0.0852307	0.0241319	0.000161031	0.0158354	
0.030912	0.0031922	0.0141656	0.0540346	4.63435e-05	0.012777	0.0618867	0.0234881	0.331046	0.00243507	0.0139555	0.0687969	7.86498e-06	0.14235	0.132599	0.0340907	0.0593999	0.00582631	0.00468437	0.00430611	
0.0296988	0.00310124	0.281356	0.385824	0.00253142	0.00641684	0.00981424	0.000800234	0.0467823	0.000907885	0.00059932	0.0655062	0.00025546	0.110411	0.0136808	0.0207364	0.0157246	0.00373229	2.37018e-05	0.00209688	
0.000301077	0.00190432	0.0121754	0.000471143	0.0152876	0.000113018	0.000717136	0.591924	0.000455379	0.0869134	0.0904568	0.000717144	4.62772e-05	0.000292886	6.42901e-05	0.000120731	0.000243028	0.195094	0.000290504	0.00241226	
0.00361696	0.0712879	0.000250985	0.0121805	0.0326976	0.0377371	0.0216842	0.00981513	0.527484	0.111349	0.066071	0.000299841	7.18308e-05	0.0352202	0.0175957	0.0149892	0.000160028	0.000497382	0.000982396	0.0360093	
0.0363437	0.000352233	0.0897857	0.231815	0.00435444	0.00846057	0.0209713	0.00559942	0.260459	0.00691104	0.0159824	0.0813523	0.0157251	0.120917	0.0301672	0.0316929	0.0264616	0.0100646	1.62656e-05	0.00256865	
0.030912	0.0031922	0.0141656	0.0540346	4.63435e-05	0.012777	0.0618867	0.0234881	0.331046	0.00243507	0.0139555	0.0687969	7.86498e-06	0.14235	0.132599	0.0340907	0.0593999	0.00582631	0.00468437	0.00430611	
0.00279813	0.0139148	0.0017519	0.0170115	0.0621329	0.00690931	0.0648711	0.0823485	0.0147759	0.10275	0.424858	0.0262337	7.48075e-06	0.0356992	0.00486878	0.0101395	0.0161029	0.0449785	9.28399e-05	0.0677544	
0.0404171	0.00616023	0.197331	0.139095	1.24204e-05	0.0332283	0.00256982	0.0155824	0.012851	0.0338659	0.00843146	0.176376	0.0761215	0.0537398	0.00340043	0.0945707	0.0969384	0.00643161	0.000737241	0.00213966	
0.0363437	0.000352233	0.0897857	0.231815	0.00435444	0.00846057	0.0209713	0.00559942	0.260459	0.00691104	0.0159824	0.0813523	0.0157251	0.120917	0.0301672	0.0316929	0.0264616	0.0100646	1.62656e-05	0.00256865	
0.0363437	0.000352233	0.0897857	0.231815	0.00435444	0.00846057	0.0209713	0.00559942	0.260459	0.00691104	0.0159824	0.0813523	0.0157251	0.120917	0.0301672	0.0316929	0.0264616	0.0100646	1.62656e-05	0.00256865	
0.0363437	0.000352233	0.0897857	0.231815	0.00435444	0.00846057	0.0209713	0.00559942	0.260459	0.00691104	0.0159824	0.0813523	0.0157251	0.120917	0.0301672	0.0316929	0.0264616	0.0100646	1.62656e-05	0.00256865	
0.0404171	0.00616023	0.197331	0.139095	1.24204e-05	0.0332283	0.00256982	0.0155824	0.012851	0.0338659	0.00843146	0.176376	0.0761215	0.0537398	0.00340043	0.0945707	0.0969384	0.00643161	0.000737241	0.00213966	
