0.0590638	0.000208113	0.0848826	0.000391833	0.000142016	0.000194242	0.000231572	0.00600084	0.00198387	9.29865e-05	0.0133167	0.195298	0.323747	0.0379751	0.000223292	0.181003	0.0843776	0.0103204	0.000431334	0.000115504	
0.000925199	0.00011738	0.000279677	0.00595486	0.195409	9.73617e-05	0.0291169	0.000243846	0.374377	3.84117e-05	0.00153973	0.143848	2.40964e-05	0.0832635	0.0615971	0.0012184	0.0684746	0.0327909	0.000600646	8.37957e-05	
0.0245225	0.0212036	0.00030301	0.00054907	0.000357026	0.000112078	0.0153326	0.0154176	0.00620207	0.00791707	0.071311	0.00197132	0.00650649	0.0296515	0.00119576	0.000201034	0.0379551	0.727444	0.00676117	0.025086	
0.0617705	7.82999e-05	0.000142888	0.0194245	0.430961	0.0237427	0.00325766	0.000109649	0.0803057	4.09472e-05	0.0452291	0.00160868	0.0141528	0.0154719	0.0352862	0.00100421	0.00452285	7.42264e-05	0.0118531	0.250963	
0.029369	8.29061e-05	0.0814596	0.181483	0.531469	0.0348816	0.00105406	0.00391751	0.0120851	0.016806	0.0722729	0.00320633	0.000698548	0.0277504	0.000496818	0.000523874	0.000625027	6.45119e-05	0.00166071	9.33731e-05	
9.87153e-05	0.00160594	0.662929	0.0395195	0.11482	0.00237832	0.00620231	0.000479873	0.0227045	0.00228692	0.0321389	0.0192252	0.0058685	0.0494435	0.000272416	0.000566881	0.00739367	7.6004e-05	0.0319031	8.67801e-05	
0.000753947	0.00460246	0.000166793	0.000653363	0.00327017	0.000104689	0.0048854	0.595534	0.000139479	0.0190044	0.110614	6.06104e-05	9.59587e-06	0.00219452	2.24362e-05	1.67902e-05	0.00747726	0.24476	0.00087818	0.00485149	
0.0776737	0.0140077	0.0345821	0.25142	0.00289012	0.00727154	0.0198142	0.00321094	0.21481	0.0107132	0.0525236	0.0304635	0.00192047	0.121547	0.00934756	0.0477665	0.0726498	0.0264359	7.15692e-05	0.00088041	
0.0414205	0.0122006	0.000322768	0.00980597	0.00259209	0.000116087	0.0203888	0.769599	0.0136242	0.0133048	0.000327663	0.000174008	0.0018331	0.0203609	0.000100342	0.0030024	0.00259554	0.0686418	0.0163588	0.00323076	
0.00798673	8.39662e-05	0.299839	0.0162846	0.0304287	0.44445	3.96406e-05	2.86986e-05	0.00228535	0.00383179	0.0277012	0.124403	0.000352269	0.038129	0.00026982	0.00291816	3.82423e-05	7.66497e-05	0.000819979	3.35273e-05	
0.00796447	5.01467e-05	0.0614623	0.0249021	0.0400599	0.129991	0.00023884	8.75474e-05	0.119573	0.00217009	0.00202529	0.571628	0.000178505	0.0144673	0.00109414	0.00769041	0.000556148	3.1174e-05	7.97855e-05	0.0157497	
0.0776737	0.0140077	0.0345821	0.25142	0.00289012	0.00727154	0.0198142	0.00321094	0.21481	0.0107132	0.0525236	0.0304635	0.00192047	0.121547	0.00934756	0.0477665	0.0726498	0.0264359	7.15692e-05	0.00088041	
0.12682	0.00012336	0.115384	0.174607	0.00244284	0.00203073	7.2718e-05	0.000156211	0.103591	0.00161492	0.00151674	0.157502	0.229037	0.0155961	0.0151678	0.018544	0.00710614	0.00304701	0.000101829	0.0255383	
0.335056	0.0179114	0.00435423	0.0339041	0.000278889	0.00377035	0.000296031	0.101603	0.0653095	0.0709861	0.075529	0.000315235	0.0134618	0.133542	5.17267e-05	0.012476	0.0330106	0.0934801	0.0019935	0.00267058	
0.00132665	0.000225042	0.00528544	0.0096518	0.0332483	0.739703	0.0276611	0.00429363	0.00992467	0.0108248	0.0575474	0.0116707	0.0494696	0.0127213	0.000648389	0.012623	0.0018943	0.000101736	0.000116569	0.0110631	
0.00254081	0.00416906	0.00133471	0.0359561	0.0176462	8.25306e-05	0.021051	0.0044636	0.202087	0.00938696	0.0318984	0.000596314	0.00135729	0.0171566	0.593875	0.0063537	0.0374951	0.00664123	0.000168509	0.00573996	
0.000755798	0.00459523	0.000166809	0.000653629	0.00326676	0.000104181	0.00489163	0.59556	0.000139692	0.018998	0.110505	6.06109e-05	9.62365e-06	0.00219226	2.23786e-05	1.65392e-05	0.00748827	0.244843	0.000878121	0.00485212	
0.00442598	0.000219829	0.00052276	0.0896665	0.00119076	2.50549e-05	0.000197784	0.0383727	0.0592555	0.00573792	0.000341044	0.0192585	3.78765e-05	0.0167825	0.00760754	0.00628364	0.607182	0.135943	0.000208719	0.00674032	
0.0420135	0.00165761	0.0238386	0.0573396	0.231298	0.00174943	0.00333981	0.106039	0.000679932	0.00883106	0.484085	0.000583556	0.00344311	0.0141178	8.24472e-05	0.000202774	0.00012601	0.00304938	0.0154118	0.00211201	
0.00611561	0.000507305	0.00741445	0.547036	0.0243348	0.142693	5.78198e-05	8.39584e-05	0.151383	0.00375907	0.0309355	0.0492504	7.43122e-05	0.0227683	0.00331131	3.62314e-05	0.00830821	0.00173283	0.000100878	9.61628e-05	
0.000737191	0.0192424	0.00259624	0.00174488	0.00204005	0.000220333	0.000325882	0.0163991	0.00910339	0.862429	0.0250277	0.00157869	4.21052e-05	0.000367758	9.00043e-05	0.000349551	0.000540432	0.0353018	0.00122445	0.020639	
0.0735389	9.69227e-05	0.000229983	0.0205367	0.446141	0.00376995	0.00450917	0.000115025	0.0841797	4.92158e-05	0.0442724	0.00212927	0.000410243	0.0110838	0.0416264	0.00136224	0.00134188	8.55479e-05	0.0121797	0.252342	
0.0773913	2.00321e-05	0.170985	0.0625598	0.00308538	0.102028	0.0195638	0.003424	0.269305	0.00314039	0.0194964	0.106395	0.0123808	0.0416624	0.026929	0.0500149	0.020565	0.00161736	3.27322e-05	0.00940427	
0.0062025	0.00027516	0.647259	0.090334	0.0100312	0.0053037	0.00464795	8.3493e-05	0.0587444	0.00638453	0.002037	0.0981764	0.0136203	0.0220812	0.00268581	0.0124329	0.00257385	6.13266e-05	0.0170302	3.55242e-05	
0.0194583	0.0241199	0.100704	0.0237319	0.000186906	6.59773e-05	0.000278717	0.19444	0.0497255	0.00791622	0.025582	0.000370474	0.000322633	0.0422242	0.00125854	0.000284175	0.0883742	0.408052	0.0123911	0.000513349	
0.013607	0.167681	0.000261661	0.000204514	0.0152424	5.24258e-05	0.0298547	0.000140252	0.0316526	0.0018266	0.000531736	0.0387983	0.000571806	0.0538489	0.00617419	0.000396759	0.0394014	0.591038	0.00729816	0.00141796	
0.0385366	0.0107777	0.0391017	0.00400839	0.0414971	7.38048e-05	0.000543529	0.0119347	0.745288	0.00408423	0.0266983	0.00978236	0.00044547	0.0303518	0.0262124	0.000276528	8.87086e-05	0.00391187	0.00442256	0.00196392	
0.555603	0.00705669	0.000178563	0.000695253	0.00102963	0.00361285	0.0703748	0.000236799	0.0134002	0.000274007	0.00250257	0.00210711	9.08415e-05	0.0787745	0.00273488	0.00586716	0.0439516	0.177879	0.0201019	0.0135283	
0.0709146	0.0169066	0.020856	0.607123	0.129133	4.95376e-05	0.000342913	0.000741566	0.0696057	0.00295266	0.0103261	0.022681	0.000133208	0.0133149	0.0113691	0.000236169	0.00633477	7.39444e-05	0.0165824	0.000322754	
0.00306897	0.0118071	0.00475773	0.000338175	0.122627	0.00109485	5.94423e-05	6.98896e-05	0.000100968	0.00929078	0.196908	0.475663	0.0190237	0.110128	0.00916449	0.000127689	0.000147355	0.002035	0.0335252	6.26731e-05	
0.000357069	6.4453e-05	0.00127262	0.00602098	0.445979	0.000240257	0.106969	1.85289e-05	0.0541079	1.06297e-05	0.245134	0.0506878	0.00176151	0.045791	0.00914792	0.000100877	0.0127145	0.00213329	0.0174695	1.97161e-05	
0.0231586	0.00370487	0.00304832	0.0160059	0.0313673	0.000100909	0.0221575	0.00719473	0.185974	0.014847	0.0288685	0.00053605	0.000819793	0.0160515	0.59265	0.00356013	0.0170699	0.011664	0.000137709	0.021083	
0.39132	0.206766	0.00492062	0.105477	0.000680884	0.00348015	0.00858787	0.000569577	0.0179275	0.00337843	0.0264641	0.00094561	0.00505206	0.162812	0.0186816	0.0166342	0.0149811	0.00792582	0.00292302	0.000472494	
0.00639196	0.000824569	0.0811537	0.198574	0.0622081	0.0439228	0.00033677	0.00454901	0.0018636	0.545063	0.0433306	0.00273375	0.00527898	0.000466882	8.61045e-05	0.000267391	0.000219439	7.72083e-05	0.00167798	0.000973891	
0.177621	0.498107	0.0108704	0.0385288	9.94256e-05	0.000117137	0.0642318	0.00386893	0.0533662	0.00933482	0.0621513	0.0026322	0.000361112	0.0601164	9.03204e-05	0.00854757	0.000428711	0.00936785	6.69859e-05	9.15509e-05	
0.00442598	0.000219829	0.00052276	0.0896665	0.00119076	2.50549e-05	0.000197784	0.0383727	0.0592555	0.00573792	0.000341044	0.0192585	3.78765e-05	0.0167825	0.00760754	0.00628364	0.607182	0.135943	0.000208719	0.00674032	
0.0018335	9.00486e-05	0.00486455	0.0076004	0.0258008	0.751666	0.0534513	0.00210952	0.00421889	0.00462887	0.0713592	0.0120062	0.0240288	0.0163257	0.00280992	0.0086365	0.00202819	0.000711785	0.000126989	0.00570287	
0.00525988	0.00725855	0.0396372	0.620255	0.0367247	5.91922e-05	0.00442502	0.0155113	0.0152104	0.00161833	0.0728128	0.00696334	0.0962669	0.0388134	0.000306936	0.000939705	0.00658707	0.0063445	0.0164923	0.00851333	
0.0381073	2.99837e-05	0.0411493	0.0258309	0.000570346	0.0236941	0.0408269	0.00352883	0.656517	0.00542981	0.010213	0.0548755	0.00804642	0.0274469	0.0217461	0.0160668	0.0135711	0.00492105	0.000109548	0.00731888	
0.00554789	0.000102205	0.00596038	0.0053845	0.0151136	0.655967	0.11239	0.000501889	0.0224013	0.000188694	0.104647	0.0256492	0.00146496	0.0232109	0.00577764	0.00356282	0.00653842	0.00349121	0.000214375	0.00188671	
0.00368802	0.000245941	6.0844e-05	0.0540665	0.534663	4.4027e-05	4.17699e-05	0.0946747	0.0344562	0.0472017	0.0770089	0.00999928	0.00386925	0.0131362	0.00170316	0.0018764	0.0227478	0.044994	0.000524354	0.054998	
0.00168806	0.00530315	0.0004823	0.000228391	0.010103	0.708122	0.0796725	0.00120698	0.0370917	0.0184676	0.0503064	0.00278055	0.00407278	0.0399844	2.79219e-05	0.0156292	0.0198338	5.70701e-05	6.58247e-05	0.00487656	
0.0413079	5.70934e-05	0.000105518	0.0319923	0.100815	0.116637	8.07459e-05	0.000339069	0.0455307	7.79116e-05	0.0591369	0.000115235	0.0804848	0.054772	0.0126047	0.000136183	0.0202711	0.000244207	0.00780073	0.427491	
0.0502509	0.0139484	0.000882321	0.0713558	0.035497	0.000359465	0.00161569	0.00760008	0.699358	0.000648832	0.000602553	0.000126811	0.000963515	0.0267935	0.00852289	0.013921	0.00313152	0.036654	0.00813037	0.0196377	
0.00380499	0.000228502	0.0531399	0.0030307	0.011967	0.478517	0.0546554	0.00120876	0.160245	0.000184784	0.00388069	0.0644504	0.000927727	0.111262	0.000247925	0.00225106	0.00389128	0.00526987	0.000255004	0.0405819	
0.00937746	0.0966379	0.0191993	0.00260637	0.000448586	0.00047079	0.0351077	0.0109264	0.0758879	0.000238747	0.0127394	0.0574813	7.07645e-05	0.0487156	0.000751753	0.54002	0.027413	0.0613748	0.000191355	0.000341154	
0.0501207	0.00544439	0.0491432	0.0769627	0.00483886	0.00835489	0.00929211	0.067111	0.310076	0.00392709	0.0207374	0.0372546	0.143829	0.044505	0.032169	0.0272937	0.0658445	0.0419429	0.00017576	0.000977475	
0.0263971	5.50553e-05	0.0662781	0.103399	0.579899	0.0409012	0.00796618	0.00498654	0.0631556	0.0023649	0.00496796	0.0125103	0.00702528	0.0342477	0.00779715	7.90256e-05	0.0194999	8.35101e-05	0.0182928	9.31177e-05	
0.0411196	0.070709	3.31774e-05	0.00956174	0.0665602	0.050749	0.505246	0.01051	0.0211214	5.38345e-05	0.122038	0.000429432	6.37592e-05	0.000196562	3.12217e-05	0.0607226	0.0109891	0.0171207	0.0127195	2.51845e-05	
0.00193022	0.0237937	0.000400302	0.00190618	0.00017235	0.000194548	0.0237847	0.447847	0.00208638	0.00535939	0.000674968	0.000269704	0.00555114	0.0370012	0.00054386	0.000536544	0.000206032	0.407082	0.0173805	0.0232795	
0.000552611	0.0188449	0.00264568	0.0011462	0.000118417	0.000177089	0.0811878	0.795815	0.000469638	0.00130003	0.0040229	0.000191451	0.00520544	0.0495455	0.000135852	0.00207654	9.24502e-05	0.010719	0.00651123	0.0192418	
0.000131612	0.00614805	0.157899	0.0117461	0.0266272	0.00345526	0.00621204	0.00552977	0.179248	0.00174772	0.0423753	0.0208879	0.472129	0.0137367	0.0093973	0.00178547	0.0113813	0.0153078	0.0126343	0.00162042	
0.000103674	0.000146792	0.254376	0.0774783	0.0328793	0.149034	0.000776693	0.000291517	0.000889797	0.000425637	0.0134543	0.260149	0.00023356	0.176249	0.00456146	0.0239484	0.000225689	7.34167e-05	4.79499e-05	0.00465459	
0.0149221	9.87403e-05	0.101279	0.0692431	0.582685	0.0209688	0.00797542	0.000319907	0.0202578	0.00102887	0.0184007	0.0781893	0.00411391	0.0296963	0.00184967	6.7717e-05	0.0107165	2.96407e-05	0.0379436	0.00021409	
0.0028133	0.0247436	0.0136332	0.00153929	0.128649	0.00103603	0.13987	1.10604e-05	5.58585e-05	1.27961e-05	0.533396	0.07324	0.00187462	0.0362312	8.82441e-05	0.0124191	4.58379e-05	0.000744819	0.0244376	0.00515854	
0.0751052	0.0185678	7.18904e-05	5.47932e-05	0.000130721	1.44513e-05	0.000392356	0.759788	0.000659092	0.0557566	0.0333955	0.000342116	1.62144e-05	0.00156095	9.68809e-05	3.43512e-05	3.52685e-05	0.0328806	0.000553842	0.0205433	
0.0352321	0.0318284	0.0817213	3.64314e-05	0.0950511	0.00825194	2.23331e-05	0.0101758	9.83158e-05	6.05891e-05	0.105734	0.0774748	2.42929e-05	0.481863	0.00172943	0.0217599	0.00754075	0.0157883	0.00512667	0.020481	
0.0148091	7.54967e-05	0.000125194	0.00064094	0.126123	0.539446	0.0844271	0.000408985	0.0480317	0.0166202	0.0685455	0.00054868	0.000572536	0.0492708	3.26464e-05	0.00712122	0.000145735	0.000139584	0.000429338	0.0424856	
0.000214546	0.00908262	0.57597	9.87339e-05	0.157108	9.02557e-05	0.000103928	0.00362573	0.00197335	0.0550637	0.0520567	0.00556588	0.0102093	0.077006	0.0113454	0.00353123	0.00423985	0.000106647	0.0325243	8.42081e-05	
0.0211816	0.000108473	0.0106117	0.0695261	0.616448	0.134608	0.0111934	0.0402003	0.00124617	3.84187e-05	0.00491041	0.000448524	0.00604544	0.0565211	0.000680293	7.84345e-05	0.00192854	8.60346e-05	0.0138925	0.0102457	
0.000143132	0.000149078	0.0259967	0.0269439	0.000481276	0.000266989	0.00962393	0.00244109	0.000305516	0.00990667	0.00521542	0.000141702	3.95058e-05	0.0354051	3.99559e-05	0.0296444	0.819681	0.0298311	0.00284093	0.000902203	
0.0120733	0.00118541	4.24924e-05	0.120975	0.0111572	0.000172763	0.0725607	0.000135998	0.205073	0.000752466	0.00308922	0.355237	0.000700285	0.0918088	0.0942132	0.0192387	0.00678878	0.00374568	0.000993258	5.71728e-05	
0.00805435	0.000245304	0.00435565	0.00527186	0.0131556	0.658843	0.135608	0.000107174	0.00376942	2.6549e-05	0.123779	0.0123111	0.000279304	0.0192689	0.00708469	0.00325911	0.00127826	0.002923	0.000358967	2.04862e-05	
8.80937e-05	0.00317199	0.194724	7.40084e-05	0.0936769	0.00128032	3.93435e-05	0.000412441	0.0141702	0.0186746	0.0421772	0.484359	0.0130845	0.021018	0.00029753	0.00177289	0.000316569	5.8413e-05	0.110556	4.83784e-05	
0.000522445	0.000159219	9.74663e-05	0.000507909	0.123105	0.568526	0.0491442	0.0106946	0.0191357	0.016793	0.0344691	0.00650945	0.00415909	0.0192629	1.6891e-05	0.000506686	0.0351696	2.96768e-05	6.11192e-05	0.11113	
0.00269834	0.00346405	0.0201409	0.0430477	0.0127935	0.000737146	0.0312302	0.00739589	0.00561231	0.00256858	0.0165414	0.000417387	8.05435e-05	0.0125288	0.04053	0.0116581	0.657245	0.0123795	0.00237162	0.116559	
0.0016951	0.00531633	0.000478204	0.000228014	0.0100951	0.708548	0.0789593	0.001207	0.0372607	0.0185212	0.0503437	0.00277955	0.00420462	0.0399012	2.60753e-05	0.0156438	0.0197908	5.70021e-05	6.74406e-05	0.00487715	
0.0114243	0.0271556	0.000240263	0.211417	0.0263394	1.32806e-05	0.00652442	0.00848734	0.494973	0.00309954	0.0339827	0.000215441	1.19131e-05	0.00828347	0.0372738	5.83235e-05	0.00402022	0.0112871	8.34437e-05	0.11511	
0.000556428	0.0345396	0.0372036	0.0709804	0.000291915	0.00689186	0.0416961	0.00715223	0.0385078	0.000400206	0.0430276	0.0105385	6.65884e-05	0.0646788	0.0071612	0.588604	0.00930016	0.0378265	0.000383417	0.000192747	
0.000416057	0.0201857	0.00244917	0.000844122	0.000129567	0.000292444	0.0941269	0.784825	0.000421588	0.00116479	0.00353357	0.000196961	0.00442148	0.0495332	0.000131614	0.00182998	9.97223e-05	0.0112346	0.00732947	0.016834	
0.0506478	7.1089e-05	7.54332e-05	0.0268149	0.00754953	0.134012	0.00512683	0.0072494	0.0406141	0.000144691	0.0507156	9.57921e-05	0.000113774	0.000325644	0.000317678	0.000135165	0.0863123	0.0048168	0.0117933	0.573069	
0.000658659	8.96869e-05	0.000727367	0.00109177	0.118392	0.555848	0.0229014	0.0122903	0.0250691	0.0021954	0.0599121	0.025138	0.00233405	0.0563101	0.00615408	0.000680351	0.0176395	0.000321329	0.000355357	0.0918921	
0.0773913	2.00321e-05	0.170985	0.0625598	0.00308538	0.102028	0.0195638	0.003424	0.269305	0.00314039	0.0194964	0.106395	0.0123808	0.0416624	0.026929	0.0500149	0.020565	0.00161736	3.27322e-05	0.00940427	
0.00312116	0.00200413	0.0152126	0.00216008	0.0112299	0.000543557	0.000954538	0.00364598	0.784061	0.0011283	0.0144211	0.0246476	0.00555435	0.000343331	0.0374963	0.0166758	0.0705926	0.00314443	0.00215204	0.000910625	
0.000378164	6.60126e-05	0.00161779	0.0053594	0.443356	0.000102257	0.107243	1.83668e-05	0.0534149	1.08181e-05	0.247963	0.0508817	0.0012301	0.0466756	0.00903124	9.93383e-05	0.0125934	0.00204014	0.0178983	2.03467e-05	
0.12682	0.00012336	0.115384	0.174607	0.00244284	0.00203073	7.2718e-05	0.000156211	0.103591	0.00161492	0.00151674	0.157502	0.229037	0.0155961	0.0151678	0.018544	0.00710614	0.00304701	0.000101829	0.0255383	
0.000145923	0.00960624	0.0046908	0.545431	0.117383	5.2377e-05	0.00208043	0.0111639	0.000196499	0.141994	0.038699	0.00186392	0.00805033	0.00023401	0.00646712	0.0299195	0.0607526	9.65082e-05	0.0194023	0.00177052	
0.0133967	0.000782278	0.0169591	0.000139855	0.0275851	0.0219561	0.000155219	9.41171e-05	0.0156546	0.0259054	0.0033305	0.802358	0.00197122	0.000319538	6.37457e-05	0.0261072	0.00927589	0.00560927	0.0281211	0.000215276	
0.0172236	6.71702e-05	0.112736	0.0763893	0.5678	0.00169283	0.00292827	0.00093899	0.0184366	0.00172657	0.00548278	0.0759219	0.001659	0.0293643	0.000532971	9.4819e-05	0.015165	3.0106e-05	0.0716783	0.000131213	
0.0501207	0.00544439	0.0491432	0.0769627	0.00483886	0.00835489	0.00929211	0.067111	0.310076	0.00392709	0.0207374	0.0372546	0.143829	0.044505	0.032169	0.0272937	0.0658445	0.0419429	0.00017576	0.000977475	
0.00935482	0.0070078	8.09209e-05	0.0615971	0.0194545	0.0155294	0.0423684	0.103677	0.124436	0.339983	0.082884	0.0128463	7.41774e-05	0.0391484	0.0107615	0.000169676	0.00408225	0.0659229	7.77934e-05	0.0605444	
0.0381074	3.29206e-05	0.0412814	0.0258702	0.00057684	0.0237845	0.0407601	0.00358019	0.656002	0.00543096	0.0101605	0.0549072	0.0081547	0.0274808	0.0217763	0.016114	0.0136325	0.00493843	0.000109551	0.00729967	
0.00233589	0.00821305	8.62916e-05	0.000228769	0.106124	0.0822205	0.490621	0.0608874	0.0003018	7.47889e-05	0.21485	0.000135874	0.00122133	0.00340992	2.08042e-05	0.00103153	0.00132851	0.0143275	0.012518	6.37695e-05	
0.0161548	0.000275423	0.231316	0.0674553	0.054277	0.0101928	0.000558477	0.00588587	0.013094	0.0179381	0.000646446	0.0690468	0.00250371	0.00828985	7.4019e-05	0.0312614	0.334521	0.0569558	0.00036042	0.0791927	
0.0315091	0.0500944	0.00290751	0.0760791	0.00914973	0.315417	0.00461528	9.74182e-05	0.338038	0.000277394	0.0124319	0.00796921	0.000102099	0.0422958	0.0617832	0.00806532	0.0167574	0.0200997	0.00199785	0.000313087	
0.0825037	0.0112773	0.000366266	0.0134828	0.00338956	0.0121741	0.0037138	0.0472232	0.0822258	0.0096912	0.0870084	0.00450595	0.589437	0.00665788	0.00806713	0.000912627	0.000179439	0.0167855	0.00207534	0.0183229	
0.000686658	0.00045021	0.000138208	0.000528685	0.11452	0.589741	0.0537158	0.0100331	0.0202986	0.0171442	0.0333147	0.00618847	0.00381096	0.0199866	1.7344e-05	0.00137264	0.0295869	3.32107e-05	6.06761e-05	0.0983723	
0.0124516	0.0302144	0.00465951	0.000164737	0.00747251	1.8566e-05	0.00032802	0.239396	0.00584921	0.163444	0.147868	8.32562e-05	1.93992e-05	0.0355798	0.0047565	0.000693631	0.0798267	0.0827191	0.174376	0.0100779	
0.000737397	0.0191145	0.00246296	0.00175682	0.00202906	0.000219547	0.000324211	0.0164071	0.00910153	0.862006	0.0251304	0.00120934	4.26841e-05	0.000364904	8.66938e-05	0.000367547	0.000542989	0.0354764	0.00122666	0.0213933	
0.00721552	0.02328	0.00184354	0.0095917	0.000191469	0.000165821	0.0982642	0.00927735	0.0525387	0.000145616	0.0830261	0.0105072	2.50918e-05	0.0641667	0.00263155	0.63615	4.74024e-05	0.000736869	7.01238e-05	0.000125344	
0.00303841	0.0206511	0.0199796	0.00185851	0.124792	0.0144685	0.129239	1.15698e-05	5.4483e-05	1.61469e-05	0.531492	0.0758777	0.00166369	0.0334604	8.80986e-05	0.0140634	4.26991e-05	0.000584222	0.0225244	0.00609322	
0.456823	0.0156724	0.000228672	0.000331105	0.114172	6.74961e-05	0.026813	0.0197487	0.0561414	0.0143391	0.0712574	0.0279767	4.93307e-05	0.0636357	0.0246668	0.000173926	0.000132069	0.000938073	0.0158105	0.0910219	
0.603526	0.00273429	0.000253367	0.000500467	0.00348252	9.91086e-05	0.0465838	0.0181626	0.0494864	0.00423374	0.0554522	0.0347119	7.56891e-05	0.0711097	0.0180187	0.080477	0.00529104	0.000134305	0.00295659	0.00271051	
0.000629224	7.45848e-05	0.000257978	0.00104856	0.122238	0.577833	0.0482651	0.0104282	0.0192505	0.015146	0.0354224	0.00609218	0.00595021	0.0171691	9.75396e-05	0.000580513	0.0332945	4.03234e-05	6.7176e-05	0.106114	
0.0398806	0.00370981	0.00200791	0.00417016	0.0674756	0.00044022	0.000216011	0.0217765	0.02798	0.000244245	0.0578906	0.0523494	0.582295	0.0178263	0.0242097	0.000127319	0.000169685	0.00120269	0.00825856	0.0877694	
0.000965509	0.0148843	0.119757	0.00037738	0.0978657	0.0141906	0.0187332	0.000168998	0.000166099	0.00202614	0.0730787	0.629264	0.00106258	0.00119714	0.00158841	0.000172032	0.000192744	0.000530414	0.0236656	0.000113422	
0.000143436	0.000143916	0.0254953	0.0294164	0.000471559	0.000262978	0.01081	0.0023033	0.000305458	0.00901675	0.00500074	0.000115792	4.03279e-05	0.0359499	3.57043e-05	0.0295529	0.817915	0.0293277	0.00279986	0.000893011	
0.000981612	0.00154203	0.00426521	0.0045797	0.02752	0.747941	0.0177104	0.00250503	0.0177616	0.0135116	0.0542519	0.0185742	0.0332711	0.0260812	0.000376361	0.0153934	0.00526306	6.4935e-05	0.000101277	0.00830426	
0.00707987	0.0288501	0.00013723	0.000339333	0.000137441	3.28004e-05	0.100318	0.00485005	0.0544285	0.00019581	0.0833737	0.00603248	2.27832e-05	0.0612713	0.0002873	0.652324	7.23312e-05	9.2445e-05	6.64504e-05	8.79021e-05	
0.0343481	0.0307395	0.0793451	3.4578e-05	0.095632	0.00987645	2.15094e-05	0.0106343	9.68882e-05	5.8945e-05	0.108285	0.0773366	2.51059e-05	0.482035	0.00172762	0.0207461	0.00782767	0.0150604	0.00560205	0.0205675	
0.0103859	0.000378046	0.0855839	0.0504785	0.471926	0.0157897	0.0530438	4.97728e-05	0.0199657	0.000158678	0.126876	0.0718921	0.0101652	0.0525507	0.00555505	5.1538e-05	0.00679387	0.000383448	0.0178682	0.000103884	
0.0162325	0.000114609	0.0990371	0.074751	0.55939	0.0282136	0.0140408	0.00021668	0.0257335	0.00075288	0.0286038	0.0734783	0.00830059	0.0331029	0.00369314	6.4335e-05	0.00992845	6.86729e-05	0.0239309	0.00034623	
0.0751052	0.0185678	7.18904e-05	5.47932e-05	0.000130721	1.44513e-05	0.000392356	0.759788	0.000659092	0.0557566	0.0333955	0.000342116	1.62144e-05	0.00156095	9.68809e-05	3.43512e-05	3.52685e-05	0.0328806	0.000553842	0.0205433	
0.000196237	0.015011	0.0273882	0.0834657	0.0645145	0.0665221	0.0252678	0.00557751	0.000330556	0.0119758	0.000457287	0.000380799	5.18335e-05	0.0419331	0.000193088	8.14052e-05	0.497373	0.0149833	0.0117184	0.132579	
0.00383498	0.0561666	0.016395	0.0353762	0.0203364	0.0174497	0.0238946	0.000199412	0.000410578	0.0868585	0.0172122	0.000346314	0.000745572	0.0756149	0.000273546	0.00339684	0.606331	0.00897802	0.011327	0.0148526	
0.167785	0.00423972	0.0481497	0.118279	0.000166258	0.00452903	0.00820829	0.0193981	0.21308	0.00636109	0.00891128	0.0179036	0.00046715	0.0292196	0.023565	0.0447586	0.0702732	0.209845	0.000189238	0.0046717	
0.0501207	0.00544439	0.0491432	0.0769627	0.00483886	0.00835489	0.00929211	0.067111	0.310076	0.00392709	0.0207374	0.0372546	0.143829	0.044505	0.032169	0.0272937	0.0658445	0.0419429	0.00017576	0.000977475	
0.00819014	0.120964	0.00662701	0.0161364	0.0137894	0.00228625	0.020292	0.000167471	0.000786196	0.029488	0.00576183	0.000270537	0.00224822	0.124455	0.000241617	0.00215636	0.61638	0.0136443	0.00692655	0.0091885	
0.039297	0.00567933	0.235119	0.200076	0.0168833	0.00520369	0.00257405	0.00121991	0.00529013	0.000299003	0.0121845	0.0447394	0.275454	0.0161092	9.5769e-05	0.121755	0.0165773	6.96872e-05	0.00125357	0.000119328	
0.000406609	7.37182e-05	0.131503	0.0258778	0.136693	0.000171182	0.0262821	0.00449749	0.020782	0.00042811	0.0866588	0.130548	0.000149328	0.0285883	3.15155e-05	0.00125101	0.000299834	0.00459451	0.401013	0.000150144	
0.000189163	0.0121108	0.528428	0.000111304	0.117404	6.86434e-05	8.37131e-05	0.000867405	0.000425904	0.0211949	0.0592113	0.0602969	0.00897268	0.113479	0.0129776	0.000668019	0.000710673	0.000140225	0.0625654	9.49898e-05	
0.00796447	5.01467e-05	0.0614623	0.0249021	0.0400599	0.129991	0.00023884	8.75474e-05	0.119573	0.00217009	0.00202529	0.571628	0.000178505	0.0144673	0.00109414	0.00769041	0.000556148	3.1174e-05	7.97855e-05	0.0157497	
0.0286369	0.0163917	0.00865012	0.00213124	0.101313	0.00612224	0.0050957	0.00190665	0.675193	0.0036003	0.00619194	0.00201449	0.00593596	0.00529498	0.0638303	0.000402578	0.000158664	0.0169951	0.00226481	0.0478704	
0.0420261	0.0706975	3.53512e-05	0.00937238	0.0656454	0.0487689	0.506748	0.00963341	0.019172	5.79595e-05	0.119948	0.000496274	5.73071e-05	0.00020112	2.91731e-05	0.0658664	0.0106955	0.0170734	0.0134498	2.58849e-05	
0.0103248	0.0881365	0.000546288	0.00021852	0.00688208	0.000136709	0.0390035	0.000165671	0.0461321	0.000672819	0.000849637	0.0390987	0.00348969	0.0539595	0.0111322	0.0281294	0.0320459	0.618781	0.0113653	0.00893021	
0.00855645	0.000156671	0.071327	0.0422693	0.483457	0.0189952	0.0592796	5.16354e-05	0.0255204	0.000171198	0.142721	0.0629839	0.00692249	0.0494134	0.00437257	6.43861e-05	0.00639829	0.000506499	0.0167406	9.22611e-05	
0.00770108	0.00039464	3.32853e-05	0.166602	0.0127195	4.00394e-05	0.0697903	0.000140337	0.223713	0.000360874	0.00161069	0.291891	0.000377259	0.110534	0.0752525	0.0266179	0.00830221	0.00342771	0.000357493	0.000133844	
0.000498997	0.0199576	0.000478948	0.000478065	0.000310648	0.000116155	0.0202844	0.0425575	0.00685302	0.00687634	0.0203466	0.00501814	0.0110881	0.0592494	0.00196663	0.00258438	0.00172186	0.752386	0.021443	0.0257841	
0.0425953	0.000378637	7.51878e-05	0.079488	4.89929e-05	4.95171e-05	0.000390026	0.161242	0.0697621	0.0606211	0.0569406	0.000249573	0.000585222	0.0194222	0.00645313	0.0123043	0.0992783	0.31232	7.86058e-05	0.0777167	
0.0083557	3.10378e-05	0.255298	0.42997	0.000691747	0.00428684	0.00383807	4.7716e-05	0.110126	8.0145e-05	0.00888344	0.0430377	0.00292719	0.0494118	0.00892591	0.058755	0.0125531	4.26636e-05	6.33583e-05	0.00267484	
0.00253545	0.0043673	0.000581383	0.000447346	0.0204723	0.706873	0.0761107	0.00096938	0.0352599	0.0150641	0.0532038	0.00318329	0.00497083	0.0378255	3.8369e-05	0.0153905	0.0155028	5.55914e-05	6.94932e-05	0.00707863	
0.00131177	0.000122239	9.65175e-05	0.019377	0.0526335	6.55838e-05	0.00362789	0.0091996	0.0462939	0.029353	0.619373	0.00593341	0.000693117	0.0212282	0.0012123	4.06644e-05	0.00201251	0.00155094	0.0716401	0.114235	
0.00764305	0.000176995	0.633171	0.116119	0.00223339	0.00590725	0.00463392	5.66038e-05	0.0646204	0.00666616	0.000848278	0.108075	0.00117506	0.0225087	0.00361953	0.0185924	0.00299641	5.35379e-05	0.000658596	0.000244251	
0.00465535	3.5417e-06	4.91705e-06	0.00233133	0.00464126	0.000248106	0.00981064	0.449855	0.00442725	0.0302859	0.0704252	2.84674e-05	5.93935e-06	1.16552e-05	5.67012e-06	7.02796e-06	0.0294268	0.388772	0.00320743	0.00184678	
0.000367219	0.0236298	0.000674991	0.000483597	0.000440386	0.000153519	0.00146693	0.132738	0.00514098	0.0708655	0.0273629	0.00157514	0.000365202	0.00919524	0.000270779	0.000788681	0.00117606	0.69238	0.00180235	0.0291233	
0.0130975	0.000464637	0.0569716	0.0506087	0.00731045	4.09401e-05	0.00479203	0.00113955	0.577235	0.00104599	0.0140148	0.0125231	3.59543e-05	0.10099	0.099592	0.010377	0.0362896	0.00245931	0.000158483	0.0108539	
0.113252	0.00149234	0.00882691	0.0960153	0.00157023	0.0184559	0.0143968	0.00743145	0.436055	0.00585599	0.0659005	0.0240068	1.68554e-05	0.0583763	0.0275119	0.0965038	0.0203778	0.00264175	0.000177258	0.00113553	
0.000467454	0.107902	0.000902192	0.00205595	0.00528114	0.000152446	0.00113365	0.332024	0.00066231	0.0388347	0.417972	0.000243594	0.000261392	0.00317429	0.000173171	0.00253618	0.000128089	0.0752947	0.00421914	0.00658128	
0.00287795	0.0124243	0.00262467	0.636642	0.220338	0.00118583	0.000938776	0.0125296	0.00906092	0.00745771	0.0284843	0.0017333	0.00247611	0.00784642	0.001116	0.0103001	0.00629683	0.000104718	0.0146519	0.0209106	
0.113252	0.00149234	0.00882691	0.0960153	0.00157023	0.0184559	0.0143968	0.00743145	0.436055	0.00585599	0.0659005	0.0240068	1.68554e-05	0.0583763	0.0275119	0.0965038	0.0203778	0.00264175	0.000177258	0.00113553	
0.00634248	0.0178613	0.00106279	0.071584	0.0632455	0.0015078	0.00896053	0.0151199	0.0476435	0.0751375	0.0835311	0.029075	4.45901e-05	0.167072	0.00229199	0.0114116	0.048317	0.118637	0.000266176	0.230889	
0.011975	0.0001139	0.0306912	0.04596	0.0420564	0.419197	0.00384367	0.0128046	0.146012	0.000604331	0.0174194	0.00285462	0.112579	0.00134572	0.00192745	0.00510574	0.136752	0.00272378	0.000260473	0.00577389	
0.00711866	0.016114	0.0106249	0.00155225	0.000494143	0.00356729	0.00121002	0.000170635	0.0693963	0.00125272	0.00195952	0.0548797	0.00128908	0.0218966	0.00794285	0.355763	0.309886	0.132703	0.00190363	0.000276359	
0.0773913	2.00321e-05	0.170985	0.0625598	0.00308538	0.102028	0.0195638	0.003424	0.269305	0.00314039	0.0194964	0.106395	0.0123808	0.0416624	0.026929	0.0500149	0.020565	0.00161736	3.27322e-05	0.00940427	
0.0083557	3.10378e-05	0.255298	0.42997	0.000691747	0.00428684	0.00383807	4.7716e-05	0.110126	8.0145e-05	0.00888344	0.0430377	0.00292719	0.0494118	0.00892591	0.058755	0.0125531	4.26636e-05	6.33583e-05	0.00267484	
0.00798673	8.39662e-05	0.299839	0.0162846	0.0304287	0.44445	3.96406e-05	2.86986e-05	0.00228535	0.00383179	0.0277012	0.124403	0.000352269	0.038129	0.00026982	0.00291816	3.82423e-05	7.66497e-05	0.000819979	3.35273e-05	
0.0130975	0.000464637	0.0569716	0.0506087	0.00731045	4.09401e-05	0.00479203	0.00113955	0.577235	0.00104599	0.0140148	0.0125231	3.59543e-05	0.10099	0.099592	0.010377	0.0362896	0.00245931	0.000158483	0.0108539	
0.002674	0.017744	0.021638	0.0492553	0.0265899	0.0169352	0.000255738	0.0131767	0.00294154	0.0014536	0.00243211	0.000897413	0.534757	0.000609784	0.000122084	0.000959329	0.201619	0.0661085	0.0177471	0.0220844	
0.160798	0.00439078	0.0452667	0.112443	0.000277271	0.00475957	0.00914309	0.0183914	0.235235	0.00694799	0.0119974	0.0188117	0.000433927	0.0304254	0.0255607	0.0496973	0.066511	0.194517	0.000165619	0.00422645	
0.0776737	0.0140077	0.0345821	0.25142	0.00289012	0.00727154	0.0198142	0.00321094	0.21481	0.0107132	0.0525236	0.0304635	0.00192047	0.121547	0.00934756	0.0477665	0.0726498	0.0264359	7.15692e-05	0.00088041	
0.0501207	0.00544439	0.0491432	0.0769627	0.00483886	0.00835489	0.00929211	0.067111	0.310076	0.00392709	0.0207374	0.0372546	0.143829	0.044505	0.032169	0.0272937	0.0658445	0.0419429	0.00017576	0.000977475	
0.013418	0.011221	0.000512908	0.000401449	0.000337814	9.06597e-05	0.0178212	0.276049	0.0013142	0.00650779	0.00667813	0.00231273	0.0262083	0.013182	0.000257562	0.00993261	0.000200164	0.577669	0.017326	0.0185597	
0.0425953	0.000378637	7.51878e-05	0.079488	4.89929e-05	4.95171e-05	0.000390026	0.161242	0.0697621	0.0606211	0.0569406	0.000249573	0.000585222	0.0194222	0.00645313	0.0123043	0.0992783	0.31232	7.86058e-05	0.0777167	
0.0184495	0.0154677	0.000747728	0.00809893	0.0010774	0.00032271	0.0218124	0.780923	0.0141333	0.00953939	0.000282507	0.000162229	0.00197106	0.02496	0.00024691	0.00115251	0.00248456	0.0739123	0.0168744	0.00738174	
0.167785	0.00423972	0.0481497	0.118279	0.000166258	0.00452903	0.00820829	0.0193981	0.21308	0.00636109	0.00891128	0.0179036	0.00046715	0.0292196	0.023565	0.0447586	0.0702732	0.209845	0.000189238	0.0046717	
0.00765044	0.000176996	0.63287	0.116585	0.00223471	0.00587761	0.00463786	5.54842e-05	0.0648918	0.00630049	0.000847066	0.108151	0.00114962	0.0225426	0.00357008	0.0185848	0.00291935	5.35491e-05	0.000652615	0.000248562	
0.027275	0.60224	3.57564e-05	5.75652e-05	0.00399576	1.38169e-05	0.0953505	0.00289681	0.0507586	5.75319e-05	0.0560112	0.0192229	7.82841e-06	0.0637707	0.000534017	0.076827	1.9022e-05	0.000724452	0.000128717	7.24078e-05	
0.000536054	0.000231674	9.80487e-05	0.000491699	0.124485	0.570626	0.0505284	0.0100893	0.0187819	0.0151893	0.0351672	0.00633693	0.0037324	0.0205479	2.23982e-05	0.000729994	0.0346618	3.02342e-05	6.60516e-05	0.107647	
