0.0189722	0.00119223	4.08599e-05	0.000117745	0.0320513	1.70994e-05	0.0290459	0.285338	0.0932794	0.168149	0.000605347	0.00179692	0.00910676	0.000301273	0.0131802	2.54418e-05	1.94243e-05	0.266242	0.00197758	0.0785412	
0.311752	0.0236475	0.00028125	0.00026123	0.00217472	0.0642191	0.0101784	0.020429	0.170777	0.000528799	0.0278465	0.00998093	4.6083e-05	0.012403	0.0132822	0.0878663	0.0032571	0.00753063	0.000464926	0.233074	
0.0812589	8.82647e-05	4.91777e-05	0.19797	0.00230615	0.0104013	0.0406837	0.000215811	0.202785	8.75533e-05	0.000198606	4.28134e-05	1.97165e-05	0.0922699	0.286467	0.0808786	0.00367173	0.000116767	0.000300144	0.000188813	
0.000605819	0.0101806	0.594142	0.0958798	0.0542391	5.79419e-05	6.27519e-05	0.00174847	0.00016553	0.0484109	0.042196	0.0209509	0.0299276	0.00981884	0.00709515	0.00100688	0.000959183	0.000120584	0.0823377	9.46755e-05	
0.000834576	0.0179096	0.000419104	0.00182881	0.000119153	0.000282331	0.0002156	0.500742	0.000511186	0.128888	0.123097	0.0900144	0.000152779	0.00111896	0.000102783	0.000164424	0.00126213	0.129257	0.00203303	0.00104801	
0.0296153	1.66639e-05	4.55255e-05	0.0209074	0.0215811	0.0364767	0.00629534	0.000188191	0.0660844	4.40558e-05	0.0242293	2.76685e-05	0.0025986	0.00290371	0.00514618	5.69907e-05	0.0185482	0.000435011	0.0334697	0.73133	
0.0959282	4.24343e-05	0.321555	0.366803	0.00175434	0.00173895	0.00135767	6.90974e-05	0.0730492	0.00170585	0.000113914	0.0131244	0.00503594	0.0745947	0.0131739	0.0138049	0.00855251	0.0065473	0.00102397	2.41074e-05	
0.0301825	0.0230164	0.000252036	0.000522613	0.0455591	6.39356e-05	0.00508456	0.315013	0.00211823	0.11468	0.00366751	0.0525379	0.0209286	0.000307994	6.0986e-05	0.00801828	0.0353166	0.334544	0.000566824	0.0075593	
0.0001015	2.7824e-05	0.375295	0.0882913	3.1876e-05	0.0760951	0.0303584	0.00355599	0.00111047	2.76766e-05	0.041196	0.220554	0.0567507	0.0224256	2.8677e-05	0.0687177	2.78172e-05	0.0152847	4.62188e-05	7.39319e-05	
0.0150167	1.27688e-05	0.4399	0.179159	0.0242837	0.0436661	0.0281135	7.31029e-05	0.0838727	1.9793e-05	9.57933e-05	0.0908299	0.000547917	0.0467334	0.0203445	0.00459712	0.00685354	2.12568e-05	6.12174e-05	0.0157985	
0.1196	0.0189989	0.0511754	0.183888	2.04766e-05	0.000736446	0.0850751	0.00313276	0.305926	0.00646775	0.00707978	0.0284715	2.19839e-05	0.0512831	0.044503	0.0181472	0.0512339	0.00191547	5.877e-05	0.0222651	
0.000228761	0.000121816	0.000168056	0.000589739	0.00564952	8.36921e-05	0.000110155	0.052835	0.000372026	0.401753	0.379577	0.00035678	2.83494e-05	0.00032124	2.94038e-05	9.73142e-05	0.000143769	0.0396681	0.0815847	0.0362815	
0.004866	0.017387	0.0222715	0.00242034	0.000151306	0.00121236	0.00294896	0.092406	0.00383214	0.759246	0.00118036	0.00574955	0.00048826	0.00210448	0.000396298	0.000169994	0.00190986	0.03975	0.00913176	0.0323775	
0.00687879	0.000179392	0.010902	0.0556445	0.233872	0.00226431	0.000616236	0.166624	0.000232136	0.0183571	0.483891	0.000232744	0.000560208	0.0087896	5.83532e-05	9.65805e-05	9.75989e-05	0.00784503	0.00265447	0.000203844	
0.0110257	0.0177139	0.000282268	0.000319265	0.00023687	0.000103022	0.0496798	0.056029	0.00294996	7.78021e-05	0.000274431	0.000694092	0.0036492	0.040061	0.00105532	0.000582252	0.000899004	0.745572	0.0361664	0.0326292	
0.555372	0.0184603	0.000391387	0.000305394	0.0031989	9.4813e-05	0.046234	0.000385955	0.00172918	0.000617071	0.00489353	0.000634861	7.76145e-05	0.0474068	0.0011086	0.00010024	0.198037	0.0381499	0.0344144	0.0483877	
0.000211162	0.000203408	0.0368034	0.108088	0.000891763	0.00144689	0.0342997	0.000266358	0.000358203	0.00117083	0.000704837	0.000746909	5.92957e-05	0.0456336	0.000139381	0.17183	0.547897	0.047207	0.000954406	0.00108833	
0.000520993	0.0075156	0.000344894	0.00079875	5.73627e-05	6.35031e-05	6.0463e-05	0.537877	0.00513919	0.242507	0.0778168	0.00491447	1.95084e-05	0.000145267	0.000649996	0.000103264	0.000700046	0.0852106	0.000706213	0.0348493	
0.0148544	1.36531e-05	3.92062e-05	0.0100756	0.49278	0.026804	1.64471e-05	0.00184629	0.0571433	1.28666e-05	0.0124422	1.58931e-05	0.0572287	0.0912335	0.00795137	2.10657e-05	0.00367357	4.33994e-05	0.0541834	0.169621	
0.00573717	0.0114774	0.000243836	0.000309434	0.0380479	7.2257e-05	0.0605383	0.00244828	0.0606595	8.75635e-05	0.00134361	0.00331888	0.00480968	0.024615	0.00102827	0.000182516	0.0109478	0.540872	0.175567	0.0576938	
0.00491155	0.016573	0.000268914	0.000717868	5.2405e-05	0.000134151	0.0453267	0.574335	0.000421505	4.97661e-05	0.00012063	7.78735e-05	0.00329699	0.0385269	0.000257419	9.65062e-05	7.38363e-05	0.247783	0.0331147	0.0338619	
0.0237374	0.000174845	0.208596	0.0229585	0.0108514	0.0673588	0.000440998	0.00349502	0.000140087	0.127141	0.510117	0.0231874	0.000129245	0.000903252	4.91218e-05	9.34349e-05	0.000109116	5.37229e-05	0.000191047	0.00027183	
0.0686668	7.07561e-05	0.23256	0.114776	0.000100862	0.0179896	0.00469412	0.00914326	0.120894	0.00603574	9.87478e-05	0.158571	0.195301	0.0053135	0.00166243	0.0272517	0.0268889	0.00971831	0.000208559	5.40299e-05	
0.00021175	0.000677402	0.120249	0.251005	0.00574412	0.00236606	9.08657e-05	0.000145053	0.0190739	0.00121676	0.00343331	0.397853	0.0286975	0.0754158	8.0094e-05	0.0214428	0.0538765	0.000212199	0.0181218	8.70142e-05	
0.0646322	0.00188283	0.00978044	0.167371	0.00371821	0.344407	5.06369e-05	0.0153136	0.0161584	0.00898712	0.00175262	0.000565074	0.278984	0.0153611	4.50022e-05	0.0058612	0.0467481	0.00597267	0.00151443	0.0108932	
0.000193407	0.0133654	0.000160658	0.000207793	6.70607e-05	6.13394e-05	0.0494273	0.717463	0.000275208	3.18215e-05	0.0107626	9.10537e-05	0.00985509	0.0347168	0.000129846	0.000163005	9.71809e-05	0.0924667	0.0429704	0.0274947	
7.06349e-05	0.000184963	0.0186285	0.0185732	0.000317384	0.229296	0.000105158	0.000207661	0.0099371	5.40256e-05	0.00228552	0.000328664	0.629946	0.000164895	1.38802e-05	0.00899968	0.0549417	0.025008	0.000415354	0.000521629	
0.0150167	1.27688e-05	0.4399	0.179159	0.0242837	0.0436661	0.0281135	7.31029e-05	0.0838727	1.9793e-05	9.57933e-05	0.0908299	0.000547917	0.0467334	0.0203445	0.00459712	0.00685354	2.12568e-05	6.12174e-05	0.0157985	
0.0791705	0.0243071	0.0163584	0.000208032	0.0637455	0.0230463	0.0168318	0.000610723	0.547083	0.0126628	0.000147819	4.18127e-05	0.0451507	0.00011939	0.00221743	0.0115206	0.000189103	0.0335082	0.0172949	0.105786	
0.0907134	0.00100781	6.86117e-05	0.310383	0.0260239	4.89205e-05	6.2459e-05	0.0356122	0.209953	0.00128994	0.016424	0.000156694	3.89419e-05	0.169021	0.0535579	0.000162542	0.0138994	0.0264708	2.6205e-05	0.0450791	
0.00279806	0.0115133	0.000657459	0.000667983	0.00155228	0.000138897	0.000939918	0.411656	0.000591218	0.0907333	0.0383274	0.000153777	0.00014401	0.00186866	0.000150225	0.000132074	0.0183633	0.382774	0.00740773	0.0294308	
0.00386534	0.0200308	0.00156033	0.0441646	0.0409278	0.0125125	0.0599924	0.000174157	0.000270395	0.0250342	0.000700655	0.162662	6.3761e-05	0.0279434	0.000150329	7.34724e-05	0.524923	0.0347593	0.0387152	0.00147702	
0.152267	0.000210612	0.0110858	0.0560776	0.00266001	0.0499586	8.58839e-05	0.000115428	0.174224	0.0302429	0.00013761	0.0341933	4.35636e-05	0.356488	0.0459884	0.0547268	0.0307698	0.0001712	0.000217627	0.000335074	
0.0390119	0.00916584	0.00232095	0.00367445	9.22333e-05	0.000516207	0.000383025	0.273115	0.00022391	0.0895596	0.488743	7.64569e-05	0.000117473	0.000923717	7.84809e-05	5.8786e-05	0.0122285	0.0263677	0.00225594	0.0510866	
0.248512	9.63365e-05	0.000368074	0.000741947	0.000141745	0.00011679	0.0405199	0.000556391	0.00176195	0.000322931	0.004152	0.00051574	3.31281e-05	0.0413607	0.000303149	0.440424	0.218874	0.000293638	0.000786751	0.000119755	
0.0815924	5.13442e-05	0.0894349	0.3209	0.000101759	0.000535502	0.01907	0.0214936	0.117527	0.0153993	0.0351776	0.0955801	0.000485854	0.10191	0.0342278	0.0196214	0.0222013	0.021869	7.44725e-05	0.00274603	
0.0434768	1.73007e-05	0.0220196	0.0293723	0.105678	3.95312e-05	0.0227438	0.0696604	0.0163637	9.81874e-05	0.0190672	0.0190784	0.0367978	0.051082	2.14819e-05	5.62807e-05	0.0219827	0.0622102	0.391162	0.0890719	
0.0360559	4.02443e-05	0.0880995	0.0708259	0.522511	0.0265084	0.00548261	5.21109e-05	0.0508329	0.00157774	0.0114133	0.0346952	0.0457304	0.0252061	0.0103854	9.33935e-05	0.0242163	6.31599e-05	0.0457046	0.000506072	
0.0150167	1.27688e-05	0.4399	0.179159	0.0242837	0.0436661	0.0281135	7.31029e-05	0.0838727	1.9793e-05	9.57933e-05	0.0908299	0.000547917	0.0467334	0.0203445	0.00459712	0.00685354	2.12568e-05	6.12174e-05	0.0157985	
0.00364603	2.18548e-05	2.78841e-05	0.00136092	0.117308	0.000321694	0.0222503	0.0176819	0.34714	0.0257146	0.0389125	2.0833e-05	5.40739e-05	0.20736	0.0280946	2.75918e-05	0.000622046	0.0202915	0.111893	0.0572504	
0.00989393	4.10914e-05	0.000300709	0.0169163	0.18103	4.95989e-05	6.5087e-05	0.0740221	0.000165312	0.260625	0.256814	4.25707e-05	2.03763e-05	0.000433768	0.00201601	0.00675532	0.130977	0.0592348	0.000440932	0.000155514	
0.073152	1.8365e-05	0.0347322	0.103382	0.00970782	0.058955	0.00672566	3.3001e-05	0.378114	0.000334391	0.0317585	0.0825524	0.0124037	0.132639	0.0130454	0.031703	0.0240468	4.82641e-05	0.00661184	3.67819e-05	
0.0221616	0.000643844	0.408502	0.0346156	0.0183765	0.0318122	0.259647	0.000556193	0.0220274	0.000117104	0.0100789	0.0586462	0.0728154	0.0214441	0.00364263	0.00927344	0.0247212	0.000128909	0.000712506	7.75086e-05	
0.0241626	7.24589e-06	0.0393282	0.144524	0.00276114	0.00189526	0.0188398	0.141411	0.108809	0.0357525	0.0481527	2.08382e-05	0.00281142	0.272777	0.0844432	0.00600357	0.0103104	0.04386	3.71188e-05	0.0140928	
0.0115867	0.04108	0.000312652	0.001049	0.0601031	6.59831e-05	0.000569076	0.277301	0.000459255	0.042603	0.0878797	0.000318596	0.000219948	0.0222215	7.16555e-05	9.444e-05	0.0147759	0.438926	0.000167816	0.000194886	
0.0240374	0.000976607	0.0283708	0.047432	0.0182761	0.00801391	0.000118365	0.0314352	0.139656	0.000162411	0.0376709	0.0143723	0.526396	0.0213017	0.078227	0.0025424	0.00018382	0.000578868	0.00413141	0.0161168	
0.000558921	0.00345439	0.000119302	0.0451166	0.00965741	0.0113181	0.0506011	0.00014688	0.000126692	0.000917083	0.0101044	0.738687	8.91547e-05	0.000322638	0.000195302	0.00496972	0.0576574	0.0442824	0.0215972	7.85025e-05	
0.0990568	0.019365	4.69414e-05	0.000235353	0.00431882	0.0197599	0.445874	0.107377	0.000250557	5.10116e-05	0.0361806	4.48292e-05	2.35357e-05	0.0143136	2.44248e-05	0.0683902	0.0617328	0.101498	0.0214073	4.97923e-05	
0.00989393	4.10914e-05	0.000300709	0.0169163	0.18103	4.95989e-05	6.5087e-05	0.0740221	0.000165312	0.260625	0.256814	4.25707e-05	2.03763e-05	0.000433768	0.00201601	0.00675532	0.130977	0.0592348	0.000440932	0.000155514	
0.068497	0.00177577	0.000164067	0.000547219	0.000102869	6.61849e-05	0.000495829	0.337583	0.00239683	0.106989	0.000480249	0.000290674	8.54301e-05	0.00247658	0.00871331	0.0128196	0.187617	0.245757	0.00416317	0.0189799	
0.0594489	5.81679e-05	0.160195	0.0956237	7.92832e-05	0.214611	0.000166583	0.000876775	0.18095	0.000136814	0.000634758	0.000108784	3.34167e-05	0.0029267	0.000322589	0.174957	0.10212	0.000668718	0.000125071	0.00595624	
0.0682866	0.0170027	0.234668	0.16573	8.33669e-05	0.00519341	0.0448907	0.0922332	0.00273968	0.000103163	0.0380604	0.00968976	6.59291e-05	0.0465049	0.00503517	0.0506224	0.148883	0.0480477	0.021898	0.000262803	
0.0686668	7.07561e-05	0.23256	0.114776	0.000100862	0.0179896	0.00469412	0.00914326	0.120894	0.00603574	9.87478e-05	0.158571	0.195301	0.0053135	0.00166243	0.0272517	0.0268889	0.00971831	0.000208559	5.40299e-05	
0.0337455	9.18083e-06	0.215534	0.521563	0.0106348	0.00576925	0.0092423	1.75949e-05	0.0909178	0.00117091	3.2527e-05	0.0187973	0.000174593	0.0328499	0.022176	0.00706318	0.0134612	0.002052	2.19817e-05	0.0147668	
0.0800653	9.80785e-06	0.0484643	0.0261593	0.305549	0.00542882	7.28444e-05	0.0387421	0.0125061	0.126475	0.117215	0.00207701	0.00636038	0.0200965	0.0247218	0.0457212	0.0168247	0.0227353	0.00106369	0.0997114	
0.0377636	0.00483272	0.0331338	0.0655093	0.00221037	0.00515954	4.51697e-05	0.0199598	0.0325446	0.000131738	0.00227531	0.000144134	0.270953	0.0985208	3.28363e-05	0.0267878	0.00017373	0.361118	0.0104297	0.0282749	
0.121336	0.00401429	0.020773	0.300957	7.31094e-05	0.000102276	9.85419e-05	0.0941658	0.0136806	0.173641	0.000408371	0.00561867	0.0239271	0.0373512	0.00550621	0.0052408	0.000120364	0.186003	0.00450362	0.0024801	
0.10976	0.00400689	0.0599883	0.198483	0.00727081	0.0157942	0.0139832	0.0023974	0.238349	0.003349	0.00230323	0.0294959	0.0756766	0.11885	0.0201087	0.0420365	0.0432389	0.014834	6.16744e-05	1.31712e-05	
0.10976	0.00400689	0.0599883	0.198483	0.00727081	0.0157942	0.0139832	0.0023974	0.238349	0.003349	0.00230323	0.0294959	0.0756766	0.11885	0.0201087	0.0420365	0.0432389	0.014834	6.16744e-05	1.31712e-05	
0.00224981	6.61029e-05	0.0582428	0.226603	0.0541058	0.00080543	0.0303856	0.00869385	0.0112408	0.0338357	0.0093256	9.86173e-05	0.000396798	0.0295928	0.00649055	0.000115544	0.0306214	0.0160714	0.00503986	0.476019	
0.188876	0.000346672	0.000175831	0.0794791	0.0001954	6.98725e-05	0.00495176	0.0208127	0.311444	0.0466579	0.000727969	0.00128966	0.0549178	0.0537668	0.144032	0.0181221	8.39361e-05	0.0702347	0.00142164	0.00239363	
0.0862491	5.99768e-05	0.353638	0.354973	0.00249586	0.001579	0.00179928	7.79266e-05	0.0682517	0.00244555	0.000168055	0.0121346	0.00686855	0.0689848	0.0121223	0.0136399	0.00865903	0.00552611	0.00029606	3.12048e-05	
0.0241626	7.24589e-06	0.0393282	0.144524	0.00276114	0.00189526	0.0188398	0.141411	0.108809	0.0357525	0.0481527	2.08382e-05	0.00281142	0.272777	0.0844432	0.00600357	0.0103104	0.04386	3.71188e-05	0.0140928	
0.000950373	0.000274007	0.00116356	0.00128511	0.096972	0.000220214	0.000309643	0.057389	0.0207614	0.376303	0.000717246	0.00292426	0.000137455	0.000547687	0.000124149	0.000167366	0.00551482	0.312747	0.0785253	0.0429671	
0.118973	0.00940896	0.05939	0.269668	4.28292e-05	0.00138058	0.0532333	0.00701218	0.247946	0.00753946	0.0125934	0.0345064	1.34127e-05	0.0765172	0.0371591	0.0162726	0.031464	0.005004	0.000267255	0.0116082	
0.000123587	6.44545e-05	0.149882	0.00719844	0.0260543	0.521851	0.0127232	0.00451721	0.064147	0.00224854	0.0207961	0.114102	0.0570888	0.00316994	0.0021734	0.00456883	0.00867889	0.000109419	0.000139219	0.000363755	
0.0327472	0.000408063	0.00732065	0.0255264	0.0369367	0.0121835	0.0349568	0.0174986	0.00170147	0.000244596	0.0016132	0.00550739	0.000106951	0.000340074	0.797768	0.000345236	0.00156236	0.0184858	0.00016647	0.00458067	
0.272645	0.0924246	0.000295766	0.000961008	0.000412094	0.0208746	0.0564994	0.000175037	0.00503187	0.00309417	0.010028	0.000122794	0.000159198	0.0545013	3.95405e-05	0.410537	0.0647814	0.00673344	0.000380782	0.000302859	
0.000155425	0.00117908	0.000155444	0.000362005	0.00716489	6.40596e-05	0.000133991	0.020789	0.000419061	0.0469233	0.848086	0.000255775	3.91273e-05	0.000232132	3.04319e-05	0.000129648	0.000166097	0.0713298	0.00029487	0.00208993	
0.0134189	0.0011093	0.00126963	0.000261311	0.000115151	8.61603e-05	0.000469709	0.148441	0.00646848	0.242385	0.116044	0.000767507	0.000119668	0.0956152	0.00518676	7.14095e-05	0.00105089	0.283184	0.0323181	0.0516178	
0.0394305	0.0154735	0.000165243	0.000252998	0.000205425	7.03818e-05	0.0470005	0.0270789	0.00597667	7.08388e-05	0.000308538	0.00487712	0.000180302	0.0395336	0.00309501	0.000199759	0.00511323	0.741227	0.0368527	0.0328877	
0.00423433	0.0185463	0.000118581	0.0126271	1.77776e-05	1.57363e-05	0.0399612	0.00015834	0.656499	5.70976e-05	0.000304462	0.0149341	2.75696e-05	0.0553792	0.188175	8.17815e-06	0.00473987	0.00417391	3.54056e-07	2.11045e-05	
0.305401	4.41052e-05	0.00102488	0.00064016	0.0103035	1.30726e-05	0.00981471	0.0001306	0.521395	7.01503e-05	0.000252481	0.0232042	3.01285e-05	0.000147071	0.0980535	0.00512947	6.57456e-05	0.0236452	4.26987e-05	0.000591525	
0.174662	0.0538832	0.00137921	0.00558077	0.0130197	0.000558401	0.136155	0.0193864	0.0126084	0.433976	0.000680737	0.00262214	0.000149905	0.000425537	0.00013834	0.000174689	0.00147144	0.0440677	0.000668043	0.0983927	
0.125143	0.0138569	0.0481853	0.198653	3.33003e-05	0.000723891	0.0705875	0.00273614	0.334227	0.00512955	0.00406514	0.0277288	1.38609e-05	0.0548544	0.0393308	0.0149995	0.0417326	0.00121724	9.5124e-05	0.0166865	
0.0460921	0.00275831	0.000884518	0.0120702	0.000137602	0.000101483	0.00204085	0.0227493	0.0021212	0.0403499	0.468352	0.000833223	0.261496	0.00391652	0.00979661	0.000320884	0.0109636	0.0929247	0.000379331	0.0217122	
0.000648942	0.00115791	0.0015145	0.000187366	0.272787	0.000179036	4.32641e-05	0.273582	0.000223822	0.266294	0.0273671	0.00123095	3.73184e-05	0.0174746	4.33192e-05	0.000400809	0.000714158	0.133444	0.00107604	0.00159387	
0.0465315	0.0150077	0.131324	0.012613	0.00469132	0.000554197	0.000170068	0.00332051	0.0418534	0.0372223	0.0102413	0.011909	0.598969	0.0299693	6.81262e-05	0.00121875	0.000233059	0.000685564	0.0412634	0.0121545	
0.0207357	0.000218085	0.000444188	0.00107331	0.070834	0.000193203	0.00219803	0.513903	0.000613141	0.0795401	0.0258046	0.000735457	0.000324373	0.00186879	0.000128333	0.000185445	0.000406182	0.274564	0.00405841	0.00217238	
0.289413	0.36534	0.000174207	0.000132039	0.0138811	5.71063e-05	0.0348768	0.000452904	0.0727317	0.000137808	0.00396905	0.0695246	3.20479e-05	0.0404208	0.0112904	0.0195273	6.77338e-05	0.0640576	0.00760823	0.00630566	
0.00490926	0.016573	0.000384925	0.000717956	5.26171e-05	0.000134154	0.0450864	0.574521	0.000421505	4.9805e-05	0.000120743	7.78692e-05	0.00329699	0.0385356	0.000257418	9.71044e-05	7.38364e-05	0.247994	0.0328339	0.0338619	
0.0827254	0.0190009	0.000110344	0.000174965	0.000361256	4.47247e-05	0.0443707	0.0499189	0.00968753	0.000134093	0.00079067	0.00471043	2.79048e-05	0.0410026	0.00439303	5.18801e-05	0.000281122	0.677255	0.032535	0.0324235	
0.0469819	2.23704e-05	5.70711e-05	0.0258884	0.0165175	0.0448028	0.00909272	0.00377678	0.0505129	8.43966e-05	0.0266682	4.0591e-05	0.00040649	0.000790019	0.00183283	6.13781e-05	0.021843	0.00645085	0.0368656	0.707304	
0.000478673	0.0146713	0.00101024	0.00056591	4.71463e-05	0.000144254	8.20094e-05	0.67754	0.00108757	0.227125	0.000158036	0.00021432	3.40729e-05	0.000198611	3.19331e-05	0.000121206	0.000256928	0.0367907	0.000554576	0.0388874	
0.181432	0.000240245	0.000567303	0.122298	0.000216361	0.00013514	0.0149544	0.0865612	0.000557372	0.00946258	0.000473913	0.000137168	9.64737e-05	0.00781649	7.59262e-05	0.100956	0.425234	0.0432536	0.00387077	0.00166143	
0.000281074	0.000149433	0.0334482	0.0631245	0.000147471	0.010985	0.0389552	0.00267444	0.0179827	0.000639002	0.0152836	0.00189924	6.44118e-05	0.0502427	0.00262019	0.703266	0.00751146	0.0499135	0.000641779	0.000169683	
0.153418	0.000206018	0.000347874	0.00031825	0.00739892	0.54498	0.0299725	0.00930152	0.0469723	0.00737482	0.0345798	0.0476962	0.000407768	0.0406297	6.80917e-05	0.000195119	0.000648717	0.00909969	0.000141012	0.0662442	
0.0258548	2.7622e-05	0.139944	0.116581	7.40179e-05	7.39746e-05	0.00831133	0.000668822	0.00895457	0.0238482	0.0119385	0.0471379	0.0141705	0.0284096	2.67032e-05	7.2608e-05	0.00738696	0.000174251	0.5528	0.0135455	
0.0353808	0.00093119	0.000197073	0.0490827	0.0223963	0.000155078	0.000325503	0.00246382	0.803956	0.00134431	0.000266332	0.0180433	0.000310135	0.0046799	0.00412705	0.0177905	0.000183512	0.0262213	0.00900431	0.00314076	
0.00385343	0.0143157	0.238755	0.434851	0.0183322	4.41389e-05	6.46358e-05	0.0170196	0.000199174	0.013014	0.0239561	0.00012384	0.00212787	0.000183014	0.014232	0.0145429	0.127099	0.0029468	0.0742761	6.39341e-05	
0.146685	0.000114764	0.0101654	0.0161516	3.44167e-05	0.00486849	3.6364e-05	3.62132e-05	0.289	0.018924	0.00269778	0.00914738	1.10532e-05	0.42022	0.0570681	0.0004836	0.00541697	0.0187022	2.52537e-05	0.000210563	
0.127738	0.0131207	0.0468157	0.203656	3.77891e-05	0.000722047	0.0695148	0.00271297	0.333653	0.00496629	0.0038499	0.0275888	1.18884e-05	0.0549852	0.0382142	0.0147062	0.0406804	0.00112509	0.000125958	0.0157752	
0.000394223	0.000182526	0.102027	0.0421139	0.00983848	0.00284996	0.0269726	0.000119244	0.0103074	0.0280007	0.000406071	0.169986	6.03935e-05	0.0523136	0.0160185	0.263149	0.262855	0.0108728	0.00126534	0.000266724	
0.000256555	0.00013074	0.000246077	0.000500325	0.0255528	0.566618	0.00049224	0.0050244	0.0761137	0.000583201	0.00267803	0.0271552	0.00379038	0.206468	0.025843	0.0167957	0.0187397	0.00019632	0.000119987	0.0226953	
0.176564	0.00441035	0.000322445	0.0232023	0.000216293	0.000140736	0.0114448	0.00028426	0.0527132	0.000661965	0.0523788	0.0106207	5.98095e-05	0.0495066	0.000183898	0.0928544	0.523362	0.000214778	0.000642885	0.000215209	
0.000621469	0.0208572	0.00072947	0.000944684	8.2244e-05	0.000241125	0.00148861	0.154864	0.000475667	0.0280179	0.0217697	0.000101049	0.000544098	0.00690699	0.000101954	9.65837e-05	9.38918e-05	0.71235	0.0106885	0.0390241	
0.0799193	0.452429	0.0386471	0.0798894	0.000621108	4.57576e-05	0.0165875	0.00449649	0.0254133	0.0407439	0.0297056	0.144661	0.00216853	0.0465999	4.95729e-05	0.00721527	0.0011456	0.0295075	7.60016e-05	7.77782e-05	
0.000131885	5.86081e-05	0.00125228	0.000220844	0.0276593	0.625521	0.0108319	0.00514518	0.0220607	0.0394292	0.0324351	0.00805189	0.158685	0.0200682	2.27758e-05	0.00528721	0.0170393	0.000128985	0.00011142	0.02586	
0.00252954	0.000490129	6.0601e-05	0.0580211	0.0200282	0.000208112	0.0345956	0.586731	0.000217267	0.0723496	0.0597578	0.0148577	0.000810733	5.95877e-05	3.87002e-05	0.000320756	0.000885672	0.0962198	0.0052753	0.0465429	
0.10976	0.00400689	0.0599883	0.198483	0.00727081	0.0157942	0.0139832	0.0023974	0.238349	0.003349	0.00230323	0.0294959	0.0756766	0.11885	0.0201087	0.0420365	0.0432389	0.014834	6.16744e-05	1.31712e-05	
0.0133583	0.0172211	0.00166026	0.0653179	0.000200192	0.000283103	0.000232907	0.0517461	0.0013657	0.516173	0.128137	0.00469409	8.68082e-05	0.0531728	5.69697e-05	0.000817838	0.000897541	0.102383	0.000613395	0.0415817	
0.0939482	0.00564151	0.0736033	0.199718	0.0508819	0.0316585	6.89017e-05	7.5567e-05	0.127999	0.00441344	7.90428e-05	0.0773392	0.310099	7.29752e-05	0.0238421	4.76559e-05	3.94829e-05	0.000252813	9.9481e-05	0.000119958	
0.187411	0.00212963	0.0411274	0.459988	0.00405435	7.01288e-05	7.77224e-05	0.000376812	0.101594	0.000101126	0.00102984	7.65933e-05	0.0735519	0.0488798	5.42519e-05	0.02848	0.0382515	0.00321369	0.00887308	0.00066002	
0.000130379	0.000100291	0.0326284	0.00553287	0.0353108	0.455347	0.00170027	0.0151982	0.0110505	0.12367	0.0771562	0.197171	0.0229312	0.00229343	0.00030633	0.00103334	0.0161863	8.53435e-05	0.000258875	0.00190917	
0.0342702	0.0299103	0.0241786	0.0449913	0.000211313	0.00973542	0.000178737	0.000182994	0.00211595	0.45597	0.324025	0.035343	8.52452e-05	0.000373749	0.0001018	0.000883029	0.00224748	0.00666735	0.000851191	0.0276773	
0.00923732	0.00156993	0.0179319	0.0247914	0.00370731	0.0247235	0.0125788	0.0156896	0.24146	0.0165377	0.008991	0.000111365	0.0226692	0.323861	0.0595515	0.0137201	0.0315726	0.170127	0.000227308	0.000941484	
0.000359205	0.0288623	0.0776976	0.478386	0.00732494	0.000108117	3.93274e-05	0.000369616	0.00767118	0.0233946	0.00753343	0.146898	3.6984e-05	0.104574	4.08202e-05	0.000946979	0.000586658	0.000179705	0.11476	0.000230079	
0.328535	0.0668495	0.000187294	0.00041767	0.000338416	0.0751135	0.0366903	0.00800636	0.0553039	0.00137638	0.0412546	0.00539452	7.77698e-05	0.0506094	0.000167787	0.327918	0.000110308	0.000174848	0.00122182	0.000253021	
0.0598376	0.000312528	0.234048	0.156752	0.0182313	0.0215604	7.58319e-05	0.0181913	0.000230985	0.000480229	0.0444455	0.00010076	0.000113134	0.337507	0.000106121	0.104318	0.000455844	8.70586e-05	0.00307298	7.42665e-05	
0.0331967	0.00187998	0.000527871	0.097537	0.048448	0.000246802	0.000210619	0.000167984	0.462382	0.000490928	0.00713538	5.82075e-05	0.000171284	0.212946	0.083886	0.00594898	0.000155072	0.00121573	0.00137597	0.0420197	
0.0511504	0.000142868	0.0509989	0.0412776	0.299217	0.0881606	0.000590628	0.0425726	0.00709755	0.410766	0.000601232	0.00359201	0.000187472	0.00107892	0.000172464	0.000107992	0.00145409	0.000157551	0.000349726	0.000324985	
0.0367727	0.0175775	0.116695	0.303517	0.0542991	0.000156438	5.15619e-05	7.65199e-05	0.072223	0.0126615	9.60894e-05	0.024574	0.310523	0.00180427	0.00012965	0.000105056	0.0150519	0.000319287	0.0333158	4.93158e-05	
0.0148702	0.0146186	0.0624072	0.599928	0.00952862	0.00437481	8.42221e-05	0.00180585	0.0495523	0.000232161	0.000339235	0.00530121	0.0332918	0.0949207	0.00690375	0.00391245	0.081178	0.0118428	0.00456446	0.000343557	
0.14429	0.0135619	0.00415425	0.00294814	0.0271897	0.000630772	0.000206376	0.00281725	0.00271915	0.000161989	0.0225702	0.0154795	0.653648	0.000601567	6.80135e-05	0.0046691	0.014648	0.0451898	0.0205351	0.0239117	
0.0114657	0.0168389	0.00869031	0.0426571	0.000138513	0.00443129	0.000416192	0.732101	0.000808738	0.104751	0.0250663	0.00017254	0.000280968	0.00178631	0.000103637	0.000238781	0.000173902	0.00709465	0.0108404	0.0319435	
0.0169027	9.72341e-06	3.98214e-05	0.010755	0.506126	0.0209158	2.05477e-05	0.000753679	0.081242	1.3063e-05	0.0167022	1.64909e-05	0.0557789	0.0685755	0.0117932	2.60263e-05	0.00438608	6.16154e-05	0.0523272	0.153555	
0.000245949	3.3579e-05	0.0363306	0.0617319	0.0166203	4.9476e-05	0.0262157	3.57433e-05	0.00024277	0.0152449	0.000507333	2.60404e-05	3.74193e-05	0.0395673	8.60092e-06	0.00361679	0.713014	0.0336018	0.0163928	0.0364767	
0.361599	0.00130321	0.00268044	0.00167605	0.000584054	0.000978246	0.0563065	0.000584987	0.000698115	0.000264483	0.0114497	0.00192344	4.52114e-05	0.050448	0.000539389	0.468533	0.0386657	0.000985351	0.000251501	0.000483229	
0.0655282	0.000705044	0.000887677	0.0215309	0.000841223	0.007698	0.00713494	0.0276624	0.00046602	0.000861298	0.000680899	0.0131199	5.25464e-05	0.0559256	0.000151052	0.016861	0.766389	0.00075179	0.0114446	0.00130826	
0.0103498	0.00923478	0.584694	0.0017091	0.0415469	7.64093e-05	5.41105e-05	0.0677967	0.0261286	0.0850176	0.0785899	6.78422e-05	0.0155255	0.0150628	0.0108994	0.00229171	0.00441042	0.000124639	0.0463396	8.06553e-05	
0.00264733	0.0166528	8.51473e-05	0.616639	0.0398033	0.000106903	0.000837907	0.0241426	0.000202015	0.0042633	0.125302	0.0219845	0.0039907	0.027589	0.00244561	0.018717	0.0365476	0.00691869	0.018383	0.032742	
0.0628947	0.0161076	9.51433e-05	0.0432596	0.0366484	0.0506066	0.0141559	0.000144855	0.000105264	0.00550269	0.0427383	0.602259	0.0517003	0.00264938	0.00352276	0.000122024	0.000153953	0.0335917	0.0336579	8.38646e-05	
0.000199847	0.0147607	0.000172137	0.000786748	7.14469e-05	0.00011862	0.0483115	0.71426	0.00029069	3.78985e-05	0.0122349	0.000110596	0.0104546	0.0360578	0.000138117	0.000145527	9.72987e-05	0.0910854	0.0417578	0.0289081	
0.00814011	0.000463343	0.154516	0.000146821	0.00137396	0.00279219	0.134826	0.000559309	0.000318223	7.59906e-05	0.0295357	0.0198424	0.0157252	9.72498e-05	0.00327892	0.474187	0.147606	0.000126781	0.0063008	8.82148e-05	
0.00293517	0.000549578	0.00234837	0.0080005	0.453512	0.000337166	5.96931e-05	0.087935	0.0082452	0.0165769	0.0547923	0.00813119	0.120899	5.67483e-05	0.00295638	4.58265e-05	4.27083e-05	0.0666398	0.118141	0.0477951	
0.0850666	0.000728431	0.246415	0.488864	0.00236134	0.00632467	0.000222633	0.0356884	0.00758334	0.00170503	0.0253958	0.000254988	6.43108e-05	0.0393174	0.0288808	0.0160548	0.000188956	0.00012945	0.014613	0.000140352	
0.0239255	1.72917e-05	0.0425355	0.184343	0.00194908	0.00243158	0.0178615	0.103602	0.136971	0.0258775	0.0360725	2.29479e-05	0.00200284	0.264686	0.0862713	0.00486158	0.0126894	0.0408527	0.000944115	0.0120824	
0.218193	0.0178412	0.000125187	0.000296443	0.00016721	0.00421109	0.00256207	0.0113531	0.000315773	0.0194926	0.456636	0.000214148	8.48881e-05	0.00489207	4.2054e-05	0.00544993	0.0688181	0.177224	0.000885375	0.011196	
0.240858	0.107785	0.0234699	0.176523	0.000143109	0.0262592	0.00242537	0.0975467	0.0418391	0.000245422	0.000906132	0.000357001	4.23716e-05	0.0220003	0.0569849	0.0130698	0.0223503	0.162788	0.00405544	0.000350921	
0.0337455	9.18083e-06	0.215534	0.521563	0.0106348	0.00576925	0.0092423	1.75949e-05	0.0909178	0.00117091	3.2527e-05	0.0187973	0.000174593	0.0328499	0.022176	0.00706318	0.0134612	0.002052	2.19817e-05	0.0147668	
0.0398207	0.00381204	0.0120886	0.0239794	0.000292462	0.000302912	0.00148657	0.290118	0.0626899	0.157975	0.105081	8.16993e-05	0.000267363	0.142733	0.0806731	0.000506119	0.0155243	0.0426725	0.00262045	0.0172756	
0.0129931	0.00568957	0.000201289	0.000589445	0.011768	8.94169e-05	0.000381676	0.425439	0.00130326	0.108608	0.0101829	0.00153149	0.00244903	0.00361235	0.000146172	0.000717348	0.0111768	0.389645	0.003177	0.0102998	
0.10976	0.00400689	0.0599883	0.198483	0.00727081	0.0157942	0.0139832	0.0023974	0.238349	0.003349	0.00230323	0.0294959	0.0756766	0.11885	0.0201087	0.0420365	0.0432389	0.014834	6.16744e-05	1.31712e-05	
0.0337455	9.18083e-06	0.215534	0.521563	0.0106348	0.00576925	0.0092423	1.75949e-05	0.0909178	0.00117091	3.2527e-05	0.0187973	0.000174593	0.0328499	0.022176	0.00706318	0.0134612	0.002052	2.19817e-05	0.0147668	
0.0205912	1.17384e-05	0.00430301	0.000350443	2.47059e-05	6.60223e-05	1.5393e-05	0.234931	0.0107619	0.196501	0.210142	1.7326e-05	0.00881901	0.0375624	0.0086602	1.55372e-05	0.0166151	0.136187	0.0132096	0.101216	
0.39227	0.136112	0.000137739	0.000493305	0.0790531	7.21573e-05	0.0142442	0.00230088	0.196383	0.0165883	0.0286533	0.00238867	5.36491e-05	0.0264353	0.002138	0.0119039	0.0204135	0.000161009	0.00966984	0.0605282	
0.0337455	9.18083e-06	0.215534	0.521563	0.0106348	0.00576925	0.0092423	1.75949e-05	0.0909178	0.00117091	3.2527e-05	0.0187973	0.000174593	0.0328499	0.022176	0.00706318	0.0134612	0.002052	2.19817e-05	0.0147668	
0.0107579	2.05747e-05	3.17307e-05	0.0903346	1.84973e-05	0.0252024	0.014387	0.0418427	0.406175	0.0010902	0.0185979	0.00239	9.30024e-06	0.237067	0.0809338	0.0288851	0.0284299	0.00730737	3.78553e-05	0.00648132	
0.0675101	0.016822	0.000208984	0.0002904	0.000107033	6.89925e-05	0.000774695	0.300425	0.00134055	0.230177	0.121146	0.000516496	8.73939e-05	0.00304848	0.000261719	9.01914e-05	0.000140309	0.2171	0.00121804	0.0386662	
0.0812589	8.82647e-05	4.91777e-05	0.19797	0.00230615	0.0104013	0.0406837	0.000215811	0.202785	8.75533e-05	0.000198606	4.28134e-05	1.97165e-05	0.0922699	0.286467	0.0808786	0.00367173	0.000116767	0.000300144	0.000188813	
0.086934	4.65731e-05	0.345656	0.358861	0.00239392	0.00159867	0.00163887	6.21885e-05	0.0698917	0.00184901	0.000149195	0.0122244	0.00607124	0.0711863	0.0126844	0.0136737	0.00871069	0.00582933	0.000510731	2.72675e-05	
0.107359	0.0131584	0.0159925	0.0250917	5.64042e-05	2.80106e-05	0.000114765	0.0507033	0.147382	0.214224	0.113151	5.87866e-05	4.33248e-05	0.000236755	0.00619966	0.00362224	0.0429721	0.200246	0.000135551	0.0592257	
0.309392	7.34247e-05	0.000397776	0.000864323	0.000117883	0.000213695	0.0491945	0.000489411	0.00101334	0.000251341	0.00263508	0.000743603	3.07175e-05	0.0458283	0.000384748	0.358902	0.228799	0.000329624	0.000240437	9.8865e-05	
0.000363793	0.00529785	0.000346123	0.00033641	6.86784e-05	3.76693e-05	7.32868e-05	0.525319	0.00733469	0.270903	0.0532866	0.000107596	1.89479e-05	7.67893e-05	0.00102386	5.01917e-05	0.000777292	0.0984033	0.00122792	0.0349465	
0.219551	3.51464e-05	0.122969	0.330768	0.00104428	0.00662493	0.000147343	0.000255907	0.115293	0.005077	0.000108188	0.0180643	1.73954e-05	0.105569	0.0349085	0.0158	0.00791211	0.00598123	0.00982862	4.45418e-05	
0.000369241	0.00522493	0.000341675	0.000332119	6.18973e-05	3.79029e-05	7.35006e-05	0.525575	0.00722991	0.270745	0.05352	0.000107449	2.21805e-05	7.74933e-05	0.0009909	5.13921e-05	0.000804336	0.0981633	0.000872182	0.0353991	
0.0288528	1.91032e-05	4.63781e-05	0.0197152	0.0205523	0.0334695	0.0054017	6.90966e-05	0.0704218	2.04855e-05	0.0252497	3.13931e-05	0.00595238	0.00596246	0.0061549	5.70241e-05	0.0183618	0.000121397	0.0351168	0.724424	
0.10976	0.00400689	0.0599883	0.198483	0.00727081	0.0157942	0.0139832	0.0023974	0.238349	0.003349	0.00230323	0.0294959	0.0756766	0.11885	0.0201087	0.0420365	0.0432389	0.014834	6.16744e-05	1.31712e-05	
0.076581	8.94297e-06	0.00350334	0.157703	0.0317167	1.20328e-05	2.05362e-05	0.000873661	0.324031	1.7733e-05	0.110211	0.000874128	1.11173e-05	0.0647043	0.0543721	3.27073e-05	0.0875808	0.0518171	3.3311e-05	0.0358953	
0.550802	0.135803	0.000135963	0.000263639	0.00083098	0.0725039	0.0407611	0.012005	0.0464244	0.0132497	0.036303	0.0379699	9.31082e-05	0.0453281	9.98918e-05	9.48071e-05	0.000161648	0.00578844	0.000547861	0.000833773	
0.204997	5.63499e-05	0.00427051	0.230345	0.0279212	4.01197e-05	0.0215096	6.35769e-05	0.186895	0.00032756	0.000327367	9.17458e-05	8.7465e-05	0.00034427	0.146064	0.071189	0.0122959	0.0740282	0.000177988	0.018968	
0.0978376	4.28042e-05	0.317719	0.36756	0.00171829	0.00183094	0.00131243	7.0391e-05	0.0740792	0.00172326	0.000112102	0.0133645	0.00485572	0.0746595	0.0131847	0.0137524	0.00844272	0.00657226	0.00113817	2.39109e-05	
0.0502829	7.69052e-05	9.28987e-05	0.0500166	0.104453	0.0270192	0.0425615	0.0516175	0.0420968	0.0284227	0.0136421	0.000154753	0.000324951	0.000210434	0.000265403	0.000111187	0.0274625	0.0163827	0.0118002	0.533006	
0.561675	0.00136977	0.000236944	0.000242587	0.00290594	5.5551e-05	0.0129993	0.0325214	0.246284	0.0240698	0.0182459	0.0188545	2.40915e-05	0.017307	0.0429153	0.00288379	7.68923e-05	0.000170856	0.0161679	0.000993754	
0.172248	4.82138e-05	0.0626291	0.194292	0.0170663	0.00900355	7.49953e-05	0.00139622	0.10711	0.195844	0.00617577	0.00797895	4.27658e-05	0.00103272	0.162635	0.00992006	8.77842e-05	6.46272e-05	0.017245	0.0351054	
0.0518108	6.39923e-05	0.0579019	0.370676	0.00672334	0.070333	0.00161573	0.000196604	0.165057	0.0102891	0.00730692	0.0290777	0.00356158	0.0729735	0.0105566	0.0558963	0.0843771	5.90986e-05	0.00136986	0.000154171	
0.00423433	0.0185463	0.000118581	0.0126271	1.77776e-05	1.57363e-05	0.0399612	0.00015834	0.656499	5.70976e-05	0.000304462	0.0149341	2.75696e-05	0.0553792	0.188175	8.17815e-06	0.00473987	0.00417391	3.54056e-07	2.11045e-05	
0.000185668	5.81318e-05	0.00247586	0.000492731	0.0353077	0.613997	0.00855667	0.0118201	0.0199277	0.0573088	0.042521	0.0211032	0.117596	0.0167733	2.35186e-05	0.00320688	0.0176757	0.000102115	0.000102949	0.0307647	
0.000935137	0.0187117	0.00107036	0.00202866	8.4747e-05	0.000310994	0.00150123	0.802115	0.00110452	0.0324504	0.0367819	0.00018172	0.000682208	0.0061084	0.000227342	0.000187847	0.000180737	0.0538634	0.00852991	0.0329434	
0.0604529	0.0123214	0.0752684	0.0347299	0.000213082	0.0935211	0.00208837	0.63952	0.000613831	0.0249519	0.000248666	0.000133762	0.000476103	0.0164132	0.000200407	0.000160265	0.000150324	0.000134609	0.0117851	0.0266166	
0.000410821	0.0138393	0.000968752	0.00054191	4.73779e-05	0.000132671	8.74851e-05	0.681635	0.0011311	0.224302	0.000156942	0.000207475	3.36763e-05	0.000170576	3.11911e-05	0.00011307	0.00027021	0.0367537	0.000319108	0.0388473	
0.000245701	3.7851e-05	0.0368507	0.0622756	0.0164894	0.000107331	0.0259162	3.59606e-05	0.00023873	0.0150847	0.000506201	2.59995e-05	3.80149e-05	0.0396371	9.34457e-06	0.00361127	0.712671	0.033308	0.0163902	0.0365202	
0.00296645	7.66763e-05	0.00205547	0.0192584	0.819683	0.000790367	0.00337835	0.00469086	0.0180289	0.0133407	0.0396085	0.016295	0.00165802	0.0233718	0.00108782	0.000110184	0.00997082	0.0144909	0.00900811	0.000129307	
0.043552	7.41226e-05	0.0677711	0.0432793	0.618299	0.0195354	0.000120153	7.5325e-05	0.0408485	0.00436794	0.00262236	0.0213919	4.90017e-05	0.00240783	7.16855e-05	9.93928e-05	0.0307004	0.000102208	0.102602	0.00203019	
0.0130695	7.21852e-05	0.000120915	0.00173907	0.116047	0.484166	0.00965339	0.0655306	0.0161961	0.0741803	0.0692697	0.0136834	0.000143171	0.0413162	2.55985e-05	4.71139e-05	0.000229162	5.89028e-05	0.000169985	0.0942818	
0.000313278	0.000165844	0.000192091	0.106729	0.116734	0.000157276	0.0132038	0.137898	0.0113016	0.282227	0.107295	0.000163982	0.000164479	0.00126831	0.00901836	0.000109562	0.0375488	0.150531	0.000969364	0.0240095	
0.0232621	5.91696e-05	0.737985	0.000232074	0.0432564	0.00197066	3.37317e-05	0.0183989	4.98721e-05	0.0327699	0.000320206	0.0118821	5.44306e-05	0.00209972	0.0133345	0.00388304	0.0565504	0.0367728	0.000673641	0.0164114	
0.0150167	1.27688e-05	0.4399	0.179159	0.0242837	0.0436661	0.0281135	7.31029e-05	0.0838727	1.9793e-05	9.57933e-05	0.0908299	0.000547917	0.0467334	0.0203445	0.00459712	0.00685354	2.12568e-05	6.12174e-05	0.0157985	
0.000143252	0.000296647	0.289347	0.0119644	0.0301395	0.392862	0.0241146	0.00020068	0.0364923	0.000731154	0.000744825	0.181424	0.0053587	9.90714e-05	0.00293001	0.00389724	0.0172463	0.000124933	0.00180486	7.74829e-05	
0.0324462	0.0178465	0.0366134	0.399516	0.00567685	0.00111858	0.00423076	7.14584e-05	0.119676	0.000957225	0.000230853	0.0927847	3.01103e-05	0.114989	0.0414964	2.26204e-05	0.0961178	0.0355327	0.000545945	9.7658e-05	
0.00146822	0.0164767	0.00200553	0.00364949	0.000356902	0.000565803	0.000200462	0.270105	0.000575784	0.406149	0.0636787	0.000576366	0.00644725	0.000589816	7.72674e-05	0.000193511	0.0168191	0.168222	0.0019015	0.0399426	
0.00806543	0.0064911	0.00019635	0.000503863	0.000126917	0.000141806	0.0931596	0.286157	0.00148404	0.0308017	0.0886002	0.000406949	0.000190074	0.00189457	0.0153382	0.000328303	0.118528	0.32689	0.0081326	0.0125638	
0.0109616	0.00307119	0.012842	0.0216649	0.00032192	0.00296506	0.000205828	0.134157	0.010594	0.653839	0.000812151	0.00231165	9.25284e-05	0.000566733	9.42089e-05	0.000475724	0.00232126	0.015155	0.0937401	0.0338073	
0.0440439	6.44976e-05	5.7891e-05	0.000145644	0.000103359	0.081885	0.0549332	0.266505	0.00159396	6.74847e-05	0.384782	0.000336422	0.000145473	0.041289	1.77263e-05	7.32324e-05	0.0001371	0.0971838	0.000122773	0.0265126	
0.123112	0.0158859	0.000222336	0.000326134	0.000121805	8.50157e-05	0.00454461	0.0452315	0.0011615	0.0150766	0.176852	0.00223104	7.45543e-05	0.00510721	0.000278573	0.000109323	0.000164157	0.569001	0.000669049	0.0397466	
0.0317978	0.000743371	0.125823	0.0311151	0.0377214	0.106064	0.000832524	0.000125091	0.000124867	0.438779	0.17534	0.0480449	0.000209598	0.00118943	6.0857e-05	0.000176438	0.000135136	0.00010844	0.000202741	0.00140626	
0.0186865	0.0144512	0.00392714	0.039623	0.11365	0.0010881	0.000135378	0.0285356	0.0502489	0.000123913	0.0330002	0.0212834	0.569934	0.000644172	0.000165388	0.000135929	0.000267106	0.00387289	0.0412331	0.0589941	
0.0170563	9.69959e-06	3.99628e-05	0.0108396	0.507294	0.0208962	2.08966e-05	0.000743814	0.0814984	1.30225e-05	0.0168323	1.69503e-05	0.0559121	0.0666553	0.0120591	2.6581e-05	0.00417891	5.57565e-05	0.0516981	0.154153	
0.0339015	0.000730717	0.102135	0.0207788	0.000459911	0.000284069	0.000247407	0.00274128	0.0957835	0.00737168	0.0182137	0.0109316	0.640036	0.00054837	0.00802262	0.032944	0.000114432	0.000348646	0.000872896	0.0235337	
0.146685	0.000114764	0.0101654	0.0161516	3.44167e-05	0.00486849	3.6364e-05	3.62132e-05	0.289	0.018924	0.00269778	0.00914738	1.10532e-05	0.42022	0.0570681	0.0004836	0.00541697	0.0187022	2.52537e-05	0.000210563	
0.105547	0.0022125	0.521429	0.220801	0.00835298	0.0071356	0.000470953	0.00162388	0.0478438	0.0158052	0.00455787	0.0162696	0.00178333	0.0146309	0.00201758	0.0168502	0.00122754	0.000264034	0.0110877	8.95584e-05	
0.0177607	0.000113507	0.162002	0.0928258	0.0155339	0.159186	0.000270197	0.000747439	0.147176	0.00631487	0.00397236	0.104044	7.06476e-05	0.124481	0.0165534	0.0903721	0.057719	7.8333e-05	0.000112867	0.000666298	
0.0395682	2.9209e-05	4.58314e-05	0.0199709	3.25094e-05	0.0161089	3.77766e-05	0.18846	0.0271361	0.0856107	0.0536776	3.96311e-05	0.013427	0.0193614	0.00494557	4.37251e-05	0.0156006	0.121377	0.0151824	0.379346	
0.0907134	0.00100781	6.86117e-05	0.310383	0.0260239	4.89205e-05	6.2459e-05	0.0356122	0.209953	0.00128994	0.016424	0.000156694	3.89419e-05	0.169021	0.0535579	0.000162542	0.0138994	0.0264708	2.6205e-05	0.0450791	
0.072763	0.00952606	0.000345359	0.0692912	0.000693759	0.000201625	0.00931106	0.0290267	0.0139692	0.0328558	0.20009	0.0013716	0.307284	0.0230234	0.00225573	0.00137294	0.0101647	0.206467	0.00820276	0.00178369	
0.0107579	2.05747e-05	3.17307e-05	0.0903346	1.84973e-05	0.0252024	0.014387	0.0418427	0.406175	0.0010902	0.0185979	0.00239	9.30024e-06	0.237067	0.0809338	0.0288851	0.0284299	0.00730737	3.78553e-05	0.00648132	
