0.000998621	0.00257253	0.00121547	0.000567418	0.036555	0.000488616	0.00606484	0.465938	0.0133641	0.04198	0.210401	0.000243532	0.00573144	0.000868997	9.8267e-05	0.000167364	0.0261297	0.179604	0.00489591	0.00211558	
0.00660493	0.0217132	2.67876e-05	0.0304471	3.95991e-05	1.58527e-05	0.000186745	0.0298355	0.725198	0.00761664	4.96484e-05	0.0189625	4.1466e-05	0.0794752	0.0594789	4.22341e-05	0.000102406	0.0184883	9.11693e-05	0.00158395	
0.00660495	0.00683968	0.000319831	0.000600958	0.00341811	0.000218037	0.000517328	0.704973	0.000321516	0.136857	0.0010345	0.000156326	8.97167e-05	0.0012628	7.80781e-05	9.6779e-05	0.000111016	0.121945	0.00635114	0.00820422	
0.484858	0.00173235	0.000171099	0.000275053	0.000423904	0.00017219	0.0241054	0.00900005	0.016597	0.0101139	0.201896	0.0297302	8.64522e-05	0.0341751	0.00752493	0.082346	0.000152668	0.00729966	0.000407297	0.0889329	
0.00554539	0.0201105	0.0061373	0.0676341	0.170785	0.00311273	8.47352e-05	0.0236744	0.0175856	0.000332928	0.0361828	0.0332485	0.565607	0.000135468	4.68265e-05	4.52448e-05	6.0785e-05	0.00767312	0.0232857	0.0187121	
0.00155358	0.0191348	0.00106735	0.00332704	0.000985397	0.000513452	0.00463623	0.806722	0.000280752	0.0633121	0.00604276	0.000238278	0.00043523	0.00188254	0.000126336	0.000179791	0.00055783	0.0682563	0.000772729	0.0199754	
0.192393	8.27189e-05	0.000126394	0.0463029	0.0184785	0.000122241	0.000195242	9.74197e-05	9.82476e-05	0.0394506	0.0459379	0.0245481	0.00311342	0.0467366	2.19738e-05	0.505231	0.0171393	0.0404576	0.0193383	0.00012892	
0.721237	0.0485239	9.64086e-05	0.000150555	0.000501368	0.00402432	0.0607178	0.00383054	0.0260021	0.000636176	0.0435985	0.00842762	4.21207e-05	0.0306372	0.000422492	0.0428275	9.29989e-05	0.00455102	0.00158423	0.00209642	
0.000284476	0.0265008	0.629122	8.11893e-05	0.0215173	0.000140261	9.01912e-05	0.0024764	0.000648867	0.0615245	0.045168	0.0618027	0.0873403	0.0291024	0.0114718	0.00171237	0.00158186	0.000304266	0.0190335	9.70531e-05	
0.00707158	2.07774e-05	1.23548e-05	0.0135266	0.767019	0.0227616	1.69548e-05	0.000538342	0.0116263	0.000541554	0.012695	1.86731e-05	0.0444365	0.0172181	0.00200772	1.7174e-05	0.0359164	0.000816283	0.0162178	0.0475209	
0.481985	0.0240199	0.00027141	0.000500365	0.000167229	0.101363	0.0220265	0.000290752	0.0545598	0.0390714	0.051287	0.00748134	3.65967e-05	0.0119306	0.000190988	0.124555	0.0372378	0.00987854	0.0330382	0.000109033	
0.0338488	0.014509	0.0343163	0.0132523	0.00256723	0.000544329	0.0524965	0.00693265	0.235087	0.000334339	0.0004808	0.423702	0.000171221	0.0201177	0.145447	8.79716e-05	0.00710357	0.00104115	0.00784289	0.000116269	
0.0519705	0.000508159	0.0956854	0.019483	0.134075	0.121844	0.000294361	0.0132477	0.00107824	0.469279	0.0793769	0.00976413	8.26781e-05	0.000586873	6.70071e-05	0.00026985	0.000755242	0.000143783	0.00107272	0.000415581	
0.107513	6.13907e-06	6.90495e-06	0.115624	0.00644094	0.38913	0.0134934	0.00495421	0.0702661	0.0280902	0.0442397	0.00206251	9.89048e-06	0.188808	0.00515866	0.00099611	0.00770289	0.000126957	8.25072e-05	0.0152878	
0.110707	2.26756e-05	0.0997592	0.332927	0.00016023	0.00926932	0.0123005	3.30158e-05	0.168978	0.0014253	7.09562e-05	0.046073	0.00167822	0.14375	0.0431483	0.018614	0.0100903	7.00077e-05	0.000433903	0.000489361	
0.00337289	0.00308706	0.320177	0.535525	0.00257936	0.0119511	0.00944867	0.0204404	0.000104882	0.000193768	0.019395	0.00329048	7.01086e-05	0.038127	0.00083803	0.0148426	0.0121861	0.00328748	0.000958129	0.000125479	
0.00377758	0.0181377	0.000119591	0.000128948	9.54132e-05	5.76764e-05	0.000363742	0.593463	0.000134707	0.0311647	0.0296089	0.000163655	4.49653e-05	0.000418406	3.97537e-05	0.00131042	0.0130845	0.288412	0.000747585	0.0187269	
0.168514	4.76896e-05	0.059156	0.194758	0.0347599	0.0165407	0.01307	0.00835217	0.208606	0.0462402	0.00483962	0.00649101	0.000852681	0.149688	0.0320751	0.0258843	0.0188468	0.0106636	0.000139989	0.000473444	
0.272274	0.00296989	0.138722	0.0919786	0.000689841	0.00128148	0.0502388	0.0193503	0.104459	0.0297587	0.165276	0.0214034	6.97382e-05	0.0220086	0.0317033	0.00837152	0.0257931	0.0124483	0.000705018	0.000498927	
0.171396	0.0230714	6.97875e-05	0.000115817	0.000105791	4.56318e-05	0.00046841	0.280207	0.0014092	0.068038	0.00175013	0.00021458	3.49951e-05	0.000410884	9.37935e-05	5.36858e-05	0.00302926	0.422961	0.00104456	0.0254796	
0.0209627	0.00105836	0.382318	0.340445	4.04033e-05	0.00253229	0.0303702	0.0393019	0.0302826	0.00349105	0.0138963	0.0528775	1.36389e-05	0.0333905	0.00416069	0.00133883	0.0217749	0.0128446	0.00694907	0.00195201	
0.110707	2.26756e-05	0.0997592	0.332927	0.00016023	0.00926932	0.0123005	3.30158e-05	0.168978	0.0014253	7.09562e-05	0.046073	0.00167822	0.14375	0.0431483	0.018614	0.0100903	7.00077e-05	0.000433903	0.000489361	
0.402109	0.0308833	0.0124919	0.0458012	0.000404484	0.155122	0.0566609	0.000420891	0.0697767	0.000306221	0.000397848	0.0455008	0.00422205	0.0735147	0.000921136	0.0656301	0.0249332	6.93366e-05	0.000331506	0.010503	
0.00160955	9.878e-05	0.0320969	0.0292137	0.0268532	0.774473	0.000287604	0.00488437	0.0345543	0.00206305	0.00122649	0.0542612	0.000344133	0.0313111	0.00438264	0.00142641	0.000378599	0.00011489	0.000143313	0.000277009	
0.607257	0.108536	6.65679e-05	0.000178828	0.000179035	0.00384093	0.0529206	0.0594134	0.031416	0.000135415	0.000595718	0.00234494	0.0001245	0.0371327	0.00355908	0.00188414	0.00272146	0.0580872	0.0142814	0.0153246	
0.000265781	0.0115879	0.573379	0.0997424	0.0127606	0.00325425	0.0253555	0.0145711	0.0329267	0.00133047	0.0287551	0.000123645	0.125504	0.0247093	0.00696169	0.00764615	0.00835075	0.00329272	0.0193641	0.000118724	
0.066384	0.000554775	0.00913001	0.00558994	0.151735	0.00468323	0.0145769	0.0550142	0.0267207	0.00525823	0.0127813	0.0160573	0.0252328	0.036268	2.03098e-05	7.51857e-05	0.0310724	0.0323938	0.434995	0.071457	
0.0190319	0.000258677	5.50557e-05	0.000871216	0.100955	0.000259383	0.00589309	0.552951	0.00238273	0.107996	0.00900372	7.052e-05	2.4411e-05	5.99886e-05	3.39862e-05	0.000139863	0.000531513	0.197792	0.00118186	0.00050802	
0.00264849	0.000368923	0.000142416	0.000476562	0.114202	0.000131145	0.00213694	0.557141	0.000716438	0.0870674	0.00200478	0.000287917	0.000177178	0.00337958	0.000133279	0.000226778	0.000304072	0.212325	0.00532937	0.0108007	
0.00014872	0.017512	0.000188152	0.000117226	0.00110321	6.40429e-05	0.015952	0.220903	0.00107669	0.00379465	0.000268457	0.000889466	0.00508579	0.012028	0.000445091	0.000755809	0.000607497	0.696161	0.00682612	0.0160728	
0.000839422	0.000190989	0.000199598	0.000160913	0.0693697	0.552771	0.0226841	0.0337771	0.0238517	0.0706925	0.0387214	0.0513053	0.0339309	0.0259388	3.24365e-05	0.00567421	0.0527974	0.000134423	0.000331603	0.0165968	
0.0550378	0.0529603	0.0284902	0.0018039	6.51813e-05	0.000751516	0.295034	0.000545935	0.00748775	0.0112252	0.196669	0.0413472	7.0449e-05	0.12043	0.0269713	0.0278695	0.0164712	0.0997752	0.00415264	0.0128415	
0.0112328	3.22573e-05	7.78716e-05	0.0187913	0.738878	0.025593	6.31789e-05	0.000330077	0.0142924	0.000259218	0.0175805	9.89705e-05	0.0777584	0.0154698	0.00288196	3.15053e-05	0.0239845	0.000498851	0.0142426	0.0379027	
0.00549162	0.02047	0.00615661	0.0680987	0.171349	0.0030863	8.41457e-05	0.0232382	0.0175769	0.000333863	0.035944	0.0339746	0.564565	0.000136471	4.69946e-05	4.54434e-05	6.03167e-05	0.0078146	0.0232863	0.0182404	
0.069699	0.000240121	0.000113663	0.0256319	0.0170014	0.000263241	0.000931732	0.000145991	9.53696e-05	0.0283024	0.0261407	0.657415	0.0733259	0.0303868	3.45633e-05	0.0144819	7.80592e-05	0.0396093	0.0160095	9.31153e-05	
0.01603	0.0112772	0.202671	0.0166942	4.14641e-05	0.0419973	3.90504e-05	0.599464	0.000286614	0.0659627	0.0287772	0.000123731	1.3828e-05	0.000102195	1.35535e-05	0.000125061	0.00162464	0.000237639	0.00059043	0.0139285	
0.000125525	0.000166798	0.104998	0.0188833	0.00026649	0.000903709	0.0445237	0.000157084	0.000120674	0.000251433	0.000605401	0.000150561	2.3956e-05	0.0354938	6.92585e-05	0.278739	0.474269	0.0397437	0.00030223	0.000207558	
0.0271611	0.000302804	0.00121824	0.0246842	0.484756	0.0190139	0.000493486	0.25287	0.000164595	0.0199739	0.0856905	0.000156256	0.000429804	0.0200527	6.99305e-05	8.26858e-05	7.57252e-05	0.0031017	0.0149654	0.0447366	
0.00259507	7.16421e-05	5.23112e-05	9.49703e-05	0.142182	0.581793	0.0171027	0.053902	0.014983	0.0972213	0.0396876	0.00957566	9.40499e-05	0.0175568	1.50246e-05	0.000299547	0.00117346	7.41239e-05	0.000125933	0.0214004	
0.07134	0.0172939	0.0245707	0.000486656	0.115889	0.000312909	0.0063053	0.091227	0.0027576	0.024387	0.230718	0.0030815	0.349074	0.0102322	4.63402e-05	0.00236736	0.000107517	0.0384741	0.0102776	0.00105126	
0.0360242	0.00134442	0.191277	0.00103427	0.0131169	0.0910201	0.000164425	0.0162654	0.0019612	0.0774747	0.0486598	0.00964596	0.37088	0.0928227	9.87759e-05	0.0245591	0.00358603	0.0164599	0.00253179	0.00107274	
0.00503938	0.00845423	0.000389363	0.0002524	0.00968528	0.000152618	0.0185245	0.2132	0.000876136	0.0109169	0.0808557	0.000576866	0.000244448	0.00618216	0.000278012	0.000263784	0.0452145	0.576165	0.0154643	0.00726395	
0.000394397	0.0189269	0.000391926	0.000348506	0.00150818	0.000204371	0.000358977	0.167442	0.00088969	0.119692	0.049797	0.00249479	7.34833e-05	0.000430984	7.20434e-05	0.000290878	0.00741516	0.57588	0.000502198	0.0528873	
0.0762918	0.00056608	0.080809	0.156612	0.00432008	0.00394344	0.0019244	4.17237e-05	0.467607	6.32254e-05	7.97589e-05	0.0144619	0.000428142	0.0736421	0.0251943	0.087334	0.00643366	9.5806e-05	6.68442e-05	8.47033e-05	
0.536185	0.0443936	0.0672265	0.000123701	0.000385551	0.012538	0.0401141	0.00962323	0.0388202	0.000648227	0.040938	0.000464678	7.36561e-05	0.0174946	0.000468308	0.178954	0.000192265	0.00330933	0.000957875	0.00708945	
0.159311	0.00247528	0.000797341	0.00189408	0.0370715	0.000596608	0.000618528	0.405717	0.000291115	0.149024	0.136806	0.000159797	0.000315894	0.00677421	0.000108028	0.000176206	0.000249723	0.0872393	0.00820078	0.00217281	
0.0466672	0.00101992	0.000353205	0.000145624	0.034356	0.0104034	0.0160975	0.000171399	0.271788	0.000465828	0.00041518	0.055337	9.4276e-05	0.0591689	0.467867	0.0212294	0.00807525	0.00530989	0.000862752	0.000172667	
0.0604119	0.00124232	0.15594	0.219555	1.02611e-05	0.0208842	0.014168	0.000798505	0.131187	0.00283365	0.00132869	0.0527201	0.185594	0.0648261	0.0522995	0.0191624	0.0109167	0.00406392	0.00129947	0.000758873	
0.110956	0.0118721	0.0352501	0.0633653	0.00404762	0.018697	0.0109381	0.125507	0.106208	0.036021	0.0591937	0.00571047	0.0028734	0.0143329	0.0104105	0.00835695	0.0302795	0.203497	0.00452011	0.137963	
0.128897	0.0204546	0.00019596	0.000757691	0.000116751	0.0050078	0.000428066	0.0263235	0.000185323	0.0137071	0.00055817	0.0327625	3.57872e-05	0.00364677	6.68976e-05	0.165198	0.525971	0.0754949	0.000117721	7.42814e-05	
0.150226	3.0608e-05	0.319728	0.0718176	0.00719977	0.00513141	0.00596504	8.56335e-05	0.202327	0.000853872	0.0400912	0.0674197	0.00332865	0.0429887	0.01497	0.010663	0.047769	0.00393915	0.00538543	7.94482e-05	
0.0415322	0.0014079	0.0124108	0.000753364	0.0126057	0.0267106	0.00104822	0.0190414	0.192111	0.340297	0.245769	0.000615281	0.000322121	0.039107	0.0112308	8.64842e-05	0.0238793	0.0295714	8.957e-05	0.0014111	
0.00450333	0.0504036	0.0036664	0.00122961	0.113133	0.00207704	0.00400846	0.046069	0.065689	0.00889974	0.00600745	0.00200676	0.420314	0.0117752	0.00266255	0.00462572	0.0737283	0.059707	0.00163802	0.117855	
0.00921527	0.00799065	0.00778777	0.00831946	0.482074	0.000731722	0.000673774	0.0843138	0.000483299	0.176889	0.207529	0.0013223	0.000166054	0.000804808	9.19709e-05	8.46542e-05	0.000317396	0.0106683	0.000395784	0.000140812	
0.000189604	0.0149407	0.533906	0.00238186	0.0222888	0.00011276	9.47151e-05	0.067899	0.00308378	0.0767073	0.0378996	7.35356e-05	0.0182789	0.00872372	0.00373269	0.0557646	0.144936	0.000205967	0.00869445	8.59032e-05	
0.0624123	0.0277359	0.00025136	0.000176902	0.000358663	0.00010925	0.0724334	0.000400765	0.0038133	0.000140392	0.000524884	0.0104313	0.00018173	0.0409359	0.00227107	0.000324113	0.0448571	0.687351	0.0233177	0.0219726	
0.0330697	0.0255373	0.0669107	0.0243956	0.000152531	0.0227945	0.000147837	0.0070098	0.00194895	0.706002	0.0690135	0.0166292	4.99375e-05	0.000211137	5.39782e-05	0.000586008	0.0017823	0.00193417	0.00063849	0.021132	
0.00680461	0.0204693	0.000779768	0.000568857	8.68813e-05	0.000308148	0.00450787	0.66463	0.000158417	0.00920596	0.0260633	0.000392066	0.000347005	0.00341303	6.41779e-05	0.00017359	0.00147488	0.220195	0.0199184	0.0204393	
0.106077	1.72183e-05	0.110668	0.321962	0.00426625	0.00896189	0.00435004	0.00938138	0.0898612	0.00550951	0.0289857	0.0675539	0.00218566	0.086711	0.0143633	0.0316687	0.0629531	0.0362522	0.000172784	0.00809813	
0.0101653	0.00725279	0.0978324	0.125271	0.0213987	2.40266e-05	0.0442195	0.000802228	0.0306072	0.000328316	0.000852341	0.22343	0.319774	0.0876156	0.0125297	0.00568885	0.000167407	7.83912e-05	0.00519541	0.00676769	
0.0443598	0.0286098	0.00211435	0.00351338	0.0197297	0.00110167	0.000331791	0.0238933	0.0317954	0.000155281	0.0210538	0.0698917	0.421691	0.00014978	0.000123532	0.000125188	9.55567e-05	0.286426	0.0245417	0.0202972	
0.00404687	0.000404863	0.393987	0.439282	0.00246687	0.0176287	0.00728044	0.0592888	8.29496e-05	6.67764e-05	0.0169582	0.00155198	3.63612e-05	0.028882	0.00123943	0.00735454	0.0158074	0.00303828	0.000531496	6.51691e-05	
0.0604119	0.00124232	0.15594	0.219555	1.02611e-05	0.0208842	0.014168	0.000798505	0.131187	0.00283365	0.00132869	0.0527201	0.185594	0.0648261	0.0522995	0.0191624	0.0109167	0.00406392	0.00129947	0.000758873	
0.030471	0.000166737	9.39334e-05	0.00721083	0.0621287	0.004952	0.0375091	0.0819657	0.00658633	0.0173555	0.00996119	0.000222742	0.000329426	0.0171328	0.0110415	0.00499892	0.0255425	0.00172287	0.0732043	0.607404	
0.0236607	0.0145963	0.000705323	0.00212988	0.00232403	0.000427285	0.000409843	0.589714	0.000472551	0.166889	0.00028254	0.000164083	0.000114818	0.00238213	8.86658e-05	0.000161765	0.00014785	0.162665	0.0142416	0.0184229	
0.0604119	0.00124232	0.15594	0.219555	1.02611e-05	0.0208842	0.014168	0.000798505	0.131187	0.00283365	0.00132869	0.0527201	0.185594	0.0648261	0.0522995	0.0191624	0.0109167	0.00406392	0.00129947	0.000758873	
0.150226	3.0608e-05	0.319728	0.0718176	0.00719977	0.00513141	0.00596504	8.56335e-05	0.202327	0.000853872	0.0400912	0.0674197	0.00332865	0.0429887	0.01497	0.010663	0.047769	0.00393915	0.00538543	7.94482e-05	
0.00522435	5.5834e-05	0.000109499	0.0111062	0.768861	0.00218107	0.000153366	0.00150775	0.00957873	0.00103615	0.00599928	0.00019528	0.00284642	0.0248714	0.00266233	4.28475e-05	0.0879315	0.00241725	0.0292382	0.0439817	
0.529553	0.00720599	0.000551202	0.000200071	8.66957e-05	0.000630353	0.0149186	0.131197	0.0821576	7.29261e-05	0.0001386	7.40834e-05	0.00284306	0.0402139	0.0210419	0.00677885	0.00862921	0.126288	0.0171491	0.0102695	
0.0762918	0.00056608	0.080809	0.156612	0.00432008	0.00394344	0.0019244	4.17237e-05	0.467607	6.32254e-05	7.97589e-05	0.0144619	0.000428142	0.0736421	0.0251943	0.087334	0.00643366	9.5806e-05	6.68442e-05	8.47033e-05	
0.577596	0.0241506	0.000129814	0.00025384	0.00118965	0.000101495	0.0100775	0.0112716	0.0230505	0.133789	0.0287892	0.0855866	8.57161e-05	0.0376019	0.00517607	0.00577894	0.000145449	0.0180205	0.0214781	0.0157274	
0.723117	0.0510659	0.000159685	0.000162695	0.000526906	0.00408363	0.0597414	0.0048665	0.0259237	0.000568378	0.0415327	0.00801866	4.2712e-05	0.0330489	0.000403498	0.0408428	9.43836e-05	0.00407998	0.00128727	0.000433229	
0.00479404	0.0181713	0.720852	0.00671221	0.0257634	9.24042e-05	0.0193505	0.00221207	0.000367953	0.00273763	0.0529066	0.0203162	0.000301393	0.00522648	0.000787362	0.0456411	0.0513365	0.000266394	0.02211	5.4546e-05	
0.0212931	0.00961436	0.00476392	0.00924012	0.00457914	0.0315207	0.0344158	0.382599	0.013756	0.0616509	0.128885	0.0149035	0.000415884	0.0185009	0.0097675	0.00757678	0.0111602	0.0831111	0.0552853	0.0969609	
0.00135684	0.0271802	0.0013654	0.00151543	0.000161182	0.000572812	0.00157408	0.681162	0.000486797	0.102764	0.0624144	0.000278494	0.000431096	0.00348587	0.000156542	0.000180993	0.000194332	0.0817874	0.00714186	0.0257904	
0.00222655	0.0134084	0.00233654	0.0258931	0.000179662	0.153357	0.0208877	0.000336703	0.000477268	0.000673587	0.0151598	0.00854074	4.39729e-05	0.0421461	0.000109484	0.112382	0.587452	0.0135102	0.000656465	0.000222473	
0.0365722	0.0101374	4.92691e-05	4.18177e-05	0.0860696	2.37803e-05	0.0434427	0.136855	0.028272	0.00197198	0.00107135	0.00543536	1.25404e-05	0.0398231	0.0132021	3.59763e-05	4.51277e-05	0.561696	0.0257157	0.00952714	
0.18664	0.0285799	6.93765e-05	0.000345095	0.0070158	0.0226069	0.464113	0.0176991	0.000516908	7.55797e-05	0.0151074	9.16438e-05	2.53359e-05	0.00941293	3.29156e-05	0.0300914	0.0464268	0.161622	0.00945597	7.23726e-05	
0.296046	0.0593392	8.70142e-05	0.00654718	0.0163914	0.000126495	6.64891e-05	0.0414555	0.000178611	0.025286	0.00226118	0.00186371	0.0556054	0.0722117	4.88507e-05	0.00649493	0.0104936	0.19637	0.12075	0.0883769	
0.705992	0.000816362	0.000107924	0.000377951	0.00037029	0.000106431	0.0344253	0.000879263	0.00454769	0.000584262	0.0159379	0.0388986	7.25544e-05	0.0425016	0.00399532	0.0791614	0.0421737	0.0218819	0.00665031	0.000519224	
0.01706	0.391733	0.0449041	0.0146371	0.000102178	0.138646	0.00888344	0.000634524	0.0114003	0.0139868	0.0299279	0.000451771	0.0336964	0.0416791	5.39564e-05	0.0277128	0.210373	0.0139448	8.18071e-05	9.14949e-05	
0.0548621	0.0426179	0.0196725	0.0321184	0.034179	0.00429285	0.0665785	0.0183888	0.122589	0.127823	0.0143814	0.0335477	0.194875	0.0417455	0.0616432	0.0176306	0.0484026	0.0295205	0.00588682	0.0292458	
0.0313082	0.0261818	0.0269721	0.000447609	0.0267412	0.000978573	0.777253	0.0109725	0.00288967	0.000246132	0.046065	0.0118967	8.19535e-05	0.000119078	0.000122892	0.00488154	0.00681412	0.00243848	0.0234836	0.000105897	
0.00357288	0.00757242	0.000261624	0.000229075	0.0268991	9.6181e-05	0.000192627	0.381047	0.000601496	0.535026	0.000283619	0.000197154	0.00811609	0.000752179	6.4033e-05	0.000950996	0.00342991	0.0291136	0.00112442	0.000469874	
0.00868891	0.000846833	0.157304	0.0119615	0.00198777	0.00401679	0.710381	0.00297615	0.000128759	0.000151841	0.0291697	0.0314623	4.67444e-05	0.00355077	0.00591475	0.000427475	0.0017133	0.000396898	0.00476718	0.0241067	
0.0609158	0.000338967	0.00252381	0.00380115	0.0265297	0.0829888	0.00583524	0.00725563	0.00213262	0.000339578	0.00754596	0.0264476	0.000107557	0.000335581	0.702941	0.00063086	0.00231258	0.0510386	0.000359745	0.0156189	
0.128897	0.0204546	0.00019596	0.000757691	0.000116751	0.0050078	0.000428066	0.0263235	0.000185323	0.0137071	0.00055817	0.0327625	3.57872e-05	0.00364677	6.68976e-05	0.165198	0.525971	0.0754949	0.000117721	7.42814e-05	
0.00475362	0.00725006	0.000261701	0.00073852	0.00945546	0.000161269	0.000336181	0.456901	0.000858439	0.389092	0.00357192	0.000156863	0.000107814	0.000902667	9.76131e-05	0.000122684	0.000133179	0.116711	0.00263254	0.00575511	
0.0684404	0.000180114	0.0865399	0.119694	0.00375618	0.022139	0.0314233	0.000150876	0.0267458	8.14762e-05	0.000961388	0.0665582	2.38093e-05	0.483116	0.00403967	0.0739475	0.000633207	8.55735e-05	0.010654	0.000829467	
0.107513	6.13907e-06	6.90495e-06	0.115624	0.00644094	0.38913	0.0134934	0.00495421	0.0702661	0.0280902	0.0442397	0.00206251	9.89048e-06	0.188808	0.00515866	0.00099611	0.00770289	0.000126957	8.25072e-05	0.0152878	
0.0062004	0.0269983	0.0153678	0.0085561	0.000215723	0.00427381	0.0122529	0.802616	0.00039596	0.0124693	0.00819832	0.000255968	0.000549084	0.013785	0.000156327	0.000185559	0.00491426	0.0275436	0.0309828	0.0240831	
0.0663626	0.000469251	0.00286872	0.00386849	0.0335301	5.59685e-05	0.164909	0.00079971	0.47216	0.000204855	0.000198909	0.000217636	8.17362e-05	0.0183663	0.186605	0.000108976	0.000165319	0.0461963	9.7975e-05	0.00273284	
0.0684404	0.000180114	0.0865399	0.119694	0.00375618	0.022139	0.0314233	0.000150876	0.0267458	8.14762e-05	0.000961388	0.0665582	2.38093e-05	0.483116	0.00403967	0.0739475	0.000633207	8.55735e-05	0.010654	0.000829467	
0.0548621	0.0426179	0.0196725	0.0321184	0.034179	0.00429285	0.0665785	0.0183888	0.122589	0.127823	0.0143814	0.0335477	0.194875	0.0417455	0.0616432	0.0176306	0.0484026	0.0295205	0.00588682	0.0292458	
0.00160955	9.878e-05	0.0320969	0.0292137	0.0268532	0.774473	0.000287604	0.00488437	0.0345543	0.00206305	0.00122649	0.0542612	0.000344133	0.0313111	0.00438264	0.00142641	0.000378599	0.00011489	0.000143313	0.000277009	
0.11407	0.0311981	0.000106612	0.000437397	7.81753e-05	6.18043e-05	0.000610186	0.0533827	0.297113	0.0166881	0.306174	0.00058053	3.92596e-05	0.0029238	0.000129165	9.68422e-05	0.000395964	0.15761	0.000531893	0.0177716	
0.000293712	7.19041e-05	5.48837e-05	0.000110644	5.50553e-05	4.47568e-05	0.00968785	8.32621e-05	0.820961	0.011204	0.0338022	0.00015644	0.00451707	0.0517194	0.0547998	0.0056737	0.00653003	8.86914e-05	0.000105053	4.03364e-05	
0.734745	0.0842207	0.00040723	0.000216542	0.000295174	0.000238127	0.00109273	0.0186456	0.0206587	7.58597e-05	0.000412048	0.000345369	0.0671045	0.0005228	0.00029718	0.00441636	0.00465677	0.0546798	0.00583987	0.00112973	
0.0576012	0.000190508	0.000143706	0.0894243	0.0100521	0.710091	0.0343458	0.00353305	0.00176394	0.00426646	0.0486558	0.00171757	0.000269524	0.00278429	5.22134e-05	0.023037	0.000357971	0.0030123	0.000603889	0.00809752	
0.035992	0.0292037	0.000381699	0.000279139	0.000157652	0.0001655	0.00250258	0.0940628	0.00423123	0.0446096	0.000723618	0.00479724	0.000208913	0.00308999	0.000333024	0.000651988	0.000694105	0.748119	0.00612429	0.0236719	
0.439297	0.000787715	0.00017587	0.000271736	0.000402922	0.000123881	0.0945816	0.000422002	0.010678	0.000223528	0.00108894	0.00122284	5.53009e-05	0.0434419	0.00111488	0.0823014	0.0365818	0.283535	0.00276302	0.000930998	
0.0030752	0.00418336	0.000256086	0.000237622	0.027093	0.000100247	0.000181467	0.396988	0.000621994	0.519864	0.000398745	0.000192725	0.00603958	0.000464542	5.03814e-05	0.000727314	0.00283959	0.0361687	0.000209183	0.000308471	
0.0792438	0.0804218	0.000174143	0.000671418	0.0231974	0.00496272	0.000126697	0.000215607	0.0117883	0.0325999	0.00934884	0.599436	0.0692939	0.00141762	0.00730934	0.00150188	8.68617e-05	0.0673162	0.0107927	9.45467e-05	
0.00105451	0.0194737	0.204793	0.0279997	0.0442583	0.0134006	0.000119213	0.0183975	0.0191337	0.00297481	0.0371412	0.0366869	0.52041	0.000344427	6.70644e-05	9.25619e-05	0.000108434	0.0184684	0.0206147	0.0144619	
0.360035	0.000396479	0.00794554	0.00775184	0.00165606	0.376601	0.101728	0.0150099	0.000488229	0.00314302	0.0032236	0.000793749	6.17249e-05	0.0148661	9.05711e-05	0.0757503	0.0290085	0.000223124	0.000535175	0.000691817	
0.000487863	0.00338878	0.100848	0.0392547	0.00963605	0.0255895	0.0300628	0.000384041	0.000197949	0.0171603	0.0005473	0.000350791	5.5094e-05	0.036389	9.17174e-05	0.0135311	0.661452	0.045976	0.00962878	0.00496785	
8.15178e-05	5.51127e-05	0.00973445	0.0252879	1.38264e-05	0.0824288	0.0132224	0.000594941	0.0280473	0.00402573	0.00321985	0.308759	0.4862	0.000463885	8.39575e-05	0.0372584	3.5403e-05	0.000348117	8.34565e-05	5.56375e-05	
0.119669	0.0213804	0.00019785	0.190204	0.000135611	8.97885e-05	0.000699495	0.0934081	0.000582879	0.167793	0.000859018	0.000360039	0.0369774	0.000893329	0.000217137	0.000168614	0.00565945	0.234614	0.0970888	0.0290028	
0.114932	0.0223966	0.0602523	0.233718	2.81823e-05	0.0420957	0.0496358	0.0100194	0.0129934	6.88278e-05	0.0410343	0.07731	0.00537538	0.038251	0.00237402	0.204546	0.0230064	0.00382369	0.000152958	0.0579865	
0.140967	0.0476591	0.0361172	0.00649599	8.85285e-05	0.00209631	0.0621963	0.00250926	0.0031444	0.0306927	0.355263	0.0263452	2.61914e-05	0.0183712	0.00802723	0.0502379	0.0455965	0.130276	0.00964299	0.024247	
0.00528677	0.00156944	0.000269769	0.000522203	0.0115004	0.000128133	0.000393189	0.503132	0.000439852	0.349865	0.00219961	0.000173614	0.000102194	0.000617208	8.69072e-05	9.06564e-05	0.000112899	0.120678	0.0010289	0.00180392	
0.0211734	0.000541475	0.162489	0.470914	0.00625179	0.00404021	0.000805031	0.00605625	0.160466	0.000701954	0.00114355	0.00720275	8.62271e-05	0.0527489	0.0160895	0.0090043	0.0122032	0.000117081	0.0609264	0.00703893	
0.0143297	0.0225029	0.119073	0.168853	0.0350754	0.000750276	0.178647	6.67386e-05	0.00149407	0.00132818	0.0019418	0.0499141	0.215933	0.00732326	0.00169206	0.00674578	0.00844379	0.00523725	0.0229888	0.137659	
0.000305992	0.00785958	0.00021115	0.000370209	0.00707086	0.00014496	0.000513709	0.173619	0.00816057	0.13259	0.0099246	0.00125824	0.000182758	0.00087871	0.000164577	0.000279594	0.00166507	0.533048	0.000666184	0.121086	
0.0537985	0.00667989	0.100604	0.0217709	0.00947425	0.107419	0.000385598	0.18225	0.000741963	0.358158	0.146767	0.00266638	6.42493e-05	0.00021522	6.35013e-05	0.00050426	0.000615666	0.000158389	0.000557749	0.00710427	
0.0399641	0.000604775	0.323062	0.185613	0.00134355	0.0342657	0.0373563	0.000642341	0.059962	0.00112803	0.0137798	0.0498385	0.144389	0.0578424	0.01729	0.0214219	0.00373038	0.00134087	0.00153467	0.00489035	
0.00578948	0.017549	0.301554	0.117326	0.00417214	4.48016e-05	7.90351e-05	0.0507381	0.0482534	0.0637086	0.252628	0.00533591	5.33538e-05	0.0395871	0.0272171	0.0229837	0.00399337	0.00368083	0.00672337	0.028583	
0.0548084	0.0151522	0.000161063	0.000256118	0.0122264	0.000112681	0.00298314	0.198141	0.00409908	0.149048	0.00214004	0.000588197	0.000160485	0.00557137	0.000581724	0.000180934	0.0244907	0.513433	0.00453129	0.0113345	
0.000141707	0.000395771	0.555925	0.0132257	0.00112227	0.00873404	4.4308e-05	0.225327	0.000433583	0.0655368	0.0398138	8.68868e-05	0.0607813	0.000561026	0.000100448	0.000485844	0.0173911	0.000163016	0.00109037	0.00864019	
0.026285	0.020256	0.0166001	0.00592378	0.00222885	0.00669535	0.00462008	0.0187706	0.000152809	0.17551	0.617474	0.00352529	0.000395924	0.0772928	9.19916e-05	0.000187862	0.0001952	0.00806331	0.000181579	0.0155496	
0.000130642	0.0160683	0.000130434	0.000101163	0.00137785	4.59777e-05	0.00643792	0.241363	0.00142755	0.00519497	0.000250284	0.000822478	0.000815986	0.00500289	0.000253881	0.000465945	0.000595661	0.702602	0.00474121	0.0121727	
0.03248	0.02514	0.0632745	0.024259	0.000155306	0.0235485	0.000153695	0.00704821	0.0021561	0.709564	0.0685925	0.0171442	4.99798e-05	0.000222601	5.01157e-05	0.000611452	0.00191811	0.002007	0.000631298	0.0209931	
0.00409883	0.0317373	0.000540793	5.31951e-05	0.038379	0.000289629	2.59174e-05	0.325073	5.09662e-05	0.131629	0.0415834	0.000975915	2.0892e-05	0.0306577	2.72584e-05	0.000220105	0.00167519	0.390337	0.00116804	0.00145681	
0.000130023	0.00017328	0.104703	0.0190616	0.00026149	0.000923278	0.0445262	0.000154845	0.000122337	0.00025359	0.000603355	0.000152773	2.34001e-05	0.0353348	6.89726e-05	0.279369	0.473861	0.0397674	0.000302164	0.000207656	
0.000176075	0.0212329	0.000105945	0.00019981	9.6771e-05	7.18896e-05	0.0617206	0.0314574	0.000763316	6.63727e-05	0.000417635	0.000359068	0.0114652	0.0335265	0.00068412	0.000592072	0.000246527	0.789143	0.0210548	0.0266195	
0.00802112	0.0255428	0.00458889	0.148549	0.0242846	0.00242489	0.00292018	0.000210853	0.000102283	0.0221436	0.0467781	0.574277	0.0333662	0.0665704	0.0106109	0.000192064	0.000162111	0.00650113	0.0226689	8.50294e-05	
0.00862494	2.15341e-05	2.3589e-05	0.0180391	0.746491	0.0247059	3.29829e-05	0.000323332	0.0128152	0.000273953	0.016845	3.69141e-05	0.0752862	0.0162602	0.00231124	2.35618e-05	0.0230072	0.000502188	0.0136788	0.0406969	
0.0025753	7.30127e-05	5.24618e-05	9.61373e-05	0.141404	0.582288	0.017408	0.0536183	0.0148287	0.0980949	0.0397436	0.00993383	8.99031e-05	0.0179385	1.65166e-05	0.000292423	0.000210173	7.45e-05	0.000124998	0.0211371	
0.149568	0.000360472	0.0526289	0.110969	0.00251417	0.00353185	0.0200299	5.15399e-05	0.36455	0.00023693	0.000667269	0.0108926	0.00217661	0.0938865	0.0158908	0.154222	0.0166885	0.000519328	0.000408237	0.00020797	
0.0333105	4.99978e-05	0.000492611	0.0200542	0.55462	0.0738479	0.000425422	0.00016233	0.125961	0.00708512	0.00418839	0.00268587	0.010134	0.0159552	0.0588527	8.25143e-05	0.0148259	0.000162506	0.00316125	0.0739428	
0.0161584	0.0157709	0.148292	0.0180904	5.72359e-05	0.0152325	0.000937544	0.664263	0.000365643	0.0566629	0.0296435	0.00012137	0.000591609	0.00904658	9.89122e-05	0.000104096	0.00257438	0.000692857	0.00120351	0.0200924	
0.0143297	0.0225029	0.119073	0.168853	0.0350754	0.000750276	0.178647	6.67386e-05	0.00149407	0.00132818	0.0019418	0.0499141	0.215933	0.00732326	0.00169206	0.00674578	0.00844379	0.00523725	0.0229888	0.137659	
0.114932	0.0223966	0.0602523	0.233718	2.81823e-05	0.0420957	0.0496358	0.0100194	0.0129934	6.88278e-05	0.0410343	0.07731	0.00537538	0.038251	0.00237402	0.204546	0.0230064	0.00382369	0.000152958	0.0579865	
0.0393203	0.123479	8.27881e-05	0.00662712	0.000155288	0.00393742	0.000486352	0.00511853	5.41437e-05	0.00111842	0.329331	0.00722983	3.2129e-05	0.17512	2.77546e-05	0.0557663	0.184954	0.0668699	9.03964e-05	0.00019949	
0.110956	0.0118721	0.0352501	0.0633653	0.00404762	0.018697	0.0109381	0.125507	0.106208	0.036021	0.0591937	0.00571047	0.0028734	0.0143329	0.0104105	0.00835695	0.0302795	0.203497	0.00452011	0.137963	
0.0604119	0.00124232	0.15594	0.219555	1.02611e-05	0.0208842	0.014168	0.000798505	0.131187	0.00283365	0.00132869	0.0527201	0.185594	0.0648261	0.0522995	0.0191624	0.0109167	0.00406392	0.00129947	0.000758873	
0.0262808	0.0269281	0.0022817	0.000139266	0.0342864	0.00361765	0.000833098	0.000541492	0.794437	0.0155428	0.000264816	0.0111928	0.00114886	0.0069135	0.0143899	0.000410129	0.00553219	0.0516375	0.00211917	0.00150307	
0.00321137	0.0170593	0.000111341	9.54975e-05	8.87722e-05	6.36432e-05	0.00037004	0.619004	9.38085e-05	0.0271232	0.0288741	0.00016399	3.75778e-05	0.000390146	3.10738e-05	0.000935917	0.0109619	0.271156	0.000868743	0.0193598	
0.168405	0.000427319	0.0210501	0.236447	0.00927881	0.00193799	0.00701909	0.000146803	0.18554	0.000373941	0.00122058	0.0196483	0.00040673	0.0792101	0.166227	0.0332065	0.0367433	0.00448767	0.0277688	0.000454379	
0.106077	1.72183e-05	0.110668	0.321962	0.00426625	0.00896189	0.00435004	0.00938138	0.0898612	0.00550951	0.0289857	0.0675539	0.00218566	0.086711	0.0143633	0.0316687	0.0629531	0.0362522	0.000172784	0.00809813	
0.1188	0.00587794	0.000458734	0.00109793	0.0109177	0.000429974	0.000312146	0.159626	0.0114451	0.391036	0.000440163	0.00113664	8.52743e-05	0.000479663	0.000108027	0.000264182	0.0838715	0.20629	0.000591909	0.00673141	
0.0788413	0.00035397	0.0269454	0.00548909	0.000165009	6.34101e-05	0.0696955	0.000120332	0.444894	0.000108923	0.00383495	0.0400485	2.61529e-05	0.00036751	0.291359	0.0216446	7.866e-05	0.0147175	0.00121701	2.85745e-05	
0.110707	2.26756e-05	0.0997592	0.332927	0.00016023	0.00926932	0.0123005	3.30158e-05	0.168978	0.0014253	7.09562e-05	0.046073	0.00167822	0.14375	0.0431483	0.018614	0.0100903	7.00077e-05	0.000433903	0.000489361	
0.00444747	0.000721327	0.00216774	0.00223944	2.91598e-05	0.000215111	0.00538233	0.0526381	0.0176909	0.0547146	0.667787	0.000220433	2.27789e-05	9.11998e-05	0.011023	9.2201e-05	0.0121807	0.00315198	0.13204	0.0331443	
0.100575	0.088884	0.000178898	3.19549e-05	0.000742829	0.000144235	0.0128194	0.380404	0.133494	0.06281	0.0174028	0.000101526	0.00019409	0.00011278	0.0639708	0.0119827	0.0151401	0.0831824	0.00195769	0.0258715	
0.0209627	0.00105836	0.382318	0.340445	4.04033e-05	0.00253229	0.0303702	0.0393019	0.0302826	0.00349105	0.0138963	0.0528775	1.36389e-05	0.0333905	0.00416069	0.00133883	0.0217749	0.0128446	0.00694907	0.00195201	
0.110707	2.26756e-05	0.0997592	0.332927	0.00016023	0.00926932	0.0123005	3.30158e-05	0.168978	0.0014253	7.09562e-05	0.046073	0.00167822	0.14375	0.0431483	0.018614	0.0100903	7.00077e-05	0.000433903	0.000489361	
0.0366582	0.00405076	0.0744102	0.12908	0.00540718	0.221142	0.0229214	0.00366423	0.209595	0.00526747	0.00913644	0.0997768	0.00599026	0.0536595	0.0541965	0.0196289	0.0195353	0.0135104	0.000101995	0.0122672	
0.00197102	0.0121064	0.133474	0.00993487	0.00511989	0.343149	0.00990728	0.00435154	0.0819677	0.00293892	0.0105891	0.293669	0.000232327	0.0853101	0.00255344	0.00100113	0.00109639	0.000173407	0.000152885	0.000300286	
0.0548621	0.0426179	0.0196725	0.0321184	0.034179	0.00429285	0.0665785	0.0183888	0.122589	0.127823	0.0143814	0.0335477	0.194875	0.0417455	0.0616432	0.0176306	0.0484026	0.0295205	0.00588682	0.0292458	
0.0604119	0.00124232	0.15594	0.219555	1.02611e-05	0.0208842	0.014168	0.000798505	0.131187	0.00283365	0.00132869	0.0527201	0.185594	0.0648261	0.0522995	0.0191624	0.0109167	0.00406392	0.00129947	0.000758873	
0.0729765	0.12985	0.000195823	0.000479405	0.221459	0.000129271	0.000110678	0.230968	0.000273589	0.0329631	0.0267136	0.000381762	0.0203833	0.00303474	2.75218e-05	0.00538772	0.0888341	0.0756698	0.00200274	0.0881588	
0.0209627	0.00105836	0.382318	0.340445	4.04033e-05	0.00253229	0.0303702	0.0393019	0.0302826	0.00349105	0.0138963	0.0528775	1.36389e-05	0.0333905	0.00416069	0.00133883	0.0217749	0.0128446	0.00694907	0.00195201	
0.0398855	0.0252389	0.0322065	0.0301628	0.000232121	0.0222087	0.000970247	0.729224	0.000607054	0.0830436	0.000440262	0.000308938	0.000300883	0.0024268	0.000151897	0.000246584	0.00022577	0.00553592	0.00350502	0.0230787	
0.007572	0.0131074	9.47521e-05	0.39283	0.0226088	0.00125108	1.75356e-05	0.0268579	3.80517e-05	7.41047e-05	0.0291728	0.0701962	2.61431e-05	0.0781903	2.17092e-05	0.12357	0.206887	0.000289079	0.0129468	0.0142478	
0.000131448	0.015733	0.000130948	9.33289e-05	0.00135465	4.66936e-05	0.00651422	0.240573	0.00128967	0.00513583	0.000242659	0.00081141	0.000899611	0.00519176	0.000252023	0.000476499	0.000587797	0.703176	0.00474066	0.0126184	
0.000992778	0.018997	0.00023348	0.000124716	0.000111259	7.56734e-05	0.00978154	0.58841	0.000335837	0.00961116	0.0268366	0.000513038	0.000339835	0.00212841	0.000114006	0.000374035	0.00158239	0.307992	0.00951115	0.0219351	
0.0152187	0.000108058	0.234556	8.44943e-05	0.000421797	0.0246255	0.0147497	0.000271992	0.102207	0.00085044	0.00441655	0.43437	0.000130993	0.00291855	6.14711e-05	0.0195508	0.122271	0.00895606	0.00696242	0.00726794	
0.0548621	0.0426179	0.0196725	0.0321184	0.034179	0.00429285	0.0665785	0.0183888	0.122589	0.127823	0.0143814	0.0335477	0.194875	0.0417455	0.0616432	0.0176306	0.0484026	0.0295205	0.00588682	0.0292458	
0.106077	1.72183e-05	0.110668	0.321962	0.00426625	0.00896189	0.00435004	0.00938138	0.0898612	0.00550951	0.0289857	0.0675539	0.00218566	0.086711	0.0143633	0.0316687	0.0629531	0.0362522	0.000172784	0.00809813	
0.000316233	0.00179455	0.000669802	0.0391169	0.00324072	0.0505874	0.000604586	0.000189981	0.000137976	0.0237608	0.000952631	0.394401	3.60299e-05	0.0337496	0.000178228	0.00548452	0.387777	0.0394089	0.0173144	0.00027912	
0.402913	0.00658243	0.000427136	0.000356458	8.04664e-05	0.0158851	0.00053508	0.308144	0.000185904	0.0291906	0.0354417	0.0126768	9.87977e-05	0.000580419	6.96997e-05	0.0080547	0.0213975	0.149069	0.00181603	0.00649416	
0.0604119	0.00124232	0.15594	0.219555	1.02611e-05	0.0208842	0.014168	0.000798505	0.131187	0.00283365	0.00132869	0.0527201	0.185594	0.0648261	0.0522995	0.0191624	0.0109167	0.00406392	0.00129947	0.000758873	
0.168514	4.76896e-05	0.059156	0.194758	0.0347599	0.0165407	0.01307	0.00835217	0.208606	0.0462402	0.00483962	0.00649101	0.000852681	0.149688	0.0320751	0.0258843	0.0188468	0.0106636	0.000139989	0.000473444	
0.174739	0.0228468	7.01091e-05	0.000118178	7.42885e-05	4.84204e-05	0.000863234	0.277773	0.00143507	0.0669885	0.00205027	0.000243903	3.58151e-05	0.00122013	0.000102863	5.57897e-05	0.00301151	0.421382	0.0010368	0.0259042	
0.110956	0.0118721	0.0352501	0.0633653	0.00404762	0.018697	0.0109381	0.125507	0.106208	0.036021	0.0591937	0.00571047	0.0028734	0.0143329	0.0104105	0.00835695	0.0302795	0.203497	0.00452011	0.137963	
0.110707	2.26756e-05	0.0997592	0.332927	0.00016023	0.00926932	0.0123005	3.30158e-05	0.168978	0.0014253	7.09562e-05	0.046073	0.00167822	0.14375	0.0431483	0.018614	0.0100903	7.00077e-05	0.000433903	0.000489361	
0.564216	0.0474415	0.00582664	0.000338087	0.0040697	0.000173807	0.0300092	0.0467754	0.0321553	0.0348823	0.0513692	0.107074	5.02362e-05	0.0384081	0.0136795	0.00679258	0.000136849	0.000278231	0.0142079	0.00211566	
0.652825	0.127264	0.000206214	0.000195427	0.0166852	0.00964518	0.0734498	0.00474659	0.00555418	0.00296641	0.00319848	0.00292809	4.29131e-05	0.0389147	0.000286553	0.000158766	0.0106071	0.0139082	0.0196849	0.0167324	
0.00590961	7.31178e-05	0.560588	0.0199535	0.000130817	0.00898396	6.23902e-05	9.08424e-05	0.00241583	0.00114089	0.00124805	0.305643	0.00356535	0.00843541	0.00401152	0.0103193	0.062264	0.00464918	0.000477471	3.7933e-05	
0.0981438	0.000535381	0.000222083	0.000223789	0.00384095	7.15732e-05	0.0221743	0.103415	0.000561617	0.0181618	0.0944695	0.000143461	7.04738e-05	0.00168431	7.35903e-05	0.0101196	0.0260382	0.566843	0.0442742	0.00893367	
0.190344	0.015379	0.00311537	0.00850931	0.294076	0.00108059	0.000268345	0.123494	0.00118374	0.312629	0.0324384	0.000209792	0.000142875	0.000640746	9.8691e-05	0.000109081	0.000225998	0.0148033	0.000973025	0.000278938	
0.000177484	0.021147	0.000105851	0.000202025	0.000105109	7.20878e-05	0.0616606	0.031481	0.00081013	6.67664e-05	0.000415533	0.000423127	0.0114639	0.0335016	0.000684066	0.000570536	0.000254398	0.789197	0.0210492	0.0266129	
0.737973	0.00593646	0.000274781	0.000239867	0.00513432	0.000214201	0.0499595	0.00267709	0.00272512	0.00184426	0.0500492	0.012328	6.72686e-05	0.0467015	0.00149188	0.0299924	0.0314319	0.010269	0.00532161	0.00536863	
0.03202	0.000203289	0.00017596	0.109746	0.0147264	0.000187674	0.000200644	0.000149795	0.000120507	0.0300697	0.0187372	0.0442974	0.000256568	0.0552743	2.63332e-05	0.592621	0.0601846	0.0207098	0.0201184	0.00017422	
0.636667	0.000704574	8.36839e-05	0.000272129	0.115941	0.0290033	0.0305626	0.000521073	0.0046175	0.000271049	0.0085777	0.0087348	5.60143e-05	0.0469437	0.000129198	0.0159339	0.0111498	0.0101804	0.000697487	0.0789532	
0.00671978	0.000918504	0.000589658	0.000337339	0.126513	0.000240056	0.0105553	0.304614	5.16534e-05	0.03783	0.000311849	0.000101709	1.40034e-05	0.00642985	2.9732e-05	0.00476359	0.0494305	0.448729	0.000918328	0.000900872	
0.00836864	2.07749e-05	1.31052e-05	0.0153099	0.761126	0.0237572	2.35896e-05	0.000416196	0.0119159	0.00037805	0.0143257	3.22115e-05	0.0535784	0.016536	0.00213237	2.13662e-05	0.029756	0.000642412	0.0147901	0.0468558	
0.0366582	0.00405076	0.0744102	0.12908	0.00540718	0.221142	0.0229214	0.00366423	0.209595	0.00526747	0.00913644	0.0997768	0.00599026	0.0536595	0.0541965	0.0196289	0.0195353	0.0135104	0.000101995	0.0122672	
0.402109	0.0308833	0.0124919	0.0458012	0.000404484	0.155122	0.0566609	0.000420891	0.0697767	0.000306221	0.000397848	0.0455008	0.00422205	0.0735147	0.000921136	0.0656301	0.0249332	6.93366e-05	0.000331506	0.010503	
0.0366582	0.00405076	0.0744102	0.12908	0.00540718	0.221142	0.0229214	0.00366423	0.209595	0.00526747	0.00913644	0.0997768	0.00599026	0.0536595	0.0541965	0.0196289	0.0195353	0.0135104	0.000101995	0.0122672	
0.00590961	7.31178e-05	0.560588	0.0199535	0.000130817	0.00898396	6.23902e-05	9.08424e-05	0.00241583	0.00114089	0.00124805	0.305643	0.00356535	0.00843541	0.00401152	0.0103193	0.062264	0.00464918	0.000477471	3.7933e-05	
0.0128519	0.0018654	0.000230684	0.000236921	0.00010644	0.013084	0.000573068	0.297676	0.00859917	0.0587959	0.0793013	0.000232921	0.163592	0.0715164	0.0632858	0.000130512	0.0154693	0.183661	0.00121087	0.0275811	
0.110956	0.0118721	0.0352501	0.0633653	0.00404762	0.018697	0.0109381	0.125507	0.106208	0.036021	0.0591937	0.00571047	0.0028734	0.0143329	0.0104105	0.00835695	0.0302795	0.203497	0.00452011	0.137963	
0.168514	4.76896e-05	0.059156	0.194758	0.0347599	0.0165407	0.01307	0.00835217	0.208606	0.0462402	0.00483962	0.00649101	0.000852681	0.149688	0.0320751	0.0258843	0.0188468	0.0106636	0.000139989	0.000473444	
0.353808	0.0185762	0.0199884	0.0230977	0.00498179	0.0200575	0.000433002	0.0171748	0.0093464	0.000381597	0.0792672	0.159383	0.0128424	0.0710924	0.0104674	0.00478267	0.146834	0.0441407	0.00109845	0.00224702	
0.00375148	0.016197	0.00011644	0.000112824	8.95153e-05	6.04743e-05	0.000651941	0.631085	8.92289e-05	0.0232328	0.0320658	0.000166614	4.26815e-05	0.000428945	2.8952e-05	0.000740784	0.0102582	0.259176	0.00109531	0.0206095	
