0.0480627	0.014102	0.0130627	0.000951742	0.0829999	0.00205246	0.0133327	8.52929e-05	0.613923	0.0028014	0.0346237	5.50956e-05	0.0141843	0.00010199	0.00555309	0.0025687	0.000897897	0.00904315	0.00490357	0.136695	
0.0411297	0.574041	0.0101857	0.0483793	0.00722222	0.00582662	0.0129199	0.0200185	0.0474636	0.150966	0.0460611	0.00231806	0.00316474	0.0237233	4.16652e-05	0.004287	0.000745372	0.00137224	5.67953e-05	7.73202e-05	
0.000240223	0.00256451	0.000326868	0.000518135	0.0259017	0.000150062	0.000172514	0.0161	0.00115275	0.0117075	0.0725431	0.00641838	5.06195e-05	0.00149822	8.23409e-05	0.000260353	0.019544	0.838249	0.00179768	0.000721982	
0.0188952	0.0478645	0.000180261	0.000513194	0.0278024	3.44743e-05	0.000125906	0.22693	0.000122981	0.0352447	0.0982668	0.000313088	3.33502e-05	0.000463743	0.0122841	0.000352776	0.00479019	0.522812	0.00221985	0.000750453	
0.000221152	0.0519816	0.000461085	0.000277118	0.000864737	8.25266e-05	0.0199964	0.0266642	0.0117971	0.00961665	0.00147745	0.0130413	0.00232506	0.0068748	0.00167907	0.00683061	0.0920065	0.716536	0.0158579	0.0214089	
0.0026273	0.075878	0.631954	0.0100805	0.019146	3.1374e-05	2.87603e-05	0.0133305	0.00203106	0.140989	0.0652832	6.91481e-05	0.00290845	0.0012482	0.0110379	0.00627437	0.0121182	3.48798e-05	0.00490533	2.40431e-05	
0.0177069	0.000847321	4.74996e-05	0.0226348	0.000117757	0.710696	0.0163372	6.28051e-05	9.62848e-05	5.79485e-05	0.141584	0.0379762	9.90086e-05	0.000128004	0.0157241	0.000651931	8.60963e-05	0.0112747	0.000391468	0.0234807	
0.688008	0.00409757	0.000405325	0.00677887	0.00350433	0.041647	0.0256459	0.0012735	0.00181464	0.00313593	0.0246061	0.0428516	5.67232e-05	0.0300302	0.000389809	0.0386678	0.0785685	0.000187993	0.00469561	0.00363442	
0.0121147	0.0863579	0.000174206	0.0109335	0.000243679	5.91505e-05	0.0130203	0.000174848	0.0101768	7.47852e-05	0.00157636	0.0531025	0.00142921	0.00914543	0.103631	0.0106124	0.00531438	0.651745	0.0123141	0.0178005	
0.00636363	0.00634737	0.0148934	0.0383824	0.0176032	0.450925	0.000626008	0.0370321	0.00734343	0.0266701	0.0483543	0.00193871	0.00533408	0.325039	7.70991e-05	0.000127459	0.0116615	5.36445e-05	0.000264622	0.000962297	
0.00802513	0.0833065	0.00127999	0.00580989	0.119334	0.00292117	0.00115305	0.000267484	0.590069	0.00685316	0.00022054	6.13309e-05	0.00158903	0.00625005	6.40998e-05	0.0305189	0.000104674	0.00379974	0.0182473	0.120125	
2.51806e-05	8.34306e-05	0.0461856	0.129105	4.52996e-05	0.00185539	0.0134302	0.000135738	0.000186845	3.61707e-05	0.000371073	0.000132325	1.33751e-05	0.0235903	9.0869e-05	0.010422	0.753761	0.0204354	4.05672e-05	5.38493e-05	
0.00901057	0.606505	0.0949279	0.0390252	0.0154396	3.77956e-05	0.015099	0.000155634	0.109236	0.000265697	0.0381488	0.000132231	0.000270201	0.0302943	3.257e-05	0.0387952	0.000102336	0.00235388	6.87076e-05	9.89905e-05	
0.027525	0.0618365	0.148297	0.0708198	0.000215627	0.0465324	0.00096555	0.00260071	0.000143881	0.230671	0.39198	0.00331503	0.000150759	0.000501174	6.22872e-05	0.000271968	9.95637e-05	8.21397e-05	0.000168546	0.0137615	
0.000493054	0.0543385	0.00126016	0.00147078	0.0207282	0.000246113	0.000125244	0.140565	0.0024702	0.702497	0.000727484	0.00182427	3.2386e-05	0.000205975	7.09503e-05	0.000321149	0.000744311	0.0664404	0.000806319	0.00463261	
8.95936e-05	0.00204527	0.00030061	0.000846499	0.0300049	0.000194999	0.000234302	0.607581	9.74387e-05	0.0112995	0.128334	0.0134947	4.36061e-05	0.0255823	6.60143e-05	3.90844e-05	0.0277542	0.0589451	0.0927787	0.000268225	
0.0501233	0.117148	5.83861e-05	0.000127601	5.32307e-05	2.35277e-05	0.0128489	0.0151899	0.00771868	5.80877e-05	0.000240841	0.00172571	0.000160259	0.055417	0.017582	0.496112	0.0606967	0.158832	0.00396638	0.00191796	
0.0317844	0.00690939	8.06718e-05	0.0568435	0.118584	0.00252469	5.67737e-05	0.000214816	0.110914	8.42013e-05	0.0290768	0.000141197	0.0115029	0.0489646	0.000837463	6.42877e-05	0.0636045	0.000273052	0.000663815	0.516874	
0.0723248	0.0319576	0.00156954	0.00623829	0.00132345	0.000450575	0.0188595	0.0161201	0.000257261	0.000350255	0.000711464	0.000364845	2.36048e-05	0.045771	0.00866286	0.0978967	0.656506	0.0005873	0.00188553	0.0381393	
0.00875626	0.0983562	0.00047807	0.0209411	0.00112258	0.000141036	0.000406745	0.0263325	0.195579	0.000583141	0.000257392	0.142351	0.000105789	0.0743299	0.00315224	0.0517737	0.373616	0.00036505	0.000678844	0.000673096	
0.00500746	0.00500163	0.111851	0.00839567	0.0134731	0.0884464	8.09436e-05	0.00506496	0.013741	0.0142255	0.00314442	0.695829	0.0137042	0.00154284	0.000576657	0.00678051	0.000118319	0.000369239	0.0125791	6.83797e-05	
0.117209	0.0105524	0.0356021	0.128253	0.000200815	0.0261971	0.0112826	0.00379296	0.263973	0.0079326	0.0176077	0.0255838	6.9684e-06	0.224663	0.0312292	0.046442	0.0372051	0.00979291	0.000712813	0.00176065	
0.0296094	0.0142933	0.000595205	0.0408121	0.573715	0.00170276	0.000337233	0.000131898	0.120005	0.00174869	0.020952	0.000690972	0.0385373	0.0420474	0.00167687	7.93458e-05	0.0593951	0.000130035	0.00158177	0.051959	
0.000124216	0.0397307	0.151713	0.000662555	0.0607488	0.0106103	0.000201452	0.0276643	0.00132072	0.00158981	0.0359957	0.026625	0.507967	0.00926653	4.53923e-05	0.000113502	0.000120041	0.0473742	0.0234007	0.0547258	
0.011699	0.00118513	0.0991919	0.0929613	7.70857e-06	0.416847	1.8542e-05	7.20877e-05	0.0802448	0.00223906	0.0333415	0.0625495	0.00424918	0.0122244	0.00640381	0.0490135	0.124642	0.00236689	1.0515e-05	0.000731463	
0.00931917	0.127281	0.222618	0.506062	0.000624358	0.00857898	7.4828e-05	0.00990079	0.0242689	0.000192132	0.000408876	0.000292781	0.000198691	0.0276722	0.00159938	0.000469436	0.00380944	0.054301	0.00205727	0.000270822	
0.0566588	0.000139503	7.32511e-05	0.0334941	8.06481e-05	0.0815287	0.00850123	0.0980671	0.000496564	0.00340194	0.0110869	0.0324033	0.00341879	0.00171144	0.00341398	9.96067e-05	0.000759784	0.0230661	0.0150744	0.626524	
0.00018371	0.00973105	0.0121485	0.000224992	0.000261314	6.21838e-05	0.00153841	0.385745	0.00107686	0.0116509	0.000851038	0.000701595	0.000274876	0.000839001	0.013235	0.0231128	0.000389016	0.520049	0.0104168	0.00750715	
0.000225466	0.0538342	0.0185877	0.0631701	0.0133741	0.0174175	0.0121278	0.0136778	0.0393807	0.00479216	0.0257034	0.0159893	0.686976	0.000497538	8.73883e-05	0.000174443	0.000179362	0.0109652	0.0137339	0.00910545	
1.98845e-05	7.59888e-05	0.0456357	0.131067	4.48051e-05	0.00219384	0.0125574	0.000137476	0.000190661	9.05287e-05	0.000359581	0.000132143	1.12485e-05	0.0222386	9.25604e-05	0.00977348	0.756048	0.0192453	4.63124e-05	4.01646e-05	
0.0725908	0.0579277	0.000267631	0.000312966	0.000225066	8.83863e-05	0.0149924	0.0384742	0.00371735	8.45473e-05	0.000476534	0.00524622	0.00040608	0.0825789	0.00297378	0.000426943	0.00031947	0.667958	0.0175309	0.0334019	
0.00895205	5.42019e-05	0.221018	0.0528636	0.615583	0.0343677	8.47545e-05	2.19584e-05	0.0126467	0.00765508	0.00137442	0.0281734	9.23122e-05	0.0003587	7.16991e-05	4.1465e-05	0.0137208	2.28654e-05	0.00287268	2.4084e-05	
0.000114391	0.0664314	0.603371	0.176755	0.0309472	5.73675e-05	0.0168127	0.00226514	0.000152193	0.00480573	0.0421318	0.0265361	0.00591411	0.000183016	0.00295928	0.00289081	0.00179282	0.000102239	0.015681	9.6517e-05	
0.000315959	0.00240013	0.0292824	0.000177729	0.00230989	0.000334042	0.00870329	0.000168846	0.0136774	0.00261544	0.00876598	0.84187	0.0001385	0.046066	0.000369051	0.000969017	0.0127909	0.000619069	0.0136774	0.0147494	
0.0105024	0.000133622	0.0112504	0.00214037	0.158508	0.00311009	0.0177947	0.000668935	0.0689796	0.000149346	0.0346687	9.58782e-05	0.00138578	0.000544523	0.00117593	0.000131194	0.094171	0.000512367	0.0173896	0.576688	
0.188329	0.030792	0.00135229	0.000214894	1.61519e-05	8.7361e-05	8.20172e-06	5.07569e-05	0.00799221	0.00689352	0.166832	0.170745	1.0518e-05	0.000287404	1.12071e-05	0.113526	0.0416909	0.261954	0.00777376	0.0014333	
0.464862	0.16029	8.06363e-05	0.0150365	0.000330097	0.000108945	4.36814e-05	0.0358671	0.0260291	0.00481951	0.000219193	0.00789345	0.00299876	0.0265258	2.47442e-05	0.0358855	0.0596722	0.103577	0.00132868	0.0544074	
0.000116688	0.000240032	0.159927	0.000405371	0.00023137	5.14802e-05	0.000304987	0.0174449	0.0232324	0.0128554	0.000485571	0.427339	0.01297	0.149709	0.00459046	0.0424924	0.0985985	0.0394387	0.00949749	6.96282e-05	
0.0140774	0.0500037	0.000118072	0.00873961	0.00118599	6.66857e-05	0.00220045	0.185239	0.000613169	0.0430612	0.175022	0.000494308	0.000203088	0.00137373	0.000151266	0.00925896	0.00103318	0.480759	0.0031727	0.0232275	
0.0438394	0.000106525	0.0929952	0.472415	0.000534924	0.0068891	1.61248e-05	0.00485543	0.0104287	0.00570692	0.224523	0.0320745	2.36359e-05	0.044078	0.00098835	0.00948263	0.0288612	0.0133407	2.94672e-05	0.00881069	
0.019801	0.0578025	0.000248989	0.000199102	0.0303501	4.3099e-05	0.000120497	0.216578	0.000107696	0.0318742	0.092346	0.000287374	2.60454e-05	0.000494907	0.013676	4.72014e-05	0.00390744	0.528937	0.00218653	0.000966656	
0.000120273	0.000339569	0.42792	0.0666064	0.347176	0.0550368	1.86919e-05	3.23644e-05	6.179e-05	0.0167713	0.0254723	0.0485698	0.00728631	0.000475715	0.000182954	3.91229e-05	4.65329e-05	6.31809e-05	0.00375666	2.41015e-05	
0.011699	0.00118513	0.0991919	0.0929613	7.70857e-06	0.416847	1.8542e-05	7.20877e-05	0.0802448	0.00223906	0.0333415	0.0625495	0.00424918	0.0122244	0.00640381	0.0490135	0.124642	0.00236689	1.0515e-05	0.000731463	
0.0269038	0.0022994	0.0547755	0.147481	0.0213028	0.0139947	0.0162276	0.00993551	0.27181	0.00977905	0.0288835	0.0488522	0.06419	0.0895884	0.0532816	0.0184589	0.0584473	0.0151983	0.0023045	0.0462856	
0.0269038	0.0022994	0.0547755	0.147481	0.0213028	0.0139947	0.0162276	0.00993551	0.27181	0.00977905	0.0288835	0.0488522	0.06419	0.0895884	0.0532816	0.0184589	0.0584473	0.0151983	0.0023045	0.0462856	
0.0083008	7.35646e-05	0.000120981	0.0275887	0.0426159	0.00463428	4.6921e-05	0.0997622	0.0299537	0.000184682	0.0159187	9.57681e-05	0.0307216	0.0447386	0.0174649	9.05622e-05	0.012839	0.26356	0.0202359	0.381054	
0.00634688	0.00797422	0.00854191	0.264846	0.00011603	3.203e-05	0.00397972	0.00459498	0.0635327	0.0133187	0.000293833	0.506158	2.88271e-05	0.00730021	0.0170243	0.0379811	0.0429967	0.0147762	0.000102478	5.42737e-05	
0.00632252	0.0346369	0.00847868	0.00907313	0.00553369	0.00183553	0.000161468	0.065528	0.000656862	0.778832	0.0447223	0.00041692	7.56652e-05	0.000500939	0.000265313	0.000265158	0.000591319	0.0209501	0.00593357	0.01522	
0.145736	0.0289111	0.016575	0.02537	0.00147145	0.539116	0.00286986	0.000156444	0.000150296	0.00111953	0.0217283	0.113329	4.12082e-05	0.0629948	0.00446736	0.0264826	0.00844276	9.10976e-05	0.00081322	0.00013411	
0.0320869	0.093782	0.0991112	0.105338	0.000355859	0.0323129	0.000296431	0.0405224	0.00898065	0.556933	0.000844922	0.00749845	0.000102495	0.000363061	0.000159818	0.00285053	0.00249593	0.000178706	0.000555472	0.015231	
0.0279531	0.0480544	4.85797e-05	0.118655	0.116059	7.24825e-05	5.79535e-05	0.00660412	0.0220249	1.49892e-05	0.000768308	0.00190494	0.0108065	0.030261	6.13163e-05	1.78322e-05	0.000530698	4.53586e-05	0.602554	0.0135061	
0.000160053	0.044608	0.647645	8.61619e-05	0.0514751	8.18973e-05	5.9171e-05	0.00143563	0.000267031	0.029262	0.0464	0.00685723	0.0984657	0.0210882	0.0362964	0.000980886	0.000943576	0.000166908	0.0136566	6.4013e-05	
0.00418206	0.0191792	0.0133593	0.00427716	0.196546	0.00128552	0.0127325	0.000122126	0.000199627	0.0128689	0.00631224	0.000211648	4.07167e-05	0.0278148	0.000142734	5.06201e-05	0.494649	0.00118651	0.0131523	0.191687	
0.537448	0.0363934	0.00024137	0.000190487	0.0352706	6.34763e-05	0.0187479	0.0202146	0.0562251	0.0077694	0.0240701	0.0408083	6.61831e-05	0.0360505	0.0651543	0.000602786	0.000108558	0.00524847	0.0218061	0.0935204	
0.00700776	0.000162089	0.000139622	0.000307196	0.0457404	0.65153	0.0204574	0.0135863	0.0616091	0.0328536	0.0408523	0.0258064	0.00423362	0.0422662	4.95734e-05	0.00819947	0.00392529	0.000698871	0.000243633	0.0403308	
0.115781	0.0474161	0.0203707	0.000130569	0.0424041	0.0262857	2.7506e-05	0.0367792	8.87782e-05	6.96021e-05	0.0306032	0.0166895	0.00104632	0.383248	0.000756087	0.0411073	0.0374032	0.116406	0.0263842	0.0570036	
0.00933113	0.100935	0.0622576	0.603632	0.032702	6.90473e-05	0.000134482	0.00669332	0.000148942	0.0430538	0.0477022	0.0331664	0.000997164	0.000127818	0.0339176	0.0138511	0.00195217	8.40877e-05	0.00858296	0.000661532	
6.86488e-05	0.0426706	0.541848	0.130818	0.039602	0.000558823	9.38819e-05	0.0267345	0.00136664	0.0653543	0.024848	0.000140241	0.00792551	7.12801e-05	0.00534084	0.0634746	0.0404253	5.72263e-05	0.00849334	0.000107783	
0.0209045	0.000225009	3.187e-05	0.0350224	0.0440777	0.0228673	2.6901e-05	0.000407765	0.108869	0.000109293	0.0204572	4.68151e-05	0.00672142	0.0326594	0.00811797	6.54655e-05	0.022001	0.000727566	0.010263	0.666398	
0.000165294	0.0596738	0.739324	0.0347212	0.0207368	4.86681e-05	7.33186e-05	0.000152926	0.0187131	0.025993	0.00285438	0.0582952	0.00916268	0.00046971	0.000491565	0.00275699	0.000978093	0.00309863	0.0222204	7.03268e-05	
0.00372784	0.000178546	0.00628355	0.00391023	0.0178684	6.33974e-05	0.0192716	0.0509016	0.279396	0.00573066	0.0042852	0.0339151	0.00863354	0.0966118	0.44449	0.013143	0.000610667	0.00866978	0.000325044	0.00198468	
0.00907485	0.0579286	0.00740018	0.0121962	0.0327926	0.00250437	0.000242304	0.0356201	0.00421432	0.786753	0.00916816	0.0128891	5.09376e-05	0.000312099	9.51398e-05	0.00429801	0.00225877	0.0184288	0.000439974	0.00333221	
0.0585658	0.0158322	0.085483	0.0552671	0.00124112	5.0065e-05	0.000128605	0.00311233	0.00386743	0.00019186	0.00939613	0.040953	4.5978e-05	0.00030735	0.575598	0.000166655	0.00226282	0.146466	0.000240397	0.000824466	
0.00519922	0.000216266	0.00340875	0.0125911	4.59324e-05	0.000966537	0.146032	0.000207591	0.00665556	0.0147097	0.000423269	0.00109831	0.736388	0.000223449	0.00385629	0.028426	0.0389099	0.000124295	0.000391117	0.000127113	
0.0128905	0.00765268	0.223095	0.0296532	0.0349432	0.00759163	0.000125855	0.0281447	0.0012177	0.557286	0.0556647	0.000925592	0.011302	0.000385826	8.43282e-05	4.98783e-05	0.0286074	5.13442e-05	0.000126494	0.000202582	
0.0219737	0.217614	0.00137732	0.0350077	0.000214095	6.75538e-05	0.00148161	0.000240407	0.000741992	0.00404816	0.0513361	0.0517011	0.000317319	0.0424503	4.5613e-05	0.542676	0.000168868	0.0282736	0.000153262	0.000111134	
0.0242787	6.32048e-05	4.02099e-05	0.03664	0.0312925	0.0282174	3.33986e-05	0.00227011	0.0996926	0.000467405	0.0193644	5.74327e-05	0.00988392	0.0309249	0.0103002	8.87234e-05	0.0216308	0.00174729	0.0118768	0.67113	
0.00889604	0.000411257	0.00731812	0.0305272	0.00720198	0.029715	4.98978e-05	0.000961617	0.0115474	0.00431607	0.0123237	0.0254883	0.773261	0.0312054	0.018025	0.0151415	0.0198718	0.00309635	0.000114418	0.000528098	
0.000302495	0.00488213	0.168423	0.045872	0.027173	0.046143	0.00560892	0.000789085	0.00946702	0.000100296	0.220196	0.125958	2.74229e-05	0.278124	0.00480017	0.0599291	0.000512114	0.000301002	0.00113819	0.000254307	
0.0460353	0.000564736	0.0093727	0.0145841	0.0112154	0.00036268	0.0247846	0.000162092	0.00411732	0.00259015	0.0613732	0.00057434	7.24899e-05	0.0406287	9.50981e-05	0.0424383	0.714123	0.00290676	0.0144444	0.00955424	
0.000119287	0.0333452	0.678248	0.01392	0.0257488	5.14924e-05	0.0443043	0.00112406	0.000268612	0.00193483	0.0494482	0.11829	0.000796883	0.000201449	0.000525645	0.0159117	0.000904628	0.000122714	0.0146664	6.67974e-05	
0.0113309	0.0453795	0.000313966	0.000101686	5.25501e-05	2.20613e-05	0.000373714	0.2154	0.000456304	0.0165708	9.85391e-05	0.000461575	7.9475e-05	0.00190925	0.000307935	0.000409659	0.000108189	0.691222	0.00031493	0.0150872	
0.000700681	0.000204179	0.000247662	0.00529441	0.835427	0.000329965	0.0003879	0.059722	0.0125109	0.0127856	0.000531493	0.000269395	0.000427575	0.0213657	0.000555073	9.02655e-05	0.00042082	0.0291342	0.0103133	0.00928176	
0.000511341	0.0540069	0.00127609	0.0015283	0.0206604	0.000246522	0.000127341	0.141215	0.00246057	0.701949	0.000670475	0.0018428	3.21347e-05	0.000206046	7.04765e-05	0.000314594	0.00077641	0.0666657	0.000807612	0.00463224	
0.00113654	0.0528499	0.000204469	0.000419365	8.22803e-05	7.01904e-05	5.53201e-05	0.529991	0.000268828	0.129554	0.112214	0.000163627	3.86972e-05	0.00030786	4.01932e-05	9.97173e-05	0.000311892	0.152858	0.000679587	0.0186559	
0.0159898	0.505732	0.107485	0.0492408	7.13606e-05	6.24068e-05	0.00853161	0.0524804	0.0217333	0.0449596	0.0279522	0.0212459	0.0113015	0.0213184	4.04163e-05	0.00142332	0.0314863	0.0788498	4.48364e-05	5.10983e-05	
0.0353753	0.000223729	0.000215292	0.0414952	0.525935	0.033085	0.000155833	0.000105969	0.111748	8.20395e-05	0.0334324	0.000372722	0.0179032	0.0438777	0.011611	0.000115951	0.0451748	0.000140129	0.0128088	0.0861416	
0.0934268	0.000307055	0.000423514	0.00230347	0.000187549	0.000219301	0.0230373	0.0450573	0.0474044	0.000543841	0.0500524	0.0466851	4.25783e-05	0.045292	0.0276296	0.616266	0.000114986	0.000426745	0.000420616	0.000159203	
9.22579e-05	0.0527693	0.000733324	0.000488369	0.000109227	0.000148064	0.000766229	0.309849	0.000164257	0.108314	0.000337347	0.000219978	3.63347e-05	0.00106201	5.33228e-05	0.000551178	0.0232598	0.48052	0.0014024	0.0191231	
0.0191161	0.000491067	0.197747	0.000339239	0.000133352	0.0235316	0.000224187	0.209296	0.000231727	0.000410084	0.056493	0.0414709	0.000163519	0.0498206	0.000177175	0.0104547	0.0727364	0.307927	0.00908348	0.000152985	
0.0303686	0.0308114	0.0283499	0.0519311	0.0166932	0.0133913	0.000800458	0.000365399	0.0178206	0.0138168	0.00833963	0.314931	1.87777e-05	0.0155524	0.00375031	0.324337	0.00910701	0.00500428	0.0634569	0.0511545	
0.0131409	0.000729162	0.00117877	0.0251345	0.000762172	0.000348432	0.0507428	0.0185919	0.0101152	0.00158852	0.0335983	0.00215441	0.665046	0.0413037	0.0839129	0.018429	0.000140706	0.0323624	0.000399742	0.000319964	
0.0538136	6.45796e-05	0.36959	0.179485	0.00292262	0.0204965	0.0321625	0.00175607	0.0485388	0.00129887	0.0142032	0.142762	0.0108172	0.0302584	0.00565817	0.0236058	0.039065	0.0197485	0.00164426	0.00210965	
0.0451486	0.000158305	0.000657421	0.00448661	0.581605	0.0910729	5.58628e-05	5.48873e-05	0.0239443	0.0540065	0.000476837	0.000919232	2.9508e-05	0.00774932	3.76414e-05	7.1464e-05	0.0556753	3.5533e-05	0.000536598	0.133278	
0.0292883	0.0362872	0.118516	0.479148	0.0972753	4.91474e-05	0.0258958	0.0828133	0.00745833	0.000170967	0.00217286	0.00489184	6.58638e-05	0.0755384	0.00188916	0.00754858	0.00559896	0.0109232	0.0143316	0.000136771	
0.207642	0.0296422	8.94373e-05	0.0165311	0.013249	0.021126	0.0086707	0.000123269	7.31224e-05	0.00547341	0.0359864	0.601175	0.00325288	0.00931777	0.00263107	0.00750532	5.94944e-05	0.0318588	0.0055158	7.74998e-05	
0.0134292	0.045246	9.25548e-05	8.50111e-05	7.5494e-05	2.79933e-05	0.000529463	0.218232	0.000400633	0.0170205	9.026e-05	0.000535672	3.3662e-05	0.00196553	8.58433e-05	5.50155e-05	6.91186e-05	0.686558	0.000339169	0.0151287	
0.0269038	0.0022994	0.0547755	0.147481	0.0213028	0.0139947	0.0162276	0.00993551	0.27181	0.00977905	0.0288835	0.0488522	0.06419	0.0895884	0.0532816	0.0184589	0.0584473	0.0151983	0.0023045	0.0462856	
0.070283	0.00614176	0.0932812	0.178106	0.0299847	0.0172587	0.036504	0.00920912	0.117305	0.0152793	0.0301675	0.00441688	0.000833898	0.0418924	0.0137202	0.0613557	0.206084	0.0195635	0.000917089	0.0476962	
0.00298903	0.00383569	0.00240762	0.00531863	0.0276366	0.000201397	0.0129723	0.000159359	0.822212	0.000386969	0.0232653	7.51821e-05	0.00158522	0.000116663	0.0167174	0.00708185	0.00498498	0.017978	0.000759373	0.0493159	
0.0378115	0.0145352	7.10854e-05	0.00670988	0.122746	0.00261279	0.114507	0.124129	0.0390659	0.0389422	0.0174643	8.71464e-05	1.85153e-05	0.0340318	0.00130361	0.00202227	0.0113942	0.247754	0.0322795	0.152515	
0.00016805	0.000191992	0.00458187	0.0029244	0.00207142	0.00630503	0.000177376	0.0025279	0.0272964	0.000101156	0.00342973	0.0497048	0.806683	0.000180302	0.0235851	0.0498022	0.017846	0.000609241	0.000109394	0.00170422	
0.000110257	0.0400563	0.00768663	0.604782	0.027271	0.00365797	0.00333812	0.0231687	0.000127711	0.0668015	0.0475819	0.00427248	0.0307144	0.000132973	0.00266109	0.0375239	0.0952559	8.26152e-05	0.00239543	0.0023796	
0.000124079	0.0556964	0.000155047	0.000300569	8.83597e-05	7.69703e-05	0.000579498	0.372274	0.00240227	0.0848454	0.000526706	0.000883003	0.000101529	0.000864261	0.000185262	0.00403849	0.0114688	0.446747	0.00027381	0.0183688	
0.0303418	0.00183589	0.0811811	0.248486	0.000611805	0.00379443	0.0149521	0.0644625	0.340417	0.00627064	0.00108036	0.046702	6.93043e-06	0.0864945	0.0440715	0.017752	0.01077	0.000728422	2.31745e-05	1.78393e-05	
0.0111016	0.0664374	0.00103578	0.0637115	0.0212625	0.0131041	0.591611	1.23862e-05	0.019336	0.000268206	0.000168826	0.00438162	1.81705e-05	0.130499	0.0544108	0.000179313	0.0200518	0.000167923	6.54254e-05	0.00217751	
0.0447581	0.000563928	7.91892e-05	0.00293277	0.253513	0.0233975	0.426627	0.00835962	0.000223708	9.7746e-05	0.0389427	0.0166189	3.24189e-05	0.0076249	0.000864025	0.000246787	0.0174456	0.00315684	0.00569327	0.148822	
0.0314158	0.611715	0.00814369	0.105407	9.19891e-05	6.78882e-05	0.000179843	0.000678372	0.00530918	0.00132366	0.0390777	0.0309311	0.000179962	0.0351214	0.00633429	0.0307274	0.00877811	0.0770507	0.000132244	0.00733415	
0.0109793	0.0109785	0.00111467	0.0441015	0.0240581	0.0127784	8.29749e-05	0.00209736	0.0189436	0.00186902	0.0140154	0.00818359	0.759088	0.0429896	0.011175	0.00930103	0.0115825	0.000319422	0.000950655	0.0153914	
0.00170326	6.55839e-05	0.0542748	0.0191662	0.000364509	0.296378	0.0417859	2.95653e-05	0.277468	0.00267144	0.00152125	0.238084	5.1747e-23	0.0208899	0.031027	0.00806107	0.00639075	2.87917e-05	6.23867e-05	2.83911e-05	
0.245517	0.0578696	0.00024371	0.000614958	0.000115486	0.00010003	0.000477395	0.0966511	0.0105705	0.0140967	0.00036356	0.000261444	0.00764235	0.00152026	4.63013e-05	0.000852298	0.227961	0.30022	0.0188349	0.0160414	
0.0303223	0.0185487	0.00204189	0.00216489	0.00972063	0.0209636	0.000127596	0.00345742	0.148383	0.0263873	0.0278453	0.019241	0.648507	0.000388357	0.000128949	0.000146045	0.00852924	0.000485789	0.00827652	0.0243341	
0.0019685	0.0932803	8.23287e-05	0.000426314	0.153745	0.000169391	0.00763857	0.460488	0.0711223	0.0133863	0.0461618	0.000572316	3.07175e-05	0.0422267	9.90575e-05	0.000247637	0.000698135	0.0371847	0.00311416	0.0673575	
0.00113654	0.0528499	0.000204469	0.000419365	8.22803e-05	7.01904e-05	5.53201e-05	0.529991	0.000268828	0.129554	0.112214	0.000163627	3.86972e-05	0.00030786	4.01932e-05	9.97173e-05	0.000311892	0.152858	0.000679587	0.0186559	
0.000871439	0.00351684	0.00127099	0.00620429	0.0239861	0.000507805	0.00012956	0.0506909	0.000957799	0.854486	0.0242858	0.00458859	4.55934e-05	0.000310369	6.08584e-05	0.00211077	0.000511042	0.0228218	0.000696073	0.00194741	
0.000227222	0.0543875	0.000251505	0.000381277	0.000240501	9.37745e-05	0.0259893	0.199052	0.00704619	0.00021652	0.000649685	0.00178418	0.0245333	0.0430763	0.00450385	0.00119234	0.000945501	0.582422	0.0212058	0.0318013	
0.0123796	0.000283267	0.000220747	0.000203826	0.0278451	0.664354	0.0238576	0.0216467	0.0452621	0.00579946	0.0188244	0.0292632	0.000449374	0.0351898	6.40607e-05	0.00234452	0.000783989	0.00231554	0.000135036	0.108778	
0.00583182	0.260098	0.000560565	0.0326655	0.00595849	0.00240639	0.000831683	0.000154882	0.000274446	0.00619644	0.00106022	0.109051	4.21058e-05	0.0360765	0.000247433	0.00723233	0.519021	0.00715742	0.00457145	0.000561751	
0.0507601	0.0396536	0.0149615	0.000114161	0.0715871	0.0576436	7.36487e-05	0.000751518	0.428821	0.000386437	0.000184586	5.81446e-05	0.00592276	0.146004	4.6922e-05	0.0137957	0.000106482	0.0151599	0.0106539	0.143315	
0.0214072	0.0363366	0.0111569	0.0372347	0.00565042	0.000632064	0.00257818	0.193677	0.158119	0.184195	0.114075	0.0309181	0.00103169	0.0670266	0.0169476	0.0376583	0.0466446	0.029398	0.000100849	0.00521211	
0.00192828	0.0596686	0.646421	0.0114849	0.0187059	3.02708e-05	3.34818e-05	0.0144311	0.000546441	0.121797	0.0615713	7.20896e-05	0.00360713	0.000648653	0.0134093	0.0137339	0.0269327	3.92094e-05	0.00490851	3.01047e-05	
0.0277032	0.0530833	0.00105363	0.112483	0.000118236	8.3838e-05	0.00074866	0.0517168	0.000483866	0.550787	0.0848758	0.00364058	8.27885e-05	0.000385053	0.00818699	0.000103723	0.025656	0.0101178	0.0481879	0.0205014	
0.0845795	0.000486466	0.0300928	0.0311793	0.0238524	7.88926e-05	0.000171128	0.00619975	0.141246	0.00474177	0.00257206	0.018342	4.36427e-05	0.000259766	0.572526	0.000274768	0.00219995	0.0204683	0.00019293	0.0604925	
0.0538136	6.45796e-05	0.36959	0.179485	0.00292262	0.0204965	0.0321625	0.00175607	0.0485388	0.00129887	0.0142032	0.142762	0.0108172	0.0302584	0.00565817	0.0236058	0.039065	0.0197485	0.00164426	0.00210965	
0.0048013	0.00110105	0.734426	0.0857966	0.02579	6.67209e-05	0.0392389	0.00012307	0.0211737	0.000548902	0.00183727	0.0555949	9.55227e-05	9.42656e-05	5.17223e-05	0.0126125	0.000118895	0.000178806	0.0163051	4.51807e-05	
0.0269038	0.0022994	0.0547755	0.147481	0.0213028	0.0139947	0.0162276	0.00993551	0.27181	0.00977905	0.0288835	0.0488522	0.06419	0.0895884	0.0532816	0.0184589	0.0584473	0.0151983	0.0023045	0.0462856	
0.0538136	6.45796e-05	0.36959	0.179485	0.00292262	0.0204965	0.0321625	0.00175607	0.0485388	0.00129887	0.0142032	0.142762	0.0108172	0.0302584	0.00565817	0.0236058	0.039065	0.0197485	0.00164426	0.00210965	
0.070283	0.00614176	0.0932812	0.178106	0.0299847	0.0172587	0.036504	0.00920912	0.117305	0.0152793	0.0301675	0.00441688	0.000833898	0.0418924	0.0137202	0.0613557	0.206084	0.0195635	0.000917089	0.0476962	
0.0327773	0.00796902	0.0302053	0.110753	0.015082	0.00122864	0.00818854	0.128845	0.0922527	0.159811	0.0927735	0.032158	0.00302719	0.165964	0.026406	0.0184272	0.0215943	0.0491617	4.1651e-05	0.00333443	
0.0286366	0.00178	0.0822039	0.25145	0.000582104	0.0036977	0.014691	0.0651956	0.341043	0.00607514	0.00091866	0.0467392	6.88377e-06	0.0854834	0.0436673	0.0171913	0.00999854	0.000598055	2.38865e-05	1.78393e-05	
0.0269038	0.0022994	0.0547755	0.147481	0.0213028	0.0139947	0.0162276	0.00993551	0.27181	0.00977905	0.0288835	0.0488522	0.06419	0.0895884	0.0532816	0.0184589	0.0584473	0.0151983	0.0023045	0.0462856	
0.00874688	0.0107194	0.229918	0.0269216	0.0349466	0.00520441	6.72734e-05	0.0277883	0.00128329	0.549379	0.0572349	0.000366181	0.0125329	0.000266031	5.81171e-05	4.17262e-05	0.0339484	5.03569e-05	0.000286088	0.000240221	
0.117209	0.0105524	0.0356021	0.128253	0.000200815	0.0261971	0.0112826	0.00379296	0.263973	0.0079326	0.0176077	0.0255838	6.9684e-06	0.224663	0.0312292	0.046442	0.0372051	0.00979291	0.000712813	0.00176065	
0.0269038	0.0022994	0.0547755	0.147481	0.0213028	0.0139947	0.0162276	0.00993551	0.27181	0.00977905	0.0288835	0.0488522	0.06419	0.0895884	0.0532816	0.0184589	0.0584473	0.0151983	0.0023045	0.0462856	
0.0269038	0.0022994	0.0547755	0.147481	0.0213028	0.0139947	0.0162276	0.00993551	0.27181	0.00977905	0.0288835	0.0488522	0.06419	0.0895884	0.0532816	0.0184589	0.0584473	0.0151983	0.0023045	0.0462856	
0.00170326	6.55839e-05	0.0542748	0.0191662	0.000364509	0.296378	0.0417859	2.95653e-05	0.277468	0.00267144	0.00152125	0.238084	5.1747e-23	0.0208899	0.031027	0.00806107	0.00639075	2.87917e-05	6.23867e-05	2.83911e-05	
0.0327773	0.00796902	0.0302053	0.110753	0.015082	0.00122864	0.00818854	0.128845	0.0922527	0.159811	0.0927735	0.032158	0.00302719	0.165964	0.026406	0.0184272	0.0215943	0.0491617	4.1651e-05	0.00333443	
0.070283	0.00614176	0.0932812	0.178106	0.0299847	0.0172587	0.036504	0.00920912	0.117305	0.0152793	0.0301675	0.00441688	0.000833898	0.0418924	0.0137202	0.0613557	0.206084	0.0195635	0.000917089	0.0476962	
0.0133561	7.01668e-05	7.85062e-05	5.33392e-05	0.0161757	2.09271e-05	0.000315624	0.0328039	0.000139335	0.023113	0.0978017	0.000276484	0.767353	0.000275621	3.64338e-05	2.37495e-05	0.00797369	0.0400209	6.45456e-05	4.68235e-05	
0.000723488	0.101251	0.000460379	0.0027038	0.0104963	0.000268395	0.00255669	0.405289	0.000920201	0.0088432	0.000249186	0.000272643	0.000839065	0.0275984	0.000172873	8.50127e-05	0.00126847	0.366025	0.000384478	0.0695922	
0.011699	0.00118513	0.0991919	0.0929613	7.70857e-06	0.416847	1.8542e-05	7.20877e-05	0.0802448	0.00223906	0.0333415	0.0625495	0.00424918	0.0122244	0.00640381	0.0490135	0.124642	0.00236689	1.0515e-05	0.000731463	
0.0269038	0.0022994	0.0547755	0.147481	0.0213028	0.0139947	0.0162276	0.00993551	0.27181	0.00977905	0.0288835	0.0488522	0.06419	0.0895884	0.0532816	0.0184589	0.0584473	0.0151983	0.0023045	0.0462856	
0.096317	0.0145578	0.070199	0.494506	0.00724327	9.30632e-05	0.046026	0.000342624	0.0252186	0.00666667	0.00116318	0.034531	0.0382158	0.0817919	3.46137e-05	0.0444394	0.0314324	0.000117712	0.00700771	9.59182e-05	
0.11334	0.0104862	0.0372477	0.131127	0.000187706	0.0261961	0.0107959	0.00362605	0.257912	0.00755198	0.0229615	0.0246102	7.61899e-06	0.230017	0.0303809	0.0455706	0.0360018	0.00948726	0.000726732	0.0017665	
0.0923848	0.000120701	9.85591e-05	0.00021005	0.178727	0.386148	0.0122648	0.0256391	0.0284826	0.0526171	0.0509765	0.0195211	0.000177717	0.0218736	3.66634e-05	0.00010019	0.000578596	6.64476e-05	0.000223531	0.129753	
0.0327773	0.00796902	0.0302053	0.110753	0.015082	0.00122864	0.00818854	0.128845	0.0922527	0.159811	0.0927735	0.032158	0.00302719	0.165964	0.026406	0.0184272	0.0215943	0.0491617	4.1651e-05	0.00333443	
0.117209	0.0105524	0.0356021	0.128253	0.000200815	0.0261971	0.0112826	0.00379296	0.263973	0.0079326	0.0176077	0.0255838	6.9684e-06	0.224663	0.0312292	0.046442	0.0372051	0.00979291	0.000712813	0.00176065	
0.000406758	0.0214793	0.000665624	0.00529948	0.000108125	0.000154002	0.000120224	0.023101	0.0624084	0.130994	0.623201	0.000386989	5.31395e-05	0.0113334	0.0115294	0.000186507	0.00296874	0.0840644	0.000301743	0.021237	
0.567506	0.110762	7.35029e-05	0.000103216	0.000335557	2.45037e-05	0.0146128	0.00063811	0.027365	0.000161755	0.0211097	0.186093	4.53313e-05	0.032813	0.0120277	0.0134577	5.51291e-05	0.00943372	0.000953933	0.00242797	
0.0286366	0.00178	0.0822039	0.25145	0.000582104	0.0036977	0.014691	0.0651956	0.341043	0.00607514	0.00091866	0.0467392	6.88377e-06	0.0854834	0.0436673	0.0171913	0.00999854	0.000598055	2.38865e-05	1.78393e-05	
0.0286366	0.00178	0.0822039	0.25145	0.000582104	0.0036977	0.014691	0.0651956	0.341043	0.00607514	0.00091866	0.0467392	6.88377e-06	0.0854834	0.0436673	0.0171913	0.00999854	0.000598055	2.38865e-05	1.78393e-05	
0.00027648	0.0452964	0.000435108	0.000663031	0.000124289	0.000139236	0.000186162	0.669168	0.000510498	0.118475	0.0439787	0.000336148	6.41091e-05	0.000595472	6.88014e-05	0.000208219	0.0198801	0.0701762	0.000888688	0.0285291	
0.00170326	6.55839e-05	0.0542748	0.0191662	0.000364509	0.296378	0.0417859	2.95653e-05	0.277468	0.00267144	0.00152125	0.238084	5.1747e-23	0.0208899	0.031027	0.00806107	0.00639075	2.87917e-05	6.23867e-05	2.83911e-05	
0.63112	0.00135196	0.000152193	0.000149444	0.010168	4.44103e-05	0.0164014	0.0231904	0.0308819	0.00184948	0.0444534	0.176406	2.96337e-05	0.0328664	0.0139316	0.0136828	4.95235e-05	0.000128803	0.00287847	0.000263683	
0.0378115	0.0145352	7.10854e-05	0.00670988	0.122746	0.00261279	0.114507	0.124129	0.0390659	0.0389422	0.0174643	8.71464e-05	1.85153e-05	0.0340318	0.00130361	0.00202227	0.0113942	0.247754	0.0322795	0.152515	
0.103944	0.0508573	0.0205721	0.049629	0.000189518	0.0461957	0.00451858	0.00161324	0.423562	0.00311861	0.0075574	0.023004	9.84553e-06	0.126453	0.0307624	0.0522326	0.0319616	0.0102963	0.000767181	0.0127551	
0.0200233	7.53906e-05	3.19272e-05	0.0360046	0.0403169	0.0235017	2.88256e-05	0.000656687	0.107169	0.000144904	0.0202158	4.46089e-05	0.00650389	0.0327518	0.00779467	6.67621e-05	0.0221369	0.00120043	0.0105907	0.670742	
0.0612485	0.0199108	0.000252789	0.000422296	0.031116	6.35774e-05	9.8228e-05	0.180885	0.0131131	0.181544	0.353281	0.000352807	4.14026e-05	0.00629396	0.00794188	0.00393024	0.000122479	0.139015	0.000216307	0.000149943	
0.000152442	0.0336452	3.44061e-05	0.497763	0.0711681	6.84289e-05	0.000108755	0.0131723	7.29504e-05	0.000406254	0.0251938	0.0164013	0.000366601	0.00451175	0.000639732	0.0146268	0.094155	8.19026e-05	0.131839	0.0955921	
0.0215058	0.472875	0.0801011	0.0329647	5.05558e-05	4.57887e-05	0.00727826	0.0769892	0.0193491	0.0466264	0.032844	0.0129045	0.0223945	0.0210636	4.32978e-05	0.000230836	0.0219712	0.130658	4.56613e-05	5.86738e-05	
0.000165427	0.000253718	0.115234	0.0878097	0.000158258	0.0166313	0.018209	0.0143335	0.0516626	0.0152237	0.0116975	0.0380143	6.30683e-05	0.0131425	0.00741557	0.60423	0.000129121	0.00522116	0.000272401	0.000133666	
0.628436	0.00163556	0.000128415	0.000143209	0.00877452	4.4007e-05	0.0166004	0.0225546	0.0314438	0.00201611	0.0444902	0.178814	2.79277e-05	0.0340619	0.0132463	0.0140336	4.3372e-05	0.00017856	0.00293371	0.000394086	
0.020343	0.0200548	0.000384111	0.0280237	0.131042	5.74988e-05	0.00889411	0.000107902	0.42764	0.234695	0.0365893	8.52066e-05	0.000371068	0.000125395	0.0426699	8.22839e-05	6.85815e-05	0.0271014	0.000929871	0.0207357	
0.0148869	0.00208564	0.00112409	0.00031992	0.00286009	0.00170581	0.00760518	0.000108178	0.0413022	0.000637989	0.0481948	0.0053673	0.000126772	0.046022	0.000133613	0.0372671	0.777086	0.00160552	0.011095	0.000465945	
0.010634	0.00051735	0.000244857	0.000113797	0.0011279	0.0405252	6.05583e-05	5.2443e-05	0.14009	0.0212666	0.0146577	0.0468985	6.46865e-05	0.655427	0.0459099	0.0142548	0.00749116	0.000327325	0.000248167	8.74876e-05	
0.0586154	0.00488897	0.0915233	0.162077	0.0294536	0.0137451	0.031868	0.00937679	0.15972	0.01412	0.0328958	0.0134564	0.013919	0.0560418	0.0222122	0.0495461	0.166054	0.0197221	0.00108734	0.0496773	
0.000187463	0.0414855	0.0110697	0.000401599	0.00191531	0.6374	0.0108954	0.0283193	0.0912445	0.0126795	0.0158202	0.108824	0.00518334	0.0161845	0.00761099	0.000224457	0.00947343	0.000171471	6.77902e-05	0.000842158	
0.000263383	0.0708262	0.000367246	0.000721663	0.000226643	0.000148925	0.00102795	0.0791128	0.00771938	0.463518	0.000794374	0.00151079	0.000318077	0.00132796	0.000321816	0.000340759	0.000826304	0.342613	0.000803876	0.0272111	
0.00136962	0.000118075	0.0088505	0.00295568	0.015866	0.00355971	0.0145622	0.000237714	0.803355	1.56159e-05	0.00108805	0.0281461	6.29209e-06	0.0526183	0.0471585	0.00376189	0.0137311	0.00247356	5.75914e-05	6.86133e-05	
0.0438394	0.000106525	0.0929952	0.472415	0.000534924	0.0068891	1.61248e-05	0.00485543	0.0104287	0.00570692	0.224523	0.0320745	2.36359e-05	0.044078	0.00098835	0.00948263	0.0288612	0.0133407	2.94672e-05	0.00881069	
0.0142663	0.0448872	8.52395e-05	8.4611e-05	5.50317e-05	2.26378e-05	0.000817688	0.20528	0.00261173	0.0176098	9.78061e-05	0.000529749	3.22789e-05	0.00159049	0.000102598	5.28954e-05	6.18524e-05	0.696297	0.00029718	0.015218	
0.0101843	5.29972e-05	0.212925	0.0480297	0.615412	0.0323162	0.000193842	3.26541e-05	0.0175902	0.00667711	0.0044036	0.0284794	0.000983557	0.00251471	0.00137314	4.93935e-05	0.0152207	2.95836e-05	0.00350893	2.29165e-05	
0.0128381	0.0629291	0.474686	0.215754	0.0039219	3.92601e-05	0.000113187	0.153369	0.0143467	0.00774993	0.00973316	0.000255745	0.000137666	0.0112379	0.00792524	0.00674689	0.000489248	0.00747876	0.010175	7.33142e-05	
0.0438394	0.000106525	0.0929952	0.472415	0.000534924	0.0068891	1.61248e-05	0.00485543	0.0104287	0.00570692	0.224523	0.0320745	2.36359e-05	0.044078	0.00098835	0.00948263	0.0288612	0.0133407	2.94672e-05	0.00881069	
0.567817	0.110074	7.33382e-05	0.000107264	0.000323475	2.47432e-05	0.0147753	0.000638076	0.0270801	0.00016025	0.0211204	0.187094	4.55146e-05	0.0325301	0.0117067	0.0134068	5.55053e-05	0.0094263	0.00095543	0.00258571	
0.0353619	0.00175585	0.00730656	0.000223758	8.20275e-05	0.0350921	0.000352062	0.58779	0.000291262	0.0120675	0.0284525	0.00247288	3.60327e-05	0.000722813	4.77248e-05	0.000487186	0.0990147	0.159111	0.00467332	0.024659	
0.000591538	0.0234824	0.0488479	0.0478869	0.000582603	9.77047e-05	0.0178268	0.0568938	0.330943	0.0326626	0.0269886	0.0371564	0.000170273	0.000275575	0.328019	0.00890029	9.39706e-05	0.0382434	0.000120792	0.000216017	
0.464862	0.16029	8.06363e-05	0.0150365	0.000330097	0.000108945	4.36814e-05	0.0358671	0.0260291	0.00481951	0.000219193	0.00789345	0.00299876	0.0265258	2.47442e-05	0.0358855	0.0596722	0.103577	0.00132868	0.0544074	
