0.00786688	0.00311122	0.0002103	0.0113925	0.023386	6.93256e-05	0.000148739	0.000259822	0.792494	0.000346159	0.000377524	0.0248001	2.80544e-05	0.0410604	0.00342265	0.00148528	0.0838794	0.000297373	0.00386878	0.00149529	
0.000322234	0.0241386	0.00145021	0.000594314	0.000104863	9.31569e-05	0.000569413	0.281476	0.00147242	0.579036	0.0357329	0.000300373	0.000130246	0.000815347	0.00010759	0.000115305	0.000248692	0.0508485	0.000276006	0.0221681	
0.0154569	0.0836384	0.000414061	0.000579534	0.00909471	0.00013531	0.0246012	0.172335	0.0106399	0.000140038	0.000503297	0.000944308	0.000567505	0.059958	0.00405614	0.000331571	0.00861627	0.542975	0.053891	0.0111215	
0.0405404	0.00181343	0.153563	0.0439387	0.0620798	0.0313079	0.00018906	0.00338021	0.00334132	0.312367	0.218021	0.123333	5.08349e-05	0.000255526	4.66661e-05	0.000434806	0.00165675	8.48116e-05	0.00264318	0.000952624	
0.00370759	0.301807	0.000420442	0.000704719	0.000114435	0.000108911	0.000676332	0.214197	0.000361765	0.198053	0.0804229	0.000305571	8.25805e-05	0.00124551	5.293e-05	0.0100999	0.00382753	0.171423	0.000908011	0.0114805	
0.000500924	0.0286033	0.000136692	0.579446	0.00102296	2.49757e-05	0.0090692	0.0149681	0.00586761	0.0113524	0.00103371	0.014861	4.54765e-05	0.30593	6.19074e-05	0.00274311	0.0214715	0.000199575	0.00145275	0.00120939	
0.0215293	5.14962e-05	0.000523662	0.00113542	0.0497112	0.0186224	0.025792	0.000136094	0.0479181	0.00170257	0.0350555	0.000182363	9.38693e-05	0.0950844	3.38372e-05	0.701107	7.7484e-05	0.000163151	0.000399839	0.000680653	
0.0450932	0.0262966	0.0534323	0.370833	0.00170142	6.59951e-05	0.00653064	0.0772481	0.012677	0.0330143	0.00806603	0.00652094	6.60039e-05	0.155996	0.000114935	0.000560621	0.120636	0.0601664	0.0207204	0.000260147	
0.10683	0.00899988	0.00790342	0.0555924	0.00106347	2.03793e-05	0.00248981	0.0135101	0.46516	0.0800199	0.0166019	0.0222129	2.73823e-05	0.110331	0.0812652	0.00445841	0.00780464	0.00892776	0.00658549	0.000196352	
0.00947438	0.0283472	0.0330823	0.575291	0.0230023	4.77918e-05	0.000108161	0.000581474	0.167825	0.0779753	0.00451311	0.000153662	0.000118724	0.0508094	9.13992e-05	0.000645879	0.00677472	0.000134327	0.0206603	0.000363352	
0.0230554	0.0180206	0.00502616	0.0114566	0.0215974	0.044919	8.26391e-05	0.000245261	0.000108148	0.0922484	0.0382467	0.628938	0.0301772	0.0371262	0.00942748	0.000196422	0.000187739	0.0151584	0.0236741	0.000108314	
0.0678001	0.000581263	0.0422008	0.00383311	0.000104586	0.000240256	0.000166216	0.0484162	0.127341	0.245757	0.000367828	0.000371125	4.84361e-05	0.0955307	0.339032	0.000332941	0.000265553	0.000138104	0.000894288	0.0265791	
0.00016858	0.118017	0.0109707	0.0756629	0.00334353	0.00659932	0.00426544	0.0002037	0.00024886	0.0104807	0.000505122	0.0229451	4.12941e-05	0.094882	0.000116695	0.00811058	0.605888	0.0304742	0.00488867	0.00218699	
0.000199589	0.00017345	0.000265541	0.000481945	0.0313672	0.497419	0.0247405	0.042908	0.071615	0.131584	0.0350803	0.0126246	0.0114705	0.0732801	3.77889e-05	0.0117835	0.0220982	0.000130782	0.00022294	0.0325167	
0.0128672	0.00281234	0.104591	0.12029	0.00338811	4.04317e-05	0.011426	0.0184447	0.0340797	0.000153335	0.0187632	0.0435079	0.070052	0.033832	1.9669e-05	5.32208e-05	0.0220328	0.0365345	0.464276	0.00283625	
0.00956776	3.41416e-05	6.18104e-05	0.0294604	0.065257	0.00079885	0.109149	0.00749055	0.0554968	0.00147709	0.0970315	3.76748e-05	3.2942e-05	0.0480969	0.013755	0.00255214	0.157405	0.289339	0.0133949	0.099562	
0.00142734	0.018243	0.763022	0.0143668	0.0169468	7.2081e-05	0.000141357	0.00102608	0.000273782	0.0244343	0.0414693	0.0203836	0.0136081	0.0242094	0.00485152	0.000649809	0.000931498	0.00168418	0.052189	6.96816e-05	
0.110824	0.0156056	0.000419275	0.000459294	0.000103552	0.00369519	0.0241507	0.0577044	0.00880316	0.000125989	0.000562963	0.00052558	0.000282663	0.0602975	0.000734572	0.00159402	0.00656291	0.632923	0.0468746	0.027752	
0.00318974	9.2593e-05	0.532574	0.0712937	0.0104124	0.0880441	0.042575	6.23522e-05	0.105801	0.00239148	0.00036578	0.0907603	0.00819271	0.016827	0.00176226	0.0135018	0.0107374	0.00099359	0.000375635	4.66948e-05	
0.0171109	0.0252485	0.0380071	0.0228769	0.000311287	0.00667964	0.000487049	0.000428841	0.0340822	0.526143	0.000242876	0.097614	5.46916e-05	0.000656185	0.000149483	0.000328464	0.208919	0.00659388	0.000170114	0.0138955	
0.0136641	0.000128044	0.000402551	0.0226923	0.00524484	6.50333e-05	0.000279129	0.000128307	0.000433326	0.0084433	0.00389735	0.0303002	0.000177436	0.242142	2.80345e-05	0.303517	0.3447	0.0109768	0.012327	0.000453128	
0.0188428	0.00275862	0.236525	0.612419	0.00187478	0.00268602	4.38878e-05	0.00387656	0.0352513	0.00822194	0.00134309	0.00282948	0.0528707	0.00806392	3.30028e-05	0.00213161	0.00107656	0.0042172	0.00362951	0.00130495	
0.0141597	0.00776665	0.0132295	0.0553688	0.00992489	4.84925e-05	4.75543e-05	0.00345347	0.583011	0.00506864	0.000842652	0.0517304	3.84586e-05	0.198996	0.0113341	0.00268508	0.0283784	0.00299208	0.0107676	0.000156645	
0.0158811	0.00205038	7.52946e-05	0.155095	0.0120413	3.46421e-05	0.0455153	0.248064	0.0347499	0.108556	0.00897982	0.00571212	1.90968e-05	0.0319992	0.0594815	2.2508e-05	0.00121222	0.263065	0.00156512	0.00588027	
0.111994	0.000984472	0.0196766	0.509272	7.34432e-05	0.0216523	0.00311597	0.0300993	0.0902283	0.000806679	0.000550326	0.0517459	1.52165e-05	0.0545207	0.0121617	0.0228319	0.047012	0.0220115	4.24936e-07	0.00124737	
0.000132125	0.0189435	0.00813488	0.575807	0.0125908	8.37258e-05	0.000112377	0.0145029	0.00013832	0.00057278	0.0120946	0.00302537	0.000174384	0.0439006	0.000175964	0.122938	0.167597	0.000162164	0.0182228	0.000690509	
0.670741	0.00291629	0.000520003	0.000384855	0.0104272	0.00762299	0.102698	0.00687417	0.0401178	0.0102152	0.0471035	0.00769104	5.51595e-05	0.0554281	0.000310497	0.00858148	0.00128885	0.00122426	0.0161018	0.00969749	
0.0141028	0.0133408	0.000209969	0.0195147	0.00550142	0.00252932	0.0220004	0.261626	0.257009	0.0583459	0.0308444	0.013568	2.19246e-05	0.0511865	0.0421578	0.00432312	0.0578268	0.136938	0.0029816	0.00597241	
0.0483979	0.0152036	0.00900655	0.104074	0.000356817	0.000699955	0.0316806	0.00121874	0.08579	0.0739258	0.00373281	0.0313777	7.09382e-06	0.46775	0.0838957	0.013939	0.017048	1.33529e-05	0.0118317	5.00665e-05	
0.564883	0.0334165	0.00014074	0.000169698	0.000517506	0.135416	0.0360573	0.00386277	0.0336792	0.00229421	0.0338849	0.00313358	4.53888e-05	0.125195	2.89326e-05	0.0265292	8.04729e-05	6.13169e-05	0.000188404	0.000415927	
0.0494108	0.00011277	0.000153478	0.000102318	0.0401574	0.532006	0.0133762	0.00398271	0.0228198	0.177706	0.0175776	0.00545899	3.56683e-05	0.0759593	1.40142e-05	0.00243474	0.000107646	3.43985e-05	7.60724e-05	0.0584745	
0.0341667	0.000699133	0.00447777	0.157637	0.00268758	9.87506e-06	0.00863603	0.0114253	0.602207	0.0115703	0.00794292	0.022253	6.33319e-06	0.0858167	0.0353345	0.00334001	0.00810037	0.00354032	4.69489e-05	0.000102099	
0.0980941	0.00560153	0.00251716	0.0348918	0.0038079	2.1316e-05	0.00360477	0.063456	0.314438	0.168074	0.0958304	0.0129948	1.13821e-05	0.0897883	0.0502489	0.0138306	0.021185	0.020969	7.0429e-05	0.000564524	
0.0338359	0.0264903	0.0326448	0.0458908	0.00036219	0.0146254	0.000431055	0.182114	0.00178453	0.428072	0.197744	0.00195834	5.90112e-05	0.000400077	8.10807e-05	0.000533456	0.000631383	0.00306162	0.00367667	0.0256041	
0.00742857	0.0418304	5.56915e-05	0.0120569	0.0305977	2.53543e-05	0.0132132	0.0722384	0.571059	0.0312787	0.0121631	0.00311696	2.74454e-05	0.0238266	0.0365024	2.47867e-05	0.00390668	0.105994	0.00217258	0.0324823	
0.0784456	0.000217815	0.234182	0.46348	0.00380133	0.0039075	0.0017893	0.00120859	0.106506	0.00471191	0.0009544	0.0214971	0.00372288	0.0511407	0.00174633	0.00875842	0.00341922	0.00727759	0.00229208	0.000941166	
0.145056	9.75024e-05	0.00685115	0.307884	0.0201892	0.0203831	0.08409	0.000450964	0.15832	0.0210892	0.0348465	0.12731	3.68635e-05	0.0356344	0.0100508	0.0242431	0.000101235	0.00252257	0.000513277	0.000330516	
0.00740007	0.000201944	0.0657725	0.0215885	0.0337512	0.501987	0.030932	0.028093	0.0536432	0.044671	0.0392649	0.149342	0.000237817	0.00833482	5.82336e-05	0.000180489	0.0103015	9.45438e-05	0.000315333	0.00383065	
0.00405854	0.000137193	0.000162096	0.0191969	0.369218	0.000169078	0.0001249	0.0973076	0.0468876	0.0607176	0.0644007	9.72378e-05	0.000200887	0.000737698	0.000149473	7.93251e-05	0.000160443	0.0316496	0.00507457	0.29947	
0.121846	6.03541e-05	0.0999055	0.395929	0.00978436	0.000505383	0.0112735	0.00681064	0.136774	0.0348272	0.00481015	0.012796	1.53388e-05	0.0791286	0.00784207	0.0187778	0.0133612	0.037926	0.00055812	0.00706955	
0.0178161	0.000122381	0.0318941	0.0534515	0.517864	0.0156342	0.00997692	0.0169034	0.00036141	0.000568903	7.30563e-05	0.000141023	0.297996	0.0158514	7.63548e-05	3.72358e-05	0.00013407	3.88159e-05	0.0209861	7.31954e-05	
0.00145117	0.000238135	0.822444	0.0123961	0.0183265	0.0077217	0.00431295	0.000288878	0.0123235	0.00109964	0.000488352	0.0406046	0.000105873	0.0281791	0.000734201	0.0177158	0.0263952	0.00059239	0.00451116	7.07875e-05	
0.00742857	0.0418304	5.56915e-05	0.0120569	0.0305977	2.53543e-05	0.0132132	0.0722384	0.571059	0.0312787	0.0121631	0.00311696	2.74454e-05	0.0238266	0.0365024	2.47867e-05	0.00390668	0.105994	0.00217258	0.0324823	
0.509848	0.00924193	0.000263679	0.000634054	0.0021783	0.00526576	0.0176966	0.00125347	0.0389305	0.107022	0.0468586	0.0228964	9.9143e-05	0.0517275	0.00286218	0.00461105	0.00551508	0.138472	0.0127583	0.0218656	
0.0368642	0.00457142	6.08526e-05	0.0439413	0.15543	0.00115929	0.192587	0.0023555	0.0412088	7.38739e-05	0.0277544	7.0459e-05	8.2783e-05	0.0001465	9.80826e-05	4.70844e-05	0.025788	0.000278952	0.024402	0.443079	
9.40029e-05	0.0335355	0.0188491	0.152984	0.00573029	0.00507979	0.00893051	0.000104918	0.000224167	0.0238729	0.000360822	0.00166814	2.81435e-05	0.0693825	9.08592e-05	0.00471481	0.633553	0.0189711	0.0184533	0.00337237	
0.000429193	0.000699902	0.000566682	0.01762	0.025362	0.000100555	0.000379911	0.0265095	0.0695961	0.157337	0.143018	0.00147695	5.96221e-05	0.000595022	0.00912962	0.000162392	0.0277658	0.515579	0.000322727	0.00328994	
0.0461805	0.0173645	0.0443269	0.00140003	0.000157335	0.182981	9.61106e-05	0.00128622	0.0011605	0.414326	0.00187546	0.108441	3.61013e-05	0.0977296	4.27366e-05	0.0029949	0.0628213	7.43475e-05	0.00193937	0.0147665	
0.000725032	0.00590824	0.000758409	0.0153098	0.0096002	0.00069609	0.000123574	0.0089615	0.683646	0.00239346	0.000435526	0.00772927	0.000183034	0.0303179	0.0604986	0.0501761	0.10402	0.0106399	0.004807	0.00306972	
0.639588	0.000117484	0.00014092	0.00042799	0.00010375	0.000717382	0.17468	0.0219818	0.0462701	0.000149478	0.0349392	0.0246408	1.18607e-05	0.0328635	0.0111126	0.0117811	9.90685e-05	0.000216666	0.000102349	5.61029e-05	
0.00510884	0.0247066	0.00296353	0.000143548	0.00157244	0.00211352	2.29139e-05	0.445032	0.0288329	0.0109533	0.027625	0.103355	2.60229e-05	0.131015	1.75276e-05	0.00138419	0.00246154	0.196868	0.0129129	0.00288501	
0.0210812	0.0088708	0.0359393	0.114489	0.114919	0.0016436	0.108215	0.0210017	0.0969154	0.00109063	0.0115218	0.0151594	9.15404e-06	0.0681055	0.0895523	0.00544362	0.0383915	0.0683915	0.0153234	0.163936	
9.61225e-05	0.032275	0.0194812	0.152384	0.00618445	0.00550168	0.00887728	0.0001027	0.00022253	0.0246905	0.000332665	0.0015569	2.82755e-05	0.0686888	9.14602e-05	0.00459905	0.632497	0.0191123	0.0190284	0.00424943	
0.175232	0.0496546	1.81622e-05	0.0124111	0.00725447	0.00808131	1.30297e-05	0.000122573	0.0084393	0.602915	0.0675118	1.15552e-05	3.87123e-05	0.0118614	2.37078e-05	0.00547655	0.039776	0.000133783	5.46717e-05	0.0109701	
0.0144627	0.034214	0.0351997	0.010888	0.000426565	0.00470785	0.117968	0.00481854	0.0164675	0.000405028	0.00650751	0.527793	0.000231468	0.0638821	0.000696795	0.000269295	0.000296828	0.000272727	0.105465	0.0550267	
0.0142503	0.0463153	0.0163529	0.0145994	0.0527298	0.00925205	0.141022	0.292972	0.000248142	0.187769	0.000975554	0.0849388	7.78538e-05	0.000189512	5.38356e-05	0.0141903	0.0457331	0.0066806	0.000196897	0.0714521	
0.223142	0.0477092	0.000382105	0.00414027	0.000158926	0.00588292	0.000988359	0.318907	0.0041614	0.0282729	0.00173444	0.000166226	7.57607e-05	0.0110654	0.000105542	0.00253602	0.037573	0.297916	0.00486464	0.0102181	
0.0426392	0.018709	0.0382675	0.00570178	0.000130349	0.0214297	0.000262075	0.000182752	0.168012	0.569925	0.0429021	0.0292148	7.2992e-05	0.0377458	0.00111819	0.000160054	0.00231471	8.82474e-05	0.00010279	0.0210207	
0.0460788	0.00665732	0.421967	0.339886	9.92506e-05	0.00767311	0.00738741	4.86024e-05	0.046851	1.2216e-05	0.000360145	0.0133936	0.019197	0.0182808	0.000591118	0.0167966	0.0480545	0.00235703	0.000346609	0.0039627	
0.111994	0.000984472	0.0196766	0.509272	7.34432e-05	0.0216523	0.00311597	0.0300993	0.0902283	0.000806679	0.000550326	0.0517459	1.52165e-05	0.0545207	0.0121617	0.0228319	0.047012	0.0220115	4.24936e-07	0.00124737	
0.0689001	0.086421	0.0149465	0.010543	0.00074116	0.0258078	0.00236719	0.0370749	0.000228727	0.0982256	0.572074	0.000774558	0.000260675	0.00148249	0.000182446	0.034682	0.0175762	0.0087567	0.00052688	0.0184277	
0.00591728	0.00153131	0.628839	0.0431289	0.0209062	0.128728	0.0106383	0.00101703	0.0829516	0.000441529	0.00288699	0.0534093	0.000880062	0.00782282	0.000253759	0.00205435	0.00171884	0.000292695	0.00649551	8.6464e-05	
0.0483979	0.0152036	0.00900655	0.104074	0.000356817	0.000699955	0.0316806	0.00121874	0.08579	0.0739258	0.00373281	0.0313777	7.09382e-06	0.46775	0.0838957	0.013939	0.017048	1.33529e-05	0.0118317	5.00665e-05	
0.0178447	0.0465846	0.0742729	0.0441818	2.45277e-05	0.00228061	0.100084	0.00334589	0.0182497	0.0481626	0.51373	0.0234106	0.00154323	0.0442406	1.8944e-05	0.00825021	0.0243101	0.0143787	0.000513496	0.0145728	
0.0216442	3.80724e-05	0.0458959	0.0285827	0.0410491	0.00236862	0.0216167	0.0195019	0.0918104	0.00019608	0.0315005	0.0504627	0.0279841	0.0455787	3.06959e-05	0.00280612	0.0168616	0.036513	0.479799	0.0357598	
0.00853213	0.0305008	0.00102559	0.00359968	0.00020749	0.000301421	0.000347888	0.60182	0.00287404	0.191436	0.000327398	0.000572903	7.80859e-05	0.00052985	8.47883e-05	0.000331973	0.0206255	0.111731	0.00442249	0.0206511	
0.000692178	0.00297569	0.232884	0.231238	0.0137998	0.00117371	6.25108e-05	0.0029943	0.0179151	4.01989e-05	0.00385147	0.0684681	0.405714	0.00625294	0.000302838	0.00426117	0.00165708	0.00189304	0.0026946	0.00112892	
0.000239679	0.0269672	0.000374748	0.112523	0.000195321	0.000100844	0.00449579	0.121199	0.000201153	0.00404224	0.000537354	0.00113783	0.000928507	0.0251314	0.000180136	0.000408208	0.0276041	0.621478	0.0303693	0.0218863	
0.0210812	0.0088708	0.0359393	0.114489	0.114919	0.0016436	0.108215	0.0210017	0.0969154	0.00109063	0.0115218	0.0151594	9.15404e-06	0.0681055	0.0895523	0.00544362	0.0383915	0.0683915	0.0153234	0.163936	
0.0070217	0.00591296	8.55469e-05	0.0323744	0.000259878	0.00300003	0.0513207	0.00185703	0.633286	0.00351082	0.00738513	0.0843022	2.02652e-05	0.0171468	0.0919194	0.0135698	0.0314819	0.0153368	6.66092e-05	0.000142426	
0.0156484	0.0181203	0.344572	0.0492802	0.00166969	3.94432e-05	0.0904222	0.000647278	0.000302767	0.000465361	0.000557959	0.119117	3.66169e-05	0.00307418	0.000132435	0.210474	0.144689	6.11138e-05	0.000552487	0.000136897	
0.0226742	0.0018528	0.0069651	0.0642313	0.029354	0.000163537	0.0138764	0.000451147	0.119243	0.0113606	0.0274952	0.000568681	0.000199343	0.0809689	0.594682	0.000198518	0.000303047	0.00583928	0.000331216	0.0192421	
0.0909233	0.0277847	0.0730901	0.0356705	0.00797897	0.0237694	0.000112125	0.000123897	0.0232253	0.553853	0.0103642	0.0634521	3.397e-05	0.000611259	6.78571e-05	0.00278592	0.0753916	0.000177929	0.00135074	0.00923275	
0.0543308	0.00017243	0.0274899	0.0495785	0.0664772	9.96818e-05	0.000153318	0.0100608	0.0949413	0.000214953	0.00476215	0.0170489	4.53677e-05	0.000455303	0.498069	0.00025537	0.00304254	0.0688519	0.00017775	0.103772	
0.254437	0.0699223	7.14643e-05	0.0082101	0.00660228	0.0243971	0.511237	0.00150722	0.00119654	9.65921e-05	0.0367778	0.00457159	1.58676e-05	0.000132438	3.9376e-05	0.0529627	0.00141524	0.0106037	0.0157676	3.61056e-05	
0.481136	0.000230496	0.0490658	0.00835766	0.0041763	0.143833	0.00339496	0.00020157	0.0302222	0.000247873	0.142874	0.0864115	6.48223e-05	0.0112426	4.19258e-05	0.0232033	0.00822975	0.0049218	0.000396991	0.00174696	
0.0138552	0.0191725	0.0050721	0.0021787	0.00878636	0.00669509	5.93687e-05	0.00251323	0.000341383	0.000155365	0.00851418	0.0179095	0.000123899	0.409013	3.1726e-05	0.177085	0.278963	0.0188601	0.0234636	0.00720724	
0.0462996	0.0188065	0.0350806	0.00492571	7.49868e-05	0.0192968	0.000265612	0.00019456	0.206338	0.564036	0.0430826	0.00309008	8.15622e-05	0.0310721	0.00137373	0.000102	0.000452196	9.82076e-05	7.5809e-05	0.0252534	
0.00135948	0.0214818	0.139752	0.000695151	0.0243864	0.000448291	7.11772e-05	0.000246965	0.000113445	0.108471	0.0413852	0.556378	0.0297949	0.0450034	0.00850274	0.000139896	0.00019219	0.00092372	0.0205676	8.65476e-05	
0.0577528	0.0122135	0.0228646	0.00025921	0.0809025	0.00149309	0.0133916	0.00066664	0.628928	0.0130569	0.00024661	8.38262e-05	0.00663313	0.000298756	0.00860623	0.00133633	0.000198161	0.0373285	0.0020969	0.111643	
0.505838	0.000282638	0.0392927	0.0377694	4.13982e-06	0.00780948	7.30385e-05	0.0120389	0.144502	0.00276053	1.64528e-05	0.0127277	8.10546e-06	0.129195	0.0145281	0.0609678	0.031679	1.25743e-05	6.47112e-06	0.000488718	
0.0106626	0.0218605	0.0577479	0.687245	0.00503297	6.68945e-05	9.7351e-05	0.00154453	0.0148759	0.000297097	0.0179336	0.000253818	6.96117e-05	0.109863	0.000137627	0.0014795	0.000835529	0.00517858	0.0643707	0.000447434	
0.0378756	0.029048	0.00203543	0.00591861	0.000738797	0.000682238	0.0109581	0.0403047	0.000314349	0.0104892	0.197184	0.000378254	7.65083e-05	0.0582407	0.000120409	9.90707e-05	0.540327	0.0174369	0.0208135	0.0269588	
0.56869	0.00783216	0.000258012	0.000943882	0.000672316	9.95537e-05	0.0190111	0.0180927	0.0184511	0.0380895	0.00120795	0.000975431	5.10053e-05	0.0409381	0.204016	0.00498239	0.018616	0.0424349	0.00459317	0.0100447	
0.121846	6.03541e-05	0.0999055	0.395929	0.00978436	0.000505383	0.0112735	0.00681064	0.136774	0.0348272	0.00481015	0.012796	1.53388e-05	0.0791286	0.00784207	0.0187778	0.0133612	0.037926	0.00055812	0.00706955	
0.0115192	0.00258861	0.002732	0.171399	0.00392385	3.32939e-05	0.00640498	0.00611668	0.652981	0.00325651	0.000533688	0.0238486	1.31533e-05	0.0759508	0.0297553	0.00150694	0.00513233	0.0013362	0.000853839	0.000114439	
0.0366947	0.0044648	6.13783e-05	0.043488	0.154636	0.00162713	0.193882	0.00227754	0.0408238	6.93735e-05	0.0274709	7.13193e-05	8.91762e-05	0.000145371	9.21616e-05	4.91906e-05	0.0256219	0.00026753	0.0239627	0.444206	
0.0187917	0.0022754	0.236759	0.61104	0.0019929	0.00274427	4.26266e-05	0.0041539	0.035404	0.00778267	0.00152698	0.00295008	0.0500835	0.00779058	2.91374e-05	0.00208805	0.00103727	0.00417411	0.00795743	0.00137626	
0.0278435	0.0241343	0.153867	0.668078	0.0296407	7.75661e-05	8.58209e-05	0.000687598	0.0187621	0.000610452	8.31505e-05	8.99753e-05	8.72853e-05	0.0175202	2.96067e-05	0.00037906	0.011847	0.000154371	0.0456924	0.0003302	
0.168522	0.0148341	0.0121374	0.000111656	0.0327975	0.0951579	5.73939e-05	0.000586158	0.0314095	0.00402237	0.00700224	0.000199681	3.40658e-05	0.454216	3.16383e-05	0.10901	0.000443037	0.00574385	0.0188678	0.0448152	
0.000205852	0.00648952	0.00071446	0.000353214	0.129477	0.000111564	0.0266022	0.0135012	0.0806412	9.41698e-05	0.000469022	0.0132273	0.0384243	0.044224	0.056282	0.00364107	0.0107008	0.54687	0.0205505	0.00742094	
0.0383324	0.000829491	0.0001247	0.000365883	0.00594908	0.000206844	0.157742	0.000130641	0.235525	0.081212	0.292552	0.0342486	8.76824e-06	0.109569	0.00984883	8.25975e-05	0.0303813	0.000246138	0.00258476	5.952e-05	
0.0477958	0.00365972	0.000397086	0.037851	0.000209384	0.000449205	0.000832764	0.476271	0.0436147	0.0732389	0.0205418	0.000201085	8.48749e-05	0.106852	5.13077e-05	0.00826378	0.042295	0.125213	0.000813619	0.0113641	
0.021961	5.00619e-05	0.00051361	0.000872544	0.0502284	0.0189403	0.0265822	0.000282241	0.0480745	0.000481882	0.0346119	0.0007864	4.57687e-05	0.0953276	3.84216e-05	0.700365	7.52603e-05	0.00012401	0.000384832	0.000254416	
0.0285231	0.00735025	0.000134411	0.0272372	0.208534	0.00145186	0.00011202	0.000408977	0.135082	0.00128839	0.0184887	0.000134903	0.0457469	0.0523184	0.00292123	8.95145e-05	0.0225307	0.012539	0.0010226	0.434085	
0.0277829	0.00376358	0.648925	0.00320459	0.0329398	0.00805106	7.85691e-05	0.00287754	0.00825787	0.122804	0.0596114	0.0367195	0.000400771	0.0133103	0.000958419	0.000221319	0.0046628	0.000130311	0.0251752	0.000125429	
0.000210733	0.0330999	0.00154695	0.00998676	0.000200971	0.000903233	0.00126889	0.286348	0.000191667	0.0103991	0.0477079	0.000290629	3.46263e-05	0.00672296	6.00798e-05	6.92413e-05	0.24257	0.311821	0.0222623	0.0243052	
0.049569	0.0136507	0.0764283	0.20534	0.00761496	0.00643757	0.00247987	0.054966	0.181025	0.137628	0.0103903	0.00852539	0.124371	0.019539	0.0267983	0.00828869	0.0165115	0.0477286	9.59777e-05	0.00261093	
0.0018447	0.0280675	0.0325366	0.0452684	0.0524177	0.0135767	0.0194558	0.0154633	0.0296734	0.00021551	0.0334383	0.00222468	0.626315	0.000772337	8.26989e-05	0.0001671	0.00625458	0.0423213	0.047573	0.00233129	
0.117181	5.39464e-05	0.0562787	0.111041	0.0189516	6.68798e-05	0.0123675	0.0129799	0.029459	0.0177192	0.0155245	0.0538884	0.362821	0.12468	0.00274926	0.0120755	0.0033071	0.00785769	1.56696e-27	0.0409979	
0.00159136	0.0260244	0.000700838	0.0266442	9.70256e-05	0.000317982	6.98846e-05	0.256566	0.00172371	0.278692	0.333728	0.000476381	3.06863e-05	0.0101828	2.89664e-05	0.000290769	0.000807416	0.0338244	0.00387488	0.0243275	
0.0460788	0.00665732	0.421967	0.339886	9.92506e-05	0.00767311	0.00738741	4.86024e-05	0.046851	1.2216e-05	0.000360145	0.0133936	0.019197	0.0182808	0.000591118	0.0167966	0.0480545	0.00235703	0.000346609	0.0039627	
0.049569	0.0136507	0.0764283	0.20534	0.00761496	0.00643757	0.00247987	0.054966	0.181025	0.137628	0.0103903	0.00852539	0.124371	0.019539	0.0267983	0.00828869	0.0165115	0.0477286	9.59777e-05	0.00261093	
0.0252615	0.000418058	0.517632	0.0905291	0.00427758	0.0745504	0.000175269	0.000173823	0.0146757	0.00286197	0.00574122	0.103498	0.0089008	0.0148834	7.34482e-05	0.0910404	0.0411623	0.000157015	0.00386292	0.000125186	
0.0133841	0.000163843	0.564487	0.00400998	0.026019	0.012726	0.149281	0.000643089	0.000613065	0.000715067	0.0484033	0.0345119	9.51963e-05	0.0240935	2.29842e-05	0.119873	0.000273923	7.01669e-05	0.00046483	0.000149522	
0.0606366	6.7321e-05	0.0419988	0.340008	0.00959673	4.16462e-05	0.00813672	8.79984e-05	0.116566	0.0124646	0.000122048	0.0262646	0.285465	0.0745467	0.0171647	3.86003e-05	0.00658439	3.99789e-05	4.43201e-05	0.000125435	
0.0200674	0.00766147	0.0315171	0.108371	0.149798	0.0022171	0.0974215	0.0178188	0.083157	0.000953326	0.0109466	0.0159171	7.12396e-06	0.0576942	0.0877541	0.00506777	0.0348398	0.0586601	0.020537	0.189593	
0.00519591	0.00435298	0.0759854	0.197053	0.0322971	0.0522884	0.184672	0.00257546	0.0348525	0.00519383	0.0592999	0.0900399	0.000850751	0.0362261	0.0206438	0.0298894	0.00182082	0.000445922	0.0139756	0.152341	
0.117181	5.39464e-05	0.0562787	0.111041	0.0189516	6.68798e-05	0.0123675	0.0129799	0.029459	0.0177192	0.0155245	0.0538884	0.362821	0.12468	0.00274926	0.0120755	0.0033071	0.00785769	1.56696e-27	0.0409979	
0.0472418	0.021446	0.0397338	0.0222549	0.142257	0.0873995	0.0579032	0.0137269	0.112685	0.0822759	0.0409597	0.162795	1.2277e-05	0.0079523	0.0638614	0.0261771	0.0297183	0.0187606	0.00625472	0.0165833	
0.0472418	0.021446	0.0397338	0.0222549	0.142257	0.0873995	0.0579032	0.0137269	0.112685	0.0822759	0.0409597	0.162795	1.2277e-05	0.0079523	0.0638614	0.0261771	0.0297183	0.0187606	0.00625472	0.0165833	
0.000193512	0.0217789	0.691442	0.0285264	0.0245261	9.44764e-05	0.015278	0.00639358	0.000743027	0.0161181	0.038828	0.0137279	0.00024385	0.0252335	0.000592205	0.0872946	0.00695977	0.000162224	0.0217707	9.33574e-05	
0.0524254	0.0566793	0.0145962	0.0794984	0.0168137	2.08266e-05	0.0117961	0.165217	0.0296837	0.0060727	0.0250236	0.0235764	0.194871	0.00719343	0.113184	0.00374947	0.021308	0.1184	0.000111588	0.0597799	
0.0244196	0.000285959	0.0394314	0.0103856	0.0257777	0.000127245	0.000227117	0.0169767	0.0500283	0.000301134	0.0450179	0.00699353	0.00549088	0.0363209	0.580304	0.00670164	0.0011716	0.103304	0.019269	0.027466	
0.0306268	6.41742e-05	0.000118295	0.0418091	0.0153717	0.0226767	0.000112018	0.00729192	0.151344	0.000475697	0.0173148	9.09784e-05	0.0155866	0.0343276	0.0413272	0.000102874	0.0126105	0.000909369	0.0142616	0.593578	
0.287008	0.032124	0.0130872	0.0176721	0.000103606	0.0123836	0.0143715	0.000241057	0.325564	0.00433984	0.000550569	0.0297792	4.18573e-05	0.173347	0.067347	0.00790686	0.0036492	0.00978173	0.000154565	0.000547526	
0.00318974	9.2593e-05	0.532574	0.0712937	0.0104124	0.0880441	0.042575	6.23522e-05	0.105801	0.00239148	0.00036578	0.0907603	0.00819271	0.016827	0.00176226	0.0135018	0.0107374	0.00099359	0.000375635	4.66948e-05	
0.049569	0.0136507	0.0764283	0.20534	0.00761496	0.00643757	0.00247987	0.054966	0.181025	0.137628	0.0103903	0.00852539	0.124371	0.019539	0.0267983	0.00828869	0.0165115	0.0477286	9.59777e-05	0.00261093	
0.0708386	0.0295103	0.217536	0.21988	0.00694841	0.034057	0.0253906	0.00821336	0.120164	0.0105171	0.000175239	0.040268	0.0711836	0.0445865	0.0152565	0.0607751	0.0137221	0.0108919	5.65531e-05	3.0593e-05	
0.0708386	0.0295103	0.217536	0.21988	0.00694841	0.034057	0.0253906	0.00821336	0.120164	0.0105171	0.000175239	0.040268	0.0711836	0.0445865	0.0152565	0.0607751	0.0137221	0.0108919	5.65531e-05	3.0593e-05	
0.0708386	0.0295103	0.217536	0.21988	0.00694841	0.034057	0.0253906	0.00821336	0.120164	0.0105171	0.000175239	0.040268	0.0711836	0.0445865	0.0152565	0.0607751	0.0137221	0.0108919	5.65531e-05	3.0593e-05	
0.000198187	0.00726792	0.0561661	0.0443199	0.243745	0.0125489	0.000286138	0.0135004	0.0141957	0.000276827	0.0161177	0.0552079	0.458882	0.000636716	4.35333e-05	0.000162374	0.000152281	0.0262722	0.0256814	0.0243381	
0.0472418	0.021446	0.0397338	0.0222549	0.142257	0.0873995	0.0579032	0.0137269	0.112685	0.0822759	0.0409597	0.162795	1.2277e-05	0.0079523	0.0638614	0.0261771	0.0297183	0.0187606	0.00625472	0.0165833	
0.0617667	0.0690616	0.0010618	0.00394752	0.107613	0.0709575	0.0268541	0.000548966	0.000548402	0.000320026	0.000541109	0.0174647	0.00770225	0.0245091	0.000117256	0.0556811	0.538989	0.000798472	0.000309022	0.0112083	
0.0084984	0.423296	0.00599543	0.0108023	0.000132471	0.000167848	0.177551	0.0026578	0.0344196	0.000337988	0.0421601	0.0207001	3.74617e-05	0.0426631	0.000168085	0.228695	0.000101585	0.00148648	3.66173e-05	9.31886e-05	
0.0638613	0.0186184	0.000168252	0.0693843	0.0336625	9.22182e-05	0.00382701	0.00317996	0.628067	0.012868	0.00084088	0.000111082	6.98684e-05	0.0182903	0.0069164	0.000182178	0.00013274	0.000251472	0.0107839	0.128692	
0.0145257	0.0252079	0.273902	0.0979045	6.49618e-05	0.000244516	0.00120655	0.0165882	0.0438015	0.170109	0.0644035	0.0259197	0.000102776	0.0775222	8.13976e-05	0.00362641	0.126206	0.0461515	3.6475e-05	0.0123959	
0.000125477	0.0284163	0.00201885	0.0565604	0.0145833	0.0136008	0.000624464	8.87014e-05	0.00018434	0.134107	0.000353937	0.0424145	3.40554e-05	0.0435093	9.14221e-05	0.000638657	0.623288	0.0213871	0.0168639	0.0011096	
0.0158811	0.00205038	7.52946e-05	0.155095	0.0120413	3.46421e-05	0.0455153	0.248064	0.0347499	0.108556	0.00897982	0.00571212	1.90968e-05	0.0319992	0.0594815	2.2508e-05	0.00121222	0.263065	0.00156512	0.00588027	
0.251512	0.00204066	0.158963	0.404079	0.00815904	0.00830747	0.000709885	0.000788755	0.056653	0.00155836	0.00242861	0.0237578	0.000144979	0.0121227	0.0102918	0.00919567	0.00104318	0.0425585	0.00525958	0.000425663	
0.0378045	0.000589669	0.000321407	0.000396505	0.291076	8.36573e-05	0.00128036	0.042449	0.000492789	0.0384204	0.166321	0.00079603	0.000105744	0.00365457	0.00010791	0.00141323	0.131442	0.279256	0.00343847	0.000551299	
0.0112699	0.0260909	0.00122083	0.0255635	0.000216044	0.000400555	0.000300248	0.126159	0.00928561	0.310367	0.370847	0.000871141	6.79028e-05	0.00101658	6.45291e-05	0.000317231	0.00572648	0.0707746	0.0132468	0.0261943	
0.00070904	0.00237166	0.238876	0.236784	0.0145952	0.00114968	4.04627e-05	0.00478519	0.0208249	3.95781e-05	0.00519545	0.0486858	0.406164	0.00658361	0.000321528	0.00427641	0.00146679	0.00242184	0.0031111	0.00159801	
0.00994908	0.0233942	0.00957048	0.107853	0.166216	0.000119398	0.00095482	0.0109648	0.00694449	0.0160121	0.000242349	0.000149525	3.77104e-05	0.000395854	3.19781e-05	8.13759e-05	0.000382659	0.0041227	0.000704506	0.641873	
0.0275408	6.70434e-05	0.000611085	0.0240803	0.37923	0.03063	0.000298674	9.08823e-05	0.254761	4.69867e-05	0.0322096	0.000321013	0.0110521	0.0284079	0.0317416	0.000170401	0.0163789	0.000103876	0.026169	0.136089	
0.00519591	0.00435298	0.0759854	0.197053	0.0322971	0.0522884	0.184672	0.00257546	0.0348525	0.00519383	0.0592999	0.0900399	0.000850751	0.0362261	0.0206438	0.0298894	0.00182082	0.000445922	0.0139756	0.152341	
0.0417445	0.0341497	0.278477	0.257714	0.00668398	0.0345919	0.0168968	0.00471817	0.0960757	0.00564309	0.0010921	0.0581952	0.0372978	0.0342773	0.00853861	0.0662241	0.00982947	0.00769822	0.000103988	4.75952e-05	
0.0210812	0.0088708	0.0359393	0.114489	0.114919	0.0016436	0.108215	0.0210017	0.0969154	0.00109063	0.0115218	0.0151594	9.15404e-06	0.0681055	0.0895523	0.00544362	0.0383915	0.0683915	0.0153234	0.163936	
0.0311211	0.0290963	0.021806	0.0695476	0.000199537	0.0123103	0.00894887	0.724745	0.00139306	0.0218655	0.00711877	0.000254238	0.0031144	0.0275091	0.000310283	0.000229633	0.000218861	0.00399632	0.0121136	0.0241016	
0.36397	0.0177269	0.000333066	0.00781317	0.0724538	5.25278e-05	8.6253e-05	0.0279858	0.178531	0.031589	0.0354262	0.000878401	3.18024e-05	0.016638	0.00644155	0.0229035	0.0120827	0.193106	0.000157504	0.0117938	
0.0192222	0.0267951	0.0103811	0.0297824	0.0353231	0.00128519	0.0109995	0.010958	0.196755	0.000145636	0.023905	0.00152157	0.558158	0.015716	6.2239e-05	0.000143611	0.00116686	0.00297182	0.0523813	0.00232579	
0.215415	0.000202292	0.208509	0.173376	0.000280504	0.00138336	0.0252301	0.000293894	0.0169006	0.00235201	0.00513603	0.0390423	1.56886e-05	0.171706	0.0212121	0.0703259	0.0290679	0.0149117	0.0001332	0.00450641	
0.000291235	0.0251202	0.000348083	0.00265084	0.00012259	0.000123709	0.00016133	0.382244	0.000699708	0.27138	0.233628	0.000564357	6.49567e-05	0.0040823	0.000187772	0.000265926	0.000694863	0.0509002	0.000993256	0.0254764	
0.0980941	0.00560153	0.00251716	0.0348918	0.0038079	2.1316e-05	0.00360477	0.063456	0.314438	0.168074	0.0958304	0.0129948	1.13821e-05	0.0897883	0.0502489	0.0138306	0.021185	0.020969	7.0429e-05	0.000564524	
0.220811	0.000201188	0.20787	0.167631	0.000182159	0.00123416	0.0249925	0.000102109	0.0151707	0.00202822	0.00521573	0.0397657	1.619e-05	0.170311	0.0215606	0.0735502	0.0298615	0.0145085	0.000145885	0.00484089	
0.0222048	0.00906702	0.0143875	0.019347	0.00656751	0.613965	0.00628603	0.0148502	0.0106034	0.120806	0.0351894	0.106486	0.000692999	0.00571466	0.0055309	0.000180328	0.00326831	0.000145991	0.000178192	0.00452949	
0.000126286	0.000278249	0.0900571	0.106661	0.0387946	0.00520904	0.0165433	0.000312218	0.570031	0.000144149	0.000973005	0.028764	3.73089e-05	0.0848659	0.0354996	0.00891544	0.0119576	9.01826e-05	0.000674298	6.53637e-05	
0.000113041	0.0275295	0.0508631	0.0306232	0.000629398	0.000178418	0.000197976	0.000137243	0.253783	0.000203117	0.000452948	0.0941892	0.00630514	0.135876	0.133317	0.0218215	0.236795	0.00620031	0.000368663	0.000416702	
0.0054073	0.0269826	0.000347051	0.000900695	0.000277261	0.000111484	0.00171983	0.144054	0.00669518	0.0570622	0.0243169	0.0015383	0.0325117	0.0105027	0.00057624	0.00124378	0.0157019	0.636986	0.0104804	0.0225851	
0.000970736	0.000438422	0.00146516	0.00321821	0.0463495	0.000159387	0.000290834	0.16769	0.000644704	0.598978	0.0835564	0.000836531	7.0802e-05	0.000308163	0.00526679	8.51775e-05	0.000292696	0.0310918	6.61296e-05	0.058221	
0.0013896	0.030212	0.00158287	0.0054951	0.000175163	0.000584179	0.00190687	0.672208	0.000988794	0.00660971	0.000842936	0.000209605	0.00106747	0.0348012	0.000194448	0.000192377	0.000180551	0.198162	0.0141674	0.0290296	
0.442558	0.0178584	0.000270272	0.000355363	0.00035254	0.010299	0.0352825	0.000320961	0.00646193	0.00021917	0.00181857	0.000987217	9.22473e-05	0.0608836	7.87011e-05	0.119613	0.0657591	0.235466	0.000333025	0.000991218	
0.583599	0.00439977	0.000103245	0.000347534	0.00970911	0.000452908	0.135114	0.0219881	0.058576	0.0416482	0.0385984	0.0226137	2.27112e-05	0.0349426	0.022997	0.00727891	0.000111794	0.000142558	0.00329917	0.0140547	
0.000186124	0.000365221	0.0380466	0.222787	0.000379146	0.00512737	0.0201109	0.00192655	0.00110846	0.000340373	0.00146556	0.00219368	3.86002e-05	0.087873	0.000374746	0.543595	0.0479638	0.0256577	0.000145576	0.000314734	
0.00575288	0.0130674	0.0398095	0.0580366	0.000493534	0.0728704	0.000891633	0.213412	0.007047	0.527391	0.0191167	0.00594149	7.65743e-05	0.00123891	0.000146872	0.00570849	0.015246	0.000175284	9.34884e-05	0.013484	
0.565167	0.0325859	0.000159141	0.000171199	0.000540999	0.134548	0.0343055	0.0040153	0.0345857	0.0021841	0.0348836	0.00360552	4.79496e-05	0.125996	2.90463e-05	0.0264257	8.23161e-05	6.60438e-05	0.000195485	0.000405618	
0.000721113	0.0230859	0.00201382	0.00207456	0.000113372	0.000360887	0.000393295	0.28548	0.000484404	0.575975	0.0460576	0.000177463	0.00012563	0.000761536	9.2635e-05	0.000103048	0.00011747	0.0373018	0.000776826	0.0237839	
0.0130639	0.0274583	0.000248834	0.000445559	0.000188911	7.39795e-05	0.00526739	0.280957	0.00311417	0.027215	0.0715716	0.00479423	0.00115105	0.0181951	0.000349387	0.00404051	0.00661019	0.510256	0.00135153	0.0236478	
0.00266142	0.0120233	0.0166095	0.000272454	0.121365	0.0240091	0.0014676	5.57191e-05	0.610696	0.00012234	0.0520427	0.000101601	0.000179164	0.0119836	5.06158e-05	0.000507143	0.0028566	0.000298608	0.051973	0.0907251	
0.0432579	0.000115358	0.000127378	0.0215275	0.0245162	0.0147246	0.384829	0.0431725	0.0193614	0.00412809	0.0166216	0.000140764	0.000106079	0.00528661	0.000111621	0.000148231	0.0283744	0.0438148	0.0204562	0.32918	
0.0208	0.00299822	0.0396834	0.0290064	0.0310112	0.00862546	0.00525929	0.103624	0.00846847	0.719603	0.000786583	0.00992547	0.000613409	0.00302456	0.000475162	0.000168041	0.00340868	0.00889741	0.000338006	0.00328335	
0.000839887	0.000361119	0.485018	0.170729	0.0447258	0.00190705	2.47822e-05	0.00255569	0.0267638	0.000587849	0.000569709	0.0217881	0.21713	0.00685972	0.00171221	0.0100589	0.000633088	5.99299e-05	0.00592612	0.00174972	
0.0241436	0.0190017	0.189857	0.0534586	0.000275477	0.119554	0.0375891	0.000211572	0.0436827	0.00163818	0.000414722	0.422898	2.03612e-05	0.066532	0.00398481	0.0052043	0.00617598	3.54391e-05	9.10101e-05	0.00523157	
0.000590234	0.0255423	0.00162207	0.0216363	0.000136061	0.000486317	0.000886407	0.467696	0.00033987	0.100036	0.275051	0.000305431	0.000135315	0.00164271	0.00268129	0.000128463	0.00469946	0.0680825	0.00200072	0.0263008	
0.0190272	0.000487766	0.0948853	0.00366693	0.000501749	0.00782846	0.000843476	0.00330321	0.00386016	0.000206296	0.0031113	0.072861	0.07408	0.00103676	0.000123649	0.644403	0.0679204	0.00110637	0.000321785	0.000425319	
0.000839887	0.000361119	0.485018	0.170729	0.0447258	0.00190705	2.47822e-05	0.00255569	0.0267638	0.000587849	0.000569709	0.0217881	0.21713	0.00685972	0.00171221	0.0100589	0.000633088	5.99299e-05	0.00592612	0.00174972	
0.0617786	0.00117093	0.304975	0.434423	0.00248147	0.00523267	0.00124582	9.53979e-05	0.0886508	0.000110845	0.000355539	0.0224146	0.00767301	0.0409742	0.000623496	0.00920004	0.00974379	0.00188969	0.00648115	0.000479937	
0.058118	0.00513735	0.469323	0.295312	0.000464116	0.00919859	0.00199868	0.000143883	0.0392069	0.000210566	0.00054643	0.0112605	0.00581121	0.053543	0.000214427	0.00493202	0.0208713	0.0146873	0.00818226	0.000838834	
0.00355268	0.0252266	0.00372583	0.0174968	0.000125922	0.0012514	0.00752728	0.769527	0.000897927	0.00790548	0.00288838	0.000266871	0.0014008	0.0186679	0.000299581	0.000197995	0.00017158	0.0953086	0.0181956	0.0253653	
0.119056	0.0139041	0.000395343	0.00125643	0.00646647	0.000121035	0.000223523	0.0389396	0.000326982	0.0573503	0.488219	9.61602e-05	0.0172888	0.00149702	4.16262e-05	0.0114712	0.0700157	0.171159	0.00130812	0.000862717	
0.0205555	0.00026803	0.0643416	0.28092	0.00140767	0.237123	0.00502457	0.00136847	0.142241	0.00604762	0.00147311	0.163265	3.70723e-05	0.0389234	0.000639699	0.0358977	0.00015173	8.85193e-05	0.00017064	5.54414e-05	
0.000434702	0.0188116	0.000927845	0.000880211	0.0327353	0.000222686	0.000647075	0.0773551	0.00296157	0.497361	0.0300706	0.00164363	0.000207887	0.00167079	8.61128e-05	0.000161843	0.0406635	0.159775	0.000188967	0.133195	
0.000368982	0.00184469	0.0303533	0.185687	0.025252	0.000148644	8.51462e-05	0.000157874	0.000151916	0.0585266	0.034918	0.582284	0.0370003	0.00202068	0.000271964	0.00614844	0.00538654	0.000348759	0.0288961	0.000148927	
0.00273947	0.029076	0.0168996	0.00996325	0.000233152	0.00213465	0.00265226	0.716996	0.000615845	0.10567	0.0416591	0.000762053	0.000257894	0.00227765	0.000120214	0.000271025	0.013239	0.0214449	0.00527585	0.0277127	
0.0294611	0.026678	0.00437273	0.0107887	0.0348392	0.00112423	0.000601647	0.0261922	0.0598654	0.000317301	0.0388472	0.0500344	0.587219	0.00114274	0.000105355	0.00116994	0.000205552	0.0382885	0.0379142	0.0508321	
0.000166277	0.0219901	0.000285036	0.047851	0.0173824	0.0149984	0.00011072	8.49552e-05	0.000141609	0.163065	0.000636989	0.066797	3.4127e-05	0.038262	0.00018395	4.88342e-05	0.587299	0.0222898	0.0181791	0.000193528	
0.0496108	0.00011245	0.00014944	0.000102179	0.0398186	0.533141	0.0135938	0.00390135	0.0218357	0.178397	0.017278	0.00541301	3.58006e-05	0.0779321	1.40309e-05	0.00246791	0.000107396	3.47026e-05	7.23785e-05	0.0559827	
0.0524254	0.0566793	0.0145962	0.0794984	0.0168137	2.08266e-05	0.0117961	0.165217	0.0296837	0.0060727	0.0250236	0.0235764	0.194871	0.00719343	0.113184	0.00374947	0.021308	0.1184	0.000111588	0.0597799	
0.000971836	0.000438402	0.00146516	0.00321988	0.0463756	0.000159444	0.000291419	0.167602	0.000644288	0.598945	0.083574	0.000836525	7.0802e-05	0.000308213	0.00527246	8.51775e-05	0.000290402	0.0310922	6.58903e-05	0.0582914	
0.0081206	0.00303982	0.000449472	0.0227033	0.0375496	0.000126347	0.00401516	0.0865634	0.00233291	0.0388775	0.0975474	0.00516053	0.000191314	0.00275396	0.0245606	0.0387695	0.000659536	0.620466	0.00340347	0.00270967	
0.0357213	4.97442e-05	9.33428e-05	0.0460268	0.0300156	0.023369	0.000117883	0.0174974	0.111269	0.000716893	0.0129271	8.58828e-05	0.0145085	0.0405658	0.0463412	7.88887e-05	0.00992351	0.000218832	0.0128799	0.597594	
0.00136842	0.0233954	0.0873561	0.685572	0.00892116	7.44998e-05	0.000113531	0.00354534	0.0185478	0.00269	0.00369476	0.00960132	0.0852968	0.00338103	0.0149395	0.00377211	0.0282749	0.00379322	0.0152792	0.000382862	
0.0149727	0.00235492	0.0376784	0.0241399	0.276753	0.0064283	0.000420924	0.0266705	0.0418698	0.545886	0.000351164	0.00696939	7.93103e-05	0.000526703	0.000119077	0.000426004	0.00499996	0.00650489	0.000523358	0.00232598	
0.00145117	0.000238135	0.822444	0.0123961	0.0183265	0.0077217	0.00431295	0.000288878	0.0123235	0.00109964	0.000488352	0.0406046	0.000105873	0.0281791	0.000734201	0.0177158	0.0263952	0.00059239	0.00451116	7.07875e-05	
0.0616839	0.00115536	0.303472	0.433673	0.00248147	0.00520732	0.0012182	0.00010164	0.0885889	0.000110923	0.000386211	0.0224431	0.00760886	0.0408262	0.000621255	0.00914584	0.0095715	0.0018685	0.00936308	0.000472998	
0.0241436	0.0190017	0.189857	0.0534586	0.000275477	0.119554	0.0375891	0.000211572	0.0436827	0.00163818	0.000414722	0.422898	2.03612e-05	0.066532	0.00398481	0.0052043	0.00617598	3.54391e-05	9.10101e-05	0.00523157	
0.0579819	0.00141088	0.0519214	0.00443219	0.104758	0.00796735	0.000982069	0.0271146	0.011379	0.287484	0.32895	0.0390647	0.000371287	0.000799652	4.77611e-05	0.000145853	0.000112824	8.206e-05	0.0738187	0.00117577	
0.0070217	0.00591296	8.55469e-05	0.0323744	0.000259878	0.00300003	0.0513207	0.00185703	0.633286	0.00351082	0.00738513	0.0843022	2.02652e-05	0.0171468	0.0919194	0.0135698	0.0314819	0.0153368	6.66092e-05	0.000142426	
