0.138752	0.0157826	0.111082	0.0398818	0.0661174	0.0115917	0.0265354	0.0441136	0.0280998	0.0346163	0.0675209	0.0603875	0.019982	0.101506	0.0159501	0.0385414	0.045861	0.0355995	0.0510471	0.0470323	
0.0275808	0.0209925	0.0703549	0.0310905	0.0561626	0.0162596	0.0249593	0.0499402	0.0423018	0.0239564	0.0466166	0.0551188	0.0193446	0.0826899	0.0265137	0.0400401	0.0462357	0.234395	0.0516379	0.033809	
0.0535268	0.0203423	0.0693753	0.0459706	0.0649629	0.0265145	0.0164854	0.0455444	0.0671915	0.0238384	0.0560833	0.0434022	0.0129341	0.208575	0.0116595	0.0359803	0.0496877	0.0441025	0.0510144	0.052809	
0.021185	0.0950607	0.100802	0.0545796	0.0122478	0.0399238	0.0122131	0.0500431	0.0279014	0.346576	0.0395179	0.0487442	0.000673151	0.00524998	0.0021765	0.0289355	0.0460882	0.0185062	0.029181	0.020395	
0.0209011	0.0267344	0.0853219	0.0342463	0.0653971	0.00930669	0.00648664	0.0452179	0.0170188	0.011358	0.0320915	0.0432685	0.00729937	0.339016	0.00321057	0.0462047	0.0523808	0.0686478	0.0502656	0.0356261	
0.200797	0.00755669	0.00391491	0.0872061	0.0517656	0.00450662	0.0115072	0.0420095	0.00300027	0.0186988	0.10052	0.0345748	0.0104063	0.169474	0.00532739	0.0139002	0.013919	0.00428263	0.0388617	0.177772	
0.005554	0.00229746	0.12562	0.0564363	0.0052101	0.017435	0.024231	0.0541937	0.0411481	0.0244623	0.0573785	0.0507482	0.000988909	0.092766	0.0192845	0.317253	0.00514029	0.0497903	0.0441633	0.00589832	
0.00398044	0.00392197	0.13642	0.00522752	0.0383549	0.367065	0.0494893	0.0362931	0.029714	0.0475446	0.0662067	0.0656226	0.0100282	0.0563041	0.00246461	0.00757034	0.0380709	0.00334223	0.00593758	0.0264418	
0.00419124	0.00393553	0.136008	0.00527261	0.0383581	0.366138	0.0488578	0.0360964	0.0298188	0.0477787	0.0663555	0.0663869	0.0100866	0.0560612	0.00244134	0.00719531	0.0382213	0.00337778	0.00666128	0.0267575	
0.00753274	0.00347512	0.124535	0.0129875	0.0385052	0.337833	0.056747	0.0344827	0.0323082	0.0460397	0.0646438	0.0772171	0.011019	0.0570069	0.00414371	0.00613055	0.0410308	0.00551455	0.0115831	0.0272641	
0.0362105	0.00754288	0.090824	0.0663321	0.00808705	0.0359411	0.0362833	0.050977	0.0594361	0.108085	0.00806814	0.0762938	0.00784592	0.0693065	0.0248305	0.145271	0.0610345	0.0390567	0.0509512	0.0176224	
0.0191599	0.0188696	0.0752187	0.0122154	0.04562	0.020334	0.028311	0.0381533	0.0429673	0.00609462	0.0263303	0.0685408	0.0271608	0.0772248	0.0261723	0.0442121	0.0465308	0.296272	0.0506342	0.0299783	
0.0607957	0.0135959	0.066365	0.0505843	0.0683647	0.0184567	0.0218471	0.0400664	0.0159391	0.0205137	0.056661	0.0452051	0.0467254	0.246761	0.0059707	0.0235842	0.0466493	0.0434527	0.0365625	0.0718993	
0.0867606	0.0269928	0.0206724	0.0534753	0.0490681	0.00342148	0.0414335	0.0755728	0.0394872	0.0301196	0.0621109	0.0465224	0.111997	0.103533	0.00871572	0.0147481	0.0959239	0.0202317	0.0518326	0.0573803	
0.00410406	0.00375655	0.136064	0.00530605	0.0386153	0.366643	0.048717	0.0364497	0.029814	0.0477766	0.0670153	0.0664002	0.00993449	0.0561712	0.00243108	0.00738417	0.0375259	0.00334095	0.00586116	0.026689	
0.018769	0.00590643	0.124931	0.0839618	0.0440999	0.164684	0.0310525	0.0427249	0.0373612	0.0436651	0.0649051	0.103687	0.0209237	0.0703752	0.00377168	0.0383305	0.0472758	0.012258	0.0158594	0.0254578	
0.00574078	0.00201967	0.125134	0.0555045	0.00490161	0.0168921	0.024026	0.0547741	0.0412759	0.0310709	0.0566032	0.0498717	0.000999999	0.0901853	0.0199022	0.317726	0.00527957	0.0479714	0.0443322	0.00578911	
0.0216007	0.0935963	0.100089	0.0563895	0.0117601	0.0334781	0.0125219	0.0501448	0.0280742	0.344494	0.0465942	0.0488632	0.000653435	0.00480466	0.00213427	0.0278357	0.0436246	0.021915	0.0299349	0.021491	
0.0683068	0.0175162	0.0717033	0.0377186	0.0542301	0.000926821	0.0329116	0.00692578	0.115308	0.0397593	0.0552521	0.084473	0.0156373	0.0728183	0.0590549	0.00185636	0.129204	0.0589466	0.0463852	0.031066	
0.0230552	0.0963057	0.103162	0.0566008	0.00650311	0.0295249	0.00669793	0.0545535	0.0294237	0.3354	0.0496005	0.0461377	0.000761946	0.0119621	0.00200437	0.0300086	0.0438864	0.0196693	0.0304334	0.0243085	
0.0597403	0.00233612	0.0860456	0.058859	0.0047725	0.0388502	0.0384709	0.0548402	0.0600013	0.059031	0.0444953	0.0906843	0.00292795	0.0773106	0.0427421	0.135758	0.0312895	0.0559378	0.0507545	0.00515327	
0.0259712	0.310222	0.0981894	0.044818	0.00622373	0.0026939	0.0201807	0.0511111	0.0281969	0.12556	0.0553075	0.0470959	0.00987578	0.0602814	0.00119001	0.00165762	0.0535685	0.0506279	0.00538072	0.00184806	
0.0204222	0.0136408	0.122184	0.0548904	0.10061	0.00359801	0.0247877	0.0285457	0.0240026	0.0247902	0.0651751	0.0656166	0.000722294	0.0939691	0.0161191	0.0313938	0.0682684	0.15344	0.0614141	0.0264096	
0.0600999	0.00463691	0.0181286	0.0699529	0.110605	0.00190601	0.0182125	0.0885531	0.0365272	0.024927	0.0778182	0.0157161	0.00181115	0.0937032	0.0231166	0.0153101	0.0281581	0.0698756	0.103604	0.137338	
0.0251011	0.00195243	0.0806552	0.0989184	0.0121355	0.0324312	0.0258807	0.0427574	0.0446806	0.0329803	0.0611339	0.0785569	0.0334735	0.118056	0.0250066	0.102728	0.0507473	0.0801145	0.0472067	0.00548366	
0.0283729	0.0119365	0.0585805	0.0681168	0.0398094	0.135212	0.0407321	0.0467128	0.0377078	0.0522706	0.057812	0.0656995	0.0163619	0.0728852	0.0160518	0.041141	0.0917254	0.0454031	0.0449996	0.0284687	
0.0201706	0.000325658	0.0743312	0.0758332	0.13428	0.0124607	0.00164675	0.0942284	0.024001	0.0667375	0.105658	0.0572324	0.0303457	0.0769601	0.00402191	0.00807486	0.0446396	0.112565	0.0447497	0.0117382	
0.0256022	0.010161	0.0710728	0.0525965	0.09108	0.0555281	0.0261966	0.0507836	0.0887567	0.0310266	0.0759494	0.01393	0.00776359	0.0607682	0.118446	0.0226329	0.0180014	0.0455539	0.0515029	0.0826472	
0.106161	0.00211982	0.0898112	0.0589767	0.0224013	0.0749561	0.0311251	0.0389175	0.0764433	0.017102	0.0442851	0.0371417	0.00404511	0.117436	0.0175075	0.052082	0.0893394	0.0190467	0.0720489	0.0290536	
0.0854375	0.00403705	0.0680273	0.0898937	0.0620187	0.0400864	0.0169281	0.0129908	0.0700467	0.0434776	0.122601	0.072397	0.0241197	0.0782183	0.0209189	0.029488	0.0413665	0.0497596	0.0568833	0.0113036	
0.0646401	0.00122126	0.121624	0.111974	0.0802365	0.0175887	0.0296452	0.0244353	0.0278441	0.0870312	0.0543794	0.0255007	0.0158787	0.102281	0.0214075	0.0117011	0.0376567	0.0684488	0.0313153	0.0651908	
0.0656631	0.0104935	0.0358254	0.0498939	0.0233336	0.0508314	0.0351441	0.0208473	0.0346421	0.1063	0.0636524	0.0279891	0.0104361	0.0638096	0.0452388	0.0275166	0.0645837	0.14328	0.0734582	0.0470617	
0.000979643	0.0297659	0.0485941	0.045357	0.0931969	0.00714885	0.103094	0.0111367	0.0502374	0.0273704	0.125018	0.112481	0.00176528	0.059272	0.052058	0.00657533	0.0176175	0.019336	0.157594	0.0314017	
0.110433	0.0101919	0.0523452	0.0444189	0.104592	0.0208373	0.0256122	0.0727688	0.0160567	0.0166636	0.146347	0.036475	0.0148517	0.0889371	0.00317288	0.0425481	0.00635265	0.0435686	0.067149	0.0766792	
0.211323	0.00348462	0.00255852	0.0721133	0.0539821	0.00645912	0.00847559	0.0425728	0.00777803	0.0178441	0.106404	0.0342611	0.00444092	0.15316	0.00285409	0.00710875	0.00465037	0.00564612	0.0376665	0.217218	
0.0436658	0.00195268	0.0463059	0.0570255	0.101867	0.00375755	0.0206263	0.0568633	0.0289367	0.0136337	0.0757765	0.0323805	0.0158977	0.093374	0.00158638	0.00904976	0.042763	0.0602242	0.224445	0.0698676	
0.057873	0.00219728	0.0154877	0.0586754	0.133462	0.00491058	0.0162184	0.0709877	0.0377415	0.0138096	0.0841387	0.00914217	0.00604652	0.0949843	0.0357641	0.0135369	0.0304345	0.0689075	0.118594	0.127088	
0.0347673	0.00377511	0.0434594	0.0362843	0.0791899	0.00692523	0.00913868	0.0660747	0.0650324	0.0214046	0.0769373	0.0321347	0.013071	0.0335577	0.235961	0.0181265	0.040207	0.0811354	0.0476042	0.0552135	
0.0940759	0.00742119	0.0518456	0.0512524	0.0681119	0.0158145	0.0123734	0.0367194	0.0369266	0.00938046	0.0606258	0.0427116	0.00727158	0.245324	0.0107959	0.0301282	0.0523161	0.036795	0.0468756	0.0832351	
0.0403052	0.00546303	0.0326623	0.0400291	0.156618	0.00996072	0.01223	0.0813806	0.0592678	0.0328463	0.0775807	0.0252195	0.0165424	0.0622627	0.128471	0.0160365	0.0180979	0.0665646	0.0490598	0.0694016	
0.0541618	0.0218624	0.0733446	0.0506641	0.0615394	0.026744	0.0316652	0.0492524	0.0448738	0.00634108	0.0623954	0.0574216	0.179567	0.0466973	0.00375436	0.0255498	0.0197971	0.0985004	0.0542274	0.0316405	
0.00464705	0.00371033	0.13435	0.00683961	0.0390394	0.360868	0.0495062	0.0361274	0.0302938	0.0486316	0.0665802	0.0682823	0.0105032	0.0567269	0.00277927	0.00757384	0.0373343	0.00347943	0.00612472	0.026603	
0.0687207	0.0129885	0.0849512	0.0271369	0.0535309	0.0373033	0.0308937	0.0400694	0.178895	0.0425385	0.0113819	0.0987829	0.0150145	0.0819695	0.0229277	0.0373178	0.0374165	0.0473737	0.0485193	0.0222681	
0.0444808	0.00999811	0.0815968	0.120628	0.0495098	0.1145	0.0225863	0.0373327	0.0365338	0.0116533	0.0771749	0.0915786	0.0313247	0.0823566	0.0248535	0.0442462	0.0468351	0.0156224	0.0354256	0.0217626	
0.0358172	0.00993244	0.0465621	0.0355596	0.0861618	0.00624052	0.004637	0.0955632	0.0627165	0.0325296	0.0775645	0.0261401	0.0138023	0.0366653	0.210651	0.0300005	0.0272263	0.0558705	0.0458954	0.0604638	
0.0107006	0.0259124	0.0629062	0.278581	0.0531271	0.0105037	0.0285207	0.0390767	0.0170692	0.0503642	0.0655275	0.0853771	0.0143025	0.0588877	0.0151263	0.0380503	0.0380667	0.0247371	0.0531916	0.0299713	
0.191182	0.00646356	0.0206143	0.0593704	0.0747924	0.00930507	0.0159688	0.0517082	0.0184145	0.0105298	0.0785736	0.0379518	0.0101756	0.161587	0.00861602	0.00507111	0.0144275	0.00921787	0.041781	0.174249	
0.00899968	0.0357689	0.0211387	0.0254261	0.0238876	0.00520272	0.0268994	0.114923	0.032308	0.0750753	0.0676453	0.0441316	0.0137511	0.0794389	0.0299605	0.0382637	0.0427264	0.233044	0.0470718	0.0343372	
0.173489	0.00703764	0.0727274	0.0243146	0.0325094	0.0877547	0.0348695	0.0841309	0.0530349	0.0349067	0.0616163	0.0456417	0.00127999	0.0903529	0.0156892	0.0473975	0.0125257	0.0406373	0.0583956	0.0216889	
0.00540739	0.117241	0.0292119	0.0545365	0.11049	0.020647	0.0632611	0.0722253	0.0477064	0.0469226	0.0647703	0.0267908	0.00238913	0.104881	0.0318911	0.0922461	0.00569999	0.0319045	0.0319947	0.0397837	
0.0688298	0.00749364	0.0624843	0.0565783	0.00779411	0.0550331	0.0410249	0.149627	0.0954223	0.0791009	0.0344945	0.0260885	0.00208619	0.093173	0.0260682	0.0334623	0.00698562	0.0611999	0.0785012	0.0145525	
0.0620557	0.00254269	0.0510764	0.0870554	0.0407399	0.0149755	0.0347115	0.0362057	0.0707884	0.0338906	0.0533906	0.0287357	0.0118012	0.100779	0.0241538	0.0368256	0.124512	0.0270486	0.0878669	0.0708454	
0.0607712	0.000545181	0.114208	0.112365	0.10705	0.00513145	0.0466912	0.00988643	0.0355708	0.0479046	0.0361078	0.0223248	0.0187277	0.15814	0.00638214	0.00221733	0.0286931	0.0589742	0.00432263	0.123987	
0.0606074	0.000465706	0.115277	0.114265	0.10707	0.00494791	0.0467807	0.00943713	0.0350746	0.0496022	0.0354884	0.0222088	0.0187667	0.156761	0.00610963	0.00207057	0.0274479	0.0579962	0.00520989	0.124414	
0.028285	0.00122389	0.0534827	0.0501639	0.0540391	0.0164827	0.0188321	0.0526209	0.11561	0.0615297	0.0491961	0.0544715	0.0129193	0.113672	0.0203486	0.0427786	0.133463	0.0157205	0.0613815	0.0437792	
0.0312957	0.0012517	0.0565071	0.0630688	0.0516667	0.0145626	0.0212028	0.0464519	0.115977	0.039237	0.0448175	0.0357772	0.00830911	0.114875	0.0189809	0.0475736	0.166151	0.00745023	0.0654936	0.0493497	
0.0652501	0.00039878	0.102794	0.103413	0.107848	0.00432113	0.0432847	0.0109144	0.0366077	0.0540975	0.038265	0.018802	0.0207232	0.158641	0.0060352	0.00186412	0.0277441	0.0533159	0.00926521	0.136415	
0.00780967	0.00893332	0.0799992	0.0924032	0.0665361	0.0689857	0.0251441	0.0755545	0.0521041	0.127585	0.045822	0.0545522	0.0362476	0.0656949	0.0132749	0.0230104	0.0484022	0.0369903	0.0421792	0.0287708	
0.0534533	0.000575244	0.0587167	0.0805542	0.00572044	0.0345962	0.0222294	0.0413454	0.0311636	0.10479	0.0966564	0.0191356	0.00951001	0.0495472	0.0640366	0.0301594	0.0953235	0.122437	0.0777443	0.0023056	
0.0857925	0.00198998	0.0105133	0.0566546	0.075128	0.00900267	0.0107155	0.0741287	0.0303853	0.0223802	0.0691884	0.0107213	0.0108062	0.116104	0.0244185	0.00827154	0.0373422	0.0407347	0.0660481	0.239674	
0.01896	0.0164178	0.0570497	0.0744555	0.03761	0.0883138	0.0877503	0.0713058	0.0463855	0.0770829	0.0552977	0.046359	0.000993214	0.0705424	0.031304	0.0484541	0.0322518	0.0569221	0.0520121	0.0305322	
0.0420467	0.00458247	0.0859195	0.0637997	0.0469114	0.019956	0.0149903	0.0393443	0.105775	0.0326602	0.0446573	0.0279737	0.010455	0.119344	0.0235844	0.071235	0.122525	0.00703664	0.0639596	0.0532429	
0.0908446	0.00161053	0.0891467	0.0490597	0.168817	0.0218163	0.0331903	0.0386851	0.0433041	0.0224882	0.0681463	0.0776337	0.0097143	0.0792891	0.0264109	0.072263	0.0146618	0.0465666	0.0426964	0.00365563	
0.0683466	0.0161757	0.0630825	0.0107111	0.0636452	0.00586479	0.0278133	0.0468971	0.0387793	0.0509646	0.0631705	0.0582532	0.0134829	0.0694478	0.03815	0.0335311	0.0472844	0.19094	0.0544679	0.0389918	
0.0423348	0.0188709	0.060092	0.0791765	0.0445946	0.0257231	0.033756	0.064684	0.160957	0.0755154	0.0140336	0.0183778	0.00877535	0.0741379	0.0712462	0.0611558	0.00961128	0.046997	0.0556899	0.0342709	
0.00438973	0.00349642	0.140541	0.00778081	0.0391152	0.358976	0.049864	0.0358602	0.0296997	0.0489894	0.0659487	0.067758	0.0102231	0.0564747	0.00254221	0.00482466	0.0368906	0.00340097	0.00703928	0.0261849	
0.0343528	0.00848791	0.0446005	0.0395759	0.0846946	0.00981099	0.0140502	0.0697815	0.0625645	0.0197799	0.0786486	0.0321694	0.0127969	0.0196173	0.236249	0.0254843	0.0325601	0.0709899	0.0494826	0.054303	
0.0645496	0.00437797	0.0741818	0.0527165	0.249982	0.021457	0.0244034	0.0130781	0.0458259	0.00647989	0.0658585	0.0618609	0.0230707	0.0880038	0.0266727	0.0189475	0.0381216	0.0591771	0.0553718	0.00586343	
0.0521026	0.004208	0.0623618	0.0653698	0.0414443	0.02195	0.0223147	0.0252295	0.0750987	0.0362419	0.049636	0.0309325	0.00180401	0.102991	0.022718	0.0512032	0.1815	0.0367239	0.0712717	0.0448989	
0.046852	0.0165179	0.0536304	0.0368784	0.0281123	0.0172441	0.0281419	0.241537	0.0428497	0.0692242	0.0767128	0.0110444	0.00805818	0.0698076	0.0633179	0.019012	0.0113123	0.0624087	0.0514231	0.0459148	
0.0347612	0.00159575	0.0904761	0.0639571	0.00882787	0.0687932	0.0435987	0.046204	0.0535868	0.0574572	0.0418862	0.118338	0.00155857	0.0766121	0.0247421	0.118598	0.0467258	0.0519528	0.0455281	0.00479979	
0.0253436	0.0137173	0.0522423	0.0302687	0.0776951	0.0165552	0.0294837	0.0215361	0.125119	0.0299582	0.104057	0.0471642	0.00724847	0.0659655	0.126789	0.0175376	0.0158107	0.0492743	0.0716469	0.0725871	
0.00861984	0.0116108	0.215167	0.0488852	0.033096	0.00340879	0.0174893	0.076654	0.0393736	0.0452148	0.0560352	0.0411548	0.0119878	0.0892948	0.0196648	0.165294	0.0287361	0.0371384	0.0463277	0.00484702	
0.0483355	0.00707934	0.0494439	0.0518634	0.0675442	0.0526737	0.0171335	0.0172572	0.0812716	0.0300843	0.120258	0.087648	0.0440507	0.0813133	0.0339289	0.0309302	0.0341347	0.0760498	0.0628233	0.00617639	
0.0747324	0.00676682	0.0582142	0.0555486	0.0653158	0.0248521	0.0213686	0.0524468	0.0682598	0.0832153	0.0762472	0.0415236	0.0114866	0.0643882	0.0783349	0.0307609	0.0292461	0.0592192	0.0564077	0.0416652	
0.0632735	0.0108888	0.0751648	0.076751	0.0333392	0.0425136	0.0365839	0.0729384	0.128869	0.0914558	0.0127005	0.0318498	0.00918853	0.0599607	0.0350718	0.0387344	0.0143277	0.0613031	0.074662	0.0304234	
0.0401795	0.00961539	0.04711	0.047901	0.0668635	0.0466402	0.025754	0.00877761	0.0878477	0.0253045	0.125681	0.0972215	0.0255207	0.094572	0.0403658	0.0265939	0.0425281	0.0490899	0.0874571	0.00497625	
0.0191169	0.0282545	0.0629776	0.0427112	0.0765862	0.0110791	0.0152065	0.0849751	0.00487069	0.0617209	0.145355	0.0431021	0.00750563	0.081424	0.00161188	0.00779646	0.0380966	0.184783	0.0520573	0.0307694	
0.0508054	0.0131101	0.0560187	0.011342	0.0427575	0.00419088	0.0255445	0.200201	0.0345265	0.0814253	0.0808402	0.0287727	0.00839753	0.048633	0.123796	0.0274587	0.020806	0.045386	0.0456796	0.0503078	
0.061295	0.00270763	0.0411108	0.0716426	0.0590992	0.0154537	0.0116677	0.0442202	0.0640781	0.0219545	0.0510969	0.0178813	0.0111187	0.104782	0.0182063	0.0418313	0.179183	0.0305456	0.0928564	0.0592692	
0.0214923	0.0968031	0.101109	0.0573939	0.0104105	0.0365515	0.0117167	0.0506328	0.0282578	0.346489	0.0411806	0.0494023	0.000619249	0.00449081	0.00183318	0.0281114	0.0441158	0.0194003	0.0289762	0.021013	
0.0522946	0.0155289	0.0476496	0.0882247	0.0819651	0.0123744	0.0169865	0.077951	0.0384966	0.0192276	0.0742916	0.0277395	0.00255679	0.137553	0.00192848	0.0367508	0.0358077	0.0676669	0.0826415	0.0823647	
0.0659837	0.0196612	0.0690431	0.0620953	0.0423845	0.0590956	0.0328875	0.00769193	0.00613608	0.0447474	0.27019	0.0574144	0.00969895	0.0842081	0.00507178	0.0331802	0.00553157	0.00921173	0.0450537	0.0707135	
0.037223	0.00510374	0.149299	0.0556096	0.0646306	0.0157401	0.027085	0.00778828	0.0139454	0.0277935	0.0484687	0.191357	0.0165273	0.0863164	0.0112494	0.0646609	0.0360686	0.0933102	0.0450527	0.00277085	
0.0583435	0.000828933	0.149049	0.0504048	0.0670818	0.00498894	0.0467609	0.0136553	0.0207632	0.0322291	0.057214	0.180505	0.0129994	0.0792533	0.0117776	0.076371	0.0191118	0.0687616	0.0430597	0.00684061	
0.0222018	0.092884	0.10149	0.0546626	0.0132403	0.0334193	0.0115307	0.0488506	0.0283162	0.335572	0.0595644	0.0489481	0.000694254	0.00507519	0.00214782	0.0275459	0.0411847	0.021698	0.0286501	0.0223244	
0.0514015	0.00593981	0.0750104	0.0448077	0.0468422	0.0195655	0.0228797	0.0386897	0.141947	0.0399644	0.0394488	0.0444297	0.0105924	0.108766	0.0279909	0.0532721	0.106914	0.0226019	0.0601299	0.0388056	
0.0254477	0.0125106	0.110287	0.0619684	0.0451433	0.0362317	0.00961027	0.044441	0.0428471	0.00304785	0.0608623	0.0618328	0.0897622	0.115467	0.00252904	0.0416084	0.0993893	0.0617155	0.0483671	0.0269323	
0.00807029	0.0337641	0.116194	0.225271	0.0472334	0.018413	0.0280162	0.0419777	0.0073347	0.0919132	0.0670348	0.101512	0.0115548	0.0176615	0.0122108	0.041439	0.0360794	0.0199115	0.0514663	0.0229426	
0.0137475	0.0578103	0.372767	0.00907137	0.0408584	0.00289474	0.00711598	0.0520234	0.0393416	0.0707816	0.0620875	0.00981966	0.0130279	0.0693907	0.0215069	0.0440427	0.0490894	0.0143065	0.0424623	0.00785436	
0.0190539	0.0527021	0.0827568	0.0484193	0.0479929	0.0518951	0.0272477	0.0398692	0.0131912	0.0542466	0.0119077	0.0488104	0.00357807	0.0910161	0.00454845	0.0083781	0.264653	0.0469064	0.0475088	0.0353185	
0.223612	0.00550679	0.00601064	0.0685704	0.0531974	0.0151878	0.012766	0.0430686	0.0142497	0.0216056	0.102347	0.0368624	0.00210933	0.142645	0.00676886	0.0105272	0.00349384	0.00684267	0.0392926	0.185337	
0.0266829	0.0114982	0.0249565	0.0414081	0.0413269	0.00766942	0.0190287	0.0647624	0.0386412	0.0422581	0.124038	0.0284205	0.0114028	0.0494682	0.164528	0.0512405	0.0434895	0.106842	0.0575846	0.0447536	
0.108004	0.00497228	0.0087302	0.0554736	0.0269109	0.0118469	0.00485182	0.0542563	0.0234316	0.0365024	0.085543	0.0142132	0.00956595	0.113958	0.0211275	0.00726774	0.0276443	0.0336721	0.0427685	0.30926	
0.0523013	0.00245647	0.0187084	0.0545119	0.114837	0.00810538	0.008561	0.0801423	0.0469827	0.0179647	0.0725043	0.00699888	0.010428	0.084062	0.0432091	0.0295341	0.0789088	0.0550417	0.111991	0.102751	
0.0261089	0.310784	0.0984974	0.0446395	0.00619846	0.00262533	0.0202481	0.0505503	0.0282891	0.126134	0.0549819	0.0469473	0.00988454	0.0597421	0.00122152	0.00167104	0.0536371	0.0506333	0.00532679	0.00187965	
