Likelihood Function's Current Value = -97385.3686133982
aux_1=0.3230676811425426
aux_2=0.3054129482770047
aux_3=0.4431858102979807
k=12.12146648130562
time=0.002429950582461861
