Likelihood Function's Current Value = -254110.566188956
aux_1=0.2090146470467452
aux_2=0.3975692366100965
aux_3=0.6199782445507817
k=1.340446014125833
time=0.2005391544599983
