Likelihood Function's Current Value = -500969.492223599
aux_1=0.2276406569378726
aux_2=0.3678627394781798
aux_3=0.5721097583182216
k=1.31055508015966
time=0.3217440781132549
