Likelihood Function's Current Value = -172590.466704696
aux_1=0.2611579985629598
aux_2=0.3367872183238682
aux_3=0.4909346116781999
k=1.457587284081135
time=0.1903175978608285
