Likelihood Function's Current Value = -368815.540439023
aux_1=0.2119415113076593
aux_2=0.3649791646484491
aux_3=0.6104488447004773
k=1.355725130791244
time=0.2470790710265664
