Likelihood Function's Current Value = -132721.34970511
aux_1=0.2760897347317237
aux_2=0.3157064189013105
aux_3=0.5161774082164026
k=1.428104644225296
time=0.238929415798043
