Likelihood Function's Current Value = -165289.50020975
aux_1=0.2393396176333523
aux_2=0.3553844711606671
aux_3=0.5761591170469964
k=1.366061678919062
time=0.2350552119674881
