Likelihood Function's Current Value = -302899.399804433
aux_1=0.2763977034922042
aux_2=0.3318555984717381
aux_3=0.5145110513290619
k=1.444495443323101
time=0.284433001349167
