Likelihood Function's Current Value = -213376.644130766
aux_1=0.2236066428103252
aux_2=0.3608281963009404
aux_3=0.5845533045318334
k=1.495287222534133
time=0.2172454496286814
