0.0795817	0.00177885	0.110569	0.0831725	1.87796e-05	0.066254	0.00294529	0.004042	0.350107	0.00209331	0.00540397	0.157855	0.00872209	0.0291566	0.00699816	0.0475654	0.0355412	0.00810441	4.14989e-05	4.97918e-05	
0.00147999	0.00257285	0.0010152	0.0186132	0.0064899	0.000317488	0.00115435	0.00587033	0.671518	0.000323274	0.0964992	6.33237e-05	0.0154761	0.079164	0.0423166	0.0123249	0.0118984	0.00860085	0.00462531	0.0196768	
0.0099978	0.0294507	0.103865	0.603447	0.0244565	1.59785e-05	0.00935995	0.0170457	0.0221661	1.05862e-05	0.0193872	9.00698e-05	0.0134604	0.0992643	7.20516e-06	7.61028e-06	9.00125e-06	3.64088e-05	0.0478322	8.9847e-05	
0.0164651	0.0516011	1.28979e-05	2.48016e-05	4.04252e-05	5.69286e-06	0.0182351	0.02773	0.000271062	0.0162894	0.781634	0.000132545	0.00150362	0.016049	0.00664168	0.00181423	0.00874479	0.0489302	0.002572	0.00130181	
0.011439	0.000170601	0.000971826	0.00629202	0.0190985	0.025075	0.0136416	0.00612233	0.0873513	0.00014547	0.00425442	0.132158	0.00352257	0.00109125	0.673945	0.00350865	0.00106807	0.00389251	0.000538818	0.00571278	
0.000250765	0.0228322	0.000203212	0.000287211	4.90357e-05	7.35639e-05	0.00535315	0.798131	0.0118409	0.0151495	0.00151838	9.0986e-05	7.27967e-05	0.00172038	0.000144039	5.23473e-05	0.0134894	0.0921145	0.0104737	0.0261529	
0.00090711	0.0336538	0.00966225	0.00139506	0.000254283	0.000837981	0.000694914	0.0452738	0.00373119	0.650231	0.104943	0.015872	0.0123191	0.000465392	0.000140375	0.000296604	0.00143976	0.0932389	0.00148128	0.0231621	
0.000192642	0.00752875	0.00763324	0.00119264	0.000123925	0.000671177	0.018964	0.0809807	0.000120985	0.00237529	0.805584	0.000516271	9.82626e-05	0.0228453	7.98534e-05	0.00289908	0.00624328	0.0275787	0.000562017	0.0138096	
0.000179161	0.0271013	0.000270828	0.000277358	8.85341e-05	0.000117289	0.000296602	0.129378	0.000777695	0.238387	0.000300512	0.000336149	8.26207e-05	0.000622633	7.02033e-05	0.000124838	0.00023289	0.581491	0.000298966	0.0195663	
0.506114	0.0166066	0.027671	0.0204249	0.00112124	0.123252	0.00252221	0.00225126	0.00228337	0.00105263	0.0275598	0.225619	4.60116e-05	0.00957729	0.000151967	0.0274225	0.000136928	0.00569257	0.000242015	0.000252733	
0.648709	0.0621908	0.000162097	0.000199956	0.000184217	1.45861e-05	0.0257156	0.00166701	0.0378581	0.00015118	0.0015988	0.00651293	2.07621e-05	0.0560512	0.108583	0.0340253	2.04157e-05	0.0156841	0.000201348	0.000449764	
0.00109263	0.000229531	0.0437851	0.0206712	0.000786652	0.00414266	0.0202004	5.29911e-05	0.000126819	0.00241615	0.000319575	7.28089e-05	0.000418963	0.0764232	4.32102e-05	0.012052	0.787148	0.0179929	0.0114116	0.000613091	
0.00255202	0.00339778	0.0210297	0.0160058	0.00888607	0.00133888	0.0235963	7.83466e-05	0.000209214	0.013291	0.000628778	0.000126453	0.000107965	0.0918161	6.93396e-05	0.00899134	0.737439	0.0151306	0.016346	0.0389596	
0.00136559	0.0305222	0.00204438	0.0114525	9.78013e-05	0.00184148	0.00124321	0.803857	0.00279759	0.0264042	0.00911434	0.000147274	0.000171782	0.00907283	0.00016922	0.000127051	0.0173462	0.0423203	0.01414	0.0257648	
0.0620911	0.0274155	0.0566855	0.0355405	9.07041e-05	0.0705226	0.00172758	0.0184123	0.00998319	0.685604	0.00359928	0.00756276	0.000183626	0.000650703	0.00013734	0.000178949	0.00198782	0.000567475	0.000507528	0.0165511	
0.00892387	7.98167e-05	0.0114029	0.00140317	0.0147743	0.001697	9.08286e-05	0.000133378	0.0217941	3.64627e-05	0.0356361	7.8089e-05	0.0676741	0.15144	0.0579844	6.25091e-05	0.0135069	0.000210573	0.015281	0.59779	
0.0351802	0.00836418	0.000220454	8.24954e-05	0.0178138	0.000150586	0.0164555	8.4539e-05	0.774075	0.00042692	0.000356486	0.0184499	0.000133388	0.0252446	0.0710115	8.97866e-05	6.7955e-05	0.0304914	0.00112282	0.000178135	
0.000165582	0.00126286	0.000437137	0.000410363	0.0465523	9.23325e-05	0.000210365	0.0461603	0.0123652	0.761177	0.000372495	0.00135398	4.74189e-05	0.000338408	8.46282e-05	0.000184824	0.000859549	0.092724	0.0346385	0.000562747	
0.0540057	0.0188328	0.0027519	0.000104265	0.0228104	0.0574725	0.108376	0.00018944	0.477083	0.000451725	0.022759	6.74427e-05	0.000299377	0.187259	0.00257693	0.0100091	0.000104505	0.0128727	0.019535	0.00243894	
0.00701731	0.0255334	0.000717736	0.000317494	0.0162665	0.00010899	0.00109553	0.0736371	0.000374173	0.462273	0.256174	0.00177842	7.48602e-05	0.0525883	6.00898e-05	0.0168549	0.00104906	0.0838163	6.25421e-05	0.00019977	
0.000152094	0.000160509	0.0792088	0.0228233	0.0230535	0.57466	0.000508508	0.00501243	0.00143488	0.0281762	0.0550211	0.0747365	0.0122648	0.108049	0.000781645	0.00823142	0.00479769	0.000156981	0.000266163	0.000504351	
0.0104624	0.0178736	0.0508059	0.646532	0.00869076	2.10267e-05	7.37904e-05	0.000368419	0.0173349	7.4121e-05	0.00810687	0.0341666	2.4985e-05	0.0923282	3.61729e-05	0.000113163	0.0188752	0.00174829	0.0921442	0.000219348	
0.00809873	8.3861e-05	0.026025	0.000121124	0.0317	0.00175271	0.0231937	0.252916	0.0333426	0.0297902	0.0144336	4.23256e-05	0.00745777	0.00712052	0.00403518	0.0104433	0.182524	0.366411	0.000424957	8.30308e-05	
0.000446085	0.0283056	0.000829011	0.000214062	4.10301e-05	0.000141506	0.00234683	0.101076	0.0148645	0.00790815	0.114151	5.52561e-05	0.000583953	0.0615596	0.00551162	4.10534e-05	4.50309e-05	0.633417	0.00457906	0.023884	
0.00269334	6.22896e-05	0.11943	0.182339	1.67401e-05	1.14833e-05	0.0162278	0.011919	0.0481828	0.00542342	0.00225577	0.0287336	1.21518e-05	0.102455	0.0102934	0.0578592	0.395215	0.0166721	0.000166713	3.11542e-05	
0.000206558	0.00130984	0.0580895	0.0268451	0.0046422	0.0798757	0.0238204	0.000127555	0.000402843	0.0110678	0.00082724	0.000161923	0.00330185	0.0378538	0.000217027	0.019516	0.681789	0.0293435	0.0159859	0.00461614	
9.14359e-05	0.0268192	0.000199711	0.000162513	5.38257e-05	7.66012e-05	0.0292504	0.77196	0.0132894	0.013327	0.00110228	9.82436e-05	5.87885e-05	0.00168152	5.90328e-05	5.62494e-05	0.0141139	0.0906358	0.0094021	0.0275615	
0.000140487	0.0174828	0.0397465	0.00321526	0.022064	0.0086733	0.000172498	0.111567	0.00674059	8.97842e-05	0.0377868	0.0229137	0.543543	0.0220728	0.00511136	0.000102175	0.000118094	0.0408899	0.0120803	0.10549	
0.00101441	0.000235354	0.0448095	0.0209692	0.00123681	0.00441967	0.0211608	5.32481e-05	0.000121076	0.00234414	0.000276989	7.56473e-05	0.000488599	0.0758111	4.24437e-05	0.0124609	0.78186	0.0191116	0.0114611	0.00204729	
0.0247974	0.02455	0.000789264	0.00264873	9.21869e-05	0.000228367	0.0962865	0.65719	0.0012377	0.017721	0.000277773	0.000138084	0.00039059	0.0052938	0.00837683	0.00015519	0.000223941	0.12698	0.0156742	0.0169481	
0.000137893	0.000164412	0.000181518	0.000172585	0.0369007	0.561584	0.0243955	0.00701356	0.0576374	0.0136632	0.0453579	0.0100123	0.00691135	0.0372968	0.00358717	0.00749285	0.017527	0.00016032	0.00017638	0.169628	
0.0413716	9.84594e-05	0.0957108	0.045323	0.634674	0.0663357	0.0118784	0.00567339	0.0154419	0.0038249	0.0295175	0.00439145	0.00355295	0.0366545	0.00194718	8.04471e-05	0.00118625	7.54888e-05	0.00219852	6.30627e-05	
0.0333814	0.0159141	6.24986e-05	0.0458113	0.0691559	0.0600901	0.00341976	6.99217e-05	6.62021e-05	0.0440383	0.0590732	0.581332	0.00349621	0.00778566	0.0213123	7.172e-05	0.000863312	0.0367074	0.0172807	6.76312e-05	
0.000137231	0.0385156	0.00017847	0.000184681	0.000146297	6.84191e-05	0.0538856	0.000137139	0.0333668	0.00450954	0.000368513	0.188106	0.00105012	0.027967	0.00415973	0.0109723	0.0533353	0.550022	0.013632	0.0192564	
0.000144292	0.0105426	3.85806e-05	0.614536	0.141334	7.05435e-05	0.00738061	0.0129041	0.00477998	0.0344642	0.00743821	0.00058096	0.0058711	0.000999135	0.001843	0.0104904	0.00292235	0.000470709	0.0586068	0.084583	
0.0100437	0.00928884	0.00983773	0.0192603	0.00100925	0.000197814	0.0234851	0.0127488	0.0190879	0.000658408	0.017283	0.000117676	8.28616e-05	0.194372	2.79093e-05	0.0602054	0.583866	0.0335074	0.00349601	0.0014241	
0.000293279	0.00112716	0.000264086	0.000702467	0.0441001	0.000125447	0.0044607	0.0686836	0.00294878	0.0497726	0.000439385	0.00172216	0.00051765	0.0020185	0.000240971	0.000286404	0.00087253	0.8158	0.00473667	0.000887849	
0.00269334	6.22896e-05	0.11943	0.182339	1.67401e-05	1.14833e-05	0.0162278	0.011919	0.0481828	0.00542342	0.00225577	0.0287336	1.21518e-05	0.102455	0.0102934	0.0578592	0.395215	0.0166721	0.000166713	3.11542e-05	
0.0161911	6.48739e-05	6.31522e-05	0.0524584	0.0393237	0.134981	0.0209602	0.000759565	0.0320219	0.00563471	0.0342292	7.73899e-05	0.000616335	0.0015236	0.00199799	0.00273266	0.029219	0.000803453	0.0114734	0.614868	
0.0345441	0.00659952	0.000307322	7.62055e-05	0.0197062	0.000124364	0.0102562	9.13758e-05	0.784891	0.000338809	0.000484613	0.0196342	0.000159346	0.0280852	0.0597758	8.11838e-05	5.54401e-05	0.0323024	0.00193589	0.000551087	
0.036439	0.0203654	0.000100167	0.000486239	0.038103	0.054043	0.000113116	6.53496e-05	0.0197891	0.148334	0.00508763	0.59941	0.00852121	0.00128588	0.000487294	0.000115689	9.83431e-05	0.0564825	0.0105841	8.92159e-05	
0.00178023	0.00337356	0.00107348	0.000181187	0.0280669	8.79933e-05	0.000330049	0.606889	0.000729792	0.182683	0.000485349	0.000858333	5.78763e-05	0.000336114	6.81491e-05	0.000128733	0.00705571	0.159026	0.00313224	0.00365638	
0.0103427	0.0983914	0.0656027	0.0611007	3.38936e-05	1.04224e-05	0.00238541	0.00010377	0.267442	0.00145752	0.000803444	0.0729624	6.15515e-06	0.127971	0.0162537	0.180528	0.0944895	5.55404e-05	4.06053e-05	1.91917e-05	
0.0644855	8.18684e-05	0.044482	0.0346756	0.553728	0.0696511	0.000681795	5.54352e-05	0.0126877	0.017899	0.0324806	0.158795	8.63094e-05	0.000905577	8.36181e-05	7.39965e-05	0.00752678	6.7752e-05	0.00150191	5.07231e-05	
7.39881e-05	0.0078684	0.000336161	0.0161169	0.015578	0.0068526	0.0136836	0.000102449	0.000129774	0.00100133	0.000297468	0.254028	3.37534e-05	0.304318	0.00032215	0.00333316	0.312864	0.053125	0.00963141	0.000304319	
0.0621023	0.0242941	0.000171491	0.00026203	0.000199019	5.5989e-05	0.0204266	0.054328	0.00132039	0.0102671	0.0949013	0.00142268	0.000173591	0.0099958	0.000289172	0.0173852	0.00018836	0.653329	0.0178141	0.0310739	
0.000182337	0.0259338	0.000296084	0.000249467	4.53343e-05	0.00010846	0.000424946	0.138896	0.000424893	0.216974	0.000269346	0.000292875	5.19777e-05	0.000495966	6.36832e-05	9.48883e-05	0.000167249	0.594485	0.000319242	0.0202238	
0.000118485	0.00154987	0.000106668	0.000205664	0.0983271	0.447414	0.0153548	0.0185311	0.0270555	0.125944	0.0576403	0.121242	0.00824174	0.0201191	0.000117292	0.000256432	0.0146503	0.000103818	0.000357987	0.0426637	
0.0442538	0.00816284	0.0224585	7.26561e-05	0.0278994	0.000477963	8.03919e-05	0.00116367	0.0216297	0.00016592	0.0338268	0.000406546	7.08364e-05	0.63742	0.0127643	0.00527556	0.00157433	0.0284532	0.00444239	0.149402	
8.36474e-05	0.000760638	0.648584	0.0334128	0.0041754	0.00908025	0.0339473	0.000129416	0.0245752	0.000590732	0.00353002	0.0224673	0.00628609	0.0609063	5.55787e-05	0.0185326	0.122991	0.000120154	0.00971347	5.75374e-05	
0.0237815	0.000120401	0.000391485	0.00152259	9.1517e-05	0.000219477	0.0130658	0.0237192	0.412169	0.0210977	0.00141557	0.00112609	3.16841e-05	0.0259518	0.133497	0.261558	0.0249948	0.0550003	0.000190592	5.52898e-05	
0.111973	0.0275673	0.00873532	0.018084	0.000266622	0.00234453	0.00175303	0.697389	0.000613839	0.0537729	0.0327684	0.000185074	0.000699713	0.00736563	0.000267798	0.000147512	0.000426843	0.0135562	0.00335188	0.0187315	
0.0367176	0.000356488	0.0438633	0.0937426	0.0251919	8.58498e-05	0.000441666	0.00258527	0.00131999	0.000160741	0.006232	0.0297703	9.21369e-05	0.000290753	0.584025	0.000247171	0.00139819	0.0347525	0.066471	0.0722551	
0.0632293	0.000506392	0.000878574	0.00227527	0.00107908	0.000284698	0.000732204	0.00054938	0.0841359	0.0162961	0.0356718	0.0956248	0.632626	0.000435385	0.0324935	0.0268057	0.00359816	0.000620886	0.00141076	0.000746013	
0.0617686	0.000607857	0.00715917	0.000468422	0.0273506	8.45882e-05	0.0368053	0.000601013	0.198298	0.000495413	0.000294322	0.000148176	0.000206057	0.000311661	0.607451	0.00584284	0.000167122	0.0480895	4.46969e-05	0.00380593	
0.0272615	0.158732	0.000142875	1.76322e-06	0.000253227	0.00110109	0.510735	0.0653674	0.00306495	0.0032358	0.0399157	8.53002e-05	4.10691e-05	0.00623211	5.54191e-05	1.45981e-06	0.031933	0.10476	0.000993978	0.046087	
0.0686198	0.000116738	4.55815e-05	0.0392816	0.000111118	0.0433656	0.0067112	0.0833239	0.0272606	0.000481255	0.0435786	6.13332e-05	8.10829e-05	7.97759e-05	0.000114282	0.000169863	0.0202438	0.0345821	0.0201433	0.611628	
0.0706915	7.12533e-05	0.000254763	0.0681553	0.326968	0.0902147	0.000225789	0.00629588	0.0279887	0.00362148	0.00137727	0.000235615	0.0011635	0.0293933	0.000450758	6.80398e-05	0.00265122	7.49234e-05	0.00336169	0.366736	
0.0271096	0.0179653	0.0963776	0.195414	0.0116212	0.00342854	0.145203	0.00403715	0.0445586	0.00823025	5.78199e-05	0.097351	0.038868	0.157278	0.0158301	0.0575756	0.0697813	0.00817718	2.79435e-05	0.00110761	
0.0131425	0.0354224	0.0364271	0.0263092	0.000309769	0.315249	0.01991	8.55214e-05	0.0359732	0.000537091	0.00164128	0.459988	3.89385e-05	0.0324046	1.41538e-05	0.00516983	0.00526907	0.000430384	9.52546e-05	0.0115822	
0.0484174	0.0304438	0.000693019	0.00113721	0.00287101	0.000163325	0.00756819	0.00829315	0.000333365	0.0007987	0.000870983	0.0341039	6.59655e-05	0.0493501	0.000209212	0.0437458	0.702495	0.0644199	0.00277191	0.00124803	
0.005948	0.0283271	0.182545	0.0235299	0.0239263	0.000612153	0.0231899	0.00222016	0.0302146	7.93495e-05	0.00531699	0.104256	6.0334e-05	0.53183	5.38653e-05	0.00973009	0.00409905	0.00119921	0.0226869	0.000175412	
0.276456	0.000248582	0.000198856	0.000133453	0.0360468	0.436542	0.0335761	0.00151701	0.0267498	0.000681478	0.0140448	0.0320168	0.000262304	0.053314	4.63843e-05	0.000219206	0.0171441	0.02032	0.000473139	0.0500088	
0.000783085	0.0318106	0.00104382	0.00147164	0.000233599	0.000291565	0.000264002	0.348794	0.0112429	0.408107	0.000684716	0.000968331	7.91397e-05	0.000408173	0.000107144	0.00053931	0.000795292	0.169717	0.00121698	0.0214423	
0.00183097	0.0277445	0.00520054	0.00181541	0.000166115	0.000825102	0.0351922	0.677615	0.000328062	9.37579e-05	0.00024197	0.000208088	0.045065	0.0587744	0.000360097	0.000235887	0.00012395	0.042971	0.0284216	0.0727866	
0.097734	7.79942e-05	0.000183386	0.0671133	0.504971	0.0551667	0.000195746	0.000136818	0.0315447	0.00285468	0.0190026	0.000252513	0.00487099	0.0423989	0.0141205	8.09383e-05	0.0169942	0.000157246	0.00683834	0.135305	
0.000129849	0.00148424	0.000123115	0.000264585	5.90428e-05	3.86708e-05	0.00344304	0.168014	0.000868351	0.0120802	0.000186379	0.000121421	0.000780348	0.0127157	4.42914e-05	0.00829016	8.18703e-05	0.76028	0.0107775	0.020217	
0.0527957	0.112878	0.00441818	0.00901694	0.000130858	0.0088431	0.0346827	0.000642091	0.0472198	0.000728714	0.0493345	0.000429984	0.000120608	0.072875	9.16282e-05	0.601312	0.000236294	0.00397597	0.000147706	0.000120423	
0.0771886	0.00920018	0.000145718	0.0128569	0.00227676	5.31943e-05	0.00019361	8.83499e-05	0.000206227	0.0307016	0.0924093	0.598998	7.47899e-05	0.0117371	0.00424343	0.0856927	0.0439685	0.0291233	0.000677969	0.000163937	
0.00326884	0.0222248	0.745032	6.27555e-05	0.0704587	0.00012549	0.0146887	0.013557	0.011255	0.0184221	0.0492261	0.00516543	0.00205829	0.00219326	0.0054278	0.00678686	0.0145335	0.000251858	0.0151857	7.61864e-05	
0.0316184	0.0248503	0.000300366	0.00158258	4.62459e-05	0.00886331	0.0400994	0.0647879	0.225615	0.00882189	0.00540866	0.000339176	0.0288254	0.0827374	0.391838	0.0219836	0.0457447	0.0160615	0.000290465	0.000186347	
0.0499508	0.00623532	0.282466	0.459086	0.0225642	0.00885647	0.0147798	0.000853914	0.000108865	0.00012821	0.0438933	0.0358161	5.82451e-05	0.0294851	5.96156e-05	0.0363157	0.000186185	0.000124241	0.00896409	6.81577e-05	
0.0359139	0.00206052	0.0698355	0.148084	0.0279855	9.47594e-05	0.00156479	0.000398759	0.000174523	0.000469126	0.000352668	0.0427438	0.00511448	0.00105405	0.582224	0.000133368	0.000182993	0.036702	0.000126815	0.0447842	
0.0132373	0.0343656	4.32109e-05	0.000117053	8.56932e-05	2.11115e-05	0.00102296	0.448608	0.00132862	0.057008	0.255016	0.000300863	1.86496e-05	0.0113005	0.000266737	3.03653e-05	4.18241e-05	0.139022	0.0119954	0.0261709	
0.0795817	0.00177885	0.110569	0.0831725	1.87796e-05	0.066254	0.00294529	0.004042	0.350107	0.00209331	0.00540397	0.157855	0.00872209	0.0291566	0.00699816	0.0475654	0.0355412	0.00810441	4.14989e-05	4.97918e-05	
0.000127207	0.024356	0.102808	0.546435	0.0163417	5.46392e-05	0.000256524	0.0531563	0.0264016	0.000486757	0.00623709	0.000153329	0.0159841	0.000144261	0.000967023	0.0203342	0.130104	0.0224449	0.0331057	0.000102106	
0.651259	0.101164	0.000206208	7.15439e-05	0.000212247	4.3849e-05	0.0277322	0.000206972	0.00194699	7.7451e-05	0.0271001	0.00371885	3.79538e-05	0.0404311	0.000685128	0.0642041	0.0169833	0.0620384	0.00118413	0.000696745	
0.165522	0.0415663	0.000165783	0.0187343	0.0112673	0.00694728	0.0171677	0.000138935	0.367777	0.00193209	0.000516581	0.0113907	0.000429925	0.000112235	0.269547	0.0183482	0.00600664	0.000732055	0.00170094	0.0599973	
0.0271096	0.0179653	0.0963776	0.195414	0.0116212	0.00342854	0.145203	0.00403715	0.0445586	0.00823025	5.78199e-05	0.097351	0.038868	0.157278	0.0158301	0.0575756	0.0697813	0.00817718	2.79435e-05	0.00110761	
0.000115792	0.0295814	3.67648e-05	0.559761	0.0777494	4.4208e-05	0.0167554	0.0138287	0.000644458	0.022474	0.0238249	0.0707408	0.00661571	0.000208557	0.0399082	0.0102267	0.0246703	0.00228529	0.0458411	0.0546878	
0.00207996	0.00149004	0.115501	0.0392229	0.202973	0.0444026	0.000357935	0.0236258	0.0185892	0.512209	0.0190634	0.00937012	0.00658248	0.00020446	6.75463e-05	0.00026298	0.000745993	0.000154757	0.00155483	0.00154237	
0.0225948	0.00678349	0.0263268	0.0128341	0.153836	0.00205611	0.105426	2.97736e-05	0.0117935	0.0153227	0.260053	0.00497701	1.50921e-05	0.0407242	0.00273555	0.0105034	0.00265314	0.0203057	0.0058432	0.295186	
0.108945	0.000482591	0.0037322	0.000143796	0.00120146	0.00515845	0.020364	0.00589295	0.327917	0.0117406	0.0891228	0.0738669	0.0205515	0.0279929	0.188021	0.0609347	0.0496014	0.00028308	0.000266653	0.00378094	
0.000142687	0.00187754	0.000166769	0.000564867	0.00690912	7.18349e-05	0.000218716	0.12685	0.000438761	0.0548743	0.737261	0.00011915	8.38682e-05	0.00122443	7.186e-05	5.18388e-05	7.1563e-05	0.0195358	0.000829801	0.0486355	
0.00483616	0.000453819	9.38534e-05	0.00011825	0.0554305	3.94017e-05	0.000212995	0.221018	0.000259817	0.444354	0.256429	8.80398e-05	2.09682e-05	0.000442236	5.48413e-05	4.2454e-05	5.2629e-05	0.0154734	0.000325595	0.000254465	
0.102444	0.00178961	0.0142084	0.161688	0.000145348	0.088888	6.74905e-05	0.0269973	0.0572842	0.0172574	0.0341583	0.230103	3.95552e-05	0.133794	0.00333343	0.0695429	0.0425321	0.0146538	0.000541646	0.000531253	
0.00745258	0.0118242	0.232792	0.523502	0.00388271	4.15889e-05	0.000135716	0.00294733	0.000117409	0.00120712	0.0174861	0.00591531	0.00403786	0.00178331	0.147123	0.00264505	0.00366268	0.0119721	0.0213518	0.000119725	
0.000271088	0.000184886	0.521562	0.295845	3.61271e-05	3.69209e-05	0.00854751	0.00662779	0.036774	0.00202512	0.000303588	0.0211572	0.0482009	0.000100857	0.03514	0.00244368	2.29163e-05	5.59736e-05	0.000186213	0.0204777	
0.0057265	0.00672171	0.0659888	0.831275	0.00975709	0.00285965	3.5904e-05	0.000901665	6.55192e-05	8.34366e-05	0.0254574	0.00014599	4.46175e-05	0.0258369	0.00464423	0.000156049	0.00184649	7.70577e-05	0.00974529	0.00863112	
0.0562348	0.0184639	0.0542717	0.0219688	0.000147581	0.101725	0.00312288	4.30398e-05	0.000118576	0.233792	0.409726	0.0798264	0.00018299	0.00122284	4.85542e-05	0.000310721	0.000139875	0.000103194	0.000343328	0.0182078	
0.0807206	0.00128879	8.73111e-05	0.0454412	0.00116672	3.13313e-05	0.000370986	0.000436012	0.370808	0.000172023	0.000535088	0.018849	2.05692e-05	0.13316	0.30513	0.0245398	0.0162243	6.47869e-05	0.00041463	0.000538392	
0.000130209	0.000270278	0.5745	0.0780439	0.00422953	0.0866975	0.00775864	0.000287881	0.0627278	0.00284508	0.00941292	0.116011	0.000832403	0.0195491	0.00545566	0.0071206	0.014476	0.00239594	0.0071762	7.91618e-05	
0.645291	0.128586	0.000166208	8.13802e-05	0.0001739	3.59385e-05	0.027837	0.000133271	0.00124969	5.51008e-05	0.0140757	0.00223061	2.91747e-05	0.0375037	0.000358662	0.0594143	0.0206285	0.0608403	0.000394414	0.000915648	
0.0801741	0.0491285	0.000211327	9.18304e-05	0.0119023	3.00643e-05	0.00744539	0.0962994	0.207579	0.0825473	0.000372025	0.000634854	0.0277451	0.0369714	8.22189e-05	0.00314908	0.0182066	0.264921	0.000730263	0.111778	
0.000168666	0.00125768	0.000437732	0.000163494	0.0466355	9.53251e-05	0.00021021	0.0462134	0.0121385	0.761268	0.000372578	0.00136785	4.85966e-05	0.000350715	8.65368e-05	0.000184166	0.000859492	0.0929238	0.034675	0.000542495	
0.0200345	0.0285723	0.0201121	0.00120562	0.000137519	0.000671052	0.00129287	0.00154808	0.039194	0.624073	0.000326407	0.179998	0.000184536	0.000439313	0.000252045	0.000205666	0.0237867	0.036814	0.000182785	0.0209698	
0.000130953	0.0014844	0.000123116	0.000264585	5.95135e-05	3.86708e-05	0.00344305	0.168045	0.000868367	0.0121091	0.000184548	0.000123741	0.000778899	0.0127175	4.42914e-05	0.00825034	8.20932e-05	0.76033	0.0107775	0.0201445	
0.00120483	7.73116e-05	6.05884e-05	0.115713	0.618649	0.000509267	9.4136e-05	0.00602665	0.0337111	0.0228711	0.00228827	0.000137393	0.00108738	0.0205257	0.00075208	7.08161e-05	0.00414562	0.0068073	0.0978256	0.0674434	
0.534003	0.0051406	7.3853e-05	0.00015782	0.128192	0.00398081	0.0110274	0.0081334	0.0202825	0.0859808	0.0587792	0.0359657	2.82172e-05	0.0246793	0.000356173	3.90371e-05	0.00127441	4.52128e-05	0.00657647	0.075285	
2.54415e-05	0.0177079	7.06136e-05	0.0451411	0.0741879	0.0462595	0.000689168	1.92385e-05	5.58462e-05	0.045997	0.0118788	0.645071	9.6996e-06	0.0168493	0.000134665	7.70155e-06	0.00466473	0.0744438	0.0167396	4.68137e-05	
0.0179918	0.032419	0.000538929	0.00527879	0.0123144	0.00402921	0.00821735	0.0360454	0.000168358	6.98686e-05	0.0200402	0.0272351	2.91097e-05	0.589681	0.000168133	0.0329727	0.167196	0.0151633	0.0296095	0.000831751	
0.000125785	0.00511872	0.546882	6.94089e-05	0.106967	0.00530666	8.57499e-05	0.0167919	0.0183326	0.13815	0.0524337	9.93419e-05	0.0161589	0.0234979	0.00327891	0.00375671	0.0548743	7.34421e-05	0.00795899	3.86804e-05	
0.00942487	0.0266113	0.00049248	0.000228943	0.0135254	0.000123162	0.000125741	0.0691849	0.000310991	0.446989	0.274308	0.0013465	7.33811e-05	0.0550624	4.91485e-05	0.018409	0.00138384	0.0808519	7.65753e-05	0.00142204	
0.039892	0.00565505	0.0256558	0.142008	0.0114833	0.000470479	0.000166342	0.00110548	0.204583	9.90929e-05	0.0106603	0.0564823	0.467165	0.00633938	0.00778197	0.00457555	0.00357046	0.00057944	0.00970966	0.00201839	
0.0131425	0.0354224	0.0364271	0.0263092	0.000309769	0.315249	0.01991	8.55214e-05	0.0359732	0.000537091	0.00164128	0.459988	3.89385e-05	0.0324046	1.41538e-05	0.00516983	0.00526907	0.000430384	9.52546e-05	0.0115822	
0.686882	0.121444	0.0011602	0.00406786	6.84496e-05	6.26694e-06	0.0218652	3.35918e-05	3.97114e-05	8.47094e-05	5.26635e-05	4.15814e-05	2.78376e-05	0.0563892	0.0308441	0.0560191	1.48007e-05	0.0208618	2.49373e-05	7.16648e-05	
0.00185432	0.0201129	0.0182546	0.00220643	0.000235088	0.00162535	0.0043792	0.0104323	0.00895159	0.0452106	0.804271	0.000225513	0.000254334	0.0448305	0.00202209	0.00175834	0.00436772	0.0118193	0.000892061	0.0162965	
0.0427138	0.000160418	0.110744	0.00557817	0.001376	0.0124678	0.0339654	0.000246437	0.147179	0.00893222	0.0012089	0.204474	0.0847294	0.00224196	0.0066258	0.175357	0.155761	0.00587974	0.000129164	0.000229913	
0.23128	0.114138	0.019358	0.196015	0.000406824	0.000194767	0.000132212	0.0243635	0.000463916	0.00327093	0.0099712	0.000408519	0.1715	0.000132911	2.79551e-05	0.00728648	0.0627096	0.148611	0.00708405	0.002646	
0.112682	0.00492391	0.105381	0.0850286	0.000129358	0.0633597	0.0098065	0.00329535	0.301389	0.00176617	0.00470402	0.143127	0.00825957	0.0412879	0.00588737	0.0582815	0.0430554	0.00742919	0.000136446	6.9014e-05	
0.0113002	0.0186917	0.0525159	0.646142	0.00794628	2.35236e-05	7.03847e-05	0.000313289	0.0166443	3.04636e-05	0.00785615	0.0359256	2.45718e-05	0.0908362	3.45108e-05	0.000113562	0.0160571	0.00197253	0.0932685	0.000233024	
0.000171846	0.0300194	0.000285124	0.000243901	9.51988e-05	8.51571e-05	0.000789202	0.441616	0.00171981	0.127394	0.0315238	0.00111492	0.00026625	0.00155873	0.000232177	0.000340684	0.000454728	0.340136	0.00134474	0.0206085	
0.107477	0.0261176	6.12614e-05	4.49067e-05	0.000120584	0.0328473	0.070803	0.0136294	0.050509	2.22356e-05	0.026992	0.000351453	0.0141764	0.0259257	0.0293659	0.1137	0.439485	0.0314498	0.000414847	0.0165066	
0.0081655	0.00522571	0.284862	0.338806	0.0104805	4.23886e-05	0.000180399	0.000246906	0.0677287	0.0308308	0.00593189	0.117292	0.000167979	0.0607649	0.000220484	0.0212811	0.0296227	0.000110559	0.0179565	8.31386e-05	
0.163039	0.000155108	0.000107412	0.0749899	0.0332072	0.046081	0.00445165	0.000556003	0.472775	0.0457239	0.00162637	0.00197199	4.16695e-05	0.0221327	0.0668218	0.0531995	6.95437e-05	0.0125305	0.000429818	9.06718e-05	
0.0318488	0.0251032	0.0341979	0.0111537	0.000196158	0.0310438	0.000277069	0.0232313	0.00447559	0.74006	0.0649404	0.00572018	5.21052e-05	0.000344704	7.88563e-05	0.000225284	0.000964873	0.00657455	0.000511834	0.0189998	
0.0111951	0.0120194	0.0805808	0.13613	0.00310108	0.347677	0.0725952	0.000516307	0.0404917	0.000892754	0.0285817	0.0609157	0.000233525	0.139201	0.0159928	0.0465307	0.00272631	0.0001054	0.000133147	0.000380441	
0.0907613	0.00366097	0.0417192	0.0286725	0.0287198	0.0821514	0.000268217	0.000158879	0.0149425	0.526675	0.0208517	0.14584	4.29812e-05	0.000353428	6.17019e-05	0.000692882	0.00890751	0.000148875	0.00319914	0.00217147	
0.0271096	0.0179653	0.0963776	0.195414	0.0116212	0.00342854	0.145203	0.00403715	0.0445586	0.00823025	5.78199e-05	0.097351	0.038868	0.157278	0.0158301	0.0575756	0.0697813	0.00817718	2.79435e-05	0.00110761	
0.0257776	0.00559168	0.279732	0.0586866	0.00609251	0.0761428	0.104928	3.54934e-05	0.0294533	2.51583e-05	0.000702916	0.221701	7.27837e-06	0.118463	0.0100605	0.0480216	0.014495	3.2253e-05	3.17002e-05	2.00559e-05	
0.00483616	0.000453819	9.38534e-05	0.00011825	0.0554305	3.94017e-05	0.000212995	0.221018	0.000259817	0.444354	0.256429	8.80398e-05	2.09682e-05	0.000442236	5.48413e-05	4.2454e-05	5.2629e-05	0.0154734	0.000325595	0.000254465	
0.0347563	0.00470099	0.000901336	0.00856526	0.0168209	0.0287272	0.0665917	0.000210649	0.440197	0.000429651	0.000416514	7.5089e-05	0.00015443	0.0462453	0.254839	0.0117026	0.0257616	0.0540881	0.000554869	0.00426132	
0.0257776	0.00559168	0.279732	0.0586866	0.00609251	0.0761428	0.104928	3.54934e-05	0.0294533	2.51583e-05	0.000702916	0.221701	7.27837e-06	0.118463	0.0100605	0.0480216	0.014495	3.2253e-05	3.17002e-05	2.00559e-05	
0.0570031	0.00187652	0.0234363	0.00128401	0.0199218	9.3345e-05	0.107226	0.000230288	0.064231	0.000614144	0.00092655	0.0323207	0.000271939	0.0635145	0.570912	0.0027046	0.000121587	0.0456285	0.000301247	0.00738251	
0.0271096	0.0179653	0.0963776	0.195414	0.0116212	0.00342854	0.145203	0.00403715	0.0445586	0.00823025	5.78199e-05	0.097351	0.038868	0.157278	0.0158301	0.0575756	0.0697813	0.00817718	2.79435e-05	0.00110761	
0.0196968	0.00295284	0.0161951	0.126394	0.0146784	2.56562e-05	0.0123927	0.0125328	0.0218032	4.94173e-05	0.0269719	0.0158183	0.00691735	0.0392891	2.05846e-05	2.76929e-05	0.0157591	0.0102858	0.616951	0.041238	
0.0225948	0.00678349	0.0263268	0.0128341	0.153836	0.00205611	0.105426	2.97736e-05	0.0117935	0.0153227	0.260053	0.00497701	1.50921e-05	0.0407242	0.00273555	0.0105034	0.00265314	0.0203057	0.0058432	0.295186	
0.00100867	0.0307537	0.000819005	0.00267442	0.00032794	0.000469367	0.0191118	0.61656	0.000670018	0.00955236	0.0299418	0.000190598	0.00154981	0.0323045	0.000280878	0.000172041	0.000142469	0.211258	0.0133893	0.028823	
0.000875502	0.00434058	7.65369e-05	0.0135065	0.0198483	0.0001659	0.0176944	0.0034873	7.87342e-05	4.29103e-05	0.0243	0.145909	2.62303e-05	0.515935	0.000997102	0.00383016	0.132772	0.0313999	0.084551	0.000162937	
0.213129	0.000429675	0.000268279	0.020646	0.000500713	0.142377	0.000209226	0.000244419	0.16951	7.30742e-05	0.114129	0.000484545	0.228918	0.000200636	0.00958822	0.0551094	0.02945	0.0126458	0.00132082	0.000766669	
0.0697646	0.173208	0.00391129	0.00165474	0.00178566	0.000286615	0.0332275	0.000156395	0.000279872	0.00148197	0.000448809	0.000249357	6.51306e-05	0.0870027	8.67884e-05	0.109616	0.513009	0.00129873	0.00131625	0.00115087	
0.000368665	0.604071	0.00360233	0.0553424	8.62695e-05	5.70973e-05	0.00502819	0.0147107	0.00117422	0.000988391	0.00855256	0.0436332	0.000120271	0.0555708	3.97236e-05	0.0768805	0.00992018	0.119706	0.00011765	2.92616e-05	
0.540988	0.00220845	0.000107909	0.000133662	0.134837	0.00505756	0.0115028	0.00745267	0.0141474	0.0868191	0.0542571	0.032222	2.44576e-05	0.0227228	0.000154001	3.70648e-05	0.00201149	5.30335e-05	0.00534995	0.0799138	
0.00809873	8.3861e-05	0.026025	0.000121124	0.0317	0.00175271	0.0231937	0.252916	0.0333426	0.0297902	0.0144336	4.23256e-05	0.00745777	0.00712052	0.00403518	0.0104433	0.182524	0.366411	0.000424957	8.30308e-05	
0.0103427	0.0983914	0.0656027	0.0611007	3.38936e-05	1.04224e-05	0.00238541	0.00010377	0.267442	0.00145752	0.000803444	0.0729624	6.15515e-06	0.127971	0.0162537	0.180528	0.0944895	5.55404e-05	4.06053e-05	1.91917e-05	
0.0179158	0.000160369	0.000121387	0.000109004	0.118825	0.457201	0.0161834	0.0190948	0.0281773	0.0812127	0.066154	0.0467553	0.00015281	0.0236728	3.84875e-05	0.00091804	0.000282902	8.25481e-05	8.45449e-05	0.122858	
0.00269334	6.22896e-05	0.11943	0.182339	1.67401e-05	1.14833e-05	0.0162278	0.011919	0.0481828	0.00542342	0.00225577	0.0287336	1.21518e-05	0.102455	0.0102934	0.0578592	0.395215	0.0166721	0.000166713	3.11542e-05	
0.00460187	0.0364945	0.0281688	0.00335233	0.000109811	0.00297305	0.00814475	0.071377	0.0263171	0.75613	0.000291674	0.00477813	0.00052637	0.00162442	0.00059404	0.000163198	0.00506614	0.0229276	0.000120315	0.0262393	
0.0225948	0.00678349	0.0263268	0.0128341	0.153836	0.00205611	0.105426	2.97736e-05	0.0117935	0.0153227	0.260053	0.00497701	1.50921e-05	0.0407242	0.00273555	0.0105034	0.00265314	0.0203057	0.0058432	0.295186	
0.0058443	0.00681346	0.0666491	0.839004	0.00971556	0.00299959	3.62155e-05	0.000511088	6.47782e-05	8.04216e-05	0.0249932	0.000151328	4.7551e-05	0.0260871	0.00485027	9.6764e-05	0.000452434	8.2348e-05	0.00324167	0.00827906	
0.0691772	0.000205014	0.00015024	5.96784e-05	0.183919	0.379641	0.00914493	0.00918286	0.0213314	0.0937228	0.0655358	0.0851871	2.63445e-05	0.0179816	3.61142e-05	4.13804e-05	4.96987e-05	4.2141e-05	0.000143	0.0644228	
0.0711867	0.000249497	0.0577733	0.0231613	0.111905	0.0960508	0.000118715	0.0111827	0.00489099	0.337929	0.275338	0.00678115	4.57771e-05	0.000451467	5.97553e-05	0.00016991	0.00112075	6.9001e-05	0.00130783	0.000208732	
0.0195531	0.00121437	0.536902	0.0977966	0.031104	0.016049	0.000108787	0.00214054	0.000404649	0.00798797	0.22846	0.0141622	0.000198551	0.00972071	0.0023905	0.00496003	0.0196561	0.000167877	0.00694483	7.78655e-05	
0.0148991	0.00299982	0.0234741	0.157375	0.00786617	2.54494e-05	0.00944673	0.0163578	0.019892	4.9303e-05	0.0205895	0.0204633	0.00584113	0.0430848	2.16648e-05	2.45772e-05	0.012303	0.0103064	0.623352	0.0116282	
0.00377	0.0354457	0.0192331	0.00406078	0.000155387	0.00290326	0.000390307	0.0230098	0.00319725	0.791732	0.0740771	0.00214021	0.000391606	0.000461732	0.000101813	0.000221068	0.000736143	0.0160543	0.000216667	0.0217014	
0.135866	0.0786536	0.000121154	0.000350867	0.000320845	0.0314215	0.038181	0.00536952	0.0301267	0.00426593	0.143699	0.00132193	4.20691e-05	0.0434905	0.000240324	0.369862	0.0477369	0.068456	0.000301569	0.000172348	
