0.000144164	0.0134312	0.000158289	0.000190984	4.7181e-05	5.93533e-05	0.0139485	0.862267	0.000150968	2.81465e-05	0.000115943	7.71371e-05	0.00861384	0.0270731	8.18088e-05	7.76059e-05	3.82397e-05	0.0415818	0.0139718	0.0179431	
0.00412915	8.74225e-05	0.0229019	0.0408358	0.606197	0.00140358	0.000235607	0.0723689	0.0235472	0.00451433	0.00204455	0.000231661	0.00507963	0.024156	0.00553623	7.16684e-05	0.0777747	0.0141303	0.0138241	0.0809299	
0.203764	1.82698e-05	2.13862e-05	0.0109706	0.0220703	0.0104652	1.22255e-05	0.000124176	0.0289935	2.99419e-05	0.0359603	2.7806e-05	4.86827e-05	0.0423996	0.00281148	0.00932756	0.0185559	0.549695	0.00694279	0.0577609	
0.629522	0.260993	9.18264e-05	8.29214e-05	3.9058e-05	1.12441e-05	0.0192372	0.000956069	0.0244497	0.000494522	0.0380592	0.000698641	1.54363e-05	0.0185208	1.74748e-05	0.00667999	1.90825e-05	6.68573e-05	2.70252e-05	1.76793e-05	
0.0102087	0.0176443	0.000638912	0.0241547	0.0270934	0.000572172	6.77766e-05	0.00280784	0.0783238	0.00354594	0.000908111	0.000182658	6.77138e-05	0.699324	0.0583453	0.0468531	0.000608087	0.00250374	0.00173862	0.0244112	
0.00282918	0.00807205	9.81121e-05	0.00116232	3.39898e-05	4.97636e-05	0.000746762	0.78779	0.00049768	0.0210343	0.000130303	4.8616e-05	5.01469e-05	0.00113304	3.83988e-05	0.000921187	4.45765e-05	0.151507	0.00244759	0.021365	
0.0792941	0.0154049	0.0206506	0.0429666	0.000117851	0.0754838	9.58649e-05	0.0157422	0.0102898	0.710531	0.000400145	0.00183877	3.40967e-05	0.000204843	3.39158e-05	0.000434073	0.000864015	7.44062e-05	0.00122141	0.0243177	
0.0115424	0.0260981	4.64947e-05	0.675711	0.042862	5.81708e-05	0.00585011	0.025429	6.90407e-05	0.000234345	0.0430974	0.0109217	7.62204e-05	0.106091	7.19247e-05	0.00248469	0.00454241	0.000111932	0.0197963	0.0249054	
0.314868	0.00141751	0.00018679	0.19565	0.000738342	4.35838e-05	0.0284239	0.00100621	0.0129526	0.000242086	0.204967	0.111563	3.56732e-05	0.000577252	0.00184904	0.0881806	0.0054765	0.02809	0.00284532	0.000885889	
0.0379308	0.0246738	0.000725769	0.00602831	0.000124627	0.000352297	0.000428469	0.338923	0.000244294	0.278812	0.255377	0.00022674	0.000150221	0.00056435	7.59617e-05	0.000117427	8.6378e-05	0.0262609	0.0037998	0.0250974	
0.0826504	9.0058e-06	0.0718218	0.17235	0.000993251	0.247556	0.0346172	1.85117e-05	0.11853	7.92226e-06	0.000181163	0.100929	0.00224975	0.0765212	0.0180605	0.0546101	0.00620968	2.48627e-05	0.00665512	0.00600503	
0.0208362	0.0190761	0.000206881	0.000391018	0.000157307	9.95587e-05	0.0282686	0.235168	0.000855274	8.88026e-05	0.000324818	0.000225398	0.0002873	0.0417551	0.000496078	0.000142163	0.0121424	0.588898	0.0227279	0.0278536	
0.0813773	0.00574226	0.000625918	0.0775977	0.103728	0.00236423	5.23099e-06	7.77956e-06	0.000927539	0.00567341	0.36967	0.000629086	1.33379e-06	1.15684e-05	1.89067e-06	2.05246e-05	0.000944304	4.95647e-06	0.00012595	0.350541	
0.00242395	0.00672831	0.000145194	0.000844643	3.05685e-05	3.72231e-05	0.000204319	0.803571	0.000462208	0.0209279	9.93437e-05	3.87577e-05	4.78301e-05	0.00031207	1.77105e-05	0.00112851	3.9221e-05	0.140501	0.00100378	0.0214362	
0.0790792	0.0153843	0.0203711	0.0429805	0.000117516	0.0762643	9.60838e-05	0.0157608	0.0102607	0.710367	0.000401156	0.00172997	3.41482e-05	0.000210077	3.38949e-05	0.000439498	0.000867652	7.41518e-05	0.00122139	0.0243065	
0.00141981	4.16262e-05	0.0459069	0.0297884	0.00224256	3.79925e-05	0.0206075	5.9119e-05	0.000503115	0.00491766	0.00107195	5.86292e-05	5.65097e-05	0.0334672	1.2739e-05	0.0669039	0.756561	0.0246891	0.00938803	0.00226632	
0.000260007	0.0215176	0.015415	0.00026715	0.000636793	0.00645584	9.59386e-05	0.0736426	0.000345271	0.0186582	0.105679	0.0237388	0.569731	0.0420262	4.75091e-05	8.61072e-05	0.000110032	0.0739172	0.0179552	0.0294143	
0.669121	0.0348972	0.000157042	0.00019168	0.000663492	0.000869377	0.0834422	0.000675211	0.0288846	0.000484358	0.0231054	0.0293571	5.44813e-05	0.0365637	0.0121756	0.000153679	0.00141554	0.0322559	0.0210814	0.0244508	
0.000111833	0.000165963	0.233782	0.498983	0.000483728	5.79625e-05	8.49326e-05	0.000419295	0.0337587	0.000140538	0.00163226	0.0382373	0.0318924	0.0248367	0.000636001	0.00611179	0.0006356	0.00772785	0.0943162	0.025986	
0.0319434	0.0141661	2.70982e-05	0.000958918	0.143168	0.000238489	0.304272	0.000108407	7.36421e-05	0.00210067	0.120277	0.188552	2.68463e-05	0.0088565	2.70075e-05	2.44118e-05	0.000111068	0.000165861	0.00032401	0.184579	
0.00178812	0.000306601	0.000237443	0.00187369	4.55715e-05	5.36889e-05	0.00181583	0.819743	0.000587395	0.0197557	0.000171499	4.44693e-05	0.000507919	0.005	1.70577e-05	0.00389507	5.20726e-05	0.106701	0.0101422	0.0272616	
0.002985	0.000339743	0.397902	0.0631506	0.00142161	0.00222916	0.000103807	7.049e-05	0.0811646	0.00623592	0.0202725	0.346177	0.000113095	0.0506164	0.00880527	0.00226308	0.00713945	8.34309e-05	0.00383546	0.00509171	
0.00400657	8.15055e-05	0.0492729	0.0178434	0.00016883	1.16606e-05	0.221598	3.34715e-05	0.341152	0.000870041	0.00386786	0.104221	1.06422e-05	0.0182772	0.0364292	0.024951	0.128184	0.00131655	0.0476691	3.48723e-05	
0.120415	0.00964242	0.0431403	0.0814938	0.00263114	0.0220785	0.0239793	0.0130246	0.0933276	0.0331645	0.0707087	0.198686	0.0105595	0.0856173	0.0133861	0.0421619	0.074285	0.0611815	3.03629e-05	0.00048636	
0.0705492	4.47617e-05	0.000170435	0.0394142	0.575963	0.123583	0.000230001	9.41096e-05	0.0300257	0.00568716	0.0128938	0.000354783	0.0399388	0.0310413	0.00578304	4.67935e-05	0.0140771	0.000108742	0.00249304	0.0475015	
0.00400657	8.15055e-05	0.0492729	0.0178434	0.00016883	1.16606e-05	0.221598	3.34715e-05	0.341152	0.000870041	0.00386786	0.104221	1.06422e-05	0.0182772	0.0364292	0.024951	0.128184	0.00131655	0.0476691	3.48723e-05	
0.0387401	0.129835	6.75677e-05	0.000144472	0.000146678	2.49801e-05	0.0256896	0.133081	0.000769488	0.00603718	0.000518902	0.00053576	4.01781e-05	0.0400974	0.000322364	0.00913142	0.0923516	0.520606	0.000330744	0.00153005	
0.0118521	0.0237177	0.00465786	0.00170562	0.0751801	0.000411204	0.000179197	0.0320579	0.041807	0.00150597	0.0223984	0.0294605	0.682066	0.00208934	6.05035e-05	7.32465e-05	9.66753e-05	0.0018648	0.0210182	0.0477981	
3.91149e-06	0.000267811	1.47785e-05	3.55946e-06	0.634996	1.85035e-06	0.00261942	4.29343e-06	0.0733615	2.98918e-06	1.32915e-05	0.00808417	0.00115049	0.00451372	0.237399	0.000622526	0.0235218	0.0111157	0.00210755	0.000195474	
0.00254812	0.0213074	0.000151815	0.000209596	0.000331025	5.72494e-05	0.0113888	0.044327	0.0127621	0.00411048	0.000465738	0.00435111	0.0259154	0.0268753	0.00248609	0.00224056	0.00294983	0.795558	0.0171463	0.0248177	
0.0231297	0.349982	0.0676488	0.0189058	3.29711e-05	2.11247e-05	0.00438478	0.000492651	0.00275989	0.0422306	0.213226	0.179992	0.0239024	0.029462	2.48812e-05	0.00036316	0.000538512	0.0428259	3.70731e-05	4.0357e-05	
0.493353	0.336329	0.00349778	0.0167694	2.2443e-05	1.69609e-05	0.0176385	0.00336065	0.0258843	0.00682709	0.0488443	0.00152185	0.00105853	0.0209617	9.27874e-06	0.00709202	0.0012348	0.0155168	3.52468e-05	2.64061e-05	
0.00040538	0.00127046	0.0183537	0.000105845	0.187348	8.85718e-05	0.00264211	0.000200001	0.14055	0.000938643	0.000156471	6.80591e-05	6.38706e-05	0.000120123	0.462495	0.0064467	0.111815	0.0536668	0.000212174	0.013053	
0.00659299	0.000690571	0.214719	0.018136	0.0202752	0.000230386	8.71389e-05	7.48019e-05	0.000109966	0.0197636	0.0332013	0.620644	0.000207669	0.0148821	8.40113e-05	0.0123024	0.0119589	0.000628158	0.0253071	0.00010464	
0.0113458	0.0033106	0.0271525	0.0437431	0.0284889	0.114081	0.000238046	0.0255662	0.0174622	0.674342	0.000523246	0.00126292	0.00803941	0.00040939	8.86316e-05	0.000170673	0.0374537	0.00012959	0.00241335	0.0037787	
0.0198674	0.00490331	0.000136366	0.000127859	0.0135938	0.712911	0.0271774	0.00285407	0.0374913	0.0159175	0.0509131	0.00298238	0.0327494	0.0257063	2.61059e-05	0.0352886	0.00268371	0.000104279	0.000194316	0.0143719	
0.00165146	0.0387542	0.0017384	0.00401957	0.000283807	0.000552613	0.000167403	0.000201464	0.0397336	0.721702	0.00873276	0.0413621	5.93022e-05	0.000685846	9.44866e-05	0.00293816	0.0307406	0.0746456	0.00263304	0.0293037	
0.000144164	0.0134312	0.000158289	0.000190984	4.7181e-05	5.93533e-05	0.0139485	0.862267	0.000150968	2.81465e-05	0.000115943	7.71371e-05	0.00861384	0.0270731	8.18088e-05	7.76059e-05	3.82397e-05	0.0415818	0.0139718	0.0179431	
0.0826504	9.0058e-06	0.0718218	0.17235	0.000993251	0.247556	0.0346172	1.85117e-05	0.11853	7.92226e-06	0.000181163	0.100929	0.00224975	0.0765212	0.0180605	0.0546101	0.00620968	2.48627e-05	0.00665512	0.00600503	
0.00321463	0.0147973	3.62384e-05	0.46833	0.0497577	4.1295e-05	0.0137964	0.0340282	6.29554e-05	0.0927142	0.191419	0.0234499	0.000466051	5.06308e-05	0.00931113	0.000798669	0.00236241	5.90485e-05	0.00704443	0.0882602	
0.661979	0.173829	7.87386e-05	0.000111849	0.000325644	1.94163e-05	0.0296953	0.00656694	0.0246654	0.0157601	0.0465799	0.00700996	1.44052e-05	0.0205508	0.0032556	0.0052158	3.10063e-05	6.24967e-05	0.00369954	0.00054932	
0.00843915	0.0243998	0.0460499	0.760173	0.0445884	5.3035e-05	7.67001e-05	0.0256305	0.000119664	0.00120364	0.0471986	0.000263248	0.000117084	0.0129952	0.000712574	0.000697936	0.000996138	8.2401e-05	0.0258968	0.000306737	
0.749494	0.0107748	0.000672433	0.000275938	0.00995484	0.00010965	0.00151624	0.00158564	0.000674485	0.00967499	0.00140421	0.00615592	0.161179	0.000534384	0.000107706	0.00582834	0.0176417	0.000239653	0.00967673	0.0125001	
0.00261954	0.000126297	0.000105454	0.00105529	0.0869737	0.528059	0.0362393	0.0194303	0.027645	0.123672	0.0603849	0.0350258	0.00234776	0.0329761	4.95446e-05	0.000143383	0.00620918	8.22756e-05	0.000446869	0.0364085	
0.000579147	0.000603817	0.0719856	0.0352132	0.00620109	0.00139001	0.0203543	0.000125104	0.000209295	0.00269934	0.000346181	0.00019339	4.79549e-05	0.0362138	4.67647e-05	0.0413872	0.741623	0.0318575	0.00359243	0.00533106	
0.000112893	0.0847797	0.253018	3.62564e-05	0.0632933	1.3414e-05	3.89638e-05	0.00071042	0.000261364	0.0216485	0.0958661	0.413526	0.00828321	0.0332534	0.0106063	0.000392133	0.00046492	7.60001e-05	0.0135831	3.58117e-05	
0.00017225	0.0152586	0.000183969	0.000247834	5.34918e-05	8.67677e-05	0.000186716	0.420957	0.000436654	0.0190308	0.000172139	0.000109772	3.99028e-05	0.000254277	4.10304e-05	7.61654e-05	0.000102326	0.508566	0.010218	0.0238071	
0.0489177	0.00603866	0.000230396	0.00021304	0.000306053	7.0926e-05	0.015818	0.23782	0.00112269	0.00648854	0.0498587	0.00155652	0.000267665	0.0301389	0.000337037	0.0909182	0.00292769	0.480307	0.0177632	0.00889991	
0.00736019	0.0236201	6.62173e-05	0.676843	0.041421	7.1623e-05	0.0177504	0.026714	7.93949e-05	0.000222699	0.0441174	0.00414488	9.40375e-05	0.116273	0.000137542	0.00582525	0.0119754	9.43832e-05	0.0193635	0.00382684	
0.564776	0.0204571	0.000268563	0.000222793	0.103334	6.7638e-05	0.0312103	0.00824208	0.00787592	0.0448103	0.0612588	0.0122798	4.82268e-05	0.0332832	0.00409895	9.16227e-05	0.00738934	0.000137996	0.0208329	0.079315	
0.000218817	0.0259398	0.000229062	0.000219305	0.000198899	7.74844e-05	0.0218357	0.0272917	0.00223056	9.59916e-05	0.11409	0.00624024	0.0132733	0.0389318	0.00104258	0.00619489	0.0275235	0.66256	0.0295278	0.0222784	
0.000375884	0.00665922	0.0301528	0.000154032	0.0127069	0.000905533	0.0196369	0.02012	0.422825	0.000799353	0.000480513	9.51487e-05	0.000124017	0.000136882	0.39375	0.00960003	0.0496728	0.0056009	0.00170481	0.0244999	
0.22081	0.0177472	5.14749e-05	0.000619078	0.0132995	0.0245217	0.587436	0.00144239	0.000321082	8.28442e-05	0.0331598	0.0261181	2.66928e-05	0.0136429	5.49351e-05	0.00236075	0.000958618	0.0403762	0.0168629	0.000107278	
0.0396019	0.0122166	1.58331e-05	2.20466e-05	0.00500754	8.06232e-06	1.68325e-05	0.0649277	0.025081	0.0225915	0.638149	0.0508487	5.70312e-06	0.0860728	0.0124116	0.0041738	0.00698937	0.0260425	2.72104e-05	0.00579002	
3.56595e-05	0.00211796	0.000267579	9.66707e-05	0.394618	3.69402e-05	0.000584154	2.19343e-05	0.119443	0.000476189	0.000251513	0.013106	2.19724e-05	0.00019112	0.401304	1.40101e-05	0.0181389	0.0479335	0.000376472	0.000964074	
0.0211682	0.00976272	0.0325056	0.405282	3.42188e-05	0.00221808	1.87981e-05	0.017664	0.146945	0.0210436	0.0495644	0.0507792	1.00422e-05	0.177205	0.00396511	0.00954851	0.0468314	0.00521866	0.000188674	4.70854e-05	
0.00022705	0.0269114	0.000212411	0.000372008	9.35141e-05	8.71052e-05	0.00457122	0.427217	0.000300555	0.00762676	0.272078	0.000188815	0.00741602	0.00710772	3.37796e-05	0.000147844	0.000122482	0.198765	0.0132502	0.0332701	
0.0396019	0.0122166	1.58331e-05	2.20466e-05	0.00500754	8.06232e-06	1.68325e-05	0.0649277	0.025081	0.0225915	0.638149	0.0508487	5.70312e-06	0.0860728	0.0124116	0.0041738	0.00698937	0.0260425	2.72104e-05	0.00579002	
0.0629143	1.01319e-05	0.0517291	0.103206	0.00016624	0.160171	0.0184284	0.000190966	0.424406	9.37037e-06	0.0185119	0.0550609	0.000940853	0.0411935	0.0122834	0.042507	0.00244945	2.17838e-05	0.00302803	0.0027714	
0.0188911	2.05161e-05	0.320361	0.444969	0.0186508	0.023935	0.00533434	0.000626992	4.90415e-05	7.24306e-05	0.0477879	0.0119769	0.000566214	0.0951438	8.39484e-06	0.0113474	8.31533e-05	2.66075e-05	8.92494e-05	6.03333e-05	
0.000772436	0.0245847	0.00164089	0.000659587	0.000166225	0.000253847	0.0110127	0.742708	0.000316835	0.0263029	0.0796927	0.000315217	0.0144216	0.00341335	6.29863e-05	0.000163802	0.000145037	0.0576272	0.00673688	0.0290027	
0.0820723	9.86289e-05	0.011828	0.0151053	0.0286363	0.0111742	0.0560114	0.00023691	0.194188	0.00677186	0.000258872	0.109362	6.51606e-05	0.0638069	0.219873	0.0332872	0.000132132	0.000528679	0.000110541	0.166452	
0.120415	0.00964242	0.0431403	0.0814938	0.00263114	0.0220785	0.0239793	0.0130246	0.0933276	0.0331645	0.0707087	0.198686	0.0105595	0.0856173	0.0133861	0.0421619	0.074285	0.0611815	3.03629e-05	0.00048636	
0.120415	0.00964242	0.0431403	0.0814938	0.00263114	0.0220785	0.0239793	0.0130246	0.0933276	0.0331645	0.0707087	0.198686	0.0105595	0.0856173	0.0133861	0.0421619	0.074285	0.0611815	3.03629e-05	0.00048636	
0.0740217	2.35366e-05	3.32085e-05	5.3241e-05	0.0178049	0.0238369	0.00223119	0.0300029	0.0674439	0.0936048	0.607726	0.000118581	8.43005e-06	0.00181264	0.00386549	0.00517786	0.0373083	2.61609e-05	0.000118613	0.0347819	
0.00820753	0.000159916	0.15437	0.326716	0.0002077	0.00653538	0.0163964	0.00532158	0.279486	2.76598e-05	0.00648604	0.0140514	0.0187195	0.0688703	0.0407335	0.0322	0.0116788	0.0046813	0.000159427	0.00499169	
0.0188911	2.05161e-05	0.320361	0.444969	0.0186508	0.023935	0.00533434	0.000626992	4.90415e-05	7.24306e-05	0.0477879	0.0119769	0.000566214	0.0951438	8.39484e-06	0.0113474	8.31533e-05	2.66075e-05	8.92494e-05	6.03333e-05	
0.0309805	0.0036951	0.0610926	0.736014	0.0533505	0.0123284	7.42572e-05	0.0198972	0.0132164	0.000621403	0.0223094	0.000268468	0.00010807	0.0267849	5.928e-05	0.000898707	0.00115523	0.000105662	0.0166946	0.000345218	
0.000889724	0.0030918	0.00204101	0.000857273	0.0202069	0.000260318	0.00128639	0.180155	0.000821055	0.512309	0.0750795	0.00317609	0.00025577	0.000900501	0.0343466	0.000103874	0.000521439	0.157119	0.000428675	0.00614992	
0.120415	0.00964242	0.0431403	0.0814938	0.00263114	0.0220785	0.0239793	0.0130246	0.0933276	0.0331645	0.0707087	0.198686	0.0105595	0.0856173	0.0133861	0.0421619	0.074285	0.0611815	3.03629e-05	0.00048636	
0.148012	8.46451e-05	0.00902169	0.355434	0.0918905	2.57179e-05	7.72163e-05	0.0409913	0.0292681	0.00857851	0.0159129	4.71015e-05	0.00852651	0.0718969	0.0183854	0.00206254	0.000610637	0.0399951	0.00499183	0.154187	
0.784899	0.0026486	0.000190511	0.0382717	0.00141277	8.29587e-05	0.0294931	0.019534	0.000368996	0.00369909	0.0176857	0.0358842	7.64007e-05	0.000430289	0.00803745	0.0354158	0.00511049	0.00351594	0.0118061	0.00143667	
0.00879964	0.0001405	0.0904598	0.0149513	0.013623	0.00333959	0.00901186	6.13542e-05	0.697338	0.000111395	0.000527935	2.25293e-05	4.91626e-05	0.000111511	0.134696	0.00782045	0.00692713	0.00803988	0.000151607	0.00381741	
0.0211682	0.00976272	0.0325056	0.405282	3.42188e-05	0.00221808	1.87981e-05	0.017664	0.146945	0.0210436	0.0495644	0.0507792	1.00422e-05	0.177205	0.00396511	0.00954851	0.0468314	0.00521866	0.000188674	4.70854e-05	
0.0423732	0.0173709	0.000811882	0.0956032	0.093453	0.000610739	0.0699355	0.207188	0.000312655	0.17608	0.128107	0.102594	9.59414e-05	0.000265646	3.83525e-05	3.02476e-05	0.0002169	5.61344e-05	0.0195253	0.0453319	
0.0826504	9.0058e-06	0.0718218	0.17235	0.000993251	0.247556	0.0346172	1.85117e-05	0.11853	7.92226e-06	0.000181163	0.100929	0.00224975	0.0765212	0.0180605	0.0546101	0.00620968	2.48627e-05	0.00665512	0.00600503	
0.486197	0.0300566	0.000163645	0.0532271	0.00012528	7.27571e-05	0.0138302	0.0198211	0.000454863	0.00704561	0.0444217	0.00138484	7.39554e-05	0.000210573	0.000138638	0.000113474	0.0032856	0.285846	0.0209704	0.0325604	
0.0245728	0.0236856	0.00441016	0.00627562	0.0009953	0.00193235	0.00906629	0.0407724	0.0432271	0.000173006	0.0624851	0.0233099	0.708841	0.000239203	7.94661e-05	0.0350396	9.47355e-05	0.00255832	0.0110375	0.00120461	
0.0209794	0.000197329	0.000206482	0.000109694	0.128711	2.60917e-05	0.000198554	0.106585	0.0186792	0.0759376	0.152417	6.97405e-05	0.0258559	7.72385e-05	0.00385124	0.00583502	0.00791999	0.0861361	0.000984164	0.365223	
0.0120692	0.00829979	0.207444	0.575315	0.0470639	2.10881e-05	0.037737	0.00207913	0.0116327	0.000187287	0.0462209	0.00795579	2.70014e-05	0.0158985	0.00871147	9.20897e-05	7.17957e-05	6.04299e-05	0.0190353	7.75881e-05	
0.000839364	0.0254463	0.00177046	0.00138375	7.72187e-05	0.000269304	0.00186395	0.0895544	0.000458361	0.681088	0.000241745	0.000257118	0.00028713	0.000897397	0.000141368	0.00012022	0.00012639	0.165155	0.000551807	0.0294709	
0.0502595	0.0235061	0.00104343	0.000753968	0.000171657	0.000213648	0.000242372	0.0898516	0.00224954	0.214635	0.000388164	0.00168312	6.21249e-05	0.000127971	4.16035e-05	0.000312705	0.000524528	0.579611	0.00291571	0.0314066	
0.0364257	0.00180147	0.0305586	0.106704	0.025396	4.02567e-05	0.0400002	0.0160986	0.282605	0.0691304	0.158719	6.39407e-05	8.9555e-05	0.0975216	0.0624675	0.000159227	0.0151235	0.0283068	0.000443494	0.0283447	
0.00237617	0.0162512	0.00849004	0.428917	0.00175528	7.16949e-05	0.000135139	0.0270762	0.0247186	0.0227745	0.0378432	0.000270396	8.04135e-05	0.269159	0.0032253	0.00552105	0.00700298	0.000146039	0.021836	0.122349	
0.000164612	0.0560071	0.00294997	0.010198	0.000220915	0.000288558	0.0230915	0.196091	0.000303701	0.00567472	0.00029617	0.000110393	6.78738e-05	0.0355159	4.9907e-05	0.00502323	0.364816	0.278029	0.0110352	0.0100663	
0.49851	0.000347195	0.00022678	0.000139933	0.000708552	5.89864e-05	0.0211339	0.0746038	0.037967	0.0639479	0.00183734	0.0213599	4.7231e-05	0.0347946	0.00482335	0.0179823	8.56083e-05	0.0717514	0.149194	0.000481083	
0.00820753	0.000159916	0.15437	0.326716	0.0002077	0.00653538	0.0163964	0.00532158	0.279486	2.76598e-05	0.00648604	0.0140514	0.0187195	0.0688703	0.0407335	0.0322	0.0116788	0.0046813	0.000159427	0.00499169	
0.120415	0.00964242	0.0431403	0.0814938	0.00263114	0.0220785	0.0239793	0.0130246	0.0933276	0.0331645	0.0707087	0.198686	0.0105595	0.0856173	0.0133861	0.0421619	0.074285	0.0611815	3.03629e-05	0.00048636	
0.0175007	9.91522e-05	0.000139661	0.000286911	0.0781402	0.47142	0.012076	0.0249169	0.130743	0.0068423	0.0361805	0.0236009	0.000736035	0.114862	0.00547254	9.39797e-05	0.00190586	0.00010846	0.000164508	0.0747103	
0.00133076	5.03002e-05	0.086708	0.00587287	0.0071513	0.00918961	0.0215562	0.00123735	0.585228	4.21913e-05	0.00121954	7.78658e-05	1.49545e-05	7.94689e-05	0.249415	0.0126729	0.00647503	0.0113258	0.000174371	0.000178735	
0.004078	0.00785259	0.00203276	0.0173313	0.0222467	0.0015371	0.000270389	0.000159	0.0146459	0.703114	0.144246	0.0392989	6.26713e-05	0.00136289	8.95683e-05	0.00175344	0.0117864	0.015735	0.00407321	0.00832401	
0.000684687	0.0259652	0.000204824	0.000152239	9.0118e-05	6.48925e-05	0.0265287	0.0012462	0.0406354	0.0043401	0.000287157	0.0307228	0.00664339	0.0289334	0.0509697	0.000827772	0.0321503	0.719346	0.000426711	0.0297808	
0.00611786	0.0173004	0.000156276	0.000199164	0.000275278	7.48123e-05	0.0096699	0.0652441	0.0106451	0.00536527	0.000589108	0.00135044	0.0617085	0.0305686	0.00163132	0.000397001	0.000599189	0.749787	0.0162148	0.0221055	
0.00240081	0.0479073	3.87343e-05	0.0108624	0.00812664	0.0312823	0.00484002	0.000347693	0.000127781	0.232687	0.237671	0.310727	0.000187484	0.082245	0.000397869	7.72423e-05	0.00449886	0.0160645	0.00948145	2.9728e-05	
0.0286222	2.41282e-05	0.0643397	0.109327	0.589035	0.0385993	0.00740767	8.73875e-05	0.0405906	0.00125547	0.00839724	0.0412385	0.0309311	0.0235029	0.00624637	3.6521e-05	0.00738175	5.1547e-05	0.00290286	2.25387e-05	
0.66735	0.122556	7.03778e-05	0.000171215	0.000127848	6.54114e-05	0.0402821	0.0108278	0.027224	0.0297726	0.0495534	0.00988404	1.47845e-05	0.0233516	0.00597134	0.00504885	3.71033e-05	6.68241e-05	0.00738801	0.000236674	
0.000251007	0.0150966	0.000186754	0.000262968	5.57108e-05	9.14706e-05	0.000190582	0.428754	0.00043526	0.019492	0.000151801	9.49717e-05	4.04129e-05	0.000287098	4.38224e-05	7.43697e-05	8.8202e-05	0.499854	0.0111677	0.0233818	
0.829808	0.00685203	0.000153008	0.000149069	0.0032918	0.00478427	0.0304531	0.000474695	0.00411419	0.000198408	0.0116664	0.00657381	3.52024e-05	0.0344989	0.000959856	0.00710483	0.0226527	0.0156984	0.00661217	0.0139192	
0.65306	0.173624	7.09694e-05	0.000120112	0.000120816	0.00011473	0.0292762	0.0111993	0.0268989	0.00138305	0.0448181	0.0118455	1.85024e-05	0.0255357	0.00425877	0.0163595	2.74723e-05	5.5338e-05	0.000840388	0.00037325	
0.823461	0.00605984	0.000177119	0.000123277	0.00584988	0.00750546	0.0356649	0.000428773	0.00387538	0.000403358	0.010722	0.0118096	3.05604e-05	0.0346453	0.000410573	0.00604905	0.0180811	0.013916	0.00569687	0.0150904	
0.698681	0.000215963	0.000121804	0.000403967	0.00029289	0.000791265	0.049358	0.0333437	0.0355761	0.00162332	0.0583881	0.0331515	3.43335e-05	0.0391207	0.0110068	0.035356	9.46812e-05	0.000147389	0.00197826	0.00031481	
0.0750218	0.0175061	0.00407891	0.0672616	6.69173e-05	0.0804673	0.0204302	0.00536811	0.000685204	0.478002	0.186092	0.00122267	4.43793e-05	0.000151089	2.23123e-05	0.000258591	0.000361599	5.78401e-05	0.000374147	0.062527	
0.000834019	0.092396	0.00247677	0.00129689	0.000100052	0.000188623	0.000430635	4.57477e-05	0.000151699	0.0356648	0.783186	0.0473408	4.73188e-05	0.000562454	2.86372e-05	0.000579968	0.00024708	0.0228363	0.000405374	0.0111803	
0.0359303	1.50412e-05	0.0383456	0.0974784	0.0263052	4.52549e-06	8.53204e-06	0.00797583	0.000140607	1.19751e-05	0.638683	0.0651397	4.98282e-06	2.51086e-05	0.0394342	2.09686e-05	0.000154407	0.00339479	3.93584e-05	0.0468873	
0.00143581	0.00234032	8.09878e-05	0.0772974	0.0287833	0.000144031	0.0531534	0.00515418	0.0136204	6.05873e-05	0.0245413	0.00407078	2.51002e-05	0.643287	0.00577713	0.0494058	0.00238674	0.00106226	0.0872708	0.000102923	
0.0709967	0.0190946	0.00761875	0.0687847	6.99293e-05	0.0739674	0.0186109	0.00783357	0.000125801	0.492025	0.189924	0.00107981	8.09048e-05	0.000186119	2.42533e-05	0.000110096	5.79951e-05	6.12169e-05	0.000163738	0.0491845	
0.000140717	7.91569e-05	5.29611e-05	0.0179122	0.0967315	0.612327	0.012745	0.0218838	0.00616884	0.125209	0.0401942	0.00981962	0.00620366	0.000481924	1.85998e-05	8.96063e-05	0.0140414	3.75789e-05	0.000153198	0.0357095	
0.614242	0.275254	0.000265276	0.00116656	1.94207e-05	1.266e-05	0.0174927	0.000382782	0.0242219	0.000911818	0.038667	0.000328963	0.000132335	0.019384	8.22692e-06	0.0070152	7.69537e-05	0.000377471	2.63842e-05	1.4698e-05	
0.000134793	0.00670243	0.605025	0.157201	0.00695263	6.01052e-05	5.73311e-05	0.0279279	0.000181683	0.0098282	0.0521592	0.000114364	0.00378671	0.00880718	0.00266428	0.00975693	0.0759643	9.7192e-05	0.0213216	0.0112568	
0.0284796	0.0023093	0.000154204	0.000144649	0.0139619	0.737576	0.0283993	0.00537037	0.032235	0.0160638	0.0511816	0.00448502	0.00617467	0.0266433	2.46816e-05	0.0274372	0.0052288	9.31106e-05	0.000268997	0.0137687	
0.000678362	0.0273367	0.000277988	0.000220778	0.000270632	7.57415e-05	0.0243742	0.155109	0.00985387	0.000166839	0.000606976	0.00112257	0.014908	0.0415481	0.00391723	0.00140676	0.00150023	0.665194	0.0259226	0.0255089	
0.0278246	2.23176e-05	0.0635182	0.106375	0.592555	0.0392834	0.00790373	8.67147e-05	0.0395008	0.00128447	0.00850363	0.0425098	0.0311466	0.0220186	0.006605	3.87383e-05	0.0079849	5.29906e-05	0.00276356	2.24643e-05	
0.000130111	7.10257e-05	5.28389e-05	0.0183545	0.0970945	0.61243	0.0127965	0.0222594	0.00622575	0.125917	0.0394238	0.00898791	0.00661725	0.000413095	1.80923e-05	9.152e-05	0.013992	3.73213e-05	0.000155613	0.0349322	
0.000144164	0.0134312	0.000158785	0.000191714	4.72013e-05	5.93534e-05	0.0139485	0.862059	0.000151019	2.81472e-05	0.000116173	7.68575e-05	0.00865245	0.0272055	8.18401e-05	7.76289e-05	3.89591e-05	0.0416023	0.0139718	0.0179575	
0.0178524	0.012971	0.0864344	0.0126299	0.022744	0.033427	0.00975591	0.000354235	0.719544	0.000924517	0.0373091	8.43208e-05	0.00985911	0.000446937	0.00298774	0.0123443	7.07315e-05	0.00101474	0.00882216	0.0104235	
0.0534707	0.000171813	0.000346532	0.00197192	0.000178717	0.0189433	0.0286337	0.0380346	0.0434613	0.000476211	0.0582482	0.0329551	3.25833e-05	0.0463789	0.00670554	0.668984	6.61503e-05	0.000449936	0.000301697	0.000188798	
0.0826504	9.0058e-06	0.0718218	0.17235	0.000993251	0.247556	0.0346172	1.85117e-05	0.11853	7.92226e-06	0.000181163	0.100929	0.00224975	0.0765212	0.0180605	0.0546101	0.00620968	2.48627e-05	0.00665512	0.00600503	
0.000185969	0.0971651	0.391404	7.702e-05	0.0144524	9.21082e-05	0.0400039	0.000395961	0.000208571	8.9683e-05	0.0543819	0.368272	5.96421e-05	4.86646e-05	0.00597902	0.00280813	0.00930297	0.000148466	0.014881	4.35061e-05	
0.0340822	0.0266973	0.000925955	0.00071159	0.0437985	0.000206658	0.000193817	0.0344569	0.0218925	0.000259686	0.0504083	0.0289113	0.651945	0.0207488	4.66857e-05	7.6952e-05	8.81134e-05	0.000495074	0.0274268	0.0566283	
0.148012	8.46451e-05	0.00902169	0.355434	0.0918905	2.57179e-05	7.72163e-05	0.0409913	0.0292681	0.00857851	0.0159129	4.71015e-05	0.00852651	0.0718969	0.0183854	0.00206254	0.000610637	0.0399951	0.00499183	0.154187	
0.090563	0.00606657	0.000178393	0.129448	0.0929587	0.0284915	0.000100088	0.00222785	0.544343	0.00928561	0.000268491	0.0113974	0.000147935	0.0537321	0.0242615	0.000237274	0.000133311	0.00185732	0.00377666	0.000524934	
0.00513156	0.000166896	0.0295024	0.00403749	0.0782766	6.61432e-05	0.000166425	8.13598e-05	0.01945	0.0149462	0.485413	0.00219204	4.82697e-05	0.000304835	0.294476	9.80752e-05	0.0124291	0.0100543	0.00011194	0.0430479	
0.662062	0.00748107	0.000198265	0.00016669	0.00246786	0.012487	0.122652	0.000815116	0.0312713	0.000325164	0.0210231	0.0316392	4.18378e-05	0.0361379	0.00144434	0.000197845	0.000419615	0.0308406	0.0194078	0.0189217	
0.0382362	0.0167087	0.0124513	0.12279	0.0174929	7.63432e-05	0.00011449	0.000230134	0.447487	0.00017339	0.000377134	0.0153489	7.49915e-05	0.0683551	0.188665	0.0325833	0.000169987	0.0179225	0.0199215	0.000820716	
0.703057	0.0010379	0.00014607	0.000335366	0.00471758	0.0141877	0.0421068	0.0218108	0.0366284	0.00939168	0.0581512	0.0246491	6.30139e-05	0.0408189	0.000708085	0.0207001	0.000198395	0.000201379	0.0148831	0.0062075	
0.00228809	0.0268203	0.00409597	0.00515155	0.000234619	0.00100506	0.0274897	0.742793	0.00017873	8.03981e-05	0.0726631	0.000334759	0.0215939	0.0272063	0.000105155	0.000321928	9.38795e-05	0.0185088	0.0189771	0.0300575	
0.00626257	0.0346926	0.000121888	0.000256709	0.000118128	4.78749e-05	0.0425424	0.000141345	0.0271233	0.000421411	0.000668006	0.0248549	0.00218662	0.0308862	0.0126529	0.00416844	0.0605692	0.71075	0.0148296	0.0267057	
0.0211682	0.00976272	0.0325056	0.405282	3.42188e-05	0.00221808	1.87981e-05	0.017664	0.146945	0.0210436	0.0495644	0.0507792	1.00422e-05	0.177205	0.00396511	0.00954851	0.0468314	0.00521866	0.000188674	4.70854e-05	
0.510862	0.00162673	0.00013907	0.000120529	0.075096	0.0109116	0.0485746	0.0227413	0.024939	0.0972748	0.0863116	0.0211806	4.12024e-05	0.0255845	0.000699875	0.000295678	9.17287e-05	9.11258e-05	0.00943381	0.0639838	
0.020063	0.0216619	0.00223125	0.00060467	0.00947111	0.000196163	0.0280597	0.000240542	0.000133494	0.00441641	0.000329445	0.000238424	3.45e-05	0.0380169	0.000119347	3.52106e-05	0.384539	0.446062	0.0196622	0.0238843	
0.0934998	0.00279787	0.000224064	0.0302138	0.00121341	7.69833e-05	0.0980656	5.8664e-05	0.0706719	0.0077238	0.0214975	0.0872624	4.52998e-05	0.0357591	0.00583655	0.00817104	0.295575	0.000128615	0.000288871	0.24089	
0.0319434	0.0141661	2.70982e-05	0.000958918	0.143168	0.000238489	0.304272	0.000108407	7.36421e-05	0.00210067	0.120277	0.188552	2.68463e-05	0.0088565	2.70075e-05	2.44118e-05	0.000111068	0.000165861	0.00032401	0.184579	
0.0546672	0.00035276	4.50806e-05	0.0551858	0.104022	0.0681273	4.27457e-05	0.000598158	0.0351695	0.000722491	0.105283	7.05475e-05	0.0550659	0.0273006	0.0107229	3.82392e-05	0.00963388	0.000407423	0.0100708	0.462474	
0.002985	0.000339743	0.397902	0.0631506	0.00142161	0.00222916	0.000103807	7.049e-05	0.0811646	0.00623592	0.0202725	0.346177	0.000113095	0.0506164	0.00880527	0.00226308	0.00713945	8.34309e-05	0.00383546	0.00509171	
0.000120315	0.0399515	0.562882	0.0286145	0.0704743	5.33052e-05	8.15792e-05	0.000445437	0.0422949	0.0283381	0.0163839	0.173335	0.0119856	0.000225697	0.00125387	0.00049097	0.00034777	9.09352e-05	0.0225946	3.61056e-05	
