Log Likelihood = -21513.4760708043;
Shared Parameters:
aux_1=0.295501
aux_2=0.332521
aux_3=0.489536
k=1.60256
freqA=aux_1=0.295501
freqC=(1-aux_1)*aux_2=0.234261
freqG=(1-aux_1)*(1-aux_2)*aux_3=0.230199
freqT=(1-aux_1)*(1-aux_2)*(1-aux_3)=0.24004

Tree codon_tree=(Q9RU78_DEIRA_223_308:0.508179,((PGK2_PYRAB_3_89:0.247158,(PGK2_METJA_6_92:0.426236,(PGK2_METFE_5_90:0.184221,PGK2_METTH_5_90:0.349711)Node7:0.360428)Node5:0.281781)Node3:0.25425,(((Y832_METJA_90_176:0.178946,Q9HH74_METMP_92_178:0.235418)Node12:0.210357,O27582_METTH_98_184:0.186732)Node11:0.542099,((Q9I4I1_PSEAE_32_132:0.387717,(O53767_MYCTU_7_95:0.537254,(Q9ZER4_ALCEU_14_106:0.423286,Q9I2I4_PSEAE_11_100:0.22586)Node21:0.129365)Node19:0.0529286)Node17:0.172637,(RIR1_TREPA_1_98:0.543028,((((Q97JR4_CLOAB_3_92:0.434125,Q97CL0_THEVO_5_99:0.48861)Node29:0.0791259,O58101_PYRHO_11_103:0.440787)Node28:0.0498997,((((O26580_METTH_1_89:0.859729,(((((Y338_STRPY_49_139:0.245222,Y1713_STRPN_49_139:0.18075)Node42:0.0912927,YHFF_LACLA_47_137:0.251973)Node41:0.11225,((((((Y1358_CAUCR_49_139:0.21593,(YC09_RHILO_49_139:0.0958634,Y1209_RHIME_49_139:0.196791)Node53:0.0893975)Node51:0.178843,(((YBAD_SHIFL_49_139:0.120029,Y943_HAEIN_49_139:0.285072)Node58:0.165631,Y4057_PSEAE_49_139:0.161929)Node57:0.0522707,(Y948_XYLFA_49_139:0.275445,Y1816_NEIMB_49_139:0.731151)Node62:0.0410799)Node56:0.0925396)Node50:0.0860222,(Y2737_MYCBO_46_136:0.421606,Y087_DEIRA_49_136:0.302908)Node65:0.120883)Node49:0.165612,(Y780_SYNY3_49_139:0.268778,YRS1_SYNP6_49_139:0.230819)Node68:0.169719)Node48:0.169579,(YTCG_BACSU_49_139:0.299027,Y3146_BACHD_49_139:0.205423)Node71:0.0432777)Node47:0.150092,(Y1686_STAAM_49_139:0.277871,Y1707_THEMA_49_139:0.322817)Node74:0.0948429)Node46:0.0691051)Node40:0.187864,Y1698_CLOAB_49_139:0.255562)Node39:0.175547,Y406_CHLTR_48_138:0.395712)Node38:0.208638)Node36:0.0977746,(((Q9PJ87_CAMJE_1_90:0.0991928,RIR1_HELPJ_2_91:0.286919)Node81:0.0663231,((RIR1_BPT4_4_92:0.329916,((RIR1_SYNY3_31_119:0.692433,(((RIR1_SCHPO_1_91:0.105547,((RIR1_PLAFG_1_91:0.148083,RIR1_CRYPV_1_90:0.2132)Node95:0.323342,RIR1_YEAST_1_91:0.208505)Node94:0.138739)Node92:0.0924426,(RIR1_CAEEL_7_97:0.218328,(RIR1_BRARE_1_91:0.212373,(Q65357_NPVMB_1_91:0.56174,RIR1_DROME_12_102:0.201972)Node103:0.0246806)Node101:0.0601065)Node99:0.100327)Node91:0.0905683,((O41111_CHVP1_14_116:0.254448,Q9QAL9_WSSV_8_105:0.798738)Node107:0.208519,RIR1_TRYBB_6_96:0.567596)Node106:0.0515248)Node90:0.373286)Node88:0.125959,(RIR1_SALTY_5_94:0.255647,RIR1_BUCAI_5_94:0.15637)Node111:0.127791)Node87:0.075544)Node85:0.240667,RIR1_AQUAE_3_91:0.425186)Node84:0.0947978)Node80:0.373057,RIR1_CHLTR_237_327:0.946293)Node79:0.248397)Node35:0.0374288,Q97ZH9_SULSO_16_102:0.614655)Node34:0.17369,Q97LS4_CLOAB_2_94:0.441167)Node33:0.0496043)Node27:0.209602,(((RIR1_CHLTR_9_111:0.171999,RIR1_CHLPN_9_111:0.250511)Node120:0.408902,(RIR1_CHLPN_118_217:0.269319,RIR1_CHLTR_118_219:0.23448)Node123:0.131734)Node119:0.111425,(((Q9KM77_VIBCH_3_92:0.366203,NRDD_SALTY_3_92:0.254912)Node128:0.244365,(NRDD_HAEIN_4_95:0.110021,Q9CM95_PASMU_4_95:0.232796)Node131:0.145119)Node127:0.235595,((Q9ZAX6_LACLC_15_106:0.221762,(Q97SW2_STRPN_14_108:0.302408,Q99XP7_STRPY_15_109:0.27563)Node137:0.107931)Node135:0.165191,Q99ZJ1_STRPY_7_101:0.42483)Node134:0.0444513)Node126:0.122628)Node118:0.0436073)Node26:0.212164)Node24:0.12325)Node16:0.273333)Node10:0.123423)Node2:0.314605,Q9RU78_DEIRA_52_139:0.612266);
