Log Likelihood = -21915.4240091077;
Shared Parameters:
k=4=4
freqA=0.25=0.25
freqC=0.25=0.25
freqG=0.25=0.25
freqT=0.25=0.25

Tree codon_tree=(Q9RU78_DEIRA_223_308:1.0109,((PGK2_PYRAB_3_89:0.350599,(PGK2_METJA_6_92:0.493637,(PGK2_METFE_5_90:0.128139,PGK2_METTH_5_90:0.433938)Node7:0.47888)Node5:0.205577)Node3:0.0364598,(((Y832_METJA_90_176:0.201959,Q9HH74_METMP_92_178:0.221105)Node12:0.127137,O27582_METTH_98_184:0.304259)Node11:0.631024,((Q9I4I1_PSEAE_32_132:0.484653,(O53767_MYCTU_7_95:0.658873,(Q9ZER4_ALCEU_14_106:0.46815,Q9I2I4_PSEAE_11_100:0.286854)Node21:0.168572)Node19:0.0717215)Node17:0.350457,(RIR1_TREPA_1_98:0.732852,((((Q97JR4_CLOAB_3_92:0.460526,Q97CL0_THEVO_5_99:0.548987)Node29:0.0911924,O58101_PYRHO_11_103:0.512196)Node28:0.0451123,((((O26580_METTH_1_89:0.941254,(((((Y338_STRPY_49_139:0.271947,Y1713_STRPN_49_139:0.171316)Node42:0.104925,YHFF_LACLA_47_137:0.274043)Node41:0.138592,((((((Y1358_CAUCR_49_139:0.219652,(YC09_RHILO_49_139:0.101961,Y1209_RHIME_49_139:0.212669)Node53:0.105944)Node51:0.215741,(((YBAD_SHIFL_49_139:0.132909,Y943_HAEIN_49_139:0.29278)Node58:0.152536,Y4057_PSEAE_49_139:0.186889)Node57:0.0448807,(Y948_XYLFA_49_139:0.284533,Y1816_NEIMB_49_139:0.891094)Node62:0.0765766)Node56:0.0918544)Node50:0.099069,(Y2737_MYCBO_46_136:0.511708,Y087_DEIRA_49_136:0.356056)Node65:0.147165)Node49:0.175428,(Y780_SYNY3_49_139:0.283641,YRS1_SYNP6_49_139:0.261557)Node68:0.207012)Node48:0.183729,(YTCG_BACSU_49_139:0.325445,Y3146_BACHD_49_139:0.212257)Node71:0.0535565)Node47:0.145889,(Y1686_STAAM_49_139:0.315372,Y1707_THEMA_49_139:0.334248)Node74:0.110119)Node46:0.0413932)Node40:0.200194,Y1698_CLOAB_49_139:0.297813)Node39:0.13852,Y406_CHLTR_48_138:0.453496)Node38:0.27099)Node36:0.0940259,(((Q9PJ87_CAMJE_1_90:0.101194,RIR1_HELPJ_2_91:0.296875)Node81:0.106167,((RIR1_BPT4_4_92:0.388559,((RIR1_SYNY3_31_119:0.863467,(((RIR1_SCHPO_1_91:0.108042,((RIR1_PLAFG_1_91:0.152469,RIR1_CRYPV_1_90:0.234082)Node95:0.360508,RIR1_YEAST_1_91:0.218165)Node94:0.140606)Node92:0.10321,(RIR1_CAEEL_7_97:0.247671,(RIR1_BRARE_1_91:0.212712,(Q65357_NPVMB_1_91:0.633977,RIR1_DROME_12_102:0.211801)Node103:0.0383301)Node101:0.0574313)Node99:0.0898047)Node91:0.0473355,((O41111_CHVP1_14_116:0.314289,Q9QAL9_WSSV_8_105:1.01418)Node107:0.194105,RIR1_TRYBB_6_96:0.726265)Node106:0.118169)Node90:0.502362)Node88:0.15461,(RIR1_SALTY_5_94:0.268823,RIR1_BUCAI_5_94:0.157578)Node111:0.180162)Node87:0.0349568)Node85:0.288349,RIR1_AQUAE_3_91:0.435225)Node84:0.0653579)Node80:0.412218,RIR1_CHLTR_237_327:1.72435)Node79:0.354664)Node35:0.0477829,Q97ZH9_SULSO_16_102:0.852408)Node34:0.198481,Q97LS4_CLOAB_2_94:0.465194)Node33:0.0285376)Node27:0.248178,(((RIR1_CHLTR_9_111:0.22428,RIR1_CHLPN_9_111:0.223201)Node120:0.506812,(RIR1_CHLPN_118_217:0.278896,RIR1_CHLTR_118_219:0.265535)Node123:0.136556)Node119:0.13679,(((Q9KM77_VIBCH_3_92:0.428841,NRDD_SALTY_3_92:0.259286)Node128:0.278418,(NRDD_HAEIN_4_95:0.118701,Q9CM95_PASMU_4_95:0.241355)Node131:0.142158)Node127:0.268778,((Q9ZAX6_LACLC_15_106:0.226336,(Q97SW2_STRPN_14_108:0.336175,Q99XP7_STRPY_15_109:0.285177)Node137:0.119352)Node135:0.189948,Q99ZJ1_STRPY_7_101:0.516619)Node134:0.0355283)Node126:0.130424)Node118:0.0710109)Node26:0.120347)Node24:0)Node16:0.43812)Node10:0.371956)Node2:0.632594,Q9RU78_DEIRA_52_139:1.04051);
