Log Likelihood = -4680.09653758371;
Shared Parameters:
k=4=4
freqA=0.25=0.25
freqC=0.25=0.25
freqG=0.25=0.25
freqT=0.25=0.25

Tree codon_tree=(((CRACHERODII:0.0900675,(CORRUGATA:0.0374691,(FULGENS:0.131685,(IRIS:0.228361,(((VARIA:0.114815,OVINA:0.0644064)Node12:0.0552563,DIVERSICOLOR:0.124518)Node11:0.0323703,(((MIDAE:0.148369,(ROEI:0.0282134,((CYCLOBATES:0.136546,(CONICOPORA:0.00118485,RUBRA:0.00395722)Node25:0.0333269)Node23:0.0459468,(SCALARIS:0.0499199,LAEVIGATA:0.0359545)Node28:0.0389357)Node22:0.0122211)Node20:0.028118)Node18:0.0359989,(PUSTULATA:0.0829722,(TUBERCULATA:0.00884464,COCCINEA:0.0218124)Node33:0.116059)Node31:0.0824252)Node17:0.0255508,AUSTRALIS:0.0999493)Node16:0.0178707)Node10:0.0557994)Node8:0.186062)Node6:0.0586413)Node4:0.0167937)Node2:0.027714,((GIGANTEA:0,DISCUS_HANNAI:0.00506223)Node38:0.0450833,SIEBOLDII:0.00778285)Node37:0.0270285)Node1:0.0608008,((KAMTSCHATKANA:0.0693284,SORENSENI:0.00612397)Node43:0.00535942,WALALLENSIS:0.0429385)Node42:0.0157472,RUFESCENS:0.0223233);
