Log Likelihood = -11657.0636341072;
Shared Parameters:
aux_1=0.220239
aux_2=0.35652
aux_3=0.348917
k=3.64156
freqA=aux_1=0.220239
freqC=(1-aux_1)*aux_2=0.278001
freqG=(1-aux_1)*(1-aux_2)*aux_3=0.175073
freqT=(1-aux_1)*(1-aux_2)*(1-aux_3)=0.326688

Tree codon_tree=((SKLU_2061_2:0.0345314,(KLLA0F23397G:0.0942647,((YALI0F09185G:0.307767,(DEHA0D12122G:0.0914689,ORF19_11059_PROT:0.103851)Node8:0.0819569)Node6:0.0798866,(((YOR347C:0.121886,SBAY_89_39:0.109193)Node13:0.230857,CAGL0E05610G:0.118429)Node12:0.0946056,((SCAS_525_4:0.0752212,CAGL0M12034G:0.0444695)Node18:0.0145514,(YAL038W:0.00646208,((SBAY_0_28:0.0353756,SMIK_133:0.0147641)Node24:0.00711382,SPAR_366:0.01144)Node23:0.00288985)Node21:0.0269694)Node17:0.0160673)Node11:0.0216069)Node5:0.0181944)Node3:0.0169294)Node1:0.0481878,KWAL_26_6945:0.0491582,ADR368W:0.128773);
